output/example/elevation_000043.asc
nrows	75
cellsize	133.333333333
xllcorner	0
ncols	75
yllcorner	0
NODATA_value	-9999
[rows 17 to 33 of 75, columns 0 to 36 of 75]
6.278147767783714972e-01 1.006278147767776545e+02 1.658894989652322636e+02 1.366001770838874165e+02 2.366001770838859954e+02 2.325333932672999708e+02 2.040366318911663370e+02 1.203500826755319792e+02 1.654125628725093975e+02 1.239910967692381121e+02 2.757276150078696020e+01 1.275728214595189485e+02 1.337297992227662746e+02 1.070020066650657924e+02 1.388707910090877533e+02 4.252464424111235530e+01 1.425247140360804963e+02 9.091835792401218441e+01 1.909184869770179205e+02 2.024985571236131818e+02 1.610770659362146091e+02 7.577022628803116788e+01 1.757703247044920829e+02 2.348695128336113385e+02 2.936675178228525169e+02 2.722838462315221477e+02 2.015716751220142271e+02 2.162164058889927674e+02 1.554394799943354997e+02 2.261502769677258868e+02 3.261507302867867679e+02 3.340073086427732392e+02 2.925857333680033889e+02 2.352201417086961328e+02 1.352199585748464301e+02 1.788539299771323954e+02 2.788542437403099825e+02
9.333890302168857955e-01 3.255616563190056922e+01 6.588949896523367045e+01 1.658894989652322636e+02 2.032440464545882435e+02 1.325331658155425600e+02 1.593151984091277882e+02 6.261504186040136233e+01 1.204151020021764964e+02 2.399103895856411128e+01 1.239910967692405137e+02 8.102501256877799563e+01 1.810251356106517164e+02 2.070021772142028453e+02 1.702597506308505331e+02 7.025965406153717652e+01 1.702597506308505331e+02 1.909184869770179205e+02 1.443706230133315671e+02 2.443708643701475296e+02 2.171918202157383462e+02 1.464809323199816902e+02 9.344789581778076126e+01 1.934480152640944937e+02 1.936671697451408818e+02 2.936675178228525169e+02 3.015721441624183399e+02 2.968612634252359044e+02 2.554397316231520847e+02 2.088917860844061920e+02 2.666269920636459574e+02 3.666275542356647748e+02 3.263436064777638990e+02 2.263431469863344603e+02 1.556323731531809074e+02 2.556326034495548072e+02 2.605038074559667507e+02
9.343791665630089005e-01 1.009343791665622945e+02 1.658894989652322636e+02 2.073108552024527285e+02 1.532439631464515060e+02 6.182245458649206427e+01 1.143358937995105720e+02 1.789368173100693227e+01 2.041504625930339856e+01 1.204151020021764964e+02 1.654125628725097386e+02 1.810251356106517164e+02 1.517357358778717185e+02 2.517360016792960664e+02 2.116812487816852126e+02 1.202596592122726804e+02 1.335052244099089762e+02 2.335054405043302665e+02 2.150814204080231207e+02 2.260204432070217422e+02 2.879027081115127089e+02 2.348695128339617213e+02 1.641586111538662749e+02 1.120174296376147112e+02 2.120175761993073422e+02 2.320176057257813795e+02 3.320179271740398121e+02 3.588761533977571503e+02 3.503137423940596022e+02 3.088922027465424094e+02 3.503137470561292730e+02 4.080490676132121166e+02 3.372826523097124323e+02 2.372821736171748910e+02 1.798859365317872800e+02 2.798862399219692634e+02 3.605043217589398523e+02
4.696025931229614869e-01 7.118028071177818106e+01 1.711802807117795737e+02 1.505869260219472494e+02 1.091654912982681083e+02 1.182245336534553992e+01 1.433584139618287523e+01 1.143358937995105720e+02 1.204151020021764964e+02 8.366060619279548405e+01 1.543713376572578397e+02 2.543716108151017465e+02 2.517360016792960664e+02 2.931575463927994178e+02 2.616813763959863763e+02 1.909704153358984229e+02 2.042160053283134573e+02 2.749269810515671679e+02 3.150818372178749769e+02 3.260208751112277241e+02 3.674424413855235230e+02 3.055804145140663195e+02 2.534390735056482811e+02 1.827281582252055046e+02 1.320174296672288392e+02 2.320176126937991796e+02 2.704873498408018122e+02 2.588755929421487849e+02 3.295864463144739602e+02 3.736356046709165639e+02 4.150569442586290734e+02 4.727921536224741885e+02 3.787043025965215861e+02 3.057062268730473420e+02 2.057058310202555447e+02 3.057062336395268289e+02 3.741694365563532187e+02
4.671211237371231118e-01 1.004671211237364190e+02 1.046379689061123202e+02 1.065108200883297656e+02 9.165452409954291113e+00 1.091654912982681083e+02 1.583208806416862302e+01 1.158321801069751729e+02 1.612683244369816862e+02 1.836607395446831106e+02 2.250822458267147681e+02 2.406967862737462838e+02 2.699866718339540625e+02 2.784937726367358550e+02 3.199160184041100479e+02 2.909707732553652590e+02 3.042163921405181668e+02 3.127550213769944776e+02 2.713318077064791964e+02 2.843079917511270196e+02 3.257312341337434987e+02 3.621496535448648615e+02 3.241499887863571985e+02 2.734391068337609454e+02 2.027281781179259781e+02 1.535839845702706157e+02 1.704870702604927999e+02 1.881647415208534255e+02 2.881650789771410928e+02 2.736349730444828765e+02 3.313703506855457590e+02 4.313710153940178316e+02 3.873564407851239935e+02 2.873557756765781619e+02 2.390392006027859964e+02 3.390397501866183347e+02 4.155910990446190567e+02
3.248811761027110556e-01 1.003248811761019965e+02 4.637949960926628812e+00 6.510793043944837599e+00 1.065108200883297656e+02 1.505869260219479600e+02 1.158321801069751729e+02 1.984656629368708280e+01 1.198467011519629182e+02 1.652910449908460464e+02 2.114073668831389909e+02 1.406957602088408805e+02 1.699853826176389759e+02 1.784923461065938000e+02 2.784937724986697276e+02 3.116509874521545953e+02 2.702276819385361932e+02 2.550182497138223709e+02 1.713293914066452714e+02 1.843052652940112353e+02 2.843079917511270196e+02 2.621450616804485207e+02 3.328590532663237695e+02 3.441500355500947990e+02 2.913807994786986342e+02 1.913804432366322601e+02 2.704873498408018122e+02 2.881650789771410928e+02 2.158997647160812505e+02 3.159002130495735514e+02 3.512557615983121195e+02 4.512563476092593078e+02 4.287798965976227237e+02 3.804617501436230214e+02 2.837607227323201755e+02 3.804617793101634788e+02 4.130135658077095400e+02
1.190754202154438168e-01 1.990278391628212740e+00 1.019902861087987702e+02 1.065108200883297656e+02 5.365124551950655274e+01 1.536512959322084555e+02 1.612683244369792703e+02 1.198467011519629182e+02 2.386915622723268982e+01 1.238693359436517909e+02 1.307619875618073024e+02 6.998495421026480301e+01 1.077814086969946601e+02 1.784923461066057087e+02 2.784937727571705750e+02 2.539141456111950390e+02 1.702252256059067577e+02 2.135953857361570272e+02 1.135941740950872401e+02 2.069725026291545191e+02 2.336990293386752739e+02 1.914328321002388407e+02 2.621450616804485207e+02 3.621496535448648615e+02 3.328022875713656958e+02 2.491155954650008937e+02 3.328022875714730162e+02 3.573216552052967927e+02 3.159002130494320681e+02 2.512551686054697768e+02 3.512557615983558890e+02 4.313330247998916320e+02 4.727535379948950549e+02 4.251835781773332883e+02 3.544718976298945563e+02 4.251840078558446407e+02 4.544354737963304842e+02
3.133428407152799577e-01 1.003133428407145686e+02 1.434116581925019602e+02 1.950727241246181336e+02 1.243619395796419980e+02 1.243619395796420122e+02 2.243620572717532866e+02 1.652910449908455348e+02 1.238693359436511798e+02 2.789990723618643287e+01 3.076172627134711490e+01 1.307619875618073024e+02 1.762596910641726993e+02 2.125347476460366352e+02 2.154422838353390830e+02 2.124912367270050595e+02 1.124899163566160496e+02 1.547554472912992196e+02 8.197139563584300959e+01 1.069713960322347788e+02 1.336975232531857500e+02 1.836976863011225305e+02 2.544097423234900077e+02 3.544142087000009838e+02 3.905375647770474075e+02 3.491161418575417201e+02 3.280224289493048673e+02 3.694470847591832694e+02 3.926771136889461786e+02 3.512557615983558890e+02 2.959767334523817794e+02 3.313323129222815169e+02 3.890678121261999536e+02 4.890683790286656745e+02 4.544726432666944902e+02 4.821793117539706941e+02 4.935688621872731687e+02
9.928176626908779001e-01 4.571417721268650780e+01 1.164248553313407513e+02 2.164248553313393302e+02 2.243620572717532866e+02 2.243620572717532866e+02 2.657835086695437212e+02 1.986112389398950882e+02 9.861063525184719936e+01 7.262126923455531369e+01 1.307619875618073024e+02 3.483742200104319409e+01 1.348377351959939574e+02 1.125336720026811577e+02 1.154411011402872873e+02 1.476505973842195658e+02 1.505741697098617351e+02 5.475484288661467502e+01 1.547554472912992196e+02 2.004266916313995068e+02 2.336990293386752739e+02 2.751220402486974308e+02 3.251236797508205996e+02 3.000487383378667801e+02 3.194438776773818631e+02 2.780195434885593500e+02 2.280166580280482549e+02 3.117083547192613651e+02 3.694470845777219097e+02 3.750107358707711569e+02 3.959774342671043996e+02 4.313330245401953675e+02 4.727539558668543123e+02 5.304888626910095581e+02 4.528846665169734251e+02 3.821653984415579544e+02 3.935551487717718828e+02
8.098593596749129597e-01 1.008098593596742063e+02 1.457141772126850867e+02 2.457141772126836656e+02 2.517504770733137036e+02 2.626894569159091475e+02 3.041107952129782461e+02 2.400332272209485609e+02 1.986112389398936671e+02 1.226213012733470578e+02 1.762596910641724719e+02 1.348377351959902057e+02 3.892160700411081109e+01 4.182290127003908253e+01 4.473032029318695635e+01 4.765010610555584947e+01 5.057363283657925734e+01 1.505741697098617351e+02 5.900343577323551614e+01 1.590041133003815901e+02 2.046831742280452318e+02 2.753957713163575818e+02 2.707586736148064688e+02 2.000443118933825133e+02 2.617061187808172917e+02 1.780158294894740720e+02 1.702806743951479405e+02 2.280166580280482549e+02 3.280224289491522427e+02 2.750020996055177420e+02 3.457191945564468938e+02 3.637225224452093357e+02 4.051483418456492700e+02 4.556160333185826516e+02 4.028785824198880618e+02 3.114457820734773463e+02 3.228350824535683614e+02
5.647759371839101705e-01 7.127545405583815352e+01 1.712754540558367466e+02 2.224611476887529307e+02 1.517504773087997592e+02 1.626894572809275417e+02 2.473459834315769115e+02 2.887673193813451462e+02 2.640441130326044004e+02 1.933323107670813670e+02 1.966574675728753334e+02 9.665666036327816357e+01 8.892161707323168685e+01 1.125336720026807029e+02 8.252676886031058245e+01 1.476505983917046194e+02 7.142507424308047348e+01 1.714257526170509323e+02 1.590041133003815901e+02 6.325971842702922743e+01 1.339705771397328817e+02 2.089512777258438803e+02 2.207570913988022028e+02 1.293328421955785927e+02 1.824852262447210478e+02 1.202805235842058948e+02 2.202823722912253004e+02 2.640698313724852824e+02 2.672677109470609480e+02 2.042885182547020690e+02 2.957158576631365463e+02 2.637138059854306675e+02 3.474079031834407942e+02 3.556030647345043576e+02 3.614522925708713501e+02 2.614425073696027084e+02 2.728312170753929990e+02
7.582905442777093663e-01 1.007582905442770027e+02 1.206702822215863904e+02 1.310397991557203738e+02 8.103979919026740220e+01 1.810397991211727344e+02 1.473459836782223817e+02 2.180566617960660665e+02 3.180566609567347314e+02 2.933337308916881625e+02 2.380797810923235147e+02 1.543918521712528786e+02 1.466567661876413524e+02 2.125347476279143279e+02 1.233516152750017909e+02 1.932477310636689367e+02 9.324686328684570924e+01 1.932477310636691072e+02 2.046831742280436970e+02 1.632604726337292504e+02 6.752761442479240372e+01 1.675284492034294033e+02 1.748904399765617939e+02 7.933280381989118268e+01 8.248407127820743767e+01 1.824852262447210478e+02 1.901653882962138482e+02 1.640662200182080142e+02 1.672638931395592294e+02 1.542879887308987747e+02 2.482441425163510758e+02 2.059767586685498770e+02 3.059824628629632457e+02 2.848853386815948738e+02 3.236521475367348444e+02 2.236452309953617146e+02 2.350335741659598341e+02
3.106133300308140388e-01 1.046407498136698422e+01 2.067028224296353400e+01 3.103979919026776102e+01 1.310397991557203738e+02 9.389373529573825294e+01 1.938937351809298661e+02 2.473459834315769115e+02 3.473459798296232748e+02 3.785446881216165025e+02 2.958159367215942552e+02 2.543933720128711684e+02 2.173681346123510707e+02 2.647754457510484940e+02 1.733517764613395400e+02 2.168182247247700332e+02 1.168170896208644649e+02 2.168182247247713974e+02 2.252645232471686256e+02 1.252627095735614802e+02 1.675284492034289769e+02 7.181507905335510600e+01 7.488945636286182150e+01 1.748904399765617939e+02 1.824852262447210478e+02 8.698100878234029665e+01 9.016404385273642674e+01 9.335517208409942214e+01 9.655281948105479728e+01 1.965543332308326967e+02 1.482411220496324802e+02 2.482441425499365266e+02 2.857339913282639827e+02 2.271476190087034013e+02 2.601639275466789059e+02 1.903117092025626107e+02 2.903165092166476029e+02
9.522306102595711197e-01 1.009522306102588658e+02 1.206702822215863904e+02 1.310397991557203738e+02 4.675328321663541686e+01 1.467532831559481963e+02 1.639031416317549770e+02 2.639031399937071569e+02 2.807275683469175647e+02 2.785447055989543514e+02 2.785447055989543514e+02 3.199656569045933452e+02 3.173705821815008221e+02 2.733538293954859455e+02 2.733538292051345593e+02 2.426385021702086817e+02 1.426369814635011153e+02 2.426385079332795272e+02 2.666878480972621901e+02 1.829981399969405231e+02 1.903857442214015236e+02 9.038461287144167500e+01 1.748904399765617939e+02 9.697576158544767111e+01 1.969770267248356674e+02 1.869822731588978968e+02 1.478991932620414218e+02 1.933565996407317868e+02 1.965543332308326967e+02 1.011006237059350354e+02 2.011022665241310108e+02 2.471052652145091599e+02 1.857290072171882969e+02 1.771469693886859602e+02 1.601605463036173944e+02 2.601639276951613624e+02 3.317421915559083345e+02
5.499842727366835993e-01 1.005499842727359692e+02 1.915295956981904055e+02 1.881746309406775026e+02 1.467532831559481963e+02 6.390314173088622596e+01 1.639031416317550054e+02 1.957311766382383098e+02 1.807275692432149583e+02 2.250924580107934787e+02 1.785447067362806024e+02 2.492553848523703550e+02 3.492553811190742294e+02 3.733573729228026536e+02 3.242909380784894893e+02 2.242875501641757410e+02 1.759703504489606303e+02 2.759725852863781483e+02 3.244252075350432278e+02 2.830014764917419825e+02 2.096310248581797566e+02 1.096296218538442986e+02 2.096310248584597673e+02 1.969770267248356674e+02 1.199173351242443459e+02 2.199189797939235120e+02 2.479020844342010150e+02 2.893263805555669705e+02 2.425262615572905815e+02 2.011022665241310108e+02 1.056793091708913153e+02 2.056810889512711640e+02 1.150177687010080803e+02 1.324255342985818800e+02 2.324279800525108044e+02 3.015891198983316599e+02 2.896179459567188132e+02
1.082394608984237339e-01 5.010823946089823977e+01 1.208189175795524761e+02 2.208189175795510550e+02 2.053244845239441077e+02 1.639031416317550054e+02 8.186367193356358030e+01 9.573117683919420529e+01 1.100168911249083834e+02 1.250924583537964594e+02 2.250924580107934787e+02 2.497107560392753953e+02 3.497107479498330918e+02 3.998825716507274706e+02 3.657157490612162860e+02 3.173957167428123398e+02 2.206920286072658541e+02 3.173956046034872429e+02 3.306165218047898406e+02 2.306114114589705935e+02 1.728754353330458287e+02 1.325711955417723971e+02 2.325730195385783077e+02 1.699174468281180168e+02 2.199189797939235120e+02 1.471338908992401286e+02 2.178454132349462498e+02 3.178502501832147686e+02 2.763949118257166333e+02 1.763904644694269166e+02 2.056810889512711640e+02 1.102773140696083232e+02 2.102792385131566277e+02 1.198571078859663430e+02 2.198592308323873397e+02 2.282901553767057976e+02 1.896129460341417996e+02
1.058428616300536307e-01 1.001058428616293412e+02 1.652898141540864572e+02 2.067111703914391398e+02 2.567111703915161343e+02 2.151970050408333464e+02 1.151970052668966815e+02 1.957311766382383098e+02 1.807275692432149583e+02 2.250924580107934787e+02 1.497107565496626478e+02 2.497107560392928747e+02 3.024457651991583020e+02 2.998825686860990345e+02 3.705933222827138138e+02 3.621188453160741574e+02 2.914047352456112208e+02 3.621188490544482192e+02 3.720411059245603838e+02 3.143026747490446837e+02 2.568271695653887718e+02 1.568247610493061472e+02 2.568271695652848052e+02 2.077141675932922169e+02 2.885603112870816744e+02 2.471361518245297759e+02 1.772850529713762455e+02 2.772882581322574538e+02 3.178200659576826297e+02 2.763949118257158375e+02 2.238912344700862320e+02 1.238855904184213443e+02 2.238912344700862889e+02 2.198592308323873397e+02 1.247049695416035320e+02 1.282878413611036308e+02 1.318776321541923267e+02
