output/example/elevation_000324.asc
nrows	75
cellsize	13.33333333
xllcorner	0
ncols	75
yllcorner	0
NODATA_value	-9999
[rows 17 to 33 of 75, columns 37 to 73 of 75]
2.938974507566620886e+01 3.787874237659448085e+01 4.040528343733615912e+01 3.861776674199524706e+01 4.239211092828163174e+01 4.676455871894653171e+01 4.441777176711048014e+01 3.486924521912964536e+01 2.463559402319727099e+01 3.050560168731719202e+01 2.262820434857435359e+01 2.532247693416038459e+01 2.532247693416038459e+01 2.868531839072320722e+01 3.391746781122019172e+01 4.515109830475766017e+01 5.317047811546259339e+01 4.297888309879411395e+01 3.673813748462032436e+01 4.329950531661077662e+01 4.141011435042844369e+01 4.598699889481861192e+01 4.598665279302051090e+01 5.594388048020147863e+01 5.074549960121229475e+01 4.048419863267774588e+01 3.453045169365235267e+01 3.882006343254609959e+01 3.281080563467864408e+01 2.335147994428264084e+01 3.303206809334021443e+01 3.719596525699841294e+01 4.132991630154306506e+01 4.534630908546279926e+01 4.737400042106407483e+01 4.845827622432439341e+01 5.253002784051330565e+01
2.965294476165263760e+01 3.388013424423017739e+01 3.201610351742567673e+01 3.032870811276528045e+01 3.439740878629334730e+01 4.283812469769716103e+01 4.006346231357132126e+01 2.967502812468796591e+01 3.486924521912964536e+01 3.690135820615048345e+01 3.267194862635858499e+01 2.566014767706558786e+01 3.540916484472390380e+01 3.948359406495504942e+01 4.411022306561218898e+01 4.968482602159217976e+01 5.718738936308484000e+01 5.138679097064306234e+01 4.329950531661077662e+01 3.227122883307871604e+01 4.024080565125994013e+01 3.523683280275484009e+01 4.164498424756757800e+01 5.191704753224728819e+01 5.482455067275491700e+01 4.897013135811403117e+01 4.482113475714491813e+01 3.941422869731218981e+01 2.956872267723700887e+01 2.276120367690119295e+01 2.675707143828099888e+01 3.679902901364678058e+01 3.041710501173425740e+01 3.852881947189150935e+01 3.722838651971854063e+01 3.834395561955785325e+01 4.792700072192006644e+01
1.968075216698397156e+01 2.891569732221796940e+01 2.589608892617272318e+01 3.447323742738628027e+01 4.239211092828163174e+01 4.676455871894653171e+01 4.441777176711048014e+01 3.560126729223110686e+01 4.441777176711048014e+01 4.152158449604343815e+01 3.140169608755262232e+01 3.140169608755262232e+01 2.972082730453160693e+01 3.345511657606996181e+01 4.059970923579412272e+01 5.097346587070349244e+01 5.641014473371748750e+01 4.638092735350818430e+01 3.889335607451621257e+01 4.024081062199608994e+01 2.870586734888452440e+01 3.755855841474645018e+01 4.189458540835594391e+01 4.421312778820828271e+01 4.830026384069157075e+01 5.051188617229424693e+01 4.416946465967654945e+01 3.825310671373246407e+01 3.187402923094671081e+01 2.218149091941117845e+01 2.470625156334054040e+01 3.405568134603520036e+01 2.481596965519019093e+01 3.439270647208696374e+01 3.009845702108608023e+01 3.357777859633394968e+01 3.876065249552086556e+01
2.075322555523003487e+01 2.187717622147422247e+01 3.097163121470766356e+01 3.657366964414616461e+01 3.617063204631350715e+01 3.931838407163678539e+01 4.354433719717519580e+01 4.615893406936251608e+01 5.050026011777016066e+01 4.579531779796120361e+01 3.717404237289486701e+01 3.850244381181823172e+01 3.678076382140157818e+01 3.978930163018556243e+01 4.059970923579412272e+01 5.097346587070349244e+01 5.924130073822069420e+01 4.931841711417750673e+01 4.931841711417750673e+01 4.449069586876936455e+01 3.755897748350608367e+01 2.603524673388670507e+01 3.592211445876992570e+01 3.405087154253208581e+01 4.053095394103604576e+01 4.051571240721930423e+01 4.009291148187547549e+01 2.985967734899305981e+01 2.500577314184588573e+01 2.161653588040772789e+01 3.052782299243226660e+01 3.199346743895004508e+01 2.481596965519019093e+01 2.663516380546180784e+01 3.638195574745824956e+01 4.382176369797496562e+01 4.792700072192006644e+01
2.258220056439827417e+01 2.958491160609903758e+01 2.449418186127001462e+01 3.304285519459067189e+01 2.716062748569339291e+01 3.027483422381357059e+01 3.452217191081464165e+01 4.117430303649567946e+01 5.148530305785530459e+01 5.174311836157484379e+01 4.746043748071086554e+01 4.881043488114400475e+01 4.705255441106400127e+01 5.009377992760860820e+01 5.097346587070349244e+01 5.525068038406642756e+01 5.878693123984345448e+01 5.303576161132275502e+01 4.896431479718254565e+01 4.531436032569664718e+01 3.829254636135952694e+01 2.823565554709849934e+01 2.603524673388670507e+01 3.417442542446258358e+01 3.045809053383947784e+01 4.044823467361959501e+01 4.422812344508690785e+01 3.901915297068239852e+01 3.473906527724288651e+01 3.012708594205307122e+01 2.084941983123802345e+01 2.246802324466608169e+01 3.199347345699211687e+01 3.638195574745823535e+01 3.166672947801373894e+01 3.616998629078440786e+01 4.342803773260938982e+01
2.444243688566323058e+01 3.205290974383004965e+01 3.304284895226211205e+01 2.716062748569339291e+01 2.716062748569339291e+01 3.694980636088084935e+01 4.354433719717519580e+01 4.847872334804918637e+01 5.362941884562473405e+01 5.309697872316840517e+01 5.725283777672718344e+01 5.605417531966215705e+01 5.192683610211557976e+01 5.192683610211557976e+01 5.303333172492671821e+01 5.714923294846301616e+01 5.479015984417314655e+01 4.469950022576189497e+01 3.864068456594321077e+01 3.496307297319138030e+01 3.177544414559658748e+01 3.829254636135574685e+01 3.417442542445243703e+01 2.438412601804328972e+01 3.251663656830859850e+01 3.660985496830777208e+01 3.850670844592339392e+01 4.242508900529361426e+01 3.736601317577957815e+01 2.996822085298679994e+01 2.035694646974650013e+01 2.232102730297501836e+01 3.244606522043679320e+01 3.595877439100219419e+01 4.009518211306312452e+01 4.590333746937628234e+01 4.633836782766319118e+01
3.403849850265876142e+01 3.687650300989636065e+01 3.530043030530483605e+01 3.530043030533213511e+01 3.043378059337358366e+01 3.410288037656604132e+01 4.297473804786331897e+01 5.053150588189187431e+01 4.328249436760850699e+01 4.273690807169361250e+01 5.132673432689036019e+01 5.192683610211557976e+01 4.161477565508502607e+01 4.161477565508502607e+01 4.274765057318236217e+01 4.950374395465704680e+01 5.367211780076408445e+01 5.303576161132275502e+01 4.896431479718254565e+01 4.016605270244720316e+01 4.204099585081555546e+01 4.273107030817241281e+01 3.833876864422794029e+01 3.255366322870271745e+01 2.282250584504168600e+01 3.097820673015858972e+01 2.825141264850507739e+01 3.852344812322775169e+01 3.410095254863627900e+01 2.497160147766072313e+01 1.988938129663060295e+01 2.564991175424294312e+01 2.493489231367187386e+01 2.675970268698556609e+01 3.597835565395578783e+01 4.352868865732914827e+01 4.761325188257107754e+01
3.119927714581922373e+01 3.975186839440975461e+01 4.361076013775246452e+01 4.227249925874055947e+01 3.433242882706823451e+01 4.227249925874055947e+01 4.702166917060754514e+01 4.537698577140314882e+01 3.595232155448821487e+01 3.675288647552648058e+01 4.711558914380123753e+01 5.181975006029417585e+01 4.153761785042052423e+01 3.432584488368642894e+01 4.463510823201469435e+01 3.915130746209976564e+01 4.774402180379342298e+01 5.498815097440368049e+01 5.444376884632189473e+01 5.038353615778213168e+01 4.729150252327048065e+01 3.856696429471715248e+01 2.860094717352108518e+01 2.612275358287334370e+01 3.113163275594433799e+01 2.144481669966970117e+01 2.977902131897398874e+01 3.390735309415170917e+01 3.236362379095798048e+01 2.820683194964246709e+01 1.942721781296630112e+01 2.891530630070891306e+01 3.368807016567515689e+01 3.301938118197759309e+01 3.029146836335580772e+01 3.338677724337004094e+01 3.847982162916321869e+01
3.589850199714683754e+01 3.704703319109992776e+01 4.628191822622452634e+01 4.661506797488474518e+01 4.266669223207637884e+01 4.661506797488474518e+01 4.836909951391042739e+01 4.113267996875205768e+01 3.090781306865453359e+01 4.111768210567520754e+01 4.798425505914854483e+01 4.885903309664156779e+01 3.851283660933818709e+01 3.130325865396707030e+01 3.803090661765301661e+01 3.324495809174302963e+01 4.049989262435018844e+01 4.561516952786151080e+01 4.984187675049904698e+01 5.034171809005394493e+01 4.019414945484631119e+01 3.307254293786463251e+01 3.557901031649066681e+01 3.596369904959873054e+01 3.113163276602196916e+01 2.687268757963056487e+01 2.016320348752180536e+01 2.847381286362145048e+01 2.756811921555958378e+01 1.876873171136753271e+01 2.811027194070426916e+01 2.712657205420376627e+01 3.676707800694365602e+01 4.280975810511704083e+01 4.014805151934276495e+01 4.352868865732914117e+01 4.761325188257107754e+01
4.501566478313657882e+01 4.628191822622452634e+01 5.040577841592420327e+01 5.507864643341761735e+01 4.914104651959375047e+01 4.491368993590145209e+01 4.414950299183244908e+01 3.390088601113965439e+01 2.826449836098988300e+01 3.386451389783868393e+01 4.381924097632965953e+01 4.896433750425536147e+01 4.577246388884451278e+01 3.803090661764996128e+01 2.788867368875907005e+01 3.527157685853602942e+01 3.830885028638320478e+01 3.528260592693028741e+01 4.561516952786151080e+01 5.044048623940905429e+01 4.067538203272349051e+01 4.019414945484631119e+01 4.578052331246337303e+01 4.527939634324849294e+01 4.094758190858730273e+01 3.391000130353167918e+01 2.558443140244100533e+01 1.894676041000093392e+01 1.807915458188339031e+01 2.660816506757390698e+01 2.853791863331182554e+01 3.424821630973897157e+01 4.070646459600997247e+01 3.989173951386681694e+01 4.404190594122184876e+01 4.720439587074248067e+01 4.811220593738433848e+01
4.695048111338491026e+01 4.695048111338491026e+01 5.106279229600960434e+01 5.089569766387415939e+01 4.053455634775577465e+01 3.460281813189408950e+01 3.896070532427806654e+01 3.578398950483333607e+01 2.570572337669159069e+01 3.578386132228924765e+01 3.489252708286583982e+01 4.202356406674562805e+01 4.322552122876084724e+01 3.302174198008140849e+01 3.301902012637111028e+01 2.516762863695823071e+01 2.807802751647131956e+01 3.346834735354349988e+01 4.268830933063671296e+01 5.405821645743248638e+01 5.044048623940905429e+01 5.034171809006606679e+01 5.227947779081657842e+01 4.669164972841233663e+01 4.270214833766203100e+01 3.959743647397711896e+01 3.259192557401570411e+01 2.847356485265881787e+01 2.690143436362562213e+01 1.742071643752645116e+01 2.220387931254736813e+01 3.189157856199510732e+01 3.221440896471582960e+01 2.989842472964088316e+01 3.709632591297470583e+01 3.709632591297470583e+01 3.792981490575043324e+01
3.684931988985825768e+01 3.684931988985825768e+01 4.695048111338491026e+01 5.143136858992149740e+01 4.107964687456090047e+01 3.380981468052218020e+01 2.880776459418867930e+01 2.616039343461202193e+01 2.367878581226094425e+01 3.150564187505957037e+01 2.778005312868881305e+01 3.787428738219795576e+01 4.022466126873829495e+01 3.003889065066512032e+01 2.295727708298346315e+01 3.302223387088193363e+01 3.830885028639772827e+01 4.256224133870218651e+01 4.843348887112953349e+01 5.071396071038694942e+01 4.670251009251810359e+01 4.670251009254803165e+01 4.831651013769921832e+01 3.859215024794821147e+01 3.310887806887069473e+01 3.716348502211825178e+01 4.114629013248471523e+01 3.309815341142765988e+01 2.363544315224696746e+01 1.691269087933763515e+01 2.632846659519566046e+01 2.957348260295122344e+01 2.244567876498796366e+01 2.439476011116142828e+01 2.723192296575983917e+01 3.081639848237775325e+01 3.792981490575043324e+01
2.974605103600636724e+01 3.980788151437061373e+01 4.205024411011713426e+01 4.618451019422865045e+01 4.834469631915145982e+01 4.320583963394215488e+01 3.896070532427806654e+01 3.624592315521804409e+01 2.853370754171000456e+01 2.151139849451995190e+01 2.952648664832346626e+01 3.372846026135292163e+01 3.394180648644485387e+01 2.973597616508613228e+01 2.154086229438762246e+01 3.155973667134962923e+01 3.925792013367845357e+01 4.349903722418405039e+01 4.863408778515805864e+01 4.670251009251810359e+01 3.659736622871695744e+01 3.659736622871695744e+01 4.365566346953618648e+01 4.001867086585762223e+01 3.716348502422273725e+01 2.785451714308483062e+01 3.300038505703653868e+01 3.403470418928726815e+01 2.368162709806976807e+01 1.637627948579861581e+01 2.606597873820844669e+01 1.976816845038980475e+01 2.418787752456484341e+01 3.399282491628638070e+01 2.842257077150783218e+01 3.205570969043262863e+01 3.921212438540873535e+01
2.710360641431738316e+01 3.493590217005615983e+01 3.198905274356423689e+01 4.205024411011713426e+01 4.445719728015408378e+01 4.037982069966273713e+01 4.445719676017211697e+01 4.286267631356091812e+01 3.570068690656452759e+01 2.952648664832271663e+01 1.961640277423060752e+01 2.770175472935119743e+01 2.799824858623266977e+01 1.980088654118845426e+01 2.973597620498670580e+01 2.576681694404193124e+01 2.908595405527725930e+01 3.411010406873899115e+01 4.440573778770910707e+01 4.670251020691354427e+01 3.659736622873271727e+01 2.917100033469593257e+01 3.491229189474213968e+01 2.995262199811306303e+01 3.092275670180667291e+01 3.300039269676835829e+01 2.395977790429788712e+01 2.942126573299603010e+01 2.504551212978313401e+01 1.637627948579861581e+01 1.770098301756280534e+01 2.732974339838989408e+01 3.372113298788872982e+01 3.215925047706908657e+01 3.835900728793914283e+01 3.835900727145693168e+01 3.921212438540873535e+01
3.023451922337911668e+01 2.496275967422375430e+01 3.198905274349055716e+01 4.205024383599628379e+01 3.972903134235560429e+01 3.108391569745118943e+01 3.972903134449025941e+01 4.390228559892229754e+01 3.367550555980735538e+01 2.656718855704130533e+01 2.770189603497727049e+01 1.786465114573712043e+01 1.814263421018561218e+01 2.799825134795180759e+01 3.380440366914307049e+01 3.586123360435805552e+01 3.925792013367845357e+01 4.349903722420067709e+01 4.863400121754216343e+01 4.747466468054050637e+01 4.343090684001834489e+01 3.491229189474213968e+01 2.431522010904663134e+01 2.385787491626242485e+01 2.218983564510497075e+01 2.812602996667361310e+01 2.945520223007588712e+01 2.055878930602429833e+01 2.553561198914147212e+01 1.582106402973963810e+01 2.567695577238155025e+01 2.441157422767505381e+01 3.439532644502178016e+01 4.215129546540693184e+01 4.626190926716368779e+01 4.846658264642084646e+01 4.937598357105616742e+01
2.036158011239447418e+01 3.023451922337911668e+01 3.908678146889322136e+01 4.166471168904374167e+01 3.227466759670493701e+01 2.658497433191332604e+01 3.383124885725961661e+01 3.779369739873539658e+01 4.089334306065772751e+01 3.463390300872067940e+01 2.641990529892686013e+01 1.659547760936867533e+01 2.643995161609553435e+01 2.192544642729234994e+01 2.488252315006964110e+01 3.495487250480514518e+01 4.430116624053054153e+01 4.944345871432824424e+01 4.919561112741624243e+01 3.921084105961011801e+01 3.317299180168998163e+01 2.942690921817950311e+01 3.270178755022284633e+01 2.127779213988445406e+01 1.996362886629058764e+01 1.830123943556681709e+01 2.612014864325777097e+01 1.820869020735262467e+01 2.208228811017249171e+01 1.528088764008386669e+01 2.605621427483066910e+01 3.439532644501753111e+01 3.867936627901903535e+01 4.134308544816676090e+01 3.714207172397567547e+01 4.134309374970602846e+01 4.893215911174563360e+01
2.606184900008297589e+01 3.018428383070612497e+01 3.642291690064621434e+01 3.886324321552499583e+01 2.956049779895288410e+01 2.307396403164274545e+01 2.462816965047441897e+01 3.241889318143560672e+01 3.565816026437866526e+01 3.009896145342561269e+01 1.819439367560342902e+01 1.571395184933811073e+01 2.563808256504899319e+01 3.191489506402460563e+01 3.495439587467380704e+01 2.985947239150888777e+01 3.490118579101032736e+01 4.519946837365674241e+01 5.317563015438683749e+01 4.747466468054384592e+01 4.343090687377169701e+01 3.720433213563755004e+01 2.617539534507340093e+01 3.270178755022284633e+01 2.604269505279382457e+01 2.612062602311020854e+01 1.612062997940339670e+01 2.147889197736697042e+01 1.452811557371562579e+01 2.413038537113974868e+01 3.009516453853818163e+01 3.589759856021422024e+01 3.768537809519124693e+01 3.350937544819495173e+01 2.719352330827067021e+01 3.714207171026742316e+01 3.869161701630930850e+01
