output/example/elevation_000193.asc
nrows	75
cellsize	13.33333333
xllcorner	0
ncols	75
yllcorner	0
NODATA_value	-9999
[rows 0 to 16 of 75, columns 37 to 73 of 75]
4.677534287308735372e+01 5.077566366552631649e+01 5.000637543146286390e+01 4.589346016080504143e+01 4.610270823144067975e+01 4.716500912169396997e+01 5.124154595807864609e+01 4.970295349222980974e+01 4.570044201638661718e+01 4.692780187058884422e+01 4.692780187058884422e+01 5.094581719021905997e+01 5.232356698857586252e+01 5.647538355132167709e+01 5.327729155388436766e+01 4.934538438698906049e+01 5.172091003753358507e+01 4.765926096226319686e+01 5.199318115016799169e+01 5.665540812330560527e+01 6.273069401728382388e+01 6.675691395082587576e+01 6.260823737315261184e+01 6.128962740387365926e+01 6.544770614941157305e+01 6.332698611763298402e+01 6.224883870947036968e+01 6.224883870947036968e+01 6.640145062049158753e+01 6.673354873719914337e+01 6.248292165070945003e+01 6.364973013111322331e+01 5.938746350331629742e+01 6.364973013111322331e+01 6.114542171108586643e+01 5.811134886927906962e+01 5.811135065592896609e+01
3.737916824791415848e+01 4.677534287308735372e+01 4.541166545214681349e+01 3.666119124537074470e+01 3.695427561767419178e+01 3.794118650614966981e+01 4.590082929124316991e+01 4.192616528407658905e+01 3.691078274622200439e+01 3.801532623914985720e+01 3.801532623914985720e+01 4.692780187058884422e+01 4.239516708993056682e+01 4.733408675568485080e+01 4.789403250648430799e+01 3.979479117080212802e+01 4.285026860058853515e+01 3.751290767203018106e+01 4.191215191951813068e+01 4.784934353550885788e+01 5.840045947331073251e+01 6.260823737315264736e+01 5.222504111326682619e+01 5.085676049808393628e+01 5.949097752962737928e+01 5.296999246794522520e+01 5.185125988427166277e+01 5.185125988427166277e+01 6.224883870947036968e+01 6.248292165070945003e+01 5.201172875640930471e+01 5.507867014803744610e+01 4.883310944891464089e+01 5.841126365178749325e+01 5.063175737005639832e+01 4.753360913006787314e+01 4.753360913946021071e+01
3.737916824791415848e+01 4.677534287308736793e+01 4.284428719167451050e+01 3.202073729445819339e+01 3.095740123644853270e+01 3.960860636246771094e+01 3.850528158419148639e+01 3.308821601542440760e+01 3.232566471101594630e+01 3.232566471101594630e+01 4.062572991443847314e+01 4.659140263345230437e+01 3.688318381751717823e+01 3.760047791473366630e+01 4.325812782921531863e+01 3.439332790552930419e+01 3.305823864884373364e+01 3.588541338160690231e+01 4.107172290379340041e+01 4.871384468810710899e+01 5.942146048375241918e+01 6.260823737315268289e+01 5.222504111326682619e+01 4.463932918120837456e+01 5.092780341438012925e+01 4.540456299560793951e+01 4.426363781366216443e+01 5.185125988427166277e+01 6.224883870947036968e+01 6.248292165070945003e+01 5.201172875640930471e+01 4.443056699994831860e+01 4.344111816344966570e+01 5.350090344711600210e+01 5.063175681671464190e+01 3.995661309172643882e+01 5.063171972533138643e+01
4.350801808430997397e+01 4.482856117817524932e+01 4.482265375553016185e+01 3.673149821487466937e+01 2.751467846995273803e+01 3.652825796505007361e+01 3.037275456321870948e+01 2.808787577145319858e+01 2.808787577145319858e+01 3.809724338559576040e+01 3.973620867101644905e+01 4.069066986245778850e+01 4.044748241237450515e+01 3.098710109771959154e+01 3.695630180013743171e+01 3.025216488123285430e+01 3.025216488123285430e+01 4.118954054680199306e+01 5.087028630575271393e+01 5.622929857883934801e+01 5.993349711481396724e+01 5.687054937235893703e+01 5.949097753210055828e+01 5.092780341438012925e+01 4.026834773575281190e+01 3.922545596095852005e+01 4.988413393544896479e+01 5.129186073671750279e+01 6.169215632680409556e+01 6.402914952222704414e+01 5.355029974573045592e+01 4.975461857399287879e+01 3.908427344222258881e+01 4.286765549468239556e+01 4.697020138499242847e+01 3.995661309172643882e+01 3.995661309172643882e+01
3.956264071901799184e+01 3.514455439049972796e+01 3.692160276152839771e+01 3.333343663197731388e+01 2.506255243605158611e+01 3.139164709275635090e+01 2.482526355523814487e+01 3.395253023404242754e+01 3.596070618500099414e+01 3.198629469085765464e+01 3.012274029038098533e+01 3.114661899201323436e+01 3.531330635239271487e+01 2.781934690261169152e+01 2.781934690261169152e+01 3.730717269172987471e+01 4.117558925183401897e+01 3.775135946139090493e+01 4.949004395309614068e+01 5.902072207108039237e+01 4.937485832536929564e+01 4.627004143434761119e+01 5.373051460771974774e+01 5.452653506548112716e+01 4.393264071543084981e+01 3.643425601969389049e+01 4.068712590625247572e+01 4.821939521583890809e+01 5.870944866714634713e+01 6.099342998715246722e+01 5.046725425322605219e+01 4.290228001815300019e+01 4.598208108864175614e+01 3.545014333734447831e+01 3.639826997304106726e+01 4.697018718132699178e+01 5.063173766013256483e+01
3.352943740741601175e+01 2.818972935810305103e+01 2.711381418125878184e+01 3.372737476181168859e+01 3.117728766171509491e+01 2.152623289792843053e+01 2.790937633087623482e+01 2.949737545448648035e+01 3.034931689679926947e+01 2.187029161665840604e+01 2.306431735271171135e+01 2.423055901879217799e+01 2.573511614841650541e+01 3.531987588590855154e+01 3.730037217412255757e+01 4.134254771556334873e+01 4.674359275591348251e+01 4.949004395309614068e+01 5.416664984148324891e+01 5.469196034163150699e+01 4.405775630971605494e+01 3.879613066021551759e+01 4.464390749032547490e+01 4.719596465929284079e+01 4.287809547622945416e+01 3.478031246224485074e+01 4.517358572916248960e+01 5.555673609378118272e+01 5.482062236784198461e+01 5.917858961481601199e+01 5.433456521991284660e+01 4.370091701880510726e+01 3.624619870347299866e+01 3.333680045298802241e+01 4.160885039492748660e+01 3.774689025651709073e+01 4.515707422011489314e+01
2.707075057294949616e+01 2.539220650563170523e+01 1.966449363187153310e+01 2.676632711340639759e+01 2.686738819452021687e+01 2.672461943520868033e+01 1.899114832335954972e+01 1.899114832335954972e+01 2.015373903037854220e+01 2.413675345060341471e+01 3.291000707090710620e+01 3.395094624561274799e+01 2.659725727684900676e+01 2.879438359614151821e+01 3.097030475467049726e+01 3.315066253528536322e+01 4.265944224058360845e+01 5.042874588378753486e+01 5.538577831760132852e+01 5.902072185220637834e+01 5.212985810284930466e+01 4.154312521932164515e+01 3.435603734186737057e+01 4.075353178893422523e+01 3.276857922014583124e+01 4.287809547622945416e+01 4.949375494463622260e+01 5.030404448902243075e+01 4.382011297885886592e+01 5.290855692665527954e+01 5.735924371283579148e+01 4.681070927672022464e+01 4.679501126186427484e+01 4.160812487416069416e+01 3.163984911115268517e+01 4.160887663491896404e+01 4.825439653145175356e+01
1.660328505222152984e+01 1.505603428929783583e+01 1.563145147430318183e+01 1.624252030261326141e+01 1.689559814582553798e+01 1.771166864828709109e+01 2.834996974879713250e+01 1.899114832335954972e+01 2.536846320192102056e+01 3.392028707275699162e+01 2.990406553023370861e+01 3.941707294127341754e+01 3.614573716527155511e+01 3.001516485867378137e+01 3.948866341812854586e+01 4.265944224058360135e+01 3.662595513509852196e+01 4.136517262905789494e+01 5.128267222486083909e+01 5.823657441572090931e+01 5.297574726073897722e+01 4.866217496305732482e+01 4.075545805261135257e+01 3.101116406627805588e+01 3.911206232109454817e+01 4.337563421845064937e+01 4.706524722135640815e+01 3.947462050255212773e+01 3.732485763114375743e+01 4.653910020129502101e+01 5.741247416252965508e+01 5.473363241456094386e+01 4.452354670730746733e+01 4.031721714906546339e+01 3.059519432512848169e+01 4.033708346961202551e+01 4.727376067353464606e+01
1.505603428929783583e+01 2.537686000138749876e+01 2.305102310110384067e+01 2.240134098336913837e+01 2.751123781619416420e+01 1.905238161537238284e+01 2.952529872807474121e+01 3.222391630936142093e+01 3.439783008175464829e+01 3.527555997340306959e+01 3.663565741362467065e+01 3.941707294885330271e+01 4.203243114321097806e+01 3.251846773283198644e+01 4.203243114339424125e+01 4.632392256167377553e+01 3.662595513509852196e+01 4.632392256167377553e+01 5.538577831760132852e+01 5.396764160893681606e+01 4.335670832253040174e+01 3.811281897638934169e+01 3.483560521438130309e+01 3.911799421974829727e+01 2.975189488530783422e+01 3.766526167481598719e+01 3.839910583926450016e+01 3.210753475844718707e+01 4.264649404781075503e+01 5.247290206206719887e+01 5.170442347205705147e+01 4.855959548588283781e+01 4.197419842536405810e+01 3.466218466002317200e+01 2.957172618539653186e+01 3.283401672049778597e+01 3.768104563930466355e+01
2.448814289251532728e+01 2.354565360894684289e+01 3.265198093101853516e+01 2.926443085152624946e+01 3.094816215079137933e+01 2.068636913785268661e+01 3.094816331163222500e+01 3.705905822891406132e+01 4.267770074947897996e+01 4.503076609377065154e+01 4.613200410069871538e+01 4.890326731046452835e+01 4.493898930756969889e+01 3.529968831437033572e+01 4.493898930756480325e+01 5.042874611804754892e+01 4.212709162121848294e+01 5.042874611828147380e+01 5.708850812280523002e+01 5.823657517686199725e+01 5.297574726073897722e+01 4.866217496688336297e+01 4.514572295196785490e+01 3.613536801387100894e+01 3.766524255346628536e+01 2.864357215767942932e+01 2.908816687911076215e+01 3.669824624311695516e+01 4.085094498433522858e+01 4.824955992690077267e+01 4.562735504874605397e+01 4.190748611172197968e+01 3.217242100083081624e+01 3.652349042334434870e+01 2.859589105380429075e+01 3.801707537789377511e+01 4.719385101860378029e+01
2.660895680659114859e+01 3.357040173724730181e+01 3.761130596340841237e+01 3.875079352080357609e+01 3.499680731679050183e+01 3.093940761624282487e+01 2.306091963163071767e+01 2.891490415649231238e+01 3.857383408732567176e+01 4.435634885516567039e+01 4.928904455253218231e+01 5.305590590598330181e+01 4.311475303685180904e+01 3.999988228957194281e+01 4.907383095457522870e+01 5.611557543224068212e+01 5.204194529787937995e+01 5.411118752121991804e+01 4.703537462307485129e+01 5.413711271851801143e+01 5.481455221312045012e+01 5.688573444128103773e+01 4.639589339789853994e+01 4.639584675571311578e+01 4.190211897136152430e+01 3.629204842373959394e+01 2.759649370265453783e+01 2.963099996790253243e+01 3.415815214449545323e+01 4.235466622713621376e+01 4.016654429294982265e+01 3.891021456893408015e+01 3.240925985820932453e+01 2.720294902883670574e+01 3.652349042334445528e+01 3.583117280615142164e+01 4.250845882066845149e+01
2.198015847276686330e+01 2.878153898943250155e+01 3.860448431579841611e+01 4.134393762589387222e+01 3.170732898006834333e+01 2.612235364090854617e+01 3.299603414134319479e+01 2.665646517040939401e+01 3.062095647998038928e+01 3.533727785754656736e+01 4.218676385021211672e+01 5.221812685043960300e+01 5.305590398263083074e+01 4.693790527740539886e+01 5.404827851486290058e+01 6.207885727211107252e+01 5.209815897498013015e+01 4.493830068114542087e+01 3.977240124387360254e+01 4.541281860681513649e+01 4.472428989954833156e+01 5.183827835907183612e+01 5.029675246143627021e+01 3.991582178458158836e+01 3.990885410739411299e+01 3.656392948340879201e+01 2.847823819269797241e+01 2.653527081894844741e+01 3.698631238843152147e+01 3.343343925139686945e+01 3.757673653061657859e+01 3.393137758894816614e+01 2.590061588313244556e+01 3.521156816296047509e+01 3.040940213900383782e+01 3.877909877889560164e+01 4.537736407530000804e+01
3.293320418738607458e+01 3.696141548606775018e+01 4.260469550056250654e+01 4.541798335957869881e+01 3.982063214836433929e+01 3.576569549923912916e+01 2.940366862753940325e+01 3.630634253615916407e+01 3.121619303800966350e+01 3.477657192000286557e+01 3.954802783261568067e+01 4.656537695319497772e+01 5.668280387923010011e+01 5.699642153952256507e+01 5.825124325845649054e+01 6.240324869092687976e+01 5.916811007673087630e+01 5.413711271823790838e+01 4.541281860681513649e+01 3.513606310043046221e+01 3.744346412477656827e+01 4.674894297957641243e+01 4.719891297274885034e+01 3.689919523345202634e+01 3.091049691593001469e+01 3.034229784592229251e+01 3.498458996285540223e+01 2.566417947573665614e+01 3.380147159922545086e+01 2.964146989981774638e+01 3.392864875102350908e+01 2.458537040195970391e+01 3.393137758900925149e+01 3.940106920114602929e+01 3.877909874435255944e+01 3.388363428551809875e+01 3.717408854726195955e+01
3.903237280665077691e+01 4.009836438255301516e+01 4.415391097747386340e+01 4.611577546154941132e+01 4.815786296987328541e+01 3.839965078383580988e+01 3.170396778167583562e+01 4.130424173529743825e+01 4.084845593399611374e+01 4.453829749075159583e+01 4.870189686326403944e+01 5.370837017105519351e+01 5.922365955538445803e+01 5.504572335650402692e+01 4.814609857817347205e+01 5.658981122348529880e+01 5.712858554903088049e+01 5.130525321027151620e+01 4.256156185898748845e+01 3.231594458520024915e+01 3.231594458520024915e+01 4.003885056738127446e+01 3.841044467294327092e+01 4.260159878877496453e+01 3.990905618334585370e+01 3.436847222633608112e+01 3.498458890073814587e+01 3.380147159921951783e+01 2.444769232516813062e+01 3.266377181460742918e+01 3.270841264843657115e+01 2.458537040195970391e+01 2.866053542741375892e+01 3.394374276082908892e+01 4.400369370582325246e+01 3.973170036234007085e+01 3.974470866463703089e+01
2.929645562144776250e+01 3.036124505549241803e+01 3.816173103749013507e+01 3.637701357469659058e+01 4.611529357750928426e+01 4.535702724427445531e+01 3.713785796177658938e+01 3.611404400787049696e+01 4.092038134222877233e+01 4.799894731726001140e+01 5.802671243761015774e+01 5.839268043606211478e+01 5.504572355220572888e+01 4.484220198519336265e+01 4.215821418888838679e+01 5.202930245639128515e+01 5.299031120611350332e+01 4.286462268843816759e+01 3.689706165136276894e+01 3.231594458520024915e+01 4.003892843810726987e+01 2.987078007375264477e+01 2.828544310095191250e+01 3.614698984258698999e+01 4.035448128265245771e+01 4.340959121879708960e+01 4.496209427717887053e+01 3.794236141362269166e+01 3.266352734846595496e+01 2.325695202851955301e+01 2.331182716303690583e+01 3.270838320208390115e+01 3.770431195690225223e+01 4.244641743500783093e+01 4.831239615121604203e+01 4.890547756796648571e+01 4.887595369423232938e+01
2.223671139102445338e+01 2.532068271981052732e+01 2.846618717831952239e+01 3.405976286018874077e+01 4.376512377319487967e+01 5.109803116846865123e+01 4.699562781180888038e+01 4.169215191576176949e+01 5.002935898135658022e+01 5.501471014126419590e+01 5.551664230698936109e+01 4.863414542107251748e+01 5.551664230696031410e+01 4.783074361447888379e+01 3.742463489345930583e+01 4.484125569187674643e+01 5.503896022879623473e+01 4.976942120515095525e+01 3.957596875490417432e+01 3.957596875490275323e+01 4.423522225713197287e+01 4.002617074560914290e+01 3.107091882421643803e+01 2.613362695901148314e+01 3.413413457489799185e+01 3.832574724564750568e+01 4.229055883208167188e+01 3.671725026725253116e+01 3.039610184802182502e+01 2.242394227335328338e+01 2.242394227335328338e+01 2.416996203955350708e+01 3.355604824683991438e+01 3.819147315501357554e+01 4.081282659815025227e+01 4.511787681139146144e+01 4.973411230342107814e+01
2.908947577801358264e+01 3.036124505549241803e+01 3.816173103749013507e+01 4.221144831549744225e+01 4.783527938427377535e+01 4.874772356542180773e+01 5.287244376746988195e+01 5.169181415500916899e+01 5.573274160339599348e+01 5.552626007344178305e+01 5.106493560771548346e+01 4.143085428988425889e+01 5.010543860968724061e+01 4.504546930474199229e+01 3.457215443765946361e+01 4.504546938639431630e+01 5.268202740642055915e+01 5.392192027952212641e+01 4.976942120591861141e+01 4.976942118966772455e+01 4.899697177452614483e+01 3.925998875277554134e+01 4.029268084060419142e+01 3.413413457489799185e+01 2.416364930927538168e+01 3.229827884948908689e+01 3.227519924489100589e+01 3.212755333088944809e+01 2.162600051191562045e+01 2.709296920865565284e+01 3.187008792855213457e+01 3.355604812037596218e+01 2.671630631003774781e+01 2.867171042610174325e+01 3.100462012429243686e+01 3.513629393281016888e+01 4.095507576362694380e+01
