output/example/elevation_000012.asc
nrows	75
cellsize	13.33333333
xllcorner	0
ncols	75
yllcorner	0
NODATA_value	-9999
[rows 34 to 50 of 75, columns 37 to 73 of 75]
6.422134463318919018e+00 1.130556575724340895e+01 2.245629461965329199e+01 3.197644950550524712e+01 3.201953082930094752e+01 2.465890278890551102e+01 2.928879233805048088e+01 2.938275489954232000e+01 1.902309309897264455e+01 2.416988826084921271e+01 2.835718914080373665e+01 2.180922688990071023e+01 7.934664891952989407e+00 1.806545451142529046e+01 8.438486469751836694e+00 1.959918473858630605e+01 2.750640675226632226e+01 3.300426825866441760e+01 3.861888694745069017e+01 4.258164862180694854e+01 4.139125521666622376e+01 3.705075606558249746e+01 4.107266139096549296e+01 3.506343954638371940e+01 2.456522180873167471e+01 2.900707176329811077e+01 2.106941681086890483e+01 3.096200915070545179e+01 3.738690524664844617e+01 3.424767304805340018e+01 3.285420192813032969e+01 3.728440254780851149e+01 2.967300238424323666e+01 3.176464186163423875e+01 3.437877935821476427e+01 3.701486823734597920e+01 4.260432716547382626e+01
6.422134463318919018e+00 1.688093153420751591e+01 1.677596671986847809e+01 2.745059095818988837e+01 3.417529455465828647e+01 3.310674493558988729e+01 3.644497390256917413e+01 3.004867510865814495e+01 2.651221647628056743e+01 2.947807764028467759e+01 3.053141871056323353e+01 1.821042662479731433e+01 2.173726150573952154e+01 1.877331264038258851e+01 8.787640669180287745e+00 1.262502583097120556e+01 1.745513472599828475e+01 2.544472191143344375e+01 3.636184752184180979e+01 3.947017111125703082e+01 3.508353315998609645e+01 3.947017111125703082e+01 4.492836194784636206e+01 3.916914869951208544e+01 3.081722041661359768e+01 3.480534692507438876e+01 2.718972109582067276e+01 2.441915410633348316e+01 3.110625993236548581e+01 4.003808927248681471e+01 4.274350610951071872e+01 4.236538039518303123e+01 3.263022065363721680e+01 4.150063180165601295e+01 3.789510723967896411e+01 4.677199695058379803e+01 4.260503921694616025e+01
1.688088055954676392e+01 7.902782656302542286e+00 1.887328978981279448e+01 2.124493593664118052e+01 2.206721629359353187e+01 2.926725582304387174e+01 3.406154920175531231e+01 3.829376447955149132e+01 3.692592353435668429e+01 3.953174741569879558e+01 3.471330983414077309e+01 3.053141867003493459e+01 2.576917509882077795e+01 1.896485530509336925e+01 8.787640669180287745e+00 1.966751486650741754e+01 2.399390537251519717e+01 3.009679104549560336e+01 3.380686050464949233e+01 2.926772146782275996e+01 2.345190977565941992e+01 2.949026693359601836e+01 4.067679938637619586e+01 4.490529812198761306e+01 4.086838543102867760e+01 4.091365405159654500e+01 3.678252665269393162e+01 2.883254916066078977e+01 2.822159415233169710e+01 3.328352055781085284e+01 4.223445141898066879e+01 4.545870492689935105e+01 3.568926111700620396e+01 4.545646769944802656e+01 4.350822030546756025e+01 5.153970573435822899e+01 4.828636338116868387e+01
2.245272304010697439e+01 1.113317355407739484e+01 9.920192134736593559e+00 9.920192134736593559e+00 1.303294518724571560e+01 1.761133290568477250e+01 2.446431689157319767e+01 3.730501596164329925e+01 4.019370140564578975e+01 3.005956994316039044e+01 3.005956994316039399e+01 2.751898503865130152e+01 2.186956444637665342e+01 1.106658721830530290e+01 8.787640669180287745e+00 8.787640669180287745e+00 1.514953954692431282e+01 2.583939459518893855e+01 2.483038826327255322e+01 1.752764132425358667e+01 2.438112607264657683e+01 3.594293491564950216e+01 4.492836194784636206e+01 4.301440714123237541e+01 4.301440714123229725e+01 4.728213234472502791e+01 4.153532041095292726e+01 3.386668319481253064e+01 3.107260198912209859e+01 3.983822424247694727e+01 4.622833895044021801e+01 4.960552079214805588e+01 4.050994322092378752e+01 4.546262227680939816e+01 5.337622633373222669e+01 5.753399109497772201e+01 5.838710801723185995e+01
1.724033744503992693e+01 2.245273277220255537e+01 1.188973025454363608e+01 2.124523796173187407e+01 2.467946504518419815e+01 2.925684599991095070e+01 3.436311698597027231e+01 4.179793535992790510e+01 3.722038496391461848e+01 3.005956994316039399e+01 1.953071988313813279e+01 1.689544989542977405e+01 1.446813181446869834e+01 1.966754848743119410e+01 8.787640669180287745e+00 8.787640669180287745e+00 1.969449071746567981e+01 2.117852784087086704e+01 1.328249556293208578e+01 1.989446712496996383e+01 3.157298192927046543e+01 4.030965535292796176e+01 4.002426140652448794e+01 3.276639046806234745e+01 3.276639046806235456e+01 4.301440714123229725e+01 4.682589733325654180e+01 4.282022678725132181e+01 3.712703514074396338e+01 3.596129190228288763e+01 4.108696181336053144e+01 5.077308903541435825e+01 4.751080582362000371e+01 5.463957619527008802e+01 5.968989698752491080e+01 6.524073497951341949e+01 6.227620510069914417e+01
2.385960612564323569e+01 2.780573678620697109e+01 2.333402865477338750e+01 1.503505469805558370e+01 2.031499815098868211e+01 2.688195984385493276e+01 3.748882646727289369e+01 4.383841989606064260e+01 3.439512941985491068e+01 2.414567838851119319e+01 3.005956994316039399e+01 2.751898503865130152e+01 2.256578368516393951e+01 1.181321905972192887e+01 1.959872441953893940e+01 9.161303715232532952e+00 1.996851116761625278e+01 9.719655559695715041e+00 2.117862433060821203e+01 2.945605616913334046e+01 3.605257683564327209e+01 3.578738581273955077e+01 3.151374383911521093e+01 2.534729381892564604e+01 3.063894433679331541e+01 3.790249977139022519e+01 4.812631451107447589e+01 4.968919604963843994e+01 4.639577063564805570e+01 4.517008694652164280e+01 4.934671340600051082e+01 5.516568733448836781e+01 5.773824057093973039e+01 5.813115329006392784e+01 5.714776387415586356e+01 5.504050258358764580e+01 5.204599748229309597e+01
3.469153484623376471e+01 3.006201458390448167e+01 1.888670302212790020e+01 2.643658603187401113e+01 3.083142119172770990e+01 3.566285105441906467e+01 4.168261753668427616e+01 3.974200417571817212e+01 2.973891746250272661e+01 3.439512941985491068e+01 3.308453052236303193e+01 2.560395009195806892e+01 1.496623662975678570e+01 2.256578368592324324e+01 2.431129290871319526e+01 2.004331600190850082e+01 9.719655559695715041e+00 2.060860236308105797e+01 2.514138783472094119e+01 3.202663760188980291e+01 3.237332031334590710e+01 2.807207865576679851e+01 2.090581931423333728e+01 2.713034420571423055e+01 3.750157909328036965e+01 4.515726175576199353e+01 4.677557834398879777e+01 3.973383045102194444e+01 4.677557834398879777e+01 4.842510215595064693e+01 5.266059249828274602e+01 6.202974905447339893e+01 5.813161292105102973e+01 4.804453705985633150e+01 4.694440668962398178e+01 5.024281870406844064e+01 4.485775872842312140e+01
3.860746658610957383e+01 3.440408606353625487e+01 3.006201458391019088e+01 2.316695031174826269e+01 3.402714333379252309e+01 4.277101319253942080e+01 4.781154283627603974e+01 3.792841674726164314e+01 3.974200417571817923e+01 3.674372798319514288e+01 2.886912553862967457e+01 1.828878944380863913e+01 2.560395009195806892e+01 2.949056144577271255e+01 2.180321968101687702e+01 9.719655559695715041e+00 2.000618510218836477e+01 1.032611239147287563e+01 1.789637244852256615e+01 2.595428560590023892e+01 2.510235370899958696e+01 1.736438382573818018e+01 2.807207865576679851e+01 3.578738581273955077e+01 4.175986105799575654e+01 4.453222866151237724e+01 4.040104346790550949e+01 3.260465206434477636e+01 4.133594048826481782e+01 3.842464292775770929e+01 4.842277563678370456e+01 5.177727344145409916e+01 5.177776166520992263e+01 4.992566815212566667e+01 3.981326164565689396e+01 4.011730868773931036e+01 5.024281870406844064e+01
3.203016863363037459e+01 3.616754809990293751e+01 3.831224933810099031e+01 3.402714333379252309e+01 2.797079665236917734e+01 3.550880537334560216e+01 4.581720423435085365e+01 4.781154283627603974e+01 4.108854085347675777e+01 3.256725407130144845e+01 2.210739168556334988e+01 2.886912553862967457e+01 3.308335240558140811e+01 2.575489306452530514e+01 1.347143782706585391e+01 2.180321964278933322e+01 2.453480875609080769e+01 1.793882729229487794e+01 1.094663486622930115e+01 2.176923253498090816e+01 1.437671636390732388e+01 2.510235370899958696e+01 2.615544356983969365e+01 3.659377732616170675e+01 4.161537579530649822e+01 3.747334990407178879e+01 3.026315713988368117e+01 2.794848097082601868e+01 3.127113053537619081e+01 3.712756659784350433e+01 4.709717083322885856e+01 5.092795846106969293e+01 4.161585123915586593e+01 4.611028174799595547e+01 3.604756176772077936e+01 4.300736255053914903e+01 4.722130329001026183e+01
2.173155409708116537e+01 2.907894380209936358e+01 3.915505564752475465e+01 4.277101319253942080e+01 3.550831141936168223e+01 3.550880537334560216e+01 4.581720423435091050e+01 4.405334483118142685e+01 3.400046838418817430e+01 2.667842678487097885e+01 3.256725407130144845e+01 3.674337203274097874e+01 3.043013743219955103e+01 1.851047526902117113e+01 2.091197254020322660e+01 3.014921144580703327e+01 3.063105018486135123e+01 2.533892759407524409e+01 2.158322361765120334e+01 1.156269012859432621e+01 2.232604035505352513e+01 2.927178063848560186e+01 3.659377732616170675e+01 3.719458532739399459e+01 3.572571433191136947e+01 2.718871045225479932e+01 2.411428601321388854e+01 3.026315713988368117e+01 4.040104346790555923e+01 4.548025466960322660e+01 5.121432471436515499e+01 4.669633911702620566e+01 3.660867918046937319e+01 4.130474123042256451e+01 4.037302682741588455e+01 3.297003739648979348e+01 3.795880735584475474e+01
3.203016863363037459e+01 2.832004963721046664e+01 3.551227271530353136e+01 4.548796814321218562e+01 4.580091419461668067e+01 4.581720423435091050e+01 5.003322101227934127e+01 4.405334483118143396e+01 3.400046838418817430e+01 3.400046838418817430e+01 4.108854085309430104e+01 3.536082497507747746e+01 2.433544170488729819e+01 3.043013743219955103e+01 3.283136313328932232e+01 3.635450319940448338e+01 3.080323669626126915e+01 2.593137668156277797e+01 1.327242651610903756e+01 1.200468856115848659e+01 1.718903543166399217e+01 2.835416393273450808e+01 3.409200430122080405e+01 2.685148780611186581e+01 3.153551041471367355e+01 2.090756590634169854e+01 3.151471202704041374e+01 3.870399169650493576e+01 4.453222866197035046e+01 4.906382937657749466e+01 4.489324136729652537e+01 4.489326359842337411e+01 4.130474068019799461e+01 3.123963056026094876e+01 3.030141771254214333e+01 4.037302682741588455e+01 4.722130329001026183e+01
4.022422610346177407e+01 3.842254627881652596e+01 4.254412668876687320e+01 4.783642938939512135e+01 4.365248451365469151e+01 4.498652536519837497e+01 4.915677539277410091e+01 4.817661332302174060e+01 4.405334483118143396e+01 4.405334483121621503e+01 4.123105547119651249e+01 3.106351799811832493e+01 3.536082497507747746e+01 3.948757191035311820e+01 3.557414192452628754e+01 3.118337723921054661e+01 2.647566692912239361e+01 1.546923499052161866e+01 1.569665032475611532e+01 1.245488131266372278e+01 2.151613206953233259e+01 2.846937699880014705e+01 2.761053143676661747e+01 1.913606233969208859e+01 2.090756590634169854e+01 2.090756590634169854e+01 2.581920940954596233e+01 3.189498980371196524e+01 4.198711915743893996e+01 4.489324136729652537e+01 3.484577364625443607e+01 3.484577367703235495e+01 3.622769767491603687e+01 2.794874072932158882e+01 3.812195407683572057e+01 3.533860777342260917e+01 4.242977449629871245e+01
4.056248581277797172e+01 4.447850117918642354e+01 4.517730925288135069e+01 4.186328212864884790e+01 3.320526644206319133e+01 3.456978886452471755e+01 4.498652536519837497e+01 4.548514231102394945e+01 4.939130898640003409e+01 4.924927734052348427e+01 3.942900122537865570e+01 4.123105547120669456e+01 4.430995101835593886e+01 3.482136481665181549e+01 3.175128671645522616e+01 2.073586731827975171e+01 1.839791492387504235e+01 2.563826886536354976e+01 1.863907965505288189e+01 1.743629825366270225e+01 1.306748974154061393e+01 2.455143768628308010e+01 1.650836966232697378e+01 2.176208584788670208e+01 3.153379339392712311e+01 3.153551054804700726e+01 3.572571433191136947e+01 4.030906100620143206e+01 4.611003730618100604e+01 4.399149275976466811e+01 3.778809044401932482e+01 2.758147650493168612e+01 2.582294402220195551e+01 3.562846456902384773e+01 4.154587892889447431e+01 4.540744588140915283e+01 4.242977449629871245e+01
3.094693399350953555e+01 3.895426200833694708e+01 3.506971354093390403e+01 3.506971354093390403e+01 2.711368570613624840e+01 3.762077772394464148e+01 3.879971346561612933e+01 3.603051816756789094e+01 4.548514231102395655e+01 5.127621387326663438e+01 4.924927734052192108e+01 4.770973060663746423e+01 3.839833109032257852e+01 3.482136481667605210e+01 2.441024128593702258e+01 3.175128670008180265e+01 2.667794160208372034e+01 3.003933039874659627e+01 1.913768746550810107e+01 2.385367898108365736e+01 1.351111532815967919e+01 1.403072329563731913e+01 2.547576760712384925e+01 2.761056987811703323e+01 2.934992840586216190e+01 3.956826135118864585e+01 4.469044079417917459e+01 4.050888608805208690e+01 4.051592947244134990e+01 3.680782008933504557e+01 2.961063065246683124e+01 2.369357503946850940e+01 2.603615598211667148e+01 3.627971041032173360e+01 3.939107976888716678e+01 4.907370449380121613e+01 5.259618052363303775e+01
2.511331147989989532e+01 2.972043798788084956e+01 2.844436906239532803e+01 2.474100842908516285e+01 2.378567531620213771e+01 3.406851996077365641e+01 2.901945712485455431e+01 3.316124393209821619e+01 3.801155150902706481e+01 4.736781279507518150e+01 5.156965422925156162e+01 4.694111962214762457e+01 3.839833109046410442e+01 2.860232866516683359e+01 3.075060984372064254e+01 3.873717838605539754e+01 3.688898771365457208e+01 3.585613738311266729e+01 2.633368521608552371e+01 2.414017736530797364e+01 1.351111532815967919e+01 2.414011861095064759e+01 2.907702709846012468e+01 3.794996943232309405e+01 3.956792699977139449e+01 4.370213740959599846e+01 4.050888608926391043e+01 3.030475525447604213e+01 3.030486085322033674e+01 3.107696174060304628e+01 2.198002115050017125e+01 3.260192392951666562e+01 3.625172731201474363e+01 2.942092439754016198e+01 3.946519206586252437e+01 4.128028220787651748e+01 4.827029932660003197e+01
2.533606112764232776e+01 1.963663867825831488e+01 1.818957305608521935e+01 1.955177744414167407e+01 2.995155279853223007e+01 2.475463821611909765e+01 3.480694051780279352e+01 4.219050297938441219e+01 4.658643790860168110e+01 5.127620110311953283e+01 4.768805914091548459e+01 3.847819593431523089e+01 3.371353269929937113e+01 3.444728193563275909e+01 4.038318058868045313e+01 4.425833567772501453e+01 3.919480863996822961e+01 3.187664778772183283e+01 2.585462398250279747e+01 1.516849136501576822e+01 2.413474145188784803e+01 1.415832407113614444e+01 2.481776578546296719e+01 2.971200755511165781e+01 3.411233426268540825e+01 4.031380279542594991e+01 4.011306887595638671e+01 3.329401866833798351e+01 2.274170066570529158e+01 2.037124712013014616e+01 3.106568461394316571e+01 2.961026609764073925e+01 3.981481721976947341e+01 3.946519206586252437e+01 3.315558719954687916e+01 4.309364719192739557e+01 4.803740597440098270e+01
1.527696112926866689e+01 1.633171790052721306e+01 2.635031193482213752e+01 2.892954898376996198e+01 2.204367117852431690e+01 3.221790965066441714e+01 2.846172348717534462e+01 3.827722948289453342e+01 4.217685358101542192e+01 5.154705953297488463e+01 5.156965426193752222e+01 4.694112398813917508e+01 4.308312753459561861e+01 4.379558978900351462e+01 4.765812901789509226e+01 4.095461120628714013e+01 3.370090577778070440e+01 2.457154690438749611e+01 1.690578420475923949e+01 2.585458022858831129e+01 2.821329810699917573e+01 2.462864749956083443e+01 1.479761802876153531e+01 1.910230356279442887e+01 2.535374137140664530e+01 3.595184114825953969e+01 3.279931357961528704e+01 2.548443485758611260e+01 1.881941190143932374e+01 2.956318475528269119e+01 3.431852889169245913e+01 3.980249383355626236e+01 4.400708144258828014e+01 4.719110305537193994e+01 4.309364719192739557e+01 3.814794944467075766e+01 4.515018040555298739e+01
