output/example/elevation_000010.asc
nrows	75
cellsize	13.33333333
xllcorner	0
ncols	75
yllcorner	0
NODATA_value	-9999
[rows 0 to 16 of 75, columns 37 to 73 of 75]
4.595921107339047040e+01 4.996641874562494934e+01 4.744750085950351348e+01 4.321889340689500614e+01 4.744750085950351348e+01 4.692448093365455009e+01 5.114338385852776270e+01 5.277518208732367100e+01 5.277518208732367100e+01 5.678155018700151402e+01 5.443956272034360211e+01 5.151402397333097838e+01 5.347050751586646555e+01 4.937616395512770140e+01 5.347050751586646555e+01 5.103214027845255885e+01 5.096378590084538018e+01 5.239823610565473189e+01 5.646701996381521838e+01 5.939074397367041769e+01 6.326629056242268234e+01 6.739833948912348660e+01 6.339274032490109079e+01 6.739776778511799193e+01 6.214986688710084195e+01 5.802389300570848718e+01 5.672704708120762263e+01 6.085534104597531524e+01 6.490001039697378360e+01 5.925926097134636450e+01 5.523334495233385155e+01 5.523334724743634894e+01 5.925932907354568613e+01 5.898643707979667994e+01 5.615022132278713229e+01 5.673565420545177318e+01 5.673565420545177318e+01
3.536154742536538009e+01 4.400400548217706387e+01 4.222499357498979577e+01 3.267601959680042967e+01 3.949710768516598591e+01 3.642058895283496867e+01 4.692448093365451456e+01 4.277394878528816946e+01 4.277394878528816946e+01 5.277518208732367100e+01 4.436220863782682500e+01 4.139982973027312596e+01 4.845710335190931062e+01 3.929045919121453778e+01 4.688767489052776227e+01 3.986461529764799394e+01 4.115116584000843147e+01 4.232189738637313070e+01 5.200239744994234314e+01 4.959243370530495554e+01 5.939074397356974799e+01 5.811955616357266052e+01 5.352749770666230944e+01 6.339274032490109079e+01 5.802387648908744211e+01 4.790654508957914715e+01 4.658207129289852588e+01 5.502820784250176445e+01 6.090298427542430204e+01 5.108287269197222003e+01 4.506519377353513534e+01 4.506519377359729361e+01 5.346459754782021179e+01 4.903103676758561136e+01 4.608217397188772679e+01 4.664975299608089898e+01 4.664975299608089898e+01
2.861433774287200293e+01 3.984064711461559227e+01 3.787846435282750690e+01 2.714683507454494560e+01 2.864084558916610135e+01 3.949710768516598591e+01 4.105031134746084120e+01 3.529897252007354069e+01 4.277394878528816946e+01 5.277518208732367100e+01 4.436220863782682500e+01 3.427137116806436268e+01 3.853626090831070172e+01 3.427042582947037630e+01 4.051790549158254606e+01 3.252850318091630299e+01 3.404411895845521485e+01 3.785910121521729366e+01 4.242414611281029835e+01 5.102788707745584418e+01 5.364440365070418437e+01 4.811279696494280245e+01 5.811955616357266052e+01 5.352749770666230944e+01 5.775718925100144929e+01 4.763838759197816586e+01 4.065061655113090922e+01 5.086983310871402608e+01 5.736278661358397812e+01 5.650191555101880425e+01 4.640558420712785193e+01 3.878148825649562070e+01 4.521244650184229386e+01 4.849363630562459804e+01 3.846037360029885832e+01 3.904009830802048953e+01 4.960384506592805565e+01
2.515269826956447830e+01 3.645570184188851215e+01 3.369419150455856027e+01 2.286398167496848899e+01 3.369419150455856027e+01 3.699028647702953521e+01 3.030849522356307446e+01 4.105031134746084120e+01 4.977774948614484174e+01 4.940448679173063340e+01 4.525686478347326869e+01 3.853626090831070172e+01 2.861313936905863642e+01 3.853623792247259416e+01 3.050829606416326101e+01 4.024733773250341784e+01 4.410410828080227930e+01 3.672981120823875756e+01 3.872468840383398003e+01 4.090691401895742985e+01 4.355034528233155555e+01 5.072530698720660070e+01 6.056913545503263663e+01 6.339274045823442094e+01 5.626383065673672235e+01 4.763838173895702965e+01 3.745407026689700558e+01 4.305249745892897550e+01 5.321054440473636760e+01 5.831194954314551637e+01 4.831786159067810615e+01 4.079625650601742848e+01 3.439903370426755913e+01 4.160797725907912081e+01 3.346599397538254550e+01 4.432197168697426548e+01 4.353875409962002863e+01
3.212370629798115829e+01 4.037104704304393010e+01 3.106737873526988380e+01 2.078826472791863722e+01 3.106568684767434618e+01 2.605976479644167654e+01 3.699028647702953521e+01 4.519915818702570931e+01 4.235994260974046455e+01 4.311069442275469044e+01 3.519393677209438209e+01 3.704051846806059700e+01 2.861313936905863642e+01 2.861313936905863642e+01 3.853625766044623902e+01 4.022778521511293803e+01 4.950368849494022783e+01 4.694078737217686381e+01 4.462418288184348114e+01 5.104036415886157840e+01 4.811092747130598468e+01 5.771528595407482953e+01 6.104259328271654539e+01 5.500961395018799749e+01 5.038907110053762040e+01 4.193741102854271929e+01 3.478401519580126688e+01 4.193741109986817150e+01 5.210876776161887136e+01 5.526504966245277473e+01 5.118869287869866724e+01 4.908665845994906363e+01 3.851016526872682277e+01 3.073085189117733051e+01 3.073085189117733051e+01 3.462520512810489492e+01 4.101694116491259479e+01
2.932377415157599998e+01 3.244186468272553014e+01 2.883529091214827389e+01 2.078826472791863722e+01 2.256404716242648689e+01 3.334677925016661248e+01 4.121946111143371638e+01 3.936693122316960114e+01 3.221554525855972884e+01 3.307872726827147858e+01 3.601702255251536400e+01 2.716883492571433578e+01 3.601702281918217352e+01 3.853625675586081201e+01 3.192858826488464175e+01 4.199062585993112862e+01 4.993165805149452297e+01 5.621532608436875478e+01 5.469439485382723376e+01 5.876429661713915920e+01 5.523017745041429549e+01 6.216031938881124574e+01 5.678216133572092161e+01 4.644802391956131515e+01 4.053672378282860933e+01 3.601453653154010226e+01 3.265203499410637278e+01 3.978058128067242905e+01 4.994028654709870807e+01 5.118865429908287012e+01 4.076729126523591873e+01 4.381965968496216846e+01 4.160796073033538534e+01 3.073085189117733051e+01 4.160797712574579066e+01 3.967907417601565356e+01 4.960280672051676021e+01
2.738870637800892283e+01 1.980426049349657092e+01 1.961176996792003635e+01 2.883556692922021725e+01 3.334677831838153850e+01 3.764624183574761673e+01 3.804476557968272488e+01 3.388581949188262143e+01 2.529425733663994791e+01 2.616471410102664308e+01 2.616471410102664308e+01 2.616471410102664308e+01 2.616471410102664308e+01 3.601702281918225879e+01 4.199062585992868435e+01 3.567776085947661358e+01 4.583290526754769445e+01 4.611051084275259626e+01 5.199253089764823699e+01 6.198377139257737412e+01 6.507154645824299166e+01 5.958119783960616189e+01 5.545123602247280559e+01 5.360387779205802161e+01 4.775835944871717942e+01 4.073541245283968237e+01 3.063064381261484215e+01 3.776432392724164799e+01 4.790834930450436246e+01 5.166742343987359476e+01 4.381961756355269699e+01 3.304818222348809797e+01 3.806385641570356881e+01 2.926648562113453167e+01 4.011393714452454162e+01 5.019061174199305952e+01 5.429953101357445178e+01
1.804508500995415332e+01 1.864803176918896099e+01 1.927037226676656090e+01 2.879109765218811390e+01 3.391768837437650319e+01 3.277854467811498296e+01 3.274860974722697904e+01 2.407518691730787452e+01 3.380881396995377486e+01 3.600060555218544067e+01 2.616471410102664308e+01 3.601702255252353524e+01 2.843391754454304987e+01 3.833317054918845912e+01 4.608915149940766298e+01 4.583290526754473859e+01 4.021076890908999957e+01 5.038130832665815007e+01 6.030769167125013297e+01 6.604426060008934485e+01 5.930825226358314950e+01 5.376195159570043813e+01 4.532705409984038880e+01 4.944251518028148951e+01 3.928534099340406982e+01 3.345417229167457407e+01 2.892044832377114716e+01 3.905063516405885338e+01 4.852376072146510921e+01 4.128666304411591881e+01 4.557703029327053201e+01 3.493031571104709343e+01 2.726477375176581219e+01 3.806389956911987582e+01 4.438934085171030119e+01 4.956859319849827017e+01 4.581721800962228031e+01
2.461183907537734683e+01 2.519945832870781288e+01 2.879109767183089019e+01 2.013357517684051956e+01 2.980535192915869303e+01 2.213609663218662504e+01 2.291765185378375236e+01 3.276626398359763215e+01 2.822565036138034955e+01 3.811848395884396012e+01 3.601721519064945198e+01 3.601716133371672868e+01 3.833317054918845912e+01 3.196709870258791142e+01 3.900004507583025770e+01 4.905582251439892616e+01 5.038130832665815007e+01 5.451137305706159708e+01 5.292954971408720866e+01 5.726866330476353539e+01 5.429462163832277355e+01 4.505930656288860803e+01 3.943923904247800039e+01 4.855873542849739977e+01 4.438651159095125820e+01 3.750530172869174095e+01 2.733422537385818529e+01 3.750530172869883927e+01 4.325742516498635126e+01 3.362796968318363611e+01 3.929432168145623194e+01 3.495882697221015434e+01 2.598177810381729103e+01 3.361738538475932359e+01 4.432726574148819765e+01 3.942190551780569052e+01 3.866704127509456868e+01
3.468574472694443500e+01 3.504584514647979177e+01 3.395372304974876698e+01 2.980861552451112573e+01 2.107290989796153369e+01 2.923539459431767540e+01 2.655841093194959157e+01 3.580362662505900317e+01 3.812159956221220369e+01 3.312454751756376226e+01 4.311642703452334757e+01 4.606085550548024088e+01 4.608914338734454219e+01 3.638635514611693367e+01 3.818000876181486092e+01 4.493707939386011674e+01 5.429089072926678483e+01 5.114368462468877397e+01 4.226613170223544813e+01 5.114376986791348401e+01 5.014117410170997147e+01 3.997743958873067527e+01 3.492418048692056232e+01 4.092165833765182725e+01 3.425650401904438525e+01 3.600521029068328716e+01 2.578383264299785793e+01 3.600521029069219026e+01 3.897755927752704252e+01 2.821311506017712034e+01 3.322372579555453598e+01 2.421179416703204978e+01 3.495882697221017565e+01 4.107262342259650012e+01 4.239380153289856423e+01 3.239439215321407772e+01 3.906066507300372592e+01
3.120126536341817669e+01 4.096348146376307398e+01 3.618833868795302067e+01 2.595727601974984822e+01 3.087750997671430042e+01 2.709226574863846793e+01 3.579951844204666855e+01 3.302220242515083015e+01 4.251997257358886628e+01 4.019262592527383759e+01 4.019262592527384470e+01 5.017510732617186164e+01 5.057642223680102234e+01 4.218754361505303763e+01 4.802111853274646336e+01 5.209468807672660517e+01 5.581365785583584938e+01 4.404558312954203814e+01 3.634516318544321933e+01 4.677301891514333931e+01 5.429458191793101918e+01 4.809062359223841554e+01 3.795217570102656879e+01 3.080843637507161503e+01 2.839091366733736876e+01 2.630361077246349666e+01 2.426858210788062209e+01 3.288817359725585021e+01 3.595634055925961547e+01 3.159978764134442741e+01 2.248909710765125070e+01 3.322372579555453598e+01 3.907474713894112739e+01 3.564313405627577680e+01 3.564313880980396476e+01 2.909694945295957780e+01 3.610910394781780752e+01
3.827508289729088631e+01 4.472027503075990751e+01 4.055965168861013836e+01 3.099257452513569433e+01 4.023478370766194701e+01 3.256021021047618547e+01 4.070778892446982411e+01 4.251997257358886628e+01 4.667636321271601219e+01 5.017510732617186164e+01 5.017510732617186164e+01 5.423793160920591561e+01 5.636385437170415003e+01 5.225512777818433818e+01 5.427918819399427974e+01 5.033022724564609973e+01 5.221009103329183887e+01 4.058315987968266114e+01 3.264398526658860078e+01 4.312035718456963451e+01 5.014631565367830035e+01 4.584701291716476135e+01 4.510216851336618760e+01 4.092165833765930216e+01 3.425650401904438525e+01 3.650854188695509350e+01 3.288817359725585021e+01 2.254696854427695385e+01 3.127287406719218055e+01 2.086984590199308442e+01 3.159978764134442741e+01 3.708626653469409717e+01 3.322080857741821802e+01 2.561645420047769406e+01 2.561645420047769406e+01 3.564313880980396476e+01 3.720890363635371756e+01
3.539147858177176431e+01 4.523671954433473275e+01 4.655114720487647872e+01 4.177225316604424421e+01 4.531995223596882028e+01 4.271713717237516050e+01 4.672623343994633416e+01 4.626015284716361720e+01 4.407641201817005339e+01 4.509882692993402742e+01 4.897104968438369355e+01 4.849987442627610790e+01 5.236595135766526710e+01 5.539672222810767011e+01 4.921522488024982067e+01 4.107761240143931758e+01 4.921522492083781231e+01 4.014118426494174230e+01 2.980060054684575022e+01 4.014118426493486425e+01 4.422263459004506103e+01 3.563623816356297169e+01 4.422263464156826274e+01 4.855873562820544720e+01 4.438651159162697013e+01 4.304862181093715634e+01 3.288817292080860710e+01 3.127287407040605416e+01 2.086984590199308442e+01 3.017335785443535556e+01 3.438449507925181337e+01 3.090873818089633929e+01 2.306873119936683736e+01 3.322084219797505256e+01 2.561645420047769406e+01 3.564313880980396476e+01 4.455123737179400223e+01
4.523671954433473275e+01 4.925533901768535827e+01 5.028531792806004574e+01 4.504081302260757980e+01 4.090992225205986443e+01 4.504081302208586379e+01 4.415912324164290936e+01 3.721202726813530148e+01 3.459875337508147908e+01 3.563873347245091594e+01 4.186471166570814262e+01 3.911634143878195857e+01 4.849987442625197787e+01 5.078136483994792627e+01 4.169817740993333643e+01 3.571614891069223319e+01 4.521673930780573869e+01 3.750373905148935449e+01 2.720741776434197945e+01 3.750373905148859421e+01 3.995182062396293787e+01 2.987598234540316611e+01 3.995182062396928302e+01 4.575391417733055022e+01 4.931324088266184447e+01 4.294618131952305617e+01 3.743679564475028343e+01 3.008211315509281647e+01 3.007956495491867699e+01 1.973646526509657662e+01 2.931237694036272501e+01 2.061874386800045755e+01 3.090873818089633929e+01 3.739930788750702817e+01 3.564313880980396476e+01 3.036626060962479201e+01 3.739060698463322296e+01
4.443982218477587764e+01 4.443982218477575685e+01 4.654349429549998973e+01 3.743895695710129701e+01 3.200627490726574820e+01 3.638229556893486460e+01 3.463895376778877022e+01 3.463895376778881285e+01 2.768512603861201171e+01 3.737469532187081711e+01 3.233995957879685790e+01 3.911634143878195857e+01 4.849987442644201963e+01 4.674594073892751567e+01 3.707381535000502737e+01 3.212040607949980142e+01 4.169817662304662065e+01 3.510233579640642176e+01 2.479285325173336574e+01 3.510233579640500068e+01 3.638947396380883248e+01 2.627988711463489580e+01 3.132931281030214166e+01 4.148296112387082246e+01 4.071304078639025903e+01 3.235482703761182677e+01 3.496267006155381551e+01 2.913977613162220592e+01 2.860703841252568935e+01 1.894764412907352380e+01 1.894764412907352380e+01 1.894764412907352380e+01 2.931238089873880170e+01 3.536376822820843557e+01 4.220832993378091658e+01 4.034908946029128174e+01 3.739060698463322296e+01
3.486076031190987834e+01 3.486076031190987834e+01 4.160359165244175728e+01 4.158740152580555360e+01 3.559941187898607495e+01 2.684030704008337764e+01 3.214290735625247208e+01 2.479774999313406170e+01 3.463895376778881285e+01 2.768512603861201171e+01 3.737470133013306395e+01 4.574114615324126021e+01 5.011711551314478896e+01 4.449783632065592798e+01 3.884868342854850454e+01 2.917944283169880748e+01 3.884868342854850454e+01 3.287372919432778673e+01 2.252593687574085735e+01 3.287372919432514351e+01 3.319254199187199106e+01 2.297584071358483726e+01 3.022351703912226029e+01 4.036040229974367577e+01 3.523287192774355248e+01 2.521797149673976079e+01 2.879290554854507889e+01 1.736953813184377182e+01 1.802170627737700315e+01 2.555117779387777688e+01 2.930815548808989845e+01 1.894764412907352380e+01 2.086971499743923175e+01 3.116869952419899903e+01 3.209780394698633188e+01 4.220832993378091658e+01 4.749149797706810006e+01
3.766640257706680472e+01 2.788037385812658542e+01 3.766640257706680472e+01 3.315124321432213605e+01 2.598322672693043245e+01 3.214290735625247208e+01 2.215664444431983426e+01 3.214290735625247208e+01 3.856578487127399768e+01 3.737470133013306395e+01 3.459875352918837166e+01 4.407643215961347494e+01 4.607586707371435608e+01 3.635274882499038540e+01 3.071167787277279615e+01 2.673425455502941617e+01 3.652401426265923590e+01 3.077957250526818811e+01 2.038939405211132438e+01 2.797400235806300728e+01 3.071462800502173351e+01 2.039781336719836702e+01 3.071462796779422533e+01 3.639338669365546508e+01 3.084121189566447185e+01 2.029136927852084682e+01 2.693798830858219873e+01 1.736953813184377182e+01 1.736953813184377182e+01 2.879220924481911581e+01 3.348440808679702485e+01 2.639916109461776372e+01 3.116869952381457054e+01 2.376533923354435629e+01 3.395312003418222702e+01 4.142938561096184458e+01 4.173758567397515407e+01
