output/example/elevation_000233.asc
nrows	75
cellsize	13.33333333
xllcorner	0
ncols	75
yllcorner	0
NODATA_value	-9999
[rows 0 to 16 of 75, columns 0 to 36 of 75]
1.369999999999999864e-02 5.013700000000007151e+00 1.208476781186550575e+01 2.208476781186596583e+01 2.546408489882519532e+01 2.958664582495545758e+01 3.030030647697991952e+01 3.323020705291354915e+01 3.551058704524751164e+01 3.136781767853558733e+01 3.551058704524751164e+01 3.621337678694795414e+01 4.035600126470336591e+01 3.986592623393153190e+01 3.577575161787192570e+01 3.450127567607816559e+01 3.858807868813503461e+01 3.819662530159921943e+01 3.411248823303760958e+01 3.819662530159921943e+01 4.249217948704370684e+01 4.660054952882855162e+01 4.704348775888954748e+01 4.286365293936622578e+01 4.286365290505785453e+01 4.164378598222103989e+01 4.164378594436725933e+01 4.581898351037990835e+01 5.130810717856162739e+01 4.719634964928361143e+01 4.612646538423901177e+01 4.204874548440232473e+01 4.331179689849897585e+01 4.739790548031672301e+01 5.027045520953618762e+01 4.611853633825246845e+01 4.611853633825246845e+01
1.279999999999999888e-02 1.001279999999996306e+01 1.915583562390287753e+01 2.378970714652227159e+01 1.547862490938156554e+01 2.382707046766562087e+01 2.029903488048397264e+01 2.322833951060922786e+01 3.050998803176098662e+01 2.136675715552317456e+01 2.914099875328726341e+01 2.621152385351544467e+01 3.621337678694795414e+01 3.577575161787192570e+01 2.596112749961763555e+01 2.468832220682099532e+01 3.291352686677456774e+01 3.411248823303760958e+01 2.430700119816383520e+01 3.411248823303760958e+01 3.267053969021319659e+01 4.249217948704370684e+01 4.286365293936622578e+01 3.293798345503563496e+01 3.293798345502781189e+01 3.174082392430212352e+01 3.174082392430048927e+01 4.164378591971385646e+01 4.566923503779681681e+01 3.749574022816695162e+01 4.054243703037897006e+01 3.244845563493143459e+01 3.368696858044121001e+01 4.331179689849897585e+01 4.611853633825246845e+01 3.630456922530810715e+01 3.630456922530810715e+01
1.299999999999999940e-02 1.001299999999996260e+01 1.528092353941966941e+01 1.442111001950357441e+01 9.705379101843485401e+00 1.690313426896392812e+01 1.322783238449877175e+01 2.132656143466028098e+01 2.312268102101807443e+01 1.636673890163360312e+01 1.914024036029536546e+01 2.621152385351544467e+01 3.621337678694795414e+01 3.577575161787192570e+01 2.596112749961763910e+01 1.899499279023432763e+01 2.883576434905728547e+01 3.411248809970427942e+01 2.430700119816383520e+01 2.574421853416023609e+01 3.267053969021319659e+01 4.249217948704370684e+01 4.553306226338818874e+01 3.584514473917966626e+01 2.602991643128890686e+01 2.484199063241528904e+01 3.093753051355136208e+01 4.082936221101082452e+01 4.134615168383881922e+01 3.199842796906493447e+01 3.650601552704402764e+01 2.699210398668453337e+01 3.650601552704402764e+01 4.275498417457421141e+01 3.932303370227729999e+01 3.524968187814047837e+01 2.955415578992990433e+01
1.369999999999999864e-02 1.138787900926023555e+00 1.113878790104448413e+01 4.427668778900317292e+00 5.622897388234711968e+00 6.903266187563673384e+00 1.690345670709168147e+01 1.132625735863787675e+01 1.312231037918859755e+01 2.312268102101807443e+01 2.914099875328726341e+01 2.621152385369478921e+01 3.621337728235177877e+01 3.450127549585260311e+01 2.468832207348686936e+01 1.899499279023432763e+01 2.535652612702330089e+01 2.745633370514558536e+01 2.081536090538333994e+01 3.064572495924671713e+01 3.963554460952087766e+01 4.165395456965312349e+01 4.134994405150814600e+01 3.158939547873377762e+01 2.590655534142189254e+01 2.114236639246025717e+01 3.093753059746693879e+01 3.849345487914668240e+01 3.730366969013581269e+01 2.775157344242778024e+01 3.252762157182994684e+01 2.408948275199119848e+01 2.912334564948710280e+01 3.870274785446019195e+01 3.524968187814047837e+01 2.564567324038493012e+01 3.402939544513905901e+01
1.290000000000000001e-02 1.001289999967401556e+01 2.761002112233648997e+00 1.276100211285495867e+01 1.269395832984720407e+01 1.690338688506955833e+01 8.864427538945585994e+00 1.886465670945026574e+01 2.312268102101807443e+01 1.812231688822028630e+01 2.812304502893193359e+01 3.621337725944406571e+01 4.035603287286976837e+01 3.858807695468409094e+01 3.027291798502974629e+01 2.044013129168692799e+01 1.547813901515567103e+01 1.760736251507126582e+01 2.745633370514545035e+01 3.472421917076800923e+01 3.890336326511793885e+01 3.207414208345429074e+01 3.198091333546055282e+01 2.690390511936583096e+01 2.838422229816427844e+01 1.887221320562014881e+01 2.454235117554006607e+01 3.435665917523886748e+01 3.930094969575399944e+01 2.972201720049747919e+01 2.290314986813080012e+01 2.119635198534808396e+01 2.807954931662994014e+01 3.764648657116136832e+01 3.284867971870160375e+01 2.313020937109978448e+01 2.433863280218774250e+01
1.299999999999999940e-02 1.001299999999996260e+01 1.276100211287232433e+01 1.690313792149103733e+01 2.269191325255670222e+01 2.129005589557539224e+01 1.128978378938924187e+01 2.129007901180414919e+01 3.014651250207691646e+01 2.812304477098805222e+01 2.444701324661258113e+01 3.151884035537459638e+01 4.152170103405146762e+01 4.010139151192725393e+01 3.027291798502974629e+01 2.943381430218960659e+01 2.535651847721257468e+01 1.547813901515567103e+01 2.247805994497644377e+01 3.230575776173279223e+01 3.488000419814831332e+01 2.531813024309133553e+01 2.646964093125632544e+01 1.632118357564582212e+01 2.623688025170841343e+01 1.887221320562014881e+01 2.454235104220673236e+01 3.435665904190548048e+01 4.137749651966574049e+01 3.173492357845058010e+01 2.859844746587347686e+01 1.859824987316163458e+01 2.802552798009251589e+01 3.505182642913869984e+01 3.688228698981951936e+01 2.969554518401957921e+01 1.964633250759178296e+01
1.299999999999999940e-02 5.012999999999991019e+00 1.208406781186534396e+01 2.208406780871558439e+01 2.945582863239945937e+01 1.945486869273642938e+01 1.836090447334040476e+01 1.600383142257986080e+01 2.177739313199207771e+01 3.177856463644876683e+01 3.444861041689478043e+01 3.859123796831539011e+01 3.671871674005737418e+01 4.076857190665538155e+01 3.745502132400718409e+01 3.090179068972674159e+01 2.106386234735765584e+01 1.400165294270427552e+01 2.394427480135617969e+01 3.106657255761835401e+01 3.573855980085830453e+01 2.605336682412134763e+01 1.913503765953482727e+01 2.406749255220343642e+01 1.632118357564582212e+01 2.208287309230366802e+01 3.191135955895767751e+01 3.849345474532636047e+01 3.942870893397164167e+01 3.173492364712388536e+01 2.195842120343955628e+01 1.635384504483036139e+01 2.239776299552115546e+01 3.128388334825708483e+01 2.916664637442023178e+01 2.782735278308893712e+01 1.761458840551238225e+01
1.290000000000000001e-02 1.001289999995447033e+01 1.915513534683725538e+01 2.249295196737009661e+01 2.663509215073429814e+01 2.945582866710059022e+01 2.836173190980588288e+01 2.177739313199121440e+01 3.014651794364863946e+01 3.592041194296412243e+01 3.394223593098148228e+01 2.992849987306883719e+01 2.711589995530763986e+01 3.671871674005737418e+01 3.336855681770835957e+01 2.353336180449350579e+01 2.257945926514865675e+01 1.253950790079574062e+01 1.711896114581619699e+01 2.411950008587576377e+01 3.394669549865700020e+01 3.212501694994796253e+01 2.406312151958656642e+01 1.405619403034141790e+01 2.406749255220343642e+01 3.034190980203067767e+01 3.603980228552138243e+01 3.724688004891012838e+01 3.534468045703837191e+01 2.561117936438952469e+01 1.961484161908774482e+01 1.404890066645118551e+01 2.289793445124527693e+01 2.490005369284892112e+01 1.935567891702112675e+01 2.274540529470446515e+01 2.327214044545595684e+01
1.349999999999999985e-02 1.001349999999996321e+01 1.432798608289543374e+01 1.249295187568042209e+01 2.044550896736363299e+01 2.458765305158614467e+01 2.905980276641845705e+01 3.177856446506527632e+01 3.592036373169682406e+01 3.555233841337095413e+01 2.992849987306883719e+01 2.023284084066117927e+01 2.992849987306883719e+01 3.637734134720752621e+01 3.229306578226740498e+01 2.245734763770062159e+01 1.540577418941004773e+01 1.116086271669689367e+01 2.128327989174649559e+01 3.106308517304095318e+01 3.596681898719050707e+01 2.816394797582623610e+01 1.851171789285865898e+01 1.268003196902147245e+01 2.270503900287501509e+01 3.123730071662605212e+01 3.086591980148041614e+01 2.715769602267361549e+01 3.433453524669581469e+01 3.346936230270380719e+01 2.894735142232520531e+01 2.286796056441467684e+01 1.144067158300512688e+01 2.148794445574812784e+01 1.222087318637896658e+01 1.277944597225212320e+01 1.333823108422700265e+01
1.379999999999999977e-02 2.145807163556106012e+00 4.327986065916033631e+00 6.909974963387647939e+00 1.044550886932039724e+01 1.491764482431999106e+01 2.198871263724198855e+01 3.198871461636544566e+01 3.238733330489706930e+01 3.152261106474058394e+01 2.181861997300557476e+01 1.690216046442186837e+01 2.333690872701389196e+01 2.887589757536226287e+01 3.288481762795014873e+01 2.657019842776669094e+01 2.005574788325185054e+01 9.903199861590991304e+00 1.714698331606396309e+01 2.707666296457912480e+01 2.638639983311120218e+01 2.856091905718761836e+01 1.852125055699529455e+01 1.141559133431072404e+01 1.720745887958090847e+01 2.712531256936793511e+01 2.076907564492237768e+01 2.001500129912739823e+01 3.011274960868522399e+01 3.422797845504816650e+01 2.562946075993369277e+01 1.891967980974366270e+01 2.061193704829727480e+01 1.144067158300512688e+01 2.148776877588696976e+01 2.102398300134424503e+01 2.284240353556362635e+01
1.290000000000000001e-02 1.001289999999996283e+01 1.432798608289543374e+01 1.398104277530955386e+01 1.398104277530955386e+01 2.398104289787599797e+01 2.905980276641845705e+01 2.971390112867450739e+01 2.298571560499575384e+01 2.971388640840818240e+01 2.359933551698584253e+01 1.372496917286609275e+01 2.022575156999484491e+01 1.778859226613444022e+01 2.578108455656828468e+01 2.423616377694153456e+01 1.455360851879751927e+01 8.721165627426719524e+00 1.885925626473871475e+01 2.772256793573914280e+01 1.972334618006862428e+01 2.772157826118372270e+01 2.016076913668339898e+01 1.020988469030333867e+01 1.844159191287076993e+01 2.253253752825549583e+01 1.382606099999756388e+01 2.350711766097199273e+01 2.388666823563472263e+01 2.689180415899623355e+01 2.396923807104911219e+01 2.011961510121188823e+01 1.073935509168239655e+01 1.995370471593902906e+01 1.727243866121938254e+01 2.661952412683068303e+01 2.979431832362493893e+01
1.359999999999999924e-02 1.001359999999996298e+01 1.870736806125130514e+01 2.398104289787599797e+01 2.398104289787599797e+01 2.812318503388711477e+01 3.230277241475279482e+01 2.572015157405805041e+01 1.642243146938745113e+01 2.572013564258017482e+01 2.716714398211462367e+01 1.735051792035326201e+01 1.026652052639640544e+01 1.174250155440448928e+01 2.109717354292460456e+01 2.023341927185673939e+01 1.610215243946118946e+01 7.590588780192973672e+00 1.770488797444593487e+01 2.232079293256573749e+01 1.408196971296743882e+01 2.288999859909179335e+01 2.121113297330355252e+01 1.714003282400516781e+01 8.438951092190855263e+00 1.742219348444429983e+01 1.074496197921954987e+01 1.772468935473320073e+01 1.421308913793500572e+01 1.857737311095802824e+01 1.944310629685073266e+01 1.007165334351245001e+01 2.011961346666819850e+01 2.187861022779713238e+01 2.633809406245549667e+01 2.512308612406898689e+01 3.352884609265387184e+01
1.349999999999999985e-02 4.682106225256618792e+00 1.160811459340346374e+01 2.164905416241096248e+01 2.167105522639453241e+01 2.121298232188514632e+01 2.537690056121654436e+01 1.902198851505333010e+01 1.274091857401895567e+01 2.216475160697110525e+01 2.888101187552891957e+01 2.427179965926354654e+01 1.723645289061982311e+01 7.198127335242546110e+00 1.487326059251951094e+01 1.482275095303340784e+01 6.003154271725042790e+00 1.514309841751479979e+01 1.545403845455395597e+01 1.283797389668778699e+01 9.884887875679508440e+00 1.348657470919753365e+01 1.636783543286590614e+01 6.771310544366400563e+00 7.136131354088380618e+00 7.136131354088380618e+00 7.532438337798863515e+00 7.949511030843494197e+00 8.391886581640028098e+00 8.847712155494173558e+00 9.394253091249005649e+00 1.944279047878791644e+01 1.007165334351245001e+01 1.772792491790278646e+01 2.906383558874538409e+01 3.506062136798772144e+01 3.927028066442303356e+01
1.319999999999999993e-02 1.001319999999996213e+01 1.819206140391290205e+01 1.595261069313118973e+01 1.124196507055710192e+01 1.015316417800376847e+01 1.793414985551744323e+01 1.897082091399422055e+01 9.336068957147352521e+00 1.894874382900723475e+01 2.056358877046127986e+01 2.407378884248625184e+01 1.418998410850294789e+01 1.333175428479832547e+01 4.571412097838898347e+00 4.571412097838898347e+00 4.895343183399466724e+00 4.895343183399466724e+00 5.235859540739260964e+00 5.577771724654885688e+00 5.920357059283302803e+00 6.265323292422037227e+00 6.265323292422037227e+00 1.599781059545806094e+01 9.261887703819509099e+00 1.733006118760780012e+01 1.744597416207639640e+01 1.007605770665031386e+01 1.571658181296902690e+01 9.537855184849577839e+00 9.434684137763982292e+00 1.899759717465170894e+01 1.990601928427087941e+01 2.019906755959825873e+01 3.096353833712502635e+01 3.771194045334434009e+01 3.360907886323848004e+01
1.299999999999999940e-02 1.001299999999996260e+01 1.060864553277035682e+01 2.642755191621380284e+00 6.169432955964135878e+00 4.252677285445675359e+00 1.118301773864832427e+01 1.294970444008458621e+01 6.454496221177464577e+00 1.202574590619724226e+01 1.703813376242945665e+01 1.704400956671545586e+01 1.374156217297814919e+01 4.122360370453049150e+00 1.303563171593720504e+01 8.852503599666382783e+00 8.794202764899710090e+00 1.430192206193754245e+01 9.686876091563748403e+00 1.478072276256360418e+01 1.190918773872618175e+01 1.620268865283283333e+01 8.081338121215789982e+00 1.515216243804047558e+01 2.118903469468417811e+01 2.556460282905382897e+01 2.223260734515270443e+01 1.212609130472515773e+01 2.130119742163008922e+01 2.274166106087197292e+01 9.539447969723186205e+00 1.010803673118534896e+01 1.010803673118534896e+01 2.076707264271333386e+01 2.781117352845427249e+01 3.163692392520322016e+01 2.375017448068514270e+01
1.349999999999999985e-02 2.925727860931293667e-01 5.717543089204609741e-01 8.513720543724467849e-01 1.131758183624863134e+00 2.286164032646944566e+00 9.746562480134771889e+00 2.887824612890034448e+00 1.172890376863140283e+01 9.191920346403742670e+00 8.647563901847968637e+00 8.496224092782549420e+00 3.674912132978699564e+00 1.303226149743739626e+01 1.629710072593491077e+01 1.354218916247548066e+01 1.890496646121524904e+01 1.769889204931360283e+01 1.656492336682346078e+01 1.865192390635837683e+01 1.889937430840040022e+01 1.992923545915672179e+01 1.000335231802278813e+01 1.998843731746821106e+01 2.793120899181233696e+01 3.041113458822940885e+01 2.018252249154012645e+01 1.425754822734463900e+01 2.451299535720304945e+01 2.623637961172384792e+01 1.641729645357579415e+01 1.046083581218826453e+01 1.990342032712089804e+01 2.158596409859620735e+01 1.812971973423716321e+01 2.473080614064240024e+01 1.882193921946694459e+01
1.369999999999999864e-02 6.978763474588648208e+00 6.229941498113772624e+00 9.407919914154236452e+00 5.552967097458402890e+00 1.528092031587699129e+00 1.805435820358471277e+00 2.072238219048446517e+00 2.325880864263025316e+00 2.600901577906549633e+00 2.955320444386353884e+00 8.527049167392991791e+00 3.359578240606878818e+00 1.088755395675230275e+01 2.050520048614532342e+01 2.244736767414217837e+01 2.658366612600504553e+01 2.720264329136233172e+01 2.700891548419523858e+01 2.771745911775185078e+01 2.824131490453104831e+01 2.189413145061300980e+01 1.198420937648295492e+01 2.189413154278816975e+01 2.947207362767790428e+01 3.451733109386159271e+01 2.705994777856773581e+01 1.669524682489134904e+01 2.702296850751114476e+01 3.038178759070690305e+01 2.468860238523830120e+01 2.060057241581441190e+01 1.152578105665712194e+01 1.152578105665712194e+01 1.229248949817621295e+01 1.488092016518274185e+01 2.479051439315842131e+01
