output/example/elevation_000067.asc
nrows	75
cellsize	133.333333333
xllcorner	0
ncols	75
yllcorner	0
NODATA_value	-9999
[rows 34 to 50 of 75, columns 0 to 36 of 75]
3.337042190676853259e-01 3.195648082075152985e+01 6.528981415408507871e+01 1.152898141540854198e+02 2.152898141540867982e+02 2.566183615042021415e+02 1.729320321858584464e+02 1.968466633596681277e+02 2.807275692435592873e+02 2.497107565496612267e+02 2.497107565496612267e+02 1.774457663609237272e+02 2.024457663609233862e+02 2.291718905521654506e+02 2.998825686708221383e+02 3.998825686708249236e+02 3.914023492821441437e+02 4.001059732500884252e+02 3.001059732500856398e+02 2.423709463311214449e+02 1.976495867811250378e+02 2.568247577347409560e+02 2.982461139722633447e+02 2.524351418158079241e+02 3.491351385034577675e+02 2.996457018952565932e+02 1.996457018952538078e+02 2.996457018952565932e+02 3.364482472240371180e+02 2.364482472240343327e+02 1.787132203050709620e+02 1.378883912586840950e+02 2.378883912586854876e+02 2.365727861235436080e+02 1.365727861235422154e+02 2.282878413611050235e+02 1.896126590731556973e+02
7.136489310454718904e-02 1.000713648931038335e+02 1.652898141540864572e+02 2.067111703913965357e+02 2.567111703913989231e+02 3.143533884231639490e+02 2.729320321858556326e+02 2.968466633596652855e+02 3.382680195969736019e+02 3.497107565496584130e+02 2.774457663609209135e+02 2.774457663609209135e+02 2.351807932798855063e+02 3.291718905521682359e+02 2.826241389346518531e+02 3.533348170533085408e+02 4.533348170533113262e+02 4.415273294881905031e+02 3.837923025689015617e+02 3.390709430187554858e+02 2.476495867811257199e+02 3.390709430187554858e+02 3.524351418158107094e+02 3.524351418158107094e+02 3.938564980536095845e+02 3.238992643988902387e+02 2.238992643988874249e+02 3.238992643988902387e+02 3.778696034640172456e+02 2.787132203050737189e+02 2.531382482919461552e+02 1.531382482919447625e+02 2.531382482919461552e+02 2.486113714321206771e+02 1.486113714321192845e+02 2.486113714321206771e+02 2.896126590731585111e+02
9.059049790830050464e-01 7.161658309773724795e+01 1.716165830977358269e+02 2.241036617375103219e+02 2.241036617375103219e+02 3.241036617375074798e+02 3.029762105453090726e+02 2.615548543080253125e+02 2.854694854818350223e+02 3.268908417191071294e+02 3.774457663609180713e+02 3.766021495171893889e+02 3.351807932798826641e+02 3.168304513726557730e+02 3.826241389346546384e+02 3.642737970274267241e+02 4.642737970274295094e+02 4.355352620733063986e+02 3.941139058362430205e+02 3.890709430190051989e+02 3.476495867811285052e+02 3.890709430190132139e+02 4.524351418158181559e+02 4.224591203642418691e+02 3.224591203642390838e+02 2.647240934452748888e+02 3.238992643988902387e+02 3.653206206365958906e+02 4.201345765477813643e+02 3.396603147114453805e+02 2.396603147114425951e+02 1.689496365927868737e+02 2.689496365927896591e+02 2.665719016347998149e+02 1.665719016347970012e+02 1.725159436188074835e+02 2.725159436188102973e+02
3.236511337782697062e-01 1.003236511337775596e+02 1.706514133550258236e+02 1.241036617375117430e+02 1.948143398561655033e+02 2.948143398561626896e+02 2.452411836263588611e+02 1.615548543080281547e+02 1.854694854818378360e+02 2.505630302902024766e+02 2.919843865274822861e+02 3.190584624043395934e+02 3.604798186415853820e+02 4.168304513726529308e+02 4.582518076099521522e+02 4.642737970274295094e+02 4.231108878729965568e+02 3.778002351544471935e+02 2.941139058362458627e+02 3.180285370100552313e+02 3.887392151287079969e+02 4.887392151287051547e+02 5.166257029613099121e+02 4.638804766025360209e+02 4.061454496831686924e+02 3.147240934452762531e+02 3.463737515380497598e+02 4.463737515380525451e+02 4.110163286595519025e+02 3.110163286594949454e+02 2.856163032594565721e+02 1.856163032594537583e+02 2.856163032594565721e+02 2.851414354525052204e+02 1.851414354525024351e+02 2.725159436188102973e+02 1.975159436188078246e+02
7.051176975622763798e-01 1.007051176975615618e+02 7.065141335502724473e+01 1.706514133550258236e+02 2.655250179748172172e+02 2.699185157116578466e+02 2.038198273890649546e+02 1.038198273890663756e+02 1.798523521715487448e+02 1.505630302902038977e+02 2.505630302902024766e+02 2.190584624043424355e+02 3.027447917226506888e+02 3.528298445657304114e+02 3.637688245398469462e+02 4.051901807770229311e+02 3.524002097544502590e+02 2.816895316358999253e+02 2.363788789172849363e+02 3.363788789172821225e+02 3.888906931500549149e+02 4.166257029613155964e+02 4.166257029613155964e+02 4.913803925312855654e+02 4.561454496836079215e+02 3.854347715639329408e+02 4.463737515380525451e+02 4.166605374320993178e+02 3.752391811783093090e+02 3.110163286594950023e+02 2.110163286594921885e+02 2.856163032594565721e+02 3.270376595005917011e+02 2.750971225441469414e+02 2.043864444254902253e+02 3.043864444254930390e+02 2.975159436188106383e+02
2.762602726440547274e-01 2.801127008390546180e+01 1.280112700839040372e+02 2.120727695923347369e+02 2.075187567583209329e+02 1.992078375930139202e+02 1.284971594743680612e+02 7.048649405573327442e+01 7.985235217155015164e+01 1.798523521715487448e+02 2.035884085664174563e+02 1.613234354853806565e+02 2.613234354853778427e+02 2.528298445657332536e+02 2.637688245398497884e+02 3.297546690715860223e+02 2.883333128343527392e+02 2.109788535172471882e+02 3.109788535172443744e+02 2.665300133750604914e+02 2.888906931500577571e+02 3.166257029613184386e+02 3.499590362946508435e+02 4.206697144133036090e+02 5.206697144132979247e+02 4.854347715639357261e+02 3.959498592969602555e+02 3.252391811783035678e+02 2.752391811783022035e+02 2.398838421189738597e+02 2.817270067781449256e+02 3.524376849029189884e+02 4.165184787822551584e+02 3.252378858312007992e+02 2.252378858311979855e+02 3.252378858312007992e+02 3.242420678100534133e+02
1.850613594792993588e-03 8.249711602018013679e+00 1.082497116020172996e+02 1.283565360923815319e+02 1.075187567583223398e+02 1.453830078967920940e+02 5.778648135571430799e+01 1.577864813557128798e+02 1.798523521715487448e+02 9.358840856641894845e+01 1.035884085664188774e+02 2.035884085664174563e+02 2.293420513073485836e+02 1.821191664470794933e+02 2.539943501007112161e+02 2.670132411987920023e+02 1.883333128343555813e+02 2.883333128343527392e+02 2.926285116100174832e+02 3.665300133750576492e+02 3.596013712687105226e+02 3.705403512428280237e+02 4.499590362946480013e+02 4.206697144133036090e+02 5.206697144132979247e+02 5.373712155861858264e+02 4.666605374413481400e+02 4.166605374321008526e+02 3.657037310936987069e+02 2.657037310936906920e+02 3.657037310936985932e+02 4.231483629522503520e+02 4.390199218443690370e+02 3.475985656061989744e+02 2.475985656061961890e+02 3.475985656061989744e+02 4.242420678100592113e+02
5.933543570421615510e-01 1.005933543570414486e+02 1.999411599231206438e+01 2.835653609238296013e+01 3.680807863966809634e+01 4.538300789679350800e+01 1.160936860154477444e+02 1.992078375930139202e+02 2.350097648037085776e+02 1.435884085664182521e+02 2.035884085664174563e+02 1.184955284164173577e+02 1.293420513073500047e+02 1.412943374006937631e+02 1.539943501007126372e+02 1.670132411987948444e+02 2.670132411987920023e+02 3.297546690715860223e+02 3.926285116100146411e+02 4.340498678470750633e+02 4.596013712687076804e+02 4.705403512428251815e+02 5.119617074794825839e+02 5.206697144132979247e+02 5.620910706494986471e+02 5.181601175627857856e+02 4.181601175626532836e+02 3.604250906436890887e+02 3.157037310936920562e+02 3.234387580126548869e+02 4.071250873527706631e+02 4.553335925251645335e+02 3.553335925251617482e+02 2.975985656061975533e+02 3.053335925251603840e+02 3.053335925251603840e+02 4.053335925251631693e+02
5.242591108685094037e-01 1.005242591108678027e+02 1.199941159923113503e+02 1.283565360923815319e+02 1.368080786396666895e+02 1.453830078967920940e+02 1.868043641340956356e+02 2.575150422527425462e+02 2.850097648036969531e+02 2.142990866850720124e+02 2.599168846536973660e+02 1.762305553353791367e+02 1.570770611186110841e+02 2.412943374006923420e+02 2.539943501007112161e+02 2.670132411987920023e+02 2.096533844699163467e+02 2.673884113888772731e+02 3.380990895075300386e+02 4.380990895075271965e+02 5.028180323869405584e+02 5.030879343908653709e+02 5.445092904959657290e+02 5.387089574573150230e+02 5.801303129534363734e+02 5.595814739841631535e+02 5.018464469739660672e+02 4.571250873797081908e+02 4.157037310937133725e+02 4.234387580126738158e+02 4.648601142867846647e+02 4.967549487639284962e+02 4.390199218443691507e+02 3.683092437248542410e+02 3.760442706438170717e+02 3.630686194441245789e+02 4.467549487634117327e+02
2.245761403057450201e-01 1.002245761403050324e+02 1.419556629492241768e+02 1.643163427242219257e+02 1.885699052278550596e+02 2.152960294190972945e+02 2.454471638768732475e+02 2.808025029361987208e+02 3.222238591735070372e+02 3.142990866850691987e+02 3.176519115726388236e+02 2.762305553353763230e+02 2.017984206686062407e+02 2.105293095010952129e+02 3.105293095010923707e+02 3.510747407071420980e+02 2.803640625885690838e+02 2.803640625885690838e+02 3.803640625885662416e+02 4.735287103042833223e+02 4.028180323876119360e+02 4.030879343912873765e+02 4.867742635633305213e+02 4.387089574582644218e+02 5.223952863714202977e+02 5.801303127851721229e+02 5.252379007525412362e+02 4.752379004203397699e+02 4.338165441024536335e+02 4.752379004197589438e+02 4.959132280458443915e+02 4.544918717373767549e+02 4.959132280462252425e+02 4.683092437248570263e+02 4.760442706438198570e+02 4.630686194441273642e+02 5.044899756830261026e+02
6.918070203250719086e-01 2.110422154351818946e+01 4.195566294922559081e+01 6.431634272422333254e+01 8.856990522785646647e+01 1.152960294190987156e+02 1.454471638768746686e+02 1.808025029362015630e+02 2.385375298551633421e+02 3.092482079738160792e+02 4.092482079738132370e+02 3.432197769058530525e+02 2.595334475875671956e+02 2.812399876197479784e+02 2.921789675938654796e+02 3.921789675938626374e+02 3.803640625885662416e+02 3.803640625885662416e+02 4.217854188257110764e+02 4.235287103756971305e+02 3.321073542689591704e+02 3.453529074723264216e+02 4.338334784600098146e+02 3.809739305393034670e+02 4.387089574582644218e+02 5.387089574573153641e+02 4.829729273465119377e+02 3.838165441023255653e+02 3.338165441021689048e+02 4.252379003914346072e+02 4.459132280194443751e+02 3.544918717370305217e+02 4.459132280206147811e+02 4.897664388465316279e+02 5.209065467770702753e+02 4.794851904522558357e+02 5.209065467770703890e+02
7.517111381045206153e-01 1.007517111381038148e+02 1.419556629492241768e+02 1.643163427242219257e+02 1.885699052278550596e+02 2.152960294190972945e+02 2.454471638768732475e+02 2.808025029361987208e+02 3.222238591735070372e+02 3.776184433720746370e+02 4.190397996093829533e+02 4.009548038247708632e+02 3.595334475875643534e+02 3.812399876197451363e+02 3.921789675938626374e+02 3.986856128247001152e+02 3.572642566858976920e+02 3.849841035010181258e+02 3.963121577067413455e+02 3.548908015712997894e+02 2.821073542689605915e+02 3.071073542689599094e+02 3.338334784602016043e+02 4.338334784600098146e+02 5.223952863714204113e+02 4.833107193355573941e+02 4.415515710214684191e+02 3.415515710211317355e+02 2.838165441021675406e+02 3.411764008311251359e+02 3.825977571010084262e+02 3.044918717370291574e+02 3.483450825288802548e+02 4.483450825294581250e+02 4.709065467459646470e+02 3.794851904517845469e+02 4.709065467459646470e+02
8.558244295687547076e-01 1.008558244295680453e+02 1.404918865169398430e+02 1.618119581525008357e+02 1.847535315395568603e+02 2.097535315395566897e+02 2.374885413508177407e+02 2.691113179524996895e+02 3.069077652534219283e+02 2.776184433720774791e+02 3.776184433720746370e+02 3.639475595837207038e+02 3.225262034067804962e+02 3.639475595837207038e+02 3.797262789067618201e+02 3.409505859459889052e+02 2.572642566859818771e+02 2.849841035011631902e+02 3.298908015713194004e+02 2.548908015713704742e+02 3.548908015712997894e+02 4.071073542688233147e+02 4.338334784600097578e+02 4.752548344606947808e+02 4.540213976605687094e+02 3.833107193344191046e+02 4.476131116503737530e+02 4.061917553599380994e+02 3.411764008311251359e+02 2.411764008310442478e+02 3.411764008311251359e+02 2.666954244361053838e+02 3.666954244362129884e+02 4.300817176831594679e+02 3.886603614055350704e+02 3.294851904517831827e+02 3.794851904517845469e+02
8.802730031229742957e-01 2.049188651694134222e+01 4.049188651694127117e+01 6.181195815250224257e+01 8.475353153955826713e+01 1.097535315395580966e+02 1.374885413508191618e+02 1.691113179525025316e+02 2.069077652534247420e+02 3.069077652534219283e+02 3.393031065586058048e+02 3.139475596050819490e+02 2.225262034068279036e+02 3.139475596050819490e+02 2.797262789074599709e+02 2.797262789074599709e+02 1.995292297670209223e+02 2.142734253825104247e+02 2.298908015713708153e+02 3.298908015713194004e+02 3.963121574341691371e+02 4.355457538427285726e+02 3.941243973837596286e+02 4.355457538635336050e+02 4.040213975641568709e+02 3.126000412157624169e+02 3.898780847096160755e+02 3.061917553596852599e+02 3.161764008311042176e+02 2.161764008310439067e+02 3.161764008311042176e+02 2.378279109766232864e+02 3.309443425711392024e+02 3.533050223461575001e+02 2.886603614053957472e+02 3.886603614055350704e+02 4.709065467459647039e+02
1.825126015476009611e-01 1.001825126015468896e+02 1.404918865169398430e+02 1.618119581525008357e+02 1.847535315395568603e+02 2.097535315395566897e+02 2.374885413508177407e+02 2.691113179524996895e+02 2.997540011275829102e+02 2.583326449191612824e+02 2.393031065586862098e+02 2.725262034068048820e+02 1.725262034068286141e+02 2.489559773672589813e+02 2.609945626758322419e+02 1.797262789074877105e+02 2.797262789074599709e+02 2.849841035011631902e+02 3.006014796900235524e+02 3.006014796900235524e+02 4.006014796898481336e+02 3.855457537244262767e+02 2.941243973834510257e+02 3.855457537243869410e+02 3.626000412159068560e+02 2.626000412157610526e+02 3.451567251496309154e+02 2.484567284407210650e+02 2.932348274440337264e+02 1.932348274439874274e+02 2.868433734166397358e+02 2.100929011653614396e+02 2.309443425710691997e+02 2.533050223460674033e+02 3.533050223461575001e+02 3.734161682079289335e+02 4.027054900901464407e+02
2.234715563764334556e-01 1.002234715563757277e+02 1.708321115155065968e+02 1.294107552814717792e+02 1.380818549767124068e+02 1.795032112095751415e+02 2.502138893237805064e+02 2.985875167055265251e+02 2.420189742204225638e+02 1.583326449191809786e+02 1.685924284400324495e+02 2.214573803211223151e+02 1.371708643475017197e+02 1.489559773672773417e+02 1.609945626758540982e+02 2.609945626758322419e+02 3.211476350972508840e+02 3.849841035010181258e+02 4.006014796898481336e+02 4.006014796898481336e+02 4.420228357697622528e+02 3.441243973835833572e+02 2.441243973834496330e+02 3.441243973835833572e+02 3.248035939149202704e+02 2.248035939148372506e+02 3.037353688907837181e+02 2.037353688907246578e+02 2.537353688907535059e+02 1.714130384203878918e+02 1.868433734165972737e+02 2.868433734166397358e+02 3.309443425711392024e+02 3.533050223461575001e+02 3.441268463438719891e+02 2.734161682077557884e+02 3.027054900891499187e+02
8.205654311753158847e-01 1.008205654311746002e+02 1.172839740296558659e+02 2.941075528147320384e+01 3.808185497671437503e+01 1.087925330953686114e+02 1.920523273104108739e+02 2.278768386003352759e+02 1.571661604951421225e+02 1.005976180002192137e+02 1.108574015210706847e+02 1.214573803211342096e+02 2.214573803211223151e+02 2.489559773672589813e+02 1.987910099767763086e+02 2.609945626758373010e+02 3.609945626754368959e+02 3.945396206230595908e+02 3.531182644064870146e+02 3.945396206230669236e+02 3.782684407983880419e+02 3.107910640501995090e+02 2.107910640501158355e+02 3.107910640501995090e+02 2.914702605815571701e+02 1.914702605815034531e+02 2.790402658597158165e+02 2.376189096102409053e+02 1.537353688907239757e+02 2.244460470093796971e+02 2.868433734166397358e+02 3.282647296721139583e+02 3.476710362922527793e+02 3.062496800358186988e+02 3.027054900891499756e+02 2.027054900890990723e+02 2.719104432083500456e+02
