output/example/elevation_average_000012.asc
nrows	75
cellsize	133.333333333
xllcorner	0
ncols	75
yllcorner	0
NODATA_value	-9999
[rows 51 to 67 of 75, columns 37 to 73 of 75]
2.688609592589295403e+02 3.455378688409654160e+02 3.611587647321077839e+02 3.705999980146966095e+02 3.108151827566437078e+02 3.204574267484182428e+02 3.812841185158353596e+02 4.125614775629819633e+02 3.743261383716009050e+02 4.326157679717704241e+02 4.431931856462914538e+02 4.539102897439864819e+02 4.327422782400004166e+02 4.762693559239924070e+02 4.517795955122550140e+02 4.858184853449063212e+02 5.210863006568100673e+02 5.562379986114285657e+02 5.709250433066530377e+02 5.790730015829590229e+02 5.774711118371452585e+02 5.695266755112933197e+02 5.564500822103981363e+02 5.652207020624441611e+02 5.320825230874179397e+02 5.397856549825952470e+02 5.283113935430676520e+02 4.771455081629814003e+02 5.286535382811176760e+02 5.411100871273469011e+02 5.714985309292860620e+02 5.553596263809188258e+02 5.130024006206781451e+02 5.415910849725087246e+02 5.115386382192331780e+02 5.543290838199354766e+02 5.664302881935545884e+02
3.451433362049228890e+02 3.007006962657401914e+02 3.740685847240224007e+02 4.071423704981714877e+02 3.648532536568208116e+02 3.913090761532473607e+02 3.343265610087859727e+02 3.444512831491286420e+02 3.558789072066933272e+02 3.676154633915610930e+02 3.797348689548982748e+02 3.920646620638109994e+02 4.054537604961881812e+02 4.197816845729128659e+02 4.787207488797460542e+02 5.145099642438628962e+02 5.319630288967672413e+02 5.338955419816776384e+02 5.640673083638926073e+02 5.634828627678353996e+02 5.702670614390635819e+02 5.808354258735100757e+02 5.803850803897508968e+02 5.727726546551295996e+02 5.663875682126218862e+02 5.514947229549325129e+02 5.079417094090197793e+02 5.295738469116575970e+02 4.937590506369020318e+02 5.419778512008107327e+02 5.628767009067034905e+02 5.627481373117458361e+02 5.271474438519945807e+02 5.621981356418793894e+02 5.543441861854710169e+02 5.302104644391022248e+02 5.664554436734281353e+02
3.975568765791932151e+02 3.740850323738653742e+02 3.362952277354290800e+02 4.048347226846280478e+02 4.305523416806365731e+02 4.268718109896984743e+02 3.773725956971821347e+02 3.803027854084803039e+02 4.170269488659176318e+02 4.087591902122848069e+02 4.377437815789710385e+02 4.314649200958666029e+02 4.578615792923677645e+02 4.769430180366241530e+02 4.467612387074739786e+02 4.693638700129140489e+02 4.952185812005079697e+02 5.388912009877130913e+02 5.339428812576621795e+02 5.293177544152711107e+02 5.535880562950770809e+02 5.662114703629212045e+02 5.780993908463636899e+02 5.839109427316550409e+02 5.729486578800846246e+02 5.426892336041095177e+02 5.426632716903695837e+02 5.524444766485263472e+02 5.317916739136711612e+02 5.115007512973752455e+02 5.542772789886523697e+02 5.715552223082465844e+02 5.647038192705206257e+02 5.471184160571207258e+02 5.729401872352318605e+02 5.665283205486306315e+02 5.499120389012688292e+02
4.449052847957239578e+02 4.278519652818083614e+02 3.800596172219699156e+02 3.874017971230236981e+02 4.495999249517595331e+02 4.615252385424372505e+02 4.417256234418848067e+02 4.286556588054185113e+02 4.631069865234691747e+02 4.683278981756000121e+02 4.865229334738054376e+02 4.875327126954196046e+02 5.039939147543511240e+02 5.140556980837841365e+02 5.011652983627116100e+02 5.144911098097546756e+02 5.190968994582372034e+02 5.038443805809545211e+02 4.872461979820728857e+02 5.142683598019852980e+02 5.287724601120303305e+02 5.461607154809845497e+02 5.579050761593916832e+02 5.775396646533747571e+02 5.781689881013619470e+02 5.729765759117182142e+02 5.728995841545485064e+02 5.730247076809874898e+02 5.543992361475956159e+02 5.307193758649840447e+02 5.354753867626698138e+02 5.694870063184083619e+02 5.811718711598355185e+02 5.611191961652883720e+02 5.810804291954930250e+02 5.823943442529363210e+02 5.684757478343424282e+02
4.632053585088820569e+02 4.620547762513793941e+02 4.435501592754933426e+02 4.496117194848638405e+02 4.683955458754434176e+02 4.703913865387285682e+02 4.876988462549532528e+02 4.841576595673757879e+02 4.722630062832638487e+02 4.775798892621467076e+02 4.944059909166363695e+02 5.057074303256064240e+02 5.196862044151954478e+02 5.270433165710767298e+02 5.073327767324046818e+02 4.911320728895386196e+02 4.963926572555173493e+02 4.468039915777459328e+02 4.684708831161560170e+02 4.840588262544262079e+02 5.026036044720024734e+02 5.203684680372747380e+02 5.444979342147207717e+02 5.695112419480881272e+02 5.687454735463455791e+02 5.747024438667268669e+02 5.831583695971708039e+02 5.834488986094951315e+02 5.730495205157628789e+02 5.497795131730342746e+02 5.694314373833826721e+02 5.583026079807472115e+02 5.820630677088423681e+02 5.838360773562089889e+02 5.770983837164749275e+02 5.899917485818859859e+02 5.844614036667222763e+02
4.276101348544329994e+02 4.627832987580955546e+02 4.558693046682960244e+02 4.348117976553871813e+02 4.292628303918830852e+02 4.110293086738913644e+02 4.696462833649203503e+02 4.501026907296842410e+02 4.110714501746090832e+02 4.180118959811531454e+02 4.636556556419266713e+02 4.528269003760685791e+02 5.039190567228301916e+02 5.044357885571479869e+02 4.613160801125356443e+02 4.311752913485465228e+02 4.657922055545773219e+02 4.219228438904459040e+02 4.367980609924894679e+02 4.541626194912597043e+02 4.754425649770716973e+02 5.033372918377021961e+02 5.448306559039064041e+02 5.375273125941680519e+02 5.359732893638699807e+02 5.542127702865674337e+02 5.731870170091560794e+02 5.829656308250841903e+02 5.820887648307152631e+02 5.701046401870836462e+02 5.806922017954840385e+02 5.820419138836214188e+02 5.780335177020539277e+02 5.913708525572162671e+02 5.886953708296401828e+02 5.894885952257634472e+02 5.942434573438345069e+02
3.842645324514115259e+02 4.433003072783459402e+02 4.180281524826128248e+02 3.684027648891010358e+02 3.617556912718982858e+02 4.293420562547132135e+02 4.296889873507944344e+02 4.066729699648045084e+02 3.597704046993977727e+02 3.821786332407430109e+02 4.075083120605963245e+02 4.696791587581381577e+02 4.935590119262747066e+02 4.655307503778076921e+02 4.275881181906401025e+02 3.919005328964203159e+02 4.042864470979190514e+02 4.582141882242657971e+02 4.811234200624558639e+02 5.085972864692979556e+02 5.235839911030191161e+02 5.373595578746770798e+02 5.264777784901654059e+02 4.938064769662475442e+02 5.113219131494718113e+02 5.310767708797328623e+02 5.520987866678100318e+02 5.742789369908141452e+02 5.895868604441077423e+02 5.878765015820306417e+02 5.903377468114726980e+02 5.906770128735907974e+02 5.913459194038543956e+02 5.931176202900243197e+02 5.958485803226302551e+02 5.960959923311136208e+02 5.962641196014812977e+02
4.259183567416346818e+02 3.922113246392178780e+02 3.646003734088108104e+02 3.217825761963131868e+02 3.946983786005757224e+02 4.103913744945856479e+02 3.861523272232681165e+02 3.343809433526974431e+02 4.067196891643241088e+02 4.453433660710055619e+02 4.653366404853464360e+02 4.874775655047607188e+02 4.522550566331653386e+02 4.133523281215047405e+02 3.755610104411622387e+02 4.447631005311874901e+02 4.681617729775026646e+02 4.882799236604345197e+02 5.239381953105955745e+02 5.420089419857714574e+02 5.254951707125795792e+02 5.110966751594331186e+02 4.727809500021973577e+02 5.145134728466321121e+02 5.417356462202828880e+02 5.625094688871323569e+02 5.732465979303269705e+02 5.829782342553970693e+02 5.850498304006472381e+02 5.845477808963056532e+02 5.832272873610164652e+02 5.751921208660594402e+02 5.832207252388488996e+02 5.922057725564745851e+02 5.928759579714088659e+02 5.943821282295424453e+02 5.974999412300510357e+02
3.710412517445937510e+02 3.384553583343220566e+02 2.905204476912521727e+02 3.552345649578878692e+02 3.607356115883759458e+02 3.659289464888561838e+02 3.110503592168777232e+02 3.862134705069353231e+02 4.297885008202713379e+02 4.308770356344553534e+02 4.524763831473504752e+02 4.386343771605591542e+02 4.158216132605160169e+02 3.591946295155877351e+02 4.304375546627460380e+02 4.655528114520932945e+02 4.885150375936706268e+02 4.997933639415101084e+02 5.075605287645632302e+02 5.113353767893900681e+02 4.960011716971795863e+02 4.530553913418405614e+02 4.975150196965325904e+02 5.390356840940922893e+02 5.634964974655553078e+02 5.772870372385845030e+02 5.760334596064689094e+02 5.702683113551893257e+02 5.647491811452435968e+02 5.629634490457580114e+02 5.633366112365843037e+02 5.503655144593460591e+02 5.741149103826303417e+02 5.845607645355604518e+02 5.791658542169406019e+02 5.901724195024372648e+02 5.968531277464899176e+02
3.168054399091735149e+02 2.651645758959415957e+02 2.713159059753244264e+02 2.774064087547716895e+02 2.831805610754313420e+02 2.887920856751546808e+02 3.664185225148912082e+02 3.791044506977859214e+02 3.820513318359724622e+02 3.611672437479493851e+02 3.943392569480031966e+02 4.003389401088109025e+02 3.427686282057264293e+02 4.157967305048588855e+02 4.523365219330482887e+02 4.508153941352001652e+02 4.313983395011609332e+02 4.712661753017142132e+02 4.545286992781992694e+02 4.787518511220950472e+02 4.345789109849223451e+02 4.960352209339774845e+02 5.256333794771363728e+02 5.535621086642361206e+02 5.730769307127004595e+02 5.641722914721003690e+02 5.555901705591888913e+02 5.377657427416310156e+02 5.376532711207681814e+02 5.462919791820397677e+02 5.228163014227787926e+02 5.633396659609398966e+02 5.737718024553066698e+02 5.602256171782473757e+02 5.807868100933096684e+02 5.932107334488010792e+02 5.931116542077642180e+02
2.568668013248657189e+02 3.365157993417434454e+02 3.496128267962458835e+02 3.367563943376763973e+02 3.513995603574352344e+02 3.659992744680713486e+02 2.969800177245249415e+02 3.029895561934501416e+02 3.088112103617178263e+02 3.145756149791210419e+02 3.203741942223508659e+02 3.259772622256114118e+02 4.007676259386819311e+02 4.136663885195881676e+02 4.189767242749921934e+02 3.838087711153080477e+02 4.507831419213304116e+02 4.548805420691481345e+02 4.038318459977992347e+02 4.165870519022857366e+02 4.811121213025519410e+02 5.123254391250734443e+02 5.349891432100852171e+02 5.349569055519056064e+02 5.511245710680989305e+02 5.392892831129020124e+02 5.142422456794331538e+02 5.077457070378495700e+02 5.286782064134227994e+02 4.969332623592185882e+02 5.461236298548770947e+02 5.607188424793616832e+02 5.395430808326357237e+02 5.738380948535248081e+02 5.878833464078201132e+02 5.885219470720891195e+02 5.839082021801933706e+02
3.270154789341048627e+02 2.927221984865185505e+02 3.321258304769844472e+02 4.000624568772343537e+02 4.156362994806181632e+02 3.869124255385252695e+02 3.139849200369390587e+02 3.786650920120372916e+02 3.830059115493265836e+02 3.404177255640504427e+02 3.949121485541834886e+02 4.004608977664391887e+02 3.345088512514284389e+02 3.404892533197078706e+02 3.463511301564830660e+02 4.193931740147462506e+02 4.367029822934727576e+02 3.862093189432768554e+02 4.548521522677347093e+02 4.794673023339384486e+02 4.988342285220764438e+02 4.996029888100595144e+02 4.852419760832913198e+02 5.191018061767757672e+02 5.208174573093144772e+02 4.953018719032745594e+02 4.759156538473777687e+02 5.187480419929026993e+02 4.731091691277662221e+02 5.286391968057897657e+02 5.446153716305644821e+02 5.177691849419121581e+02 5.606860165953482920e+02 5.791316091619885356e+02 5.798069601552862196e+02 5.687085316835712092e+02 5.884689834873524887e+02
3.561817495103932174e+02 3.676693923994334909e+02 3.454912819086044351e+02 3.914958249689085505e+02 4.404092320805785334e+02 3.829729723504366916e+02 3.892048617036272731e+02 3.397500695781135960e+02 4.119740485731018680e+02 4.125181969288487949e+02 3.802276778845963463e+02 4.320204746418219202e+02 4.025514006888547556e+02 3.851634381056069287e+02 4.189891283302591205e+02 3.546359769154795458e+02 3.680987022612684996e+02 4.389661623272323823e+02 4.751104556357410615e+02 4.621588332509634824e+02 4.650784888919973810e+02 4.392210938734402248e+02 4.592462048555013325e+02 4.869095910354022863e+02 4.962212286687534402e+02 4.452751062444824584e+02 4.533420501432711376e+02 4.615113608053908933e+02 5.190935564007935454e+02 4.861350744421856689e+02 4.952724879632722264e+02 5.453733366724508187e+02 5.620356785720201742e+02 5.692688751526525266e+02 5.500746438200061448e+02 5.798220569824418362e+02 5.909700275563086507e+02
3.442574663496860126e+02 3.935693470844200306e+02 4.141098205610062450e+02 4.162344616518796556e+02 4.569351619341265973e+02 4.498372012922994259e+02 4.016520230252155557e+02 4.119477317262395673e+02 3.691138898667379635e+02 4.375526256779781988e+02 4.466444132475997435e+02 4.242236893312406210e+02 4.664094976516802262e+02 4.516014903779119436e+02 4.192676332224518205e+02 4.268875289673329121e+02 3.633995557733484816e+02 4.349048559981430344e+02 4.496859421627675601e+02 3.938740718920821564e+02 4.023557036784982301e+02 4.105526870408962736e+02 4.187259826934950411e+02 4.266674193939456359e+02 4.343621238786152503e+02 4.970922978589976537e+02 4.919802458144958450e+02 5.124603053282239671e+02 5.146760153166623013e+02 5.384288268200791663e+02 5.445991468728874452e+02 5.105719131614808930e+02 5.217484208141112276e+02 5.331004502121321593e+02 5.704845208626685462e+02 5.712437410603753278e+02 5.843788619846795882e+02
2.933854521331740557e+02 3.686322926329041820e+02 4.183510031824542352e+02 4.517583524006971061e+02 4.821826103743030103e+02 4.817852975903358583e+02 4.646990952575729921e+02 4.583669795299002203e+02 4.375332167594821726e+02 4.023193073552107535e+02 4.657000016237319073e+02 4.826922195869928487e+02 4.755497732123537844e+02 4.970249971507400346e+02 4.724314869697727772e+02 4.117648498850706460e+02 4.348548603333089773e+02 3.719030986096313427e+02 3.814173125619458347e+02 4.510420565638814310e+02 4.685292234521002115e+02 4.757862403412548247e+02 4.757589266233638909e+02 4.680518018463979502e+02 4.957957613955247211e+02 4.732862951574505814e+02 5.271954448635816561e+02 5.434346930718025988e+02 5.561345053396255480e+02 5.647972029592327772e+02 5.645239153805216574e+02 5.560325082641094241e+02 5.519380973620063742e+02 5.678868925168288797e+02 5.623478412576979508e+02 5.820374583448256089e+02 5.895743232782640462e+02
3.686292084369247846e+02 3.240228070999842771e+02 3.638235292665870588e+02 4.169027885880738609e+02 4.759668434989191610e+02 4.987063623498072502e+02 4.828173663065616665e+02 4.991718151881591439e+02 4.840248525191043996e+02 4.656876789564895489e+02 4.419591437813063521e+02 4.978614414377370849e+02 5.215199367485223547e+02 5.162951943281431113e+02 4.709410928218410959e+02 4.685344871338413100e+02 4.326650606955724925e+02 4.397747141373408795e+02 3.822942969851317798e+02 4.515849716955521558e+02 4.699463414332526554e+02 5.106503728718144544e+02 5.251184915180805319e+02 5.226430693558105531e+02 5.362053933105614760e+02 5.271407887081248873e+02 5.188908147594303273e+02 5.580518352913519493e+02 5.756626728197929879e+02 5.750787815600398289e+02 5.800157464663485598e+02 5.773929482219133433e+02 5.790223414162272775e+02 5.842584579948323835e+02 5.853352437111371955e+02 5.885125985742736248e+02 5.950295860403617780e+02
4.188832334053389559e+02 3.684845149482144961e+02 3.772271430392982552e+02 4.313625937681968026e+02 4.659134208235472556e+02 4.488439176349880313e+02 4.250919553075346471e+02 4.684201025419320672e+02 5.170116456739890509e+02 5.128852268871044089e+02 4.979508042440685927e+02 4.977956139876499719e+02 5.392639435663153336e+02 5.359697174678406100e+02 5.227289091543475479e+02 5.089270494356030667e+02 4.926586279375552522e+02 4.407330450453691810e+02 4.516415868461489822e+02 3.922399246400743209e+02 4.604603334306044644e+02 4.559622325150632491e+02 5.122494616626449897e+02 5.260786475404784142e+02 5.503237351638344990e+02 5.600303867261249025e+02 5.580387400553455564e+02 5.599708838459664548e+02 5.478814297414643306e+02 5.456499994051756630e+02 5.593419649076648739e+02 5.500447681037082930e+02 5.725013164968989940e+02 5.887330084367397376e+02 5.928584579708806359e+02 5.942882586781958025e+02 5.946283726598253452e+02
