output/example/elevation_000157.asc
nrows	75
cellsize	13.33333333
xllcorner	0
ncols	75
yllcorner	0
NODATA_value	-9999
[rows 17 to 33 of 75, columns 37 to 73 of 75]
3.664254546512375299e+01 4.431223119824170453e+01 4.058810741508047215e+01 4.470074618811386813e+01 4.564137953157358396e+01 4.974196208276413955e+01 5.553860110408823658e+01 5.418279962205082967e+01 4.910214694922026979e+01 4.491675376514857732e+01 3.665452274612398043e+01 3.851116113264320973e+01 2.899850506114416504e+01 3.905238134842729636e+01 4.468569107811511998e+01 3.459162142915741356e+01 4.468569107811511998e+01 5.087914616627886488e+01 4.597775204503349755e+01 3.615726665165612275e+01 2.938490456627608083e+01 3.378733500515145494e+01 3.216391522638538447e+01 2.220669403408455267e+01 3.219295600936309398e+01 3.792001820920647503e+01 3.001993303638517219e+01 1.990244001612076730e+01 2.403740797546541330e+01 3.065547404972546630e+01 4.006272314499114628e+01 4.273179071716921840e+01 3.604560372240339206e+01 3.487405794264560654e+01 4.407912405143076029e+01 4.120277162886100086e+01 4.586588516054499109e+01
3.126147189451161523e+01 3.427914934460853402e+01 3.047709813055052308e+01 3.747556628170632109e+01 3.564034163348582496e+01 4.514947085916004710e+01 5.012065544548023155e+01 5.002096373941007101e+01 3.981254379088721151e+01 3.478401775055418454e+01 3.149638999365446068e+01 2.851178929898818382e+01 2.694802783583930506e+01 3.696855673680624221e+01 3.659869106809678385e+01 3.085218720747325349e+01 3.659401403109444573e+01 4.671230197058574873e+01 4.705102944702487378e+01 3.723018157649655535e+01 3.885710909237212007e+01 3.990950209163808182e+01 3.105034075162971874e+01 2.093553730015858605e+01 2.951723655862796747e+01 3.249553643963709959e+01 2.787255461280659574e+01 1.932740473695219663e+01 2.970255435983657222e+01 3.001612097217672925e+01 3.655758706096844435e+01 4.610286921005344141e+01 4.532866229142599224e+01 4.004124485183856308e+01 4.815407819859101579e+01 5.088144534800987628e+01 5.506347395768274566e+01
2.734274427438341704e+01 2.701707150702605631e+01 2.448415622306515260e+01 2.727935234734153269e+01 3.095313782182637397e+01 3.606002229555834759e+01 4.602557942167327809e+01 5.418279962285944151e+01 4.910214694921909029e+01 4.491675376514857732e+01 4.153917509361711069e+01 3.497585161196766990e+01 2.491691688620117873e+01 3.281422594965417261e+01 2.658592962123345771e+01 3.659869106809677675e+01 4.156240645266951361e+01 4.149921649981803995e+01 4.545958429246385890e+01 4.702526729578213605e+01 4.350276153924313149e+01 3.385964085597772311e+01 2.696081161560675099e+01 2.949624109396611615e+01 1.930426873827878609e+01 2.799827174996008239e+01 1.857797512746246937e+01 2.872768599840470571e+01 3.381875165718882670e+01 3.935333547409653931e+01 4.336333513866966882e+01 4.662076302817310136e+01 5.065465638484720756e+01 4.959514335568687926e+01 5.375064835209894198e+01 5.391022041067724757e+01 5.391063391698718021e+01
1.874885854493190607e+01 2.098005255476335407e+01 3.132839439659407788e+01 3.747556628190508121e+01 4.104280085849310211e+01 4.514947079941412511e+01 5.012065535731446175e+01 5.629611513122579680e+01 5.215171318711836790e+01 4.708848787612787135e+01 4.128153999544814212e+01 3.711068083634638270e+01 3.281423110471995130e+01 2.262488634510115304e+01 3.281423110476578842e+01 3.875547186668429589e+01 3.184624707075966299e+01 3.186802293741524394e+01 3.989434693168772839e+01 4.529423925051369793e+01 4.565191792715597785e+01 4.053059937055762418e+01 3.659441087460116648e+01 3.351056871860326680e+01 2.799803020370086060e+01 1.788788053187414917e+01 2.793762971206088608e+01 2.869294498549406924e+01 3.842395234867872489e+01 3.738631199619195655e+01 4.056296663818542925e+01 3.704254593303025445e+01 4.378262881700368325e+01 5.347262513261333083e+01 5.108410931456546678e+01 4.415476599805991498e+01 4.415476765279603910e+01
2.917061596035530968e+01 2.120023449809939464e+01 3.154353089372308006e+01 3.773680304415120901e+01 4.154493773498939646e+01 4.565000302225934092e+01 5.061780727425978199e+01 5.215171318711837500e+01 4.198216712644322968e+01 4.291116925057445286e+01 3.286442860842841185e+01 2.714624322030455517e+01 2.456786115132359072e+01 2.262488634510115304e+01 3.132263303737517646e+01 3.378689336765985729e+01 2.478901483269048001e+01 2.611468500876058485e+01 3.169932113136532692e+01 4.134796380541718008e+01 3.635091257617768434e+01 3.634510966898871231e+01 3.510216842085038991e+01 3.204322413154758920e+01 2.796417522349324258e+01 1.788788053187414917e+01 1.842335180294513108e+01 2.894581620794916432e+01 3.329599829512785192e+01 2.779718323783109213e+01 3.103300271147700684e+01 3.775411541598472098e+01 4.734413335742014084e+01 4.676557289999975353e+01 4.272393133872770932e+01 3.742329891848853407e+01 4.415476750984263532e+01
3.496386625474023901e+01 2.470286017150890956e+01 2.406334357460005435e+01 2.754838270979444914e+01 3.146956039546735440e+01 3.656673984577598446e+01 4.652313563885093828e+01 5.083765079562866873e+01 4.065857423981188390e+01 3.485435972781680647e+01 3.157151675439325800e+01 2.855416951123832803e+01 3.461957143234062784e+01 2.707135570260764368e+01 2.102530810560156027e+01 2.973532090209010903e+01 1.953016223245245797e+01 2.352626127454071892e+01 3.250996367337540960e+01 3.718891394111095394e+01 3.546422671000689064e+01 2.669973817802103611e+01 2.919365188018185364e+01 2.222977207348682782e+01 2.641626965194213028e+01 1.745652029233366420e+01 2.754155655648617795e+01 2.014590617006255613e+01 2.338997248373925331e+01 3.329749377216502637e+01 3.636425129766078612e+01 4.102633331933290606e+01 4.326846003382996031e+01 3.925385889524191896e+01 3.322072527511244289e+01 3.989741321257113071e+01 4.954774973318839670e+01
3.069290386690990147e+01 3.496386625485816779e+01 2.832476876124084697e+01 2.851228847037264913e+01 3.272944270395891664e+01 4.277405160816466889e+01 5.061780767079110888e+01 5.498986682826645733e+01 4.913914112888730301e+01 4.303102168496508995e+01 3.297531296262849310e+01 3.557859921731548525e+01 3.712998587520065286e+01 3.548929158851703392e+01 2.986148497956618897e+01 1.953016223245245797e+01 2.850850708142651513e+01 1.834911197203654254e+01 2.731700405562963141e+01 2.731610323594536638e+01 3.159030121456758522e+01 2.160915065763387943e+01 2.626575340282001747e+01 1.686999751147208215e+01 1.686999751147208215e+01 2.688896357346099819e+01 3.065166276363207132e+01 2.014590617006255613e+01 2.191320925858953572e+01 2.358669181110811053e+01 2.992319611667126722e+01 3.633201989346208904e+01 3.684561770137704428e+01 2.977259503157863918e+01 3.925385882908420854e+01 4.225641953732151990e+01 4.048344242085741485e+01
3.658228685438902517e+01 4.261084666187355907e+01 3.347652289283841753e+01 3.867335719464458066e+01 3.684209589369248050e+01 3.986843192394118063e+01 4.978883805691525311e+01 5.475598401531462400e+01 4.459978976274604889e+01 3.874026630922402603e+01 4.005822804251349112e+01 4.566887316290478793e+01 4.720240181316408723e+01 3.918819797166406715e+01 3.191628416196357421e+01 2.166446544205633629e+01 3.186421989230275997e+01 2.729224789436378984e+01 1.723629727318717997e+01 2.616942826681370349e+01 2.956326423782208934e+01 2.555654765346730528e+01 1.624600117102710684e+01 2.626577323636522721e+01 1.686999751147208215e+01 2.688131430164974844e+01 3.473906414419434441e+01 3.066330196605410308e+01 2.627844503588812941e+01 3.338296080761305262e+01 2.580104996301894005e+01 2.733546546781358444e+01 2.733546546781358444e+01 3.684561772028823867e+01 2.977259503157863918e+01 3.276149635471929145e+01 3.943331438108675258e+01
4.655703003695544595e+01 4.760657421667188061e+01 4.350550906788404859e+01 4.760657421667188061e+01 4.392262275627253842e+01 4.978883805691525311e+01 5.388412411968511151e+01 5.888460767697895193e+01 5.305285518396292588e+01 4.889230252965202794e+01 5.020798041470826689e+01 4.776817137383856959e+01 4.273104450963791834e+01 3.502239980592656821e+01 2.495743477203046368e+01 3.191628416196357776e+01 3.431535498262972084e+01 2.440603101908889627e+01 2.615040082302155966e+01 1.610951607836862465e+01 2.503767847019222970e+01 1.558289621714929041e+01 2.565011772924013655e+01 3.026757011180736967e+01 2.397440424515095359e+01 2.266870221095648930e+01 3.270149820648227745e+01 3.980036155508907569e+01 3.111984899587403675e+01 3.945190392903757726e+01 3.651367872702292061e+01 3.209293140856052418e+01 3.684561772028823867e+01 4.084457358435659557e+01 3.925385912872813066e+01 4.225641956172675862e+01 4.225641957178266495e+01
4.435144567112563152e+01 4.435144567112563152e+01 4.366899204912393628e+01 4.784907212013777666e+01 5.382013020285318561e+01 5.548922560350030153e+01 5.153587207633616174e+01 5.548938387183876841e+01 5.716515458875162636e+01 5.313087665083632771e+01 5.076738846572477115e+01 4.062120851180421965e+01 3.352102512034579007e+01 2.855965836313251671e+01 3.502239980592656821e+01 3.918819797273135208e+01 3.835459844313959366e+01 3.430496159629188924e+01 3.012571300961002763e+01 2.499572457256991243e+01 1.489911515283023924e+01 2.492198027860544229e+01 1.558289621714929041e+01 3.354935123592805013e+01 3.390965584346116657e+01 2.853420133483335164e+01 3.685988628063265793e+01 4.454789151771747413e+01 4.054915784044777638e+01 4.454789151771747413e+01 4.563056299476642153e+01 4.159779507381413310e+01 4.563056299472268051e+01 4.701992003999755809e+01 4.284662389108697766e+01 4.701992003999787784e+01 4.494175682095784197e+01
3.458287300713180201e+01 3.458287300713180201e+01 3.385819272198392582e+01 4.077903502356097931e+01 5.088893463010307983e+01 5.076675190364748147e+01 4.213353222548816746e+01 5.076728762301063114e+01 5.159206368359887307e+01 4.351392558098172003e+01 5.159206368359887307e+01 4.437810154962009079e+01 3.429564163200341653e+01 2.855965836313251671e+01 3.855699060209050089e+01 4.521620498564099222e+01 3.961338919217630661e+01 3.517855946189971661e+01 2.948664135656623486e+01 1.729601381906773128e+01 1.446828451625856005e+01 1.976764358778989461e+01 2.717894885350785827e+01 3.401764405133273783e+01 3.890270940780523290e+01 3.855020398158878692e+01 4.292968036029468237e+01 4.484681501056802944e+01 4.892855512046504174e+01 4.426671160587410014e+01 4.009626815353102103e+01 4.426671160585767240e+01 4.446058361705648565e+01 4.035345081777990117e+01 3.286075832258179474e+01 3.785392894295130617e+01 3.491805450811487077e+01
3.406894976510643858e+01 2.764730078798436708e+01 3.257503912205972085e+01 3.968850628028311434e+01 5.029719104213192082e+01 4.649870107987949552e+01 3.753045598643199554e+01 4.221965878270998473e+01 4.616415745164255213e+01 3.811907607058538616e+01 4.757852736187231102e+01 4.855061187548642465e+01 4.273104464297108507e+01 3.429564163200341653e+01 4.273104464297126270e+01 4.105793279388270633e+01 3.149216536632561869e+01 2.595260474855141908e+01 2.115709691281431049e+01 2.332808356034260200e+01 1.402960862096738559e+01 2.351743961988460185e+01 2.098287635665847617e+01 2.558490700804743057e+01 3.238250701067342874e+01 4.143596567787560048e+01 4.323099854359153227e+01 3.487624532412777967e+01 4.323099854359151095e+01 3.924918712595497539e+01 3.007500926775970385e+01 3.924918712594969605e+01 3.866113207454839085e+01 3.039664193793365143e+01 2.787989859198578202e+01 2.787989859198578202e+01 3.491805450811487077e+01
2.418348520036356675e+01 3.406894976510643858e+01 4.153312052090055317e+01 4.669664880970535847e+01 5.218942956703376268e+01 4.743391863302375810e+01 4.221965723525770642e+01 3.299782725276956796e+01 4.221965742747871531e+01 3.467808257365859959e+01 4.400319089294490738e+01 4.978921185269341265e+01 4.855061187537536682e+01 4.437810154962008369e+01 4.200630289980495036e+01 3.770277045952046535e+01 3.370424878817936332e+01 3.060758362630681617e+01 2.645690083629688871e+01 1.539336137107819802e+01 1.357142964920517336e+01 1.617555115188231696e+01 2.877097421306514136e+01 3.471631164031970940e+01 3.890270940772090569e+01 4.233155925796837948e+01 3.910182075605114704e+01 2.908432848096722978e+01 3.375246930744728502e+01 3.508563152370545168e+01 2.494107795614580070e+01 3.001335418749775030e+01 3.175577330674963861e+01 2.449613712090256001e+01 3.461840424919970616e+01 3.491805450811487077e+01 3.491805450811487077e+01
3.100778799288722709e+01 3.215435285861127568e+01 3.899681410340525645e+01 4.854542086845393811e+01 4.818677899217119176e+01 3.874367088997968267e+01 3.418190160800237720e+01 3.047405116267900738e+01 3.967531925824199845e+01 3.165642677086658097e+01 4.089482151653258768e+01 4.005734090934531366e+01 4.695327486210553758e+01 4.480822083647102971e+01 3.517523816616665755e+01 2.837343084398317927e+01 2.390802650465088774e+01 2.064988901285073553e+01 1.824469162832841462e+01 1.788185902815869710e+01 1.308982231717877021e+01 2.087271255190017527e+01 2.584624459627544724e+01 3.565935525695605435e+01 3.568853828073465451e+01 3.265222821560799105e+01 3.448108067383171971e+01 3.375246930744728502e+01 2.356913715410198762e+01 2.920156223300514853e+01 2.783006972264393397e+01 1.965712803870458458e+01 2.144748278397290164e+01 2.672525737654408218e+01 3.677627906072959973e+01 4.494175682095779933e+01 4.494175682095784907e+01
2.405759617736345035e+01 3.109582042020262449e+01 4.074901609650893874e+01 5.024239806975713662e+01 5.219002421943039849e+01 4.506535050179752488e+01 3.572954230149417043e+01 3.047405116267900738e+01 3.713027335561193354e+01 2.885674098235191209e+01 3.810933942297601362e+01 3.339051137219671261e+01 4.205587051688787881e+01 4.729538626860185246e+01 4.200630289949663165e+01 3.370444741530305777e+01 2.882345499702797653e+01 3.060740125210633167e+01 2.768034647085379518e+01 2.245865523320369306e+01 1.308982231717877021e+01 2.264580549584640323e+01 2.671988664381729706e+01 3.168741318491982639e+01 2.583301169361064709e+01 2.569673627624477064e+01 2.462220522590996552e+01 3.155406912106799311e+01 2.920156223300556775e+01 1.887412380468188644e+01 1.749854576784662541e+01 2.783006972264103496e+01 3.175577330674962440e+01 2.990899736627591210e+01 3.676413632431488310e+01 4.672126177867302488e+01 4.926685813311943463e+01
2.951115456041108942e+01 3.109582042020242554e+01 3.670971558649021205e+01 4.626680319267555319e+01 4.962133655095551177e+01 4.904631439143678762e+01 4.360976495122081076e+01 3.713027342113478113e+01 2.785849184006865897e+01 2.613795820737560405e+01 3.362618016805373600e+01 2.869702239483648043e+01 3.410625625133582162e+01 4.347285923998906298e+01 4.740981527347953062e+01 4.257309785214530962e+01 3.854604783440851179e+01 3.630208157251197321e+01 2.771533632747637199e+01 2.598364984865764526e+01 2.108121325357212328e+01 1.234547897862407773e+01 1.978326816295064816e+01 2.556079880944245630e+01 1.829160455541032348e+01 2.302708059666772655e+01 1.738628509279271839e+01 2.452796526806348609e+01 2.457023419586917612e+01 1.602502337995628423e+01 1.602502337995628423e+01 2.201018256191084532e+01 3.225190530737043559e+01 3.993318111767345613e+01 4.404399410212785426e+01 4.163398132008113350e+01 3.847234028510787596e+01
2.819725692927322669e+01 3.788574889550076819e+01 4.345931361584047892e+01 4.674629803060993538e+01 3.997889183326482510e+01 4.674629803060993538e+01 4.372412000394646725e+01 3.440093494642075456e+01 3.708376409666018958e+01 3.362618265089011516e+01 2.400147240423903838e+01 3.082732209211432917e+01 3.970438105639041027e+01 3.897048073557620995e+01 4.307365631788839977e+01 4.402969263399202049e+01 3.882154291848285510e+01 3.415665775320936604e+01 2.526070152977080951e+01 1.863636386564037650e+01 1.607106246199505861e+01 2.072667255014652454e+01 1.153259746865232849e+01 2.127880001442153457e+01 1.223224684447220945e+01 1.223224684447220945e+01 1.324171440688678203e+01 1.415876408086985272e+01 1.415876408086985272e+01 2.457023419586945678e+01 2.633884392316292278e+01 3.054143709447891197e+01 3.642713218396348651e+01 4.070053771853076086e+01 3.628380948952575125e+01 3.093363761552924984e+01 3.847234028510787596e+01
