output/example/elevation_000063.asc
nrows	75
cellsize	133.333333333
xllcorner	0
ncols	75
yllcorner	0
NODATA_value	-9999
[rows 17 to 33 of 75, columns 37 to 73 of 75]
2.737800192460632616e+02 2.323586630085025320e+02 1.376254695399983916e+02 2.376254695399997843e+02 2.245602918585890677e+02 3.017350352418063153e+02 2.724457133604602745e+02 3.724457133604630599e+02 3.937599312979612591e+02 3.023385750599741755e+02 3.937599312979611454e+02 3.535882464815787216e+02 3.121668902438178179e+02 2.339886792674145397e+02 3.339886792674173535e+02 3.746682163121113263e+02 4.013943405033544991e+02 4.013943405033544991e+02 4.054383519553426822e+02 5.054383519553539372e+02 5.144128523089118517e+02 4.566778253892608177e+02 3.760332421233208606e+02 2.760332421233180753e+02 3.670529770219818602e+02 4.048494243229056337e+02 4.462707805611311755e+02 4.962707805616352061e+02 5.046978917236966709e+02 5.074572668100266810e+02 4.367465886899656766e+02 4.476855686640838599e+02 5.476855686641042666e+02 5.836125772987104483e+02 6.250339335403633640e+02 6.037762964631225486e+02 6.037762964631225486e+02
3.605035563539958048e+02 2.790468257775705752e+02 2.376254695399997843e+02 1.429106337658153336e+02 2.429106337658167263e+02 2.017350352418035300e+02 3.017350352418063153e+02 3.437599312977205273e+02 3.023385750599749144e+02 2.523385750599728112e+02 3.523385750599755966e+02 3.121668902438178179e+02 2.121668902438150326e+02 3.121668902438178179e+02 3.393128772527829824e+02 2.746682163121085409e+02 3.013943405033517138e+02 3.347276738366859377e+02 4.054383519553426254e+02 5.054383519553538804e+02 4.873518918386209862e+02 4.450869187565925813e+02 4.036655625183109919e+02 3.670529770219818602e+02 2.670529770219790748e+02 3.048494243229028484e+02 3.548494243229042127e+02 4.255601024415609004e+02 5.255601024415757365e+02 5.745670198307456076e+02 5.367465886899792622e+02 5.476855686641042666e+02 5.516509653810231839e+02 5.696114955837043681e+02 5.460412695441445976e+02 5.037762964630975375e+02 5.744869745817562716e+02
3.479210289129761122e+02 2.479210289129732985e+02 1.772103507943175771e+02 2.429106337658167263e+02 1.482827868593178948e+02 2.482827868593192875e+02 2.576034365785591831e+02 2.615137460135880474e+02 2.023385750599721291e+02 3.023385750599749144e+02 2.768447821335054755e+02 2.809137244273613305e+02 1.975803910940254013e+02 2.179928056172188349e+02 2.393128772527801686e+02 3.100235553714368848e+02 4.013943405033544991e+02 4.347276738366888367e+02 4.761490300752012104e+02 4.494718343646418361e+02 4.080504781262524148e+02 3.459305355993467970e+02 3.036655625183082066e+02 3.520734867676864042e+02 2.608272489583320066e+02 3.315379270769886944e+02 4.315379270769930145e+02 4.731456635905303187e+02 4.331456635905250891e+02 5.038563417106333873e+02 5.228045024192228993e+02 5.223616435012423835e+02 4.516509653810076088e+02 4.696114955836855529e+02 4.460412695441333426e+02 5.460412695441445976e+02 5.964460876969242236e+02
2.741686047409190792e+02 2.164335778219549127e+02 2.772103507943203908e+02 2.482827868593192591e+02 2.482827868593192875e+02 1.537020650053519830e+02 1.576034365785563693e+02 1.615137460135852621e+02 2.615137460135880474e+02 2.710999322372911706e+02 1.768447821335026902e+02 1.809137244273585168e+02 2.809137244273613305e+02 3.179928056172216202e+02 3.393128772527829824e+02 3.807342334906501833e+02 4.514449116098673471e+02 4.244256273501185888e+02 4.537149492314856616e+02 4.080504781262524148e+02 3.080504781262494589e+02 3.373398000075955565e+02 2.459305355993440116e+02 2.520734867676836188e+02 3.520734867676864042e+02 3.829618138245032810e+02 3.926291787149601760e+02 3.731456635905234975e+02 3.624349854718684014e+02 4.228045024191743551e+02 4.228045024191743551e+02 4.570357150756656210e+02 3.809402872623509211e+02 3.989008174650288652e+02 4.989008174650347769e+02 4.964460876969009178e+02 5.671567658155596519e+02
3.497669111552914956e+02 2.497669111552887102e+02 3.497669111552914956e+02 3.482827868593274161e+02 2.745535064110625285e+02 1.745535064110597432e+02 2.576034365785591831e+02 2.615137460135880474e+02 1.671126711231438549e+02 1.710999322372883853e+02 2.710999322372911706e+02 2.809137244273613305e+02 1.870682989763252237e+02 2.870682989763280375e+02 3.346617892125113940e+02 3.745610741775387282e+02 3.951363054694039079e+02 3.244256273501140981e+02 3.537149492314601389e+02 3.702792669486112800e+02 3.288579107107956929e+02 2.373398000075927428e+02 3.373398000075955565e+02 3.520734867676864042e+02 3.694161045949310278e+02 2.829618138245004957e+02 2.926291787149573906e+02 3.024349854718668098e+02 3.124349854718670372e+02 3.228045024191715697e+02 4.228045024191743551e+02 3.570357150756623810e+02 4.570357150756656210e+02 4.989008174650347769e+02 4.332005344935315634e+02 5.332005344935403173e+02 5.803409865726520138e+02
3.130124643586580646e+02 3.497669111552914956e+02 3.594904057910901543e+02 2.594904057910873689e+02 2.216939584901635669e+02 2.034210198705414143e+02 3.034210198705442281e+02 3.024680101824745293e+02 2.024680101824717156e+02 2.710999322372911706e+02 2.035442164634413302e+02 3.035442164634441156e+02 2.870682989763280375e+02 1.932404329748089822e+02 2.932404329748117675e+02 2.745610741775359429e+02 3.083633328829473044e+02 2.537149492314573820e+02 3.174544748309497777e+02 3.220379673160908851e+02 2.288579107107929076e+02 3.288579107107956929e+02 3.487587334712015377e+02 2.608411753378026106e+02 2.694161045949282425e+02 3.694161045949310278e+02 3.926291787149601760e+02 4.024349854718695951e+02 3.831456635905237249e+02 4.228045024191743551e+02 3.379664632907500277e+02 4.379664632907528130e+02 3.913354321041650792e+02 4.913354321041707067e+02 5.332005344935403173e+02 4.803409865726360408e+02 5.510516646912947181e+02
3.837231424773147523e+02 4.302010839097497978e+02 3.302010839097441135e+02 3.594904057910901543e+02 3.216939584901663807e+02 2.350437964722256368e+02 3.350437964722284505e+02 3.432928392288613964e+02 2.432928392288585826e+02 3.277977789670777611e+02 2.277977789670749473e+02 3.277977789670777611e+02 3.346617892125113940e+02 2.639511110934656699e+02 1.994481415272510674e+02 2.038503960588792268e+02 2.083633328829445190e+02 2.128901201850705149e+02 2.174544748309469639e+02 2.220379673160880714e+02 3.220379673160908851e+02 2.404826745851749763e+02 2.487587334711987523e+02 3.487587334712015377e+02 3.694161045949310278e+02 2.989044958259084979e+02 3.989044958259112832e+02 4.719486286660178962e+02 4.831456635905311714e+02 4.629664632907544046e+02 3.629664632907507098e+02 3.757629105916738013e+02 4.757629105916785193e+02 4.278502692711771829e+02 5.278502692711857662e+02 5.803409865726520138e+02 5.619906446654132424e+02
4.837231424773274853e+02 4.716224401482695043e+02 4.302010839097497978e+02 4.057544745908858204e+02 3.057544745908823529e+02 2.927788233911898033e+02 3.764651527100903081e+02 3.432928392288613395e+02 3.140035173475152988e+02 3.545239031583205360e+02 2.545239031583177507e+02 3.545239031583205360e+02 4.053724673315612677e+02 3.408694977649717543e+02 2.994481415272538811e+02 2.251704676944405605e+02 3.083633328829473044e+02 3.128901201850733287e+02 2.881651529496036801e+02 3.220379673160908851e+02 2.438597563396875785e+02 3.404826745851777900e+02 3.487587334712015377e+02 3.120042866745681067e+02 4.120042866745708920e+02 3.989044958259112832e+02 3.305272724275931751e+02 4.305272724275959604e+02 5.084634658334185815e+02 4.896925874819993396e+02 3.896925874819938826e+02 4.757629105916785193e+02 4.184030538627970941e+02 5.184030538628051090e+02 4.670734962988150869e+02 5.670734962988293546e+02 6.532162120908552652e+02
4.642508416733102763e+02 4.798807671837632256e+02 4.384594109250983252e+02 4.471758308293024697e+02 4.057544745908858204e+02 3.927788233911925886e+02 4.342001796294374003e+02 4.432928392288859527e+02 4.140035173475195620e+02 3.959452593962736273e+02 3.045239031583191149e+02 3.122589300772819456e+02 4.122589300772847309e+02 3.829054946134075408e+02 2.829054946134047555e+02 3.251704676944433459e+02 2.629669149953643341e+02 3.629669149953671194e+02 3.881651529496064654e+02 3.852811125775693881e+02 3.015947832586517734e+02 2.671092840884520569e+02 3.671092840884548423e+02 4.120042866745708920e+02 4.120042866745708920e+02 4.719486286660178962e+02 4.305272724275959604e+02 3.670421095946052787e+02 4.670421095946098831e+02 5.311139437210063079e+02 4.896925874819993396e+02 4.344139470319909151e+02 5.184030538628051090e+02 4.684030538627984583e+02 5.670734962988293546e+02 5.117948558488121193e+02 5.825055339674707966e+02
4.142508416664190918e+02 4.221457402560377545e+02 3.384594109250384690e+02 4.221457402560563423e+02 5.031484472694115198e+02 4.617270910050626185e+02 4.732245820202698496e+02 4.318032257634774851e+02 4.732245820202698496e+02 4.459452593966285576e+02 3.752345812769758027e+02 3.829696081959386333e+02 4.122589300772847309e+02 4.243268508515587882e+02 3.406405215323689504e+02 4.043882712333559653e+02 3.207019419143285290e+02 3.129669149953656984e+02 4.129669149953684837e+02 4.430161394969285880e+02 4.015947832586545587e+02 3.671092840884548423e+02 2.913628465920859867e+02 3.913628465920887720e+02 4.610684740778918922e+02 5.534256429155076376e+02 5.084634658334185815e+02 4.670421095946098831e+02 4.117634691446023112e+02 5.117634691446102693e+02 5.677472803653395204e+02 4.677472803653251390e+02 5.677472803653395204e+02 5.684030538628143177e+02 5.261380807817643017e+02 6.117948558488370736e+02 5.750404090521832359e+02
3.728294854165631591e+02 3.807243840060995126e+02 2.807243840060742741e+02 3.807243840060995126e+02 4.454134203393712141e+02 3.617270910049717827e+02 4.318032257634774851e+02 3.318032257634278608e+02 4.318032257634774851e+02 4.901347798967933045e+02 4.752345812769844429e+02 4.829696081959491494e+02 5.122589300773453260e+02 4.820618777711056282e+02 4.406405215323741231e+02 4.621232981527909942e+02 4.207019419143314849e+02 3.836775931140223861e+02 3.836775931140224429e+02 4.836775931140318789e+02 4.490978735110546154e+02 3.490978735110501816e+02 3.913628465920887720e+02 3.196471178395486845e+02 4.196471178395514698e+02 4.838699703583649807e+02 5.216664176592921649e+02 5.531848253841105816e+02 4.824741472632589989e+02 4.750090223479716656e+02 5.750090223479936640e+02 5.384579584839838162e+02 5.384579584839838162e+02 6.384579584840307689e+02 5.968487589004230358e+02 6.077877388745414464e+02 6.750404090522501974e+02
3.350330381156295516e+02 3.453690449467623580e+02 2.453690449467459302e+02 3.453690449467623580e+02 4.039920640860459571e+02 3.039920640860075878e+02 3.462570371670597069e+02 2.909783967170404253e+02 3.487134236360046202e+02 4.487134236360740829e+02 5.231475398633156146e+02 4.805454784607952661e+02 4.391241222024826811e+02 4.805454784607952661e+02 4.786048304573623113e+02 4.371834742006104761e+02 4.786048304573623113e+02 4.836775931140318221e+02 4.836775931140318789e+02 5.250989493534422081e+02 4.905192297497568461e+02 4.068329004300143765e+02 4.610684740778918922e+02 3.643684773895457170e+02 3.550024568988770284e+02 3.838699703583591258e+02 4.216664176592828994e+02 5.216664176592921649e+02 5.824741472632861132e+02 5.457197004666303428e+02 6.164303785892593623e+02 6.384579584840307689e+02 6.384579584840307689e+02 6.798793147278116749e+02 6.968487589005486598e+02 7.077877388747359646e+02 7.492090951255888740e+02
3.764543943621192170e+02 3.152179104889807491e+02 2.152179104889691530e+02 3.152179104889807491e+02 4.006238206658246668e+02 3.462570371670597069e+02 2.462570371670433929e+02 3.462570371670597069e+02 4.000765254977939662e+02 3.817261835905358112e+02 4.817261835907129353e+02 4.305454784533482098e+02 3.391241222024257240e+02 4.305454784533479256e+02 4.371834742006104761e+02 3.371834742005627845e+02 4.371834742006104761e+02 4.749261053943114916e+02 4.858650853684881099e+02 5.272864416399115726e+02 5.482542566696856738e+02 5.068329004300245515e+02 5.057898336283669209e+02 4.221035043085099119e+02 4.127374838178412233e+02 4.838699703583649807e+02 4.838699703583649807e+02 4.923770957779396440e+02 5.923770957779694299e+02 6.457197004667035571e+02 6.058958245022289475e+02 6.168348044765822351e+02 6.582561608030689513e+02 6.394865865749686691e+02 6.320214616595501411e+02 6.734428179884750989e+02 7.441534961992623494e+02
3.592024644164116580e+02 2.592024644163830658e+02 1.884917862977263496e+02 2.592024644163830658e+02 3.390564270639227971e+02 2.976350708201096040e+02 2.238963573920451893e+02 2.592516964513735047e+02 3.000765254977609402e+02 4.000765254977939662e+02 4.082038067611738938e+02 3.667824505120879053e+02 2.891241222024243598e+02 3.891241222024528952e+02 3.963586451542036002e+02 2.963586451541753490e+02 3.818547475005781848e+02 3.749261053942102535e+02 3.858650853683284367e+02 4.676998950667287431e+02 5.091212513280642611e+02 5.591212513412408498e+02 5.635248605483742494e+02 5.221035043085214511e+02 5.127374838178510572e+02 5.541588400574798925e+02 5.838699703584709368e+02 5.923770957779694299e+02 6.337984520199754570e+02 5.766065026584385578e+02 5.058958245018225739e+02 5.168348044759430877e+02 6.101972647439012007e+02 5.394865865743207678e+02 5.320214616590330934e+02 6.027321397776918275e+02 6.635429393272379457e+02
3.310340153171418933e+02 2.655502129106766915e+02 1.655502129106698703e+02 2.655502129106766915e+02 2.730167726242407866e+02 1.976350708201003386e+02 2.976350708201096040e+02 3.592516964513929452e+02 3.428056578120836662e+02 3.467740367627473574e+02 3.504687798373911960e+02 2.667824505120638037e+02 2.537687831430960159e+02 3.537687831431144900e+02 3.360033060948599655e+02 2.610033060948470052e+02 2.818547475005550496e+02 3.042154272755535658e+02 3.343665617333307409e+02 3.676998950666649648e+02 4.176998950666663291e+02 4.884105731853230168e+02 5.884105731857580395e+02 6.093070830408278198e+02 5.678857267471082650e+02 5.808613779469102383e+02 6.222827342509156097e+02 6.116890036301257396e+02 5.702676473356700626e+02 5.351851463832849731e+02 4.351851463831658862e+02 5.351851463832849731e+02 5.240545489057700479e+02 4.687759084556620337e+02 5.687759084558522318e+02 6.002973861234195283e+02 5.635429393265302451e+02
2.354837243840700580e+02 2.390968712517199037e+02 1.442301412751085365e+02 2.442301412751136809e+02 1.730167726242334822e+02 2.730167726242407866e+02 2.641923556429459268e+02 2.681390408327654313e+02 2.428056578120605309e+02 2.467740367627232843e+02 2.800506197582196251e+02 2.090474235930996088e+02 3.090474235931098974e+02 3.124330800553050835e+02 2.360033060948463230e+02 3.360033060948599655e+02 3.818547475005781848e+02 3.619504541945177607e+02 4.343665617333732030e+02 4.676998950667287431e+02 5.091212513280642611e+02 5.377910606688734561e+02 5.792124169596934280e+02 5.515720560987330146e+02 4.678857267468611667e+02 4.808613779465537164e+02 5.808613779469102383e+02 5.539539766877254579e+02 4.702676473354121072e+02 5.018518130499110157e+02 4.018518130498316623e+02 4.848313218780909324e+02 4.240545489056650013e+02 5.240545489057700479e+02 5.576572428521852771e+02 5.002973861231591854e+02 5.580324130421249720e+02
1.354837243840654253e+02 1.390968712517150720e+02 2.390968712517199037e+02 1.494465465846815846e+02 2.494465465846870131e+02 2.586195735171920091e+02 1.641923556429393045e+02 1.681390408327586101e+02 1.720949796934048095e+02 1.760633586440675629e+02 1.800506197582120933e+02 1.840474235930992677e+02 2.840474235931069984e+02 2.124330800552944254e+02 3.124330800553050835e+02 3.774246623407157131e+02 4.411247391650524037e+02 4.619504541945880760e+02 5.033718104563075713e+02 4.975627588358361777e+02 4.561414025758322168e+02 4.377910606685460380e+02 5.107472270426675323e+02 4.693258707815714388e+02 4.101506998278969718e+02 4.808613779465536595e+02 5.808613779469102383e+02 5.125326204165569379e+02 4.125326204164479122e+02 4.547975934975298173e+02 3.717006785920544871e+02 3.848313218780270972e+02 4.848313218780909324e+02 5.233575258236311356e+02 4.576572428520358926e+02 5.576572428521852771e+02 6.417187424242514453e+02
