output/example/elevation_000002.asc
nrows	100
cellsize	10.0
xllcorner	0
ncols	100
yllcorner	0
NODATA_value	-9999
[rows 34 to 50 of 100, columns 37 to 73 of 100]
1.720140399953515242e+01 2.342175937120175533e+01 1.368945107659943972e+01 2.368945118115729187e+01 1.697326912982736502e+01 2.697326928365222898e+01 2.428735117382279896e+01 2.928735117553602763e+01 3.928735206873724195e+01 4.318804321380387989e+01 3.496279393022386017e+01 2.496339187302606177e+01 1.789254696906623820e+01 2.789214892776856303e+01 2.778718893266513490e+01 1.778705249724418991e+01 2.485819598575656286e+01 3.485840342918696422e+01 2.952247160666330217e+01 2.952247160666330217e+01 1.986250092552061020e+01 2.693388759042071001e+01 3.434855124935246806e+01 2.796496325618200274e+01 2.536577045606313874e+01 3.536681901691082430e+01 3.183477748362604842e+01 2.317123766348423786e+01 3.317247887225603620e+01 3.889663581613938703e+01 4.389741035097200950e+01 4.368351116819740554e+01 3.721554178084018361e+01 2.721347229789522260e+01 3.431605051165794862e+01 3.457976856402630972e+01 2.495244216201524878e+01
2.315492662086891684e+01 1.342175926944281450e+01 2.342175937120175533e+01 1.395815568404967877e+01 2.395815579149459040e+01 1.894212633535564905e+01 2.894212654425432518e+01 3.662200123687780007e+01 4.342949389862703669e+01 3.958225635990670810e+01 2.958264031700744923e+01 2.251179024032669673e+01 1.751185347525363767e+01 2.697541184028911587e+01 2.721260624818939533e+01 1.754861910354878063e+01 2.754871418511407910e+01 3.616312007989196786e+01 3.952317919666371893e+01 3.204537523320642123e+01 2.204469708038438469e+01 3.204537523320642123e+01 4.107717840950326860e+01 3.796605132141350936e+01 2.890162064559518740e+01 3.890275341856937530e+01 3.731526574653012318e+01 3.317247887225603620e+01 2.475243192327139852e+01 2.975308401197687758e+01 3.975459679292854531e+01 4.428815671914689744e+01 3.428596875195106719e+01 3.298812683283135527e+01 4.135862920648297347e+01 3.745514993371416779e+01 2.745277423534966488e+01
1.315492652182524047e+01 2.022599433552006332e+01 2.756389669068166981e+01 2.395815579149459040e+01 1.422808112744266040e+01 1.800772585753500010e+01 2.247986181254029248e+01 2.955092963687200580e+01 3.955093069072184875e+01 4.188489884438428135e+01 3.665343178794277179e+01 3.083328196572314894e+01 2.669114421433640771e+01 1.697541169446816767e+01 1.721256769719379776e+01 2.721260624818939533e+01 2.202077498604060679e+01 2.909193131430314594e+01 3.909209327980877191e+01 3.506072879388225516e+01 2.505993242285834199e+01 2.739022047515642200e+01 3.739103597383314792e+01 4.304540471166767901e+01 3.390217163008736634e+01 4.304540471168410676e+01 4.169087155594593952e+01 3.168935110338589567e+01 2.591499215720935467e+01 3.591649103035485524e+01 4.389741035098237631e+01 4.843128966125445345e+01 4.428815671914689744e+01 4.006070305882804661e+01 4.137843635938145326e+01 3.137597933843576214e+01 3.745514993371416779e+01
1.995939875146372344e+01 2.729706390916199865e+01 3.436813348280403346e+01 2.441954113529057224e+01 1.441954102270953797e+01 2.441954113529057224e+01 3.214986407984036276e+01 3.662200123683928865e+01 3.895596983112881162e+01 3.188489743374738339e+01 3.376221236089097744e+01 2.376221188756914060e+01 1.669114407266067701e+01 2.669114421433640771e+01 2.721260624818939533e+01 2.537756082868512308e+01 3.202091094103594315e+01 2.834540716285608042e+01 3.834556795569009324e+01 3.839434033324849338e+01 2.839350571514977162e+01 3.739103597383314792e+01 3.446185232295158585e+01 4.446271087047289683e+01 4.097404647952432555e+01 4.804600493132643635e+01 4.583369355814095059e+01 3.712053534508063279e+01 2.711899210836894625e+01 3.712053534508063279e+01 4.048492537979881689e+01 4.462773845277904883e+01 5.420614018592526406e+01 4.770459802319590636e+01 3.770205817114888447e+01 3.584918810640319009e+01 4.552168709616546494e+01
2.703046829194184397e+01 3.410153783241979397e+01 3.168217447805552922e+01 2.168217409387527184e+01 1.461110627975377341e+01 2.461110639453358928e+01 2.902455663287216581e+01 3.241740773861467773e+01 3.395596820338023036e+01 2.481382960068378196e+01 3.034933479322403471e+01 2.620719711204661095e+01 1.649037971304096573e+01 2.649037985187237609e+01 3.408772773653836907e+01 3.537762201981497157e+01 3.951979216316998844e+01 3.834556795569009324e+01 3.834556795569009324e+01 4.253685347702652564e+01 3.339391655474752696e+01 3.839434033324849338e+01 4.446271087047289683e+01 4.860524256090168649e+01 5.097526378115372125e+01 4.789568830657832166e+01 3.789413650377476728e+01 3.211978100924556401e+01 3.712053534508063279e+01 2.899246958275464792e+01 3.048344139972502731e+01 4.048492537979881689e+01 4.686414665776128885e+01 5.184789978620793960e+01 4.477488303637439770e+01 4.292198685567282013e+01 4.585169216215886934e+01
2.617004114395014014e+01 3.031217854876334172e+01 3.277607265434167516e+01 2.277607210255634484e+01 2.461110639453358928e+01 1.488241901429897318e+01 2.488241913227972546e+01 2.241740732500083055e+01 2.553878972643631329e+01 1.981382960062234488e+01 2.592429781023697544e+01 1.620719697714665486e+01 2.620719711204661095e+01 2.075439404015373412e+01 2.408772737348906290e+01 2.855986332856237553e+01 3.433336602641784907e+01 4.433336756591898364e+01 4.834574576841065152e+01 4.753729172175832218e+01 4.339476411174944559e+01 4.753729172176073803e+01 5.253776489104486558e+01 5.604582337578573714e+01 5.190367390852162544e+01 5.203854265838568693e+01 4.626411302607929343e+01 3.789413650377476728e+01 4.200955129348696460e+01 3.200807316801469682e+01 4.048492537979881689e+01 3.271985924648929256e+01 4.272131998932682961e+01 4.922153530193117632e+01 5.477755567826812921e+01 5.292462644683393336e+01 5.585438533180990106e+01
1.617004100935270117e+01 2.617004114395014014e+01 3.139050636869958311e+01 3.277607265434167516e+01 2.488241913227972546e+01 2.488241913227972546e+01 1.515403181831971402e+01 1.534633951062741275e+01 1.553878960035729406e+01 1.573134669598353419e+01 1.592429767915330885e+01 2.592429781023697544e+01 3.034933479322415550e+01 3.075439428218859206e+01 3.408772773653836907e+01 3.822986718775571546e+01 4.270200508074056245e+01 4.847551199652840381e+01 4.471888599268982745e+01 4.057674433175827033e+01 4.471888599268977771e+01 4.971889328023600996e+01 4.815401004910482641e+01 5.027231386817875602e+01 4.190367105693638194e+01 5.027231386817840786e+01 5.203854266036363896e+01 4.789568830657876219e+01 4.534338609727440428e+01 3.534188168591252577e+01 4.534338609727440428e+01 4.272131998932682961e+01 3.507720343690318288e+01 4.214928797001424243e+01 5.215090542052045208e+01 5.675567031660776252e+01 5.175418709168926057e+01
2.617004114395014014e+01 1.724836874138710030e+01 2.724836889183804445e+01 3.250161757366053195e+01 3.488242025772802890e+01 2.929616947594406895e+01 1.962616777332042162e+01 2.534633963428006709e+01 2.553878972643631329e+01 2.073134669599498281e+01 2.592429781023697544e+01 1.696971442613195791e+01 2.696971457251919801e+01 2.803571817176418079e+01 3.803571967868501957e+01 3.784148094700321963e+01 3.759220050856072959e+01 4.173434114921451510e+01 3.971888360030851572e+01 3.057674360228235599e+01 3.557674396702030606e+01 4.522508228751691917e+01 3.815400784680085167e+01 4.304410219609090404e+01 3.613016835535261606e+01 4.613016957026094644e+01 5.279656717699565149e+01 5.693871701312158251e+01 4.948622802681342137e+01 4.034258941307229662e+01 4.948622802681342847e+01 4.684673168878219940e+01 3.684519960118663562e+01 4.684673168878219940e+01 5.387681011055626357e+01 5.261222075267392739e+01 4.260933949929382436e+01
2.302187143347529030e+01 2.724836889183804445e+01 1.835947985249822878e+01 2.835948002130067636e+01 3.419192636783674999e+01 3.376830637156866999e+01 2.962616799270641366e+01 2.962616799270641366e+01 3.073134695308091224e+01 3.073134695308091224e+01 2.404078224119477980e+01 2.696971457251919801e+01 1.803571800791002744e+01 2.803571817176418079e+01 2.994280671513087455e+01 2.784148022103741837e+01 2.759219993252784064e+01 3.289081004821814247e+01 3.397546237054763196e+01 2.557674360217626131e+01 3.557674396702030606e+01 3.850095160815566686e+01 3.108294000472851337e+01 3.304410135611041710e+01 4.304410219609090404e+01 3.990981308550315987e+01 4.279656443162827628e+01 5.279656717699573676e+01 5.448705003936201763e+01 4.741476020137639580e+01 5.391896333109984596e+01 4.391731742629009716e+01 4.684673168878219940e+01 3.973234499547326948e+01 4.973394488226538357e+01 5.675567031660703066e+01 5.175418709167303888e+01
3.302187178901853315e+01 2.941947792054697430e+01 1.941947773250460685e+01 2.004978836195529013e+01 3.004978856509452712e+01 3.305044677961831923e+01 3.719258510414442753e+01 3.962616990189163602e+01 4.073134912630668225e+01 3.404078273007561961e+01 3.404078273007561961e+01 2.803571817176417369e+01 2.803571817176418079e+01 1.912357459435088813e+01 1.994280651486993960e+01 2.077041240347232076e+01 2.181869724019425405e+01 2.289080977503206427e+01 2.397546206412536307e+01 3.397546237054763196e+01 2.727925666369378632e+01 2.850095110725685998e+01 3.850095160815566686e+01 4.304410219609090404e+01 4.718624471099528250e+01 4.990981503852825085e+01 5.279656717699573676e+01 4.814178929959506803e+01 5.814179513370966390e+01 5.741643450427631734e+01 5.806184909207072309e+01 5.391896333109984596e+01 4.473311276701722505e+01 4.973394488226538357e+01 4.381544646263341747e+01 5.381710480050519863e+01 5.261222075267392739e+01
3.619546562311546722e+01 3.049159047716454651e+01 2.049159026734241706e+01 3.004978856509452712e+01 2.179056492151229918e+01 2.305044649820974456e+01 3.305044677961831923e+01 3.904953893668343312e+01 4.404954081417938028e+01 4.404078620594469129e+01 4.217786180222918802e+01 3.544813041318187175e+01 2.544812991569344973e+01 2.179618701347517629e+01 2.994280671513087455e+01 3.077041262180238945e+01 2.275070748942570376e+01 3.275070776166772646e+01 3.397546237054763196e+01 3.214042791904661556e+01 3.727925710339806642e+01 3.850095160815566686e+01 3.096278092684355698e+01 3.363539334596789132e+01 4.363539425281666695e+01 5.073299189024245948e+01 5.487513983988389299e+01 5.814179513370966390e+01 5.521285809086231922e+01 6.521287466588862003e+01 6.180705400174223740e+01 5.180534394550264921e+01 5.050756145818360210e+01 5.697991483359727027e+01 4.697823132259377843e+01 5.697991483359727027e+01 6.261529339567225350e+01
2.912439570533617683e+01 2.205332788622850515e+01 3.049159047716454651e+01 3.049159047716454651e+01 2.886163274047482830e+01 3.305044677961831923e+01 2.490739987998029292e+01 2.990739988008820660e+01 3.697846773156992128e+01 4.697846995535239500e+01 4.361309797759774654e+01 3.361309582800075901e+01 3.456968834181611072e+01 2.456968799460137021e+01 3.456968834181611072e+01 3.475070782972825612e+01 2.475070748942573573e+01 2.563745883537388082e+01 3.563745921809916695e+01 4.214042934015512287e+01 4.628257261284139190e+01 4.331980440020248579e+01 3.331980353079879364e+01 4.331980440020248579e+01 3.771787625065924487e+01 4.073298969658431901e+01 4.780405770306276736e+01 5.780406452822987262e+01 6.521287466588862003e+01 6.935504618372958419e+01 6.594998454145930111e+01 6.180705400174223740e+01 5.757981381119235209e+01 6.112281167518660396e+01 5.145111128165542880e+01 6.112281167518673186e+01 6.452099777555118010e+01
3.318560519835958189e+01 2.318560492037311960e+01 3.318560519835958189e+01 4.049159229728198284e+01 3.886163355598490199e+01 3.629415077176414428e+01 2.629415037054338811e+01 3.629415077176414428e+01 4.053917241201640564e+01 4.289619521537557745e+01 4.703833631620997835e+01 4.361309797759774654e+01 3.773196616256267077e+01 2.773196565476980524e+01 3.773196616256267077e+01 3.683585205995069600e+01 2.683585162999651885e+01 3.563745921809916695e+01 2.872352583461577069e+01 3.872352638817224602e+01 4.619900228567627209e+01 4.746194706322339840e+01 4.331980440020248579e+01 3.724212623358562269e+01 4.724212766403427111e+01 5.073299189024245948e+01 4.705754509675290365e+01 5.412861399584092936e+01 6.412862991969836912e+01 6.616808309210513528e+01 6.726198109019031790e+01 7.140411688754099373e+01 6.758157148993194596e+01 6.559573417337109902e+01 5.852336409944756213e+01 6.559573417337118428e+01 6.866455866885962678e+01
2.493972095898720909e+01 3.318560519835958189e+01 2.789965012830794322e+01 3.789965065415798051e+01 4.781529418272683074e+01 4.043628980047274268e+01 3.629415077176414428e+01 2.835699286306100930e+01 3.053917176542097067e+01 3.289619436937621089e+01 4.289619521537557745e+01 5.096066144572876055e+01 4.187410664865092258e+01 3.220410160983695391e+01 4.187410664865099363e+01 3.901803108232324035e+01 2.901803053235648022e+01 3.901803108232324035e+01 3.872352638817224602e+01 3.205685916795022905e+01 4.205685999828327226e+01 4.997864974913434821e+01 5.138427280129995722e+01 4.724212766403427111e+01 4.195617144347496463e+01 4.902723954654653937e+01 5.705755084796531662e+01 6.119970684222032276e+01 6.323915097696180254e+01 5.616808309093180185e+01 5.726198108834940115e+01 6.362178493568124082e+01 6.362178493568124082e+01 6.776392076570650147e+01 6.852512097896406829e+01 6.556855100909648115e+01 6.556855100977128359e+01
2.643043294398709264e+01 3.643043333814870266e+01 3.789965065415798051e+01 3.367315282339240667e+01 4.367315406002357747e+01 4.124374491965034650e+01 3.124374420900918636e+01 3.835699336855775954e+01 4.053917241201640564e+01 4.289619521537557745e+01 3.681851707216736003e+01 4.681851846410029339e+01 4.634624508724115088e+01 3.797760431068069664e+01 4.479153452262275437e+01 3.479153322635023216e+01 3.608909836686555650e+01 3.349016648741017832e+01 4.349016748221144013e+01 4.205685999828327226e+01 3.583650389808611436e+01 4.290757180633377743e+01 5.290757603453687352e+01 5.609832348020869830e+01 4.695617147135705949e+01 5.609832348024146853e+01 6.316940741393668901e+01 6.490850582263472290e+01 5.909701527940994481e+01 4.909701527906607765e+01 5.909701527940994481e+01 5.362178493458733897e+01 5.362178493458733897e+01 6.362178493568124082e+01 6.263961904338344766e+01 5.556855100705140416e+01 5.556855100705140416e+01
2.797346644360803580e+01 3.797346690989330398e+01 4.565113993929409020e+01 4.074422075844370994e+01 4.781529418272717891e+01 4.538588543184712876e+01 3.831481205563395065e+01 3.448817263162548130e+01 4.155924050771906053e+01 5.096066144572891687e+01 4.681851846410029339e+01 4.181851707599940937e+01 5.181851985220118451e+01 4.504867238846103561e+01 4.893367857510254026e+01 4.056503594513275601e+01 4.608910016725934611e+01 3.702570039354368703e+01 4.702570193210925709e+01 4.997864974913498770e+01 4.030863985465951060e+01 4.290757180633377743e+01 5.290757603453686642e+01 6.109833244160063970e+01 5.695617682036711216e+01 6.109833244160123655e+01 6.601115002622914574e+01 6.076637009568584347e+01 5.076637009484360874e+01 4.576368194573262826e+01 5.183667191496246573e+01 4.655071712272161477e+01 5.655071712304218323e+01 6.124182716374733815e+01 5.849748319578489486e+01 4.849748319518567996e+01 5.516414986201623094e+01
3.797346690989330398e+01 3.150900034954124962e+01 4.150900107084569868e+01 4.973362445343298788e+01 5.488636760700742911e+01 5.245695880806035660e+01 4.698817403420024874e+01 3.698817263162879954e+01 4.698817403420024874e+01 5.570139053508465565e+01 5.596066622904285737e+01 4.681851711369570523e+01 5.596066622903762067e+01 5.504867882791047151e+01 5.470718795772225462e+01 5.056503894853287306e+01 5.116784724267790807e+01 4.409676832792877121e+01 4.519066657677058174e+01 5.445079043328996704e+01 4.608214261012278001e+01 5.290757603453686642e+01 5.704972769193758353e+01 6.568114979241904905e+01 6.015328568946885213e+01 5.601115002235783180e+01 5.601115002235783180e+01 6.046592761619768197e+01 5.260140428572091764e+01 4.260140428556414349e+01 4.183667191481113434e+01 5.183667191496245863e+01 6.069285284371148492e+01 5.124182715930609788e+01 5.124182715930609788e+01 4.516414986185223057e+01 5.516414986221997907e+01
