output/example/elevation_average_000065.asc
nrows	75
cellsize	133.333333333
xllcorner	0
ncols	75
yllcorner	0
NODATA_value	-9999
[rows 51 to 67 of 75, columns 0 to 36 of 75]
5.882205962523524567e-01 8.852952324622368252e+00 1.708944014857576477e+01 1.152946519163847512e+02 1.351430053400256099e+02 4.942585714753859349e+01 1.467106551882267524e+02 1.676203391870356825e+02 8.314054774361305533e+01 1.792625197913990291e+02 1.734483859562710961e+02 1.686622517537122974e+02 2.503524155291179625e+02 3.115932837232649604e+02 2.435301313542498463e+02 2.327468770421152726e+02 3.254657495129126801e+02 3.371199489213250899e+02 2.879554559624988315e+02 3.438800938151811124e+02 3.556427411902978974e+02 2.770899135604266235e+02 2.384439536776252737e+02 2.989717362017261166e+02 2.778262934114414975e+02 1.866104807815513880e+02 2.344849410577503477e+02 1.551621512977486645e+02 2.515160242644401478e+02 3.064052012846041748e+02 3.731321966355993140e+02 3.476083712462973949e+02 3.008759978096128975e+02 2.217267167902501512e+02 2.683678331886422370e+02 1.819762453169646506e+02 1.888629202935118201e+02
9.768667279832560224e-01 9.943802730649429122e+01 1.151631792519010133e+02 9.683106632697510463e+01 1.854034441805091831e+02 1.471006601317208720e+02 6.160238292618572586e+01 7.035045758045875175e+01 1.677010393714332679e+02 2.196231586881108626e+02 2.687794406825149167e+02 2.416218031762233238e+02 3.018392261644818859e+02 3.466091149851887394e+02 3.342079085806824423e+02 3.119979752652249658e+02 3.159799394710187244e+02 2.697473618429644375e+02 2.239367690451293811e+02 3.061989419120374123e+02 3.241214663706561510e+02 2.543767774981641026e+02 2.006224644213042723e+02 2.383005110859248816e+02 2.547583399172741849e+02 2.196714684085062572e+02 1.394558575048922933e+02 2.360303629691700849e+02 2.515062722045185808e+02 3.463201720637511585e+02 3.387772102630160020e+02 2.528424856815979069e+02 2.527635815493946154e+02 1.657614407100235780e+02 1.724005136544997185e+02 2.659618043165705785e+02 2.840073593618553787e+02
2.138324179527880675e-01 7.015526960742678853e+01 1.675360747099061030e+02 1.937245681766094663e+02 2.327052020528319360e+02 1.983851643873752835e+02 1.137611824296288461e+02 1.398822847145032426e+02 1.343773222032246224e+02 2.061325367565059992e+02 2.990606368888576299e+02 3.220120486296625018e+02 3.073123053326971217e+02 2.742105091317936854e+02 3.158790900845191914e+02 3.481679416945555090e+02 3.175161685525978328e+02 2.796838379934051773e+02 2.172456847460973108e+02 2.931036707601294893e+02 3.327664130784967256e+02 2.973433519664362166e+02 2.464939041135645823e+02 1.553855969976954441e+02 2.049805709914602687e+02 1.248276135543022036e+02 2.216203825988386029e+02 2.749921737567346440e+02 2.774035409943990658e+02 3.157727683334769040e+02 2.439093492405654331e+02 2.436888513798656675e+02 1.564499842954029134e+02 2.527661815817100432e+02 2.677754235579993178e+02 2.248405932522566104e+02 3.140142061832430613e+02
1.069909363418946047e-01 9.857408795060803186e+01 1.552812680447769935e+02 1.891319355166250773e+02 2.283441535764388846e+02 2.450155198419319333e+02 1.845256352982688099e+02 2.357761787738031387e+02 2.307456190155584181e+02 2.690157323363885098e+02 2.722327686674308325e+02 2.944206162287000552e+02 2.697014105217982092e+02 2.055632549647389453e+02 2.511498736431029499e+02 3.186642086246182544e+02 3.133129255541934413e+02 2.379150173402111648e+02 1.888479766276949761e+02 2.702826430032579310e+02 2.862483952531031832e+02 2.101085634014296772e+02 2.472067110927672786e+02 2.072081756523078298e+02 1.104133762797791007e+02 2.039965932698010818e+02 2.097448888891963747e+02 2.162021042527774455e+02 1.815289809513140540e+02 2.279786999763121855e+02 2.343917804039834607e+02 1.472277005522655315e+02 2.436993252666338492e+02 2.251587279626054112e+02 3.203955411469786441e+02 2.984233832223936815e+02 3.057375871167406558e+02
3.726996606557795300e-01 2.869047676132424129e+01 5.815177476470356766e+01 9.233544474683287717e+01 1.463526191493449744e+02 2.377489616984791496e+02 2.714311234909420705e+02 2.577551729205143829e+02 2.185586210010633579e+02 2.103603856426507548e+02 1.766289575435964139e+02 2.690085587858503118e+02 2.366115804283414263e+02 1.535222708982243205e+02 2.138718938725861278e+02 2.875940931915569081e+02 2.998641586994988870e+02 2.158345098300638938e+02 1.486679822767749499e+02 2.376540022335630624e+02 2.463318903459809235e+02 1.516364229232588912e+02 1.548493244629211176e+02 1.907392126710156504e+02 1.009655767251960157e+02 1.071942003995361432e+02 1.133961840498239155e+02 1.195333607816106536e+02 1.256706265385860917e+02 1.318279435224848726e+02 1.379699514711530242e+02 2.345713934544619406e+02 2.826880328493319325e+02 3.202196039576244289e+02 3.589169508561651014e+02 3.873315044639947473e+02 3.949611844015247470e+02
9.622267309149505898e-01 9.941853153417186206e+01 1.555172686886489544e+02 1.891599872669322622e+02 2.283403810037425501e+02 2.813903889416575907e+02 2.208442153442074982e+02 1.810938496403969680e+02 1.238814270809072724e+02 1.136655526004793018e+02 2.103585722735342642e+02 2.080253396804284023e+02 2.043632562956213974e+02 1.124651503503473577e+02 1.524875481398525210e+02 2.384541267923324313e+02 2.690086959826119255e+02 2.102451422438486190e+02 1.157377932394219613e+02 2.050045169050386278e+02 2.180490493962478808e+02 1.788081811467975513e+02 8.851011298089574098e+01 9.357868795505930848e+01 1.908379214119111964e+02 2.040777766733811234e+02 2.101972745887559313e+02 1.909988730680711910e+02 1.818958095201881520e+02 2.282160838252020199e+02 2.344804156667949542e+02 1.646083061157155214e+02 2.599653473482376853e+02 3.137945811749522136e+02 3.420704624509528458e+02 3.683628391794345021e+02 4.086061116802162019e+02
2.536103556318918262e-01 7.019389578727970047e+01 1.675757935932567477e+02 1.734702867989747403e+02 2.097860542363740137e+02 2.287515530738805865e+02 1.641016477230720056e+02 8.607597337924327974e+01 6.467920475613613007e+01 1.621851813732051824e+02 1.363123571083615673e+02 1.128666549854784478e+02 1.425214395109980217e+02 7.794387156993605004e+01 1.441103597587259912e+02 2.404559271549059645e+02 2.000219143818577834e+02 1.352205469633440202e+02 8.938988873058579543e+01 1.661088528845550343e+02 1.716215650656675962e+02 8.138523422908602356e+01 1.782305008592142030e+02 1.906677480107309464e+02 1.241720094647391051e+02 2.209426258178821740e+02 2.802155351109234402e+02 2.844496355539430965e+02 2.777421059533376706e+02 3.166141925792528014e+02 2.996857725940633372e+02 2.220186307603283069e+02 1.947609711927880767e+02 2.188633922433637053e+02 2.490924898245454244e+02 2.838757216174229256e+02 3.361003690162184512e+02
9.431841708974398886e-01 9.939732141464781989e+01 1.052350739410873075e+02 7.619397728723743057e+01 1.734928392837107367e+02 1.598209000065781993e+02 9.394170749551081201e+01 2.622335603566721929e+01 1.243692556246165708e+02 1.317576583545444748e+02 3.839778713549726064e+01 4.157305594684495276e+01 4.469108002359286758e+01 1.426092874901262917e+02 1.499603975010414558e+02 1.527988732347732537e+02 1.560965640616628889e+02 6.286418052428740566e+01 6.597031991851434896e+01 6.908927162939264122e+01 7.420485100117814170e+01 1.716052754734869268e+02 2.182717981267632581e+02 2.598601557880646737e+02 2.209310595596054441e+02 1.580954104849192277e+02 1.845970949153626179e+02 2.801626760526173143e+02 3.598012612022847634e+02 4.002745889985152417e+02 3.557461725785854583e+02 3.158407754180897200e+02 2.506663813360111703e+02 2.822882713982700125e+02 3.118991054762537942e+02 3.772060433811288931e+02 3.813925199336887317e+02
7.631321084887311423e-01 3.932159110104665789e+00 7.055205726905093400e+00 1.054442451938734280e+02 1.127146107295355932e+02 1.157262248884890852e+02 2.189749916932372642e+01 1.200274567099521335e+02 3.069266355456188577e+01 3.383060108715483238e+01 1.318878195731721235e+02 1.394053911851000578e+02 1.425156663029628419e+02 4.912342195786302312e+01 5.223348137685685799e+01 5.532652922682032681e+01 5.846008487417302746e+01 1.562108060796095970e+02 1.635021121726242654e+02 1.665733111566304387e+02 7.453841524595310375e+01 1.720597616580892293e+02 1.773295890873873759e+02 2.732662684675871105e+02 2.931822691211082770e+02 2.543196792395937678e+02 2.801971627390403228e+02 2.293485467876900543e+02 2.675488111615036360e+02 3.344338436808538972e+02 4.278400601478538761e+02 3.837345193018741156e+02 3.454038975352124794e+02 3.713893503926508401e+02 4.031295518010433625e+02 3.655812524031477437e+02 3.057349833841161058e+02
7.628124041380348608e-01 9.922472969200480009e+01 1.053217306253054915e+02 1.143226340198059710e+01 1.449570450904197649e+01 1.754716693951060691e+01 1.157920665679281740e+02 1.598726442795635592e+02 1.023608483526273289e+02 1.317997623187352758e+02 6.075747018320316073e+01 8.518730816056273625e+01 1.818026100245790246e+02 1.056600009310127604e+02 1.497381452713790395e+02 1.529937469664767207e+02 7.677353083233846576e+01 1.742044722109240809e+02 2.423593483949677250e+02 2.114933148323281387e+02 1.720770484322412983e+02 7.988708298280684517e+01 1.773584712075314656e+02 1.823421833615252581e+02 2.782022926133709007e+02 2.508655701270643306e+02 2.899251171898047801e+02 3.244227594384324220e+02 3.536625595072931105e+02 3.962722675211107912e+02 3.915601131807845832e+02 3.563969761729674701e+02 3.928677777344102537e+02 3.700643425164913083e+02 3.371904312663500036e+02 3.239458885462073567e+02 2.359394911970103124e+02
2.106757229907613160e-01 9.793734836279097067e+01 1.489469777788635838e+02 8.251992782776940771e+01 8.403672534285523454e+01 1.156234557968266188e+02 6.088443616035161199e+01 1.584553793339016465e+02 1.973994566796004051e+02 1.883633825247369487e+02 9.643499344763331749e+01 1.782376853410091826e+02 1.228130592273204797e+02 2.023674959113768352e+02 2.408139549034755191e+02 2.136466525128488740e+02 1.352729595763012753e+02 1.060532322452823735e+02 2.023791373192841547e+02 2.744589487432332362e+02 2.167338981711070005e+02 1.523401089638522308e+02 8.519624023416960767e+01 1.825763869620714104e+02 1.909387407536416390e+02 1.545814152175730669e+02 1.988477981490193827e+02 2.382744869042919333e+02 2.746448592808519038e+02 3.131216137994271662e+02 3.224558503333048520e+02 2.620279998617524484e+02 3.459397126423334043e+02 3.181067024689356231e+02 2.426375332655365469e+02 2.873927409708032314e+02 2.417046519779450193e+02
4.089467787567467871e-01 6.952337870541657594e+01 1.655681567685640516e+02 1.789200668443394591e+02 1.812204709705949313e+02 1.977421848564501090e+02 1.190519287902925356e+02 1.274304508512407352e+02 2.180695546304195318e+02 2.159897745463729848e+02 1.348555054618873896e+02 2.234710787495396289e+02 1.909176511178569342e+02 1.651787858486065659e+02 2.612651742934523895e+02 2.705547605236998834e+02 2.304391745936367215e+02 1.745714523734191630e+02 1.392792002865409131e+02 2.357937419928854865e+02 2.849324681854802179e+02 2.220172150123110839e+02 1.562367792074028330e+02 9.043632663682643624e+01 9.425080670968405627e+01 9.802861278308739656e+01 1.017539181493323213e+02 1.958318199368952719e+02 1.806740836042226022e+02 2.750492611296359087e+02 2.276519494455339725e+02 2.117698808263236288e+02 3.072219965148909750e+02 2.765599119238967205e+02 1.832500599475073386e+02 2.421945842963220912e+02 1.518481024254664646e+02
7.605404438924017185e-01 9.922434270460219352e+01 1.752944749217657829e+02 2.183082996150351676e+02 2.721988408315563106e+02 2.543964917326642023e+02 2.149425801267039446e+02 2.239074895073349296e+02 2.614789152566099801e+02 2.588974560715299162e+02 1.860506621387851283e+02 2.668841861879549811e+02 2.865515977692782599e+02 2.128923560871382961e+02 2.340312446753602558e+02 3.290375387967399661e+02 3.093092765160916997e+02 2.441997208674377475e+02 1.769822645142633633e+02 2.030786378821570963e+02 2.959760794765634841e+02 2.899862979371088159e+02 2.061580672545883317e+02 1.095726944158378018e+02 1.864304801969997527e+02 1.698650686064486592e+02 1.988507430972276495e+02 1.069869240711628180e+02 2.024430606640560200e+02 2.126665821146193593e+02 1.585433398850136086e+02 2.545515463583104747e+02 2.712808026170600897e+02 2.321330898050838982e+02 1.414184480661263024e+02 1.456710112966372037e+02 2.422352186202839448e+02
3.612262887922438326e-01 3.783082051662071166e+01 8.175667142425751877e+01 1.379486401930771535e+02 2.342550961748362681e+02 2.576712792961272385e+02 2.187631848774651928e+02 2.187653337019842752e+02 3.137414188699934812e+02 3.047499727937175749e+02 2.731908072672819685e+02 3.016831683477469710e+02 3.316148279281073883e+02 2.598042691049338373e+02 3.274333455941924740e+02 3.674961129052447291e+02 3.615178059600405618e+02 2.943193254211286103e+02 2.247334390176052068e+02 2.752987267177176705e+02 3.114324169798691742e+02 2.813359995047758844e+02 1.892308770868896488e+02 1.295039031420136553e+02 2.255302512393786856e+02 2.616766549768775008e+02 2.433980422523252400e+02 2.040927579904836193e+02 1.121592485496832836e+02 1.158064364485437778e+02 2.119240961446994902e+02 2.219921663354722057e+02 2.261633148676269514e+02 1.354291490123359551e+02 2.311064427405107153e+02 2.421879308483372313e+02 1.745091811053327717e+02
2.027203060114903810e-01 6.990305249852536917e+01 1.672875898264867658e+02 2.099569250854759161e+02 1.709574095066386690e+02 1.895564755984293583e+02 1.222599560010258415e+02 2.186608296433823284e+02 2.769217740147808513e+02 3.017071648508920134e+02 3.381793205273817193e+02 3.612935169168231937e+02 3.604721790720641366e+02 3.415487976464730764e+02 3.790945483075731204e+02 3.801889841450684457e+02 3.982148285059373052e+02 3.575602332393651182e+02 2.976304959080787853e+02 3.464124342947991408e+02 3.774631602084175483e+02 3.206642198635079808e+02 2.416801254822047156e+02 1.636520699276299808e+02 1.981381824956771993e+02 2.933472958589812265e+02 2.778472231890757485e+02 1.830834212753862289e+02 1.783026076170840781e+02 2.127415341820070580e+02 1.209644927774304364e+02 1.252060731433739420e+02 1.294310959353490773e+02 1.622838342131432228e+02 2.580737861659384862e+02 3.091355334364810687e+02 2.706174556103341047e+02
4.264044037055534364e-01 9.889617654519936707e+01 1.876068059101127403e+02 1.483600429792447812e+02 7.365662332976096138e+01 9.314496862911681774e+01 1.901360528510623737e+02 1.561012316270689837e+02 1.815337668658805228e+02 2.101377323390839251e+02 2.438272834786790497e+02 3.146407662677457893e+02 4.040027592610261422e+02 3.850704955664863860e+02 3.501751664936490442e+02 2.886678775217367843e+02 3.631103072494979642e+02 3.783074156995211297e+02 3.760675066925355168e+02 3.911713786926040939e+02 3.639726076458287594e+02 3.002937916501095401e+02 2.536277805030882462e+02 2.057452594746568195e+02 2.240037916780488843e+02 3.056654275426013214e+02 3.176932728381071911e+02 2.778065948533525216e+02 2.698634902767536801e+02 2.247272677856014980e+02 1.280537241253444734e+02 2.219893553146657155e+02 2.261061357597063193e+02 2.564207381726851054e+02 2.181626516268702858e+02 3.135206028577590587e+02 3.403074851658097941e+02
2.601976539121070298e-01 9.873131010199939794e+01 1.269192903366837299e+02 5.069577365199624097e+01 1.481868993735461117e+02 1.217929903828326843e+02 2.183252118129052803e+02 2.518747157169647153e+02 2.769079915041966728e+02 3.026481769816177234e+02 3.357495946718427717e+02 3.661806774949354804e+02 4.051309430275321120e+02 3.587643698947297821e+02 2.731568322299295346e+02 2.365133496964704705e+02 3.236363413974251557e+02 3.156380183774618331e+02 3.485139775482541609e+02 3.464235808061700936e+02 3.409030720417752605e+02 3.508185804363819216e+02 3.195518286345475758e+02 2.539849556670145887e+02 2.880846664207209642e+02 3.547662162567596056e+02 3.556234463978375970e+02 3.057483690756895385e+02 2.461088308040181687e+02 1.598442488126605099e+02 2.248688233857977252e+02 1.388489774596360462e+02 2.354924533606158832e+02 2.852494040940475770e+02 3.133146233855612763e+02 2.960495570383765198e+02 3.901852053604487764e+02
