output/example/elevation_000031.asc
nrows	75
cellsize	13.33333333
xllcorner	0
ncols	75
yllcorner	0
NODATA_value	-9999
[rows 34 to 50 of 75, columns 0 to 36 of 75]
4.159999999999999636e-03 1.000415999999996330e+01 1.194494353936955910e+01 2.194494353936962483e+01 2.774237533454099847e+01 2.359096769539607408e+01 1.685400400613198002e+01 2.124344710592342622e+01 2.004523542907913125e+01 2.139636535460850553e+01 2.642800400752178547e+01 2.031737921231494681e+01 3.037158988583245289e+01 3.793997608369085839e+01 4.373782787020256535e+01 4.028634252687645301e+01 3.455939831558666953e+01 3.044098901363776832e+01 2.434619530816974020e+01 1.441487077772153036e+01 1.646397490504164551e+01 2.552540261044372372e+01 2.618967147228405778e+01 2.170380330940217206e+01 1.845061860416500821e+01 1.430992681732099037e+01 4.502381986912177503e+00 4.502381986912177503e+00 7.872080148101431973e+00 1.504193305924505708e+01 2.505687763894035314e+01 3.066961775975875781e+01 2.408719464390029685e+01 1.416220390361251980e+01 2.109469747420760299e+01 2.232308976834359626e+01 1.440080617033698118e+01
3.329999999999999627e-04 3.779977730092274335e+00 1.085104554195777204e+01 2.085104554195783777e+01 2.195502534907759440e+01 1.356631764796293460e+01 9.766676447844984565e+00 1.121073354098213137e+01 1.270272750326383004e+01 1.428618933990732565e+01 1.637671481983905508e+01 1.992834484976187426e+01 2.372991915228180915e+01 2.953604938896505061e+01 3.958251399612037602e+01 3.690636133737834257e+01 3.278162982415252458e+01 2.929323327911178154e+01 2.632180402003808695e+01 2.141760747621293604e+01 1.140149210345291131e+01 1.883145760738681318e+01 2.158673096944574610e+01 1.121976533787593588e+01 1.410907853145491764e+01 4.215544727418847337e+00 1.430992681732099037e+01 4.502381986912177503e+00 1.459954242973361538e+01 1.504193305924719581e+01 2.505687764364090597e+01 3.108174950381439672e+01 2.118995515816122577e+01 2.118995515816122577e+01 2.227087280298646732e+01 2.599456044720391645e+01 1.613500517475902996e+01
1.129999999999999928e-03 1.000112999999996255e+01 1.792211335382312498e+01 2.017893498955665876e+01 1.602970603388036608e+01 7.785903966781650531e+00 1.780323330478653787e+01 2.124344710592342622e+01 1.980001317195389277e+01 2.138811240412645631e+01 1.838348264662357678e+01 2.843614911135024315e+01 3.378218495077522476e+01 3.793997608369085839e+01 3.850734623649188393e+01 2.859011450058909887e+01 2.291495441428842739e+01 1.943811733568059807e+01 1.643883983644468216e+01 1.373416216883006236e+01 1.117092654959377462e+01 8.750937038444636329e+00 1.681712070469017561e+01 1.417907810652090106e+01 4.012896500757093143e+00 4.012896500757093143e+00 1.410533348041017909e+01 1.459954242973361538e+01 1.873937118359646092e+01 2.505687764364090597e+01 2.920818091952430251e+01 3.520684407262192650e+01 3.108174950381439672e+01 3.108174950381439317e+01 2.925803429673225509e+01 3.010858036189311449e+01 2.309660447704507646e+01
3.329999999999999627e-04 1.000033299999996217e+01 1.846974506403659788e+01 1.432279825518276617e+01 6.018024524594982161e+00 1.602970603388036608e+01 1.313704530318416630e+01 2.316156386628176378e+01 2.984951444049187685e+01 3.143973532457143349e+01 2.418796792002232721e+01 2.375732386203085156e+01 3.086668440628569954e+01 4.091234794768392646e+01 4.264372296976988252e+01 3.690636133737834257e+01 3.278162982415252458e+01 2.929323327911178154e+01 2.632180402003808695e+01 2.368047073855490581e+01 2.119389359612370427e+01 1.681712070469884068e+01 6.716747296980307702e+00 1.487469585127480798e+01 1.382473767136857568e+01 4.012896500757093143e+00 4.971193625491689083e+00 1.505436226989708182e+01 2.056272680404979170e+01 2.489759143336360836e+01 2.900620544628042197e+01 3.705235474738548618e+01 3.293322035253893887e+01 3.705235474738548618e+01 3.919635161148398339e+01 3.712055624674113830e+01 3.270329791678331333e+01
4.329999999999999539e-04 1.000043299999996194e+01 1.268649098344943127e+01 4.315487978401996827e+00 1.139038793085892998e+01 2.017893498955665876e+01 2.022507504994926819e+01 2.132187670709724259e+01 3.134723301100319048e+01 3.839670370190942350e+01 3.423926839070218620e+01 3.380899113604278483e+01 3.196576691053410002e+01 4.201039842109310740e+01 3.946299723770471957e+01 3.553577298466362322e+01 3.391310019294774492e+01 2.997931387029864680e+01 3.391310019294774492e+01 2.914199570923823401e+01 2.499895090264052300e+01 2.094273945358142797e+01 1.487491154724947151e+01 4.779138098358800768e+00 3.733059177646943283e+00 1.123457510610381505e+01 1.503340591437082985e+01 6.350356393910241870e+00 1.644105354215688664e+01 1.494581513849654719e+01 2.489759143336360836e+01 3.210236963926490716e+01 2.305168260048756323e+01 3.148304239739031374e+01 3.559977273389029051e+01 4.132812993511522137e+01 3.835417000368142482e+01
5.329999999999999452e-04 1.000052926987002699e+01 2.682491650949131223e+00 9.755555856717492702e+00 1.846974506403659788e+01 2.554910219721427467e+01 3.025087499242859579e+01 3.134723301100319048e+01 2.977163188507829616e+01 3.270052459415136781e+01 3.208108671207418894e+01 3.622347774885059124e+01 4.201039842109310740e+01 3.982408173161064013e+01 3.506776320491343313e+01 2.600746273107816720e+01 2.775594024059250486e+01 2.042801040048580674e+01 2.914540097436808352e+01 2.499895101857085322e+01 1.459591001221378903e+01 1.759222644193203422e+01 1.332283971900008446e+01 3.453441821515368826e+00 1.354257331953361465e+01 1.754267795567571397e+01 2.045196360607109654e+01 1.644105354215688664e+01 7.772687015292883750e+00 1.786062293041156934e+01 2.345397632186552528e+01 2.426428776656197783e+01 1.812865745304625875e+01 2.161016035538881752e+01 2.729657772771657775e+01 3.720185948821067257e+01 4.249230760943049745e+01
3.709999999999999756e-03 1.101352600016900718e+00 1.110279754346603021e+01 1.683146047057435979e+01 2.390736508443122688e+01 2.677110546987406536e+01 3.091294378260204567e+01 2.684266117967609233e+01 1.977164530241595131e+01 2.270057272375715129e+01 2.208109314991762417e+01 3.044972314899733590e+01 3.622322381763471810e+01 3.590221197034854583e+01 2.637118139676740114e+01 2.157447345811396389e+01 1.820619001516850943e+01 1.565210247759067386e+01 2.218319376282908095e+01 2.612820770641907941e+01 1.764277623441753562e+01 7.076626733300767746e+00 3.177415386781749174e+00 1.109679188376879289e+01 8.427271931159369345e+00 1.520045499148539747e+01 2.466218995153984395e+01 1.786062293038096271e+01 1.786062293041156934e+01 9.277824172614897336e+00 1.934493786623227152e+01 1.435263758125103095e+01 2.426428776656197783e+01 3.148304239739031374e+01 3.559977273389029051e+01 3.710894177364760083e+01 4.123519439117924179e+01
6.660000000000000121e-03 1.000665877143641502e+01 1.524610267946566289e+01 2.384204096855862787e+01 1.970006076953998786e+01 1.677113815451521006e+01 2.677110546987406536e+01 2.270057356070325127e+01 1.270057757774259777e+01 2.159354218409757209e+01 1.630759047459915223e+01 2.208109314985560800e+01 3.208108122024983544e+01 3.982408173161064013e+01 3.506776320491343313e+01 3.113669668355797526e+01 2.775594024059250486e+01 2.218319376282908095e+01 1.258255185167297086e+01 1.946772216318018067e+01 1.976265444584717201e+01 1.310663606135697989e+01 2.982606030159149491e+00 1.311280204872700672e+01 1.797145261692817542e+01 1.520045499247814647e+01 2.466219160252783382e+01 2.779899544080824114e+01 2.345350712598408194e+01 1.934481239359961080e+01 1.084163782213635940e+01 2.086461980014535555e+01 2.269657419642446072e+01 3.258163166842876990e+01 2.902359413760509455e+01 2.720645372298642783e+01 3.426669732627993881e+01
1.030000000000000013e-02 1.001029999999996356e+01 1.433183898859983429e+01 1.470006565970261114e+01 9.700070549866751435e+00 1.970006076953998786e+01 2.004792390076209330e+01 1.590581765955298543e+01 8.920932847650618669e+00 1.159354526677485353e+01 2.159354218409757209e+01 3.044972314899733590e+01 3.150522774589626351e+01 3.564721018740863201e+01 3.664096933726800387e+01 3.202811128603810431e+01 2.813837602849966402e+01 2.612820770641907941e+01 1.946772216318018067e+01 9.771916417647027231e+00 1.496842246911912966e+01 4.651263966073507561e+00 2.982606030159149491e+00 1.010742030898348709e+01 2.015996979745687057e+01 2.466219160252783382e+01 2.873175185259319520e+01 3.280188931275174014e+01 2.291887300546806117e+01 1.591562832255343984e+01 2.086461980014535555e+01 1.274651503657952212e+01 2.269657419642446072e+01 2.461611838435588950e+01 1.916817904230019209e+01 2.654648633602878860e+01 2.437397009585871999e+01
1.349999999999999985e-02 1.884814092128556939e-01 1.018848323183145510e+01 4.700070550037428241e+00 1.470006565970336609e+01 1.732627098076531169e+01 1.318416281522919853e+01 5.905819401872991925e+00 1.590581765955298543e+01 2.159354218409757209e+01 2.573565149648388584e+01 2.443417434114135389e+01 2.150524812062740665e+01 3.150522774589626351e+01 3.268291555443379082e+01 2.359383650256554787e+01 1.909514045766329460e+01 2.361675824308148464e+01 2.341907653242316911e+01 1.692390886973110042e+01 7.128195151454405298e+00 1.282593678014855421e+01 2.789330831851811521e+00 1.286549600784362468e+01 1.840649007738392129e+01 2.176625424248640428e+01 2.607309756904710341e+01 3.132183146405789387e+01 2.991924783471501215e+01 2.087643618995356931e+01 2.679791032434993525e+01 2.269657419642446072e+01 1.473466043828623384e+01 1.473466043828623384e+01 1.473466043828623384e+01 1.670350316190378592e+01 1.871483136753104759e+01
1.339999999999999872e-02 1.001329200216215298e+01 4.360562229256459976e-01 1.043605528782762626e+01 1.068416297356088229e+01 1.068416310689421600e+01 3.184164132113908696e+00 1.318416281522919853e+01 2.004792390076209330e+01 2.410412069175055549e+01 1.996204112702369571e+01 1.443418046993966364e+01 2.020768314932897169e+01 3.020766867802822375e+01 3.664096933726800387e+01 3.202811128603810431e+01 2.361675824308148464e+01 1.420365089168532968e+01 1.977386773330790959e+01 2.085214496780873361e+01 1.632845941978127868e+01 1.097116603850078675e+01 2.789330831851811521e+00 5.543917431457969336e+00 8.398719666996010247e+00 1.170949962059926008e+01 1.669301058603975818e+01 2.689641300445546079e+01 3.486492574682577583e+01 3.075068760699568315e+01 3.486492574682577583e+01 2.833935576014392055e+01 1.848859523898118695e+01 2.461611838435588950e+01 1.473466043828623384e+01 2.461611851768922321e+01 2.437397009585871999e+01
1.369999999999999864e-02 1.001369999999736216e+01 1.043605528782762626e+01 6.841638654472435022e-01 6.841638654472435022e-01 6.841638654472435022e-01 1.068416310689421600e+01 1.732627098076531169e+01 2.045265232418671175e+01 1.631055864742658557e+01 9.962044514972539844e+00 1.996204112702369571e+01 2.857622915401802643e+01 3.434967187505482400e+01 3.385223054406121435e+01 2.971043518970757802e+01 2.745561559922230188e+01 1.977387325892118497e+01 9.674462266922958520e+00 1.619432260321647377e+01 1.451067356235181727e+01 9.432286612034756601e+00 2.596702300093171267e+00 1.340081957983551142e+01 1.840649007738392129e+01 2.176625424248640428e+01 2.607309756904710341e+01 3.120994072349677850e+01 3.000408042061825498e+01 3.409249348071446661e+01 3.642190964220085903e+01 2.652284322740544553e+01 2.544144937272761098e+01 2.809831298898450669e+01 1.824917969273149865e+01 2.809831298898450669e+01 3.426669732627993881e+01
1.290000000000000001e-02 1.001289999999996283e+01 1.482627299917957764e+01 1.068416284022755036e+01 6.841638654472435022e-01 6.841638654472435022e-01 1.068416310689421600e+01 1.093412406886609567e+01 1.306613092263757636e+01 6.310560798271483307e+00 1.631055864742658557e+01 2.410412069175055549e+01 2.681181659092611724e+01 3.095384361031190323e+01 2.971043518970757802e+01 1.970344029066398761e+01 2.263442123729465649e+01 2.363010290362835164e+01 1.620601094276935328e+01 5.571983782564362109e+00 1.116810098378249982e+01 2.324435915005363729e+00 1.270600655988359406e+01 1.918077086677769216e+01 1.976224654033165606e+01 2.385942159683231623e+01 2.499737757045857123e+01 2.839080754588745492e+01 1.995364927916834219e+01 2.839080754588745492e+01 3.421017038319285319e+01 3.642190964220085903e+01 3.533552066313202999e+01 3.220864694106435167e+01 2.391981674923325230e+01 3.220864693453351180e+01 3.600673234425209301e+01
1.349999999999999985e-02 7.084567811865461806e+00 1.708456781186539075e+01 1.482627313251290957e+01 6.457666690432601442e+00 1.068416310689421600e+01 9.341250787668013977e-01 9.341250787668013977e-01 3.066132375656237308e+00 1.306613092263757636e+01 1.670762559947117865e+01 2.084971516044322470e+01 1.681182831688235879e+01 2.518039004305547479e+01 2.971043518970757802e+01 1.970344029066398761e+01 1.262447465724754636e+01 1.791568716658372296e+01 1.519659003700754596e+01 1.226037562149786453e+01 2.065023596480663581e+00 6.591730112540074238e+00 3.184952708370469399e+00 1.314886790667226713e+01 1.013513281790296894e+01 1.498795108768877782e+01 1.498795132604762514e+01 1.973566465350131338e+01 1.416794315940454219e+01 1.995570080367968657e+01 3.006256882953184117e+01 3.124990922586790276e+01 3.049300975484079146e+01 3.467451833041088349e+01 3.380624500210159766e+01 3.792709388512693636e+01 3.013822801479011915e+01
1.319999999999999993e-02 7.084267811865462505e+00 1.708426781186539145e+01 2.059975754918195179e+01 1.645766426531461590e+01 1.093412406886609567e+01 9.341250787668013977e-01 9.341250787668013977e-01 9.341250787668013977e-01 1.093412420219942938e+01 6.707628303706805184e+00 1.471376850430053018e+01 1.103832565849260483e+01 1.800518981354541026e+01 2.214727160871441569e+01 2.677783541736259565e+01 1.791568716658372296e+01 7.908054229456449313e+00 5.235238647747472385e+00 1.169953632759388285e+01 1.882297075040753054e+00 1.187743686057292081e+01 1.059554057874053079e+01 4.049008236592231746e+00 4.660686025483973260e+00 5.274563403014107088e+00 1.498795132604762692e+01 9.825327529204930244e+00 1.973566465350131338e+01 2.839080754588745492e+01 2.825613444232257976e+01 2.108277892405349974e+01 2.032257565347480721e+01 2.752332438583147933e+01 3.766246444868700394e+01 3.553667049107082221e+01 2.594226023365643030e+01
1.359999999999999924e-02 5.787102691896265583e+00 1.285817050376176418e+01 2.285817050376182991e+01 1.670762519947118108e+01 6.707627903706806727e+00 8.005193013130485369e+00 1.093412406886609567e+01 1.093412420219942938e+01 9.341250787668013977e-01 9.341250787668013977e-01 4.713770342192399099e+00 1.093412473553276243e+01 8.005193679797152129e+00 1.800518981354541026e+01 2.618736618884949863e+01 2.206004849732423878e+01 1.791568716658372296e+01 1.169962115294866045e+01 1.699631400257023417e+00 1.699631400257023417e+00 5.244168234063474543e+00 1.471618946819527451e+01 1.378850747445280867e+01 1.438559294828546342e+01 1.078822860257122507e+01 6.138652630698478774e+00 1.585334503797461458e+01 2.092637679817944019e+01 2.428832268611733269e+01 2.009492875270573009e+01 1.394998570480537659e+01 1.976126558144128254e+01 2.993374777979239454e+01 3.422375260220491100e+01 2.835382182814297991e+01 2.117097316521514117e+01
1.299999999999999940e-02 1.001299999999996260e+01 1.666607571028706403e+01 2.080821133400784717e+01 2.084971476044322358e+01 1.248113058985863333e+01 1.800518914687874172e+01 1.725867769143395947e+01 7.258680797479301283e+00 1.093412433553276308e+01 9.341250787668013977e-01 9.341250787668013977e-01 9.341250787668013977e-01 1.093412473553276243e+01 1.825845586754628158e+01 1.618738995906531386e+01 1.618738995881482978e+01 1.558480995703019012e+01 1.144270378854282555e+01 1.699631400257023417e+00 1.699631400257023417e+00 1.169962115294866045e+01 1.108035443267372422e+01 2.118499206959607406e+01 2.072487925516717766e+01 2.001832578588754785e+01 1.585334503797461458e+01 7.006218371796965272e+00 1.675246687887285901e+01 1.767719435233118475e+01 1.012644774680657456e+01 2.009492875270573009e+01 2.825613444232257976e+01 3.411672704270223733e+01 3.004140853504517850e+01 1.984541738029289348e+01 1.401401368655343305e+01
