output/example/elevation_000133.asc
nrows	75
cellsize	13.33333333
xllcorner	0
ncols	75
yllcorner	0
NODATA_value	-9999
[rows 34 to 50 of 75, columns 0 to 36 of 75]
4.159999999999999636e-03 1.000415999999996330e+01 1.840048718066936217e+01 1.425987186316097777e+01 1.265626015735930388e+01 1.402921880363179596e+01 1.848094510425442394e+01 1.106634564860511638e+01 1.310755654396682424e+01 1.546445447506899384e+01 1.823748238646778219e+01 2.125129579478993236e+01 2.478344895561252059e+01 3.054624141547859750e+01 4.054095850677523316e+01 3.372991468025218609e+01 2.533083702187800768e+01 3.372991467813448452e+01 2.910294548027813732e+01 2.256910193054397951e+01 1.413095893326384456e+01 2.256963447565158276e+01 2.882012979493006810e+01 3.216282453916472406e+01 3.641181034352171508e+01 4.180324853489818793e+01 3.696560674280071623e+01 2.790743394692354329e+01 1.888205023268806215e+01 1.463522711561216560e+01 1.463522711561216560e+01 2.452496395676092789e+01 2.832625407072939439e+01 2.134852592324823561e+01 1.562611858858310221e+01 2.617182699775007393e+01 2.312158748050338275e+01
3.329999999999999627e-04 1.000033299999996217e+01 1.243437946585061304e+01 4.261244423586921570e+00 5.585776771446639977e+00 6.959382373771298091e+00 8.484367873770022328e+00 1.295627805403297295e+01 1.872762864113014558e+01 2.545710283858331735e+01 2.362354831590987203e+01 3.123952287770218916e+01 3.477050590364078175e+01 3.891831177762764327e+01 3.692896880376035540e+01 2.955037096171166056e+01 1.991158173112139806e+01 2.439823046130608120e+01 2.436385088338391824e+01 2.034172737362214889e+01 1.315633666949908331e+01 2.151837157806247092e+01 2.684505117729273849e+01 2.684635747945961626e+01 3.657746188605567994e+01 3.917445196832300525e+01 2.990549244812228125e+01 2.368489362001534104e+01 2.452496366051756027e+01 1.463522711561216560e+01 2.292020076707463261e+01 2.662674523831618600e+01 2.253477892693666362e+01 1.331789719754105583e+01 2.434882981536375368e+01 3.020198200061113170e+01 3.283435484926128112e+01
1.129999999999999928e-03 1.213808125181647712e+00 2.435502568744120744e+00 1.243432153148365238e+01 1.558392512268152963e+01 1.073896599246415207e+01 1.348415376989839665e+01 1.848094512747880813e+01 2.709245578231672624e+01 2.871903554644640622e+01 3.361548408381728592e+01 3.776242623580263569e+01 3.867179689818682675e+01 3.987006983870038113e+01 2.976763336997371923e+01 2.281887837955341070e+01 1.874883552569166412e+01 1.542062209853024335e+01 1.349844520661129721e+01 1.955536216631603352e+01 1.219709875203698068e+01 1.481113657634949732e+01 1.776169338365593120e+01 2.403584127567699724e+01 3.363154381590096875e+01 3.736767899318694219e+01 3.696560674280071623e+01 2.978603848710308810e+01 1.863054969255383497e+01 1.947675258964900280e+01 1.298542746042970286e+01 2.135850107400561981e+01 1.136939852555208041e+01 2.207751000658899088e+01 2.428346071049854871e+01 3.401531450422343283e+01 3.651598448402084074e+01
3.329999999999999627e-04 1.000033299999996217e+01 1.243437984744537061e+01 1.057110666323843340e+01 2.041688103639470242e+01 1.482092395692698794e+01 2.350117206608541665e+01 2.350182613366976980e+01 3.262013393314325072e+01 3.871809433192638039e+01 3.506614101457730470e+01 3.559157934476233009e+01 2.835196568104345261e+01 3.463158514124822318e+01 3.692896880200387955e+01 3.140789484707325840e+01 2.189957004564151788e+01 1.716204942295942004e+01 1.391121026140553418e+01 1.085648937017742455e+01 1.602602092378204546e+01 1.921332108775911962e+01 2.608494491006196014e+01 3.092839516880789219e+01 3.464081173196358066e+01 2.779438385460956340e+01 3.464081212174214386e+01 3.446952709151007355e+01 2.688455361199541116e+01 2.298688455370316674e+01 2.136354943524414551e+01 1.136939852555208041e+01 2.014876865259630279e+01 2.420525840305198528e+01 3.071302887688880645e+01 3.364383189901148086e+01 2.665705186830423301e+01
4.329999999999999539e-04 1.000043299999996194e+01 1.542622105528293019e+01 1.945429144713321179e+01 2.445765201524257293e+01 2.479300364278702773e+01 2.188147948920269314e+01 3.182207574031610875e+01 3.777908350972966645e+01 3.194868384405952710e+01 2.464275426482074849e+01 3.037781053515208285e+01 2.084481422150509999e+01 2.419444294272656393e+01 3.463158517923658763e+01 3.557938681452738194e+01 2.995718479778408394e+01 2.530301621056923977e+01 1.853392386933745328e+01 9.927561707833792326e+00 1.804371066700255710e+01 2.219880584526019263e+01 2.757579607947977607e+01 2.924054497397697006e+01 2.527965926768973404e+01 2.138398050876956091e+01 3.059818500136256247e+01 3.853833389829767953e+01 3.403415647855508297e+01 2.373199059426750424e+01 1.737786681599861183e+01 2.027335505888750333e+01 1.024542526511005747e+01 1.638561361026314245e+01 2.329510810919372332e+01 2.954466610096884338e+01 1.969642027407619622e+01
5.329999999999999452e-04 2.673057558669561740e+00 5.445832859669930137e+00 1.560594241723520703e+01 2.428796035138947218e+01 2.919279343641245106e+01 3.182207574031610875e+01 3.591909058680640499e+01 3.506613895244297652e+01 2.464275426373335875e+01 1.715642594258627085e+01 2.161084418049764366e+01 1.555895562078832128e+01 2.304360797660939042e+01 3.351188128961514678e+01 3.277507825331018410e+01 1.741251207516054222e+01 1.741251207516054222e+01 1.317450529799566361e+01 1.179951886045481402e+01 8.604910264267335407e+00 1.151493289545314624e+01 2.320722041090628807e+01 2.200328495445383936e+01 1.629495048482066721e+01 2.032720037602149077e+01 2.534254548994773160e+01 3.451858187685557766e+01 3.851326204561154043e+01 3.163766182324779308e+01 2.750200646571903818e+01 2.436941545910003626e+01 1.919270357886758305e+01 9.132817181928720274e+00 1.812627592148812283e+01 2.176786036280481085e+01 2.330958164244584907e+01
3.709999999999999756e-03 1.000370999999996258e+01 1.463645379991557682e+01 1.041422128793543500e+01 1.531995563437825680e+01 2.507490082821339072e+01 3.107670058482671038e+01 2.693457187279174647e+01 3.107670058482671038e+01 2.811171563155259179e+01 2.161084418049764366e+01 1.115931148129397599e+01 1.830577932546129816e+01 2.261145650282130859e+01 2.876478330309328157e+01 3.283270769191711480e+01 2.785496130141641302e+01 1.868519390485630538e+01 2.137095786652471574e+01 1.701596762949279906e+01 7.660529420158653124e+00 1.628358215584166047e+01 1.874301251748605779e+01 1.213675802248666002e+01 1.420865406305151168e+01 2.293343288324174978e+01 2.949524043899755554e+01 3.347887541269381728e+01 3.817073404711419471e+01 3.335291614234991897e+01 2.903818780148634104e+01 2.543661880503859152e+01 2.196830093694331154e+01 1.795337311589797480e+01 8.023417508973992085e+00 1.477716551122406941e+01 1.807072816922919145e+01
6.660000000000000121e-03 4.899938710906171835e+00 1.483108654874534515e+01 1.952775667462578113e+01 2.428796035138947218e+01 2.919288819367860555e+01 2.607671351308545837e+01 1.693460152773345939e+01 2.607671351308545837e+01 2.383685362749097436e+01 1.338478804659430210e+01 1.530277781705648010e+01 7.903076996803477527e+00 1.830577931667385272e+01 1.914275291136189949e+01 2.876478330356433943e+01 3.195718978567490254e+01 2.785496136581926407e+01 2.319163594690186514e+01 1.348444179452170388e+01 6.721649507872205831e+00 8.133278878329296191e+00 9.746406361859511591e+00 1.693572664094437386e+01 2.225941615089909931e+01 1.781882867444887353e+01 2.063108958025309292e+01 2.489987088298303064e+01 3.409059904451884648e+01 2.941774429653475664e+01 2.090013002411803100e+01 1.765195372459386647e+01 1.479777709230241456e+01 1.175191233739075436e+01 1.387785246830094010e+01 6.935714345963126526e+00 7.954849742781359367e+00
1.030000000000000013e-02 9.571699287117983346e+00 1.498590945425866217e+01 2.557400097210004830e+01 2.695871840447655998e+01 2.281659116226812856e+01 2.193458670026260648e+01 1.193461850474161601e+01 1.693460260250210325e+01 2.107672787279328119e+01 1.530277781705648010e+01 4.960332340772326098e+00 1.516985414340439853e+01 1.240190257083929204e+01 2.196098036133624021e+01 2.789619544034361809e+01 3.175706894698810956e+01 2.988047498471260610e+01 2.157503668085122328e+01 1.390189766057046228e+01 5.791003544225128863e+00 1.533123766757750595e+01 1.812655304333801709e+01 1.622261313371788560e+01 2.414884937557251021e+01 2.450664239602537364e+01 2.949523975797029252e+01 3.347887541269381728e+01 3.817073404711419471e+01 3.337731046138262769e+01 2.911168660698474397e+01 2.544611805197969190e+01 1.915301706859051123e+01 1.742907775755224264e+01 1.634826172597571414e+01 6.141977602301062156e+00 1.637808197649086139e+01
1.349999999999999985e-02 7.084567811865484899e+00 1.708456781186555062e+01 1.725057304050422857e+01 1.725057317383756228e+01 1.281662055078937179e+01 1.465164934861798329e+01 1.693460260250210325e+01 6.934631362171894686e+00 1.285213143894950427e+01 1.343952727880242470e+01 3.274196330005514355e+00 6.794017551438890301e+00 1.567090462497165326e+01 1.971331663481218044e+01 1.826693609464242130e+01 2.722658372031703777e+01 2.080603672980633689e+01 1.974159552349055957e+01 8.925677010143189705e+00 4.988051873786766066e+00 1.048439677171032969e+01 1.600505044838171997e+01 2.255715236610526375e+01 2.833731294739999029e+01 3.314004826193992415e+01 2.925070248010230856e+01 2.497073919096555628e+01 2.925074438718546332e+01 3.494432114338011530e+01 3.091484603615430871e+01 3.124372762829261418e+01 2.715771146842881123e+01 2.282462298725967997e+01 1.345623704108950847e+01 5.458171879336901178e+00 1.573788374954493641e+01
1.339999999999999872e-02 1.001339999999996344e+01 1.017952377839336009e+01 7.250599462380582061e+00 7.250599595713915768e+00 1.017952417839335943e+01 4.651673762250302602e+00 1.017952444506002685e+01 1.017952457839336056e+01 2.852152736085348028e+00 1.017952484506002619e+01 4.295393337117696109e-01 9.186531199666955416e+00 5.483236789645503428e+00 1.011948200065705805e+01 2.007925455722013552e+01 2.327344693819556198e+01 1.386441543524302134e+01 1.741668717765597307e+01 1.379391205098901807e+01 4.209664963882791433e+00 1.296148064216826512e+01 1.636243676074490239e+01 2.296625784249703983e+01 2.612596180351190966e+01 2.136613894516324663e+01 2.404318005778104350e+01 1.481187017813193840e+01 2.414580454948620769e+01 2.930427653698032131e+01 2.105954114400548605e+01 2.930427669159334059e+01 2.870919642742342504e+01 2.235934267686427646e+01 1.513051188307871442e+01 4.797268401557106543e+00 1.203140046741723701e+01
1.369999999999999864e-02 1.795395317016682812e-01 1.795395317016682812e-01 1.795395317016682812e-01 1.795395317016682812e-01 1.795395317016682812e-01 1.795395317016682812e-01 1.795395317016682812e-01 1.795395317016682812e-01 1.795395317016682812e-01 1.795395317016682812e-01 1.795395317016682812e-01 3.489218110917556848e-01 1.032122784543409821e+01 1.385779782850701913e+01 1.372948412766265669e+01 1.638838950717068244e+01 1.491053797860189256e+01 5.923145859154050008e+00 1.300569730479926633e+01 1.186042663287849663e+01 3.124139289586567614e+00 1.344515237785585882e+01 1.417789374783702527e+01 1.806739364229219902e+01 8.575836460527721528e+00 1.796015984983275260e+01 9.886928014443896018e+00 1.988457643130862351e+01 2.523200190525127340e+01 1.526027668676398363e+01 2.523200190526626585e+01 2.446963234267287390e+01 1.294356063429572501e+01 6.894249571147455846e+00 4.187479728145168778e+00 6.595880595326637064e+00
1.290000000000000001e-02 1.001289999999996283e+01 1.795395317016682812e-01 1.795395317016682812e-01 1.795395317016682812e-01 1.795395317016682812e-01 1.795395317016682812e-01 1.795395317016682812e-01 1.795395317016682812e-01 1.795395317016682812e-01 1.795395317016682812e-01 1.795395317016682812e-01 6.467806258003468756e+00 3.489218110917556848e-01 6.973131988578138873e+00 5.889271828960596089e-01 1.133689479320922189e+01 1.256896767859469577e+01 1.234090655068810882e+00 1.020885619728748850e+01 2.058594886847287864e+00 1.185606520803857578e+01 1.512158583618755436e+01 7.880675873361089323e+00 1.301328163127441684e+01 3.112236762364340326e+00 1.188359830821755736e+01 6.267889791336249239e+00 1.636481830513766766e+01 2.170832683694997201e+01 1.164934589303965495e+01 2.170832683708223243e+01 2.800413505465763109e+01 2.081589126755497077e+01 1.201038469469262715e+01 3.657956702547033423e+00 1.381673294001847552e+01
1.349999999999999985e-02 1.001349999999996321e+01 7.250599329047249242e+00 1.017952391172669380e+01 3.715072812539285785e+00 1.017952417839335943e+01 2.679539992989201647e+00 1.017952444503950638e+01 1.017952457839336056e+01 7.250600262380581640e+00 1.017952484506002619e+01 1.016904961813722963e+01 2.902855086898342929e+00 8.502933948734904490e+00 5.889271828960596089e-01 1.052841728717860192e+01 1.041720767667360725e+01 9.094138161418571897e+00 8.342286721458054277e-01 9.012855831866404266e-01 7.766620726178541823e+00 1.023990912035075063e+01 1.002358975329953772e+01 1.423774883872641617e+00 2.487489663022189212e+00 3.196062127044331902e+00 1.802873631459699144e+00 1.139417853855995055e+01 1.586360937473909338e+01 1.454553850902345324e+01 8.554027794293197928e+00 1.466138543375849856e+01 2.105341854996579443e+01 1.897665963952975332e+01 1.367639358230385582e+01 3.151319804289351101e+00 1.193847533103434344e+01
1.319999999999999993e-02 1.001319999999996213e+01 1.725057290717089487e+01 1.749468344354896132e+01 7.494712836483129692e+00 1.681266344703740145e+01 1.267657081453142887e+01 6.601840212312279021e+00 1.659010343040848312e+01 1.725057384050422726e+01 1.541544533600800726e+01 5.663041836970387877e+00 1.249101703590897117e+01 5.889271828960596089e-01 1.049920842604346483e+01 5.889271828960596089e-01 5.889271828960596089e-01 5.889271828960596089e-01 1.002376131009993898e+00 1.085353146505552679e+01 1.254262908165053592e+00 1.254262908165053592e+00 1.254262908165053592e+00 1.182339379349816921e+00 1.360350293233471897e+00 1.532442674949125339e+00 1.070921907829293040e+01 1.802873631459699144e+00 1.184179562359969040e+01 4.425985148252797430e+00 1.184179596768710319e+01 7.061675278795605415e+00 1.184179953725395329e+01 8.886506626974735923e+00 1.184184840051562126e+01 1.184429975247122968e+01 2.367459185377335462e+00
1.359999999999999924e-02 7.084667811865485554e+00 1.708466781186555394e+01 2.163680886375283308e+01 1.326819935377979931e+01 2.163680886375283308e+01 1.960771188509120933e+01 9.616891169362151714e+00 1.952038244290611502e+01 2.455516544031362969e+01 1.461305966753701036e+01 7.678966884674698790e+00 1.726096917936767028e+01 1.585110849641920083e+01 6.914726685973012543e+00 5.889271828960596089e-01 5.889271828960596089e-01 5.889271828960596089e-01 1.138834008476081827e+01 1.124604432756601824e+01 1.177360714467077685e+01 1.254262908165053592e+00 1.127702315166751923e+01 1.050878901703917201e+01 1.103303610199221829e+01 2.503653227326959385e+00 1.139947228155010173e+01 1.184162043167670220e+01 1.802873631459699144e+00 1.802873631459699144e+00 1.802873631459699144e+00 1.802873631459699144e+00 1.802873631459699144e+00 1.802873631459699144e+00 1.802873631459699144e+00 1.802873631459699144e+00 1.802873631459699144e+00
1.299999999999999940e-02 1.001299999999996260e+01 1.732887863602485723e+01 2.147101425900380534e+01 2.326816807886439520e+01 2.741029539695477979e+01 2.313839141567018842e+01 1.315212166259444970e+01 2.313839141567018842e+01 2.669172475067463068e+01 1.686884597847046408e+01 9.880650501946147912e+00 1.972237153151683131e+01 2.114318278522473094e+01 1.185894347271144511e+01 1.859083705069853876e+00 1.059880206784147205e+01 1.191494633033360984e+01 1.794227388529623468e+01 2.213898233644119884e+01 1.804738931065422136e+01 1.314747379680945372e+01 5.866635313817742059e+00 1.689660088260194115e+01 1.570211900209949540e+01 1.174005701512625244e+01 1.563698799009747198e+01 1.184137054367479180e+01 1.802873631459699144e+00 1.802873631459699144e+00 1.184179622489070383e+01 1.802873631459699144e+00 1.802873631459699144e+00 1.802873631459699144e+00 1.802873631459699144e+00 1.802873631459699144e+00 1.802873631459699144e+00
