output/example/elevation_average_000060.asc
nrows	75
cellsize	133.333333333
xllcorner	0
ncols	75
yllcorner	0
NODATA_value	-9999
[rows 0 to 16 of 75, columns 0 to 36 of 75]
4.840509446848720865e-01 9.882354191271679156e+01 1.348118659193686142e+02 1.538365779066719483e+02 1.361257542912341307e+02 2.042175336010627689e+02 2.989410972334993062e+02 3.408715288825497396e+02 3.652612840940989827e+02 3.639340463092889877e+02 3.364191674281378255e+02 3.396253973093011496e+02 3.401066659907296525e+02 3.732976005225904714e+02 4.337733147427371136e+02 4.272548318257620394e+02 3.923422248997964061e+02 4.277040236088669189e+02 4.225379435626344957e+02 3.978552132969962827e+02 4.078005977091079330e+02 4.452657620816420376e+02 4.394721102052698143e+02 4.449118041326496495e+02 4.824298004485244746e+02 5.030595069262239463e+02 4.881630981229343433e+02 4.922210455489403671e+02 4.777214701871609464e+02 4.691688764032365953e+02 4.643916794321813200e+02 4.886874544460804373e+02 4.902234714145299677e+02 4.723172603263313363e+02 5.014542050199324876e+02 5.089925254534397823e+02 4.853456660564400522e+02
6.497923401133355314e-01 1.884135224792582264e+01 3.725255335851920080e+01 5.661715875519188046e+01 1.539704913609503194e+02 2.244254882287713713e+02 2.681355467159353339e+02 2.506877739376336365e+02 3.141904011906415803e+02 3.175395911205215498e+02 2.425108685817010041e+02 2.520298894681609738e+02 2.457235985215376388e+02 3.121764284156460008e+02 3.916508930359521514e+02 3.672550726528468772e+02 2.997083178190172816e+02 3.816777245685643720e+02 3.300249951689418140e+02 3.048769380885047440e+02 3.149965493331255857e+02 3.925029797197133803e+02 3.473325118186768350e+02 3.530604347045907616e+02 4.384608832695259935e+02 4.215929318390196840e+02 3.974609836447326643e+02 4.865558056766906816e+02 4.375762483262455476e+02 3.819860802883250699e+02 3.736324560551655622e+02 4.300413490066630970e+02 4.251200799103594363e+02 3.818776673203965970e+02 4.497773610179365846e+02 4.517634086822655490e+02 3.966823435396327682e+02
6.883992401879653888e-01 9.901734602123310935e+01 1.348153613740590231e+02 1.537070733397397646e+02 8.852732026187229053e+01 1.853164631484695235e+02 1.729524671067956945e+02 2.515844193491573719e+02 2.797316708841815398e+02 2.982428804713954946e+02 2.756011933221509480e+02 1.853823102754113847e+02 2.796376113951267257e+02 3.105564448873836341e+02 3.610025291581541751e+02 3.414286723742186496e+02 2.504898757017841149e+02 3.406175378505749904e+02 3.311862368102873688e+02 2.378436694620994842e+02 3.131492771576017162e+02 2.999706049902558789e+02 2.822558690911600934e+02 3.736797132683536233e+02 4.013452441875724048e+02 3.456112346096734314e+02 4.374924795147553596e+02 4.558853626899860387e+02 4.411525880189926170e+02 4.096136200918266468e+02 3.419899406552256096e+02 4.213838172040662471e+02 4.174140661932906937e+02 3.485901779628964618e+02 4.284362257637338871e+02 4.299938623061999010e+02 3.428260098486134098e+02
9.527043435140133409e-01 9.927659758155945724e+01 1.866694224935399404e+02 2.239474750023311458e+02 1.852773999310646218e+02 1.257125443317870719e+02 2.218088073548360342e+02 2.548037599916833074e+02 2.007588611388171955e+02 2.131913581764495120e+02 2.507324825771035535e+02 1.655284359461147403e+02 2.532674696274285964e+02 2.295248695485459223e+02 3.085747533156306872e+02 3.080123492731826786e+02 2.171501879975974134e+02 2.713539464001860324e+02 2.826367533321675864e+02 2.058868172894146653e+02 2.196325115595264776e+02 2.341243454171498399e+02 2.511744598052297306e+02 3.449730748861214238e+02 3.086911293781172958e+02 4.003236382827201396e+02 4.499560191965139779e+02 4.435735479474877252e+02 3.911942503220221852e+02 3.582094191243019168e+02 3.260578240825605008e+02 4.050101127500092275e+02 3.963215508358849775e+02 3.198268603764196314e+02 3.939596764440745460e+02 3.919718814321561808e+02 3.050510086965743994e+02
6.729967576641545657e-01 4.975905574019692068e+01 1.181858250343422725e+02 2.140791054708955699e+02 2.602840416100268612e+02 2.218063551329729819e+02 2.602649253960893247e+02 2.109569080105408148e+02 1.296826436260098205e+02 1.414860359095572448e+02 2.130983129477228886e+02 1.344577343566618026e+02 2.260531991619279495e+02 1.755103909115190106e+02 2.367017649224897298e+02 2.410333668767032975e+02 2.558882669116659940e+02 1.760567334409252567e+02 1.881688284901125314e+02 2.832380674525495579e+02 2.750230009192454759e+02 3.280717800568160101e+02 3.449173757460952174e+02 2.768213138397681519e+02 3.701138054081943665e+02 4.387547991988616900e+02 4.572560832042673269e+02 4.219936656442240519e+02 4.088648156270118079e+02 3.762600891422885638e+02 3.003382432852093302e+02 3.774838575484054104e+02 3.692712711513084969e+02 2.829415117450075172e+02 3.617339996117263468e+02 3.515843685854317187e+02 3.260804883462685098e+02
6.149197931285226293e-01 9.894782013375584029e+01 1.451676066081673184e+02 1.907317782058467799e+02 1.792643323441374434e+02 1.399301274820598735e+02 1.794028173960043091e+02 1.611267902483670014e+02 7.472480295323008193e+01 8.251477605358614653e+01 1.794705171584135712e+02 1.054494842170420981e+02 2.020131561288560818e+02 1.312337279873663078e+02 1.408313164443970891e+02 1.505627139691251273e+02 1.603856588121422817e+02 2.559669103699920925e+02 2.831033452784603242e+02 3.198823468768265457e+02 3.680710055271920851e+02 4.062901216209216386e+02 4.077792483986768843e+02 3.448917777955222732e+02 3.704072501649750393e+02 4.065197290230887006e+02 4.297906841012004975e+02 3.791421056797298093e+02 3.393780954688346014e+02 3.009170472372342715e+02 2.635727279644149235e+02 3.233147309381464538e+02 3.374395840065415086e+02 2.502811373641864634e+02 3.248272018186508490e+02 3.019557019173685148e+02 2.319263163223318145e+02
5.036282395543789647e-02 7.228710049601231979e+00 1.054592993355790327e+02 9.500485461354725203e+01 1.292745700094913275e+02 4.228238969568953110e+01 1.398519352237459827e+02 6.385109013958924606e+01 1.611226249147711655e+02 1.794139242207293421e+02 9.369445274605304519e+01 1.904647427553670695e+02 1.179728900456603355e+02 2.143185208544482805e+02 2.366970325125864179e+02 2.462410880359862233e+02 2.558973017299505841e+02 1.931976015651236196e+02 2.881773179092554642e+02 3.551815319888114573e+02 3.902881788270174752e+02 4.359935085759752837e+02 4.637363866117331099e+02 4.291216944392039636e+02 3.905071439228505028e+02 3.327228294713440846e+02 3.953130107735125875e+02 4.158082134122562366e+02 4.018024826090794477e+02 3.647650214641404887e+02 3.180457443075216588e+02 2.348404340688540799e+02 2.894114716657982171e+02 2.208217528620760390e+02 2.779522901076943526e+02 2.067704210245057936e+02 3.020111623251353308e+02
2.473071933081959495e-01 9.859097707429287993e+01 1.732073209799115432e+01 2.443795748636085463e+01 3.158909216941184894e+01 1.294136317696482479e+02 5.304623722221851523e+01 1.505172540041251068e+02 1.998412596942339121e+02 2.155702929627792628e+02 1.198232696689593695e+02 2.154764094811318955e+02 2.142934796839659555e+02 1.591244377504896192e+02 1.953748135702625177e+02 2.902977484540078876e+02 3.264076351812958592e+02 2.881736449360915913e+02 2.306205190708926409e+02 2.617603553722289007e+02 3.070302497283937555e+02 3.794327918800325961e+02 4.033097700620143087e+02 4.214916080715492512e+02 3.825407627728864099e+02 3.051503224759358659e+02 3.642477717544975349e+02 4.195792414286774488e+02 3.909729386599357213e+02 3.994547922943557410e+02 3.520274880468701895e+02 2.878864468363698279e+02 1.955732758668872862e+02 2.586893200348937967e+02 1.828679719723741925e+02 2.785429277378070765e+02 2.618711481890156278e+02
7.088201712286245071e-01 9.904514245563919417e+01 1.152071533534149381e+02 9.509283520173322302e+01 1.292397361439260521e+02 6.458275796346312347e+01 1.500015947684983075e+02 1.898524037471959502e+02 2.664472869570337252e+02 2.532721000779500002e+02 2.160214640355189033e+02 1.649739865374797887e+02 2.605113434428188270e+02 2.547263303542030428e+02 2.543503023381166486e+02 2.565710691244724444e+02 3.502771669037127822e+02 3.629021707532864411e+02 3.233764688691162519e+02 3.445465575188998173e+02 3.895956461016635330e+02 3.942521130105998282e+02 3.551074221121310757e+02 3.959379130959696909e+02 3.256332772945411307e+02 2.787070120138818652e+02 3.434111939918810776e+02 3.687593496254557408e+02 3.205427223896184046e+02 3.651470978100541060e+02 2.801594149186701088e+02 2.898218348719184974e+02 2.585008987667108045e+02 1.637492992148156077e+02 2.595978595030848624e+02 2.516034337843699689e+02 1.659255008082629104e+02
5.819734946149275334e-01 4.413422542594620523e+01 1.417282224043499070e+02 1.904520108627507113e+02 2.009591597669660246e+02 1.618219570875671991e+02 1.004811605570778283e+02 1.331265436322169933e+02 1.945761536383405428e+02 2.790404429329980758e+02 2.930732210667052300e+02 2.275548377348301017e+02 2.370481309453053882e+02 3.312372250581587991e+02 3.482839063532590558e+02 3.461848502486269581e+02 3.676446780554231850e+02 3.731521146512936298e+02 3.331799371015766837e+02 2.962498424208062602e+02 3.278542845741945371e+02 3.609532139346318900e+02 2.965292027268446873e+02 3.685923908099742334e+02 3.265712097253505704e+02 2.447842953539384041e+02 3.230295040465321108e+02 3.495604665209442032e+02 2.728131109918095376e+02 2.961606147679065089e+02 2.883211061267961668e+02 1.958461986674555817e+02 2.341347676749395248e+02 1.529386584698617639e+02 2.412084667322668281e+02 1.554861408912696561e+02 2.516080806695317449e+02
6.201706420557316912e-01 9.895290073147315013e+01 1.222901163353138685e+02 1.910847856219261018e+02 2.857338208526687140e+02 2.358536985995571627e+02 1.693624249738761876e+02 1.957241652453003269e+02 2.035927458801599244e+02 2.947430009362458350e+02 3.347462530378821270e+02 3.149441345087396940e+02 3.294848779272032857e+02 3.347948774747592893e+02 3.254247049338329703e+02 3.569375904502331309e+02 3.754380548123444328e+02 3.265114118211085383e+02 2.657867156676107356e+02 2.143747131715817034e+02 2.916017592832423020e+02 3.268459997281074720e+02 2.402366617839213632e+02 3.196240010111313836e+02 2.947375554911823770e+02 2.061631403693264133e+02 2.684653165327296733e+02 3.532379745565240228e+02 2.969381820467834814e+02 2.070206454518365149e+02 2.378029524011037665e+02 2.339702444585612966e+02 1.377185356381457666e+02 2.309581492150899464e+02 1.450354800860593798e+02 2.413265277666845350e+02 2.904489017383663167e+02
9.933278572681448759e-01 7.086566293550504270e+01 1.680099098923672329e+02 2.202444147846052545e+02 2.203399977224783868e+02 2.592616108472549286e+02 2.647401390642007755e+02 2.906628300573556771e+02 2.980981843917228957e+02 3.367439384354055960e+02 3.042974400455145201e+02 2.691242454332385137e+02 3.110184969604698608e+02 3.134680692635404284e+02 2.446535306174289133e+02 3.090718843125667377e+02 3.428150171130629928e+02 2.731974946429165243e+02 2.011272920418638250e+02 1.584370371298041960e+02 2.507851317132617055e+02 2.516634260437060959e+02 1.996589796420176697e+02 2.940836596401842371e+02 2.656990998940963777e+02 1.728993515752702308e+02 2.554280617287091104e+02 2.991357591659124751e+02 2.604747672072165301e+02 2.359324152055850448e+02 1.474867728232727870e+02 2.157053870666737510e+02 1.274188254537148026e+02 1.346755122761634880e+02 2.274456987257722176e+02 1.995467517540367055e+02 2.526670746364291915e+02
1.405461526419654605e-01 9.848182223979405592e+01 1.339017239958779157e+02 1.269070790716845210e+02 1.245384051462605726e+02 2.207783643004082705e+02 2.862494484562595858e+02 3.247377607552153904e+02 3.724790028982026797e+02 3.062437174216145763e+02 2.691817505422314412e+02 1.908421399344142344e+02 2.690643919794390513e+02 2.737430065647315587e+02 1.875195275061478242e+02 2.151464158142740359e+02 3.023268430527879786e+02 2.714289165582757732e+02 2.120888755681517353e+02 1.211368164055808592e+02 2.134286712503913748e+02 1.556642502708146480e+02 2.504399588737460363e+02 2.485507285391520327e+02 2.096105648096150560e+02 1.455308192709476316e+02 2.412903129781466021e+02 2.440897830868314031e+02 1.645797878955678186e+02 2.081184673278687853e+02 1.158488623639026258e+02 1.190414818177411007e+02 2.157344772360844729e+02 2.309526153639777988e+02 2.677117064627983041e+02 2.935666182062894336e+02 3.332317028218919290e+02
4.026185890239118992e-01 1.828420936045250045e+01 3.634099089203837707e+01 5.523390684983863963e+01 1.526495951688101513e+02 2.078021597063596460e+02 1.912908428900191780e+02 2.781182501806571281e+02 2.791644657668346099e+02 2.644544023443549463e+02 1.839391321613909724e+02 1.405052428215849716e+02 2.256255676880304293e+02 2.308789418710456118e+02 1.419978946664998887e+02 2.159508764092926469e+02 2.675849962733781808e+02 2.039430766595712612e+02 1.362574021566833551e+02 9.268360331740537106e+01 1.172981180343822984e+02 2.138626207972795612e+02 2.245641453891656170e+02 1.853522733578298585e+02 1.128365488144188191e+02 1.900048950738308804e+02 2.305475933898169956e+02 2.005333997557190457e+02 1.081435335139690750e+02 1.113407322649612325e+02 2.081586926120037617e+02 2.156987135688384285e+02 1.244462471303619822e+02 1.931161366661498278e+02 2.885529709525921476e+02 3.081387641466992022e+02 3.113470640976379968e+02
7.903750024369222693e-01 9.912621418006361296e+01 1.338822716771186947e+02 1.524823249573267390e+02 8.740294468741477374e+01 1.121328167492947472e+02 1.451034183691472776e+02 1.899907630387259871e+02 2.819029456145726158e+02 2.663670098278001319e+02 1.921769234040495462e+02 1.002142180994569998e+02 1.850896266756014654e+02 1.602556429047542963e+02 1.091368465683105171e+02 2.050921892820682899e+02 1.996602678495230236e+02 1.324737141687781445e+02 6.710912040194527606e+01 1.645643238221930460e+02 2.081629171032843146e+02 2.199006623331795822e+02 1.809006232873732927e+02 8.820726210303527637e+01 9.137665300005882330e+01 9.456656152832970008e+01 1.916162783027029661e+02 1.036152185644724568e+02 2.005314175868296616e+02 2.081047012514518713e+02 2.370772487670155613e+02 2.245280431397114853e+02 1.282436592360470229e+02 2.247238322747184327e+02 2.690020720695494560e+02 2.138633551382434348e+02 2.164672016835440047e+02
1.870836446472545767e-01 5.697269324981591865e+01 1.535711517427857871e+02 2.225139122903842690e+02 1.842266229419766148e+02 1.824477391905556942e+02 2.387682322071963483e+02 2.782228870176188025e+02 2.459477155663959707e+02 2.089942872440089445e+02 1.368928660671736850e+02 6.840230896896248680e+01 1.345556552551068421e+02 7.135353816166421836e+01 1.456389813419031043e+02 1.865850775017583771e+02 1.559852327920221740e+02 6.277989876981710893e+01 1.602642099792176964e+02 7.150323045540631028e+01 1.688944109383765237e+02 1.762403109666667547e+02 8.368373501954891935e+01 1.808950108629397278e+02 1.883603573971329013e+02 1.915695487743384433e+02 9.905690502463551184e+01 1.960468561988544991e+02 2.005432152284790561e+02 2.957914525432308324e+02 2.917168439696017685e+02 2.025159247408785177e+02 2.248074744070591748e+02 1.335242137606717563e+02 2.300102879880174385e+02 1.440065276375950702e+02 1.476856375517072308e+02
2.797522905802692916e-01 9.861809810570657930e+01 1.937180627798722128e+02 2.268102141240937613e+02 2.655846446536428971e+02 2.750250144543168744e+02 2.578317626469492438e+02 2.232896045848761446e+02 2.084416016375049878e+02 1.181232106543109950e+02 1.308405904381592677e+02 4.028529622464139237e+01 4.342058462936012830e+01 4.653813942211520072e+01 4.964975171387722241e+01 1.473502186549446549e+02 5.840790740098874068e+01 1.559784813078042021e+02 1.997041189374423595e+02 1.688757476029862801e+02 7.583594657400081473e+01 7.909542391494450442e+01 1.763575000942443296e+02 1.809330987625160105e+02 2.764700606806645169e+02 2.352328153944639553e+02 1.691319740950765151e+02 1.328282370572187858e+02 2.292249009706762592e+02 3.048916008840255927e+02 3.327748371591413274e+02 2.978937667370116742e+02 2.253285820779112498e+02 2.234144412026000737e+02 1.387402412678676171e+02 2.325926664703153790e+02 2.438525898888163965e+02
