output/example/elevation_000431.asc
nrows	75
cellsize	13.33333333
xllcorner	0
ncols	75
yllcorner	0
NODATA_value	-9999
[rows 34 to 50 of 75, columns 37 to 73 of 75]
2.264507728762979966e+01 3.239439094974441247e+01 3.240785837101768152e+01 2.848798680124232163e+01 3.757643561751747541e+01 3.432732394791808872e+01 2.480370860108437725e+01 2.433713642558535284e+01 3.391320674660676815e+01 3.605807835183365029e+01 3.759402991577426434e+01 3.006684152338348071e+01 2.055139670688605591e+01 1.539389017298581130e+01 1.745878799339203624e+01 1.955356283362185366e+01 2.173427380196747549e+01 2.406015126772787482e+01 2.660827059119168680e+01 3.359965957331126418e+01 4.363049714220383635e+01 4.997647504747518354e+01 4.580317214568646023e+01 4.693848492762632674e+01 3.944536229856831255e+01 3.149218118121237708e+01 2.129049970432071603e+01 2.797768186000328683e+01 2.400193592043581603e+01 1.357527320973922791e+01 2.379893515541481719e+01 2.713907483155353972e+01 2.875315856115616953e+01 2.261008467291123480e+01 3.271668374498432996e+01 2.964520893814347247e+01 3.674556758968679304e+01
2.093451520791906972e+01 2.881087996025491194e+01 2.322354118779186649e+01 3.006658360720819800e+01 3.892756565059853102e+01 3.820939888101005977e+01 3.027509728898876773e+01 2.051846550813429459e+01 2.726753534997543582e+01 2.654647556400559694e+01 3.324342956193881093e+01 2.386872923795335666e+01 2.388322714701302019e+01 1.464737012421149132e+01 2.485962844394251903e+01 2.970609552236016881e+01 3.182030557595175679e+01 3.405528555318891648e+01 3.653762387625910435e+01 3.285283101436588993e+01 4.287826516735889726e+01 4.580317214568646023e+01 3.572703831116709239e+01 3.867826958315459507e+01 3.269573417400566484e+01 3.304653858404911659e+01 2.799304331561418380e+01 1.745784303028332474e+01 1.638732835541668464e+01 1.304747555928176261e+01 2.353757657821207872e+01 1.700259231102001323e+01 1.864181813308735514e+01 2.089951577827246254e+01 2.321538727659855539e+01 3.332217563895695633e+01 3.760093849387611442e+01
2.881087996025491194e+01 1.881061057706516237e+01 2.705006785367193700e+01 3.097310180421341741e+01 3.624366717154199335e+01 3.620798220658119959e+01 3.419223411836409809e+01 2.726753540433222156e+01 1.731196563817309553e+01 1.952915891013162408e+01 2.685141163557829813e+01 2.291784814257646019e+01 1.364990000879465271e+01 2.388324889212410440e+01 1.814749463840126253e+01 2.822672143500408737e+01 3.494202626195644967e+01 3.895613613078867132e+01 4.327342142710885753e+01 3.992689265977292479e+01 4.704012218841489812e+01 4.449717415193890702e+01 3.441853579440983424e+01 2.861799996228711862e+01 2.558124770983477703e+01 2.295617064032749965e+01 2.958557093221794432e+01 2.750613933844826065e+01 1.405514892191254894e+01 1.304747555928176261e+01 1.468861923871242503e+01 2.495749950422836250e+01 2.875315854920500058e+01 2.580149329081303478e+01 3.332217563895695633e+01 2.756635013024618530e+01 3.469135082520252666e+01
3.277559344355309179e+01 2.705006842608061746e+01 1.691864215939452620e+01 2.252369805422334537e+01 2.829011786338983470e+01 2.651377263906368498e+01 3.620798770760240615e+01 3.099483973704096940e+01 2.444413559398655167e+01 1.435357546594645939e+01 2.191497141674457794e+01 1.267827588352339596e+01 2.235585019054292744e+01 2.782865197734827234e+01 2.822672140854078293e+01 2.194356378046567357e+01 2.518281903874541072e+01 2.962096950719717370e+01 3.642807748717240912e+01 4.605197433643306937e+01 5.415335171705685724e+01 4.866981846754458019e+01 4.285175667932006860e+01 3.867826958315459507e+01 3.564498416295202787e+01 2.958557093221794432e+01 1.949639660684301745e+01 2.644674401682397402e+01 2.302278673704235956e+01 1.251918838447151572e+01 2.306918746538588394e+01 2.909117575484644647e+01 3.675159113586894932e+01 3.586342237321250082e+01 3.586342237321250082e+01 3.469135082520252666e+01 3.469135082520252666e+01
2.943635844337228846e+01 2.247950750075966653e+01 2.514352213607940811e+01 1.513992101707974491e+01 1.822070964586415798e+01 2.784135029262557381e+01 3.194732725300692167e+01 2.895909481278214059e+01 1.976645738623470194e+01 2.000747564767522846e+01 1.172641262961883335e+01 2.196377867833037101e+01 2.664586698936707521e+01 3.236056442051626902e+01 3.566036088255224712e+01 2.775740656236175496e+01 3.494202626653942900e+01 3.895613705585110864e+01 4.327342142716437223e+01 4.726381982032483364e+01 5.126494949424340319e+01 4.972012960434884121e+01 4.394779146981400686e+01 3.946157913979514831e+01 3.531339893815023601e+01 3.375900486592635730e+01 2.647198413870418676e+01 1.647018099849216100e+01 1.849661578590329825e+01 1.198243677941787944e+01 2.264435770164504902e+01 2.263778911610696909e+01 2.967250587024180319e+01 3.974295070138368402e+01 4.580910283713107134e+01 4.462530450450143604e+01 4.462530450450144315e+01
3.204868997389345253e+01 2.930041074158364012e+01 2.897406672238188463e+01 2.356172829169951299e+01 1.341047096948526907e+01 2.227927550596019657e+01 2.221655529527164674e+01 2.434525989457246453e+01 1.987600542811019366e+01 1.087066037045652322e+01 2.109437207877501308e+01 1.577776884999352802e+01 2.135322501045622801e+01 3.026415322685513232e+01 3.839650552839461284e+01 3.745763225482749448e+01 4.149059416892610841e+01 4.206729907073695074e+01 4.039491491639947895e+01 3.754972134654257587e+01 4.726381982032483364e+01 4.557593691291481974e+01 3.558084655192957513e+01 2.976114243982340213e+01 2.519595061194779717e+01 3.025467477504901481e+01 3.064664858164450223e+01 2.504792265423970221e+01 1.362555641129611494e+01 1.143747787495535029e+01 1.563281149492968147e+01 2.262222910303860957e+01 3.259254929631102726e+01 3.976455246894189344e+01 4.550588094421842555e+01 4.124304512911483300e+01 4.258613286045003576e+01
3.795880249498311088e+01 3.790387982253443511e+01 2.965671354405786175e+01 2.010205968698848977e+01 2.227927550380368160e+01 1.184025209646879695e+01 2.227882423087043762e+01 2.023246910673014298e+01 1.005136846163983044e+01 2.022566767665813714e+01 2.511844688652069735e+01 2.526050572076121625e+01 2.076210158175714326e+01 2.599817415618201011e+01 3.469974275243151851e+01 4.066255166272832611e+01 3.663541616007577773e+01 3.229225959590968387e+01 3.059484311370554366e+01 4.039491491639946474e+01 4.826039321550636885e+01 4.279666019871483940e+01 3.867535295228046266e+01 3.738966630973185801e+01 2.729926451390387498e+01 2.000732394881939058e+01 2.607121129636627899e+01 2.856044549586839310e+01 2.121588102428843214e+01 1.091771091037993990e+01 1.518860968280290358e+01 1.946832862072602310e+01 2.514104734193455215e+01 3.546541054532343651e+01 3.836598154042610531e+01 3.090888735874010607e+01 3.224891548906022365e+01
3.205052342808324539e+01 3.678903107094701852e+01 2.805387155999894233e+01 2.711079000973629149e+01 1.694546029503432294e+01 1.081694511126211644e+01 1.979346878955929867e+01 1.886613226421409806e+01 9.507717813118972572e+00 1.318382068180521927e+01 2.061940247408068672e+01 3.123392799354174798e+01 2.959123461960693646e+01 2.801964842153503454e+01 3.680487506659855512e+01 3.499240539533060002e+01 2.677359289593200131e+01 2.527142121302348698e+01 3.515655619476164162e+01 3.451017847917184156e+01 4.425761200019697128e+01 3.701652882232620101e+01 2.863828787437914158e+01 3.701652881371975212e+01 3.327027668372790004e+01 2.308926066545960154e+01 1.564414179839185515e+01 2.258814453563029545e+01 1.923966600029033458e+01 1.042860811301621915e+01 2.126181254160872669e+01 2.920397910226244775e+01 3.379452762625339801e+01 3.534270933965350991e+01 2.805433582713634166e+01 2.498369039821297477e+01 3.224891548906022365e+01
2.735954219980071400e+01 3.396172400588537243e+01 3.678903107094701852e+01 3.145664748544243139e+01 2.534030268335303049e+01 1.979384762138118603e+01 9.477535410955997719e+00 1.841789292452894600e+01 8.990298819708295142e+00 1.900541818352379053e+01 1.999608944432639390e+01 2.694699845221603596e+01 3.664307778226020673e+01 3.683386919640584978e+01 3.782120694822020113e+01 2.805331354581142378e+01 2.096995880373239274e+01 3.060317326987674846e+01 2.643340285633832210e+01 3.629794873344661710e+01 3.911194828592478956e+01 3.283838768913341966e+01 2.303849736039840934e+01 3.283838768913341966e+01 3.618416190422630052e+01 2.606741532904792535e+01 2.260655386210811102e+01 1.189849844324134942e+01 1.994853658952348496e+01 9.978494745245958697e+00 2.091072695106415225e+01 2.698579016776885453e+01 3.190307135907374558e+01 2.763320473513977760e+01 2.075057943436185326e+01 3.107454693136572033e+01 3.527661635854031630e+01
1.976788177587039641e+01 2.845295074266399382e+01 3.424475634338586616e+01 3.194052056390424355e+01 2.205665190499483330e+01 1.604116326563282868e+01 1.836275761191550870e+01 8.268691258619808693e+00 1.228216776368749130e+01 1.678200582550523023e+01 2.637758196030437574e+01 3.372652670547325471e+01 3.814524139485415333e+01 3.408829826881387248e+01 3.505028800748058160e+01 2.858810781481428620e+01 1.855095271905792487e+01 2.061633850216460573e+01 3.060317329710801815e+01 4.032170303619490426e+01 3.498014646427335350e+01 2.517204080628358298e+01 1.960133105024989320e+01 2.535052758766778425e+01 2.928951940817941946e+01 2.426307589233574191e+01 2.026596147148545413e+01 9.429603460164152295e+00 9.429603460164152295e+00 2.029234603552600547e+01 1.193207478711645031e+01 2.269147102575765373e+01 2.449225592291860920e+01 1.721590384046733035e+01 2.763319735585713133e+01 3.533910226628096751e+01 3.822615616741592248e+01
1.413481866469837023e+01 2.005778793222358658e+01 3.015441714422051689e+01 3.591081441175099798e+01 3.025487625255924939e+01 2.401488428428322663e+01 1.767541193328600713e+01 7.807668003511689214e+00 1.763860841194852114e+01 2.287592681898741986e+01 2.826282410004090195e+01 3.223136332475935006e+01 3.408829826881387248e+01 2.414755044934232231e+01 2.705912807560015665e+01 2.099431895266669912e+01 1.621292369426782898e+01 2.634482944902799062e+01 3.060317329710801815e+01 4.041396299002754944e+01 3.796969771284400252e+01 2.807803115394916205e+01 2.123295367814732870e+01 1.548217513902894282e+01 2.206721168000681743e+01 1.933476164484402560e+01 9.429603460164152295e+00 2.025696917576408751e+01 1.713283339125919014e+01 2.453666362169541060e+01 2.269124093089860850e+01 1.391488465910179251e+01 1.391488465910179251e+01 2.449207128423374513e+01 2.274794120920327245e+01 2.791558454944069467e+01 3.822615616741624223e+01
1.413481853136503652e+01 2.005778779889025287e+01 3.015441701088718318e+01 3.653291733823269283e+01 2.727230933329183671e+01 1.676796115074769844e+01 8.793372123366621551e+00 7.274063845872110079e+00 1.083483728150953596e+01 2.036624303882297227e+01 1.856903852568956736e+01 2.827208936930448502e+01 3.408829826621816039e+01 2.414755044934205586e+01 1.692210852576553748e+01 1.364578095066815600e+01 2.392353409867307690e+01 2.634482944902799062e+01 3.623115184693383384e+01 3.498331923208147032e+01 3.048180560361533509e+01 3.047917727726483506e+01 2.560594609079705108e+01 2.054922401945504973e+01 1.189992651865869533e+01 1.924881777563142293e+01 9.089279225024631259e+00 1.631503672973782670e+01 2.568480004549218165e+01 3.127871520927800475e+01 2.449216649258230305e+01 1.391488465910179251e+01 1.391488465910179251e+01 1.608819259904628751e+01 2.654253629748518151e+01 2.620310466033892283e+01 3.134057965706745463e+01
2.392515968877435029e+01 2.845295060933063169e+01 3.424475621005236547e+01 3.234648928958086600e+01 2.193693456430891686e+01 1.539692122302537491e+01 1.695573885747225873e+01 6.643550951463301324e+00 1.554454331341774420e+01 1.165411080745973749e+01 2.143114195150575441e+01 2.710030219199053292e+01 3.081524071520490438e+01 3.112359478245113564e+01 2.227870799423012826e+01 1.187337579409386201e+01 2.227871136798687246e+01 3.078210496645803218e+01 3.248074275922869703e+01 3.048179465450730774e+01 2.055946103224803423e+01 2.055939463787531807e+01 2.145870456458086295e+01 1.325928122098789785e+01 1.881836163064932066e+01 8.635557824296075324e+00 1.922420091235045447e+01 1.258168394899228382e+01 2.323432759170449202e+01 3.100204220451434622e+01 2.877245453328234248e+01 2.449230904783678398e+01 1.707941367589933535e+01 2.654251478780595619e+01 1.964739771741131236e+01 2.999031144177116559e+01 3.886202856307190245e+01
1.900443588970895092e+01 2.410451698227797834e+01 2.763224935539009053e+01 3.174794096984304304e+01 3.012991377678051563e+01 2.613435329546595298e+01 2.114539647129558020e+01 1.590472724282496486e+01 5.696961256587727895e+00 1.575247609228210521e+01 1.864676683946904134e+01 1.654775349678639174e+01 2.532505659523766894e+01 2.299062895213851476e+01 1.882461592403829798e+01 1.034531794893965717e+01 1.652136328074914928e+01 2.669645004992590742e+01 2.173600482822896751e+01 2.917582185971670583e+01 2.342012404761866762e+01 1.486940764255712111e+01 1.744918774710447806e+01 1.334757619468467560e+01 8.324364626146412149e+00 8.324364626146412149e+00 2.027995292148546014e+01 2.323378070631968129e+01 1.639814633667475974e+01 2.680969907745963354e+01 3.609289592716828565e+01 3.061506504115644489e+01 2.028544825270891394e+01 3.061506504115642713e+01 2.999044261569836323e+01 2.430032846772557420e+01 3.156737574683550207e+01
8.341204883319811358e+00 1.847786790744063623e+01 1.763377338391280347e+01 2.598585490421998756e+01 2.912298127466450381e+01 2.356760421625739355e+01 2.325893092507087445e+01 1.773425822624640347e+01 5.072025588299270638e+00 1.007705205186687536e+01 8.626702669998701722e+00 1.272902531296126050e+01 2.191893517542477454e+01 1.880717120848977331e+01 8.400662404233306901e+00 1.695205661258341934e+01 2.111863894327265712e+01 2.204445322990850897e+01 1.408760295359202175e+01 2.180296413948884648e+01 2.036647879691112450e+01 1.194690086178426824e+01 1.797940914003392265e+01 8.324364626146412149e+00 1.850233292151294862e+01 8.324364626146412149e+00 2.144345828895653483e+01 3.090583122311778297e+01 2.115040046560979548e+01 2.169531940371981094e+01 3.192412029898916259e+01 3.488193827367022948e+01 2.626093174184295620e+01 2.759571378945805264e+01 3.790445501912307691e+01 3.156737574683550207e+01 3.156737574683550207e+01
2.767120889797435979e+00 1.403326862197980596e+01 1.195240147925514407e+01 2.185962654895477186e+01 2.161861909929652725e+01 1.278396156905260383e+01 1.372385558178610587e+01 1.756485342260434379e+01 1.422814838721271791e+01 4.278632522451528253e+00 9.700461548648762644e+00 1.658741116687495776e+01 2.051207339648060923e+01 1.898515579986657187e+01 1.542322697656437214e+01 6.577774354554861702e+00 1.584618298515639445e+01 1.418023696310384985e+01 9.510246719420102579e+00 1.047016749863657736e+01 1.952348977555300991e+01 1.397229923263781970e+01 7.874752975872155503e+00 1.796577043099829041e+01 2.264915527416038898e+01 2.147264484353366143e+01 2.656006812071213119e+01 3.555658810341867593e+01 2.710019296925963772e+01 3.192412029898898140e+01 2.895754338581003395e+01 3.908627317674090307e+01 3.353480830976213412e+01 3.790445051690472411e+01 4.216918143162889265e+01 4.190064873103744247e+01 4.190064873103744247e+01
2.767120889797435979e+00 6.271004923112892371e+00 1.579817430066491291e+01 2.169550862323246321e+01 1.657572090479377991e+01 3.748685099080688587e+00 1.415228832873694742e+01 9.380048583902956594e+00 1.359689292362982371e+01 9.779717239523151306e+00 4.278632522451528253e+00 1.477717149478018932e+01 1.095094278696005219e+01 1.409756716862938397e+01 4.708514620744693069e+00 5.021283499600661671e+00 5.021283499600661671e+00 5.362384902796879516e+00 5.750759667751647264e+00 1.075349442907359432e+01 1.693398801770315387e+01 7.392551050605353780e+00 1.739715544531887303e+01 1.790120500369009093e+01 2.776597592333129327e+01 3.123012557002149947e+01 2.735761725475126838e+01 3.213395046265392097e+01 3.724484332586357738e+01 4.139091867349385723e+01 3.908630027995353373e+01 4.323055475000180081e+01 4.387303852883790256e+01 4.219284473776620104e+01 4.640212053996354769e+01 4.866594638326749589e+01 4.759511060008982497e+01
