output/example/elevation_000301.asc
nrows	75
cellsize	13.33333333
xllcorner	0
ncols	75
yllcorner	0
NODATA_value	-9999
[rows 34 to 50 of 75, columns 0 to 36 of 75]
4.159999999999999636e-03 8.274325708425021020e+00 1.291860745227435636e+01 1.742871299758535741e+01 2.351205777875283687e+01 1.686189817466764751e+01 1.631515319138725673e+01 2.350256924608451214e+01 2.328623637042268513e+01 2.155599717747861277e+01 2.734874361070308524e+01 3.732184632687582138e+01 3.976674267577077870e+01 3.899831927144026622e+01 2.906598527222443451e+01 2.328903940215339219e+01 2.172106588172574604e+01 2.669510629801931501e+01 2.012165631971931745e+01 3.013231350263370700e+01 3.405698409982729657e+01 3.815490627948314994e+01 3.835189501434333437e+01 3.221594714379857294e+01 2.232262864175903516e+01 1.908170719503316093e+01 2.886726757049682135e+01 3.686261441129615690e+01 3.980927885108808795e+01 4.423945153584245560e+01 4.430259341123382910e+01 3.449869614214817659e+01 3.737019117020708592e+01 3.364571157345935859e+01 2.752317631917948404e+01 1.728479128019068156e+01 2.587417612147821799e+01
3.329999999999999627e-04 1.000033299999684822e+01 3.342029063085222962e+00 1.329288417608711725e+01 1.679283615853794132e+01 9.428632442865580998e+00 1.148744027839413206e+01 1.358463291109432625e+01 1.621911285709319728e+01 2.621443825934171201e+01 3.568463491781608354e+01 4.143554923478305341e+01 4.480726114750891753e+01 4.308865517635362608e+01 3.736392415825616808e+01 2.798524643041246307e+01 1.793526104454654302e+01 1.668513641806486447e+01 2.377022112960944966e+01 3.375640128405002827e+01 3.075200727943438039e+01 3.487664975426616110e+01 3.434350124127691117e+01 2.531638004825709132e+01 2.608137404608229559e+01 1.716045385757857389e+01 2.674869027086122131e+01 3.178603462829609683e+01 2.849700577081858199e+01 3.980927885108808795e+01 4.840542453956980040e+01 4.430259341123382910e+01 3.667880960325946660e+01 2.662725478366009924e+01 1.936897794750161950e+01 2.473770240043054969e+01 1.559591209363384223e+01
1.129999999999999928e-03 1.361956766983926537e+00 1.165769377412640928e+01 5.403040750212479537e+00 6.907315100573192090e+00 1.041079807980652383e+01 2.030619755241146507e+01 2.354307517900050684e+01 1.986794309601820530e+01 2.438097266737883473e+01 3.437242460448622694e+01 4.184808551446114677e+01 3.470382319786734371e+01 4.184808552066056109e+01 3.894643409927078181e+01 3.209883335537377036e+01 2.451510425914431934e+01 1.449098793075146219e+01 2.244887258776287453e+01 2.658576952353840639e+01 2.073325687331384870e+01 2.910263378925281685e+01 3.276054282588093258e+01 2.653207826653207135e+01 1.809485094542457517e+01 1.536823066655100334e+01 1.813725834694926320e+01 2.099828093761830061e+01 2.849700577081858199e+01 3.980927885108808795e+01 4.617599763600666307e+01 4.301927863830583476e+01 3.299411684614720741e+01 2.587574865860435835e+01 2.476691515610722760e+01 1.445624965293973929e+01 1.445624965293973929e+01
3.329999999999999627e-04 1.000033299999996217e+01 1.660874490437262452e+01 1.242133817658832129e+01 1.262581053228089267e+01 2.030612136808300150e+01 1.666961359976635748e+01 2.656388291843554939e+01 2.564773475063248753e+01 3.399115438530912314e+01 3.849085773119500686e+01 3.733658267812462839e+01 2.758146096702898475e+01 3.733658270814454028e+01 3.485337641127245689e+01 2.486553332141052408e+01 1.985448234648111665e+01 2.244887282086008895e+01 1.240533793482739533e+01 2.048055299641638527e+01 1.493416018773844023e+01 2.462216911689893450e+01 2.552626759125595868e+01 1.826874030017042827e+01 1.280454978246818065e+01 2.336619447608395106e+01 2.827297810985369253e+01 3.178603457879074057e+01 3.636822865333050459e+01 4.055293107758449622e+01 3.668139687941916804e+01 4.337985912496984753e+01 4.012214908060843044e+01 3.593041875255048012e+01 2.900931105811512722e+01 2.473940381567548030e+01 2.135494881313629634e+01
4.329999999999999539e-04 1.000043299999996194e+01 1.672465752120245952e+01 2.238209616284129666e+01 2.258598633583773108e+01 2.673143476452660394e+01 2.369017082708926125e+01 3.059307622309986030e+01 3.563084259974610291e+01 3.974726249310808868e+01 3.259055923019476353e+01 2.841402346034232451e+01 2.309851226793700363e+01 3.315442723784875056e+01 3.894643409296178760e+01 3.396808387841402066e+01 2.985945486627775836e+01 2.658576842122206685e+01 2.048055299641638527e+01 1.040937967684769028e+01 1.040937967684769028e+01 2.048055299641638527e+01 2.127580863707982317e+01 9.913011878337730565e+00 1.952001018692247314e+01 1.767617675297308821e+01 2.476175549605203585e+01 3.492991015816303246e+01 3.732776757053957795e+01 3.049115676361462235e+01 2.972168271630987135e+01 3.946230105637388164e+01 4.414089919062492129e+01 3.429681938480995029e+01 2.735210338516961315e+01 2.174233301319084077e+01 1.802000936331568681e+01
5.329999999999999452e-04 2.582521897471608430e+00 1.258252189747163996e+01 2.020053870804288465e+01 2.434267433177380724e+01 2.934267433177378948e+01 3.350163762373838949e+01 3.405557085345611057e+01 3.060855640008596623e+01 3.456634104601484125e+01 2.841402346034232451e+01 1.840327987477993688e+01 2.841402023912118935e+01 3.039175761489445904e+01 3.456800594354971423e+01 3.570555502175229634e+01 2.963068343191752874e+01 2.462216964808188635e+01 2.048055286308305156e+01 1.040937967684769028e+01 1.882569093298375407e+01 2.297161558140421889e+01 2.205452604927528526e+01 1.789566654631454767e+01 9.913011878337730565e+00 1.952507806027531245e+01 2.874663196137224830e+01 3.381970693258634242e+01 3.332302057034051757e+01 2.337168947832812904e+01 3.332302057024916309e+01 3.896236739195131804e+01 3.483136039312572052e+01 3.879169565644564699e+01 3.100134004311565761e+01 3.148968417266166497e+01 2.525659501883363944e+01
3.709999999999999756e-03 1.000370999999996258e+01 6.665004802110230386e+00 1.020053870804295570e+01 1.520053870804293794e+01 2.520053870804286689e+01 3.127886391816512557e+01 2.452911331364060743e+01 2.103496169826431839e+01 2.904217855967767647e+01 2.573854272194316550e+01 1.576618735321790865e+01 2.221277347236404154e+01 2.037459312378855003e+01 2.565173756455069665e+01 2.565173970973943085e+01 2.549663742290504231e+01 1.546446857448470880e+01 1.040937967684769028e+01 1.882569093298375407e+01 8.723381011902649362e+00 1.721906011493835820e+01 1.640225487712281094e+01 8.672990505792443017e+00 1.789643601187028921e+01 1.451788010337572921e+01 1.947088407820060496e+01 2.958630406875288443e+01 3.032258135244278563e+01 2.033373574201193890e+01 3.000262079586527264e+01 3.313890633418689191e+01 2.366028356768804031e+01 3.319851681188340109e+01 4.018338156739855549e+01 3.255299594555878429e+01 2.223432682735267818e+01
6.660000000000000121e-03 1.000665999999996281e+01 1.666500480211016111e+01 1.666500480211015756e+01 2.434267433177380724e+01 2.934267433177378948e+01 2.646284294941100512e+01 1.765709957522913598e+01 1.535781601925376094e+01 2.471480316421211043e+01 2.929027466217000608e+01 1.928118571130029579e+01 1.228851056717168966e+01 1.934797318057191617e+01 1.568458346602209730e+01 2.565171021752853520e+01 2.963068330423962848e+01 2.462216986887220926e+01 1.754389873177747816e+01 2.296983099816019092e+01 1.721893157857387990e+01 7.081663318824421793e+00 7.420414292129835943e+00 1.639748383970780310e+01 1.789816740982267618e+01 2.452859407347674292e+01 2.874663196137671406e+01 3.381970693254645965e+01 2.764458979780372516e+01 1.766543317961903625e+01 2.413119149182524481e+01 2.821609800009120050e+01 1.835061684723856601e+01 2.879525196719307800e+01 3.416016629890672363e+01 3.678386959023119829e+01 3.255299594555878429e+01
1.030000000000000013e-02 7.081367811865485251e+00 1.708136781186555098e+01 2.666500480211008650e+01 2.426551977824596662e+01 2.133658965991402567e+01 2.248822385079837360e+01 1.270164762745224074e+01 1.090199055396097094e+01 2.073279200502823372e+01 2.687071455401166631e+01 2.636790099743372551e+01 1.934743130979121517e+01 9.436458681267730242e+00 1.750901465514420607e+01 2.550182006891455799e+01 2.559429260267714312e+01 2.975428273815937175e+01 2.757035406874362948e+01 2.433606938931838926e+01 1.606896493072458654e+01 5.940458289959153149e+00 8.333077071632768451e+00 1.373752841853674234e+01 2.425685492577348157e+01 3.211303215976968772e+01 3.504966873550289108e+01 3.091259141351982720e+01 3.102091821924329196e+01 2.119941152586094546e+01 1.418515718644753676e+01 2.108198300780082590e+01 1.478094754366540542e+01 1.947436763256570558e+01 2.844002000856950474e+01 3.948345601160401230e+01 3.439569391474519477e+01
1.349999999999999985e-02 7.084567811865484899e+00 1.708456781186555062e+01 1.725410885244358283e+01 1.426552594233043791e+01 1.133659545010299574e+01 1.840765898174518256e+01 1.725707881975420932e+01 7.367885527225275233e+00 1.312516816562667188e+01 2.289942565584791367e+01 2.589179713426622342e+01 1.763241266673460572e+01 7.698816908702214690e+00 1.105568490203587473e+01 1.854727308690037901e+01 1.570479894484761019e+01 2.559429260267714312e+01 2.734667529374171124e+01 1.739954179981294757e+01 1.025711227778992374e+01 5.146047778570919995e+00 1.323643449349229684e+01 2.210753314206838027e+01 2.851460754797527741e+01 3.556066883871493189e+01 3.091259141351982720e+01 2.088530086054160861e+01 2.382217598311171258e+01 2.287468073440219030e+01 1.881506346611607583e+01 1.121978211476965015e+01 2.108198300780092538e+01 2.913411241539957075e+01 3.416016629890672363e+01 3.604622207126576683e+01 2.704144252833306084e+01
1.339999999999999872e-02 1.001339999999996344e+01 1.018304390244908042e+01 7.254113088302131196e+00 1.018304416911574783e+01 4.265529040340329203e+00 1.018304443578241525e+01 1.211928104176811161e+01 5.131868558034786254e+00 1.217675273285531823e+01 2.195506108506510401e+01 2.173560168558227446e+01 1.175826698982220186e+01 6.003781070701561084e+00 1.379301382188800495e+01 8.800050791255754845e+00 1.570479894484771854e+01 2.559429260487269531e+01 2.400590187905329742e+01 1.985629013291028144e+01 1.453477130548880503e+01 4.369257759251646611e+00 1.157428755416396449e+01 2.156706747480297537e+01 2.765458488672860327e+01 2.405115642295352174e+01 2.975770202906341666e+01 1.978193144202671050e+01 1.392292306825890513e+01 1.875929151929435790e+01 9.140277135577113299e+00 1.883895620422745054e+01 2.521259380369857439e+01 3.162973185170820400e+01 2.899277371609122156e+01 3.167184031042325643e+01 3.439569391474519477e+01
1.369999999999999864e-02 1.830456425746470606e-01 1.830456425746470606e-01 1.830456425746470606e-01 1.830456425746470606e-01 1.830456425746470606e-01 1.830456425746470606e-01 2.183046300873756174e+00 1.019481857753438447e+01 1.333399320263709420e+01 1.353762995613748998e+01 1.700699975968541011e+01 1.947709538646278205e+01 1.372895408619595337e+01 3.802310420562169391e+00 1.379301382187980884e+01 2.154523204802057990e+01 2.133292212309826041e+01 1.986147458951558775e+01 9.748133935935781480e+00 1.268577965532905516e+01 3.604233984265746926e+00 1.083494084505614019e+01 2.115612532373987875e+01 1.870759443178940629e+01 1.573591507092930186e+01 2.365353103994445405e+01 1.978193176958919253e+01 1.005029639557525201e+01 1.542224269264303693e+01 7.776145357724416840e+00 1.449470640238639518e+01 2.437370528941037051e+01 2.155037476490836568e+01 1.858606710543460139e+01 2.155810465434239021e+01 3.021484629605707894e+01
1.290000000000000001e-02 1.001289999999996283e+01 1.830456425746470606e-01 1.830456425746470606e-01 1.830456425746470606e-01 1.830456425746470606e-01 1.830456425746470606e-01 1.830456425746470606e-01 1.830456425746470606e-01 7.302549114015740805e+00 3.598546031234462372e+00 9.482010202056182280e+00 1.352561393931447320e+01 9.130167928810681843e+00 2.425989504473223146e+00 1.110318946912525107e+01 9.582810033039882214e+00 9.605496695862880685e+00 1.573291268607420612e+01 1.166403804995819016e+01 2.542124530666282745e+00 1.270258848988619960e+01 1.796904624112234927e+01 1.869318749024818160e+01 1.457042161635498800e+01 9.627970934159691296e+00 1.951309168812593953e+01 2.060384616118549062e+01 1.541920921084710194e+01 5.809894281921815562e+00 1.507028224043610010e+01 2.082777273113179817e+01 2.376395102004138948e+01 2.146412651430776464e+01 1.121450107009043506e+01 1.600322388392260820e+01 2.615148809580539080e+01
1.349999999999999985e-02 1.001349999999996321e+01 1.018304390244908042e+01 7.254113088302131196e+00 4.726056459739435667e+00 1.018304430244908154e+01 9.199445477082450751e+00 7.085587381618495328e+00 1.830456425746470606e-01 3.540432731008123501e-01 5.906892960143895976e+00 5.960800571443817253e-01 8.940173565926032850e+00 1.061558831694192584e+01 1.084100488613721547e+00 1.084100488613721547e+00 1.084100488613721547e+00 1.260260976365088492e+00 1.128000138894817717e+01 1.509350964300533393e+00 1.149601850377277934e+01 1.161348071121239656e+01 1.161348282211966065e+01 1.161348297586000378e+01 4.763987517572130237e+00 1.161348334623495049e+01 1.161370080932038462e+01 1.127605433369137877e+01 1.331116773546219001e+01 4.343891066118369615e+00 4.343891066118369615e+00 1.644798292935542250e+01 1.379649419882849237e+01 1.401079642253079172e+01 7.626850831105815409e+00 1.488613036247871868e+01 2.514141254876544096e+01
1.319999999999999993e-02 7.084267811865485598e+00 1.708426781186555132e+01 1.725410885244358283e+01 1.096975609178069178e+01 1.924736152021187863e+01 1.943519841373253954e+01 1.530134052237223408e+01 1.207382529233673196e+01 8.940654169018745989e+00 5.960800571443817253e-01 8.333247856849034463e+00 8.398401260538620461e-01 7.629098056107858739e+00 1.084100488613721547e+00 1.084100488613721547e+00 1.084100488613721547e+00 6.178663572810510374e+00 1.260260976365088492e+00 5.995047064505937051e+00 1.767083580590879111e+00 1.767083580590879111e+00 1.767083580590879111e+00 1.767083580590879111e+00 1.767083580590879111e+00 1.767083580590879111e+00 1.767083580590879111e+00 1.030718227663085784e+01 2.359944514001756755e+00 7.058272146445046857e+00 1.198219075606119866e+01 9.204221589076421850e+00 1.122545727737111854e+01 4.177163393572539185e+00 1.239229765753194989e+01 1.597268399643394154e+01 1.997749503705447083e+01
1.359999999999999924e-02 1.001359999999996298e+01 1.935336876611429702e+01 2.349550438984521961e+01 2.186447900801917399e+01 2.577329806748923602e+01 1.873665301988832610e+01 1.061603402779613425e+01 6.332926996411673670e+00 5.960800571443817253e-01 1.092422940474518889e+01 1.084760169690720488e+01 8.398401260538620461e-01 8.398401260538620461e-01 1.190171437930781373e+01 1.107466527544797508e+01 1.112712455084210639e+01 2.961655078456787660e+00 1.128944270302473640e+01 5.930036722370474855e+00 1.161347885507599109e+01 1.767083580590879111e+00 1.767083580590879111e+00 1.767083580590879111e+00 1.767083580590879111e+00 1.767083580590879111e+00 1.767083580590879111e+00 1.767083580590879111e+00 1.953691364231310956e+00 1.953691364231310956e+00 2.163394276199346322e+00 2.275071340432607059e+00 2.275071340432607059e+00 2.654698264310716205e+00 2.654698264310716205e+00 1.108487130710430257e+01 1.000737737334267941e+01
1.299999999999999940e-02 1.001299999999996260e+01 9.353368766114368071e+00 1.642443657797979384e+01 2.642443657797972278e+01 2.644949902280508525e+01 1.718393524702252506e+01 1.988930132612533441e+01 1.489980488582953555e+01 4.170269967039716974e+00 1.489978830795718245e+01 1.499426309851292061e+01 4.932797413561701205e+00 1.228735444376119901e+01 1.718845618460239066e+01 1.448455197022601837e+01 4.961099099426677483e+00 1.256718626161811514e+01 8.349427354774414667e+00 1.624040827340275683e+01 1.572082114647494322e+01 1.161349637951787450e+01 2.620391197538959105e+00 1.161188846850192924e+01 1.161348310819566443e+01 8.723040840618008218e+00 1.161347046481002820e+01 9.285769168482216784e+00 4.163901170526922435e+00 1.014210893266361957e+01 9.339847029286385549e+00 4.155454664765976247e+00 1.213910129961158546e+01 6.380722574601830566e+00 7.864251759160534760e+00 2.732586447878710523e+00 9.550602994487501718e+00
