output/example/elevation_000098.asc
nrows	75
cellsize	13.33333333
xllcorner	0
ncols	75
yllcorner	0
NODATA_value	-9999
[rows 0 to 16 of 75, columns 37 to 73 of 75]
4.773191773017546069e+01 4.792292421698668647e+01 5.254344869732769752e+01 5.464097620903743291e+01 5.153872519282740683e+01 5.369456341069562910e+01 4.933615538550075286e+01 5.369456341069562910e+01 5.334388325535322650e+01 5.768074684962388687e+01 5.680417291217869291e+01 5.604797121942061011e+01 5.296366124722129598e+01 5.603136099380398605e+01 5.628490794597329483e+01 6.063150695058922679e+01 6.325313428638943947e+01 5.924885304311611378e+01 5.924885214883774864e+01 5.656017487067696692e+01 5.419712693772734724e+01 5.201004128114507097e+01 5.345179761716921973e+01 5.627990679882169900e+01 5.789944947067221648e+01 5.687955857614684163e+01 5.288514624779830342e+01 5.413895811423561355e+01 5.813189277532589472e+01 5.690260290860282311e+01 5.276036768812873845e+01 5.147275200528115136e+01 5.561004721326643363e+01 5.632938711834666634e+01 5.341028537800722376e+01 5.365026237232436301e+01 5.365026237232436301e+01
3.670309293818259988e+01 3.672691360003903327e+01 4.784204152231410490e+01 4.411639685585394233e+01 4.104196779429339159e+01 4.846216595489487844e+01 3.889447040106688291e+01 4.588860036487778160e+01 4.280052348042563182e+01 5.334388325535322650e+01 4.636565458551004326e+01 4.566445432279349603e+01 4.264102382012790571e+01 4.563844291709412460e+01 4.575909940373716722e+01 5.628553396450841007e+01 5.924885304311611378e+01 4.955469259076829758e+01 4.955469258972104285e+01 4.681708235607182900e+01 4.441605903613741901e+01 4.220395037088059809e+01 4.369958910498944249e+01 4.655594484666063693e+01 4.819787820820253899e+01 5.125644511098692391e+01 4.310579982073164729e+01 4.438099744664795310e+01 5.413895811423561355e+01 5.276036768812873845e+01 4.284655977298012175e+01 4.156108238855606629e+01 4.987458134079146532e+01 4.639986327149966172e+01 4.349605135702406500e+01 4.373572606362240123e+01 4.373572606362240123e+01
2.928666139655308953e+01 3.954053072882746989e+01 4.657261621024350262e+01 4.411639685585394233e+01 3.392209064491227366e+01 3.823071142076529583e+01 3.392208992876029328e+01 3.560559316439476163e+01 4.588860206201246683e+01 4.942302581785126137e+01 3.938051420939753910e+01 4.232189775936900844e+01 3.591931106093677784e+01 3.862129011390340594e+01 4.440005463565894672e+01 5.490965538095242238e+01 5.924885304311611378e+01 4.955469259076829758e+01 4.257512859314550724e+01 3.981695662140249681e+01 3.742075711657189174e+01 3.522678588976976499e+01 3.672825951192836413e+01 4.621348307188443982e+01 4.124600356436288706e+01 4.304312577960343589e+01 3.739875165697720405e+01 4.438099744664795310e+01 5.413895811423442694e+01 5.276036768812873845e+01 4.284655977298012175e+01 3.585403521058633913e+01 4.186863331216881789e+01 4.598598149598663554e+01 3.650127735420065278e+01 3.674038873360838409e+01 4.373572606362240123e+01
2.645571537178756572e+01 3.219078585188103148e+01 4.245337832314898208e+01 4.581417911171269708e+01 3.823071142076529583e+01 2.822171353614592704e+01 3.032423811981531969e+01 4.039239332950542405e+01 4.275079497000630369e+01 4.045937363593667158e+01 3.984677797648256359e+01 3.289692242239839004e+01 4.232189775741431248e+01 4.884185263549659339e+01 5.319326870052592682e+01 5.925969139984934486e+01 6.030161807120128259e+01 5.061686028219392597e+01 5.239404644935052602e+01 4.967076596294805313e+01 4.242625883435604806e+01 3.672825951192822203e+01 3.234215089453990544e+01 3.985483930283991327e+01 4.304312577959817787e+01 3.321138223283008273e+01 3.704822859418631253e+01 4.401349776538857128e+01 5.376992514717955629e+01 5.567793186253680915e+01 4.575024688394628214e+01 4.186863331216881789e+01 3.200399178307415582e+01 3.848508918182527339e+01 3.210755102092473123e+01 4.197307891066787988e+01 4.788531657815111231e+01
2.381578613627058871e+01 3.419025322065199646e+01 4.041587081798611081e+01 4.148422459937003737e+01 3.137280453147324266e+01 2.557334598614579591e+01 3.564556102633414980e+01 4.023045277730117419e+01 3.500636755009553980e+01 2.878317795300957016e+01 3.048909392628235437e+01 3.984677797395894316e+01 3.864744689744559025e+01 4.559116014041843812e+01 5.601674400564301237e+01 5.975694533799664754e+01 6.376709804829645378e+01 6.030161807119860384e+01 6.185673086259265574e+01 5.219717986508597107e+01 5.057879767168383012e+01 4.621332604130923016e+01 3.985483930285413834e+01 3.003095971908057393e+01 3.793410252228935775e+01 3.083535495690165718e+01 4.065857771328630577e+01 4.687105300758155124e+01 5.659433458339790235e+01 5.328716912356765789e+01 4.919328675316460675e+01 4.547479211134338328e+01 3.558985943103827765e+01 2.863945364799729631e+01 3.848508457944767969e+01 3.388737307006436339e+01 3.881292193049125672e+01
3.089607070695044655e+01 3.728272931654421996e+01 2.999960558925355159e+01 3.729717768579052972e+01 3.377586945014660103e+01 2.364160489474303972e+01 3.294666331073171506e+01 3.416153729730347521e+01 2.638927294933396794e+01 2.938711569961834869e+01 3.823308525837833116e+01 4.402625222694101836e+01 4.864474295432140849e+01 5.297005355459832998e+01 5.816408874046322097e+01 5.004258173890868733e+01 5.414835491065974793e+01 5.816408973174513619e+01 5.749982482579959964e+01 5.189457242269511283e+01 4.788544731713491132e+01 4.441464125243329164e+01 3.831190678097643598e+01 2.845122638311881857e+01 2.810452675052671978e+01 3.793410011528474968e+01 4.065861983812953184e+01 5.044565793512382612e+01 5.613810045558415851e+01 4.631665090321445177e+01 3.934988965442159525e+01 4.296603660201020602e+01 3.948564606179866132e+01 3.647535358100283531e+01 2.863945364799729631e+01 3.848508457950079986e+01 4.788531658806962810e+01
3.526221107398334453e+01 3.276185236911925358e+01 2.293030863676860065e+01 2.952372632160762933e+01 3.075447632214187976e+01 2.179437422443335137e+01 2.302553609821776348e+01 2.430370180790306733e+01 3.416151587432557335e+01 3.776516450811169534e+01 3.376933662674397141e+01 3.724616873317047094e+01 4.268647733166846336e+01 5.348568243910190745e+01 5.414835490649883099e+01 4.435787319109476101e+01 4.435787319109476101e+01 5.252772543125071536e+01 5.351039935786262447e+01 4.376760263204358381e+01 3.806848490286219544e+01 3.458740079588480398e+01 3.162385712469068366e+01 3.607353584559219684e+01 2.626843913219854443e+01 3.611412444976365776e+01 4.341762554903049676e+01 4.909652160790685826e+01 4.880465100622356545e+01 4.468491823639756433e+01 4.296777576912483454e+01 3.312090183633564777e+01 2.964892345145595698e+01 2.663080265226713195e+01 3.647535358130529204e+01 4.259462829575078757e+01 4.836440875908313330e+01
3.162393031838402635e+01 2.740615054659108552e+01 1.848681702533391658e+01 1.942727674426050655e+01 2.038088169493154922e+01 2.890974591164191310e+01 3.294303905465164917e+01 3.416148126139557917e+01 2.845596664884984150e+01 3.809829929108303048e+01 4.277353395738708741e+01 4.676500924969164430e+01 5.143283962851785418e+01 5.780350623086152240e+01 5.367917261186339317e+01 4.849581765437263670e+01 3.864330268111396549e+01 4.849581765437275749e+01 5.517572070055224742e+01 5.189457242269435255e+01 4.788544731713489711e+01 4.441464125066981694e+01 3.746243453188463235e+01 2.760815985800323347e+01 2.512210948254450926e+01 2.952233167345174181e+01 3.520305233987517823e+01 4.504551221743364664e+01 4.309067568143949245e+01 3.480831529537381641e+01 4.309049646758289498e+01 3.759948402432762293e+01 3.350013871751585981e+01 2.525403115121215691e+01 3.509686495616323754e+01 3.436206186768465187e+01 3.929155999071438998e+01
2.625461185323719704e+01 1.734198688030437197e+01 2.740562794644420563e+01 2.097664037441323970e+01 2.852600811600115804e+01 2.833699876702815601e+01 3.694429153060365678e+01 3.809860110085366358e+01 3.809971599422085120e+01 3.358685328197451270e+01 3.904935029775535327e+01 4.906433201898121155e+01 5.509093252043142996e+01 5.105156053548363104e+01 5.076163829796990257e+01 4.123736479965747748e+01 3.591335750670685911e+01 4.133019502119342548e+01 5.114379280518852511e+01 5.362278086883137718e+01 5.230182941589702494e+01 4.827245386626819368e+01 4.147834403793260094e+01 3.384250292431718066e+01 2.404451400267781125e+01 3.385521792599016777e+01 4.256285207834223883e+01 4.520942653852025472e+01 3.898265895519013213e+01 2.912990665304104709e+01 3.371614047754533772e+01 3.195605553308052293e+01 2.367361508720660623e+01 3.350014585705225301e+01 2.910891405706680146e+01 3.896128134542338728e+01 4.836440875908198223e+01
1.620660536423303100e+01 2.625414494069897842e+01 3.162816526782421889e+01 3.131115359031522516e+01 2.359853633003494267e+01 3.329625379776788918e+01 3.997711859492780206e+01 4.800935857888099889e+01 4.752343670765451122e+01 4.328217962579071099e+01 4.752940303226957752e+01 5.337977401746300643e+01 5.105156053548370920e+01 4.121538088999952265e+01 4.409633120719256993e+01 4.313101147857064177e+01 3.329317853956460738e+01 4.025391146799903197e+01 5.007694534439550438e+01 4.373468936482574065e+01 4.827071238234132977e+01 3.846361576094501800e+01 3.982132780332606359e+01 2.997919158967567910e+01 2.310163077185751490e+01 2.870237790915430054e+01 3.854097899081708078e+01 3.543957714322553443e+01 3.452015596110117457e+01 3.044541636475809199e+01 2.391109198771535205e+01 2.218577162656879054e+01 3.195605552565443475e+01 3.759965163571460067e+01 3.896128134467102200e+01 3.714614572567307249e+01 4.413236145220039930e+01
1.822890305796530441e+01 2.828069752253772506e+01 3.552068420234712676e+01 3.738170718873920606e+01 3.329625379776877736e+01 2.640434405674432838e+01 3.595318068517075716e+01 4.293324813423067354e+01 4.736161914610980972e+01 5.330307964497713158e+01 5.614178470492576167e+01 5.124468674997689988e+01 4.720113598625788143e+01 4.392421925417242079e+01 3.424140506810982743e+01 3.840658694794926475e+01 3.128987332883336947e+01 4.112836148397939695e+01 4.496831566203544384e+01 3.668328020143739820e+01 4.496899469605597233e+01 4.133696151610883618e+01 3.150283825130842175e+01 3.190018082097706298e+01 2.220703312759402692e+01 3.062717239914386624e+01 3.333840689479136898e+01 3.527790093831481499e+01 2.580946539119776517e+01 2.077586575602317609e+01 2.077586575602317609e+01 2.232550769689251169e+01 3.209720050577988815e+01 3.863657380151506260e+01 4.183040804375477961e+01 4.556115793203943554e+01 4.964400412516263827e+01
2.828092271185249373e+01 2.131644160615679340e+01 3.138928469639982310e+01 3.907400813258409755e+01 4.007724130451634181e+01 3.595318068517075716e+01 2.940791592163929735e+01 3.322717383281190706e+01 3.874953344021576385e+01 4.896928989140370447e+01 5.211157195590651980e+01 4.229070001660929989e+01 3.737038580092750806e+01 3.411282671471017380e+01 3.128814685742264601e+01 2.855880693183308239e+01 3.638521538166490643e+01 4.045536767644801301e+01 4.088522299377746094e+01 3.094884515312369189e+01 4.088504312416581854e+01 4.537647568146703492e+01 3.608048369660239274e+01 2.626730997926529909e+01 3.055027486842199025e+01 2.101539742821478285e+01 2.273866135050544202e+01 3.251042325123067656e+01 2.929575988291700384e+01 2.077586575602317609e+01 3.041974812399602968e+01 3.209377188517582624e+01 2.472532715489712274e+01 3.455450794758942834e+01 3.197465216610116201e+01 3.569052154204880623e+01 4.062672900422485611e+01
3.553724742577821871e+01 3.138944575407586157e+01 2.491015703860552577e+01 3.200983085206919299e+01 4.199067582974870305e+01 4.291909381087570097e+01 3.323326400551173521e+01 3.402567874976836748e+01 3.944516230818188518e+01 4.956829080209121230e+01 5.614178470492576167e+01 5.124468674997689988e+01 4.720113596414115165e+01 4.392421925417247763e+01 4.074690481029353606e+01 3.638521538166490643e+01 2.652224452679052646e+01 3.455583568290434471e+01 3.329512813515943748e+01 2.745767339694826248e+01 3.446297498849418872e+01 4.439257381085987220e+01 4.014029351846635052e+01 3.608031729963028766e+01 2.883113693721940862e+01 2.941000648587290911e+01 1.980796597245154800e+01 2.820859556323554429e+01 1.967069253270230433e+01 2.929575997956586519e+01 2.756734124793404206e+01 3.738520698310514945e+01 3.455450794760245969e+01 2.734441206590891227e+01 3.718436017065442201e+01 4.390207797300659109e+01 4.798682873842067664e+01
4.142366215510748617e+01 3.825450843026519010e+01 2.829031522856818981e+01 3.310039943509126914e+01 4.308774065488821492e+01 4.736615543087648206e+01 3.876151873911296519e+01 3.944516230818188518e+01 4.799383280741130164e+01 5.389154304771629000e+01 5.359945977117381233e+01 4.940294564026305579e+01 5.359943714871310760e+01 4.546193838808592602e+01 3.307467048230279971e+01 2.652224452679052646e+01 3.455586697632307391e+01 2.469494344519813467e+01 2.344179612569709548e+01 3.329279831188335947e+01 4.118648674522492570e+01 4.205650664960019469e+01 4.568511109507950607e+01 4.278088757205634352e+01 3.866593820239051382e+01 3.335803734521469011e+01 2.816252210293447789e+01 1.853007147916906305e+01 1.882545994240977194e+01 3.183092738993948601e+01 3.739024158528669517e+01 4.145782698739768080e+01 4.126807024308791938e+01 3.718436017065442201e+01 3.093014006822904349e+01 3.403449025347479306e+01 4.101205975818708538e+01
4.570965286561692409e+01 4.241000651783408415e+01 3.326758407877292001e+01 3.825450843027751091e+01 4.725293164432571302e+01 5.331330124778882862e+01 4.897699713101115293e+01 4.956829080209121230e+01 5.389154304771629000e+01 5.448158905715833811e+01 4.429520457683236145e+01 3.918746372650247167e+01 4.850396790739875286e+01 5.001820462781154930e+01 4.310103883008589065e+01 3.831014589257676306e+01 3.822926791955926973e+01 2.835998816329031058e+01 2.344179612569709548e+01 3.177247917249813369e+01 3.459285231354279233e+01 3.295661861962430095e+01 3.961187226265155914e+01 4.354908409140521286e+01 3.989246720651787825e+01 3.032276874065123096e+01 2.339648540534236787e+01 1.755546398490273319e+01 2.733985452477041989e+01 3.047716116756816973e+01 3.237473756884348575e+01 3.654901962780238023e+01 4.352095529570529209e+01 4.486224287183877379e+01 3.661021075956363546e+01 4.390207797351044405e+01 4.101205975818708538e+01
5.164626957950033415e+01 4.741016338234695127e+01 4.324143278175746730e+01 4.741016338234695127e+01 5.244226642596957788e+01 5.632427211364290542e+01 5.523906601478923051e+01 5.523906601478987710e+01 5.932907527183745344e+01 5.344932099915919821e+01 4.429520457734621175e+01 3.414589483667680980e+01 3.951077405762661243e+01 4.371799090727280657e+01 4.728205477089880304e+01 4.808278799640932277e+01 3.822926791951337577e+01 3.148393066071750468e+01 3.177379443082696042e+01 2.193054741665156371e+01 3.028181771680409184e+01 2.737549111257741785e+01 3.033917508195816026e+01 3.970553848485628379e+01 4.115764485332620382e+01 3.387760932387126189e+01 2.407324860015827284e+01 1.688583734315553997e+01 2.696337766061758501e+01 2.075743011142522931e+01 2.259003998401826507e+01 3.237473757181161460e+01 3.337467476879530182e+01 4.352095529570529209e+01 4.647999580567208255e+01 5.056332696045614483e+01 5.087919914444942293e+01
4.738696904215014882e+01 5.057150218435687350e+01 4.643419262121472713e+01 5.061498960692797056e+01 5.632427211363617658e+01 4.629106408003803352e+01 4.518842847969428078e+01 4.518842847969428078e+01 5.523906601478637413e+01 4.925347315606794751e+01 3.907192773848218081e+01 3.951077405897675021e+01 2.948207824166362911e+01 3.951077408562967719e+01 3.713045131118478537e+01 4.430530694628739496e+01 4.541561229814122669e+01 4.135130746416171377e+01 3.581136292673259192e+01 2.740799642377251288e+01 2.044021222488909473e+01 2.344102912498190960e+01 2.793649140462315117e+01 3.201588030152824871e+01 3.171150045000521089e+01 3.535516519083203946e+01 2.633111622893521542e+01 1.625971484379488885e+01 1.814134335883784033e+01 2.811976388822314021e+01 3.237473748037364629e+01 2.536840293617541775e+01 3.523685881253553731e+01 4.133337571711767566e+01 4.430804015519817796e+01 4.777213665141351839e+01 5.198488740226989790e+01
