output/example/elevation_000475.asc
nrows	75
cellsize	13.33333333
xllcorner	0
ncols	75
yllcorner	0
NODATA_value	-9999
[rows 51 to 67 of 75, columns 37 to 73 of 75]
1.560099789230992151e+01 1.626052874124296110e+01 1.143987235285328019e+01 1.460576758975623335e+01 1.233874956170592263e+01 2.387644145157955755e+00 1.205533811660558285e+01 1.673098289783997927e+01 1.691417995705170441e+01 2.888168254954220693e+00 1.289907296483873367e+01 3.154041299105140084e+00 3.425027041769774794e+00 3.425027041769774794e+00 3.688700173566775931e+00 3.962266618254923323e+00 4.247196547149961532e+00 4.524803826431027964e+00 4.821435285025673423e+00 5.130823275581390952e+00 5.412172507372155827e+00 1.497105308840517246e+01 1.882399257942230619e+01 2.474553558053911928e+01 2.853314688282906886e+01 2.963599474869493022e+01 3.050219728731386226e+01 3.493308889598876732e+01 3.537609723192760924e+01 3.122603046006948091e+01 3.537609723192760924e+01 3.580039062046317611e+01 3.690253943276038484e+01 4.103437204686012052e+01 4.222424256245198393e+01 3.811085683555572245e+01 3.517298483674785814e+01
2.308716072763271754e+01 2.296794072190155944e+01 1.968542869286109109e+01 2.066199510506481474e+01 1.189743604897011586e+01 2.861575756612552812e+00 9.751398673940009587e+00 1.914510923548766641e+01 2.164379970948292708e+01 1.716281547107918470e+01 1.100821687823115091e+01 1.344249564194306679e+01 5.124231976435515534e+00 1.361945789281094221e+01 3.890822966291767937e+00 9.964407469784367422e+00 1.200371570073567185e+01 1.397462667992301455e+01 1.047573768894748092e+01 7.102555879379912618e+00 1.373602800106261945e+01 6.170732666802998700e+00 1.653863369900717473e+01 1.492798369654053836e+01 2.496952258502681232e+01 2.895991866857670161e+01 3.309844471896057883e+01 3.277517646769985049e+01 2.984872436355152914e+01 2.986685677138641282e+01 3.397579291778828292e+01 3.399676401888822852e+01 3.554348248762895679e+01 3.791637338145345382e+01 3.379668707436331232e+01 2.799323382651443382e+01 3.517298484583314888e+01
2.961247408580702967e+01 2.644345579824317483e+01 2.248556268740324882e+01 1.817424316068361279e+01 1.340604820700164268e+01 3.268769582181606737e+00 9.005112878716424518e+00 1.686185939128703026e+01 2.799723377713984007e+01 2.005659277629229109e+01 1.912637632854698211e+01 8.642213120296009521e+00 1.543645334040712847e+01 1.916659633122514705e+01 1.561433055105238665e+01 6.154194200945934945e+00 1.643984797391005515e+01 2.138492755216259766e+01 2.023143202942653218e+01 1.676595981610969943e+01 2.006643731595424285e+01 1.654489990303951430e+01 7.031633758615781105e+00 1.725512653759744097e+01 2.143721587555915420e+01 1.888629830168104817e+01 2.729637708039455646e+01 2.276466152196648451e+01 1.983124174444870746e+01 1.987983078832402839e+01 2.549011891323007362e+01 2.399849783018803961e+01 2.553796307417565714e+01 3.012865389776177238e+01 2.375297774147254160e+01 3.379668679011980714e+01 3.811085347022884662e+01
2.709415640042064410e+01 2.177127446288636037e+01 1.279821365308506920e+01 1.420972828756909223e+01 3.928354375409400578e+00 1.341065898774970222e+01 7.168792205704128229e+00 1.747309983247873078e+01 2.629219263613648394e+01 2.910592120893553769e+01 2.186074137860134314e+01 1.163006683403522246e+01 2.186074137859208122e+01 2.373628673414187773e+01 1.347300363467754103e+01 1.647904964964278918e+01 7.903653830772253919e+00 1.517906051548044566e+01 2.544164184408507623e+01 2.711608837800704563e+01 2.725141445608263169e+01 1.723191492810977010e+01 1.725512691940760490e+01 7.031633758615781105e+00 1.725512662271543007e+01 1.294423386542569432e+01 2.314390880040259546e+01 2.093561405100658135e+01 1.258095778181838575e+01 1.400401791065551116e+01 1.547269342280571003e+01 1.697709830312570389e+01 1.856557411509104227e+01 2.021021906899499498e+01 3.012879629852394459e+01 3.684726064632575060e+01 3.684727053054429291e+01
2.254150081777228820e+01 1.146885137509601194e+01 1.210705656532728547e+01 4.639325824094264306e+00 1.253532974447460369e+01 1.795711869653649018e+01 1.747224730657427116e+01 1.164833019307545214e+01 1.897647802086937929e+01 2.944695840826447508e+01 2.490441685297093954e+01 1.480968732088026485e+01 2.490441685297027163e+01 2.793483545585920069e+01 2.373628672310837473e+01 1.943016689012015874e+01 9.086210527859948982e+00 1.642921694955452239e+01 2.667510078007738983e+01 2.754749724621066420e+01 2.339964060642628496e+01 1.968436169728156315e+01 9.376491295298064799e+00 7.031633758615781105e+00 7.031633758615781105e+00 1.725510119473727855e+01 1.919373448769945512e+01 1.063048002965731875e+01 2.093561381289187651e+01 2.410221602823344256e+01 2.256529506962138498e+01 2.193740821996445689e+01 2.553863941538700644e+01 2.587531286173831191e+01 2.375297771117179479e+01 2.672729901959360532e+01 3.390310041198167568e+01
2.254150100072228469e+01 1.607425439862795358e+01 5.374661578872106382e+00 1.371766011739644675e+01 9.794573438365816287e+00 1.952470347076748780e+01 2.618976592558961514e+01 1.989556913597246179e+01 1.896399782259829436e+01 2.927331528832163698e+01 2.848746970073298712e+01 1.835306583672373293e+01 2.848746970073298712e+01 3.381627120242855256e+01 2.364368344605401973e+01 1.638866612714124216e+01 1.036146737291338837e+01 1.771998661022347221e+01 2.794312366494532895e+01 2.339971605410143596e+01 1.322635892246539058e+01 1.322635892246539058e+01 1.968490086353988033e+01 1.459020370440327419e+01 1.725507928392330470e+01 7.692442377812415799e+00 8.828329417866331852e+00 1.919347580565305478e+01 1.723697567086683691e+01 2.729886729652261934e+01 3.255626019705997720e+01 2.766692411445904654e+01 3.556609096446600660e+01 3.299547552228177238e+01 2.952734064010344994e+01 3.684727225591327482e+01 3.390310041370249650e+01
2.394487128597952719e+01 1.620158132862855993e+01 5.902006840073481087e+00 1.601859033069776572e+01 1.675117898489439483e+01 1.650230279058963845e+01 2.445520618916625821e+01 3.111728087089549888e+01 2.927331528832163698e+01 3.363603804308182532e+01 3.266713971488453438e+01 2.417959759068317993e+01 3.266713971488453438e+01 3.549816897028873086e+01 2.832459765571569221e+01 2.205872428454390999e+01 1.173180900080654609e+01 1.570777436790247528e+01 2.597150496270393560e+01 2.754749724649834874e+01 2.339971605410035949e+01 1.690264379292730723e+01 2.695308271484029561e+01 2.479350001922755453e+01 1.798670470424796974e+01 7.692442377812415799e+00 7.692442377812415799e+00 1.901431451740216261e+01 2.729882004770109916e+01 2.729736745445353918e+01 3.728445163595496581e+01 3.772576188527606433e+01 4.183506656310089511e+01 4.304585239031661104e+01 3.962705948381810828e+01 4.372821037938395250e+01 4.395513189760444561e+01
1.416902764270361459e+01 1.668729230390104235e+01 6.427746563614660680e+00 1.655544121814901715e+01 2.591403845618600599e+01 2.565024992577545859e+01 2.951824409572231289e+01 3.096872904152584738e+01 3.512372205621976917e+01 4.091539469511606342e+01 3.852267761465906659e+01 3.437213243931550011e+01 3.346965172189278093e+01 2.928575748017389913e+01 2.115106645438921973e+01 1.387186856563306314e+01 2.205872436344673559e+01 2.596474769543989680e+01 2.298782002134121427e+01 3.317475761799630618e+01 3.109578661861215920e+01 2.194060020831148350e+01 3.109578661832991031e+01 2.310782591816463949e+01 1.365081067327441922e+01 8.206903180154169419e+00 1.809544748966079553e+01 2.256953673582611586e+01 2.698397442505171639e+01 3.109155539708260108e+01 3.525893023471099497e+01 3.116103079856319980e+01 3.525899418481076708e+01 3.510963826265135879e+01 3.799811976985350270e+01 4.135360942598501310e+01 4.544962515323127406e+01
1.977643772420361756e+01 9.840598184361518008e+00 6.948844988656999178e+00 1.719505645708746400e+01 2.174500890190832436e+01 2.399890667995884641e+01 2.653588198510183815e+01 2.105658168950192177e+01 2.672875197258164448e+01 3.676064542916710565e+01 4.025362589433132143e+01 3.009209844291425640e+01 2.418465023856463247e+01 1.913000619190588125e+01 1.616896576521624240e+01 2.413147845510183487e+01 2.413147845619329956e+01 3.428728551435757055e+01 3.317475761799630618e+01 3.733064283543830442e+01 3.610294340871324437e+01 3.196556545752373779e+01 3.610291552552724426e+01 2.744265478223329779e+01 2.002191171975345085e+01 8.745346527659256353e+00 1.641993314322245112e+01 2.023414241231293786e+01 1.744189484889037800e+01 2.698665878289635955e+01 3.116103039953509679e+01 2.158693380398578654e+01 3.116103010894156355e+01 2.524726756063969191e+01 2.799212631565806930e+01 3.128714045763860696e+01 3.634496559040807995e+01
2.221222573804721634e+01 1.254739482133786943e+01 7.473440456631394113e+00 9.616088145286990851e+00 1.182040468841100100e+01 1.413170982787899099e+01 1.671571491921954333e+01 2.653588198510183815e+01 2.802985317201731164e+01 3.806380302382438430e+01 4.438135029613048488e+01 3.648590162470232201e+01 2.630336052263709590e+01 2.928575776168668554e+01 2.635404478248726079e+01 1.891452170138249400e+01 2.475810620123744954e+01 3.198932371764703220e+01 4.211259667254028471e+01 3.809642859321584751e+01 3.391456369026762729e+01 3.353681164977773932e+01 3.168135171713315756e+01 2.752730968799455979e+01 2.368703084824584337e+01 1.910125061144214698e+01 9.589290459814858281e+00 1.042625763072313383e+01 2.023436347984832295e+01 2.535281480860279402e+01 2.604346045587612579e+01 2.158693380398578654e+01 2.178315986378466818e+01 3.138201253573916105e+01 3.799811976876571151e+01 4.135360942589525735e+01 4.544962515323127406e+01
2.151740912912669756e+01 1.727036272220385982e+01 8.018282727334899107e+00 1.819457014990202737e+01 2.176441937750317379e+01 1.981249459550571146e+01 2.653582395141074457e+01 3.067530168380730871e+01 3.806380302382438430e+01 4.221759094042224802e+01 4.697294067047657506e+01 4.063594292114847661e+01 3.648590162470232201e+01 3.834736285324972016e+01 2.816033721438601489e+01 2.097136388097003135e+01 2.682914434667385351e+01 3.703831564335815330e+01 4.183078894818733318e+01 3.391456369026762729e+01 2.394743934907963379e+01 2.361919331172261494e+01 2.361919330261966721e+01 1.772417040826664802e+01 2.059767044383993095e+01 1.058964402147686990e+01 9.589290459814858281e+00 1.967705844809667681e+01 1.163077700360186029e+01 2.128613721977513151e+01 1.669850559554693348e+01 1.871289177324470643e+01 2.808963364957248032e+01 3.549251348683846174e+01 4.065596079772374338e+01 3.648484376327360224e+01 4.065596111523129963e+01
2.474222605062778158e+01 1.859160874354765269e+01 8.572381066284222584e+00 1.585794453349183364e+01 2.563812503026426270e+01 2.967379654296328795e+01 3.381184007443204820e+01 3.783253105329417565e+01 4.170881749736306432e+01 4.413536957479224299e+01 3.724221459430060577e+01 4.210757763238860463e+01 4.615432792480844171e+01 3.944619148055856783e+01 2.927818376026250036e+01 2.355721656536830722e+01 3.378479815598233671e+01 4.118402000644299932e+01 3.764505592533140543e+01 2.756516743216491605e+01 2.190807116106397601e+01 1.712409822118936020e+01 1.386597662075332060e+01 1.200018350866547934e+01 1.200018350866547934e+01 2.033414110009863762e+01 1.326464503103073866e+01 2.140338549928943124e+01 1.255886400214785859e+01 1.420426521469626557e+01 2.363070710186471857e+01 2.808963348218345857e+01 3.216745946760543262e+01 2.876712100022901453e+01 3.116246938990865090e+01 2.652759306903858061e+01 3.221627187807155934e+01
2.357091870121791644e+01 1.527352355583227705e+01 9.143118648226472800e+00 1.935305831661895226e+01 2.444903406542872304e+01 2.952832389164651161e+01 3.345157576082576867e+01 2.827961438817640172e+01 3.626078921054454440e+01 3.922630005537991593e+01 3.025042418882159723e+01 3.229827218595136884e+01 4.210757763238860463e+01 4.358204691018761423e+01 3.702682846743658729e+01 2.677462853185330616e+01 3.192398974896041608e+01 4.206444498921388941e+01 4.046492177647207455e+01 3.464850544860070869e+01 2.686673588189477968e+01 1.712409822118936020e+01 2.186746476228024605e+01 1.200018350866547934e+01 2.186746459349060601e+01 2.429662797336571955e+01 1.643774173394426086e+01 2.430430848493569229e+01 2.003023793835474464e+01 1.383752996203608632e+01 2.327069213544021054e+01 2.849046816194259790e+01 2.563897845847933255e+01 1.938269271327705212e+01 2.158107583082230363e+01 2.567355420824031498e+01 3.133462622068815762e+01
2.053857579637255881e+01 1.040908579413529722e+01 1.936552383639367392e+01 1.026169154605103095e+01 2.040694568609161053e+01 1.963427543179489021e+01 2.684102351935192488e+01 2.275135933260399668e+01 3.229326941070475243e+01 3.517135123248270645e+01 2.528953632878296531e+01 3.219187206737375817e+01 3.625497235615360836e+01 4.117509045448407079e+01 4.063027147846388232e+01 3.043819566288691547e+01 4.063027146875361240e+01 4.618586170267425217e+01 3.627891420476044715e+01 2.621766964159455426e+01 2.060195261697937852e+01 2.686673387432988136e+01 2.295034297489734598e+01 1.317485690950827326e+01 2.103796854644953029e+01 2.867815298008873270e+01 2.317278262514531306e+01 2.415617396264434547e+01 2.463505948859046057e+01 1.802088130427988943e+01 1.510592333027577716e+01 2.444535860003084338e+01 1.635811610823003903e+01 2.563897845847933255e+01 3.116246939004683725e+01 3.531592630547253009e+01 3.977528304042536433e+01
1.167647533983306651e+01 2.053850160817829007e+01 2.013213405978791926e+01 2.009151782367166916e+01 1.139068686147287224e+01 2.136876749991304081e+01 1.731265502292641401e+01 2.446906762804997371e+01 3.115691265987252123e+01 2.918221056592105001e+01 2.243945447605083032e+01 2.243945447605083032e+01 2.725889638419543104e+01 3.712484775331013509e+01 4.474846242575402755e+01 3.639667616789677851e+01 4.474846242575402755e+01 4.265569464088699192e+01 3.252941208263717954e+01 2.544475117917236417e+01 2.751980045802418573e+01 2.810056181216114268e+01 1.845078602882961150e+01 1.433350609050950908e+01 2.405729704455474049e+01 3.219221093324477323e+01 3.462484297079497253e+01 3.280601931151704775e+01 3.182887386608279812e+01 2.708319702828561404e+01 2.444535859979144732e+01 1.635811610823003903e+01 2.563897830032166070e+01 2.970472647944501787e+01 2.877407011196893194e+01 3.219481857170936223e+01 3.635354676431828835e+01
2.168551632285030095e+01 2.167127663762592604e+01 2.935330156834597304e+01 2.536754784553104258e+01 2.145544005259301201e+01 1.250846801872501501e+01 1.712913172391309402e+01 1.710286999882263004e+01 2.599419176006193410e+01 1.971359889968328361e+01 2.918221056520481582e+01 3.219187206727764305e+01 3.625497240040212432e+01 4.117509003322668093e+01 4.807921667016421452e+01 4.641347022271706635e+01 5.051034263183324668e+01 4.265569464088699192e+01 3.252941208263717954e+01 3.549522268168230710e+01 3.759258909943450533e+01 3.258666983827533414e+01 2.518603288571579668e+01 1.553098403741530475e+01 1.855170475310411859e+01 2.609094093439460238e+01 3.803859227329222392e+01 3.767831263736933778e+01 3.273857856827400070e+01 2.563897861237659370e+01 1.635811610823003903e+01 2.563897830064257732e+01 1.791471251737043602e+01 2.718383126693830576e+01 1.943353146780226481e+01 2.251430795646789917e+01 2.718651033168042375e+01
1.882124889107044652e+01 2.867704754561955838e+01 3.529340336127568634e+01 2.965540797040321408e+01 1.963335118754607933e+01 2.081541669196591826e+01 1.364698455891073081e+01 1.825672372276254052e+01 1.730552772443589404e+01 2.647525527942553936e+01 3.229896336738656970e+01 3.709877521484126817e+01 3.735631836983056075e+01 3.455149542997920520e+01 4.136331279380590331e+01 5.080172576258949846e+01 5.116447453736829232e+01 4.683433038570586149e+01 4.265569464088699192e+01 3.992041717384127253e+01 3.541329001500727713e+01 3.124263235131265404e+01 2.653046965296860549e+01 1.686607327992486915e+01 1.928645673503289970e+01 2.889229444437487615e+01 3.777154033387292742e+01 3.361577157347862510e+01 2.373190374061106667e+01 1.923167719508140650e+01 2.563897861239797038e+01 2.970466332652185315e+01 2.718383126693830931e+01 1.943353146780226481e+01 1.943353146780226481e+01 2.880421989449787290e+01 3.635354671866537757e+01
