output/example/elevation_000204.asc
nrows	75
cellsize	13.33333333
xllcorner	0
ncols	75
yllcorner	0
NODATA_value	-9999
[rows 34 to 50 of 75, columns 0 to 36 of 75]
4.159999999999999636e-03 1.225854443563050955e+00 1.122585423874048338e+01 4.900546575020598539e+00 1.483246017847225495e+01 9.306197910202488544e+00 1.932957216272052037e+01 1.470516349480895535e+01 1.683508041116624199e+01 1.939445394933276745e+01 2.344336287942557462e+01 2.854285098089158623e+01 3.778988630292844420e+01 3.834594913875167066e+01 2.841512321301992472e+01 2.276118873962480293e+01 2.056706097254740229e+01 2.545913044090064048e+01 1.871345476329052104e+01 2.735092569120149975e+01 2.325091209557760052e+01 1.601433941980403830e+01 1.961963053555825454e+01 2.950668437879307149e+01 3.872829953829977967e+01 3.295554742686498173e+01 2.298608293163771066e+01 3.295554742686498173e+01 3.956239838416533416e+01 2.999366196664824002e+01 1.995770594020648758e+01 1.664771496531121642e+01 2.434916212539594937e+01 1.402669430390796279e+01 2.624980984724797750e+01 2.702391381183968022e+01 2.284613447471030057e+01
3.329999999999999627e-04 1.000033299999996217e+01 1.536798577397172316e+01 1.490054543373461904e+01 6.880841660975474561e+00 1.688103783824395165e+01 1.193226661123389221e+01 2.191319283956166331e+01 2.356583147654411903e+01 2.451241640936063249e+01 3.233617471728372550e+01 3.638846868561445547e+01 4.180116512150016206e+01 4.248221833588193874e+01 3.366461805691614018e+01 2.379870505830149341e+01 1.825042721318301986e+01 1.584127821192645946e+01 1.398120956712015328e+01 2.113649575321915819e+01 1.361454091922591658e+01 1.909290815995748147e+01 2.893085110067073984e+01 3.363512352655353510e+01 2.874796463469978747e+01 3.019051547122520418e+01 2.020784971382622075e+01 3.019051547122520418e+01 3.680692180386991197e+01 3.418313129235919945e+01 2.682002088899955439e+01 2.434916212539594937e+01 1.402669430390796279e+01 2.213445040047481527e+01 2.558826182134813010e+01 2.139686155658052868e+01 1.246916758726530539e+01
1.129999999999999928e-03 7.072197812603840283e+00 1.707219946881082606e+01 2.102362040715196656e+01 1.688103973215246967e+01 1.080314917609179659e+01 2.076977321411899524e+01 2.603304959503498139e+01 3.270039857791304883e+01 3.363709060493673064e+01 3.756154260741565309e+01 3.697296382484603328e+01 3.699666815916595652e+01 3.982225236193384887e+01 3.779512270078213731e+01 3.208181666929230857e+01 2.796853275465674571e+01 2.545708767686882368e+01 2.112262129643969644e+01 1.148334006641135296e+01 1.200341849925339055e+01 2.455947370085018377e+01 3.305713349360560471e+01 3.167113704945142771e+01 2.169329906599744362e+01 2.461574014977047398e+01 1.771668399575701258e+01 2.270681357266578715e+01 2.976049092360669945e+01 3.973222039666477912e+01 3.688859180975988039e+01 2.853157864429156731e+01 2.213445040047481527e+01 1.173322657411264203e+01 1.997762688005553855e+01 1.099014207987626612e+01 2.139685669243527499e+01
3.329999999999999627e-04 1.000033231416691848e+01 1.267304525894010148e+01 2.267304278188584732e+01 2.483949197899174166e+01 2.076977372971215274e+01 1.551660282282460024e+01 2.256896671245975838e+01 3.242107383012349686e+01 3.533423469530103489e+01 3.110626907154615139e+01 2.681154293205794303e+01 2.705441435545194651e+01 2.994267482787240198e+01 3.224677378815169249e+01 3.631415852042925962e+01 3.037096135648041795e+01 2.206721451786114230e+01 1.547814515096995436e+01 9.719608866154795024e+00 1.967108660669585873e+01 2.747192333233304140e+01 2.576060998680778624e+01 2.377741747899452562e+01 2.246967588837115670e+01 1.467845127780440428e+01 2.461574014977045977e+01 2.757727527951282909e+01 3.175066336929144839e+01 3.752634303842857122e+01 3.445887834297828078e+01 2.868183928309627717e+01 2.398233909876717007e+01 1.982426374624459342e+01 9.638470255772784157e+00 1.997762622141549471e+01 2.558810743125137321e+01
4.329999999999999539e-04 2.673045419124241651e+00 1.267304573613258434e+01 2.128729967012074553e+01 2.628729019326844352e+01 2.950093655093005651e+01 2.128162484007728850e+01 2.545458207824597352e+01 3.526337337800664784e+01 3.110627078110855237e+01 2.103223678925916929e+01 1.973336736770116673e+01 2.017617525715414928e+01 2.935491743270226905e+01 2.075769658936020434e+01 2.965904211902712717e+01 3.042778141998978114e+01 2.063281647316614453e+01 1.363367252635451443e+01 8.538069348741300857e+00 1.708144974228841662e+01 2.313449556169152643e+01 1.772808963507661062e+01 1.111596972090292823e+01 1.255833033701998325e+01 2.246967588837115670e+01 1.467845127780440428e+01 1.775159464482463179e+01 2.338631291596995254e+01 3.330623546034721016e+01 3.033435448428298997e+01 2.030808042214129117e+01 1.429848168008317977e+01 9.638470255772784157e+00 9.638470255772784157e+00 1.885286016387581753e+01 2.240343633739932372e+01
5.329999999999999452e-04 1.000053299999973788e+01 7.145181374123811935e+00 1.214518137412359700e+01 1.921624918386676484e+01 2.921624749379228803e+01 3.115494767448943492e+01 3.517142283688436777e+01 3.158852525748291029e+01 3.105620290003754036e+01 2.102827560475298796e+01 1.399002958254076745e+01 2.374445615017080868e+01 2.476268848993158045e+01 1.420526243775998410e+01 2.478782659369767671e+01 3.120813145841303538e+01 2.680104040261146281e+01 1.751413574049071542e+01 7.398125748491501064e+00 1.599255848406577663e+01 1.728969483382309136e+01 9.097948070756856964e+00 1.390572842308839441e+01 2.131973378840633515e+01 2.226028970927427508e+01 2.182837999561775533e+01 2.458820293538099833e+01 2.466713794919126457e+01 3.460873909521876612e+01 3.162777337608111949e+01 2.162118764658009340e+01 1.565306525306526808e+01 1.996299495292804238e+01 1.885286445338906347e+01 8.678453609496759924e+00 1.595424136805838522e+01
3.709999999999999756e-03 4.475845954999571497e+00 1.447584559249367153e+01 1.421624918536746129e+01 2.128731698461920274e+01 3.128731413742387346e+01 3.073066267305795307e+01 2.658852396567846554e+01 2.158852267387418777e+01 2.865959387003995573e+01 2.147822654194622061e+01 1.149280054952147623e+01 1.826978636710797943e+01 1.615089318096419646e+01 1.022604990911630196e+01 1.616633343259162814e+01 2.690031276951466310e+01 2.718844073876006462e+01 1.747133470288337520e+01 1.599248067927511130e+01 5.831180834303359539e+00 7.160836758522364676e+00 1.728969483382346439e+01 2.135435925907743737e+01 2.539059150629619310e+01 3.175138756138098728e+01 3.248326128951887881e+01 3.458242310969760780e+01 3.460873909521876612e+01 3.884026187831253907e+01 3.575349237467202812e+01 2.998400312911435606e+01 2.585046841148462704e+01 2.473390309445338175e+01 1.539871145515592588e+01 1.778408867690368567e+01 7.824948038080413504e+00
6.660000000000000121e-03 1.000665999999996281e+01 1.264081175305293492e+01 2.264080983874526254e+01 2.835835015487403155e+01 2.550459308327663877e+01 2.658852396567846554e+01 1.658852782052218444e+01 1.451746214046809769e+01 2.365959524679006165e+01 2.561744659370547339e+01 1.826978636721758775e+01 8.246000324725258679e+00 6.112080063666252450e+00 1.320660233971882747e+01 2.325904006146965131e+01 2.643848566275416090e+01 2.126371209105830218e+01 2.074368056404347271e+01 1.871338236465803107e+01 1.488156887932893113e+01 5.831180834303359539e+00 1.599247064179047406e+01 1.955712560377259734e+01 2.372732367563998324e+01 2.873485668092740042e+01 3.598520786662219706e+01 3.179995583841051854e+01 3.598895746486146408e+01 4.103238796587159243e+01 3.926461859777792540e+01 3.514675546813591467e+01 3.097248870787129249e+01 2.899766052022281926e+01 2.458243530633796325e+01 1.668299011591775027e+01 7.229904270807547384e+00
1.030000000000000013e-02 7.081367811865485251e+00 1.708136781186555098e+01 2.678286656834734103e+01 2.257566252580078370e+01 1.550459501294369247e+01 2.257566252580078370e+01 1.951745887959911130e+01 9.517466627012204583e+00 1.951745887959911130e+01 1.807762121168120117e+01 1.392290892376576927e+01 6.112080063666252450e+00 1.615057963838993516e+01 2.031892812911636526e+01 2.515154785576262952e+01 1.980708508865950179e+01 9.070071266528884735e+00 1.186934368368253523e+01 1.309758964346023546e+01 4.710101399013814749e+00 1.488155747903802961e+01 5.831180834303359539e+00 9.492736786600453058e+00 1.457069667681455627e+01 2.454534663272009709e+01 3.088970814541483989e+01 2.157792116318554321e+01 2.668847260497376084e+01 3.579291214606223548e+01 2.930462382222691176e+01 2.924288730465763919e+01 2.172479049879849811e+01 2.825548453479163769e+01 3.103302061163450531e+01 2.194756059585427010e+01 8.121188692118911590e+00
1.349999999999999985e-02 7.084567811865484899e+00 1.708456781186555062e+01 1.725281406820052155e+01 1.810352755239269840e+01 8.433530006134668966e+00 1.725281446820052267e+01 1.663070977013649809e+01 6.630716094969097973e+00 1.285106743060624446e+01 1.392290892373806166e+01 3.902733577980468826e+00 1.180134845730494320e+01 1.594888149025622681e+01 1.848653640789340358e+01 1.538667606747504379e+01 1.490662169319650765e+01 2.559308811164934472e+00 1.271682851514043122e+01 3.619494342901848682e+00 1.378637342641658492e+01 1.901813549958412963e+01 1.307323803510548998e+01 1.599904674316124620e+01 2.372733552702162996e+01 2.873495953919595891e+01 2.668847260497264173e+01 1.623550274271459415e+01 2.131586201172003925e+01 3.160540022082181011e+01 2.930462382222691176e+01 1.996652779990142079e+01 1.645162014291098274e+01 1.901041675970182254e+01 2.568259550560436821e+01 2.313526993893731643e+01 1.523671880951367363e+01
1.339999999999999872e-02 1.001339999999996344e+01 1.018174798091280842e+01 7.252816695683585557e+00 1.018174824757947405e+01 3.961394629859777972e+00 7.252817095683585791e+00 1.432388367755929259e+01 1.035106836973217348e+01 2.851071720443318025e+00 1.035106863629916063e+01 1.035106876973217460e+01 1.794448572950929188e+00 1.035134420061145910e+01 7.625146314070105014e+00 8.451467000823924991e+00 1.581606874995839362e+01 1.167779156873937296e+01 2.559308811164934472e+00 1.269514301739440576e+01 1.083938571967247277e+01 2.078756552935839608e+01 2.322105531179631654e+01 2.602527578768749450e+01 2.698365778889410649e+01 3.125063022447449868e+01 2.320402745375567832e+01 1.260974520719482861e+01 2.018344580710495961e+01 3.049635663138696984e+01 3.347927920801058121e+01 2.924288730465763919e+01 2.171823441853164738e+01 1.233061218215338606e+01 1.849830655575181027e+01 2.014850596768853208e+01 1.098216553501717030e+01
1.369999999999999864e-02 1.817494272444180325e-01 1.817494272444180325e-01 1.817494272444180325e-01 1.817494272444180325e-01 1.817494272444180325e-01 1.817494272444180325e-01 1.018174851424614147e+01 3.510714592807361867e-01 3.510714592807361867e-01 3.510714592807361867e-01 3.510714592807361867e-01 3.510714592807361867e-01 3.510714592807361867e-01 3.510714592807361867e-01 9.727778726702155154e+00 1.065076058741858311e+01 1.536051137889985929e+00 1.167774081500222216e+01 1.666300998021994317e+01 2.083306740356396602e+01 2.487349276411977783e+01 2.792999382429717414e+01 2.524846194593840920e+01 1.654810896809295429e+01 2.524846194593840920e+01 2.055540776217028309e+01 9.980663148728062595e+00 2.055540776217028309e+01 2.753918047564328120e+01 3.167425706938669450e+01 2.828851296464172194e+01 2.568259550575820427e+01 1.849830655575181027e+01 8.991510997628941126e+00 1.557250029244711520e+01 1.440954834605541990e+01
1.290000000000000001e-02 1.001289999999996283e+01 1.817494272444180325e-01 1.817494272444180325e-01 1.817494272444180325e-01 1.817494272444180325e-01 1.817494272444180325e-01 3.510714592807361867e-01 3.510714592807361867e-01 3.510714592807361867e-01 3.510714592807361867e-01 3.510714592807361867e-01 3.510714592807361867e-01 3.510714592807361867e-01 3.510714592807361867e-01 5.235118177860984545e-01 5.235118177860984545e-01 1.060746236862702219e+01 7.732587814214706867e+00 1.533929996517694150e+01 2.194688287705437801e+01 1.805230232096401366e+01 1.805230369415044223e+01 2.093686462536467729e+01 1.041114645417973783e+01 1.919220546469249911e+01 1.490367726145738381e+01 7.677103082347157326e+00 1.812935760005964880e+01 1.753663056806270504e+01 2.191367324724880916e+01 1.820900635168245074e+01 2.530964619050080344e+01 2.244426388835141140e+01 1.557304049901439491e+01 6.031378342611002807e+00 1.310066840600061688e+01
1.349999999999999985e-02 1.001349999999996321e+01 1.018174798091280842e+01 7.252816695676036041e+00 1.018174824757947405e+01 1.018174838091280776e+01 1.817494272444180325e-01 1.018174851424614147e+01 7.422137745734852743e+00 1.035106850306550719e+01 1.035106863637554575e+01 2.208025374194423129e+00 1.035097909440996844e+01 1.036147420427667143e+01 1.102809399153020209e+01 3.830304528558820198e+00 5.235118177860984545e-01 1.000485144091538281e+01 7.754083119007992853e-01 1.095583590208204328e+01 1.501813221905756990e+01 8.522391893402868845e+00 1.778228833837338385e+01 1.682193344141252211e+01 6.578703768544134967e+00 1.202743130351155720e+01 4.721713519528044856e+00 1.489669584517775114e+01 1.775114029758740841e+01 1.174100808999825318e+01 1.178135126916890130e+01 1.102266950147128810e+01 2.116122548760357347e+01 1.888588142032109118e+01 1.650092854532013575e+01 1.234715658371561453e+01 3.257248859464898505e+00
1.319999999999999993e-02 7.084267811882331678e+00 1.708426793403464927e+01 1.725281401072082232e+01 1.834671229357655520e+01 8.346714771513187969e+00 2.607106342317735415e+00 1.260710425936443357e+01 1.742213240543640040e+01 1.509479435219336452e+01 5.094776666255895314e+00 1.220796967676206002e+01 1.037293242152718165e+01 1.634413270807831964e+01 8.407480411491238925e+00 1.294906850013112631e+01 1.065454546597200647e+01 7.754083119007992853e-01 1.870690886739739600e+00 1.030190674370538018e+00 1.092503288303708864e+01 1.535055676346192888e+00 1.121995442734072590e+01 1.402821834643780541e+01 1.173783752177262052e+01 2.554547371422423385e+00 1.177140577557599954e+01 1.172877839934345268e+01 8.592523801939606187e+00 1.182086403477329739e+01 4.792712128199677402e+00 1.182086430144742373e+01 1.182086527645341967e+01 8.895551359957488913e+00 1.181908877728630181e+01 2.594318926971749040e+00 1.189761957653542979e+01
1.359999999999999924e-02 1.001359999999996298e+01 1.688186723926614619e+01 2.102400286299712562e+01 2.248884327581047415e+01 1.549385477363017749e+01 5.493857642272014452e+00 1.077207054461123725e+01 2.077206795080448032e+01 1.722681003351642204e+01 7.226783696367737875e+00 1.722671525655637126e+01 1.744368987869066601e+01 1.634422286722878326e+01 1.363777504433203092e+01 1.871415419456191387e+01 1.330191799450885881e+01 1.043522279356512783e+01 2.161360365557901453e+00 1.007736186597481520e+01 1.285136372448647757e+00 1.285136372448647757e+00 1.285136372448647757e+00 8.167249645854779416e+00 6.500436196081167850e+00 2.595070361368312817e+00 1.916381750810364215e+00 1.916381750810364215e+00 2.101302213218617432e+00 2.101302213218617432e+00 2.101302213218617432e+00 2.101302213218617432e+00 2.101302213218617432e+00 2.101302213218617432e+00 2.101302213218617432e+00 2.101302213218617432e+00 2.101302213218617432e+00
1.299999999999999940e-02 3.346333333333335602e+00 6.881867239266077796e+00 1.265536993116235287e+01 2.265536993116241860e+01 1.865613125319195120e+01 8.656135002680946045e+00 1.865613125319101684e+01 2.491420401469974166e+01 1.952097534009202562e+01 9.520940587849866077e+00 1.952097525241370590e+01 2.743631041593669551e+01 2.604851530763063749e+01 2.287923153848684521e+01 1.948607914861237589e+01 1.366933312456196070e+01 3.539036442745266964e+00 1.198758709511030141e+01 9.203062257809884628e+00 1.122802542262760639e+01 1.285136372448647757e+00 1.124738977478021518e+01 1.540898934972390943e+00 1.746598173215801353e+00 1.746598173215801353e+00 1.175208390508513645e+01 1.916381750810364215e+00 1.177202764626672860e+01 1.182086403472618841e+01 2.101302213218617432e+00 2.101302213218617432e+00 2.101302213218617432e+00 2.101302213218617432e+00 2.101302213218617432e+00 2.101302213218617432e+00 1.037896972456042022e+01
