output/example/elevation_000079.asc
nrows	75
cellsize	13.33333333
xllcorner	0
ncols	75
yllcorner	0
NODATA_value	-9999
[rows 51 to 67 of 75, columns 37 to 73 of 75]
1.942695162156403299e+01 2.192143555680158329e+01 2.290405711928746157e+01 1.289894279205623384e+01 2.290405713238229168e+01 2.569418756277385896e+01 1.565992351006627636e+01 2.212906680001300330e+01 2.811604909557926035e+01 3.245102676025992849e+01 3.618677212499459017e+01 2.687543375860158790e+01 1.633884380507592837e+01 2.364373576113235487e+01 2.208428976334166194e+01 2.127762505932046366e+01 3.162276072418966422e+01 2.643660911818140846e+01 1.691863362690607531e+01 1.672605462196182913e+01 8.526008884019988798e+00 8.918488671404542600e+00 1.188118115431052502e+01 1.957142179515591707e+01 1.299393624435075978e+01 2.265232865056900735e+01 2.714603927567076269e+01 1.826693587905993255e+01 2.448904382603967989e+01 1.441560577380356101e+01 1.441560577380356101e+01 2.160700284352212819e+01 3.202721452413310033e+01 3.541468749992405662e+01 3.329117188947785166e+01 3.470008271235527531e+01 2.974789085843671543e+01
1.655975190262116215e+01 2.720544152327246934e+01 2.706819620129082438e+01 1.737613213235940179e+01 2.706819906767777084e+01 2.993382730064306330e+01 2.055832432876374583e+01 2.993382730064306330e+01 3.650502291734790816e+01 3.798177275353157967e+01 2.788050973024384405e+01 2.160137078948003975e+01 1.976715282048295208e+01 3.042112392477027072e+01 3.262381255270676661e+01 2.872697236888526362e+01 3.559776292564280453e+01 3.090057966649201759e+01 2.544041597396073584e+01 1.554352146925968370e+01 1.825815166283810598e+01 1.840486825014516015e+01 9.505673017202092012e+00 1.190457542893794418e+01 1.918371581202051601e+01 2.544313953865642119e+01 2.266353137323915945e+01 1.245021378445892424e+01 2.250967427670387622e+01 1.441560577380356101e+01 1.634192745861232865e+01 2.638499705363301473e+01 3.329598996565297853e+01 4.028511668949411728e+01 4.319923503218077343e+01 4.378155845150273251e+01 3.546096391029332295e+01
2.720537305323048471e+01 3.134124866820122080e+01 3.154217114066018013e+01 2.442882694968197299e+01 3.155393483828406076e+01 3.506146014446859738e+01 3.084020597576739675e+01 3.506146014281697632e+01 4.333653662266566187e+01 4.191944018049675691e+01 3.618677212794272435e+01 2.921933829112460401e+01 2.750465666914232798e+01 2.667460805514164690e+01 3.681852465757310711e+01 3.861381231208375908e+01 3.931110686556704792e+01 3.520619652199123806e+01 2.963989576761162681e+01 2.548606969982204618e+01 2.499260292202074751e+01 1.995884105832631050e+01 1.050414499881659935e+01 1.014452058357385589e+01 2.011868535319243634e+01 2.485589028406651835e+01 2.137401622334265383e+01 1.245021378445892424e+01 1.322985899816636390e+01 2.329680020757214365e+01 2.638499705363180325e+01 1.921889484487382660e+01 2.631003479262105316e+01 3.482141963537844020e+01 3.755361398091882563e+01 4.162571283286810342e+01 4.537842098721731787e+01
2.552293374817390870e+01 2.957672807362876455e+01 3.449563905084372806e+01 3.449337566191689319e+01 3.794054675254320586e+01 4.197368762766605954e+01 3.771574299010228515e+01 3.352328904853615654e+01 3.340199701959337375e+01 3.490993239608600618e+01 3.912594948602913547e+01 3.922384154276467427e+01 3.803876326907273153e+01 3.402363683122685245e+01 4.072595494359710955e+01 3.853368679522349538e+01 3.348816220320031789e+01 2.504788612527374170e+01 2.697742527580419747e+01 2.279881892497241935e+01 2.134614768704120991e+01 1.178306237615339391e+01 1.996584228417586360e+01 2.011853543344313167e+01 1.077276049221349119e+01 2.074421907007410226e+01 1.138744571545190887e+01 2.068348496634049027e+01 2.327453713404847946e+01 1.801029561266763679e+01 1.801029561266763679e+01 2.811355140670181640e+01 2.233858547358880031e+01 2.493481436153830799e+01 2.770254717354021068e+01 3.755361398091882563e+01 4.653655413476047187e+01
1.603898340624234464e+01 2.058744446659321170e+01 3.045969288396874930e+01 3.623678139958725808e+01 2.792110485866021463e+01 3.623678139958725808e+01 3.337910678263368425e+01 2.336116213822667831e+01 2.759434239799744759e+01 2.468151907290306113e+01 3.485952673856188255e+01 3.709215299644431241e+01 4.124668423161863018e+01 4.357704063957217500e+01 4.148299476374572237e+01 3.150638893295869636e+01 2.425113817611224221e+01 1.911708655094654219e+01 2.279881892497241935e+01 1.299996188116873697e+01 1.299996188116873697e+01 2.134614768704120991e+01 2.492278060562433950e+01 2.486881761843215699e+01 2.074440852509596667e+01 1.138744571545190887e+01 2.137391214467829315e+01 2.525454606024966964e+01 3.159910347503380734e+01 2.796216214283705526e+01 2.387941206858815946e+01 3.254326706527537283e+01 2.938464967737396094e+01 3.046266495219667902e+01 3.755361398091882563e+01 3.264659739116419246e+01 3.756824171748884567e+01
2.552300166364063472e+01 2.958251423049984297e+01 3.450536827650104499e+01 3.215581983940641919e+01 2.221417569149667415e+01 2.690776127015178076e+01 2.880596957131054836e+01 2.471816398429907480e+01 1.781082382997225722e+01 2.704251346479105678e+01 2.988673182100272641e+01 2.694226626689181359e+01 3.710274343391824914e+01 4.071592225595139780e+01 3.491061376235030878e+01 3.077909964849158797e+01 2.753487049856743241e+01 2.452179524037261515e+01 1.447359674974271293e+01 1.299996188116873697e+01 1.624363449089058875e+01 2.638396663348567017e+01 2.896133075372799226e+01 1.850409711096155263e+01 1.138744571545190887e+01 1.138744571545190887e+01 1.312162504468876456e+01 2.221103528781951653e+01 2.931655278797414255e+01 3.327925944862060703e+01 3.398183688194102103e+01 3.844739847757187334e+01 3.923144457625971171e+01 4.030468417580846818e+01 4.438363098062350076e+01 4.246063057067345170e+01 4.653655413476047187e+01
2.150836185004969181e+01 2.555356064985928910e+01 2.794864411582967989e+01 3.179869654223465147e+01 2.672089679659399053e+01 1.709204889936051330e+01 2.235572357035541202e+01 1.509346080044998395e+01 1.509346080044998395e+01 1.744819094593713160e+01 1.995232680967128402e+01 2.716976479415965784e+01 3.837723198363354271e+01 3.663008834769097888e+01 2.649587864616619015e+01 2.051994557824660959e+01 1.731514971500429567e+01 1.731514971500429567e+01 2.279882247974154907e+01 1.299996188116873697e+01 2.279882728191986629e+01 2.207184204834319630e+01 3.227443567050482187e+01 2.556734644620046026e+01 1.583283508924730398e+01 2.258957418398167860e+01 1.222212455648763729e+01 2.228019735961828118e+01 1.978880211998543714e+01 2.664077250334744917e+01 3.572579838369014027e+01 3.819865199764031161e+01 3.763750408474024312e+01 4.159650705476241939e+01 4.652741540150919519e+01 4.264292828085498144e+01 4.374545085869007011e+01
1.174682394048931577e+01 1.994649547837228454e+01 1.815651736793092752e+01 2.627578197467757093e+01 2.422888105998080377e+01 2.056778951937010547e+01 1.281568920714327042e+01 2.250846953518869498e+01 1.509346080044998395e+01 2.482066660939663194e+01 2.694160726845754184e+01 2.698821488634434473e+01 3.740742394482755628e+01 3.791684835003599119e+01 2.782254733150114490e+01 2.753487506601708645e+01 1.731514971500429567e+01 2.753066953046669241e+01 2.438688705854943706e+01 1.434887503531817643e+01 2.438698953540911774e+01 2.801322867536593364e+01 3.640794397298554230e+01 3.043138630635028719e+01 2.178474771164675516e+01 2.700499183490309107e+01 1.972487099238006181e+01 1.317945233521368387e+01 2.326591161680942221e+01 2.688081038555153057e+01 3.196061309102963577e+01 2.744369552977325810e+01 2.738444996240842855e+01 3.751860181122422233e+01 4.088618284881953002e+01 3.279458949480609675e+01 3.406524143115241543e+01
5.787252287573897647e+00 1.587321373998965868e+01 1.252543400701755694e+01 2.229709649651583447e+01 2.055571729122594249e+01 1.082023097706689008e+01 2.056778951937009481e+01 2.664361944503186663e+01 2.483945041299945444e+01 2.914100483997448165e+01 3.701339022219908514e+01 3.738402493508416313e+01 4.172038971535945961e+01 4.199868019583324497e+01 3.791684835003599829e+01 3.140904905861411223e+01 2.115893522552006800e+01 2.682615516227032515e+01 1.661914958401368736e+01 2.438767448774360602e+01 2.860314226511292901e+01 3.809535270405076091e+01 4.219944231590719852e+01 3.738366273788863481e+01 3.237464069140959566e+01 3.320998949841959558e+01 2.755253400403941555e+01 2.350597880358988689e+01 1.317945233521368387e+01 2.100579487661534017e+01 2.461956446442355428e+01 1.965502273287279777e+01 2.849305726485441070e+01 3.046652948679621531e+01 3.253757329191856940e+01 2.669520398954644591e+01 3.406524143115241543e+01
1.528898664046960754e+01 6.606154641672564054e+00 1.663005774119530855e+01 2.145020373068928521e+01 1.824949636858046986e+01 9.433762759548493193e+00 1.923753407912626656e+01 2.428606978120627247e+01 3.111536285830847959e+01 3.150185008223225225e+01 3.548128358983296238e+01 3.397001142156697995e+01 3.793094434040585128e+01 4.345066910129833815e+01 3.853227515840620754e+01 2.845851294762132966e+01 3.140903358639819842e+01 2.861379099736192444e+01 1.835205091103433261e+01 2.350055479113946788e+01 3.079014658682664063e+01 4.081673343010604071e+01 4.398297220129422413e+01 3.625812905923693563e+01 3.000771835864714276e+01 2.793574487317581401e+01 2.477627784727336291e+01 1.427201350190908791e+01 1.317945233521368387e+01 1.317945233521368387e+01 1.409779863635924002e+01 1.600447595420641278e+01 1.788023879315527154e+01 1.984839104242026764e+01 2.198768305859879746e+01 2.828768365381699823e+01 3.553890652787581672e+01
1.814934202119219009e+01 8.452321798584659263e+00 7.509041610470574390e+00 1.743195313309933425e+01 8.402829357577816793e+00 1.761048700136699097e+01 1.060610264811699643e+01 1.745317761059239103e+01 2.540336723718080236e+01 2.190881338071768880e+01 2.883512104996123782e+01 2.436492205171606784e+01 2.993015597050726484e+01 3.948855657951578024e+01 4.261159933110827325e+01 3.853227512681667122e+01 3.186226133047692599e+01 2.158977114056390789e+01 2.223194105133591592e+01 3.249187516800971309e+01 3.787149022990494274e+01 4.280001608702642812e+01 3.793768142416743672e+01 2.921248867180174713e+01 2.271883288027743220e+01 2.337521306664934784e+01 1.568609695505486279e+01 2.476900388338438219e+01 1.801720434000440108e+01 2.384149072769923805e+01 2.481547651969459167e+01 1.544511602035059106e+01 2.612211523602693575e+01 3.046640044333255659e+01 3.253746298697600281e+01 2.717542177531897352e+01 3.450408000473089487e+01
1.102355854654424583e+01 1.822275729393719246e+01 1.740035135111606479e+01 8.402829357577816793e+00 1.820065576028689946e+01 2.161765831393528714e+01 2.026851181666454593e+01 1.177651291752627216e+01 2.138553687728240860e+01 1.645220518142084742e+01 1.928315296351638253e+01 2.883587519721671555e+01 3.793094434039813478e+01 4.144375510757425474e+01 4.522142287278816042e+01 4.135025206936037279e+01 3.134675719926893578e+01 2.403289094706893891e+01 3.249237329856426726e+01 2.954427096594376323e+01 3.960972193743312175e+01 3.872090503132565686e+01 2.904725835907620990e+01 2.408721179631194786e+01 2.742784572683900990e+01 1.707073516590514473e+01 2.534143468119521714e+01 3.021678663657256791e+01 2.421666786363632795e+01 3.242466814246017037e+01 3.041251930642739865e+01 2.612211695257462907e+01 1.674776332309205884e+01 2.295784583921541255e+01 3.360838483315122005e+01 3.450407909536852458e+01 3.450407980770445704e+01
2.062033652407986395e+01 1.967499095330672887e+01 8.402829357577816793e+00 1.823269034329650040e+01 1.011051915640694965e+01 1.981922381756565699e+01 1.177651291752627216e+01 2.138553687728240860e+01 1.295769336691647844e+01 2.251975889719039259e+01 2.765282201555142194e+01 3.280345125554111974e+01 3.478877571482333764e+01 3.203219305089912439e+01 4.144375509799794344e+01 4.390960718592720013e+01 3.399890509522195003e+01 2.673573369526097565e+01 3.690179705630021800e+01 3.960972193726224333e+01 4.374852963512883264e+01 4.280001890121136654e+01 3.793768142416787725e+01 2.887565537924161774e+01 1.853254261998759134e+01 2.742784567135786133e+01 2.500079182710787862e+01 3.608467337787882911e+01 3.616310814863365408e+01 3.777788315526002805e+01 3.191206991861216125e+01 2.841073934651915067e+01 1.767547680978477231e+01 2.842663965613978760e+01 3.779273306634873819e+01 4.411640846348743850e+01 4.411665027150958451e+01
2.509952466426537754e+01 2.429390207592988205e+01 1.319963185283742035e+01 2.094716825906107616e+01 1.130405603901535372e+01 1.760228050171663128e+01 2.417137055450358218e+01 2.608888514113068169e+01 2.240420188761326514e+01 1.420085260718179931e+01 2.373112602989898434e+01 2.999016635825590171e+01 2.519155700970680911e+01 3.203219305087251456e+01 4.144375490797706618e+01 4.498879086091244517e+01 3.508428667403444479e+01 3.690179705676590061e+01 3.227454248351508426e+01 4.221541913655457279e+01 4.687124777443357715e+01 4.196617584656005562e+01 3.789553184085932713e+01 2.994777999697881654e+01 1.962702036903615976e+01 2.888084208213798121e+01 3.603092948539307372e+01 4.043006688103591273e+01 4.485805964231590792e+01 3.324065301267867056e+01 2.479603968499199240e+01 1.903006144404825051e+01 2.842442759734412405e+01 2.842594215333546970e+01 3.887448038488641799e+01 4.181993673119588806e+01 4.181993662245192667e+01
2.725838662035414117e+01 2.941059605521991571e+01 1.997396002768901369e+01 2.210634086218054506e+01 1.250878630444626971e+01 2.210634086217960714e+01 3.071232055598000343e+01 3.112223222856294313e+01 2.173381563154795870e+01 1.507939185021559680e+01 2.443003268063213085e+01 2.039850983123403694e+01 2.826074524699975044e+01 3.232194647975941137e+01 3.816525370466598588e+01 4.221922851590504422e+01 4.498879086090965984e+01 4.633964135467695655e+01 3.807082098498796796e+01 4.633964139803654092e+01 4.279345431436506431e+01 3.299760936746996265e+01 2.806073885116522248e+01 3.103554478260737426e+01 2.076200895555243520e+01 2.456744242252207400e+01 2.912099288711279499e+01 3.601651496048866363e+01 4.571748556009729469e+01 4.003950348444345764e+01 3.137882790443293857e+01 2.982659167047647841e+01 1.903006144404825051e+01 2.990740267670734198e+01 3.574125401259798451e+01 3.129134937064361566e+01 3.880441228752916771e+01
2.963771603212844141e+01 3.590067315692573402e+01 3.161047281036632484e+01 2.328826766866549036e+01 1.371919144414652081e+01 1.919605575173330436e+01 2.888060485062588256e+01 3.162481466272558706e+01 2.178100590970565165e+01 2.459993287412859075e+01 1.634322553963377445e+01 1.745824775427484354e+01 1.866885157595963918e+01 2.828420695719485778e+01 2.840787480805040843e+01 3.624945404079254274e+01 4.031820709123977764e+01 4.476139547577076172e+01 4.787704549990488090e+01 5.204428350727145158e+01 4.687124780070532637e+01 3.891557651200714929e+01 3.265409207182792528e+01 2.252469847232122646e+01 3.103553625364851598e+01 3.455524870047668173e+01 3.858875557527907318e+01 3.885772066899031785e+01 4.428395399724643511e+01 3.823304699356321379e+01 3.189646049476131040e+01 2.099849400488424678e+01 2.990738342919482307e+01 2.126291543508605386e+01 2.497971929697954963e+01 3.574125401267895796e+01 4.373097521145214017e+01
3.276336097625049604e+01 3.713096560126818702e+01 2.725515495191815774e+01 2.040763469781307293e+01 1.495465852474863944e+01 2.451720475483596928e+01 3.294271475423575168e+01 3.610844420093648921e+01 3.170362521962607971e+01 2.732221243816199063e+01 1.777677662463021235e+01 2.693282264677609561e+01 2.828270220580598249e+01 2.047655945841599845e+01 2.337225560545501679e+01 2.646603501906332667e+01 3.084770591080365065e+01 3.778261639718955678e+01 4.783199082284655645e+01 4.736248325320847385e+01 4.341241017661158708e+01 3.466276435730947725e+01 2.454714947388978175e+01 3.225376173387635248e+01 2.743817763490249462e+01 3.187005140613897325e+01 4.169537383367865857e+01 4.858237955529643415e+01 4.005945880516862445e+01 2.946962537499840451e+01 2.310454226227949093e+01 3.189640016045022364e+01 3.620954495660939898e+01 3.215409305765899717e+01 2.389467741374189913e+01 2.883599434657402227e+01 3.505053820007773879e+01
