output/example/elevation_000391.asc
nrows	75
cellsize	13.33333333
xllcorner	0
ncols	75
yllcorner	0
NODATA_value	-9999
[rows 17 to 33 of 75, columns 0 to 36 of 75]
1.309999999999999880e-02 1.001309999999996236e+01 7.354038955960708890e+00 1.328226434805426059e+01 4.877912428869938921e+00 1.380609591191381469e+01 1.690668932219682574e+01 1.375325361858499207e+01 3.972410650537196108e+00 1.407951648847847892e+01 1.711336057115793352e+01 1.430608072713147294e+01 1.534681673532138646e+01 7.059216603453794647e+00 1.669124221130694252e+01 1.317141775817119687e+01 1.539772989504305478e+01 1.449133559067735177e+01 4.745751203459618317e+00 1.299014796975732011e+01 1.462776613845499440e+01 1.332921165554319387e+01 5.529207600861191452e+00 1.063572570689809282e+01 1.860834389146718237e+01 1.443267581239745923e+01 2.426780800086366341e+01 2.949742767330819859e+01 2.823632382995413437e+01 1.835097679350736755e+01 2.252901605742871993e+01 1.569446527092205557e+01 2.564016502510908779e+01 3.078254870388789044e+01 2.650422043178624776e+01 2.605196875057433914e+01 2.192971353647153521e+01
1.379999999999999977e-02 2.829909510290809505e-01 2.829909510290809505e-01 7.300228674622325720e+00 2.877295690212015700e+00 5.597896070775600030e+00 1.042029502879081981e+01 6.959797583865817039e+00 2.604383569189591352e+00 1.009173237517988397e+01 8.624233108913911039e+00 2.729135063553908225e+00 5.178434332777085203e+00 4.646226765271981307e+00 1.026809400187365817e+01 3.750599872306160876e+00 4.041193105616289749e+00 4.332496608331845245e+00 1.385900998380528293e+01 4.745751203459618317e+00 4.745751203459618317e+00 5.071626784799414089e+00 1.119006378775875454e+01 1.790721508618855395e+01 1.812359018651625320e+01 2.423181282402895320e+01 2.130648468578533183e+01 3.142930319905458703e+01 3.238446672910632174e+01 2.405462253430857444e+01 2.795585995274063507e+01 1.813131455441911655e+01 2.505797500803710065e+01 3.495145893353014799e+01 3.505985641574585543e+01 2.488249126450857673e+01 1.881157622888917658e+01
1.379999999999999977e-02 1.001379999999996251e+01 2.829909510290809505e-01 5.530641490097299995e-01 8.233344192799985084e-01 1.096106782074967256e+00 1.369387953980329309e+00 1.643202166192566205e+00 1.891284209289258555e+00 1.921327315751657050e+00 2.209574688337127224e+00 2.492257098084094569e+00 2.774449354863200767e+00 3.055524204722433801e+00 3.339280574053955508e+00 4.939109079034810890e+00 1.059199420542087644e+01 1.391691656768080954e+01 8.683301748360293004e+00 1.453872475908470996e+01 4.745751203459618317e+00 1.442874168566204851e+01 1.904416573538106761e+01 2.398941809988209783e+01 2.677359104172941784e+01 3.068272257147479110e+01 3.142930320171369374e+01 3.564699312467226378e+01 3.813120915089369589e+01 3.394863403084426778e+01 2.613633292772723138e+01 2.795586453252157000e+01 2.251417988565311390e+01 3.235823737378727571e+01 3.921937162878857919e+01 3.336648028906304120e+01 2.918384416372169810e+01
1.290000000000000001e-02 1.001289999999996283e+01 7.353999808307760233e+00 9.971916792009000829e+00 6.226460134591131457e+00 4.172140423118960051e+00 4.696002454694714778e+00 9.720157913583253873e+00 8.531081039435884250e+00 4.033511765779612901e+00 1.182901576397071786e+01 7.084266141223044322e+00 1.232549700759777167e+01 8.162002560354586933e+00 8.216621220683869353e+00 1.271383150008634466e+01 7.000407522232936941e+00 1.596717168161768008e+01 1.495614733121491824e+01 5.818866005994335566e+00 1.498496762854806263e+01 1.861699403919947571e+01 2.416948121355740042e+01 2.817801073421292912e+01 3.051267067053905180e+01 3.453665364122291948e+01 3.444132296881307553e+01 3.444053035923751338e+01 3.851469596709686272e+01 4.024837744164141640e+01 3.605185174472377696e+01 3.586039374359211251e+01 2.595484352143230211e+01 3.586039374359211251e+01 4.110042600812224123e+01 3.683340603111176392e+01 3.170049244718395443e+01
1.290000000000000001e-02 1.001289999999996283e+01 1.735030733136989056e+01 1.864443442905241710e+01 1.582423126426349747e+01 1.562766214156064848e+01 1.435101604560097854e+01 1.064072453575485611e+01 1.502458255926275221e+01 6.069083604811269517e+00 1.583229741199576246e+01 1.676582516541614609e+01 1.590172751392571016e+01 1.402178239155682071e+01 1.447489848398698342e+01 1.784396552375143585e+01 8.643916316622251017e+00 1.797021933985035247e+01 1.973778702195160051e+01 1.562101085674136947e+01 6.928412077972200933e+00 1.643744462202442236e+01 1.491933195670989676e+01 2.454882346614089528e+01 2.066791688976699959e+01 2.888362114311017237e+01 2.451238817382903434e+01 2.451238395902331746e+01 3.444027268156799693e+01 3.559273333298668263e+01 3.965096548109237773e+01 4.006053049579624314e+01 3.162307653017141718e+01 4.006040818046249541e+01 3.685897732511809721e+01 2.666770262368749655e+01 2.741357075351213624e+01
1.309999999999999880e-02 1.001309999999996236e+01 1.479214508592305855e+01 1.746107325656069875e+01 2.061588617809136892e+01 2.437927427450917506e+01 2.308203615184747548e+01 2.119435461432457757e+01 2.021258183940194897e+01 1.597063183430114641e+01 9.483724515195705251e+00 1.970209627395715657e+01 2.523197241388595558e+01 2.338049700728499047e+01 2.505773118043908099e+01 2.006918043551577213e+01 1.058582956466342573e+01 2.006918424864635853e+01 2.278702141239407553e+01 1.315243792304826798e+01 1.677756751144773162e+01 8.087509510297859805e+00 1.786178869880698272e+01 1.897353380849454751e+01 1.506421526188985993e+01 2.214690584027439613e+01 1.755448507546844183e+01 2.621379844483215749e+01 2.859335197885598845e+01 2.569384307079544527e+01 3.559147019563298642e+01 4.026881759983385933e+01 4.164876335067604884e+01 4.588158906356277100e+01 3.677605231635808281e+01 2.666132127040561883e+01 1.912534860437045481e+01
1.349999999999999985e-02 2.370522602531630607e+00 4.795878815484551083e+00 7.468490444620746516e+00 1.063075144776927061e+01 1.441015526932023860e+01 2.017841532700051488e+01 3.011775431452116081e+01 2.701105493452996953e+01 1.667462646992367326e+01 1.398136837741726346e+01 1.667462646992367326e+01 2.701105493452996953e+01 3.088564360541025877e+01 2.083031747264624300e+01 1.406826285562898171e+01 1.594945141437721148e+01 2.420086318270434944e+01 2.680685695136550351e+01 1.988302809257326942e+01 1.594745146998318752e+01 1.786178737492087620e+01 9.264328412142875280e+00 9.264328412142875280e+00 1.079483831936884286e+01 1.243144140053319191e+01 1.436437513209556016e+01 1.638770027489958991e+01 1.871491913295986365e+01 2.241205836015566533e+01 2.678354409298434646e+01 3.336434934655312645e+01 4.237043415535229229e+01 3.945792940553362627e+01 3.513593732670560144e+01 3.183477624935005679e+01 2.152252149889458011e+01
1.349999999999999985e-02 1.001349999999996321e+01 1.479214508592305855e+01 1.453764984851136965e+01 2.061588615207349307e+01 2.437927427450917506e+01 2.848187362197003836e+01 3.421041246559509830e+01 3.123419425859772147e+01 2.701105493452996953e+01 1.915773684809041200e+01 2.701105493452996953e+01 3.123419425859772502e+01 3.088564360540086184e+01 2.083031747264624300e+01 1.760198374555800171e+01 2.569690665493664383e+01 2.989492854668517552e+01 3.313633810725183793e+01 2.892261390105430152e+01 2.517348537296179245e+01 1.990871241544815717e+01 1.022413707800713389e+01 1.897353301770240108e+01 2.048685901674133447e+01 2.214690651740329130e+01 2.413026462878628209e+01 2.201948770454487203e+01 2.859335197885598845e+01 2.677883663772339773e+01 3.613193149420451533e+01 4.027039717256232620e+01 4.376003770331701048e+01 3.260409756709775309e+01 2.502811557416774590e+01 2.502811557416774590e+01 3.183477624935005679e+01
1.359999999999999924e-02 7.084667811865485554e+00 1.708466781186555394e+01 2.451884054396501611e+01 2.366625534073056158e+01 2.181030661572345508e+01 2.586121191851013990e+01 3.113797197928604277e+01 3.364951727061833253e+01 3.373074516208201601e+01 2.950942587900502545e+01 3.374225738706623190e+01 4.050551241057645768e+01 3.515703030412144159e+01 3.088564360540086184e+01 2.197166825591172312e+01 3.200915956268188012e+01 3.801465575819953102e+01 3.402615440545213943e+01 2.860937968439994350e+01 2.216002831590831690e+01 1.244544097365215229e+01 1.990871273746946102e+01 1.187946560930388706e+01 2.158569333664478762e+01 2.443882916860645693e+01 2.898873653526482030e+01 3.194363063087456212e+01 3.602490876923771879e+01 3.666728981042126634e+01 4.073491179127778139e+01 4.830228787571822124e+01 4.528785633112562437e+01 3.514646804959672721e+01 2.957616236035620716e+01 2.957615880223066185e+01 3.931569252340397469e+01
1.369999999999999864e-02 7.082295799369549449e+00 1.700086310956801228e+01 1.946225002179420116e+01 1.256982774576710682e+01 1.207518236109659959e+01 2.048361751450525503e+01 1.988441279253783378e+01 2.293245454607051315e+01 3.055200604272171105e+01 3.440310648337464272e+01 3.560214457614917904e+01 3.068225905751380722e+01 3.762912674334035756e+01 3.711020642537053504e+01 2.969862073387429646e+01 3.696923555657650695e+01 3.392814266348076302e+01 2.419409355493603542e+01 2.452300979734849307e+01 1.474559353946546025e+01 2.216003581462686967e+01 2.389009509140625909e+01 1.411336202431010634e+01 1.383421081517962925e+01 1.524466231418506190e+01 2.506611813418145474e+01 2.931638541210869420e+01 3.150192898173306233e+01 3.559190578150109019e+01 4.033802827935239321e+01 3.854814139421967667e+01 4.830228787577837579e+01 4.383868294122004983e+01 3.536591285798673567e+01 3.536568729814356260e+01 4.381998626208861225e+01
1.290000000000000001e-02 1.001289999999996283e+01 1.248761731088860572e+01 1.353019217022532317e+01 5.163161312253387258e+00 6.349942967658675386e+00 1.446871339484679808e+01 1.292089938386297554e+01 1.980541835989823696e+01 2.093563037746284650e+01 3.055200604685208887e+01 2.572735092587403116e+01 2.367442900111980464e+01 2.940479605346569869e+01 3.921745971852098478e+01 4.144311388467271229e+01 3.752753067635641315e+01 3.459614839397730890e+01 2.709890064737347259e+01 1.725118434706647363e+01 2.452276526116191846e+01 2.860743265951366254e+01 2.635663964010356963e+01 1.649048103777804997e+01 2.360027718014239895e+01 2.506616666792949388e+01 1.737541520538686513e+01 1.934582707930394463e+01 2.148609550670551016e+01 3.150204105997165982e+01 3.043382185904779291e+01 3.748043711978422721e+01 4.723697404486633644e+01 4.968402964023473345e+01 4.547569506836967435e+01 4.546438103954191945e+01 4.965258977852644762e+01
1.379999999999999977e-02 1.001379999999996251e+01 2.487596080112563612e+00 3.530168150397936966e+00 1.342016516895762024e+01 1.632417785995371418e+01 8.117923194549293342e+00 9.413200163474670035e+00 1.391925923418845557e+01 2.291794700036396293e+01 2.456791341581890364e+01 1.869140189859261270e+01 2.861961102383089539e+01 3.762912674334035756e+01 4.325454339511526314e+01 4.164711416220307427e+01 3.205882385199826246e+01 2.520078244785817390e+01 2.080087918724263929e+01 2.068743872338174583e+01 3.060574667211557554e+01 3.060593691585886944e+01 2.064033814373285480e+01 2.635663964532183812e+01 2.635663964532183812e+01 2.985812914268333529e+01 1.987755536569695280e+01 2.931638541201073167e+01 3.150204105950983546e+01 2.502577613420835334e+01 3.008746637694223836e+01 3.714201798153978729e+01 4.690177943526023085e+01 4.530002077129464766e+01 4.420410086834900198e+01 4.449100376077203123e+01 4.835679149495276619e+01
1.359999999999999924e-02 1.028946165133618473e+00 1.102890702942087486e+01 1.353019044000563476e+01 7.452490711775626941e+00 1.744829717382381418e+01 1.811751157944010160e+01 1.936489012390764941e+01 1.146573597387266830e+01 1.301755505049385242e+01 1.461927162189794771e+01 2.456791352738029843e+01 2.750134165156461918e+01 3.100897338078256027e+01 3.508929802222322536e+01 4.001991055847067003e+01 3.887597363520494298e+01 3.418226436231599763e+01 2.429418829483117648e+01 2.512233344330254070e+01 3.467432715005911348e+01 3.393590877892864910e+01 2.394631170697952172e+01 3.393590877892864910e+01 3.628411526519010977e+01 3.263724417925060806e+01 2.261700241449450033e+01 3.263724417925059385e+01 3.911390267179170621e+01 3.215369670369357635e+01 3.911390327425712599e+01 4.405063111184970381e+01 4.530002076987167214e+01 3.523385233430220609e+01 3.413055553562874422e+01 3.441988073148099403e+01 4.153109458292557576e+01
1.359999999999999924e-02 1.001359999999996298e+01 1.517083509570499089e+01 2.157696787403982697e+01 1.744829717382381418e+01 1.216651631111072973e+01 2.215862228035508252e+01 2.561758958277951592e+01 1.594350304211151581e+01 2.297414472133235819e+01 2.412264977302941205e+01 1.756093218118770949e+01 1.756093218118770949e+01 2.108781397687332060e+01 2.607403231933479049e+01 3.594542937546953709e+01 4.109895018549519108e+01 3.131727948493746894e+01 3.131727948493746894e+01 3.088914298307496153e+01 3.909207694457415982e+01 3.801332364626984628e+01 2.897481914927865887e+01 3.801332364627005944e+01 3.965177418556827860e+01 2.973173071696132297e+01 2.973173071696132297e+01 2.973173071696132297e+01 3.965177418556767464e+01 4.202189867128929990e+01 4.234283187225882017e+01 4.637526788333642003e+01 4.420410086834900198e+01 3.413055553562874422e+01 2.694666301109719342e+01 2.723767453365216795e+01 3.469537330413299259e+01
1.319999999999999993e-02 1.001319999999996213e+01 1.823377773411907654e+01 2.323297530586045667e+01 2.628457643056590243e+01 1.923591976967558992e+01 1.923591976967558992e+01 2.921465032041943033e+01 2.306453813877006098e+01 2.605294233487254374e+01 3.094166300384520696e+01 2.109273790879821675e+01 2.750134165156460853e+01 2.568874136705683853e+01 3.508929802222322536e+01 4.001991055847067003e+01 4.513072955328393476e+01 4.109895018549519108e+01 4.109895018549518397e+01 4.071598200775001430e+01 4.475126425695899712e+01 4.295664590104478009e+01 3.889699840857862512e+01 4.295664590104476588e+01 4.370991725747703782e+01 3.965177418556812938e+01 3.965177418556157818e+01 3.965177418556748989e+01 4.370991725523104776e+01 4.075233776310343359e+01 3.260195822941328458e+01 3.924714140526063488e+01 4.328200935362346513e+01 4.124302014393337146e+01 3.230364287305837223e+01 2.218104825189359630e+01 2.454808298277288614e+01
1.019999999999999900e-02 4.092682904418698087e+00 9.092682842633903917e+00 1.616373578996039839e+01 2.616307157387030102e+01 2.921465032041943033e+01 2.921465032041943033e+01 3.333368384911194227e+01 3.354044817217995700e+01 3.637255918202845351e+01 3.520390980099302425e+01 2.611580086697390257e+01 3.520342124538469619e+01 3.556648803389075653e+01 3.964568023305913869e+01 4.637140634486226531e+01 4.226699612067728395e+01 4.637140634486226531e+01 4.715703306084955670e+01 4.478728150419747323e+01 4.350091722539803385e+01 4.760475108748875783e+01 4.362612382338154049e+01 3.959579489523455464e+01 4.362612382338154049e+01 4.281976061204977668e+01 3.878401814219488131e+01 3.944508341951397057e+01 3.540351412619855864e+01 3.636489275326120207e+01 2.687801842356767779e+01 2.944777615580293784e+01 3.924714140526063488e+01 4.239716210084974790e+01 3.230364040588118968e+01 3.230363475875346069e+01 2.218104825189359630e+01
7.249999999999999500e-03 1.000724998272448474e+01 1.557229670338309013e+01 2.226761384938664534e+01 2.406963205791327098e+01 2.599697187499887363e+01 2.678722489863586986e+01 3.092465622422635718e+01 3.058637499316137465e+01 3.472156813007399023e+01 4.017449254363192068e+01 3.608459049548204689e+01 4.017440303059672857e+01 3.971738276365522324e+01 4.384563128756712302e+01 4.140705338812617953e+01 3.233009578521608773e+01 4.140705338812617953e+01 3.723341200700792797e+01 3.485769211944030843e+01 3.356775176854841192e+01 4.187417011231234198e+01 3.874072065986182167e+01 2.980811700036140266e+01 3.874072065986182167e+01 3.717119066712430708e+01 2.898364647040060760e+01 3.540351412619855154e+01 2.555415847159985887e+01 2.843896795251374598e+01 2.242845705207917106e+01 2.944777615580293784e+01 3.924714140526063488e+01 4.363320998099442960e+01 3.355495734400942354e+01 2.638243865616466266e+01 2.056189791044299398e+01
