output/example/elevation_000200.asc
nrows	75
cellsize	13.33333333
xllcorner	0
ncols	75
yllcorner	0
NODATA_value	-9999
[rows 34 to 50 of 75, columns 37 to 73 of 75]
1.420251777810647553e+01 2.410160607649612530e+01 2.971554194612255984e+01 3.764326219663201556e+01 4.172390960024266349e+01 3.479826088687273966e+01 2.739658665926928904e+01 2.523303982563644965e+01 3.261989893560527776e+01 4.312921070429300840e+01 4.603138034829122205e+01 3.640489972528566653e+01 4.149342105597791885e+01 4.554647440273905801e+01 4.110918551717421110e+01 4.801811853510719885e+01 3.957653450138582230e+01 2.993605304243157050e+01 2.521111584997392185e+01 2.187257834168523729e+01 1.850812272244127143e+01 1.580668146389161599e+01 2.007175029864078653e+01 1.141111429407826527e+01 2.170892369532793253e+01 3.038061390770718262e+01 2.707611714664403024e+01 1.982329419923622638e+01 1.354550708496082656e+01 1.354550708496082656e+01 2.411246255773286506e+01 2.587825162867735074e+01 3.607973744661082804e+01 3.774718941752121992e+01 4.177209195538820552e+01 3.541648750129233036e+01 3.541656450644870091e+01
2.267490796935927833e+01 2.823115662188968145e+01 3.589141536008983735e+01 2.745179521890970875e+01 3.589734330275779683e+01 3.046555758359081878e+01 2.005695574495748090e+01 3.046555758134596559e+01 3.430677470578572752e+01 3.864199499694143469e+01 4.388676007215027397e+01 4.149342105904899825e+01 3.184559403916721720e+01 3.784689184617543845e+01 3.430185189027449155e+01 4.394703363422802056e+01 4.361275333031789359e+01 3.845562925519801212e+01 3.452459869769105438e+01 2.677535393161451438e+01 2.847051270353442121e+01 2.329562520392707015e+01 1.278742452087398895e+01 1.106342924579725384e+01 1.680154281666001737e+01 2.624723220664222367e+01 2.289117487705960841e+01 1.242783525311224047e+01 2.288723779244966039e+01 2.411246255730862131e+01 1.521012086393607809e+01 2.587825163547586982e+01 2.981404068799709606e+01 2.774798358642141949e+01 3.437142075218638126e+01 2.832862501640457964e+01 3.541656205098404797e+01
2.267490228214079551e+01 3.260443512081242545e+01 3.175921599360687253e+01 2.149098369524336860e+01 2.627034689699815928e+01 2.481283240556794922e+01 1.733243783921679793e+01 2.041079876863601328e+01 2.385617789618785878e+01 2.905373240522815337e+01 3.955989774673797399e+01 4.554438184159031522e+01 3.784689184681111840e+01 2.817210176805803101e+01 3.492983722053529760e+01 3.896151184693042779e+01 4.239522407209847898e+01 4.646356131956599000e+01 3.991443021728940010e+01 3.605496694900914889e+01 3.264409987378721922e+01 2.372683592972546407e+01 1.379858381015803026e+01 1.072774337776010434e+01 1.679809302035544505e+01 2.432054665848461283e+01 2.090092660505754907e+01 1.166278514571646419e+01 1.898920275217003351e+01 2.928903488085572349e+01 2.587789695560635295e+01 1.704441904970870070e+01 1.927645435535811202e+01 2.161430914826048877e+01 2.420278658872757660e+01 3.437142075218638126e+01 3.541656211316189484e+01
2.753295738519303981e+01 3.143712853280635144e+01 2.592472409090667540e+01 2.166834873781438731e+01 1.606986984675742036e+01 1.461111292740011791e+01 2.481283240556794922e+01 3.082323338547884717e+01 3.430677470578320509e+01 3.864199499665838999e+01 4.388752055598371271e+01 4.445023656256806532e+01 3.959698016866170178e+01 3.492983722191012674e+01 2.520762549694574517e+01 3.492983712843357580e+01 3.273010355842700392e+01 4.239522407209847898e+01 4.075109843176305446e+01 3.065591161030852874e+01 2.368960764698221055e+01 1.876607667783615696e+01 2.039542603270557919e+01 1.039680486739430343e+01 1.992897057618391088e+01 1.963733641983206724e+01 1.061529275101707981e+01 2.089109677414499444e+01 1.899554495841766055e+01 2.943339042485395396e+01 2.933886152558696025e+01 1.876209812572674807e+01 2.933861386168502960e+01 3.197467039263584709e+01 3.437142075218554282e+01 3.843298615463974954e+01 4.516283490502807751e+01
2.738308626772105825e+01 2.422252494231625519e+01 1.700898638836383014e+01 1.178580941391010661e+01 1.289825154236550198e+01 1.289825154236550198e+01 2.293841627689021578e+01 2.410889040878848277e+01 3.151423894114784829e+01 4.217680671599577380e+01 4.722926891304525299e+01 3.756183231570575742e+01 3.072873776691089986e+01 2.582434095210095037e+01 2.325790930380621191e+01 2.582434081876449028e+01 3.524158810589595703e+01 3.534914343786824276e+01 3.901095362202137551e+01 3.770653351604599379e+01 3.267573722556837623e+01 2.858539806186475829e+01 2.445023756569501927e+01 1.977467027476185635e+01 9.925082030342972317e+00 9.582835111038344067e+00 1.394753468200906887e+01 2.447045812831935407e+01 2.944234645820352370e+01 3.366229438189571255e+01 3.346286335824600400e+01 2.504457227282911091e+01 2.144463563067266776e+01 3.181874595672908512e+01 3.018319844433552745e+01 3.467808444863333506e+01 4.033959947531254642e+01
1.794573288686481405e+01 1.839193154423137955e+01 1.022527414184448880e+01 1.998582818558345053e+01 1.988409030815065393e+01 2.293841579951697796e+01 1.575117851811032565e+01 2.604087722327773946e+01 3.370294004855811210e+01 3.813332540847900276e+01 4.346199055085205742e+01 4.239513493066068150e+01 3.273010341700260994e+01 3.120660727705308801e+01 2.128473553122043782e+01 2.128473553122043782e+01 2.920208760098561029e+01 2.560541188456947737e+01 3.253629557200358846e+01 4.213995889827884156e+01 3.356668522698053891e+01 2.411318595857422409e+01 1.789629930611397413e+01 1.809600956621811818e+01 9.582835111038344067e+00 1.862241944642921965e+01 2.369344246607634830e+01 2.249069097563751995e+01 2.997718534641166954e+01 4.019401984024938201e+01 3.927275608180033117e+01 3.520392031953831236e+01 3.181874595673118833e+01 2.419050670971522621e+01 3.436149192279531661e+01 4.141807596456647644e+01 4.847842433562465203e+01
1.683842352610183468e+01 8.690998300311727931e+00 1.839193154423245602e+01 2.422254851978833656e+01 3.022655015116544419e+01 3.042864780907145317e+01 2.296327900394648580e+01 1.954888690162873388e+01 2.318864181951468950e+01 2.839024946646835801e+01 3.901563063070351234e+01 4.646196314689582607e+01 4.239513493071725492e+01 3.524160978821237222e+01 3.120660727633244491e+01 2.428694947723614916e+01 1.912418694458336432e+01 2.736574418254062024e+01 3.143215123381299492e+01 3.789092716283460760e+01 3.750797350588029389e+01 3.195548828482538184e+01 2.244527068834631578e+01 1.123554545871821908e+01 9.273347681801636710e+00 1.288618782571737142e+01 2.394239098373359553e+01 2.689054794923427139e+01 3.676660893261158236e+01 3.593592153613562346e+01 3.980424519073217482e+01 4.448344334849617354e+01 3.842712749003884198e+01 3.436149192277786568e+01 2.738953993784763341e+01 3.737102196980256252e+01 4.355215164576296161e+01
7.183389997087655132e+00 1.682635513982010167e+01 2.144387930924517960e+01 2.477640727341943716e+01 2.882585937002020771e+01 3.312940259225392481e+01 3.347085658392252583e+01 2.688412892070935101e+01 2.803912406747837949e+01 3.813332540976541196e+01 4.346199067336760891e+01 4.652785557661061944e+01 4.739762313758880197e+01 3.848781838832320545e+01 3.207652453519117586e+01 3.041123799458014076e+01 2.613860167769511378e+01 1.716378288380546735e+01 2.442113051206010255e+01 3.195366529834463876e+01 2.711917438365400557e+01 3.150772953913254781e+01 2.504519143301865469e+01 1.818763310278677281e+01 8.971739623818370646e+00 1.503553651972898564e+01 1.671395316927032937e+01 2.674023037746264819e+01 3.081977349940045841e+01 2.636405162683272252e+01 3.124871028050649713e+01 3.792180169731278028e+01 4.714749063219522185e+01 4.000570266141867393e+01 3.014763008187134474e+01 3.377892750130647670e+01 4.071407749331893200e+01
6.617655722584537159e+00 9.120180505792587766e+00 1.158401584989167610e+01 1.437903297993575968e+01 1.882550784631018814e+01 2.609289736612800326e+01 3.610164527531987488e+01 3.747253873219774789e+01 3.864763675461215797e+01 4.309060817672818189e+01 4.256542345539409666e+01 3.639621820305985977e+01 4.353643203664903183e+01 4.235160238730406235e+01 3.620364785533937635e+01 2.637509308801971031e+01 1.586341914376802542e+01 1.586341914376802542e+01 2.447719246143361360e+01 2.595301884834009698e+01 1.674984418776588768e+01 2.360141994147615563e+01 2.400736579236786028e+01 1.404637492831971635e+01 8.688794512510851220e+00 1.128326232984622912e+01 2.276493684213914293e+01 3.020395631259694014e+01 2.104452264954067786e+01 2.621197429502595355e+01 3.012613953209323725e+01 3.444568757410203119e+01 3.990613891332903762e+01 4.000570279349165759e+01 3.014763008187134474e+01 3.394421858921312918e+01 4.085802419991028955e+01
6.068861791177277532e+00 1.223110611871124576e+01 1.859497809909123234e+01 2.477640727436152801e+01 2.882585950656868334e+01 3.312940259225471351e+01 3.553263249659524092e+01 3.553278777923939913e+01 3.976156288162293606e+01 4.256542345539409666e+01 3.235825054954773350e+01 2.909890520464166030e+01 3.843192198589579078e+01 3.835264278148979855e+01 2.749068269512503448e+01 2.147939932838575317e+01 2.311663718536781076e+01 2.447719246247673652e+01 1.422865989430672506e+01 2.181634898944869860e+01 1.159429722131963914e+01 2.127991594459403402e+01 2.769333333890929438e+01 1.849558270244741109e+01 8.437745082868266522e+00 1.752152435222203408e+01 1.944239146120535722e+01 2.344892548114517794e+01 2.361131162523564342e+01 1.648192914028834366e+01 2.080192287942054463e+01 2.653082035955853613e+01 3.604096266481776922e+01 4.108210815503118596e+01 4.000570195255649963e+01 4.000570279475556390e+01 4.085802419991028245e+01
1.519062989633927785e+01 5.286522258666335183e+00 1.521807948513232311e+01 2.265942911214730415e+01 2.787935069935804933e+01 3.247285240359570224e+01 2.518515712767660375e+01 2.518515844745407151e+01 3.553276691385138264e+01 3.700403776481569196e+01 3.402718320409107378e+01 2.392827189797402809e+01 3.079699039298570185e+01 4.101893288028185225e+01 3.627487979938943141e+01 3.182886264404993781e+01 3.224503354740007666e+01 2.856939083593280060e+01 2.286952508653352112e+01 1.264950411718655587e+01 1.159429722131963914e+01 2.038027403001352056e+01 1.941289004749688374e+01 1.820256271276094751e+01 8.216704819520577630e+00 1.323173741156703898e+01 1.041142025361879853e+01 1.945662863433008027e+01 1.416539329801568137e+01 2.361131495446680262e+01 2.059499957336642240e+01 2.393531955828166247e+01 2.769968541327613210e+01 3.327743284638646770e+01 4.258044605305971686e+01 4.971960161492241781e+01 5.052294328272630253e+01
1.359088418292432365e+01 4.723330006698782668e+00 8.114746534579790449e+00 1.311518289304303408e+01 2.349277029974716413e+01 2.821586249507217303e+01 1.786767620519854560e+01 2.821535484216176926e+01 3.462599816525685270e+01 2.676044114892467007e+01 2.375075343735182543e+01 2.050716798523161444e+01 3.079736174653469760e+01 3.303672975127238942e+01 3.304566788812265798e+01 3.724404067526712225e+01 3.662300415659765918e+01 2.633506248949638007e+01 1.913349702975592947e+01 2.286846359410861851e+01 2.038027467206187282e+01 1.026399030089739561e+01 9.470034980659903567e+00 1.087199817124188961e+01 8.013111665066931621e+00 8.947180186131143742e+00 1.806820417700305015e+01 1.203283016263360672e+01 2.122039661212177819e+01 2.726849383465243548e+01 3.038740347194545066e+01 3.361437031012836485e+01 3.720908353846729710e+01 4.108213942016545417e+01 4.646670955720304619e+01 4.447382900857248700e+01 4.447383136868585041e+01
3.924783329274972310e+00 1.372664651998715080e+01 1.824490944687611815e+01 2.265933893186961257e+01 2.787935069935803511e+01 2.494339813120355487e+01 1.470577659309822849e+01 2.009721297524301420e+01 3.039702777445814874e+01 2.676103974442395383e+01 1.651879363229403097e+01 2.352190431624405065e+01 2.745543506880684248e+01 2.279469488536794586e+01 2.279554437072239992e+01 3.304566788806319266e+01 3.658628498248583583e+01 3.319428084294621328e+01 2.896566200208485142e+01 2.754127455805556224e+01 1.741811993954300775e+01 2.038023493030283362e+01 1.907827589424055859e+01 8.447828790612096128e+00 7.815374790346435674e+00 1.634742780679555807e+01 2.164615004139574594e+01 2.121729952540661301e+01 1.479852908158298419e+01 1.751554037747742143e+01 2.727186151134193182e+01 3.601031404943500291e+01 4.073862903104098621e+01 4.360867233549159039e+01 4.066699932734292844e+01 3.440189935829096868e+01 3.440189935986824565e+01
3.353705453233995826e+00 7.712983264619301949e+00 1.348371122112950360e+01 2.379431744169664142e+01 2.906539694428333220e+01 2.165563284675452493e+01 1.194545842929210622e+01 1.897046654897950901e+01 2.927246486703257133e+01 3.099098447777580745e+01 2.352215802456633043e+01 1.336571791337160775e+01 2.036781673010138149e+01 1.560360244452926537e+01 2.579773578062906125e+01 3.375713667806905960e+01 2.674637474551736460e+01 3.370909598846068178e+01 3.196670996600025205e+01 3.164591000130432619e+01 2.754170788291887106e+01 2.727695064999129215e+01 1.774623420083765524e+01 1.294385024176162169e+01 7.538846937343469001e+00 1.105536256037678555e+01 2.056144126263799521e+01 2.825494446821759453e+01 2.147664564535632081e+01 2.147431703562899941e+01 2.241148900133716992e+01 2.736031229402868092e+01 3.689753746870191264e+01 3.348520241746824411e+01 3.051040473518897400e+01 2.712157955531821685e+01 3.348520241746824411e+01
1.250810643832844882e+01 1.744975004263967833e+01 2.203562475497087192e+01 2.803303965722568947e+01 2.452735517240057206e+01 1.091799352330728823e+01 9.799188252692864864e+00 1.667518408118392870e+01 2.690778069659497618e+01 3.372957031106747650e+01 2.351484156246538504e+01 2.069999485536913753e+01 1.067914549141739577e+01 2.070001647860716787e+01 2.915007237668926976e+01 2.962841772773386495e+01 1.983267174790509557e+01 2.397178096014057758e+01 2.217067892007739616e+01 3.196670996595901926e+01 3.188710218255996054e+01 2.339966329843911197e+01 2.119973554851738839e+01 1.516216656915240435e+01 7.282622183894154944e+00 1.677894979585151702e+01 2.285355726581972391e+01 2.821714321919959900e+01 3.122038369598258356e+01 2.712973537365695975e+01 3.212938261668469409e+01 3.601031506215922207e+01 4.073862903104098621e+01 3.348520241746824411e+01 2.314926655085362128e+01 2.314926655085362128e+01 3.051040473518897400e+01
1.134821116751618675e+01 1.549749918447008667e+01 1.878610746249836438e+01 2.291809893919468166e+01 2.526188792780574843e+01 1.534411068556627811e+01 7.814951621120664882e+00 1.766162618572817067e+01 2.569192138577395212e+01 3.200361015219697691e+01 2.191643166079492744e+01 1.478302199164879305e+01 9.190092221826049013e+00 1.478425674973153825e+01 2.493306357337590740e+01 2.788821561983566966e+01 2.397178096019658611e+01 1.417572592116016850e+01 1.997287004764355345e+01 2.405805317640348306e+01 3.036686855431888787e+01 2.348074619418654407e+01 1.430131749412620223e+01 1.015344875726336937e+01 7.010549473216656224e+00 9.519677165141938957e+00 1.235887147673098241e+01 2.029386018378495748e+01 3.186884864439062426e+01 3.664110829374874356e+01 4.043004969433304296e+01 3.826736158846203750e+01 3.487681869944653101e+01 3.067211691387224803e+01 2.314926655085362128e+01 2.784051630235020269e+01 3.348520241746824411e+01
1.505798426283823543e+00 1.134746527899260826e+01 8.700856214603364336e+00 1.837659367364092233e+01 1.826480127009227417e+01 1.567237503354581207e+01 6.041597128856334820e+00 1.158602129806579306e+01 2.154001027214619413e+01 2.517539754254214301e+01 2.290433836917581090e+01 1.760047520049807801e+01 7.859634117665750708e+00 1.759700795156938113e+01 2.213183341312563357e+01 1.614039720165784786e+01 1.857775577800938649e+01 1.655141462333033076e+01 1.029456286442797364e+01 1.997286928755867308e+01 2.675653385741784263e+01 1.803169738151443724e+01 1.274930748842350781e+01 1.498115181567094822e+01 6.696057223556958427e+00 1.102817069295364583e+01 1.991940005033256611e+01 2.029386017853669344e+01 3.186884298982137764e+01 3.704642764584504988e+01 3.285730508264746419e+01 2.803270077097039703e+01 2.803270077097040058e+01 2.028072508567454335e+01 3.067211691387224803e+01 3.767165071660168252e+01 3.510463950974278191e+01
