output/example/elevation_000312.asc
nrows	75
cellsize	13.33333333
xllcorner	0
ncols	75
yllcorner	0
NODATA_value	-9999
[rows 17 to 33 of 75, columns 0 to 36 of 75]
1.309999999999999880e-02 1.001309999999996236e+01 7.564754947361786996e+00 7.540367301737039618e+00 9.974901814618007734e+00 9.779318999705652882e-01 1.281645651415297849e+00 1.632257748847361745e+00 2.060021718562634607e+00 2.497349021360623311e+00 8.762153949128544284e+00 3.275621071921736682e+00 3.511344313580772702e+00 8.815404809459646884e+00 1.358633253572602229e+01 9.225530503650231751e+00 1.189948554733999053e+01 4.957676556040462756e+00 1.440163497267890413e+01 1.075840137336716573e+01 1.101990336609603638e+01 1.316025893293163662e+01 2.320071271590832751e+01 2.561496562520805753e+01 2.981730349191784057e+01 3.224534977753243226e+01 2.330993512185023775e+01 3.224534977753243226e+01 3.933379558034786783e+01 4.308828656810111823e+01 3.799098966645730968e+01 2.844769884114264613e+01 3.288988615064721444e+01 3.009105618708194640e+01 2.607905950202477285e+01 1.608603744194536489e+01 2.608216246079273404e+01
1.379999999999999977e-02 2.914717360337416019e-01 2.914717360337416019e-01 2.914717360337416019e-01 5.707883978951613368e-01 1.012354489947512448e+01 6.768760169530834148e+00 1.069247070558984447e+01 7.758046836797779733e+00 9.973429166941626178e+00 2.910720697643556232e+00 3.423772910795796598e+00 1.240362788136018857e+01 3.511344313580772702e+00 3.906957342915549969e+00 4.200669587288111018e+00 4.496360948684822390e+00 1.444188845228813278e+01 1.776860852665538459e+01 1.924115318948368270e+01 1.755784190499938902e+01 2.161958933512127956e+01 2.702768831186131138e+01 3.188182746226982189e+01 3.653276525384045925e+01 3.604903548658386825e+01 2.958987453261815759e+01 2.958987453261815759e+01 3.865623412835049066e+01 4.497633878483642889e+01 3.509756332371372878e+01 3.799098966645730968e+01 3.743976215448418543e+01 2.958364358930983329e+01 1.969912182144693347e+01 2.608596970846695129e+01 1.756694680533594877e+01
1.379999999999999977e-02 1.001379999999996251e+01 2.914717360337416019e-01 1.617386536969554811e+00 1.054188488946616253e+01 4.834443039085689620e+00 1.460106678382094181e+01 1.819261887189728100e+01 1.645150488005817735e+01 7.426542359123021519e+00 1.426626870404489900e+01 1.260575086904476372e+01 7.422352066054173747e+00 1.455474475455064010e+01 1.342870628378830844e+01 9.736144921061919533e+00 1.333479599577735009e+01 5.499406869712266221e+00 1.560355317463990232e+01 1.814584917644279471e+01 2.263349057560238009e+01 2.276003960096445056e+01 1.876881275359014367e+01 2.337792664865489201e+01 2.983591485446436664e+01 3.919744334766162552e+01 3.865623412835049066e+01 3.865623412835049066e+01 4.250819644055084012e+01 4.916891960283354024e+01 4.497633878483642889e+01 4.019653828169942500e+01 3.054863062449948075e+01 2.371002951882082499e+01 2.958364358930983329e+01 3.153898163704933921e+01 2.756745565108022689e+01
1.290000000000000001e-02 1.001289999999996283e+01 1.029159830062542014e+01 6.430754251496288987e+00 1.470615117763202839e+01 1.497309241269707591e+01 9.416340338537843024e+00 1.946852869354649584e+01 1.297700009601738458e+01 1.777064184166323102e+01 2.095795303857557101e+01 1.254430027908676060e+01 1.716345831359355856e+01 1.710435029180242239e+01 2.239110094565695874e+01 1.789097460587893451e+01 8.548471702965667163e+00 1.546014600583427345e+01 6.589998610359966591e+00 7.381853931188768314e+00 1.751316873367674631e+01 1.328288929791291650e+01 2.276011896847958127e+01 2.985107292295895220e+01 2.841367385119949063e+01 3.270934574441592702e+01 3.486961254619397721e+01 3.591388373690273284e+01 3.992740546690461656e+01 4.436536451569144646e+01 4.587379893349811510e+01 3.604049503677118338e+01 2.931436226346342977e+01 3.054863062449948075e+01 3.743515062905804314e+01 3.533952016740899893e+01 2.907700469937250531e+01
1.290000000000000001e-02 7.083837357773206556e+00 1.707572470205306914e+01 1.629049570074006681e+01 2.041151040463070743e+01 2.302800440732351106e+01 1.296053261551064395e+01 2.302800440732353948e+01 1.759841519226448270e+01 2.751920196984703892e+01 2.488017461344957582e+01 1.704128772467463193e+01 2.488017461344957582e+01 2.682550526179251804e+01 2.710684358562889074e+01 1.773002355242546102e+01 1.079625111300163454e+01 1.967199166924892140e+01 1.668533550322772285e+01 1.534534050638139568e+01 8.547642740518355708e+00 1.836432743975745296e+01 2.168893362269569636e+01 2.131698195205521884e+01 1.881245359126403116e+01 2.638673920244615800e+01 2.564147142865454043e+01 2.664292276290116845e+01 3.083511226758228219e+01 3.708608823315606884e+01 4.112619899294575987e+01 4.304545887050184660e+01 3.604049503677118338e+01 4.019653828169942500e+01 3.806848476471265030e+01 2.851511471481807192e+01 2.154220333332749604e+01
1.309999999999999880e-02 1.001305922708539953e+01 1.618420862754356548e+01 2.032046109602809025e+01 2.483367263888344212e+01 2.720992194153336641e+01 1.875367168994384670e+01 2.720992194157975064e+01 2.351798714021305514e+01 3.210547443367583753e+01 2.899663764634507146e+01 2.532911906069936592e+01 2.899663764634507146e+01 3.082309032196394227e+01 2.120782445918434078e+01 1.430169088985692483e+01 2.071613834563632750e+01 2.448466454542549897e+01 2.253755646005072677e+01 1.329043866351020320e+01 9.539193824404559763e+00 1.089200956733035852e+01 1.251047110257113104e+01 1.413508971933295832e+01 1.591816593970898808e+01 1.771540597977445586e+01 1.952527673468432567e+01 2.185439655713538798e+01 2.452576146098083854e+01 2.765935261719149096e+01 3.303705773249907196e+01 4.261716675775154073e+01 4.587379893349811510e+01 4.384594204264943329e+01 3.398340675723034110e+01 2.728751948701145125e+01 2.353899031774816919e+01
1.349999999999999985e-02 3.028613445803554960e+00 6.190891110483971005e+00 1.066303032572572818e+01 1.773479109854691771e+01 2.775126158739073645e+01 2.886685148349209129e+01 3.304387164269707000e+01 3.380626123302015884e+01 3.802996430065973499e+01 3.381071025819434794e+01 2.960985281022873039e+01 3.381071025819435505e+01 3.079576718807103219e+01 2.116512941869876485e+01 1.756022028155859616e+01 2.733477082643847567e+01 2.900929999294299932e+01 1.985714646896606794e+01 2.253775017367853195e+01 1.955326251500676094e+01 1.095224795656315564e+01 2.051581783150394855e+01 1.901886982012820937e+01 2.475232105720870734e+01 2.654417534627205555e+01 2.564146982205147296e+01 2.664292436655792429e+01 3.375304871221356251e+01 3.708608823315606884e+01 4.112619899294575987e+01 4.670688095411279761e+01 5.154102906883292690e+01 4.178209665767015224e+01 3.501411430612229481e+01 3.495053268061648311e+01 2.554575350454258498e+01
1.349999999999999985e-02 1.001348290353232962e+01 1.619331009488095674e+01 2.035474589867843065e+01 2.483367263954376369e+01 2.636868814342214762e+01 2.863826405368113370e+01 2.673653285873503549e+01 3.090802594588187802e+01 3.443134747978987065e+01 2.960985281022873039e+01 1.966803947729231439e+01 2.960985281022873039e+01 3.487192014242038596e+01 3.042289566072077278e+01 2.126766708692676033e+01 3.102128091004611221e+01 3.294189195412960203e+01 2.900929999294299932e+01 2.850212905603645552e+01 2.214939318838409932e+01 1.264617204913790971e+01 1.261063983704620739e+01 2.211233063579550873e+01 2.766548385486434469e+01 3.340742422478427187e+01 3.486929298023072477e+01 3.591392419906219402e+01 3.992904841038822639e+01 4.064497781172885027e+01 4.474834554192331382e+01 5.040649010563181065e+01 5.144368822326736534e+01 4.138161519287395151e+01 3.456355930500900087e+01 2.924005341545241876e+01 3.498391544047191104e+01
1.359999999999999924e-02 1.001359999999996298e+01 1.710335180889131479e+01 1.786322282258230842e+01 2.166119563735131948e+01 1.625014045454447142e+01 1.902546547651144948e+01 1.707359166661514394e+01 2.526014329182133977e+01 2.436526543018548097e+01 2.537064928483732018e+01 1.966803947729231439e+01 2.531122708782902464e+01 3.548188443291789440e+01 3.505195315793515221e+01 2.692886900194696054e+01 3.505195315793515221e+01 3.430239186207165147e+01 3.029733235420335546e+01 2.455002282501016708e+01 1.510945979227108360e+01 2.214939318849589256e+01 2.211233062802145355e+01 1.427664274337538330e+01 2.373380084064173801e+01 2.403928796568152393e+01 2.678321994743077639e+01 3.622276194628732782e+01 3.515317120325923383e+01 3.113288974051694069e+01 3.654692303364353734e+01 4.624302474469357804e+01 5.100838973326326453e+01 4.095447738333638910e+01 3.415518554699460196e+01 3.869080528895052140e+01 4.281504022945847510e+01
1.369999999999999864e-02 1.001362054953354175e+01 8.420315746483755248e+00 8.281421477199309322e+00 1.375545239979167178e+01 9.371414654837716185e+00 1.584237668980061287e+01 1.153600604002267893e+01 2.013106585309555641e+01 1.753323966488910557e+01 1.564716450396675107e+01 2.537064928483732018e+01 3.381071012486096805e+01 3.967448603590085554e+01 4.065503035636671569e+01 3.661154836227814968e+01 3.705405226761089921e+01 2.749880707372036071e+01 2.089295410025839317e+01 1.776995294015348392e+01 2.455002282501016708e+01 2.787659779940735305e+01 2.744930737967317569e+01 2.343167366575055155e+01 1.600743257607373238e+01 1.746667099230216280e+01 2.678327868035324499e+01 3.072601050426163738e+01 2.576174514826788808e+01 3.515317120325923383e+01 4.017588161772006572e+01 4.427523850661643223e+01 4.991953894799938496e+01 4.807697923159645370e+01 4.095447738319193576e+01 4.807697979271500088e+01 4.930305059678236290e+01
1.290000000000000001e-02 9.619108768877241422e-01 1.914638318064773026e+00 2.884078157888013916e+00 3.907034578847278450e+00 4.946434033305579625e+00 6.028713214032795698e+00 7.131719685432731382e+00 1.450758332626922531e+01 1.204507389131923389e+01 2.169551790639965105e+01 2.230597357857618590e+01 2.654702138645590637e+01 2.960538228147802187e+01 3.329551674937026462e+01 3.755722851886287117e+01 3.705363657159632140e+01 2.749880529066078694e+01 2.716341615218109595e+01 1.776995294015348392e+01 1.776995294015348392e+01 2.765300473696154882e+01 2.849844091018075076e+01 1.926472740553185403e+01 2.537753853549002514e+01 2.678327868035316328e+01 1.966005399431347911e+01 2.143310261631799207e+01 2.432261316004085572e+01 2.740654590474636620e+01 3.070625331424911764e+01 3.609388321776273045e+01 4.575199513085296843e+01 5.010579860418906861e+01 5.100838929648018905e+01 5.032522558627292142e+01 4.620976280586172891e+01
1.379999999999999977e-02 9.448623146858732724e+00 1.174467950420129547e+01 6.523384006567757964e+00 1.378099819827845884e+01 1.482041981092713812e+01 1.588937293964896647e+01 1.087034645045362780e+01 8.856920929598167902e+00 1.032539204472834982e+01 2.017948290192962446e+01 1.244586365021501528e+01 2.230597357858371055e+01 1.934746925831776920e+01 2.285824032642296899e+01 3.329551674937026462e+01 4.110528511449596323e+01 3.705360143405250994e+01 3.012222481075243152e+01 2.073464809496670824e+01 2.736824071369831302e+01 3.205031863678079418e+01 3.066782079414465301e+01 2.166119888114705461e+01 3.075512853666571900e+01 2.931037318516147394e+01 1.966005399431347911e+01 2.911290399140505869e+01 2.674250306932244925e+01 3.607842146090901991e+01 4.017588161772006572e+01 4.427523850661643223e+01 4.714394818353513728e+01 3.998928312678316388e+01 4.714394818353513728e+01 4.454490582407603227e+01 3.616654173525315485e+01
1.359999999999999924e-02 9.055956959980338894e+00 1.900530772902165921e+01 1.319845786921264796e+01 1.319845786921264796e+01 2.290934448555008629e+01 1.776032203098277762e+01 1.776032203098277762e+01 1.879128583780989104e+01 2.017948290192952499e+01 1.244586365021501528e+01 2.230596866342807516e+01 1.505364155155134220e+01 2.199509708873442548e+01 3.231560583788206031e+01 3.024381385197924388e+01 4.066297927258496259e+01 3.685826727553332205e+01 2.733211601441193039e+01 2.610597000023009784e+01 3.412392368122203123e+01 4.005875695010767856e+01 3.083720338377437997e+01 2.456295368472207130e+01 3.372950785978780175e+01 2.934287821042695299e+01 2.506182395692829701e+01 3.391233744969314046e+01 3.209008124539602846e+01 4.006519234085183001e+01 4.744020877806899250e+01 4.335223981831040874e+01 4.262534695149440012e+01 3.278367916562774553e+01 4.262534695149440012e+01 4.041130591230926683e+01 3.024756772096646884e+01
1.359999999999999924e-02 1.001359999999996298e+01 1.717044904056113808e+01 2.290934448554922653e+01 2.290934448555015024e+01 2.715658869715658952e+01 2.345869975139560282e+01 2.775923986283666878e+01 2.735951930916520425e+01 1.725241801769087147e+01 2.230596866342807516e+01 2.654678361197595748e+01 1.757958736264501454e+01 2.467807228628429428e+01 3.510137604656793542e+01 4.066297927258496259e+01 4.487064318574645227e+01 4.091573134803221024e+01 3.685826727553332205e+01 3.560861681903870846e+01 3.965549347753297837e+01 4.024229413147535439e+01 3.103230768417573060e+01 2.984943241467424002e+01 3.764507697981873946e+01 3.980183411740205202e+01 3.569619946805357102e+01 4.024989800593191092e+01 4.139096292642335584e+01 4.535818212631121327e+01 4.335223981831039453e+01 3.325418035127502492e+01 3.621183349234453175e+01 2.813836790165158774e+01 3.327744091037581597e+01 3.751449040322198414e+01 3.454326872385572500e+01
1.319999999999999993e-02 3.028313445777633284e+00 1.302831344574080674e+01 2.217044886474051779e+01 2.664258465048641966e+01 3.241608708438152320e+01 3.363388690495477817e+01 3.784675012847934994e+01 3.163004094697287627e+01 2.218260977711554816e+01 3.163004094697289048e+01 3.201424426111707078e+01 2.197308821566450732e+01 2.389871153264759229e+01 3.128092392851318948e+01 4.167569661721416452e+01 4.545092125147483841e+01 4.949721825216877846e+01 4.555025677176023891e+01 4.153819727814882157e+01 4.277592423456934512e+01 4.421340351845767458e+01 4.024386433551114095e+01 3.903438456150875169e+01 4.300599502034386035e+01 4.664906931440877713e+01 4.262528953256646957e+01 4.386700066339117399e+01 4.790177767988161150e+01 4.910704546969277828e+01 3.913942968932038013e+01 3.193150074568842811e+01 2.592369300573089674e+01 3.136207213232277269e+01 2.288089853269545060e+01 3.292869394110517334e+01 2.880343356712258895e+01
1.019999999999999900e-02 1.001019999999996202e+01 8.028313445777614632e+00 1.250044940077717825e+01 1.827395209267339382e+01 2.827395209106235896e+01 3.106681395521480837e+01 3.525153199461603748e+01 3.679701262552357122e+01 3.253642884121489232e+01 3.679701262552357122e+01 3.665843331155592466e+01 2.796652519290267236e+01 3.432544708546335244e+01 3.858035303955454509e+01 4.395906714133862181e+01 3.593092871233662322e+01 4.395906714133862181e+01 4.002931890524099146e+01 3.202677609717809304e+01 3.325947130082032999e+01 4.002931903857432161e+01 4.364430523237552961e+01 3.958067735290885025e+01 3.957578759578260730e+01 4.112605160520597281e+01 3.312049408650664617e+01 3.435032295813613246e+01 4.386700063417352879e+01 4.685901175274901931e+01 4.100739618619351035e+01 3.682359205615825459e+01 3.136207213232277269e+01 2.095766467790691578e+01 1.969499254735828941e+01 2.865155210135377573e+01 1.834446559333678195e+01
7.249999999999999500e-03 1.000724999999996356e+01 1.802831344559157500e+01 2.052103341375186929e+01 2.084456444856160928e+01 2.459229828473227286e+01 2.039917900694481645e+01 2.918808291619810191e+01 3.409415252704815202e+01 3.055386660757299566e+01 3.472663370958635909e+01 3.926063015681651791e+01 3.843087421020565841e+01 4.265546851944647955e+01 4.190493711424472423e+01 3.791038405862673244e+01 3.040616493452041524e+01 3.444179680303790292e+01 3.212135712347980387e+01 2.643150316222047280e+01 2.643150316222047280e+01 3.604677583227280024e+01 3.958067735290885025e+01 3.002312214952527469e+01 3.002302043065097337e+01 3.305612999009390762e+01 2.756557882786034241e+01 3.435032295805849145e+01 4.386700036749493137e+01 4.270479988230865587e+01 3.251707125846182578e+01 2.650840658533907757e+01 2.251891486461179426e+01 1.946873069296986003e+01 1.665107295227147688e+01 2.466956002439250284e+01 1.656427448303350758e+01
