output/example/elevation_000007.asc
nrows	75
cellsize	13.33333333
xllcorner	0
ncols	75
yllcorner	0
NODATA_value	-9999
[rows 17 to 33 of 75, columns 37 to 73 of 75]
2.748413783270280675e+01 1.751836627115655887e+01 2.416221397885405509e+01 2.416221397885405153e+01 2.798948923958970525e+01 2.385569450291611560e+01 1.540452565022971321e+01 1.787697548311409435e+01 2.780073445370745233e+01 3.504648269921857917e+01 3.711831366091910667e+01 3.711831366091910667e+01 4.715590873530512539e+01 4.852044114134464792e+01 4.350486391260044883e+01 3.510869837387696180e+01 4.350486391260044883e+01 3.776734498523251204e+01 2.960900197892391006e+01 2.023528217596941658e+01 2.803575179559734565e+01 2.142865924002572342e+01 3.098485915756539200e+01 3.852009792585450754e+01 3.699303003065055861e+01 2.876419126657061298e+01 3.608607247422433062e+01 2.679476480388736093e+01 2.127921408098715261e+01 3.117943638719326316e+01 3.773438160283462395e+01 4.061709573975935683e+01 4.220868884621911121e+01 3.803947976746927395e+01 3.117299756170157465e+01 3.565790480403641993e+01 4.277646207937365119e+01
3.162003234201858959e+01 2.416221280329784804e+01 1.417865081898604807e+01 2.309059107116370413e+01 2.244514279825428815e+01 1.394521983254746189e+01 2.385569450291611560e+01 2.780073445370745233e+01 2.174049932560771836e+01 2.504258305800201256e+01 2.950983203109191066e+01 3.529252736538241919e+01 4.530894655924662828e+01 4.435658239657615809e+01 3.433424646130527691e+01 2.933444005614653349e+01 3.486837058522547750e+01 3.902378243296231375e+01 3.373503148067187851e+01 2.803575179559734565e+01 1.891759792159680131e+01 2.803575179364975156e+01 3.512073737931060435e+01 3.840786341807923776e+01 3.302816665926533091e+01 2.332751694618517746e+01 2.979013880046991147e+01 3.035923393339452758e+01 2.127921408098715261e+01 2.362578498467330235e+01 3.358807102015040869e+01 4.120264078979852940e+01 4.530460069440920279e+01 4.540926946333625835e+01 4.122810239622763362e+01 3.544969063010448451e+01 4.258726433941811251e+01
2.915184339073245923e+01 1.918937113757957391e+01 1.214350977755064775e+01 1.780676512699717762e+01 1.254332397928922838e+01 2.244514279825428815e+01 2.202837147637295345e+01 3.198634956627141435e+01 2.748156262679516004e+01 3.504648269921857917e+01 3.919851197402147136e+01 4.368050556781197002e+01 4.946882622721222589e+01 4.852044114134464792e+01 4.195142916463188953e+01 3.193445667360398943e+01 2.487353405536232032e+01 3.133466310396887877e+01 3.548624777922176321e+01 2.710513410986788685e+01 1.799074015671880034e+01 2.710513380366830205e+01 3.630129418369235594e+01 2.844212316635600502e+01 2.844212323577519541e+01 1.942392835770180426e+01 1.996853639239380129e+01 2.050761371123245880e+01 3.035923393339452758e+01 3.358807102015040869e+01 2.751549571036634845e+01 3.128473927097169138e+01 3.700976812432577390e+01 4.641475730575061931e+01 4.977116575326353853e+01 4.129730833022006919e+01 4.258726433941811251e+01
2.249873537012160085e+01 1.897238593178322219e+01 1.019562988538793391e+01 1.117031623883807256e+01 2.153574408497016890e+01 1.953353880776502649e+01 2.947437664035307137e+01 3.613252753909443271e+01 3.749047856677253066e+01 4.164298530256736086e+01 4.472370301950889626e+01 4.581818538918651029e+01 4.994620180552882260e+01 4.159558985593112368e+01 3.743298708081456994e+01 3.902378243296231375e+01 3.133466310396887877e+01 2.137636097376012145e+01 2.818557209471721947e+01 2.613789525782884482e+01 1.696918263229911616e+01 2.605724701890863670e+01 2.636004927161454958e+01 2.766475450695685012e+01 1.863975324855960025e+01 2.844213177292844463e+01 2.484225962109733032e+01 2.945710991947302659e+01 2.743403312709737207e+01 3.742129339262184118e+01 3.456423138208911894e+01 3.565332646703883057e+01 4.523508715266692803e+01 5.075369006141779238e+01 5.605340862861702789e+01 5.172541634484231565e+01 5.274768612747757857e+01
1.778872300461809886e+01 8.992113153539833093e+00 1.897238272739232556e+01 2.077290464031473149e+01 2.745288609403607794e+01 2.947437664035307137e+01 3.361669018077502358e+01 3.968145490890790938e+01 4.383729756511029763e+01 4.179374529476255873e+01 3.471883729343269209e+01 3.581278900151195899e+01 4.159548985796954668e+01 3.582513219574855157e+01 2.746358341894176647e+01 3.374318121246356839e+01 3.117818741478798472e+01 2.818557209471721947e+01 1.826811494473413333e+01 1.888979808683906825e+01 1.590712830511400178e+01 1.640278806166671188e+01 2.636005843490760725e+01 1.782559055063833497e+01 2.766475517160229813e+01 3.257616594853094938e+01 3.450413871188897019e+01 3.746933211341244174e+01 3.742129339262184118e+01 4.157902330589223538e+01 4.452294016486190031e+01 4.561359420974794432e+01 4.975187593385160767e+01 5.444966711670047488e+01 5.027764402905940244e+01 5.362572532352665888e+01 5.780583804599580589e+01
7.856901362367743502e+00 1.778872240008470484e+01 2.223978726040716225e+01 2.547407163656530571e+01 2.960662367213429746e+01 3.567569190042356553e+01 3.153243264454206596e+01 2.970098168360270208e+01 3.680498535516152003e+01 3.266423407829647374e+01 2.767903823787190731e+01 3.764919461973956061e+01 3.743395468750671995e+01 2.746358433465019999e+01 2.176101399447995632e+01 2.380940125407138552e+01 2.123865991172325351e+01 2.827953764476628606e+01 2.472844491260721966e+01 1.528673819661964295e+01 2.530887741171999394e+01 2.636005563558202880e+01 1.711528714275979368e+01 2.701097453479685839e+01 1.906308488436720694e+01 2.886835148125226524e+01 3.547362827724974466e+01 4.542775600275615488e+01 4.178099847942775824e+01 4.103227150276773472e+01 4.103227150276773472e+01 5.106695799809066472e+01 5.034763567825027764e+01 4.618005134873520490e+01 4.024200034450387164e+01 4.358148144012491088e+01 4.859365889310202391e+01
1.778872444848232703e+01 8.194706227717938773e+00 1.811308855876990265e+01 1.552702314383587456e+01 2.547407346497012171e+01 3.153243264454206596e+01 2.159489181986907269e+01 3.153243264454206596e+01 2.876670272572765086e+01 2.272728355082175611e+01 3.266423407829647374e+01 3.761718186841707734e+01 3.346465816229294887e+01 3.374319759727256951e+01 2.380940129374918612e+01 1.676913861266424632e+01 1.415097970902806956e+01 2.414987987477560338e+01 1.470492073374145647e+01 2.466840573030503592e+01 2.706101613338565315e+01 1.711528714275979368e+01 2.692404344279097828e+01 2.973434592908155594e+01 1.990903185495758621e+01 2.552324793866783281e+01 3.511019298455044435e+01 3.885213084721425503e+01 3.176416677521332232e+01 3.101695449379401026e+01 4.103227150276773472e+01 4.679677842485660477e+01 4.263429248136824157e+01 3.615214614770905399e+01 4.618005134873520490e+01 5.362572532352665888e+01 5.780583804599580589e+01
2.223744115131625065e+01 1.811157087820044964e+01 8.443984656513679354e+00 1.844044753525997038e+01 2.289596463262931891e+01 2.333812584757764697e+01 1.808938730027461972e+01 2.536258403797879168e+01 1.884185837102449312e+01 2.876670272572765086e+01 3.680498560631178862e+01 3.186155896036308022e+01 2.352105058320124797e+01 3.186155894967647129e+01 3.085105010498326550e+01 2.671894285419883275e+01 2.363102419008065525e+01 1.415097970902806956e+01 2.414987987477560338e+01 2.885729875503909625e+01 3.145097410277267258e+01 2.351690770699218191e+01 3.124750293332255424e+01 3.389015265578395031e+01 2.681322393446285801e+01 2.111757637084456007e+01 3.099879447802246091e+01 3.324849850234551951e+01 2.470885230904497121e+01 3.469802885537134074e+01 4.038843569038120052e+01 4.016676617427489759e+01 3.261163247586196690e+01 4.263429248136824157e+01 4.946356190285977306e+01 5.280985253933307888e+01 5.698156816574550732e+01
2.548119203350371720e+01 1.552757646680122861e+01 1.835364112316334229e+01 8.724143467666031881e+00 1.877038482575817469e+01 1.340491205702213406e+01 2.229944777232720909e+01 1.543670722355110669e+01 2.536258403811772411e+01 3.288541418416158990e+01 3.476423687352489367e+01 2.480890304899278576e+01 1.778244372640707383e+01 2.275289914922867496e+01 2.275289912145426285e+01 2.311544162037552042e+01 1.366848824307214016e+01 2.363102419008065525e+01 1.544339426901976964e+01 2.543773618757013821e+01 3.086382144709945763e+01 3.547617227491987535e+01 3.901246896767437278e+01 4.093631478500559240e+01 3.497193866042128008e+01 3.045018027716453091e+01 2.236286738302502641e+01 2.328349359470746549e+01 3.324849850234551951e+01 2.623044179252164554e+01 3.623244111618427610e+01 3.014930952054947610e+01 4.016676617427489759e+01 3.653963205165180739e+01 3.943157076330071220e+01 4.277098062991317562e+01 4.778209534116689383e+01
2.961949577375168019e+01 2.547740286299891466e+01 2.207822508223700453e+01 1.213735596122273641e+01 9.020794954894849838e+00 1.910258924317354001e+01 1.237597349986096518e+01 2.229944777247003529e+01 2.949230800244980344e+01 3.634026668373441282e+01 3.341885403843071600e+01 2.928016169398764745e+01 2.275289914716689665e+01 1.284320589462020656e+01 1.284320589462020656e+01 1.318848721077473840e+01 2.311544162042370942e+01 2.776101037309011588e+01 2.543773618757013821e+01 1.680733725959861147e+01 2.608888855852156397e+01 3.141716112731369748e+01 3.055457083788476425e+01 3.984228941402341917e+01 3.856307730250384935e+01 2.861874976949684424e+01 3.229828850398146045e+01 2.613674853882623594e+01 3.613464163858210298e+01 3.623244111618427610e+01 2.779567420733016903e+01 3.780552701989904563e+01 4.176358656255072077e+01 4.592668060381740247e+01 4.946356190285977306e+01 5.280985253933307888e+01 5.698156816574550732e+01
3.356821430843157827e+01 2.361669415874679956e+01 1.788974383583150285e+01 2.208789687267570656e+01 1.413618293593485831e+01 9.398518695624632713e+00 1.943483387197911583e+01 2.389077208075834946e+01 2.637655235936659892e+01 2.637655236647907131e+01 2.928016169450114248e+01 1.933899905088594195e+01 2.225069817600369859e+01 1.284320589462020656e+01 1.284320589462020656e+01 1.574694808523218015e+01 2.569148496863775932e+01 3.454336775925655445e+01 2.673294840764641478e+01 2.673294840764641478e+01 1.819414765166687431e+01 2.164003907931507342e+01 2.723051284934134486e+01 3.713622907342515589e+01 4.272631290959166250e+01 3.566511664988407659e+01 3.967474346149307252e+01 2.966182344120830550e+01 3.613464163858210298e+01 4.196332478721316050e+01 3.780552701989904563e+01 3.000090450911277529e+01 3.174127579742124183e+01 4.176358656255072077e+01 4.695392567699786923e+01 4.963890187079329763e+01 5.382125808633809783e+01
3.770808640777788412e+01 3.195529961154574039e+01 2.782270147116501846e+01 2.224383210170325142e+01 2.355830375036196855e+01 1.943483388247409493e+01 9.802363221666412940e+00 1.976727491332835029e+01 1.645041624191667751e+01 2.637655236589693786e+01 2.588074672702773782e+01 2.175366524288644854e+01 1.235521252388586610e+01 2.225069817600369859e+01 2.275289912195982112e+01 2.272511951439729572e+01 2.041591179856649418e+01 3.039627178568943933e+01 3.668150844741472838e+01 2.903062400498465934e+01 1.919138218075768521e+01 2.903062400498465934e+01 3.555100649826758996e+01 4.129129799764033493e+01 4.567008622662572037e+01 4.563536031614943766e+01 4.383193626939974763e+01 3.466336217878257031e+01 4.383193626939974763e+01 5.031990151110924359e+01 4.380748579281760868e+01 3.378273884368427815e+01 4.176358656255072077e+01 3.441675470382413948e+01 3.692099323406477396e+01 3.959869953622430216e+01 4.538479240872578657e+01
3.453442296082483409e+01 3.872332134028820860e+01 3.633308310274602348e+01 3.218999743636775435e+01 2.397552848627011457e+01 1.407261743338100146e+01 1.744314859612415702e+01 1.018447765375415237e+01 2.009871265887253600e+01 2.455566997024150666e+01 2.125897543708470039e+01 1.186143991007667076e+01 2.175366524288644854e+01 1.762490307060367556e+01 2.756264430332823778e+01 3.268931861832732011e+01 2.746762058221820624e+01 2.746762058221820624e+01 3.746666124056994107e+01 3.002146564068045365e+01 2.017484259170932859e+01 3.002146564068045365e+01 3.147406748479017224e+01 3.147406748479017224e+01 3.971699607436683976e+01 4.473995508075039140e+01 4.884639594708031041e+01 4.468612474420354630e+01 4.884639594708031041e+01 5.000844032984613818e+01 4.797109243649308041e+01 4.086729968016138059e+01 4.380748579282791155e+01 4.150253136629337547e+01 3.913924996180643490e+01 4.917551320305163642e+01 4.460864199455820511e+01
2.456064389213673493e+01 3.453442296082483409e+01 3.633001439364248597e+01 2.635972186322666388e+01 1.935628350100602901e+01 2.105457907890739477e+01 2.371374563834889670e+01 2.009871266029322356e+01 1.052858264293525714e+01 2.043130753396061294e+01 1.136407502249322299e+01 2.125897543708576976e+01 1.992938167316666309e+01 2.756264430332823778e+01 2.464784148267705888e+01 3.459960080458766640e+01 3.746666124056994107e+01 3.746666124056994107e+01 4.161911493629488490e+01 3.417087075204013757e+01 2.709829157848039927e+01 2.158157951776007977e+01 2.158157951776007977e+01 2.556610298938351988e+01 3.053288158060699331e+01 4.056703856002631881e+01 4.406582040058644623e+01 3.986006186110706295e+01 3.986006186110706295e+01 3.986006186110706295e+01 4.859863902668855928e+01 5.090572298214200231e+01 5.385279619649483607e+01 5.154660812882184473e+01 4.292620930109542599e+01 5.297274785201843628e+01 4.909367963764658072e+01
2.748189614729902885e+01 2.861462478844282487e+01 3.862848814240985718e+01 3.342243407723658777e+01 2.506954619541661344e+01 3.097646542300691763e+01 2.487388986074986974e+01 1.494622487368655683e+01 2.043130753679151113e+01 1.086549096633307521e+01 2.067363516292378023e+01 2.529047451425102011e+01 2.987079627428249751e+01 3.401046258583447468e+01 3.459960080458766640e+01 3.874834178414479879e+01 3.711030624726743810e+01 4.064594966906686579e+01 4.481172960287793927e+01 4.124344992559984036e+01 3.563198497508913931e+01 3.147406735145683854e+01 2.158157951776007977e+01 3.147406748479017224e+01 3.729004863212892928e+01 4.473995508075039140e+01 3.986006186110706295e+01 2.978265213805752509e+01 2.978265213805752509e+01 3.426460790380646415e+01 4.009157132100842347e+01 4.727233537205463421e+01 5.745366879018964568e+01 5.714982123058342012e+01 4.871654319027259561e+01 5.714982123114077694e+01 5.490867296161107447e+01
1.868027544857346101e+01 2.569033953793235625e+01 3.567447394398937632e+01 3.918507545638809120e+01 3.503147546124366585e+01 3.018949095123501536e+01 2.024491206176916691e+01 2.484327895238176254e+01 2.428358993263575272e+01 2.076511777944171655e+01 1.132353745601886708e+01 1.830901819649328033e+01 2.824201463548135038e+01 3.438748923727251849e+01 3.024372284200044092e+01 3.265050517536619878e+01 2.713788788436986366e+01 3.064563991141889332e+01 3.770822688049972982e+01 4.773823986771813566e+01 3.855131416929243215e+01 2.854257592380930930e+01 3.147406748479017224e+01 2.317499391991970370e+01 3.312350457954939742e+01 3.614909881346503795e+01 3.765196328493703248e+01 2.978265213805752509e+01 2.978265213805752509e+01 3.986006186110706295e+01 4.515780268386334484e+01 4.791068223349177657e+01 5.149203969619379961e+01 5.576468957160633977e+01 5.878683154366929386e+01 6.296792245114346542e+01 6.514858772037965196e+01
2.417184871093670395e+01 3.016890387136471929e+01 3.098659788574100915e+01 4.102305520026222752e+01 3.725069853077702220e+01 2.726464332275311619e+01 3.018949095123501536e+01 3.165678171938549212e+01 2.389707377331621529e+01 1.416898803094415449e+01 1.164773346573456081e+01 2.153961801995852809e+01 2.508248460251028078e+01 2.710997346135139097e+01 2.033393718300743558e+01 2.272708739702863312e+01 2.843209559254581364e+01 3.841295982906655837e+01 3.880460382053058765e+01 4.883899913504536272e+01 4.272139429303562963e+01 3.855131416929243215e+01 3.729004863212892928e+01 3.018424556377098966e+01 2.486025862421456978e+01 2.613111157751680480e+01 2.760875602709845467e+01 3.765196328493703248e+01 3.986006186110706295e+01 3.261140020543010820e+01 3.497569506936022066e+01 3.766641810747264429e+01 4.124686580414460479e+01 4.635067940970659350e+01 5.361450168674588923e+01 6.397015491374114049e+01 7.089820711934343933e+01
