output/example/elevation_average_000096.asc
nrows	75
cellsize	133.333333333
xllcorner	0
ncols	75
yllcorner	0
NODATA_value	-9999
[rows 34 to 50 of 75, columns 0 to 36 of 75]
3.337042190676853259e-01 3.203950579626103234e+01 6.560673034883407695e+01 1.153543114338486077e+02 2.129216105691047289e+02 2.489086264603557765e+02 1.692286060797557070e+02 1.915443187120610276e+02 2.703758311814679587e+02 2.394582169051762435e+02 2.395993066395130029e+02 1.690021550007281803e+02 1.929899399635574184e+02 2.186661621018955088e+02 2.865033853920505180e+02 3.822205873440416894e+02 3.910292736648353866e+02 3.953744652334697207e+02 3.099406089919107217e+02 2.491293360169809716e+02 2.116589022191905087e+02 2.724811937376907167e+02 3.108293920669946147e+02 2.724483385072608144e+02 3.555845781895134792e+02 3.101219391291923557e+02 2.251154488791077029e+02 3.169310596703915053e+02 3.508843710597964218e+02 2.573159251031665917e+02 1.996903016942585793e+02 1.574472165425442824e+02 2.536955743636565330e+02 2.493952504585721215e+02 1.519643085629630832e+02 2.413274342560874857e+02 2.018791139880284504e+02
7.136489310454718904e-02 9.903445118194697727e+01 1.634698384987394206e+02 2.039942085292582590e+02 2.522345608274209496e+02 3.023446838086564981e+02 2.654850352751748233e+02 2.883856947363980225e+02 3.279897021462634257e+02 3.358119664286441548e+02 2.662335248669414796e+02 2.661201363680611394e+02 2.247041216578307399e+02 3.151470530016401312e+02 2.684291341798233930e+02 3.311611898161191903e+02 4.189644293783325679e+02 4.331717075666249457e+02 3.826562268861560483e+02 3.404361405006293921e+02 2.705116882762461614e+02 3.332750226028583143e+02 3.424740613348091074e+02 3.530162124463522559e+02 3.932500442127573592e+02 3.350237310120722896e+02 2.505016900559473640e+02 3.430946378999030912e+02 3.873130419339905188e+02 2.984609882092840962e+02 2.711541340273712990e+02 1.768198146180300228e+02 2.720761565291671218e+02 2.614520963474249129e+02 1.641397590153491706e+02 2.614524092125507764e+02 2.988676949688625655e+02
9.059049790830050464e-01 7.093592836327954387e+01 1.690447939399290647e+02 2.193264776776452720e+02 2.171696021274812836e+02 3.130634677424701522e+02 2.975182273492917489e+02 2.593913108048075742e+02 2.802261280613869872e+02 3.196659748735643802e+02 3.622870525162481954e+02 3.605819628191308652e+02 3.168898571696051931e+02 3.036553787084410487e+02 3.644428554169598442e+02 3.459657752234010104e+02 4.407398312256898407e+02 4.217981834430204913e+02 3.816416685370447226e+02 3.847923635721995197e+02 3.583617763374298875e+02 3.880161973029729552e+02 4.376713107436975747e+02 4.055242769945969030e+02 3.238795373172858945e+02 2.754030798300395304e+02 3.340260184790799940e+02 3.767816906822570786e+02 4.194061397758574685e+02 3.511499935154773766e+02 2.616855654509029137e+02 1.985502820260587669e+02 2.907793882838372497e+02 2.749145202503674454e+02 1.826677025655359898e+02 1.880174259157343215e+02 2.851718179124687254e+02
3.236511337782697062e-01 9.928686805054890385e+01 1.677577028042595657e+02 1.216986564613710442e+02 1.922272132034167953e+02 2.884258415260103448e+02 2.418329049654324763e+02 1.622741112064249478e+02 1.831987793970581606e+02 2.491572045492556811e+02 2.894181582478749419e+02 3.185210907346689169e+02 3.538880870090559370e+02 3.993147261631761467e+02 4.383238923964542550e+02 4.411343288488261010e+02 4.141067457583434361e+02 3.675278628030578716e+02 2.876287282788542257e+02 3.081418476284490566e+02 3.796467886355832206e+02 4.677781554834586473e+02 4.909798082249195659e+02 4.508580898640166197e+02 4.044911251938777355e+02 3.326119636378959967e+02 3.468551139880293590e+02 4.347953686222166994e+02 4.166175903152508795e+02 3.308710203669337488e+02 3.110729500987270058e+02 2.223813344866429418e+02 3.100974560135593947e+02 2.971742849888328237e+02 2.020764518005290711e+02 2.851827442038375011e+02 2.128928129743249826e+02
7.051176975622763798e-01 9.966263673153203229e+01 6.957528726343771552e+01 1.677310610584146957e+02 2.578944543256112070e+02 2.659524045415852243e+02 2.017534219465440515e+02 1.042088954759750834e+02 1.786394835858095291e+02 1.522965563548552552e+02 2.473034962428319830e+02 2.225043435512037320e+02 3.000935616763763960e+02 3.464780729765609522e+02 3.566141416511435978e+02 3.958571673716315331e+02 3.439534339260493425e+02 2.800892810819933629e+02 2.316734032356009152e+02 3.278437771945373242e+02 3.753473126176141363e+02 3.990832567130698862e+02 4.021039342897720985e+02 4.655099290353962829e+02 4.486761867095690945e+02 4.024800516622809710e+02 4.397120645811196482e+02 4.299808002263428079e+02 3.883950875332237160e+02 3.388036382909610893e+02 2.516935002401897066e+02 3.159345497377929632e+02 3.449195759898566962e+02 2.860147607125604736e+02 2.230805549807073760e+02 3.187053298139247204e+02 3.097977845059514834e+02
2.762602726440547274e-01 2.769049552943276282e+01 1.263598428720802929e+02 2.066789382847370007e+02 2.050912223634592806e+02 1.969948886466263502e+02 1.294882160660678494e+02 7.123730979097635441e+01 8.056556563182407160e+01 1.756835120392076988e+02 2.006314220306263110e+02 1.631330839844595459e+02 2.594547941544525429e+02 2.503566823820873708e+02 2.603944012008652180e+02 3.227449551929212248e+02 2.831981799068528858e+02 2.077214536057279020e+02 3.044879403400356068e+02 2.597944840807042510e+02 2.805165049867634934e+02 3.052542743519086343e+02 3.344437203590712215e+02 3.901592616123444941e+02 4.661420658411976206e+02 4.722139159504815211e+02 4.258039292573091075e+02 3.716776517729629745e+02 3.170118995581894978e+02 2.775301597811998136e+02 3.150438410634099000e+02 3.779573774573802325e+02 4.123920369366992418e+02 3.405278846259566876e+02 2.464173637073339194e+02 3.415201576898974167e+02 3.359695774627257379e+02
1.850613594792993588e-03 8.501802173887968550e+00 1.072985840559290693e+02 1.275696905926865270e+02 1.080671083660269858e+02 1.445721937456706314e+02 5.857484408564934597e+01 1.566408800821173770e+02 1.786426435042370997e+02 9.417662715809849772e+01 1.040556140487294812e+02 2.004141470396922102e+02 2.267641612587617033e+02 1.810136511638993113e+02 2.505486681234670243e+02 2.629857574078411631e+02 1.861986363444165988e+02 2.831437146102600764e+02 2.850861775251070753e+02 3.557418547694484232e+02 3.505363577976642659e+02 3.580442634879423736e+02 4.291139024773634674e+02 4.051879501146561893e+02 4.941720143409727370e+02 4.981854644196113782e+02 4.673994274951623424e+02 4.402431978437038538e+02 3.990501212587165583e+02 3.146428143606619301e+02 3.955778398464388488e+02 4.350612166283698343e+02 4.425867396522739341e+02 3.650144289326320290e+02 2.739736361237521010e+02 3.662534336371003292e+02 4.315534760088357871e+02
5.933543570421615510e-01 9.955044945536897671e+01 2.049936620381836860e+01 2.898971356324873838e+01 3.753142798962694826e+01 4.615926105805900903e+01 1.160800262402215850e+02 1.970744285835184826e+02 2.320131442817577181e+02 1.447412536896264612e+02 2.018786290742103233e+02 1.186766828429785505e+02 1.293135775247271795e+02 1.409501376523981548e+02 1.532467798588322125e+02 1.658163419954592825e+02 2.630320758834151889e+02 3.227650867904235383e+02 3.809594990443336542e+02 4.156917516772867884e+02 4.435231242877927684e+02 4.531217821201469746e+02 4.918575661461355821e+02 4.996779424480544662e+02 5.383229049785594498e+02 5.133563992127245683e+02 4.454709030533642817e+02 4.042041067140713153e+02 3.627560401716470437e+02 3.706977713432475525e+02 4.383065014374791417e+02 4.664056281225454086e+02 3.760231963890632301e+02 3.265607191968726966e+02 3.287897479166309154e+02 3.382474038314757649e+02 4.277566852676405915e+02
5.242591108685094037e-01 9.927080642664397203e+01 1.191588648637789447e+02 1.275728546180810383e+02 1.360424999073873096e+02 1.445897599135848282e+02 1.848366898749453071e+02 2.537027187758449429e+02 2.804031276617345156e+02 2.140095036228272818e+02 2.561321649425399301e+02 1.764444262019277119e+02 1.565481536406429086e+02 2.383664596750034264e+02 2.503285185680237817e+02 2.629615591603035796e+02 2.073956164462142056e+02 2.628572169043372355e+02 3.305583169361632940e+02 4.259897808502936982e+02 4.728755487628754395e+02 4.815159935049303499e+02 5.142651738231944591e+02 4.956229796653914264e+02 5.341075978635852834e+02 5.368662539963449944e+02 5.095706959058537677e+02 4.755812861231912620e+02 4.331760395406858493e+02 4.378302752652375034e+02 4.756390322444206618e+02 4.954348670604201175e+02 4.410131675040835262e+02 3.826052218910500642e+02 3.894125324684593465e+02 3.892477827110982389e+02 4.664557179742059816e+02
2.245761403057450201e-01 9.918621314054195182e+01 1.401793447263905250e+02 1.620919492554754697e+02 1.857500766832667125e+02 2.116935536739895838e+02 2.407918904613324287e+02 2.748455357803245533e+02 3.119979542880112717e+02 3.083136261176998119e+02 3.123418818202913485e+02 2.728746541461337074e+02 2.022985511073224814e+02 2.084849089303685901e+02 3.052516907311032242e+02 3.435812835077939553e+02 2.761548237186814845e+02 2.764276464233376487e+02 3.720628936466672485e+02 4.455580990914483550e+02 3.815201748537706408e+02 3.875265710286100216e+02 4.602443621953783577e+02 4.012333061355087693e+02 4.730386188775231062e+02 5.214683967908525801e+02 5.097814955401786392e+02 4.831992133344743934e+02 4.330858248211010277e+02 4.518731740036791962e+02 4.734933455712458112e+02 4.451854444359802869e+02 4.904214439130283267e+02 4.767100182557982748e+02 4.794165283300947635e+02 4.672314917364434450e+02 5.076364748783565801e+02
6.918070203250719086e-01 2.103724890521499802e+01 4.175939062504555466e+01 6.389051945616382255e+01 8.780069982365441206e+01 1.140401353513268674e+02 1.435191793656696291e+02 1.778969316433760071e+02 2.340637504392905441e+02 3.025044498647170030e+02 3.982435099839757981e+02 3.382602965662179031e+02 2.608539427571305964e+02 2.772297240044845807e+02 2.872182413802552787e+02 3.829603989830050068e+02 3.721488303762619694e+02 3.724638648266493419e+02 4.116339712164156595e+02 3.983480938787917012e+02 3.124929624548053084e+02 3.266458836710052651e+02 4.015094998786432257e+02 3.490081844256253021e+02 3.997212791199729054e+02 4.908103138929016609e+02 4.625806446627154855e+02 4.084499324320906339e+02 3.556339420827715117e+02 4.166714009167098993e+02 4.151777967731424610e+02 3.653898831228501081e+02 4.453968938374893582e+02 4.916721042314065926e+02 5.072579826966057794e+02 4.650830468509641378e+02 5.069268011609722748e+02
7.517111381045206153e-01 9.971066304829545857e+01 1.401904600050436898e+02 1.620894912091862068e+02 1.857520493772535985e+02 2.117106795502184582e+02 2.408583518176346843e+02 2.748813347751708420e+02 3.145793428255672097e+02 3.646369963520158990e+02 4.031822592273423425e+02 3.905710928450592974e+02 3.547939462428099091e+02 3.730546958433420741e+02 3.831353953159270986e+02 3.811741402995688190e+02 3.424278428647122610e+02 3.674584799616960140e+02 3.747555782484088240e+02 3.355473016347382895e+02 2.631959296581814556e+02 2.839111774433389996e+02 3.061575501600156599e+02 4.016360044958479421e+02 4.775033700450730976e+02 4.654854154847982386e+02 4.236676088834229859e+02 3.546042197133154446e+02 3.190497696764436455e+02 3.612790759163208918e+02 3.907845342034518126e+02 3.215581089437128526e+02 3.658785887990510446e+02 4.506725553533508446e+02 4.626206524923337042e+02 3.762258932844893593e+02 4.628232535132015641e+02
8.558244295687547076e-01 9.981286292923469716e+01 1.385336998862005373e+02 1.593127112894177344e+02 1.815561454005287203e+02 2.056753978190634484e+02 2.323051010109449805e+02 2.624744590361742098e+02 2.982687514395085486e+02 2.686141110298157741e+02 3.612421482864430686e+02 3.480365339730107053e+02 3.132740476045990476e+02 3.532463098107218684e+02 3.638564851476855893e+02 3.260374099836759001e+02 2.461839417940815338e+02 2.714617498004988079e+02 3.135971594284606567e+02 2.392412829465435493e+02 3.355471974797725920e+02 3.796158261056550032e+02 3.991099304506261660e+02 4.088638658279439824e+02 4.300728449181389692e+02 3.796937897569349616e+02 4.342681228760434919e+02 4.084751107526398641e+02 3.541482056058600278e+02 2.759534305557972971e+02 3.567489760813548969e+02 2.833869488296961663e+02 3.694255716713880702e+02 4.221945048853755225e+02 3.889476623140421907e+02 3.304635317059272666e+02 3.751441926276947925e+02
8.802730031229742957e-01 2.033397516361051771e+01 4.010586456621929585e+01 6.108976366934943769e+01 8.355865862470996319e+01 1.079637148812505671e+02 1.348727477606156810e+02 1.653719980418651687e+02 2.015756384728752835e+02 2.978167490670948041e+02 3.284039678052138811e+02 3.043119480553866083e+02 2.196721289631471734e+02 3.037731670054889150e+02 2.678190248947550458e+02 2.685784290567586368e+02 1.896367433186843243e+02 2.030541658975364783e+02 2.171158718353021868e+02 3.120229081477921227e+02 3.487546861077268545e+02 4.095530925046325024e+02 4.005178628834796086e+02 4.188924783191353072e+02 3.796363712007767504e+02 3.349151387807459059e+02 3.891670193260409292e+02 3.320429455259474594e+02 3.308529131699293089e+02 2.431784150824208268e+02 3.293781029027948080e+02 2.496457337048996976e+02 3.312408291648816885e+02 3.565471054986172703e+02 2.929992377532344676e+02 3.889515445750442382e+02 4.630797597207596823e+02
1.825126015476009611e-01 9.912884832978558336e+01 1.385498534852373211e+02 1.593138982735393370e+02 1.815555161841553797e+02 2.049447393701621536e+02 2.322973397267336679e+02 2.609218304923178380e+02 2.883612978202401678e+02 2.520568854849692570e+02 2.354459871863741682e+02 2.638064335978277768e+02 1.687336453963774545e+02 2.359524653765317055e+02 2.513252468178731078e+02 1.714869307882263172e+02 2.685815800042693127e+02 2.727037175694117650e+02 2.847817739175195584e+02 2.879308252607508507e+02 3.799591786582973896e+02 3.751575740659683333e+02 3.333313893990820134e+02 3.958646442124667146e+02 3.626016630076931051e+02 2.915888959887334408e+02 3.552846065084490874e+02 2.759346618354053362e+02 3.027945620771309336e+02 2.114039044276729271e+02 2.948363252088419699e+02 2.198934762475587661e+02 2.394245569115607566e+02 2.602941219917110516e+02 3.566075462317159577e+02 3.787638955543906150e+02 4.033737538537189380e+02
2.234715563764334556e-01 9.828397370930294130e+01 1.673819100769655677e+02 1.277563598861150496e+02 1.360907994315557232e+02 1.763865034990453466e+02 2.455175342024269582e+02 2.902902568259869440e+02 2.353585361914352063e+02 1.564098990817820152e+02 1.652556082086425704e+02 2.148524486919795038e+02 1.317715188684694567e+02 1.426081178698410952e+02 1.541371601626006225e+02 2.514269260964218233e+02 3.081835712882509597e+02 3.679778195893909469e+02 3.805538112270533588e+02 3.809804913770563530e+02 4.228494292510922037e+02 3.597145630421806572e+02 2.921933318091111005e+02 3.665546502140425105e+02 3.362127577103285034e+02 2.579550506312289713e+02 3.179321878205008716e+02 2.256478982603963175e+02 2.607824641972383120e+02 1.832402798059162592e+02 1.979258902249874836e+02 2.948781919110894023e+02 3.359114477693585741e+02 3.565532339280675842e+02 3.497559370498296403e+02 2.839127686328463938e+02 3.075597854921413727e+02
8.205654311753158847e-01 9.977825304119960492e+01 1.157925044330887374e+02 2.910338965477367879e+01 3.761028287758161071e+01 1.080678173207348749e+02 1.884159378393361806e+02 2.221366294035049123e+02 1.553432662874391212e+02 9.760828590642735492e+01 1.072718786494289986e+02 1.171939875357771967e+02 2.148853834466914918e+02 2.399678983894036719e+02 1.845389327313380932e+02 2.591083943144740260e+02 3.337558190045745050e+02 3.738407658986088222e+02 3.652931920207923326e+02 3.964449291691495318e+02 3.916467507828530756e+02 3.382583474288529146e+02 2.585461644699641397e+02 3.346617891817471104e+02 3.028233394949509716e+02 2.169427864230994487e+02 2.868068472162927947e+02 2.447277931305498839e+02 1.656877814842690100e+02 2.347511829961220826e+02 2.947998416387719658e+02 3.345197331250268462e+02 3.530076415891589932e+02 3.135392049763797218e+02 3.094234482905075083e+02 2.133958334532203196e+02 2.804891210550222809e+02
