output/example/elevation_000295.asc
nrows	75
cellsize	13.33333333
xllcorner	0
ncols	75
yllcorner	0
NODATA_value	-9999
[rows 0 to 16 of 75, columns 37 to 73 of 75]
4.818986058476786383e+01 5.240969200475052503e+01 5.460464426658677439e+01 5.039566279047109276e+01 5.172390940153316308e+01 5.039566279047294728e+01 5.460464426806314009e+01 5.275542227339311552e+01 4.853916020380282248e+01 4.850100012891070378e+01 4.426823418156469359e+01 4.850100017919283601e+01 5.515588753475869055e+01 5.094607421718118445e+01 5.094608685323014186e+01 5.314491259430205616e+01 5.366985512534012059e+01 4.638020678909298056e+01 4.205872343248415035e+01 4.616640449623444198e+01 5.311450653776185504e+01 5.805644585815186076e+01 5.673890001985018472e+01 6.090381460415358816e+01 6.674549994711495060e+01 6.514272873576098277e+01 6.217800485871050142e+01 6.217800485871050142e+01 6.635875223565524550e+01 6.670673482064518112e+01 6.248086339856392613e+01 5.943456682620796983e+01 5.518065904604760163e+01 5.638041929148884179e+01 5.213839863269200947e+01 5.638041929149098763e+01 6.164498845663077020e+01
3.785921744265311872e+01 4.818986058476786383e+01 4.868141124844789402e+01 4.009574574454094886e+01 4.143563797815192373e+01 4.009574574454094886e+01 4.868141124935296915e+01 4.681788163859167184e+01 3.821147739108862140e+01 4.333223858555692942e+01 3.388153516849860836e+01 4.333223874221383909e+01 5.094607421718118445e+01 4.066347148529608546e+01 4.066347149810377459e+01 4.288094239968214794e+01 4.208534702954425910e+01 4.154108840802838643e+01 3.116897809751271708e+01 3.858385729542062137e+01 4.786641846367979980e+01 4.783147845800232290e+01 4.649797996961026314e+01 5.243635161896385455e+01 6.261629043647297266e+01 5.503794872202949051e+01 5.208044063411097113e+01 5.208044063411097113e+01 6.217800485871050142e+01 6.093576647480625752e+01 5.257080705158633549e+01 5.371548411382571686e+01 4.542573238409916314e+01 5.148572553397970353e+01 4.253613470044432177e+01 5.129290005120555662e+01 5.107218191715722355e+01
4.088499270755546178e+01 5.040505120385570592e+01 4.444900291137252424e+01 3.405908112982253044e+01 3.405908112982253044e+01 3.405908112982253044e+01 4.444900291137297899e+01 4.257646975177438264e+01 3.213212099589730286e+01 3.654642218604686832e+01 2.853916016920613075e+01 3.907488467501229934e+01 4.652759818057469943e+01 4.367517608829682985e+01 3.328903662248170292e+01 3.552213290468486662e+01 3.346337685913695736e+01 3.783310506254994721e+01 3.116897809751271708e+01 3.332131176600866951e+01 4.364826009213633284e+01 4.058921222540774920e+01 4.649797996961026314e+01 5.673890001985018472e+01 6.158278174316559017e+01 5.503794872202949051e+01 4.508099959321827299e+01 5.188928494268220248e+01 6.194731672592676119e+01 5.675928969895205967e+01 4.705485129568700842e+01 4.954864951184659816e+01 4.029221171000029500e+01 4.733726666656816917e+01 3.812049952360895588e+01 3.812049952360895588e+01 4.545093565333518626e+01
3.580686552265517975e+01 4.617700603201321030e+01 4.578397312574806932e+01 3.541270453247196315e+01 2.789392256524881475e+01 3.502541211737979410e+01 3.931239969506236775e+01 4.391473141354219933e+01 3.349436857224292652e+01 2.592057437950283472e+01 2.468330881176806813e+01 3.179437528544236358e+01 3.889661563755527141e+01 4.000240618037613416e+01 2.949502223851977334e+01 3.530354772847991285e+01 2.682112958724635021e+01 2.848994611165608148e+01 3.384643009434061867e+01 4.363725582461504615e+01 3.656119830338182908e+01 4.681098508050553875e+01 5.502265724189626894e+01 6.090381460415373027e+01 5.740702405785925322e+01 4.741539627308476668e+01 4.200984716824051191e+01 5.188928494268223801e+01 5.314830455027504286e+01 5.731489137860770455e+01 5.115642957449285433e+01 4.161329215823125338e+01 4.029221171000029500e+01 4.461800680730689805e+01 3.812049952360895588e+01 3.988439566811162962e+01 4.558898616276713511e+01
3.466845481308965304e+01 4.505233385762149112e+01 4.577577518174611271e+01 4.271186997492084458e+01 3.502541211737979410e+01 2.434910012848268579e+01 3.194342631700863322e+01 3.625802896133008346e+01 4.014255609065665453e+01 3.179439743079066005e+01 2.101240045973146664e+01 3.048382254265127500e+01 2.834170740617922490e+01 3.239803549167604046e+01 3.341694063446853136e+01 2.463136791776107515e+01 3.530354831578910080e+01 3.599738399233924468e+01 3.900730530250902461e+01 4.230196339083951074e+01 4.679304447924461385e+01 4.304874155682541215e+01 5.029919182040344339e+01 6.049303824561803822e+01 5.630299384533606855e+01 4.632699036279186089e+01 3.941449120235972003e+01 4.613898286460493381e+01 4.323562675936455690e+01 5.314830455027504286e+01 5.526890658286266955e+01 4.665775145393708101e+01 3.709850879720348615e+01 3.604799763823829295e+01 3.558705539499635506e+01 4.820442990960262364e+01 5.413047344786813397e+01
3.999660065814621390e+01 4.273990365329152041e+01 3.552979471220854890e+01 4.273990365329152041e+01 3.931239969537512735e+01 3.194342631700863322e+01 2.117373145410516599e+01 2.906510429293114584e+01 3.267375236229834456e+01 2.520482085603011413e+01 1.872233523805947186e+01 1.966589058753323371e+01 2.063600942464825039e+01 2.163073510745661565e+01 2.268588523896604059e+01 3.341694063988619945e+01 3.958544918989853301e+01 4.631436588385652442e+01 4.922944342449691391e+01 5.244590010146728787e+01 5.647639078728336415e+01 5.328490031197453902e+01 5.746805112876437960e+01 5.802494276470618217e+01 5.302071927642217730e+01 4.887292704393139786e+01 4.613898286460441511e+01 3.631436468664041683e+01 4.323562675936455690e+01 5.314830455027504286e+01 5.535194560454031176e+01 4.540168578550719758e+01 3.860789053943936011e+01 3.300318531471961592e+01 4.199516704053882421e+01 4.306213107591567990e+01 4.976425235478229325e+01
3.571568979038026725e+01 3.852836801777274189e+01 2.807158261711235170e+01 3.852836801777274189e+01 3.059053315744503365e+01 2.607587181735032544e+01 2.906510420673149042e+01 1.823059006718256825e+01 2.711916822872701616e+01 1.747606082418129247e+01 2.832451816918115384e+01 2.737617256906985475e+01 3.142012989403648504e+01 2.481293725998212452e+01 3.341561192117538326e+01 2.505710463861591464e+01 3.570996577606842948e+01 3.807320605439571892e+01 4.836853423098638416e+01 5.371914561789353826e+01 5.776741492415883528e+01 5.640969359591096577e+01 5.224891690195708804e+01 4.802057250459295545e+01 4.887292704393170339e+01 3.899251480629538236e+01 4.188642054977972862e+01 3.445129741951622293e+01 4.141801429205115426e+01 5.130756649565400807e+01 5.465054040331607865e+01 4.892211549989801966e+01 4.132944016685615907e+01 3.155096298734089899e+01 3.708865870741496451e+01 4.550685458808338524e+01 5.170197878371477174e+01
3.379952100789912350e+01 2.949906706029641512e+01 2.381187227121523264e+01 3.457094043103410996e+01 2.607587088502688033e+01 1.487023025626077377e+01 2.603732340845509796e+01 1.613964720350559645e+01 1.613964720350559645e+01 2.074494792836732771e+01 3.150453185460271399e+01 3.787035454347897456e+01 3.965349277192495947e+01 3.552750605118738036e+01 2.992842463233365891e+01 3.566080584007197274e+01 2.750393144502000453e+01 3.807406556308819034e+01 4.661329470131124708e+01 4.367856284215440610e+01 5.371914561789353826e+01 5.224891690195708804e+01 4.233427774082842632e+01 4.105631215545153623e+01 4.378156665079644938e+01 3.966102516973654701e+01 3.193414985919505256e+01 4.188642054978063101e+01 4.844210382811022697e+01 5.136098801061261554e+01 4.719395440648013818e+01 3.882587478717917406e+01 3.560368354754331932e+01 3.013523340255772709e+01 3.999939392175151198e+01 3.895751069561776347e+01 4.385008441448815120e+01
2.949018612230324266e+01 1.832514912173200017e+01 2.513419793617634213e+01 2.952169556040755793e+01 2.924809674834385120e+01 2.495775975370212052e+01 1.487023025626077377e+01 2.603732369741566899e+01 1.613964720350559645e+01 2.711916822873134336e+01 2.842475991439591709e+01 3.900047132602583844e+01 4.585435044151084583e+01 3.559464497256000470e+01 4.037030020822173526e+01 3.984780015903044870e+01 2.932498604161145295e+01 3.962783011972023672e+01 3.642478073343894351e+01 4.244875995630884802e+01 5.247961073877615235e+01 5.224891690195706673e+01 4.233427774082842632e+01 3.535604305783552803e+01 3.966102517151103513e+01 2.959885957130633116e+01 3.814409662433364900e+01 3.814409663007824491e+01 4.808768485964604622e+01 4.719395440648101214e+01 3.803598926677642567e+01 3.864064666997483499e+01 2.816109501617894040e+01 3.077779543595765688e+01 3.338161107543542983e+01 4.225412262886844417e+01 5.099518557994597501e+01
2.218713029143388482e+01 2.242128137732630933e+01 1.448672004790594769e+01 2.349748112110210130e+01 2.402569619964244652e+01 1.380268392703281677e+01 2.495776006404230785e+01 3.041101726749101175e+01 2.711921067488692927e+01 3.148101221027170737e+01 3.900050459989009966e+01 4.328547059061359192e+01 5.003073473372817404e+01 4.156700455623313673e+01 5.003073473372817404e+01 4.419575731175149969e+01 3.680332590563173767e+01 3.212057919275229523e+01 3.212057919275229523e+01 3.948882386249704268e+01 4.959469249981270167e+01 5.355085224885800699e+01 4.361598752022252512e+01 3.664090269865801730e+01 3.081105955442674116e+01 2.801216645270868355e+01 2.801216645270868355e+01 3.523360466970012084e+01 4.517064579846430661e+01 4.719395440647895157e+01 3.803598926677642567e+01 3.175197715727131964e+01 2.816109501617894040e+01 3.789601347620919825e+01 4.225349749356147555e+01 3.814234778954470784e+01 4.237674994161289277e+01
1.249061535188704219e+01 1.249061535188704219e+01 1.294280680509157833e+01 1.336851899082519779e+01 1.380268392703281677e+01 1.452892176476860442e+01 2.504525459038457313e+01 3.063734648306262898e+01 3.532447839550688684e+01 3.955671132548071256e+01 4.287364832522737856e+01 4.702878130464305428e+01 5.338857590276028731e+01 5.171097383556625005e+01 5.586984478166057499e+01 5.122079858078178205e+01 4.508715898918055132e+01 3.486868215504334501e+01 4.244875808848838261e+01 4.244876251998030625e+01 5.247964951623252006e+01 4.878302122485477099e+01 4.465183637894995883e+01 4.115766434841566479e+01 3.814409649805218550e+01 2.801216645270868355e+01 3.654209768308697903e+01 4.067564355908509555e+01 4.207147196143792200e+01 4.621608592662072112e+01 4.469591031865253683e+01 3.685329887642780733e+01 2.704762316611893880e+01 3.571513949173291991e+01 3.852488065231842995e+01 4.272573171827615823e+01 5.099518559746707780e+01
1.595525086733698394e+01 2.210809946534804382e+01 1.989106412657143608e+01 2.023924168527881662e+01 2.406877784020849020e+01 2.406545280315263824e+01 1.557462633483488368e+01 2.629946114886164921e+01 2.466205356807986604e+01 3.531231316325846592e+01 3.243133778279149482e+01 4.287364832525887692e+01 4.314303059240085503e+01 5.031095735110208977e+01 5.534294601355232146e+01 5.505269870017929890e+01 4.508715898918055132e+01 3.950090280766698214e+01 4.082889887618523517e+01 5.090404958015406578e+01 5.035887731582268145e+01 4.047400176074729927e+01 3.476882551849990932e+01 3.116279170105666196e+01 2.801216645270868355e+01 3.654209768308697903e+01 2.635344653960643413e+01 3.497922992707727019e+01 3.204280167486923148e+01 4.207092340899057348e+01 4.438539084028325021e+01 3.844964370305802248e+01 3.431136408027779083e+01 2.549730694136686182e+01 2.840210524958324712e+01 3.853588613676072328e+01 4.353692799909626387e+01
2.308486690140572506e+01 2.408735361428775690e+01 3.031400158266333378e+01 3.028563034300515255e+01 2.969771793076866118e+01 1.956866304342937823e+01 2.511302292167737349e+01 1.693077198091298996e+01 2.779071568669446890e+01 2.483056406473660260e+01 3.548981972935183649e+01 4.470604157199549888e+01 3.579809057308155928e+01 4.097050977117469728e+01 4.789649745298826389e+01 5.205467283545937818e+01 5.365948906648236516e+01 4.539254630761243448e+01 4.670738062847831884e+01 5.494477210665746725e+01 5.451557678435086274e+01 4.878303548073189688e+01 4.465183809109504409e+01 4.115766435527919498e+01 3.814409663266953743e+01 4.067517280950904279e+01 3.497922992707727019e+01 2.475300144544179659e+01 3.347144544369349717e+01 3.759387518207910972e+01 4.012774397523380543e+01 3.006029025903719187e+01 2.406830463020107302e+01 3.431126303088719709e+01 3.852482873305479671e+01 3.354450700066580282e+01 4.059669594741081511e+01
3.353389525687970973e+01 3.372655898526497964e+01 3.797181153848935509e+01 3.383381871803898377e+01 2.417870549482194775e+01 2.969784671664372766e+01 3.129702484911335603e+01 2.779071568669446890e+01 1.848899084641733381e+01 2.934081690029720590e+01 3.516999410795800429e+01 3.433575528789604903e+01 3.050051028247150953e+01 3.387764618917915982e+01 3.758655181507857890e+01 4.356201937901014531e+01 5.381750461418910447e+01 5.250719603362940546e+01 5.663680597941657169e+01 6.062812145988232260e+01 6.177267660927474680e+01 5.168674097618140451e+01 4.464783061949311360e+01 4.648157360845531372e+01 4.318389028454397049e+01 4.061587534744825234e+01 3.543758816175186865e+01 2.522315701158401779e+01 2.322537145133256686e+01 3.215958772920425446e+01 3.603034417731774397e+01 3.183527708563794079e+01 2.309701286679370114e+01 3.337807231281270504e+01 4.067185847516137187e+01 4.348235406670492154e+01 4.352212086757869258e+01
3.005939308122826148e+01 3.420981529498700979e+01 3.967539889658706187e+01 3.680089578160625052e+01 2.766969305451475947e+01 3.680089569104247005e+01 3.661412251836780030e+01 2.598609903239379904e+01 1.965689012531115765e+01 3.047343980224902182e+01 2.449591094555700366e+01 2.678238869142394307e+01 3.738341073297656436e+01 4.425138121587293938e+01 4.789649745298826389e+01 5.205467283545937818e+01 5.791373703330132372e+01 6.225735343554675438e+01 5.859674142053913215e+01 5.444915148166186469e+01 5.859674142053931689e+01 5.353770592768101011e+01 4.355890776499897044e+01 3.658849720421310536e+01 3.323803096969970738e+01 3.057678921206859357e+01 2.824182856256502205e+01 3.543178797658874402e+01 3.215958773050331132e+01 2.191689407687859870e+01 3.086525935742165316e+01 2.185012398335644335e+01 3.209404262087674908e+01 2.647277773729330264e+01 3.669128692574111028e+01 4.356105562135781639e+01 4.356107939129811513e+01
1.975265027711590804e+01 2.455091986217075473e+01 3.505369762058840166e+01 4.048522502306270354e+01 3.214411809453427082e+01 4.049341213097030590e+01 4.088246800976356354e+01 3.481968998748914856e+01 3.048203182810046030e+01 2.137704082993833410e+01 3.215334392120508511e+01 3.737767764796811321e+01 4.164963677292251276e+01 4.337943321268766539e+01 4.337943321268766539e+01 5.365139507743568714e+01 5.692190881851254147e+01 5.278822213418584397e+01 5.365937871401486348e+01 4.463177081669566348e+01 5.365937871401486348e+01 5.649221917163663420e+01 4.648159151358721886e+01 4.135762144419631170e+01 4.318389099204780734e+01 3.641778884188161669e+01 3.544531722741893986e+01 4.241347474391663752e+01 3.577992217565357436e+01 2.577451277705396748e+01 2.064499218997121943e+01 3.083994379572901323e+01 3.618717556244176592e+01 3.669128691247394869e+01 3.026980128892859767e+01 3.351665662031494719e+01 4.059522382979803723e+01
2.458177468548588251e+01 3.396642685092372460e+01 3.820313309879206543e+01 4.453027388917548990e+01 4.098751505559915387e+01 4.510689716636563418e+01 4.721902895856453597e+01 3.743892309411901920e+01 3.004680993593943583e+01 2.378749898509586558e+01 2.401607205680599222e+01 3.470952359994569036e+01 3.736009097081552000e+01 3.295362662161956280e+01 4.035913479320419128e+01 5.067107861941862978e+01 5.278822213418584397e+01 4.299859266583994355e+01 4.586590875181481408e+01 3.981850932630316464e+01 4.586590888521154596e+01 4.996025097846659691e+01 5.547537114601897912e+01 5.130983820105760884e+01 5.048865068711373283e+01 4.634152292047674138e+01 4.539280669780495003e+01 4.513295584579524444e+01 3.569754454174638170e+01 3.012974459141149097e+01 2.003788893678471794e+01 2.724058571195465106e+01 3.709452938857885584e+01 4.459325358843285869e+01 4.038474782503596572e+01 4.038474781985805606e+01 4.059522382977996813e+01
