output/example/elevation_000003.asc
nrows	50
cellsize	20.0
xllcorner	0
ncols	50
yllcorner	0
NODATA_value	-9999
[rows 17 to 33 of 50, columns 0 to 36 of 50]
9.098509734387574266e-01 1.009098509734273961e+02 1.694357098208078014e+02 1.280043518874470010e+02 1.340506019125577950e+02 4.267656286320119108e+01 4.952725141325716862e+01 5.647736038514981516e+01 1.565558319113947050e+02 1.738539834500393795e+02 8.730491152221419782e+01 1.874290027664698357e+02 1.178837345008424080e+02 1.298996880886219571e+02 2.298925230057716931e+02 2.605484390237617731e+02 1.811076457748209521e+02 2.808863209479365537e+02 2.597203993879275572e+02 3.175044499168504899e+02 4.181194423011569938e+02 4.526577091988086750e+02 3.529609672023758549e+02 3.418176083488339145e+02 2.419984082856605880e+02 2.925774090254543012e+02 1.926854098128040960e+02 1.813464520537216629e+02 2.812773974639859489e+02 3.261174411722178093e+02 3.674157110743682324e+02 3.307799051245511350e+02 2.308604060222005785e+02 3.013380262180777436e+02 2.485273046520768503e+02 3.062250738557351610e+02 4.060946768327166865e+02
6.729603419142361487e-01 7.138363846056797968e+01 1.713836384605444607e+02 1.621951994990239996e+02 6.229374638898749339e+01 1.427134848143468560e+02 9.954777381985800844e+01 1.565558319113930281e+02 1.163619571621890572e+02 2.228399632318899819e+02 1.874290027664697220e+02 1.011095627761315399e+02 2.012907151566238326e+02 2.298925230057710962e+02 2.114913863352505814e+02 3.117681918767882507e+02 2.808863209479401348e+02 2.023832631527519084e+02 3.021159378466179533e+02 3.711771703753931888e+02 4.293329272890428001e+02 4.938768042384880346e+02 4.047859492350544315e+02 3.051425761400673196e+02 3.418176083488339145e+02 2.558748955618950731e+02 2.925774090254537896e+02 2.812773974639860057e+02 1.960892724420296247e+02 2.262371954297161665e+02 3.261174411722474247e+02 3.721351871968205955e+02 2.808369253288594223e+02 3.721351871965346731e+02 3.062250738557351610e+02 3.897865549456767553e+02 4.474354493377576318e+02
9.500813129397378543e-02 1.000950081312852404e+02 1.914720977837727105e+02 1.762246924087838806e+02 7.643681136364268980e+01 1.762246924082801627e+02 1.703217709832952664e+02 2.412611506319089472e+02 1.819591785080083071e+02 2.691666156715509715e+02 2.428472453355505252e+02 1.511604736374238769e+02 1.285347745542511575e+02 2.001405978884501451e+02 3.012794897836579366e+02 3.533778689159267401e+02 3.345136187631776465e+02 2.363798772172528402e+02 2.292737475524009199e+02 2.868809972460481390e+02 3.874959504733506037e+02 4.614792708544549100e+02 4.046141014812308754e+02 4.047859492350544315e+02 3.374263675995835570e+02 3.557325208571510302e+02 3.118877649852851732e+02 2.119997217493187236e+02 2.960024139816054571e+02 3.261174411722153650e+02 2.839366138691081574e+02 3.837375228211916465e+02 3.807228849203753498e+02 3.807228849203754066e+02 4.060946768327102063e+02 4.474354493267892394e+02 4.560186050394763697e+02
5.074168083889973868e-02 5.005074168083854147e+01 1.500507416808182199e+02 1.906691230249922739e+02 9.102442973966856243e+01 1.615475854498402271e+02 2.609747339977241154e+02 3.128996483095450571e+02 3.037390299829716014e+02 3.497231467928438065e+02 2.937709180852324948e+02 2.221133196385903545e+02 1.791800625293106179e+02 1.609673986828547072e+02 2.204679935067460974e+02 3.230289349541251340e+02 3.705696752306955659e+02 2.739965258705674955e+02 3.294058801430661561e+02 2.599465758503530424e+02 3.178281990152024719e+02 4.190582478459642743e+02 5.029925820433942363e+02 4.783563023164665537e+02 4.371812853542214725e+02 3.835972983994012679e+02 2.838385883481452652e+02 2.261407432159690813e+02 2.392120761284413959e+02 3.390520615534271087e+02 3.837375228211247986e+02 3.654444204709902806e+02 4.651324940920944755e+02 4.805516185640975095e+02 4.309696871291879461e+02 3.892916695553112731e+02 3.782975008308691258e+02
2.528005767708579876e-01 1.002528005767618851e+02 1.914720977810587215e+02 2.057340448888980404e+02 1.062751419253572607e+02 2.057340448888981541e+02 2.691810644779203017e+02 2.962532536401011498e+02 2.554766090959722362e+02 3.468374955713074996e+02 3.654183814271453343e+02 3.224771621659191396e+02 2.507599286060689110e+02 1.870605047067728890e+02 2.911599529961077906e+02 3.655552093068674253e+02 4.120202856998774337e+02 3.229532501737264738e+02 3.895851273257002845e+02 2.887952950075320473e+02 3.234690206109219162e+02 3.820902810206218874e+02 4.866215974093973387e+02 5.081451832087128082e+02 4.670804297468148434e+02 4.248276798359659097e+02 3.407106060490839923e+02 2.408828624858405476e+02 3.390520615129027533e+02 2.680687437678962510e+02 3.386737605228543657e+02 4.382691950632437283e+02 5.063728166565163065e+02 4.423663765832266677e+02 3.418071951006555764e+02 2.889966697598700875e+02 2.780349130875606534e+02
9.791283598286071310e-04 7.071165724701357647e+01 1.707116572469847426e+02 2.467945757061957863e+02 2.057340448888982394e+02 1.292029778061592253e+02 2.282947433847667753e+02 2.002662775436030245e+02 2.962532536401012067e+02 3.198122047919567876e+02 4.069822489794789249e+02 3.937804978674799372e+02 3.308394326560924128e+02 2.243112664466090678e+02 2.533570576213965353e+02 3.376998655067484378e+02 4.537537567693966594e+02 3.826526419736921412e+02 4.252942648613733354e+02 3.242883428757342585e+02 3.895896078420784647e+02 4.681971020950881552e+02 5.301468494583698430e+02 4.670804297468212098e+02 3.676771365872441493e+02 3.967916870813894548e+02 3.557439302768303264e+02 2.559549390081544686e+02 3.557439302768301559e+02 2.898773294035539152e+02 3.895962753271818997e+02 4.637775066052258808e+02 4.396613195410142225e+02 3.868382355250656701e+02 3.418071951003901177e+02 2.415970893295291262e+02 2.072893702089711212e+02
4.600753433092569233e-01 1.004600753433004172e+02 1.453193068210266006e+02 2.453193068204892029e+02 2.691810644779162089e+02 2.282947433847668322e+02 1.537562219962985637e+02 2.523585735711972973e+02 3.242574313798822914e+02 4.069821764419356782e+02 4.312808596203421985e+02 4.132784287169307049e+02 3.008620330278338315e+02 3.045601727862854773e+02 3.651235179444331607e+02 4.122353594716733483e+02 5.076817413106026606e+02 4.755123821091788727e+02 4.672820697794724083e+02 3.746800822001384290e+02 4.672824644061565209e+02 5.330448696775399640e+02 5.223039416729448021e+02 4.263309126798974376e+02 3.967916870813750165e+02 2.971480051044719630e+02 2.785906007195553684e+02 3.557439302767675713e+02 3.969589601154659135e+02 3.895962753271832639e+02 3.231741940468503458e+02 4.225475661658276181e+02 3.955086862645405859e+02 2.940495117711554371e+02 2.440252848495799753e+02 2.062273813958473738e+02 1.708719105885696194e+02
5.979472710492108600e-01 4.531930682104467678e+01 1.160299849396984229e+02 2.160299849396371030e+02 3.028118452027163698e+02 2.930368658912320825e+02 2.523585735711972973e+02 1.851291418989366946e+02 2.833648875378113985e+02 3.605888589269923727e+02 4.291242312346140011e+02 4.582414466510954867e+02 4.144532971244586292e+02 4.228964726171226403e+02 4.072091424230839607e+02 4.478739433310690288e+02 4.450154532506880400e+02 4.872275877153626880e+02 5.179282218305583001e+02 4.759085353152650555e+02 5.179293172244010748e+02 5.793578316875984910e+02 4.804765487119472027e+02 4.274458213965362461e+02 3.279717819489494559e+02 3.967916870813892842e+02 3.118932859757533151e+02 4.115171068223098700e+02 4.633923260487438256e+02 3.639232555000695584e+02 4.227842508481006689e+02 4.226490495221306105e+02 4.391688662008702977e+02 3.868382355249482885e+02 3.210223190512440397e+02 2.208735804709396575e+02 2.709479497629772595e+02
1.534601171854249602e-01 1.001534601171767207e+02 1.613903557444592991e+02 1.613903557444611181e+02 2.344345674278754359e+02 2.844347649816074295e+02 3.243363764362605934e+02 2.835687287522526958e+02 2.211520005928461501e+02 2.788503520676006815e+02 3.854975935994541487e+02 4.687039112914127372e+02 4.570882129009075356e+02 3.954373560528014195e+02 3.122294157688599512e+02 3.954384251289283725e+02 3.450052033539644185e+02 4.291075486869829092e+02 4.783952113630763279e+02 4.368236741561149188e+02 4.783953350214176226e+02 5.504545131176204222e+02 4.514947720958149944e+02 3.812591851769168443e+02 3.595299074105143973e+02 4.526528306090498290e+02 3.565240798465643479e+02 4.526697492175565003e+02 4.948064510020257671e+02 3.954662573061803528e+02 4.948064510020260514e+02 5.211416720818845079e+02 4.556258236732521141e+02 3.550029406883033971e+02 2.841476761680438017e+02 3.210223190512539873e+02 2.887192337021980961e+02
1.123418600940028211e-01 1.001123418600852943e+02 6.139035529626190879e+01 9.301313189794613834e+01 1.430131318979475452e+02 2.137238100323612571e+02 3.137238348032625481e+02 3.196700222297257596e+02 3.196700222297259870e+02 2.736052067965663355e+02 3.301965127581863158e+02 4.282072600149072059e+02 4.056896459758129367e+02 3.153348064033762626e+02 2.566806067671307119e+02 3.296803421218168069e+02 2.875406514180390900e+02 3.872673660395694242e+02 4.283306474773245327e+02 3.367912959476539072e+02 4.283306969025034618e+02 4.750165619889223763e+02 5.212444966926070720e+02 4.804794091766370912e+02 3.927498018393724237e+02 4.919032278401161875e+02 4.140248497747605825e+02 4.971362035280355371e+02 4.948064192830261163e+02 4.658302967650986943e+02 4.766650821088620660e+02 5.755262851012788587e+02 4.852069330303506263e+02 3.844747007643005645e+02 3.655726926111925650e+02 2.887192337022211177e+02 1.886881241621863694e+02
2.368195578726151052e-02 2.359390799533892746e+01 8.132893491430264987e+01 1.813289351683973223e+02 1.637238100186147847e+02 2.344344881791672890e+02 3.344344991591678422e+02 4.185544233247423449e+02 4.121569792182081642e+02 3.716206668276598748e+02 4.121569792182658603e+02 3.763048275722870812e+02 3.641179070784511964e+02 2.644721902199446504e+02 2.163917767967672603e+02 2.301444099345836491e+02 3.296827743471940835e+02 4.101785345623256944e+02 3.868074836288735696e+02 2.868422927325983096e+02 3.331095720191203782e+02 4.331910767391403283e+02 5.002851062841411363e+02 5.293114482099010729e+02 4.303356026863020247e+02 5.293114485562067557e+02 5.133568839618706079e+02 5.544793033028589662e+02 5.935639367735069527e+02 5.647610759433706562e+02 5.755262848708824777e+02 4.974124568694634831e+02 4.473217962194720485e+02 3.948767878308983654e+02 2.947711899888462312e+02 2.240437308785755306e+02 2.793090723655006400e+02
6.540601710037032834e-01 1.006540601709949527e+02 1.604818750350502512e+02 2.227503088805869140e+02 2.637238132763980047e+02 2.677714922183691328e+02 3.091928480865866504e+02 3.591928478845884456e+02 3.600227766153120683e+02 3.185803374304309159e+02 3.470366445489547687e+02 2.763194391235534795e+02 3.470366445703220961e+02 2.827561496638637095e+02 1.832238924211797553e+02 2.827561286705687280e+02 3.389922767711287861e+02 3.102016481456159909e+02 3.514657188777544548e+02 2.515607435989599594e+02 3.514568804518310117e+02 3.580874677445266343e+02 4.405017350784022483e+02 4.906816437035823810e+02 5.292981229926537026e+02 5.111811747796965619e+02 6.099816695590809559e+02 5.710351986067382768e+02 5.535456252866666773e+02 5.121500655085102380e+02 5.535455944350389927e+02 4.559044773249548825e+02 3.557346985948266251e+02 3.057040251366284451e+02 2.648708853023820211e+02 3.240530695724740440e+02 2.240024502348306044e+02
4.909850854147627119e-01 1.906051890311987762e+01 1.190605189031020359e+02 1.882168837325146740e+02 2.177714922184527211e+02 1.677714922185413968e+02 2.177714922185399757e+02 3.177714922181973520e+02 3.185803374304309727e+02 2.186312071429576065e+02 2.479056296305172964e+02 2.056660635504991888e+02 3.056053060814415971e+02 2.625444450776394092e+02 1.628572314655914681e+02 2.553729610926639282e+02 2.391116198250882405e+02 2.396093089839349659e+02 2.959388637401987694e+02 2.249108723722996785e+02 2.581538395561440780e+02 2.989048427725643933e+02 3.488627112551654932e+02 4.195753616946800548e+02 5.198750817217621716e+02 6.099817460108677096e+02 5.417612116390414485e+02 4.710873040844572301e+02 5.035708958230218855e+02 4.121958391552141165e+02 5.035708547377125228e+02 4.974124624822649139e+02 4.357608454697626144e+02 3.356157657714596212e+02 3.649475805099523882e+02 3.056814233015987270e+02 2.687284715961320103e+02
3.962370847149454534e-02 1.000396237084627842e+02 4.679552871438113471e+01 1.467955287143426801e+02 1.177714922185428037e+02 2.177714922184562738e+02 3.091928480855903558e+02 3.591928478846263602e+02 3.322957953293196169e+02 2.479056296305046772e+02 1.480023582357108012e+02 2.088619980557267866e+02 2.185963554053053883e+02 2.284703565839156170e+02 1.432750917938662951e+02 1.555685942344879606e+02 1.685660562886206151e+02 1.820222561641106438e+02 1.961290380768073476e+02 2.959388609745081453e+02 3.534409594197364299e+02 3.822901674620725316e+02 4.156145690031983122e+02 4.570972187907439661e+02 5.071313316920613943e+02 5.417605010832377275e+02 4.917830609805395170e+02 4.004049679613542025e+02 4.621729520429304898e+02 3.622110574113552275e+02 4.268310844797166510e+02 5.267839518812050983e+02 4.772647452480772472e+02 4.357608454696824651e+02 4.472946158134877805e+02 4.057975212130976956e+02 3.264883548648742817e+02
2.605283927408929001e-01 1.002605283927217528e+02 1.467955287143418843e+02 7.694666317215707352e+01 1.769466631721033423e+02 2.591928482030944565e+02 3.218202673407898828e+02 2.947894507454250856e+02 2.533627373299237320e+02 1.909282945401827760e+02 1.202940402212448134e+02 1.089739380934202870e+02 1.187288344959588642e+02 1.286242931238400331e+02 2.284703565839172654e+02 2.001890949064653853e+02 2.683659869356625336e+02 2.818233686757616283e+02 2.666718422368477945e+02 2.268985171917618970e+02 2.535495196992905562e+02 2.823535897956740541e+02 3.156413840623767442e+02 3.656132358814307963e+02 4.656159468718914809e+02 5.003612590390914647e+02 4.004049679613096373e+02 3.504195502758695397e+02 4.077584874525477971e+02 3.268641071667213396e+02 4.268310850880182556e+02 5.219792642919146601e+02 4.805831226931296669e+02 5.219792642963883509e+02 4.970027722084317929e+02 4.681290232284666217e+02 4.266262506438333730e+02
3.048053885361223792e-01 7.101548350719185976e+01 1.710154835071876107e+02 1.769466631721033423e+02 1.303989115546404491e+02 1.803989115546390281e+02 2.803989115544056290e+02 2.533627373299237320e+02 1.534243478270817889e+02 1.826956244116015284e+02 9.530594493253997257e+01 1.659553152849229036e+02 2.185963554053094811e+02 1.992180040455886285e+02 1.992180040455886285e+02 2.990917828132826344e+02 2.707493371592101994e+02 3.706775963792191533e+02 3.665957039824155572e+02 2.845090275982788626e+02 3.084072074859489589e+02 3.822901676169659027e+02 4.156145694695275097e+02 4.570973025726297578e+02 5.071312741936329758e+02 5.417594713798879411e+02 4.917830609338358272e+02 4.077584874525517762e+02 3.077895613724660393e+02 2.980030749756522255e+02 3.979731042648872972e+02 4.720026452327654169e+02 3.806240365747731857e+02 4.677218885901698968e+02 3.970458761150943587e+02 4.677218761054448919e+02 4.278579810140290078e+02
5.470844782054917754e-02 1.000547084478117910e+02 1.801220996885507475e+02 2.301220996161410710e+02 2.303989115545229538e+02 2.718202674987761611e+02 3.218202673421065469e+02 2.767042671001609051e+02 1.826956244116007611e+02 8.275831110650163680e+01 1.826956244116011874e+02 2.366311242035299927e+02 3.073069330989906121e+02 2.990917828132439240e+02 2.990917828132821228e+02 3.405360204161603974e+02 3.706775963792190964e+02 4.121763642442016931e+02 4.260211539763079713e+02 3.844708789733990102e+02 4.084335784564580081e+02 4.501023514438308553e+02 4.729650162267132032e+02 5.144085453162674639e+02 5.600847445198370451e+02 5.186996508665496322e+02 5.187000246053924002e+02 4.491597887954105772e+02 3.712549900700128092e+02 2.712825710531635082e+02 3.462618832712702783e+02 3.876658690404067329e+02 3.306378793614503024e+02 3.728883556749224226e+02 3.263563058811606084e+02 4.263225731536813896e+02 4.231605944240012036e+02
