output/example/elevation_000036.asc
nrows	75
cellsize	13.33333333
xllcorner	0
ncols	75
yllcorner	0
NODATA_value	-9999
[rows 34 to 50 of 75, columns 37 to 73 of 75]
1.247896612766457736e+01 2.056259523528316180e+01 2.313766065687026341e+01 1.886171490018385910e+01 1.211983229652873639e+01 6.203019502199401458e+00 6.203019502199401458e+00 1.608086176263047662e+01 1.879127286723120704e+01 2.210523684341343298e+01 2.597493940260067902e+01 2.616647752791823933e+01 2.933948398147939329e+01 2.499057354915754559e+01 1.890179440934384303e+01 2.950925811320457370e+01 3.943548975271816204e+01 4.583224306257957892e+01 4.153195071956454143e+01 3.740620457794216236e+01 3.741667208492675201e+01 4.146723633637393647e+01 4.181795362286273132e+01 3.289831366508038712e+01 2.680679055660018761e+01 3.165988624600261048e+01 2.761936380227557919e+01 3.705904797253238314e+01 3.764740934388166949e+01 3.373790124369619292e+01 2.574169990956411525e+01 3.548848069837155350e+01 3.725762248182011405e+01 3.926371957846910021e+01 3.304673107504449092e+01 3.720827760373276760e+01 4.238945005404870159e+01
1.006425741529178630e+01 1.626787057566651740e+01 8.757065935670610202e+00 1.003433794543628998e+01 5.853314045764812512e+00 1.230606749730094229e+01 6.203019502199401458e+00 6.470642009765232849e+00 1.649626922436026533e+01 1.259076760925731975e+01 1.773939682665799111e+01 2.522536712764034661e+01 2.123509864055459673e+01 1.469832075441938990e+01 2.499057350690761936e+01 3.092584924513901967e+01 3.503334845469395020e+01 3.604088725770598245e+01 3.583522368182060802e+01 2.769356570860082556e+01 2.769524254408658948e+01 3.586159442440933276e+01 4.073595664852587817e+01 3.976451571312759370e+01 3.158370724310377398e+01 3.976647146150529011e+01 3.510836182341910927e+01 3.823763419993061774e+01 4.142978169974962555e+01 3.258312833898391858e+01 2.574169990956411525e+01 2.574169990956411525e+01 2.760647757057916962e+01 2.981623089470328125e+01 3.926371957679312175e+01 3.768123788003023833e+01 4.406275061993895292e+01
1.323163465127668559e+01 7.104480586104086726e+00 8.795867466671273505e+00 5.277268518239090156e+00 1.433965031877820628e+01 1.392178378114117265e+01 1.705214714896004580e+01 1.629927132434795212e+01 6.959320611278328350e+00 1.546064963370725032e+01 1.875866670098910660e+01 1.875869702865594846e+01 1.204951670053116075e+01 2.123509905633448369e+01 2.550119481439140046e+01 2.077567818058711424e+01 2.580408509934141392e+01 3.604493379184070534e+01 3.154378428008035229e+01 2.231166261793991268e+01 2.231171605188597695e+01 2.695015883826631153e+01 3.666436588831430043e+01 4.424177381709651513e+01 4.044502855827528265e+01 4.424177381709652224e+01 4.579236602292210989e+01 4.893366834299407486e+01 4.406526593275307135e+01 3.383077492370689043e+01 3.047411970240768042e+01 3.548848115315918506e+01 3.049620672821830780e+01 3.281253773213065728e+01 4.188013482788802122e+01 4.681773868857478504e+01 4.406275061993962083e+01
4.752493776090279454e+00 4.858452326352814765e+00 4.858452326352814765e+00 1.465862570150075683e+01 8.703094421424088623e+00 1.795415951733695081e+01 2.452913867136725656e+01 1.983091797090385811e+01 1.657744630416426546e+01 7.374828678569249618e+00 1.143220612833030359e+01 1.044828463313799283e+01 1.875392795092220410e+01 2.485925903137453474e+01 1.591317523295590952e+01 2.232244506402811624e+01 2.632291065271283514e+01 2.848292298748560469e+01 2.454323871424271175e+01 1.826374307575265021e+01 2.755939665972335462e+01 3.586159442440931855e+01 4.073727008442176611e+01 4.338243477427651840e+01 4.243425184217970525e+01 4.079698895783862156e+01 4.079880214934280502e+01 4.480235136639450388e+01 4.818751912295233808e+01 4.354968893345742487e+01 3.584013324772239173e+01 4.240619759367748998e+01 3.384012877445127998e+01 3.996674328755671013e+01 3.921912452984675213e+01 4.870445523182579706e+01 5.346886824864972709e+01
1.456768101280227334e+01 6.937067843737229289e+00 1.523115417692938145e+01 1.732091427757776003e+01 1.089787150880511035e+01 2.039387045763992390e+01 2.806833527666109873e+01 2.338964081819469598e+01 1.378176784815888212e+01 1.722890869334126762e+01 7.809669522351814663e+00 1.786282261082943634e+01 1.565789068413288021e+01 1.871547734006840003e+01 1.539764166420280667e+01 1.211523829641943628e+01 1.975111089401191933e+01 2.271533767147119676e+01 1.526080980105253637e+01 2.454323856831844353e+01 3.156824702250345283e+01 3.764883858604633105e+01 3.361474442963758946e+01 3.361449996886702252e+01 3.273885291223901817e+01 3.109997752560459716e+01 3.109999792002867025e+01 4.079874655485736668e+01 4.786890766625117521e+01 4.894158017188280496e+01 4.498918085255780852e+01 4.626891242192393605e+01 3.805130825555545471e+01 4.545899284112771710e+01 4.833535605869844431e+01 5.286993940274595616e+01 5.727371834249900928e+01
1.475303296253211727e+01 1.682758709231585925e+01 9.586259057822498875e+00 2.004554168097191891e+01 2.044053403541969871e+01 1.478154534757195293e+01 2.427871724381106233e+01 2.789812545916430508e+01 2.084747568655141947e+01 2.190409886097941694e+01 1.788001340997073996e+01 8.283927290303816804e+00 8.638391891144888035e+00 8.638391891144888035e+00 9.021124021039492291e+00 9.416237369556419878e+00 9.812117188932772294e+00 1.755329674193189859e+01 1.323027118535484270e+01 2.403049918269791974e+01 3.258723619645276415e+01 3.351136791673788906e+01 2.410578092500010428e+01 2.808985069902820442e+01 2.602933804648971261e+01 2.445024852388056047e+01 2.858556478279061963e+01 3.415914123466034624e+01 4.388984311616544431e+01 4.543079765190756092e+01 4.953049823421580555e+01 5.076326640533889645e+01 4.676108878295937643e+01 5.076332259276990300e+01 5.245189874947075026e+01 5.438517221912089639e+01 4.728713483449085686e+01
1.804297191803195588e+01 2.367534977294831933e+01 1.967151157877147938e+01 1.302741149165108858e+01 2.366188733564133884e+01 2.167539898525965114e+01 2.030006061945116258e+01 2.788032653697155538e+01 3.151504878768303541e+01 2.445883895424807264e+01 1.593968471759350969e+01 1.814398772619628630e+01 1.266381174905546203e+01 8.638391891144888035e+00 1.469510985069524978e+01 1.175226065979159173e+01 1.958628835150884484e+01 1.034647078392738706e+01 2.017681836209941437e+01 2.034121137016547820e+01 2.766110049960478179e+01 2.921072113071720366e+01 2.571069077180514384e+01 1.888698870171747402e+01 2.080847813911995203e+01 2.602941732433367505e+01 3.557991116756772243e+01 4.227186811111513975e+01 4.383489180343738667e+01 3.557906251055052849e+01 4.322986360044615139e+01 4.732382235367661139e+01 5.301416140527199872e+01 4.962029930325878979e+01 4.260149032470096131e+01 4.497330182743387184e+01 4.041117347079019595e+01
1.555704797224832170e+01 2.784394031298212369e+01 2.631204227057640566e+01 1.578056796403197204e+01 2.631204227057640566e+01 3.116148258520841097e+01 2.561137167011406390e+01 3.344384213642901926e+01 3.915943480168476043e+01 3.015234828338988748e+01 2.321693878268802536e+01 1.378258517791444504e+01 1.112237065157996696e+01 2.049906656141504158e+01 1.936914811975699280e+01 1.906175212694511600e+01 2.409166335986314067e+01 1.734774844667136406e+01 1.087532366761258906e+01 2.047154233783300725e+01 2.006294674036823267e+01 2.346389378745829646e+01 1.649820820483088823e+01 2.571120531737592074e+01 2.726075473088426193e+01 3.404985186645753714e+01 3.958322644049915340e+01 3.995360180487313784e+01 3.585868157668422640e+01 2.984002370285589478e+01 3.336718607194033837e+01 3.907337575278952357e+01 4.890759942124615378e+01 4.469983660043192231e+01 3.572646894855625987e+01 3.521292482087913100e+01 4.497330182743387184e+01
2.758935841163064495e+01 3.269398975072081015e+01 3.047777300565360648e+01 2.242544380696799777e+01 2.088441417853204740e+01 3.099995944015961769e+01 3.485028548932848480e+01 3.884744744327016264e+01 3.494018089223449408e+01 2.682628157078405096e+01 1.731749332560858790e+01 2.316526594049916810e+01 1.331649432994023030e+01 2.353108669365577654e+01 3.007406523478009674e+01 2.703582924209707627e+01 3.097566279510348153e+01 2.476133262924967937e+01 2.069488898625626661e+01 1.140833198419171879e+01 2.011154167721516117e+01 1.422389524014255890e+01 2.349678951260801441e+01 2.953635367064255135e+01 3.483191109640782201e+01 4.083886289128784597e+01 3.696914330723220132e+01 3.287262212993212529e+01 2.595502570120673980e+01 3.585868157668422640e+01 4.322986604566371938e+01 4.732382235367661139e+01 4.753532059794343922e+01 3.774038484674418470e+01 3.077764332887160137e+01 3.733189671300415569e+01 3.552968141372220146e+01
2.578658909431398882e+01 3.440540302016242435e+01 3.835132677595043305e+01 3.386437465031876570e+01 2.680758482843721779e+01 2.809636596639328587e+01 3.800985418414433070e+01 3.774763125359489635e+01 2.811239174172348854e+01 2.130125118336976797e+01 2.681200777158568016e+01 1.705582658944191365e+01 2.353108683033864779e+01 1.891391165978166811e+01 2.894860542762358691e+01 3.664161673954389897e+01 3.284819511012567261e+01 2.269819311388448568e+01 1.708508911451099266e+01 2.124604644915473273e+01 1.194789088686451883e+01 1.910009417556541678e+01 1.815949918611632796e+01 2.240282963363159396e+01 3.090911276632847304e+01 3.429160295150332161e+01 3.020080102888082152e+01 2.305571193054017698e+01 3.287262212993212529e+01 3.222608190662322869e+01 3.922299645008317270e+01 4.907817340953979368e+01 4.582546222980835893e+01 4.138092565972539205e+01 3.721467566816068029e+01 2.744886019783973197e+01 3.445755715887972315e+01
2.636553430800469044e+01 2.896272885511820760e+01 3.975470166399563254e+01 4.083348317552164275e+01 3.672684966195336642e+01 3.800985418414433070e+01 4.211850233981573410e+01 3.703505403106576210e+01 2.739246072304600688e+01 2.811239174172348854e+01 3.118497707668695895e+01 2.705168366721578366e+01 2.104657715256719897e+01 2.894864243275736015e+01 2.605921631296515528e+01 3.639954005587070895e+01 3.718151239316368617e+01 3.124278147550950280e+01 2.695793069565467093e+01 2.653244457622052010e+01 2.206658087486830411e+01 1.249313137537917839e+01 1.940584166800027788e+01 2.468920043918649299e+01 2.646235443111581986e+01 2.791918630674338786e+01 2.052071808799168906e+01 3.020080138927765745e+01 3.696919160872441523e+01 4.210951095171459002e+01 4.620531055664669395e+01 4.298345185166006388e+01 3.882333583186541404e+01 3.116851840779799332e+01 3.231197892687504947e+01 2.551363855975640860e+01 3.544499385083971532e+01
1.613086338596117031e+01 2.269305452896966457e+01 3.647362286749522298e+01 4.563705177731876717e+01 4.174026675040883561e+01 4.276569001296018513e+01 4.665903398916198341e+01 4.106781675513312990e+01 3.421400751484557645e+01 3.774763125359489635e+01 3.622786533704466194e+01 2.631117531241665475e+01 2.597150817631366593e+01 3.507604538266906502e+01 3.639954005587070895e+01 4.054649103845514446e+01 3.795215219515095129e+01 2.933244760479430369e+01 3.009110583433822583e+01 2.727672333725938358e+01 2.163838834762710306e+01 2.191762842762649655e+01 1.302314791882437284e+01 2.242867533930410318e+01 1.686146442254488065e+01 1.833600822825670917e+01 2.791918635137966120e+01 2.657669704019183143e+01 3.354403596841099500e+01 4.342127520843651212e+01 4.067285267445561203e+01 3.821247330387270580e+01 2.809301452755121886e+01 3.068459185797213351e+01 2.288662271647915247e+01 2.616182083773698253e+01 3.169097901658000893e+01
2.781389638495731376e+01 3.306419943624694469e+01 3.887171215045397332e+01 4.013107777325761560e+01 3.242842497059841378e+01 3.383454836216269968e+01 4.178034453490673172e+01 4.628013891737061414e+01 4.387191388339128650e+01 4.441688726880504845e+01 3.438742465616827104e+01 3.329350148694253875e+01 3.294965144996934470e+01 4.005548214785367378e+01 4.503868551602707981e+01 3.901285473122366199e+01 3.436756610466950690e+01 2.908145035499887499e+01 1.974851354215999777e+01 1.783290025477257501e+01 1.588474948408878440e+01 1.432874895546454752e+01 1.339781367125882916e+01 1.481750218521677454e+01 2.403812882198735323e+01 2.783222532682990291e+01 3.199650340199977805e+01 3.643701236241260943e+01 4.053310157795313273e+01 3.774408813992626932e+01 3.066858999282498388e+01 2.873470285488719966e+01 1.990029467747372749e+01 2.077724714731710165e+01 3.068459181052675788e+01 3.547021745401925585e+01 3.285568524588935446e+01
3.723443934883042772e+01 3.619700138728635608e+01 3.681452379095743765e+01 3.591710948503384060e+01 2.682233941183080361e+01 2.851504294994716560e+01 3.680935877355678798e+01 3.670880101240103244e+01 4.256980098515919764e+01 4.655703615179923816e+01 4.441688726880504845e+01 4.331204634089856853e+01 4.296416627268402522e+01 4.523968079374715501e+01 4.107278557910331074e+01 3.122564106590090915e+01 2.508272476456128430e+01 2.277323102986244407e+01 3.009110583600838851e+01 2.817443355426852136e+01 2.659557211539237542e+01 2.305576537756011035e+01 1.339781367125882916e+01 2.306313399395411068e+01 2.700226754644702964e+01 3.061562905804007428e+01 3.465013636134593611e+01 3.609783649541331130e+01 3.197738250514765568e+01 3.359877069150309836e+01 2.371153856206295885e+01 2.734553603473758088e+01 1.902279779558698891e+01 2.738156331024754309e+01 3.149426608752201062e+01 3.719425153757975266e+01 4.178225657024130157e+01
3.259255476183485456e+01 2.798355552457049811e+01 2.906579683960945104e+01 2.972101338454544006e+01 2.236013791901725867e+01 2.466175767890972281e+01 2.709397923683209797e+01 2.977046104818724359e+01 3.292261703433853626e+01 3.977323744660922955e+01 4.932130260796460419e+01 5.187568171872472789e+01 4.249095921070104964e+01 3.580478635597246750e+01 3.238908206650963706e+01 2.916685308302787405e+01 3.538753404365676403e+01 3.373682832804641407e+01 3.413665571921754349e+01 2.798469687951500262e+01 2.407444215511805652e+01 1.439850358865501967e+01 1.339781367125882916e+01 1.339781367125882916e+01 2.305847779223105931e+01 2.079011272788302023e+01 3.063513715177287722e+01 3.022140348549281441e+01 2.213698441104970627e+01 3.038384407024623357e+01 2.732834250076240323e+01 1.818185508701132136e+01 1.818185508701132136e+01 1.859719160196129550e+01 2.323220720771642078e+01 3.304968882665551178e+01 4.166373714234831027e+01
2.506152473126394398e+01 2.186225520917992426e+01 2.705337425249073391e+01 1.982342047872069202e+01 2.974104610865960296e+01 3.452052954540864960e+01 3.691033261996573600e+01 3.951909355602265350e+01 4.256980098515919764e+01 3.977323744660922955e+01 4.932130260796460419e+01 5.187568171872472789e+01 4.249095921070104964e+01 4.523954915108532049e+01 4.209469773030946982e+01 3.916834887575623725e+01 4.311194483684794676e+01 3.617478540780006568e+01 2.893166192758065236e+01 2.105150597546906610e+01 1.439850358865501967e+01 2.407444215511806718e+01 2.306313413037137749e+01 2.306312861278236781e+01 1.397456418108752985e+01 2.354900551212273285e+01 2.752569612724814263e+01 2.559448358261771972e+01 1.655430195848310504e+01 2.629059717784895156e+01 1.756406768345713942e+01 2.732834250076240323e+01 1.818185508701132136e+01 2.734553616807091458e+01 2.075850437807766724e+01 2.752027789225295251e+01 3.212204309409936087e+01
1.525823156977564743e+01 1.637548804306070238e+01 1.753623634522449137e+01 2.742044353080925134e+01 3.377144604555859786e+01 3.291443057047313658e+01 2.804060931430660020e+01 3.497045385696855391e+01 4.459101790074300453e+01 4.932130260796460419e+01 5.334083485701627581e+01 5.592320104862903207e+01 5.187568171872472789e+01 4.468308302281887023e+01 3.900796433537998809e+01 3.495462937515565471e+01 3.889700307322481621e+01 3.083175725128168665e+01 2.229287457590121946e+01 1.564454288345094035e+01 1.439850358865501967e+01 2.407444771011895668e+01 2.907887997953206849e+01 2.363666438756334998e+01 1.397456418108752985e+01 1.397456418108752985e+01 2.355833524452321015e+01 2.816280325427370457e+01 2.511362271568908255e+01 1.655430195848310504e+01 1.655430195848310504e+01 2.654877714527627219e+01 2.734553616806961074e+01 3.146854132251249325e+01 3.044578042280543073e+01 2.401673898266160023e+01 3.102404735052587625e+01
