output/example/elevation_000033.asc
nrows	50
cellsize	20.0
xllcorner	0
ncols	50
yllcorner	0
NODATA_value	-9999
[rows 17 to 33 of 50, columns 0 to 36 of 50]
9.098509734387574266e-01 7.938481357890568191e+00 -5.703829939383148258e+02 1.892105513820628582e-01 4.593007927793956391e+00 9.629601947014235108e+00 1.320351882414615297e+01 1.753471902033084007e+01 2.331254715755225249e+01 2.156433714154098169e+01 1.155596398926382307e+01 4.845108205695141557e+00 4.641434677280702914e+00 1.389785947248194908e+01 1.159384774855857536e+01 -7.180611153753878817e+00 1.043024317876207974e+01 1.352166980201745972e+00 1.986172772788304508e+00 1.053187149197342620e+01 1.173330468390967596e+01 1.622745215278197151e+01 1.223103229339999487e+01 -2.447867585125867151e+02 1.210050504430536833e+01 1.666673881745506591e+01 1.319501582090881442e+01 -7.058270082167551607e+01 7.370588198561665472e+00 1.551251228010097805e+01 1.921950202973849642e+01 2.334855929745598857e+01 1.652123996799101846e+01 6.801810340949313805e+00 5.621765628197312736e+00 1.024369018932401865e+01 2.021285762045176426e+01
6.729603419142361487e-01 1.067296034191419452e+01 6.620773203325631684e+00 1.011072250971860598e+01 -4.291172635561478046e+02 2.370746491198301997e-01 3.006799357425824049e+00 9.159817071479640305e+00 1.918842796289849062e+01 2.098010024229305870e+01 1.521890986015266201e+01 8.436647815414401563e+00 3.234835115371669012e+00 1.080953225622453573e+01 1.034700318649729311e+01 1.265275131426693900e+00 1.663875823577454893e+00 -3.271564503501822401e+02 9.614500090734114934e+00 -5.747672718329005193e+02 5.373742250161797074e-01 8.176035868001275020e+00 1.064185656415417469e+01 -2.321442013253063124e+02 9.383128069534143023e+00 1.943125166096061207e+01 1.753207321217747605e+01 1.048566841549757100e+01 1.176953047254933438e+01 1.443846744621036926e+01 2.444347539273950076e+01 2.505063164218320537e+01 1.505017152926576784e+01 9.917778245671804882e+00 8.486191891004143173e+00 9.063909531517438722e+00 1.581651778517238505e+01
9.500813129397378543e-02 1.009500813129393748e+01 1.630688526307104169e+01 1.004461395585031269e+01 -6.852599344285146117e+02 3.238709416583724354e-01 6.380992408409885464e+00 1.410033878507180916e+01 1.999169743343837169e+01 1.683842614796144943e+01 6.852058571323824232e+00 -6.817090803033631801e+02 6.397949495777687900e+00 -5.298879947204234213e+02 8.241059484570088856e+00 -9.336338414194209179e+01 8.296502288253075008e+00 5.148915840876915340e+00 1.197409789533794466e+01 -3.195071180474683956e+02 2.168919095066486058e+00 8.044620358748060696e+00 1.108602638560082987e+01 2.593796296490946673e+00 1.225238667631278666e+01 1.645077298806500110e+01 2.215119973138180143e+01 2.092197644546484270e+01 2.182687526369121755e+01 2.444513977281163974e+01 2.861864965392025439e+01 2.683371019076027864e+01 1.683389577337260334e+01 1.411806328965276514e+01 1.678961067102528304e+01 1.166248279417079381e+01 1.642874830140496201e+01
5.074168083889973868e-02 7.121809492704385569e+00 1.712180949270453212e+01 1.444869701676440599e+01 5.968951846419861873e+00 1.026002372197828549e+01 -1.015815006720291791e+02 1.028665043964033110e+01 1.000485382550584923e+01 1.074798949269973924e+01 9.553999749217121362e+00 1.509109418613214126e+00 1.573157280980408856e+00 1.633047207926030087e+00 1.640946087591253599e+00 8.462925181591561596e+00 1.566174686401696370e+01 1.605142444735771434e+01 1.534629359566710605e+01 5.264839631259468078e+00 3.806659449108892534e+00 -6.489834845462974044e+01 -1.885495931665064617e+01 2.327936957578353283e+00 -2.190731857756757961e+01 1.064200224161699815e+01 1.378900689911045596e+01 2.215175298506787627e+01 2.481187216377274396e+01 2.898357398395238249e+01 3.448808533002600285e+01 3.096397573498698463e+01 2.683371019203533692e+01 1.989297389575746422e+01 2.513596111743155603e+01 1.532336397121686744e+01 1.520839999016794764e+01
2.528005767708579876e-01 7.323868388636320503e+00 1.732386838863624590e+01 1.982243727795237476e+01 1.572214729505929398e+01 1.388750525602884167e+01 8.481618655806903107e+00 -1.599107102367265156e+02 8.248423585955549697e+00 -3.402573285294610059e+02 9.353545812781220548e+00 -3.297998120154819617e+02 7.997198911408331945e+00 -8.594786377207419719e+02 9.663712692178853203e+00 1.566102524071228430e+01 2.261364083498712318e+01 2.071972435160882853e+01 1.069269837027868419e+01 6.357699951409252925e+00 9.112467293797616108e+00 8.035268127115502423e+00 1.153599712135148714e+01 2.745916254736780360e+00 3.023409920567559528e+00 6.960827936962004081e+00 1.424371266012586901e+01 1.762368701666637349e+01 1.553175794026120471e+01 2.100484124911827877e+01 3.043435278754957451e+01 3.304554321518975968e+01 3.402191498590814689e+01 2.989089353935043292e+01 2.944474669989871884e+01 2.105732879311123895e+01 2.101239411877361363e+01
9.791283598286071310e-04 7.072046940225290790e+00 1.707204694022522062e+01 2.201055124658256901e+01 1.201223449184570491e+01 4.953648359784643240e+00 -4.160612999449024869e+02 -3.626135156987004837e-01 7.210104230052647445e-01 1.025816953992173985e+00 1.116508947623886305e+00 7.359975333110035045e+00 1.515632178426759857e+01 9.681284210146721136e+00 8.313070848046434591e+00 1.831671646852700519e+01 2.542711355486790836e+01 1.544666729645256353e+01 8.679985199068330104e+00 8.124311759449408754e+00 1.809514650591105323e+01 1.511413049075541615e+01 1.743822351135083437e+01 8.032407026326286115e+00 3.132761797402705994e+00 3.567326173830951408e+00 1.048243218043163161e+01 9.718366069395449003e+00 1.455244225781796352e+01 2.396193496053808403e+01 2.373885945267983288e+01 2.306565603360614602e+01 3.304554321518975968e+01 3.590860492789624203e+01 3.511899616793336065e+01 3.100492319547826270e+01 2.807726177859102634e+01
4.600753433092569233e-01 7.531143155174719439e+00 1.753114315517462529e+01 2.493950468432317180e+01 1.494067366884514314e+01 1.278979097135253262e+01 6.500326699141401043e+00 -3.723711208597566724e+02 7.862885381096707427e+00 -7.573199187510872434e+02 7.148352693441220929e+00 4.275881657717214068e+00 9.079667911130178126e+00 1.909137489483676475e+01 1.831671646857413549e+01 2.245928085253288842e+01 2.529057788358829839e+01 1.527984181945474162e+01 1.084827559231628058e+01 1.507804890151861699e+01 2.223418825774276186e+01 2.510742918022319614e+01 1.914861346047928947e+01 8.792383052338609062e+00 3.728049321989051812e+00 3.712460036625239379e+00 4.893446352604298610e+00 1.114499161020114393e+01 1.804923085312282893e+01 1.690789657941208546e+01 1.480716111789035061e+01 2.373885945268018105e+01 2.594292879514869554e+01 2.594287438663801382e+01 3.088276513390139755e+01 3.499922343474509745e+01 3.799140758834237630e+01
5.979472710492108600e-01 7.669015082914673265e+00 1.766901508291456224e+01 2.443569899056758388e+01 1.444378311193375808e+01 7.391104639829739753e+00 3.650112023667344552e+00 4.466419804261997584e+00 5.196963158235582192e+00 8.679643100700536351e+00 1.488688305395592693e+01 9.079614673305139050e+00 8.031415713569950654e+00 1.304692879012608486e+01 2.307228303121032553e+01 3.088394742845954966e+01 2.090797112532280977e+01 1.411295293933955186e+01 1.358109993545624228e+01 2.345103085358796235e+01 2.918723658094102191e+01 2.938346128248730338e+01 1.914861346576864776e+01 1.729976798475999544e+01 1.325766303462340368e+01 -2.523404971861451074e+01 3.960091789953535724e+00 2.248014800666330082e+00 8.461527503558558649e+00 8.884425591072663053e+00 1.481376189943057220e+01 2.485826808369818508e+01 1.580412103141970448e+01 2.129153594326768939e+01 2.088237988499810882e+01 3.088276513419896929e+01 3.717966839675915480e+01
1.534601171854249602e-01 7.224527929050887032e+00 1.722452792905076180e+01 2.535529514882415469e+01 1.880018060112809763e+01 8.803311276589704804e+00 6.155868541253678217e+00 1.205811119184124180e+01 9.959152101768378174e+00 1.095886654401998683e+01 2.074230334245725160e+01 1.883018616973565429e+01 1.107819145533044214e+01 1.301705892691772526e+01 2.284616155127539727e+01 3.106205504053525246e+01 2.105969909873742552e+01 1.766517927376758479e+01 2.053753791296708187e+01 2.775366279698051031e+01 2.966198748269808050e+01 2.540884554727286471e+01 2.620165488723562319e+01 2.591142788499588434e+01 1.727548430403663104e+01 1.010611897110202051e+01 5.189602529993694091e+00 4.148370206594316656e+00 4.283503052371158581e+00 9.304196840969643389e+00 1.890239696521943458e+01 2.148758547311724953e+01 1.650109538219978234e+01 1.361282898223923254e+01 1.985086982504672548e+01 2.308872788113502850e+01 3.306261054639847430e+01
1.123418600940028211e-01 8.558438374530128456e+00 1.121943670838329332e+01 2.121539209521585434e+01 2.294716828347437598e+01 1.863972593189249594e+01 9.326443697685258272e+00 1.622370739221725700e+01 1.995150941428577696e+01 1.673025944863294967e+01 2.509911127449755952e+01 2.524924141071369021e+01 1.688800636662805488e+01 1.880487810191327469e+01 2.717397998038390128e+01 3.519770247922091500e+01 2.583467866265988278e+01 2.460403433956838271e+01 3.056813688685178576e+01 3.220909194633117067e+01 2.521918311414543368e+01 1.532847699125639274e+01 1.622127306380405187e+01 2.162804107717369462e+01 1.149919070687477252e+01 5.737520427453292271e+00 6.713967423395211576e+00 4.443063200241935462e+00 4.265706298618705539e+00 4.862293778594349192e+00 1.465480251565307945e+01 1.212113964564904300e+01 1.076046206444090636e+01 1.587039904917734034e+01 1.476144039599011215e+01 2.018836838628033448e+01 3.017284935043150540e+01
2.368195578726151052e-02 3.185959615955637592e+00 8.751316195856338354e+00 1.582167921635728014e+01 2.582551157507484874e+01 2.346646995604283248e+01 1.403250489644331012e+01 1.565184875433222089e+01 2.548008494331141804e+01 2.673053392974958342e+01 3.087276498102023226e+01 3.101764031315095593e+01 2.687908781350565235e+01 2.880723543265498066e+01 3.294780620047845332e+01 3.996762067347517444e+01 3.582781635969557499e+01 3.458134015023833996e+01 3.513092823602045200e+01 2.485414872306500200e+01 1.776171466054151082e+01 1.403049924051738095e+01 1.161351288791790992e+01 1.476662013713227140e+01 9.812507036897040180e+00 6.392059457463360239e+00 5.714219052639838203e+00 1.389343419457747686e+01 1.252637930350718776e+01 5.407474812082745608e+00 6.234287657168740893e+00 8.124185661754031784e+00 1.221346783549988047e+01 2.081344362262542091e+01 2.046182127403933748e+01 2.026548902061978552e+01 2.654020431516089573e+01
6.540601710037032834e-01 9.329290651906855913e+00 1.121673685422516620e+01 1.828904195942257971e+01 2.829852225573047519e+01 2.813735271624943834e+01 2.400225571299624505e+01 2.272034392780225076e+01 2.978863136979310866e+01 3.322427450904476132e+01 3.121517567085707867e+01 3.192246663349529356e+01 3.484158067337879316e+01 3.654556493242800741e+01 3.340578785881842094e+01 3.456160041982512610e+01 3.868697372853615235e+01 4.254260206698327806e+01 3.234331141515190922e+01 2.505458226276384437e+01 1.918225424003599144e+01 2.066663311939721481e+01 1.455437392784433115e+01 8.437789668186077563e+00 7.770106161302422265e+00 7.164025215857703799e+00 1.541543935218688866e+01 2.003203157205914309e+01 1.641574728463723787e+01 5.747591331230951894e+00 6.214656391606158792e+00 6.757832681708347167e+00 1.403456933240555848e+01 2.416597490537673210e+01 3.043879566787600410e+01 2.892458323078306393e+01 2.844058347267230502e+01
4.909850854147627119e-01 3.339429305242016532e+00 1.283183486482848501e+01 1.813569827215209429e+01 2.013904720735729370e+01 2.616761590449554475e+01 3.087103813907595296e+01 3.271423723183598042e+01 3.322427450904476132e+01 2.325575769757143973e+01 2.125664177763526297e+01 2.195307965447560150e+01 2.487304549538340481e+01 2.657652712614009616e+01 2.344101606620883160e+01 2.457531337990083387e+01 3.340213627089012505e+01 3.915073046871930984e+01 3.945026436380128132e+01 2.923138664127528230e+01 2.823260284915174978e+01 2.418246047911413044e+01 1.785896751028972673e+01 8.836790818242601375e+00 8.399763014058256871e+00 1.370599936128122565e+01 2.117979091444447448e+01 2.657724968033947377e+01 1.648420084559438337e+01 1.149220883266148086e+01 7.012006449722052892e+00 7.331510135399714301e+00 1.673016619720808862e+01 2.150153087100230209e+01 2.453402537371075098e+01 3.452134770306662404e+01 3.837022978203263079e+01
3.962370847149454534e-02 7.119161417146937509e+00 5.636963978912254092e+00 8.486944661526266032e+00 1.225440193215476725e+01 1.672218899227564748e+01 2.379689632374975261e+01 3.380256406397666069e+01 3.122930290250574004e+01 2.125007057266130772e+01 1.509617242471408716e+01 1.489389751437996168e+01 2.374558372477909174e+01 2.145534545347457822e+01 1.655161462015594509e+01 1.925758471568869368e+01 2.506320752708201383e+01 3.503200039611160577e+01 3.576266176444071476e+01 2.983523917682598636e+01 2.539684234136205276e+01 1.968614507416296178e+01 1.037417466716212111e+01 9.931655317742356104e+00 1.672041440035041404e+01 2.209277046371151343e+01 2.800958082866365473e+01 2.762539096521286552e+01 1.755928257964139050e+01 1.178036641675237917e+01 1.248668400442008064e+01 7.975818466546987118e+00 8.502893303360727018e+00 1.438620654714781644e+01 2.416011276246538841e+01 2.860976120220097130e+01 2.947396648982481437e+01
2.605283927408929001e-01 2.392535556296998323e+00 9.318147813662093881e+00 7.696978352445885463e+00 1.237422985430840860e+01 2.220218345546931360e+01 3.087103814125710244e+01 3.418505985991116347e+01 3.005179051809667357e+01 2.477328207270191740e+01 1.477284842088437067e+01 1.158327456147163304e+01 1.522961570172205548e+01 1.439520502666031909e+01 1.673132940908744004e+01 1.885465702799955778e+01 2.479953189525705071e+01 3.479027807640694903e+01 3.152694531779110321e+01 2.128590204076667902e+01 1.545839481968867624e+01 1.258441186346676055e+01 1.051158223244666878e+01 1.113205270806455616e+01 1.431416292159501324e+01 2.417876952070187357e+01 2.981639141210787614e+01 3.175053857603405660e+01 2.607550214693358015e+01 1.754825209874555725e+01 2.010849180351111798e+01 1.019077621757412366e+01 8.803033805096637465e+00 9.643151789770003646e+00 1.999035398762387317e+01 1.859119711990650003e+01 1.957486467220759252e+01
3.048053885361223792e-01 8.936288736658523746e+00 1.653467172070008218e+01 1.596534298680118802e+01 1.472252428654127954e+01 2.470976874365302578e+01 3.454407769720921095e+01 3.005179048415962484e+01 2.006509994661447038e+01 2.137013602842067428e+01 1.987604340616217158e+01 1.070921139923619059e+01 1.159173836237027544e+01 1.749926746605303052e+01 2.656026569261316084e+01 2.717743160802950442e+01 2.593421822096936324e+01 3.590132534872515180e+01 3.063868803096543658e+01 2.029851796919336593e+01 1.456479579237768185e+01 1.400967728609225205e+01 1.670097534688183316e+01 1.426738419046959372e+01 1.312236479907243769e+01 1.556229564617769512e+01 2.542149312303367736e+01 3.251892941602679343e+01 3.175104331263254664e+01 2.762587917666789039e+01 2.424499102261982841e+01 1.751250785928160170e+01 9.348611059496720443e+00 1.000722159634855757e+01 1.212355139937061566e+01 -1.062069536261128491e+02 1.364549283122468637e+01
5.470844782054917754e-02 4.526844402820135116e+00 1.030034709471641108e+01 2.030034709471684451e+01 2.470976874365303644e+01 2.885226586298747620e+01 2.822086699690330747e+01 2.037841288918431104e+01 1.872691812338682027e+01 1.304601529423920958e+01 1.016174853181740190e+01 9.372766912866984157e+00 1.837013804632427849e+01 2.572005305220890747e+01 2.559644547329585862e+01 2.973319374148652727e+01 3.590132534875742465e+01 4.002990035934458746e+01 3.495282980121643135e+01 2.906385106241510030e+01 2.022091810087783514e+01 1.890355150785562088e+01 2.642082065029529048e+01 2.410285095898668573e+01 1.549003280997121124e+01 1.531674663228400846e+01 1.802163109464176216e+01 2.530445963575750667e+01 3.556923679964462082e+01 3.253288686427362109e+01 2.259368954008632002e+01 1.540448111258662145e+01 1.775805501028522215e+01 1.217948980155553684e+01 1.141019124092180625e+01 1.237451731932144483e+01 1.322961880819106106e+01
