output/example/elevation_average_000082.asc
nrows	75
cellsize	133.333333333
xllcorner	0
ncols	75
yllcorner	0
NODATA_value	-9999
[rows 51 to 67 of 75, columns 37 to 73 of 75]
1.922900836052251918e+02 2.888926884489421241e+02 3.099539300252949374e+02 3.213761602614571871e+02 2.417574240017426064e+02 2.537337358077765828e+02 3.479872808324038829e+02 3.803350081398415909e+02 3.295382216136490570e+02 4.112364381054165960e+02 4.280499256135774431e+02 4.456744880973865861e+02 4.064072004812074397e+02 4.913297576675283267e+02 4.426061292516038748e+02 5.067972184482957232e+02 5.955771747566659542e+02 6.059944618755993133e+02 5.787213871158256779e+02 5.994185314475039377e+02 6.034348426987071434e+02 5.648359261740342845e+02 5.063165425778264535e+02 5.725843053233855926e+02 4.797215019955921775e+02 5.065841509739682920e+02 4.908951093786830029e+02 3.969716776394944304e+02 4.909485311550926667e+02 5.167077005001717680e+02 6.092736454136128259e+02 5.477871530509825106e+02 4.544113429996251625e+02 5.167787631348398918e+02 4.534680942779263546e+02 5.468440836615859553e+02 5.795455320551521936e+02
2.888347757730884382e+02 2.304073703010601548e+02 3.265342269425058817e+02 3.767701301661941216e+02 3.099973700989169743e+02 3.494732111055032533e+02 2.717130986004149236e+02 2.849992988036194674e+02 3.004711355514933189e+02 3.163618259370044825e+02 3.334001167125104530e+02 3.512578229920236481e+02 3.737779323521712058e+02 3.977387818407319173e+02 4.916960520356598181e+02 5.724706356382282593e+02 5.624280355275953980e+02 5.277234721316773403e+02 4.889905851835420094e+02 5.074247895061662348e+02 5.718024267909340779e+02 6.359580757776776636e+02 5.989846856528733952e+02 6.106135902743000088e+02 5.727760731413477515e+02 5.378677481857851035e+02 4.443612814066495957e+02 4.910920583428786586e+02 4.230613514749217643e+02 5.168450085870656494e+02 5.846906418940183130e+02 5.706600411268947255e+02 4.779217562876656871e+02 5.705578939572322952e+02 5.468462889379743501e+02 4.865986984672625795e+02 5.795492752651540513e+02
3.655081604457716935e+02 3.265366320958919459e+02 2.758112643125648447e+02 3.712531894675545914e+02 4.051084180903438323e+02 4.062009866221077914e+02 3.272550647773845753e+02 3.394616734663534316e+02 3.947697957015201951e+02 3.716027046266422076e+02 4.272356607828199344e+02 4.062241085240245297e+02 4.667466118118487657e+02 4.675010861193093206e+02 5.172499542607214380e+02 5.147435761994486256e+02 5.043520218023718940e+02 4.457415043301933224e+02 4.299751146230606196e+02 4.401076642621117117e+02 5.318524360567928397e+02 5.948923578232949012e+02 5.972768549386132690e+02 6.353805785808923474e+02 6.033894038284391854e+02 5.107405857502497497e+02 5.107366142535751692e+02 5.549837127246826185e+02 4.896325145567637946e+02 4.533416703189594728e+02 5.467113284568945346e+02 6.088373648348897405e+02 5.709967552934364221e+02 5.176121176695523900e+02 6.094790869498051507e+02 5.795599415329083968e+02 5.263907417289719888e+02
3.907405018279023352e+02 4.102195301007266153e+02 3.314765539495439839e+02 3.527921449318467921e+02 4.473478464464223521e+02 4.607415569674564040e+02 4.221514155208544139e+02 4.316417634099213387e+02 4.726119567428846722e+02 4.658417695127150182e+02 5.042778255355319743e+02 5.000090368440928046e+02 5.382607941407748058e+02 5.586069552706402419e+02 4.970018348207401573e+02 4.427451211667195139e+02 4.698755738021499155e+02 3.860892036191048646e+02 3.790285575976179189e+02 4.695462799718781639e+02 5.396333243814922298e+02 5.035461831227435141e+02 5.048655031229288852e+02 5.971039889962089546e+02 6.410430869772038704e+02 6.033935042894421485e+02 6.033807712551035820e+02 6.203236637211366542e+02 5.465599454100268986e+02 4.884690657507400715e+02 5.024292202204031241e+02 5.951657196477513025e+02 6.401509460749741720e+02 5.485885933050943777e+02 6.401374817714072378e+02 6.564060218373978159e+02 5.795710331613543076e+02
4.308127517807422464e+02 4.647305773359845489e+02 4.263070840307435674e+02 4.473495724462680982e+02 4.378292140130807297e+02 4.372585681390542049e+02 4.758185645491515174e+02 4.538978807388133987e+02 4.162416986504509850e+02 4.374421382463473833e+02 4.759770419151344072e+02 4.897166485741922202e+02 5.279836516509928970e+02 4.814611898327351582e+02 4.418857998251792196e+02 3.755572117680827091e+02 4.300894062977677663e+02 3.364986585121601479e+02 4.240218784254486195e+02 4.478189339178975388e+02 4.503595354354712867e+02 4.368843528242921934e+02 5.276366428297509401e+02 5.657561329195074222e+02 5.864143793550944110e+02 5.987423762030275611e+02 6.375749267317270323e+02 6.761813475790744405e+02 6.179889384949680107e+02 5.265527210358701495e+02 5.951571899196549111e+02 5.661445086929098807e+02 6.580183776566746019e+02 6.177547495305319671e+02 6.121167708484138075e+02 7.030561861092766094e+02 6.446927387057650094e+02
4.687914992010866513e+02 4.234243003539774577e+02 3.858341188178391121e+02 3.884002722775157963e+02 3.457387046320685613e+02 3.425163413791854623e+02 4.371486065387333042e+02 3.989801343804871863e+02 3.211841164116138430e+02 3.426657629932185500e+02 4.224910905473277012e+02 3.956339916536612122e+02 4.894483737396558922e+02 4.413754089548141906e+02 3.482465440840832116e+02 3.219049991096604231e+02 3.864858321302329500e+02 3.131016689069859353e+02 3.339475470532324834e+02 3.578802961676341852e+02 3.868457955044579535e+02 4.760978941846257158e+02 5.356721876597614482e+02 4.727160110595281708e+02 4.935517847099095547e+02 5.071442468790578459e+02 5.882408937175766823e+02 6.273406881785208498e+02 6.565409560217456146e+02 5.910448070934788802e+02 6.562452420614488346e+02 6.580152778836361449e+02 6.872387201896008264e+02 7.061451121554366637e+02 7.008598998710558590e+02 7.342146518968953615e+02 7.355577129231577374e+02
4.266097955411218550e+02 3.697283694377990741e+02 2.941697782485497896e+02 2.931196612542721596e+02 2.747747091546039542e+02 3.704020965652844666e+02 3.673812798661641068e+02 3.282636323864838914e+02 2.642798087813433199e+02 2.945547594686921684e+02 3.284420089608569242e+02 4.233940405280899881e+02 4.429649469713561984e+02 3.934185568794521259e+02 3.513435017138303351e+02 2.771373478420779861e+02 2.915838524610939544e+02 3.851572857443126168e+02 3.899693898726399652e+02 4.521599242165681858e+02 4.805277973961199791e+02 5.074597495093642578e+02 4.693421920936263518e+02 4.050719225128601124e+02 4.290612536110185715e+02 4.605790540592039974e+02 4.967261246224226738e+02 5.626514079174688732e+02 6.546456094868595983e+02 6.826018167134802752e+02 6.495614221991141903e+02 6.127596720150155534e+02 6.499478783753553444e+02 6.853938985347566586e+02 6.529151511866197097e+02 6.882549595466240362e+02 7.323972455109521889e+02
3.539434621506267717e+02 3.130488730498104246e+02 2.359928598117170679e+02 2.261568792780897468e+02 3.223935703885885573e+02 3.392729891027716462e+02 3.000352658201887266e+02 2.321010582577737864e+02 3.282704707874310088e+02 3.895212490057619448e+02 4.227415771058726364e+02 4.282939621406704305e+02 3.758185808669862240e+02 3.090436777851220427e+02 2.585432744525365365e+02 3.544225165555418471e+02 3.868406697490068495e+02 4.258909455859046034e+02 4.830528470432083736e+02 5.224073532617478577e+02 4.807138651458371896e+02 4.421856792554737581e+02 3.749283717871477393e+02 4.641188857070772542e+02 5.186134524325207167e+02 5.531115687417075151e+02 5.882496233675686881e+02 6.273425443723090211e+02 6.214598867456024891e+02 6.099598711263711266e+02 6.023999181917372425e+02 5.201563146009785896e+02 6.023996017981444311e+02 6.404009632453802396e+02 5.620297279795258873e+02 6.074004022552578590e+02 6.826553558207713195e+02
2.959342201572909516e+02 2.194437078637692764e+02 1.867138503766173869e+02 2.650866328945576242e+02 2.694613389825943273e+02 2.738037772857031769e+02 2.035052287908004303e+02 3.000442080847777220e+02 3.673961741661672136e+02 3.494087941303621392e+02 3.884486038297658865e+02 3.589049856888063346e+02 2.952612345376927010e+02 2.406321956314976092e+02 3.367401225343076021e+02 3.934217815277147565e+02 4.704052970721118072e+02 4.710751361397342407e+02 4.362609288157285619e+02 4.566376115327464049e+02 4.181090386058183981e+02 3.474167612839924004e+02 4.035368566449490686e+02 4.967871224562455268e+02 5.621519972318965301e+02 5.363590274106069273e+02 5.687213103833006471e+02 5.867556556836365189e+02 5.290048166866711199e+02 5.173408725794623706e+02 5.174010167886353884e+02 4.712670919369778062e+02 5.625854706162956518e+02 5.654111511464795967e+02 5.107124656649676808e+02 5.529523915458684087e+02 6.074568013965036926e+02
2.453633344107480525e+02 1.593691775497656806e+02 1.637596645742797534e+02 1.682010553572276592e+02 1.726085399122377453e+02 1.770047448547280737e+02 2.738757310664713032e+02 2.847346401066274666e+02 2.889657809237884862e+02 2.535086781226897870e+02 2.984244640894478948e+02 3.031588234466711924e+02 2.234301691496383455e+02 3.197425097090257395e+02 3.758305119897954114e+02 3.791201877214001570e+02 3.760787118870246672e+02 4.166996303834669675e+02 3.419619355696752905e+02 3.953223243417212984e+02 3.230459473055429953e+02 4.181143366218996107e+02 4.807349372412221555e+02 5.358545720451880925e+02 5.257327783227572127e+02 4.459632714700389329e+02 5.172990109153759022e+02 4.939010884497633924e+02 4.627596713861321405e+02 4.803047904620997315e+02 4.235592229217574527e+02 5.174014582389743282e+02 5.332940768176919164e+02 4.721611915698051121e+02 5.383305224369953521e+02 6.307087549949631011e+02 6.662132998607299896e+02
1.532394096274612707e+02 2.503695289274538993e+02 2.607069217623900954e+02 2.373684786484654694e+02 2.430163377973033505e+02 2.738140964145449061e+02 1.834021205964394312e+02 1.880637969190203194e+02 1.927092246549732693e+02 1.973576222702482426e+02 2.020378757601443169e+02 2.067012168548608031e+02 3.032219860924596446e+02 3.152720321979563778e+02 3.203074409747610503e+02 2.835802265630156285e+02 3.791153897701335040e+02 3.605557525584362111e+02 2.851163198071245688e+02 3.003065776015541246e+02 3.956781983392439770e+02 4.567948083683266418e+02 4.840542548128608473e+02 5.191647082964233277e+02 4.820559935533440807e+02 3.936572828910789212e+02 4.705257702071888275e+02 4.292205319863093678e+02 4.493903473965779085e+02 3.859748059066208157e+02 4.802787625423608233e+02 5.042469425529764067e+02 4.396475068587940882e+02 5.333039032832822386e+02 6.033278353501989386e+02 6.042144798122174052e+02 5.761422674123000434e+02
2.441141003820417836e+02 2.041418924593700126e+02 2.951837827386738695e+02 3.324394943583167219e+02 3.381369225398238996e+02 2.980407226074851792e+02 2.018148823297707395e+02 2.846699210421717794e+02 2.891072102230360770e+02 2.502310456928689746e+02 2.985091094330120427e+02 3.031766871843296371e+02 2.138565371172568916e+02 2.189540954934419119e+02 2.240551780640739139e+02 3.203691379635312728e+02 3.407515238057159195e+02 2.647459140847266781e+02 3.605515575019776975e+02 3.954298432125886507e+02 4.344565759682870976e+02 4.175003660860526224e+02 3.898152063893524542e+02 4.814575787190057099e+02 4.461742343720507051e+02 3.556223457305962370e+02 4.176478421541099237e+02 4.354324010070385498e+02 3.546653754046980680e+02 4.493846388919225205e+02 4.767582535209040202e+02 4.102208765180361070e+02 5.042425244576774617e+02 5.713682392027948254e+02 5.607682847002109838e+02 5.115022003689311987e+02 5.797570202158703978e+02
2.839368225572011397e+02 3.005830698607437057e+02 2.722638336263893848e+02 3.644935734945746049e+02 3.666508120460000555e+02 2.723624277034932675e+02 2.983787626803812145e+02 2.314794902883564589e+02 3.276770405306979228e+02 3.461203420205678754e+02 3.747546399649836530e+02 3.443999139831112757e+02 2.542026150507691966e+02 2.859313559007057393e+02 3.203093204665346434e+02 2.313363782921241523e+02 2.450288858334151030e+02 3.410891661142549651e+02 3.995358680396160480e+02 3.627730803730993330e+02 3.701982483578634060e+02 3.225028159452427872e+02 3.833457274018331304e+02 3.951981828238293133e+02 4.041394061319109028e+02 3.216611627196684822e+02 3.310860048013612982e+02 3.406496440284619780e+02 4.354863750607806878e+02 3.708947152722072360e+02 3.825097534158393273e+02 4.768815585068857672e+02 5.134083751652024148e+02 5.303837209916888469e+02 4.674794871673454395e+02 5.607704939437606981e+02 6.418976174729180002e+02
2.670014742169918236e+02 3.375839310842659415e+02 3.678823156907567977e+02 4.036224284411189842e+02 4.050346606562811758e+02 3.680540892113203881e+02 3.030548193347486290e+02 3.276732084976679289e+02 2.669959375406198205e+02 3.627535617717146010e+02 4.003370182813511633e+02 3.120119186550882091e+02 3.500107678432315765e+02 3.814420366121466941e+02 3.264051962344785807e+02 3.275583795137778225e+02 2.391789905446028399e+02 3.353202252102400394e+02 3.510860897023927123e+02 2.669679384834302596e+02 2.751806925466202642e+02 2.834229817854949260e+02 2.918620120894130991e+02 3.003741781870770637e+02 3.089908412988776263e+02 4.042725619407356703e+02 4.219112326439172875e+02 4.096927643359532567e+02 4.187961660994903355e+02 4.653859436608713054e+02 4.767558096942768202e+02 4.037650829873261387e+02 4.197537203171556826e+02 4.369230080027928693e+02 5.306015312953024932e+02 5.176442176791614429e+02 5.642702637760014568e+02
2.017903112208282153e+02 2.983132181372033074e+02 3.729226428263941671e+02 4.136915663020851639e+02 4.680471552622103104e+02 4.369909778655539299e+02 3.787140461486726508e+02 4.016974869622336541e+02 3.271301206853809163e+02 3.121303164802997685e+02 4.073022547554972448e+02 4.072368564250850227e+02 4.061443801056195184e+02 4.600536041124869371e+02 3.817838873540300710e+02 2.868539076789157320e+02 3.353129086924338367e+02 2.471019028999018587e+02 2.553514244025701032e+02 3.512893391526054643e+02 3.707201128820935878e+02 3.788766553099560497e+02 3.608971124204420562e+02 3.558628111529106377e+02 4.040740680904463602e+02 3.604963270720384116e+02 4.551300538677604663e+02 5.016795953434671560e+02 5.126048530088091866e+02 5.508632344617367380e+02 5.361216228943267197e+02 4.634600920064468710e+02 4.743494780450621988e+02 5.301393342681341210e+02 4.860309306518288963e+02 5.520920065882185099e+02 6.102796890707130615e+02
2.983127667888397809e+02 2.385600911893853606e+02 2.792651698570684857e+02 3.364180034274436935e+02 4.311501875605338796e+02 4.910317185908202191e+02 4.659919396555957292e+02 4.590086546986729559e+02 4.204270619116123271e+02 3.823406457697122391e+02 3.720477289549202737e+02 4.664380707916504889e+02 5.001630506965423137e+02 4.394136270736725010e+02 3.457397419098737146e+02 3.811528310969301856e+02 3.169167092842513966e+02 3.427324596280231503e+02 2.579985813346825694e+02 3.538837292732438300e+02 4.020526672840663309e+02 4.524442951713300545e+02 4.551251220690629111e+02 4.504661075009650517e+02 4.890538327498682065e+02 4.299874147882087527e+02 4.377662851498116652e+02 5.314113891056385910e+02 5.850178795919294998e+02 6.092831106617358046e+02 5.918122961938801154e+02 5.558490197515304772e+02 5.673388129345670450e+02 6.054186212751848188e+02 5.389888444505401139e+02 6.169239706555906650e+02 6.817641488028339154e+02
3.737003260554528765e+02 2.944059087071154295e+02 3.161594032833243091e+02 4.098490462423922622e+02 4.606331521616226041e+02 3.974434541498704334e+02 4.149988906674269629e+02 5.057619308490326944e+02 5.073463280595684068e+02 4.762109663386083298e+02 4.664511517992615950e+02 4.664282808343486977e+02 5.596203355566186701e+02 4.790710365310673069e+02 4.061149885785059723e+02 4.508050064584651295e+02 3.880020852383641454e+02 3.219510178388098325e+02 3.538921606358834424e+02 2.690597886934231724e+02 3.648291480137117446e+02 3.580504030060674268e+02 4.526894650692900655e+02 5.171064796791989693e+02 5.296154288270386132e+02 5.232106788066640775e+02 5.314094330213300736e+02 5.566297543437705144e+02 4.923074430430544339e+02 5.167160083948334659e+02 5.477661110500322366e+02 5.450583034604998147e+02 6.327551936845983391e+02 6.599619222267104988e+02 6.296767577748547637e+02 6.652769955304461291e+02 6.968238443159791586e+02
