output/example/elevation_000048.asc
nrows	75
cellsize	13.33333333
xllcorner	0
ncols	75
yllcorner	0
NODATA_value	-9999
[rows 0 to 16 of 75, columns 37 to 73 of 75]
4.066090485402177990e+01 4.066090485402177990e+01 4.481327668501197081e+01 4.675905697378721015e+01 4.260593794952628599e+01 4.500107791066163543e+01 4.915604336259915641e+01 4.569455322945213283e+01 4.569455322945213283e+01 4.985004569516237893e+01 5.660929270810903802e+01 5.244145025907645419e+01 5.260516676557693216e+01 4.843968370241962873e+01 5.260516676557693216e+01 5.410455569783938046e+01 4.993583641330667433e+01 5.410455569783938046e+01 5.470067538076086322e+01 5.765090819124267085e+01 5.724230098437519842e+01 5.305103766402150711e+01 5.724230098437519842e+01 6.560578800258085153e+01 5.877898966396371350e+01 5.469200694805292073e+01 5.546589425793352746e+01 5.546589425793352746e+01 5.958683478276470424e+01 6.685302623276272982e+01 6.106886563545982227e+01 5.692056106274209526e+01 5.335737970857747570e+01 5.466608581864221605e+01 5.881929193184524252e+01 5.743998380649544089e+01 5.743998380649544089e+01
3.065429841251919996e+01 3.065429841251919996e+01 4.066090485402177990e+01 3.890089849002131217e+01 3.259827761561447090e+01 3.499115804107539418e+01 4.276733577179768275e+01 3.568462584843296526e+01 3.568462584843296526e+01 4.569455322945213283e+01 5.081405002742592103e+01 4.241390520483639648e+01 4.758905998533789017e+01 3.841747428772556816e+01 4.758905998533789017e+01 4.908581862642215299e+01 3.990942363307359386e+01 4.908581862642215299e+01 4.465954772303128095e+01 4.760052592322048071e+01 5.220804618857009416e+01 4.300327816703644856e+01 5.220804618857009416e+01 5.815175877059124332e+01 5.178303277852158715e+01 4.463543437524605650e+01 4.539282962972164626e+01 4.539282962972164626e+01 5.546589425793352746e+01 6.270673989061656073e+01 5.268478417905863864e+01 4.684236227023299648e+01 4.321437931633664675e+01 4.454260602388945500e+01 5.299085931643277547e+01 4.735023807366892612e+01 4.735023807366892612e+01
2.358219854174421215e+01 3.358516558257031903e+01 3.597362126940165439e+01 2.889519557830885077e+01 2.682358365943893119e+01 3.682801256178397864e+01 3.435023735602645445e+01 2.861127337135589599e+01 3.568462584843296526e+01 4.569455322945213283e+01 4.665204442269986629e+01 3.663419235776520821e+01 4.086823483630799814e+01 3.341436674359924552e+01 3.807575738886583139e+01 3.956826519444191348e+01 3.490553066670590709e+01 4.126115354414206848e+01 3.757709809629642450e+01 4.559294929384275008e+01 4.802715778219563703e+01 3.799758651933984055e+01 4.378043487725716432e+01 5.390444105360741389e+01 5.430706217219385223e+01 4.834316195091734869e+01 3.810887578506085305e+01 4.834316195199455279e+01 5.016643313735895759e+01 6.021422427363447838e+01 6.106886563545982227e+01 5.692056106274209526e+01 4.882129203400594974e+01 3.858168473746537330e+01 4.520104415597040060e+01 4.009663213357502087e+01 5.030545617836579453e+01
2.069569717472356274e+01 2.745252504171795493e+01 2.790257544189516281e+01 2.182350363863450227e+01 3.182579811061144071e+01 3.069755596905500283e+01 2.434695740090881699e+01 3.435023735602645445e+01 4.276733577179768275e+01 4.337810334225687114e+01 4.631473443460077988e+01 4.086823483630799814e+01 3.085798400803796326e+01 3.614935734160933833e+01 2.806796929670908369e+01 2.955872528711495306e+01 3.124913725882803917e+01 3.124913725882803917e+01 3.333455525825815613e+01 3.557118098996662781e+01 3.799758651933984055e+01 3.799758651933984055e+01 4.802715791552896718e+01 5.727536597922133410e+01 4.721555214808714140e+01 3.996857986069257151e+01 3.532302493855872427e+01 3.996863149833187379e+01 5.016643313735895759e+01 5.582655728688892083e+01 5.287941573479461255e+01 5.236744624946566518e+01 4.818996425354798419e+01 4.520104415515112350e+01 3.490180253779051611e+01 4.520104415510165552e+01 4.449404483942984712e+01
2.745252504171795493e+01 1.745261989830298077e+01 1.790237762106099595e+01 2.532053777983949416e+01 2.745252456044177336e+01 2.069569744139023015e+01 3.069755596905500283e+01 3.849912236351376293e+01 3.999642915574597879e+01 3.336634645621481354e+01 3.629872200453264952e+01 3.864466963454423620e+01 3.449291290123249354e+01 2.614344097399558464e+01 3.614935734160933833e+01 3.956826519444191348e+01 3.702531160858688963e+01 4.126115354414206848e+01 4.041204557915378359e+01 4.559294929384275008e+01 4.802715778219563703e+01 4.802715791552896718e+01 5.220804618857009416e+01 5.416084792826388394e+01 5.016643312818218448e+01 3.996863149833150430e+01 3.266241202102082042e+01 3.996863149833187379e+01 5.016643313735895759e+01 4.569159033994125707e+01 4.271429557742327177e+01 4.818996425423679142e+01 3.795521835606163563e+01 4.095290602233203714e+01 3.296086703932725470e+01 3.607322128813884632e+01 4.338105190065981986e+01
2.532053737983949304e+01 1.532252831213402722e+01 1.532252831213402722e+01 1.532252831213402722e+01 1.745262016496964819e+01 2.745252456044177336e+01 3.484504908265049039e+01 3.999642915574597879e+01 2.998743186042965903e+01 2.629320136184856693e+01 3.182411708503296310e+01 3.289065092827161862e+01 2.448822291304778531e+01 3.449291290123249354e+01 3.148943171040491862e+01 4.150049662605376000e+01 4.704742091905584545e+01 5.121487940255362048e+01 5.044528208817459358e+01 5.380796018621478538e+01 5.118374049980562290e+01 5.535258787792434987e+01 5.416084792826388394e+01 4.402146900316099476e+01 4.588207970318674711e+01 4.101101047837519786e+01 3.075977607037196293e+01 4.101101047837519786e+01 4.926981020198768846e+01 4.569159033994125707e+01 3.544019668962663161e+01 4.021198994330881504e+01 3.892360586334894634e+01 3.070544251401357272e+01 4.095290601838774336e+01 4.635463258154180011e+01 4.338105190065981986e+01
1.532252831213402722e+01 1.532252831213402722e+01 1.532252831213402722e+01 1.532252831213402722e+01 2.532053777983949416e+01 3.065370408183699169e+01 3.438629969958174115e+01 3.853631647590939480e+01 3.182411708560534436e+01 2.182093868332606235e+01 2.182093868332606235e+01 2.288694008298625704e+01 3.289065126237496628e+01 3.864468036394113426e+01 3.726601374634652331e+01 4.150049662605376000e+01 5.152788173928931315e+01 5.212438887134700138e+01 4.794245599230634980e+01 4.364860888598488486e+01 4.098832929910802392e+01 4.948840389287087049e+01 5.457187964046264739e+01 4.588207970318674711e+01 3.565015022084956087e+01 3.917045601618367812e+01 2.899100024637400352e+01 3.483838396056266618e+01 4.508817649518665860e+01 4.987826032645309482e+01 4.021198994330881504e+01 3.000734893750390953e+01 2.875746631065769421e+01 3.892360586334894634e+01 3.795521835606155037e+01 4.818996425154264074e+01 5.353349139708407023e+01
2.436504242359638184e+01 2.031981821149514289e+01 2.532053764650616046e+01 2.532053777983949416e+01 1.650816137183790033e+01 2.650731119059221186e+01 2.438211575405417975e+01 2.952353306603687244e+01 3.045636845176004925e+01 2.182093868332606235e+01 2.182093868332606235e+01 3.182411708560534436e+01 2.823252880457165404e+01 3.823971992323073721e+01 4.728490781162411594e+01 5.144754627156196847e+01 5.493402081240315482e+01 4.794245599239217626e+01 3.770328711081207018e+01 3.636710653306826657e+01 3.502235636177919531e+01 4.019363894798462411e+01 5.040119524928461203e+01 5.006340358338310637e+01 4.041288334196718068e+01 3.022853486458436123e+01 2.737923802083810543e+01 3.448036216328574000e+01 4.470257234337586283e+01 4.427352036306849214e+01 3.698499911503930804e+01 2.691797083437809590e+01 3.698499906559148087e+01 4.313710038038411199e+01 4.818996425274747253e+01 5.236744587782698801e+01 5.621058056714086604e+01
2.851041097865239848e+01 3.032125681485051416e+01 3.032125681485051416e+01 3.065370408183699169e+01 2.650731119059221186e+01 1.771505770561331872e+01 1.860881943649752657e+01 1.952138365114799257e+01 2.045378997575125979e+01 3.045636845176004925e+01 3.182411708560534436e+01 2.998743186029138030e+01 3.823971991346582655e+01 3.530653303941528520e+01 4.532105949112346366e+01 5.194359879426251325e+01 4.478926235559229951e+01 4.984421253973710719e+01 4.070227024245799186e+01 3.044521156853682697e+01 4.070227024245799186e+01 4.948840389287087049e+01 5.457187964046264739e+01 5.059874902617625025e+01 4.461570587186142944e+01 3.585830424157229146e+01 2.584426259201955034e+01 3.399909026991065275e+01 3.819983329911522674e+01 3.411919468498248165e+01 3.411919468498248165e+01 2.575806083333579721e+01 3.067150537558851653e+01 3.786621834036481005e+01 4.807697561943108155e+01 4.905963227088769685e+01 4.609761250275082745e+01
2.666432045026361308e+01 3.434739725138191346e+01 4.032882657750144517e+01 3.772252920923427411e+01 2.771573505502060186e+01 2.104744611690632183e+01 2.861038140418674658e+01 2.529501077227488182e+01 3.045636845176004925e+01 2.752552601442033975e+01 3.753204801316421424e+01 3.999642910426626941e+01 4.415095664476547910e+01 4.532105949112346366e+01 4.947998482682310595e+01 4.776059331409260977e+01 3.754141739728672178e+01 4.129741897268340267e+01 3.540808209649694760e+01 2.823005625472327296e+01 3.840872219820625588e+01 4.500041896452486156e+01 5.088288053426352064e+01 4.641948572452792376e+01 3.619295773644949321e+01 3.111410137301916379e+01 3.399909026991065275e+01 2.406050342616572024e+01 3.399909026991065275e+01 3.254756412210175398e+01 2.417933024691132005e+01 3.411919468498248165e+01 3.997363793072894822e+01 4.506115570502128520e+01 4.905963226300178093e+01 3.883867321074664147e+01 4.519647284366370599e+01
2.019896188207756182e+01 2.727010172207135241e+01 3.727456941271735502e+01 3.812528575834529221e+01 2.811915030279653038e+01 2.811915030279653038e+01 3.104987952397402040e+01 3.529980193987984904e+01 3.945053117515972474e+01 3.753204801316421424e+01 4.168441392423575564e+01 4.631293356044064780e+01 5.049814190416059034e+01 5.060531856932539085e+01 5.437835949365897648e+01 4.422776699546072621e+01 3.697583920416175829e+01 3.108896817883326946e+01 3.633101071202348464e+01 2.625166198622062907e+01 3.061188381340931386e+01 3.647385125687243601e+01 4.669558424725420309e+01 5.059874902615914039e+01 4.550553267140650604e+01 4.130622173048872980e+01 3.274716273985958992e+01 2.283364205702179106e+01 3.101892652350085555e+01 2.264154372663785963e+01 3.254756412210175398e+01 3.832111065977628783e+01 4.677234734103372205e+01 4.418402264043919558e+01 4.519647284366370599e+01 3.493748995726147655e+01 4.519647282266885213e+01
3.020034246649984766e+01 2.727010172207135241e+01 3.727456941271735502e+01 4.227703705169738413e+01 3.812528575834529221e+01 3.812528575834529221e+01 4.105885404916136849e+01 4.225438849150032894e+01 3.805463586566286693e+01 4.225438849150032894e+01 4.462972693571032323e+01 3.612351963254636900e+01 4.462972693571032323e+01 4.044255384403346198e+01 4.761143315818328858e+01 4.562090477836426317e+01 4.139398473574022574e+01 3.673206099175074257e+01 2.665072478417806678e+01 2.437072578580300330e+01 3.435428779584733405e+01 3.942254590190540853e+01 4.363118317580423877e+01 4.872921065174607236e+01 4.605505313638382603e+01 4.105729028658726776e+01 3.681667469775972279e+01 3.101771360183627380e+01 2.111156328212361544e+01 3.101755431841158028e+01 3.671673493864373938e+01 4.376498639278115377e+01 3.657330469642713666e+01 3.398349374226216213e+01 3.882319666488497489e+01 3.199967084114827998e+01 3.711784079402541892e+01
3.969661482750649384e+01 3.727456941271735502e+01 4.142469278069248872e+01 4.689468400216063060e+01 4.270206406560362211e+01 4.138278796891324873e+01 4.557832631831732328e+01 3.719997195796334211e+01 2.795833966827876083e+01 3.719997195796334211e+01 3.955283524783539661e+01 3.028063457054015473e+01 3.698969599361397798e+01 3.325328554878471010e+01 4.341915871646801861e+01 4.139398474425489383e+01 3.114552837376457362e+01 3.414723172881828361e+01 3.261637272291770984e+01 2.269021239261427425e+01 3.261637272260696818e+01 2.926481462555039315e+01 3.430981136245807761e+01 4.453528044052396240e+01 4.189078509075503121e+01 3.191924512902711086e+01 2.701787449234470628e+01 2.358501710755824377e+01 2.029226025990453053e+01 2.723388377169244023e+01 3.693585696153400733e+01 3.869528068510241781e+01 2.942569378626042109e+01 2.690529299281040210e+01 2.867917125617795548e+01 3.882319666488497489e+01 4.643602523436674545e+01
4.420428950672880575e+01 4.000946169584499756e+01 4.420428950672880575e+01 4.270206406560361501e+01 3.255275734328701276e+01 3.123752984125467336e+01 3.972372067266632456e+01 3.300648776697080677e+01 2.299607756254991031e+01 2.946727329796830830e+01 2.946727329776360449e+01 2.622342096751470564e+01 2.691256184330435630e+01 3.269334786770766499e+01 4.285861667710369716e+01 4.139398467882654131e+01 3.114552837375761030e+01 2.407869516111712471e+01 2.935758878589714271e+01 2.126557726863966380e+01 2.435080261324194595e+01 3.434368026385985218e+01 4.363118317580423877e+01 4.872921065174607236e+01 4.605505313637836906e+01 4.105729028650928569e+01 3.690054101138382947e+01 2.944923158600758839e+01 1.948834107903022783e+01 2.944923158600758839e+01 3.643708705217638055e+01 3.226380980707747170e+01 2.452336098720910229e+01 3.449311445584101676e+01 3.882319666488497489e+01 3.370572749210730734e+01 4.095766406579202368e+01
3.914233024504042646e+01 2.988690662660920339e+01 3.914233024504042646e+01 4.246382993243578596e+01 3.234600293316643160e+01 2.547121944706276153e+01 3.552542045791133773e+01 2.946727329796828698e+01 1.943560524637779707e+01 1.943560524637779707e+01 2.946727329641066362e+01 2.248081641086056948e+01 2.821557026760714137e+01 3.831257026363013551e+01 4.705228648407081238e+01 4.378781755520237340e+01 3.838321046363531508e+01 2.935758878605315303e+01 1.939738050878170128e+01 2.776267902251013098e+01 2.776267902222683404e+01 3.782326762603502601e+01 4.281567158484956082e+01 4.701173179444463557e+01 4.282146586307661096e+01 3.699346509639711655e+01 3.280648204120038969e+01 2.868308110233170538e+01 1.867543431881760441e+01 2.868308110121675369e+01 3.014824615428462096e+01 2.234203489259171604e+01 3.226380980835345014e+01 3.794627809358434689e+01 4.491001453253012698e+01 4.394066583649949820e+01 4.095766406579259211e+01
2.991594810840925689e+01 2.488371205559142041e+01 3.494818416122708982e+01 3.949257147418575187e+01 2.938579731904735581e+01 2.232019759574393092e+01 2.880134546269257712e+01 3.163892083500204322e+01 2.746093958059763551e+01 1.943560524637779707e+01 1.943560524637779707e+01 2.946727329871284340e+01 3.667526521406748685e+01 4.251159140304539363e+01 4.674543680228451592e+01 3.666556919106305656e+01 2.959863320000237152e+01 2.468737744626687558e+01 2.776267902307064972e+01 1.771094826629386176e+01 2.665935939679591726e+01 3.083388176816896120e+01 3.264921050080484122e+01 4.114825702956535025e+01 3.862663036012265394e+01 2.854583776416270169e+01 2.279610682064710048e+01 2.702698921292479284e+01 1.785507605430849409e+01 1.904080448183124474e+01 2.021021784185372638e+01 2.198580342158224710e+01 2.380526551185077011e+01 3.374719682755649330e+01 3.471926424822576251e+01 4.491001453253012698e+01 5.114226916792304678e+01
1.985277726111274532e+01 2.646430898369187545e+01 3.064541007214631563e+01 3.357666051560524068e+01 3.653676451362849775e+01 2.880134546269257712e+01 1.873200614441032030e+01 2.553442039457333479e+01 1.735818773998498799e+01 2.746093958059763551e+01 1.943560524637779707e+01 2.444949048329285191e+01 3.020582250072589048e+01 4.033059807542429098e+01 4.745755623275687185e+01 4.326725084669149624e+01 3.877118331666837747e+01 3.460826363045472931e+01 2.665935939687249601e+01 1.653065582007678458e+01 1.653065582007678458e+01 2.665935939687249601e+01 2.687234574498011952e+01 3.694606254127047862e+01 3.622886119888084977e+01 2.617032240377799113e+01 2.617032240377799113e+01 1.689038284823971026e+01 2.702698921171696966e+01 2.903006108736091306e+01 3.014824615577990485e+01 2.894718768085228788e+01 3.374719682755649330e+01 2.654094338606369519e+01 3.658930176830736514e+01 4.418684863970361221e+01 4.455794538331451804e+01
