output/example/elevation_000040.asc
nrows	75
cellsize	13.33333333
xllcorner	0
ncols	75
yllcorner	0
NODATA_value	-9999
[rows 17 to 33 of 75, columns 0 to 36 of 75]
1.309999999999999880e-02 1.001309999999996236e+01 1.083547013565027761e+01 1.319431596978061005e+00 8.390826540466109762e+00 1.594819828071708834e+01 1.278908847773546675e+01 2.788108784670382256e+00 2.788108784670382256e+00 2.788108784670382256e+00 2.788108784670382256e+00 9.859967823292185685e+00 1.733730596812601732e+01 2.193635253964519194e+01 2.607794201952322055e+01 2.539582863568748294e+01 2.953797538610036710e+01 3.133861516345382725e+01 2.796764605145451910e+01 2.358651923955380880e+01 1.658476183696302542e+01 2.701988254035177661e+01 2.743349436469833691e+01 3.656358723383578280e+01 4.500386678213648395e+01 5.073933159893134359e+01 4.566943180296505034e+01 4.155103600073231718e+01 3.373255062282231620e+01 2.386752474503083121e+01 3.085464041643977140e+01 3.041324461695909065e+01 2.399535116143374225e+01 3.392330710108256397e+01 4.302866305779457434e+01 4.339359133674379621e+01 3.456174238068790316e+01
1.379999999999999977e-02 1.001379999999950599e+01 8.352140956605609290e-01 1.083547013565679151e+01 1.546206728999319147e+01 2.253330800507631437e+01 1.693138425533210878e+01 8.562282247983464600e+00 1.278908874440213417e+01 3.531405593733033754e+00 1.278908901106879981e+01 1.693138465533210990e+01 2.400280114419658872e+01 2.570754032948423529e+01 2.156516141163519151e+01 2.570754032948423529e+01 2.829194556648221237e+01 2.084226957551257442e+01 2.110857857236918989e+01 1.329767064331056581e+01 2.358651923955380880e+01 3.143255163526012907e+01 3.858442720071151655e+01 4.303101397367396430e+01 5.291278157180560271e+01 4.515406030062870713e+01 3.714738232308300070e+01 3.183365385594332153e+01 2.844617444734052114e+01 3.085464041643977140e+01 2.096121940511146065e+01 2.049005090746642921e+01 3.041324461695909065e+01 3.805279172105026930e+01 4.261405554312557342e+01 3.968221161622858517e+01 3.869669245643478206e+01
1.379999999999999977e-02 3.538102004590236160e-01 1.035391299511862861e+01 6.180586445971990806e+00 1.195427341482280248e+01 2.195438905920048001e+01 2.270521056146310812e+01 1.856301347992107154e+01 9.306391633437126387e+00 1.353358591891368334e+01 4.606658338083270188e+00 1.461081504800756470e+01 1.656244904183406774e+01 1.656244917516740145e+01 1.155973720536626814e+01 1.661701461008855674e+01 2.093964620115609776e+01 1.364239529251571881e+01 1.089192354185567169e+01 2.110857857236918989e+01 1.742585442615390789e+01 2.783674925606343820e+01 3.724765369708037355e+01 4.260228650286830288e+01 4.726393952814178334e+01 4.312755935530182683e+01 4.566943180296505034e+01 4.155103600073233139e+01 3.423858001425298880e+01 2.722172744637436992e+01 2.226319215894736558e+01 1.821085408160591257e+01 2.813670784975610317e+01 3.607074886046432027e+01 3.267566462027856034e+01 2.977345782915158878e+01 3.680440660213847082e+01
1.290000000000000001e-02 2.307057338705615912e+00 1.230705733870564877e+01 1.618081959999215513e+01 1.618081959999215513e+01 2.609653218363196459e+01 2.637954435897749406e+01 1.637892797752483531e+01 1.930804069960704794e+01 1.711093956004097905e+01 7.107705558359010745e+00 5.742780802440959675e+00 6.554157723465405816e+00 6.554157723465405816e+00 6.554157723465405816e+00 6.554157723465405816e+00 1.660040570609628929e+01 8.619756641107624517e+00 1.877948665652940008e+01 2.546525268333975944e+01 2.783674925606343820e+01 2.224207503864375113e+01 2.745709783192195275e+01 3.819512665187391320e+01 4.150940126303795807e+01 3.316825707331665996e+01 4.150940126303795807e+01 4.834184632599685472e+01 4.129021317151627102e+01 3.631625234344488007e+01 2.677970050711788730e+01 1.684156398784421427e+01 2.199732438552556246e+01 2.903403662299493604e+01 3.267566462027856034e+01 2.280050916232297453e+01 2.739717199673562575e+01
1.290000000000000001e-02 1.001289999999996283e+01 5.737029041555786968e+00 1.573702904155575055e+01 2.365880939537889560e+01 3.032303714988698928e+01 3.052171489201462862e+01 2.637954435897749406e+01 1.810584537973103281e+01 1.103264737388109928e+01 1.711093956004097905e+01 1.281932669644854350e+01 1.656244904183406774e+01 6.554157723465405816e+00 6.554157723465405816e+00 1.656244930850073516e+01 6.554157723465405816e+00 1.667242118221978942e+01 1.877948665652939653e+01 2.918944705102385839e+01 3.724765369708037355e+01 3.282611224189793120e+01 3.724765369708037355e+01 4.260228650286830288e+01 3.737755350185685188e+01 2.739094951400762668e+01 3.737755350185685188e+01 4.177506846103826632e+01 3.764053700307404426e+01 3.654989591355383283e+01 3.090281563719614866e+01 2.490992522380163265e+01 1.495515695429232039e+01 2.312917618950280030e+01 2.725481140072691844e+01 2.739717199673562575e+01 1.749098024203671287e+01
1.309999999999999880e-02 1.001309999999996236e+01 1.573702904155575055e+01 9.516673771648045843e+00 1.951667377164797657e+01 2.752434363258025130e+01 3.166647925631117388e+01 3.223644103087005419e+01 2.419563163522333937e+01 1.419659649613839747e+01 2.419563163522333937e+01 2.282293545616828112e+01 2.070553643217288808e+01 1.656244917516740145e+01 1.656244930846850494e+01 8.412879921339381895e+00 1.664724035042430828e+01 9.444339473514920869e+00 1.962228850375569777e+01 2.616868279083517734e+01 2.988927991201038381e+01 3.431682782478275584e+01 3.966677939833778765e+01 4.089893619449552631e+01 3.092564703833539497e+01 2.384541830789985184e+01 2.958217116516627243e+01 3.371811541692957093e+01 2.765267732310357118e+01 2.655930838431636332e+01 3.362150213595047887e+01 2.903403662299493604e+01 2.021399249135541609e+01 1.316077696129622332e+01 2.142587051493400807e+01 2.555332499769108168e+01 2.317315763981993015e+01
1.349999999999999985e-02 7.084567811865461806e+00 1.708456781186539075e+01 1.951667377164797657e+01 1.398880972664760947e+01 1.752434363258032235e+01 2.329784632447653792e+01 3.329784632447639581e+01 2.833189119749998852e+01 1.866974923824001564e+01 2.833189119749998852e+01 3.160169274430867503e+01 2.762168084813346169e+01 2.027569509758389898e+01 1.032260592401641119e+01 1.840746197867347433e+01 2.252457241045790681e+01 1.658002702078993096e+01 1.261312942951995630e+01 1.578899080493383700e+01 1.936584209422584379e+01 2.453483125161614709e+01 3.524372857240462764e+01 4.240255769520193496e+01 3.243244666742687343e+01 2.535790608405821445e+01 1.959333088968784509e+01 2.615602721624815885e+01 2.948548372359226732e+01 1.949711420155995256e+01 2.948548372359226732e+01 3.429563031009845986e+01 2.725481140072691844e+01 1.850802913015306217e+01 1.144735729756239451e+01 1.979094277901989329e+01 2.392004264555479054e+01
1.349999999999999985e-02 1.001349999999996321e+01 1.769126995841354599e+01 2.216340708197650855e+01 2.398880972664753841e+01 2.752434363258025130e+01 3.166647925631117388e+01 3.743998194820728997e+01 3.280039319558390076e+01 2.574030844958654285e+01 3.280039310498522553e+01 2.762168084801859180e+01 1.775150543630348210e+01 1.459007914934579730e+01 1.186810080599678585e+01 1.892498974367715547e+01 2.875975991510182439e+01 2.692182879625835668e+01 2.288633598219071530e+01 1.767132176483543304e+01 2.823365766134911325e+01 3.431682782478275584e+01 3.966677939833778765e+01 3.834193102460607605e+01 3.421223076654482753e+01 3.321970007047467988e+01 2.323015811986086732e+01 1.620461284693812587e+01 2.315556288930701001e+01 1.620461284693812587e+01 2.615602721624815885e+01 3.535431500515650072e+01 3.259862086522906566e+01 2.555332499769108168e+01 1.979094277901989329e+01 9.807812301842231406e+00 1.819748669275374908e+01
1.359999999999999924e-02 3.549133905932739363e+00 8.021269860932333629e+00 1.509233767295304141e+01 2.509233779423587407e+01 2.769896679373865567e+01 2.879286466145435242e+01 3.293499035812843800e+01 3.435222808622305735e+01 3.572980552845227464e+01 3.378036295003356315e+01 2.404263153657502272e+01 2.762168084813360025e+01 2.339044131974544527e+01 1.347154068179527364e+01 2.339044131975646224e+01 2.585461152431832232e+01 3.553313050701743947e+01 3.269181968083888989e+01 2.287048455386037560e+01 3.269181968083888989e+01 3.980668881493576094e+01 3.567629755112594836e+01 3.258888126978666833e+01 2.424989466045466102e+01 3.258888126978666833e+01 3.029235197311148653e+01 2.315556288930701001e+01 1.322870817563875256e+01 1.322870817563875256e+01 2.315556288930701001e+01 2.537480690244202464e+01 2.720954463284124003e+01 2.308259374659258611e+01 2.308104373162812450e+01 1.819740029391415348e+01 8.214143870456826590e+00
1.369999999999999864e-02 1.001369999999996274e+01 1.769126995841354599e+01 2.216340660561798614e+01 2.453668357300855973e+01 1.769896703977358499e+01 1.879286503442363809e+01 2.618726285618481953e+01 2.435222879564306453e+01 3.435222808622305735e+01 3.771710172331013666e+01 3.098123859205927388e+01 3.137412130800280963e+01 2.159615018756642968e+01 2.339044131975646224e+01 1.597261456610104347e+01 2.585461152431832232e+01 3.392192842100934769e+01 3.785307461246603111e+01 3.388665391001379845e+01 3.843438398031054959e+01 3.405517985284986793e+01 2.571842660678090553e+01 2.846047333393613954e+01 1.848156057117395790e+01 2.546021189207969115e+01 2.958982726708411093e+01 2.728883589958036637e+01 2.040234876052145907e+01 1.047530384804430348e+01 1.542989061860087574e+01 2.537480690244202819e+01 2.308274861214456308e+01 1.310030137101514214e+01 1.310029128846255908e+01 1.998777304827780554e+01 1.632838357119202755e+01
1.290000000000000001e-02 1.001289999999996283e+01 1.531063616637154823e+01 2.160772268089890602e+01 1.453668937538462025e+01 1.062789922811094101e+01 1.330051164723517587e+01 1.618726299318328543e+01 2.065939894818283307e+01 2.643290164004325504e+01 3.643290105374997268e+01 4.053804693782396384e+01 3.532870470073139302e+01 2.932858034118052259e+01 1.950271270904504206e+01 2.585461152431832232e+01 2.022479759596629023e+01 2.708525814483056848e+01 3.629425776907132928e+01 3.995709771629476847e+01 3.497871309520744632e+01 2.992711808085278236e+01 1.994889543673410159e+01 2.416618855123684639e+01 1.471124813651915630e+01 1.548326052667863095e+01 2.281714561281864206e+01 2.671983201070973379e+01 1.883948338016048041e+01 8.988941359514434737e+00 1.687398189988390129e+01 2.100054149694208760e+01 2.015559892953444887e+01 1.602413334786956511e+01 6.026156199753664566e+00 1.592955189304620767e+01 6.321107337466647103e+00
1.379999999999999977e-02 1.168500538379250164e+00 1.116850053822626343e+01 1.469212058536357723e+01 7.465621567942571701e+00 1.746562156419124889e+01 2.330051154978476191e+01 2.618726285618481953e+01 3.032939186792278363e+01 3.480152470168055601e+01 4.057502058414788593e+01 4.286122172102896855e+01 3.338077533730449886e+01 2.649993520403335268e+01 2.265274577167680903e+01 3.241598890691664536e+01 2.592672970571427982e+01 2.718331895891725480e+01 3.676081782503000994e+01 3.582813531777999572e+01 2.587609961659211777e+01 2.087450497362010537e+01 1.733704498606234168e+01 1.418447726227366168e+01 1.190360990636593641e+01 9.732381301156625142e+00 1.301958032976261137e+01 1.938257478509727250e+01 1.528041126564189334e+01 1.530767178451302080e+01 6.925844534388078344e+00 1.551300973328543620e+01 1.572177543197731175e+01 6.026156199753664566e+00 6.026156199753664566e+00 6.026156199753664566e+00 1.602789741527309175e+01
1.359999999999999924e-02 1.001359999999996298e+01 2.835167205045914240e+00 4.692120586816430183e+00 1.469212058536357723e+01 2.160775705238575739e+01 2.622576615537973055e+01 3.036790281432010730e+01 3.079940818562745974e+01 3.494154558593390192e+01 3.431448757417361151e+01 3.845662526862057717e+01 4.007516778724466633e+01 3.583635731660855583e+01 2.616209453001095397e+01 3.583635731660855583e+01 3.277449995193536836e+01 3.676081782503000994e+01 4.066053788310143347e+01 3.995709771629476847e+01 3.497871309520744632e+01 3.085211746718606918e+01 2.732449874006000456e+01 2.416618855123684639e+01 2.187622693059528700e+01 1.724848213384951379e+01 7.275233529880135386e+00 1.498882568234154355e+01 5.299740105466381301e+00 5.299740105466381301e+00 5.505341472009135373e+00 5.505341472009135373e+00 5.717873577449738676e+00 1.571806839393880395e+01 6.026156199753664566e+00 1.296739988855580350e+01 2.027672664244114742e+01
1.359999999999999924e-02 1.001359999999996298e+01 2.835167205045914240e+00 1.283516733795124232e+01 1.676638807312475521e+01 1.856244109343248638e+01 1.622576615054514804e+01 2.263444236381178953e+01 2.079940817027110356e+01 2.798993224483530184e+01 2.431448755994090405e+01 3.138555537169145992e+01 4.138555542067732063e+01 3.974657067902566610e+01 3.182201562166412145e+01 3.974657067902566610e+01 4.220622930723723698e+01 3.819317839263436554e+01 3.405715847322589696e+01 3.819317839263436554e+01 4.035722304305145514e+01 3.456871903270015167e+01 3.042416776149395830e+01 2.658409493652629152e+01 3.074569957800305531e+01 2.134312745428797697e+01 1.498859913531577348e+01 5.006152958756334037e+00 1.498884277299750956e+01 1.530767154947441000e+01 1.551292482812188744e+01 5.505341472009135373e+00 1.551301077856198773e+01 1.985194794174725175e+01 1.746230912054475226e+01 2.072996975592611690e+01 2.661093390208490561e+01
1.319999999999999993e-02 1.001319999999996213e+01 1.283516733795124232e+01 5.099721406668435542e+00 6.766388073335099840e+00 8.562441093602844333e+00 1.045226345864897510e+01 1.263444236100889206e+01 1.521643125848049394e+01 1.798993223960662036e+01 2.298993223960658483e+01 3.006100005142226550e+01 4.006100008729610096e+01 4.521370495632326225e+01 4.132005005137371967e+01 3.939924306441539414e+01 3.526277609558851367e+01 3.319959385011993902e+01 2.406918842287327465e+01 3.319959385011993902e+01 3.622407382533342712e+01 2.617834184363664463e+01 2.026429005025225294e+01 1.637081005276378676e+01 2.201657508179349776e+01 2.123402114556715148e+01 1.177796309821566467e+01 4.802369047961837722e+00 1.187353400061848063e+01 2.185722576406698181e+01 1.656157836465130018e+01 6.558907312756152130e+00 1.656157909380086934e+01 1.808637122211459314e+01 2.221789837195886719e+01 2.927318446492025927e+01 3.100946951748587921e+01
1.019999999999999900e-02 7.081267811865462392e+00 1.708126781186539134e+01 1.217078921853161511e+01 1.253989076523132162e+01 1.856244109343248638e+01 1.622576615054512317e+01 2.263444236101069151e+01 2.521643126225900389e+01 2.798993224483530184e+01 3.213206901586642772e+01 3.713206964620536610e+01 4.080606980992379818e+01 4.489302798706108888e+01 4.110532571881833519e+01 3.526277609558851367e+01 2.527592544187572088e+01 2.820100627565088658e+01 1.906984078451368703e+01 2.906317344804957870e+01 3.187160551616233661e+01 3.456871903270015167e+01 2.790113766417903207e+01 1.770877629116856156e+01 1.190948002301414554e+01 1.844192163905744763e+01 1.459138698085647157e+01 4.597448903086748473e+00 1.240414197911961480e+01 2.327197563915185086e+01 2.069419342168670539e+01 1.656157909380084448e+01 8.087641319349533120e+00 8.087641319349533120e+00 1.516261227898518982e+01 2.383892278927527641e+01 2.105146842318105982e+01
7.249999999999999500e-03 7.078317811865462161e+00 1.707831781186539288e+01 2.217078921744764131e+01 2.253989077526817653e+01 2.668202741489723095e+01 2.622576611073694508e+01 3.036789304695277281e+01 3.076950863318659302e+01 3.169435673392554875e+01 3.578426515081155657e+01 3.383129612898579808e+01 3.094225027585833843e+01 4.080606980992379818e+01 3.696914029560354464e+01 2.698529361217748246e+01 2.198630260108192402e+01 1.820700394666309307e+01 1.553596918393690451e+01 2.258291883792198362e+01 2.188199074247033238e+01 2.894517314261918273e+01 3.205801085812114337e+01 2.619996037669779909e+01 1.844317735575139139e+01 8.581098889658393958e+00 6.501066898218686774e+00 4.441946251121418499e+00 1.290635718080698524e+01 1.447136550647758746e+01 2.501568072512375451e+01 2.221789823861855240e+01 1.516261214565185611e+01 1.808637122211459314e+01 9.707159548913077529e+00 1.970886153144772024e+01 1.397930147856311578e+01
