output/example/elevation_000374.asc
nrows	75
cellsize	13.33333333
xllcorner	0
ncols	75
yllcorner	0
NODATA_value	-9999
[rows 0 to 16 of 75, columns 37 to 73 of 75]
4.732418664377345152e+01 5.147158891553545601e+01 5.837234288242123625e+01 6.156983536619200947e+01 5.873315817684080997e+01 5.720644313963291694e+01 5.316963365982687861e+01 5.381886772453447065e+01 5.785417823257009928e+01 5.486047464358684067e+01 5.064365887722035353e+01 5.064365887723632653e+01 5.064665609396901402e+01 5.487524406221309192e+01 5.469068142522633735e+01 5.047984336005717410e+01 5.180831213312185213e+01 5.601365439033711624e+01 5.879155656311424138e+01 6.100166496915683467e+01 5.802992195624605642e+01 5.776081718015922917e+01 5.643346989954131487e+01 6.062678463131499740e+01 6.650815055644795848e+01 6.646004655204210110e+01 6.242685002537432126e+01 6.368866190827033336e+01 6.772456428985829291e+01 6.653020584504821500e+01 6.248598921633508496e+01 6.248597806179311931e+01 5.957475994960007171e+01 5.554373890439201489e+01 5.957468713321175358e+01 6.180947003005035612e+01 6.055149542394984508e+01
3.720355281890517318e+01 4.426586666988850283e+01 5.217341428186918506e+01 5.171198490600323794e+01 4.880371998924186272e+01 5.146099523543640686e+01 4.313302743060858546e+01 4.379423722371391392e+01 5.211423135168186604e+01 5.064365887722035353e+01 4.038495932249310982e+01 4.038495932249310982e+01 4.038500485457327471e+01 5.064634545389957765e+01 4.878475811590654843e+01 4.024248814839831567e+01 4.157080804900255089e+01 5.180831213312185213e+01 4.854341151289141720e+01 5.077935307367576456e+01 4.777606910759482872e+01 4.749105173654627521e+01 4.615466365422138040e+01 5.210180504928023026e+01 6.235063412567809848e+01 6.086603048869630328e+01 5.275756158391219941e+01 5.401334386638474427e+01 6.212698199180202607e+01 6.248598921633508496e+01 5.279049819550053968e+01 5.279049818118224380e+01 5.469463662858346709e+01 4.577247488849319978e+01 5.469459080119872851e+01 5.213297693137025135e+01 5.087914234469793229e+01
3.415300737367017092e+01 3.794158055740911806e+01 4.804814292980450574e+01 5.171198510013134353e+01 4.165520085393808358e+01 4.590631453452859034e+01 3.727907509361782701e+01 3.794081832112549790e+01 4.651682092029932392e+01 5.058674446980297290e+01 4.338966285591727967e+01 3.314922044696970715e+01 3.920886969833388491e+01 4.344269854845195056e+01 4.438111301499216665e+01 3.435005945190790300e+01 4.456930357281609645e+01 5.154502370351831786e+01 4.129884796291721472e+01 4.429988335611017192e+01 4.053431499749212463e+01 4.024535472320782503e+01 4.749105174836522281e+01 5.776082381983270864e+01 6.185541575964804650e+01 5.652709840222145488e+01 4.714511357676629899e+01 4.841017805134980989e+01 5.810261443229244094e+01 6.248598921633508496e+01 5.279049819550053968e+01 4.586500515757120411e+01 5.065808958824495534e+01 4.058897623960547207e+01 5.065808907387734905e+01 4.519349148365204627e+01 4.519349148365204627e+01
2.966438895973850620e+01 3.979724815929904480e+01 4.399166285429695478e+01 4.985101389311000730e+01 4.590631453452859034e+01 3.580220241756582311e+01 3.274435509903008068e+01 3.340598794057360976e+01 3.643497901509117298e+01 4.651687915935638529e+01 4.645506707676796765e+01 3.620739609178463780e+01 2.893368612787460137e+01 3.920884913099342839e+01 3.415937092914789730e+01 3.109804228827574946e+01 4.133753493997362938e+01 4.601651532383572629e+01 4.178957577244231913e+01 3.410294002345234787e+01 3.626479096294822568e+01 4.647725472659658408e+01 5.049899418213091451e+01 6.073716012161718680e+01 5.782889763980978159e+01 4.807916136764237791e+01 4.263464835419182464e+01 5.250668367853926810e+01 5.788865371206188826e+01 6.349994630823528041e+01 5.966035202027081397e+01 5.126309593573999734e+01 4.123797197671835590e+01 4.058897623960547207e+01 4.110411791446116325e+01 5.113361175260865110e+01 4.519349148365204627e+01
3.339021221010939655e+01 2.966443739014757242e+01 3.551964766861321010e+01 4.565979133434426984e+01 5.000276431170608760e+01 4.590630885787889781e+01 3.939072410577925609e+01 2.923046820831854475e+01 3.939072599411684905e+01 3.945657244894778160e+01 4.362120573459576889e+01 3.678671536999369351e+01 2.646305899673800610e+01 3.352227109625290780e+01 2.685243030091353234e+01 3.715700120437898590e+01 4.367389490380679717e+01 3.944929759699120808e+01 3.158851868042761879e+01 4.178957042968090718e+01 4.347185496006094496e+01 4.270546696016342025e+01 4.996488720462648558e+01 6.021703599799827344e+01 5.676890494171112067e+01 4.700993541047287749e+01 3.978363347909842673e+01 4.398205564419190239e+01 4.975514240884093198e+01 5.947144916545446591e+01 6.099789446548810190e+01 5.126309547273205425e+01 4.747395575707555082e+01 3.706813489755504065e+01 4.456697761304879890e+01 5.432146343868345184e+01 5.496716511841778185e+01
2.320092495874131444e+01 3.042138898679197112e+01 4.055758705882872306e+01 4.268490256977214159e+01 4.690487265778830306e+01 4.468708860888450118e+01 3.457531209225079749e+01 2.732705394910458807e+01 3.507248717917967440e+01 2.912249687091827610e+01 3.756384919669738309e+01 3.586135295791381594e+01 3.224586718251594419e+01 2.315556445496881111e+01 3.254256773449716889e+01 3.593783083600903439e+01 3.724090898500211466e+01 2.920945265739832308e+01 3.944929759699120808e+01 4.601643353224287125e+01 5.373153723506266743e+01 5.296720745670457831e+01 5.717617104900504899e+01 5.417120196088183093e+01 4.971139370129466073e+01 4.563314077963042337e+01 3.732418326911167838e+01 4.761327776166056225e+01 5.050893034570580653e+01 5.460151759319516174e+01 5.924991334421227407e+01 4.944385706249865819e+01 4.588557411635271421e+01 3.531422450043437777e+01 4.588557733695969887e+01 5.085096865944332478e+01 5.085096438428832499e+01
3.098852109379543052e+01 3.758037010246417964e+01 3.552028175497183327e+01 3.255581204568113662e+01 4.268490748156208525e+01 4.658587956298067922e+01 3.950925761166252670e+01 3.506581687959981508e+01 2.479046427759690019e+01 2.313017454033499476e+01 3.124795650001261293e+01 3.079314469196985371e+01 2.189637496131283356e+01 3.224506377827192694e+01 2.468109422126772756e+01 2.578282363018362133e+01 2.693749919581190611e+01 3.724091960774361354e+01 4.367606248980246875e+01 4.813616061694636983e+01 5.236708894111531976e+01 5.670139411133459362e+01 5.704547875097799903e+01 4.727949542780046954e+01 4.005425739162890864e+01 3.518870983884055192e+01 3.518870983884055192e+01 4.332635053398231406e+01 4.036209081536782151e+01 5.050755937149389752e+01 5.766199249249991965e+01 4.944385977841042745e+01 3.920997211085592227e+01 3.362371790782076886e+01 3.707507135301745649e+01 4.074650786994237706e+01 4.798445779938229094e+01
2.942385028348344633e+01 3.552028082687125732e+01 2.567952486552306723e+01 3.552028221124908214e+01 4.157689692081700628e+01 3.509576721735197680e+01 4.144585226427628299e+01 3.921441590495511775e+01 3.507321874902992676e+01 3.124395156947451468e+01 2.095279028532003451e+01 2.067782056385738088e+01 2.797542159172408915e+01 3.643414235867278705e+01 3.513396025399787703e+01 3.039431981837207886e+01 3.711248240161271639e+01 2.938419845241286410e+01 3.964829402671533387e+01 3.787036793807008195e+01 4.220966053853759092e+01 5.063110940652386915e+01 5.576178413848857929e+01 5.417130367729370022e+01 4.563314367763833701e+01 3.518870983884055192e+01 4.332635053438698236e+01 3.275628250504173877e+01 3.814259352510039491e+01 4.403129822585664499e+01 5.370859859950331128e+01 5.006632744458634221e+01 3.983073910808413132e+01 3.205113889237630076e+01 4.282866948418345032e+01 5.085094247363631581e+01 5.085096336165965170e+01
2.594613423584303291e+01 3.017310919214553877e+01 2.251048052604708616e+01 3.204054676715606575e+01 3.665826123364668376e+01 2.695359130274241011e+01 3.665598854391105732e+01 3.781208420019068939e+01 3.291791072034355636e+01 2.872902587587976342e+01 1.949436251357701266e+01 2.976564468560487953e+01 3.538155737951393576e+01 4.245206726003123521e+01 3.966899510927136419e+01 3.707849565896140120e+01 3.910195753677106723e+01 3.964829402671533387e+01 3.197269183248128854e+01 3.197269183248128854e+01 3.614082983825441886e+01 4.125018441170661987e+01 5.154112723369366478e+01 5.554133205279328678e+01 4.563313854423877558e+01 4.563313573483342367e+01 4.186535307232670533e+01 3.125109023973487510e+01 3.956476858592530732e+01 5.098514397572665757e+01 5.356587267484440673e+01 4.834434516679714022e+01 4.149167173744404380e+01 3.070566298549169915e+01 4.149188528607798077e+01 4.750614082116952375e+01 4.750614909047581591e+01
1.585576419542717019e+01 2.594723666830952524e+01 1.991971737430965206e+01 2.706306296275985801e+01 2.816973646065055092e+01 2.247862145259892230e+01 3.245116228827634330e+01 2.765473783880882053e+01 2.770576566896611581e+01 1.849407859838613888e+01 2.872893454330498741e+01 2.597967191010780397e+01 3.327997878663341424e+01 4.352704511105031315e+01 4.856548527267115389e+01 4.593526119582335099e+01 4.834517446808153096e+01 4.644882724099774407e+01 3.920132090662656310e+01 3.197269183248128854e+01 3.787036793807008195e+01 4.813616061694636983e+01 5.576168186035550889e+01 5.228931981600100443e+01 4.728403357810531560e+01 4.308353648007233971e+01 3.904898104409499382e+01 2.979942786902655527e+01 4.044702498353982634e+01 4.917792507796943369e+01 4.939252241293471002e+01 3.907903970120694481e+01 3.356559487417755605e+01 2.942447633222737124e+01 4.018351280019026461e+01 3.714224676961077876e+01 4.459056330432610338e+01
1.438474369854322710e+01 2.274374414400860900e+01 1.990100811141563142e+01 1.654615715560600719e+01 1.819999596727067015e+01 2.615926403898187047e+01 3.057673532219942913e+01 2.639203139002567866e+01 1.751212802659061296e+01 2.770900261257435204e+01 3.297108257458956615e+01 3.628091275401045834e+01 4.050809492606401818e+01 4.647065106522921951e+01 4.227775916641052589e+01 4.283714015759906601e+01 4.703025873160050452e+01 5.369633357536895346e+01 4.517445616727597724e+01 3.492197166716418621e+01 4.517445616727597724e+01 5.236708894118384450e+01 5.518759603760776145e+01 4.535819830156316357e+01 3.813224563217578122e+01 3.279848414931895917e+01 2.835043374466999921e+01 2.835043374466999921e+01 3.464230736076033423e+01 4.506861831191305612e+01 5.349417465412311401e+01 4.804689599504239084e+01 3.895760659202804277e+01 2.821901930304816375e+01 3.163166838681712179e+01 4.232444809210179670e+01 4.750614880705990117e+01
2.203866850459171900e+01 1.226819323416937380e+01 1.290627410152589682e+01 1.517722627271831115e+01 2.285022706174693496e+01 2.501974778323159754e+01 2.521216421284743703e+01 1.656105863571773185e+01 2.345765021190207733e+01 2.403787981807113638e+01 3.275873996626931017e+01 3.796146075782960594e+01 4.225481859076118241e+01 4.064365399222239716e+01 3.219775239024544788e+01 3.275098759359023148e+01 3.986390165975217315e+01 5.001563981596999753e+01 4.941847485568727194e+01 3.948342031063633328e+01 4.328380909842928048e+01 5.358427938067102758e+01 5.002139997451740072e+01 4.591774118254911485e+01 4.198835726656063372e+01 3.904898474427695021e+01 2.835043374466999921e+01 3.745415925260361689e+01 4.167388806569066162e+01 4.607523716880449172e+01 4.530535682600140035e+01 4.104666859434298232e+01 3.776929054291693433e+01 2.706335793295639647e+01 3.048288921344196467e+01 4.122034791611827842e+01 4.925440222712368410e+01
1.147327730265679335e+01 2.203866291837044855e+01 2.274129226184629715e+01 1.384201348878935001e+01 1.447896999244056992e+01 1.507524398155641165e+01 1.562774887632325438e+01 1.648663687232824770e+01 2.643555001343185040e+01 2.773618789004968122e+01 2.443377748882356215e+01 3.189899853518972606e+01 3.219196764769220209e+01 3.219199395125011165e+01 2.645327418103336825e+01 3.645806054410463304e+01 4.426665689970848661e+01 4.932906229355506156e+01 5.410262439787747724e+01 4.542806203731120007e+01 5.358427938066579799e+01 5.171763743454919648e+01 4.167547792344324620e+01 3.552277340432062402e+01 3.139160875816006424e+01 2.835043374466999921e+01 3.745415925260265055e+01 2.666508242746348145e+01 3.588873476275740870e+01 3.585102012475239519e+01 3.965669334222497611e+01 3.155620170546831105e+01 3.523606521978059192e+01 2.594040283710472394e+01 3.591547608765903732e+01 3.584913919464868570e+01 4.090843369046572775e+01
2.133423701288979402e+01 1.535282232472736474e+01 2.288411395621768563e+01 2.802136604592794811e+01 2.175225107146786030e+01 2.236720512822063256e+01 2.495295346689132998e+01 2.088075315783419583e+01 1.775385310550671392e+01 1.775385310550671392e+01 1.775385310550671392e+01 2.773616662855036097e+01 2.917920479022789237e+01 2.219971601462694011e+01 2.597238344675714572e+01 3.002505994000215139e+01 3.501042033445404655e+01 4.215738160440091775e+01 5.232836107920872593e+01 5.595188820835871724e+01 6.022351552170869127e+01 5.580339474698316593e+01 5.002152893057176186e+01 4.012527096592901188e+01 4.198518946029121679e+01 3.464230736081231754e+01 4.167388803137875897e+01 3.588873476275740870e+01 2.498953776433343421e+01 3.435517475980061874e+01 3.557917601652476947e+01 2.799351802146836832e+01 2.434834803325629338e+01 3.523606521973703565e+01 4.071237157200865653e+01 4.546161205032523611e+01 4.925440219420435994e+01
2.114717921161857461e+01 2.262270954058694983e+01 2.112195400278494262e+01 3.052499556221073007e+01 3.268027531264725383e+01 3.325487001303766732e+01 2.852450632512743667e+01 3.058198960154457779e+01 2.350771024353789329e+01 2.773618789004682839e+01 1.775385310550671392e+01 1.775385310550671392e+01 1.918242266860300660e+01 2.917920479022789237e+01 3.430640632191377648e+01 3.848038797863904392e+01 4.336696938808707813e+01 4.754533985808252794e+01 5.262885620861532487e+01 6.023409441686307986e+01 5.617804974883483027e+01 6.023409441686307986e+01 5.447316899055305583e+01 5.031897506761170291e+01 4.917833227509574812e+01 4.506862608276261284e+01 4.750782442370118019e+01 4.013401964139254829e+01 3.435517678114151607e+01 2.337124146894581500e+01 3.289371674535054524e+01 2.326123427018913503e+01 2.326123427018913503e+01 3.441986897368779807e+01 4.184584743016136343e+01 4.557033279775156132e+01 4.995225032815237398e+01
1.029307454316738557e+01 1.809219343051431395e+01 2.858564562850427393e+01 3.476776172934355458e+01 3.910322129483308373e+01 4.140310856939549211e+01 3.752656614410499003e+01 3.768815604204329617e+01 3.351239545906406647e+01 3.050819494071233962e+01 2.051358072328480731e+01 1.775385310550671392e+01 2.773619259180185992e+01 2.213346114650926566e+01 2.431935937097915001e+01 3.430135608256205870e+01 3.326056929098864856e+01 3.828084239762281271e+01 4.846202260985326404e+01 5.538554741042410967e+01 4.656234502039923484e+01 5.546639047495214214e+01 5.785910580398955716e+01 5.383153141643351347e+01 5.785910380468753544e+01 4.925708698049628964e+01 3.906659149608050541e+01 3.286940430655035783e+01 2.869486560561190913e+01 3.289408329969714373e+01 2.189110671233540728e+01 3.289296570503199035e+01 3.441902753972308204e+01 2.749938749110336644e+01 3.068825539427207261e+01 3.439687669516919044e+01 4.006343892052759514e+01
1.125213694424256694e+01 2.214576132998769609e+01 2.628732608343337418e+01 2.916284030493448043e+01 2.916284319226222621e+01 3.682518600071813353e+01 4.175614719603191816e+01 4.189304057127622372e+01 3.182186707653743341e+01 2.477296765420839719e+01 2.932631646678484927e+01 1.930221283796501908e+01 2.932631864776969621e+01 3.212642242192748654e+01 3.135762464069197009e+01 2.794781368226131235e+01 3.369109660238574833e+01 4.380653812277330417e+01 5.261277952040494199e+01 5.122619852473383162e+01 4.152072417311484998e+01 5.146178269669167094e+01 5.294588158903064112e+01 4.394066200958004487e+01 5.294588158689911239e+01 5.333142328464286663e+01 4.750784694385141904e+01 4.337359536035476992e+01 3.940295365578406717e+01 3.621220211958631552e+01 3.191367849788387900e+01 2.189110671233540728e+01 3.289391192531896024e+01 3.862492804744396580e+01 4.184584743022347197e+01 4.557033279775224344e+01 4.995225032972261658e+01
