output/example/elevation_000041.asc
nrows	75
cellsize	13.33333333
xllcorner	0
ncols	75
yllcorner	0
NODATA_value	-9999
[rows 34 to 50 of 75, columns 0 to 36 of 75]
4.159999999999999636e-03 1.000415999999996330e+01 1.787103135324383629e+01 2.294197482425400381e+01 3.216764664550345998e+01 2.923869689626385338e+01 2.617825998441932356e+01 2.203610608234898294e+01 2.072937951343902441e+01 2.172597024800334964e+01 2.853447653922680516e+01 2.387968127814433572e+01 3.387972445816970435e+01 4.175901849252691278e+01 4.109058669354411109e+01 3.607801465814261377e+01 3.192398877176316319e+01 2.813779667629835046e+01 2.250660776070059299e+01 1.250315454984733066e+01 1.419944091124487962e+01 2.388211679143401867e+01 2.622506887237174311e+01 2.207835342360713327e+01 2.099674604794622468e+01 2.015526382853942522e+01 1.423808413309345156e+01 4.387055915623369273e+00 4.387055915623369273e+00 1.132557770312211431e+01 2.126956370131431484e+01 2.930208925265802478e+01 2.347572471516114589e+01 1.341752220486833913e+01 9.570327218515306100e+00 9.570327218515306100e+00 1.967408150439568360e+01
3.329999999999999627e-04 3.779977730353255794e+00 8.779980978626825916e+00 1.878486704468207691e+01 2.216760552551134111e+01 1.923866357896632451e+01 1.982747317134873555e+01 1.203609526341075409e+01 1.365830947471846102e+01 1.595246681342645445e+01 1.853445571097100242e+01 2.261693867447620576e+01 2.761694059664341694e+01 3.761700694860547856e+01 3.979732085778610440e+01 3.478644365270012173e+01 3.063417488532640576e+01 2.729557076032998353e+01 2.440383097639972121e+01 1.973214903120549479e+01 9.778429254010367444e+00 1.731789095945649137e+01 2.146268034524812762e+01 1.212975141902458098e+01 1.104420339128046358e+01 1.395535390172223877e+01 1.395535401310556267e+01 4.387055915623369273e+00 1.423808392875900708e+01 1.132557770572999267e+01 2.126956747196175712e+01 3.056170200204405418e+01 2.054061682026653557e+01 2.347572471502465064e+01 1.372371659625379436e+01 1.967408150439568360e+01 1.171958922757170818e+01
1.129999999999999928e-03 1.000112999999996255e+01 1.792390699894467332e+01 2.293773738496591008e+01 2.182514644071616772e+01 1.216759353844028091e+01 9.827464741913791713e+00 1.982747317134875686e+01 2.365831705387593331e+01 1.730979319345719247e+01 2.064312654261863855e+01 3.064315085028396268e+01 3.675903890240307703e+01 4.175901849252691278e+01 3.564392991850427705e+01 2.562441985214852380e+01 2.061836251033716394e+01 1.727829030425904477e+01 1.438681601927975962e+01 1.190017618995210569e+01 9.593066053026877427e+00 7.438025355620919932e+00 1.546716458505306946e+01 1.395535390185475677e+01 4.100060322192728535e+00 4.100060322192728535e+00 4.100060322192728535e+00 1.395535234630083288e+01 1.837090556120731222e+01 2.126956747196175712e+01 2.541777930580093781e+01 3.472034478417721459e+01 3.056170200204405418e+01 2.793408912387391752e+01 1.876923019728029729e+01 2.595382216358028060e+01 2.179900997482812386e+01
3.329999999999999627e-04 1.000033299999996217e+01 1.871449577543748788e+01 1.457229496997695328e+01 1.582023634504830056e+01 7.695457578357680184e+00 1.269545760166963788e+01 2.269547082015929718e+01 3.145184762481510887e+01 2.438086571308296158e+01 2.730980315768403344e+01 2.598835312540613174e+01 3.305944915408755946e+01 4.305951831328027168e+01 3.979732085778610440e+01 3.478644365270012173e+01 3.063417488532640576e+01 2.729557076032998353e+01 2.146960361691852270e+01 2.189957723711771820e+01 1.954269580769780390e+01 1.546716458505306946e+01 5.624259397978789821e+00 1.367956677342164440e+01 4.100060322192728535e+00 4.100060322192728535e+00 4.100060322192728535e+00 1.395535403518809048e+01 1.943256913911388395e+01 2.373846467010082151e+01 2.788807593869174184e+01 3.703796033519067521e+01 3.288691481227992597e+01 3.294651691088008505e+01 2.878922189763632034e+01 3.294651691088008505e+01 2.819859503084330399e+01
4.329999999999999539e-04 1.000043299999996194e+01 1.284454687089997549e+01 4.572285955194288931e+00 5.822285955194289819e+00 1.582250897034159998e+01 1.769546421139784087e+01 2.269547082015915507e+01 3.269551383748799367e+01 3.438098800855669879e+01 3.730973369110837012e+01 3.598840159848065667e+01 3.415335969427536611e+01 4.415340172881941783e+01 4.106740721110092096e+01 3.685304528801539448e+01 3.585731350964562836e+01 3.161489796440706002e+01 3.148768246298297058e+01 2.802005973555572638e+01 2.416716339640477074e+01 1.894869485535345888e+01 1.353155608678756927e+01 3.820216303330299823e+00 1.367956677342164440e+01 1.395535390185475677e+01 1.395535403518809048e+01 5.450611211636054776e+00 1.529500819781365273e+01 1.375071825322377705e+01 2.373846467010082151e+01 3.125375297719225998e+01 2.286960374164263143e+01 3.064486761965448025e+01 3.479562589102044967e+01 4.058039109004648992e+01 3.490204298428714225e+01
5.329999999999999452e-04 1.000053299999996348e+01 2.844549104031567577e+00 1.284210311156693862e+01 1.159579880980326472e+01 1.997434629561309904e+01 2.769549234016684380e+01 2.765046993732255842e+01 2.842395894634288567e+01 3.135283692070867545e+01 3.264935597517159493e+01 3.679141181976586950e+01 4.415340172881941783e+01 4.147358422648850507e+01 3.631411337866990152e+01 2.649014462061148834e+01 2.839177232458645506e+01 2.122948346231737915e+01 2.949752024047005605e+01 2.416716339640620959e+01 1.473559744265380012e+01 1.568259224542077845e+01 3.543984426980908431e+00 7.221711767515421876e+00 7.049288457160148624e+00 1.835045933815076324e+01 1.943257054451857613e+01 1.237692043280351939e+01 6.813379481264172810e+00 1.667606144995541939e+01 2.199208061330532615e+01 2.314005740084351714e+01 1.704492876777973365e+01 2.062813423570771931e+01 2.641066807062311383e+01 3.642889176832392906e+01 3.906387931135548541e+01
3.709999999999999756e-03 1.166186387438191696e+00 1.116618559084781026e+01 1.698666993250748192e+01 2.160062253274719524e+01 2.577912348883235794e+01 2.472155925359598783e+01 1.765058678924008717e+01 1.842408384250715514e+01 2.135297944940210613e+01 2.264953399059689687e+01 3.101801437205882905e+01 3.679141181976586950e+01 3.726382340233912061e+01 2.688039693118113505e+01 2.166254278572624159e+01 1.801654470554776566e+01 1.529263756306401767e+01 1.914445356997824632e+01 2.067855521766903948e+01 1.626588432963469089e+01 7.804314193976346736e+00 3.348680268534052207e+00 1.333664685911597303e+01 1.726136940237118722e+01 2.279093771724410189e+01 2.648822065623365063e+01 2.081939709526949045e+01 1.375071825322377528e+01 8.216442527902962922e+00 8.829687947200557829e+00 1.257536367678189926e+01 2.315815367100342925e+01 3.064486761965448025e+01 3.479562589102044967e+01 3.606447632040850237e+01 4.021579215875546964e+01
6.660000000000000121e-03 1.000665999999996281e+01 1.530831654206333248e+01 2.250666390843946019e+01 2.250610235926474090e+01 2.662284238183271157e+01 1.972159926728467383e+01 1.057953680706571653e+01 1.135303837748929823e+01 2.135297944940210968e+01 1.687606106510972381e+01 2.264953399059689687e+01 3.264935597517159493e+01 4.147358422648850507e+01 3.631411337866990152e+01 3.207211016676013315e+01 2.839177232458645506e+01 2.217679659168886275e+01 1.195652964786359540e+01 1.643699723187410910e+01 6.579194545832878660e+00 4.878756037244776245e+00 3.153982728318843520e+00 1.020989424490963948e+01 2.008794048224391204e+01 2.633865834471560774e+01 3.046707826201646796e+01 2.788807593697975662e+01 2.227748730460378113e+01 1.812983338779783438e+01 8.811272436869890257e+00 1.960566069424257307e+01 2.147615168735855917e+01 3.149525385914936848e+01 2.788515471890097430e+01 2.604689413749972715e+01 3.327996038217224140e+01
1.030000000000000013e-02 1.001029999999996356e+01 1.429350543887600367e+01 1.250619878658275042e+01 1.250642260077851198e+01 2.250610235926474090e+01 1.557951077965285336e+01 5.579537297766484549e+00 1.557951077965285336e+01 1.216201991222946788e+01 2.216196035225276262e+01 3.101801437205882905e+01 3.177008884253150356e+01 3.591214604259720033e+01 3.984441442917978549e+01 3.485022354262113709e+01 3.071452603443734475e+01 2.644594991939362316e+01 1.916300429044471443e+01 9.122985286751342571e+00 1.627818220180989073e+01 1.192062939128194365e+01 3.153982728318843520e+00 1.313909609001948731e+01 1.926809286820261136e+01 1.634219124501649034e+01 2.633852990781247172e+01 2.541758637019231415e+01 1.542944959723608989e+01 1.028280030131749356e+01 1.960566069424257307e+01 1.131678275300762770e+01 2.147615168735855917e+01 2.340543543573244278e+01 1.786819817976191516e+01 2.540947350546291972e+01 2.326475763795280116e+01
1.349999999999999985e-02 1.880809630188334525e-01 1.012155180952428601e+01 5.435096796879521186e+00 1.543575822075814230e+01 1.718160984654505796e+01 1.303951487578999924e+01 5.579537297766484549e+00 8.079537296659667689e+00 1.807950176287280897e+01 2.630402993640911546e+01 2.469913608518720238e+01 2.177025155419575952e+01 3.177008884253150356e+01 3.571034260939761396e+01 2.571870945947708620e+01 2.072704747274568149e+01 2.572078675359151489e+01 2.342469694349743037e+01 1.916300429044471443e+01 2.132114799872758937e+01 1.081291569173451350e+01 2.960437345129566022e+00 1.295304919273401545e+01 9.271283759151270232e+00 1.927012133328389965e+01 2.915843635610930562e+01 2.957339861167951867e+01 2.379763917964599074e+01 1.465926918214137764e+01 2.378269816818996674e+01 2.147615168735855917e+01 1.338058357201798110e+01 1.338058357201798110e+01 1.338058357201798110e+01 1.538928382069421374e+01 1.748299201401598779e+01
1.339999999999999872e-02 1.001339763879737355e+01 4.350886808955550245e-01 1.043507386507464396e+01 1.068249682474975160e+01 1.068249695808308530e+01 3.039534757857475622e+00 1.303951487578999924e+01 1.807950176287280897e+01 2.222158328923851656e+01 2.022703735721158225e+01 1.469921932734336067e+01 2.047270239203990982e+01 3.047255187743688154e+01 3.984441442917978549e+01 3.485022354262113709e+01 2.572078675359151489e+01 1.574725284819565019e+01 2.164910858683027683e+01 2.578381474240853777e+01 2.239524611238378426e+01 1.274360324014803147e+01 2.767148858478887696e+00 5.349236950167556515e+00 1.534829643840794589e+01 1.504454110476233275e+01 2.211494123464492034e+01 3.208183761029679459e+01 2.879949742112659905e+01 2.464240954979605647e+01 2.879699338679089493e+01 2.755532010597866233e+01 1.839701800319584279e+01 1.338058357201798110e+01 1.338058357201798110e+01 2.340543556906577649e+01 2.749768032468191237e+01
1.369999999999999864e-02 1.001369999999993432e+01 1.043507386507464396e+01 6.825118872372922807e-01 6.825118872372922807e-01 6.825118872372922807e-01 1.068249695808308530e+01 1.718160984654505796e+01 2.058949653061338481e+01 1.644741072807579840e+01 1.022708524784095196e+01 2.022703735721158225e+01 2.884119879839648348e+01 3.461460730164544231e+01 3.400976184178074391e+01 2.986770871550069373e+01 2.985692675717087141e+01 2.164910858683027683e+01 1.168112466100096647e+01 1.823011830682428069e+01 1.839050806334840260e+01 8.460018395320068052e+00 2.574445438612723791e+00 1.257419186581042325e+01 1.728455792527400448e+01 2.503880548981084075e+01 2.915843635610930562e+01 3.293131922341885343e+01 2.877090642009588706e+01 3.294036545310180486e+01 3.659341669322158452e+01 2.657553752179217454e+01 2.340543543573244278e+01 2.340543543573244278e+01 1.786819817976191516e+01 2.047152782215113831e+01 3.048851641129034107e+01
1.290000000000000001e-02 1.001289999999996283e+01 1.482459706507659547e+01 1.068249669141641789e+01 6.825118872372922807e-01 6.825118872372922807e-01 1.068249695808308530e+01 1.093191281237723445e+01 1.311408736331966907e+01 6.447440633807418386e+00 1.644741072807579840e+01 2.436911222320937398e+01 2.680950476775699443e+01 3.095156753009694484e+01 2.986770871550069373e+01 1.986787046846352922e+01 2.279675528025212117e+01 2.578381474240853777e+01 1.823011830682428069e+01 8.252638368559585658e+00 1.492129672679020480e+01 9.070298974924224211e+00 2.574445438612723791e+00 3.172064261942864949e+00 1.314326116864330096e+01 1.813237432964161755e+01 2.520263715762914458e+01 2.791180263007071716e+01 1.875771320986130419e+01 2.791180263007071716e+01 3.369316790034151410e+01 3.659341669322158452e+01 3.342316740977751266e+01 3.203536308302493296e+01 2.365176765322278385e+01 3.048851634584595161e+01 3.463917145589666546e+01
1.349999999999999985e-02 7.084567811865461806e+00 1.708456781186539075e+01 1.482459719840992918e+01 6.456014133920847442e+00 1.068249695808308530e+01 9.319282683267218204e-01 9.319282683267218204e-01 3.114107304019686939e+00 1.311408736331966907e+01 1.670539543491068102e+01 2.084748044451563942e+01 1.680961523075985653e+01 2.517813968007108372e+01 2.986770871550069373e+01 1.986787046846352922e+01 1.279683957276994732e+01 1.808274980821578026e+01 1.541014554810014836e+01 1.507598652354118762e+01 5.084442331380370383e+00 1.213231380254666547e+01 2.391259859462392612e+00 1.239010041113163396e+01 4.021728044281381642e+00 1.106210823016539635e+01 1.898791552813564465e+01 1.948982349176997531e+01 1.374501879588619779e+01 1.953177297153030167e+01 2.953975683321993628e+01 3.095383704483094789e+01 3.020753381949792171e+01 3.434907851825346370e+01 3.366806861232387149e+01 3.781918837157418523e+01 3.763587878840407797e+01
1.319999999999999993e-02 7.084267811865462505e+00 1.708426781186539145e+01 2.059806548692675676e+01 1.645597954907724159e+01 1.093191281237723445e+01 9.319282683267218204e-01 9.319282683267218204e-01 9.319282683267218204e-01 1.093191294571056638e+01 6.705430888887075724e+00 1.471154847445835934e+01 1.103612584499801663e+01 1.800294990518945326e+01 2.214503202158319439e+01 2.693881615512214012e+01 1.808274980821578026e+01 8.082780336430632318e+00 5.410149321573634928e+00 1.187461297629175228e+01 1.050915354245241318e+01 2.132326282292170916e+00 6.815106270706323244e+00 1.559488047069577377e+01 1.399031606387013227e+01 4.878573019967332058e+00 1.484493037865671106e+01 9.484062585810587365e+00 1.948982349176997531e+01 2.791180263007071716e+01 2.802531288533295140e+01 2.095518382738970331e+01 2.020870868926623132e+01 2.727942268459883834e+01 3.727661943350697982e+01 3.311147520457891602e+01 2.896993574761259183e+01
1.359999999999999924e-02 4.485735954999585218e+00 1.025923864689586118e+01 2.025923864689592691e+01 1.627712011118352464e+01 6.277152924475252860e+00 8.002993624633566228e+00 1.093191281237723445e+01 1.093191294571056638e+01 9.319282683267218204e-01 9.319282683267218204e-01 4.711573524461262430e+00 1.093191347904389943e+01 8.002994291300231211e+00 1.800294990518945326e+01 2.636330030686132275e+01 2.222482396097295876e+01 1.808274980821577671e+01 1.187461297629175228e+01 1.874599326055820470e+00 1.874599326055820470e+00 1.152917205623193020e+01 1.542822908392650305e+01 2.070145196416471833e+01 1.898791233347759899e+01 1.484493037865671106e+01 5.741147119476269545e+00 1.570751017480461798e+01 2.074976930648323403e+01 2.409804861639887719e+01 1.995419693110796544e+01 1.386536019139352938e+01 1.965764017358621274e+01 2.965665607348137200e+01 3.311147520457881654e+01 2.733268773774868521e+01 1.895639457885447143e+01
1.299999999999999940e-02 1.001299999999996260e+01 1.862787157873066946e+01 2.440137427062709108e+01 2.041920620534897779e+01 1.127715083067582924e+01 1.800294923852278473e+01 1.725644366361288462e+01 7.256482774295804461e+00 1.093191307904390008e+01 9.319282683267218204e-01 9.319282683267218204e-01 9.319282683267218204e-01 1.093191347904389943e+01 1.525268089069685118e+01 1.636341172617022366e+01 1.636341168358902820e+01 1.576019222863583558e+01 1.161820224287336067e+01 1.874599326055820470e+00 1.874599326055820470e+00 6.351244920478914757e+00 1.218107323325831537e+01 2.245606409192613029e+01 2.387774212608133695e+01 1.387129244562527575e+01 1.570751017462758270e+01 6.632426582405477333e+00 1.660487434135232121e+01 1.752240480740610096e+01 9.927661695287499199e+00 1.995419693110796544e+01 2.802531288533295140e+01 3.379815312336036470e+01 2.896993574761259183e+01 1.895639457885447143e+01 1.292833852145369455e+01
