output/example/elevation_000171.asc
nrows	75
cellsize	13.33333333
xllcorner	0
ncols	75
yllcorner	0
NODATA_value	-9999
[rows 17 to 33 of 75, columns 0 to 36 of 75]
1.309999999999999880e-02 1.001309999999996236e+01 1.793654228974090614e+01 2.293717557405399177e+01 2.477116453198693335e+01 2.477116938141429614e+01 2.419126884263795318e+01 1.457924071525362919e+01 2.140409470468787845e+01 3.089503132936727781e+01 2.491992813619143377e+01 1.671820963326933196e+01 1.627340997885877627e+01 2.632419669626652237e+01 2.818561282345908481e+01 1.806640633678424379e+01 1.623773659597885910e+01 6.266358629951752413e+00 1.198077807087293323e+01 2.139083838523874448e+01 2.441845274890200912e+01 2.862773688624799817e+01 3.448852148202949053e+01 3.658261797870260779e+01 3.253508081905137317e+01 3.658261797870260779e+01 3.233859277751954409e+01 2.208597845264666049e+01 3.233859277751954409e+01 3.540566261209557553e+01 3.130505607325286732e+01 2.525040334783487594e+01 1.513620267589205248e+01 1.405017396850001887e+01 2.418429947827284110e+01 2.959109750281332296e+01 3.299043324184223991e+01
1.379999999999999977e-02 3.793444730385476582e+00 8.793444926292055541e+00 1.586454328248979806e+01 2.586544352856849827e+01 3.420224016484784357e+01 2.818842119419944581e+01 2.419288298625419031e+01 1.941967769223559159e+01 2.815288801306446587e+01 3.305963346108771361e+01 2.850899849683592180e+01 2.203866754032544151e+01 3.058173083793563052e+01 2.506320351426432680e+01 1.806640757781533679e+01 8.050312674022903181e+00 6.266358629951752413e+00 7.205193678849619587e+00 1.719727157793538197e+01 1.430621517972626400e+01 2.013258974679097335e+01 3.027305049409388715e+01 3.257159584833252808e+01 3.679052332014239823e+01 4.267055092911478198e+01 3.653880110436578832e+01 2.805629929771550124e+01 3.653880110436477224e+01 3.130520856412389819e+01 2.125063462835175798e+01 1.852999795468095101e+01 2.524760636811722136e+01 2.368957274220913334e+01 1.539235607782012316e+01 2.546901727344479838e+01 2.309369467804553011e+01
1.379999999999999977e-02 1.001379999999996251e+01 1.793132253475742388e+01 2.248160782650677447e+01 2.315234278697790060e+01 2.697770798433577966e+01 3.133366823573845750e+01 3.278653714359842297e+01 2.883279117376349276e+01 2.607648719105208457e+01 3.548975459737111038e+01 3.647651289611353320e+01 3.217861913253286588e+01 2.811363306405441875e+01 2.086116877851694440e+01 1.078424042105291569e+01 1.623842819565534867e+01 6.266358629951752413e+00 1.623768553297563599e+01 8.538776415735885195e+00 1.858014970895512619e+01 2.423775691655211162e+01 2.671114394419246807e+01 2.242099539503544747e+01 2.826748356462060130e+01 3.845112256854357469e+01 4.239086173861884532e+01 3.818831445747674991e+01 3.627709094098356957e+01 2.633332618726423036e+01 2.840012438636039604e+01 2.569786404805597257e+01 3.261042388787514312e+01 2.933521532897670880e+01 2.546902631496712743e+01 1.669035075942983326e+01 2.678297371136048710e+01
1.290000000000000001e-02 1.001289999999996283e+01 1.357188635544537725e+01 1.256581532958940173e+01 1.335207038164224969e+01 1.742769030808367958e+01 2.382204875821853207e+01 2.765121405726676329e+01 3.179912117979497665e+01 3.549026398250702385e+01 3.951185086725945439e+01 3.666981153235858670e+01 3.159101890042989425e+01 2.390770175685471344e+01 1.380324992685361885e+01 2.086116877851694440e+01 2.044619813060101521e+01 1.198081707466408830e+01 2.043747447579279708e+01 1.858014954622184334e+01 9.945082800288695069e+00 2.003274503471194379e+01 1.658703574928932412e+01 2.558776800724000822e+01 2.770213140834593446e+01 3.193086030064450398e+01 3.914371826267703369e+01 4.613777811368182569e+01 3.627709094098356957e+01 3.134474128470618837e+01 3.831846453178161482e+01 3.566741030944929491e+01 3.320879199326780906e+01 2.678327497719584471e+01 1.669035075942983326e+01 2.678297462993631228e+01 1.840508939841026503e+01
1.290000000000000001e-02 1.780666952960573424e+00 3.576719973050277446e+00 5.501220865985446906e+00 7.586402394177408581e+00 1.026935927685832795e+01 1.365305217847036978e+01 1.752019494702502556e+01 2.470900665015824416e+01 3.475433108281006156e+01 3.965250333020428286e+01 2.946890897417139854e+01 2.230481668840680243e+01 1.726099758127158168e+01 2.390770175685471344e+01 2.802945807577620130e+01 2.633623649456698601e+01 2.207155599602994300e+01 2.010159341855198178e+01 9.945082800288695069e+00 2.003274503471194379e+01 1.153823668421543225e+01 1.347669426205561827e+01 1.546356416899635455e+01 1.757691407786143856e+01 2.471800233962804683e+01 3.459807478200693964e+01 3.885196309114629543e+01 4.530219228934476661e+01 3.832713599001655069e+01 4.054241975373347628e+01 3.067799715155302209e+01 2.357988732164988477e+01 1.899911445415873601e+01 2.678327497719584471e+01 3.090212967693796031e+01 2.259137018537385089e+01
1.309999999999999880e-02 1.001309999999996236e+01 1.064056559425202053e+01 1.549898432412183347e+01 1.467758368911759703e+01 1.577707335198963889e+01 2.043238323163630454e+01 2.765121405726676329e+01 3.179912117979497665e+01 3.375045616497236978e+01 3.797578821198915477e+01 3.567488464967092909e+01 2.551358189936212639e+01 2.737821569630409257e+01 2.265409488824654360e+01 3.280399811313798608e+01 3.203842502263614023e+01 2.141930775583097457e+01 1.408475598176385013e+01 2.010159341759777618e+01 2.320364541444151740e+01 1.309034804218295633e+01 2.319769563629682807e+01 2.558776479548286176e+01 2.770213140834475141e+01 2.103399078933797384e+01 2.438602980598196623e+01 3.158721761294301444e+01 4.186692699418627228e+01 4.816793947096081752e+01 4.343408794333818435e+01 3.356721963924182006e+01 3.090882292509537166e+01 2.084189249126913879e+01 3.090882292509524376e+01 3.669841981870612102e+01 2.842960004510704763e+01
1.349999999999999985e-02 1.001349999999996321e+01 1.852464129305160867e+01 2.459482693604561021e+01 2.472441374378018963e+01 2.582134794931404542e+01 2.996699949105979144e+01 3.467973499153586658e+01 3.211897128172481786e+01 2.362957525422018534e+01 3.211897128172481786e+01 3.657336488494771487e+01 3.567488464967092909e+01 3.703334715755391215e+01 2.982067868495526497e+01 3.280599391902649842e+01 3.155864375796931398e+01 2.033105183713738029e+01 2.141930775585289837e+01 2.890643479281593642e+01 2.475428038183718016e+01 1.471139945566404883e+01 2.213855592741010270e+01 3.314434549183535950e+01 3.543144844296631391e+01 2.819254512567631465e+01 2.821463278525382989e+01 3.158721761294300734e+01 4.186692699376027349e+01 4.262189352793818387e+01 3.852775702798432889e+01 3.432424160780822575e+01 2.436667054751980288e+01 3.090882292509537521e+01 2.541749250972512542e+01 3.535140255285706701e+01 3.831555554190254753e+01
1.349999999999999985e-02 4.484628957211699074e+00 1.157956017447422781e+01 2.195061569880458308e+01 2.455525794747245882e+01 2.458000531904009023e+01 2.868046568741402069e+01 2.893159527439977907e+01 2.790716284670761382e+01 1.780848739638135925e+01 2.223366257388687117e+01 3.235096577084293301e+01 3.598731629972847657e+01 4.017998497638907196e+01 4.001318244508021138e+01 4.300433938868692962e+01 3.620731389343937678e+01 2.768314098326990447e+01 3.203842515717942518e+01 3.003056449505622538e+01 2.007080925835477103e+01 1.678186118231038648e+01 2.175235912055298115e+01 2.857891532636849874e+01 3.793921708729041598e+01 3.844035720028150394e+01 3.418633349725236314e+01 4.186692699382255967e+01 4.611670848234408737e+01 3.852775704551579850e+01 2.866963979922640249e+01 2.866963979922640249e+01 3.144066836887563809e+01 3.432424162893779851e+01 3.246910971205937813e+01 3.119222933820942600e+01 3.687815719105294932e+01
1.359999999999999924e-02 9.973245185025193749e+00 1.790675869798509723e+01 2.129768679671016685e+01 1.454494546513471676e+01 1.521577866282338043e+01 2.023673355537764706e+01 1.886214930709629201e+01 2.011380275668866702e+01 1.401684293006980120e+01 2.409022230205509985e+01 2.907265443792556781e+01 2.620850771590368922e+01 3.598731629972847657e+01 3.985101291863496442e+01 4.123086116054015093e+01 4.422951322340141900e+01 4.072619058544057680e+01 3.514821259043485213e+01 2.626004423784405262e+01 2.899227447394162738e+01 1.888970336609200729e+01 2.899164002989936861e+01 3.551975675507502217e+01 4.014130151243902844e+01 4.488502959962365679e+01 4.489717232773983824e+01 4.932071782121587944e+01 4.878104651074936982e+01 4.262189359770599140e+01 3.852775703953520292e+01 3.362048519611219888e+01 4.128580330147629240e+01 4.417704280246124426e+01 4.230987301984177407e+01 4.103293882280554783e+01 4.513550676371702508e+01
1.369999999999999864e-02 1.001369999999996274e+01 1.148883448443300992e+01 1.266921352751826113e+01 7.455799766236113513e+00 1.392180430336517460e+01 9.887503007645884523e+00 1.517203874064833258e+01 1.009576506875290214e+01 2.011380275668866702e+01 2.807269213402662444e+01 1.932309712385725220e+01 2.901362729897458337e+01 3.433669171212966376e+01 3.007591824341291797e+01 3.206632053085222367e+01 4.013651038552641381e+01 4.424257148705409293e+01 4.019932441541634915e+01 3.314467824752740199e+01 3.321111890284811352e+01 2.899227447457403883e+01 2.223362711402359437e+01 2.578177353097465740e+01 3.033086143345694552e+01 3.763927456013222894e+01 4.792734287571929741e+01 4.615416402847341715e+01 3.922580633794760274e+01 4.615416402847341715e+01 4.754491261595006790e+01 4.343502855521808215e+01 4.754491261604317032e+01 4.973074827321192970e+01 4.584342248807623577e+01 4.168404818057016570e+01 4.584342248807623577e+01
1.290000000000000001e-02 8.933506954593480875e-01 1.777231470962449045e+00 2.675240321985507208e+00 3.584257223984268048e+00 4.546254056906248842e+00 5.521514548338933182e+00 6.568351674606931034e+00 7.744007979815433096e+00 1.776139622953402863e+01 2.053326540704148329e+01 1.556885488612119417e+01 2.056490074804247570e+01 2.711452095235445725e+01 2.331512690320786874e+01 3.203116616940944539e+01 3.020953163001806629e+01 3.909053340590396175e+01 4.319651894778242962e+01 4.307292108821623344e+01 3.962328473295702480e+01 2.938858395884873786e+01 2.938858395884873431e+01 3.050846955911846692e+01 4.028225967379118089e+01 4.488434983740422979e+01 4.472479116588530701e+01 4.188187124059761857e+01 3.242274951058956844e+01 3.983806679088492331e+01 4.397023618467998318e+01 4.971241013571280121e+01 4.679560817572035347e+01 3.969993724202879548e+01 4.088888190510594001e+01 3.182986551254728269e+01 4.088888190510594001e+01
1.379999999999999977e-02 1.001379999989025471e+01 8.812515444673543641e+00 1.261327473655142661e+01 8.047175045444262764e+00 1.424960060596369082e+01 8.848502355505619477e+00 1.648586754504293594e+01 1.743301105698247966e+01 9.440846622218890261e+00 1.072733705926814096e+01 1.204730225910050301e+01 1.353226718760090463e+01 1.726698609848655153e+01 1.947960377772626828e+01 2.206642342806270207e+01 2.540591846985637758e+01 2.917650172989163337e+01 3.618542189957616273e+01 4.610439559277941868e+01 4.384571790395349211e+01 3.962328473297527864e+01 3.962328473280547314e+01 4.074146065269268036e+01 4.496176473538476870e+01 4.472479116588530701e+01 3.482605609959185955e+01 3.664255048012945082e+01 2.814705336064594121e+01 3.006345761457146537e+01 3.564607314271567162e+01 4.556437158779684182e+01 4.263789377226153476e+01 3.276108728984854679e+01 3.639125287363337691e+01 2.703002475817042338e+01 3.675688082800488843e+01
1.359999999999999924e-02 1.001359999999996298e+01 1.852107663090601974e+01 2.160122894996549903e+01 1.505739006481469033e+01 2.144869184042232035e+01 1.260634877197142778e+01 2.176364932675622654e+01 2.279446244925535581e+01 1.297193193873392225e+01 2.068606507518150295e+01 1.781087000768342676e+01 2.350777185552930604e+01 1.594732515978248166e+01 2.593075097114176231e+01 3.203116617110640618e+01 3.534379002179949225e+01 3.909053340589813530e+01 4.319651903928772185e+01 4.162950529249371101e+01 4.583985813956378053e+01 4.460268678928931507e+01 4.039650722728552523e+01 4.170738888771901998e+01 4.591752008385457628e+01 4.362950084432528541e+01 3.374846088034666280e+01 2.689965597786585505e+01 2.448138363675863616e+01 3.132301481907842700e+01 4.112741017859319470e+01 4.204610559216837373e+01 4.619646342527818916e+01 3.639125287363337691e+01 2.667220075860510065e+01 2.356748042149034106e+01 3.015253610886158242e+01
1.359999999999999924e-02 5.787102691896246043e+00 1.285817050376161141e+01 2.285817050193597311e+01 2.516370833118750383e+01 2.268031173420711610e+01 1.971071703359331906e+01 2.252378068085207019e+01 2.716580502447270007e+01 1.800415034420260696e+01 2.721502453149329526e+01 2.487683881751057768e+01 2.893922981247799342e+01 1.895818648898470826e+01 2.226850251362604638e+01 2.803219465651046605e+01 3.796823506502851586e+01 4.264160311732761244e+01 3.844212985748766442e+01 3.157931694085091578e+01 4.001801657409976087e+01 3.878637931626941082e+01 3.035570129295451380e+01 3.165523854972778395e+01 4.170738888771903419e+01 4.648037949059987284e+01 4.076344407942762871e+01 3.177111460149431821e+01 2.198859106002605301e+01 2.932793974148066951e+01 3.341510097697361914e+01 3.217775959041387779e+01 4.047335155017536579e+01 4.051917962928994399e+01 3.639125287363337691e+01 3.015433615130376666e+01 2.030330276355788754e+01
1.319999999999999993e-02 1.001319999999996213e+01 1.724995443594582412e+01 2.139171101687575671e+01 2.714498578481616420e+01 3.283230094014844980e+01 2.982051686355445597e+01 3.222664820183052825e+01 3.225290092977917311e+01 2.809409115854338523e+01 3.225290189147081321e+01 3.483222615171459324e+01 3.270414259320206440e+01 2.274481686845134121e+01 2.893987129410261261e+01 3.634507908673838017e+01 4.208012100174101988e+01 3.844212985765872759e+01 2.840849272367616862e+01 2.581000229145253044e+01 3.468759488381922296e+01 3.051219750298903577e+01 2.458777386354952910e+01 3.165523854972778395e+01 4.170738888771901287e+01 4.233205603708042730e+01 3.247758265592580074e+01 2.764695645262441559e+01 2.932793973659108389e+01 1.946491405616528780e+01 2.932793973344778493e+01 2.656726440206171702e+01 3.634861337159906469e+01 4.337580813728652629e+01 3.552656874048102509e+01 2.572640233065458659e+01 1.869921276153633372e+01
1.019999999999999900e-02 3.545071600898522579e+00 7.318898383423212195e+00 1.305239825333285530e+01 2.299323950731253063e+01 2.502396485451805219e+01 2.682257455600850093e+01 2.874922344177717548e+01 2.963498828058826007e+01 3.377447409231287168e+01 3.662767210980982213e+01 3.812224533354812905e+01 3.681276317897668093e+01 2.850906414757935181e+01 3.681276317897668093e+01 4.298278789428536584e+01 4.172313441074633289e+01 3.165980442876074008e+01 3.134727700027235642e+01 2.134309881537856413e+01 2.708148108920697794e+01 2.051002631618770167e+01 3.051219750298903577e+01 3.878637931688352580e+01 4.364199206607041504e+01 4.648037949059987284e+01 4.152964319191209341e+01 3.369509944078029662e+01 2.392982871596651862e+01 1.946491405616528780e+01 2.087350960817443379e+01 3.070134647244974246e+01 3.521001012844171640e+01 3.347779197635966852e+01 3.347774182684894129e+01 2.708739879850081067e+01 1.715711788891525913e+01
7.249999999999999500e-03 1.000724999999996356e+01 1.723351460357223885e+01 1.942223390782578107e+01 2.179732223320568352e+01 1.500525680462719258e+01 1.680872424454618752e+01 1.874197253481052172e+01 1.963481894211288648e+01 2.663834343555258144e+01 2.663834338192295803e+01 2.813712268067716948e+01 3.812224480167922991e+01 3.843472632095519970e+01 4.254146826753081712e+01 3.614227180301839581e+01 3.196142847052919578e+01 3.165980442877503975e+01 2.164987865831189140e+01 2.458171803732117766e+01 1.708242888165294460e+01 2.708148108920697794e+01 3.468759497649745782e+01 4.071745819691729906e+01 3.363159261628963037e+01 4.071745819691867041e+01 4.173698099218931645e+01 3.188772774419020806e+01 3.341503327523096800e+01 2.435198714988893798e+01 1.730625007979558205e+01 2.535297995460882703e+01 2.535297294453973294e+01 3.265836157224573100e+01 2.364452461297243246e+01 2.560706811082403789e+01 1.564860960822410618e+01
