output/example/elevation_000035.asc
nrows	75
cellsize	133.333333333
xllcorner	0
ncols	75
yllcorner	0
NODATA_value	-9999
[rows 0 to 16 of 75, columns 37 to 73 of 75]
5.066551504866829418e+02 5.103414844265200259e+02 5.103414868960351782e+02 5.396361390052395564e+02 4.783508446571968307e+02 4.369328520577820996e+02 4.485862824787676573e+02 4.071693861116285120e+02 4.071693861113012645e+02 4.035187651771860828e+02 4.449356164697688882e+02 4.210665988181992816e+02 3.796498237390034660e+02 2.947234346052471210e+02 3.947256801996831541e+02 4.513897594199325454e+02 4.431348313727039567e+02 4.557337765890751484e+02 4.686438130156873854e+02 4.818891803968892305e+02 5.232922068960599518e+02 5.939832563340346496e+02 6.436141860910404375e+02 6.022512463140840282e+02 6.436141867021675580e+02 7.013013628843716560e+02 7.484379684116870521e+02 7.483743536496629076e+02 7.894543669674786770e+02 7.448289267740965442e+02 7.030738004041367049e+02 7.448316764619644346e+02 7.414724481008611292e+02 7.000562604469402004e+02 7.000604732829033310e+02 7.147140507635507447e+02 7.147140508125469296e+02
4.566499004111990416e+02 4.103338541268669246e+02 4.103338541276137903e+02 4.396254115950122241e+02 4.206161990348536506e+02 3.369304228579528626e+02 4.071693861116062862e+02 3.071673100623161190e+02 3.071673100623161190e+02 3.035165503864748757e+02 3.553172680118515245e+02 3.649848236832734187e+02 2.796475460155540986e+02 3.796498237390034660e+02 3.099736638162789291e+02 4.099758141931580440e+02 3.431331137106557776e+02 3.557322976694973704e+02 3.686426279343569945e+02 3.818883530735516274e+02 4.526011574580797401e+02 5.430905557571938971e+02 5.488036754125090511e+02 5.022599970799346920e+02 5.599972162290569031e+02 6.599713248220948572e+02 6.484957025305859588e+02 6.484948992258334783e+02 7.483710827494111300e+02 6.946421614791383945e+02 6.029788763027014511e+02 6.946489118030750660e+02 7.000513222088583234e+02 6.000287114939551429e+02 6.000287449430758215e+02 6.146760638982945011e+02 6.146760638982963201e+02
4.152223681311004384e+02 3.396208014138704812e+02 3.396208014138707085e+02 4.396254115952370967e+02 3.791964226390190333e+02 2.791940090880791558e+02 3.650734885785238362e+02 3.236533279254406921e+02 2.364552519157575432e+02 2.457803687515731497e+02 2.553150899506163398e+02 2.649825798502870384e+02 3.649848236832776252e+02 4.210665987741286926e+02 4.099758141931581008e+02 3.255914562825685152e+02 4.255934465722456252e+02 4.557337765890751484e+02 4.686438130156822695e+02 4.818891803968892305e+02 4.016919057459099918e+02 5.016920506169157647e+02 4.488060125075602400e+02 5.488036754125090511e+02 6.048138019849162674e+02 6.306299592973568906e+02 5.777859233227571849e+02 6.777545946996053772e+02 7.140786512929051923e+02 6.530204601928768398e+02 5.529740786236731083e+02 6.530127936860076261e+02 7.111610187021100273e+02 6.293273598011887771e+02 5.293110235288050944e+02 5.439566592310411579e+02 6.439765118890464919e+02
3.392461573538927269e+02 2.818843871300154547e+02 3.818877229869787584e+02 4.035999330456003236e+02 3.383706082644285402e+02 2.383685572356862110e+02 3.114361863591358883e+02 2.236514973174805334e+02 3.236533279255881439e+02 3.457824595481728807e+02 3.553172680118541962e+02 3.649848236832734187e+02 3.097049479189205385e+02 4.097071826236542620e+02 4.670056306845279437e+02 4.255934465722456252e+02 3.648158256615564596e+02 4.026134026433560393e+02 5.026138308082161075e+02 5.430905584971613962e+02 5.016920506169157647e+02 4.225439697642219130e+02 5.225432058005595763e+02 4.812512335037248477e+02 5.048221806155507352e+02 5.306429902684830040e+02 6.306299592975119594e+02 7.190341584530896171e+02 6.430667092006525536e+02 5.722188491098452232e+02 5.196391920923349517e+02 5.696723010846419584e+02 6.697050797652284473e+02 5.939665855619612103e+02 4.939545076562211534e+02 5.939665855619612103e+02 5.940973704299082101e+02
2.392435732874606060e+02 3.392461573538927269e+02 3.431544091819656614e+02 3.328886800744041921e+02 2.621774272456379435e+02 2.030129874559287373e+02 2.114345182447619607e+02 3.114361863591570341e+02 2.736521901889771584e+02 3.443645916604086210e+02 4.443664767159118014e+02 4.511230489561132231e+02 3.674415958690285606e+02 3.804176354551866552e+02 4.804184046335369089e+02 5.062256628882167888e+02 4.148173374284678516e+02 5.026138304019523844e+02 4.733262427068984266e+02 5.733203232160599327e+02 5.603391012838237657e+02 4.603415150707308499e+02 4.725454839419738278e+02 5.725397059511491307e+02 6.048138019838595483e+02 6.013556858458276793e+02 6.719630105132767994e+02 6.205795404374795226e+02 5.791016402282516538e+02 5.015011224252303919e+02 4.880153626425648667e+02 5.880349039547385246e+02 6.381141613880090517e+02 5.710223391606929226e+02 4.710123132734802311e+02 5.124379804390147228e+02 6.124543582740408283e+02
3.109611552754741979e+02 3.138640542391519830e+02 2.431523471674562700e+02 2.801805903940331177e+02 1.914659727310437063e+02 2.621774272456379435e+02 3.114361863591479960e+02 2.930854677728831348e+02 3.736544656621045419e+02 3.443645916604086210e+02 4.443664767177110093e+02 5.088547120373912662e+02 4.674430478366576835e+02 4.804184046335365110e+02 5.218284625680751105e+02 5.562185513797462590e+02 5.148171042966190498e+02 5.562185466199398434e+02 5.733203232151936390e+02 6.147089489298701892e+02 6.017283801456044330e+02 5.103432207281493902e+02 5.725397059511491307e+02 5.357931747099412405e+02 6.357685544546790197e+02 7.013043072644239828e+02 6.335663137607041335e+02 5.628130407773802517e+02 4.790843928856688194e+02 4.514994737891666432e+02 5.515124811146118873e+02 6.040467990101444684e+02 5.626048987617518833e+02 4.966532455794212524e+02 4.491899246783177659e+02 4.869874509660517106e+02 5.447253663223664262e+02
3.030494106183394365e+02 2.616274013763033395e+02 1.724410830175264948e+02 1.801793161676380919e+02 2.801805903940351072e+02 3.328886800745200389e+02 4.035999327540105241e+02 3.930875204811374033e+02 4.345060412688919769e+02 4.443664767178140664e+02 4.857823225914503382e+02 4.880648938510936432e+02 4.587722544598227046e+02 4.599384576484433182e+02 5.013664401087931424e+02 5.211107658518304788e+02 4.796821784783252269e+02 5.205097675231448875e+02 5.619401537464257217e+02 6.196845203285408843e+02 6.517288005419941328e+02 6.103368234277901365e+02 6.517279920847131507e+02 6.065021290425486313e+02 6.770035252865174016e+02 6.354437754926970001e+02 5.853935827032956922e+02 4.920610116755504464e+02 4.213474688428254353e+02 5.213566395182666611e+02 5.929752351925885705e+02 5.462989788239700601e+02 4.625941150767158661e+02 4.259397253373282410e+02 5.259469895800679069e+02 5.308442789306858458e+02 5.686438438204459089e+02
2.510273254746323346e+02 1.616263210440127693e+02 2.616274013763033395e+02 2.801805903940305598e+02 2.379147594922117150e+02 2.956507620882555898e+02 3.956532557576321665e+02 4.232732714254612461e+02 3.818474442001040075e+02 4.058006558879251884e+02 4.350924421643426854e+02 3.880579037721888653e+02 3.587670606631297119e+02 3.599334958942279741e+02 4.171082730421673546e+02 4.325392505598648540e+02 3.796769264300785380e+02 4.205030069347604353e+02 4.782402866821384464e+02 5.782509521589377073e+02 6.232813908698983596e+02 6.342232092534721914e+02 6.756602645937499574e+02 7.064239556218263942e+02 6.646988039085023274e+02 5.646341242534722369e+02 4.939172313435257706e+02 4.439155359865952732e+02 4.030894875642139823e+02 5.030972122936419737e+02 5.270515752637086280e+02 4.856074667620651439e+02 4.048572310642031198e+02 5.048636458754451724e+02 4.966532455794212524e+02 5.673702713512436731e+02 6.308651285822814998e+02
1.510263421020491705e+02 2.510273254746195164e+02 2.432766797255981146e+02 3.432787491337223287e+02 3.379167891179834555e+02 3.793379818374952492e+02 4.370736230628866679e+02 3.655350130466444512e+02 2.818439997893104874e+02 3.057966369033163687e+02 3.350871359178598254e+02 3.689879821737003454e+02 2.880543912399165265e+02 3.021968419866591944e+02 3.171043344333674554e+02 3.325350865475546129e+02 4.325392505598910020e+02 4.792151925525703291e+02 5.015771310234050020e+02 5.258322663082529971e+02 5.232669060095463465e+02 5.342071886924625232e+02 6.317949407812997151e+02 6.895436902055070050e+02 6.405935040019088547e+02 5.991427801225614758e+02 5.575942729567950664e+02 4.575800788321015489e+02 3.868668359234952732e+02 4.868735580776491361e+02 4.675093040773367079e+02 3.856116184621930074e+02 4.856174319659684784e+02 4.865105330372833237e+02 5.865256331627856525e+02 6.381141613960329551e+02 7.088580514428026618e+02
2.217374437872591670e+02 2.217374437872591670e+02 3.217393550846131802e+02 3.847004793572299945e+02 3.840818307848380186e+02 3.426568005453730166e+02 3.504588526269978388e+02 3.090345092039646033e+02 2.241080923078290539e+02 2.350845734316831965e+02 3.350871359180242166e+02 2.689847769333877636e+02 3.689879821737015959e+02 4.022005660593996481e+02 4.171082730426027751e+02 4.325392505598680941e+02 3.587971329259665936e+02 3.792101538317541554e+02 4.015715019645570010e+02 4.258257815602770506e+02 4.525526880891856081e+02 4.903503610979584550e+02 5.480887208322936885e+02 6.481057746032691966e+02 5.828389800781195618e+02 4.991243910268921695e+02 5.421610120245225062e+02 4.421491774900407563e+02 3.714360198076382744e+02 4.503585825869035375e+02 3.675039045747362252e+02 4.675093040773367079e+02 4.672646693378139275e+02 5.672778610316762524e+02 6.279715078828959349e+02 6.767137254470694643e+02 6.767137254517598421e+02
3.217393550851818418e+02 3.217393550846148287e+02 3.631616148124143137e+02 3.337873953473886104e+02 3.263442070982563905e+02 2.426541138217930609e+02 2.943694998414470660e+02 2.090324780670113967e+02 3.090345092039312931e+02 3.350871359180185891e+02 2.513068610796351834e+02 3.513097460301087267e+02 3.267212001278983280e+02 3.974341699516629660e+02 4.974409585879654401e+02 5.002294802824786188e+02 4.165339552081044303e+02 4.499233312677765753e+02 5.015771310234050020e+02 5.258322663098979319e+02 5.525604704157686911e+02 5.903609016835428065e+02 6.317949407812998288e+02 5.781761403863195028e+02 5.367354603517545684e+02 4.413864144116380430e+02 4.781448019617157570e+02 4.787707151104495438e+02 4.373390000533598254e+02 3.503535275741293731e+02 4.503585825852051130e+02 4.382170283362911505e+02 5.382271134460557960e+02 6.087220075724246726e+02 6.134495237400103633e+02 5.766842395760809268e+02 6.767137254517714382e+02
3.387200403115139125e+02 3.629948843935405307e+02 3.044985902145389787e+02 2.337848307966941377e+02 2.718456054882294097e+02 1.849186319466061263e+02 1.943677476091073970e+02 2.943694998414495103e+02 3.504588526260447452e+02 3.927347998150726767e+02 3.513097460322086931e+02 3.013078643317747378e+02 4.013116277326715817e+02 4.083737495915080444e+02 5.083813172540067740e+02 5.579708516924382593e+02 5.165406302772236131e+02 5.499320013305720067e+02 5.324871977475630729e+02 5.739207830419530865e+02 5.885325082719105012e+02 6.299699474202270721e+02 6.201109701328690562e+02 5.367354603517532041e+02 4.367247595255494161e+02 4.660172156063214857e+02 3.781386384107314029e+02 4.246892590223106936e+02 3.373342576922689204e+02 4.373390000533598254e+02 4.503585825876609761e+02 5.382271134457456583e+02 5.796687259607786018e+02 6.134495237371262419e+02 5.134339295760728419e+02 6.097161830382729022e+02 5.913593743652729700e+02
3.801435511084404197e+02 2.922813352733081729e+02 2.215677977595341588e+02 1.630736398596052652e+02 1.718442204303614744e+02 2.718456054882317403e+02 2.943694998414464976e+02 2.308827770530001828e+02 3.308852342498956887e+02 4.131369323138934533e+02 4.427378512203981700e+02 4.013116277326814725e+02 3.720206103726758897e+02 4.720263990988320870e+02 5.498116451465605223e+02 5.134815129584025044e+02 4.720516310378424691e+02 4.508299237083504636e+02 4.324778701564796393e+02 5.178123783485307285e+02 4.885191414081861581e+02 5.885325082722772549e+02 5.493805043245813522e+02 4.786500384996965067e+02 4.660172156063211446e+02 3.660114934257700838e+02 4.125619085896647107e+02 3.246847868430975836e+02 4.246892590223108073e+02 4.189868696915285113e+02 5.189966158624378068e+02 5.918197236787308384e+02 5.870800560580591991e+02 5.456407507946032638e+02 4.780774635165598738e+02 5.097012092495609750e+02 5.804177670309627501e+02
2.803287716184852911e+02 2.389053862304315317e+02 1.508566952100255776e+02 2.508578049647635453e+02 2.718456054882294097e+02 2.189848790142241057e+02 3.189871086078621829e+02 3.308852342498956887e+02 2.717081603298570371e+02 3.217092679338132939e+02 3.794459715754271087e+02 4.794519805788816029e+02 4.720263990988320870e+02 5.134550920488183010e+02 4.833273503493494445e+02 4.418987847225164955e+02 3.720459534484724031e+02 3.508251027064143273e+02 3.824487999994037182e+02 4.178052077632814303e+02 5.178123783525898034e+02 5.394380552701649094e+02 5.079439939890461346e+02 4.079358473736577935e+02 4.446932884137179371e+02 4.125619085896497609e+02 3.125576650677344901e+02 4.125619085896497609e+02 4.661198596800461473e+02 5.189966158621587056e+02 5.284579371543749176e+02 5.698970044387596090e+02 5.456407507943663404e+02 4.456322689324557587e+02 5.456407507943714563e+02 6.097161830379594676e+02 6.097161830400245890e+02
2.271201580531188142e+02 1.389044090865082808e+02 2.389053862304315317e+02 2.922813352758998917e+02 3.604116724926333859e+02 2.896966926222581264e+02 2.896966926222581264e+02 3.897004281273822244e+02 3.424206003463146999e+02 3.424206003463146999e+02 4.424255643448863111e+02 5.208809832959722144e+02 4.809815274745162128e+02 4.395527237279909514e+02 4.255874056713083178e+02 3.418939504160555884e+02 3.143092633356981196e+02 3.850221097497040432e+02 4.824545041058567563e+02 5.178123783514104161e+02 5.101521363852666582e+02 4.394271888020227834e+02 5.101521355694016506e+02 4.446932884137179371e+02 3.446882477393099862e+02 3.946907680765318673e+02 3.043095774836083365e+02 4.043136807318292085e+02 4.339958490147306520e+02 4.468001572777965862e+02 4.284479900406618071e+02 4.868988457526889988e+02 5.019753694337521210e+02 4.252192596699546243e+02 4.959328043046378980e+02 5.959480956495968940e+02 6.461472761550526229e+02
1.271192960644889496e+02 2.271201580531199511e+02 2.140108701683232084e+02 2.847226749404146631e+02 3.847266445965620960e+02 3.897004281292005317e+02 3.897004281274427626e+02 4.311266520886571811e+02 4.424255643440563972e+02 4.424255643450264870e+02 4.838532668466321525e+02 4.461344647088454280e+02 4.047070726254956980e+02 3.395474368162909400e+02 3.578987488892508395e+02 2.841574206081409102e+02 3.841609667148510425e+02 4.557406863770843870e+02 5.264592631050820728e+02 5.394380552746237072e+02 4.394271888020227834e+02 3.687138298067076221e+02 4.152643107934337650e+02 4.267524975237045624e+02 3.853245277602349574e+02 2.946868184759053975e+02 3.946907680765318673e+02 3.215874278589911341e+02 3.339912538893499345e+02 3.467953128309803787e+02 4.468001572778187551e+02 3.868929875571782873e+02 4.019690250479427505e+02 5.019753694338071455e+02 4.699419505695989869e+02 5.052984697551212889e+02 5.461252954030694582e+02
2.271201580531192405e+02 1.323607202480986018e+02 2.323616321770975333e+02 2.790519162931879009e+02 3.245654092164837721e+02 3.659904642615402395e+02 3.724523385478871660e+02 4.138785079268674849e+02 4.437731495077669592e+02 4.023461211401369724e+02 4.437731480056431792e+02 4.047070726249540940e+02 3.047028973231843452e+02 3.339934421203810189e+02 2.578956759136373762e+02 3.578987488896364653e+02 4.255874056713002460e+02 5.014099576073630260e+02 5.054522646038786320e+02 5.468841149768851437e+02 4.730028688713076690e+02 3.729967527258996824e+02 3.152600088781995851e+02 3.760393964153971638e+02 2.853207315438968976e+02 3.853245277602349574e+02 4.361192533619957885e+02 4.215918056023155032e+02 4.047042293251735714e+02 4.468001572777970409e+02 3.660409005353600946e+02 4.660461828286984201e+02 5.019753694336582157e+02 4.836223020773666690e+02 5.699528298151445824e+02 6.053134734994121118e+02 6.461472761550526229e+02
