output/example/elevation_000009.asc
nrows	75
cellsize	133.333333333
xllcorner	0
ncols	75
yllcorner	0
NODATA_value	-9999
[rows 0 to 16 of 75, columns 37 to 73 of 75]
7.943532988492389677e+02 7.611865237765254051e+02 7.287154099870384698e+02 7.415769225688633242e+02 7.711824684045395770e+02 8.002169278343683345e+02 7.296017770233620467e+02 6.859250603135512847e+02 6.607232061606147226e+02 6.832273334766171047e+02 7.294957891770640117e+02 6.812505226936295912e+02 6.243825491289992442e+02 3.855843922403740294e+02 6.640920950685143680e+02 7.469874687744254516e+02 7.796530074911260044e+02 8.026301270419860430e+02 8.245619260953822049e+02 8.434009103833519703e+02 8.590100343658477868e+02 8.889683549880149940e+02 8.951946153436032318e+02 8.975264151431118762e+02 8.981834691448527792e+02 8.995708868115265204e+02 8.999406135166739205e+02 8.999649054007854829e+02 8.999787410425957432e+02 9.000068921202738466e+02 9.000158269818239205e+02 9.000157984187316060e+02 9.000138094979316747e+02 9.000126972200124555e+02 9.000131715996525372e+02 9.000149544952453198e+02 9.000176841716220224e+02
7.211752163490161820e+02 6.376083979780595428e+02 5.708920074883311599e+02 6.025505294279154214e+02 7.064826955849182468e+02 6.405296522866024134e+02 6.809075771221121158e+02 4.563881228331549664e+02 4.365699604272433589e+02 4.421691887196376456e+02 5.593477793358198369e+02 5.850318510655453110e+02 3.503234258573521629e+02 6.243834819427655702e+02 4.279042732942194220e+02 7.034404091915885147e+02 5.405876159305820465e+02 5.875960174158427662e+02 6.363265782565860036e+02 6.849909692104866963e+02 8.290510696569092488e+02 8.656849784215063437e+02 8.902660783205751613e+02 8.839625878250205915e+02 8.956455940351729623e+02 8.992014609540948413e+02 8.997954863907161780e+02 8.995736884126041559e+02 8.999044915216752543e+02 8.999929800977052992e+02 9.000128474259213363e+02 9.000134569350406082e+02 9.000112984587730125e+02 9.000136741559783786e+02 9.000150132650439900e+02 9.000135344042806764e+02 9.000138944502782579e+02
6.153726049811024268e+02 5.095699841906804295e+02 4.559579376972767477e+02 6.375959013309798138e+02 6.108225803616138592e+02 4.398051397243121983e+02 5.535668195461322512e+02 4.494681362396721056e+02 2.751323647396733350e+02 2.893129577763753559e+02 3.046288768310615751e+02 3.213354439888293541e+02 5.859591497607486872e+02 6.767119369838908369e+02 7.034511776046711020e+02 4.781814668612792047e+02 7.416030513757929157e+02 8.026301353542382913e+02 8.234537579324701255e+02 8.434007809946174348e+02 7.483704257463064096e+02 8.658288616221104803e+02 8.452728184326591645e+02 8.902724317559245719e+02 8.970070536345887149e+02 8.986393835803563661e+02 8.981967739896274452e+02 8.997958896085660854e+02 8.999781037302622053e+02 9.000053309400028638e+02 9.000125071355688533e+02 9.000118337909638058e+02 9.000086335554073003e+02 9.000124700707643797e+02 9.000154574256838487e+02 9.000162433986606629e+02 9.000183310305418445e+02
4.942269024987430726e+02 3.726286097353815308e+02 5.599189535897685346e+02 6.326436105159713179e+02 5.087655921629809086e+02 3.017254542719458072e+02 4.494663744340101630e+02 2.563937507416744097e+02 4.823928479764534245e+02 5.357311363984093759e+02 5.599411355072433025e+02 5.850297421051225228e+02 4.560620507444758687e+02 7.050121817601536804e+02 7.771941573780453609e+02 7.416030600060553297e+02 6.244734969675723733e+02 7.482889877865105746e+02 8.599130149459635959e+02 8.743921186171897943e+02 8.658281879210672969e+02 8.011679520663809626e+02 8.801308317122745848e+02 8.741934693380343333e+02 8.869777978046734006e+02 8.941304692354397048e+02 8.991830118315667733e+02 8.997540210584156739e+02 8.999844143325054802e+02 9.000091235974011852e+02 9.000074971622784687e+02 8.999985101786735413e+02 9.000117791024463259e+02 9.000126868052395821e+02 9.000135863724528917e+02 9.000173248466325049e+02 9.000163690547957458e+02
3.124249091761510044e+02 4.942233279753082797e+02 5.193278870870933588e+02 4.845616238057032774e+02 3.511476675148302320e+02 2.276429954192379057e+02 2.392168367809681797e+02 4.541781970580461802e+02 3.536968553815215728e+02 4.824984130871478101e+02 6.494600078730720725e+02 7.414643815878827127e+02 6.603193969706674125e+02 6.592553091612227263e+02 8.157650115795246393e+02 8.350400853448879843e+02 7.825136955793664129e+02 8.012330090600698895e+02 8.478130391053626909e+02 8.882253415538419858e+02 8.852185044032495398e+02 8.661277092123901866e+02 8.585477034174778055e+02 8.927269441809538648e+02 8.959364095993935280e+02 8.981449807218883734e+02 8.991268420243969786e+02 8.999137157607217432e+02 8.999919930035335938e+02 8.999940693191614400e+02 8.999563961065883859e+02 9.000076229888888975e+02 9.000106498844922953e+02 9.000082265857537323e+02 9.000067084966166249e+02 9.000121238331636278e+02 9.000074281250358581e+02
4.399109637880173409e+02 4.440839211346599313e+02 3.103888622627018208e+02 3.854620194855256727e+02 2.119070472605556290e+02 3.431931581129312008e+02 4.521426323594323549e+02 4.010009359753589706e+02 5.927290510353476520e+02 5.669641482354595610e+02 7.328645259707077457e+02 8.144574432083951478e+02 8.166545391876231861e+02 8.157255173554882504e+02 8.351083577354886529e+02 8.767858172661370872e+02 8.717542579138173551e+02 8.751397346293597366e+02 8.812722176806148582e+02 8.881193124244904311e+02 8.956879315649322280e+02 8.922323468820445669e+02 8.927256046289554661e+02 8.855585353682212144e+02 8.977753965503144400e+02 8.995974969043252258e+02 8.998381509456060030e+02 8.999408218144329794e+02 8.999409416170194618e+02 8.997827333218224339e+02 8.999941901122643912e+02 9.000078830891216057e+02 9.000056645696920441e+02 9.000015819140171516e+02 8.999941558376372086e+02 9.000062416975928272e+02 9.000040054035786170e+02
4.214998871567471497e+02 3.482243402725178498e+02 1.867599240733696320e+02 1.968364767180353851e+02 3.859408980553129709e+02 4.845735601195461868e+02 6.105690329042872690e+02 6.136405575907659795e+02 6.502936647547774101e+02 7.533298953284735262e+02 7.847160001820731168e+02 8.083364785242540620e+02 8.117137834385764563e+02 8.026302337128748832e+02 8.119761648448860569e+02 8.533539051069631114e+02 8.537989716165182017e+02 8.650369788113409868e+02 8.858377994844472596e+02 8.956647262936310199e+02 8.982577193456128271e+02 8.988340336545004448e+02 8.983643881688678903e+02 8.977739940615884962e+02 8.961428103056748569e+02 8.992254573201277026e+02 8.999093908868339895e+02 8.998574581833790944e+02 8.991140833773933991e+02 8.998574776567820663e+02 8.999766457792376286e+02 8.999790695802968230e+02 8.999609676475251945e+02 8.998977013839910342e+02 9.000017868706560193e+02 9.000025761560965520e+02 9.000049472747234631e+02
3.273213172997050151e+02 1.729976663884482377e+02 3.482255510700504146e+02 3.849119458441714983e+02 2.957618859074523243e+02 4.202154440408448863e+02 6.309263279487972795e+02 6.926036324520201788e+02 6.424129643634182685e+02 6.809224222041241319e+02 6.938659654621891377e+02 6.644453680041890493e+02 6.404368964377542852e+02 6.314726053225094802e+02 7.131173335776525164e+02 7.867323057303002543e+02 7.314919088882234064e+02 8.200617555242233720e+02 8.715938293764652371e+02 8.941854406888863878e+02 8.970957260082690254e+02 8.987741619726297131e+02 8.995760199158027035e+02 8.996157421398118004e+02 8.992784664978229330e+02 8.996193711238971673e+02 8.999235744159403794e+02 8.995772508232171276e+02 8.974567505882259866e+02 8.994136941782387566e+02 8.998259184485988271e+02 8.997500259978703525e+02 8.992705905118853025e+02 8.999578532217825568e+02 9.000021947606239792e+02 9.000048201111949311e+02 9.000020608353461284e+02
1.599893513831690939e+02 3.244628113590803196e+02 3.099136663840014876e+02 5.045122839457243913e+02 5.092122595854631300e+02 5.742301499381052281e+02 6.804827903178228325e+02 5.736423024674797944e+02 4.041880164533453126e+02 4.616188402695126456e+02 4.945815340803569597e+02 6.262766394083752175e+02 4.127141293818156100e+02 4.578489842581448102e+02 5.119617191767245572e+02 5.739073629324337844e+02 7.925956088568943869e+02 8.515578114492876693e+02 8.709655439924025586e+02 8.789141113565096930e+02 8.899577386370376644e+02 8.960263952728965933e+02 8.991167329597932394e+02 8.998180712218204462e+02 8.999156455535938903e+02 8.998777270080213384e+02 8.998312987720591991e+02 8.986289197874929187e+02 8.933647347424549707e+02 8.988533730350710584e+02 8.988109173528656584e+02 8.963648608893622622e+02 8.997523244446745139e+02 8.999619910964929659e+02 9.000021005983148825e+02 9.000036320398528460e+02 8.999998618705047875e+02
3.101683161767644492e+02 2.719714495416696991e+02 4.657127669025540513e+02 5.621723606227609480e+02 6.053510851732161200e+02 5.435092179165962989e+02 5.393755212738145701e+02 4.665130226067641388e+02 2.674257042594446148e+02 2.863276600252434605e+02 5.312422489925481841e+02 3.597812816928361030e+02 6.265418948020346761e+02 7.151853487448867099e+02 7.527782902337816040e+02 7.874820720410214108e+02 6.743084636444214084e+02 7.460532328960190398e+02 8.049023601239997561e+02 8.486784810755805211e+02 8.768684200823570336e+02 8.919991326038328907e+02 8.980938201511006582e+02 8.997494723748417300e+02 8.996500437261586285e+02 8.995179374799406560e+02 8.980645120188573856e+02 8.983641212405289025e+02 8.843369617363373436e+02 8.954604022600824464e+02 8.862720628955898974e+02 8.988095385202653915e+02 8.997273895285107983e+02 8.999858456949635865e+02 9.000000017922424149e+02 8.999988041619136538e+02 8.999912057275654433e+02
5.002600249206493572e+02 4.660092833618438704e+02 5.318593087338226724e+02 5.145614249787668086e+02 4.861910450549828511e+02 3.165502008694917322e+02 4.314540704652690124e+02 2.428559780959940326e+02 4.590626006899969411e+02 5.300110148535478629e+02 3.173256615208618996e+02 3.974857282444991711e+02 4.969825267707620924e+02 6.218275763431958012e+02 7.551726436820406434e+02 8.471044152892749253e+02 8.220586599114924411e+02 8.256545554207467603e+02 8.709655680231392125e+02 8.842387852884091899e+02 8.925446933722597578e+02 8.970650108487614034e+02 8.991167440914603048e+02 8.991600336897643047e+02 8.988517936816360816e+02 8.954299285360675640e+02 8.961803946523772311e+02 8.851029789004332997e+02 8.897087459428645388e+02 8.592689616680765994e+02 8.917366229678963236e+02 8.983715726395166712e+02 8.998548565556291123e+02 8.999886378679716472e+02 8.999816547929164017e+02 8.999498845384312062e+02 8.999988582977383658e+02
3.861734450133813539e+02 5.667040476127943975e+02 4.401625346118831885e+02 3.030273077815184593e+02 3.823873476864650911e+02 2.070880017100229509e+02 2.205826576130664023e+02 4.320758298524037286e+02 5.392773637090282364e+02 6.348763053325623105e+02 5.740789880357557422e+02 4.588914059428086034e+02 6.957266802821972078e+02 7.241067017099189798e+02 7.941930446156283097e+02 8.576506673853873508e+02 8.824329888616566677e+02 8.826200971206056920e+02 8.869578611508276254e+02 8.921474715536566009e+02 8.966067488389024902e+02 8.985450625001687968e+02 8.989822085359087396e+02 8.985893754136801590e+02 8.900953392471707275e+02 8.916807536424506679e+02 8.694137920816942824e+02 8.792353044515298279e+02 8.205394773727930442e+02 8.897086486434341168e+02 8.966991491571955066e+02 8.993321326263665014e+02 8.998954837645723046e+02 8.999596497354301619e+02 8.997871419434690097e+02 8.999594653668627871e+02 8.999897327099680524e+02
5.035810762636232312e+02 4.151663211121377230e+02 3.402894920011734143e+02 1.776074763405372323e+02 1.890987289342521933e+02 3.828379293367167406e+02 4.313891806512043559e+02 2.833878904876545448e+02 5.139235669091846148e+02 6.626139272768947421e+02 7.326056941611566344e+02 6.979203255439309714e+02 6.472611716770395560e+02 8.021811820367433938e+02 8.528809568999151907e+02 8.752001926385631805e+02 8.651221794761215733e+02 8.538758989060178237e+02 8.537178169286178218e+02 8.768354814815319287e+02 8.888965963571997690e+02 8.980317937045754206e+02 8.954099718124559786e+02 8.901284797946665321e+02 8.916339084915564399e+02 8.412323616100734398e+02 8.623052505395598928e+02 7.628807159170529530e+02 8.792409132836626213e+02 8.897222004689675714e+02 8.988904838618726671e+02 8.996052529329251684e+02 8.997116716599616666e+02 8.998065416157016898e+02 8.993634491591321876e+02 8.998502537085330459e+02 8.999851166485059366e+02
3.916887561120165060e+02 3.173607934888302680e+02 1.620888253515149415e+02 3.164899257026656869e+02 3.823874349122571061e+02 2.681736942719743411e+02 4.880318849049157279e+02 5.139222333749128211e+02 3.708330027658680024e+02 4.802250817455953324e+02 6.204642617892751559e+02 7.722926679184000704e+02 8.021806891612130812e+02 8.159623113556366434e+02 8.618486052235399484e+02 8.316179940505985542e+02 8.103760066116668668e+02 7.278547621184486616e+02 8.016442417466921597e+02 8.546696538331005968e+02 8.875849182188779878e+02 8.977916968464058982e+02 8.937648824095912232e+02 8.603695924401683897e+02 8.747215788890416661e+02 8.589428213287025073e+02 6.881966303878815552e+02 8.589435988213456312e+02 8.847721681849294555e+02 8.964919603039940057e+02 8.973037209068003222e+02 8.963404690098366245e+02 8.996054568496151660e+02 8.980409368703604969e+02 8.996542879364120608e+02 8.999576096381807702e+02 8.999863972131705623e+02
2.954586338381223527e+02 1.474951650366612341e+02 3.173669969263747248e+02 4.154332361980113433e+02 5.484380098852009269e+02 4.880315722341492233e+02 4.060528957275429320e+02 6.090076666713365512e+02 5.615729234079162779e+02 5.741823440268840386e+02 7.352513561460866640e+02 8.063385500861570563e+02 8.503750636548074908e+02 8.299031163459552545e+02 7.849091565056571653e+02 7.212979266147827957e+02 6.114965430417454400e+02 7.928616922355516863e+02 8.651317448916178137e+02 8.825757209887619865e+02 8.928780087845575508e+02 8.921737094278404356e+02 8.853763386239885449e+02 8.747214759024086561e+02 7.631799903180489082e+02 8.229182349957358156e+02 6.291819660556808458e+02 8.449033974637324036e+02 8.672380316743040112e+02 8.845614893527929326e+02 8.785622006403544901e+02 8.973044606111811845e+02 8.980796419628148897e+02 8.954538804973451533e+02 8.993262981154757654e+02 8.999449254472331177e+02 8.999965261339295921e+02
1.337213591848795602e+02 2.957266912468318765e+02 2.646984796749624707e+02 3.909419860940675449e+02 5.655086388535528386e+02 6.704583344256650435e+02 6.224654185962648398e+02 6.738039412233586063e+02 7.527683048030802411e+02 7.529192956039831870e+02 7.834352242616755575e+02 8.251638870752502726e+02 7.969534075444616974e+02 6.933478936383902465e+02 6.275563973111701443e+02 4.892141217349335989e+02 7.507474869822013943e+02 8.316181471785798749e+02 8.807366018064709579e+02 8.904284555076743572e+02 8.917367275693840156e+02 8.495286377856801892e+02 8.577459382597394324e+02 7.973751372327845957e+02 7.973738886733766549e+02 5.636573083045678914e+02 8.229183602805675264e+02 7.189554434678841517e+02 7.730453673357071693e+02 8.155901194272786370e+02 8.873136434461576982e+02 8.786728041820866792e+02 8.887034649326116096e+02 8.986263205547878670e+02 8.992033038430844272e+02 8.998703672869048660e+02 8.999949477267100519e+02
2.955354913173574687e+02 1.399060517947599749e+02 3.081804658140003426e+02 3.971572031297635021e+02 5.283721975125207564e+02 5.945912119680087926e+02 6.878177459541998360e+02 7.327940869201903524e+02 7.446580232942453677e+02 7.052501506046155555e+02 7.186442522000215831e+02 7.215564665203698951e+02 6.574844849057692500e+02 5.462131738158333292e+02 3.833942946362450925e+02 6.803473399698603998e+02 7.849083103725000683e+02 8.322064547417144240e+02 8.493145205252816368e+02 8.779868896456872562e+02 8.910760724985603929e+02 8.485221123046420644e+02 6.938134246996014554e+02 7.686128528664213491e+02 5.019069946206845998e+02 7.973737254221546209e+02 8.425769091449017196e+02 8.673554836393100231e+02 8.754881801624167110e+02 8.846594643042787993e+02 8.555038826942763990e+02 8.939569998302373506e+02 8.973815208676851398e+02 8.984972446115693856e+02 8.998657185460411938e+02 8.999585493846507234e+02 9.000003180718197200e+02
