output/example/elevation_000007.asc
nrows	75
cellsize	133.333333333
xllcorner	0
ncols	75
yllcorner	0
NODATA_value	-9999
[rows 34 to 50 of 75, columns 37 to 73 of 75]
2.748219918590084490e+02 2.857609718330859891e+02 3.597049513883342229e+02 3.304156295097270686e+02 4.304156295003789978e+02 5.088613339093323020e+02 4.638297816175002026e+02 4.224084258168908832e+02 4.224084258168908832e+02 4.224084258168908832e+02 4.638297816175002026e+02 4.397229205282339422e+02 3.983015646460877974e+02 3.356754073658311199e+02 3.356754073658311199e+02 2.438403731769134595e+02 3.438403731749478993e+02 3.582516025118353014e+02 3.350593882412651965e+02 3.178009585050985493e+02 4.178009584998754917e+02 4.012915288538850973e+02 3.239370695404164735e+02 4.239370695357107479e+02 4.485553677300398476e+02 5.485553676409340369e+02 5.606424748875008390e+02 5.192211194230940237e+02 5.192211194230940237e+02 5.873973379425949588e+02 5.040355418569972130e+02 4.040355418676554677e+02 4.487569014176499991e+02 4.987569014176485780e+02 5.694675795359557924e+02 6.694675794054866174e+02 6.851244201080716039e+02
2.041113137403557118e+02 2.308374379315977762e+02 2.597049513910782821e+02 3.097049513910768610e+02 3.674399783100378158e+02 4.674399782970547221e+02 4.224084258168908832e+02 3.224084258246944614e+02 3.224084258246944614e+02 3.224084258246944614e+02 4.224084258168908832e+02 3.983015646460877974e+02 2.983015646517441724e+02 3.275908865314328295e+02 2.356754073676362680e+02 3.356754073658311199e+02 3.070859263802792611e+02 4.070859263749329671e+02 4.350593882329797566e+02 3.885116366237354555e+02 3.994506165976436023e+02 4.653584254076513389e+02 4.239370695357107479e+02 3.485553677362823350e+02 4.485553677300398476e+02 5.146360862706716262e+02 5.560574417575923007e+02 6.060574413395356714e+02 6.192211192294154216e+02 5.893327190936090574e+02 4.893327191360521056e+02 4.186220410174445306e+02 5.186220410049660359e+02 5.829849697670458681e+02 6.401782561679984838e+02 6.887854284482331195e+02 6.972925540961284696e+02
2.732506437469488674e+02 3.308374379296456596e+02 3.597049513883342229e+02 4.011263073843232405e+02 3.872692617462783460e+02 4.165585836059653957e+02 4.044360115431199461e+02 3.516977477037542599e+02 2.516977477060442823e+02 3.516977477037542599e+02 3.780621235496274153e+02 3.614203464196457389e+02 3.199989903515473770e+02 2.275908865330919184e+02 3.275908865314328295e+02 3.770967634136163724e+02 4.070859263749329671e+02 4.070859263749329671e+02 5.070859263009371034e+02 4.885116366059643838e+02 4.994506165704204363e+02 5.408719719396277696e+02 4.899767235255174000e+02 4.062903946552432899e+02 3.768396389837434413e+02 4.146360862846651116e+02 4.646360862846636905e+02 5.353467644030988595e+02 6.353467643082968834e+02 5.893327190936090574e+02 4.893327191360521056e+02 5.186220410049660359e+02 4.415636144045000719e+02 5.415636143883067462e+02 5.887854288003701413e+02 5.887854288003701413e+02 5.972925542473724363e+02
2.920728778307285438e+02 3.192791086187356768e+02 3.607004646685899161e+02 3.579799396960400486e+02 2.872692617518765701e+02 3.165585836315822803e+02 3.337253335643225682e+02 2.630146555855240535e+02 2.239627378947832028e+02 3.022681597565305083e+02 2.780621235542135992e+02 3.124612067372189017e+02 2.199989903530807567e+02 3.199989903515473770e+02 2.518444490367248818e+02 3.518444490345344775e+02 3.958140082508611499e+02 4.154256217637993700e+02 4.362770631683245028e+02 4.776984189952062820e+02 5.167508485703444876e+02 5.581722040071128959e+02 5.477117501353536682e+02 5.062903946404747444e+02 4.345746659027043961e+02 4.146360862846651116e+02 5.146360862706716262e+02 5.995729856221307728e+02 6.409943403372203647e+02 6.307540739077393255e+02 5.893327190936090574e+02 5.232132724964392310e+02 5.415636143883067462e+02 4.669636398045374790e+02 4.887854288281361050e+02 5.265818761290566954e+02 5.972925542473724363e+02
2.506515216957780012e+02 2.192791086207240312e+02 2.662581269087905866e+02 2.709879646071506727e+02 2.165585836332246856e+02 2.805394478991402138e+02 2.853618761207923740e+02 1.923039774668712880e+02 1.972366137035411384e+02 2.022681597578073820e+02 2.073514454355608336e+02 2.124612067386367471e+02 3.124612067372189017e+02 3.614203464196457389e+02 3.518444490345344775e+02 2.772444744367622889e+02 2.958140082544669553e+02 3.154256217682848273e+02 3.362770631739917349e+02 4.362770631683245028e+02 4.167508485864260024e+02 4.874615267049898648e+02 5.874615266503948305e+02 5.759960211935153893e+02 5.345746658821116171e+02 4.723711132036260665e+02 4.617765383637669743e+02 4.995729856646886446e+02 5.702836637829293522e+02 6.702836636390431977e+02 6.646346266660078754e+02 6.232132724127355914e+02 5.669636397828305689e+02 5.047600871054591494e+02 5.887854288003701413e+02 5.359258809072366603e+02 6.066365590254183644e+02
1.569509295800160373e+02 1.615440817017622521e+02 1.662581269096725407e+02 1.709879646080765099e+02 1.757337545868389554e+02 1.805394479001610364e+02 1.853618761218651230e+02 2.853618761207923740e+02 2.972366137023286115e+02 2.430929888041931122e+02 3.073514454342154636e+02 3.124612067372189017e+02 2.396777594362272339e+02 3.396777594342795510e+02 4.105875066515909566e+02 3.772444744338260989e+02 3.958140082508611499e+02 4.154256217637993700e+02 4.362770631683245028e+02 3.696103965073241397e+02 4.696103964988234907e+02 4.874615267049898648e+02 5.581722048221012074e+02 6.581722046409719269e+02 6.137924681492087302e+02 5.723711131705200614e+02 5.617765383372943688e+02 5.995729856221307728e+02 6.409943403372203647e+02 6.334035249215818340e+02 6.748248814367123032e+02 7.083849924537727247e+02 6.455849160928715946e+02 5.455849161518432311e+02 6.455849160928715946e+02 6.066365590254183644e+02 6.066365590254183644e+02
2.569509295792143462e+02 1.839047614767598589e+02 2.662581269087905866e+02 2.709879646071506727e+02 2.257337545868382449e+02 2.805394478991402138e+02 2.853618761207923740e+02 2.280020193929866252e+02 3.280020193911162210e+02 3.430929888020353928e+02 3.138036669228434334e+02 3.810991154733505368e+02 3.396777594342795510e+02 2.691661506672058408e+02 3.691661506644434780e+02 4.346726241781903468e+02 4.700279632341709544e+02 5.114493189094594641e+02 5.110317522002185910e+02 4.403210746259485973e+02 4.403210746259485973e+02 5.403210745970285416e+02 6.288828813092366090e+02 5.932050512216198968e+02 5.517836948569893138e+02 5.756983260314412973e+02 6.171196824465672535e+02 5.799512765380504788e+02 5.626928468015439648e+02 5.334035249196302857e+02 6.334035249215818340e+02 6.552129371431614118e+02 6.870062703434116429e+02 6.455849160928715946e+02 6.870062703434116429e+02 7.066365588476937774e+02 7.066365588476938910e+02
3.250984098267364857e+02 2.839047614756772191e+02 2.172380948100927185e+02 3.172380948084688157e+02 3.257337545848943705e+02 3.257337545848943705e+02 3.694233754398766223e+02 2.857370463119475517e+02 2.912475725963524269e+02 3.912475725912656230e+02 4.138036669154910214e+02 4.138036669154910214e+02 4.105875066515909566e+02 3.269011775861667957e+02 3.045214897265322520e+02 3.346726241843077787e+02 3.700279632436341899e+02 4.277629901625951447e+02 5.277629901402069663e+02 5.403210745970285416e+02 5.403210745970285416e+02 5.817424297744880732e+02 5.987027723632126026e+02 5.354700242504713970e+02 4.517836948564870454e+02 4.756983260302977214e+02 5.506619547428095984e+02 4.799512765371418936e+02 4.626928468009716084e+02 5.626928468015439648e+02 6.259236154119950015e+02 5.552129371411182319e+02 6.259236154119950015e+02 6.300439091779089722e+02 6.714652656687065928e+02 6.951645668049867481e+02 6.951645668049867481e+02
3.672380948068438897e+02 2.672380948100912974e+02 3.172380948084688157e+02 2.706903431925761083e+02 3.706903431890875140e+02 4.257337545551798712e+02 4.271584022274681161e+02 3.857370463075230305e+02 3.912475725912656230e+02 3.912475725912656230e+02 4.912475725214484328e+02 5.138036668204157422e+02 4.683225333960606918e+02 4.269011775796314510e+02 3.545214897265308309e+02 4.346726241781903468e+02 4.700279632341709544e+02 5.114493189094594641e+02 5.691843454341566257e+02 5.346136023938339576e+02 4.931922460727901125e+02 4.987027723572368814e+02 4.987027723572368814e+02 4.940486679377351606e+02 3.940486679375228505e+02 4.940486679377351606e+02 4.700173713910091919e+02 4.092405984184852059e+02 4.799512765371418936e+02 5.799512765380504788e+02 5.845022590230586275e+02 4.845022590224594978e+02 5.593332310581085949e+02 5.300439091762933685e+02 6.300439091779089722e+02 5.951645668017260959e+02 5.951645668017260959e+02
4.080629238509882271e+02 3.080629238564764592e+02 4.080629238509882271e+02 3.414010213112200063e+02 3.523400012852060286e+02 4.523400012669740704e+02 4.292293558304256749e+02 3.878079995545029988e+02 3.930638828667844678e+02 4.344852391441957593e+02 4.200853629335715596e+02 4.310243429077905830e+02 4.724456992091063512e+02 4.959428454421693573e+02 4.545214897179849345e+02 4.959428454421693573e+02 4.721193807384717047e+02 4.306980244525326498e+02 4.721193807384717047e+02 4.768785754405715238e+02 3.931922460725117503e+02 3.987027723569169098e+02 4.987027723572368814e+02 4.624258913359832377e+02 3.624258913358381733e+02 4.366840380576210805e+02 3.700173713908473019e+02 4.407280495095039896e+02 5.407280495100565076e+02 5.341716956984610079e+02 4.927503393893672410e+02 4.436774299760720623e+02 4.593332310576346913e+02 5.593332310581085949e+02 5.773134366044670287e+02 5.244538886830673619e+02 5.951645668017260959e+02
4.494842797149051989e+02 4.080629238509882271e+02 4.494842797149051989e+02 4.414010212993470645e+02 4.523400012669740704e+02 4.267729693761781959e+02 3.714943288956605443e+02 2.878079995544116514e+02 2.930638828666881182e+02 3.767502122088210967e+02 3.200853629333972776e+02 3.310243429075154609e+02 4.297164971413395733e+02 4.297164971413396302e+02 4.711378534359484433e+02 4.751477624953015493e+02 4.306980244525326498e+02 3.306980244524169166e+02 4.306980244525326498e+02 3.928170758824917925e+02 3.354572191535475554e+02 4.354572191536649939e+02 4.391336532812824203e+02 3.977122970086241480e+02 3.335583778763560758e+02 3.366840380575130780e+02 4.366840380576210805e+02 5.114387276910381956e+02 5.160645464807410008e+02 4.746431901808285261e+02 3.927503393891756787e+02 4.058809826751482888e+02 5.058809826753687844e+02 5.439801032709644915e+02 4.773134366039615770e+02 5.151098839048863738e+02 5.858205620235451079e+02
4.034593291547736271e+02 4.034593291547736271e+02 4.265923241506229147e+02 3.851709678695997923e+02 3.742319878954262435e+02 3.779994668649766822e+02 2.853516130854724793e+02 2.300729726354474849e+02 2.353288559477239232e+02 2.959224364322787437e+02 2.493746848147405615e+02 3.493746848147917490e+02 3.297164971411537522e+02 3.297164971411538090e+02 4.297164971413396302e+02 4.337264061981102827e+02 3.337264061978805785e+02 2.898731954060294811e+02 3.585587853406730687e+02 2.928170758824242625e+02 3.718240646958469711e+02 3.790598107487754191e+02 3.863530603236747538e+02 2.977122970085555380e+02 3.058233680650938595e+02 4.058233680651685518e+02 4.284181862169411943e+02 4.698395424985445743e+02 4.571020297946598703e+02 3.746431901806715246e+02 4.746431901808285261e+02 5.058809826753687844e+02 4.279672878901182003e+02 4.439801032706273531e+02 5.439801032709644915e+02 6.151098839056991210e+02 5.967595419976727271e+02
3.034593291546257774e+02 3.034593291546257774e+02 3.534593291546980822e+02 2.851709678694489298e+02 2.742319878953307466e+02 2.779994668645325646e+02 2.779994668645325646e+02 1.853516130854510777e+02 1.906074963977275161e+02 1.959224364322549263e+02 2.959224364322787437e+02 3.090058190225229851e+02 2.590058190224970645e+02 3.590058190225515773e+02 3.990351547785409139e+02 3.845358900672474078e+02 3.431145338061799634e+02 2.520767481051056791e+02 2.585587853406274803e+02 2.650820660711620462e+02 2.718240646957946183e+02 2.790598107487190305e+02 2.863530603236139314e+02 3.863530603236747538e+02 4.058233680651685518e+02 3.190109775330099637e+02 3.284181862168461521e+02 4.284181862169411943e+02 3.571020297945304947e+02 4.571020297946598703e+02 5.116663797835173568e+02 5.530877361051019534e+02 5.279672878904011668e+02 5.439801032709644915e+02 4.782798202991300514e+02 5.782798202996428927e+02 6.589244037577881272e+02
3.327486510360124043e+02 2.327486510359690612e+02 2.534593291546241005e+02 3.035213097767021395e+02 2.035213097766740589e+02 2.707062172896364700e+02 1.779994668645128968e+02 2.779994668645325646e+02 2.613181745163842038e+02 2.959224364322787437e+02 2.035584719154671802e+02 2.090058190224957002e+02 3.090058190225229851e+02 3.224319201499139922e+02 2.990351547784273976e+02 3.342583849507755076e+02 2.431145338061411394e+02 3.431145338061799634e+02 3.585587853406730687e+02 3.650820660712108179e+02 2.910690736687826643e+02 3.790598107487754191e+02 3.863530603236747538e+02 3.126143468955591516e+02 4.126143468956416882e+02 4.190109775330959678e+02 4.284181862169411943e+02 3.420264625656419071e+02 4.420264625657516717e+02 3.887248063962151718e+02 4.116663797832719638e+02 5.116663797835173568e+02 5.908841834368530499e+02 6.197011766764237564e+02 5.782798202996428927e+02 5.175030473267689786e+02 6.175030473276129896e+02
3.471005024748421874e+02 2.827486510359901217e+02 1.827486510359683791e+02 2.587490614116154575e+02 1.657248624757507969e+02 1.707062172896180527e+02 2.707062172896364700e+02 3.194208231166688279e+02 3.613181745164611129e+02 3.449798281706414400e+02 2.535584719154678623e+02 3.090058190225229851e+02 2.168504644280231730e+02 2.224319201498827283e+02 2.283244766597707098e+02 2.342583849507400657e+02 3.342583849507755076e+02 3.431145338061799634e+02 4.431145338070242019e+02 4.106806871826821634e+02 3.106806871826016163e+02 4.106806871826821634e+02 4.540357031728692050e+02 4.126143468956416882e+02 3.408986181430218494e+02 4.408986181431369005e+02 4.834478188520664617e+02 4.420264625657516717e+02 3.773818016249702509e+02 4.773818016251402696e+02 5.116663797835173568e+02 4.494628270841957374e+02 5.494628270845903444e+02 6.356055430401964941e+02 6.589244037577881272e+02 6.175030473276129896e+02 5.675030473267717070e+02
2.471005025375754656e+02 2.471005025402929220e+02 1.538811375764867080e+02 1.587490614115991434e+02 2.587490614116154575e+02 2.707062172896364700e+02 2.001946085205978818e+02 3.001946085206238877e+02 3.732387413825057934e+02 3.949798281804128237e+02 3.242691500341245501e+02 3.582718206850044567e+02 2.875611425466798892e+02 2.403924503525604450e+02 3.283244766598040769e+02 3.342583849507755076e+02 2.625426561982027351e+02 3.625426561982520752e+02 4.341151469287283930e+02 4.521020434593033315e+02 4.106806871826821634e+02 3.415413571750208348e+02 4.415413571751373070e+02 4.823199744303325929e+02 4.408986181431369005e+02 3.717592881354410679e+02 4.717592881356072780e+02 5.188031579277671881e+02 4.773818016251402696e+02 4.182066306713576864e+02 5.182066306716448025e+02 5.494628270845903444e+02 4.941841866341927698e+02 5.648948647528515039e+02 6.648948647552864486e+02 7.089244038637335734e+02 6.252380742457374936e+02
2.403813711334592256e+02 1.471005025402785122e+02 2.471005025402929220e+02 2.587490614116154575e+02 2.122013097940847786e+02 3.122013097941196520e+02 3.001946085206238877e+02 2.318173851222821042e+02 3.318173851223201041e+02 4.097535785574936540e+02 4.242691500343001962e+02 4.289824988233327190e+02 3.646460128562447380e+02 2.646460128561943748e+02 2.796156773801983491e+02 3.796156773802611610e+02 3.625426561982520752e+02 2.926937906559799103e+02 3.926937906560504530e+02 4.674484802729914463e+02 4.829627134627181135e+02 4.415413571751373070e+02 3.758410742035235330e+02 4.758410742037007708e+02 5.131806444367083486e+02 4.717592881356072780e+02 4.060590051639437661e+02 5.060590051641967193e+02 5.596279870007308546e+02 5.182066306716448025e+02 4.682066306713590507e+02 5.682066306719335671e+02 5.941841866349067232e+02 5.574297398375638295e+02 6.281404179562225636e+02 7.281404179628406155e+02 7.252380742497311985e+02
