output/example/elevation_000000.asc
nrows	50
cellsize	20.0
xllcorner	0
ncols	50
yllcorner	0
NODATA_value	-9999
[rows 17 to 33 of 50, columns 0 to 36 of 50]
9.098509734387574266e-01 3.456840265865166462e-01 8.816750184904665888e-01 9.415646031062123722e-01 1.173045342328458363e+00 4.990381408265322505e-01 1.164384819864883402e+00 2.755979217036071960e-01 8.341495412068963278e-01 5.777679006735461087e-01 7.656349774632180694e-01 4.239274466741940195e-01 6.331899357669388273e-01 5.967916762488636451e-01 7.112222006810126063e-01 6.544638127430528751e-01 4.668456193946468602e-01 4.183858514878835422e-01 7.159940833908760016e-01 1.226615345853807160e+00 1.087313769789010065e+00 3.986470726283726784e-01 8.784199277013553520e-01 3.954246632773802395e-01 5.741046249673746882e-01 1.231761133074438685e+00 5.880372055696055922e-01 3.520578380492239701e-01 8.080750667948169985e-01 8.331754917858710252e-01 7.586743063499966633e-01 1.186482704613924577e+00 7.607783803676976264e-01 6.136566352500275601e-01 4.578558189433474812e-01 8.278066876466698698e-01 9.866230364158876665e-01
6.729603419142361487e-01 1.090311406476389466e+00 6.566287157056871493e-01 6.745629624583189266e-01 5.083762478901363568e-01 1.066537569850899647e+00 9.326452383225027898e-01 7.707956291009716576e-01 1.021055144738337583e+00 1.149515138804222403e+00 2.943776547568690560e-01 4.676053936929165378e-01 7.152475966975111454e-01 9.557053961789834240e-01 4.917068325834346165e-01 6.911567880157800658e-01 9.067222780373265234e-01 5.426307715180551661e-01 9.124702041997845292e-01 3.090043602836018422e-01 6.587469967902520596e-01 8.828637249493860306e-01 1.102313712815492508e+00 7.587225820285941058e-01 9.087544308379778002e-01 9.093572813855168580e-01 8.921215138396751954e-01 7.007708772209882975e-01 5.667004859870484745e-01 3.775658918914029938e-01 1.125622524507521760e+00 1.018448055625050808e+00 8.974880708688171005e-01 9.951859840557668591e-01 5.642153947552907001e-01 4.264298634536991539e-01 7.800466843941386008e-01
9.500813129397378543e-02 7.901501088936636608e-01 7.437256904875961805e-01 1.211154483541452720e+00 4.813908541763264326e-01 2.934872401737003145e-01 1.191426018267054632e+00 7.068528547897618974e-01 7.069106705837560067e-01 6.750163536893718508e-01 5.262170386658424626e-01 2.778564518072871858e-01 8.022003296855068077e-01 4.659498068875517207e-01 7.468163239644795004e-01 1.232399940810952277e+00 1.219242567273874922e+00 5.574311298887643096e-01 5.829874735379618755e-01 3.713292093556482820e-01 8.514315699398092852e-01 4.286017729040372259e-01 3.753231442582027899e-01 1.152662317261287095e+00 8.061211997689277098e-01 1.128317235257651596e+00 4.646808840491843950e-01 4.265419573985741453e-01 8.241065907036252414e-01 9.350554746833281694e-01 4.281532764868229979e-01 7.496582012641279658e-01 8.096754785811877131e-01 7.480708939217020070e-01 5.640979037284252762e-01 6.966039748762434813e-01 3.600621560274738786e-01
5.074168083889973868e-02 4.881027150277162385e-01 2.939880940746282256e-01 1.099342728878173858e+00 3.918834885841480098e-01 9.153570819243415091e-01 1.183363663057928061e+00 9.411183970110479358e-01 1.227958941175746777e+00 8.787381780497877104e-01 5.975326394027602461e-01 1.208652999537948691e+00 4.666535370895806278e-01 7.985348100450946340e-01 6.643399952010524689e-01 7.902773476195361635e-01 5.474308873978437351e-01 1.195799554398089271e+00 1.227043418649735429e+00 9.414333966712569168e-01 7.450121656026372774e-01 1.187388812703524588e+00 1.184025671687137349e+00 2.977991094066153588e-01 1.123386009184033085e+00 3.581897375321337895e-01 3.432477597045865414e-01 5.029570967689908079e-01 6.207710119633024215e-01 7.329754659849460063e-01 1.191033032778475498e+00 3.991947329404381684e-01 8.913142036200402130e-01 7.519693749041697073e-01 3.759066277530214162e-01 1.232897690699260806e+00 1.153860332116795950e+00
2.528005767708579876e-01 7.230007005056837688e-01 7.262819361408259233e-01 9.444207541084922441e-01 4.794613855712336337e-01 5.293665313913004100e-01 9.704070858008598810e-01 5.329444595489661873e-01 3.987891312102074259e-01 8.573632530832799858e-01 5.466720420111523815e-01 8.304446143917736389e-01 1.204778902808124386e+00 1.210418454710876279e+00 1.031794204964500139e+00 1.212173896120972039e+00 1.033375596083771608e+00 6.093592312052902304e-01 1.169881484503382030e+00 3.755355716126473897e-01 4.584734024343327108e-01 7.533833933846978415e-01 3.726290559242635414e-01 8.487130176798423076e-01 7.926598589166822251e-01 4.586760183481457531e-01 9.856313887306965560e-01 3.334568285738019888e-01 7.369135892819056455e-01 5.243853337635268064e-01 1.175203972898196225e+00 3.945375559781386654e-01 6.304115241297525429e-01 9.564438061620372800e-01 5.530745255556803741e-01 1.068148099844075327e+00 3.630531157060253866e-01
9.791283598286071310e-04 1.214846422035510409e+00 1.201286946883075135e+00 5.255045344073194791e-01 7.750301312831668898e-01 2.955314343118108367e-01 7.526811296137334573e-01 4.202826819455397489e-01 9.217019342200365450e-01 4.040516819538020332e-01 7.993866405018605903e-01 5.747832646688776359e-01 7.281622905059418338e-01 1.184687599606861985e+00 7.699818251076123721e-01 1.210745746084029184e+00 9.628178798057658305e-01 4.763910491959571503e-01 5.024643913374422510e-01 1.057142733237657728e+00 1.017690391448351717e+00 3.933840798014264228e-01 1.049937581457663915e+00 5.471483894736867137e-01 8.134910616980377540e-01 1.130437614993724305e+00 1.155970857068917113e+00 4.237353868257993095e-01 3.916761901534674406e-01 5.157176088576223005e-01 8.513023518509563736e-01 1.201872499006184647e+00 8.978329793610493326e-01 1.005206772135359472e+00 1.062712332680812555e+00 7.244524957853718528e-01 6.257843188695175751e-01
4.600753433092569233e-01 8.895721455917779963e-01 8.715938338067186208e-01 1.147794324411227196e+00 9.258711786422471057e-01 1.083814312197189489e+00 4.893453742971630716e-01 1.086494446532424440e+00 2.554528966814691993e-01 1.050635091994153614e+00 2.643299805175182149e-01 8.508387355825743903e-01 5.239644065973944054e-01 4.125335885667339442e-01 9.826410844343840267e-01 3.870965785085608291e-01 9.237179099621312117e-01 3.320265345592867678e-01 4.579961606675607144e-01 6.457392968417579038e-01 8.167575353525062809e-01 9.027468568295794471e-01 6.094046589747389442e-01 1.105180686720318661e+00 2.776645704022615568e-01 4.416896646047997477e-01 6.422056542960644654e-01 8.573537763901595277e-01 8.987820175839371650e-01 1.125541799441584612e+00 5.993833189673168915e-01 8.860831706893983473e-01 9.344899562507400503e-01 4.099567270852795819e-01 6.178133498127310608e-01 6.928477498375789079e-01 8.462334813376589659e-01
5.979472710492108600e-01 8.247969125299915438e-01 7.880053354999276838e-01 4.106792866624701666e-01 7.488724863487316030e-01 9.886413002598863908e-01 1.108015813259453530e+00 6.135091284401550382e-01 6.929066696076592313e-01 1.106116424829190592e+00 2.951180297587063794e-01 8.457479041798696695e-01 3.520307763966006309e-01 1.042748431098064366e+00 9.192186269656874575e-01 3.215806065916116396e-01 2.934064503104937827e-01 1.177540304691252926e+00 5.567293119413714297e-01 8.271659731061221654e-01 8.264204499990527308e-01 6.323773629129578744e-01 3.488703938234140045e-01 9.664935948212898253e-01 5.847241963571623291e-01 6.770784434825856124e-01 1.041747168310084515e+00 1.175815600291977736e+00 5.360981866653155015e-01 5.827788465288735731e-01 1.016776743136708738e+00 6.993376773982356021e-01 1.131854973990554125e+00 6.230527229347597729e-01 3.040926022700205511e-01 5.350452113424817302e-01 1.137395734192127916e+00
1.534601171854249602e-01 9.325656307618285235e-01 6.370462172213420260e-01 7.482179179099734956e-01 1.062429082828230342e+00 9.376324948220160493e-01 4.621136063792932180e-01 9.870492958519938576e-01 9.281145607971613698e-01 8.331713901181801996e-01 7.458485362971484234e-01 1.153978783160309884e+00 8.430864189074105397e-01 3.104967893113286803e-01 1.076806424811386442e+00 9.036598892735830946e-01 5.165122017238339414e-01 1.014085888175929373e+00 1.168606541937625032e+00 9.756119538891778742e-01 7.256242462710447150e-01 1.067341839009710913e+00 3.308464602147452860e-01 3.020952232892634148e-01 6.544615554094277421e-01 7.661178143368467808e-01 8.889221595296770140e-01 9.040467085914023482e-01 7.660658450282014087e-01 6.219951758958465193e-01 9.759351959608670857e-01 8.054760119498032278e-01 4.577272858421791990e-01 8.237721990716825315e-01 7.082072891073565302e-01 1.035356291761289294e+00 9.462145559909169723e-01
1.123418600940028211e-01 1.191842190956053704e+00 3.306743200969489704e-01 8.817028529600153819e-01 9.923943499391367773e-01 7.989814673546014046e-01 5.191008628725473084e-01 6.117333160352785848e-01 1.129830268104582203e+00 7.068225477425402747e-01 8.092742296633892440e-01 1.191151945818181623e+00 7.258344140029543423e-01 1.051821851356335991e+00 8.447941541095032036e-01 1.072249960168917049e+00 8.684772707125367752e-01 3.843088707663551151e-01 4.767710723563532982e-01 5.260972317278769239e-01 4.710320973601692662e-01 8.373218558744355278e-01 6.679642217439868412e-01 6.154557423263606886e-01 2.697787340873495365e-01 1.222882160746292302e+00 7.353742667084384177e-01 4.584711794389147999e-01 9.071452494102052455e-01 3.409350774114258131e-01 3.952405675363702686e-01 1.180771811489441658e+00 9.115939824032193162e-01 6.080977971855425768e-01 3.831810105077537720e-01 9.692076371512849953e-01 4.911678234923558817e-01
2.368195578726151052e-02 3.480185568721776979e-01 4.534938648809792028e-01 9.372215275300851411e-01 3.633260320292113210e-01 8.091386017851512902e-01 1.032872338125804479e+00 6.508019094953505501e-01 9.091563265219865242e-01 2.923335136013643920e-01 7.301419837716724981e-01 6.241989910856938772e-01 9.180182597553248058e-01 6.423428098240150375e-01 9.067656356269166995e-01 1.140194692180299008e+00 1.173222470696281272e+00 1.052828386512850045e+00 9.491033979309051460e-01 1.199059667549499109e+00 6.798034400920029974e-01 2.704552350468318878e-01 1.045248366320108868e+00 6.096466484610140180e-01 5.845882873194055973e-01 1.185558488259449206e+00 6.502626995504642293e-01 3.831620777359306951e-01 1.143910986446434963e+00 2.528121764050224596e-01 3.010462791031354168e-01 9.434821160928036354e-01 4.222192031149367142e-01 9.645216939918885846e-01 2.529321408931328730e-01 5.413256634474111761e-01 6.456236298709202570e-01
6.540601710037032834e-01 9.325393070269960560e-01 3.209271621080467263e-01 1.003778308939257125e+00 5.909377340543997548e-01 9.749383189947895545e-01 9.942232411005607062e-01 5.849940474760855214e-01 6.443605600685972101e-01 6.604026129161137959e-01 3.501208686398487036e-01 8.124006634620424272e-01 9.693462560310092124e-01 1.197826256832260627e+00 6.940994154029465069e-01 7.949806811204351842e-01 8.874899942980798428e-01 1.009243957104222655e+00 9.112915311129515805e-01 1.197615778324344626e+00 1.081448990928599585e+00 1.201235962016201420e+00 6.921149238504589185e-01 7.945363279882649010e-01 4.174582231785735065e-01 7.563759130115752516e-01 7.621727966349027827e-01 6.057336301458898786e-01 1.172519915705559912e+00 1.117341628351232297e+00 1.060837203855244493e+00 5.483281963922954638e-01 8.273545014303520517e-01 1.096457520897891946e+00 6.411097083525005846e-01 8.321923940776915218e-01 4.418376358069586729e-01
4.909850854147627119e-01 3.985590171092533440e-01 1.107102995930524969e+00 1.054724152713287788e+00 1.206673232646721994e+00 7.333442377891723485e-01 3.939822496260132478e-01 8.981387275150267691e-01 1.076708669741940572e+00 5.206998490704362048e-01 1.000048893097430724e+00 7.281600811926837169e-01 6.364565979889601488e-01 1.220813736834157837e+00 9.434405187733021503e-01 1.209559899109205139e+00 1.019352833525975832e+00 1.072071811274377895e+00 4.620781664613221595e-01 9.876795100706450281e-01 3.492054736843268059e-01 1.009412933662783285e+00 9.319146262320125995e-01 6.495301113922521408e-01 8.282233705592848549e-01 1.200420015755757630e+00 9.296204204301806717e-01 5.468496774801790972e-01 1.202488556293607180e+00 1.023065490400803856e+00 5.521064742621626387e-01 6.672322935590840887e-01 5.937375935270257088e-01 6.930039249486202868e-01 1.078516528093035332e+00 6.301535780876532655e-01 1.180751093021737086e+00
3.962370847149454534e-02 1.016019914188667217e+00 4.942448708961441617e-01 1.215231377451911232e+00 4.029616473066558457e-01 1.181862915455260454e+00 5.450880222852968471e-01 8.009772613773336047e-01 7.961490972139746436e-01 1.035629737713146925e+00 6.024206268745725401e-01 1.022091890697508498e+00 1.042179518300054175e+00 9.055134071211244917e-01 3.015610253577489797e-01 7.001145268261861343e-01 4.699889927861337080e-01 1.234872291978073466e+00 6.701940317819434778e-01 1.121357384575058624e+00 6.676861023371142290e-01 5.089888752254086990e-01 4.403191522853125983e-01 9.597048372748382405e-01 3.507385890622859437e-01 7.220657068169018533e-01 7.786946214075161077e-01 1.192541675674095192e+00 1.074729111471386389e+00 3.195429001286612114e-01 6.078272020808864751e-01 6.784582275991236644e-01 1.017573334396989493e+00 3.538002761487940573e-01 9.377187897482921475e-01 5.408764900322351465e-01 8.520747732100202310e-01
2.605283927408929001e-01 4.062856818169008344e-01 7.161050341114879592e-01 6.609168338115714025e-01 1.033635469381635197e+00 5.741964430557925381e-01 4.651900508742811136e-01 4.189516505547121739e-01 9.505354505883221172e-01 4.096069856920123153e-01 4.022214549802457517e-01 3.340119056595594049e-01 7.719330658978519333e-01 5.814800598624523253e-01 9.901264000282898881e-01 6.126647888405476472e-01 1.086871436010202974e+00 4.935322545633088476e-01 6.298083721134315471e-01 1.016336581386736215e+00 1.108446862917459086e+00 1.048412993699650242e+00 9.238627320159793488e-01 7.390202335808323530e-01 6.756145444917560638e-01 1.164989063054409524e+00 5.843611850943861707e-01 6.623245294461390653e-01 9.309725143079234932e-01 7.925861487214420631e-01 1.145639793428044895e+00 5.809951245503580664e-01 1.067303710973752651e+00 9.889374397739415512e-01 3.863009337991041847e-01 1.152745653798352254e+00 9.439307234395538648e-01
3.048053885361223792e-01 9.747927826854286826e-01 6.430416347593667092e-01 7.633373232824300914e-01 3.992937412257255847e-01 4.099016050112761489e-01 9.335926146221209532e-01 6.568644710833917433e-01 8.133776607662877023e-01 1.146546187215466084e+00 3.388254428384412376e-01 5.090897814223286355e-01 1.082780633164416306e+00 9.326130693289604867e-01 1.047338711451472504e+00 4.020560132483841365e-01 6.794910755201764019e-01 1.094696773939493717e+00 1.208401438762108704e+00 9.574476061503167656e-01 1.206020130508398625e+00 5.924468521457476600e-01 9.115768810733051453e-01 1.170582357334203571e+00 4.127870208706281852e-01 8.570477219682025583e-01 5.644955137551574964e-01 7.727807200315213176e-01 1.119228917137120138e+00 6.871097058224762133e-01 3.708096389405918236e-01 7.601543334668101615e-01 8.331403543369524378e-01 5.255514537193030078e-01 1.045152520206678703e+00 5.468904536551835172e-01 7.265894237832196678e-01
5.470844782054917754e-02 8.356892653199237131e-01 7.711269924208026261e-01 1.084939201236096107e+00 8.821639356521742137e-01 9.819639364224821421e-01 9.134846661955353664e-01 6.452416615787492926e-01 9.702551076974371691e-01 4.254671781144508946e-01 1.205185195853571978e+00 8.602520183320196967e-01 6.862582775428802684e-01 9.208648683380167288e-01 6.916966573864035128e-01 5.510251254235811746e-01 8.793728815077008765e-01 1.206314228848004211e+00 8.349553077793663292e-01 1.127303766235468352e+00 6.410658381611825662e-01 1.195740468889488817e+00 1.169059517183514307e+00 1.000770910201640440e+00 3.348230863402692492e-01 1.146652198005738033e+00 8.127136470338300889e-01 7.103624945123714340e-01 1.058024646333819430e+00 8.276110583790481368e-01 1.071492316178609627e+00 8.133225925318308125e-01 4.244666474138320544e-01 1.175374918770479393e+00 4.694665100787912548e-01 7.641820965930539167e-01 4.761106451609746770e-01
