output/example/elevation_000266.asc
nrows	75
cellsize	13.33333333
xllcorner	0
ncols	75
yllcorner	0
NODATA_value	-9999
[rows 0 to 16 of 75, columns 0 to 36 of 75]
1.369999999999999864e-02 4.096182892086001281e+00 9.096180743606728569e+00 1.616691020086437547e+01 2.615537329695932200e+01 2.820613525946756539e+01 3.052940379428217810e+01 3.035576981790068984e+01 3.032137107363213602e+01 3.438353967222715823e+01 3.469493144046282396e+01 3.339756333988213299e+01 3.753136535567536924e+01 4.330043480702891401e+01 4.745098584007217823e+01 4.341282334376317209e+01 4.745098584007217823e+01 4.739359025899378253e+01 4.728704890355373891e+01 4.442189385989597383e+01 4.442189385989597383e+01 4.847906845869876236e+01 4.651463981941410708e+01 4.251672566919401675e+01 4.251672566919401675e+01 4.368975385030596925e+01 4.368975385030596925e+01 4.768985929799521273e+01 5.354003690805776472e+01 4.945372429480355692e+01 4.945372429480355692e+01 5.234148372923873893e+01 4.966057769174282299e+01 5.375478605416243738e+01 4.985730690455489622e+01 4.576245566744278648e+01 4.396492591423541541e+01
1.279999999999999888e-02 1.001279999999996306e+01 1.823480719158018815e+01 2.322615323400611587e+01 2.453811109700566462e+01 1.790607645521219382e+01 2.073119401337241641e+01 2.042167358753222572e+01 2.042046136126837297e+01 3.032137107363213602e+01 2.466768721474280568e+01 2.336385486656550015e+01 2.916915836053456701e+01 3.917367195915950617e+01 4.254580512618265686e+01 3.357703965712520500e+01 4.254580512618265686e+01 3.757933395611838989e+01 3.745722858011394862e+01 3.457236976383921956e+01 3.457236976383921956e+01 4.442189385989597383e+01 4.251672566919401675e+01 3.280599340807429343e+01 3.280599340807429343e+01 3.400307388479905057e+01 3.400307388479905057e+01 4.368975385030596925e+01 4.945372429480355692e+01 3.968088335922089271e+01 3.968088335922089271e+01 4.254328219779556974e+01 3.988570779609837302e+01 4.809275856499822765e+01 4.584065664989360300e+01 3.659486655833255497e+01 3.570453092969555797e+01
1.299999999999999940e-02 7.084037201452833443e+00 1.708004730738418431e+01 1.964615748796833472e+01 1.535384408364351394e+01 1.086101046706729534e+01 1.814129843696467148e+01 1.334966603744711122e+01 2.115605151530559169e+01 2.366493537300597438e+01 1.756038806860629009e+01 2.336385486656550015e+01 3.046907587426662545e+01 4.046755749661069501e+01 3.849493150044417433e+01 2.849458489528090865e+01 3.378072290129296817e+01 3.049709352880776692e+01 3.335428878450206724e+01 2.740711963550571895e+01 3.457236976383921956e+01 4.442189385989597383e+01 4.167284630458129158e+01 3.192880312901763062e+01 2.580430764283967804e+01 2.701736949849662039e+01 3.684023675951216603e+01 4.621578095082723081e+01 4.945364957992222799e+01 3.968088302826852498e+01 3.276043106716439723e+01 3.837200411425530433e+01 3.423954084065542958e+01 4.401705392619894042e+01 4.720629650582222325e+01 3.925873568478314013e+01 2.967318166982261829e+01
1.369999999999999864e-02 1.001369999999996274e+01 1.784938069633669855e+01 1.370786268473970893e+01 5.489970876223833507e+00 6.780965325280012834e+00 8.154570979087694127e+00 9.568784794286715467e+00 1.113052676894183612e+01 1.363090414093173308e+01 2.366493537300597438e+01 3.174749627292240106e+01 3.698341874436643906e+01 4.191686987441023859e+01 4.254580512616350774e+01 3.378072290129296817e+01 2.357616378424248893e+01 2.453210313578289359e+01 2.312398856190892005e+01 3.335428878450206724e+01 4.152571911126901227e+01 4.185057550005063831e+01 3.786418135296004550e+01 3.192880312901497319e+01 2.214120738097814467e+01 2.681756775723993158e+01 3.249485356559092253e+01 4.221257183876478791e+01 4.500429586923161196e+01 3.932087183269891995e+01 3.524646479062137416e+01 2.848352954240368007e+01 3.837200411425530433e+01 4.210433464804943782e+01 3.812076481611864409e+01 3.376999642043686833e+01 2.649998263415148969e+01
1.290000000000000001e-02 1.001289999999996283e+01 1.212691165989392417e+01 3.708229263479978499e+00 6.380841676059249679e+00 1.637918654563928200e+01 1.815704423398404543e+01 1.959089364878142092e+01 2.115642751378146968e+01 1.414661136279332787e+01 2.418092355212873912e+01 2.285845173885288162e+01 2.788742544218428066e+01 3.780734811603084466e+01 4.235590884743058382e+01 3.253568635189864722e+01 2.532809070963103082e+01 1.924999969397401500e+01 2.961871131647502153e+01 3.697719220263062567e+01 3.899458336265443847e+01 3.213109538497932505e+01 3.099038039000376443e+01 2.409871078736757610e+01 2.002039430789587016e+01 2.968337466764032939e+01 3.475844470399484720e+01 4.442118698580015490e+01 4.092939093952836771e+01 3.108695453540981291e+01 2.524753604647638383e+01 3.524671729174545476e+01 3.834107053144202126e+01 3.812076550927765339e+01 2.797527286695423498e+01 3.094681801065346249e+01 2.320057999856204844e+01
1.299999999999999940e-02 1.067092553389458409e+00 2.127090433395816493e+00 1.212691165576810981e+01 1.637655738456859211e+01 1.064485102964981955e+01 1.472730092224895948e+01 2.472256509057330476e+01 2.832522886484977320e+01 2.418092356398462783e+01 1.748583723360556519e+01 2.752653163094351996e+01 3.698341874283595132e+01 4.191686987409237020e+01 4.487001349780858561e+01 3.517094355229644265e+01 2.492231191716323480e+01 1.750331279902994908e+01 2.265266958962073929e+01 2.981542323950463924e+01 3.497786520107591457e+01 2.522689755318126714e+01 2.695070894658769944e+01 1.744411667400770227e+01 2.096271197498509409e+01 2.508600323282512079e+01 3.192032575297161401e+01 4.161026996718324256e+01 4.031000591570955294e+01 3.042933288058250341e+01 2.325721333487859255e+01 3.332331501001669238e+01 2.805611505434823272e+01 3.519691608244365710e+01 3.094681801065346249e+01 1.966005846273974456e+01 3.094681801065279458e+01
1.299999999999999940e-02 1.001299999999996260e+01 9.198122571484923071e+00 9.198140798145985286e+00 1.919825766640677500e+01 1.771548009816835645e+01 2.064202926084059797e+01 2.179741005491624151e+01 3.178452802925335519e+01 3.166214972776602821e+01 2.328921084470504965e+01 2.384297339405398120e+01 3.094278384640828250e+01 4.092015875067860264e+01 4.081349165922617317e+01 3.086153310827203455e+01 2.491251564355765780e+01 2.564708261696236846e+01 1.529207892104497546e+01 2.564717890272881462e+01 3.345403770030651458e+01 2.881079891181245856e+01 1.920503928629522505e+01 1.576212533639982638e+01 2.508486822022779705e+01 3.275537402867403358e+01 3.671714126390619981e+01 4.072792873867842189e+01 3.885510465175791239e+01 3.151607916793812336e+01 2.137562267395638216e+01 2.998746723000915892e+01 2.073652119063553911e+01 3.001371885792121930e+01 2.897888429217998407e+01 1.761600070288198694e+01 2.898204536521651420e+01
1.290000000000000001e-02 1.001288493637596133e+01 1.919751763259726829e+01 1.919881212649148239e+01 2.334470220177320599e+01 2.770727187666745550e+01 3.062722912928133212e+01 3.178452805757300581e+01 3.589958870572723271e+01 3.743862376920092316e+01 3.331481942236324301e+01 3.386506531801130393e+01 3.798835903952183202e+01 3.786099379965553169e+01 3.281684797383135788e+01 2.868344187848915183e+01 2.524836512690177770e+01 2.220513336976031482e+01 1.387740994205115719e+01 1.901134589421361198e+01 2.932399461295485921e+01 3.055621048698728970e+01 2.092133915160184543e+01 1.425669692706504321e+01 1.622588814626834264e+01 2.790068376837963626e+01 2.700057045223742591e+01 3.671714126391758271e+01 3.476596956974181296e+01 2.473697875288601722e+01 1.951599578893462805e+01 2.584240537555657369e+01 1.538539434913967874e+01 2.584365987116651553e+01 2.708773230171744473e+01 1.575651560249557370e+01 2.448821123447368464e+01
1.349999999999999985e-02 1.001349999999996321e+01 1.405474720718008363e+01 1.623691944021173583e+01 1.873660725247088266e+01 2.175145606534706744e+01 2.508435090819637026e+01 2.922316267908941256e+01 3.422064862316534573e+01 3.954081998762217864e+01 3.556809568643397768e+01 3.433157399654339770e+01 3.830035166228945798e+01 3.377288883226074034e+01 2.359399492471951731e+01 1.837821164386245698e+01 1.497509604556335461e+01 1.202158682580620308e+01 2.220512501144719764e+01 2.834653601506119713e+01 3.345368447942756518e+01 2.919549981697188912e+01 1.956926463227126334e+01 1.294109663894513851e+01 2.238806764223541990e+01 2.045149290059816494e+01 2.700057045223742591e+01 3.671714126389105814e+01 3.885510281378167718e+01 3.386356156444448118e+01 2.743436670468079797e+01 1.705610497259189273e+01 1.538539434913967874e+01 2.380071778315497610e+01 2.796381426846578577e+01 2.444737830420868008e+01 1.332914615982938678e+01
1.379999999999999977e-02 2.013799999999995816e+00 4.055041452319111173e+00 6.237220354670701461e+00 8.737220354147037682e+00 1.175233376348557357e+01 1.508566637964870161e+01 2.008562382762545084e+01 3.008307798876793981e+01 3.556809568643397768e+01 2.608378484021035248e+01 2.485743132049881510e+01 3.281230241391624958e+01 3.786099379965524037e+01 3.281684797383118024e+01 2.868344187711051418e+01 2.086941861103475304e+01 1.075088892118782091e+01 1.919441779586666996e+01 2.338835816496204600e+01 2.929765648207960993e+01 2.915393461047619539e+01 2.238770498947696197e+01 1.294109663894513851e+01 1.687720966362278219e+01 2.265521613770156151e+01 3.193778277006171251e+01 2.949305818862463369e+01 2.928861803953364173e+01 3.386440990990485034e+01 3.157187341463889751e+01 2.678861071662598548e+01 2.274628594727683861e+01 1.333903282287821490e+01 2.219223053257743317e+01 2.212789129997873516e+01 1.332914615982938678e+01
1.290000000000000001e-02 1.001289999999996283e+01 1.403990499175050921e+01 1.201075985447550210e+01 1.873660725551560446e+01 1.873271970065255942e+01 2.508435090819637026e+01 2.922316267908941256e+01 3.422064862150155307e+01 3.506541274343879877e+01 2.886160979916905234e+01 1.925165772086501192e+01 2.886167517218813217e+01 3.562126040125476578e+01 3.164688886434673876e+01 3.106473946264057062e+01 2.086936965451026182e+01 1.919441777627768886e+01 9.129515611894682081e+00 1.487347858393022371e+01 2.508683251438037232e+01 1.960396304751119345e+01 1.960643990711814055e+01 1.181820065992742563e+01 2.118540840214922127e+01 2.929421892099876601e+01 2.685685699100725188e+01 1.989073283676394155e+01 1.851609825108253560e+01 2.725246076062930101e+01 2.508070966470157614e+01 2.465731632303879550e+01 1.145887932744816062e+01 2.149654748199618481e+01 1.214479472898663026e+01 1.263058658849957006e+01 1.865883872865152782e+01
1.359999999999999924e-02 7.085480382796963461e+00 1.710845060900310699e+01 2.201540809737549864e+01 2.617418084159687908e+01 2.870543960626324775e+01 2.572200115472573856e+01 2.583632909374004072e+01 3.006910179197944544e+01 3.110518050713418958e+01 2.145349158147548252e+01 1.608689100998353183e+01 2.596414133219932197e+01 3.164688886434673876e+01 2.197080734772007915e+01 2.480486600096764249e+01 2.526935515216966621e+01 1.508329891817745327e+01 8.006467428871504310e+00 1.798406706847890746e+01 2.115455276717284860e+01 1.949979476426162961e+01 9.987891524386546038e+00 1.846264385385496354e+01 2.320117370216907560e+01 2.286076631283181371e+01 1.891521596980112818e+01 1.356986400495510559e+01 1.326418727254893426e+01 1.961738229915667020e+01 1.632660909550768835e+01 2.031972281329037600e+01 2.082802365847429016e+01 1.145887932744816062e+01 2.149597244531317131e+01 1.884096834816872601e+01 1.711004567276133059e+01
1.349999999999999985e-02 7.084567811865484899e+00 1.708456781186555062e+01 2.529247423583144538e+01 2.901244453962527459e+01 2.287990344602489756e+01 1.592058429184805846e+01 1.593271779507601593e+01 2.579760272925485864e+01 2.508279407892067780e+01 2.322433600796087205e+01 1.306882287320687652e+01 1.983940799849776226e+01 2.387551978564400557e+01 2.480486599560738981e+01 1.500561241010169766e+01 1.956433779063924305e+01 1.696349733896886036e+01 6.891462116188392883e+00 1.602489297108472854e+01 1.218906686532057826e+01 1.465284683775963082e+01 1.464552611979291896e+01 7.925042509440253902e+00 1.751787694969376474e+01 1.760626001548073916e+01 8.462365789787945403e+00 8.839681244474320465e+00 9.214816741070265493e+00 9.588045421852616101e+00 9.959905495278951193e+00 1.034044349949750696e+01 1.081501486724724970e+01 2.082287168820206702e+01 2.553313146912226017e+01 2.746151915316603365e+01 2.862385609987633472e+01
1.319999999999999993e-02 7.830148193641714549e+00 1.873180588842015837e+01 1.585560029763260737e+01 1.720935927461592385e+01 1.877439367012169313e+01 8.980738850961071051e+00 1.877939518898974214e+01 1.990107558076722327e+01 1.424013889477873285e+01 2.021707368262837434e+01 1.673829140958032724e+01 9.550182528980387886e+00 1.983830552565677863e+01 2.299731833941595127e+01 1.947076450950094539e+01 9.334237008812316105e+00 1.524669845168599558e+01 5.821223840815902051e+00 6.136188653893125178e+00 6.470178621280365583e+00 6.834590117503186235e+00 7.200086749180135470e+00 7.567549760969093597e+00 7.567549760969093597e+00 7.932839695580980788e+00 1.682440945261292597e+01 1.870256021258621715e+01 1.174026766969324775e+01 1.955188077287799331e+01 1.121575594505101492e+01 1.094149752352060112e+01 1.085340061025991254e+01 1.615742786108759788e+01 2.335240784850335061e+01 3.345592943963993804e+01 3.888549658445917601e+01
1.299999999999999940e-02 1.001299999999996260e+01 1.463307617704205121e+01 1.623371439722800602e+01 7.653276408560429012e+00 1.165759869150751449e+01 5.859914190814803803e+00 1.338963644627433958e+01 1.157421066280905109e+01 7.981748824788107655e+00 1.567208982587210997e+01 6.736423460443493383e+00 1.574800921351543614e+01 1.807532442868964040e+01 1.407009840942307299e+01 1.409022889995200423e+01 5.075958597232641090e+00 5.391211195530407174e+00 1.307258624317784523e+01 1.585653586133081561e+01 9.282923861006173283e+00 1.387150117527830417e+01 1.389908318786467945e+01 1.737678120802366877e+01 1.708123190241531475e+01 9.147625924991244162e+00 1.845764689227198474e+01 2.415862032943715576e+01 2.220957642976497937e+01 1.954897599063003000e+01 2.797328156004441624e+01 2.108602136084586931e+01 1.116595974419064596e+01 2.112656265794517552e+01 2.627087017958099935e+01 3.431963180330695451e+01 3.022730020570259413e+01
1.349999999999999985e-02 9.633007496894993693e+00 8.742630665077117058e+00 7.551644493645110146e+00 9.842822055200377562e+00 1.622532320398739181e+00 1.126994498104314957e+01 2.023013319464555426e+00 2.306423420099089849e+00 5.874852705076132331e+00 1.149729172047532089e+01 3.278092028582500372e+00 9.547067927035987722e+00 9.219619271431186647e+00 1.379510165758133233e+01 4.626080592761338650e+00 6.013177938685013935e+00 1.474875624122153539e+01 1.033619573524470603e+01 1.627534480521981664e+01 2.069324074370017641e+01 1.893076887638309103e+01 2.300551844370974308e+01 2.206338763535587333e+01 1.220242871936964413e+01 1.925144807439583872e+01 1.187764067392913425e+01 2.209073295034434992e+01 2.923113494379695965e+01 2.880800946595686796e+01 3.319893918465140104e+01 2.532174710188354538e+01 2.112842042296997036e+01 1.194339461390787704e+01 2.209754478753596274e+01 2.639026588105253168e+01 2.021259611778055998e+01
1.369999999999999864e-02 1.001369989077324085e+01 8.538417739961815300e+00 9.539820426247226370e-01 1.230149104467252785e+00 1.107624918546428994e+01 1.622532320398739181e+00 7.599289123015387837e+00 1.143689020268227274e+01 2.708519778246648357e+00 2.993074956076163140e+00 3.278092028582500372e+00 3.566646724965688353e+00 3.855924322416332650e+00 4.174708287640757298e+00 1.389530187959939767e+01 1.004696088622291228e+01 1.855903634237387934e+01 2.052247653940710137e+01 1.668333424451521907e+01 2.594494413861817250e+01 2.955514709284696906e+01 2.541756598143746970e+01 1.588417041843318778e+01 2.231956097095842040e+01 2.619492288641399114e+01 2.212983460319722795e+01 1.526762497776951832e+01 2.286634171997641118e+01 3.386320061688543603e+01 3.122938825223768333e+01 2.435529180857502496e+01 1.439601208986051439e+01 1.258868554320329025e+01 2.276857654517148788e+01 1.625024412110890637e+01 2.572139145920073489e+01
