output/example/elevation_000047.asc
nrows	75
cellsize	13.33333333
xllcorner	0
ncols	75
yllcorner	0
NODATA_value	-9999
[rows 0 to 16 of 75, columns 0 to 36 of 75]
1.369999999999999864e-02 1.001369997148162483e+01 1.212689042951043739e+01 1.341788488345567920e+01 1.333814279362675848e+01 1.476561330791581028e+01 1.890846383144234721e+01 1.676630448797387274e+01 2.090847112452084389e+01 2.592733060207969942e+01 3.006951121921742143e+01 3.028000077873793927e+01 3.442218100959794924e+01 3.736972383757012750e+01 3.777413777008494833e+01 4.191631217870098425e+01 4.423167276391708924e+01 4.008944044696484355e+01 4.107408254971867478e+01 3.693599873735519168e+01 3.693599873735519168e+01 3.576060138593295079e+01 3.576060138593295079e+01 3.989791932622428305e+01 3.556942109760334603e+01 3.142957921099579366e+01 3.142957921099579366e+01 3.142957934432912737e+01 3.142957934432912737e+01 3.556942123093668329e+01 3.886217718222054884e+01 3.835323794880012827e+01 3.421554896405438484e+01 3.421554896405438484e+01 4.419804662870573964e+01 4.573198133674294752e+01 4.157614855654547625e+01
1.279999999999999888e-02 1.066892553389458431e+00 2.126890433395816515e+00 3.417884882131620561e+00 3.417884882131620561e+00 4.766284740391439456e+00 1.476630043179078022e+01 6.766284740391784069e+00 1.676630448797387274e+01 1.592726976707289488e+01 2.211496107570810921e+01 2.027991027774343991e+01 2.736959205262303740e+01 2.736959205262303385e+01 2.777397828561831616e+01 3.777413777008494833e+01 3.846773222819231108e+01 3.011295954364700478e+01 3.693599873735519168e+01 2.694489480128204661e+01 2.694489480128204661e+01 2.576365522228629956e+01 2.576365522228629956e+01 3.576060138593295079e+01 3.142957921099579366e+01 2.137675861138556854e+01 2.137675861138556854e+01 2.137675874471890225e+01 2.137675874471890225e+01 3.142957934432912737e+01 2.887098534272142558e+01 2.887098534272142913e+01 2.421678598763250534e+01 3.129334525403106326e+01 4.127037279280970949e+01 4.157614855654547625e+01 3.154165541083786550e+01
1.299999999999999940e-02 1.001299999999996260e+01 1.212689043454894211e+01 4.900391414521958033e+00 1.341788501678901291e+01 1.476630043179078022e+01 6.766284740391784069e+00 6.766284740391784069e+00 8.328022492612408456e+00 1.015376435097684293e+01 1.211492570253308720e+01 1.469691460979560205e+01 1.736952712971316615e+01 2.070286178652585818e+01 2.777397828561831616e+01 3.777413777008494833e+01 3.399714658812444412e+01 2.433049913073622506e+01 3.399714658812444412e+01 2.987122139261826703e+01 1.980219436033603131e+01 1.860253379234977444e+01 2.869169296246156264e+01 2.981061950787119486e+01 2.463738640259786550e+01 2.046593918386184541e+01 1.412120219911897046e+01 1.412120233245230416e+01 2.046593958386184653e+01 2.463738680259786662e+01 2.475627197644039512e+01 1.879203715752320036e+01 2.887098534272142913e+01 3.702257308579130779e+01 4.116193626966574470e+01 3.723923149605889193e+01 3.199726775242016075e+01
1.369999999999999864e-02 1.001369999999996274e+01 1.904252754251986701e+01 1.490039141611764961e+01 7.849230537619896531e+00 1.784923053988291386e+01 1.676630435464053903e+01 1.383735717958824374e+01 1.832804573702770057e+01 1.304206814924853930e+01 2.211496107570810565e+01 1.843948754481045427e+01 2.736959205262303740e+01 3.070295718567161458e+01 3.484514523215963777e+01 3.651827544529484015e+01 2.650465907423993883e+01 1.979833722794758799e+01 2.985781999738610892e+01 3.400948867550034294e+01 2.512463652963331739e+01 1.494404426252706308e+01 2.190525058027801819e+01 1.970205243398206818e+01 1.970205246656358966e+01 1.021732557937937180e+01 1.021732557937937180e+01 1.021732557937937180e+01 1.021732557937937180e+01 2.046593958386184653e+01 1.456289020677119517e+01 2.475627197644039512e+01 2.996178272871939896e+01 2.703710760174704220e+01 3.702257308579130779e+01 3.242722748972617808e+01 2.154485027226247595e+01
1.290000000000000001e-02 7.083967811865485409e+00 1.708396781186555202e+01 2.199136679846536424e+01 1.784923053988291386e+01 1.109365896023513720e+01 2.109365896358498560e+01 2.383740880335460233e+01 2.718428846764991391e+01 2.304211127426641070e+01 1.881557854683362407e+01 2.843956604207246741e+01 2.660450767445843923e+01 3.660463942617947453e+01 3.499556499627046691e+01 3.359236132393873220e+01 2.356883667635240087e+01 1.637070143233348318e+01 2.267438311461893719e+01 2.683403042036412600e+01 2.927372390377890454e+01 2.190525058027801819e+01 1.166780971067498385e+01 1.894565426580795986e+01 9.469692832426625628e+00 1.970205246656358966e+01 1.021732557937937180e+01 1.021732557937937180e+01 1.021732557937937180e+01 1.077441604740753789e+01 2.103417522059524813e+01 2.493475648025142277e+01 1.990773023193018787e+01 2.703710760174704220e+01 3.702257308579130779e+01 3.612784567964124705e+01 3.180248545458283260e+01
1.299999999999999940e-02 1.001299999999996260e+01 1.862727157873042216e+01 2.440077427062665905e+01 2.523579541076016852e+01 2.109365896358498560e+01 1.474514267693625591e+01 2.474514268221284397e+01 3.315129422347680332e+01 3.295784427436337438e+01 2.458911043874643454e+01 3.295784427436337438e+01 3.660463942617948874e+01 3.204692859955789430e+01 2.495438390343378643e+01 3.204692859952393036e+01 2.980382511281873548e+01 1.972127154681222194e+01 1.246316100725258558e+01 1.972127154681235695e+01 2.980382511618955732e+01 2.594252530047734240e+01 1.894351750762303510e+01 8.729768456374412011e+00 1.894565452024703589e+01 2.387737982797507641e+01 2.046593911886554551e+01 1.443483885906823794e+01 2.046593958386184653e+01 2.103417484722879749e+01 1.159162831255484249e+01 1.474280261096690481e+01 2.493475648032478276e+01 3.397582000800046842e+01 3.707427585186536589e+01 3.490162466832457255e+01 2.573436760985731553e+01
1.299999999999999940e-02 4.485135954999571517e+00 1.025863864689580751e+01 2.025863864689573646e+01 2.809557067484196580e+01 2.888727941524371090e+01 2.474514268221284397e+01 1.900915700404849318e+01 2.608022481592097108e+01 3.608022484730483370e+01 3.458923963086874664e+01 3.873141657957200579e+01 3.423564075466034495e+01 2.753220691667249653e+01 1.777012508058862750e+01 2.753220691673598353e+01 2.850485340613176888e+01 1.840618239827050928e+01 1.246316100725258558e+01 1.984229956491549629e+01 2.401567092915868074e+01 2.449117076063290810e+01 1.516793657073311863e+01 8.225864615390982237e+00 1.333508007561160902e+01 2.057593885765598074e+01 2.877783533554261197e+01 2.168354062625774503e+01 2.462678314470573682e+01 2.602484155757377593e+01 2.186176676528442187e+01 1.243913358554413229e+01 1.975669286379273615e+01 2.686626345471331234e+01 2.709103089370513473e+01 2.932165473867071626e+01 2.517890634808440709e+01
1.290000000000000001e-02 1.001289999999996283e+01 1.688236723926599225e+01 1.395343505113151039e+01 2.102450286299693616e+01 3.102450286299686510e+01 3.315129422347680332e+01 2.608022481592097108e+01 2.608022481592097108e+01 3.608022484730483370e+01 3.806558728881971376e+01 3.239573949600098501e+01 2.834210688715000259e+01 1.996619884386393906e+01 1.316414232998954503e+01 2.336722710080116627e+01 3.264838525623386545e+01 2.683403028703079229e+01 1.984229956491549629e+01 9.624020734009370415e+00 1.720395131563062208e+01 1.720395139517694005e+01 1.720395157631218197e+01 7.726442763043279705e+00 1.792128285596555415e+01 2.768482856145585558e+01 3.479371826525569844e+01 3.173240054303217050e+01 3.465876790379708439e+01 2.684498307537805317e+01 1.671343153523953617e+01 1.243913358554413229e+01 1.243913358554413229e+01 2.270879451012687156e+01 1.996426701268704207e+01 2.421223025616615132e+01 1.499434525486327630e+01
1.349999999999999985e-02 3.346833333333330440e+00 6.882367239266061532e+00 1.395343505113151039e+01 2.395343505113143934e+01 3.029031853296840282e+01 3.443245415665822406e+01 3.608022484730483370e+01 3.608022484730483370e+01 4.022236363103262846e+01 3.403126611888784936e+01 2.417735327716835414e+01 1.833070596946879505e+01 1.983186251912896125e+01 9.745930843661351872e+00 1.996619884386395327e+01 2.757639407253309116e+01 2.351135337495526301e+01 2.038483295200687451e+01 1.655348081910031510e+01 7.022819123173440481e+00 7.022819123173440481e+00 7.022819123173440481e+00 1.669978277293594715e+01 2.167478757842253501e+01 2.810280254781759268e+01 3.002327720232756647e+01 3.482836498659216318e+01 3.392132696632528877e+01 2.391386546445111705e+01 2.270879450560609314e+01 2.270879457161040449e+01 2.270878757776791801e+01 1.332668402524327078e+01 1.397965894932309716e+01 1.397965894932309716e+01 2.421223025616615132e+01
1.379999999999999977e-02 1.001379999999996251e+01 1.652143915500188243e+01 1.968371681517024996e+01 2.321925072110297705e+01 2.029031853296847387e+01 3.029031853296840282e+01 3.072245348878065485e+01 3.072245348878065485e+01 3.486451354412588444e+01 3.569182679812284675e+01 3.239573949600098501e+01 2.306983252424253905e+01 1.283558864868602001e+01 9.745930843661351872e+00 1.713160641491722558e+01 2.120821450851039813e+01 1.391872526779204833e+01 1.558569760190725084e+01 6.383939416663771738e+00 1.655348081910031510e+01 7.022819123173440481e+00 7.022819123173440481e+00 1.720395158229881361e+01 1.900912852242698037e+01 1.856740420736248254e+01 1.902799135432339028e+01 3.026529739775799754e+01 3.805924918702693560e+01 3.392132696767436784e+01 3.276279355107396185e+01 2.754281196861598247e+01 1.743968961066585877e+01 2.358004158782419424e+01 1.690857318767146822e+01 2.421223025615143243e+01 1.739312982978449895e+01
1.290000000000000001e-02 1.001289999999996283e+01 6.521439155001953480e+00 9.683716815170321013e+00 1.321925072110304633e+01 2.321925072110297705e+01 2.779353018145665644e+01 2.072254681878744620e+01 2.072254681878744620e+01 3.072245348878065485e+01 2.569052168331655395e+01 3.276312285402050151e+01 2.732799964656275549e+01 2.303593898878433421e+01 1.713160641491722558e+01 6.944981780730742571e+00 1.527057093774224583e+01 1.527057107107557954e+01 5.748297248347665978e+00 1.293047305627596799e+01 2.073858446519566456e+01 1.422693994417213581e+01 1.720395158229894150e+01 9.189983971221453274e+00 9.189983971221453274e+00 1.141285651182260175e+01 2.220284248492202295e+01 2.691082836079527851e+01 3.839203173291599569e+01 3.777661102946095895e+01 2.780365056615473662e+01 2.201028586570756929e+01 2.754281197616800725e+01 2.148355086958113702e+01 2.701086101458117383e+01 3.113911738478106273e+01 2.748716902138980345e+01
1.359999999999999924e-02 2.438956250363331524e+00 8.212458942259566186e+00 1.821245894225949513e+01 2.321925072110297705e+01 2.332142368801847709e+01 1.917933183921564577e+01 1.365148772336313421e+01 2.365145167119587200e+01 2.776251648912287706e+01 1.861927217136559776e+01 2.776251648912287706e+01 2.603389990620812355e+01 2.186088285358840722e+01 1.527057093774224583e+01 5.117730277776404435e+00 5.117730277776404435e+00 5.117730277776404435e+00 1.527057107107557954e+01 2.010183732461526418e+01 2.727159929455106990e+01 2.439109299917569373e+01 2.370859413232361490e+01 1.648016517601726250e+01 1.173811262196624661e+01 2.185209139072110673e+01 1.570987262725700262e+01 2.691082836081015728e+01 3.804721304404429105e+01 4.191605243584941576e+01 3.615468849820756247e+01 2.650543598584128446e+01 3.480356425547918775e+01 2.484051805424330084e+01 3.480356425547918775e+01 3.635646247879589055e+01 2.638475742701997717e+01
1.349999999999999985e-02 1.001349999999996321e+01 1.658109187406461160e+01 2.235459456589195426e+01 1.966995644885852457e+01 1.552785544093298853e+01 9.179351881530026347e+00 1.917933183921564577e+01 2.779353018145665644e+01 2.361955415104659650e+01 1.361926262388278452e+01 2.361955415104659650e+01 2.186088285358840722e+01 1.168726262189106002e+01 1.466704699853855942e+01 5.117730277776404435e+00 5.117730277776404435e+00 5.117730277776404435e+00 7.707959180722918191e+00 1.789925326160368613e+01 2.562707821493351545e+01 2.974960301057696910e+01 3.146052185834360770e+01 2.545542654488675893e+01 1.517121308326713880e+01 1.756990593647960353e+01 2.657607867625559095e+01 2.162054511801756007e+01 2.833845957436965790e+01 4.013391077523230877e+01 4.061722940593485731e+01 3.226495416130374139e+01 3.892411368791597681e+01 2.983246678095804327e+01 3.892411368791597681e+01 3.635646247879589055e+01 3.343536606626609142e+01
1.319999999999999993e-02 7.084267811865462505e+00 1.708426781186539145e+01 1.642553888719719524e+01 1.228343114717578466e+01 5.527868166928155524e+00 1.552785544093298853e+01 2.332142368801847709e+01 2.777790270483905388e+01 2.028612364199200258e+01 1.028592894770181765e+01 1.602202629695551295e+01 1.826215303189313133e+01 1.406827999219690994e+01 4.523291977292073440e+00 1.466704699853855942e+01 1.527057093581515268e+01 8.926648757430491798e+00 1.789925325670397527e+01 1.186524043681788498e+01 1.549992282355017892e+01 2.139375277587287272e+01 3.134991582723332471e+01 2.935442759514299382e+01 1.903864045458758625e+01 2.754292867186970994e+01 2.442165122588101767e+01 3.296584146226165757e+01 3.804721304404429105e+01 4.474526214581494088e+01 4.637944696298623626e+01 4.223563510296357038e+01 4.389650049180345803e+01 3.977466173000033933e+01 4.389650049180345803e+01 4.633787437030604650e+01 4.340861305492469313e+01
1.299999999999999940e-02 7.084067811865485176e+00 1.708406781186555179e+01 1.228343114717578466e+01 2.283439611007216818e+00 1.228343101384245095e+01 1.642553875386386153e+01 1.984774272519012683e+01 1.777692363857052982e+01 1.777688286502350934e+01 1.602085473206801680e+01 6.021914521452170099e+00 1.347721735004485133e+01 3.933010641075301184e+00 1.406827999219690994e+01 1.886058126404795487e+01 2.330685539483380353e+01 1.615273192125179236e+01 1.726504718825128748e+01 1.778580867229305795e+01 2.562707821493351545e+01 2.974960301057696910e+01 3.539662922769718989e+01 3.367276308859479172e+01 2.494100131839455159e+01 3.367276308859479172e+01 3.128052619092199649e+01 3.844151653521199563e+01 4.615636611400760358e+01 4.197571471158280332e+01 4.615636611400760358e+01 4.801190996483916962e+01 4.590790018685855500e+01 4.172726998935119980e+01 4.590790018685855500e+01 4.147025747121302430e+01 3.735585675449389242e+01
1.349999999999999985e-02 7.084567811865484899e+00 1.708456781198660579e+01 1.594018228422614847e+01 1.179807454875862405e+01 2.283439611007216818e+00 1.228343101384245095e+01 9.847770246395352700e+00 1.277669450676010854e+01 7.776703961135780219e+00 1.275981731498917959e+01 3.349302102321414232e+00 3.349302102321414232e+00 1.319885779596158670e+01 8.684781790756732178e+00 1.588634049209582422e+01 2.598740414283133759e+01 2.630170824898366178e+01 2.445516610223544873e+01 2.788260920201755866e+01 3.201403809061732630e+01 2.920913128042071349e+01 3.274459047253800748e+01 3.688644620681299813e+01 3.538328000691211628e+01 3.969678762114119763e+01 4.136648315381719243e+01 4.370510103572949134e+01 3.953553418368525030e+01 3.200857925201506760e+01 4.115436809955917141e+01 3.796228473118327429e+01 3.796228473118327429e+01 3.176610454273417972e+01 4.090802038780122274e+01 3.735585675449389242e+01 2.748836292182636143e+01
1.369999999999999864e-02 1.001369999999996274e+01 1.545628644611092462e+01 1.131414898127814439e+01 1.798082772890925440e+00 1.179807454875862405e+01 2.776703234674208876e+00 2.776703234674208876e+00 2.776703234674208876e+00 2.776703234674208876e+00 2.776703234674208876e+00 1.277667766902598068e+01 1.049256806681087006e+01 1.161454801063202957e+01 1.884299988345035004e+01 1.512897519166270044e+01 2.230284228496435261e+01 3.232764793162310468e+01 3.451787826248405366e+01 2.969964670360143089e+01 2.555769771999504769e+01 1.920926863903799031e+01 2.274480179512023881e+01 2.721692900539487425e+01 3.299035213339028161e+01 4.298967331387433433e+01 4.664087990131029215e+01 3.659240362209535391e+01 2.962170717582290891e+01 2.713231147082987960e+01 3.699214698179895322e+01 3.716150967359460822e+01 2.808085318186580892e+01 2.689097540938518094e+01 3.674668663042406536e+01 3.607140957482321397e+01 2.621097488460371139e+01
