output/example/elevation_000409.asc
nrows	75
cellsize	13.33333333
xllcorner	0
ncols	75
yllcorner	0
NODATA_value	-9999
[rows 17 to 33 of 75, columns 37 to 73 of 75]
2.407494362502446350e+01 1.470888526093115090e+01 1.680276460322127008e+01 2.581160366053098443e+01 3.157257583950568147e+01 2.863365561090837730e+01 3.866775691411871207e+01 4.582943022560440482e+01 4.624396163808927440e+01 4.166552287597233573e+01 3.770448014842003204e+01 3.624686126395026520e+01 2.644190302333411680e+01 2.364133156692303928e+01 3.039462830100422153e+01 4.048661042126747134e+01 3.732760002787811970e+01 3.824434162912015722e+01 4.670139686588661476e+01 5.261623371530541959e+01 5.356495965621101618e+01 4.965610998746552696e+01 3.981026747994774695e+01 3.853913649738290559e+01 4.761392424624807518e+01 5.368439774725276692e+01 4.909575097046429448e+01 4.646994013609565854e+01 4.019263264603370800e+01 3.308201312343176426e+01 2.343316217499046417e+01 3.288833742013725470e+01 3.575240729264792350e+01 2.876591993668350966e+01 3.942989324283230701e+01 4.671498003185421766e+01 4.676136073665524862e+01
2.407522659842272361e+01 1.470888526093115090e+01 2.407530520346545444e+01 1.998843855221751653e+01 2.224871864470700800e+01 2.553174337573979713e+01 3.042977583044535805e+01 3.861105804756981286e+01 5.052026303893006798e+01 4.790222619160345374e+01 3.795690034762330356e+01 3.096304315565334164e+01 3.525076852897011292e+01 2.548432652102459173e+01 3.527606343889683416e+01 4.344139173959603539e+01 4.746752079324720341e+01 4.841799688275411029e+01 5.260750803738522308e+01 5.080117314035035747e+01 4.389573746445280733e+01 5.083953795078831206e+01 4.343068635230057595e+01 3.374642640084034895e+01 4.343061298929886505e+01 4.716784018793671152e+01 3.771709806773280604e+01 4.219940321568118691e+01 3.114066914707816025e+01 2.395650199277230996e+01 2.278865030078589626e+01 3.206312210149189923e+01 2.502840120724709649e+01 3.576388018816840031e+01 4.367882905913499769e+01 4.355839903526617718e+01 4.776025584704989768e+01
1.907633169107755933e+01 1.579024336951859553e+01 2.493758869849040849e+01 2.905073850217927145e+01 3.157257583950592306e+01 3.550973573707852893e+01 4.007723095221383858e+01 4.076150120016164635e+01 4.512367888935105498e+01 4.873654060796615539e+01 3.898026476440784194e+01 3.665617300440393933e+01 3.851429328841508237e+01 2.842243210821122901e+01 2.939466522441916041e+01 3.922415220222642773e+01 4.852121456495913776e+01 5.443940321739932386e+01 5.356421722835085575e+01 4.389571061753490255e+01 3.744523086972807135e+01 4.176640409427334788e+01 4.074471504106495701e+01 3.099191489236714503e+01 4.074324789288920101e+01 4.219102814641960464e+01 3.142759667933317758e+01 4.219102863763767175e+01 4.018830333766777585e+01 3.238607291781281816e+01 2.602620370786392456e+01 2.188014767449895359e+01 3.229361574814144120e+01 3.513280924003397843e+01 3.778686798989060946e+01 3.356181402721458085e+01 3.930902765965777235e+01
2.579842999490347566e+01 1.678127626770496761e+01 2.582096413589678008e+01 2.982856804378525339e+01 3.626780904604086686e+01 3.209801946124166960e+01 3.422376622720339157e+01 3.057988649297383432e+01 3.783093282270166213e+01 4.902277124284854182e+01 4.868931804944109132e+01 4.373161126084223582e+01 4.138974810728798559e+01 2.842243210821122901e+01 3.686760846304521522e+01 3.416490194040856210e+01 3.994286081229331842e+01 5.021269262651831866e+01 5.201409422405627936e+01 4.245000195466253246e+01 3.603244104394547520e+01 3.246522994096800119e+01 3.817034504444569620e+01 2.842122490428247872e+01 3.498708598823090909e+01 3.730088471349367296e+01 2.664099234904126234e+01 3.755879407572943052e+01 4.035546249769095795e+01 3.418967820115145173e+01 3.006240067942508887e+01 2.125465856607672421e+01 2.325637112215012081e+01 2.533012614421171449e+01 2.786257048066898889e+01 3.226678994490733743e+01 3.801124060573705066e+01
2.313396258478684686e+01 1.678127626770496761e+01 1.678127626770496761e+01 2.582096436946667239e+01 2.935477024516982425e+01 2.289937874132241902e+01 2.458941019831274843e+01 3.422376622721680661e+01 4.157777849964470818e+01 4.586777551651194784e+01 5.045641162512133349e+01 5.359994117303696726e+01 4.602633743584381421e+01 3.537572918604085714e+01 4.562725004454654965e+01 4.127493665365692976e+01 4.852121456495641638e+01 5.271896003581129264e+01 5.311596679402187249e+01 4.348370714559608530e+01 4.525099315908531850e+01 3.847810876728111396e+01 2.895456939241203642e+01 3.495666800383353490e+01 2.481543694545938905e+01 3.197118118407453125e+01 2.309214774743246323e+01 3.375924752532269224e+01 3.333940394259105489e+01 2.634833460137185313e+01 2.039325199163586078e+01 3.006289197035366101e+01 3.294674352627857417e+01 3.492191880652931246e+01 3.330102624874866990e+01 4.195455293133201025e+01 4.642811843439229591e+01
2.690124870286070546e+01 1.820979013784917200e+01 2.582096436852528143e+01 1.855577403444643991e+01 2.042795104293008634e+01 2.033757075520719937e+01 3.411267601056863441e+01 2.855587201372403428e+01 3.151886871947791491e+01 3.590255695276925252e+01 4.312120585444304766e+01 5.357722311394875447e+01 5.185134850994352007e+01 4.746529623973976442e+01 5.185134850992449884e+01 5.154648142541579858e+01 4.966437752249886728e+01 4.238150782073127232e+01 4.966437752251973592e+01 5.311596679402187249e+01 4.508256901542328876e+01 3.574243896974022761e+01 3.562259201724178581e+01 2.577108263607997429e+01 2.352035524252359266e+01 2.125602540627938097e+01 1.980058024469377642e+01 2.767027123094526075e+01 2.838234513661472036e+01 1.952494068687148854e+01 2.922740809494039027e+01 2.039325199163586078e+01 2.729840338862324600e+01 3.802028237333148297e+01 4.329099856343449915e+01 4.748908273298695093e+01 4.955301987035875300e+01
2.042398193692792319e+01 2.722975100780480417e+01 2.257861188189500723e+01 2.757336660352182633e+01 1.855577403444643991e+01 2.757886975203050639e+01 3.390638332795402476e+01 3.815250686863243601e+01 4.157777849964470818e+01 4.586777551651194784e+01 5.051705787162278938e+01 5.187433190755803025e+01 4.763393022669722399e+01 4.763393022669722399e+01 4.763393022669722399e+01 5.187433190755590573e+01 4.540927719666137818e+01 3.516578196953886959e+01 4.540927719666132845e+01 5.263262691364818124e+01 4.916322339148531739e+01 4.508254186683513609e+01 3.960044085292827276e+01 3.555154551693834719e+01 2.680435721624266421e+01 3.072857455248652769e+01 2.778496056819970406e+01 1.801954470355960680e+01 1.864771861842746858e+01 2.839965622716875870e+01 3.333956670139894385e+01 3.022342611557527192e+01 3.469378691624698519e+01 4.066648684769463529e+01 4.492439492765099374e+01 4.232301975128464022e+01 3.932825564600504720e+01
2.042398193692792319e+01 2.956015003562943733e+01 2.590475742284416327e+01 3.156727155835761423e+01 1.878397728880855411e+01 2.126192680356449571e+01 2.430519883795980007e+01 2.885271846125740680e+01 3.596789080961905682e+01 4.711251151300920270e+01 5.457079362574425119e+01 4.763393022669722399e+01 3.739727268116011771e+01 3.739727268116011771e+01 3.739727268116011771e+01 4.763393022669722399e+01 4.153759935961707583e+01 3.125325723064340977e+01 3.810948531662577210e+01 4.676320570511295216e+01 5.100426543822159431e+01 4.657667364516755981e+01 3.772433651667406451e+01 3.251751733151726853e+01 3.629909405350665708e+01 3.156488790181693105e+01 2.480421566599205363e+01 2.702246290307573062e+01 1.801954470355960680e+01 2.781389291926335616e+01 3.498253919729388173e+01 3.097772569249089258e+01 3.286283778051914339e+01 3.063829164089572288e+01 3.729155284521571190e+01 3.226008593914679068e+01 3.932825564600504720e+01
2.367873909225124507e+01 3.314969323567844128e+01 2.999968036619315725e+01 3.964791681417117530e+01 3.303387342527464909e+01 2.362985342959440160e+01 3.316256556737040739e+01 3.831056123621670650e+01 4.366784930973639689e+01 4.778710405738510048e+01 4.349235909864687244e+01 4.763394865545038925e+01 3.739727272643213496e+01 3.028550453077894389e+01 3.657429577948595067e+01 4.027692372687797473e+01 3.810948531662576499e+01 2.769379400458321783e+01 3.810948531662576499e+01 3.652699522069951854e+01 4.509394462128490488e+01 5.055842787537150684e+01 4.531823793414244506e+01 4.146572629318441727e+01 4.337307735686259491e+01 3.806225729395561075e+01 3.445949436904476215e+01 2.706568190444070865e+01 1.746281479066290387e+01 2.601855548147474551e+01 2.844014048200048705e+01 2.120873485442614736e+01 2.306750804542573974e+01 2.501080828807118195e+01 2.733488277132131472e+01 3.173476688654925226e+01 3.748656146511117271e+01
2.817637520119110661e+01 3.744422057128173265e+01 3.697339703801512201e+01 4.000414867018951526e+01 3.686741496134760609e+01 2.706641716416423549e+01 3.316566523979880543e+01 4.334308718052502485e+01 4.813014040052989628e+01 3.840184375251502757e+01 3.611155217956240193e+01 4.451416960224365482e+01 4.463318810505340650e+01 3.657428232426427428e+01 2.653654552856773563e+01 3.017159608240717716e+01 3.532577472119272954e+01 2.491376839142331434e+01 3.532577472119272954e+01 3.070617695270744107e+01 4.054219370556126023e+01 4.642591046864954052e+01 4.949759087035349125e+01 4.373272940241652407e+01 3.959032115879963243e+01 3.868512395293065254e+01 2.877299916955849568e+01 2.189651414433177479e+01 1.690638907149078562e+01 2.606585507883803743e+01 1.864218187583793807e+01 2.845147086317204099e+01 3.286283778051915760e+01 3.063829164089572288e+01 3.729155284521571190e+01 4.152584817159798547e+01 4.605398138291138110e+01
3.814364274269646415e+01 4.251297351764232957e+01 4.732114777218983193e+01 5.037785410231008854e+01 4.121983761753533315e+01 3.254936699278782442e+01 4.121618260908187636e+01 4.665313877838945444e+01 3.981287639069432771e+01 3.562369051714595258e+01 3.031010917329780696e+01 4.033853011638767327e+01 4.537539730123491211e+01 3.517870129869448448e+01 2.809758566029260507e+01 2.320481076166059964e+01 3.032372086161872105e+01 2.268363090840336227e+01 3.181741839506368308e+01 2.625762195814625599e+01 3.201820877788838970e+01 4.218542560541462194e+01 4.534637297799631739e+01 3.537659821409987160e+01 2.968737044474132603e+01 3.387328823498649655e+01 3.580852818303127094e+01 3.070434162741699424e+01 2.596071119473782929e+01 1.612897986194644062e+01 2.606925219404882554e+01 3.143814870432359498e+01 3.812481942918768141e+01 4.066648684769464239e+01 4.492439492764844999e+01 4.859632841454244101e+01 5.282839529415396385e+01
4.790427150895148145e+01 4.790427098701526631e+01 4.790427092874318760e+01 5.209776968357301286e+01 4.727500931987065513e+01 4.278059598204609415e+01 4.665649144427283801e+01 3.652100585828223700e+01 3.562368996783301611e+01 2.563876183561319166e+01 3.171498106501785230e+01 3.514467824358042236e+01 3.935028653089324990e+01 4.239695958727334357e+01 3.734103412573576009e+01 3.032372086096757613e+01 2.053552694845573257e+01 2.074501020731497647e+01 2.195397206665823475e+01 2.625762195814997924e+01 3.201820878227378131e+01 4.218543545512643078e+01 4.403934761821613364e+01 3.408542316378050430e+01 2.840752195913277234e+01 2.407070883358903401e+01 3.016844184386943795e+01 2.791935949882547519e+01 2.594204695903098923e+01 1.612897986194644062e+01 1.996963925740408285e+01 2.429665617645982323e+01 3.122073428409060725e+01 4.201384327343716052e+01 4.263811325157796261e+01 3.827639702181403436e+01 4.423465826758317831e+01
3.765860485670286550e+01 3.765860485635101895e+01 3.765860485633861288e+01 4.790427092706038792e+01 5.697919792203643397e+01 4.679809741613873797e+01 3.962480835890836062e+01 3.838231655421549249e+01 2.833069675770235207e+01 2.393028237774062816e+01 2.185235656524704595e+01 2.518117603109601887e+01 3.356578005764538375e+01 3.718224796458939352e+01 3.553567628124950062e+01 2.555473066158602435e+01 1.881251887984896953e+01 1.881251887984896953e+01 2.233319146092612684e+01 3.222827286745594932e+01 4.054401900651464530e+01 4.642605403130917807e+01 4.818624074042001837e+01 4.242960607061414890e+01 3.799884658942054472e+01 3.016844776027627262e+01 2.039461343385046632e+01 1.808375769397370192e+01 2.487708126300154987e+01 1.561999935853422450e+01 2.556708611477396786e+01 3.375299498673754783e+01 3.862636096208442638e+01 3.782968460605081162e+01 3.241057711791824403e+01 4.263811325157796261e+01 4.796847454749305228e+01
3.049881511758730213e+01 3.049881511758730213e+01 3.632781320380102130e+01 4.357994866238122711e+01 5.381140258014328026e+01 4.869732190636805313e+01 3.851575711601471141e+01 3.141285465371976926e+01 2.763887397081701636e+01 3.388761956999680791e+01 2.939224885397768361e+01 1.961755819382100441e+01 2.726076088224571237e+01 2.725245292639472794e+01 3.107726186871572693e+01 2.692837313558115753e+01 1.881251887984896953e+01 2.738439983219778284e+01 3.222146606073481934e+01 2.926357997298453384e+01 3.938567888404881501e+01 4.707992785231134292e+01 4.142542919932153467e+01 3.736152347223099213e+01 3.419814108894841098e+01 3.427976533736385534e+01 3.012671705164606450e+01 2.487830787791446241e+01 1.491607776256461904e+01 2.471920960642410847e+01 2.958661652845954748e+01 3.129446129705353030e+01 3.370973200135691883e+01 2.771343372195445198e+01 3.782968460605081162e+01 4.337366636016813715e+01 3.769874890476101825e+01
2.618343228049403493e+01 3.270882804628406859e+01 3.601767136162366256e+01 4.023363044878857409e+01 4.532011644415240426e+01 5.102539098629380021e+01 4.570437501157276472e+01 3.768379883574400679e+01 2.763887397081701636e+01 2.763887397081701636e+01 3.297388858601108552e+01 2.307846113284416134e+01 1.747219342436763867e+01 2.529967867349704136e+01 2.547469228292697707e+01 1.742837191434847099e+01 2.688172487183688730e+01 3.222665444635989473e+01 4.024314056880778168e+01 3.938567888404881501e+01 4.362878338397516131e+01 4.300625745588491355e+01 3.322929140098562328e+01 2.735803003098574138e+01 2.399326414400408680e+01 3.003201751742924230e+01 3.044041093555252075e+01 2.151423604252268262e+01 1.435344627912067672e+01 2.392156981592228604e+01 2.791114264484603780e+01 2.144882847578557872e+01 2.374180433109847499e+01 3.370973200135691883e+01 4.043286488935815015e+01 3.322362382042310713e+01 3.191931757695360261e+01
3.015091868132611808e+01 2.313807032897896576e+01 2.609135575215212555e+01 3.093364990916866475e+01 4.110169695020466207e+01 4.068206794699201367e+01 4.068206794703927187e+01 4.189021132613253684e+01 3.768379883574500866e+01 3.768380040975317513e+01 3.717183501213889940e+01 3.141823922707004257e+01 2.530493290411029506e+01 1.568291145494357686e+01 1.617189693610715295e+01 2.547469080440671263e+01 2.412031459768491715e+01 2.931810487836146351e+01 3.691201142413252967e+01 4.224722253247311698e+01 4.644346262686681115e+01 4.427077065402534117e+01 3.449961958374367299e+01 3.587242658061300205e+01 2.575654135371661368e+01 1.958618620866664628e+01 2.639127997819104010e+01 1.924328788369863830e+01 1.379270461109699752e+01 2.324596182211680429e+01 1.836113126265680862e+01 2.810670254750139918e+01 3.370973200135691883e+01 3.796754336328280743e+01 3.619650244936923400e+01 2.628373838006432095e+01 3.322362382042288687e+01
2.092403151144040407e+01 3.015083340647897003e+01 3.601729686762718785e+01 4.023325705288840481e+01 4.532000628916900098e+01 4.068206794703860396e+01 2.987379159993297506e+01 3.384631377957819609e+01 3.819737865659077158e+01 4.221795567829174445e+01 3.655024821153727288e+01 3.219197382710768096e+01 2.409538573235080960e+01 1.497122653383285140e+01 2.408533007094140643e+01 1.755028456413421623e+01 2.695925629403493673e+01 3.232360850152342380e+01 3.514152101841313680e+01 3.223281713805079107e+01 4.225055648997913949e+01 4.835123881495005094e+01 4.427077065402534828e+01 3.995022383051289694e+01 3.415567723017827007e+01 2.656509567305074526e+01 1.586337711842712572e+01 1.321982536982077328e+01 1.384296900128589591e+01 1.546689403948767882e+01 2.551429671771165530e+01 3.232036073484628957e+01 3.537783047618858490e+01 3.709782673554944665e+01 3.289224766936094824e+01 2.628373838006432095e+01 3.191931744362025825e+01
