output/example/elevation_000177.asc
nrows	75
cellsize	13.33333333
xllcorner	0
ncols	75
yllcorner	0
NODATA_value	-9999
[rows 51 to 67 of 75, columns 37 to 73 of 75]
2.393275666431050830e+00 2.393275666431050830e+00 3.663753678013800474e+00 2.417515362359272668e+00 2.596432003863857751e+00 2.596432003863857751e+00 2.524208535858694979e+00 3.194185639972031865e+00 3.194185639972031865e+00 1.080372132812009234e+01 3.244783438200435022e+00 1.315390070284287916e+01 9.559468381363037892e+00 1.360078049923444254e+01 4.457652475593323338e+00 1.057610680254091129e+01 1.232588972057320831e+01 4.692339276842587559e+00 8.030867510189894531e+00 1.318201425091652723e+01 1.666221499493826386e+01 2.400410637536199587e+01 2.577960899255675287e+01 2.974631133839034902e+01 3.386721126379571700e+01 3.192233763936829050e+01 3.623807622342990697e+01 3.578300621606530285e+01 3.037047218098301116e+01 2.970165113996182171e+01 3.042151513963877463e+01 2.625770965595006246e+01 1.841993478036218690e+01 2.790968470754983244e+01 3.210864052048185613e+01 3.993578244534803190e+01 3.993578244534803190e+01
2.393275666431050830e+00 2.393275666431050830e+00 2.393275666431050830e+00 3.629839589032000102e+00 2.932261593282036838e+00 1.241473829762356118e+01 1.196644973327390282e+01 1.232672791007840551e+01 8.430754907878213800e+00 3.244783438200435022e+00 6.711747870624470202e+00 3.506506083498336146e+00 3.765825247552463395e+00 3.882202981124992291e+00 4.167762664594292232e+00 4.419274497830962822e+00 4.443164543639635866e+00 1.086711474819532874e+01 1.315651365766607128e+01 1.919957529736906920e+01 2.475214954021883429e+01 3.006585591198741270e+01 3.035290020827011404e+01 2.645958763315212892e+01 2.479476244320112244e+01 3.386721144890568524e+01 3.578298156482369308e+01 2.584556785987097527e+01 2.351306760761629633e+01 2.289740888319014900e+01 2.468949545211290442e+01 1.691410312815065353e+01 2.625770965588194983e+01 1.841993478036218690e+01 2.790985613376125585e+01 3.532150519722661386e+01 4.209033766361807238e+01
8.952592617914428175e+00 9.580790553555623035e+00 1.623963387826076499e+01 1.258871044717946752e+01 3.433530108599653019e+00 1.291768545203664864e+01 2.067454878563463083e+01 2.034455614915930965e+01 1.254753022097922432e+01 1.229999459716301224e+01 7.518328718965660684e+00 5.136680457061737926e+00 1.032714257845300843e+01 8.752404028168605521e+00 1.305702757540711723e+01 6.079168541533112702e+00 1.134569290244007256e+01 4.846721865930733841e+00 1.451245891698565060e+01 1.185348344878268101e+01 2.126655484050309042e+01 2.491950387050772875e+01 2.215589113083158068e+01 1.785226323832361572e+01 2.382258293823891293e+01 3.282587657878458742e+01 3.465745588457137671e+01 2.477108460305639781e+01 1.822400861630875113e+01 2.321607044552482080e+01 1.547986657482136685e+01 2.468949545208187146e+01 3.041479229269122442e+01 2.790985613376125585e+01 2.132602701296967140e+01 3.107202250201578408e+01 3.183974109968529476e+01
1.935479213069069004e+01 2.096604332851583408e+01 2.189412122640350233e+01 1.175801881440412622e+01 3.673305088266037188e+00 8.228640803171764162e+00 1.799375404383016885e+01 2.565547308848164576e+01 2.057636954772263493e+01 1.217520707409772029e+01 1.574559286858064411e+01 6.787120034223899978e+00 1.587859583358810056e+01 1.826136248740841594e+01 1.761284886079544520e+01 8.177514870276466397e+00 1.612442785201101358e+01 1.048039024534944375e+01 5.345512771570541055e+00 1.434494048447400161e+01 1.345082566122391654e+01 1.888908363512822319e+01 1.363457237559805968e+01 1.850028555487973492e+01 2.714954407285008031e+01 3.156530530478473651e+01 2.739229588854500008e+01 2.595642281793819706e+01 2.185758868669868349e+01 1.412461009726213668e+01 2.321618524126483152e+01 2.420850175707635898e+01 3.383603467002873799e+01 3.532105208647652717e+01 3.107202250210932704e+01 2.486806229720308536e+01 3.183974088473588893e+01
3.087548129976325484e+01 2.552403097667538745e+01 1.931023660447194246e+01 1.080069494341859127e+01 3.938010863624497482e+00 1.384728689452584227e+01 2.128740460749637009e+01 2.772988271057602816e+01 1.908122042333318191e+01 1.813502220705846923e+01 2.059548771026251757e+01 1.653708428238206807e+01 9.473901169966497449e+00 1.946929631312701758e+01 2.014412285715278372e+01 1.076340325123312880e+01 1.983944253655504397e+01 1.209240853804881333e+01 1.255862739470245160e+01 5.974703484700603084e+00 1.351419608695653984e+01 1.015232401687651453e+01 1.896685996978801469e+01 2.593430767424176508e+01 3.106299247833925037e+01 2.739229983807954838e+01 1.793649037095450893e+01 2.070602853500391660e+01 1.283477327708554050e+01 1.480112571560001378e+01 1.677487276971350738e+01 2.489941774943019226e+01 3.193888689298520589e+01 3.652654884039922223e+01 3.913429745617496280e+01 3.184002161667854125e+01 3.183974109968529476e+01
2.716754880182758214e+01 1.780769499065278794e+01 1.099285115489971965e+01 5.701394779200792406e+00 4.279299670289580249e+00 1.274990820544093317e+01 1.753895358160174212e+01 2.646842669612585652e+01 2.775343504611496570e+01 2.656250396434408856e+01 2.270362751550458924e+01 1.273474709990196096e+01 1.946929655785491065e+01 2.348119273223180414e+01 2.279673457164425798e+01 1.361543285949874083e+01 2.279497779483790865e+01 2.003350426439808274e+01 1.347938881613012185e+01 1.572078818661243815e+01 6.631142612080934917e+00 1.381870859362691562e+01 1.939070887687224598e+01 2.276134422075275054e+01 2.682613582622290949e+01 2.353088500177006637e+01 1.954207931860410952e+01 1.161193900329779360e+01 2.070603275698529089e+01 2.445561396401592091e+01 2.217189479310594891e+01 1.964531073132885552e+01 2.236795479845376988e+01 2.742881795128587186e+01 3.820947272307854092e+01 4.210329526793892541e+01 4.209033766384295205e+01
2.937100663222414099e+01 2.552452775941459251e+01 2.108811314179158103e+01 1.477422825459041000e+01 4.704646426102661927e+00 9.379037332525358650e+00 1.960529579787515431e+01 2.873156224774113099e+01 3.287172759381240184e+01 2.946002578721629206e+01 1.990503571856746845e+01 2.270362751550458924e+01 1.699411396598205926e+01 2.664260920057650139e+01 2.590375741195590464e+01 1.658270660935085417e+01 2.590375741195590464e+01 2.509334330501026145e+01 2.005836208195918147e+01 1.188492535856720878e+01 7.113173478636194424e+00 1.604707254047172071e+01 1.211070845775918592e+01 1.354096582549015615e+01 2.128417959533610571e+01 1.841448931424068647e+01 1.034829124549187362e+01 1.844823507592901279e+01 2.051689351439886977e+01 2.989883809785171209e+01 3.148423536350025742e+01 2.430924233108007115e+01 2.797400211495975242e+01 3.652654884039922223e+01 4.278944201768416633e+01 4.541733377334764299e+01 4.541733377334764299e+01
1.938896736705397572e+01 2.032367986518137215e+01 1.616276151576867548e+01 1.528033591822739901e+01 5.163553125824730472e+00 1.528674226587086160e+01 2.168657007556407379e+01 1.895682558803168760e+01 2.873156224774162837e+01 3.345608518901261874e+01 2.946002578721629206e+01 2.193888609599198247e+01 2.664260920057650139e+01 3.061158603661859701e+01 3.014229927235655637e+01 2.097627907826535676e+01 3.014229927235655637e+01 3.241796246042692076e+01 2.585993351879243463e+01 2.034895070021423891e+01 1.677030194510091832e+01 7.810761835521443430e+00 7.810761835521443430e+00 7.810761835521443430e+00 1.733055741107374459e+01 9.091660002347284220e+00 1.842419043190335515e+01 1.382493771946055006e+01 2.299469786318608300e+01 3.023086768998115303e+01 3.444017888228228941e+01 3.405207119944623173e+01 3.856980705483359628e+01 4.323575171265520822e+01 4.241256846784622780e+01 3.512670267651805744e+01 3.512670267651806455e+01
1.371788308825024671e+01 1.616325421607366408e+01 5.965056835265546198e+00 5.163553125824730472e+00 1.523899806709563798e+01 9.112993733957940989e+00 1.202260407288052058e+01 2.181977966547310643e+01 3.157733991133072848e+01 3.653274749833598634e+01 3.535476916949914283e+01 2.857114165961956331e+01 2.857114167813458749e+01 3.804623616882067694e+01 3.515536217764658744e+01 3.083124420522219467e+01 3.515536217764656612e+01 2.834340080896660652e+01 1.923241276440266034e+01 1.918200411817597129e+01 9.923820397498463564e+00 1.733640040700518270e+01 1.733707622727012421e+01 7.810761835521443430e+00 7.810761835521443430e+00 1.734180386283658137e+01 2.238763307891587928e+01 2.299276443649002744e+01 1.758905583324191468e+01 2.057766069452100055e+01 2.526193893533401180e+01 3.221112886111318829e+01 4.241508928772059051e+01 4.106688444490671941e+01 3.814075874209029848e+01 2.797461498320016204e+01 3.814075874209029848e+01
1.733997680271675534e+01 7.186656609475747359e+00 1.533649648111462760e+01 5.163553125824730472e+00 5.771288733495534728e+00 1.595481738214959044e+01 2.099159988575686597e+01 1.770183849408002530e+01 2.251167962591955884e+01 2.943968500803039845e+01 3.946930984720449942e+01 3.804622010449536873e+01 3.804623578658971184e+01 4.213856726443388823e+01 3.761571407832909131e+01 3.338534003035712772e+01 2.965728284665665271e+01 2.643952508741729091e+01 2.125944005509815327e+01 1.199115071483554473e+01 1.444350093745690167e+01 2.211338448602956674e+01 1.733897606028626370e+01 7.810761835521443430e+00 8.472868060186854677e+00 1.789085043319473556e+01 1.868955575007627345e+01 2.806200374425580790e+01 2.701313248887382201e+01 3.023086929102897003e+01 3.444023333214243365e+01 3.946000909956106995e+01 3.808959637797180164e+01 3.083987252579565563e+01 3.121737701779679597e+01 2.476961884286111726e+01 2.982598611399522071e+01
8.510766679293521264e+00 1.735520428303247797e+01 1.738831655321801151e+01 1.015116562895489949e+01 1.589806180806354341e+01 6.674922946063662543e+00 1.687125632621541627e+01 2.540302939693957285e+01 2.959009778832474069e+01 3.436444591634238321e+01 3.005667382560358547e+01 3.437030228098707596e+01 4.039284054803433577e+01 3.921334296981483192e+01 2.911895332146064774e+01 2.352184694383308639e+01 2.000402169984008083e+01 1.699473985287019318e+01 1.432891826481695219e+01 1.402807511140938246e+01 1.715853421183062366e+01 2.524907300209498118e+01 2.135770947116360219e+01 1.441417091350260549e+01 1.790844941898947340e+01 9.408954455673208983e+00 1.870766270159571576e+01 2.350458829494055735e+01 2.999920580214450183e+01 3.168085683954904397e+01 3.578072923969951802e+01 3.636743425153323983e+01 3.298444898827987259e+01 2.365005904361819233e+01 2.101392802151565320e+01 2.575590679041484776e+01 3.595337861863822582e+01
1.440766383336532996e+01 2.275149894050189658e+01 1.958031471016003877e+01 2.014356467319736410e+01 1.751470504409167361e+01 7.342556441132649603e+00 1.751196750465019392e+01 1.553638903282906192e+01 2.540349940169180698e+01 2.465451847518479411e+01 1.995045855160518045e+01 2.564069483736857435e+01 3.608901330611090685e+01 4.347761189386911695e+01 3.761571407832909131e+01 3.119453952057072499e+01 2.145801461796077447e+01 1.736956357366014458e+01 2.359182476164669495e+01 2.619130049186136588e+01 1.859507711962302778e+01 2.853993938768480731e+01 2.726309634491509115e+01 1.942259751248704447e+01 9.408954455673208983e+00 1.870766270159757738e+01 1.033753986027985050e+01 1.675004398462353450e+01 2.424416344255838851e+01 2.198154504433651724e+01 3.148345015592142104e+01 2.614448313799143975e+01 2.614448313800259172e+01 1.851358075403980763e+01 1.851358075403980763e+01 2.874267713795993018e+01 3.595337861860392792e+01
2.425334506681561564e+01 2.847511152077959906e+01 2.978245950672823739e+01 2.602820390667429962e+01 1.576855324672508907e+01 1.751344967998991109e+01 8.349674927206212516e+00 1.842766908295023498e+01 2.087246466875106066e+01 1.501565714488716807e+01 2.162007331980379021e+01 3.185170963258573806e+01 3.523167989369198949e+01 3.950444499584621383e+01 3.941557674777823905e+01 2.934690356623649166e+01 2.975245597781636064e+01 2.009371337924675771e+01 2.975245634943657791e+01 3.274567486622440526e+01 2.429768698917845526e+01 3.274567486622381551e+01 3.326219234369115441e+01 2.522886132490013722e+01 2.076666936471983149e+01 1.874770770834204470e+01 1.033753986027985050e+01 1.950822475471747097e+01 1.523469805283611755e+01 2.053880466389278325e+01 2.732482391332498750e+01 2.375628868087805046e+01 1.601223508325787392e+01 2.614448313799752199e+01 2.874267713795385504e+01 3.298413475850249910e+01 4.049082216920437105e+01
3.258758318452242264e+01 3.702811869794917499e+01 3.644547501861386252e+01 3.007506934963670631e+01 2.251112188078714738e+01 1.227782626211195272e+01 8.349674927206212516e+00 8.349674927206212516e+00 1.269671257758982819e+01 1.247718010636260111e+01 2.730540146436808868e+01 2.931696813866150109e+01 2.498709862185032904e+01 3.046347812476316008e+01 3.474210593931084645e+01 3.941557674777823905e+01 3.323739591515013814e+01 2.338049831939428103e+01 3.323739591514789993e+01 3.857392437311958844e+01 3.433496847538249597e+01 3.577023750158891602e+01 2.920342542073959891e+01 2.018905474580651216e+01 2.200167575504680073e+01 1.950822459982733648e+01 1.033753986027985050e+01 1.033753986027985050e+01 1.398879052658282696e+01 2.052670073486115854e+01 2.182958132722888678e+01 1.388935788782814029e+01 1.632374808238374797e+01 1.919654290926226992e+01 2.245455270426082706e+01 2.606971507341872396e+01 3.111889517447944442e+01
3.702811869794906130e+01 2.704539507354414951e+01 2.880607835168358832e+01 2.294998421331231597e+01 1.982806542093378965e+01 9.954677793271409669e+00 1.842928910913384399e+01 1.842770448785505977e+01 9.753019747222348101e+00 1.964349157210369512e+01 2.510129035748093429e+01 1.936046550054886950e+01 1.936046550054886950e+01 2.043714926862270076e+01 2.743343649034940412e+01 3.777864573312031382e+01 3.746694274226415189e+01 2.897294317636074368e+01 3.746694274154499027e+01 3.882351075630471371e+01 3.458304224061102872e+01 3.156378377213131614e+01 2.186428012127649367e+01 2.200168174353753159e+01 1.295708248602502799e+01 1.185349054373252997e+01 1.950822922968388795e+01 1.950823115056376622e+01 1.145429182821342273e+01 1.220834684160866423e+01 1.220834684160866423e+01 2.183005530107177705e+01 2.646725203985529618e+01 2.941790208911581317e+01 3.263820230713148618e+01 3.623048642538500985e+01 4.049082188220649670e+01
2.976969385232643717e+01 2.365515445764309632e+01 1.915117014532956219e+01 1.627116095411564345e+01 2.061799376553559426e+01 1.107191586627070556e+01 1.759814994443255287e+01 2.296250554451555459e+01 1.967529436917825691e+01 1.121765376432187189e+01 2.096834353684503327e+01 1.263077955698614296e+01 1.547414908353098184e+01 2.510417992093519857e+01 3.046347812476312811e+01 4.081209860115315990e+01 4.332693561777299607e+01 3.906274668957900076e+01 4.030051410706803239e+01 3.458304224061102872e+01 2.467777130160952481e+01 2.757895799015170724e+01 2.364417220934985053e+01 1.449423278608943200e+01 2.090697064525970816e+01 1.185349054373252997e+01 1.917685229522878387e+01 2.676049797817993436e+01 2.345691236573966520e+01 1.844489669344685012e+01 1.220834684160866423e+01 2.189736251267470379e+01 1.473582193166310539e+01 2.906153345822081135e+01 3.539430655080164456e+01 3.963170423013847454e+01 4.181236157707402157e+01
3.744729266480480590e+01 3.295230314839125896e+01 2.796652372293886302e+01 2.226387244687938605e+01 1.260665234346495822e+01 1.792382456824853776e+01 2.482162681938883608e+01 3.016149619189047471e+01 2.513746898983793443e+01 2.096832761748682827e+01 1.263077955698614296e+01 1.263077955698614296e+01 2.399157110563661988e+01 2.510382118154545594e+01 3.527844329243975352e+01 4.476090219288855820e+01 4.588472868702994845e+01 4.326164755062673350e+01 3.305355899423434352e+01 2.604458974763594981e+01 2.179134890577686789e+01 1.808504836001674221e+01 1.609975600376957061e+01 2.364417220911100870e+01 2.494442558203648375e+01 1.813968242467399250e+01 1.624855235145756893e+01 2.562903237558076697e+01 3.234265856588644539e+01 2.613842855048753222e+01 2.190324381558639644e+01 1.348533220137306365e+01 1.473582193166310539e+01 2.482931566399661349e+01 2.519724002948396802e+01 3.459184480880880130e+01 3.160114200199767254e+01
