output/example/elevation_000334.asc
nrows	75
cellsize	13.33333333
xllcorner	0
ncols	75
yllcorner	0
NODATA_value	-9999
[rows 51 to 67 of 75, columns 37 to 73 of 75]
1.255836160026667514e+01 3.839070202535256104e+00 9.032336432390531300e+00 7.014749493017888859e+00 3.763499316150860086e+00 1.323818883396407031e+01 1.742817779196731820e+01 1.548430751877324418e+01 2.095467811672775582e+01 1.783193434351085571e+01 9.897877653228146499e+00 1.406183433057342747e+01 5.694629911529803579e+00 5.694629911529803579e+00 5.886992412177876055e+00 6.081942920136198971e+00 6.290080690678184538e+00 9.907639728313958116e+00 7.643702115416149745e+00 1.084576559985240785e+01 1.528022502625030654e+01 7.628304893059117298e+00 7.628304893059117298e+00 9.276501759630107813e+00 1.799672318584661213e+01 2.191582996665069771e+01 2.835059493299393552e+01 3.169740543466993543e+01 2.390295271238229802e+01 3.178717508032164929e+01 3.390730089625701993e+01 3.801251403862835332e+01 4.421514084595863636e+01 3.927607873098163083e+01 2.988307222687041076e+01 3.445090797968639151e+01 4.112817165679531684e+01
3.132382863191485622e+00 3.119397306959634353e+00 3.401846707642759426e+00 3.585078005268414802e+00 7.725498770001366644e+00 4.126835558262963666e+00 1.334585128968815226e+01 8.881980629269067506e+00 1.519488191367539898e+01 1.401292632238045499e+01 1.289254746758449066e+01 5.405994492201517509e+00 1.413991677562234095e+01 5.694629911529803579e+00 1.421066030379031098e+01 7.522676279755516227e+00 7.736287435636005405e+00 1.572387125571607847e+01 1.826361342206419636e+01 1.602116743391958664e+01 2.059732561029300868e+01 1.174712538624420155e+01 1.714129349958353998e+01 8.188368654071448205e+00 1.006190575034055357e+01 1.881276884592606180e+01 2.843925832278740629e+01 3.244523726113008166e+01 3.313833662445447459e+01 3.722648770743565905e+01 3.863233536900607135e+01 4.145071895657724070e+01 3.943858209325571096e+01 3.499012529011324091e+01 2.662200808545052055e+01 3.618547151393043038e+01 4.250521523295569182e+01
5.132639893278401644e+00 1.228685635885369898e+01 4.457195405541995115e+00 1.307023141676621947e+01 1.334302287510242202e+01 4.126835558262963666e+00 4.126835558262963666e+00 4.127065074924934684e+00 1.176402639738940792e+01 4.996632452115385092e+00 4.996632452115385092e+00 1.187769809783660691e+01 1.801766354356429289e+01 1.522406861388331833e+01 1.826561908516622879e+01 1.577951575180225419e+01 1.685088336234028006e+01 1.037056397232967520e+01 2.023337276032476595e+01 2.422525707562737196e+01 2.628069008989901789e+01 2.187759613873739895e+01 1.733619157440197256e+01 8.540114131260017061e+00 1.795336635282631477e+01 2.191411432488809652e+01 1.861478807277770997e+01 2.561855052246355058e+01 3.524904934983630511e+01 3.578057628184534167e+01 2.893544300429031679e+01 3.177559690647696655e+01 3.423549374657415711e+01 2.610583660274873807e+01 2.394427641141684404e+01 3.365154456746882516e+01 3.294481403105013584e+01
7.003243849748461258e+00 1.595435000549079874e+01 1.815194210055733137e+01 2.060279139661832204e+01 7.518349169744588778e+00 7.860377086177587458e+00 4.126835558262963666e+00 8.074633607008760094e+00 4.366241859122598434e+00 1.183407470875582668e+01 4.996632452115385092e+00 6.331794699593273457e+00 1.583911940230808568e+01 1.982403727412318872e+01 2.401322815096703778e+01 2.582971056548586120e+01 2.031415303440117626e+01 2.031526386009685936e+01 1.446716268957040974e+01 1.446716268957040974e+01 2.768850821453778721e+01 2.784110135045931145e+01 1.820479656800241486e+01 1.829286030939166707e+01 8.540114131260017061e+00 1.202704010361454579e+01 2.208882099130739718e+01 2.334112681988154492e+01 3.307672066267190303e+01 3.177559708236174529e+01 2.192035536659998129e+01 2.650774882890825879e+01 2.796636036951658255e+01 2.038548890204657482e+01 2.318144262516204535e+01 2.608600674461523639e+01 3.294481403105013584e+01
1.181467087870815114e+01 1.103136907712642234e+01 2.156037143585685811e+01 2.234539871153157264e+01 1.424220771197204272e+01 1.351523922303388758e+01 4.314829888152487136e+00 5.730683672191392297e+00 1.199709626481986291e+01 1.630424987696374828e+01 7.659378486394889940e+00 1.591489421584066122e+01 8.198360002097606625e+00 9.622348585986310709e+00 1.984529136552103523e+01 2.665023881730389377e+01 3.015549029428908057e+01 2.872054414642607156e+01 1.921388212137646434e+01 2.619644544504860662e+01 3.077702961795626635e+01 2.543035626475163014e+01 2.031583098126004927e+01 1.015170063846306370e+01 8.540114131260017061e+00 8.540114131260017061e+00 1.323038131884071156e+01 2.334431738244428800e+01 3.066991628991624452e+01 2.865091573799443481e+01 2.459004670253932190e+01 1.639121951369802588e+01 1.800239840089330912e+01 2.796636036953242410e+01 2.847063404461747282e+01 3.573783885760631307e+01 3.294481403105013584e+01
2.241735096187834131e+01 1.543709217581255544e+01 2.604134580313186120e+01 2.357611962448769560e+01 1.462635770709456118e+01 1.369776869814918463e+01 4.849090815694849788e+00 7.060001622779732422e+00 2.027462161216168468e+01 2.151896837837565712e+01 1.088865514942395940e+01 2.151572349107579285e+01 1.820988909857073068e+01 1.984529032114926395e+01 1.202524267132770319e+01 2.245196027254709392e+01 2.975734432875809077e+01 3.324002252361096055e+01 2.642226380745911030e+01 3.326190136142100329e+01 3.071833021867784552e+01 2.337548351758487186e+01 1.317152579875562957e+01 2.031580518085180032e+01 1.829254117654204492e+01 8.908830672927809502e+00 1.880335790699207266e+01 2.003492973052647130e+01 1.991838547906069223e+01 2.273700938736546462e+01 1.421902306473177013e+01 2.458970661055969131e+01 2.247978228283913538e+01 3.178458153787216389e+01 3.809392025340565624e+01 4.201093002476102356e+01 4.250521523295559234e+01
3.094517361986594040e+01 2.182972544571929419e+01 2.883241050588956966e+01 1.881218771505686860e+01 6.611522291159295683e+00 6.605391438898057466e+00 5.414804249787154689e+00 1.259326975191238418e+01 2.327334885247092799e+01 2.583822364367356528e+01 1.628879710536710235e+01 2.583822364275888361e+01 2.840576787472158315e+01 1.809347033383440717e+01 2.245195852267234216e+01 1.518268036125390630e+01 2.260857868507720525e+01 3.278703788148599330e+01 3.615649867022031572e+01 3.455864118524718975e+01 2.669785886439047928e+01 1.675246268997600652e+01 2.337548351761538967e+01 2.589582027744442527e+01 1.586436480245215996e+01 1.871382294872577035e+01 9.457381986999777723e+00 9.457381986999777723e+00 1.974775417133762545e+01 1.219773686805915069e+01 2.273700938736546462e+01 2.277505525507846684e+01 3.199104039856651838e+01 3.004454596619031648e+01 3.829586163787740816e+01 4.398305037963647379e+01 4.245295959445770961e+01
3.723390261564271952e+01 3.291285723565935228e+01 2.775884884934027141e+01 1.927002762201769315e+01 1.042907207214639342e+01 5.931356502869601144e+00 1.264575249685891301e+01 2.146245839179404413e+01 2.693993239873384482e+01 3.082032148498406698e+01 2.706299005325150375e+01 3.145122816034501767e+01 3.255352797525829800e+01 2.411933446830657957e+01 2.824989974062293641e+01 1.794733437461775338e+01 2.372627057076664769e+01 3.388160944166483546e+01 3.948341433271320255e+01 3.052539676003468117e+01 2.079718679483980281e+01 2.669785886439047928e+01 3.071870072538154872e+01 2.988127264072769407e+01 2.587981975563667802e+01 2.087804478283885956e+01 1.054605131306426813e+01 9.457381986999777723e+00 1.046034169104289724e+01 2.091366182416676978e+01 2.683390092277819861e+01 3.266539448651284516e+01 3.666986708292057529e+01 3.906443112702282150e+01 3.962022481604384438e+01 3.324137586461387173e+01 3.278677781298071636e+01
3.026919539695288819e+01 3.083362553230045577e+01 2.362810323306381122e+01 1.386342070428890594e+01 1.264302437988181005e+01 6.181654496929407827e+00 1.515221390880735086e+01 1.938896051309061974e+01 2.467011170118876962e+01 2.980152269065225568e+01 2.882120134648795329e+01 3.282613439659720456e+01 3.837219885283300869e+01 3.426114355147014834e+01 3.107739818698392753e+01 2.088068145714979096e+01 3.107814093893873419e+01 3.799594426301039363e+01 3.540828518725500373e+01 2.569207684520893054e+01 3.052539676003468117e+01 3.455864118524718975e+01 3.426342261392958477e+01 2.480188378115114745e+01 2.282205038037746547e+01 1.247040721261122620e+01 2.078559016744902266e+01 1.965081912822165933e+01 1.021047232198412757e+01 1.879145765859663086e+01 2.916499815623358316e+01 3.162900823919909143e+01 3.511105963148926890e+01 3.799023668675653198e+01 3.401679870501023117e+01 2.587332202642196677e+01 3.210737073891260707e+01
2.030594598319755306e+01 2.322410429604157400e+01 1.684866065974033944e+01 1.579699069654277643e+01 6.481383345606648305e+00 1.272647334155114685e+01 1.232728132264607801e+01 1.656592984922426126e+01 2.112514578408523391e+01 2.049722205867214342e+01 1.927213439457619515e+01 2.882120134648410925e+01 3.424533313675884472e+01 3.981906138271035900e+01 3.465385381281557642e+01 2.454021053003740249e+01 3.107814093893873419e+01 4.108089139248622246e+01 3.948341767153688409e+01 3.126664720688800259e+01 3.932428713825124333e+01 3.527435233878654941e+01 3.062856148284271640e+01 2.480188397164699055e+01 1.470099367830921899e+01 2.282205728978146198e+01 2.614007017908015484e+01 1.836995948327501438e+01 1.078483941190971684e+01 1.951176333142755581e+01 2.519607329687835318e+01 2.340968323104335269e+01 3.162848271678653589e+01 3.242147193072835165e+01 2.440006033993712009e+01 2.231532914249178390e+01 2.929199982527286394e+01
2.322411415870992002e+01 1.331626910081149973e+01 1.684870693400009856e+01 7.363260137042101583e+00 1.579700449479951807e+01 6.481383345606648305e+00 6.925429716793572332e+00 7.508137823339814609e+00 1.733868910757921000e+01 1.247081680110022539e+01 1.642682472502341540e+01 2.068559513745738343e+01 2.617365193751984975e+01 3.577276800084700881e+01 3.875791116625103427e+01 3.465385381281640065e+01 3.172968565467116875e+01 4.171342023887019934e+01 4.515215075885890172e+01 4.106586788171482993e+01 3.774897527874241376e+01 2.876794169156723058e+01 2.210835433347677537e+01 1.706321462361605157e+01 2.480188397184950588e+01 2.863287915295614638e+01 3.128579499839612410e+01 2.481843669718325529e+01 2.133786005760816806e+01 1.170905722255739434e+01 1.668418830249155604e+01 2.566672076853322437e+01 2.414279914283295270e+01 2.588824978549155276e+01 1.858436659370900301e+01 2.828108012860604603e+01 3.196299787664190006e+01
2.352401215971020321e+01 1.792815069443569342e+01 8.352287448657264690e+00 1.683344693371756762e+01 2.065537357256416584e+01 1.797355230891720623e+01 1.273242920246002718e+01 1.735352954727423480e+01 8.445338578110304084e+00 1.822016163702100400e+01 2.281075741553800995e+01 2.684383586013876410e+01 3.092867660490343340e+01 3.329053175861211855e+01 3.434937755373110235e+01 3.839652038440259929e+01 4.171342023887019934e+01 4.578613667845172586e+01 4.348822881788801453e+01 3.880834942189440540e+01 3.490202429695312247e+01 2.911897169814730191e+01 1.957838347553299130e+01 2.683863071889179253e+01 2.408133366945262921e+01 3.349533592983675589e+01 3.250067777574184902e+01 2.264559251209303170e+01 1.671076182378734387e+01 1.170905722255739434e+01 1.245157824190884099e+01 2.308812209701872931e+01 1.364366650613220422e+01 1.574429180596981936e+01 2.566702352846811763e+01 2.335782491090537505e+01 3.015801991214528854e+01
1.353697011413631657e+01 1.870042940662026965e+01 9.062897612255259361e+00 1.580324240013740322e+01 2.567023976089632953e+01 2.709823142811702112e+01 2.279749211752151083e+01 2.146833329445567173e+01 1.814843510677499694e+01 9.466909678355289515e+00 1.773594327439924001e+01 1.742389661823057878e+01 2.694074631495835703e+01 2.373015770063788565e+01 2.477303479267716568e+01 3.257910685876750989e+01 3.661656703545742175e+01 4.145615187408888147e+01 3.956485202831007086e+01 3.025153099371888743e+01 2.555565752544377389e+01 2.217110127633837635e+01 2.900281280331273948e+01 2.747038445019670405e+01 3.349533558073983386e+01 3.733887587071467351e+01 3.700565131030391797e+01 3.119376208059832578e+01 2.603128573318183925e+01 2.234138218793323816e+01 2.308812208738275729e+01 1.364366650613220422e+01 1.364366650613220422e+01 2.128721770704805394e+01 2.975652876281866455e+01 2.985360751223380049e+01 3.044118218628844375e+01
1.987943342282667558e+01 1.009655912759123453e+01 1.834127323916283814e+01 2.264101623684244657e+01 2.837587308478856940e+01 2.437396353402549920e+01 2.172492023089586510e+01 1.233784853614864829e+01 1.118244202261143450e+01 1.910361607227302727e+01 1.064875967062823570e+01 2.016087876135135204e+01 2.328810470454662962e+01 1.707770697028384888e+01 1.989641929525145159e+01 2.302359197750454101e+01 2.776773884399331038e+01 3.739047487354167032e+01 4.348822881788801453e+01 3.880834942189440540e+01 3.368954055085108479e+01 2.432419347853092617e+01 3.332997507216249744e+01 3.690341912969660143e+01 4.101311608723903390e+01 4.251689569923558309e+01 3.899620099721695965e+01 3.589763532117920164e+01 2.593819422009622144e+01 2.342994548089105322e+01 1.364366650613220422e+01 2.414408008252945237e+01 2.424363165968006584e+01 2.835770169029807164e+01 3.502239534281105193e+01 3.812506651550670966e+01 3.949566765044850314e+01
1.124035024800181937e+01 1.987942686756977295e+01 2.389488141943504829e+01 2.998656604342945542e+01 2.456401008099859595e+01 1.521245687651835077e+01 1.397675553647637692e+01 2.172491940939620036e+01 2.065285511948037822e+01 2.408539810827372918e+01 2.012904317323394565e+01 1.177226521201522047e+01 1.386084139013276939e+01 2.070466645210587231e+01 2.939393523167985478e+01 3.257910685876751700e+01 3.661656703545729385e+01 4.145615187408888147e+01 4.612793648133080637e+01 3.685163666454869968e+01 3.027439396096538360e+01 2.818561401495411189e+01 2.975148484241611513e+01 3.621303979837379217e+01 4.482228774875561328e+01 3.899620099721695965e+01 3.015319160565506706e+01 3.274324909034721998e+01 2.661922455962178446e+01 1.556917446761690371e+01 2.268714566721512327e+01 1.571624637014217285e+01 2.573668162440209173e+01 3.133928004669121492e+01 3.801787140051644798e+01 3.820714957300647541e+01 3.946341570666739784e+01
2.114059802519155085e+01 1.930445995807813020e+01 2.924219903859563985e+01 2.636368721610204346e+01 1.702488179517130717e+01 2.456400984342187499e+01 2.059239221637669814e+01 1.989506612578733424e+01 2.928131006465539343e+01 2.776003367656539567e+01 1.808423735066237725e+01 1.259889665035486495e+01 2.206186571514594164e+01 2.723634698249766828e+01 3.403004196499295375e+01 3.922030137047070042e+01 4.338135022786695316e+01 4.157131219006828360e+01 4.574967220189095940e+01 4.343635999090816568e+01 3.956860197637062981e+01 3.235582114625107408e+01 3.900174156068590747e+01 3.887436776660516102e+01 4.392703782463237161e+01 3.538657794934887590e+01 2.897701486490020173e+01 2.340082770810194646e+01 2.684519073926951194e+01 1.690780180144233213e+01 2.655799040928214083e+01 2.573670706941957320e+01 1.767631925455006225e+01 2.466126121976293462e+01 2.874078821697100139e+01 2.874078821697099428e+01 3.017615323726798948e+01
2.656322920586675096e+01 2.924220575237760400e+01 2.843448437449236721e+01 1.902816494926002733e+01 2.030237501834246316e+01 2.964019595169857979e+01 2.999014358749807840e+01 2.650023356579504608e+01 3.324658866777622990e+01 3.134783402292484666e+01 2.548620250016022126e+01 2.090241370539979471e+01 1.379800891425252019e+01 2.034433068066406136e+01 3.029313291392848839e+01 2.940430921642553130e+01 3.460126472712121171e+01 3.171417666145254088e+01 4.157131219006828360e+01 4.853845356641615894e+01 4.544865260882760793e+01 3.890772273995141717e+01 4.544865260897947223e+01 4.783413050638230146e+01 4.418613360899856701e+01 3.510479296978571284e+01 2.850153628956507035e+01 2.846559428758085275e+01 1.867510640962554191e+01 2.651124914000095600e+01 2.902783980666349706e+01 2.710974036536277865e+01 1.767631925455006225e+01 1.909461659786446219e+01 1.909461659786446219e+01 2.352362528593956270e+01 2.875513901529029326e+01
