output/example/elevation_000130.asc
nrows	75
cellsize	13.33333333
xllcorner	0
ncols	75
yllcorner	0
NODATA_value	-9999
[rows 51 to 67 of 75, columns 0 to 36 of 75]
1.369999999999999864e-02 3.549233905932734245e+00 7.328878636024999338e+00 1.310238132790107279e+01 2.017344912975907434e+01 3.017344311498690246e+01 2.702673425738743163e+01 1.865924610234412029e+01 2.702673425738743163e+01 2.692482838132007217e+01 1.692483474409579003e+01 1.164662125856792407e+01 2.164661824251903255e+01 2.248965583195281326e+01 1.248275975981570518e+01 6.737340456050615600e+00 1.671221394763488277e+01 2.275715247730602542e+01 2.860834961672029664e+01 2.417488984789547146e+01 1.427878685638930989e+01 7.398383818427441305e+00 1.335082686259400120e+01 1.113218866364809223e+01 1.590242835395892662e+01 1.809959468313959263e+01 1.748571344460700061e+01 1.267729076887830075e+01 2.309140610411777317e+00 7.718638589363954416e+00 1.362626251988680615e+01 8.703723228232073339e+00 1.549232430936023341e+01 1.181179373192576598e+01 1.975328608118506191e+00 1.975328608118506191e+00 1.975328608118506191e+00
1.290000000000000001e-02 1.001289999999996283e+01 1.732887812659037508e+01 2.028200723290697383e+01 2.442406479138963604e+01 2.324624208283810844e+01 2.738840168188163204e+01 2.865907534820054536e+01 3.279944510669748325e+01 3.106696226250862480e+01 2.480889451786724820e+01 1.480889889706053530e+01 2.480889451786724820e+01 2.659255226236539471e+01 2.083092454020199114e+01 1.671221413621294971e+01 8.738803330920813295e+00 1.450757205401595762e+01 2.468589834925722215e+01 2.297057651542341006e+01 1.300137798422282565e+01 1.299883488950512955e+01 2.129921049309465886e+01 2.086685822578913019e+01 2.479400082327744315e+01 1.948884047669377395e+01 1.396079666458117785e+01 3.587926358157386364e+00 1.267934434107352359e+01 1.643429006771339118e+01 1.662755340087920430e+01 1.888439568785707579e+01 1.421109354206249087e+01 4.320024093191748626e+00 1.181136306601588082e+01 1.181134713646797074e+01 5.255393389683542971e+00
1.329999999999999932e-02 1.001329999999996190e+01 1.294676953169846989e+01 1.028200978728376569e+01 1.617517381743369498e+01 1.324624157433149918e+01 2.324624207738185433e+01 2.969633808780000095e+01 3.382790214532663242e+01 3.187995547614634972e+01 2.187996516858116891e+01 2.187996516858116891e+01 2.895102738305569190e+01 2.531257741731759126e+01 1.873230045404508814e+01 8.738803330920813295e+00 1.873226836625388714e+01 1.689801579763732775e+01 2.689383058264162329e+01 2.720826018322454587e+01 1.871391015644271150e+01 2.288516191080990936e+01 2.702562153318296012e+01 2.811754965897670289e+01 2.082847406777977284e+01 1.523667624352158256e+01 4.941343010198607999e+00 1.396073538799797475e+01 1.206834974572064034e+01 2.237198542801053591e+01 2.620169293620899253e+01 2.316845991921229952e+01 1.595156350209362905e+01 6.109525914867105278e+00 1.594948224063598552e+01 1.104846713879976505e+01 1.520080960315700835e+01
1.369999999999999864e-02 1.472349914978946295e+00 2.946769476527919096e+00 4.508507095413982313e+00 6.175173762080651940e+00 1.617517388090646691e+01 2.262677932046568685e+01 1.969847219904220026e+01 2.969633808780000095e+01 3.602208969481293366e+01 3.187995547614634972e+01 3.187995547614634972e+01 2.827094191674906298e+01 1.826908741476620435e+01 1.118129801055612660e+01 1.873230045404903876e+01 1.580143235819646286e+01 2.289688293089732696e+01 3.098562518636576257e+01 3.358420361254920294e+01 2.901259428860601730e+01 2.958380370878446897e+01 2.552936856501456475e+01 2.225914635952942788e+01 1.361077548210118771e+01 6.352792899015333283e+00 1.527257772092014676e+01 1.091054719387402550e+01 2.121040404783429523e+01 2.656023185635540074e+01 2.683843545236182493e+01 1.907982345703287663e+01 9.190436476291562684e+00 9.357038014463975983e+00 1.924785213421199614e+01 1.591641216926104718e+01 2.495853118154390415e+01
1.319999999999999993e-02 1.001319999999996213e+01 8.720272168402580348e+00 1.450850634320894095e+01 1.617517385634274518e+01 8.847786181204904565e+00 1.262743091099168780e+01 2.262677932046568685e+01 2.887818917465141766e+01 3.301592778076191337e+01 3.801311809784107965e+01 3.272479756146054086e+01 2.277936081369615451e+01 1.696408566147709607e+01 1.433421727977451177e+01 1.509843882519845515e+01 2.513491213925889056e+01 2.990203615913841872e+01 3.690656816586808020e+01 3.771280188774782260e+01 2.836373260995420154e+01 2.125227559950216616e+01 1.525172917467086187e+01 1.802891704708110510e+01 7.775949862085007602e+00 1.663400617044437624e+01 2.075630770633014421e+01 1.686880714185826946e+01 2.542444594235525557e+01 3.116677100085147245e+01 2.260499218982061720e+01 1.263478195625398293e+01 1.907982345703287663e+01 1.304314255513374121e+01 2.307838011007003942e+01 2.286833521485493748e+01 2.988757697898898869e+01
1.349999999999999985e-02 1.001349920115064585e+01 1.872026934729600356e+01 2.286227968481449579e+01 2.298992128494157683e+01 1.462128820029669818e+01 1.238332008708554888e+01 1.554559774683722395e+01 1.887893107536838144e+01 2.387892945749607776e+01 3.387744889180673624e+01 3.679740677418038786e+01 3.107456347517019069e+01 2.698272525119838150e+01 1.768170168609197646e+01 1.845129891972043623e+01 2.513485008733369241e+01 3.505393179385104219e+01 3.463991791965181477e+01 3.049708811855832025e+01 3.099861422214818418e+01 2.559020987059285801e+01 1.964215236534528586e+01 9.360649408799861959e+00 1.802835402514551788e+01 1.073795657844520868e+01 2.109589283917507174e+01 2.714813960878057486e+01 3.131894892337082581e+01 2.690969257315973096e+01 1.681421982824010897e+01 2.260499218982061720e+01 2.683555335735848857e+01 1.797955484009451155e+01 2.723310311450141086e+01 3.286391535768597549e+01 2.681806946707976280e+01
1.369999999999999864e-02 1.001369999999996274e+01 1.676819532376294930e+01 2.091033094748535603e+01 2.875699014294083966e+01 2.462050861969541415e+01 1.945440732584551924e+01 2.054825306982925781e+01 2.887818917465141766e+01 3.301592778076191337e+01 3.801311809784290574e+01 4.038731839801759804e+01 3.058164781011792144e+01 2.351924800827029927e+01 2.481522251876469198e+01 2.351014395038520988e+01 2.557845515695145266e+01 3.547338292084572231e+01 3.049706817389567348e+01 2.018359442698790573e+01 2.025078091311700490e+01 2.137052589399624125e+01 1.100504850501606491e+01 1.964215236534475295e+01 2.342548962110047484e+01 1.296220976121750468e+01 1.910364544475716286e+01 2.651298635774735857e+01 3.662132517575187762e+01 3.052191298772675410e+01 2.030610312727479183e+01 3.052063019124506482e+01 3.252313803989014929e+01 2.822428215311838073e+01 3.250210623994778558e+01 3.121056138626584442e+01 2.689660166411751163e+01
1.379999999999999977e-02 1.001379999999996251e+01 6.768195323762880911e+00 1.676819532376294930e+01 2.591033094749374754e+01 3.038246690252985260e+01 2.945705192269836914e+01 3.054765464652332341e+01 3.468859526100187196e+01 4.002896540979600815e+01 3.592448668582792948e+01 3.592448668582873950e+01 3.751191582869255114e+01 3.058164781011792144e+01 3.472601184450893896e+01 2.929635995497724110e+01 3.260457245492696643e+01 3.374377533838320176e+01 2.354559828514776854e+01 1.745438290056255681e+01 1.275573705659934554e+01 1.275573705659934554e+01 2.137052589431713301e+01 1.947780412092309277e+01 2.769402074934476232e+01 2.352379389416135069e+01 1.700170185588491378e+01 2.450294130688725858e+01 3.468746734515558217e+01 3.479225955500163536e+01 2.614188012851311882e+01 3.479144086993927232e+01 3.790269125056911292e+01 3.348795914425508613e+01 2.918470424160085486e+01 2.686955720421924099e+01 1.669080107916980182e+01
1.309999999999999880e-02 2.685712419124245631e+00 1.268571241912427716e+01 1.176819532376289601e+01 1.624033127876250404e+01 2.331139909062802573e+01 3.331139909062816429e+01 3.445157351399650025e+01 3.336313762618591738e+01 3.592448668582791527e+01 2.587359737784771951e+01 2.587359737784771951e+01 3.295128139457852967e+01 4.038731839801759804e+01 4.316311675666123193e+01 3.910760816787859540e+01 4.239930364206438895e+01 3.785434823191775422e+01 3.201277625187423581e+01 2.320443221661009758e+01 1.275573705659934554e+01 1.470423959601048125e+01 2.518485834658723022e+01 2.979161220953849920e+01 3.393614316309994194e+01 3.164527162534630023e+01 2.235688114811788552e+01 2.316297903950248838e+01 3.338994032825822700e+01 4.076013857557203579e+01 3.650533923349031085e+01 3.275460368266607247e+01 3.348753644301909560e+01 2.317198810100818562e+01 1.876930314649013809e+01 2.619720372170056066e+01 1.634798177944060882e+01
1.349999999999999985e-02 1.001349999999996321e+01 1.545981340119483960e+01 1.960194929676568165e+01 2.591033094753587207e+01 3.038246690256789151e+01 3.445157351399650025e+01 2.436126913643552072e+01 2.325113372960339930e+01 2.815918880906844990e+01 2.399422867893026279e+01 1.858586964722275425e+01 2.881743469919980427e+01 3.330172593125846703e+01 3.742927199817011541e+01 4.244110673783465160e+01 3.830259223345555597e+01 3.325213779400070280e+01 2.910479502997187495e+01 2.543785783770239206e+01 1.496168518056552088e+01 2.518482884621497320e+01 1.771850255954906928e+01 2.812953368881158767e+01 3.535316192028891180e+01 3.672526106081264174e+01 2.968398889261678164e+01 2.915777394583338733e+01 3.749189311664723334e+01 3.336793253837313955e+01 2.902860648910242958e+01 2.224772705073842971e+01 2.918463391257855477e+01 1.876930304825996743e+01 1.303539577984700948e+01 1.839349708168532516e+01 1.642771308286518561e+01
1.369999999999999864e-02 2.686312419124245565e+00 5.459813400250395077e+00 1.545981340119483960e+01 2.460194993843083466e+01 2.960195043855991770e+01 3.336314907387718165e+01 2.325113378847330381e+01 1.595576355555244952e+01 2.108302105808557414e+01 1.370883945264164261e+01 1.656444995133565001e+01 1.971082585508570162e+01 2.318953363381687183e+01 2.831258284115555668e+01 3.829756439792768674e+01 3.419184015533716803e+01 2.401774990460660675e+01 1.873317362216420889e+01 1.873317362216420889e+01 2.543785869373341768e+01 2.356391410816771526e+01 2.812953368881158767e+01 2.094617061503765143e+01 3.123032200104919198e+01 3.880637441931133935e+01 3.969095004491688172e+01 3.628061671143285594e+01 3.649741996294146418e+01 2.594096306403594099e+01 1.855481514268288024e+01 1.500850044241635040e+01 2.092577641741439010e+01 2.392864539348008179e+01 1.839129545604769334e+01 8.686899249455537486e+00 7.932355478723973619e+00
1.290000000000000001e-02 1.001289999999996283e+01 1.545981340119483960e+01 1.045981340025041106e+01 1.545981340025042705e+01 2.545981340778373081e+01 3.226921512962820771e+01 2.813978944250266423e+01 2.108431927919734505e+01 1.085012671468748913e+01 2.108431927886295298e+01 2.684501280590744798e+01 2.992974716777789368e+01 3.330172593125846703e+01 3.742927199817011541e+01 4.241258881843590700e+01 3.830259223345555597e+01 3.325213779400070280e+01 2.481491467943084572e+01 2.481491374396016170e+01 3.325213766066733712e+01 3.084391384675661740e+01 3.535096824404706695e+01 3.122915645600000900e+01 2.456482582689877958e+01 3.179688190685034499e+01 4.174244123439473242e+01 4.614294078787994380e+01 3.953780950143810458e+01 2.902843791686538211e+01 2.902850040459695080e+01 2.092577641741439010e+01 1.092351273176804938e+01 1.963964737338129396e+01 9.790089408014143402e+00 1.757464103296940294e+01 7.932355478723973619e+00
1.359999999999999924e-02 5.787102691896246043e+00 1.578710267538569312e+01 2.045981340240721380e+01 2.460194993843083466e+01 2.960195043855958730e+01 2.813978944740533450e+01 1.794785386756775836e+01 1.940154379756631187e+01 9.216258046193535947e+00 1.389398198664345152e+01 1.911046432180709687e+01 2.611807248686797323e+01 3.596760378955828230e+01 3.845065744206599589e+01 3.842904271182360532e+01 4.245315267769350953e+01 3.908432290090313899e+01 3.496604286279520579e+01 3.496459712498529626e+01 3.907021071446050797e+01 4.085384274938147087e+01 4.004132446737549600e+01 3.006621726138190809e+01 3.470986879119496393e+01 3.105011897482298266e+01 4.100741703081581591e+01 4.287116452909926068e+01 3.682605476925242272e+01 3.251677036711193836e+01 2.856506884564448256e+01 2.092646810082366216e+01 1.092351273176804938e+01 1.092351273176804938e+01 1.963964737369416724e+01 2.187764556963632501e+01 1.767435855473638284e+01
1.379999999999999977e-02 1.001379999999996251e+01 1.992923655383267700e+01 2.760135115409990192e+01 2.346747719464233128e+01 2.345821631947472241e+01 2.082832387943642871e+01 2.055729320050730280e+01 1.071634051744378979e+01 7.706146880712873681e+00 1.786330122169102097e+01 2.635017798706730474e+01 3.288637187296941278e+01 3.557165317434451879e+01 2.865963055212109367e+01 2.865932662002113673e+01 3.843914876847052398e+01 3.620043351536338605e+01 3.914630479488776871e+01 3.823516005367006443e+01 3.932896947593044246e+01 4.346364124953037589e+01 4.410740041376970311e+01 3.587572214238561230e+01 4.410740041376970311e+01 3.812355899314025720e+01 4.508131688661432435e+01 3.859975102692845184e+01 2.806373017834980743e+01 2.206233960333787181e+01 1.847971790974627737e+01 2.380627215671438890e+01 2.090070957657616901e+01 1.092351273176804938e+01 1.092351273176804938e+01 1.575444638814449405e+01 2.165435728220870004e+01
1.349999999999999985e-02 7.084567811865484899e+00 1.708456781186555062e+01 2.346747717231863106e+01 1.348813469507028984e+01 1.348780107755140278e+01 1.083331412586522546e+01 1.450531789988083986e+01 6.225769403557831261e+00 6.225769403557831261e+00 1.131148664140792803e+01 2.199716186012005892e+01 2.309751359332057419e+01 3.105234037941887593e+01 2.172401566819783980e+01 3.152735581499242556e+01 3.314705574767832985e+01 2.590930526300575210e+01 2.892165103182684049e+01 2.801556770234111227e+01 2.913887336154269647e+01 3.788927541435688084e+01 4.201925619241845311e+01 4.573164306537474744e+01 4.978641836479820171e+01 4.796966621733074732e+01 4.384056828098506742e+01 3.957067956972621658e+01 3.682605476925242272e+01 2.971542585628271738e+01 2.381098350504922223e+01 1.458877655723839162e+01 1.230810357409368727e+01 2.093665430255556359e+01 2.091760753764345537e+01 1.575449477682782096e+01 2.609173953663984236e+01
1.359999999999999924e-02 1.001359999990854277e+01 1.636451133290740145e+01 2.048773783411202842e+01 1.640437077967163404e+01 6.424050046955349202e+00 3.766568134404678414e+00 4.390349559890055708e+00 1.450531626984857780e+01 1.635027020053069080e+01 2.052716776931029585e+01 2.525062481344775733e+01 2.170693870014671489e+01 2.405811090365727622e+01 1.864144379639878935e+01 2.835486615979740321e+01 2.878720380562726078e+01 1.822351930992335411e+01 2.720165605921132013e+01 2.026458411147910255e+01 2.388480451530009674e+01 2.774719248408521111e+01 3.367102084473690127e+01 4.365153345987152989e+01 4.734516970683646520e+01 4.213022362500765183e+01 3.784899342346065509e+01 2.903241592784033287e+01 3.096622333721141729e+01 2.539889342749825119e+01 1.546459309638590973e+01 1.383369227637424537e+01 2.248072721411715236e+01 2.687733031017021190e+01 3.008092356482497109e+01 2.084573819271027162e+01 3.039794155967491562e+01
1.290000000000000001e-02 1.001289999999996283e+01 6.359220554808425518e+00 1.470939165528543668e+01 1.201785795041373106e+01 2.889510865980113863e+00 1.288100480958302008e+01 1.209479592320805708e+01 5.406039802017660101e+00 1.510457541965009298e+01 1.719185570732263102e+01 1.986570731504718879e+01 1.994823874355938997e+01 1.459738771212366260e+01 2.440090502522909333e+01 3.173974209685104952e+01 2.469164418733658195e+01 1.379778724492064867e+01 1.623123952201152775e+01 2.721015682553563764e+01 3.430350330357838118e+01 3.788927912271753229e+01 4.201925615444254447e+01 4.777882929887551455e+01 4.310118936530426481e+01 3.259686222720906557e+01 2.725564075574835954e+01 2.371906145054839499e+01 2.045969032198295423e+01 1.796122298161276376e+01 2.534929270936805068e+01 1.521897177873561624e+01 2.540646756226422198e+01 3.230487269920784144e+01 3.572350522491788638e+01 3.139712382845302585e+01 3.567690468865737330e+01
