output/example/elevation_000430.asc
nrows	75
cellsize	13.33333333
xllcorner	0
ncols	75
yllcorner	0
NODATA_value	-9999
[rows 17 to 33 of 75, columns 0 to 36 of 75]
1.309999999999999880e-02 1.001309999999996236e+01 7.352319619762249125e+00 1.110876111476428285e+01 5.605235326205417756e+00 8.663005660982928902e+00 4.441246275493360152e+00 1.061969891293619561e+01 2.214212823865843838e+00 9.681609976832318054e+00 1.179228525942233041e+01 9.081667056825200035e+00 6.978737290763421974e+00 3.700698630843762604e+00 1.303995084601718801e+01 1.294732073856565080e+01 3.723918668088214812e+00 4.009855340243719368e+00 4.285080512379732198e+00 4.546229972144902653e+00 4.844556395668651483e+00 9.448498459388536830e+00 9.328843979252338769e+00 1.700530944960042135e+01 1.804222604060724677e+01 1.111117496194094656e+01 1.867358941307315590e+01 2.938275179298449657e+01 3.473412139385299469e+01 3.678534341930993889e+01 2.508390312370897135e+01 2.698973877924059295e+01 1.792753599941017129e+01 2.891525004101179874e+01 3.728962866341001359e+01 2.711036578102488548e+01 1.974766357058078015e+01
1.379999999999999977e-02 2.811567452187689886e-01 2.811567452187689886e-01 5.494744111408108589e-01 8.179876054431953758e-01 8.179876054431953758e-01 1.087300071590705741e+00 1.359866130163851050e+00 1.637215644131228665e+00 1.914865002653388437e+00 2.191864717734787860e+00 2.470207319090527154e+00 2.754088810166869905e+00 3.037147532622204604e+00 3.320270386024734677e+00 3.320270386024734677e+00 4.475717723896234013e+00 1.266381302119735430e+01 8.166691540579478215e+00 1.440783645464829199e+01 5.263740313714654562e+00 1.500976809658300581e+01 1.911618417491393984e+01 2.446948982412196472e+01 2.613895569407525699e+01 2.181023045332173282e+01 1.584528956678449774e+01 1.995329331795621641e+01 2.617166312480424395e+01 3.631704773157746047e+01 3.704852554853642488e+01 3.350138504080101143e+01 2.263653919859671504e+01 3.350138504080101143e+01 3.738660462035839060e+01 2.715864976550006205e+01 3.015411938020395510e+01
1.379999999999999977e-02 1.001379999999996251e+01 2.811567452187689886e-01 8.188547638736887180e+00 1.049117870873056368e+01 8.677774102282436175e+00 1.087300071590705741e+00 8.853030381658468784e+00 6.206504876390555481e+00 1.128095836814492436e+01 3.247500240543781391e+00 1.135722773555546361e+01 7.823434465102224955e+00 1.183559085170686132e+01 5.186957292990499013e+00 4.608802825092645605e+00 9.863592190132967730e+00 1.653211217477476680e+01 1.308430048714039096e+01 1.898048088206451922e+01 1.516461667546116487e+01 6.084361452193681963e+00 1.153912228210389657e+01 1.845704963233909979e+01 2.841144758576759699e+01 3.079937146928529046e+01 2.658421937332241569e+01 3.056005959713308684e+01 3.473412122118064360e+01 4.033411907963456144e+01 4.530266080601157341e+01 3.835939549205102850e+01 3.003061365322112053e+01 3.835939549204223908e+01 4.152416948381085149e+01 3.738655813934409622e+01 3.477793227809895171e+01
1.290000000000000001e-02 1.001289999999996283e+01 7.352451679554912189e+00 9.660511530663027813e+00 1.511376779905158863e+01 5.780450144146381142e+00 1.315393956468610881e+01 1.706992254054887681e+01 1.691442398851537732e+01 1.568246840063678427e+01 5.231088643725883003e+00 1.557218355780049635e+01 1.799034903890127524e+01 1.908438623096706976e+01 1.571485116006420490e+01 5.698183641605105265e+00 1.540871363383733161e+01 2.151625560529599923e+01 2.038967724904206236e+01 2.268816154990982525e+01 1.261300505540877914e+01 6.761342914259285131e+00 1.690687873006285002e+01 1.799256758807871037e+01 2.206455088842494661e+01 2.844183447232613560e+01 2.437979626263828692e+01 2.856612998142352566e+01 3.439989371805346252e+01 4.152175082966601138e+01 3.571176968440500588e+01 3.628353596055846708e+01 4.020645404127902367e+01 4.615685608621847535e+01 4.825365916474753192e+01 3.826472121900846446e+01 3.104872377576090159e+01
1.290000000000000001e-02 1.001289999999996283e+01 1.735824701502178513e+01 1.882988202850503257e+01 1.525720032752630040e+01 1.525781559961876965e+01 9.069998243838538698e+00 9.069998243838538698e+00 2.227655156336565057e+01 2.004142137388212319e+01 1.006896619117737579e+01 9.007453980063379717e+00 1.928178097975044736e+01 2.561568078383250580e+01 1.467902891206750127e+01 7.067621351225160886e+00 1.468011653857126575e+01 2.565362624105156542e+01 3.041307940637676666e+01 2.676808835946275522e+01 2.072779420463241706e+01 1.056936483989182918e+01 7.809403066572587981e+00 7.809403066572587981e+00 1.795487881428534038e+01 1.891851743291244858e+01 1.417636506128054918e+01 2.011015704257161474e+01 3.021223193785379735e+01 3.212490800656859591e+01 2.925753111294404363e+01 2.741583439370870678e+01 3.476778953493866453e+01 3.890627690995612653e+01 4.446517823120974811e+01 4.526638457376230917e+01 4.119246386099506196e+01
1.309999999999999880e-02 1.001309999999996236e+01 1.717032611506613549e+01 2.216928070505652215e+01 2.492487195282381052e+01 2.128376375991227931e+01 1.191660461841534691e+01 1.847731208777572931e+01 2.614913667297151889e+01 1.845912353917720949e+01 2.036355164013451002e+01 1.410173348568229912e+01 1.334374007058306155e+01 2.369522320927339010e+01 2.007366293150198189e+01 8.930385986323901903e+00 1.543131388950575200e+01 2.335540519973005047e+01 3.373946573682954408e+01 2.800609612397518688e+01 1.783538130170160940e+01 2.081431459475248502e+01 1.799255180466531456e+01 7.809403066572587981e+00 7.809403066572587981e+00 8.716054787054389408e+00 1.892070864084993076e+01 2.448078624605876996e+01 3.092917081600320728e+01 2.561446017877851844e+01 2.731503970001917025e+01 2.175317112019867594e+01 2.564674664225361767e+01 3.083671323271488518e+01 4.030995107980245251e+01 4.613142573192820350e+01 4.112897870351077501e+01
1.349999999999999985e-02 3.028613445777638358e+00 8.028613444875881910e+00 1.509967949619027827e+01 2.509939229836301777e+01 2.515684968276517708e+01 1.635354554740887423e+01 1.879788932448906991e+01 2.884211604238522852e+01 2.579725131262750182e+01 2.446182847381023251e+01 2.446182847381503578e+01 1.675979794434563885e+01 2.716273307722152808e+01 2.446392689366524920e+01 2.007445671345073990e+01 1.251312917795307023e+01 1.917504885380008517e+01 2.988618526402737174e+01 3.211423001593505688e+01 2.800609612397518688e+01 2.573919823832697062e+01 1.944842563610740527e+01 9.236865896615778837e+00 1.799673343950415472e+01 1.892070864391055096e+01 1.006448696487095695e+01 2.029757113670006419e+01 2.055197298311433940e+01 2.482957599687845018e+01 1.772579178773769115e+01 2.731503971508441708e+01 3.429514703041442658e+01 3.828968731185258179e+01 4.299711220667805378e+01 4.204597321222424000e+01 3.198241920438909247e+01
1.349999999999999985e-02 1.001349999999996321e+01 9.353168625989068730e+00 1.642422997695854292e+01 2.642366420964824769e+01 2.928491734760612175e+01 2.249129463421837727e+01 2.878312410883771477e+01 3.298153220826329601e+01 3.617656879263556391e+01 3.484383980493475974e+01 3.109731174104797802e+01 2.068795609838199212e+01 3.109731174105107954e+01 3.230509497293056143e+01 2.176656125214483950e+01 1.588261194524077524e+01 2.687562002938586758e+01 3.404077145741294430e+01 3.586910160966142058e+01 2.799289021379687625e+01 2.157456606381640896e+01 1.134460259586538022e+01 1.944842876027285428e+01 2.034108148639159097e+01 1.006448696487095695e+01 2.029757114037228405e+01 1.150367361539080768e+01 1.320347655738767401e+01 1.500095140453768217e+01 2.482957600311366519e+01 2.200744136885671054e+01 2.519150450988546552e+01 2.968243049962070046e+01 3.890786196297552380e+01 4.613150700147757277e+01 4.112901680639622271e+01
1.359999999999999924e-02 1.001359999999996298e+01 1.935305848808191698e+01 2.349467493384873151e+01 2.778055286957235381e+01 3.190035057460546497e+01 3.147169344185921602e+01 3.093513193733409494e+01 3.337915101587183386e+01 2.924279748309085747e+01 3.337915100797207657e+01 3.536146064962822777e+01 2.805819715481769094e+01 3.536146064964488289e+01 3.641106906789925546e+01 2.687469844815197462e+01 2.001437344713522748e+01 3.062819662816295718e+01 3.586910160966142058e+01 2.700275157808952997e+01 2.383679159758793986e+01 1.361544190558712408e+01 2.157456606381640896e+01 2.348447571089478103e+01 2.467539966416059016e+01 1.585825234259807281e+01 2.454836937781238859e+01 2.174958105670545194e+01 1.337326831005671934e+01 2.098466405701694271e+01 2.798339928547813216e+01 3.126059957221801611e+01 3.429514703041442658e+01 3.828968731185258179e+01 4.299711220667809641e+01 4.961026318439262894e+01 3.975847579113177233e+01
1.369999999999999864e-02 7.084778614832493382e+00 1.708544546461701330e+01 2.071063112106110538e+01 1.778217627744071194e+01 2.778055286957235381e+01 2.571637258666333281e+01 1.979867285143730982e+01 2.669225699971317312e+01 1.927548112957989446e+01 2.839251973056396849e+01 3.414977628409913990e+01 3.842836689765892544e+01 4.111150252330484989e+01 4.117939341936763498e+01 3.474174364333298115e+01 2.554132121157667967e+01 3.476017280830285472e+01 3.487663313432925349e+01 2.604221635746108632e+01 1.946271909834840486e+01 1.546853793625454720e+01 2.085979045346006089e+01 2.954937474538323272e+01 3.256710782940590576e+01 2.828360829177255553e+01 2.681494944292900229e+01 2.219706440299442463e+01 1.473459675649753819e+01 2.492640920945645888e+01 2.606191521312306847e+01 3.285282273745458070e+01 4.035539131085471354e+01 4.452761526962791550e+01 4.914735794763458898e+01 5.362691304957061789e+01 4.783983259606963401e+01
1.290000000000000001e-02 1.001289999999996283e+01 1.536324512411665566e+01 1.070838844532418754e+01 2.071063275305446183e+01 2.117666196484884011e+01 1.664433338717411104e+01 1.266321853164095224e+01 1.956225175303062613e+01 1.426949915550842896e+01 2.004726406182092191e+01 3.001264475291068834e+01 3.207356161782617221e+01 3.185715904882237481e+01 3.816019150647496616e+01 3.980817499375077517e+01 3.571603654025405916e+01 3.980954184587815092e+01 3.534701126669719429e+01 2.552509853026951347e+01 1.840844814387003581e+01 2.604355990496256013e+01 2.956717162587353087e+01 3.429524843693661040e+01 3.544635921482774421e+01 2.689870721967660572e+01 2.076982795575080587e+01 1.800155007074281244e+01 2.495580452694009566e+01 1.727954566170612338e+01 1.927246494937886823e+01 2.936331296678213931e+01 3.048003642094674603e+01 3.501574111737245687e+01 4.221488364797651371e+01 4.640729803372848039e+01 5.210012742778265249e+01
1.379999999999999977e-02 1.001379999999996251e+01 5.362184312880970083e+00 1.310408519311926945e+01 1.419692463928998905e+01 1.531342627434646708e+01 7.005626623152465982e+00 8.236563166333510821e+00 9.549697901981526016e+00 1.958110815801922300e+01 2.344671814562111578e+01 2.525040803597315175e+01 2.220690226625676900e+01 2.927627606183930098e+01 2.738031148410424720e+01 3.416743744678367989e+01 3.996733150221675857e+01 3.862167799841079585e+01 2.879682593423881087e+01 2.185644121771832005e+01 2.840187016654605401e+01 2.552509853026951347e+01 3.534701126671127724e+01 3.962008840006107135e+01 3.076627177091700105e+01 2.496492494405640628e+01 2.940225652583365346e+01 2.197604878690043861e+01 3.138363756509164659e+01 2.241805249033924952e+01 2.936331296678213931e+01 2.235986508808709416e+01 2.519586436272267704e+01 2.868167480271629444e+01 3.233319661415718116e+01 3.926853477333357745e+01 4.932799906062217588e+01
1.359999999999999924e-02 1.018637815263588431e+00 2.028790359933275944e+00 3.100902897303372985e+00 4.191992375929421755e+00 5.303103689615578098e+00 1.526904799920766287e+01 1.532053444276946408e+01 1.958110284073047325e+01 1.165867613378392598e+01 1.340120504227082954e+01 1.520123981256296375e+01 1.711965048289807356e+01 1.987028633102117681e+01 1.987028633102117681e+01 2.576055050420433190e+01 3.583483114860381136e+01 3.787772116822994661e+01 2.806948404176592504e+01 2.501114199375617275e+01 3.475582069991169476e+01 3.534701126671111382e+01 3.948841006174217227e+01 3.962008840006107135e+01 3.076627177091700105e+01 3.076627177091700105e+01 3.166108054918209547e+01 2.873936895298612981e+01 3.580312492478327613e+01 2.808152188906964142e+01 3.229219794113031128e+01 2.235986508808709416e+01 3.229219794113031128e+01 3.501573247520868648e+01 4.221488364797651371e+01 4.640729803372848039e+01 4.762577289824502458e+01
1.359999999999999924e-02 1.001359999999996298e+01 1.203103077591620718e+01 1.310425858314744474e+01 1.409318011902825774e+01 8.636653426468171801e+00 1.858082437834922729e+01 2.528799046042419008e+01 1.984898694804368802e+01 2.169900247766098644e+01 1.702149961064916894e+01 2.524871079404837459e+01 2.720458881076674729e+01 2.223643126672112302e+01 2.994047546629289869e+01 2.707256882960472311e+01 3.712812183646872199e+01 3.787772116822994661e+01 3.787763646523487893e+01 3.058998644652945487e+01 3.112782477435334627e+01 3.805837283101246982e+01 4.809737380222497194e+01 4.365681606139917648e+01 3.962008840006107135e+01 3.962008840006107135e+01 4.169356391884272028e+01 3.871471631006114222e+01 4.188116539540819616e+01 3.775380880948680584e+01 3.641724197322135836e+01 3.229219794113031128e+01 3.641724197322807299e+01 4.495238956387569829e+01 4.359811373706162385e+01 3.957251444041882849e+01 3.957285841196102183e+01
1.319999999999999993e-02 1.001319999999996213e+01 1.768803928017984717e+01 2.216004385619642747e+01 2.252993019815038167e+01 1.568527359277995537e+01 1.568530068457291193e+01 2.559181683592724710e+01 2.692990842204742563e+01 2.932704346846351484e+01 2.135494934407454082e+01 3.054972637406369529e+01 3.212952171473450846e+01 2.938666800797537704e+01 3.042827520003869424e+01 3.711307419447756928e+01 4.124163048963399092e+01 4.788239437295094802e+01 4.461599193636398297e+01 4.044645611798722484e+01 4.099872813914227265e+01 4.516954927329284430e+01 4.447843602244059014e+01 4.039542198126545003e+01 3.909576974055404008e+01 4.318898368429800172e+01 4.516057023520281888e+01 4.109756462989278702e+01 4.516057023520281888e+01 4.438790997105965630e+01 4.031769594999439477e+01 4.140073624405549424e+01 4.140073624547184039e+01 4.546331924214560161e+01 3.957251444041882849e+01 2.977634441592481096e+01 2.977634595202119172e+01
1.019999999999999900e-02 3.545733905933079022e+00 8.017869861676125254e+00 1.508894041901682215e+01 2.508916105303325139e+01 2.559036590722311288e+01 2.559317101956504814e+01 2.975445955734087988e+01 3.681549265240962399e+01 3.520252713498146591e+01 3.129491821673153851e+01 3.584732703138445231e+01 4.150545941783670401e+01 3.952557735041863651e+01 4.018218548106256804e+01 4.408267699241858395e+01 4.147705037635823544e+01 4.038421906409202222e+01 4.137880336129832415e+01 3.847880617973054029e+01 3.847880617973054029e+01 4.257068348226951571e+01 4.039542198126545003e+01 3.018815733296002790e+01 2.884553842468820051e+01 3.733329667770031790e+01 4.012992250770181357e+01 3.093174974769617691e+01 4.012992250769141833e+01 3.856446471179302193e+01 3.012344054125960469e+01 3.124385621229580678e+01 3.124385621229584231e+01 4.140073624559948939e+01 3.832229178994318630e+01 2.848994769783016778e+01 2.248562693999825868e+01
7.249999999999999500e-03 1.000724999999996356e+01 1.768803706616761673e+01 2.216063730948775046e+01 2.291060934451979136e+01 2.400635110646480186e+01 2.815538599057714109e+01 2.950976709262873499e+01 3.367389982955967298e+01 3.494195587245531698e+01 3.910839803798848635e+01 4.168542686328181190e+01 3.751793039511777295e+01 3.884758999076685626e+01 4.300093975201893670e+01 4.147705037635823544e+01 3.144473281665297293e+01 3.034539343990161342e+01 3.141367008132833405e+01 2.848719488935842392e+01 2.848719488935842747e+01 3.847880617973054029e+01 3.980939664926228261e+01 3.317779593108291181e+01 2.280004133063354033e+01 3.317779593096182822e+01 3.601465718879445888e+01 2.570375346137611672e+01 3.085920532541473804e+01 3.398478494142185014e+01 2.408218265619309406e+01 2.386395700522814778e+01 3.124385621229593113e+01 4.140073624856447765e+01 4.234226459671520360e+01 3.668690115448599443e+01 3.264555294770648430e+01
