output/example/elevation_000384.asc
nrows	75
cellsize	13.33333333
xllcorner	0
ncols	75
yllcorner	0
NODATA_value	-9999
[rows 51 to 67 of 75, columns 0 to 36 of 75]
1.369999999999999864e-02 2.595688897471613021e+00 6.131222803404355659e+00 1.060335875840394948e+01 1.637686145030024321e+01 2.637686145030031071e+01 3.124726720460781948e+01 2.505415631982329572e+01 1.795702683715032677e+01 8.513415581841904611e+00 1.829193199984468521e+01 2.399722505124154992e+01 2.975818651212248156e+01 2.508425321823354182e+01 2.107523006165667923e+01 1.794466404717288199e+01 7.972654973435418846e+00 1.797021924998377074e+01 2.438654433087061335e+01 1.356403462106151103e+01 1.173547144620135363e+01 1.689208246544669834e+00 1.063929827453649324e+01 1.638446003599236533e+01 2.576678746245312368e+01 2.706380141470842204e+01 2.421701337307417390e+01 1.972783222162620476e+01 9.469826865372940716e+00 1.971930192783570135e+01 2.622069695767584818e+01 2.043064758966159999e+01 1.629613703500257671e+01 1.484318507819534894e+01 4.684827509933697343e+00 1.340757043101917745e+01 1.027224108621667398e+01
1.290000000000000001e-02 1.001289999999996283e+01 8.369191589367888540e+00 1.414269428126416450e+01 2.414269428126423023e+01 3.051899707403362072e+01 2.781643917517279618e+01 1.835235148775401370e+01 1.320382170540214339e+01 1.194102980954962412e+01 1.829416486096368644e+01 2.820448575154548720e+01 2.988413843461533403e+01 2.259339293466603849e+01 1.259777710453618127e+01 1.051264746786621629e+01 1.796919296373544839e+01 2.210830064059146238e+01 2.226472455783754967e+01 1.052519881051557427e+01 2.752159511297702643e+00 8.771472948463356900e+00 5.912457356502629935e+00 1.158089133968601914e+01 2.159102381758795275e+01 2.423261252439100133e+01 1.376359999245396004e+01 1.376359999245396004e+01 1.533290230279850164e+01 2.402082712864596203e+01 2.208639564789257292e+01 1.208142094131138755e+01 6.222614819787821716e+00 6.222614819787821716e+00 1.484318495410057537e+01 1.898029731888274085e+01 1.709106666877816139e+01
1.329999999999999932e-02 1.001329999999996190e+01 1.836919158936795426e+01 2.251132721309929607e+01 2.828482990499589178e+01 3.081740077284212376e+01 3.191862280263451623e+01 2.690191113756653962e+01 1.864430907301655793e+01 1.885701740482649313e+01 1.811676113066976157e+01 2.805310621394168535e+01 2.575352782862245959e+01 1.576001067607577788e+01 2.259338342896472085e+01 1.429224444272472816e+01 2.428831349602104339e+01 2.713460384848928797e+01 2.181022478522661245e+01 1.359766718111290196e+01 3.514640406678385176e+00 1.321280573758872379e+01 1.582630477090365417e+01 1.158102423945951109e+01 1.733402093473473826e+01 2.748782491028452313e+01 2.422643915904178513e+01 1.798670409131879921e+01 2.577754230373295741e+01 3.001460875337773260e+01 2.593231859541428719e+01 1.630208967215795113e+01 6.222614819787821716e+00 1.625972263027734499e+01 1.337542614733462187e+01 2.336413717975469240e+01 2.682836837161785581e+01
1.369999999999999864e-02 7.087282051445860986e+00 1.713647937184400050e+01 2.335143726011444443e+01 2.266144917080869803e+01 2.082790023652023947e+01 3.081740077284212376e+01 3.259881386190510710e+01 2.846532134091631860e+01 2.879849848381708810e+01 2.512856920102377956e+01 3.219145215262550863e+01 2.817671897965402295e+01 1.818531101540696326e+01 2.817670694370199413e+01 1.929179682898228521e+01 2.843019241546879172e+01 2.276634744683637734e+01 1.207611207309521895e+01 7.618862846930635868e+00 4.283844723285904266e+00 1.129591845620055146e+01 2.115443294511771199e+01 2.162552343913481678e+01 2.580837986470475798e+01 3.165482233400896561e+01 3.270746181006816045e+01 2.406192328809730085e+01 3.270746181006816045e+01 2.887498700350578673e+01 1.893178274125162019e+01 1.189338239239403805e+01 7.388975331902188692e+00 1.740097901616623943e+01 2.333460141382693465e+01 2.751425357373949865e+01 2.751046855461552809e+01
1.319999999999999993e-02 9.989094770060905404e+00 1.335173519807230669e+01 1.335436256036552471e+01 1.266384356649034437e+01 2.266144914190404336e+01 3.015778143711986559e+01 3.032201591656591333e+01 2.866044809849115893e+01 3.227074069951780899e+01 3.511356313419020125e+01 3.790095192345780362e+01 2.792391435296821811e+01 2.085779259334611169e+01 3.084437375233942191e+01 2.635934150285198641e+01 3.344093440034388465e+01 2.714247191473800314e+01 2.180032607244891096e+01 1.515695707772987078e+01 5.076834553674619777e+00 1.502357817395702888e+01 2.024811826788915070e+01 1.837196142356201989e+01 2.577878676814522763e+01 3.616221224494874775e+01 3.867200109871755132e+01 3.452484009074370164e+01 3.007760506803915490e+01 2.590366071309894380e+01 2.593229191874359074e+01 1.855331638084696522e+01 8.575402329620695596e+00 1.855622947394391176e+01 2.252572657669242417e+01 2.815691203233655671e+01 3.221918166190820898e+01
1.349999999999999985e-02 1.001317940484243962e+01 3.354822720832888905e+00 6.890356619236952085e+00 1.688950528855897559e+01 1.602464480029544092e+01 2.079457388382588690e+01 2.023177379529053965e+01 2.045333468822260414e+01 2.789040989448614027e+01 3.172562897384716152e+01 3.659716577405986015e+01 3.400309735163362035e+01 2.401959494098437631e+01 3.400309735163361324e+01 3.636279651517364186e+01 3.048620443595676832e+01 2.013205975707415618e+01 1.416384347116176734e+01 9.657418211470359282e+00 5.877988668212910106e+00 8.095818623732661479e+00 1.028207848602282404e+01 2.028921691781212999e+01 2.790081075546734013e+01 3.214847665477835648e+01 3.813812157850313156e+01 3.168862885565906851e+01 2.166877011747807913e+01 1.592243126087634586e+01 2.056846914791341874e+01 1.855622960717462533e+01 8.575402329620695596e+00 8.575402329620695596e+00 1.430154204276851004e+01 2.396453090425611876e+01 3.147864765520280272e+01
1.369999999999999864e-02 1.374527634879542548e+00 1.137658464739939745e+01 5.619376789121479199e+00 7.263366662173470267e+00 8.953675171624182028e+00 1.077950178512543822e+01 1.307352022013395754e+01 1.582828186430241857e+01 1.994169438345151235e+01 2.466438635034805316e+01 3.283000692081149197e+01 3.400309735163362035e+01 3.108256827214624352e+01 3.217354457206524643e+01 4.214027618454277047e+01 3.475820705784851583e+01 2.869276693582289894e+01 2.389526563905339884e+01 1.688784095830279597e+01 6.765791479091182836e+00 1.688225406412320950e+01 2.028301721528396939e+01 1.412786072967994855e+01 1.727275316844006170e+01 2.346654647169253849e+01 3.395812841334191035e+01 3.587884355055967234e+01 3.007760506879963458e+01 2.056846915702903900e+01 1.059416849778913949e+01 1.059416849778913949e+01 1.855622960827604118e+01 1.855622960827604118e+01 1.235677496994592950e+01 1.733091845241063922e+01 2.731283032807649036e+01
1.379999999999999977e-02 1.001379999679259569e+01 1.555244976371933241e+01 1.561889895022197550e+01 1.726264790568561480e+01 1.612695029976858763e+01 1.738738918328908412e+01 1.599721582647107532e+01 2.456864587600033545e+01 2.158631935591765583e+01 2.752129871408972761e+01 3.613955801865895978e+01 4.396858555724266893e+01 4.105387826463709189e+01 4.214027618454277047e+01 3.807231424194128522e+01 3.298235760367466440e+01 2.877705186071138499e+01 2.090601142975023663e+01 1.068378471238252914e+01 1.690983281594948195e+01 8.118405643466156008e+00 1.827299637390495235e+01 2.453992385953790034e+01 2.790081058534363478e+01 2.599365159670920278e+01 3.638669503600599597e+01 3.468569078603695033e+01 3.049821435399635305e+01 2.225213495769333250e+01 1.227157012493769983e+01 1.764158976763951259e+01 2.472745072121563936e+01 2.565950680926992433e+01 1.567309464065588465e+01 2.565950680926992433e+01 3.147864729766764924e+01
1.309999999999999880e-02 1.001309999999996236e+01 1.527488360987857519e+01 1.844132227829617321e+01 2.260929156210416480e+01 2.627740306871528730e+01 2.598116269270271417e+01 2.120765199247386690e+01 2.304349743559200192e+01 3.004518228499631505e+01 3.376975854073866401e+01 3.702554207735506253e+01 3.628367947617184086e+01 3.628180269993080032e+01 4.047034779261903736e+01 3.390992990079988090e+01 2.366798171893966085e+01 1.842807293097360244e+01 1.498884430184080330e+01 1.973413886506707016e+01 9.542333132382051275e+00 1.110517166782625154e+01 2.134884757062434346e+01 2.983605154468605747e+01 3.389092757500009157e+01 3.638669503600599597e+01 3.630480095956572484e+01 2.624749868125498509e+01 2.048801214283942684e+01 1.697414854889628444e+01 1.429440527843744668e+01 2.428570588025967680e+01 3.181331044953589071e+01 2.982773534085090716e+01 2.064923257468600326e+01 2.982773534085090716e+01 3.770856765050894666e+01
1.349999999999999985e-02 2.595488897471608603e+00 5.268101411118711219e+00 8.430384939173064751e+00 1.550440369073951530e+01 2.553233812651118484e+01 3.304258632302152421e+01 2.942883401009308386e+01 3.097378977467232630e+01 3.453517236422113967e+01 3.410649319331736962e+01 2.698657712367005601e+01 2.625070567745225603e+01 2.625067801695566416e+01 3.627955602119566691e+01 3.807507969215027543e+01 3.299143438910858350e+01 2.879531085958694803e+01 2.534500628299028691e+01 2.077134155193147080e+01 1.054594079281074492e+01 2.076117137734875229e+01 1.587842067592753992e+01 1.955626256773159355e+01 2.559777649221778617e+01 3.562938696066314748e+01 4.050724465108064010e+01 3.468569078603695033e+01 3.049821435399635305e+01 2.641149921056594252e+01 1.640920894169187605e+01 2.217329759277800250e+01 3.220098989536770517e+01 3.484762519235803779e+01 3.066978104385403725e+01 3.484762519195309949e+01 3.779052189959980979e+01
1.369999999999999864e-02 1.001369999999995386e+01 1.234031660791988649e+01 1.843877630137849621e+01 1.550440369073951530e+01 2.553233812651118484e+01 3.252145436408110868e+01 2.833178880034842706e+01 2.703366175158727813e+01 3.121623588052886333e+01 2.909314601192765437e+01 1.992660627805180340e+01 1.919244967363718146e+01 2.495283687396802108e+01 3.202555960603302765e+01 4.210037938213842779e+01 3.775525558661802705e+01 2.761614931742309409e+01 2.023825633950645297e+01 1.557572554304151957e+01 2.068325512756496209e+01 1.204418962779945623e+01 2.237099706676459121e+01 2.983605148167913867e+01 3.389093686746694090e+01 3.961233953813655972e+01 4.250599139378128655e+01 3.240856284390305575e+01 2.530535770593044020e+01 2.027831820489087988e+01 2.217329759278757351e+01 3.058787367273817992e+01 3.639306188745450754e+01 4.080352622532939222e+01 3.704312639573221588e+01 3.779052189959980979e+01 2.771471949267895241e+01
1.290000000000000001e-02 7.083939338105832206e+00 1.708134546796285846e+01 2.643561158231476327e+01 2.553233812651118484e+01 2.971417943346883916e+01 2.833178880034842706e+01 1.838997067266717167e+01 1.710589299123756035e+01 2.545571233561128821e+01 2.492676407928296811e+01 1.494434185502032619e+01 2.492676408028051327e+01 3.336525872213782407e+01 3.408395502662424548e+01 3.828228247328060974e+01 4.067479347815913826e+01 3.058577122580722829e+01 3.015848554287019212e+01 2.595824120450005523e+01 2.349359076672130442e+01 1.311743476293628952e+01 1.964098633499751756e+01 2.896671489588267079e+01 3.976245146741482728e+01 4.012171846502790373e+01 4.405444178024870183e+01 3.956603703855384424e+01 3.033569386998096817e+01 2.428286843976290044e+01 3.220099028947885245e+01 3.639307302300018421e+01 3.905153859457739429e+01 3.532984432292423094e+01 2.844946339620557652e+01 3.576000119505643937e+01 2.956366368424568591e+01
1.359999999999999924e-02 1.001359999999996298e+01 1.774702361629499237e+01 2.187956862158951310e+01 2.733127170330153533e+01 2.516622379223116823e+01 2.476088240301803722e+01 2.021625465350423667e+01 1.139607185959275881e+01 1.805540683427997806e+01 1.955763118997984407e+01 1.265923821628438084e+01 2.263668355079968109e+01 2.697875642594362589e+01 2.403568680430804960e+01 3.408395502685449685e+01 3.607157885799801988e+01 3.189155648013289479e+01 2.782775449699765247e+01 1.733219903752392810e+01 1.473009351424046720e+01 2.351044582086968049e+01 2.714297919252535252e+01 3.134896297927802422e+01 3.333848037577585899e+01 3.149539462395590661e+01 3.958087823853543341e+01 4.463590969162161315e+01 3.863409900022076471e+01 2.996021545332643754e+01 3.863409438474369040e+01 4.145177741970179142e+01 3.279405656643293554e+01 2.673572553647733585e+01 2.323632979971950974e+01 2.847051743997193185e+01 2.647439515721460168e+01
1.379999999999999977e-02 1.001379999999996251e+01 7.754175740946261719e+00 1.774321042114613434e+01 1.794301349914509913e+01 1.520764807302367672e+01 1.817580311390200620e+01 1.114971245051367177e+01 8.074141144251381519e+00 8.074141144251381519e+00 9.580992173109532217e+00 1.181260211307420960e+01 1.430316298536478214e+01 1.696531448186765090e+01 2.403568680430734972e+01 3.408395501377292902e+01 3.189155648013289479e+01 2.153532411113389244e+01 2.153532411113389244e+01 2.782775449699765247e+01 2.520298457831984251e+01 1.664415579506602327e+01 1.664415579506602327e+01 2.714297918484262695e+01 2.712785996067624339e+01 2.656838560219055267e+01 3.676350976484692268e+01 4.423569159909298776e+01 4.446573858999560969e+01 4.024997317207540704e+01 4.186840025754139560e+01 3.828348208802359665e+01 3.905153950234645777e+01 3.532984432292420962e+01 2.847051743997193185e+01 1.927930228437666926e+01 2.148912536216883140e+01
1.349999999999999985e-02 6.831495301824238586e-01 1.065150915150357847e+01 1.232181481935105616e+01 1.284130665816423900e+01 8.177205348560889320e+00 1.441453159918749272e+01 6.201190111129607274e+00 1.613139731846546709e+01 1.804464204241021719e+01 1.877487907216399776e+01 1.762733632569053910e+01 2.430255149055165731e+01 2.403568680430689852e+01 2.403568680430789328e+01 3.408395502198285953e+01 3.607157885799802699e+01 2.760657046275761672e+01 2.760502458142653737e+01 3.607157872466461868e+01 3.134898247352760237e+01 2.413672707336880308e+01 1.960673410422801766e+01 1.911980331370381947e+01 2.094314716305119362e+01 2.563352908215524550e+01 3.056413491185784537e+01 4.015801072552854123e+01 4.394921735542411767e+01 3.995347539419351079e+01 3.650995581157212655e+01 3.068989808884368742e+01 3.688730292117219278e+01 3.498915275986781381e+01 2.656446994435794196e+01 1.672528913054125965e+01 2.117474534243670448e+01
1.359999999999999924e-02 1.001359999999995942e+01 1.643180251657060609e+00 2.325174591127532775e+00 3.013602981949045745e+00 3.706978227230581346e+00 4.419448727109677399e+00 1.436569331877836753e+01 1.969605984400818954e+01 2.307406778447714757e+01 2.575387670290235675e+01 2.785558253837779219e+01 3.218508204381122795e+01 3.408395500717237780e+01 3.408395502198249005e+01 3.828228066702171617e+01 4.209149739405968660e+01 3.782795994967697339e+01 3.772975083181734846e+01 4.187270965375036980e+01 3.856123787368400002e+01 3.300618358376308237e+01 2.271494619829940476e+01 2.954942250595477660e+01 3.179092182395677568e+01 2.434689305750898569e+01 3.526886937246140263e+01 4.423569159909105508e+01 4.017583200480418526e+01 3.202922380328149643e+01 2.877988212339650431e+01 2.572637507244278510e+01 3.025079444999576594e+01 2.949237504755718575e+01 2.129659338731915952e+01 1.435596270979297095e+01 1.352115393340568161e+01
1.290000000000000001e-02 1.001289999999996283e+01 1.165801582768171940e+01 9.392284968798502831e+00 1.263541957310344443e+01 8.168400608043901556e+00 1.439551378031480056e+01 5.659796073390781501e+00 1.565701431717514502e+01 1.336781732650613463e+01 2.073004307276027802e+01 2.661675917750910259e+01 3.111697844957337011e+01 3.360617968607738959e+01 3.353806101990946331e+01 3.771495129657755285e+01 4.278232462813988946e+01 3.894065768484217926e+01 4.024582877066743691e+01 4.429544681296017217e+01 3.882736101850673549e+01 2.874478594188792613e+01 2.874478594188792613e+01 3.716274009755495200e+01 3.811082136810530585e+01 2.710398607582877162e+01 3.325650206665809350e+01 4.422287700199071736e+01 4.394940648173630393e+01 3.995347491045715316e+01 3.542139831212254819e+01 2.728366040731919995e+01 2.198727520754822251e+01 2.548833206725304024e+01 1.568405808415654334e+01 2.408502812267445137e+01 2.103736720531887983e+01
