output/example/elevation_000056.asc
nrows	75
cellsize	133.333333333
xllcorner	0
ncols	75
yllcorner	0
NODATA_value	-9999
[rows 0 to 16 of 75, columns 0 to 36 of 75]
4.840509446848720865e-01 1.004840509446841565e+02 1.387930249635606970e+02 1.592054394867537894e+02 1.408550975795266709e+02 2.115657756981804312e+02 3.115657756981776174e+02 3.584929120627764974e+02 3.999142683000848137e+02 3.901859328404536313e+02 3.487645765826413822e+02 3.487645765826413822e+02 3.357889253829596896e+02 3.772102816797935247e+02 4.349453087722031341e+02 4.500558060163882033e+02 4.086344498089713966e+02 4.500558060163882033e+02 4.494783037870512885e+02 4.201889819057711293e+02 4.311279618798834008e+02 4.725493180920506688e+02 4.695701219678392704e+02 4.695701219678392704e+02 5.109914781692551173e+02 5.584080190819352083e+02 5.584080190819186100e+02 5.998293751746715543e+02 5.035063619357551943e+02 4.620850052191315172e+02 4.491093540169457015e+02 4.905307104743258719e+02 4.951522385274070075e+02 4.537308820891744290e+02 4.951522385498159338e+02 5.066360269544322819e+02 4.652146704808955064e+02
6.497923401133355314e-01 1.954801599057466532e+01 3.879302496356212515e+01 5.920543948675521051e+01 1.592054394867537894e+02 2.349265127525638661e+02 2.877822339441237887e+02 2.584929120627793395e+02 3.584929120627764974e+02 3.487645765826413822e+02 2.487645765826303546e+02 2.487645765826303546e+02 2.357889253829380038e+02 2.935239523019021703e+02 3.935239523019898797e+02 4.000558059617513891e+02 3.086344498089824810e+02 4.000558060269622729e+02 3.494783037871243891e+02 3.201889819057799969e+02 3.311279618798974980e+02 4.195701219678497864e+02 3.695701219678575171e+02 3.695701219678575171e+02 4.695701219678392704e+02 4.584080190819863105e+02 4.584080190819863105e+02 5.584080190819181553e+02 4.620850052191387931e+02 3.620850052111325112e+02 3.491093540114325151e+02 4.327956834836555231e+02 4.451522383585281659e+02 3.537308820836116752e+02 4.451522384527858662e+02 4.566360268680373906e+02 3.652146704742390284e+02
6.883992401879653888e-01 1.006883992401872518e+02 1.387930249635606970e+02 1.592054394867537894e+02 9.350515651525674343e+01 1.935051565152553223e+02 1.877822339441266024e+02 2.877822339441237887e+02 2.952689631292595891e+02 3.109848588928978756e+02 2.780538984639774185e+02 1.780538984639746332e+02 2.780538984639774185e+02 3.363359333296199338e+02 3.777572895076246482e+02 3.586344498089780473e+02 2.586344498089839021e+02 3.586344498089780473e+02 3.494783037871243891e+02 2.494783037871272313e+02 3.319563587546332428e+02 3.195701219678588814e+02 2.988594438492047516e+02 3.988594438491990104e+02 4.405568888842222464e+02 3.876973409633335450e+02 4.876973409633150709e+02 4.958901194771214591e+02 4.381550924336603430e+02 3.913743270947919086e+02 2.913743270924683202e+02 3.913743270948038457e+02 4.037308820863877941e+02 3.037308820836103109e+02 4.037308820863877941e+02 4.152146704775660737e+02 3.152146704742376642e+02
9.527043435140133409e-01 1.009527043435133038e+02 1.920943529949714730e+02 2.349265127525638661e+02 1.935051565152553223e+02 1.343299855616424736e+02 2.343299855616410525e+02 2.659796412466349693e+02 1.952689631292624028e+02 2.109848588929007178e+02 2.522340094892595630e+02 1.522340094892581703e+02 2.522340094892595630e+02 2.363359333296599516e+02 3.200222626307657947e+02 3.253011164756486551e+02 2.253011164756514972e+02 2.826609732045271812e+02 2.961449704537918137e+02 2.161449704537943717e+02 2.319563587546360566e+02 2.488594438492061443e+02 2.697108852549130802e+02 3.697108852549096696e+02 3.405568888842316824e+02 4.405568888842222464e+02 5.291186971360465350e+02 4.544687629533385120e+02 3.544687629457632738e+02 2.967337360267982262e+02 2.612231926346911450e+02 3.612231926363206185e+02 3.703975487521281593e+02 2.703975487502760870e+02 3.703975487521281593e+02 3.818813371431226074e+02 2.818813371409034403e+02
6.729967576641545657e-01 5.067299675766396660e+01 1.213836748763182101e+02 2.213836748763168032e+02 2.757513417989470099e+02 2.343299855616410525e+02 2.757513417989470099e+02 2.159796412470855955e+02 1.245582850106086426e+02 1.402741807742469575e+02 2.239605100916319884e+02 1.286637834497062727e+02 2.286637834497076653e+02 1.786009064106981725e+02 2.442490638080057010e+02 2.547899893419001387e+02 2.655111146902765427e+02 1.826609732045299950e+02 1.961449704537946559e+02 2.961449704537918137e+02 2.896913856735969830e+02 3.488594438492033305e+02 3.697108852549096696e+02 3.013336618565959952e+02 4.013336618565900835e+02 4.819782450895717716e+02 4.778008928446423056e+02 4.200658658291855545e+02 3.786445094629240771e+02 3.334881828246061559e+02 2.334881828234289003e+02 3.334881828246061559e+02 3.415300352921115632e+02 2.415300352907939896e+02 3.415300352921115632e+02 3.523782789266628583e+02 3.109569226232306960e+02
6.149197931285226293e-01 1.006149197931278110e+02 1.484221995297810395e+02 1.946489722882471085e+02 1.831443912230911906e+02 1.417230349861643219e+02 1.831443912230911906e+02 1.634813094981734025e+02 7.455828501060899782e+01 8.253915385528517845e+01 1.825391538552837574e+02 1.063031036747080691e+02 2.063031036747066480e+02 1.338795468607030159e+02 1.442490638080071221e+02 1.547899893419015598e+02 1.655111146902793564e+02 2.655111146902765427e+02 2.961449704537918137e+02 3.375663266846094075e+02 3.896913856735915260e+02 4.311127418945564500e+02 4.427550180726346980e+02 3.590686887755569501e+02 4.427550180362190986e+02 4.411400830909922206e+02 4.363795363847333988e+02 3.363795363798060976e+02 2.786445094608419026e+02 2.432891704015135872e+02 2.116663937998293648e+02 2.866663938005187333e+02 3.157101463170551483e+02 2.157101463160775268e+02 3.157101463170551483e+02 2.846956360510458808e+02 2.109569226223178759e+02
5.036282395543789647e-02 7.000843292524605133e+00 1.070008432925238964e+02 9.464897228824851538e+01 1.310629991683838114e+02 4.172303498616572881e+01 1.417230349861643219e+02 6.348130949817483071e+01 1.634813094981734025e+02 1.825391538552837574e+02 9.408615923907763090e+01 1.940861592390762098e+02 1.196661657703291866e+02 2.196661657703277797e+02 2.442490638080057010e+02 2.547899893419001387e+02 2.655111146902765427e+02 2.020259518572899253e+02 3.020259518572871116e+02 3.800214341877337461e+02 4.214427904097984197e+02 4.791778173123947795e+02 5.004900449809304064e+02 4.590686887755443877e+02 4.118507613413646027e+02 3.411400830836764158e+02 4.118507613462858217e+02 4.200658658291400798e+02 3.786445094629240771e+02 3.432891704028593836e+02 2.866663938005187333e+02 1.866663937998290237e+02 2.630961677608041214e+02 1.921399202765256291e+02 2.596956360508776811e+02 1.846956360503730252e+02 2.846956360510458808e+02
2.473071933081959495e-01 1.002473071933074920e+02 1.690231872229134780e+01 2.393829416959426837e+01 3.106299916838523245e+01 1.310629991683838114e+02 5.253779639488320186e+01 1.525377963948817808e+02 2.049026657348176172e+02 2.208122834303184732e+02 1.208122834303198800e+02 2.208122834303184732e+02 2.196661657703277797e+02 1.643875253203243574e+02 2.052123543667100876e+02 3.052123543667072454e+02 3.434473080880977136e+02 3.020259518572871116e+02 2.446660951284114276e+02 2.800214341877378388e+02 3.377564611066987936e+02 4.377564611066876523e+02 4.369341219108098926e+02 4.154457265827477386e+02 3.671294017438838750e+02 2.704294049650118836e+02 3.671294017438752917e+02 4.284502321752215721e+02 3.870288757918619922e+02 3.968174925182432276e+02 3.280877500953280901e+02 2.630961677608041214e+02 1.630961677602771260e+02 2.404506270777926602e+02 1.596956360503726842e+02 2.596956360508776811e+02 2.437115605896253783e+02
7.088201712286245071e-01 1.007088201712279130e+02 1.169023187222906301e+02 9.464897228824851538e+01 1.310629991683838114e+02 6.536271619688676537e+01 1.525377963948817808e+02 1.939591526316748684e+02 2.799358587938091318e+02 2.622336396661717117e+02 2.208122834303184732e+02 1.679527355094223822e+02 2.679527355094195400e+02 2.643875253203215152e+02 2.643875253203215152e+02 2.759230324853628531e+02 3.759230324853594993e+02 3.860874513554846885e+02 3.446660951284085854e+02 3.800214341877337461e+02 4.214427904097984197e+02 4.076448001402879413e+02 3.369341219025431542e+02 3.740243701786337169e+02 2.740243701744832947e+02 2.257080454150148512e+02 3.257080454162015712e+02 3.707152051950509986e+02 2.870288757880884418e+02 3.553961361559802867e+02 2.553961361521009792e+02 2.737464780600404879e+02 2.404506270777926602e+02 1.404506270773849224e+02 2.404506270777926602e+02 2.334246705921093223e+02 1.437115605892055044e+02
5.819734946149275334e-01 4.530333304461056088e+01 1.453033330446091327e+02 1.946489722882471085e+02 2.067840724338466600e+02 1.653627161968853443e+02 1.031591634978092173e+02 1.385145025571360975e+02 2.092251806757898578e+02 3.092251806757870440e+02 3.093740917445029481e+02 2.256877624283841612e+02 2.496023936021938425e+02 3.496023936021910004e+02 3.643875253203050306e+02 3.759230324853594993e+02 4.173443887130808321e+02 3.787745360563073405e+02 3.287745359817278654e+02 2.873531796837971228e+02 3.287745359817288886e+02 3.576448000980321353e+02 2.662234437838735630e+02 3.576448000980319648e+02 2.923747120824717172e+02 1.923747120816810536e+02 2.923747120824717172e+02 3.292938488707198985e+02 2.292938488691242469e+02 2.715588219508354086e+02 2.737464780600404879e+02 1.737464780592975160e+02 2.160114511406481483e+02 1.302971654260486218e+02 2.232449386208850513e+02 1.334246705917325642e+02 2.334246705921093223e+02
6.201706420557316912e-01 1.006201706420550153e+02 1.269529911373825826e+02 1.976636692560363429e+02 2.976636692560335291e+02 2.445805197346414559e+02 1.738698416164629634e+02 2.031591634978077821e+02 2.092251806757898578e+02 3.092251806757870440e+02 3.671091186619287896e+02 3.256877624283813475e+02 3.496023936021910004e+02 3.511608058938419390e+02 3.097394495820669249e+02 3.511608058939769990e+02 3.868625589467593500e+02 3.161518807665352142e+02 2.373531796833527494e+02 1.873531796829097971e+02 2.787745359599804829e+02 3.162234437850898416e+02 2.162234437838721988e+02 3.162234437850898416e+02 2.665548231075511580e+02 1.665548231069645908e+02 2.372655012256204543e+02 3.372655012276184721e+02 2.715588219508354086e+02 1.715588219501608762e+02 2.244183698714135460e+02 2.160114511406481483e+02 1.160114511403341595e+02 2.132945667187514687e+02 1.232449386205466624e+02 2.232449386208850513e+02 2.748460268654638412e+02
9.933278572681448759e-01 7.170400597592238512e+01 1.717040059759209782e+02 2.265762544668471321e+02 2.265762544668471605e+02 2.679976107041540558e+02 2.738698416164601213e+02 3.031591634978049683e+02 3.092251806757870440e+02 3.506465369118266722e+02 3.089270573605351728e+02 2.675057010705311313e+02 3.089270573605353434e+02 3.011608058670559558e+02 2.097394495808351280e+02 2.926536803998723713e+02 3.340750367073777056e+02 2.454412025868952298e+02 1.747305244682310672e+02 1.373531796829091149e+02 2.373531796833527778e+02 2.402499671798813949e+02 1.828901104505384012e+02 2.828901104513503810e+02 2.436132497203599314e+02 1.436132497199081115e+02 2.436132497203599314e+02 2.879276328776999776e+02 2.465062765962470621e+02 2.244183698714135460e+02 1.244183698710570667e+02 1.983758955212423132e+02 1.063440862498774777e+02 1.132945667184466885e+02 2.132945667187514687e+02 1.809799655395100331e+02 2.387149924584734038e+02
1.405461526419654605e-01 1.001405461526412495e+02 1.366205673752054111e+02 1.265762544668485390e+02 1.265762544668485674e+02 2.265762544668471605e+02 2.966684567490119662e+02 3.380898129863202826e+02 4.003741377155638475e+02 3.052213764018341635e+02 2.589270573416446268e+02 1.675057010697969702e+02 2.589270573416445700e+02 2.597394495814504012e+02 1.597394495808344459e+02 1.926536803985669053e+02 2.926536803998723713e+02 2.657136935758895220e+02 2.040198463498711305e+02 1.040198463495753316e+02 2.024535198787822026e+02 1.402499671794157337e+02 2.402499671798813949e+02 2.348470208902863305e+02 1.934256646251180598e+02 1.222931780843467919e+02 2.222931780847021059e+02 2.301926059404865441e+02 1.465062765956870976e+02 1.915762132442332586e+02 9.555085641157558030e+01 9.837589552098144452e+01 1.983758955212423132e+02 2.132945667187514687e+02 2.547159229873049924e+02 2.809799655403106726e+02 3.224013218340525668e+02
4.026185890239118992e-01 1.836314879170137004e+01 3.662056737520683924e+01 5.586557634819430262e+01 1.558655763481928886e+02 2.150187986562419269e+02 1.966684567490147799e+02 2.917954939528756881e+02 3.003741377155666896e+02 2.638000201045049380e+02 1.638000201032478742e+02 1.175057010697962880e+02 2.175057010701633544e+02 2.219430022802942233e+02 1.219430022799111839e+02 2.219430022802942233e+02 2.620175872200364324e+02 1.950030154367683508e+02 1.242923372976475633e+02 7.819995737485903931e+01 1.024535198784925001e+02 2.024535198787822026e+02 2.128681791534296508e+02 1.714468228930070381e+02 9.342566462486530554e+01 1.769446056162012155e+02 2.183659618775693616e+02 1.848122117646264826e+02 8.877124967672372691e+01 9.157621324398978402e+01 1.915762132442332586e+02 1.983758955212423132e+02 1.030033436548089014e+02 1.737140217734646228e+02 2.737140217743971107e+02 2.910782307403475215e+02 2.944492300527026600e+02
7.903750024369222693e-01 1.007903750024362068e+02 1.366205673752054111e+02 1.558655763481928886e+02 8.919890968152739674e+01 1.150187986562433338e+02 1.503741377155702139e+02 2.003741377155695034e+02 3.003741377155666896e+02 2.675562722172012968e+02 1.821503620107060044e+02 8.215036201046868314e+01 1.821503620107060044e+02 1.598615390295224188e+02 9.521687808866856528e+01 1.952168780889491870e+02 1.913069090814555011e+02 1.205962309428747403e+02 5.358165917899234643e+01 1.535816591791577821e+02 1.987480448686962404e+02 2.090062828436866198e+02 1.675849265839095210e+02 7.144682289280864040e+01 7.418065565187765742e+01 7.694460561599154858e+01 1.769446056162012155e+02 8.481221176439927945e+01 1.848122117646264826e+02 1.915762132442332586e+02 2.329975695082846130e+02 2.062807112818140354e+02 1.062807112815311967e+02 2.062807112818140354e+02 2.523570081910868055e+02 1.910782307392336179e+02 1.944492300515498187e+02
1.870836446472545767e-01 5.792211056360961408e+01 1.579221105636081859e+02 2.306202659188348889e+02 1.891989096815259757e+02 1.857294767748970798e+02 2.503741377155687928e+02 2.917954939528756881e+02 2.397047958906739211e+02 1.982834396198749403e+02 1.261349159378812885e+02 5.542423781922606452e+01 1.337297353920316141e+02 5.986153902934094617e+01 1.388707237650454260e+02 1.802920800206115644e+02 1.461969972565563296e+02 4.988555282421952342e+01 1.498855528243787774e+02 5.732668861035799779e+01 1.573266886105298283e+02 1.637316409796375467e+02 6.758492658371872608e+01 1.675849265839095210e+02 1.741806556520816969e+02 1.769446056162012155e+02 8.086090786593130986e+01 1.808609078661495460e+02 1.848122117646264826e+02 2.848122117682875682e+02 2.769913894011511957e+02 1.769913894001869323e+02 2.062807112818140354e+02 1.109356519226884643e+02 2.109356519229852438e+02 1.203675526205778965e+02 1.237385519328940973e+02
2.797522905802692916e-01 1.002797522905795518e+02 1.993434668009170991e+02 2.366001770838859954e+02 2.780215333211929192e+02 2.857294767748942377e+02 2.617714244763483293e+02 2.203500682004581961e+02 1.982834396198749403e+02 9.828343961944220553e+01 1.275727615009138276e+02 3.117067531559268900e+01 3.372973539189651149e+01 3.629131298978928299e+01 3.887072376490304748e+01 1.388707237650454260e+02 4.619699725640297316e+01 1.461969972565563296e+02 1.913069090814555011e+02 1.573266886105298283e+02 6.107698161344470833e+01 6.373164097945417694e+01 1.637316409796375467e+02 1.675849265839094926e+02 2.675849265870151044e+02 2.222822641282159850e+02 1.308609078659320062e+02 1.162162469252589290e+02 2.162162469255959536e+02 2.968608302331446680e+02 3.184127456975991208e+02 2.769913894011511957e+02 1.925853100154695028e+02 2.109356519229852438e+02 1.156083450578484246e+02 2.156083450581597276e+02 2.237385519332323440e+02
