output/example/elevation_000023.asc
nrows	75
cellsize	133.333333333
xllcorner	0
ncols	75
yllcorner	0
NODATA_value	-9999
[rows 34 to 50 of 75, columns 37 to 73 of 75]
2.367064962527659588e+02 1.979693816761915457e+02 2.818570224377310751e+02 2.506867662367141065e+02 1.558641749172020923e+02 1.596829312307276041e+02 2.598794054717137669e+02 2.694197564366319284e+02 2.733844821946463526e+02 2.349957814524266553e+02 2.813580148934979093e+02 2.853639257480404581e+02 1.909068512275816829e+02 2.911172866636039771e+02 3.386603624191468498e+02 3.609885569765037872e+02 3.425733256084620280e+02 4.429264525898089460e+02 4.694479393713118043e+02 4.277987763384884374e+02 3.576064781748861492e+02 4.579661006435704849e+02 4.367529127838137697e+02 3.708231691895231847e+02 4.711620092905909019e+02 5.536274572574114927e+02 5.390795525666391086e+02 4.824772607922428733e+02 4.407838783446012485e+02 3.562433617087532980e+02 4.566624876709952900e+02 4.868272331105728767e+02 4.085498027821722644e+02 4.250524488318356475e+02 5.255361044045952212e+02 5.415429630729420296e+02 6.126929098048835840e+02
3.323841403996851227e+02 2.688149642590473718e+02 3.139206208490677454e+02 2.137009086524918473e+02 2.560587422550102019e+02 1.826650338517640648e+02 1.898869502997953305e+02 2.900925174686622086e+02 3.641827490359380022e+02 3.352347336252071841e+02 3.768227262618888176e+02 3.326872042404930880e+02 2.911172146668725986e+02 1.968722784741371186e+02 2.970862431645057882e+02 2.607195593406573835e+02 3.609885570893877116e+02 4.510092521395506537e+02 4.114719569252829956e+02 3.274645247920919928e+02 3.197068807988641765e+02 4.065068495889260021e+02 3.364225318029547225e+02 4.367529127834460496e+02 5.127299461413068684e+02 5.251311752236345001e+02 4.679725647250507450e+02 3.968668293066983210e+02 3.403841052577679989e+02 4.407841996825475803e+02 4.983707601211351061e+02 5.507677262257341226e+02 4.795603231626535603e+02 4.960720062516970188e+02 4.617110655695365153e+02 5.622475993405381587e+02 6.051479946898872413e+02
3.403156957396373059e+02 3.690969648894640613e+02 3.554916168262313931e+02 2.715459890505857743e+02 3.064875181345597071e+02 2.062758323415525012e+02 2.900925162985988663e+02 2.223867933216765778e+02 3.226088399274370317e+02 4.008053336815886496e+02 4.587441423183510096e+02 3.679915237397775059e+02 2.677166127626510956e+02 2.970862299729506617e+02 2.028802774666648077e+02 3.030982477026232687e+02 3.091684589685843889e+02 3.900826716925114397e+02 3.484930742761426359e+02 2.695939636818564509e+02 2.875875851321803793e+02 3.061956732246578099e+02 4.065068544247413342e+02 4.367529127765487829e+02 5.371075989938091197e+02 4.540402250869991576e+02 3.829513077131505838e+02 3.259116162489015665e+02 4.262921590537700922e+02 3.813464021631610876e+02 4.523438490755787029e+02 5.528799841845545870e+02 5.801352301186617524e+02 5.966641361031375936e+02 5.327631781916496720e+02 5.045362694842982023e+02 5.756409493726442861e+02
2.987933398717398177e+02 3.670912259295522517e+02 4.134056935641758059e+02 3.718055071961569524e+02 3.064875231354269545e+02 3.064875233154776879e+02 2.455663660963357984e+02 3.226088408038695547e+02 2.589659842644214791e+02 3.168233790540052155e+02 4.171215462339250166e+02 4.096194004692798671e+02 3.679913647870976661e+02 3.030979316454138939e+02 3.030982477026726656e+02 2.089483931849700014e+02 3.091709245772714212e+02 3.288327938875569316e+02 2.482380904497412644e+02 3.484930742762186355e+02 3.878817406994075441e+02 4.065068388909205623e+02 3.880900334434797401e+02 4.884519680424388071e+02 4.404963121332083915e+02 3.988383929769568113e+02 3.120111201885891887e+02 4.123714078347264262e+02 4.078537956215314466e+02 4.817901985475614310e+02 4.315384086271683373e+02 4.725335905835977997e+02 5.436067130762110082e+02 6.442924791315484754e+02 6.334265185058227416e+02 5.756409137096516133e+02 5.756409183363464308e+02
2.254365742744537897e+02 3.255497290871326186e+02 3.859254394288020649e+02 4.275152113439575032e+02 4.067793623063266750e+02 3.164272965246940430e+02 3.458039305870508429e+02 2.991247006929358463e+02 3.592143747123546973e+02 3.062022543709445017e+02 3.770982185058413734e+02 4.774534012856092886e+02 4.450219894008823758e+02 3.593366508583448535e+02 2.590363954706886602e+02 3.091709245777198589e+02 2.150899795369225842e+02 2.285955026456511803e+02 3.288327959400314739e+02 3.191075134057638252e+02 3.900303139857769565e+02 4.903909069448911282e+02 4.884519674882856748e+02 4.698527588488358901e+02 3.694234908522786895e+02 2.984985441763773224e+02 3.988383908836649425e+02 4.540402251031167111e+02 5.083334443325535403e+02 5.500959091584481939e+02 5.320419681152278599e+02 5.730965138422842529e+02 5.730968909710210255e+02 6.738520804340445238e+02 6.585011617220189919e+02 6.763932726113849867e+02 6.763948187013996858e+02
3.255497290868205482e+02 2.556216301863094884e+02 2.857955482169494417e+02 3.859254584635830838e+02 4.583526010107804041e+02 3.873297155675563772e+02 4.403621670229665028e+02 3.400433387437589090e+02 4.403623052272746463e+02 3.770982185066793022e+02 3.770982090947590564e+02 4.774500644421354423e+02 4.229336413218687198e+02 3.224317752885331174e+02 3.593366951633228155e+02 2.969100042090094007e+02 3.153176749164903754e+02 2.216100011270056029e+02 2.924636432704990057e+02 3.927747295896679702e+02 4.610250931805874757e+02 4.914769280082686578e+02 4.496630231296051079e+02 4.201517087225878413e+02 3.785093719568877759e+02 2.891960816295934364e+02 3.895217864372248755e+02 4.248064128437959539e+02 4.248064490309957932e+02 5.253063539496504291e+02 5.395480942952607393e+02 5.813329043293496170e+02 5.794204254798210059e+02 6.212212048266518423e+02 5.578140368667005760e+02 6.228812893042526184e+02 6.639921076349432951e+02
3.873800581859264867e+02 2.872680083402163973e+02 3.859254140453375612e+02 3.435750188875415461e+02 4.437774493244380665e+02 4.876933548766830313e+02 4.820055190836239376e+02 4.403624315143521244e+02 4.820055146638020460e+02 4.774534014353787938e+02 4.774500661342482886e+02 5.190985145378962216e+02 4.649439301577401125e+02 3.934161420328136387e+02 4.388613962511788031e+02 3.972223233572090066e+02 3.264739136372981534e+02 2.262349560393986962e+02 3.264739147144417188e+02 3.747472672085677345e+02 4.025861174779278144e+02 4.442417988426399234e+02 3.492379522285129383e+02 3.676609313815699807e+02 2.782000588948851600e+02 3.785093719569292148e+02 3.096512774523940834e+02 3.244302898705243479e+02 4.248064490312306702e+02 4.637664362158030826e+02 4.390436113788514945e+02 5.008544928892594612e+02 4.788636777726667901e+02 5.444213120718836763e+02 4.867354893380796170e+02 5.222531588332520869e+02 5.632940268525015881e+02
4.228325025394227623e+02 3.226438481841200314e+02 4.228325025880320140e+02 4.143970986547999473e+02 4.437774490530697449e+02 5.441543589084051291e+02 5.583669306059883866e+02 5.174309868553698379e+02 5.066147025053575703e+02 5.159329286394869314e+02 5.567530204873088451e+02 5.634527807625308924e+02 5.374763329797463030e+02 4.686765738100979206e+02 3.682456005768127056e+02 3.103440675221611968e+02 2.655254006870745798e+02 3.264739147839348448e+02 2.328972809662204213e+02 3.331440615064043982e+02 3.022500881739646275e+02 3.862733103316920733e+02 3.595525530738090083e+02 2.673672814268451248e+02 3.676609313815488917e+02 4.201512988152035746e+02 4.100067808949702908e+02 4.248064374554660958e+02 3.468537844047631324e+02 3.633451503732210881e+02 3.810833371895716937e+02 4.003984887578922098e+02 4.208879783006821640e+02 4.439180537352054330e+02 5.019055871572332421e+02 6.024990892845228245e+02 6.639921066859552639e+02
4.646138963773420869e+02 3.804426361437897981e+02 4.646022994800118795e+02 5.147091743654132188e+02 5.399410215766524743e+02 4.988803853155181969e+02 4.988791779791937415e+02 4.183565690905063548e+02 4.075094177055190130e+02 4.169933403960782812e+02 4.996915104375231067e+02 4.650734133863034003e+02 5.335409177135749133e+02 5.104835760681879151e+02 4.524199875521792933e+02 3.658243549362132399e+02 3.103440676547472776e+02 3.331378513962480952e+02 3.331440615063676773e+02 2.396041063493105412e+02 2.443950750653267505e+02 3.446570739863291237e+02 2.592699948576408246e+02 3.595525530055645618e+02 2.798397086432105993e+02 3.801512471385215122e+02 4.344378466624647217e+02 4.889486283417850245e+02 4.472573944737669649e+02 4.212969742929991526e+02 4.815217655812256794e+02 5.008545625469740799e+02 5.213642379131620146e+02 5.149520651324019127e+02 5.862101797780708239e+02 6.443717454404878708e+02 6.826573760171669392e+02
5.226852569273607969e+02 4.807693807021524321e+02 5.079613852666891489e+02 4.665076892804931390e+02 4.988803567416346141e+02 3.995953214134779046e+02 3.995953191967094540e+02 4.365367637100682146e+02 3.372024988436315311e+02 3.596472289573852663e+02 4.314157179090039449e+02 3.950709961470143980e+02 4.938879955027243227e+02 5.797284203097104864e+02 5.084513328286538467e+02 4.524686348056417842e+02 3.682456649237389001e+02 4.334428632773032746e+02 3.753217927141889732e+02 2.750210422347806798e+02 3.446570736225506835e+02 2.512254227579423116e+02 3.514975485753473095e+02 4.011810993537524155e+02 3.801512470396128833e+02 2.924615860147498552e+02 3.927917256224180278e+02 4.472930705420384925e+02 5.007904791209002155e+02 5.217815358600020090e+02 5.635568457474781781e+02 5.668394798140989224e+02 6.086060934312165500e+02 6.155690851218819262e+02 6.532895696899712448e+02 6.114371229793009661e+02 5.819370582642928866e+02
5.768819192994043306e+02 4.950688475493262217e+02 4.503088778076626681e+02 3.667145555310376039e+02 4.502843532084600042e+02 4.286746526827009802e+02 3.292130221244185009e+02 3.789439050973265921e+02 2.995060559082160125e+02 3.150999525366464695e+02 3.322095353245358638e+02 4.314157174303524016e+02 4.844392431446436831e+02 4.829774328382159183e+02 5.511288185558919395e+02 5.107678632437681472e+02 4.687111148456522187e+02 4.093821443967103164e+02 3.384278769049698781e+02 3.753219961398337432e+02 2.784895829744757521e+02 3.514975486152134749e+02 2.661562017150480983e+02 3.664444596225122268e+02 4.232733325693773736e+02 3.927917255218461605e+02 3.052910741792802014e+02 4.056401850765055315e+02 4.003272629567966874e+02 5.007904930138655573e+02 4.957457802842632191e+02 4.662974861225684435e+02 5.668394798404789299e+02 6.103361302465465315e+02 5.685380168200988464e+02 5.108298011988118787e+02 5.688760168686876568e+02
4.788468874170456502e+02 4.529781262553642591e+02 3.528756848205055690e+02 3.091001838268025494e+02 4.088890556542758645e+02 4.028873260093134263e+02 3.617638265259356558e+02 2.793195007050230174e+02 3.789439050972404175e+02 4.144631439016125114e+02 4.314157207836177577e+02 3.603797533549303580e+02 3.860483638875838324e+02 4.135522219517524150e+02 5.113101020395317846e+02 6.001335113567615736e+02 5.518659863857715209e+02 4.805561688079808391e+02 4.388139532479651734e+02 3.988941596253944226e+02 2.981413173621320993e+02 3.988797837941102102e+02 3.664444596496268218e+02 2.813442022912336142e+02 3.816498493238114520e+02 4.472991400940961739e+02 4.056401850208137034e+02 3.183947615941069103e+02 4.187627890427926332e+02 4.420506458158523060e+02 3.952912146169998664e+02 4.957457803020786287e+02 5.747485748999341695e+02 5.329924024171758674e+02 4.679998394441702203e+02 5.685380168198147430e+02 6.532895718461069237e+02
4.788851631866654657e+02 4.547956155099013813e+02 3.711793655662426090e+02 2.713393034400017427e+02 3.711790232387360220e+02 3.453977472257480485e+02 2.620422654264906441e+02 3.617638038032040981e+02 3.326508406577555661e+02 4.321036970730040139e+02 4.998581739821354972e+02 4.176338422012400997e+02 4.230764819609493657e+02 5.113185168230621116e+02 4.660506574713947998e+02 5.617010216948393690e+02 5.365174105692838111e+02 4.293010556036300613e+02 3.702270838613442265e+02 3.290982245288479930e+02 3.988941959380862272e+02 4.410731334458007495e+02 3.925932911517504635e+02 2.922751955631991905e+02 3.925932904664481384e+02 4.503847467396601019e+02 4.604305523776098426e+02 4.187627890423778467e+02 3.319125403587565302e+02 3.416517373496074583e+02 4.420506482147133624e+02 4.983050582127756343e+02 5.012147708783491566e+02 4.325026364806089987e+02 5.329924024179474600e+02 6.103363323157193463e+02 6.375970467300927567e+02
4.179149159310883306e+02 3.753382430039358724e+02 3.142425424424543507e+02 2.435970591503813694e+02 3.294421030095205083e+02 2.455924672616508815e+02 3.453976135058935597e+02 3.435036984926973105e+02 4.321036893868460425e+02 4.030265702954050653e+02 5.023020956383841167e+02 4.873884938427199813e+02 4.928551519924473610e+02 5.216925284885337533e+02 5.344184742376369286e+02 5.583792084361280104e+02 5.781834459594894042e+02 4.812828083715720027e+02 4.275745158281854401e+02 3.559515348610865999e+02 4.576528242573115222e+02 4.743383092427064298e+02 3.741563048667713929e+02 3.925932949693886940e+02 3.084252291254809393e+02 4.087609351445177026e+02 4.688663607631641526e+02 4.739758621161610677e+02 4.028732971846126247e+02 4.420506464764014822e+02 3.562052123738083083e+02 4.566205447733660776e+02 4.007585874427977046e+02 5.012147717810154859e+02 5.664216265034737035e+02 5.369406972261913324e+02 6.375970325773065497e+02
3.754043366232723997e+02 2.751468855592847262e+02 3.043785772141787334e+02 2.185696574002430452e+02 2.295620924306738289e+02 3.294420718822220238e+02 3.866297637434832382e+02 4.430125405395388043e+02 4.841511122806513754e+02 5.023020953120498007e+02 5.433342140325459013e+02 5.854009470657726979e+02 5.913468409887956341e+02 6.202072238115148366e+02 6.306850407604351858e+02 6.445434012741986862e+02 6.368434317767847688e+02 5.750490266080167885e+02 4.901441505019586771e+02 3.878209869894026269e+02 4.900863045607886761e+02 5.145377961209743489e+02 4.466459144303793778e+02 3.463258569314908186e+02 4.087609351906052098e+02 3.268812457896680712e+02 4.272375685486339876e+02 4.881874965121839409e+02 5.033388614623511330e+02 4.983145034873837744e+02 4.566205448022063251e+02 3.711619477724254352e+02 4.715918729796139246e+02 5.126811440110169542e+02 4.658835239327302133e+02 5.664212899681160707e+02 5.595036679214961168e+02
3.320957470330999968e+02 2.907295183027105736e+02 2.044047957470599215e+02 3.043821129317353780e+02 3.294421022103280166e+02 3.707205433292132284e+02 4.141613703197800191e+02 4.555016018579911474e+02 5.178718043464949687e+02 4.765564082873199823e+02 5.178382279140216724e+02 5.754801940695072062e+02 5.740859403701741712e+02 5.850007682520359822e+02 6.262546030649466502e+02 6.143117999644617839e+02 6.548672745598735219e+02 5.641437627015992575e+02 4.597578839691026928e+02 4.599292135757789310e+02 5.338969265441002108e+02 4.893390411340193964e+02 3.891073939686880294e+02 4.466462417845218056e+02 4.688327951861721772e+02 4.272375686074974510e+02 3.461801393102009001e+02 4.465540042894588737e+02 5.098408312571149850e+02 5.678414346345384729e+02 5.132971139561299196e+02 4.421532420453278291e+02 3.891870644637073156e+02 4.122150760899272655e+02 4.439601297595075380e+02 4.774282200606565425e+02 5.484947670858842912e+02
2.803085871999024334e+02 1.907095520876210344e+02 2.023544800078612980e+02 2.141592226607985765e+02 3.141387925395545722e+02 3.435515902248562270e+02 3.143040931349851803e+02 4.141613738796982034e+02 4.231873727252791468e+02 3.767118584093770437e+02 4.343600116012040644e+02 5.341976605829660230e+02 4.741876633409335113e+02 4.851183699893762764e+02 5.430056561320276387e+02 5.136983764972939071e+02 6.143117990102998647e+02 6.102396802796174597e+02 5.645568936158408633e+02 5.659403848466615727e+02 5.587965539554836596e+02 4.599905436607522802e+02 4.392777878780192395e+02 5.307968753398808985e+02 5.002214589056583236e+02 3.998187742482304543e+02 4.465539907313927301e+02 3.678156220749693261e+02 4.257644499341595292e+02 5.261760933302384728e+02 5.844409888398067778e+02 5.313526203236493757e+02 4.896326368556206035e+02 4.116319557653484367e+02 5.120979050695226533e+02 5.779796702006665328e+02 5.779799669556823574e+02
