output/example/elevation_000443.asc
nrows	75
cellsize	13.33333333
xllcorner	0
ncols	75
yllcorner	0
NODATA_value	-9999
[rows 34 to 50 of 75, columns 37 to 73 of 75]
2.623627091474986273e+01 1.851919928970730922e+01 2.872999482082036238e+01 2.619643324016818298e+01 3.603974302680964570e+01 3.054941987599372766e+01 2.127141691124517564e+01 2.702775895313055443e+01 3.121852550223073663e+01 2.803170661876547598e+01 1.968426427549689350e+01 2.349706972749384448e+01 2.447364531128415166e+01 1.796114771578508140e+01 1.216309867631949793e+01 2.210294442139642968e+01 1.619595381057328609e+01 1.833926329067151428e+01 2.527938869467104155e+01 3.535254133637983642e+01 4.041922297830488731e+01 4.542919639081274852e+01 4.314125762715711687e+01 3.850955891190850622e+01 3.293887448046509547e+01 2.967306003114337543e+01 2.755030972416092894e+01 2.505960760064498061e+01 2.226412078431410535e+01 1.380998214194403673e+01 2.315796106434054735e+01 1.616854742231426556e+01 2.603144433873909591e+01 3.010400899348110570e+01 2.409705341794712297e+01 2.769587708153389727e+01 3.508024862053696324e+01
1.598538480981883758e+01 2.428322040103558876e+01 1.967450502742493512e+01 2.981428729871794303e+01 3.883435268200172175e+01 3.455851920911737807e+01 2.726107544929465476e+01 1.784790071491348584e+01 2.435818917591647903e+01 2.817423742592627178e+01 2.354144800653605429e+01 1.468177680227841364e+01 2.016620765138709714e+01 1.113565431886181578e+01 1.930135981072199058e+01 2.556561856964027513e+01 1.619595381057328609e+01 2.611399302971896574e+01 2.320471392929495380e+01 3.028642600092214110e+01 4.039861636565677827e+01 4.319792145404223760e+01 3.375038615629920713e+01 2.678528886592899383e+01 3.271906406030661429e+01 3.031060778507166376e+01 2.821560624554733820e+01 2.614594618331141618e+01 2.121454909168386038e+01 1.337544558728636446e+01 1.439131536180512860e+01 2.383092949108053915e+01 1.850104921113296541e+01 2.030566222083446704e+01 2.271465097044928783e+01 3.256712833863996792e+01 4.061617877620419392e+01
2.434059675652808963e+01 1.379866902145771412e+01 2.440229212596318575e+01 2.510030522714059131e+01 3.491323594459186808e+01 3.542766112243289456e+01 3.121422587235875312e+01 2.434726686029022602e+01 1.476889710822201529e+01 2.174460719894114646e+01 1.955657596808857690e+01 1.790090093727953047e+01 1.016092682928104729e+01 2.016620907898107973e+01 1.499800004618023053e+01 2.479251524589506062e+01 2.617253117964530773e+01 3.050903559241832497e+01 3.324821798612105539e+01 3.028642600092214110e+01 4.039861636585770555e+01 4.086993976563753250e+01 3.158893249859516317e+01 2.672798068443154662e+01 2.402716150150533636e+01 2.163966862522008228e+01 1.939590235879247260e+01 1.718179383662264215e+01 2.162045197533531393e+01 1.291935421804213568e+01 2.241397118683538636e+01 2.793071494402634158e+01 1.850104921113296541e+01 2.834614809511426969e+01 3.256712833863996792e+01 2.652701932850197863e+01 3.223434438341429598e+01
2.310514587239172357e+01 1.243728368848785415e+01 1.658199009961104764e+01 2.585083861297280450e+01 2.538140710588924875e+01 2.538140710447165205e+01 3.379309331901188074e+01 2.435818916539949797e+01 2.174460719894114646e+01 1.201221125057949557e+01 1.913807778146355787e+01 9.235656488105323803e+00 1.894099534921940631e+01 2.170256818394618747e+01 2.479250913949735136e+01 1.923752105242198596e+01 2.356377125274811135e+01 2.908110629011945747e+01 3.892428433470541904e+01 4.039861636585434468e+01 4.441243194078894874e+01 4.494251480797607456e+01 3.949093765860283867e+01 3.551154772165975970e+01 3.271906409316096642e+01 3.021692342796600173e+01 2.498663778936973401e+01 1.918147406474911065e+01 1.407916866022182667e+01 1.247088626409255596e+01 2.270635238307717785e+01 3.148371906253388985e+01 2.834614809512596167e+01 3.247100117034812428e+01 3.646520599649715422e+01 2.652701932850197863e+01 3.223434451674778956e+01
1.427422423469794843e+01 1.113427712417909277e+01 1.113427712417909277e+01 2.015610873684838111e+01 1.492067215999155749e+01 2.436349175063119787e+01 3.024180251254393781e+01 2.873550904610979728e+01 2.169849661247433303e+01 1.912468469544321081e+01 9.441905189369789397e+00 8.602057745210384354e+00 8.602057745210384354e+00 2.450073430321054602e+01 3.301963646541742037e+01 2.480861135943055018e+01 3.303408943406036968e+01 3.740373790289937261e+01 4.314550430747651433e+01 4.469716953144240534e+01 4.906583878938009491e+01 4.894587484836727498e+01 4.326672098030862657e+01 3.896703662249650080e+01 3.491422573109379357e+01 3.623912421891165536e+01 2.988526457080612886e+01 1.909445733457080152e+01 1.183139939037967281e+01 2.092433271151319474e+01 2.444421648436297190e+01 2.205531236407957252e+01 2.864843335748577147e+01 3.845088822924153504e+01 4.061620565319257281e+01 3.646520618070440634e+01 4.061619598005551524e+01
2.473230474088131459e+01 2.177919468729781016e+01 2.015610874172578804e+01 9.564838759627329878e+00 9.564838759627329878e+00 1.562139613089778223e+01 2.289084775568969121e+01 2.533941258766100191e+01 1.569993551003105559e+01 1.598754689345316571e+01 7.716924653550728763e+00 1.037390193022081952e+01 1.947798633380355682e+01 2.624754090894348124e+01 3.265099810673829239e+01 3.454610500907860171e+01 3.873540998776043409e+01 3.922695847221359600e+01 3.746076049080167536e+01 3.446334172332273482e+01 4.469716953149409733e+01 4.478785863674022494e+01 3.503484570087022831e+01 2.966992518955814262e+01 2.565750594355491288e+01 3.028586583732435500e+01 3.394806517847913341e+01 2.450626950945453331e+01 1.138928082645293216e+01 1.371198502679023079e+01 1.563407601916934020e+01 2.476798715464177292e+01 3.164268356856992881e+01 3.719585817498742841e+01 4.474939821306146115e+01 4.039709892098513677e+01 4.180348548236971595e+01
3.155435379546177543e+01 2.673458663677788039e+01 1.633309912383102258e+01 2.015610569199424873e+01 1.866154039954048116e+01 8.151830431064613691e+00 1.723804292497248980e+01 2.108167699600037182e+01 1.661269962121971844e+01 6.883253262115444748e+00 1.687016388040643022e+01 2.027301047385883237e+01 1.441418340125931330e+01 1.866230995388523795e+01 2.409731107700425667e+01 3.419892321054310713e+01 3.641800437546518765e+01 2.928939528360278999e+01 2.761885393518923237e+01 3.746076049076455661e+01 4.572121539822417446e+01 4.367360871956146440e+01 3.968291395654316744e+01 3.690211664858769325e+01 2.754532501923707244e+01 2.119086837679002144e+01 2.666854557529062930e+01 2.756973557362860916e+01 1.876452119968443455e+01 1.076505402273808265e+01 2.053392430528294810e+01 1.808470852141057250e+01 2.359341393728070813e+01 3.316672512771943104e+01 3.768418714615317811e+01 2.948497971218413838e+01 3.090484650865860772e+01
2.655234939494331314e+01 3.090473748235476137e+01 2.377736987504963651e+01 2.711930702836291829e+01 1.676070327316557140e+01 1.723804292497370838e+01 6.781204878071666720e+00 1.584238391653543232e+01 1.606876646340638359e+01 6.883253262115444748e+00 1.268691116252059636e+01 2.261024014050975239e+01 2.126213563293021735e+01 2.126217912778841423e+01 3.119517298487852131e+01 3.855297134326391983e+01 3.219989786403958476e+01 2.251406508019198327e+01 3.220004015165186928e+01 3.133729971548429916e+01 4.139584439876344391e+01 3.812405320932482056e+01 3.008002942023093240e+01 3.812405320932482056e+01 3.321957328203965432e+01 2.395502105167327400e+01 1.739336573446291467e+01 2.352835602556114125e+01 2.002641051889987622e+01 1.076505402273808265e+01 1.202310532630683504e+01 2.161388809870654981e+01 2.739522619270227466e+01 3.452906855243362827e+01 2.699678766675751973e+01 2.359353789178539174e+01 3.090484650865860417e+01
2.224270475363091037e+01 2.718017664242163178e+01 3.387393357287317031e+01 3.126569486991906999e+01 2.283981495635207182e+01 1.235647424867416611e+01 1.584992304354259396e+01 5.443592922435762205e+00 6.037948301828935271e+00 1.607297164527009059e+01 2.100459145405472583e+01 2.678408948596701933e+01 3.119247872836212920e+01 3.119537858354890503e+01 3.549117834004108829e+01 3.449536196426748091e+01 2.951363898827403176e+01 1.980641527994956874e+01 2.341823756017831570e+01 3.318307160380766163e+01 4.242915989853549519e+01 3.413868194092559349e+01 2.459278250923192743e+01 2.903642820371397448e+01 3.301487923858312001e+01 3.059795650669120093e+01 2.354608371008650991e+01 1.417972062858395255e+01 1.231292385489614638e+01 1.035262763959808296e+01 2.024146692944852077e+01 1.376423768887012855e+01 2.336636681593244802e+01 2.692322812083661177e+01 1.999566591190162868e+01 3.012705450102292204e+01 3.090484650865860772e+01
1.378942016070369725e+01 2.292327933616433455e+01 3.046976014569604985e+01 3.005892733034686515e+01 1.984956078002546676e+01 2.283940105824796163e+01 1.901246208953055827e+01 1.119422339707582381e+01 5.443592922435762205e+00 1.585995907769401825e+01 2.206209266360416521e+01 2.631972261040218086e+01 3.146754222918514898e+01 3.614657398689173107e+01 3.449536196427425949e+01 2.455304513700216162e+01 2.637749766638060578e+01 1.725773837071271544e+01 2.700715104430513236e+01 3.397804221585300155e+01 3.845041543658450678e+01 2.886161784890280302e+01 2.335524704281788289e+01 1.948101064044586295e+01 2.903625011164684722e+01 2.943085395929197645e+01 2.300556909186922994e+01 1.476742472542814255e+01 1.629283113261201166e+01 9.953508810208864688e+00 2.033845334146988293e+01 1.501192275744947580e+01 2.463987118482367222e+01 1.691375071062127589e+01 2.692322812083661177e+01 3.452906855243362827e+01 4.180348548236971595e+01
1.108391103228484020e+01 1.678380930157225492e+01 2.644672097410483147e+01 3.417828574206939862e+01 3.005892733034686515e+01 2.850633647615634558e+01 2.014809320644593171e+01 1.501866371933177824e+01 4.955908729851688399e+00 1.503442362901745000e+01 1.177797160606223414e+01 1.690730958616477153e+01 2.721687621767299348e+01 2.622031056141765504e+01 2.622031056141764793e+01 2.632249280052398532e+01 1.665709039666658597e+01 1.513277398997350431e+01 2.006054091477019696e+01 2.979676238378639042e+01 3.845182903042957179e+01 2.886163326264686546e+01 2.211771856491037624e+01 1.653505459451410076e+01 2.311304684762650297e+01 2.462865487289434441e+01 1.636520449305801961e+01 1.681351667083755430e+01 9.404538598371614100e+00 1.964292279763852278e+01 2.457961732317263071e+01 2.464033873141949726e+01 1.691375071062127589e+01 2.648114904608285869e+01 3.070172091828187888e+01 3.514261423691831254e+01 3.994778988229628425e+01
1.108601425100225590e+01 1.807163028315486741e+01 2.784847546546620478e+01 3.528997276681245410e+01 2.946514957396980705e+01 2.522526531507405068e+01 2.101925970544848354e+01 1.257768122665306976e+01 4.476751316959453497e+00 7.147441383477016075e+00 1.691420947050075441e+01 2.625520315541511707e+01 3.146754222916627342e+01 2.622031056141722871e+01 1.640734530272277425e+01 2.001404639790313666e+01 1.243258872424795669e+01 2.230658700789244975e+01 2.906105872190755335e+01 3.398379159973281816e+01 3.183543969623554304e+01 3.065255910439489995e+01 3.012531456369271865e+01 2.311304684761204697e+01 1.336430430546200121e+01 2.026239486091727926e+01 1.831442732270005891e+01 8.874400990954628199e+00 1.770382110678981391e+01 1.661612580798328054e+01 2.622321524031903550e+01 3.050753951232953298e+01 2.648114904608285869e+01 1.962604120448312628e+01 2.163383989423069664e+01 3.110878778087569074e+01 3.017434521609432352e+01
2.008174746195547655e+01 2.500167732364003825e+01 2.854962515823227065e+01 3.107650809001256320e+01 2.102212810241889684e+01 1.507193431609057654e+01 1.070972974572746672e+01 1.410459085366282750e+01 4.007595930721040034e+00 1.383618391519088320e+01 1.667662770420017182e+01 2.624456910300888879e+01 3.165207917041230701e+01 2.631876125153281265e+01 1.989621668389534292e+01 1.001536387925315807e+01 2.001404639790313666e+01 2.642890923068902964e+01 3.087787106380828206e+01 3.183540100568541575e+01 2.107722901322209097e+01 1.990176481668080655e+01 2.690326718602973699e+01 2.369141225999147693e+01 2.026186860336059681e+01 1.033541423135144299e+01 8.328155257703889092e+00 1.010482531085672342e+01 1.989547320762012106e+01 2.590187822013756147e+01 2.622321286782176131e+01 3.533526824745175787e+01 3.314007114612189042e+01 2.627008583663239705e+01 3.110868482465382812e+01 2.471194831483812493e+01 2.471194831483812493e+01
1.767861375748282526e+01 2.174571947042253228e+01 1.926542267275080533e+01 2.593082816746863983e+01 2.946514957396985679e+01 2.522526741679172702e+01 1.655947195431923546e+01 6.238328476035512438e+00 4.007595930721040034e+00 1.116281281947744297e+01 2.113907880547589713e+01 2.539708661307993864e+01 2.739337356378766941e+01 1.990771664198824453e+01 1.329432774394394023e+01 8.410199693649467179e+00 1.862915522511130106e+01 2.804463988578788403e+01 2.113731345782467841e+01 2.805188636212774966e+01 2.304882623116149531e+01 1.246614918722890941e+01 1.766070459678667603e+01 1.513856979267856318e+01 1.780598702437020009e+01 8.328155257703889092e+00 8.328155257703889092e+00 1.834112015801709106e+01 1.268618677540857043e+01 2.243251207565687366e+01 2.495375998569387832e+01 2.904779349758504736e+01 3.474263994376058662e+01 3.589244078377723923e+01 3.753880787709550049e+01 2.782873305935880381e+01 3.430501327137493917e+01
7.742440425375272106e+00 1.566524538401314715e+01 1.290330154902304471e+01 1.998568000471521344e+01 2.501287812828511647e+01 2.601373151416233753e+01 1.592180477966590857e+01 1.091279631524721694e+01 3.548834407443542283e+00 1.360450680407097224e+01 2.165289493321914449e+01 1.429007094152241919e+01 2.178856357428236024e+01 1.989803915762767872e+01 1.702307051621902900e+01 6.865181485282264795e+00 1.706190584165527113e+01 1.854822863937895860e+01 1.432381217493288794e+01 2.134303272753086134e+01 2.138945926061028402e+01 1.765735134591526645e+01 7.078468143842004068e+00 1.730425154689673306e+01 7.737728708727694027e+00 1.779239550102409595e+01 1.833868041961698481e+01 2.248963613600822598e+01 2.243251214643714064e+01 1.268618677540857043e+01 1.522659533143543698e+01 2.081309757266844329e+01 3.061501530189676501e+01 3.780333619166778902e+01 4.158598799077066843e+01 3.465120302872693969e+01 3.465508156701635301e+01
1.900915540191209008e+00 6.332423148808799418e+00 1.157479027318365183e+01 8.414262079593219923e+00 1.766905593307511069e+01 1.748340611926671784e+01 2.033142447322953572e+01 1.323773431820473512e+01 3.091452768339411517e+00 1.300254389924763387e+01 1.697976180965823190e+01 8.477214865349274930e+00 1.718627373633853850e+01 1.650249419965333786e+01 1.486833741573238754e+01 5.380323445028688312e+00 1.331086814013466935e+01 8.379467555188988115e+00 1.462914033226866906e+01 1.256569765999003963e+01 1.224652128583580080e+01 1.968409765106984821e+01 1.675496553505153585e+01 7.078468143842004068e+00 1.730558113561856359e+01 1.475010224324479857e+01 2.390282943966614937e+01 2.805905569760492924e+01 1.831359986827400732e+01 1.268618677540857043e+01 2.243251382822009887e+01 1.978040722612377422e+01 2.346932876706908289e+01 2.920349052798552236e+01 3.977516776286701372e+01 4.443827923894403398e+01 4.450091964458737692e+01
1.900915540191209008e+00 1.900915540191209008e+00 1.900915540191209008e+00 1.900915540191209008e+00 1.177553409909042159e+01 7.642044487430760036e+00 1.294222986264274056e+01 1.589357023555414550e+01 1.204272844866270908e+01 3.091452768339411517e+00 1.306959004036688654e+01 5.804655250263026645e+00 1.321280266341335796e+01 1.328814689673629879e+01 9.451530188740820293e+00 4.012751602692989472e+00 4.289840026734336398e+00 4.565315145354098547e+00 4.846404081222982718e+00 5.128051546737344424e+00 1.254405316474867860e+01 1.621349023115562815e+01 6.421743196142053911e+00 1.387988814130716264e+01 2.128816173812374757e+01 2.390659266399240579e+01 2.787645412123426425e+01 3.214635774419965486e+01 2.649909023894921845e+01 1.756261212049659548e+01 2.649909023894921134e+01 2.962607827807815752e+01 3.344639042529474438e+01 3.784488136298461569e+01 4.404120726220422455e+01 4.768125236057367999e+01 4.693866661898066894e+01
