output/example/elevation_000046.asc
nrows	75
cellsize	133.333333333
xllcorner	0
ncols	75
yllcorner	0
NODATA_value	-9999
[rows 51 to 67 of 75, columns 37 to 73 of 75]
1.789784066440794561e+02 2.789803096470333230e+02 3.010312951719787975e+02 3.128167293486817471e+02 2.298391348922174586e+02 2.422426084339472254e+02 3.422463575899386115e+02 3.748471847875134699e+02 3.219826800815964134e+02 4.077382995523014415e+02 4.257004862006818939e+02 4.446008246496963920e+02 4.023278143158177045e+02 4.946822932659384264e+02 4.418096020905483670e+02 5.125349569658004611e+02 6.125697400471269702e+02 6.082699026501039725e+02 5.668373488585910991e+02 5.930642670477204774e+02 5.996822046846576768e+02 5.582572122086119180e+02 4.952775781591890905e+02 5.689299450683714667e+02 4.689250313840561262e+02 4.982157924502164406e+02 4.825516075106469316e+02 3.825499107720603433e+02 4.825516075106469316e+02 5.102872669648861574e+02 6.102937079033985128e+02 5.433247436706629969e+02 4.433214283376566414e+02 5.099903052263276209e+02 4.424323763739751598e+02 5.424356523047819110e+02 5.777927122507230706e+02
2.789803096470333230e+02 2.182016429980823773e+02 3.182047587880384185e+02 3.712704346298183964e+02 3.005506734902479593e+02 3.422463575899386115e+02 2.609743257930305163e+02 2.748418329345544748e+02 2.910639830754340096e+02 3.077306720813492689e+02 3.256912635013298996e+02 3.445896341876085671e+02 3.688436576456697935e+02 3.946645487557687488e+02 4.946822932659384264e+02 5.832727540183146857e+02 5.603415944219025278e+02 5.189104642802682292e+02 4.668204585526698338e+02 4.930456278191365413e+02 5.637716432741641484e+02 6.367091365457508800e+02 5.952837213880122817e+02 6.103550560137291541e+02 5.689299450683714667e+02 5.325532066514521148e+02 4.325500083698416915e+02 4.825516075106469316e+02 4.102849246438189539e+02 5.102872669648861574e+02 5.841575871043237385e+02 5.683258319979676116e+02 4.683214786887494938e+02 5.683258319979676116e+02 5.424356523047819110e+02 4.777878448483468219e+02 5.777927122507230706e+02
3.596324183982450222e+02 3.182047587880384185e+02 2.653422501210865221e+02 3.653478512776825937e+02 4.005589486352503741e+02 4.024082441508392094e+02 3.187100042610206287e+02 3.325777144290563569e+02 3.910703616404760510e+02 3.654673227549483272e+02 4.257004862006818939e+02 4.023278143158177045e+02 4.688578226783966443e+02 4.653847203822990082e+02 5.361183699975783838e+02 5.221155024236002191e+02 5.025970594851531246e+02 4.188969485657264045e+02 4.090797472704359734e+02 4.223266578285522428e+02 5.223404090041376548e+02 5.912089715822597782e+02 5.912089715822592098e+02 6.326422743425787303e+02 6.032684037419078322e+02 5.032620129506991589e+02 5.032620129506991589e+02 5.517117001224281694e+02 4.809963959093370249e+02 4.427292446103164139e+02 5.427326589486818875e+02 6.097511554412457144e+02 5.683258319979676116e+02 5.109621116700869266e+02 6.109688473894973413e+02 5.777927122507230706e+02 5.204286519917928899e+02
3.759293490982178696e+02 4.067775025366457271e+02 3.230784371715019461e+02 3.469950693973341913e+02 4.470083660058298847e+02 4.601514881486305057e+02 4.187193746002503190e+02 4.325883551016790989e+02 4.740211589928180729e+02 4.654815277002685434e+02 5.069160076192544011e+02 5.023468306602168809e+02 5.437831790535852861e+02 5.654128910662361704e+02 4.928242994730633768e+02 4.221018581894214776e+02 4.578702479195774231e+02 3.611584625416659264e+02 3.590771470032763091e+02 4.590861587936992692e+02 5.403391638386971181e+02 4.911904253262362090e+02 4.911904253262362090e+02 5.912089715822592098e+02 6.446939049916824160e+02 6.032684037419078322e+02 6.032684037419078322e+02 6.224270043355171538e+02 5.427326589486818875e+02 4.805259034430603720e+02 4.961821030189521480e+02 5.961881276111541865e+02 6.443051224354522901e+02 5.442962972975877847e+02 6.443051224354522901e+02 6.618618816521791359e+02 5.781665616409758286e+02
4.173595766030761638e+02 4.645213160281784894e+02 4.230889447498093432e+02 4.470083660058298847e+02 4.299631484178876235e+02 4.299631484178872824e+02 4.713916636181589865e+02 4.465558243218911230e+02 4.051280511901857722e+02 4.290453635966852062e+02 4.704738460496428161e+02 4.850898209580748812e+02 5.265199512953769272e+02 4.688112339208868775e+02 4.273828271741491562e+02 3.513866180461767499e+02 4.164421728822313185e+02 3.164362315050301504e+02 4.153223056469589665e+02 4.403241950209983315e+02 4.403241950209982747e+02 4.204714415845589883e+02 5.204851792802047612e+02 5.600236066923311000e+02 5.850281545453424314e+02 5.959697173907446768e+02 6.374031691593405640e+02 6.841662104758418081e+02 6.213589248036907975e+02 5.213514700225091474e+02 5.961881276111541865e+02 5.668960160558374355e+02 6.669055405985393463e+02 6.150123181072408443e+02 6.150123181072408443e+02 7.150242079245595050e+02 6.488841494839110737e+02
4.778231867831682962e+02 4.123062661501308526e+02 3.708794310755488368e+02 3.799593512645523106e+02 3.299555541112179071e+02 3.299555541112179071e+02 4.299631484178872824e+02 3.888157678470088285e+02 3.051221482395147291e+02 3.290379057542514261e+02 4.143713270151079087e+02 3.850787677133315015e+02 4.850898209580748812e+02 4.273828271741491562e+02 3.273757916859182728e+02 3.013856123838300505e+02 3.714119057419959518e+02 2.934945933336413759e+02 3.153164391545536773e+02 3.403166375248403597e+02 3.704684237277496095e+02 4.704783104323817611e+02 5.307315365822070135e+02 4.600071157384832077e+02 4.850099631332975036e+02 4.959507998074240049e+02 5.854465628036484759e+02 6.268796113894147766e+02 6.627847873528363607e+02 5.920664419561708200e+02 6.627847873526598050e+02 6.669055405985393463e+02 7.083314035299720217e+02 7.150242079245850846e+02 7.150242079245589366e+02 7.564500955664070716e+02 7.488964704277412920e+02
4.363901521302482820e+02 3.545672178268592347e+02 2.708750595283900111e+02 2.799544573585134231e+02 2.592433249500135730e+02 3.592471003134881471e+02 3.554805816177486690e+02 3.140552609466562899e+02 2.473865504378408957e+02 2.790094107801497785e+02 3.143650591039272513e+02 4.143713270151079087e+02 4.318023806176084349e+02 3.791942089739586663e+02 3.377683645387072033e+02 2.566640732618237735e+02 2.714082710069231439e+02 3.714119057419959518e+02 3.730530786098526619e+02 4.403241950209983884e+02 4.704783104323819884e+02 4.991042220019078286e+02 4.576748918576249707e+02 3.892898858834428779e+02 4.142912313659151096e+02 4.476273999654159184e+02 4.854283183597415245e+02 5.561505997736538802e+02 6.561732740734423714e+02 6.920772341697547745e+02 6.464465884462792928e+02 6.050129220575678346e+02 6.464465884466944772e+02 6.843988631253303083e+02 6.429640429125215633e+02 6.843988631335539594e+02 7.344151156237119267e+02
3.399277482455628956e+02 2.985026928206930847e+02 2.131397027317993036e+02 2.092431631310359990e+02 3.092452126317509737e+02 3.259909328922602185e+02 2.845662603975828233e+02 2.140531946484664729e+02 3.140552609466562899e+02 3.790137719145308210e+02 4.143713270151079087e+02 4.145236585893597976e+02 3.610861629797747128e+02 2.903699453419794168e+02 2.377658486203854409e+02 3.377683645387073170e+02 3.714119057419959518e+02 4.128386490006769236e+02 4.730631435779782237e+02 5.144929198787783662e+02 4.702332756559551399e+02 4.288048254282604717e+02 3.576660481105266740e+02 4.576748918575808602e+02 5.143046131558705838e+02 5.476432197510989681e+02 5.854465628036484759e+02 6.268796113894147766e+02 6.181543514448956103e+02 6.050146250596616255e+02 5.964353370303718975e+02 5.049934084078575438e+02 5.964353370303733755e+02 6.343864427500025158e+02 5.429423767834832688e+02 5.929532098480035529e+02 6.791187496480179107e+02
2.821903948512539273e+02 1.985006933321465112e+02 1.684183238247513543e+02 2.490013470529242738e+02 2.531680561233031597e+02 2.573493105818714071e+02 1.845648012924389150e+02 2.845662603975828233e+02 3.554805816177491238e+02 3.344768492122936436e+02 3.759026994294123938e+02 3.438080483214872061e+02 2.730924380578418322e+02 2.196586992723483434e+02 3.196607597691192382e+02 3.791942089739586663e+02 4.657846762939870473e+02 4.633807151292978119e+02 4.219524768393170575e+02 4.448307723161831859e+02 4.034030975650211985e+02 3.287981228239323173e+02 3.865351714770343392e+02 4.865462465348127807e+02 5.545038608444846204e+02 5.130728940404567311e+02 5.545038609063885815e+02 5.857034332511736920e+02 5.181339041837067043e+02 5.049949810307215898e+02 5.049949810307215898e+02 4.549867968287312010e+02 5.550031652327121492e+02 5.537225802086585418e+02 4.929343368172328610e+02 5.376627748496772483e+02 5.954085563619447612e+02
2.350168641983101736e+02 1.407656148701115342e+02 1.448480977750273837e+02 1.490003717677585939e+02 1.531670384344313902e+02 1.573482484844676321e+02 2.573493105818714071e+02 2.678533502366191215e+02 2.722901877168420697e+02 2.344740167556674351e+02 2.812213549131122932e+02 2.857160845062418275e+02 2.023813307480938022e+02 3.023830352578716543e+02 3.610861629797747128e+02 3.657748330642958763e+02 3.657748330642958194e+02 4.056402087749847283e+02 3.219459370722211702e+02 3.798316654448276495e+02 3.033979805982156677e+02 4.034030975650211985e+02 4.702332756559566178e+02 5.279764260282549913e+02 5.044957998159313206e+02 4.130597045771115177e+02 5.044957997996014569e+02 4.856851907430535107e+02 4.474135728158482266e+02 4.657667851043568135e+02 4.049823127749339733e+02 5.049949810307215898e+02 5.203837296761039397e+02 4.537060286109955882e+02 5.244271830667632912e+02 6.244479253037280841e+02 6.689877177626958655e+02
1.350160191221729349e+02 2.350168641983153464e+02 2.448490325637155820e+02 2.197112415926715130e+02 2.238779202630637428e+02 2.573493105818714071e+02 1.634284274875725771e+02 1.678521670396107481e+02 1.722889495866913876e+02 1.767388911815913275e+02 1.812199983310736116e+02 1.857146640808286406e+02 2.857160845062418275e+02 2.975638025378451630e+02 3.025268030281716847e+02 2.657709168478487527e+02 3.657748330642958763e+02 3.433615391823311143e+02 2.642103478143891380e+02 2.798277270629984059e+02 3.798316654448276495e+02 4.448307723162065486e+02 4.724464162442243378e+02 5.138761692008307591e+02 4.630662993087670429e+02 3.630571413151309343e+02 4.630662993087628365e+02 4.149667286405410209e+02 4.333194794138108819e+02 3.657574723256488483e+02 4.657667851043568135e+02 4.902283420924950406e+02 4.203696236535324147e+02 5.203837296761039397e+02 5.951546872872931999e+02 5.982605012452426081e+02 5.689643289348143753e+02
2.293371978587333615e+02 1.884682951684883108e+02 2.884700512410882425e+02 3.197139168984046478e+02 3.238806993608438347e+02 2.819993500436816589e+02 1.819979613060512236e+02 2.678533502366191215e+02 2.722901877168420697e+02 2.344740167556674351e+02 2.812213549131122932e+02 2.857160845062418275e+02 1.926235494393634440e+02 1.975621974226114901e+02 2.025251140924662536e+02 3.025268030281716847e+02 3.233610123482613403e+02 2.433589050119807382e+02 3.433615391823311143e+02 3.798316654448276495e+02 4.212586403646824351e+02 4.017286829581128700e+02 3.724364387307221023e+02 4.724464162442243378e+02 4.297299133108833189e+02 3.297233420609111363e+02 4.091997994134197256e+02 4.189593588276542278e+02 3.333128117982241179e+02 4.333194794138108819e+02 4.619408209668896461e+02 3.902168520381289341e+02 4.902283420924950406e+02 5.618149187050152022e+02 5.511109944276454371e+02 4.982412932442700821e+02 5.689643289348143753e+02
2.707609096492560070e+02 2.884700512410883562e+02 2.591794999527920140e+02 3.591836974106777802e+02 3.527126053221799680e+02 2.527089606677771485e+02 2.819993500436816589e+02 2.121490968989374721e+02 3.121510834800172347e+02 3.344768492122934731e+02 3.759026994221201790e+02 3.279812460984742302e+02 2.279788935385417972e+02 2.682732663911104964e+02 3.025268030281716847e+02 2.096228485023431176e+02 2.233589048974471041e+02 3.233610123482613403e+02 3.847875134176456413e+02 3.445434545288024424e+02 3.526815713360909967e+02 3.017235937961924037e+02 3.693536058439700582e+02 3.779288536292651770e+02 3.866662498090677786e+02 2.995721247902415030e+02 3.091946304863625414e+02 3.189536340125545166e+02 4.189593588276542278e+02 3.499795352268882880e+02 3.619318969640524983e+02 4.619408209668896461e+02 5.006982884108539906e+02 5.186613513065334473e+02 4.510944772040805333e+02 5.511109944276454371e+02 6.396938866713476273e+02
2.531690042037278943e+02 3.270385399139250353e+02 3.591836974106777802e+02 4.006102745522823056e+02 3.941389527020328387e+02 3.527126053221799680e+02 2.828603330872672927e+02 3.121510834800172347e+02 2.486639597694033341e+02 3.486670484873613987e+02 3.912300398656087168e+02 2.912249160844055496e+02 3.279812460984744575e+02 3.682774121524714133e+02 3.096246664727602820e+02 3.096246664727602820e+02 2.172924983908169452e+02 3.172944673754626024e+02 3.331099158148510355e+02 2.445408331854522430e+02 2.526787177741556150e+02 2.608986671424829069e+02 2.693502096992930888e+02 2.779251389843997799e+02 2.866621796300466940e+02 3.866662498090677786e+02 4.091997994134213172e+02 3.896667610197990257e+02 4.006068165112275210e+02 4.499874682511954802e+02 4.619408209668896461e+02 3.840186074637816205e+02 4.006858039152317019e+02 4.186472498686978270e+02 5.186613513065334473e+02 5.045541378866518585e+02 5.545625091614239182e+02
1.856122238626443277e+02 2.856137996985657992e+02 3.642376467675360345e+02 4.056642953045833337e+02 4.634050347369921496e+02 4.242923831596493756e+02 3.535732436237542515e+02 3.900932289781806617e+02 3.063995618365740938e+02 2.958047065865781065e+02 3.958099922539668114e+02 3.912300398656090010e+02 3.912300398656090010e+02 4.510590100867650563e+02 3.644366126713038625e+02 2.644330208161923110e+02 3.172944673754626024e+02 2.251011864852481779e+02 2.331075941755095471e+02 3.331099158148510355e+02 3.526815713360910536e+02 3.609017762700725598e+02 3.400620387870069408e+02 3.356608137860075090e+02 3.866662498090677786e+02 3.401150069459887391e+02 4.401225072987289764e+02 4.896779457325188787e+02 5.006188076185889031e+02 5.420494219215538578e+02 5.254597027185452589e+02 4.417580063106227044e+02 4.584262322243073982e+02 5.186613513065334473e+02 4.686525926004924827e+02 5.393744472471551035e+02 6.045736982803598494e+02
2.856137996985657992e+02 2.234086946336737753e+02 2.642336603086041009e+02 3.219696857569023791e+02 4.219767552742314365e+02 4.894912050164697916e+02 4.535822742071679272e+02 4.478333182504638330e+02 4.064055090064567821e+02 3.665178029957848480e+02 3.590521374842159048e+02 4.590614097584993374e+02 4.912415655321069039e+02 4.221755270092970704e+02 3.221687938020269826e+02 3.644366126713038625e+02 2.958124537673759278e+02 3.251033222446860691e+02 2.360776124843062860e+02 3.360800115784479658e+02 3.887572583627156746e+02 4.404208197271065046e+02 4.400697042960512704e+02 4.356680698233278122e+02 4.770967144669100435e+02 4.108294356236869476e+02 4.217696729225497165e+02 5.217832556065367271e+02 5.809786398646821226e+02 6.102752061659446099e+02 5.832053313858192496e+02 5.417735312306259630e+02 5.584429910318802968e+02 5.998752590388450017e+02 5.186599380446305076e+02 6.101026466855413446e+02 6.808308461239311100e+02
3.648367877111165285e+02 2.811441506436516420e+02 3.050596900906318751e+02 4.050660020070658334e+02 4.602007129118723583e+02 3.894798602910872205e+02 4.187725049183919168e+02 5.187859459362589405e+02 5.030898795017687348e+02 4.665275928326695407e+02 4.590614097584993374e+02 4.590614097584993374e+02 5.590776619600894719e+02 4.636037787485161061e+02 3.799060632190902425e+02 4.372452149952302989e+02 3.665255653512908225e+02 2.993236072760408319e+02 3.360800115784479658e+02 2.473284914946947026e+02 3.473311947248639626e+02 3.404130071575756347e+02 4.404208197271065046e+02 5.121570720162368389e+02 5.225696526150863974e+02 5.108422382201827645e+02 5.217832556065367271e+02 5.516860926981451030e+02 4.809605841231911540e+02 5.102551944087794595e+02 5.452806570989225747e+02 5.452806570989145030e+02 6.453029811453860702e+02 6.601143247367368758e+02 6.186802819805716354e+02 6.601143247721429361e+02 7.038531282740219694e+02
