output/example/elevation_000008.asc
nrows	75
cellsize	13.33333333
xllcorner	0
ncols	75
yllcorner	0
NODATA_value	-9999
[rows 34 to 50 of 75, columns 0 to 36 of 75]
4.159999999999999636e-03 1.000415999999996330e+01 1.263743476427680079e+01 2.263743476427672974e+01 2.266659039667929321e+01 2.266228998430625197e+01 1.854944771259025416e+01 1.983244102337815207e+01 2.114737613263714522e+01 2.114737613263714522e+01 2.557499242341269508e+01 1.943233385032888805e+01 2.930742668111977167e+01 3.338712035928853084e+01 2.981349659519827711e+01 3.874783157960992952e+01 4.303083342858562332e+01 3.545781344454103134e+01 2.494222667652265457e+01 1.760439169536673987e+01 2.422861445013302628e+01 2.791187853366407268e+01 2.135310207576085162e+01 2.479794356405033184e+01 2.224103092478778620e+01 1.228004294586605916e+01 5.250433703984321632e+00 8.169060828162146848e+00 1.353703860006622683e+01 2.354577240225142276e+01 3.246097431627038787e+01 3.138520679876399910e+01 2.444573964626953355e+01 1.441944035586595163e+01 2.262048318354064236e+01 2.677906263803343023e+01 2.418802482034906731e+01
3.329999999999999627e-04 4.472468954999571977e+00 1.447246895499953467e+01 1.974140404554646366e+01 1.270033902921516678e+01 1.677715780973385407e+01 8.580269139675728240e+00 9.871137093191855172e+00 1.119539285789491601e+01 2.114737613263714522e+01 1.567031554580445452e+01 1.816182508800262241e+01 2.081818464113332467e+01 2.367564293766606198e+01 2.931824355306353524e+01 3.894530944146116980e+01 4.107201488052989191e+01 3.526154322889124870e+01 3.110410361277182290e+01 2.422861445013302628e+01 1.416298516542796904e+01 2.093841166227212724e+01 2.438567951813755030e+01 1.646477180998256884e+01 2.083440679121886063e+01 1.509432081623005573e+01 5.296680872886068592e+00 1.509432078548867295e+01 1.311894105153241163e+01 1.795983686951750613e+01 2.825029784769419905e+01 3.156113112853005376e+01 2.149847501224068580e+01 2.149847515740690795e+01 2.149847458079473483e+01 3.156102241373918460e+01 2.604428208592845806e+01
1.129999999999999928e-03 1.000112999999996255e+01 1.814996167659512594e+01 1.402368384911574495e+01 5.636137204677130974e+00 6.798604568047164953e+00 1.677715780973385407e+01 1.983244102337815207e+01 2.114737613263714522e+01 1.317448688172811977e+01 2.310940244434890545e+01 2.801935432611972843e+01 3.061318928089224300e+01 3.338712035928853084e+01 3.738437438479295594e+01 4.294918149839254085e+01 3.692990067435343349e+01 2.683932416910860397e+01 2.098131207057227599e+01 1.722187255379070692e+01 1.401731467365273609e+01 1.117223667968480427e+01 1.850851311478482586e+01 2.083440679121886774e+01 1.190663639258166384e+01 1.498283984955342341e+01 5.047132108558485264e+00 1.498317577969673842e+01 2.310506735858081839e+01 2.733404800451194916e+01 3.246097431627092078e+01 3.570619032165649998e+01 3.156113112853025982e+01 3.156120333561219127e+01 2.862273880656459824e+01 3.316048147491585496e+01 2.309670470786865337e+01
3.329999999999999627e-04 1.000033299999996217e+01 1.249402222336667556e+01 4.034860354997980458e+00 1.402368384911574495e+01 1.677715780973385407e+01 1.213958430177791037e+01 2.210262944746632385e+01 2.720501933393327221e+01 2.310940244434890545e+01 1.681681690836129306e+01 1.996352711860087936e+01 2.985744932146580055e+01 3.922654010572251337e+01 4.492565895273564536e+01 3.695949762591961729e+01 3.284189297216659753e+01 3.284189297216659753e+01 3.110410361277182290e+01 2.727804804214210677e+01 2.392598954602497230e+01 1.850851311478482586e+01 8.837095662651487160e+00 1.623877984705355360e+01 8.946936391648723230e+00 1.457921319510027125e+01 4.843090668969290746e+00 1.189384165020789830e+01 2.199818720688676521e+01 2.924054703460294746e+01 3.514690421863679148e+01 3.743784422736895579e+01 3.322126731010337863e+01 3.743784422736895579e+01 3.865466654827893933e+01 3.730591191704679233e+01 3.316051994866186448e+01
4.329999999999999539e-04 9.968698573820221398e+00 2.500930886190924518e+00 1.249402222336667556e+01 1.219346285203958580e+01 2.216723340263252240e+01 1.919015800842954889e+01 2.027835874425144880e+01 3.021970322948075705e+01 3.082084343513637492e+01 2.255058846120609317e+01 2.985744932146580055e+01 2.526038122421657661e+01 3.096572579407467174e+01 4.083366423806504031e+01 3.284189297216659753e+01 2.285367577037790099e+01 2.285367577037790099e+01 2.990658669814871828e+01 3.287316080627815751e+01 2.995446925845407193e+01 2.261063573148194905e+01 1.623878885832082730e+01 6.566369697839214759e+00 1.423365496999782565e+01 4.639453914926363609e+00 4.639453914926363609e+00 1.499842659479733520e+01 1.477621417391301151e+01 2.067934287913220714e+01 3.098265446160436909e+01 3.224472129766259343e+01 2.274947447084608498e+01 3.169711402707466519e+01 3.592672204927360013e+01 4.187227833629910378e+01 3.695297084454125525e+01
5.329999999999999452e-04 1.026511352079481298e+00 1.102802004695588245e+01 9.569731917990690562e+00 1.955388353892153575e+01 2.628669038855013085e+01 2.913395749561320969e+01 3.021970322948075705e+01 3.228577552168352582e+01 3.521601850510405285e+01 3.243614531910905185e+01 3.652647537569119862e+01 3.513640732108054721e+01 3.922654010572250627e+01 3.420348596475359670e+01 2.973554449590553617e+01 2.560775492819205468e+01 1.572818263753976531e+01 2.577915685681767499e+01 2.289574615838611749e+01 1.997192731730171289e+01 2.187170260753705975e+01 1.290203852813562868e+01 1.032988440658971108e+01 4.358712246209435648e+00 1.432465182891140287e+01 4.639453914926363609e+00 8.417755360402185971e+00 1.855592891852204573e+01 2.761578639127223411e+01 2.831480534629348611e+01 2.403751358576667840e+01 1.754032225064782935e+01 2.119871905942783741e+01 2.730869920628434500e+01 3.769180015462234223e+01 4.109071361982908144e+01
3.709999999999999756e-03 9.993364518787981154e+00 1.519995154474911558e+01 1.955388353892153575e+01 2.367818474195516742e+01 2.675136884283224248e+01 3.089786454466976195e+01 2.934997612869883099e+01 2.227064274170162506e+01 2.520400721847463998e+01 3.036933182551814880e+01 3.451323004408983763e+01 4.029036503234418376e+01 3.712364098825304382e+01 2.716831092337109865e+01 2.007461447087549899e+01 1.555511833914436792e+01 1.234739143934754502e+01 1.924080065331460787e+01 2.289574615838606775e+01 1.292219228959135791e+01 1.713751214746091378e+01 1.387486889111060329e+01 4.080468651387558765e+00 9.750171503840146414e+00 1.585069443422690760e+01 1.472847484023389697e+01 6.005769823499517379e+00 1.310842839986567299e+01 2.178555043240005418e+01 2.060577665137850190e+01 1.374230278260243487e+01 2.403751358576667840e+01 3.169711402707466519e+01 3.592672204927360013e+01 3.918998029501960900e+01 4.336496521149332040e+01
6.660000000000000121e-03 7.077727811865485386e+00 1.707772781186555378e+01 2.379949884799266613e+01 1.964477903283773230e+01 1.670113315131555964e+01 2.675136884283224248e+01 2.520400721847463998e+01 1.517438261904142394e+01 2.458525720664992420e+01 2.035102071086878084e+01 2.613933213594135196e+01 3.614761885948036024e+01 3.698230137292662789e+01 3.420348596475359670e+01 2.973554449590553617e+01 2.560775492819205468e+01 1.924080065331460787e+01 9.134780963030097567e+00 1.632344308020473989e+01 1.713751209571588774e+01 7.147297491984932805e+00 3.802731766804969826e+00 1.387486889111060329e+01 8.871630392188817993e+00 1.409964535057243395e+01 2.036210739556894467e+01 1.610988039963172369e+01 7.409481263171018739e+00 1.752655393752732138e+01 1.045598226777026696e+01 2.060577665137850190e+01 2.252046034769183080e+01 3.290959616784971331e+01 3.073798895743157189e+01 2.883844725126252584e+01 3.637275865043146439e+01
1.030000000000000013e-02 1.001029999999996356e+01 1.680522074640531116e+01 1.459573262023767803e+01 9.546688607291548223e+00 1.964477903283773230e+01 2.221860163618619310e+01 1.806849096713146707e+01 1.137914201685540228e+01 1.455422228414555263e+01 2.458525720664992420e+01 3.111745063329627925e+01 2.697197449093949118e+01 2.697197449093949118e+01 3.436481884629165506e+01 2.956249422234669666e+01 2.559208833034040609e+01 2.338400833256730138e+01 1.632342254038347207e+01 6.211232299512793098e+00 1.361900314735302153e+01 3.802731766804969826e+00 3.802731766804969826e+00 1.213747489660757495e+01 1.962816955158251275e+01 2.232311662686209175e+01 2.687870864452844444e+01 2.178555043240005418e+01 1.752655393752732138e+01 8.854884783268788695e+00 1.898050881492524411e+01 1.229884652360776087e+01 2.252046034769183080e+01 2.603333003195439233e+01 2.021805208725586667e+01 2.813441555771368030e+01 2.591929600919926102e+01
1.349999999999999985e-02 7.569717886962466835e+00 1.032316975453949226e+01 4.475857930089491177e+00 1.459573382006463937e+01 1.926158372107453687e+01 1.511043699800982587e+01 8.037241903893303174e+00 1.806849096713146707e+01 2.458525720664992420e+01 2.533227512869026654e+01 2.118389259832592231e+01 1.694672257456335984e+01 2.697197449093949118e+01 3.040238304259162305e+01 2.078179361808918202e+01 1.607514037401499607e+01 2.083358135808100542e+01 2.021971237562090806e+01 1.361231345608221588e+01 3.526556404795365030e+00 1.361900314735302153e+01 6.438297999296684004e+00 1.534216453906869049e+01 2.219665523307580202e+01 2.647359312233844264e+01 3.152993655021705877e+01 2.871341731608403691e+01 1.840429553118218564e+01 1.126623737572635342e+01 2.145778474925348434e+01 2.252046034769183080e+01 1.421739090944488026e+01 1.562260535761019220e+01 1.562260535761019220e+01 1.762898971207856391e+01 1.977207230776012992e+01
1.339999999999999872e-02 1.898461683101473618e-01 3.663198097490468208e-01 1.038121442969372588e+01 1.063179706319995965e+01 1.243119449773861263e+01 5.085629505911361647e+00 1.511043699800982587e+01 2.221860163618619310e+01 2.139923495036570600e+01 1.724886333464065302e+01 1.115149709728101435e+01 1.694672257456335984e+01 2.697197449093949118e+01 3.436481884629165506e+01 2.956249422234669666e+01 2.083361435217769753e+01 1.167008003232761304e+01 1.704179380938611033e+01 1.316930353772616336e+01 3.332441483372728719e+00 1.352583241717270468e+01 1.534216453906869049e+01 1.024748485711993240e+01 1.299512895412863855e+01 1.722843764674572498e+01 2.716488430654758446e+01 2.882867866766578402e+01 1.841020044355451546e+01 2.145778474925348434e+01 1.626178317547552510e+01 2.665378632303142936e+01 2.148318499605553811e+01 2.603333003195439233e+01 1.562260535761019220e+01 2.603331431769217730e+01 2.591929601000333605e+01
1.369999999999999864e-02 1.001369831678136890e+01 1.038121442969372588e+01 6.165153514292999182e-01 6.165153514292999182e-01 2.412573587146511489e+00 1.243119449773861263e+01 1.926158372107453687e+01 1.805712681198200542e+01 1.390586588366261722e+01 7.219870981706549173e+00 1.724886333464065302e+01 2.533227512869026654e+01 3.111745063329627925e+01 3.155302822835097132e+01 2.757701505007992893e+01 2.478330734709787464e+01 1.709248973998863264e+01 8.283167212153268011e+00 1.289096041044750862e+01 3.138440985809348494e+00 1.326302286596001245e+01 1.817395360782190750e+01 1.912944512077559978e+01 2.219665523307580202e+01 2.647359312233844264e+01 3.152993655021705877e+01 3.311329357237651294e+01 2.883328158029421218e+01 3.093312702547069293e+01 2.359371087056315375e+01 2.474008994613252099e+01 3.194057511869337773e+01 2.895157747731330744e+01 1.842968715932010326e+01 2.895157747731330744e+01 3.637277523869568796e+01
1.290000000000000001e-02 1.001289999999996283e+01 1.478298741755567569e+01 1.063179692986662772e+01 6.165153514292999182e-01 6.165153514292999182e-01 1.063179719653329336e+01 1.088413344641522862e+01 1.088413365109053288e+01 3.883913851298071318e+00 1.390586588366261722e+01 2.139923495036570600e+01 3.045939956162431272e+01 3.429093561838000426e+01 2.479601809399435552e+01 1.840126586119480123e+01 2.177153835254498304e+01 2.089787994657067216e+01 1.401406067834476232e+01 5.176265469385320728e+00 3.138440985809348494e+00 3.734988513047698966e+00 1.394869042752632460e+01 1.580868695498330290e+01 2.017813776348580035e+01 2.671529051749522310e+01 2.699488154416314245e+01 3.118342967349719785e+01 3.019929653057879193e+01 3.438535229147333894e+01 3.404146198226528952e+01 3.516875872284442295e+01 3.939297300242562017e+01 3.320901049061450294e+01 2.370139747211822367e+01 2.510772268776219107e+01 3.256659804429742167e+01
1.349999999999999985e-02 7.084567811865461806e+00 1.708456781186539075e+01 1.478298755088900762e+01 6.394691390095783134e+00 1.063179719653329336e+01 8.684519467153531957e-01 8.684519467153531957e-01 8.684519467153531957e-01 1.088413361371025978e+01 1.435713277829461099e+01 1.508823857166128590e+01 2.237451258016139732e+01 2.652274465434759776e+01 2.828582250386833508e+01 1.907637781727101611e+01 1.282901265142691827e+01 1.775825812701572559e+01 1.283146988685720125e+01 2.877709221061370393e+00 1.289044857505642838e+01 1.394869042752632460e+01 4.584409445112965109e+00 5.187885715519912289e+00 1.241383245972887650e+01 2.054016262054800990e+01 1.681860695257442728e+01 2.434886206423511723e+01 2.006604678882365533e+01 2.723552286393654498e+01 3.735447911239068475e+01 4.017738763018060411e+01 4.127820781192362176e+01 3.840889671539723338e+01 3.119142966850081677e+01 3.556592604699029891e+01 3.976308999941920774e+01
1.319999999999999993e-02 7.084267811865462505e+00 1.708426781186539145e+01 2.057005586410575759e+01 1.641979105117941984e+01 1.088413344641522862e+01 8.684519467153531957e-01 8.684519467153531957e-01 8.684519467153531957e-01 1.047970672642715151e+00 4.810432610264371966e+00 1.447048749360331499e+01 1.234432920478392681e+01 1.866060645259594963e+01 2.281051687826246521e+01 2.567138119694216059e+01 1.777489286777293742e+01 8.726814700628114707e+00 1.259919741501893675e+01 2.693998704470859096e+00 1.272261109601235951e+01 1.904176954147227718e+01 1.481771354812913977e+01 1.432007432482245335e+01 6.048431445508384741e+00 1.632041158600493347e+01 1.083014130962311050e+01 1.413705994730847770e+01 2.434886206441074918e+01 3.438535229147041150e+01 3.720262188449396490e+01 3.007525387600232492e+01 3.118127947646297216e+01 4.127820781192352939e+01 4.146933171827455311e+01 4.088365831093818059e+01 3.670644985502106294e+01
1.359999999999999924e-02 5.787102691896265583e+00 1.285817050376176418e+01 2.285817050376182991e+01 1.722495116177524466e+01 7.199238057533805524e+00 1.088413334622795148e+01 4.196353418210277297e+00 1.088413355755302980e+01 1.106296028286415201e+01 1.302134956532627452e+00 1.131626819702708886e+01 6.558355602831283271e+00 8.634345800561586515e+00 1.866060645259594963e+01 2.272532714767668338e+01 1.691576086099484399e+01 1.227586375635761939e+01 4.917122210899584012e+00 2.510381047573729152e+00 9.931365166032136926e+00 2.112639559516777865e+01 2.098749183305045207e+01 1.115687580995333583e+01 1.632041165868564647e+01 6.926857656196851565e+00 1.723055427891066316e+01 2.238855362315751663e+01 2.853952029938275103e+01 3.215837199504127852e+01 2.798471451097668350e+01 2.293532867380577756e+01 3.303410034814746155e+01 3.734841268906906464e+01 4.152827755863645365e+01 3.505987252319461334e+01 2.661835475969389719e+01
1.299999999999999940e-02 1.001299999999996260e+01 1.769136952966358578e+01 2.216350548466314763e+01 2.137494723778580052e+01 1.428837728240851490e+01 1.813470973249454232e+01 1.401354571039943586e+01 9.868048578310599339e+00 1.546762873401125482e+01 1.131626819702708886e+01 1.556463588498567141e+00 1.556463588498567141e+00 8.634345800562059026e+00 1.866060645936121176e+01 1.836019286852444665e+01 8.044222215935791453e+00 2.250924942668206974e+00 2.250924942668206974e+00 1.138558323309811904e+01 1.306574709318730676e+01 2.399094030486739015e+01 2.488578018987900364e+01 1.564548299736606829e+01 2.144671993735146742e+01 1.723055436396736084e+01 7.842245086985612623e+00 1.817731729247228856e+01 2.334123363065918255e+01 2.367527370418877553e+01 1.787007736363093713e+01 2.638104062194684474e+01 3.019940443758692794e+01 2.723818826230591483e+01 3.734841268906907175e+01 3.088208543612337564e+01 2.083934831414775601e+01
