output/example/elevation_average_000073.asc
nrows	75
cellsize	133.333333333
xllcorner	0
ncols	75
yllcorner	0
NODATA_value	-9999
[rows 17 to 33 of 75, columns 37 to 73 of 75]
2.886765170678560821e+02 2.494761047229228268e+02 1.582737639080283714e+02 2.529631548030116903e+02 2.441711837051867917e+02 3.171551654823722970e+02 2.925138708983391780e+02 3.870485160936921716e+02 4.042391566373263458e+02 3.196845950077849920e+02 3.959286678289728343e+02 3.686723794842247912e+02 3.288221090164846601e+02 2.554134022235628265e+02 3.508306589449741182e+02 3.885350913306073153e+02 4.117206686906616255e+02 4.108353697967573339e+02 4.211932206546072166e+02 5.136531499516175927e+02 5.214378144403652868e+02 4.680337648704393700e+02 3.919000653709903190e+02 2.970497183883947514e+02 3.832969189261995666e+02 4.177913291050807629e+02 4.569125141997302535e+02 5.033192973457304333e+02 5.131276146100235565e+02 5.148091017320252831e+02 4.500783327967344007e+02 4.604128227868088175e+02 5.529216834205113855e+02 5.846746789479560675e+02 6.219995410861981782e+02 6.035350201116814333e+02 6.028295838411598879e+02
3.653367585196301661e+02 2.942624871552882837e+02 2.536514659984662785e+02 1.638612851610407688e+02 2.573841451175315456e+02 2.232630646264644554e+02 3.172696524161821117e+02 3.574305818193174105e+02 3.185387627450328978e+02 2.704444166919709573e+02 3.656302135881160780e+02 3.295549179517753373e+02 2.341018543731853470e+02 3.295657972688665609e+02 3.549940518582363893e+02 2.936770199423945655e+02 3.192755854798971882e+02 3.513916086355101243e+02 4.166130327238896029e+02 5.096759570221400963e+02 4.950150389880405442e+02 4.517516752891331748e+02 4.166260251961493282e+02 3.832811944361081373e+02 2.883258068967499526e+02 3.245063575457475622e+02 3.715135354040612015e+02 4.377085430873686960e+02 5.304986839869162623e+02 5.758565448501664150e+02 5.426520617796476245e+02 5.527711602399297135e+02 5.559901105330521887e+02 5.717790578580051033e+02 5.505685030849981558e+02 5.118149045868747180e+02 5.779258754447375850e+02
3.633295881971603194e+02 2.729965515487890002e+02 2.042410436240330398e+02 2.596688036352474001e+02 1.695155013040978531e+02 2.628077166904197952e+02 2.755279584875386263e+02 2.797043531753238312e+02 2.226732910369873650e+02 3.185291495906888599e+02 2.954107748327327840e+02 2.995087657393236782e+02 2.197406172852272164e+02 2.394610163965384970e+02 2.599602320516997338e+02 3.276948283728081606e+02 4.133003449706433798e+02 4.445587183775620588e+02 4.835799225625339091e+02 4.603196596093542325e+02 4.220070030354932555e+02 3.630464607921111337e+02 3.221626593144285380e+02 3.689104993866475297e+02 2.822698754207903562e+02 3.497764917592720053e+02 4.438687924259069746e+02 4.815506112960315477e+02 4.455614969474540885e+02 5.101364534035167253e+02 5.264671086366439567e+02 5.258563635990167313e+02 4.636626254028707308e+02 4.795734342351948385e+02 4.580555549582999220e+02 5.505847064346716024e+02 5.956701634711466795e+02
3.181471285129592275e+02 2.587360919963096535e+02 2.982729009509215530e+02 2.615804682730852733e+02 2.648785648174726362e+02 1.751833553761918836e+02 1.792469124256488442e+02 1.833125030506830910e+02 2.797376192287325694e+02 2.895209552522294416e+02 1.991959369580856674e+02 2.033772918474872426e+02 2.995390318518761319e+02 3.343678160281430110e+02 3.549934567925698161e+02 3.939981936681489287e+02 4.603694402305501967e+02 4.367729534974948251e+02 4.628910273534683029e+02 4.218549261419836967e+02 3.276129133651432994e+02 3.542258138454016603e+02 2.677715018137750462e+02 2.737538215396911596e+02 3.689364533997417652e+02 3.975787760225695706e+02 4.071088130039824478e+02 3.880212802500312819e+02 3.791587463031598872e+02 4.355694556515132945e+02 4.336371817477835862e+02 4.677758490321125464e+02 3.967441004360867964e+02 4.137885491399786133e+02 5.069522783297114188e+02 5.045956017252626111e+02 5.698261981633364712e+02
3.746311615496706509e+02 2.985755095138044339e+02 3.663100908998413274e+02 3.547506603736083548e+02 2.892784149033005292e+02 1.987748600868002029e+02 2.691019316892003985e+02 2.797068156804678551e+02 1.891238967690409822e+02 1.932595899341525012e+02 2.895401307354296137e+02 2.995041405294935544e+02 2.097089987441170535e+02 3.057845400643073503e+02 3.509003480955867076e+02 3.906910347879058349e+02 4.082457401301670075e+02 3.426112351795167683e+02 3.691131046567821272e+02 3.853794655486969418e+02 3.466312722327732558e+02 2.594095790964031494e+02 3.547942092448622020e+02 3.689174831781666626e+02 3.849188530366494660e+02 3.032674830584394385e+02 3.125389479361663803e+02 3.219339482117582634e+02 3.315205287589862451e+02 3.414403969247189252e+02 4.356454575266237157e+02 3.740411087535998149e+02 4.677859307091533196e+02 5.067258636207922109e+02 4.460407320598291676e+02 5.387382323948496605e+02 5.822496532512498106e+02
3.458233777506812885e+02 3.779980326968382087e+02 3.825694176011620584e+02 2.959492852104022518e+02 2.547445716882284898e+02 2.300017834889536061e+02 3.140869229008723096e+02 3.181340364012239661e+02 2.231614320820963542e+02 2.895160707395104964e+02 2.246655575280885557e+02 3.205048046807852415e+02 3.057686084060926532e+02 2.159681051805944776e+02 3.092920794636541473e+02 2.962940463866494269e+02 3.267091702058539795e+02 2.746168356145262237e+02 3.355810422955297554e+02 3.400249165625698993e+02 2.511458822790754084e+02 3.466396282332257783e+02 3.654690561463027052e+02 2.820076288170223506e+02 2.902704798077554642e+02 3.849042629508580831e+02 4.069940111367454278e+02 4.137538470186432846e+02 4.007012075401713673e+02 4.355910079875427527e+02 3.559041375701892207e+02 4.499161844517832947e+02 4.063965912607700943e+02 4.996595051998182839e+02 5.386728159953725026e+02 4.901892337267279345e+02 5.555740323398779310e+02
4.055649792218146672e+02 4.287478500824121852e+02 3.600989532894625427e+02 3.813925493975441441e+02 3.433901788703960278e+02 2.653129632359908214e+02 3.482896192737631509e+02 3.564202920090713178e+02 2.623575911340493576e+02 3.428664606848298035e+02 2.481530553203365059e+02 3.390784787447934150e+02 3.509015882861894511e+02 2.881074617244955789e+02 2.221899939058692155e+02 2.265907185709110365e+02 2.310620479180322491e+02 2.355241068401783480e+02 2.400007101088036165e+02 2.444826228453247268e+02 3.400701879857502945e+02 2.623742604532748715e+02 2.703719199686746606e+02 3.654903216527790732e+02 3.846844434052614474e+02 3.186806505237886427e+02 4.131560929129134934e+02 4.810772689334046959e+02 4.935884289923461665e+02 4.728740483562606300e+02 3.797206755750499951e+02 3.919625293779074013e+02 4.854514712904625640e+02 4.406475262011223890e+02 5.334112331607353781e+02 5.820130796493791649e+02 5.655570047247645107e+02
4.669747575038859395e+02 4.662570983630537853e+02 4.438001357350278226e+02 4.276993653040423169e+02 3.423679503921465539e+02 3.220812267129900306e+02 3.937154714111624685e+02 3.548971902334023412e+02 3.300390611977333037e+02 3.685970162063728708e+02 2.740962825212886855e+02 3.675006836628072051e+02 4.208593707235609713e+02 3.570166217714453296e+02 3.154744015281124803e+02 2.472033449243345160e+02 3.268029063249044270e+02 3.275508168229424086e+02 3.102462035014017943e+02 3.400578060023860303e+02 2.657502605531296922e+02 3.576829120499666033e+02 3.655282280524746739e+02 3.307727365232893817e+02 4.250686171028936542e+02 4.131204473710793650e+02 3.488223440275593248e+02 4.429025362155669541e+02 5.148580429128395508e+02 4.978437662833817967e+02 4.051211391476819017e+02 4.854173170283135619e+02 4.323571850004265684e+02 5.252527432313651161e+02 4.772859447136659696e+02 5.695302108896073605e+02 6.476466533678719770e+02
4.660541903138414455e+02 4.623817715445388217e+02 4.426385209547797785e+02 4.589964931150704501e+02 4.264266626881283742e+02 4.149887306257933801e+02 4.467487207383529153e+02 4.488302502269259548e+02 4.243630366042243054e+02 4.075610620621726525e+02 3.221087864053154135e+02 3.289502983287791835e+02 4.230156411426564773e+02 3.987732377956388632e+02 3.050497932983269038e+02 3.427566291509701273e+02 2.832923688595323597e+02 3.782821029506411605e+02 4.036195535154328127e+02 3.997114872120585574e+02 3.227188389982652552e+02 2.882586343141940119e+02 3.832250999046460151e+02 4.251212634472090599e+02 4.249603167417319582e+02 4.810249723068438925e+02 4.428841639544290842e+02 3.832959611877607813e+02 4.768958626777711061e+02 5.362599496194196718e+02 4.984249127580200707e+02 4.472843976337908316e+02 5.252648584188865470e+02 4.794231859491812884e+02 5.695274481935122139e+02 5.188779570101255558e+02 5.869803759975043249e+02
4.348208667681176962e+02 4.251335049061818268e+02 3.554197214939438254e+02 4.287552675787247267e+02 4.994047406782277676e+02 4.725638639664694551e+02 4.818802593016302467e+02 4.439158244130829303e+02 4.820543814639409561e+02 4.548986153800125294e+02 3.896728169658840670e+02 3.960145742920637986e+02 4.213452083247823339e+02 4.382121586885022566e+02 3.640459265109004718e+02 4.128301469493154059e+02 3.384841859895477114e+02 3.306988817927911555e+02 4.250291245976529808e+02 4.554742328114957104e+02 4.155975378942324596e+02 3.807193211489741316e+02 3.116746432850728752e+02 4.063210056915213499e+02 4.711552462674549133e+02 5.556647702707804228e+02 5.148607438540826706e+02 4.768897625233324788e+02 4.250612432383934447e+02 5.180496089276770135e+02 5.704129766194408830e+02 4.796533831035711160e+02 5.663205571975111070e+02 5.716360916366356832e+02 5.332921453445808311e+02 6.105063557273136894e+02 5.765207299737309086e+02
4.018972635940914984e+02 4.009148834953375058e+02 3.138588248669633458e+02 4.007585156158804125e+02 4.558769766783494219e+02 3.839873821863841385e+02 4.417070223990497766e+02 3.498328408771544105e+02 4.410599451759665044e+02 4.970300244123190510e+02 4.829854385764310223e+02 4.893774255614450226e+02 5.143253218475427957e+02 4.942813750269075399e+02 4.570702096233808902e+02 4.709400433033845275e+02 4.327107745832673800e+02 3.976887632042727887e+02 3.967524010880573542e+02 4.900329269684154383e+02 4.622064184561373281e+02 3.695062327216278391e+02 4.055346527144957918e+02 3.386697584145617839e+02 4.329133367618287593e+02 4.925994813403014518e+02 5.275914848113596918e+02 5.557698858497450374e+02 4.949887595376695799e+02 4.825926227451259933e+02 5.712569922288865882e+02 5.483536144112831607e+02 5.459721751415629569e+02 6.348574301803358821e+02 5.989808239055440708e+02 6.081394085151634954e+02 6.672802574087407947e+02
3.675977927511942767e+02 3.656782263505533592e+02 2.767840024041593665e+02 3.656980745886725117e+02 4.171595990118964323e+02 3.256510551212584232e+02 3.613132311558451875e+02 3.095046131434900190e+02 3.651061296781268197e+02 4.570318554161779616e+02 5.267883151276970466e+02 4.926033056238159702e+02 4.554490649826003619e+02 4.906277778566224015e+02 4.884457037218396067e+02 4.503194788079281921e+02 4.884630458797677193e+02 4.910714411637036392e+02 4.901282368266261074e+02 5.239777454636009679e+02 5.013995684024967545e+02 4.281272871354943845e+02 4.666061612445501510e+02 3.811557155363158245e+02 3.723102955224456423e+02 4.000197984871417702e+02 4.362092110152775604e+02 5.287391370225344644e+02 5.857601515811930994e+02 5.470945475398929148e+02 6.120648939732374174e+02 6.380379104456043251e+02 6.372296284950555219e+02 6.742168052872976887e+02 6.893456475888369823e+02 6.984493689788216670e+02 7.350618938470390731e+02
3.950107086432124675e+02 3.343546715700775849e+02 2.404713664601216294e+02 3.332725696338615649e+02 4.036149173573106168e+02 3.605817540990003636e+02 2.660509538488038288e+02 3.589430997023478653e+02 4.056041889752918905e+02 3.956040020095391014e+02 4.859029816013991763e+02 4.435022418048777126e+02 3.617006407077273593e+02 4.351264609569616937e+02 4.483461063615631019e+02 3.563039116019375001e+02 4.483677118572775839e+02 4.833280040444466295e+02 4.956594759205346463e+02 5.340523452705413092e+02 5.578101856792567332e+02 5.192517840177348489e+02 5.127930270465282092e+02 4.355661783816505022e+02 4.267860278933823110e+02 4.902080389406909262e+02 4.933855625335523882e+02 5.029129287437733637e+02 5.947801471472522508e+02 6.382521869404167774e+02 6.086900867037652461e+02 6.171861575039259833e+02 6.543052854836919323e+02 6.400300575600360844e+02 6.301573962195286640e+02 6.671871634353103673e+02 7.307005938664945006e+02
3.721539902988535573e+02 2.791422136951515540e+02 2.117609659046597983e+02 2.741627656369666965e+02 3.523226208470870233e+02 3.141742244240701325e+02 2.436214321809306114e+02 2.766166458489797151e+02 3.148176706503205082e+02 3.998737037209659206e+02 4.262374187070553830e+02 3.870489900571192834e+02 3.109402800080731026e+02 3.977026405628390648e+02 4.097846590851521569e+02 3.163881670824694652e+02 3.952187855265370331e+02 3.900967625898325082e+02 4.028295270842312448e+02 4.779742511024209080e+02 5.171382675739591832e+02 5.641516081640279481e+02 5.660784149918378034e+02 5.284176216922279536e+02 5.197707096978289201e+02 5.574780937179829152e+02 5.847077688491083336e+02 5.942397781724407650e+02 6.320516799767061684e+02 5.800292063859053542e+02 5.173180842789070084e+02 5.256361562762623407e+02 6.101402225219968614e+02 5.492836909554782778e+02 5.388052830173081702e+02 6.036773144558413833e+02 6.591292357436567499e+02
3.442897466858951816e+02 2.831423779208767542e+02 1.872411355532746313e+02 2.824427631810918911e+02 2.905986872336773104e+02 2.182405562489174429e+02 3.141625946411799077e+02 3.713880891259395867e+02 3.598951446836748573e+02 3.624610888895203971e+02 3.665879103367612970e+02 2.966418924714030254e+02 2.751492954377298474e+02 3.699990938751575982e+02 3.532544018223504168e+02 2.821504388914103743e+02 3.024695775536591782e+02 3.243030340457502803e+02 3.532202920561037445e+02 3.855641848762404607e+02 4.335495850195098342e+02 5.019912435088569396e+02 5.926171926087855581e+02 6.055010560057860403e+02 5.681006148067851882e+02 5.785230581302265591e+02 6.088040606909794406e+02 6.193453964728280425e+02 5.808331828277742943e+02 5.412063028122316837e+02 4.497686172217139529e+02 5.402811327244711492e+02 5.316568685741549416e+02 4.807887491216694116e+02 5.729850931946131141e+02 6.016260426150739704e+02 5.682089865802417989e+02
2.531275512049005272e+02 2.569991055863452516e+02 1.657946602599017467e+02 2.624554638802500790e+02 1.943492385408337668e+02 2.905974377317179460e+02 2.833336392384634905e+02 2.873467019590299856e+02 2.649712814129144363e+02 2.672669596241108820e+02 2.991938900859186106e+02 2.319987958073169239e+02 3.261454514673802692e+02 3.306210066130781797e+02 2.578511714615004848e+02 3.510300992884539255e+02 3.968432557248289640e+02 3.806937657726872999e+02 4.465165832781102040e+02 4.779802741350525253e+02 5.171391148851816979e+02 5.417686336413642039e+02 5.793310258153890118e+02 5.486886257597850545e+02 4.758856354783359848e+02 4.864808527486844696e+02 5.785239619677324754e+02 5.621988506767257832e+02 4.929397179516601568e+02 5.045053454942894859e+02 4.177824934839477464e+02 4.948924080775976790e+02 4.388574079635715179e+02 5.316745309625889604e+02 5.624967391249492721e+02 5.098455093854362303e+02 5.631681917852592960e+02
1.564324430331464555e+02 1.603069869439657680e+02 2.570400359853412624e+02 1.713479011003102812e+02 2.679327856375341526e+02 2.774835432937664450e+02 1.870539811086778741e+02 1.910988966459119638e+02 1.950967355307166429e+02 1.990724781768666958e+02 2.030529455592830175e+02 2.070330023757970537e+02 3.031276325971220444e+02 2.348993174629535474e+02 3.306318686574909975e+02 3.919733911533056130e+02 4.513992424359327060e+02 4.721736219984552463e+02 5.122366158860485257e+02 5.041402234865085461e+02 4.661247720721921723e+02 4.491324217282497102e+02 5.154223554839004464e+02 4.774614823135882489e+02 4.218411222617220915e+02 4.876284433807152254e+02 5.795300661363505696e+02 5.238275806701623196e+02 4.315398057149865281e+02 4.659794750466730875e+02 3.893001022792748245e+02 4.017639009144436386e+02 4.951293303007307713e+02 5.309252436427490238e+02 4.701285658276133859e+02 5.624895448414235943e+02 6.388405605366507416e+02
