output/example/elevation_000159.asc
nrows	75
cellsize	13.33333333
xllcorner	0
ncols	75
yllcorner	0
NODATA_value	-9999
[rows 0 to 16 of 75, columns 37 to 73 of 75]
4.292743189178251839e+01 4.689228645209972512e+01 5.246019640523112315e+01 4.901287301404081376e+01 4.508170644306461128e+01 4.385213416345704474e+01 4.778235799001635797e+01 4.815051144222074697e+01 4.403247697129491200e+01 4.815051142932376393e+01 4.804844979852060050e+01 4.760075607895763028e+01 4.949383207862180711e+01 4.730504025722670036e+01 4.915548809986358947e+01 4.910015888687666319e+01 5.225283901033271405e+01 5.453541936835534187e+01 5.857753515299454961e+01 6.481519505029294237e+01 6.059396284827775503e+01 6.026828686221529807e+01 5.687980687801656643e+01 5.276692719878131754e+01 5.687980687801656643e+01 5.950740058573590119e+01 5.538102494904382667e+01 5.664767225104606752e+01 6.078926690871154648e+01 6.359562398993218579e+01 5.940190782756355503e+01 6.063255807926353924e+01 5.861794159985480235e+01 5.448635798210872139e+01 5.861794159985480235e+01 5.825642193931674484e+01 5.835600284273495220e+01
3.290276090838327860e+01 3.882165808629537196e+01 4.853602321227066341e+01 4.508170644306461128e+01 3.553193220021238119e+01 3.428577879643489013e+01 4.227240260712660813e+01 4.312682190605092813e+01 3.394137161729589280e+01 4.312682190229896406e+01 3.928080698540537696e+01 3.625508469863158467e+01 4.336242553295583235e+01 4.013668023474733815e+01 4.438995474084389770e+01 3.550286666999696905e+01 4.483867753950177359e+01 4.517782019939718197e+01 5.453541936835534187e+01 6.059396284827775503e+01 5.082599397408721842e+01 5.056179819209464199e+01 5.056179819209464199e+01 4.339084678745344092e+01 5.170359745871893153e+01 5.394879412288106835e+01 4.589165107080471984e+01 4.710832113093623974e+01 5.664767225087557989e+01 5.788949102629519672e+01 4.961850982454640047e+01 5.075544143572415834e+01 5.220407932755980340e+01 4.510323360256871439e+01 5.084122071312349078e+01 4.834889288837633359e+01 4.863226136860539839e+01
3.713968540097932447e+01 4.009309254718787230e+01 4.396538406626159912e+01 3.775250887936101662e+01 3.375521578094036812e+01 2.857909773905683082e+01 3.767389726206048550e+01 3.423334300790190809e+01 2.889482798547377840e+01 3.832005271043828998e+01 3.815014161738621112e+01 3.026330289353698433e+01 3.772273643303963553e+01 3.508520124598253176e+01 4.067127722824866254e+01 3.550286666999696905e+01 3.867883765894945469e+01 4.398438162796136908e+01 5.329283800130761506e+01 6.059396284827775503e+01 5.082599397408721842e+01 4.431146293844698647e+01 4.127159516373758663e+01 3.870834991223337340e+01 4.227798547624490055e+01 4.635021955511205505e+01 4.050432520643122558e+01 4.710832113093621132e+01 5.664767224921280331e+01 5.375346035693232949e+01 4.418758540935509416e+01 4.612521174563492821e+01 4.150189400146851426e+01 4.260329658406443798e+01 3.884073671072241041e+01 4.219594628647999457e+01 4.863226136860539839e+01
3.388875952292698912e+01 3.065573451019752937e+01 3.853173061756341156e+01 3.375521578094010522e+01 2.376690536916209950e+01 2.985082414913894766e+01 2.985082425960557728e+01 2.374405957188943006e+01 3.169557371728811646e+01 3.159409504539693003e+01 3.402317926945505633e+01 2.640726425732479044e+01 2.820555153124152881e+01 3.006122201765035484e+01 3.204598273371946959e+01 3.569885317118245638e+01 4.515956897060833342e+01 5.187767766693983873e+01 5.732328356840387329e+01 5.860286372321862558e+01 5.782059451219006263e+01 5.368696581891850883e+01 5.056179819209464199e+01 4.503868330907835116e+01 3.542145846629203021e+01 3.678253737346544483e+01 4.635021955440964092e+01 4.814432826190570580e+01 5.772455369899723365e+01 5.502781660944132369e+01 4.541510052556915156e+01 3.883473631655657243e+01 4.439120277627780808e+01 3.525326095764556555e+01 4.014252473963210122e+01 4.778603558692026354e+01 5.427170632721582422e+01
2.944753336237904762e+01 2.515210002615876661e+01 3.159513490031571337e+01 3.526632753000350107e+01 2.983341144389617483e+01 1.979807213254584397e+01 1.979807213254584397e+01 2.064905983582560722e+01 2.158016101856601665e+01 2.256606338795785405e+01 2.411916104069566913e+01 3.402332476242281700e+01 3.774296831727235002e+01 3.955365288435082505e+01 4.156317597010770015e+01 4.512764490395348815e+01 4.229861275933784270e+01 5.206652912805470379e+01 5.860286372321164095e+01 4.908521092378526873e+01 5.083173326212014587e+01 5.483905309727727939e+01 5.010556016371240418e+01 4.306363938177936745e+01 3.317801222139526374e+01 4.306071681169080989e+01 4.916185442475012479e+01 5.772455369912752587e+01 5.622447525219048714e+01 5.213510380702761182e+01 5.229571148208209053e+01 4.439120277627822730e+01 3.471091837625323251e+01 3.292317179339475786e+01 4.288254154787870220e+01 4.738961654616427666e+01 4.453896162139148629e+01
1.910688639340503769e+01 2.575567089587664427e+01 2.229041662193385065e+01 3.012695413444690118e+01 2.868113083047648004e+01 1.979807213254584397e+01 2.985082357515131335e+01 2.951679757144651362e+01 2.591059127673743134e+01 3.257063610854299185e+01 2.451605618030907152e+01 3.450725223819883070e+01 3.532454031158169272e+01 3.844337087957749333e+01 4.239662860538292932e+01 4.786220467422625546e+01 5.206652912805470379e+01 5.633199133921727508e+01 5.754099785755275320e+01 4.805266420135118466e+01 4.138980950316351226e+01 4.611077156244445518e+01 4.592761791803256699e+01 3.702699705881146741e+01 3.151152127452324336e+01 3.568330571589444133e+01 4.475039609117739303e+01 5.380024007562914790e+01 5.213510380702761182e+01 4.250475171310586830e+01 4.532541653595088604e+01 4.775120750949705695e+01 3.799128429112492000e+01 3.077877441047996854e+01 3.407434420459547653e+01 3.766797517021452535e+01 4.453896162139148629e+01
1.556315040600448185e+01 1.620414007405901202e+01 1.682902577517845444e+01 2.655346574477817612e+01 1.872113477405570237e+01 2.868113083048799794e+01 3.390005502017032768e+01 3.430443437528410300e+01 3.596280264228568058e+01 3.063178590827314096e+01 3.450722543444800294e+01 2.663413708504645427e+01 2.663413708504645427e+01 2.882536159808291742e+01 3.447433215519335192e+01 4.393028264827874807e+01 4.757946842588387426e+01 5.153946061526237798e+01 5.629625764206173955e+01 5.151916150970487962e+01 4.211832121219909197e+01 3.648696218167192740e+01 4.247291912301206196e+01 4.000021674485608969e+01 3.001980580379675345e+01 3.877762627094282522e+01 4.257081080779555293e+01 5.016027544114145087e+01 5.105376572476062336e+01 4.137662654879687096e+01 3.565289596625720492e+01 4.141696370024871499e+01 3.731773078566273227e+01 2.911268695099204606e+01 3.929589125409233930e+01 4.372570015710609681e+01 4.372570016511694035e+01
2.517335568293993830e+01 2.302820930739256511e+01 2.658943243569526160e+01 1.769685629021141438e+01 2.754321171986761385e+01 2.868010751101573774e+01 3.853040385367413734e+01 4.340494896846931283e+01 3.977939736415533645e+01 3.718368926745688441e+01 4.038449677387555425e+01 3.367312818392586848e+01 2.663413708504645427e+01 3.645815995225772355e+01 3.224443888566189997e+01 3.507993092299241056e+01 3.817040094033758635e+01 4.285115614646281301e+01 5.231171031509519764e+01 5.518523912619829019e+01 5.008322089834229729e+01 4.247633711189916284e+01 3.257192153521165068e+01 3.879187744562681672e+01 2.857329158099716437e+01 3.636997844187241213e+01 4.712640269721050146e+01 5.106893189709877134e+01 4.643636839945463635e+01 4.036865453779135748e+01 3.149749695746067601e+01 3.703267373391871331e+01 2.700681898687552973e+01 3.593987737293009133e+01 3.877238308097568620e+01 3.381906600052285228e+01 4.087083621628217855e+01
2.970925127916567376e+01 3.289547826940887632e+01 2.884814649138015241e+01 1.887930764264831396e+01 2.884786031773686332e+01 3.078737039504578732e+01 4.059040676643387258e+01 4.633245030258687081e+01 4.872911143686420132e+01 4.680708850397191867e+01 4.711244888318073265e+01 3.863310708614782385e+01 2.897836982617849344e+01 3.863311751464697608e+01 3.701097591372974449e+01 4.167386239384006785e+01 4.757946842588387426e+01 5.153893978402257403e+01 5.630996492531842534e+01 5.590679041009390460e+01 4.682949877314548814e+01 4.050576026410838182e+01 3.930736285371656891e+01 2.918526849352479857e+01 2.716800004813800129e+01 3.596394622318921108e+01 4.007915119021293293e+01 4.281733957768088317e+01 3.512972381327647042e+01 4.277052233079380272e+01 3.703267375509948067e+01 2.675740130787643167e+01 2.554312872747526342e+01 2.554312872747526342e+01 2.855963851660122543e+01 3.877238308268427858e+01 4.372570016723274477e+01
2.597031935576352168e+01 3.552364861974206178e+01 3.282733874769058957e+01 2.884527454981948935e+01 2.073943445923778128e+01 3.078831778919720819e+01 3.264588461315905477e+01 3.829232999699559059e+01 4.229075902476746762e+01 4.794386760523555324e+01 4.638533678507122460e+01 3.689490951798125451e+01 3.166393352425295760e+01 4.121155871390418213e+01 4.366045605150688402e+01 5.036854187389965887e+01 5.512305693076720559e+01 5.338879748363122246e+01 5.233982661721942264e+01 5.484964713241587475e+01 4.892229711122160296e+01 4.045169777863464589e+01 3.511991103173176043e+01 3.914414500580725331e+01 3.124974115755160398e+01 2.553028790811702464e+01 3.441603674422166392e+01 3.778526179370147986e+01 2.988562488042808241e+01 3.707881485308641345e+01 3.284813119934096903e+01 2.371287625969162960e+01 3.421904810129614560e+01 3.593987737298733265e+01 3.877238308110067067e+01 4.285983346873295119e+01 4.884604364286775535e+01
2.127648538883945761e+01 3.136476811796602604e+01 3.702256974984260296e+01 2.715993972584885796e+01 3.060218786579397232e+01 2.292437454471976466e+01 2.560054537265035890e+01 2.855413856396790351e+01 3.421812494453035924e+01 4.387052070992464081e+01 5.033009343824132031e+01 4.445306944841570385e+01 3.489135750696369342e+01 3.946981829944231634e+01 4.896852059954811409e+01 5.705424321742351168e+01 5.338955795764601220e+01 4.375383085039391062e+01 4.270172149999978473e+01 4.544762342164180779e+01 5.253807896918506515e+01 4.752030913125278744e+01 4.383596083696332357e+01 3.924850077552420657e+01 3.922048271564730726e+01 3.447286402892397916e+01 2.393682618148214658e+01 3.302124093899433888e+01 2.700221470250789935e+01 3.271470815905705365e+01 2.204952796885200073e+01 3.266575184283719580e+01 2.582519742587991729e+01 3.583038344284818066e+01 4.049854121967999987e+01 4.307207562308016691e+01 4.068041976057688203e+01
2.710063520443776142e+01 3.557340141348618090e+01 3.702572180693823611e+01 3.702431833384017779e+01 3.288618724852412356e+01 3.292706172724633973e+01 2.591120543564887413e+01 3.572628277077080128e+01 3.421792575881024590e+01 3.978381685961669234e+01 4.939952376239685350e+01 4.842189990724031645e+01 3.967093734058845200e+01 4.560512218894187697e+01 5.296177701717844144e+01 5.539046110224698083e+01 4.576625702634416371e+01 4.019860674297863312e+01 3.573604328333354374e+01 4.169059032611002635e+01 4.573199219272945726e+01 4.809321537345288533e+01 5.060304418126109738e+01 4.726618684043920382e+01 4.154948648689950375e+01 3.150702155643474001e+01 3.302124093881384681e+01 2.241018451339649076e+01 3.162722791344767970e+01 2.706563343765588314e+01 2.095362293763736972e+01 2.288722590500990250e+01 3.334825111262075836e+01 2.882785830714744790e+01 3.185176431745867376e+01 3.493518822603904539e+01 4.068041976057687492e+01
3.718968200295897475e+01 4.141874543953876753e+01 4.670972066176548765e+01 4.640446242452755854e+01 3.870810664446905491e+01 2.911969553099502406e+01 3.572145003889960435e+01 3.970357385730685706e+01 4.385088467321261163e+01 4.782081457313010020e+01 5.336704404091817366e+01 5.322089709941688795e+01 4.923826501940941114e+01 5.320965336026982584e+01 6.031137582609351711e+01 5.946891236913916146e+01 5.385580144483597564e+01 4.855324003131035226e+01 3.883897814934405091e+01 3.164240341552835289e+01 3.834515797016965877e+01 3.768613962242559268e+01 4.708463385293216419e+01 4.705255572843113754e+01 4.560390357910844017e+01 4.145926605887419925e+01 3.718160782213180227e+01 3.162722791345317574e+01 2.100756100814103888e+01 3.025554356261385180e+01 2.095362293763736972e+01 2.855686590676529590e+01 3.743572080567657423e+01 3.800252854877897590e+01 3.298369777681260473e+01 4.146498866874016187e+01 4.307207562308106930e+01
3.856992942505968358e+01 3.793057598422036847e+01 4.221693411040033794e+01 4.714318140209784502e+01 3.824557571249312105e+01 3.870823899727713524e+01 3.267967319612664312e+01 3.811276782073144886e+01 4.475819652413849070e+01 5.426094499900134593e+01 5.689938880709514279e+01 5.322404016278456851e+01 5.393736325850524338e+01 5.226930585095142590e+01 5.411293513274542022e+01 5.778272374186580151e+01 5.079787564901359787e+01 4.593497465602700203e+01 4.191239439609451267e+01 3.834515797016965877e+01 2.802938798348347760e+01 3.298912473579454030e+01 4.003687920474415307e+01 3.717581520234286785e+01 4.415500436573469045e+01 4.529240246396985015e+01 4.083535469137428464e+01 3.579102852826927972e+01 3.025134531041564756e+01 1.973798105035901074e+01 3.014150497661784556e+01 3.552053101079825836e+01 4.295339383086396623e+01 4.509865066473054895e+01 4.146498866874016187e+01 3.743608716051718233e+01 4.301147495856068304e+01
2.945445662612250715e+01 2.754949227108704690e+01 3.586928857997883568e+01 4.025853454929997355e+01 4.509906948532966453e+01 4.598712373596886493e+01 4.209791208876713853e+01 3.709999624791406347e+01 4.370366474532226420e+01 5.327364233034574426e+01 5.242197217747817461e+01 4.454442925447524004e+01 4.401785317563668087e+01 4.478544959910976786e+01 4.511464422012058151e+01 5.411579686117659804e+01 4.674256980332064160e+01 3.700904066588988428e+01 3.185430001681362455e+01 2.802938798348347760e+01 3.592566114702147928e+01 2.546035412439681878e+01 3.362419105545858145e+01 2.987906832424448211e+01 4.006864552616139719e+01 4.099615652593173110e+01 3.063216168102776038e+01 3.316204676654311356e+01 2.952073652493675127e+01 1.973798105035901074e+01 1.973798105035901074e+01 3.199835818738735682e+01 3.863730565381279547e+01 3.774673782874309325e+01 4.199316773354566124e+01 4.549389017695200721e+01 4.301147495856068304e+01
1.916902959856511401e+01 2.192501239513351052e+01 2.507105680145416216e+01 2.955679921364593810e+01 3.657246823348908293e+01 4.929974630449101625e+01 4.567503866946696434e+01 4.242676120223713099e+01 5.026006956075693921e+01 5.453041008273248025e+01 4.639574836977963201e+01 4.006619576383732806e+01 3.723231315845887934e+01 3.827733959260657315e+01 4.774665356402737615e+01 5.306685198899857170e+01 5.074726929842879741e+01 4.570919794333200770e+01 3.652293766845703971e+01 3.834515805149533207e+01 3.629025865447162857e+01 3.212064161250800254e+01 2.306166823538099564e+01 3.362419092127549192e+01 4.165618595721331019e+01 4.133140318323579265e+01 3.072722946998129245e+01 2.322421968741310749e+01 2.820972015920430209e+01 1.923179521427016070e+01 2.967083512997885109e+01 2.433610215633094853e+01 3.466534601251887437e+01 2.737388079419145015e+01 3.774673782874309325e+01 4.621839764863344158e+01 5.148697066466446159e+01
2.945445662612250715e+01 3.248055282760468288e+01 3.586928857997883568e+01 4.025853454929997355e+01 4.553754828631104346e+01 5.392649702052797522e+01 5.398791696348263969e+01 5.174866868907744077e+01 5.563791799311994879e+01 4.890235236612545577e+01 4.512791484292374378e+01 4.279190522370311811e+01 3.324354607436475817e+01 4.276630877204010517e+01 4.968252725135189252e+01 4.368925965741604500e+01 5.023929462032965176e+01 5.025282833504419955e+01 4.629994253887762312e+01 3.935786134961779226e+01 2.912287798512743819e+01 2.156965741211350007e+01 2.156965741211350007e+01 2.722574223994622145e+01 3.444098920676513842e+01 4.102468025306212951e+01 3.540596479578410793e+01 2.859459517110106574e+01 1.856638508164369838e+01 2.859874752194944136e+01 3.411279571658079135e+01 3.466534601204172361e+01 2.737388079419145015e+01 3.746378075738763869e+01 3.173681471295673973e+01 4.193397094563042771e+01 5.133125636229237898e+01
