output/example/elevation_average_000052.asc
nrows	75
cellsize	133.333333333
xllcorner	0
ncols	75
yllcorner	0
NODATA_value	-9999
[rows 0 to 16 of 75, columns 0 to 36 of 75]
4.840509446848720865e-01 9.856807898472229112e+01 1.341993799125665703e+02 1.530105992020411634e+02 1.353981630161107717e+02 2.030870348168749331e+02 2.969988390081475700e+02 3.381605468548374347e+02 3.599300557547161930e+02 3.598952945289175887e+02 3.345198737120445003e+02 3.382193697287705163e+02 3.407709337765165287e+02 3.726956495569087906e+02 4.335930078968992234e+02 4.237469896518382484e+02 3.898357287599458232e+02 4.242652878631130875e+02 4.183932727589294132e+02 3.944192488956777538e+02 4.042117724520633146e+02 4.410682919339770933e+02 4.348416468572137319e+02 4.411182167734212953e+02 4.780356961949057677e+02 4.945443512099962504e+02 4.773561872062190901e+02 4.756659179589504447e+02 4.737545636135853897e+02 4.702587027319756317e+02 4.667428064140845549e+02 4.884038765257993759e+02 4.894651994871355214e+02 4.751767031269454264e+02 5.024237382522209145e+02 5.093550636089236150e+02 4.884427422927263365e+02
6.497923401133355314e-01 1.873263474905736103e+01 3.701555772697555824e+01 5.621896171956391441e+01 1.531651147262084862e+02 2.228099459943308318e+02 2.651129794500556613e+02 2.494869834568578142e+02 3.073746302872511365e+02 3.127357472032556416e+02 2.415487596584698053e+02 2.525322452966928495e+02 2.472520097736192781e+02 3.150460401254652538e+02 3.913627300718560491e+02 3.622088060160904206e+02 2.983350667436221784e+02 3.788503274270982502e+02 3.270321784584615443e+02 3.025212390396876003e+02 3.125147935567083550e+02 3.883388039892572010e+02 3.439113410264841946e+02 3.505204828179247443e+02 4.336748465467401275e+02 4.159290722631527046e+02 3.880845166543680307e+02 4.755016189990151361e+02 4.338056703354401407e+02 3.850477841463131767e+02 3.774052409849815604e+02 4.296176051933709914e+02 4.220382093682384834e+02 3.862079419722223861e+02 4.504889182948607527e+02 4.510137750668149579e+02 4.015235240112409087e+02
6.883992401879653888e-01 9.876026091063060619e+01 1.342034131295169175e+02 1.528611708555809798e+02 8.776149929980925890e+01 1.840566641689672167e+02 1.706709645164317521e+02 2.460155247960796316e+02 2.773413182310929415e+02 2.962825760988624779e+02 2.752238540695624920e+02 1.865097582464045161e+02 2.798812595383813573e+02 3.065903697424612915e+02 3.584248737381313390e+02 3.387816296919480124e+02 2.492368643006599598e+02 3.378457052415902240e+02 3.283720726600131457e+02 2.360537257197969723e+02 3.102558799888424801e+02 2.969552946859978420e+02 2.797014729745404225e+02 3.698059085635966881e+02 3.953126834650028059e+02 3.391364490167902090e+02 4.297686546765222033e+02 4.497307846317879694e+02 4.416137411335191132e+02 4.124196651661651458e+02 3.497769581264246881e+02 4.260006618341212743e+02 4.195191714379606651e+02 3.554916080981843152e+02 4.322370478653951409e+02 4.322675841229383877e+02 3.470739082139123752e+02
9.527043435140133409e-01 9.901873500280157714e+01 1.858348178010102174e+02 2.222583922715151914e+02 1.840115912258075355e+02 1.243867841425752090e+02 2.198824722461111492e+02 2.530843936451649938e+02 2.016034608325952888e+02 2.135308196046943578e+02 2.505014784367804737e+02 1.675737323240859951e+02 2.534264634948478658e+02 2.284770135822037105e+02 3.068135980417123392e+02 3.053525389343491270e+02 2.158961990009812553e+02 2.696144038149008679e+02 2.805585660826847061e+02 2.043086398795076946e+02 2.177365350679856704e+02 2.318574071968366468e+02 2.483227020437421402e+02 3.411672579063105104e+02 3.037887048387254936e+02 3.941339074209431601e+02 4.377771456873367697e+02 4.418973610165926402e+02 3.968443253029563493e+02 3.676672165239244805e+02 3.360323827668373724e+02 4.117465619967746875e+02 4.003098588470672325e+02 3.274313698573648139e+02 3.975846191642096414e+02 3.935242728591990158e+02 3.086155735512899696e+02
6.729967576641545657e-01 4.961844942981667117e+01 1.176938481355797421e+02 2.129553255623719963e+02 2.579044569655716828e+02 2.198796427593460692e+02 2.578823997956418452e+02 2.101841798205621217e+02 1.304710064899147710e+02 1.416724751611460249e+02 2.114272056951108425e+02 1.353491114192740667e+02 2.256515708099661595e+02 1.750349269885649335e+02 2.355406420170257888e+02 2.389169634205069883e+02 2.544078287918884484e+02 1.750406965542164812e+02 1.869417297264665478e+02 2.812523900677401798e+02 2.727663263416544055e+02 3.248736779349131893e+02 3.411029896678193154e+02 2.730501833756406995e+02 3.653107505699836679e+02 4.321050383024875714e+02 4.540953431892114622e+02 4.222902501906194743e+02 4.135140934965027100e+02 3.828403824208474475e+02 3.106228679716406873e+02 3.842524228894440057e+02 3.735391535899768201e+02 2.893125081225667259e+02 3.648423018135357552e+02 3.514622285121977825e+02 3.284071907643592567e+02
6.149197931285226293e-01 9.869134326308726202e+01 1.446669000048573537e+02 1.901291329624014281e+02 1.786674002090324507e+02 1.396542955583493892e+02 1.788271906534945401e+02 1.607645565176240154e+02 7.475042109824565273e+01 8.251102562255398709e+01 1.789984192050474405e+02 1.053181581466379981e+02 2.013531641987310365e+02 1.308266789299303809e+02 1.403055091576883626e+02 1.499123639117801758e+02 1.595971271385735406e+02 2.544985712438031840e+02 2.810969414053300284e+02 3.171617346007161018e+02 3.647447931969672936e+02 4.024712569684970731e+02 4.023983607631097357e+02 3.427107145678098163e+02 3.592768243564740374e+02 4.011935206983020521e+02 4.287770145145996139e+02 3.857209624951231604e+02 3.487217240854594138e+02 3.097828744427463903e+02 2.715583178358730834e+02 3.289529366509922852e+02 3.407825744194141748e+02 2.555997513715852563e+02 3.262298257410768088e+02 3.046110966654173353e+02 2.351523768915524784e+02
5.036282395543789647e-02 7.263766473766925635e+00 1.052221387268115222e+02 9.505960574051748324e+01 1.289994270619651786e+02 4.236844426638342043e+01 1.395640737218330401e+02 6.390797946903457216e+01 1.607597503634753764e+02 1.789331196615657689e+02 9.363419020866767539e+01 1.899076017578762219e+02 1.177123860880110442e+02 2.134958062520150293e+02 2.355351815440604355e+02 2.449258724504487930e+02 2.544182535822168347e+02 1.918393938278736925e+02 2.860467588403389527e+02 3.513600085736014762e+02 3.854951616651533755e+02 4.293497687801511233e+02 4.580819776417366711e+02 4.245144645413311082e+02 3.872235104308373366e+02 3.314278673771033823e+02 3.927687414100905130e+02 4.151531899229852343e+02 4.053652477065807602e+02 3.680689985492578558e+02 3.228733366925791302e+02 2.422518248794562226e+02 2.934599799583924096e+02 2.252343424906123914e+02 2.807610061159736006e+02 2.101665417897666828e+02 3.046750894436099202e+02
2.473071933081959495e-01 9.833615705597792100e+01 1.738510338656026022e+01 2.451482876586512205e+01 3.167002955418570309e+01 1.291598829390693766e+02 5.312445888795990356e+01 1.502064013286220927e+02 1.990625818420414532e+02 2.147638328908608969e+02 1.196711137056662153e+02 2.146555057966524203e+02 2.134669125937662102e+02 1.583147319705215637e+02 1.938613457554312163e+02 2.880031936982138632e+02 3.237861470437987919e+02 2.860425207943807777e+02 2.284596612158736946e+02 2.589509586313943146e+02 3.023031402855772853e+02 3.704599196913233641e+02 3.981367928470187394e+02 4.224217436323879724e+02 3.849117413644097496e+02 3.104920020930168789e+02 3.638044440355026268e+02 4.182144735751728035e+02 3.915797175592612120e+02 3.998605306816597817e+02 3.557105246367977998e+02 2.917003359244361036e+02 2.005697540371457137e+02 2.614952727971516993e+02 1.864329467296037137e+02 2.814425110737965383e+02 2.646649308962290092e+02
7.088201712286245071e-01 9.878919203786124115e+01 1.149463586812732956e+02 9.516112180380923746e+01 1.289592341401589408e+02 6.446276438909413287e+01 1.496114099028978899e+02 1.892205962266656911e+02 2.643721220592648820e+02 2.518934016802126052e+02 2.152844148978681744e+02 1.645157174648803959e+02 2.593665138940986026e+02 2.532399926671133699e+02 2.528061141870136908e+02 2.535938439920197141e+02 3.463316491219176214e+02 3.593352045099604766e+02 3.201011417522970532e+02 3.390888841852456608e+02 3.846960854435906754e+02 3.921916995691885290e+02 3.579033144520073506e+02 3.993092273872567262e+02 3.335731091591111976e+02 2.868606991829233266e+02 3.461347553101268204e+02 3.684584487411822238e+02 3.256986987898584971e+02 3.666472457534013643e+02 2.839691501134635701e+02 2.922949666884505859e+02 2.612778636415568485e+02 1.673337103128838805e+02 2.625435875681419020e+02 2.544001665828356806e+02 1.693430300727245026e+02
5.819734946149275334e-01 4.395436271538306272e+01 1.411782053827678567e+02 1.898063244895982393e+02 2.000630193567879758e+02 1.612772249168972394e+02 1.000691601046511749e+02 1.322976268745408959e+02 1.923224571710482849e+02 2.743966371264215809e+02 2.905653948092730161e+02 2.278420800896796550e+02 2.351167059211594506e+02 3.284118145129172603e+02 3.458064265121914218e+02 3.416097452891256694e+02 3.599985687264438070e+02 3.722871267013842385e+02 3.338576911009860169e+02 2.976185597641467098e+02 3.277127074155468449e+02 3.614622006549508342e+02 3.011916271796172850e+02 3.702766355111155576e+02 3.318322093619919997e+02 2.528473081650633674e+02 3.277456258864316396e+02 3.526784076964394785e+02 2.795083820876017171e+02 2.999455059699165531e+02 2.905633565979248942e+02 1.992461556840903256e+02 2.369229702183909296e+02 1.564219650919827416e+02 2.439720864413991137e+02 1.588802132450466331e+02 2.544055283734069803e+02
6.201706420557316912e-01 9.869639766830908911e+01 1.215727509811471521e+02 1.900726496782182267e+02 2.838984595598450369e+02 2.345111107327673494e+02 1.686689762596290905e+02 1.945803193602918668e+02 2.027262174500704930e+02 2.925149732840150705e+02 3.297673506353477819e+02 3.132912686749596105e+02 3.263898755156610036e+02 3.322770423099461254e+02 3.278378211406678133e+02 3.578263265123520114e+02 3.736804387537821412e+02 3.281051858106367263e+02 2.701611058186285845e+02 2.185318721698284889e+02 2.935751782437512816e+02 3.284802391028399597e+02 2.439310030147062491e+02 3.201471636601762611e+02 2.990733604727374768e+02 2.122567276404761287e+02 2.732652881184381499e+02 3.556952781437602198e+02 3.008426989840050396e+02 2.124763106059486404e+02 2.398621189438059957e+02 2.367331357379545125e+02 1.410580870993561575e+02 2.336756234450185730e+02 1.483878710807453842e+02 2.441083107118810460e+02 2.928493440152377048e+02
9.933278572681448759e-01 7.073668708313408615e+01 1.674415874179655930e+02 2.192702856027320024e+02 2.193805736079702342e+02 2.579176108692871026e+02 2.633355694407898682e+02 2.887403172203574968e+02 2.963863388095649611e+02 3.346050771317336512e+02 3.035851912112919422e+02 2.693732522575973576e+02 3.113402568823947263e+02 3.153614943863320832e+02 2.500249276999720394e+02 3.115977618364034925e+02 3.441596294610529299e+02 2.774676934207254817e+02 2.051883332070371466e+02 1.616807075062573915e+02 2.528515858713009550e+02 2.534193427915581083e+02 2.022388056714720790e+02 2.958057441300312007e+02 2.690969229973351275e+02 1.774049057068565389e+02 2.572457251141964321e+02 3.008600862733473491e+02 2.626237657622377810e+02 2.377038067951305607e+02 1.510357578928384612e+02 2.183714626888107375e+02 1.306610930235442538e+02 1.379648885158198652e+02 2.296227959573442661e+02 2.024031804024398582e+02 2.548135488176542367e+02
1.405461526419654605e-01 9.822663394551460669e+01 1.334834403990573435e+02 1.269579751647286372e+02 1.242248898661625418e+02 2.198863811978893352e+02 2.846465241035216991e+02 3.226835988735070941e+02 3.681874436955311580e+02 3.064010006364846959e+02 2.707593956393292274e+02 1.944323612982083205e+02 2.706239819130306614e+02 2.758973999462101006e+02 1.917933856485009585e+02 2.186068366474544007e+02 3.038150219212752745e+02 2.723081816198283036e+02 2.133302646783865555e+02 1.237701964141924833e+02 2.151171560765295112e+02 1.580356784387280413e+02 2.520076499031426351e+02 2.506589912456658737e+02 2.121005494531522402e+02 1.491058409919693304e+02 2.442129491152758476e+02 2.462278103319320053e+02 1.673603280955564117e+02 2.106634294943566204e+02 1.189716325104147927e+02 1.222208027864672033e+02 2.184050282689000255e+02 2.336692382321968751e+02 2.697110577569608267e+02 2.955030263080117265e+02 3.348979152638555661e+02
4.026185890239118992e-01 1.827206483256815162e+01 3.629797912539629579e+01 5.513672692701238276e+01 1.521548288335264658e+02 2.066919075602156113e+02 1.904635176809360928e+02 2.760140588310763405e+02 2.759014393131676002e+02 2.645550765339734198e+02 1.870374570933941243e+02 1.440436338603156798e+02 2.268747779365982353e+02 2.322537018077350979e+02 1.450832627259669891e+02 2.150290108903278110e+02 2.684415207307962419e+02 2.053184706875175038e+02 1.380981813657585917e+02 9.491185653933955280e+01 1.195819023660652078e+02 2.156178670921697460e+02 2.263635248028363947e+02 1.874915734291579383e+02 1.158228386897297497e+02 1.920141703748147961e+02 2.324216905380400817e+02 2.029520440618278769e+02 1.111238848735481213e+02 1.143814274989553468e+02 2.107098432837430551e+02 2.183637624990007566e+02 1.277451553573720702e+02 1.961010774188596315e+02 2.908358862099219664e+02 3.107634615928101880e+02 3.139467308727276418e+02
7.903750024369222693e-01 9.887018943816154604e+01 1.334609954158731853e+02 1.519618247433540148e+02 8.712664238062878042e+01 1.116888195328330227e+02 1.442925384697001050e+02 1.883933207807427834e+02 2.790612237528645778e+02 2.661840463702816919e+02 1.937194713104955213e+02 1.029932728823791308e+02 1.855418212392092414e+02 1.603162742700062324e+02 1.112783801805649375e+02 2.066114679269077499e+02 2.009453999615238331e+02 1.343010192804560461e+02 6.919026828239726967e+01 1.662539645363552268e+02 2.096113589790241463e+02 2.215767207091689102e+02 1.829491920108048646e+02 9.078579121230050930e+01 9.402219105362526363e+01 9.727763166868489009e+01 1.938734587158213571e+02 1.065079888414075526e+02 2.029497569438786115e+02 2.106475455600293571e+02 2.377048917215498705e+02 2.273353249637432896e+02 1.316225743059650881e+02 2.275612355041359365e+02 2.715628511181582780e+02 2.173687588919211464e+02 2.198545819346124119e+02
1.870836446472545767e-01 5.682662904769379253e+01 1.529017734626591221e+02 2.212667809629381566e+02 1.834616557512766519e+02 1.819428564852729266e+02 2.369827082828158780e+02 2.761347936429544347e+02 2.469081647367832204e+02 2.106421099550186113e+02 1.385479353178309623e+02 7.039893529969312169e+01 1.346827198493025151e+02 7.312153802817540793e+01 1.466802517382133715e+02 1.875532309547046168e+02 1.574911151819536883e+02 6.476364429990567828e+01 1.618609264644312589e+02 7.368423689310479574e+01 1.706740605271187121e+02 1.781647217337346945e+02 8.616047477890336381e+01 1.829427161364583299e+02 1.905418499731045188e+02 1.938195400292467241e+02 1.018562892028992763e+02 1.983831559421491306e+02 2.029633696073202032e+02 2.974805665057817237e+02 2.939822985177099213e+02 2.064427763317635538e+02 2.276577456568367666e+02 1.369993771203573374e+02 2.329448473823668735e+02 1.476432930248261357e+02 1.513698045699923682e+02
2.797522905802692916e-01 9.836245900034225542e+01 1.928526160074109441e+02 2.253040659764369593e+02 2.636712771663366084e+02 2.733781740973186629e+02 2.572256608149550061e+02 2.237418409512598885e+02 2.100043957936679249e+02 1.211754831212101209e+02 1.313433333514628600e+02 4.168754559526263392e+01 4.491148451204858105e+01 4.811457425785932429e+01 5.130806370603098543e+01 1.486547563301846537e+02 6.028650896169074969e+01 1.574833250078568199e+02 2.009959973706614562e+02 1.706525259093610600e+02 7.810655656792842194e+01 8.145908282809379841e+01 1.782999399578625628e+02 1.829866637128917830e+02 2.778370043849790818e+02 2.372252078892377938e+02 1.750198304380236323e+02 1.353839278467457348e+02 2.312262323619179938e+02 3.061271040478020495e+02 3.349843896730947677e+02 3.011095170954916398e+02 2.303660085490459153e+02 2.253342549376545207e+02 1.422989945309525979e+02 2.352056389949791253e+02 2.469470572662906136e+02
