output/example/elevation_000055.asc
nrows	75
cellsize	133.333333333
xllcorner	0
ncols	75
yllcorner	0
NODATA_value	-9999
[rows 17 to 33 of 75, columns 37 to 73 of 75]
2.737800193196408713e+02 2.323586630095103942e+02 1.376254695399983916e+02 2.376254695410638362e+02 2.245602918586312740e+02 3.017350352443576185e+02 2.724457133604706200e+02 3.724457133691482795e+02 3.937599314955763248e+02 3.023385750599741755e+02 3.937599314955543832e+02 3.535882466137655342e+02 3.121668902461486823e+02 2.339886792674145397e+02 3.339886792703994161e+02 3.746682163170322610e+02 4.013943405100713449e+02 4.013943405100713449e+02 4.054383519554179998e+02 5.054383519895663994e+02 5.144128527985285473e+02 4.566778256789933153e+02 3.760332421277657318e+02 2.760332421233180753e+02 3.670529770260275200e+02 4.048494243294108514e+02 4.462707808285956617e+02 4.962707809753801484e+02 5.046978917517697596e+02 5.074572672198788155e+02 4.367465886900459964e+02 4.476855686648738128e+02 5.476855687244845967e+02 5.836125773879800818e+02 6.250339348117195186e+02 6.037762965397788548e+02 6.037762965397788548e+02
3.605035563659932905e+02 2.790468258540150259e+02 2.376254695410638362e+02 1.429106337658153336e+02 2.429106337669402080e+02 2.017350352418035300e+02 3.017350352443576185e+02 3.437599314254686078e+02 3.023385750622722412e+02 2.523385750599728112e+02 3.523385750645731491e+02 3.121668902461486823e+02 2.121668902438150326e+02 3.121668902461486823e+02 3.393128772559629169e+02 2.746682163121085409e+02 3.013943405033517138e+02 3.347276738366859377e+02 4.054383519554179998e+02 5.054383519895663994e+02 4.873518924040801039e+02 4.450869190403522566e+02 4.036655625259994054e+02 3.670529770260275200e+02 2.670529770219790748e+02 3.048494243229028484e+02 3.548494243229042127e+02 4.255601024416861833e+02 5.255601024856905497e+02 5.745670206777891735e+02 5.367465887298167218e+02 5.476855687244845967e+02 5.516509654287477815e+02 5.696114956418456359e+02 5.460412695765554645e+02 5.037762964631169211e+02 5.744869745840449013e+02
3.479210289188074512e+02 2.479210289129777323e+02 1.772103507943175771e+02 2.429106337669402080e+02 1.482827868593178948e+02 2.482827868605067465e+02 2.576034365798643648e+02 2.615137460149463777e+02 2.023385750599721291e+02 3.023385750622722412e+02 2.768447821350958407e+02 2.809137244290195099e+02 1.975803910940254013e+02 2.179928056172188349e+02 2.393128772527801686e+02 3.100235553714477419e+02 4.013943405100713449e+02 4.347276738467652990e+02 4.761490304261326969e+02 4.494718346798937887e+02 4.080504781363667348e+02 3.459305356025952847e+02 3.036655625183082066e+02 3.520734867711473726e+02 2.608272489583320066e+02 3.315379270770027347e+02 4.315379270899097151e+02 4.731456636106805718e+02 4.331456635906434371e+02 5.038563421342159927e+02 5.228045025185598433e+02 5.223616439616174603e+02 4.516509653811145881e+02 4.696114955838298783e+02 4.460412695441333426e+02 5.460412695765554645e+02 5.964460877677909139e+02
2.741686047409190792e+02 2.164335778219549127e+02 2.772103507960305819e+02 2.482827868605067181e+02 2.482827868605067465e+02 1.537020650053519830e+02 1.576034365785563693e+02 1.615137460135852621e+02 2.615137460149463777e+02 2.710999322387903021e+02 1.768447821335026902e+02 1.809137244273585168e+02 2.809137244290195099e+02 3.179928056197230148e+02 3.393128772559629169e+02 3.807342336537960819e+02 4.514449119361448766e+02 4.244256273633822616e+02 4.537149492862895954e+02 4.080504781363667348e+02 3.080504781262586675e+02 3.373398000105644883e+02 2.459305355993440116e+02 2.520734867676836188e+02 3.520734867711473726e+02 3.829618138293286620e+02 3.926291787203022636e+02 3.731456635905518624e+02 3.624349854718684014e+02 4.228045024265176721e+02 4.228045024265176721e+02 4.570357150863617903e+02 3.809402872623509211e+02 3.989008174650288652e+02 4.989008174821674970e+02 4.964460876969469041e+02 5.671567658178391866e+02
3.497669111595187132e+02 2.497669111552887102e+02 3.497669111595191680e+02 3.482827868776620335e+02 2.745535064126474936e+02 1.745535064110597432e+02 2.576034365798643648e+02 2.615137460149463777e+02 1.671126711231438549e+02 1.710999322372883853e+02 2.710999322387903021e+02 2.809137244290195099e+02 1.870682989763252237e+02 2.870682989780951289e+02 3.346617893269076376e+02 3.745610741847002032e+02 3.951363056548248096e+02 3.244256273501304122e+02 3.537149492353572668e+02 3.702792670967077129e+02 3.288579107135126947e+02 2.373398000075927428e+02 3.373398000105644883e+02 3.520734867711473726e+02 3.694161045991025389e+02 2.829618138245004957e+02 2.926291787149573906e+02 3.024349854718668098e+02 3.124349854718670372e+02 3.228045024191715697e+02 4.228045024265176721e+02 3.570357150756623810e+02 4.570357150863617903e+02 4.989008174821674970e+02 4.332005344935315634e+02 5.332005345196167809e+02 5.803409866219844844e+02
3.130124643586594857e+02 3.497669111595191112e+02 3.594904057959117267e+02 2.594904057910873689e+02 2.216939584901635669e+02 2.034210198705414143e+02 3.034210198727733996e+02 3.024680101847022797e+02 2.024680101824717156e+02 2.710999322387903021e+02 2.035442164634413302e+02 3.035442164656642490e+02 2.870682989780951289e+02 1.932404329748089822e+02 2.932404329766951605e+02 2.745610741775407746e+02 3.083633328851477700e+02 2.537149492314573820e+02 3.174544748333649409e+02 3.220379673186222931e+02 2.288579107107929076e+02 3.288579107135126947e+02 3.487587334745539920e+02 2.608411753378026106e+02 2.694161045949282425e+02 3.694161045991025389e+02 3.926291787203022636e+02 4.024349854777928499e+02 3.831456635905570920e+02 4.228045024265176721e+02 3.379664632907500277e+02 4.379664632994092131e+02 3.913354321041650792e+02 4.913354321204499229e+02 5.332005345196167809e+02 4.803409865726360408e+02 5.510516646921411166e+02
3.837231424775026198e+02 4.302010839261197361e+02 3.302010839097717962e+02 3.594904057959117267e+02 3.216939584931654394e+02 2.350437964722256368e+02 3.350437964754904101e+02 3.432928392326278413e+02 2.432928392288585826e+02 3.277977789700099152e+02 2.277977789670749473e+02 3.277977789700099152e+02 3.346617893269076376e+02 2.639511110934694784e+02 1.994481415272510674e+02 2.038503960588792268e+02 2.083633328829445190e+02 2.128901201850705149e+02 2.174544748309469639e+02 2.220379673160880714e+02 3.220379673186222931e+02 2.404826745851749763e+02 2.487587334711987523e+02 3.487587334745539920e+02 3.694161045991025389e+02 2.989044958259084979e+02 3.989044958318283420e+02 4.719486289906645879e+02 4.831456636129170192e+02 4.629664633022961198e+02 3.629664632907507098e+02 3.757629105916738013e+02 4.757629106055942998e+02 4.278502692711771829e+02 5.278502692968286283e+02 5.803409866219844844e+02 5.619906446706385168e+02
4.837231425162048026e+02 4.716224405021290522e+02 4.302010839261317869e+02 4.057544746019923991e+02 3.057544745908944037e+02 2.927788233911898033e+02 3.764651528716619850e+02 3.432928392326278413e+02 3.140035173475320107e+02 3.545239031623229948e+02 2.545239031583177507e+02 3.545239031623229948e+02 4.053724675603531296e+02 3.408694978846532422e+02 2.994481415292622728e+02 2.251704676944405605e+02 3.083633328851477700e+02 3.128901201873781019e+02 2.881651529496101034e+02 3.220379673186222931e+02 2.438597563396875785e+02 3.404826745882523937e+02 3.487587334745539920e+02 3.120042866745681067e+02 4.120042866836923849e+02 3.989044958318283420e+02 3.305272724275931751e+02 4.305272724362506551e+02 5.084634662710641919e+02 4.896925874977503099e+02 3.896925874819938826e+02 4.757629106055942998e+02 4.184030538627970941e+02 5.184030538870661076e+02 4.670734962988150869e+02 5.670734963410208138e+02 6.532162134687258686e+02
4.642508473379580778e+02 4.798807734168680099e+02 4.384594111108019661e+02 4.471758311524902183e+02 4.057544746019923991e+02 3.927788233989127775e+02 4.342001799024659476e+02 4.432928392816162386e+02 4.140035173603375824e+02 3.959452595843906693e+02 3.045239031583191149e+02 3.122589300772819456e+02 4.122589300867570614e+02 3.829054946197301206e+02 2.829054946134047555e+02 3.251704676971144181e+02 2.629669149953643341e+02 3.629669149996628335e+02 3.881651529578373356e+02 3.852811127441921712e+02 3.015947832586517734e+02 2.671092840884520569e+02 3.671092840926754661e+02 4.120042866836923849e+02 4.120042866836923849e+02 4.719486289906645879e+02 4.305272724362506551e+02 3.670421095946052787e+02 4.670421096082423560e+02 5.311139442167387870e+02 4.896925874977503099e+02 4.344139470319909151e+02 5.184030538870661076e+02 4.684030538627984583e+02 5.670734963410208138e+02 5.117948558488121193e+02 5.825055339692353300e+02
4.142508453257738665e+02 4.221457439390525792e+02 3.384594109250443239e+02 4.221457439445233604e+02 5.031484551658363102e+02 4.617270912869009294e+02 4.732245877053006211e+02 4.318032259174410683e+02 4.732245877053006211e+02 4.459452596876300845e+02 3.752345812770383304e+02 3.829696081960376546e+02 4.122589300867570614e+02 4.243268510974100423e+02 3.406405215323702578e+02 4.043882714318991702e+02 3.207019419143285290e+02 3.129669149953656984e+02 4.129669150039624128e+02 4.430161397785041117e+02 4.015947832663202917e+02 3.671092840926754661e+02 2.913628465920859867e+02 3.913628465976618145e+02 4.610684743787431898e+02 5.534256439520441972e+02 5.084634662710641919e+02 4.670421096082423560e+02 4.117634691446023112e+02 5.117634691692715592e+02 5.677472804080799733e+02 4.677472803653251390e+02 5.677472804080799733e+02 5.684030539113326768e+02 5.261380807818408130e+02 6.117948559251619827e+02 5.750404090526284335e+02
3.728294854980380251e+02 3.807243840845920317e+02 2.807243840060742741e+02 3.807243840845920317e+02 4.454134250121229570e+02 3.617270910050336852e+02 4.318032259174410683e+02 3.318032257634278608e+02 4.318032259174410683e+02 4.901347867305683508e+02 4.752345813041673637e+02 4.829696082280438532e+02 5.122589301972611793e+02 4.820618781865694586e+02 4.406405215473299108e+02 4.621232984883116615e+02 4.207019419244974756e+02 3.836775931140914508e+02 3.836775931140914508e+02 4.836775931431997719e+02 4.490978735242408675e+02 3.490978735110501816e+02 3.913628465976618145e+02 3.196471178395486845e+02 4.196471178473236137e+02 4.838699703752673145e+02 5.216664176864649107e+02 5.531848260241555408e+02 4.824741472635753894e+02 4.750090223480315785e+02 5.750090224149827236e+02 5.384579584846541138e+02 5.384579584846541138e+02 6.384579586283260824e+02 5.968487589053463580e+02 6.077877388929365452e+02 6.750404092591371636e+02
3.350330381663096091e+02 3.453690449975036358e+02 2.453690449467459302e+02 3.453690449975036358e+02 4.039920642052020980e+02 3.039920640860088383e+02 3.462570372174230329e+02 2.909783967170404253e+02 3.487134236360150226e+02 4.487134238516207461e+02 5.231475501792389196e+02 4.805454845905018146e+02 4.391241223790844970e+02 4.805454845904987451e+02 4.786048361300065608e+02 4.371834743486282377e+02 4.786048361300065608e+02 4.836775931431997719e+02 4.836775931431997719e+02 5.250989499676278456e+02 4.905192301564857758e+02 4.068329004300237557e+02 4.610684743787376192e+02 3.643684773895457170e+02 3.550024568988770284e+02 3.838699703583591258e+02 4.216664176592828994e+02 5.216664176864649107e+02 5.824741473467155402e+02 5.457197004691161055e+02 6.164303797470507789e+02 6.384579586283260824e+02 6.384579586283260824e+02 6.798793166242984398e+02 6.968487592802076733e+02 7.077877394178424311e+02 7.492090991000683289e+02
3.764543970388676257e+02 3.152179105244227344e+02 2.152179104889691530e+02 3.152179105244227344e+02 4.006238241970231684e+02 3.462570372174230329e+02 2.462570371670433929e+02 3.462570372174230329e+02 4.000765256000112799e+02 3.817261835966723993e+02 4.817261841204318102e+02 4.305454824158667861e+02 3.391241222024257240e+02 4.305454824158124438e+02 4.371834743486282377e+02 3.371834742005627845e+02 4.371834743486282377e+02 4.749261057078259114e+02 4.858650858481119599e+02 5.272864516090128291e+02 5.482542573570158311e+02 5.068329004612070889e+02 5.057898340683548213e+02 4.221035043085129246e+02 4.127374838178424739e+02 4.838699703752673145e+02 4.838699703752673145e+02 4.923770957782893447e+02 5.923770958698938784e+02 6.457197006894074320e+02 6.058958257557939078e+02 6.168348063636173038e+02 6.582561869074179413e+02 6.394865885694994176e+02 6.320214632612579635e+02 6.734428448030703294e+02 7.441535497679801665e+02
3.592024645049094715e+02 2.592024644164499136e+02 1.884917862977263496e+02 2.592024644164499136e+02 3.390564289595495211e+02 2.976350708489429167e+02 2.238963573920451893e+02 2.592516964513735047e+02 3.000765254977609402e+02 4.000765256000112799e+02 4.082038101957734852e+02 3.667824505867434937e+02 2.891241222024243598e+02 3.891241222907544852e+02 3.963586452417932833e+02 2.963586451541753490e+02 3.818547475721171054e+02 3.749261053946552238e+02 3.858650853733846020e+02 4.676998952646047201e+02 5.091212583395650881e+02 5.591212621874584556e+02 5.635248612919034485e+02 5.221035043417798533e+02 5.127374838462926618e+02 5.541588407353541470e+02 5.838699705681091245e+02 5.923770958698938784e+02 6.337984533953336950e+02 5.766065137079011720e+02 5.058958245052198777e+02 5.168348045044606351e+02 6.101972795673217433e+02 5.394865865820473800e+02 5.320214616605345554e+02 6.027321398381607196e+02 6.635429415200336507e+02
3.310340172604255713e+02 2.655502129306884171e+02 1.655502129106698703e+02 2.655502129306884171e+02 2.730167726459756636e+02 1.976350708201003386e+02 2.976350708489429167e+02 3.592516965118804819e+02 3.428056578834872425e+02 3.467740368370997430e+02 3.504687818695244914e+02 2.667824505120638037e+02 2.537687831430960159e+02 3.537687832001969923e+02 3.360033061373266605e+02 2.610033060948470052e+02 2.818547475005550496e+02 3.042154272755535658e+02 3.343665617333307409e+02 3.676998950666649648e+02 4.176998950666672386e+02 4.884105731903478045e+02 5.884105745247915138e+02 6.093070995311875322e+02 5.678857275145358017e+02 5.808613790467894660e+02 6.222827537639485627e+02 6.116890203377205353e+02 5.702676481356996874e+02 5.351851467528497324e+02 4.351851463831658862e+02 5.351851467528497324e+02 5.240545492317222624e+02 4.687759084556620337e+02 5.687759090455039086e+02 6.002973869308463009e+02 5.635429393288605979e+02
2.354837243984675865e+02 2.390968712666571321e+02 1.442301412751085365e+02 2.442301412908591089e+02 1.730167726242334822e+02 2.730167726459756636e+02 2.641923556622713249e+02 2.681390408528847047e+02 2.428056578121081941e+02 2.467740367627739602e+02 2.800506197809393143e+02 2.090474235930996088e+02 3.090474236246639634e+02 3.124330800877620504e+02 2.360033060948463230e+02 3.360033061373266605e+02 3.818547475721171054e+02 3.619504541945240703e+02 4.343665618652908620e+02 4.676998952646047201e+02 5.091212583395650881e+02 5.377910616396329715e+02 5.792124326117307191e+02 5.515720658569752004e+02 4.678857267469768431e+02 4.808613779497671885e+02 5.808613790467894660e+02 5.539539865744146709e+02 4.702676473357437885e+02 5.018518132962876166e+02 4.018518130498316623e+02 4.848313220761943398e+02 4.240545489056650013e+02 5.240545492317222624e+02 5.576572433153244219e+02 5.002973861231591854e+02 5.580324130427001137e+02
1.354837243840654253e+02 1.390968712517150720e+02 2.390968712666571321e+02 1.494465465846815846e+02 2.494465466012989339e+02 2.586195735354402814e+02 1.641923556429393045e+02 1.681390408327586101e+02 1.720949796934048095e+02 1.760633586440675629e+02 1.800506197582120933e+02 1.840474235930992677e+02 2.840474236167728463e+02 2.124330800552944254e+02 3.124330800877620504e+02 3.774246648320522013e+02 4.411247395139821492e+02 4.619504544125878169e+02 5.033718175815173481e+02 4.975627654590115867e+02 4.561414027650649246e+02 4.377910606821332635e+02 5.107472339839590632e+02 4.693258709735486605e+02 4.101506998278969718e+02 4.808613779497671885e+02 5.808613790467894660e+02 5.125326207548824868e+02 4.125326204164611568e+02 4.547975936405320567e+02 3.717006785920544871e+02 3.848313218780270972e+02 4.848313220761943398e+02 5.233575261279158894e+02 4.576572428520358926e+02 5.576572433153244219e+02 6.417187609887259896e+02
