output/example/elevation_000229.asc
nrows	75
cellsize	13.33333333
xllcorner	0
ncols	75
yllcorner	0
NODATA_value	-9999
[rows 34 to 50 of 75, columns 37 to 73 of 75]
2.328946327099135516e+01 1.465718743352825548e+01 1.465718743352825548e+01 2.043584553772214463e+01 3.080425005780734438e+01 3.251675866472731258e+01 2.250275181473163144e+01 2.495970242146608342e+01 1.655365090233480174e+01 2.691858222949613477e+01 3.320421303376679134e+01 3.800051816616011280e+01 4.225802604306599619e+01 4.688344419315982492e+01 5.286730544693432421e+01 4.679828793461016545e+01 3.655643740322008739e+01 3.073698455704344568e+01 2.626201807405930566e+01 2.372378835739586833e+01 2.131636184731555161e+01 1.911824366558691324e+01 1.700755762832811513e+01 2.497542291723160091e+01 2.570875964657150448e+01 2.123138166203785815e+01 1.096285429076862172e+01 1.134915957555336696e+01 2.105662937252378697e+01 1.921754879513368408e+01 2.510694459890830643e+01 2.686214481558517875e+01 2.836736654422861648e+01 2.030916215352868903e+01 2.319765377419600938e+01 2.637566588241592669e+01 3.368008686626383508e+01
1.296255633453624512e+01 2.328941660989357132e+01 2.494616388221917447e+01 2.913370369009842520e+01 3.293459129081958281e+01 2.498794111374675708e+01 2.450313365730771054e+01 1.457879717247555718e+01 2.415489207177934006e+01 2.725434528953682189e+01 3.187808750066784569e+01 3.991505081409179212e+01 4.550173329776158937e+01 4.602566185627370743e+01 5.025115767502744291e+01 4.818550122696511551e+01 3.788225344251848270e+01 3.204877893933048227e+01 3.336323770181542159e+01 3.383202322740641677e+01 3.151313688225085841e+01 2.200708877334060176e+01 2.740953856865410643e+01 3.126807877628310450e+01 2.324743386363145703e+01 1.701466830715430945e+01 1.821699537753431386e+01 1.027818833958494160e+01 2.169843010220830237e+01 2.917033829189770344e+01 3.347529997820453218e+01 3.387206086957454687e+01 2.359581018382750273e+01 3.078436310684801924e+01 3.355575568898404271e+01 3.666129131231684823e+01 3.368290277903890484e+01
2.167586343495912260e+01 2.747966707163357469e+01 3.419102518375721900e+01 3.002081906785429410e+01 3.002092174972363736e+01 2.507631661390304956e+01 1.735498275247057265e+01 1.325082784633673505e+01 1.325082784633673505e+01 1.546376324213487585e+01 2.384185702392588624e+01 3.462535054823508318e+01 3.462524021885820247e+01 3.530246596586889751e+01 4.602569762483211235e+01 5.251014395906830856e+01 4.653916146898838946e+01 4.223704035064176310e+01 4.357710379098353570e+01 3.809532589598807562e+01 2.793185163629122769e+01 3.222763560122487547e+01 3.648005630688195566e+01 3.615251017064699113e+01 2.976357008290722561e+01 1.997795082713954784e+01 9.659495815854667100e+00 2.030515424318922513e+01 2.408779529884249726e+01 2.664444658882505479e+01 3.465023904040295832e+01 3.798593518285182569e+01 3.379951434877168737e+01 2.711450752028357769e+01 3.724400411445740389e+01 4.459925535628759263e+01 4.389171702205079839e+01
1.755348537669302544e+01 2.779844594957929971e+01 3.002079965177543386e+01 1.976115583896099892e+01 1.976115708201000842e+01 2.056934381544299129e+01 1.166097923548291604e+01 1.806367320176283187e+01 2.396126776543901116e+01 2.725440821937257851e+01 1.941245321672180424e+01 2.272764864524890882e+01 2.698970554860348159e+01 3.530248406972234676e+01 4.602785968791543070e+01 4.942457401093219005e+01 4.529631387548286625e+01 4.397926141737212902e+01 4.810613210884890378e+01 4.237828020120732475e+01 3.508999719133778683e+01 4.237042647977955312e+01 4.196749697658821532e+01 3.175351591251976657e+01 2.449118111563399935e+01 2.047830617665477249e+01 9.243898475355603495e+00 1.929040656909966600e+01 1.556986117534459169e+01 2.092191989892288717e+01 2.818704671853096499e+01 3.856738229727385203e+01 4.114570462393588457e+01 3.480988977807395912e+01 3.112698865586509811e+01 3.454338571877470798e+01 4.168878028886521747e+01
2.473937337428004568e+01 2.806803625034880056e+01 2.383133311924183673e+01 2.276542260951945096e+01 1.237973883674355946e+01 1.011886353057438548e+01 2.054657739411105055e+01 2.536107418169488881e+01 2.757287340483271265e+01 3.450635598104634028e+01 3.144553434649084167e+01 3.462535054825135461e+01 3.844321791758870432e+01 4.277761064388283074e+01 4.542134711377786260e+01 4.368293884004713590e+01 3.536049755268108186e+01 3.404544233507645856e+01 4.030184581156315460e+01 4.442556172518585100e+01 4.535087325513894285e+01 4.209794858569652121e+01 3.713954829900243482e+01 3.294515673407642709e+01 2.580502726158116289e+01 1.593557988998902886e+01 1.933275182194572395e+01 9.243898475355603495e+00 1.936503004612075074e+01 2.548321095484363141e+01 2.999553747535906112e+01 3.377498565550334320e+01 3.933049925724248652e+01 4.367339703216231328e+01 3.697607452059696698e+01 4.457411390610183588e+01 4.169949751820730199e+01
2.271536271125276230e+01 2.209994572076288932e+01 1.345913463835909063e+01 1.784236119332690507e+01 8.624823258824106276e+00 1.056370000008726251e+01 2.099795087588101694e+01 2.638482714004531005e+01 2.912252134237554557e+01 3.206726666984244645e+01 3.545746381200553543e+01 3.961973840413386228e+01 4.467642484671065262e+01 4.542189104230673991e+01 3.549740667136419603e+01 3.731883021224852826e+01 2.959103218816005310e+01 2.826607672950693839e+01 3.033613273247685882e+01 4.030184581199861782e+01 4.174164355159803108e+01 3.598265388371205376e+01 2.776337667332058246e+01 2.287566296875548844e+01 2.196473322999954902e+01 1.089134183527735011e+01 8.691207106620819189e+00 1.921382754172842411e+01 9.243898475355603495e+00 1.291666014268439255e+01 1.769737601029685337e+01 2.206835521335835537e+01 2.931295247114886848e+01 4.410266846549151865e+01 4.653057967964583241e+01 4.989643414448481451e+01 5.169510744908829025e+01
1.743171973368371397e+01 1.667712193215927741e+01 7.412562141982040664e+00 7.412562141982040664e+00 1.783063394186035211e+01 2.099623227288966731e+01 1.346608314539775009e+01 1.609436630994943940e+01 1.887797003683099817e+01 2.186637409701011237e+01 2.528688446852518368e+01 3.037439169620222046e+01 4.054055861526694571e+01 4.433729597887056428e+01 3.441178746795316812e+01 2.732801268888928092e+01 3.197859154758103983e+01 2.317954980058559755e+01 3.033613273247669184e+01 4.030184580708404951e+01 3.737932412501437796e+01 2.656707391847117705e+01 2.126157232288308663e+01 1.747130321269839470e+01 1.437457086341756884e+01 1.740671516269487995e+01 8.331245579938331147e+00 1.915623299759028342e+01 1.621814295038581122e+01 2.540125789332077844e+01 2.985189192022206583e+01 3.342004161588736366e+01 3.849423110392088176e+01 4.609011295524737051e+01 4.661205735163294861e+01 4.228909432206226882e+01 4.330356421904441078e+01
7.035618999082443814e+00 6.320131402643390572e+00 1.666573388309896941e+01 1.042145714576107451e+01 2.084856703258568444e+01 2.798196494754542130e+01 2.381351606245060637e+01 1.868493590041223129e+01 2.888587563819959314e+01 3.206726666984244645e+01 3.545746381200553543e+01 3.961969830605875842e+01 4.467636312568925661e+01 4.347181865216810337e+01 3.354416431359690165e+01 2.644926962775740620e+01 2.187594459318877327e+01 2.059774322705290572e+01 2.780589857184465785e+01 3.781041753989091347e+01 4.100945611777761712e+01 3.587879902845463675e+01 3.160650973850711765e+01 2.776278916046053169e+01 2.121830404244976265e+01 1.741355359464909469e+01 8.331245579938331147e+00 1.388088538125579774e+01 2.341411505297519469e+01 2.452190365095692570e+01 2.982999451981877925e+01 3.445734507776245437e+01 3.563583980847255361e+01 4.174883396053844820e+01 4.036914593732670653e+01 3.196842416149900856e+01 3.324189149126886633e+01
6.320131402643390572e+00 1.664517429583122876e+01 2.089549307761164698e+01 2.084857739082682215e+01 1.539685490429388359e+01 2.568647609804210319e+01 3.289008688738610431e+01 2.596087464216867957e+01 2.708052785255598494e+01 3.732753459434917431e+01 3.932038671689058162e+01 3.513814531756174375e+01 3.932038671689058162e+01 4.638076368740372146e+01 3.645190694808830756e+01 3.191928547278774531e+01 2.841024331052295793e+01 1.823818058735395553e+01 2.607758110327933210e+01 3.023529945991305823e+01 3.558259222991265602e+01 3.045625322901134169e+01 3.477962987128884009e+01 3.467959864203970000e+01 2.509133610937113801e+01 1.172758006523264029e+01 7.993329841344129605e+00 1.878904809281434396e+01 2.690037186516299528e+01 2.946182931403247096e+01 3.047781065415093948e+01 2.981563045322129213e+01 2.530583659392911500e+01 3.380720815469562979e+01 3.528643460814532062e+01 2.614689904634492379e+01 2.745375200674599370e+01
5.799301849339903114e+00 1.308130058282428188e+01 2.337717241550915048e+01 2.988131696225719125e+01 2.272024417731566714e+01 2.272073354932363287e+01 3.293020243653437973e+01 3.625267900535379084e+01 3.734870756344061959e+01 3.681471607057281403e+01 3.275080701723925358e+01 2.515547847479442467e+01 3.273992067057000810e+01 3.691770703623262051e+01 3.920366821394930668e+01 4.167571248457004174e+01 3.255505972698519201e+01 2.607758110327933210e+01 1.589722207145272215e+01 2.388283069828629124e+01 2.805086409789434398e+01 2.232003722800372714e+01 2.556114572967252130e+01 3.394804591086732160e+01 2.425087363682047226e+01 1.701951604833183751e+01 7.677290987735523764e+00 1.756864337047462499e+01 2.012758020509658863e+01 1.901897076246360996e+01 2.013573948534162739e+01 2.000966362042222357e+01 1.887175572933341883e+01 2.614569002090956573e+01 2.800202588399224624e+01 2.163645354627465167e+01 2.875033930474365107e+01
5.275473777792620389e+00 1.554140666928558723e+01 1.839301749835308186e+01 2.926460004060445996e+01 3.291165417681838790e+01 3.293375599896361905e+01 3.711078698240360296e+01 3.899826012117338081e+01 3.393489931706470486e+01 3.214648241040266896e+01 2.288087324261856281e+01 2.001749485451876254e+01 2.266637622518896933e+01 3.273992067057000810e+01 2.850279034852029980e+01 3.592005952629413201e+01 3.967109242623829601e+01 3.023529954230918548e+01 2.388283069828629834e+01 1.367824201127976202e+01 2.190110151989188125e+01 1.686542303584730718e+01 2.659506837105279686e+01 2.712665535285814400e+01 1.682036086278530007e+01 7.251934466568938475e+00 1.769035509770763426e+01 9.023709161941056323e+00 1.038970179297456831e+01 1.183809414799263671e+01 1.337670030862495452e+01 1.337670030862495452e+01 1.486395128654814179e+01 1.644346317427855197e+01 1.811176951399324153e+01 2.151958176630220265e+01 2.864057467006165680e+01
4.748040880550844278e+00 7.841863562409020716e+00 1.838177882340805525e+01 2.264449386121042451e+01 3.261794616146112702e+01 4.075561346205366675e+01 3.669870879343228154e+01 3.370384081281375899e+01 2.229586815738918659e+01 2.520603855498239199e+01 2.211952748190107698e+01 1.534199386256787712e+01 2.561684908265700145e+01 2.841168186393688089e+01 2.122166345834846268e+01 3.065142811678376233e+01 3.554030019666105744e+01 2.548649209506713120e+01 1.959806149923906204e+01 2.190110006703625345e+01 1.160592422552670122e+01 1.310081916307050420e+01 2.315201456940192415e+01 2.306606525611580949e+01 1.468179764708145463e+01 1.726957919289421284e+01 7.251934466568938475e+00 1.761418799326293438e+01 2.014037878091875911e+01 1.461168840582674555e+01 1.433255571663010208e+01 2.288172370097073482e+01 2.021713634224245837e+01 2.614568986165548381e+01 2.377523976294530428e+01 3.158412567275285454e+01 2.864319062368486257e+01
4.231672147636977854e+00 1.241967083447861064e+01 1.320319532537459395e+01 1.975781582037046036e+01 2.961355113761084112e+01 3.504109157459126322e+01 2.675795071380454004e+01 3.415996988458050510e+01 2.519867407937593740e+01 1.474141961145086732e+01 1.948317200945408700e+01 1.264915224173705965e+01 2.290002122666981066e+01 1.820406688745102741e+01 1.608512884705251977e+01 2.635626584091418678e+01 3.562137471528625809e+01 3.388154500764940025e+01 2.973581741932910560e+01 2.606492989347989919e+01 1.997320997016605304e+01 9.552796963195806512e+00 1.821290557078803118e+01 2.007177810472158086e+01 1.668385095457418288e+01 6.857985916047700137e+00 1.727937816212205391e+01 2.184533648312545040e+01 2.737878711077376792e+01 2.339434160480684000e+01 1.728478751723923779e+01 2.783267201166037097e+01 3.011636862723088726e+01 3.427519763856636104e+01 3.382027784529767445e+01 3.800278684897570969e+01 3.869126939706173118e+01
3.752574688870204067e+00 1.172134752899825649e+01 2.005162482118832301e+01 2.681388166721738031e+01 2.978197345260255702e+01 2.560964951713561533e+01 2.099519329066388806e+01 3.092732027059606636e+01 2.371176007427752097e+01 1.946810571179115001e+01 9.121784975034064047e+00 1.696752109901156658e+01 1.697058017963096432e+01 1.088181900662542567e+01 2.119361909541438038e+01 3.050487983057738361e+01 2.514000329877520201e+01 3.076820369042816239e+01 2.726291988887516382e+01 2.770656082309331580e+01 2.394886853715252073e+01 1.821027977377285367e+01 7.762348460877388057e+00 1.637510385529416723e+01 6.471491014417330767e+00 1.640677418361048012e+01 1.553363765857950973e+01 1.986233529241125950e+01 3.060995846017754118e+01 3.207463949049081009e+01 2.344087379562170170e+01 2.480243158902367639e+01 3.514831953897358119e+01 4.344908499922605927e+01 3.940031059465443519e+01 4.344907131521976140e+01 4.140815614317576632e+01
3.301115142823486615e+00 5.642291279860160991e+00 1.410103563939526872e+01 2.547276577897422101e+01 2.560964911095816277e+01 1.542079150112689767e+01 2.560604494253865582e+01 2.737305424884241845e+01 1.627896444558486522e+01 9.121784975034064047e+00 1.694371568419746410e+01 6.560618994744960020e+00 6.560618994744960020e+00 1.397329410798891303e+01 2.420333051279792613e+01 2.629204898540112012e+01 1.677692295533201872e+01 2.476701015649620174e+01 1.873017267545663245e+01 1.642420015515855880e+01 1.761200057348290215e+01 1.922280040108056198e+01 1.648009244146614449e+01 5.868424004422602813e+00 5.868424004422602813e+00 5.868424004422602813e+00 9.242524474726311112e+00 2.036258178030327670e+01 3.114983713176171776e+01 3.804413212267998290e+01 3.383726757823566800e+01 3.514831953897358119e+01 3.934685856966788720e+01 3.853991291817656872e+01 2.956384342602985882e+01 3.448207715799216544e+01 3.161320131288601232e+01
2.857302601163646205e+00 1.296083144386354569e+01 2.188123703768529538e+01 2.300686563711826693e+01 1.877649643097541698e+01 1.239391300593596767e+01 2.266255446829738673e+01 2.840633132483688428e+01 2.205890218915499190e+01 1.935400385570446957e+01 2.105560515377917596e+01 1.694492989823831053e+01 6.560618994744960020e+00 1.548282722820352930e+01 1.930461076932388309e+01 2.029483261756770673e+01 1.051052494818977756e+01 1.577740073125989717e+01 1.451059463531353622e+01 1.080961472905742937e+01 5.484122642074693132e+00 5.484122642074693132e+00 5.868424004422602813e+00 1.648206011841394769e+01 5.868424004422602813e+00 1.346271330991643111e+01 2.033998993476808437e+01 1.565954292891913546e+01 2.360179634326814124e+01 3.450167310776740948e+01 3.777778176918144482e+01 3.370620494799509004e+01 3.511275504309151074e+01 3.102716829463280490e+01 2.440937371856603022e+01 2.440937371856603022e+01 3.161320131288471913e+01
2.395294794359023705e+00 1.252368032391306052e+01 1.959674778555707420e+01 1.530651873417106934e+01 8.376628521281469730e+00 1.877642717645326442e+01 2.535271832273091874e+01 2.092595297512654184e+01 1.599550895000229289e+01 1.603464403057267162e+01 1.990751233358154337e+01 1.682865632983848414e+01 1.149376972249484297e+01 4.800058965381013287e+00 1.102785731509849931e+01 1.331059911002521368e+01 1.484226552714650538e+01 4.962487763786519679e+00 5.209678047919381605e+00 5.484122642074693132e+00 5.484122642074693132e+00 5.865941636334038201e+00 1.582882683282675096e+01 1.240259892040086775e+01 1.648621423347985626e+01 2.073569453114373218e+01 2.805446520063305726e+01 2.679624122526405472e+01 3.122444698650545547e+01 3.777778362679335089e+01 3.197560625663937373e+01 2.356541237031046876e+01 2.785141564461946473e+01 2.073655356631038771e+01 3.102716829463280490e+01 3.448207715823721742e+01 3.448207715823721742e+01
