output/example/elevation_000020.asc
nrows	75
cellsize	13.33333333
xllcorner	0
ncols	75
yllcorner	0
NODATA_value	-9999
[rows 0 to 16 of 75, columns 0 to 36 of 75]
1.369999999999999864e-02 1.000905552144335608e+01 1.212625766295838403e+01 1.341810051920353963e+01 1.473119744618253968e+01 1.607963586228301622e+01 2.022403742717441588e+01 1.807970773135412657e+01 2.222445844147598848e+01 2.703799990197557079e+01 3.118531880638877141e+01 3.117178465550060551e+01 3.532118282980189861e+01 3.986954531269051216e+01 4.047353872922066387e+01 4.462859038650515942e+01 4.281666423350641537e+01 3.883207596060202604e+01 4.281666423350641537e+01 4.280687460647099840e+01 3.984703861925629553e+01 3.826524572374470523e+01 3.937073279880394239e+01 4.355344814041136914e+01 3.654587373443077780e+01 3.236311143389554701e+01 3.236311143389554701e+01 3.211662571617445394e+01 3.211662571893685936e+01 3.629940679983800322e+01 4.225116730299613721e+01 4.173124044181937364e+01 3.754696231754272162e+01 3.754696231754272162e+01 4.765315396372182732e+01 4.828585922310607259e+01 4.409943116640025806e+01
1.279999999999999888e-02 1.066892553389458431e+00 2.126890433395816515e+00 3.417884882131620561e+00 4.730949210728844001e+00 6.079348935655326081e+00 1.607963586228301622e+01 8.079348935655319863e+00 1.807970773135412657e+01 1.703680658091857580e+01 2.300469173870869000e+01 2.116917949160876589e+01 2.986149778102612729e+01 2.986149778102612373e+01 3.046695714260788890e+01 4.047353872922066387e+01 3.814806581784036865e+01 2.961187384008951895e+01 3.814806581784036865e+01 3.270685945418074425e+01 2.974930040623264915e+01 2.816991802072606177e+01 2.927398292289249682e+01 3.658102977612572460e+01 3.236311143389554701e+01 2.225143574366695987e+01 2.225143574366695987e+01 2.200395806802773535e+01 2.200395806802892906e+01 3.211662571893685225e+01 3.215333055027020492e+01 3.215333055027020492e+01 2.745640124576583574e+01 3.458712643020381705e+01 4.469263825915496113e+01 4.409943116640025806e+01 3.406898203392992741e+01
1.299999999999999940e-02 1.001299999735725343e+01 1.212707822854831718e+01 4.900391414521794609e+00 1.473119744051473923e+01 1.607963586228301622e+01 8.079348935655319863e+00 8.079348935655319863e+00 9.641086687874709682e+00 1.126330089918233135e+01 1.300407745873928711e+01 2.300469173878084916e+01 1.986006141072031639e+01 2.339559573926517189e+01 3.339781703283033210e+01 3.987032632813320987e+01 3.422197490034577783e+01 2.492678252073886824e+01 3.422197490034577783e+01 3.270685945418074425e+01 2.260414613113609050e+01 2.101989782427209263e+01 3.112677104663981353e+01 2.647135536222751284e+01 2.555765844787154961e+01 2.136307403304376606e+01 1.502692668768112227e+01 1.477558863626363816e+01 2.496588984709402226e+01 2.541569770743073065e+01 2.803071981575499905e+01 2.205503784258736388e+01 3.215333055027020492e+01 3.881683676942103745e+01 4.300046736655481538e+01 4.419041223026311371e+01 3.700683256648375874e+01
1.369999999999999864e-02 1.001369999999996274e+01 1.904489117380732921e+01 1.490065125604768603e+01 7.849230537611664893e+00 1.784959902227869577e+01 1.807970759802079286e+01 1.515043401466072304e+01 1.671217648987454396e+01 2.126380823424620914e+01 2.300469173878084916e+01 1.577757843980386987e+01 2.577842848066568493e+01 3.339781703283033210e+01 3.754777376455653837e+01 3.591594203513297145e+01 2.655051621824322794e+01 2.165635965547448194e+01 3.112357744047680441e+01 3.688962214178767596e+01 2.730673203537652327e+01 1.716055598030596130e+01 2.382662235927371697e+01 2.479370852256898772e+01 1.629453725371089234e+01 1.108287360232520058e+01 1.108287360232520058e+01 1.108287360232520058e+01 2.136307429971042282e+01 1.524125378732326830e+01 1.790278271781715702e+01 2.803071981575499905e+01 3.167933059085304137e+01 2.872287873016841431e+01 3.881683676942103745e+01 4.001235900946459623e+01 3.000111053162903829e+01
1.290000000000000001e-02 7.083967811865485409e+00 1.708396781186555202e+01 2.199435061269977609e+01 1.784959902227869577e+01 1.109365896009394881e+01 2.109420438020885413e+01 2.515160135996289981e+01 2.671355260041203294e+01 2.577842862313543648e+01 1.577757843980386987e+01 2.577842848066568493e+01 2.284870853974198823e+01 3.285139807837617809e+01 3.887871381333812337e+01 3.345790927192224729e+01 2.826910387671023273e+01 1.862008379662048441e+01 2.826910387671023273e+01 3.270354187264461387e+01 3.149021972973580219e+01 2.382662235927371697e+01 1.360975922444881903e+01 2.059576655444825377e+01 1.036373087269932824e+01 2.059576668778158748e+01 1.108287360232520058e+01 1.108287360232520058e+01 1.164011916320566975e+01 2.192589222484857459e+01 2.693291091446422314e+01 2.662844537964884850e+01 2.157756016856279047e+01 2.872287873016841431e+01 3.881683676942103745e+01 3.988593452315935650e+01 3.570364272858436294e+01
1.299999999999999940e-02 1.001299999999996260e+01 1.862727157873042216e+01 2.440077427062665905e+01 2.523966418801273548e+01 2.109420438020885413e+01 1.474514268259368421e+01 2.474600175464798468e+01 3.315874830752677127e+01 2.992507794560805934e+01 2.284870867314639398e+01 2.577842863696491804e+01 3.285139807837617809e+01 3.700143229982253246e+01 3.493615702878641827e+01 2.560050869150743580e+01 1.997562315121835042e+01 1.613595882916019519e+01 2.315901842119931686e+01 2.315901842119931686e+01 2.912905789901431319e+01 2.406857458366184943e+01 1.986860743810644081e+01 1.036373087269932824e+01 1.036373087269932824e+01 2.059576887164881498e+01 2.136307417060539038e+01 2.136317436283830773e+01 2.192589222726468989e+01 1.249166705973197011e+01 2.274412765952780191e+01 1.649116005220355063e+01 2.662844537970791592e+01 3.267850298776070872e+01 3.685719346307437405e+01 3.570364272858436294e+01 2.561529289591404535e+01
1.299999999999999940e-02 4.485135954999571517e+00 1.025863864689580751e+01 2.025863864689573646e+01 2.772231442909800236e+01 2.889248994480263732e+01 2.474600175464798468e+01 1.900915751633282724e+01 2.608040383937659357e+01 3.608490362553101960e+01 3.285139859949455143e+01 3.578377762321247246e+01 3.657149172264729486e+01 3.237131423032485600e+01 3.442451672281888619e+01 3.345790927192224729e+01 2.954621772549322145e+01 2.315901842119931686e+01 1.322378985903726623e+01 2.067521128065880731e+01 1.910555355894069507e+01 1.915266427963635465e+01 9.730993885839509971e+00 1.986859451950846633e+01 1.761848635880193470e+01 1.685734055358044969e+01 2.702870386848386275e+01 2.859371803653090538e+01 1.846193031303112519e+01 2.274412766645818706e+01 1.336599862407011763e+01 1.336599862407011763e+01 2.357193885231881936e+01 2.257185986224100915e+01 3.108226149370292646e+01 2.689984916145827754e+01 2.758679770413527521e+01
1.290000000000000001e-02 1.001289999999996283e+01 1.650911099350163269e+01 1.358017880536715261e+01 2.065124661723257660e+01 3.065124661723250554e+01 3.315874893978086391e+01 2.608040383958542208e+01 2.608040383959062325e+01 3.608490465411335180e+01 4.039133420189021706e+01 3.455647460850153152e+01 3.036077753522426903e+01 2.227564010548236695e+01 2.432869624909481132e+01 3.147918515231474501e+01 3.270354187264432966e+01 2.315901842119930976e+01 2.067521128065879665e+01 1.072420971597409434e+01 1.844961655555630387e+01 9.130747250666027881e+00 1.915266427963635465e+01 2.406857458366184943e+01 2.778360884947685250e+01 2.702870386848386275e+01 2.702870386848386275e+01 3.277703312741640929e+01 2.432491770492320171e+01 2.775837570963969014e+01 1.797432036944385914e+01 2.357193885231881936e+01 1.426010959102798736e+01 2.442659758002927006e+01 2.593346295295546611e+01 1.676982810603571394e+01 1.745871236057292819e+01
1.349999999999999985e-02 3.175777660168375593e+00 6.509110993501702858e+00 1.358017880536720057e+01 2.358017880536726807e+01 3.017432657026954956e+01 3.431646219400062847e+01 3.608490461504027280e+01 3.608490465556199212e+01 4.023709939756733434e+01 3.618257738860915396e+01 2.609892466483960405e+01 2.025876103264079475e+01 1.640919706356907426e+01 1.715768152011890280e+01 2.641576898475803148e+01 2.963948825693730171e+01 2.545004621933745526e+01 2.201202158660828090e+01 1.781834765990168634e+01 8.528447098335622201e+00 1.778472517711033873e+01 2.189824020147364081e+01 2.611568209247459649e+01 2.706536219319187708e+01 3.123877949823464206e+01 3.713778398378271106e+01 3.860813021835838299e+01 3.442500773371570233e+01 2.624751463611873348e+01 2.810050709178970507e+01 2.861147602632808784e+01 2.442659758002841031e+01 1.514712039689854173e+01 1.579984338306568858e+01 2.593230139937807976e+01 2.758667256784146460e+01
1.379999999999999977e-02 1.001379999999996251e+01 1.650911099350163269e+01 1.956772485247127591e+01 2.310325875840402432e+01 2.017432657026948206e+01 3.017432657026954956e+01 3.073129739031555019e+01 3.073129739031555019e+01 3.487322681924470658e+01 3.626871798535952962e+01 3.455647460850153152e+01 2.937660648595682744e+01 1.925802310624733238e+01 1.210675589105157890e+01 1.902306530593136458e+01 2.321617525112062097e+01 1.533827177129978203e+01 1.719381695539897237e+01 7.953529824998242681e+00 1.781834765990347691e+01 1.033685316609770943e+01 1.174919130055853245e+01 2.193594772959656680e+01 1.697557380120370496e+01 2.706536219319187708e+01 3.441789782462234371e+01 4.191327792089900584e+01 4.052824053965574080e+01 3.634537801675230639e+01 3.643565756202904282e+01 2.799108378308145006e+01 1.787335636786959370e+01 1.514712039689854173e+01 2.529103335913850970e+01 1.867807176462113006e+01 2.879260663755586336e+01
1.290000000000000001e-02 1.001289999999996283e+01 1.509558889747157906e+01 9.567724852471210184e+00 1.310325875840395859e+01 2.310325875840402432e+01 2.780241019914504719e+01 2.073159357904538425e+01 2.073159357904538425e+01 3.073129739031555019e+01 2.627373153063088651e+01 3.333829310413710800e+01 3.166530106022850077e+01 2.641576898475803148e+01 1.902306530593136458e+01 9.047669177585127898e+00 1.614924574758235210e+01 1.657567647946632405e+01 7.351980045258986074e+00 1.719381695540178612e+01 2.201202159470556552e+01 1.748950748738218053e+01 2.193594772959656680e+01 1.399429655410821915e+01 2.415269117110151598e+01 2.020044845194543726e+01 3.024021520476664904e+01 3.182539500488769235e+01 4.191327792089900584e+01 3.807937683984137323e+01 2.803269641543234059e+01 2.220474106510647161e+01 2.799108378308145006e+01 1.822177207156030221e+01 2.836978453348672602e+01 2.879260663755586336e+01 2.174435440488338855e+01
1.359999999999999924e-02 2.513600000000002055e+00 5.095588897471616363e+00 1.509558889747157906e+01 2.310325875840402432e+01 2.333037112059829710e+01 1.918836652465704518e+01 1.366058092565666549e+01 2.366043901550944994e+01 2.834073088023530573e+01 1.920305255244630516e+01 2.834073088023530573e+01 2.558896430494786145e+01 1.703992531330509053e+01 1.725446378323997365e+01 1.521788006623828338e+01 6.303658130807796134e+00 6.735601948864331057e+00 1.657567647943985278e+01 1.719381695539262722e+01 2.730729375844280327e+01 2.760689221238019186e+01 2.415269117110151242e+01 2.415269117110151598e+01 1.802904331252285886e+01 2.810468168404883471e+01 2.365798704294155286e+01 3.367655601117654385e+01 4.325232748800269178e+01 4.223284321886720249e+01 3.638184535927731389e+01 2.672310631662017855e+01 3.179368284663313560e+01 2.161029958319524980e+01 3.180926259692450486e+01 3.538367005412064970e+01 2.532300841052804330e+01
1.349999999999999985e-02 1.001349999999996321e+01 1.509558889747157906e+01 1.923772452120246612e+01 1.967894204634844613e+01 1.553691223946755073e+01 9.188447126171100265e+00 1.918836652465704518e+01 2.780241019914504719e+01 2.420212391889976189e+01 1.420307265315283907e+01 2.420212391889976189e+01 2.144856303475850368e+01 1.215007430897432528e+01 8.813360859193734242e+00 5.705548085527184732e+00 1.555546886924421557e+01 8.783218618065626870e+00 1.875030083399566649e+01 2.534343979674707015e+01 2.892549941394835855e+01 3.310169200090722796e+01 3.422204921865798610e+01 3.113050858599441639e+01 2.109497607167739730e+01 3.113050858599441639e+01 2.812204861462608463e+01 2.899392469571471764e+01 3.477188311261719633e+01 4.490293377421702559e+01 4.079362696132873367e+01 3.251526690832273658e+01 3.617525401709150401e+01 2.667171748391527331e+01 3.622007228369903942e+01 3.352781941521151765e+01 3.243939769530874173e+01
1.319999999999999993e-02 7.084267646236200200e+00 1.708420548460691180e+01 1.643454965816023261e+01 1.229250044570812150e+01 5.536963493043384865e+00 1.553691223946755073e+01 2.333037112059829710e+01 2.433093294862464617e+01 2.086910683031745251e+01 1.086974043755106045e+01 1.660536267423744050e+01 1.845363069823882185e+01 1.452223120613145646e+01 5.108622830017910843e+00 1.147639919429563449e+01 1.836253375249263442e+01 1.875030083266851122e+01 1.199222284573208874e+01 1.517956328269270472e+01 1.879390483021462543e+01 2.465733733240552539e+01 3.475591724480536726e+01 3.467460356644246389e+01 2.465038919106641657e+01 3.467460356644246389e+01 3.311223472747477814e+01 3.905376894756861361e+01 4.325232748800269178e+01 4.910296866542982741e+01 4.638862596399950888e+01 4.238074781013512649e+01 4.152599354562020295e+01 3.713912848248310183e+01 4.160902639730473851e+01 4.059938375234305852e+01 4.249177231408449273e+01
1.299999999999999940e-02 7.084068275860222919e+00 1.708422972152127883e+01 1.229250044570812150e+01 2.292534939036994679e+00 1.229250031237478780e+01 1.643454952482689890e+01 2.140200081394251441e+01 1.433109932396384245e+01 2.140200070563421875e+01 1.660536267422584800e+01 6.605726447822330982e+00 1.381951665669958018e+01 4.517320399976831879e+00 1.452223120685247970e+01 1.882455825070100275e+01 2.453513638505765826e+01 2.631706140993778575e+01 1.705505661811516660e+01 2.212933983268124649e+01 2.892549941394835855e+01 3.310169200090722796e+01 3.892743496359122446e+01 3.886388637628670040e+01 3.041500806054753170e+01 3.886388637628721909e+01 4.024961503098703730e+01 4.743042477417683500e+01 4.392388673866588533e+01 3.978133750555146264e+01 4.392388673866588533e+01 5.012626290592937295e+01 5.004453139343002732e+01 4.589020969308247544e+01 5.004453139343002732e+01 5.044691276978858241e+01 4.476205431069760010e+01
1.349999999999999985e-02 7.084569730898252260e+00 1.708491212625024147e+01 1.594164776562239716e+01 1.180513182110949799e+01 2.292534939036994679e+00 1.229250031237478780e+01 1.278787604560630164e+01 7.260048415223686824e+00 1.692992218098296675e+01 1.335953605381380704e+01 3.933114028806508511e+00 3.933114028806508511e+00 1.394434634450893462e+01 8.989474091118726307e+00 1.606256254942687178e+01 2.608590162703232807e+01 3.138262570004847518e+01 2.720362304750935323e+01 3.138262570004847518e+01 3.642712798314902756e+01 3.448586188020657772e+01 3.862952844086933624e+01 4.363073463780401795e+01 4.049331923734099803e+01 4.469275019426437012e+01 5.041934184931174201e+01 4.539693985298566759e+01 3.894726161959379596e+01 2.984786526218916691e+01 3.894726161959379596e+01 4.014183208868634978e+01 4.014183208868634978e+01 3.593372762117731156e+01 4.505560887575371964e+01 4.950002747934674119e+01 4.004784736806019652e+01
1.369999999999999864e-02 1.001369999999996274e+01 1.546068643276133159e+01 1.131914838132792056e+01 1.805164760208413766e+00 1.180513182110949799e+01 2.787912343655066572e+00 2.787912343655066572e+00 2.787912343655066572e+00 1.278787617877799754e+01 3.359574694130099903e+00 1.335953602320065770e+01 9.707128431388950318e+00 1.819983125502603727e+01 1.606256253478735374e+01 1.531518645099140663e+01 2.239443432622179841e+01 3.243798889027058152e+01 3.196196700237852539e+01 3.436525777190271924e+01 3.022213782369133384e+01 2.448654262509789348e+01 2.948518737612408458e+01 3.655606145150175479e+01 4.656132871121877770e+01 4.781278218777668343e+01 4.297191763878831949e+01 3.883188879878132838e+01 3.130395560968681679e+01 2.488499565079409948e+01 3.481460138387031833e+01 3.931108879362541586e+01 3.021881239792736196e+01 3.098446585736843417e+01 3.539275361391146646e+01 4.244639054662912514e+01 3.590957227578170574e+01
