output/example/elevation_000275.asc
nrows	75
cellsize	13.33333333
xllcorner	0
ncols	75
yllcorner	0
NODATA_value	-9999
[rows 17 to 33 of 75, columns 0 to 36 of 75]
1.309999999999999880e-02 1.001309999999996236e+01 1.090500970703493167e+01 1.097457259423113207e+01 3.881685760359342208e+00 4.613798956011736507e+00 1.056623344537650233e+01 3.154271961284502268e+00 9.760062142330022894e+00 1.216126359061454032e+01 1.602214112243128596e+01 1.344255217477866182e+01 1.276299039898286303e+01 9.522698036622106343e+00 1.545392953745949427e+01 1.444721960490198853e+01 5.480667919959762102e+00 1.559859091365230732e+01 2.076043437092308963e+01 2.546089466521747013e+01 2.939412747103243362e+01 3.325638644313915648e+01 2.347819478595913267e+01 1.769893713723377360e+01 1.792268322892595478e+01 2.876894206875594051e+01 2.478402068645080547e+01 1.839348537499065372e+01 2.888674704027102180e+01 3.231242310007993979e+01 2.467665501553825891e+01 1.487492192667338919e+01 1.906668431730734525e+01 2.608558372086303123e+01 2.555086159723975214e+01 2.138256423180809662e+01 1.264617730036949617e+01
1.379999999999999977e-02 7.100699149015198941e+00 1.726796191968362848e+01 1.937999838150592069e+01 1.503182169090739073e+01 8.536178623945717803e+00 1.669735916076285775e+01 1.417207066668613002e+01 6.323390570282638734e+00 1.606233935761288123e+01 2.242268636415799676e+01 2.180192166314515134e+01 1.383691877613937393e+01 1.855230252075837072e+01 2.062534486262115152e+01 1.953965418154331601e+01 1.559474523629767617e+01 6.564533524513266549e+00 1.663934687618357700e+01 2.291641087606225824e+01 2.645208396770755144e+01 3.060068171246933133e+01 3.055232912977478321e+01 2.228061236377984855e+01 2.182490452292591243e+01 3.182862097251482325e+01 3.201909861390179657e+01 2.168681479440570214e+01 3.201795697323495915e+01 2.815495984210078717e+01 1.831738038779869271e+01 1.855379540075486844e+01 2.839711106181235678e+01 3.310528284588394854e+01 2.878059724344037207e+01 1.886141043999218780e+01 2.250711435760506873e+01
1.379999999999999977e-02 1.001379990512421791e+01 1.849082960923269425e+01 2.383467610662664526e+01 2.335116816073707469e+01 1.602294070390399838e+01 2.336011836486305882e+01 1.980165090644553416e+01 9.949434097286543377e+00 1.072023310758305215e+01 2.070919975468602559e+01 2.653788273088498073e+01 1.981316906966594971e+01 2.684592991311118482e+01 2.705195657998493175e+01 1.943641420212578552e+01 9.860834194948242981e+00 7.361281006705876706e+00 1.737826941278660797e+01 1.315558911113192053e+01 1.668552385596102283e+01 2.227403521780255602e+01 3.216300542086425907e+01 2.892281685646553413e+01 2.752803095248217602e+01 3.622104632165815730e+01 3.561088277232977362e+01 2.545178303243900686e+01 3.561088277232977362e+01 3.090138695682943037e+01 2.099872068764936017e+01 2.839711991099491328e+01 2.546737874126753454e+01 3.547014403868941912e+01 2.878059881087143879e+01 2.878055369317773327e+01 2.782998022395942783e+01
1.290000000000000001e-02 4.894980601826743438e+00 1.113506953726453297e+01 1.686078645313818214e+01 2.623515793837853494e+01 2.648474503461579488e+01 2.697805031168192258e+01 1.683412094192093988e+01 1.683415504379810201e+01 2.070919975468602559e+01 1.597911170456998953e+01 2.614085782310872474e+01 2.959792375687081289e+01 3.126858352581621858e+01 2.292366375934553346e+01 1.336303978672743042e+01 1.943639536210923069e+01 1.737780714091130463e+01 8.572338625693404879e+00 1.846978770851258389e+01 2.616519809187847301e+01 3.060068482050311900e+01 3.636628368462138639e+01 3.921389411518466517e+01 3.783730718529170645e+01 4.221833979144645355e+01 3.976039820808865244e+01 3.136495449063836105e+01 3.976039820808865244e+01 3.508495664102667178e+01 3.090138429687585742e+01 2.560190728749981304e+01 3.547014383028450624e+01 3.966329244706289359e+01 3.895839061929252267e+01 3.155042698597777573e+01 2.490018769642485452e+01
1.290000000000000001e-02 1.001289999999996283e+01 8.340514046589397879e+00 1.763575419966173286e+01 2.212588761187802788e+01 2.625074566768967799e+01 3.119302721856096738e+01 2.697740664453186454e+01 2.698167923119787659e+01 3.036792294560061833e+01 2.179080444550526252e+01 3.036792294560061833e+01 3.423192154463357184e+01 2.416587004027155672e+01 1.728600693876761696e+01 2.292366375934490463e+01 2.476088465122149174e+01 1.510330064286401885e+01 9.448080434872929700e+00 1.370201696640740607e+01 2.163603376392149258e+01 3.403666537708437545e+01 3.484421955771113488e+01 3.906535648149382212e+01 4.445830226117294615e+01 4.150481894810418027e+01 4.150481894859434107e+01 4.141092866780488180e+01 4.555239762589439323e+01 4.147125059722393559e+01 3.134956020240823804e+01 3.562749041526389249e+01 3.982643745798365131e+01 4.025182373015750414e+01 3.419986641946720596e+01 2.720670116406645889e+01 1.731809548598404547e+01
1.309999999999999880e-02 2.308556236762628444e+00 4.986829096051244470e+00 8.517090061979116555e+00 1.225349182872778897e+01 1.793257649420395694e+01 2.785405712459253280e+01 3.211321526163792583e+01 2.793607167286796411e+01 3.211714538004205366e+01 3.208301466130002666e+01 3.628373143665382372e+01 3.716947492307091494e+01 2.711414826612614348e+01 2.208310452385225631e+01 3.126773447001270512e+01 2.859232256975878528e+01 2.007275800982251823e+01 1.031706198835301080e+01 2.004707715091434750e+01 2.276483017873553649e+01 2.708995945939624050e+01 2.387975174944733325e+01 3.484422999700203150e+01 3.434812512285022024e+01 3.138372547867825091e+01 3.138372547867825801e+01 3.854734816717449775e+01 4.864478502067985488e+01 4.567454434666226604e+01 3.849582707668930937e+01 4.567454478077737434e+01 4.335794408580878923e+01 3.578813383313180196e+01 2.542776851138088290e+01 1.977790689098333843e+01 2.289773240630003315e+01
1.349999999999999985e-02 1.001349999999996321e+01 1.497573951646330315e+01 1.205395173565408484e+01 2.202955920326888162e+01 2.625074566768967799e+01 3.198943351622452624e+01 2.698274468451255359e+01 1.760457593690808054e+01 2.698274468451255359e+01 2.751596830221923184e+01 3.170548863039612186e+01 3.658655316163336835e+01 3.623943029741103317e+01 2.919382365736471030e+01 3.420314494465770849e+01 2.469169127756960336e+01 1.783408947480097950e+01 1.229920780948504522e+01 1.162512736882056430e+01 2.134097343512378941e+01 1.595038966982257023e+01 2.706526539197635373e+01 3.422021498040487586e+01 3.003710704039562174e+01 2.423777592190717911e+01 3.138372547867825091e+01 4.150481894810418027e+01 4.076620088769914219e+01 4.495573163378985271e+01 4.865455866518041006e+01 4.659590986554221814e+01 3.886213534426081395e+01 2.831360898833252193e+01 2.255158318252712135e+01 2.980657487587674126e+01 3.309286195128580488e+01
1.349999999999999985e-02 7.084567811865461806e+00 1.708456781186539075e+01 2.202955920326888162e+01 2.616747874318829759e+01 2.700093687728588066e+01 2.651807826865664452e+01 2.276998478404983928e+01 1.227644824957197756e+01 1.906029690552985301e+01 1.715992812495139930e+01 2.209907097656180852e+01 2.995905502799879372e+01 3.504232356039988616e+01 3.926139128177804594e+01 3.277551156612126704e+01 2.508230685748602085e+01 1.531816176660485773e+01 2.205522651590580097e+01 2.134100549290290516e+01 1.291577000449473189e+01 1.621980419899844961e+01 2.672711949208173010e+01 2.637659764567833065e+01 2.001230421875328958e+01 3.003710704039562174e+01 3.214471141910027541e+01 3.629429173729173641e+01 3.063753657559851007e+01 3.911035297875508832e+01 4.495573163378984560e+01 4.203585854501055508e+01 3.124608886561789234e+01 2.614882076769189112e+01 3.277194081311174756e+01 2.966618509540531790e+01 4.026989838826276014e+01
1.359999999999999924e-02 7.084667811868261111e+00 1.708466784379238135e+01 1.956327559218856393e+01 2.022354476632057185e+01 1.699394308651270791e+01 1.618598851267196181e+01 1.620548186336746710e+01 8.572488046303023523e+00 8.572488046303023523e+00 1.158263713585127697e+01 1.536355433260014358e+01 2.066584445720598850e+01 3.088303809045185133e+01 3.692775741627761477e+01 2.866571112740015081e+01 1.880572437782157635e+01 2.216864144788809554e+01 2.920444232977630961e+01 2.677561703032299789e+01 2.263192722613780816e+01 1.424787194634987841e+01 2.398489432552328537e+01 1.651527842556535575e+01 2.398489958633285113e+01 2.398517218233787318e+01 2.214689198362819411e+01 2.985765378729787756e+01 2.480364092627829109e+01 3.063753657559851007e+01 4.076620088769914219e+01 4.655795686121342669e+01 4.002934085485597393e+01 2.933159467866793335e+01 4.009213764549792103e+01 4.026989838826276014e+01 4.476605493216867160e+01
1.369999999999999864e-02 1.001369999999996274e+01 1.195096276743722719e+01 9.175082005621172598e+00 1.017692919255235040e+01 9.892717475856972698e+00 1.436807352361667967e+01 5.818087222159279648e+00 1.620577480635893863e+01 1.906029690552985301e+01 2.209520947475639474e+01 2.577434111418889984e+01 2.995905502799854858e+01 3.504350345580581205e+01 3.285413635214472805e+01 2.296969569662419275e+01 2.866571112740015081e+01 3.201718883936477056e+01 3.222163587703000331e+01 2.466993430606281024e+01 1.666031490225992684e+01 2.398489432552328537e+01 1.424787194634987841e+01 1.424787194634987841e+01 1.424787194634987841e+01 1.424787194634987841e+01 1.695397664317912145e+01 1.983774989285495849e+01 2.986102737342739388e+01 3.724261248136674851e+01 4.147628406559866932e+01 4.741487878079855989e+01 4.465930236230767747e+01 3.721927276581353539e+01 3.684473181617642012e+01 4.793206884117539346e+01 5.170079095886890030e+01
1.290000000000000001e-02 9.796364890456629171e-01 1.950922351402926358e+00 1.950922351402926358e+00 2.985428451707586639e+00 4.053014209712811677e+00 4.053014209712811677e+00 4.053014209712811677e+00 1.436807808999273206e+01 1.789185202532186025e+01 2.214708144678994728e+01 2.907702553416424607e+01 3.325225516667356374e+01 3.756598708951176491e+01 3.674041994854491122e+01 2.672744777680858164e+01 3.548809604269015949e+01 3.574165115271023296e+01 2.506145036200133092e+01 1.892384284536949934e+01 2.466993457438863047e+01 2.814501116852845186e+01 2.105671104795527881e+01 2.398489459218995279e+01 1.424787194634987841e+01 2.398402714828959859e+01 1.747549852276692661e+01 2.024694102981861832e+01 2.354078074244187491e+01 2.709929764100737870e+01 3.295331632796644783e+01 4.312447231994799779e+01 4.870183812842911664e+01 4.920813960159740930e+01 4.793206884117539346e+01 5.247387290843893481e+01 4.676393297726341558e+01
1.379999999999999977e-02 1.001379999999996251e+01 8.494361098625750728e+00 1.221766374984908410e+01 5.653880522002611819e+00 1.430930783947213314e+01 1.436807795665108500e+01 4.053014209712811677e+00 5.716822227166878712e+00 7.433899736285582982e+00 1.789185202532186025e+01 1.876368985132913636e+01 2.320530133669904060e+01 3.331258528868175972e+01 4.093215945502778652e+01 3.253780725419550635e+01 4.062025191639590105e+01 3.889737452820120467e+01 2.785467814217711435e+01 2.101718378465110248e+01 3.087629851840111073e+01 3.523287383745728363e+01 2.803936985027037210e+01 1.810799252597473341e+01 1.781370870748080648e+01 2.773717105900905366e+01 2.738405845273615924e+01 2.553261503680789346e+01 3.028119857090382183e+01 3.724261248136674851e+01 4.147628406559866932e+01 4.647094166835076123e+01 3.939970398169117516e+01 4.388371649013738818e+01 4.388371656835744972e+01 4.804649095778594159e+01 4.184028776494409385e+01
1.359999999999999924e-02 1.001175050788077669e+01 1.793768139482207502e+01 2.090819254108123815e+01 1.339919324421246216e+01 1.675926200613925232e+01 1.766680558579882643e+01 7.235776304990097607e+00 1.609832196852756425e+01 1.789185202532186025e+01 1.012979750838639248e+01 1.269520897130036552e+01 1.885752786227870459e+01 2.914446721379897554e+01 3.652525997295315108e+01 4.257832537342246582e+01 4.672340558161499047e+01 3.932502516354209376e+01 2.821111531945344097e+01 2.777623084151831989e+01 3.087660391881144761e+01 3.517250903330256051e+01 2.508473629166710950e+01 2.208307294547031674e+01 2.773768980903766135e+01 2.478122536820503896e+01 3.487522635876955945e+01 3.562203694124195863e+01 3.981272487709976815e+01 4.460246539869103088e+01 4.675847776700190650e+01 4.176023196647655311e+01 3.261001167475962603e+01 3.381227890117749979e+01 3.381227890118504575e+01 4.388371656835021639e+01 3.775455300762604338e+01
1.359999999999999924e-02 1.001359999952954460e+01 1.658009455368762275e+01 2.365056884259167447e+01 2.487119007069130916e+01 2.794517110936899584e+01 2.138132106790522258e+01 1.089012304152245569e+01 2.136657060504261452e+01 2.435632622171085515e+01 1.389086860364831466e+01 2.320530000999543319e+01 1.749505650440323024e+01 2.220679180435372402e+01 2.942696556800494534e+01 3.947578629774599790e+01 3.934609369945668789e+01 4.288548884735173061e+01 3.932502516354209376e+01 3.836156665042892655e+01 4.156963842990826663e+01 3.935321023646090310e+01 3.517250903330256051e+01 2.708871508734124944e+01 3.633239953525578159e+01 3.487522635876955945e+01 3.906946416121363086e+01 4.288874386902485725e+01 4.694884345076427934e+01 4.967457814535901406e+01 3.970017756924362828e+01 3.263444776111673917e+01 2.753398813969010206e+01 2.657477759699692044e+01 3.676085942836620291e+01 4.239403008290594244e+01 3.397599377673455479e+01
1.319999999999999993e-02 2.438556250363325351e+00 9.509619676367861985e+00 1.937536795148231050e+01 2.291029462798167060e+01 2.704633785753899389e+01 2.564778967184903991e+01 1.835446876213769229e+01 2.138369023484984766e+01 2.855307620883994346e+01 1.922222507582725015e+01 2.855307618378901324e+01 2.353964933846006247e+01 3.199736489354186730e+01 3.652525997479803266e+01 3.754032532553235768e+01 3.018562159213549734e+01 3.754032532553235768e+01 4.466522296828753724e+01 4.060682099578981763e+01 4.187287329777795719e+01 4.593436964036768444e+01 4.138793843139728068e+01 3.720852118886263327e+01 4.138793843139728068e+01 4.385875862863067454e+01 3.980618824861965521e+01 3.317601429869223040e+01 4.132610949458001670e+01 4.676991273081544875e+01 4.612534370036174636e+01 3.607002984679839130e+01 2.887277090202299590e+01 2.286342630275581556e+01 3.007023200472824342e+01 3.427353834355692896e+01 2.832677820192800056e+01
1.019999999999999900e-02 1.001019999724877607e+01 6.360878949973405305e+00 9.375992385314917854e+00 1.291152619205388952e+01 1.868500283107735882e+01 2.867820318364634602e+01 2.870755201302467086e+01 3.168661060164865617e+01 3.365628647768024706e+01 2.949042733413660144e+01 3.365628621835645617e+01 3.367886012415912234e+01 3.783232661193110857e+01 3.896987139979035675e+01 3.348701166051530009e+01 2.373578693795861128e+01 3.348701166054667056e+01 3.900963988855082931e+01 3.081193022501437540e+01 3.208491013673396708e+01 4.187287329777795719e+01 4.074086440054322367e+01 3.669513808686691192e+01 4.074086440054322367e+01 3.980618824861965521e+01 3.002628763567781789e+01 2.746399226926222426e+01 3.289209656751850019e+01 4.210327875471013215e+01 4.408759214567003681e+01 3.824131879830203928e+01 3.406322351012659055e+01 3.006964833561857375e+01 1.970269696312587016e+01 3.007023196832361833e+01 2.884109951900308033e+01
7.249999999999999500e-03 1.000724999999996356e+01 1.636055209714281489e+01 1.937536795156022507e+01 2.291029462798167060e+01 2.704633785753899389e+01 3.280558795155365459e+01 3.217473487133806742e+01 3.510383330630621401e+01 3.377315678009355082e+01 3.170201732408598616e+01 3.584461328296645632e+01 4.084493080850817393e+01 3.896987139979037806e+01 2.912206764045581764e+01 2.991748691437975793e+01 1.992946056521883946e+01 2.991750593722505158e+01 3.027208941736339298e+01 2.502450490869760102e+01 3.300359237280520119e+01 3.707427756763031823e+01 3.585111803282076437e+01 2.691057314094786790e+01 3.584731398190648832e+01 3.665114344167211158e+01 3.259171204393339139e+01 2.291292433381101290e+01 2.820362641853522945e+01 3.804941876049301897e+01 3.993165991590050368e+01 2.976725847993164820e+01 2.375894757617939490e+01 2.059257248534846596e+01 1.771023947033387458e+01 2.579761702851964245e+01 1.854912915143363961e+01
