output/example/elevation_000124.asc
nrows	75
cellsize	13.33333333
xllcorner	0
ncols	75
yllcorner	0
NODATA_value	-9999
[rows 0 to 16 of 75, columns 37 to 73 of 75]
4.271806723188624488e+01 4.271808827872352765e+01 4.681079822299064119e+01 4.787476032866208442e+01 4.368544596246692890e+01 4.368544596246692890e+01 4.664764110956681264e+01 4.671667755811222378e+01 4.967373947939280043e+01 4.316430997282964199e+01 3.897130338904164404e+01 4.316430997282964199e+01 4.284821443163802002e+01 4.473490158426714203e+01 4.553044572088121100e+01 4.974637074467046460e+01 4.832497628295265457e+01 5.272210914727928355e+01 6.051090815230980979e+01 5.884945743446103705e+01 5.493201673821243958e+01 5.737505815626737871e+01 5.696482571403188899e+01 5.278793930202971296e+01 5.696482571403188899e+01 5.770422014003421651e+01 5.351604758518111993e+01 5.351616800899802939e+01 5.770596070248473097e+01 5.917529383951611521e+01 5.499013327196002621e+01 5.631202910495964176e+01 5.742266909535313602e+01 6.159657879444328188e+01 6.047271685890383708e+01 5.629902469768570938e+01 5.761832565369203252e+01
3.303878553011250574e+01 3.303878577553202689e+01 4.271808827871389980e+01 4.368544596246692890e+01 3.335392219037641581e+01 3.335392219037641581e+01 3.637995544323069197e+01 3.647861067225002074e+01 3.947727103687595474e+01 3.802400443798642016e+01 2.862533036859611713e+01 3.379831701215223205e+01 3.260374978906602905e+01 3.454112262868604688e+01 3.536524829025328387e+01 4.203964033528405508e+01 3.779316762510453742e+01 4.398360347768259970e+01 5.575752652137699528e+01 5.429717805552490262e+01 4.562546007771322110e+01 4.640372405963942271e+01 5.168127494845009551e+01 4.202337568819358182e+01 5.168222539701682194e+01 5.175861928402953538e+01 4.314053182856781632e+01 4.314053198697788361e+01 5.176088129798813497e+01 5.328835320612208903e+01 4.475529314164398187e+01 4.608587392836171404e+01 4.720630829566275111e+01 5.591734254934282689e+01 5.172328558382194075e+01 4.606736099179031640e+01 4.739843391579017862e+01
2.625597566309864206e+01 3.179237221980986661e+01 4.144910526416783370e+01 4.322507953121147040e+01 3.285893734706309743e+01 2.581690110383432923e+01 3.285892285204555208e+01 2.901274349531629682e+01 3.577388413958000513e+01 3.154278428277697799e+01 2.339140114404204240e+01 2.339140114404204240e+01 2.512530011482594006e+01 2.705582059216722612e+01 2.927955038265841026e+01 3.177251773987928019e+01 3.905994517478920613e+01 4.923326080348772393e+01 5.725112945900702499e+01 5.433726117701251468e+01 4.454878875686755180e+01 3.897160413432697368e+01 4.440318090973447340e+01 3.470519551631900868e+01 4.730738074801465842e+01 4.360233105879866855e+01 3.714537298399302045e+01 3.714537298399302045e+01 4.752601803846758344e+01 4.908104556760928716e+01 3.898182059702676838e+01 3.898182059702676838e+01 4.551043024934136128e+01 4.971013248584930011e+01 4.156343766617415270e+01 4.025282098088813143e+01 4.739843391579017862e+01
3.177287149819305512e+01 3.992479185015312027e+01 4.553533153822993285e+01 4.024220080937634236e+01 2.980093937661656156e+01 2.240168695931363274e+01 2.240168695931307496e+01 2.876560936911687349e+01 2.988653749039734109e+01 2.128991323075400999e+01 3.154278428277697799e+01 3.370228888497638309e+01 3.560428401922126795e+01 3.321005799613169529e+01 3.966167319982446315e+01 3.905994517478920613e+01 3.730895586690381549e+01 4.239431282484285646e+01 5.285460174217752893e+01 5.842856400960067020e+01 5.013935861814177031e+01 4.024401298643011415e+01 3.494920534179206584e+01 3.470519551631900868e+01 4.023433303250429560e+01 3.369198153490052761e+01 4.360233105879866855e+01 4.449574850449877061e+01 5.176151145976023571e+01 4.908104556760928716e+01 3.898182059702676838e+01 4.551043025066400816e+01 3.570305943822598493e+01 4.248380224248499815e+01 3.602138486812945928e+01 4.156343766460815914e+01 4.873340636631694878e+01
2.971935797517024014e+01 3.761845895058787903e+01 4.163294948614046120e+01 3.781685994921753036e+01 3.376686408553538854e+01 2.890645902133289624e+01 1.869203170648221501e+01 1.869203170648221501e+01 1.975826924846263921e+01 2.988653748335249816e+01 2.128991323075400999e+01 2.733939689628233083e+01 3.680288309345082354e+01 4.342360634469609693e+01 4.762274495438175848e+01 4.923326080348478939e+01 4.714830312131982737e+01 5.178012979317977482e+01 5.699667768654246203e+01 5.483008047688750963e+01 5.427248452046161020e+01 4.854801327559099633e+01 4.109750916083753225e+01 3.183637858054681757e+01 3.110169898885590811e+01 4.023433134315173731e+01 4.695857294555024453e+01 5.272089642874821891e+01 5.902283289793188459e+01 5.328835320612208903e+01 4.908104556760928716e+01 4.971171992865662759e+01 4.248380419709006617e+01 3.306089079295740873e+01 4.042646855499289416e+01 4.455308157868601882e+01 4.528384026116779637e+01
3.374103268542582157e+01 2.815078970618287357e+01 3.612759929436294470e+01 3.376695216064953087e+01 2.417594172229414440e+01 2.698510505133421944e+01 1.869203170648221501e+01 2.419645266056874533e+01 2.988653561861483965e+01 3.411322221568082114e+01 3.154443432965367577e+01 2.399971518403503623e+01 3.439711348081397801e+01 4.057502374289049385e+01 4.404592162235475428e+01 4.846595212515129703e+01 5.385309432149703213e+01 5.798908963544926820e+01 5.312800162433542539e+01 4.534662163301084092e+01 4.555750553200114439e+01 4.293790338195451284e+01 4.519785291912913294e+01 3.854278233203299209e+01 2.935055748384377239e+01 3.327297683558358443e+01 3.860667419359489827e+01 4.854342711324285631e+01 5.312866571212268951e+01 4.878511542972312753e+01 5.312866571212268951e+01 5.272635511298316402e+01 4.649482414147675513e+01 4.042411513433803094e+01 3.126249276974506941e+01 3.570257606490398672e+01 4.510335949319110682e+01
3.187533860286073306e+01 2.268094903009471608e+01 3.187530867312494820e+01 2.974601548748427504e+01 2.574046039089990501e+01 1.737885962096983050e+01 2.698175799784554485e+01 3.225342748303930307e+01 3.334312577499831320e+01 4.210071561463240641e+01 3.439711348081397091e+01 3.139298990447855431e+01 2.727309469613808801e+01 3.020140811760857602e+01 3.367855117707024704e+01 3.888741239842691044e+01 4.954102469752574223e+01 5.393438436011516757e+01 4.402004170490152291e+01 3.921048909558962947e+01 3.606723367658018020e+01 3.375932643466548200e+01 3.960079888205913079e+01 3.730740826732994009e+01 2.809267995466047552e+01 3.730740831707186800e+01 4.551603656836782363e+01 5.148740843454891802e+01 4.764316847000301181e+01 3.761333588449603127e+01 4.757330001526948848e+01 4.603866134485299710e+01 3.930520462258668601e+01 3.911580984867836008e+01 3.000712496463170709e+01 3.138715359493560797e+01 3.718562190346264629e+01
2.457304739291001994e+01 1.837435010801432966e+01 2.464679299423963243e+01 2.464696811923040087e+01 1.609487716360609966e+01 2.550496097761721259e+01 2.939593613945923423e+01 3.270514701355382670e+01 3.547422382235506433e+01 4.108056222744018271e+01 4.462803399453946440e+01 4.164970936184776917e+01 3.162756844011476787e+01 3.759620818389250729e+01 4.337380230650002488e+01 4.846595212514983331e+01 5.414024431139665694e+01 5.798908963544751316e+01 5.312800162433542539e+01 4.902596790384866665e+01 4.555750553200219599e+01 3.681897924475416772e+01 3.074949541120387764e+01 2.883308228766293979e+01 2.680328140827421635e+01 3.108952323798346029e+01 3.685972402021310756e+01 4.725158329745351438e+01 4.319922565845160278e+01 3.191779809307068305e+01 4.317027673905317897e+01 4.202881832134259810e+01 3.277511369242532879e+01 3.626426788441894900e+01 2.871892316270820444e+01 3.790064033374719799e+01 3.860645284854899728e+01
1.426349109408693572e+01 1.489494578357305876e+01 1.489494578357305876e+01 1.489494578357305876e+01 2.217210516822806810e+01 1.978329060287850538e+01 2.228586396879944687e+01 2.475477200027210145e+01 2.714607847198023549e+01 3.595165351264987663e+01 4.698885743872564547e+01 4.614006078163529168e+01 3.758579576514058829e+01 4.614006078163529168e+01 5.248774203838878094e+01 5.631589464289965008e+01 5.684873590713270630e+01 6.225118286189675842e+01 5.830955669899799432e+01 5.417404512401983396e+01 5.045434553598963134e+01 4.363844172211726402e+01 3.960112715950970852e+01 3.324141139898427610e+01 2.680328140827421635e+01 3.463394897653932247e+01 3.862704444542799820e+01 4.284061377864190234e+01 3.942746305639765581e+01 2.835794436607907087e+01 3.470063257139293711e+01 3.804393235216334546e+01 3.472352526337471090e+01 2.703663065483953432e+01 3.626427978951107178e+01 4.197877806730693351e+01 4.932823740703995696e+01
2.240224278348600961e+01 2.097645584053361034e+01 2.464685355079004836e+01 1.489494578357305876e+01 2.464699184108321006e+01 2.756164622602118541e+01 2.984870087133333527e+01 3.268538602062321985e+01 3.569721411718668946e+01 4.016624964652336871e+01 3.810838013924230694e+01 4.437848202518172513e+01 4.775427564068887420e+01 5.206153488710810251e+01 5.478558516830420899e+01 4.826760030909766641e+01 4.644443649651168471e+01 5.445657361043591038e+01 5.246317547137863357e+01 4.398890584954431660e+01 5.246317547137868331e+01 5.285387686577212207e+01 4.677991266142444005e+01 4.001181008366359038e+01 3.463401050454118035e+01 2.526975397467446882e+01 3.333848417882921922e+01 3.333847715777579168e+01 4.123846232324721228e+01 3.470063257137376667e+01 2.389695125844216861e+01 3.343538447359260601e+01 2.537312166606123398e+01 3.472344275160875071e+01 3.220734356222868655e+01 4.167843474714735663e+01 4.676938267044918973e+01
2.627210884344149022e+01 2.638780914462986971e+01 2.863538151448448943e+01 2.464706116865471941e+01 1.640408910671703424e+01 2.611985766075546422e+01 3.167687617462039640e+01 3.019251259174924584e+01 3.200550773069483057e+01 3.278776058873945942e+01 3.075819434134260888e+01 4.025325830644615621e+01 4.550347982525127577e+01 5.074798235928929557e+01 5.090723172822762876e+01 4.168946910580241649e+01 3.994517326917682709e+01 4.934440073299359142e+01 4.829365059174249097e+01 3.776401782895256076e+01 4.829365222216757303e+01 4.868012367498153026e+01 3.873411907276100408e+01 3.327416974605781519e+01 2.952761915055159037e+01 3.333846836025469429e+01 2.376947778216126750e+01 3.205104156217365130e+01 3.182388157228708891e+01 3.622083393618949998e+01 3.222400229530747851e+01 2.389695125844216861e+01 3.343538443578010089e+01 2.789286452709091790e+01 3.106036850232840862e+01 3.409951108453319080e+01 3.858220611583411142e+01
2.017353063670718072e+01 2.890855122247641518e+01 3.513136543402421808e+01 3.016808695238236027e+01 2.611985766215819282e+01 1.794887102760796083e+01 2.762360833326731679e+01 2.055840159178773874e+01 2.244706918446333077e+01 2.445789301805301008e+01 2.783032139800465288e+01 3.144897581002619802e+01 3.625610322435809252e+01 4.638865600955841018e+01 4.990354097266470035e+01 4.246190314014062039e+01 3.565838737636509848e+01 4.394028116603575285e+01 3.970225282673401068e+01 3.368432227745060459e+01 4.457086307866789809e+01 4.505608936383056573e+01 4.709024058040948546e+01 4.277555069108540664e+01 3.472310665352016912e+01 3.732237916017337653e+01 3.205102212512716164e+01 2.223907106179215987e+01 2.981648719022333083e+01 3.173210061094795975e+01 2.246507944956597314e+01 3.222385894455172917e+01 3.743630243564120263e+01 3.599163804540106071e+01 3.046126557336107155e+01 3.374595540667091598e+01 3.828638298077331825e+01
2.892399974646444605e+01 2.318436576637803981e+01 2.916862685921594434e+01 3.775315178132029814e+01 3.168020177450965491e+01 2.762421655177421798e+01 1.794887102760796083e+01 2.762437778497330498e+01 3.207130487606464442e+01 3.407655177670883262e+01 2.956477262020700536e+01 3.925756922359566659e+01 4.550347982524917256e+01 5.091925838139361105e+01 4.635885361303913754e+01 3.307447518537519215e+01 3.307447518537519215e+01 3.881835508519361611e+01 2.940274272596211347e+01 3.684223785216469338e+01 4.088028285834202791e+01 3.544554724576298099e+01 4.230321652355800666e+01 4.843148830824135587e+01 4.428666255866610868e+01 3.660836356754821708e+01 2.714245385293498813e+01 2.114136716857181852e+01 2.985769242985874072e+01 2.676028306103183496e+01 2.143063295238733446e+01 2.779118662277128848e+01 3.827287932295780593e+01 3.235871339762351084e+01 3.224567545544834957e+01 4.026647224287572158e+01 4.638760017290777427e+01
3.382597834984703411e+01 2.547577392094454396e+01 3.128314814050117221e+01 3.996436344865915657e+01 3.466481895503191168e+01 2.493701364791765585e+01 1.935363422762251773e+01 2.299625517989552037e+01 2.985772940382750917e+01 3.963149954508696027e+01 3.637717265045850468e+01 3.744862517808383018e+01 4.730644259004979801e+01 5.379344589582189684e+01 4.999068763883452249e+01 4.224381336555889277e+01 3.711576692808415601e+01 3.028190009699642005e+01 3.674963160316172406e+01 2.733366635284615853e+01 3.356963574494811553e+01 2.887911379845267845e+01 3.755620599640958801e+01 4.305250246664571279e+01 4.846836379917749582e+01 4.064991436409069081e+01 3.491257064162577706e+01 2.955753679784471544e+01 1.960824790161787234e+01 1.997856205301021859e+01 3.183054144147568110e+01 3.731963475173439093e+01 4.250262306450519390e+01 4.320006075262396905e+01 3.431742059470037276e+01 3.850243643612166267e+01 4.511614201931228507e+01
3.761420621652982277e+01 3.382597834992152741e+01 2.933743566417213344e+01 3.775385254169930249e+01 3.876048820659521255e+01 3.065697737615532503e+01 2.093122982288070233e+01 3.065665010326879525e+01 2.985744261133705635e+01 3.961713492244164314e+01 4.621146169547639460e+01 4.730644259004975538e+01 5.084510148727005685e+01 4.378213552214737092e+01 5.084498053835483944e+01 4.615488313339047011e+01 3.654522398387694437e+01 3.682551858306599968e+01 2.773313273115854827e+01 2.583239151669872413e+01 2.374151993139313532e+01 2.374151993139313532e+01 2.959480445288195938e+01 3.899973919538450673e+01 4.436155007704647346e+01 3.463647337862174425e+01 3.568184873651267708e+01 2.875583615864671927e+01 1.852633852797080394e+01 2.895684415715039606e+01 3.409463618914909233e+01 4.082679913908550873e+01 4.145507697628390531e+01 4.549908742981241971e+01 4.325563779066544612e+01 3.905181301585725606e+01 4.463720704178779641e+01
3.646452647585083184e+01 4.098810274604772275e+01 3.234154264768496745e+01 4.098409036048038701e+01 3.926907194522647160e+01 2.947437410634275778e+01 2.258006872552879685e+01 3.234219088095725425e+01 3.961704014144254415e+01 4.374933350587467373e+01 5.071787759826133879e+01 4.662970616204778196e+01 4.671436343176149109e+01 3.696439229238185220e+01 4.671436343177048656e+01 5.022146688405490522e+01 4.615489501240552528e+01 4.080753242241927836e+01 3.285427675352304533e+01 3.356958421659415848e+01 2.374151993139313532e+01 3.183231815491723893e+01 3.583359715586534122e+01 3.696344939392852780e+01 4.099302012410524299e+01 3.641029699629061156e+01 2.683560643400613088e+01 2.214653171956294031e+01 1.771146701849648153e+01 1.980234941355796252e+01 3.006611962744690203e+01 3.145051624136887014e+01 3.210203159280123941e+01 4.002976228710461726e+01 4.863488553696390682e+01 4.899816922611189085e+01 5.331204902457616868e+01
4.056051321101325868e+01 4.497981061708558315e+01 3.817365194779609539e+01 4.497981061708558315e+01 4.135259199797069130e+01 3.133678390983916984e+01 2.435791259856634738e+01 2.924483834267320148e+01 3.617569225209897610e+01 4.640295372985430333e+01 4.479613644145452866e+01 3.700895731965193391e+01 4.302922301593452659e+01 3.364035091895260621e+01 4.302921860909359708e+01 4.097512390421949391e+01 4.524986296586751422e+01 4.515959344119735164e+01 4.204647031595790452e+01 3.755012300514272994e+01 3.183231813655195452e+01 2.149030585072713251e+01 3.005860358402978250e+01 2.720166149255670618e+01 3.696344939387063988e+01 3.650068228094549028e+01 3.093553742402212592e+01 2.691928182352047827e+01 1.695275479656568152e+01 2.759851981101519414e+01 2.267302944916880492e+01 2.470270461451934452e+01 2.676345477338350420e+01 3.605509370638741018e+01 3.892759606466734823e+01 4.501493848883946214e+01 4.909299335944034937e+01
