output/example/elevation_000036.asc
nrows	75
cellsize	13.33333333
xllcorner	0
ncols	75
yllcorner	0
NODATA_value	-9999
[rows 51 to 67 of 75, columns 0 to 36 of 75]
1.369999999999999864e-02 1.001369999999996274e+01 1.448411913717717603e+01 1.350697043584541568e+01 2.350686930884863912e+01 2.248021734961189111e+01 2.662238862973731557e+01 1.725784352661384702e+01 1.725784352661384702e+01 1.093334325680383934e+01 9.332745081236326623e-01 9.332745081236326623e-01 9.332745081236326623e-01 1.093334339013717127e+01 8.257504839920859041e+00 1.118643243734324244e+01 6.186432228520226673e+00 1.115485686189552261e+01 1.441410516389661556e+00 1.144161591849093718e+01 1.169837863376522336e+01 1.584057213539197839e+01 1.712837151506169420e+01 2.446386590556128837e+01 2.500161667653404507e+01 2.232199057260907082e+01 1.231632669430960192e+01 1.654521783905195775e+01 7.474324882558182281e+00 7.474324882558182281e+00 7.474324882558182281e+00 1.748296351467541854e+01 2.739658441001451195e+01 3.200539575440460283e+01 2.648066311969772002e+01 2.234434451279920353e+01 1.392120726960393462e+01
1.290000000000000001e-02 3.421894739919909556e-01 5.342050390639097479e+00 1.437136052924362772e+01 1.995953207085536008e+01 2.222757812013733769e+01 2.634795726442429498e+01 2.725780894786329966e+01 2.093327576371528309e+01 1.093334325680383934e+01 5.015854409754686216e+00 8.004436884552545095e+00 1.093334339013717127e+01 1.186296984615160088e+00 1.186296984615160088e+00 1.186296984615160088e+00 1.186296984615160088e+00 1.186296984615160088e+00 1.118633845028272589e+01 3.867320685980758288e+00 1.388434893987913021e+01 1.795409452590336841e+01 2.319596597020065687e+01 3.051075240156002977e+01 3.048718810638056809e+01 2.048690430299467025e+01 2.232199057260907082e+01 1.748296338134208483e+01 7.474324882558182281e+00 7.474324882558182281e+00 7.474324882558182281e+00 1.325387882784132643e+01 2.326000063164653398e+01 2.493777763058210084e+01 1.787015950675960241e+01 1.233988403465515304e+01 2.234434451279920353e+01
1.329999999999999932e-02 1.001329999954200822e+01 8.092048230835605649e-01 6.528011499695790754e+00 1.455721321457663997e+01 1.234554513034080259e+01 2.222757812013733769e+01 2.513889469252217879e+01 2.318067468341458692e+01 1.318079446205759986e+01 1.208691646643139350e+01 1.800434874361388538e+01 1.532857768650387698e+01 1.118643217067657680e+01 1.186296984615160088e+00 1.186296984615160088e+00 1.186296984615160088e+00 1.118643257067657615e+01 1.118645639934088365e+01 1.388432268188775076e+01 6.410483268558085257e+00 6.410483268558085257e+00 1.845848912150421128e+01 2.552046991285308764e+01 3.163632006557474696e+01 3.048718810638056809e+01 2.283148246087666422e+01 1.282531949719411379e+01 1.035526857781852783e+01 1.748296332381055507e+01 8.223055546727735532e+00 1.823115516441145800e+01 1.930113912990602643e+01 1.930113926323936013e+01 1.079584505982983522e+01 2.080062274645823450e+01 2.537504063864450643e+01
1.369999999999999864e-02 1.001369999999996274e+01 1.080897910480097401e+01 1.277498476679581163e+00 5.350620934205630341e+00 1.523992558114303897e+01 1.881413838282827200e+01 1.513857690044516424e+01 2.221009027231327337e+01 2.318067468341458692e+01 2.208677313236491102e+01 2.167393163129226252e+01 1.167402336340141211e+01 5.900472590407466633e+00 1.118643230400991051e+01 3.611726588160978135e+00 1.118643257067657615e+01 1.532857808650387632e+01 2.118674956025718714e+01 2.059963466651520392e+01 1.220905867262215772e+01 9.928630429164636340e+00 1.031866838824898025e+01 1.665560784808412720e+01 2.740138327091237969e+01 2.990521653920616174e+01 1.990144586901183388e+01 2.283148246079289478e+01 1.337235850758930944e+01 2.237091432008277536e+01 1.823115516441145800e+01 9.294425676876096887e+00 9.294425676876096887e+00 9.294425676876096887e+00 1.930113919324799809e+01 1.344483393747438882e+01 1.536931035008000990e+01
1.319999999999999993e-02 1.001319999999996213e+01 1.541597954343956545e+01 1.127415647478925109e+01 1.748381607861473341e+00 1.174482656131628211e+01 8.816622105325180314e+00 8.070416564160645123e+00 1.806760216772403638e+01 2.506507532458188692e+01 2.429142775446728209e+01 2.581611528521550269e+01 2.004263043455208759e+01 1.090053238840007666e+01 1.775394910569881546e+01 1.361180857161478563e+01 7.391481748888291570e+00 1.739143601648234494e+01 2.653355143357846657e+01 2.638827583255882914e+01 2.224208806093286128e+01 1.362446339426997177e+01 2.119730693789122711e+01 1.580208811183096529e+01 2.217284615375015377e+01 3.262992038807461626e+01 2.697884932070886777e+01 2.666438279209397066e+01 1.653829383048469026e+01 2.666438279209397066e+01 2.344076778135743666e+01 1.930113899657269272e+01 9.294425676876096887e+00 9.294425676876096887e+00 1.077118459171713383e+01 2.077961564523679172e+01 2.537504063864450643e+01
1.349999999999999985e-02 7.084567811865484899e+00 1.708456781186555062e+01 1.588663568742744481e+01 1.174482656131628211e+01 1.748381607861473341e+00 1.748381607861473341e+00 1.174482682798294775e+01 1.929143244710181904e+01 1.506483274696832986e+01 1.429143767306968016e+01 2.136278387444988169e+01 2.504260988269172827e+01 2.090043141350775002e+01 2.504260988269172827e+01 2.153358525090069264e+01 1.316499423042425398e+01 1.239151145967899303e+01 1.816486545807990893e+01 2.816486026962762423e+01 2.747510284592480190e+01 1.845739415321617116e+01 2.747510284592480190e+01 2.217284615375015377e+01 3.083562941223492260e+01 3.681206581105433173e+01 3.697009196658635943e+01 3.085042381610775308e+01 2.103180907969731450e+01 3.085042381610775308e+01 2.471226544588036234e+01 1.464623495461916391e+01 1.507184693565771205e+01 1.930113927399073503e+01 1.254176267699335945e+01 1.430778783015890632e+01 2.431343712389764633e+01
1.369999999999999864e-02 7.084767811865485321e+00 1.708476781186555371e+01 1.751655153716793478e+01 7.519631093558833079e+00 1.748381607861473341e+00 1.748381607861473341e+00 1.174482682798294775e+01 9.293951874915363121e+00 7.996976158808950963e+00 7.223925856676529200e+00 1.636394268314921874e+01 2.348340018766693049e+01 2.762609581373985890e+01 2.622057434837746115e+01 2.730705902823687481e+01 2.316486286385376303e+01 1.946241386603974632e+01 2.653355143357846657e+01 3.230709072018961336e+01 3.240705149767125448e+01 2.828171308841775655e+01 3.240705149767125448e+01 3.262992038807461626e+01 3.681206581105433173e+01 3.906068778384319273e+01 4.307722117699910314e+01 3.555418515512362632e+01 2.838503026265671636e+01 3.555418515512362632e+01 2.889148902048755474e+01 1.966533451203785177e+01 2.214844401681212105e+01 2.490320882057404006e+01 1.489925813019803158e+01 2.431298563891208531e+01 1.823080621673207347e+01
1.379999999999999977e-02 1.001310013333329607e+01 1.415523575706423109e+01 2.165901544294080239e+01 1.588663595409411222e+01 7.519631093558833079e+00 1.174482682798294775e+01 2.225931833359830581e+00 2.225931833359830581e+00 2.225931833359830581e+00 2.225931833359830581e+00 1.222214640639467653e+01 1.348370986110071534e+01 1.805528436868850051e+01 1.622017732232827925e+01 2.622057434837746115e+01 3.061027952155611231e+01 2.946246343738688367e+01 3.108218189852190605e+01 2.693968097284254881e+01 2.823746204621392764e+01 3.237990350347566704e+01 3.869798236479979892e+01 3.466560201099336069e+01 3.466560201099336069e+01 2.924588866175587398e+01 3.743060332281380198e+01 4.081203876095092653e+01 3.932534788324964836e+01 4.029424754392267971e+01 3.412236603751780706e+01 2.691960047260473488e+01 3.215214332516139706e+01 2.740451749794908665e+01 1.739933684603997222e+01 2.740451749794908665e+01 2.823895671516591221e+01
1.309999999999999880e-02 1.309999999999999880e-02 1.001310013333329607e+01 1.769076966299691733e+01 2.165901544294080239e+01 1.751655153716793478e+01 1.222214613972800912e+01 2.225931833359830581e+00 2.225931833359830581e+00 2.225931833359830581e+00 2.225931833359830581e+00 1.222214640639467653e+01 7.713713255897129528e+00 8.058717789114400176e+00 1.805528436868850051e+01 2.768059007064632127e+01 2.060857022023442653e+01 2.768059007064632127e+01 2.530784304264409457e+01 1.693799809969484471e+01 1.823578258181250789e+01 2.823746204621392764e+01 3.466560201099336069e+01 2.480461116076691042e+01 2.480461116076691042e+01 2.351920015789802676e+01 3.339411086866397937e+01 3.216818684797927830e+01 3.620030919471263786e+01 3.035424701709351680e+01 3.727383171215902280e+01 3.768583627260276359e+01 3.556037003913699834e+01 2.557190131868359018e+01 2.118093032674571319e+01 2.557186021490284844e+01 3.555890728090021469e+01
1.349999999999999985e-02 1.309999999999999880e-02 3.548634039266067575e+00 1.061970185113151643e+01 2.061970185113144538e+01 2.222060430815081133e+01 1.222214613972800912e+01 1.222214613972800912e+01 4.582654511085758386e+00 1.222214627306134282e+01 1.222214640639467653e+01 2.715935866034673740e+00 2.715935866034673740e+00 1.271189477085408193e+01 2.219771784751480936e+01 2.353800305113498226e+01 1.353857157693068025e+01 1.776482859775991230e+01 1.690216710974195280e+01 1.116749269595513105e+01 2.116520667368144970e+01 3.102847977895693532e+01 3.516058130005391291e+01 2.769282851157973013e+01 1.776727751277430656e+01 2.406852972643729416e+01 2.763386978358644086e+01 2.578666328382290018e+01 2.875702330000117257e+01 2.323936615200652156e+01 2.824768073933129386e+01 3.514111001423659530e+01 3.966611352668076762e+01 3.529803338105228505e+01 2.618893472819359403e+01 3.529803338105228505e+01 3.965732682631010420e+01
1.369999999999999864e-02 1.001310013333329607e+01 1.354863403926603027e+01 1.171359984854329639e+01 2.171359984854322533e+01 2.400203845980358963e+01 1.400147585436002551e+01 8.231953357401682325e+00 1.457809376568254578e+01 1.872019999756192732e+01 1.271189477085408193e+01 2.715935866034673740e+00 2.715935866034673740e+00 1.271189477085408193e+01 1.735091872810203384e+01 1.423103449103666662e+01 1.423103462437000033e+01 7.769750247282881439e+00 6.907705512573468098e+00 1.690216710974195280e+01 2.530784304264409457e+01 2.102967996230434977e+01 2.939166498620415169e+01 3.175129676278335467e+01 2.406852972643729416e+01 1.411927234721047952e+01 1.805425535957984451e+01 2.494265861475995649e+01 1.874543907820210364e+01 2.875702330000117257e+01 3.727383171215902280e+01 4.184254666920787713e+01 4.853845253942733251e+01 4.027996486170849266e+01 3.618331729735105284e+01 4.027996486170849266e+01 4.186644633027456308e+01
1.290000000000000001e-02 1.001289999999996283e+01 1.688246723926614123e+01 2.102460286299712067e+01 2.585573547227414792e+01 2.814485816017439035e+01 2.124296871788434515e+01 1.124414835972114979e+01 2.124296871788434515e+01 1.978116170641188987e+01 9.783708530110340362e+00 9.783708530143504944e+00 1.271189466174938509e+01 3.213459993563993145e+00 1.320914674508202680e+01 4.235976907107750655e+00 4.235976907107750655e+00 4.235976907107750655e+00 4.235976907107750655e+00 1.423103489103666774e+01 1.893237912259761302e+01 1.525712473272047731e+01 2.131616352079188204e+01 2.545844170402031637e+01 2.175196249355455436e+01 1.177169007336763684e+01 2.145366234749871737e+01 1.496073505314694785e+01 2.495817057893569313e+01 3.285694920470305647e+01 3.962778158038864973e+01 4.352490087190885504e+01 4.393561114649256183e+01 3.893856188932033291e+01 3.479887074098603961e+01 3.893856188932033291e+01 3.186684816850029023e+01
1.359999999999999924e-02 3.346933333333330207e+00 6.882467239266072845e+00 1.395353505113157055e+01 2.395353505113163806e+01 2.831576241909127845e+01 1.831332164297741727e+01 1.831332164297741727e+01 2.124296871788434160e+01 2.392364775301777868e+01 1.978116170641188987e+01 1.978116184873123373e+01 1.735091480891665228e+01 1.320914671992520972e+01 3.712528871314076717e+00 1.370792983806388854e+01 4.235976907107750655e+00 4.235976907107750655e+00 4.235976907107750655e+00 1.423103489103666774e+01 8.937570104872449406e+00 1.515429000429410422e+01 1.131985391878446912e+01 1.968554712179230393e+01 1.790503409670960266e+01 9.773109881989286762e+00 1.153492261918766992e+01 1.441696471647591693e+01 2.437700148848805526e+01 3.276973948871438580e+01 2.992904544302288627e+01 3.962778158038864973e+01 3.876993783955091288e+01 2.979996173363092282e+01 2.480105272627581314e+01 3.394019759018246418e+01 2.609471943820617312e+01
1.379999999999999977e-02 1.001379999999996251e+01 1.688246723926614123e+01 1.688246723926614123e+01 2.688246723926620874e+01 3.245842266983259350e+01 2.831576241909127845e+01 2.831576241909127845e+01 3.124518213239999298e+01 2.541126349141843477e+01 2.093962021629500114e+01 1.679734781959586698e+01 1.370792997826086967e+01 3.712528871314076717e+00 8.709798521001504312e+00 1.784968992415594258e+01 1.130284524071473307e+01 1.136788060568682113e+01 1.385016716011434568e+01 4.773609548973837491e+00 5.160548847556737151e+00 5.160548847556737151e+00 5.551016003628093998e+00 1.554457653365085612e+01 7.918295561559411055e+00 1.790503409670960266e+01 2.152496787018545632e+01 2.437700148848776749e+01 1.913061200073736856e+01 2.290881456727271726e+01 3.276973948871829379e+01 3.656300897627086499e+01 3.463043282371128129e+01 2.463149533230757271e+01 1.979908017994845082e+01 2.979996173363092282e+01 2.162137294953537747e+01
1.349999999999999985e-02 1.001349999999996321e+01 1.578710269189620874e+01 2.578710269189613769e+01 2.901623675602701269e+01 3.029156946173271336e+01 2.632395880421033496e+01 3.029156946173275600e+01 2.834102778505778275e+01 1.833897972319215697e+01 1.127068522594053768e+01 6.803273716605351851e+00 1.495728952116584942e+01 4.962413177775155226e+00 1.495728951790643535e+01 1.687094253337101435e+01 2.130030914758744132e+01 2.162356835321997650e+01 1.391884226503798949e+01 6.858244084050128642e+00 1.515464281294519111e+01 1.515464472902861637e+01 1.554478563413852932e+01 6.106196256742666861e+00 1.609946727707204062e+01 1.668527908829934248e+01 2.082684115534250324e+01 2.659902415132064846e+01 2.904730456201993860e+01 3.055036420435488864e+01 2.645303957682913776e+01 2.645303957682913776e+01 3.456633591080304768e+01 2.646633454907009764e+01 1.646328335631618600e+01 2.268553657651654021e+01 2.584799613828201004e+01
1.359999999999999924e-02 5.787102691896246043e+00 1.525267823465454065e+01 1.901623675062991836e+01 1.901623675062991836e+01 2.547520108538046202e+01 1.666882250328822579e+01 2.547520108538046912e+01 3.103065624976514414e+01 2.541126349141843477e+01 2.093962021629500114e+01 1.679734768626253327e+01 6.803273716605351851e+00 1.495728952116584942e+01 1.909922488835341170e+01 2.687140250836125333e+01 3.101390583898824005e+01 2.801085790874460812e+01 1.908877928894951737e+01 9.092324312831134847e+00 1.908877852243347206e+01 2.426137623717099956e+01 1.426489587758124422e+01 1.609946727707204062e+01 6.692264085037403554e+00 6.692264085037403554e+00 1.246012110920471905e+01 2.245695222274515146e+01 2.807793060981153133e+01 2.393581953464996914e+01 1.641419266194389337e+01 2.611157040107081784e+01 2.456589763252712544e+01 2.456589763252712544e+01 2.268553657651654021e+01 1.268773054267790812e+01 2.026081349218281602e+01
1.290000000000000001e-02 1.110542599896902960e+00 1.111054259993832716e+01 9.016236750317872861e+00 1.901623675062991836e+01 1.712023231473490270e+01 1.171100312741056371e+01 1.742262580811301831e+01 2.706125692193239729e+01 3.019378572206220213e+01 2.019180198433665652e+01 1.312224460176378926e+01 1.679734768626253327e+01 8.983504888034469005e+00 1.897841613074222167e+01 2.566099425998899619e+01 3.143595294637480109e+01 2.725732654185230786e+01 1.725294020548133389e+01 1.176073344997028691e+01 2.176163182346567382e+01 2.839440842569648993e+01 2.324671930763867067e+01 1.668527908829934248e+01 6.692264085037403554e+00 6.692264085037403554e+00 1.668527908829934248e+01 1.772914114131677721e+01 1.816395558662551935e+01 1.393865527464161680e+01 1.194639654071293222e+01 1.863028018661239926e+01 1.909760649427820667e+01 1.456702200539497127e+01 1.956645995229436608e+01 1.027080750950899812e+01 1.027080750950899812e+01
