output/example/elevation_000062.asc
nrows	75
cellsize	133.333333333
xllcorner	0
ncols	75
yllcorner	0
NODATA_value	-9999
[rows 34 to 50 of 75, columns 37 to 73 of 75]
2.354837243840780729e+02 1.968318981706784427e+02 2.805182274974837355e+02 2.494465465846962218e+02 1.548071092588705824e+02 1.586195735171857280e+02 2.586195735172018999e+02 2.681390408327764021e+02 2.720949796934232836e+02 2.337983855630309336e+02 2.800506197582320738e+02 2.840474235931201292e+02 1.897875393724022217e+02 2.897875393724244191e+02 3.371638089641822376e+02 3.594750810722204619e+02 3.411247391649362157e+02 4.411247391652540841e+02 4.675013384681548700e+02 4.260799821939328353e+02 3.561414025757711670e+02 4.561414025759378887e+02 4.350261537531177964e+02 3.693258707815095363e+02 4.693258707816785886e+02 5.515720561333736214e+02 5.366844828880558680e+02 4.804075614702503572e+02 4.389862051967475622e+02 3.547975934974837173e+02 4.547975934976096255e+02 4.848313218782014360e+02 4.069176270929970087e+02 4.233575258235331944e+02 5.233575258238008701e+02 5.393069009448155384e+02 6.100175790635125850e+02
3.310340153240400696e+02 2.675425762893351589e+02 3.125421361778705318e+02 2.125421361778339531e+02 2.548071092588860154e+02 1.815611469042422073e+02 1.887707079749625052e+02 2.887707079749855552e+02 3.626363484544826292e+02 3.337983855630764651e+02 3.752197418189897462e+02 3.312088956218923386e+02 2.897875393724244191e+02 1.957424527141564283e+02 2.957424527141800468e+02 2.594750810721613448e+02 3.594750810722204619e+02 4.492192357659632762e+02 4.097663115340708941e+02 3.260799821938102241e+02 3.183449552748473934e+02 4.048750192953072542e+02 3.350261537530068381e+02 4.350261537531177964e+02 5.107472270673083585e+02 5.228169779760320353e+02 4.659738047368047091e+02 3.952631265855571314e+02 3.389862051966414356e+02 4.389862051967475622e+02 4.962189497756618266e+02 5.483389833909433264e+02 4.776283052116536965e+02 4.940682039421898821e+02 4.598723629905452981e+02 5.598723629909673036e+02 6.025125062624041448e+02
3.389372998694269654e+02 3.675425762894413424e+02 3.539634924311524173e+02 2.702771630967981196e+02 3.051313729438214182e+02 2.051313729437941049e+02 2.887707079749855552e+02 2.212149922011154501e+02 3.212149922011495846e+02 3.991511856270837484e+02 4.568862125609821874e+02 3.664531308328932937e+02 2.664531308328131445e+02 2.957424527141800468e+02 2.017400541531971498e+02 3.017400541532221041e+02 3.077978794813776631e+02 3.884462398952058493e+02 3.470248836393251963e+02 2.683449552748460292e+02 2.863054854775239733e+02 3.048750192952296629e+02 4.048750192953072542e+02 4.350261537531177964e+02 5.350261537553085418e+02 4.521062998279773524e+02 3.813956216799260801e+02 3.245524484669004437e+02 4.245524484669911089e+02 3.798110342430288711e+02 4.505217123616855588e+02 5.505217123622966255e+02 5.776283052124172173e+02 5.940682039431039811e+02 5.305830411092040322e+02 5.025125062616685909e+02 5.732231843803273250e+02
2.975159436188334325e+02 3.656634240637711741e+02 4.116985193611607201e+02 3.702771630968845784e+02 3.051313729438214182e+02 3.051313729438214182e+02 2.443545999714314405e+02 3.212149922011495846e+02 2.577298293681275254e+02 3.154648562870917203e+02 4.154648562872187085e+02 4.078744870955546276e+02 3.664531308328932937e+02 3.017400541532221041e+02 3.017400541532221041e+02 2.077978794813510319e+02 3.077978794813776631e+02 3.274132701254985705e+02 2.470248836392844112e+02 3.470248836393251963e+02 3.863054854775871263e+02 4.048750192953072542e+02 3.865246773880045339e+02 4.865246773884218783e+02 4.386223025759091456e+02 3.972009463120717783e+02 3.106849435612693924e+02 4.106849435613474952e+02 4.062021065596753147e+02 4.798110342432080415e+02 4.298110342430302353e+02 4.706358632894176708e+02 5.413465414080764049e+02 6.413465414101402757e+02 6.305830411106435349e+02 5.732231843803273250e+02 5.732231843803273250e+02
2.242420678100506279e+02 3.242420678100857003e+02 3.845443367256763167e+02 4.259656929894243831e+02 4.051313729444012210e+02 3.150652780900881567e+02 3.443545999714763752e+02 2.978068483539178146e+02 3.577298293681810719e+02 3.048702814472320028e+02 3.755809595658886906e+02 4.755809595662347533e+02 4.431614104357844326e+02 3.577978794814056300e+02 2.577978794813524246e+02 3.077978794813776631e+02 2.139292728762007698e+02 2.274132701254657718e+02 3.274132701254985705e+02 3.177355617579411273e+02 3.884462398765978151e+02 4.884462398770714344e+02 4.865246773884218783e+02 4.679116244308913792e+02 3.679116244306608792e+02 2.972009463120041914e+02 3.972009463120717783e+02 4.521062998279773524e+02 5.062021065601632017e+02 5.476234628741013921e+02 5.298110342433885762e+02 5.706358632900233943e+02 5.706358632900233943e+02 6.706358633006199170e+02 6.555008558520853512e+02 6.732231843828363935e+02 6.732231843828363935e+02
3.242420678100857003e+02 2.543932022678274052e+02 2.845443367256045804e+02 3.845443367256763167e+02 4.564866343659915060e+02 3.857759562087448444e+02 4.386316774004681633e+02 3.386316774003052501e+02 4.386316774004681633e+02 3.755809595658886906e+02 3.755809595658887474e+02 4.755809595662348102e+02 4.210434326848666160e+02 3.210434326847217790e+02 3.577978794814056300e+02 2.955789309689756692e+02 3.139292728762292199e+02 2.204387184252420582e+02 2.911493965438987743e+02 3.911493965440021157e+02 4.591569180324736976e+02 4.891960063756305317e+02 4.477746500885011187e+02 4.183611096644120835e+02 3.769397534042365692e+02 2.879161794031513750e+02 3.879161794032127091e+02 4.230727895419255447e+02 4.230727895419255447e+02 5.230727895437365760e+02 5.372860644963984669e+02 5.787074208174660725e+02 5.769434879928031705e+02 6.183648443433371540e+02 5.555008558500545632e+02 6.201455167916468554e+02 6.609703458386710508e+02
3.860159788695855241e+02 2.860159788695120824e+02 3.845443367256763167e+02 3.422793636445687753e+02 4.422793636447387371e+02 4.857759562092662122e+02 4.800530336812271344e+02 4.386316774004681633e+02 4.800530336812271344e+02 4.755809595662347533e+02 4.755809595662348102e+02 5.170023158681390214e+02 4.624647889608552873e+02 3.917541108033784667e+02 4.370002872405964922e+02 3.955789309691282369e+02 3.250562893906700310e+02 2.250562893906382271e+02 3.250562893906700310e+02 3.731295466968159644e+02 4.009233613962443883e+02 4.423447176637405391e+02 3.477746500882391274e+02 3.661249919955129144e+02 2.769397534041820563e+02 3.769397534042365692e+02 3.083285939263450359e+02 3.230727895418351068e+02 4.230727895419255447e+02 4.618733680475090182e+02 4.372860644959981755e+02 4.987960465502314946e+02 4.769434879921799393e+02 5.421500344606141653e+02 4.847901777313958291e+02 5.201455167907251962e+02 5.609703458371137685e+02
4.213713179289538857e+02 3.213713179288404262e+02 4.213713179289538857e+02 4.129900417632254630e+02 4.422793636447387371e+02 5.422793636479160568e+02 5.589804992565976818e+02 5.175591393102921529e+02 5.066201592773805942e+02 5.161867965075530265e+02 5.576081559813500235e+02 5.648365000390296018e+02 5.331754671183360870e+02 4.667359028874613500e+02 3.667359028872373301e+02 3.090008759682731352e+02 2.642795164182761027e+02 3.250562893906700310e+02 2.317081904430157238e+02 3.317081904430498298e+02 3.009233613961537230e+02 3.846096907324154586e+02 3.580404711609643300e+02 2.661249919954642564e+02 3.661249919955129144e+02 4.183611096644120835e+02 4.083285939264220019e+02 4.230727895419255447e+02 3.454334693168336230e+02 3.618733680473698087e+02 3.795510375770339806e+02 3.987960465500220266e+02 4.192084610732157444e+02 4.421500344602725363e+02 4.998850613792367312e+02 5.998850613800452720e+02 6.609703458386710508e+02
4.627926742019706694e+02 3.791063448478046212e+02 4.627926742019706694e+02 5.129900417638048111e+02 5.400420203990431673e+02 4.986206610845476348e+02 4.986206610845476348e+02 4.175591391421833123e+02 4.066201591664123498e+02 4.161867964044947144e+02 4.998731276990234278e+02 4.648364997729169659e+02 5.355471806722439396e+02 5.081572591782921222e+02 4.504222322373863676e+02 3.642795164183284555e+02 3.090008759682731352e+02 3.317081904430498298e+02 3.317081904430498298e+02 2.384046857448400658e+02 2.431883344771895281e+02 3.431883344772278974e+02 2.580404711609195942e+02 3.580404711609643300e+02 2.785764481227583929e+02 3.785764481228140426e+02 4.325966201525241672e+02 4.868548255926533557e+02 4.454334693169498109e+02 4.196083949663340036e+02 4.795510375772031466e+02 4.987960465502314946e+02 5.192084610734789294e+02 5.128607125789312704e+02 5.835713907779969531e+02 6.413064177524386196e+02 6.794841899018658751e+02
5.205277011456475975e+02 4.791063448480730926e+02 5.068913167808835851e+02 4.654699583239415688e+02 4.986206610845476348e+02 3.986206609744674552e+02 3.986206609744674552e+02 4.359094810802592974e+02 3.359094810475908730e+02 3.584517694855251193e+02 4.308802684788461761e+02 3.941258216531624043e+02 4.941258217322045425e+02 5.834301168586476933e+02 5.057008727297071573e+02 4.504222322373864813e+02 3.667359028872373301e+02 4.317081904437680464e+02 3.737600248042247699e+02 2.737600248041683813e+02 3.431883344772278974e+02 2.500082778718943644e+02 3.500082778719355474e+02 3.994618274181868287e+02 3.785764481228140426e+02 2.911752638897329462e+02 3.911752638897965539e+02 4.454003081483509732e+02 4.987030189854619948e+02 5.196083949666636954e+02 5.610297512772825712e+02 5.644131432670039885e+02 6.058344996213417062e+02 6.128607125800963331e+02 6.501948681594850541e+02 6.087735117812160297e+02 5.794841898990483742e+02
5.794851913782861175e+02 4.930095007118395074e+02 4.491562889317505096e+02 3.654699582651315382e+02 4.491562889317504528e+02 4.279099828880544578e+02 3.279099828556236957e+02 3.779099828718377694e+02 2.981130337466670994e+02 3.137304099355280869e+02 3.308802684497794075e+02 4.308802684788461761e+02 4.849844287265971161e+02 4.834301166024436043e+02 5.541407976457024915e+02 5.081572591782924633e+02 4.667359028874613500e+02 4.077162561261944234e+02 3.370055780075377356e+02 3.737600248042247699e+02 2.772248305694859596e+02 3.500082778719355474e+02 2.649153977218933278e+02 3.649153977219416447e+02 4.214987148543507374e+02 3.911752638897965539e+02 3.039789518830228872e+02 4.039789518830958741e+02 3.987030189850103739e+02 4.987030189854619948e+02 4.937024651477908606e+02 4.644131432662167072e+02 5.644131432670039885e+02 6.075547248456116449e+02 5.661333685097404214e+02 5.087735117803896969e+02 5.665085386993555403e+02
4.794851905234989999e+02 4.515881422191489492e+02 3.515881421387193768e+02 3.077349313461668316e+02 4.077349313710250271e+02 4.020539714857515037e+02 3.606326143574086700e+02 2.779099828556223315e+02 3.779099828718377694e+02 4.137304099596099149e+02 4.308802684788461761e+02 3.591645396972421054e+02 3.849844286719589377e+02 4.127194384832211540e+02 5.127194385588293244e+02 6.075930478055915955e+02 5.491376124470095874e+02 4.784269342866004990e+02 4.370055780076914402e+02 3.968364440833752269e+02 2.968364440833049116e+02 3.968364440833752269e+02 3.649153977219416447e+02 2.800773585934717858e+02 3.800773585935287429e+02 4.454003081483509732e+02 4.039789518830958741e+02 3.170533608922355029e+02 4.170533608923194038e+02 4.402502167651808804e+02 3.937024651475599626e+02 4.937024651477908606e+02 5.721993857615246952e+02 5.307780294502442757e+02 4.661333685092664041e+02 5.661333685097404214e+02 6.501948681594850541e+02
4.794851905234989999e+02 4.543355101782785823e+02 3.699384840607056617e+02 2.699384840452430581e+02 3.699384840607056617e+02 3.441927156246670734e+02 2.606326143439947032e+02 3.606326143574086700e+02 3.313622312381087340e+02 4.313622312729442569e+02 5.005858978567281383e+02 4.168995666162091425e+02 4.224100929006374940e+02 5.127194385588293244e+02 4.661716868657094892e+02 5.661716870281335332e+02 5.262569700414824183e+02 4.262569700410757605e+02 3.685219431221115656e+02 3.276971140757241301e+02 3.968364440833752269e+02 4.382578003476785966e+02 3.909882531053356161e+02 2.909882531052716672e+02 3.909882531053356161e+02 4.485260686519138176e+02 4.584747171604175264e+02 4.170533608923194038e+02 3.305373581415007038e+02 3.402502167650735601e+02 4.402502167651808804e+02 4.961810980454159221e+02 4.991552528484627942e+02 4.307780294499380602e+02 5.307780294502442757e+02 6.075547248456116449e+02 6.347318917098641577e+02
4.151933741430206624e+02 3.737720167534301368e+02 3.129141523526679975e+02 2.422034742339808133e+02 3.281799002423634306e+02 2.441927156134585459e+02 3.441927156246670734e+02 3.422822724373472170e+02 4.313622312729442569e+02 4.020729093569895554e+02 5.020729094751535513e+02 4.876102447360337351e+02 4.931207710211041331e+02 5.224100930108363627e+02 5.368823649866769756e+02 5.661716870281335332e+02 5.676783263606346281e+02 4.685219431222834601e+02 4.251339163856239907e+02 3.544232382669673029e+02 4.544232382671061146e+02 4.726379111983908956e+02 3.726379111980465382e+02 3.909882531053356161e+02 3.071047123857796919e+02 4.071047123858558621e+02 4.669375610141950688e+02 4.719587144129366152e+02 4.012480362601573916e+02 4.402502167651808804e+02 3.547597417672741358e+02 4.547597417673998734e+02 3.991552528482533830e+02 4.991552528484627942e+02 5.640212135899961368e+02 5.347318917081529435e+02 6.347318917098641577e+02
3.737720167534301368e+02 2.737720167289209598e+02 3.030613386174447328e+02 2.172034742339804723e+02 2.281799002329496489e+02 3.281799002423634306e+02 3.856140726500756841e+02 4.422822725072856542e+02 4.837036308132301201e+02 5.020729094751535513e+02 5.434942689065854893e+02 5.876102450594154334e+02 5.931207713911591100e+02 6.224100942353044275e+02 6.368823655333319493e+02 6.661716888056647576e+02 6.099432995252113869e+02 5.665552727083074842e+02 4.860460148688550248e+02 3.860460148686519801e+02 4.860460148688550248e+02 5.140592674957798636e+02 4.449011596868260767e+02 3.449011596867034655e+02 4.071047123858558621e+02 3.255162047437466413e+02 4.255162047438400350e+02 4.861825699924029323e+02 5.012480362604885045e+02 4.961810980454159221e+02 4.547597417673998734e+02 3.696668616172731276e+02 4.696668616174209205e+02 5.105689652072413764e+02 4.640212135894942662e+02 5.640212135899961368e+02 5.571747332348090822e+02
3.308109768385927509e+02 2.893896200759676276e+02 2.030613386102493507e+02 3.030613386174447328e+02 3.281799002423634306e+02 3.696012571790632251e+02 4.129387791940173997e+02 4.543601369685376312e+02 5.168413813004671056e+02 4.754200227005123338e+02 5.168413813004671056e+02 5.745764098932964998e+02 5.730205901159905579e+02 5.839595702266248054e+02 6.253809328594720682e+02 6.124994668689813579e+02 6.539208302661321568e+02 5.567566929880010775e+02 4.567566929873087247e+02 4.567566929873086679e+02 5.274673711609430029e+02 4.875413029580404896e+02 3.875413029578267583e+02 4.449011596868260767e+02 4.669375610141950688e+02 4.255162047438400350e+02 3.447612137167346873e+02 4.447612137168503637e+02 5.077491246399935108e+02 5.654841515901829325e+02 5.110882179002264252e+02 4.403775397359298154e+02 3.876273918199510717e+02 4.105689652070078637e+02 4.421917418086925409e+02 4.755250751420267648e+02 5.462357532606854420e+02
2.789638993724661304e+02 1.893896200697559209e+02 2.010143839441379896e+02 2.127994969639139242e+02 3.127994969718815241e+02 3.422281010489722917e+02 3.129387791566958867e+02 4.129387791940173997e+02 4.219677742840070209e+02 3.754200226368664630e+02 4.331550495558675493e+02 5.331550497063643661e+02 4.730205898466538770e+02 4.839595698261747430e+02 5.417887884791251736e+02 5.124994664854439179e+02 6.124994668689813579e+02 5.981780493345827381e+02 5.567566929880010775e+02 5.567566929880010775e+02 5.582519810772124629e+02 4.582519810764835029e+02 4.375413029578281225e+02 5.289626592514549657e+02 4.982134620994697229e+02 3.982134620992210898e+02 4.447612137168503637e+02 3.663277683574229400e+02 4.240627952763871349e+02 5.240627952767362103e+02 5.817988960645261614e+02 5.290487481095449311e+02 4.876273918201311517e+02 4.099880715949495880e+02 5.099880715951815091e+02 5.755250751425393219e+02 5.755250751425393219e+02
