output/example/elevation_000009.asc
nrows	100
cellsize	10.0
xllcorner	0
ncols	100
yllcorner	0
NODATA_value	-9999
[rows 68 to 84 of 100, columns 0 to 36 of 100]
1.262296273394645230e-01 1.001140182231367532e+02 1.133861961691698212e+02 2.288531200348988648e+01 2.960736443442637977e+01 3.638712174674407862e+01 1.362130193977310455e+02 1.880918999642085510e+02 1.727188512247712424e+02 2.437918566902174291e+02 3.460866200666798136e+02 3.581859024000518161e+02 3.171170117092340206e+02 3.422351012180252496e+02 2.406523775498581585e+02 1.964214386396669170e+02 1.814195197820271233e+02 2.821081585332828467e+02 2.839011720308161557e+02 2.059087607744872059e+02 2.244896117925364649e+02 2.437928438327575975e+02 2.643319557128561428e+02 2.869456777326839756e+02 3.164309215241460720e+02 3.508652288308704783e+02 4.150573160691650401e+02 5.418796650682463678e+02 5.772031800694752519e+02 6.173049588965166095e+02 5.952160617007854171e+02 5.247926614412672279e+02 4.568371101660794693e+02 3.437574306245613229e+02 4.012593834461698634e+02 3.069845746631451107e+02 4.284707634950995612e+02
2.872308867382863395e-01 6.866712375754386422e+00 1.346024231037024599e+01 1.133884398501237740e+02 1.294536046167706331e+02 5.632803987180940908e+01 1.560950580057062496e+02 2.128589149252420327e+02 2.411790353580220199e+02 2.735872825761787226e+02 3.126864652527855242e+02 3.126656207650738111e+02 4.014074865360243507e+02 3.932042894204877825e+02 3.415845952075077321e+02 2.976539519847031556e+02 2.313371868464322461e+02 2.635008076268221089e+02 3.506694786003329227e+02 3.067663815683745270e+02 2.551788727461004953e+02 3.460297886052601939e+02 3.677390289194794377e+02 3.546704220718334568e+02 3.777712554348498770e+02 4.656777231823348870e+02 5.171498491606388370e+02 5.875838565106464557e+02 6.107969198579492058e+02 5.578449895182037608e+02 4.994215476405963159e+02 4.076224572931516832e+02 3.576002338425128642e+02 3.780268429979828397e+02 2.843326519960219230e+02 4.011238562771944203e+02 4.819438272011072399e+02
2.144837868416781257e-01 1.002022735275610046e+02 1.133866477357139644e+02 1.545234850992544580e+02 1.974214540211091844e+02 1.560951030124533929e+02 8.708573535425760781e+01 1.137294243122223207e+02 1.424980684091846399e+02 1.756373757439753547e+02 2.223358235593723009e+02 3.147484238430812411e+02 3.292705618365326359e+02 3.664380086165313060e+02 4.062632251149842091e+02 3.845923581970296823e+02 3.097330429890351979e+02 3.699508126889285791e+02 4.153811655838929937e+02 4.024522192558401912e+02 3.298012970369838968e+02 3.252040739959833218e+02 4.269182302723979205e+02 4.612927043800970068e+02 4.989667280903217943e+02 5.470841220178773483e+02 5.300190478989024996e+02 4.796413770554746634e+02 4.795752828975880675e+02 4.663843715279455182e+02 3.753135848882226355e+02 3.211639603816147428e+02 3.569711943617727457e+02 2.644581110935936863e+02 3.407391648745664270e+02 4.541916557343175782e+02 5.502621489652819946e+02
1.916699244032614713e-01 1.001794277594010367e+02 1.589782303863522941e+02 1.942115912796576538e+02 2.347331083512024748e+02 2.278080866032154006e+02 1.575976341739004170e+02 1.683746004468590343e+02 2.411636188593729173e+02 2.735866453918432626e+02 3.126966924559573044e+02 2.817254296177428046e+02 2.348573833566894962e+02 2.792717516706804304e+02 3.406958296643884978e+02 4.213360399878566227e+02 4.306196764035890965e+02 4.324640777070233071e+02 3.888199488305540967e+02 4.327841683194464508e+02 4.471651405817694922e+02 4.287894798291134180e+02 4.724974725512821578e+02 5.024997509649902554e+02 5.469685454307719965e+02 5.633237417652829890e+02 4.728359585850889175e+02 3.462255998317444892e+02 4.728107079881172012e+02 4.140387293266335860e+02 2.938536875397412587e+02 3.372646752860449055e+02 2.458896257327999990e+02 3.569687009904828301e+02 4.302377567122981645e+02 5.205169211942159109e+02 5.002445041456290937e+02
7.524594401025330725e-02 2.894275911128408296e+01 5.909388661890198335e+01 9.444905605535075210e+01 1.521652583926470470e+02 2.510404081508963543e+02 2.580060893470315477e+02 2.679406124442418786e+02 3.091410350250123997e+02 2.856532296860298743e+02 2.449080662594712692e+02 1.845626624036306112e+02 2.405734572634355573e+02 3.378707026748291469e+02 4.038092706270866756e+02 3.784225188496854457e+02 3.963539966268108969e+02 3.801394309249569119e+02 2.845587992822520960e+02 3.769578699033987164e+02 4.276559430709586422e+02 3.842814110997754824e+02 4.170346787698583739e+02 3.874199291659018627e+02 4.986154639041222367e+02 5.006237840545404651e+02 3.838604543205401001e+02 3.017975993408962836e+02 4.211655344517913591e+02 4.216605376918889760e+02 3.021831113235045336e+02 2.284950422631486902e+02 3.374385625916457343e+02 4.082226079939707120e+02 5.106486546905060209e+02 5.253254552062884386e+02 4.758941855574117312e+02
7.477363286620568594e-01 1.007354775062231340e+02 1.589781610580992606e+02 1.941870481140920788e+02 2.345931496176240785e+02 2.908548434428312248e+02 2.667383300921499085e+02 2.254445424333140693e+02 2.548670538269120414e+02 2.137592833139379138e+02 1.465366603219853232e+02 2.449072750793485795e+02 3.219266353086978256e+02 3.779205756994012404e+02 3.451707788914171147e+02 2.630948242296219632e+02 2.909730118042842832e+02 3.360685002436030118e+02 2.340364583935662779e+02 3.203716803262972803e+02 3.434554836371804640e+02 2.805352020465597889e+02 3.125277408181707983e+02 3.708974387998072189e+02 4.753227768484092621e+02 4.517636413657363050e+02 3.306829588958916588e+02 2.707958984402454234e+02 3.839124902322373600e+02 4.367771756919056543e+02 3.248516405469353572e+02 2.170303487622408909e+02 3.245479396462749833e+02 3.394830365169107722e+02 4.622307470599278645e+02 4.541880218936682354e+02 3.510750840317107304e+02
7.381540248656082159e-02 7.077661870401736621e+01 1.704045920392765368e+02 1.931279067943240193e+02 1.999642029242617980e+02 2.072375246520849998e+02 2.089918173858879982e+02 1.252764615880416699e+02 1.857134675179150634e+02 1.147189460763646736e+02 2.135518121456393317e+02 2.448152982236950947e+02 3.431015415769362562e+02 3.363756535441248161e+02 2.926882252114098151e+02 1.955994184924562376e+02 2.190657111293981245e+02 2.752589087016089593e+02 1.984508654995545953e+02 2.189805549956194852e+02 2.409460766833101957e+02 2.914763984542875050e+02 3.641531968516550251e+02 4.617326556130227573e+02 5.179212401923081188e+02 4.227276160423342617e+02 3.029351795635936355e+02 2.427929885391851883e+02 3.188185268851294154e+02 3.188185816951859692e+02 3.125940740672749030e+02 2.057811199905507920e+02 2.507448101693517799e+02 3.622272171541678176e+02 4.634032749331050240e+02 4.037193629217758257e+02 2.881217116287751310e+02
2.019974727959148453e-01 1.001898078649237931e+02 1.148560106375728083e+02 9.260686622586298711e+01 9.972028537207334864e+01 1.069422946623187443e+02 1.436594373943383403e+02 6.773960819123296062e+01 8.620345775793380483e+01 1.857205368581415712e+02 2.548781743317320831e+02 2.700931222411123827e+02 2.789974220133776157e+02 2.332450964431291425e+02 2.331421157614824153e+02 1.486304349305901553e+02 1.609161699653124629e+02 1.736921651640282391e+02 2.752752391003808157e+02 3.211047754486187387e+02 3.411970089310678986e+02 3.872189177543937717e+02 4.396402553457387512e+02 5.151806217265908572e+02 5.370341020926664442e+02 4.726414413983707163e+02 4.025084203970952785e+02 3.188178151861678202e+02 2.118317899934010882e+02 2.890765459484355802e+02 2.850385316179906567e+02 1.949948533105344666e+02 2.674944326713333567e+02 3.817863637694521799e+02 3.400738283882637916e+02 3.637155633376517017e+02 3.143005100994674876e+02
8.793136482183369074e-01 7.846643791134257917e+00 1.483094674882341657e+01 2.186692219603701304e+01 2.899162719399750188e+01 3.620850555306264340e+01 4.354086127152044128e+01 1.436616040916815109e+02 1.857066833624129174e+02 2.270834964276061783e+02 1.888284744353920814e+02 1.684110153250479414e+02 1.776940200846045741e+02 2.169238848174446446e+02 1.321093942507943666e+02 2.331446386957273660e+02 2.623258837297121886e+02 2.752587717724651384e+02 2.021396973172333560e+02 3.044337545910520930e+02 3.807534845573022153e+02 4.380277472977325601e+02 4.384085773584031358e+02 5.512664896873019416e+02 4.783246643967253817e+02 3.690943013628228186e+02 3.673923456085820476e+02 3.620730994630572468e+02 2.889839089975790785e+02 1.840660364264185773e+02 1.800777349891880874e+02 2.850392349786019395e+02 3.497778203482307049e+02 3.756722755153155049e+02 2.622805948281783799e+02 2.949424639366529846e+02 2.088749622524124732e+02
9.599022657802637193e-01 1.009475795228719903e+02 1.148556891178087511e+02 9.276849521144630728e+01 9.973022058107667931e+01 9.451172168263370565e+01 1.436568277008150858e+02 5.516643965162783303e+01 1.553780768539589587e+02 1.759305617390101304e+02 8.831725234686986425e+01 9.742740789802040524e+01 1.066974494302881453e+02 1.161349511510866108e+02 2.169548276933136606e+02 2.695822728586259132e+02 3.129872400315999244e+02 3.478849851418484036e+02 3.044335002137087258e+02 2.332065602710613348e+02 3.366807585779027363e+02 3.284368839161700180e+02 4.050047230573619572e+02 5.191182874118784412e+02 4.300643131545986080e+02 3.118144916416276828e+02 2.559615448822681003e+02 2.550433900863095289e+02 2.694806237694538140e+02 1.654748509496522786e+02 2.694648460894108553e+02 3.329877296179251402e+02 4.230918818970097846e+02 3.234900548629557306e+02 2.741978470445853873e+02 1.898629808033109327e+02 2.949417957215463844e+02
8.137095026330687375e-02 3.785799955805131844e+01 1.371047376113041594e+02 1.947329473140125629e+02 2.001751802485532323e+02 1.699993773735065474e+02 1.970601045519097454e+02 1.259561963794956370e+02 6.699688403852924523e+01 7.554655515146730238e+01 1.759347104121063126e+02 1.980113316552715048e+02 2.073898432577692859e+02 1.515982893938824532e+02 1.457279169847772664e+02 1.676281570182920007e+02 2.698308090364190548e+02 3.513146859040654704e+02 3.807253404973702118e+02 3.366807108302672304e+02 2.689292385853254927e+02 3.408612775688795864e+02 4.459211097346240535e+02 4.914255542602957121e+02 4.457336519181696417e+02 3.335110711038985301e+02 2.244593463706767125e+02 1.833775881911688828e+02 2.471039356565004823e+02 1.565538043499329603e+02 2.354240975911133091e+02 3.578821407211252676e+02 3.082552960635351269e+02 2.762619206517147177e+02 1.722295475965823073e+02 2.762526798027910786e+02 2.948329488229811091e+02
8.241700308520809592e-01 1.008118448023534768e+02 1.004738302591021011e+02 1.564877846202500393e+02 2.457681548557115718e+02 2.818229213531472510e+02 2.686582945558815254e+02 2.091235560301664975e+02 1.170629435854163916e+02 1.464055429288714265e+02 1.227621703916480982e+02 2.234174651023243428e+02 2.887589424879328135e+02 1.894252969278701642e+02 2.472083747578282953e+02 2.697744258347820505e+02 2.032190958743708222e+02 3.072485256018965174e+02 3.986884871348173647e+02 4.193401212554681479e+02 3.438500307318357159e+02 3.451748811012319607e+02 4.635601690504254861e+02 4.457367495851210606e+02 3.308461980003265808e+02 3.654963057339389252e+02 3.318341093406688174e+02 2.468678147730576029e+02 1.440843620705345813e+02 2.349299993287362156e+02 2.280342979928833813e+02 3.289742224304705474e+02 2.929264195506757460e+02 2.019719347446045390e+02 1.602074318762074370e+02 2.010567977940903859e+02 2.602498300304851000e+02
4.260184569368915541e-01 7.113618734974656377e+01 1.710680205231995217e+02 2.365465875677853376e+02 2.879099501506115075e+02 2.752746736354869768e+02 2.843241810924506012e+02 2.605521912334361332e+02 1.883605796486822328e+02 2.471943950612848084e+02 1.806433827344570489e+02 1.937076626917292970e+02 2.951684017727729383e+02 2.611009412850032732e+02 2.684632006080362316e+02 3.471712055068422842e+02 3.072477433143744747e+02 2.466194747979314457e+02 3.075778417444352044e+02 4.217476145578540923e+02 4.592971361969028408e+02 4.662178627119532166e+02 5.143843835121323309e+02 4.563144189343529433e+02 3.328170785662880462e+02 2.545510155833507611e+02 3.100438508149282484e+02 2.932221625511949696e+02 2.349179457691737412e+02 1.323626549829698433e+02 2.347292522150900425e+02 3.351220590266531758e+02 2.468492035167631684e+02 1.439922010650724928e+02 2.466670761194159525e+02 3.066839293422225978e+02 3.566268485452165464e+02
5.157644573854447412e-01 1.005035046383428465e+02 1.523783534942241999e+02 2.229162064515490442e+02 2.215740077244217900e+02 1.750415738603319085e+02 1.857606209997285305e+02 2.835859324869425677e+02 2.927274852205189291e+02 3.244623295517544648e+02 2.820681882049005367e+02 2.951671413004324336e+02 3.375873661700438788e+02 3.676209354826538629e+02 3.621251090005100082e+02 3.958979884403533447e+02 3.984582264122477682e+02 2.987409345426737559e+02 3.986883495410887690e+02 4.628851130722722473e+02 4.552385447949417880e+02 4.963411078673054817e+02 5.321472203156262140e+02 4.340372318836963927e+02 3.132375752685904331e+02 2.519753858490983589e+02 2.027701173875950644e+02 2.700591137684789942e+02 2.265376111949916833e+02 1.242387301118169916e+02 1.840244387135807642e+02 2.595733919120403357e+02 2.355013142052125374e+02 1.330072699356403803e+02 2.354777847418569650e+02 3.133899775961568821e+02 3.825765499835713399e+02
1.108647127769513130e-02 1.119142635877654435e+01 8.190190769255345060e+01 1.390258310650168312e+02 1.216142709108070648e+02 1.043539479060928414e+02 2.041733119763864579e+02 2.640091939649329333e+02 3.038382345844191832e+02 3.018308782574482620e+02 3.422557046709539463e+02 3.546089174182336023e+02 3.684722840593271371e+02 4.099952688049003200e+02 4.030740705864625966e+02 4.434066105465178680e+02 4.548207622853018961e+02 4.108213982077351147e+02 4.560453328888588089e+02 4.478455892223335013e+02 3.686587329248681044e+02 4.111991470104429141e+02 4.699646180935987445e+02 4.767240498984184001e+02 4.065526139925619304e+02 2.808358995392204633e+02 2.099536525192447698e+02 1.643610506654622725e+02 2.381120114301832587e+02 2.147749159818131375e+02 1.128232025000448004e+02 2.032400855318500135e+02 2.095528476524969790e+02 1.222088588154016406e+02 1.600997212030620176e+02 2.116328859909227162e+02 3.296060290339995049e+02
4.490398005347427945e-01 1.004367783259508258e+02 2.741356847177788936e+01 3.903833234597048829e+01 5.090614892719206352e+01 1.508956159187498258e+02 1.826629064603125414e+02 1.643029614368171849e+02 2.267583707167228226e+02 2.019228756488267607e+02 2.630775101423153615e+02 2.559923291420151941e+02 2.672622846701989374e+02 3.399795632103898697e+02 3.035605245063641746e+02 3.737160667898025395e+02 4.739729334597009256e+02 4.963659603050705869e+02 4.648804563242200629e+02 4.076143767884176441e+02 3.150273813844675601e+02 3.959393002629514058e+02 3.762646906882043822e+02 4.699637554470334635e+02 4.614974990324968189e+02 3.640496169458206737e+02 3.162063046308392131e+02 2.381118171827287142e+02 1.341009368798357002e+02 2.112344756701846222e+02 2.032252140004354430e+02 1.015850543427268065e+02 1.077473589457123637e+02 2.095560639472797106e+02 2.273759523871227088e+02 3.133820848162760626e+02 3.654488413515769594e+02
2.278117489967377285e-01 1.002126630768560318e+02 1.274018775769089586e+02 1.390186465010690995e+02 1.508922696186687631e+02 6.931764123265175215e+01 8.268070320074112090e+01 1.826732382373109260e+02 1.267882859648303651e+02 1.441959762426478164e+02 1.630939707360137447e+02 1.854538188179461713e+02 2.121657712296044735e+02 2.409512673555173592e+02 3.109671955505301639e+02 4.105677334656697326e+02 4.647620177227360045e+02 3.938427075445496257e+02 4.249026842279527614e+02 3.269466536065776836e+02 2.806976763210358286e+02 2.994222174119070132e+02 3.684398765828739215e+02 4.707607926721101990e+02 4.905614956217300460e+02 4.044928790756044350e+02 2.682424817965620605e+02 1.960628314541037582e+02 2.112320906292013376e+02 1.086997264017111036e+02 1.863525443956488914e+02 9.370743257798768866e+01 1.951810277001500822e+02 1.903874695448756995e+02 2.969357305971608412e+02 3.906044405204075929e+02 4.172587008828155035e+02
