output/example/elevation_000299.asc
nrows	75
cellsize	13.33333333
xllcorner	0
ncols	75
yllcorner	0
NODATA_value	-9999
[rows 51 to 67 of 75, columns 0 to 36 of 75]
1.369999999999999864e-02 3.028813445777633451e+00 8.028813445777615243e+00 1.509988125764311384e+01 2.509988125764317957e+01 2.970463096539528536e+01 2.547598560962564918e+01 1.928348019630423948e+01 9.746816719835818432e+00 5.857044365560279076e+00 1.515638470453289699e+01 2.058577823481245517e+01 1.435703136008223169e+01 1.999869135877904824e+01 1.482422451609956937e+01 4.906245137498227216e+00 1.280608682238042917e+01 1.233893676544204077e+01 8.377590599673402139e+00 1.904846974536267723e+01 2.135775377296941713e+01 1.384608721021648314e+01 3.782288494780791765e+00 9.811313125045044714e+00 1.674273697167031472e+01 1.781047252558872884e+01 1.243918498938839257e+01 6.035855479684313352e+00 1.455377072210812806e+01 1.687775077881568819e+01 1.511918075273260698e+01 7.432075830865643162e+00 2.653026204871208549e+00 2.653026204871208549e+00 2.669847447092377646e+00 1.334892865320922262e+01 1.387388826773647033e+01
1.290000000000000001e-02 1.001289999999996283e+01 1.717094906950867994e+01 2.217094906950866218e+01 2.469315224706792122e+01 2.880885704754003029e+01 2.749019145640775008e+01 1.743905034359734429e+01 1.756055070893969017e+01 8.250255517552790963e+00 1.068929029689610744e+01 1.951170015916820333e+01 2.532326668355856114e+01 2.200846220354168281e+01 1.211396729627632673e+01 6.293120324186535441e+00 1.211395999354021313e+01 2.201019263886965405e+01 1.642092217811683241e+01 2.439702157847936093e+01 2.041177696220677618e+01 8.175156768773872429e+00 4.610169962158009227e+00 1.474430862294799560e+01 2.398117839327321477e+01 1.995420158551443990e+01 1.077375730868848613e+01 1.640263201571486817e+01 1.584632080976614610e+01 2.273103209110531608e+01 1.493033181805028597e+01 1.261737560975379147e+01 2.653026204871208549e+00 2.653026204871208549e+00 4.851771006911248740e+00 3.159295538295541661e+00 3.221397336198927430e+00
1.329999999999999932e-02 7.127657649982859667e+00 1.740517264216732229e+01 1.785650400279859795e+01 1.502472907495314836e+01 2.469314730069535102e+01 3.173069107469287786e+01 2.569152325692508398e+01 1.573316664003160525e+01 1.101955541009349382e+01 2.012419815024791347e+01 1.720610100883478566e+01 2.716914215862976434e+01 2.601861955540697124e+01 1.789803160143583582e+01 7.880515745764580693e+00 1.789317977321594455e+01 2.598747013115824345e+01 2.797395496798509029e+01 2.712371668005260616e+01 1.743323524465522567e+01 1.429952849707421336e+01 5.467951746147377001e+00 1.272158818895581689e+01 2.276755378129918839e+01 2.345630620976591274e+01 1.446349506099280369e+01 2.345679447336483037e+01 2.531263141158531838e+01 2.604769585949626176e+01 1.949977814587512981e+01 1.405424646767622754e+01 3.823891390721652961e+00 1.253250262587419606e+01 4.841990197543696972e+00 5.196501570101776046e+00 9.575272102933981344e+00
1.369999999999999864e-02 1.001369999999965188e+01 1.346886914283366998e+01 8.457514487444905527e+00 1.305783368843576042e+01 1.977361137326713703e+01 2.962250382680246119e+01 2.993897638863285948e+01 2.480018817305754908e+01 1.487504306900243201e+01 1.871268202773535094e+01 2.716905397246141263e+01 3.139447377879167433e+01 2.646064596232604060e+01 1.669532809713007282e+01 9.584651120952059955e+00 1.465555512975865327e+01 2.036005263816431210e+01 3.003399579101486339e+01 2.756107181407881868e+01 1.731085937121842733e+01 1.087078390362481173e+01 5.467951746147377001e+00 1.274541499869437189e+01 2.294523194510309949e+01 2.743664459778488052e+01 2.081812823599308615e+01 2.744269640718412262e+01 2.906083038112971906e+01 2.257275254460894587e+01 1.612951635279495477e+01 5.692114884923723750e+00 1.405918505471757740e+01 1.399046965636078887e+01 1.664339838996475152e+01 1.324989174802074743e+01 6.021772817148329793e+00
1.319999999999999993e-02 1.503925085137445272e+00 4.246949096076115815e+00 1.365423121681708629e+01 1.979342820859170260e+01 2.676393677890566281e+01 2.867640432718869192e+01 3.282812668547976642e+01 2.933667595572311626e+01 2.066014175860782487e+01 2.891790306190723570e+01 3.315601397643222015e+01 2.866091811071228079e+01 2.464158948174775077e+01 2.138575246545721242e+01 1.149821673309080516e+01 1.722374041716448900e+01 2.667467505357429403e+01 3.401956956942720467e+01 2.821893984310636583e+01 1.808089548162297788e+01 1.670431912246936434e+01 6.391608118771184621e+00 1.106668310216996609e+01 1.698889760248036396e+01 2.713883648665559889e+01 3.003934554651210576e+01 2.904554751962833237e+01 1.884810727340253678e+01 1.834925115261041739e+01 7.819512858325872173e+00 1.308303308195606895e+01 2.037615785885259001e+01 2.410216761410513797e+01 1.872188827127181199e+01 9.088051454911017402e+00 1.561246351546840216e+01
1.349999999999999985e-02 1.001349999999996321e+01 4.026766704766385985e+00 5.848966468712635702e+00 1.565946968253208027e+01 2.057236486400710973e+01 1.863569258062456768e+01 2.590982350826790537e+01 2.925542158144335048e+01 3.108012543574697162e+01 3.532259429995245625e+01 3.147923990518911808e+01 2.181154451176536924e+01 1.487515111662214551e+01 1.487515111662214551e+01 1.600022110297744860e+01 2.538640207945366356e+01 2.921193024366342073e+01 3.338358803664518604e+01 2.181633032065813893e+01 1.395067696016362291e+01 7.835054152382602055e+00 1.648809643195048835e+01 2.083627142813509181e+01 2.548862212005786176e+01 3.134839287042158062e+01 3.537664620680889982e+01 2.952363285140534899e+01 2.072913823557702528e+01 1.021922257069540407e+01 1.834928070935388078e+01 1.834927670620151119e+01 2.766879434014499850e+01 2.803604472730269137e+01 1.844518852604602088e+01 1.161454942369654297e+01 1.752305500778490810e+01
1.369999999999999864e-02 1.001369999999996274e+01 1.582907335199661070e+01 1.565946968253208027e+01 8.571237008447841532e+00 1.061754652106700370e+01 1.285152489552308452e+01 1.585777602945224096e+01 1.921862751919518075e+01 2.632332030558160696e+01 3.633414024788023511e+01 3.147382970765027466e+01 2.181147758089331035e+01 2.181146473754323978e+01 1.891432600208429804e+01 2.574264772630398923e+01 2.397096772179968127e+01 3.362571973383998625e+01 3.311240278591640163e+01 2.416627022336822250e+01 1.799290705668223112e+01 8.919545018839471595e+00 1.228553601080484192e+01 1.595205542207080640e+01 2.308330898149479182e+01 3.301507114172997603e+01 3.122699118379913941e+01 2.107148081655235217e+01 1.500477623464526999e+01 1.299339376968851667e+01 1.526011548596459022e+01 2.560644451207510741e+01 3.277704296909674042e+01 2.641190273732388150e+01 1.698141516806960993e+01 1.633187043648678127e+01 2.524851211172559573e+01
1.379999999999999977e-02 5.649678580946947193e+00 1.529349405451054267e+01 2.260225263165166965e+01 1.845487935774183441e+01 2.057851466798572204e+01 2.287901711901431412e+01 2.103805048064685934e+01 2.925542158144335403e+01 2.632332030605479289e+01 3.633414121508790373e+01 3.550638111551047160e+01 3.147355828439853553e+01 3.147149202650853184e+01 2.377369262387232851e+01 3.260347081615612552e+01 3.362571973383998625e+01 3.269797417780957005e+01 2.593527030009485657e+01 1.057761834547863877e+01 1.057761834547863877e+01 1.534949477281063857e+01 2.143457716227698029e+01 2.598963072798200358e+01 2.308330898149479182e+01 3.301507114172997603e+01 3.251808377433888353e+01 2.239659259154014137e+01 2.536110865821158455e+01 1.585341840455584084e+01 2.560644451208028016e+01 2.132052513214734191e+01 3.146111926364075018e+01 3.040999893014778621e+01 2.197975638619953997e+01 2.393009496125118574e+01 3.061491394291001455e+01
1.309999999999999880e-02 1.001309999999996236e+01 1.937241288620467117e+01 2.221990726156990803e+01 2.636204284717543089e+01 2.746064339257701548e+01 3.156874510231200404e+01 3.107037929323625747e+01 3.521540540045351975e+01 3.633414121508790373e+01 4.047693598420215721e+01 4.093320058527617533e+01 3.800467271128122349e+01 3.743263622558106363e+01 3.341022303644858482e+01 3.743264530401688006e+01 3.452919239285490960e+01 2.388842326929114179e+01 1.710910519250057860e+01 1.653345420507133667e+01 1.183721918360391889e+01 2.118193862471411038e+01 2.413580300904903453e+01 2.819090338597208145e+01 3.301507114172997603e+01 3.710961941799187969e+01 3.665178174344646322e+01 3.251808375376356963e+01 2.901497899753498544e+01 1.880126671555217399e+01 2.901497914184978555e+01 2.723515668978542692e+01 3.558994902478959688e+01 3.524428991409659773e+01 3.123471791584115920e+01 3.493270217618779583e+01 3.829230601222730002e+01
1.349999999999999985e-02 1.001349999999996321e+01 1.405494145232066394e+01 1.221990726159654095e+01 1.930954276892017418e+01 1.747377462979338603e+01 2.308520462066623580e+01 3.306431939186531821e+01 3.788542504205888406e+01 3.374898497610820414e+01 3.374898801568999573e+01 3.102373539198566021e+01 2.813213760714193512e+01 3.514677532089481105e+01 3.514155842166601929e+01 3.927719983367368428e+01 3.877566527730189705e+01 3.269797417780954163e+01 2.838574147063064501e+01 2.527080528393926073e+01 2.189358191808081244e+01 1.359993273654148815e+01 1.507072427397374703e+01 2.413581155571576176e+01 3.030321496593123243e+01 3.098275924644868695e+01 4.107722355157773109e+01 3.717351198887647712e+01 2.718139081721131944e+01 2.275835144849910208e+01 3.281666390870995542e+01 3.723389149496941997e+01 4.135390311732565749e+01 4.046919390874617051e+01 3.077683887768986182e+01 3.077683887768986182e+01 3.418833647906848228e+01
1.369999999999999864e-02 2.013699999999998713e+00 4.054941452319311246e+00 6.636930349790925554e+00 9.309542768915177291e+00 1.308918741714477108e+01 2.015995348814084664e+01 3.015516222799078250e+01 3.374898497610820414e+01 2.392552122140859083e+01 2.392552122319566621e+01 2.536974176601328779e+01 2.123073011471754157e+01 2.819053299360703235e+01 2.531132398890474633e+01 3.514155842166601929e+01 4.096153499430605649e+01 3.792178786768779730e+01 3.295404594177416158e+01 2.558179481359459118e+01 1.646793621506763827e+01 2.276919832602125382e+01 2.413581135437793179e+01 1.711174030453169337e+01 2.140145891055141902e+01 3.098275924644869050e+01 3.758320637902323114e+01 4.129119152640599566e+01 3.693329195558987976e+01 2.861777970340001431e+01 3.693329195558987976e+01 4.168625136681500720e+01 4.108935906209249822e+01 3.766879498074194288e+01 2.792209718852565814e+01 2.086590228474831932e+01 2.538370880664383833e+01
1.290000000000000001e-02 1.001289999999996283e+01 1.405494145230853675e+01 1.221990726159654095e+01 1.638061058078070076e+01 2.308626444401586042e+01 2.722907019597994704e+01 3.274565161646857803e+01 2.862864356355478890e+01 2.680274714041982875e+01 1.701195191457531308e+01 1.557661697744490148e+01 2.435738162042460075e+01 1.841797898515113729e+01 2.210324573492184541e+01 2.696340010029007317e+01 3.681573177740575886e+01 3.371575560851881903e+01 2.387089185570662053e+01 1.943018219947520819e+01 2.558179481359459118e+01 2.967398699513579174e+01 2.619210893158680875e+01 1.711174030453169337e+01 1.915078772771554227e+01 2.352162799722033881e+01 3.039307876128151875e+01 4.056294286547853289e+01 4.267014679957331680e+01 3.855244640071256157e+01 3.902255348305369864e+01 3.267737945241588449e+01 3.162985805955974783e+01 3.301533311449892238e+01 2.901850507646959443e+01 2.538370880664383833e+01 1.547188253242410561e+01
1.359999999999999924e-02 1.001359999999996298e+01 1.915569362146720422e+01 2.221990726154740159e+01 2.636204284064621461e+01 3.052274620513946246e+01 3.168729707737989187e+01 2.862864356355478890e+01 1.881240918664969541e+01 2.168751766992868468e+01 1.990007812533958997e+01 1.206970795968311982e+01 1.455594608850509530e+01 2.435739283743654582e+01 3.188954280800816576e+01 3.601241980084594019e+01 4.096153499430605649e+01 3.792178786769037657e+01 3.171613359502544327e+01 2.202226080238314765e+01 3.171613359124161136e+01 2.990971894515889318e+01 2.043163603757700741e+01 2.619210930490187650e+01 2.844669549802087971e+01 2.282522384313505270e+01 2.833553978994766354e+01 3.848586234652951532e+01 4.663259755375705140e+01 4.022205043320126094e+01 3.481908070158665680e+01 2.583660145965033195e+01 2.483705999637372130e+01 2.897014214192299164e+01 1.932492116262040938e+01 2.214596485414325855e+01 2.097989932998310181e+01
1.379999999999999977e-02 5.013799999961383591e+00 1.208486767298359688e+01 2.208483238389454328e+01 2.613637201852171899e+01 2.452729828085034214e+01 2.191016846552630781e+01 2.631785316187196599e+01 2.168720299615196723e+01 1.184215771548230833e+01 1.003328642735088749e+01 1.989604609373093780e+01 1.569052690149845297e+01 2.547370156235496452e+01 3.252251765608557577e+01 3.664311559776925264e+01 4.108546284971779983e+01 4.184878404312917155e+01 3.171613359502544327e+01 2.615626561161987240e+01 3.591599888364191884e+01 3.287346728318514266e+01 2.304382730580045191e+01 3.287346730505319670e+01 3.644565021619554557e+01 2.633864737406278422e+01 3.644565021619554557e+01 4.270032358793031335e+01 4.236008032575517745e+01 3.240081489791735692e+01 2.683119727231457574e+01 2.257474102415443795e+01 1.922004946613838428e+01 2.545796979218929579e+01 2.207476768714817084e+01 1.232052431635936252e+01 1.232052431635936252e+01
1.349999999999999985e-02 1.001349999999996321e+01 1.599355370558888190e+01 1.888195053621801023e+01 1.661262283833704956e+01 1.393628725160291282e+01 1.492157632822009461e+01 1.628235740066170933e+01 1.627849657487700341e+01 8.072695932958351861e+00 1.796566905489860133e+01 2.396122565599055321e+01 2.536785216264227572e+01 1.969661773180829201e+01 2.277657008090123014e+01 2.712088155241522713e+01 3.405170280556076534e+01 4.398940155641432170e+01 4.042932425577020439e+01 3.322463008043575883e+01 4.042932425508567462e+01 3.644924584698156167e+01 2.633541682690503904e+01 3.644924584698262038e+01 4.066446746904758669e+01 3.345103667207415299e+01 4.066446683710066168e+01 4.568326494672620441e+01 3.911511955765109860e+01 3.508050418079288590e+01 3.598854423700960581e+01 3.193398751548618364e+01 2.559405141819506468e+01 1.587273079958189470e+01 1.367063679241803342e+01 2.214596465788728352e+01 1.524399971901324768e+01
1.359999999999999924e-02 1.001359999999996298e+01 6.149493569837681584e+00 1.091574166660726242e+01 1.246351271469976929e+01 6.786682805026155840e+00 1.392310015803218803e+01 1.445968466793598850e+01 6.315923489016556758e+00 1.595262902487267809e+01 1.502786632581068638e+01 2.175695030769782434e+01 3.110536581988133165e+01 2.945816010188189082e+01 3.253639586488797875e+01 3.665838624485856911e+01 4.108546284971779983e+01 3.730628800050458693e+01 4.143219865142181391e+01 4.343133526226279884e+01 4.145185967157832607e+01 4.066899465219704268e+01 3.212353581444227046e+01 4.066899465219702137e+01 4.787596101294238338e+01 4.035877117748256637e+01 3.643871228159682829e+01 4.035634228055977957e+01 3.156503626497902104e+01 2.608846425008946568e+01 2.871306665329675667e+01 2.720262263557463100e+01 2.478136879887599875e+01 1.508952128638717483e+01 2.339735675556744354e+01 2.735967475272921945e+01 1.870445226464044453e+01
1.290000000000000001e-02 6.517765649999388566e-01 1.291960964858930527e+00 1.938807196938550303e+00 2.591135326231304159e+00 3.247669509853943648e+00 3.932884346599755165e+00 4.623094739163704503e+00 5.478238835249571004e+00 1.535454038863469783e+01 2.057450395326167936e+01 2.818790273790549250e+01 2.895827321576519253e+01 3.299988000189522097e+01 3.132639062443911726e+01 3.442277631023788587e+01 3.428019650509519067e+01 2.755693387470831723e+01 3.576762688661398926e+01 3.825558334646680692e+01 3.195069304826084178e+01 3.876241481033683556e+01 4.235827564083792396e+01 4.656448917378737207e+01 4.508129931746707797e+01 3.643859857475399622e+01 2.694904902270117475e+01 3.643851588674556297e+01 3.266265466345013380e+01 2.285851688767163381e+01 1.900957186377259234e+01 1.772894816020499675e+01 1.649914150262020129e+01 2.467480245344120249e+01 2.862281557509890817e+01 3.199295950916744857e+01 2.239145239099196161e+01
