output/example/elevation_000042.asc
nrows	75
cellsize	133.333333333
xllcorner	0
ncols	75
yllcorner	0
NODATA_value	-9999
[rows 17 to 33 of 75, columns 0 to 36 of 75]
6.278147767783714972e-01 1.006278147767776545e+02 1.658894989652322636e+02 1.366001770838874165e+02 2.366001770838859954e+02 2.325337327810786405e+02 2.040368720221151193e+02 1.203501435881060786e+02 1.654127361186423286e+02 1.239911968972691625e+02 2.757276150078696020e+01 1.275729253079844057e+02 1.337299097777706720e+02 1.070020557459765769e+02 1.388709074759502187e+02 4.252464424111235530e+01 1.425248349208973764e+02 9.091836753209730659e+01 1.909187062253179761e+02 2.024987836797739362e+02 1.610772119831700877e+02 7.577022628805956117e+01 1.757704951617028826e+02 2.348697822700424638e+02 2.936680083697129930e+02 2.722854655470913485e+02 2.015719146580877634e+02 2.162166777911425299e+02 1.554395370160040954e+02 2.261506110146119681e+02 3.261513257224247013e+02 3.340078264554088605e+02 2.925862292547567449e+02 2.352204587585517004e+02 1.352199591677473904e+02 1.788540543758898593e+02 2.788547225740917952e+02
9.333890302168857955e-01 3.255616563190056922e+01 6.588949896523367045e+01 1.658894989652322636e+02 2.032442874956794583e+02 1.325332641505785887e+02 1.593153641790933079e+02 6.261504684147178068e+01 1.204151985487784344e+02 2.399103895856411128e+01 1.239911968972758558e+02 8.102502763387161622e+01 1.810253414118577666e+02 2.070024461060955332e+02 1.702599177759440749e+02 7.025965441283145196e+01 1.702599177759440465e+02 1.909187062253179761e+02 1.443707059039509488e+02 2.443712402022646017e+02 2.171920658011866578e+02 1.464810203860096749e+02 9.344789584669052829e+01 1.934482221389620236e+02 1.936673688440324099e+02 2.936680083697129930e+02 3.015728216121101468e+02 2.968616885391892311e+02 2.554401422290347625e+02 2.088920459710852526e+02 2.666275265555772194e+02 3.666282053369099003e+02 3.263442398577118411e+02 2.263434464623028646e+02 1.556323791804741745e+02 2.556330007236504684e+02 2.605042546746155949e+02
9.343791665630089005e-01 1.009343791665622945e+02 1.658894989652322636e+02 2.073108552023593347e+02 1.532441217903129314e+02 6.182246257323730276e+01 1.143359845620230431e+02 1.789368173100693227e+01 2.041504625930339856e+01 1.204151985487784344e+02 1.654127361186430107e+02 1.810253414118577666e+02 1.517358665081204379e+02 2.517363889592470230e+02 2.116814951119737600e+02 1.202596925969567820e+02 1.335052914470840335e+02 2.335057799110477674e+02 2.150817275240150934e+02 2.260207810427894515e+02 2.879031112163997363e+02 2.348697822707546834e+02 1.641587285650250578e+02 1.120174300531390514e+02 2.120178299463800613e+02 2.320179097932400225e+02 3.320183032097598357e+02 3.588768420670644446e+02 3.503142741834582239e+02 3.088927865233800958e+02 3.503142836624517713e+02 4.080496056435396213e+02 3.372832868560249153e+02 2.372825173885690617e+02 1.798859768558227756e+02 2.798867523716522783e+02 3.605049412567418585e+02
4.696025931229614869e-01 7.118028071177818106e+01 1.711802807117795737e+02 1.505870472953132264e+02 1.091655586527899118e+02 1.182245336534553992e+01 1.433584139618287523e+01 1.143359845620230431e+02 1.204151985487784344e+02 8.366063259023933085e+01 1.543714834458126290e+02 2.543720006101850117e+02 2.517363889592470230e+02 2.931579691257779245e+02 2.616817391908545574e+02 1.909706357136844019e+02 2.042162723840422132e+02 2.749273724334915983e+02 3.150823789453934296e+02 3.260214200077114697e+02 3.674429754431632773e+02 3.055808359765036926e+02 2.534393706253115965e+02 1.827283173024842995e+02 1.320174328986384182e+02 2.320179288298575386e+02 2.704878213648064502e+02 2.588760917757346647e+02 3.295867868433972490e+02 3.736363333438093832e+02 4.150573466810040486e+02 4.727922659394163816e+02 3.787049769465913869e+02 3.057068581413504376e+02 2.057059737151394927e+02 3.057068766273658866e+02 3.741701747271941372e+02
4.671211237371231118e-01 1.004671211237364190e+02 1.046380017191553691e+02 1.065108669291781780e+02 9.165452409954291113e+00 1.091655586527899118e+02 1.583208806416862302e+01 1.158323395250264696e+02 1.612687396925561245e+02 1.836609568010955229e+02 2.250825298598691404e+02 2.406983478269665682e+02 2.699884659512013059e+02 2.784958185827172770e+02 3.199181402621910593e+02 2.909712685719758269e+02 3.042169062179738717e+02 3.127591530028049647e+02 2.713355494841072186e+02 2.843120170753761045e+02 3.257355547469935573e+02 3.621553200542286390e+02 3.241504239486803272e+02 2.734394378506368639e+02 2.027283986591052951e+02 1.535840009446193619e+02 1.704871091019622042e+02 1.881648264719338499e+02 2.881656334123223360e+02 2.736356101755874306e+02 3.313711738165717975e+02 4.313716151761757942e+02 3.873572208413600606e+02 2.873564005737499087e+02 2.390395960223544876e+02 3.390405170083362805e+02 4.155918413997076186e+02
3.248811761027110556e-01 1.003248811761019965e+02 4.637949960926628812e+00 6.510793043944837599e+00 1.065108669291781780e+02 1.505870472953145622e+02 1.158323395250264696e+02 1.984656629368708280e+01 1.198469347263655322e+02 1.652915952053847661e+02 2.114084554340746251e+02 1.406961562402634627e+02 1.699861200224924858e+02 1.784931099399344419e+02 2.784958182055207203e+02 3.116551621975295916e+02 2.702313459853280619e+02 2.550210498003663702e+02 1.713302614406860300e+02 1.843065448539629756e+02 2.843120170753761045e+02 2.621488876518065467e+02 3.328636623849062630e+02 3.441504770431828888e+02 2.913813593676388791e+02 1.913805760266982929e+02 2.704878213648064502e+02 2.881656334123223360e+02 2.159000024956344248e+02 3.159008888141729585e+02 3.512565219827613419e+02 4.512568444502141460e+02 4.287825164100966049e+02 3.804628639054488417e+02 2.837614699792158035e+02 3.804629232073166349e+02 4.130142584213365922e+02
1.190754202154438168e-01 1.990278391628212740e+00 1.019902994749306941e+02 1.065108669291781780e+02 5.365124850671455903e+01 1.536513818819882431e+02 1.612687396925511791e+02 1.198469347263655322e+02 2.386915622723268982e+01 1.238696472123147032e+02 1.307624401166299606e+02 6.998496535626611603e+01 1.077814844358974682e+02 1.784931099399838956e+02 2.784958189117047027e+02 2.539170431528386018e+02 1.702263132071398672e+02 2.135974695118518412e+02 1.135942141095689522e+02 2.069744141681498206e+02 2.337016074901328579e+02 1.914341021493753487e+02 2.621488876518065467e+02 3.621553200542285822e+02 3.328027549671341490e+02 2.491160626271075103e+02 3.328027549673522003e+02 3.573221420082466011e+02 3.159008888137865370e+02 2.512556888394607597e+02 3.512565219828810541e+02 4.313336373902301943e+02 4.727530097395134590e+02 4.251848529702011774e+02 3.544727550233275792e+02 4.251857265992973680e+02 4.544364375368609785e+02
3.133428407152799577e-01 1.003133428407145686e+02 1.434116825387462484e+02 1.950728496777892644e+02 1.243619876528233874e+02 1.243619876528233874e+02 2.243622346637304759e+02 1.652915952053833450e+02 1.238696472123130405e+02 2.789990723618643287e+01 3.076172627134711490e+01 1.307624401166299606e+02 1.762606342101427970e+02 2.125364529012284720e+02 2.154441572750634180e+02 2.124934130401074697e+02 1.124901369463114520e+02 1.547564941196242216e+02 8.197139776551881596e+01 1.069714113418573760e+02 1.336976071691998413e+02 1.836986694037191228e+02 2.544133064588926061e+02 3.544198523130997955e+02 3.905380323340289124e+02 3.491168284136926445e+02 3.280304669149718393e+02 3.694552068565432137e+02 3.926775510679601666e+02 3.512565219828810541e+02 2.959775427340215401e+02 3.313332279888946914e+02 3.890685976183133334e+02 4.890687554657031342e+02 4.544733346337572470e+02 4.821923866196153199e+02 4.935813888883958498e+02
9.928176626908779001e-01 4.571417721268650780e+01 1.164248553313407513e+02 2.164248553313393302e+02 2.243622346637304759e+02 2.243622346637304759e+02 2.657837117026525107e+02 1.986121995327768275e+02 9.861079267616028687e+01 7.262129028313593437e+01 1.307624401166299606e+02 3.483742200104319409e+01 1.348382776493437234e+02 1.125339641984360810e+02 1.154414252470078992e+02 1.476514482783867379e+02 1.505750995738644349e+02 5.475484288661467502e+01 1.547564941196242216e+02 2.004286543494935984e+02 2.337016074901328579e+02 2.751252861980855187e+02 3.251281632921497362e+02 3.000551183979590064e+02 3.194503785926365254e+02 2.780253310821752848e+02 2.280201952500192704e+02 3.117146049381544231e+02 3.694552064875931592e+02 3.750214852120291766e+02 3.959781541683608452e+02 4.313336366807401987e+02 4.727538593633424853e+02 5.304881658989502284e+02 4.528981706667487401e+02 3.821816301578685966e+02 3.935713669228686626e+02
8.098593596749129597e-01 1.008098593596742063e+02 1.457141772126850867e+02 2.457141772126836656e+02 2.517504766656601589e+02 2.626894562865916782e+02 3.041107763015435239e+02 2.400344496828660112e+02 1.986121995327728769e+02 1.226214841720785103e+02 1.762606342101424559e+02 1.348382776493336905e+02 3.892160700411081109e+01 4.182290127003908253e+01 4.473032029318695635e+01 4.765010610555584947e+01 5.057363283657925734e+01 1.505750995738644349e+02 5.900343577323551614e+01 1.590052867767388136e+02 2.046853435302331548e+02 2.753995401491907842e+02 2.707632215073382440e+02 2.000466167428264725e+02 2.617104807603711265e+02 1.780170911042015973e+02 1.702815839722098303e+02 2.280201952500192704e+02 3.280304669145538128e+02 2.750090845950315384e+02 3.457279787597801715e+02 3.637338175025532792e+02 4.051595375662421361e+02 4.556294545961551421e+02 4.028917747231320163e+02 3.114580737853548271e+02 3.228483854769122559e+02
5.647759371839101705e-01 7.127545405583815352e+01 1.712754540558367466e+02 2.224611396928784188e+02 1.517504773084139345e+02 1.626894572757960589e+02 2.473459830043874774e+02 2.887672981651014084e+02 2.640455587423166435e+02 1.933332079035186268e+02 1.966588028588495263e+02 9.665678565450402004e+01 8.892168292896849380e+01 1.125339641984341910e+02 8.252678608729242171e+01 1.476514510308348918e+02 7.142507435045212105e+01 1.714269275335574605e+02 1.590052867767388136e+02 6.325971842702922743e+01 1.339711469112757527e+02 2.089536614203268812e+02 2.207601201069716694e+02 1.293330931866226479e+02 1.824872266455981844e+02 1.202805916795210237e+02 2.202855468097115477e+02 2.640754562933832403e+02 2.672736496259774981e+02 2.042909983513298755e+02 2.957223698883881298e+02 2.637203322434430675e+02 3.474171603833710833e+02 3.556168428035757074e+02 3.614660985829029300e+02 2.614487236467267053e+02 2.728388610564521741e+02
7.582905442777093663e-01 1.007582905442770027e+02 1.206702821845612732e+02 1.310397990958844900e+02 8.103979919026740220e+01 1.810397990015009668e+02 1.473459836782209891e+02 2.180566617935078284e+02 3.180566595043948723e+02 2.933356747912024503e+02 2.380815639200975795e+02 1.543924913772540322e+02 1.466572756759723575e+02 2.125364528517199005e+02 1.233517770561362425e+02 1.932492335615049797e+02 9.324686508348142411e+01 1.932492335615056902e+02 2.046853435302302842e+02 1.632617789189991129e+02 6.752761442479240372e+01 1.675298950392160577e+02 1.748921435945323992e+02 7.933280381989118268e+01 8.248407127820743767e+01 1.824872266455981844e+02 1.901677168710078831e+02 1.640673867804737256e+02 1.672651410619120043e+02 1.542886631890114586e+02 2.482492146769343435e+02 2.059792914826045092e+02 3.059910042840151618e+02 2.848941215229197610e+02 3.236630861547038762e+02 2.236476014723768913e+02 2.350371450268066269e+02
3.106133300308140388e-01 1.046407498136698422e+01 2.067028224296353400e+01 3.103979919026776102e+01 1.310397990958844900e+02 9.389373529573825294e+01 1.938937349820818667e+02 2.473459830043874490e+02 3.473459738444952336e+02 3.785446590195956560e+02 2.958185345146511054e+02 2.543956583259588626e+02 2.173698711200172795e+02 2.647779554226154914e+02 1.733526240170935750e+02 2.168201857729955577e+02 1.168171057556203891e+02 2.168201857729994515e+02 2.252675024699753976e+02 1.252630328916358593e+02 1.675298950392145798e+02 7.181507905335510600e+01 7.488945636286182150e+01 1.748921435945323992e+02 1.824872266455981844e+02 8.698100878234029665e+01 9.016404385273642674e+01 9.335517208409942214e+01 9.655281948105479728e+01 1.965569550439740283e+02 1.482414706408477514e+02 2.482492147686901092e+02 2.857416692263617506e+02 2.271510458298828325e+02 2.601697570263069679e+02 1.903123167330576564e+02 2.903245927004596751e+02
9.522306102595711197e-01 1.009522306102588658e+02 1.206702821845612732e+02 1.310397990958844900e+02 4.675328321663541686e+01 1.467532830508380641e+02 1.639031414600600272e+02 2.639031372584761925e+02 2.807275667951244031e+02 2.785447036291075165e+02 2.785447036291075165e+02 3.199652373477303513e+02 3.173737943720327621e+02 2.733569508522147089e+02 2.733569503321747902e+02 2.426411030140343144e+02 1.426370763900073655e+02 2.426411187587381448e+02 2.666916520897001988e+02 1.829996852522517941e+02 1.903877036972766064e+02 9.038461296776326037e+01 1.748921435945323992e+02 9.697576236128948324e+01 1.969792177420262078e+02 1.869844630578646729e+02 1.478997737025216281e+02 1.933590721674293036e+02 1.965569550439740283e+02 1.011006237059350354e+02 2.011051118836472824e+02 2.471100178066113244e+02 1.857307752630601385e+02 1.771476183600871650e+02 1.601606293621125872e+02 2.601697574319610453e+02 3.317514711961435978e+02
5.499842727366835993e-01 1.005499842727359692e+02 1.915295956981725567e+02 1.881746221446359755e+02 1.467532830508380641e+02 6.390314173088622596e+01 1.639031414600600272e+02 1.957311762901828160e+02 1.807275692421166866e+02 2.250924574167126764e+02 1.785447067362783002e+02 2.492553848442793480e+02 3.492553746573778994e+02 3.733615505882393109e+02 3.242955704652793543e+02 2.242897190252290613e+02 1.759708698161893210e+02 2.759762394351001262e+02 3.244305713796159694e+02 2.830064145482764957e+02 2.096334544864092209e+02 1.096296233976566299e+02 2.096334544871740206e+02 1.969792177420262078e+02 1.199173454266440757e+02 2.199218253706365829e+02 2.479068010048770816e+02 2.893322187214113796e+02 2.425306853881508005e+02 2.011051118836472256e+02 1.056793091708913153e+02 2.056841715291562878e+02 1.150177687010081939e+02 1.324255350400496525e+02 2.324322159438595179e+02 3.015965594153906295e+02 2.896259242335743807e+02
1.082394608984237339e-01 5.010823946089823977e+01 1.208189175795524761e+02 2.208189175795510550e+02 2.053244706331320515e+02 1.639031414600600272e+02 8.186367193356358030e+01 9.573117683919420529e+01 1.100168911249083834e+02 1.250924583537964594e+02 2.250924574167126764e+02 2.497107551552854545e+02 3.497107344633988077e+02 3.998825767594350964e+02 3.657220313740449456e+02 3.173997198238026272e+02 2.206940235363460374e+02 3.173994918203662792e+02 3.306235104998096404e+02 2.306147043552992386e+02 1.728764555315181894e+02 1.325712166389157289e+02 2.325761726093193431e+02 1.699181695418382674e+02 2.199218253706365829e+02 1.471339917203796972e+02 2.178480217670234538e+02 3.178572046848227615e+02 2.764018018174319309e+02 1.763919699648656660e+02 2.056841715291562878e+02 1.102773140696083232e+02 2.102825716475087461e+02 1.198571078859672383e+02 2.198629077735219539e+02 2.282941632494751047e+02 1.896143058456127335e+02
1.058428616300536307e-01 1.001058428616293412e+02 1.652898141540864572e+02 2.067111703914851546e+02 2.567111703916414172e+02 2.151970046492919550e+02 1.151970052668966815e+02 1.957311762901828160e+02 1.807275692421166866e+02 2.250924574167126764e+02 1.497107565496626478e+02 2.497107551553329188e+02 3.024457631869817646e+02 2.998825687343039021e+02 3.705934002835132901e+02 3.621238409907493860e+02 2.914094849570860788e+02 3.621238485916700256e+02 3.720485332702538130e+02 3.143084140174595973e+02 2.568312990879484801e+02 1.568248886396519026e+02 2.568312990876645472e+02 2.077161819136424867e+02 2.885655211202424084e+02 2.471400332596904548e+02 1.772855759919885656e+02 2.772936028018015691e+02 3.178280656444754868e+02 2.764018018174299414e+02 2.239010099563940628e+02 1.238855904547102398e+02 2.239010099563943754e+02 2.198629077735219539e+02 1.247049695416079373e+02 1.282878413611139763e+02 1.318776321542160588e+02
