output/example/elevation_000015.asc
nrows	75
cellsize	133.333333333
xllcorner	0
ncols	75
yllcorner	0
NODATA_value	-9999
[rows 0 to 16 of 75, columns 0 to 36 of 75]
4.840509446848720865e-01 1.004840226838797719e+02 1.370389053055727118e+02 1.562996574665287142e+02 1.380575975940484739e+02 2.083787950888864486e+02 3.076936090576414813e+02 3.702293690540834064e+02 3.760764733302203240e+02 4.075070495049703823e+02 3.767959030867560841e+02 3.517413169969415776e+02 3.629140975730080072e+02 4.077116566995227913e+02 4.666373468343400077e+02 4.164061127291355433e+02 3.751744496205752171e+02 4.162308464850812015e+02 4.092600113693487742e+02 3.812994534737080130e+02 3.919032194599491277e+02 4.324097975582606068e+02 4.183956710339289771e+02 4.293036695179854974e+02 4.702173178073564372e+02 4.425935048423885974e+02 4.039879561516476087e+02 3.445415125696706582e+02 4.344807496467119563e+02 4.899196596652894868e+02 5.178347927276668088e+02 5.489378399965354447e+02 5.821714998869281317e+02 6.247023928300985744e+02 5.797408184141484071e+02 5.366318991966310250e+02 5.289971092518393334e+02
6.497923401133355314e-01 1.916601399416356699e+01 3.786925257277587065e+01 5.746380314061515548e+01 1.562996634124395996e+02 2.287466879916939320e+02 2.688408633301195891e+02 2.701695676822695305e+02 2.911791606437277551e+02 3.701687446108380755e+02 2.644990311411205539e+02 2.487382786391004856e+02 2.598096049556658613e+02 3.550878628162574273e+02 3.973230547770744465e+02 3.264768610103990909e+02 2.776770985716838709e+02 3.671886295610535171e+02 3.129245683319378486e+02 2.847046901424964176e+02 2.952626499609629604e+02 3.710343281107579401e+02 3.230331868515804103e+02 3.334825937219198408e+02 4.165028046777940745e+02 3.774928943254219007e+02 3.124849345199715458e+02 4.039879562296683844e+02 3.781388636119988860e+02 4.033859958937143801e+02 4.325051441861767785e+02 4.677056880597119175e+02 5.187618587196687940e+02 5.759860158517437867e+02 5.288291986439410266e+02 4.063920496672739091e+02 4.045524075936756958e+02
6.883992401879653888e-01 1.006883707999217421e+02 1.370389053751621020e+02 1.562996519219576044e+02 8.964280180814665755e+01 1.879164171289540377e+02 1.729766597792876439e+02 2.165176261619041895e+02 3.089751398241492097e+02 3.021964400729893896e+02 2.784269614657222291e+02 1.762230238264907030e+02 2.785283764122246453e+02 2.564033663065625319e+02 3.394345601413221516e+02 3.262874307936147034e+02 2.290512580032150254e+02 3.263747728253043192e+02 3.129951153540380915e+02 2.164558664078362540e+02 2.918935947613514372e+02 2.752430293124414789e+02 2.557318268397981456e+02 3.509990904320474101e+02 3.546004376069002433e+02 2.847025581497564986e+02 3.774928942889885661e+02 3.963461330916253473e+02 4.662488413699559828e+02 4.899085221897767610e+02 5.078418882631119686e+02 5.489103759021872975e+02 5.231733210429558767e+02 4.652337819261042569e+02 5.138896474861282968e+02 4.385091190648720385e+02 3.276547754099597682e+02
9.527043435140133409e-01 1.009526758172274299e+02 1.920862814182798957e+02 2.287455367523313043e+02 1.879164157957364125e+02 1.268816949597294723e+02 2.243555481923438890e+02 2.652144669586735972e+02 2.242418036694875525e+02 2.019697242435348699e+02 2.469059042455983786e+02 1.460270769085093718e+02 2.469861553460318078e+02 1.997115670964934111e+02 2.950087413262847917e+02 2.955688131342849374e+02 1.982558104447647622e+02 2.558459152699107335e+02 2.660482304276492869e+02 1.841701716193846892e+02 1.956359157796748036e+02 2.074762413817090021e+02 2.196340402325133709e+02 3.149927508220299615e+02 2.609062324979464620e+02 3.545960172852896903e+02 3.436826035458319666e+02 4.363390022515500846e+02 4.960493871215912236e+02 5.475525513609893551e+02 5.180313312012116285e+02 5.354018947925289922e+02 4.581792832740836161e+02 3.491284239281488340e+02 4.326987419193465030e+02 3.563464393183133438e+02 2.913042369690497253e+02
6.729967576641545657e-01 5.067299675720636998e+01 1.213836722001441757e+02 2.213826174329392131e+02 2.647606396858230369e+02 2.243555480610029633e+02 2.647600625622484358e+02 2.078028868558054683e+02 1.248053341072739215e+02 1.318333125870753975e+02 2.138866386943919622e+02 1.196495768982047849e+02 2.195336711220485313e+02 1.557423249259235263e+02 2.252907474447892753e+02 2.337566883176241674e+02 2.423767785465867632e+02 1.584231190095765385e+02 1.689285324953952170e+02 2.660487197294587531e+02 2.512458961716031922e+02 3.033029072624473770e+02 3.149926656059178640e+02 2.382403043774974378e+02 3.327787919422203800e+02 3.938736857850776119e+02 4.363384297909896645e+02 4.374156448555324346e+02 5.304675251830498155e+02 4.730556678350546349e+02 3.726112512532222922e+02 4.356485135668675639e+02 3.600933672719657466e+02 2.884152705560818504e+02 3.844260250532191208e+02 2.806925420622143861e+02 3.175255622855978572e+02
6.149197931285226293e-01 1.006148914201442466e+02 1.477512806691698586e+02 1.922382021320260890e+02 1.788827601373047855e+02 1.376397168885239068e+02 1.788830749669038482e+02 1.569369437567075067e+02 6.740463253068388383e+01 7.449123908004669659e+01 1.736894941592751422e+02 9.534220575853116486e+01 1.942245363091830654e+02 1.184861764711410643e+02 1.271147611374169486e+02 1.358224325198797544e+02 1.446112601266609659e+02 2.423768132094175485e+02 2.660486187495509398e+02 3.063429175134054958e+02 3.474254355923408752e+02 3.876753689498366953e+02 3.722836529089202600e+02 3.327788014351562538e+02 2.736691711942151528e+02 3.657851889285836933e+02 4.403413484907972020e+02 4.866626304901040498e+02 5.278168693769380297e+02 3.936485948580724425e+02 2.892849183211046693e+02 3.076613875720059923e+02 3.461433723184480300e+02 2.439366939683073952e+02 3.299240288782198718e+02 2.925629118791940755e+02 2.153665287048066546e+02
5.036282395543789647e-02 6.415000880541955830e+00 1.063609841706947634e+02 9.248297039665573038e+01 1.281296610233472393e+02 3.796481119790205128e+01 1.376397113378400547e+02 5.750056276490551710e+01 1.569369440820053399e+02 1.736894849017036790e+02 8.468214267722227362e+01 1.837279132755313071e+02 1.066140351806723885e+02 2.052610426491247324e+02 2.252907455671876846e+02 2.337938625271207513e+02 2.423767797625430376e+02 1.749671192580881041e+02 2.723651814587815920e+02 3.315498979425076982e+02 3.607817975580208554e+02 3.949958655131217711e+02 4.354508819790344774e+02 4.044929082887440472e+02 3.657852016288199479e+02 3.141057837558167307e+02 3.535667454570331643e+02 4.128090946996473463e+02 5.032949839126868596e+02 4.280602530756799524e+02 3.060801500327911526e+02 2.273573854737845750e+02 2.881261776952343325e+02 2.108355961282392457e+02 2.690612597980451710e+02 1.907442258385894149e+02 2.925634575253628213e+02
2.473071933081959495e-01 1.002472790036303536e+02 1.545560425670128879e+01 2.187225550172333399e+01 2.835664002961757291e+01 1.281296679972526249e+02 4.768684893728674723e+01 1.472490451563907641e+02 1.980811913244863547e+02 2.090410686828763289e+02 1.103334473340912325e+02 2.090410328622655527e+02 2.052610364776741108e+02 1.453876738410059488e+02 1.782607422214227597e+02 2.766329234556295091e+02 3.127859464406005259e+02 2.723651813086106586e+02 2.085382566166749996e+02 2.346705678062714355e+02 2.641215231438768001e+02 2.985900741204467295e+02 3.551094470422872291e+02 4.509048033706534397e+02 4.403391728713693283e+02 3.984262862331858059e+02 4.034890329389103840e+02 4.572241500594478225e+02 4.984268892508775366e+02 4.113685516683456171e+02 3.543112122734935383e+02 2.752043675475293298e+02 1.845990202698175722e+02 2.488729863154994177e+02 1.673806605752882604e+02 2.690676646585254730e+02 2.446938009377244612e+02
7.088201712286245071e-01 1.007087918564928231e+02 1.153333480460253355e+02 9.248297114099439398e+01 1.281296589178712679e+02 6.262241963858658522e+01 1.472489538918124765e+02 1.884449215995504119e+02 2.740225675149684434e+02 2.499963113989018382e+02 2.090412236532804968e+02 1.544149845828443404e+02 2.524298771993071853e+02 2.438791283910005063e+02 2.438716312204484211e+02 2.308841844451243617e+02 3.291003958203297657e+02 3.457395224842583161e+02 3.029296834159504215e+02 3.298458426043134750e+02 3.607600671236508560e+02 3.949958660084867006e+02 4.353658101771850966e+02 4.915045619377616504e+02 4.248047888722229573e+02 3.738515720993165132e+02 4.118804469034597560e+02 4.703538820608712854e+02 4.321192841431159195e+02 3.327932170988493681e+02 2.411637818493452130e+02 2.746328567670358893e+02 2.488713671771757276e+02 1.475570448314001908e+02 2.488842448729018884e+02 2.346755007057305136e+02 1.442901417004061670e+02
5.819734946149275334e-01 4.530333300602499236e+01 1.453012503086073366e+02 1.922383602289346243e+02 2.032318724405936052e+02 1.621532099652807801e+02 1.003270828619923520e+02 1.355294943789976969e+02 2.049789125763678044e+02 2.969947671445346487e+02 2.930357064353723899e+02 2.116131937052678040e+02 2.221628666880037599e+02 3.162675952640151991e+02 3.422703720158142460e+02 3.004131394045065804e+02 3.111024312178946047e+02 4.086083849432696979e+02 3.464778419048590195e+02 3.033704250341680222e+02 3.500445415172923163e+02 3.968479287864130924e+02 3.511537845392593340e+02 3.965499076566376857e+02 3.549305007789177466e+02 2.508306822447183606e+02 3.541359768854365484e+02 4.217074713801080748e+02 3.224368039014378837e+02 2.685197797205792085e+02 2.729704815494288823e+02 1.701990021374588764e+02 2.195353391176132334e+02 1.356297122144268315e+02 2.247564760825106305e+02 1.342917191197372517e+02 2.346754961694960855e+02
6.201706420557316912e-01 1.006201422661852547e+02 1.269521326014400984e+02 1.976585304792038187e+02 2.975934348013849444e+02 2.402533194525006195e+02 1.705666238964243746e+02 1.994553190499644870e+02 2.054707476769820289e+02 3.035144500697833223e+02 3.565278547927929367e+02 3.173146848447211710e+02 3.156454138371273643e+02 3.389187642822921021e+02 3.909983188051878074e+02 3.986180938205126836e+02 4.085483210065181652e+02 3.439445499113631399e+02 2.912558511159899126e+02 1.946798865234160871e+02 2.911983986239448541e+02 3.437879288963537192e+02 2.501004349079228746e+02 3.339009149383621207e+02 3.052206210401902240e+02 1.967143229208777484e+02 2.541907436612571587e+02 3.674455248529671962e+02 3.009596829803205082e+02 1.908242624475320497e+02 2.322779786506743847e+02 2.195346870585671297e+02 1.189132521731793020e+02 2.150546141796538677e+02 1.243931016823565727e+02 2.247571661173116411e+02 2.773113391713886244e+02
9.933278572681448759e-01 7.170400593847145387e+01 1.717039087548858447e+02 2.262668139849218960e+02 2.262411176227082024e+02 2.674045619715116686e+02 2.692772112980709949e+02 2.979115224376910760e+02 3.036153138091660253e+02 3.442337193974283878e+02 3.169957740360393927e+02 2.727717070968984103e+02 3.178272754680780849e+02 3.449825933242181009e+02 2.753270166048868646e+02 3.250107119003719163e+02 3.679204574386800459e+02 2.969486178975781172e+02 1.914561872227354797e+02 1.441172448660578311e+02 2.464096116094208355e+02 2.508343151285926069e+02 2.001418886046898820e+02 3.011782694961493689e+02 2.651704588170590569e+02 1.604340216180902985e+02 2.492888924336936043e+02 2.906530940537397782e+02 2.481687134638264070e+02 2.308537544110324689e+02 1.304608799952132472e+02 2.000832731125316002e+02 1.079310276444663259e+02 1.147055628334996840e+02 2.150265804599786179e+02 1.820401966982004467e+02 2.388255880224525640e+02
1.405461526419654605e-01 1.001405179222276729e+02 1.365515617369039774e+02 1.265414864424958097e+02 1.265412226330667522e+02 2.262411501692426157e+02 2.952289446539312507e+02 3.358870794020393760e+02 3.856938117243384454e+02 3.241487009893172058e+02 2.648882389011257601e+02 1.695191119777929600e+02 2.646660673873378187e+02 2.884773711221891972e+02 1.946974749311598032e+02 2.236218099785926086e+02 3.090286007424971331e+02 2.671029467470514760e+02 2.079648927309077351e+02 1.086971897214186384e+02 2.080001474500390373e+02 1.501252696927437853e+02 2.508316099541875701e+02 2.410463257547289686e+02 1.986701896410631036e+02 1.335075200774245729e+02 2.352229571620312640e+02 2.323405183344833631e+02 1.478258757555434215e+02 1.931108333081402861e+02 9.691390822714886610e+01 9.979581097945194301e+01 2.000833811050366648e+02 2.150546138193415686e+02 2.572025024231672319e+02 2.811846894880797549e+02 3.234187355669033650e+02
4.026185890239118992e-01 1.836314878948728335e+01 3.662056731737781234e+01 5.586557538136907652e+01 1.557426598881680775e+02 2.145246435408461423e+02 1.963867961965627273e+02 2.887909196015774000e+02 2.954429076020904859e+02 2.762106741765791185e+02 1.674512318497521335e+02 1.195417419883800392e+02 2.196878624838453220e+02 2.332355411785542856e+02 1.426017014070089317e+02 1.651460178662309204e+02 2.633249674179380122e+02 1.960384070536115928e+02 1.249711378074121768e+02 8.084956990344771555e+01 1.074949658510704893e+02 2.080007116609634465e+02 2.143712783811582483e+02 1.724786005268880160e+02 9.807778820932581709e+01 1.781125484225442506e+02 2.200647436272942059e+02 1.861779600301829589e+02 8.999397923937182497e+01 9.285572893657270299e+01 1.931109157189253835e+02 2.000832728637901710e+02 1.045172062310117980e+02 1.753769065035801589e+02 2.759140807469462402e+02 2.938586183232562803e+02 2.972677315307886374e+02
7.903750024369222693e-01 1.007903466794671772e+02 1.365515612264540835e+02 1.557426518827686834e+02 8.919842803995716451e+01 1.150168635554126553e+02 1.503584373744407401e+02 2.001138275815627594e+02 2.963328865662803651e+02 2.573053115102061952e+02 1.835841570144848163e+02 8.416872921139332675e+01 1.844748855915748607e+02 1.327482986482713727e+02 1.011718074484708296e+02 2.023452233361150263e+02 1.922762129082146885e+02 1.212395600838819689e+02 5.420469491064896772e+01 1.543136532422528546e+02 1.998446648261998178e+02 2.103583628102065575e+02 1.685131597192647916e+02 7.231611492755011739e+01 7.511171208717854597e+01 7.793102416576283531e+01 1.781172443722768719e+02 8.595587363789708490e+01 1.861779710017610512e+02 1.931108001696518102e+02 1.931060621084999696e+02 2.081803725834763839e+02 1.078612775473597054e+02 2.081811852552132507e+02 2.554167273119639390e+02 1.930809782271388713e+02 1.965020940157364748e+02
1.870836446472545767e-01 5.792211056156238413e+01 1.579219339216671472e+02 2.299226643405217487e+02 1.889009196938016260e+02 1.855495721665403721e+02 2.493595549574694132e+02 2.887909438970812630e+02 2.674275045717786270e+02 2.129416339550138275e+02 1.187748268685056559e+02 5.742808095587302120e+01 1.340550086545175077e+02 6.178053055533045068e+01 1.394480881699318502e+02 1.810722414247219092e+02 1.468509456313021815e+02 5.047619434411345907e+01 1.505782572870292597e+02 5.797774970729970789e+01 1.580928492314649816e+02 1.645575891514050682e+02 6.836789824941783422e+01 1.685131614931330546e+02 1.752860779900704244e+02 1.781171635285112984e+02 8.192692369810772846e+01 1.821296207818479331e+02 1.861779767075962582e+02 2.868336808327233598e+02 2.938229427765820105e+02 1.935604796657157181e+02 2.081815426219289122e+02 1.126094109770130700e+02 2.129491480634931690e+02 1.222039983120167221e+02 1.256231867168128957e+02
2.797522905802692916e-01 1.002797240102917158e+02 1.993362465986218695e+02 2.365782652870387324e+02 2.778624326964106217e+02 2.844862808450882312e+02 2.624934979088648674e+02 2.208222839219066316e+02 2.188141813670773672e+02 1.075968489190482558e+02 1.279172227265132875e+02 3.159897703582952033e+01 3.418094000858957315e+01 3.676543467448892244e+01 3.936651945878757886e+01 1.394494933919103801e+02 4.675545369785334771e+01 1.468509455163962798e+02 1.922766935263268806e+02 1.580928469762606312e+02 6.175567010868947904e+01 6.442966826062507835e+01 1.645577138124450300e+02 1.685131938525663600e+02 2.689470704318059688e+02 2.241316540815755900e+02 1.821296206282747505e+02 1.165109454942355995e+02 2.158041689444610540e+02 2.952911964108915299e+02 3.450795107141942140e+02 3.015682068554918942e+02 2.514159969488389095e+02 1.834789387423571156e+02 1.173765965116000842e+02 2.177092698295131186e+02 2.260111318274718428e+02
