output/example/elevation_000490.asc
nrows	75
cellsize	13.33333333
xllcorner	0
ncols	75
yllcorner	0
NODATA_value	-9999
[rows 51 to 67 of 75, columns 0 to 36 of 75]
1.369999999999999864e-02 1.001369999999996274e+01 1.695023143482804429e+01 2.028356944226040781e+01 1.735462803197977522e+01 2.735465951835610454e+01 2.792170918510895916e+01 2.605800899027314443e+01 1.648947570737792390e+01 1.124180760378008515e+01 1.762255161384933544e+01 2.239678477164624226e+01 2.518886798461987908e+01 1.840678405496248971e+01 8.061997142201132505e+00 1.266661466975907757e+01 2.305058019658591206e+01 2.489981054147524375e+01 2.925938846110343050e+01 2.123292390882385305e+01 1.139431456412116006e+01 5.898419100307179974e+00 4.156924291518060421e+00 1.802810105626299020e+01 2.009399758719845508e+01 1.142287028268993154e+01 2.018051698026402008e+01 2.544277464965509949e+01 1.531377496631471224e+01 1.475060208684939766e+01 2.319197931491837750e+01 2.433699271402376496e+01 2.087813360352980752e+01 1.509877895414541626e+01 4.597859044389934091e+00 2.042001141970671618e+00 1.236568045708272123e+01
1.290000000000000001e-02 1.001289999999996283e+01 1.915543561667717398e+01 2.622650339907119488e+01 2.735465951835610454e+01 3.149712366848142153e+01 3.025926790458958493e+01 3.042770265696767140e+01 2.487934062453262740e+01 1.471493495975914634e+01 2.487934062453262740e+01 2.836819925242064144e+01 2.096127266967263125e+01 1.058331187361273606e+01 1.840702349957192752e+01 2.269365878820131854e+01 2.114363299740881530e+01 3.153470812110159827e+01 2.833459695223232799e+01 1.831832235489226690e+01 1.285321787283547401e+01 1.421915943018673190e+01 4.890746609792624433e+00 1.508095182936287415e+01 2.143272593418878813e+01 2.188815998620064462e+01 2.669671042681115480e+01 2.956558054702541227e+01 2.251691384222109704e+01 2.489145955500672613e+01 2.901566815209195127e+01 2.383975928377553188e+01 1.380622776946228569e+01 6.651468388018712652e+00 1.509877895400012093e+01 1.438592073275397532e+01 1.862544607246993777e+01
1.329999999999999932e-02 5.013299999999991208e+00 1.208436781186544096e+01 1.929515201521305201e+01 2.352356026760933361e+01 2.209895545016913232e+01 2.026496707708523104e+01 3.025926790458958493e+01 2.964325842106188702e+01 2.190202606978644795e+01 2.955550084329360416e+01 2.405508384698049440e+01 1.370413839104892162e+01 2.096130962701790068e+01 1.612437385119019950e+01 2.651572104290518084e+01 3.153470812109775423e+01 2.915521422648351191e+01 2.410183286070935438e+01 1.909775019476052194e+01 5.938384602247576360e+00 5.938384602247576360e+00 1.508094072577168987e+01 7.624153427987873322e+00 1.782281212075634969e+01 2.433885459259523998e+01 2.843251775363155787e+01 3.339800065481475144e+01 3.250642749258033604e+01 2.999423186520269624e+01 2.589817304504213169e+01 2.224244235611699239e+01 1.674498124368050256e+01 6.651468388018712652e+00 6.651468388018712652e+00 1.674498124955696809e+01 2.589155564627232664e+01
1.369999999999999864e-02 1.001369999999996274e+01 1.335473023890525113e+01 1.013390422316753181e+01 1.628157880576632976e+01 1.209483788675098204e+01 2.209895545016912877e+01 2.820867658396457855e+01 3.235246865831143737e+01 3.284129645902949335e+01 3.144059464807312665e+01 2.104933935938605316e+01 2.408991100182500844e+01 1.763226613930588726e+01 2.651571994840374202e+01 2.347098911141283395e+01 3.386635416575529689e+01 2.498880587069771053e+01 1.488289336524986695e+01 1.000294783737583337e+01 7.191848699240460441e+00 5.938384602247576360e+00 1.903638192436205046e+01 1.782281212074574483e+01 1.063429536778294171e+01 1.425630353546311468e+01 1.935349475589056922e+01 2.932421815918620922e+01 2.999423168761121161e+01 2.424677135505082148e+01 1.591588634831303217e+01 1.811673019664374706e+01 8.017985627446170938e+00 6.651468388018712652e+00 6.651468388018712652e+00 1.171145759212523529e+01 2.177850516233512224e+01
1.319999999999999993e-02 1.001319999999996213e+01 3.354622720832893812e+00 4.783239516934557400e+00 6.308668093748667438e+00 1.632307548192467905e+01 2.293015589576883784e+01 1.821766324821662408e+01 2.658195851373708507e+01 3.157916195265541859e+01 3.569588256577379326e+01 3.144044888176012620e+01 3.090003026518921203e+01 2.050870384725872242e+01 3.090073241866034337e+01 3.386635416575344948e+01 3.810919304470078828e+01 2.914399755273931092e+01 2.406669478789211070e+01 1.719044306162297175e+01 7.100572725401066876e+00 1.405664388813181809e+01 2.290142501639858352e+01 2.077413170314951429e+01 1.063429536778294171e+01 2.077413170314951429e+01 2.843251648120761388e+01 3.339800044077536256e+01 2.589817304478954441e+01 1.591588634831303217e+01 1.002392277470534232e+01 1.002392277470534232e+01 1.811673019664362982e+01 1.674498137711806223e+01 1.117797349142562702e+01 2.087813377726814679e+01 2.589155573121039566e+01
1.349999999999999985e-02 1.374327634879543902e+00 1.137436459011621537e+01 1.186470737310404999e+01 1.632307541160561826e+01 8.775112531912551361e+00 1.878823070943181506e+01 1.243858831109147012e+01 1.744493619755391478e+01 2.450867180042956051e+01 3.450247330959800962e+01 3.825482065599553039e+01 2.785456933187811401e+01 2.650016929357179407e+01 2.899472560661330078e+01 3.938149017857882228e+01 3.605619692731721670e+01 2.603299218142324634e+01 1.889340731013436780e+01 1.298407523853795986e+01 7.946164480662859297e+00 1.773217221061072024e+01 2.400722054698106334e+01 2.488839866430113901e+01 1.718990232308276234e+01 1.574923641208768466e+01 2.159909338371858212e+01 3.153624300138356773e+01 2.589817304606992110e+01 1.591588634831303217e+01 1.002392277470534232e+01 2.013489699993033000e+01 2.424677065251171371e+01 2.537070137299330241e+01 1.836095939630737206e+01 2.537070154940678890e+01 2.617760220090165646e+01
1.369999999999999864e-02 1.001369999999996274e+01 1.551670528102377666e+01 2.186861359429996554e+01 1.878823084276520561e+01 8.775112531912551361e+00 8.775112531912551361e+00 1.878823084276523048e+01 1.821766324821662764e+01 2.528125483394180861e+01 3.527609787565542376e+01 4.247046275438620455e+01 3.825482065599553039e+01 3.388095840994721186e+01 3.938149017857882228e+01 3.561460979091372536e+01 3.151991132484455349e+01 2.810774248951759091e+01 2.502558903509121180e+01 1.966821090024803098e+01 9.592976157319785813e+00 9.369254125595636751e+00 1.859894290692318819e+01 3.020042209496760677e+01 2.671092143858220069e+01 2.159909338371858212e+01 2.988677258737738995e+01 3.560442598309352746e+01 2.999423272909962179e+01 2.184606107381101125e+01 1.174412357615860891e+01 1.633686722874768549e+01 2.212132574445223199e+01 3.188357218049450026e+01 2.831881638937493406e+01 2.778210163397099564e+01 2.425784572092097591e+01
1.379999999999999977e-02 7.084867811865485088e+00 1.708486781186555348e+01 2.478464035859154180e+01 2.293015603023783910e+01 1.586020369622030302e+01 1.586020369622030302e+01 1.456266776869886570e+01 2.456396731155140500e+01 2.637431027433476416e+01 3.637067066316929953e+01 3.770470800399635181e+01 4.182832033241984249e+01 4.422962759675118605e+01 3.713857274961235078e+01 2.741296838182587692e+01 2.187416570805357097e+01 1.836243550788282874e+01 1.512252635938169298e+01 1.213059849842420412e+01 1.966821854826731553e+01 1.041554070394708376e+01 2.062552352535001532e+01 2.634943563083349716e+01 2.929315649457226911e+01 3.153624300068916142e+01 3.560442554424087547e+01 3.900397470915449816e+01 2.902964792437735397e+01 2.373978920530681691e+01 1.369729543633624758e+01 2.368459383357021508e+01 3.019931356333005112e+01 3.556956511068837301e+01 2.920364889313857049e+01 1.887731711231200293e+01 1.402723168307472257e+01
1.309999999999999880e-02 1.001309999999996236e+01 1.493904045485966314e+01 1.478345152626568293e+01 2.185686641045241529e+01 2.585711369095053058e+01 2.585711369095060164e+01 2.033764117562924412e+01 2.872037756319459234e+01 3.637067066316929953e+01 3.605422348578337477e+01 2.768472933274708936e+01 3.452422094975330680e+01 3.865607164881481594e+01 4.129929332881814474e+01 3.561460948341592569e+01 3.151991130100301319e+01 2.542326248446422809e+01 1.557748947832860509e+01 2.216657586945689928e+01 2.477591431331403271e+01 1.767966989961576729e+01 1.199475802628021803e+01 2.220519052134319438e+01 1.926925908221889117e+01 2.637157713436585738e+01 3.634647302507151778e+01 3.604137362244361498e+01 2.612529604489521873e+01 1.913391651398978155e+01 2.374015846923865425e+01 1.722455097566104598e+01 2.423174341345539773e+01 3.412556880385194091e+01 3.146969690370360340e+01 2.134995618025342168e+01 2.425784572092097591e+01
1.349999999999999985e-02 2.438856250363333533e+00 4.938856250363537370e+00 7.712357231506148381e+00 1.771273191532676350e+01 2.305908429806917326e+01 3.306746332337210958e+01 3.034675935459357277e+01 3.449906803732678640e+01 3.591439002609462250e+01 3.159255739174774646e+01 2.194437587212523866e+01 2.453241719185345460e+01 3.452361852921509922e+01 4.328974428594381862e+01 3.349322051857457438e+01 2.669458389371253304e+01 2.186957108391663240e+01 1.865063625207766052e+01 2.829375894737398411e+01 3.186379708899223218e+01 2.220519064218926886e+01 1.199475802628021803e+01 1.199475802628021803e+01 2.220519066031607736e+01 2.543800913336238523e+01 2.859149011356470638e+01 3.272620386559429306e+01 3.319176076808410158e+01 2.902964792457660437e+01 2.992232947896554762e+01 2.013528801636482868e+01 2.673329064001952204e+01 3.596523056711438926e+01 3.598874696477527380e+01 3.163744451263389124e+01 2.840674965144203412e+01
1.369999999999999864e-02 1.001369999999996274e+01 1.493904045485966314e+01 1.771273191532676350e+01 1.305758412853161232e+01 2.012892867349706094e+01 3.013949108246294273e+01 3.303154822276768954e+01 3.291716212260197238e+01 2.594920926605166400e+01 2.745867988830042705e+01 1.753497741730785719e+01 2.734223522816289176e+01 3.049363963364851315e+01 3.461838251515172971e+01 4.041129598636297260e+01 3.322432672477992099e+01 2.380572266307485663e+01 2.829514028644477008e+01 3.233769966128780737e+01 3.085227423953354275e+01 2.220614048166497412e+01 1.199475802628021803e+01 1.335364264823397384e+01 2.353004381552498714e+01 1.534200049466826776e+01 1.862070595934562078e+01 2.568073034889219031e+01 3.560622065703378070e+01 3.515534624293625399e+01 2.536484265965891893e+01 2.992232947899130124e+01 2.992232947898457951e+01 3.772607912300261290e+01 3.361807368677862939e+01 3.306745407189404062e+01 2.984820178108260080e+01
1.290000000000000001e-02 1.001289999999996283e+01 1.769126952966378497e+01 2.216340548466337879e+01 2.305908429806918747e+01 2.720757574000291257e+01 3.303154822316872696e+01 2.307399566452820494e+01 2.490192559549673490e+01 1.893210342529385670e+01 2.184447781121489740e+01 1.468123290914304491e+01 1.742348546923412300e+01 2.053695163173473048e+01 2.756130950236316934e+01 3.757157888486518260e+01 3.725107564624089918e+01 2.909030303378223792e+01 3.725107564680543959e+01 3.381977971391686566e+01 2.368955325693426062e+01 1.644529041400826941e+01 2.220614108194279623e+01 2.353004381552498714e+01 1.534200049466826776e+01 2.543800784064685061e+01 2.859148768484797642e+01 2.568171903259693067e+01 3.564439717501647920e+01 3.515417366073712202e+01 3.226088213465980914e+01 3.925454701021373438e+01 3.976278199140053715e+01 3.361807368677646934e+01 2.219816718257616373e+01 2.206691579436814266e+01 2.773405906419182188e+01
1.359999999999999924e-02 3.549133905932739363e+00 8.021269860932333629e+00 1.509233767279783223e+01 2.509233767279789973e+01 3.322290789623536256e+01 3.194406968467219698e+01 2.198497400602487772e+01 1.497747608978889744e+01 1.958236482313677129e+01 1.192411527134023075e+01 2.184447781122236876e+01 2.734509401003756324e+01 3.049363980516710271e+01 2.756132539913746271e+01 3.757287338959186940e+01 4.232216965300698064e+01 3.832108043082413218e+01 4.034010658604494637e+01 2.883973433718012203e+01 2.246977864096171729e+01 2.665662295781449842e+01 2.543800797398018432e+01 1.534200049466826776e+01 2.543800784064685061e+01 2.543509139103266037e+01 3.537473644081696023e+01 3.564771728529825623e+01 3.990236539592312681e+01 4.503950737721748254e+01 4.214320074893934276e+01 4.210450274073337340e+01 3.793974260890660588e+01 3.306745407177813689e+01 2.206691579436814266e+01 1.460728531437391098e+01 1.705973711531146719e+01
1.379999999999999977e-02 1.001379999999996251e+01 1.769126952966358957e+01 2.216340548466318339e+01 2.204318728046613529e+01 2.204318728046613529e+01 2.684813630152450870e+01 2.173091927513378963e+01 1.761112582156841455e+01 9.664467988162481760e+00 1.959768135187810145e+01 1.764584254971218158e+01 2.465609142383175012e+01 3.463866742024472956e+01 3.757287338959186940e+01 4.167545144233154986e+01 3.958484687467149143e+01 4.380189296976119095e+01 4.548469297893659302e+01 3.737476569952647054e+01 3.303515399668894759e+01 3.247418820431499142e+01 2.252353690499658612e+01 2.543800671961035675e+01 1.794696020543046444e+01 2.793498302051395754e+01 2.672420671830019856e+01 3.371289568815763005e+01 4.375310352357568888e+01 4.538322412583561061e+01 4.027015211626258662e+01 3.608255767441576012e+01 2.770016785436643758e+01 2.957916483167069543e+01 2.703782373138087181e+01 2.018617363838722412e+01 9.682557420534084969e+00
1.349999999999999985e-02 1.001349999895038145e+01 1.833674304840516456e+01 1.938714072028097846e+01 1.106923395318563763e+01 1.875363083514362117e+01 1.976738242803711643e+01 1.278632268700002861e+01 7.665151609162538904e+00 1.761112582155315209e+01 2.371761408511607172e+01 2.757992023942020055e+01 2.757992023901572054e+01 3.756146237998591886e+01 4.228422997914675108e+01 3.760967507385428377e+01 2.863410408561403386e+01 3.659142650966641952e+01 3.878973787891386138e+01 3.878973696340855781e+01 4.291349501871641792e+01 3.661358267595607430e+01 3.247419004929287212e+01 3.143561571090542728e+01 2.153432951079237156e+01 2.101764952514480456e+01 3.092086529639671966e+01 3.481051068231635526e+01 4.485443019700760914e+01 4.124384278565261042e+01 3.092127256317889561e+01 2.580097053516937677e+01 2.245277034617398826e+01 1.941317716560579498e+01 1.684634931371663669e+01 2.363988780321506766e+01 2.001968011710578565e+01
1.359999999999999924e-02 1.001359999999996298e+01 8.347230145652124733e+00 1.116906354084997055e+01 6.243247683278652538e+00 1.170786064409361416e+01 1.385245823244921581e+01 5.738522317270988715e+00 1.569708193636776272e+01 2.025296552319080590e+01 2.377048551164703127e+01 2.786215057579370580e+01 3.225823013593367250e+01 3.794787162902490962e+01 3.797513672434956788e+01 2.687685600231307959e+01 2.200557845143097069e+01 3.307219666292179738e+01 2.883542026486337306e+01 2.883542026465162422e+01 3.878973708235056250e+01 4.483424243057175573e+01 3.478340889287061799e+01 2.777931180062969929e+01 3.143561571090543438e+01 2.401822741764912195e+01 2.909263033797402542e+01 3.905557526487373821e+01 4.899290420583758987e+01 4.538322412583561061e+01 4.027015211626262925e+01 3.608255763284994089e+01 3.265536189662871891e+01 2.829495500540283714e+01 2.364036226657757567e+01 1.336022339046439988e+01 1.104563752531888809e+01
1.290000000000000001e-02 6.440944030978020818e-01 1.276549935131476632e+00 1.914127039466603231e+00 2.559630421090358876e+00 3.224867361228155094e+00 3.894715007976762067e+00 4.686057980335257334e+00 1.467269311377809515e+01 1.028772606732170836e+01 1.381506024352685635e+01 1.826843098240535923e+01 2.401115437464936164e+01 3.390301202077449716e+01 3.454182979196053793e+01 2.891342846049017012e+01 1.797030680412836645e+01 2.805397597889320593e+01 2.185041370466952060e+01 2.496320804858522280e+01 3.489014569132557853e+01 4.434529394421756621e+01 4.187829562935230854e+01 3.772723157016773143e+01 3.703800929573131384e+01 2.711540568012230423e+01 3.703803095343705820e+01 4.320317634746758984e+01 4.452769963529645736e+01 4.032041445351891440e+01 3.919695828137666638e+01 3.590709193595414206e+01 2.568105425333583369e+01 2.406702384911620385e+01 1.379799698691411258e+01 1.263655992154075491e+01 2.140404688101039454e+01
