output/example/elevation_average_000071.asc
nrows	75
cellsize	133.333333333
xllcorner	0
ncols	75
yllcorner	0
NODATA_value	-9999
[rows 34 to 50 of 75, columns 0 to 36 of 75]
3.337042190676853259e-01 3.206873994256177696e+01 6.571832055826241969e+01 1.153770217436336765e+02 2.120877360673281657e+02 2.461939310223533823e+02 1.679245828029656025e+02 1.896772959488605466e+02 2.667308529906197805e+02 2.358481677346004517e+02 2.360389369528584211e+02 1.660290524090961810e+02 1.896604236264421672e+02 2.149669619433534535e+02 2.817924053642862532e+02 3.760015798345841063e+02 3.908979090108847458e+02 3.937084412839047900e+02 3.134035089009525450e+02 2.515090506951189013e+02 2.165917597677925812e+02 2.779940233161813694e+02 3.152601237904877962e+02 2.794952387507315166e+02 3.578555076564987303e+02 3.138107550565608790e+02 2.340836696480663477e+02 3.230174532531104319e+02 3.559675132554670540e+02 2.646636990042500202e+02 2.070765979580663441e+02 1.643341268537702433e+02 2.592614839076694579e+02 2.539102026892341257e+02 1.573838587177064312e+02 2.459188402050561422e+02 2.061982882538124215e+02
7.136489310454718904e-02 9.866934072026921854e+01 1.628290020003553593e+02 2.030375318172317805e+02 2.506582898542259272e+02 2.981162666908946335e+02 2.628628532643226663e+02 2.854064804324695501e+02 3.243705762833106405e+02 3.309180262452060788e+02 2.622855525098921134e+02 2.621322384832353691e+02 2.210151527768620099e+02 3.102087299204724786e+02 2.634308930690092438e+02 3.233535745917645841e+02 4.068621801970122647e+02 4.302295871720347122e+02 3.822562002374639860e+02 3.409168438394348755e+02 2.785617240140181821e+02 3.312342055551241629e+02 3.389666386302336036e+02 3.532208147810527521e+02 3.930365041280599030e+02 3.389407967209150456e+02 2.598687413436166480e+02 3.498535722312192888e+02 3.906381963258190808e+02 3.054144276121053849e+02 2.774977557652339897e+02 1.851583943102835974e+02 2.787444340775213050e+02 2.659734783598830745e+02 1.696075011220926285e+02 2.659739013887873398e+02 3.021265104251640992e+02
9.059049790830050464e-01 7.069626120326294938e+01 1.681392343773245841e+02 2.176443706143495547e+02 2.147280318422972982e+02 3.091760754907321598e+02 2.955964022802807563e+02 2.586294997120780863e+02 2.783798754485868585e+02 3.171220076743869640e+02 3.569494772188123193e+02 3.549410520099264090e+02 3.104493867082751990e+02 2.990162686154459948e+02 3.580409950234456460e+02 3.395192886727313066e+02 4.324532235490607377e+02 4.169611839252837058e+02 3.772500356851729748e+02 3.832858215136715785e+02 3.621336740685924838e+02 3.876448079665474324e+02 4.324727786760546451e+02 3.995613039770624937e+02 3.243796841316837458e+02 2.791632863035916330e+02 3.375917769579945684e+02 3.808172787267172339e+02 4.191496479566794733e+02 3.551956550662525842e+02 2.694409354296206516e+02 2.089730445025721792e+02 2.984659205693444619e+02 2.778520620164109118e+02 1.883352381045274342e+02 1.934756943301743490e+02 2.896281116777935267e+02
3.236511337782697062e-01 9.892180358461391165e+01 1.667387906384975622e+02 1.208518236176720251e+02 1.913162531144261607e+02 2.861763702830033935e+02 2.406328068453504159e+02 1.625273706776932841e+02 1.823992350010452128e+02 2.486621954855097840e+02 2.885145567409824139e+02 3.183318753580808220e+02 3.515670547440495284e+02 3.931472172866376127e+02 4.313070208423764598e+02 4.329866287859773024e+02 4.109362731827648645e+02 3.639108302849182905e+02 2.853452150543876655e+02 3.046606189730281926e+02 3.764452300112855028e+02 4.603975006787953816e+02 4.819495635994165923e+02 4.462727424212683331e+02 4.039086165710868386e+02 3.389105094804255600e+02 3.470246078085060049e+02 4.307184732293804359e+02 4.185898655461934936e+02 3.378621089963561417e+02 3.200365581407057789e+02 2.353267680173246958e+02 3.187175802227322947e+02 3.014112038395697368e+02 2.080394857258896764e+02 2.896428852548558552e+02 2.183072035924943748e+02
7.051176975622763798e-01 9.929556596883405462e+01 6.919636962555594550e+01 1.667027679962282036e+02 2.552076361392439026e+02 2.645558865239756869e+02 2.010258143963931445e+02 1.043458912812169217e+02 1.782124171824192445e+02 1.529069528565003111e+02 2.461557729866857187e+02 2.237176819831776982e+02 2.991600299698679351e+02 3.442415336846467540e+02 3.540948871127865232e+02 3.925708950457604374e+02 3.409792170849734134e+02 2.795258125770769198e+02 2.300165456012130676e+02 3.248384596866009133e+02 3.705785166555076557e+02 3.929063390200136610e+02 3.969906354617529587e+02 4.564006109028368883e+02 4.460461645359820295e+02 4.084819108518654502e+02 4.373664001597268793e+02 4.346710336103756163e+02 3.930274489258530366e+02 3.485879022457451129e+02 2.660164479798812067e+02 3.266099886385981677e+02 3.512160254592989759e+02 2.898589995043168415e+02 2.296629882748073044e+02 3.237471908661245834e+02 3.141223763675684495e+02
2.762602726440547274e-01 2.757754674265046546e+01 1.257783544171956578e+02 2.047797019088401953e+02 2.042364567314300245e+02 1.962156812711276928e+02 1.298371796547031352e+02 7.150168152874414318e+01 8.081669713191907078e+01 1.742156105841970941e+02 1.995902295884825151e+02 1.637702841601976615e+02 2.587968218548364803e+02 2.494858506272883858e+02 2.592062239687774650e+02 3.202767460806966824e+02 2.813900345099077072e+02 2.065744818059089312e+02 3.022024075311707065e+02 2.574228188362397987e+02 2.775678471828084071e+02 3.012502501936556882e+02 3.289805809450692209e+02 3.794161444289730980e+02 4.469421895834436214e+02 4.675586851007008704e+02 4.363159257222412748e+02 3.880292259260631909e+02 3.317206032131313123e+02 2.907859054368982470e+02 3.267751207413283510e+02 3.869431846969941944e+02 4.109390644561532895e+02 3.459116870184100208e+02 2.538749263397516529e+02 3.472533520062739854e+02 3.400989822699711453e+02
1.850613594792993588e-03 8.590566459756129092e+00 1.069636799904127855e+02 1.272926323181335846e+02 1.082601899180418457e+02 1.442866958051210702e+02 5.885243659619173684e+01 1.562374993519530619e+02 1.782166897481804995e+02 9.438374638051732290e+01 1.042201230213700427e+02 1.992964493190505948e+02 2.258564534951545966e+02 1.806243852191163342e+02 2.493353998216076377e+02 2.615676293124179779e+02 1.854469896930207256e+02 2.813163912919772542e+02 2.824304260867732523e+02 3.519432073731331911e+02 3.473444516458757221e+02 3.536442325883591025e+02 4.217740666261417459e+02 3.997366246574508750e+02 4.848418382591622162e+02 4.843876647312579280e+02 4.676596000583872978e+02 4.485469515155448335e+02 4.107918079365909421e+02 3.318748859335867678e+02 4.060968922242148551e+02 4.392558833935126472e+02 4.438426614159437236e+02 3.711467751742644055e+02 2.832606327848023966e+02 3.728220491408671933e+02 4.341279155154169302e+02
5.933543570421615510e-01 9.918322941956328975e+01 2.067727120787281692e+01 2.921266337693182180e+01 3.778612846496206146e+01 4.643258963597666877e+01 1.160752164602168648e+02 1.963232282280520167e+02 2.309579962106320465e+02 1.451471850710729541e+02 2.012765940417793615e+02 1.187404696128742074e+02 1.293035515449151376e+02 1.408289405579250229e+02 1.529835509004513767e+02 1.653948986139848216e+02 2.616302571103773289e+02 3.203039662688686349e+02 3.768506918029103190e+02 4.092276262652519563e+02 4.378617697170352585e+02 4.469884831333120019e+02 4.847786431411649914e+02 4.922864734461957141e+02 5.299538325589334136e+02 5.116649490894361634e+02 4.550873768176275576e+02 4.196192532177672092e+02 3.793237546357635210e+02 3.873382689948000461e+02 4.492858726016957007e+02 4.703042322061520508e+02 3.833082681721075460e+02 3.367586606019682449e+02 3.370489575614944897e+02 3.498367740097340288e+02 4.356521404586339941e+02
5.242591108685094037e-01 9.882944984767610208e+01 1.188647623537377598e+02 1.272969104369768303e+02 1.357729299312302373e+02 1.443104472434276317e+02 1.841438468259497654e+02 2.523603513543683619e+02 2.787810723300879658e+02 2.139075377558442028e+02 2.547995171569082515e+02 1.765197328451092460e+02 1.563619186132084451e+02 2.373355168138424176e+02 2.490377328170650060e+02 2.615349105551828188e+02 2.066006277054744373e+02 2.612617258886754144e+02 3.279031153265439684e+02 4.217259397738205848e+02 4.623324207259847753e+02 4.739202396717136594e+02 5.036158369201253890e+02 4.804518607242665098e+02 5.179024162335057326e+02 5.288679371637791746e+02 5.122905019003960660e+02 4.820799476696701618e+02 4.393282608248870815e+02 4.428977109174908264e+02 4.794344259043750185e+02 4.949700495597538747e+02 4.417150145676883426e+02 3.876390170200529610e+02 3.941196669137034405e+02 3.984657979459793751e+02 4.733926085417792251e+02
2.245761403057450201e-01 9.882059236598313134e+01 1.395538805634139692e+02 1.613087121185818091e+02 1.847571793084492526e+02 2.104250762989254326e+02 2.391527096811938975e+02 2.727480121338832078e+02 3.083972835536094408e+02 3.062060695798152778e+02 3.104721530342831102e+02 2.716929987977762266e+02 2.024746533744853139e+02 2.077650495744508419e+02 3.033933742628498180e+02 3.409427422403234118e+02 2.746726973560132024e+02 2.750415843932940447e+02 3.691399468361062191e+02 4.357092922554592747e+02 3.740209292432529651e+02 3.820472177319568914e+02 4.509028475778152369e+02 3.880376542612578987e+02 4.556595104627815545e+02 5.008127922480334178e+02 5.043390994836826735e+02 4.860024925580196395e+02 4.328285292996433213e+02 4.436461576881720816e+02 4.655990207813167103e+02 4.419085334145152046e+02 4.884877171307688855e+02 4.796680374568961156e+02 4.806039430083096136e+02 4.686972918394037038e+02 5.087443971307608876e+02
6.918070203250719086e-01 2.101366699031541430e+01 4.169028065173633735e+01 6.374058168571854566e+01 8.752985285034100116e+01 1.135979191302889291e+02 1.428403115800451815e+02 1.768738431599813339e+02 2.324884759970655637e+02 3.001298871502575594e+02 3.943686163255919723e+02 3.365140006719029202e+02 2.613189058450345215e+02 2.758176593512437762e+02 2.854715067980476988e+02 3.797144241200827537e+02 3.692561429775290662e+02 3.696821050512935471e+02 4.080595178328682096e+02 3.894816795734620314e+02 3.055864864639279403e+02 3.200589034592838402e+02 3.901278172795436490e+02 3.377526400194725511e+02 3.859932233670120354e+02 4.739445943276550111e+02 4.554002634669607232e+02 4.171236607173195239e+02 3.633161244703541115e+02 4.136550278804510299e+02 4.043554618430664505e+02 3.692272110756346137e+02 4.452150860427461794e+02 4.923431131978874760e+02 5.024521503048675868e+02 4.600118695267557314e+02 5.020043555524612202e+02
7.517111381045206153e-01 9.934409681950566551e+01 1.395689096725795082e+02 1.613053885630347395e+02 1.847598466129950623e+02 2.104482324132632414e+02 2.392425729235179972e+02 2.727964164086042729e+02 3.118876117170649991e+02 3.600660643026575940e+02 3.975986182478069395e+02 3.869148565845551957e+02 3.531251077411957908e+02 3.701725508516714740e+02 3.799510388800899818e+02 3.750081288124154639e+02 3.372037534910296017e+02 3.612874857576067598e+02 3.671652333329068369e+02 3.287362101077754915e+02 2.565369773304642536e+02 2.757435095470150372e+02 2.964125049839334451e+02 3.902988657760452043e+02 4.616963571118573100e+02 4.592089000447552962e+02 4.173704391165578045e+02 3.592002227738757938e+02 3.314558350195429171e+02 3.683574826365152717e+02 3.936672022087010987e+02 3.275673473968000735e+02 3.720523586124880353e+02 4.514920880380207109e+02 4.597030841131616512e+02 3.750782534369121208e+02 4.599770235216586798e+02
8.558244295687547076e-01 9.944562296433799986e+01 1.378441975514085698e+02 1.584326947883086518e+02 1.804303052107218548e+02 2.042394352414169987e+02 2.304799459616718309e+02 2.601375368825237615e+02 2.952268451669939395e+02 2.654435714726405422e+02 3.554758471999124367e+02 3.424340601452542501e+02 3.100162462657335141e+02 3.494782640948366179e+02 3.582685295984130107e+02 3.207862916666510387e+02 2.422824224659509014e+02 2.667003576523508741e+02 3.078599614908379749e+02 2.337308890645837209e+02 3.287360692785276797e+02 3.699357105552162466e+02 3.868833290388456589e+02 3.854867641135633676e+02 4.216402559970982225e+02 3.784202230042642441e+02 4.295691831855020837e+02 4.092791091304970337e+02 3.587157424984277441e+02 2.881988635574959972e+02 3.622322772258582404e+02 2.892642461513759145e+02 3.703868911204249912e+02 4.194173172947679404e+02 3.890488246057960851e+02 3.308080180630813061e+02 3.736156722671615853e+02
8.802730031229742957e-01 2.027837257440794971e+01 3.996994134414281064e+01 6.083546983725895529e+01 8.313792872510802567e+01 1.073334977480361090e+02 1.339516936795299102e+02 1.640553361015373923e+02 1.996981290430967135e+02 2.946156870296462671e+02 3.245662428920807656e+02 3.009191270735133799e+02 2.186671731731474324e+02 3.001906343863292363e+02 2.636263298198292091e+02 2.646531298135230372e+02 1.861534734425443958e+02 1.991037224168943567e+02 2.126176571395251358e+02 3.057313963789486024e+02 3.320090974810381681e+02 4.004007470409892449e+02 4.027690831299385081e+02 4.130286489873342930e+02 3.710500943511967762e+02 3.427725675008067014e+02 3.889166442020159593e+02 3.411454772746868116e+02 3.360206992047748145e+02 2.526861665794108092e+02 3.340265895478049742e+02 2.538069388909207476e+02 3.313452258529228516e+02 3.576886840735331248e+02 2.945270111151267542e+02 3.890540738601085877e+02 4.603238488163860893e+02
1.825126015476009611e-01 9.875783978337037183e+01 1.378660390374304825e+02 1.584342997245859408e+02 1.804294544392875252e+02 2.032515026907898914e+02 2.304694518309074169e+02 2.580382081471720426e+02 2.843497825610447194e+02 2.498471110362673642e+02 2.340878465623235343e+02 2.607360921157631992e+02 1.673982376462496404e+02 2.313737639713535543e+02 2.479205581354935646e+02 1.685857518730287268e+02 2.646573902495930497e+02 2.683796380159497517e+02 2.792114549835287676e+02 2.834693272222629048e+02 3.726907628020442189e+02 3.714997643635007876e+02 3.471366682777953656e+02 3.994980563925696515e+02 3.626022340611859818e+02 3.017962392186489637e+02 3.588507619240210147e+02 2.856099904955081001e+02 3.061606658212057255e+02 2.178014667458828058e+02 2.976507448540484120e+02 2.233443829666436216e+02 2.424105478765480655e+02 2.627550725712074495e+02 3.577704067549062188e+02 3.806468981412296557e+02 4.036090579962174161e+02
2.234715563764334556e-01 9.760105193218278430e+01 1.661670504143421567e+02 1.271738262961847852e+02 1.353897235353728661e+02 1.752890712050582920e+02 2.438638880298337881e+02 2.873686864363964446e+02 2.330133115273157500e+02 1.557328758996050908e+02 1.640806715074623412e+02 2.125267685408772422e+02 1.298703408828744159e+02 1.403729560749832785e+02 1.517225818128323738e+02 2.480580399769116866e+02 3.036187600712531776e+02 3.619896914513915362e+02 3.734947730358545641e+02 3.740716926752957079e+02 4.160982297173467259e+02 3.652040579924077974e+02 3.091190129448768857e+02 3.744526265628120427e+02 3.402300689058823195e+02 2.696280987707868348e+02 3.229310677253639028e+02 2.333635776159276247e+02 2.632638357840519916e+02 1.874048014205030483e+02 2.018281848757963246e+02 2.977073533528612757e+02 3.376604284730594259e+02 3.576969704006771167e+02 3.517380112481666856e+02 2.876087546980147067e+02 3.092690444369018223e+02
8.205654311753158847e-01 9.941124163628870747e+01 1.152673390821761359e+02 2.899516232142804029e+01 3.744423636380273024e+01 1.078126357099572914e+02 1.871355190092742475e+02 2.201154289773685093e+02 1.547014021297579518e+02 9.655570418325672222e+01 1.060093705960374422e+02 1.156927928930544596e+02 2.125713000402064097e+02 2.368030818479130346e+02 1.795205956730906109e+02 2.584442505252716273e+02 3.241647120781184981e+02 3.665524367629648168e+02 3.695801383638691391e+02 3.971158124527105997e+02 3.963574233367831994e+02 3.479299260833621474e+02 2.753613406741590097e+02 3.430669740872750708e+02 3.068209024926571260e+02 2.259119856631107552e+02 2.895415589658670115e+02 2.472309211306371708e+02 1.698963774679245944e+02 2.383797520055188102e+02 2.976014149564880995e+02 3.367221991359538151e+02 3.548867279679918738e+02 3.161059391104049041e+02 3.117889265304672790e+02 2.171600388631489693e+02 2.835097822686886389e+02
