output/example/elevation_000247.asc
nrows	75
cellsize	13.33333333
xllcorner	0
ncols	75
yllcorner	0
NODATA_value	-9999
[rows 51 to 67 of 75, columns 0 to 36 of 75]
1.369999999999999864e-02 1.001369999999996274e+01 1.171349971520996291e+01 2.171349971520989186e+01 2.776994098102365527e+01 2.362780314768522416e+01 1.533638703650265711e+01 2.447851834882834865e+01 2.205342435406068446e+01 1.205327206539297968e+01 4.982224957502383589e+00 1.220776208719411571e+01 1.634722234808797481e+01 1.742281241905210365e+01 1.367953177023244749e+01 3.692762641105485244e+00 1.170798007462597212e+01 1.584855444558143311e+01 1.527519339718116953e+01 5.939031486075209365e+00 1.236372803341502902e+01 9.546691528307556851e+00 1.228745988088659979e+00 1.416373683754587498e+00 9.981655423071998712e+00 1.113633784612887112e+01 1.681840637288534834e+00 1.871673734787553389e+00 1.871673734787553389e+00 2.062169331455002474e+00 2.062169331455002474e+00 2.251513025281826064e+00 2.251513025281826064e+00 2.432007579566707101e+00 2.432007579566707101e+00 2.432007579566707101e+00 2.553126308680033318e+00
1.290000000000000001e-02 7.083967811865462316e+00 1.708396781186539215e+01 2.585563533894081445e+01 2.988525268229539478e+01 2.947851599084252072e+01 2.533637693159740678e+01 2.947851599084252072e+01 2.205342435406068446e+01 1.205327206539298146e+01 1.498214825354519064e+01 8.315551571294863109e+00 1.831486766949667455e+01 2.120509342822229470e+01 1.188056863889675441e+01 5.121044346349125753e+00 1.088276194915233219e+01 2.085286695138514546e+01 2.057063400544076259e+01 1.107174170728150386e+01 1.845749794965405144e+01 1.123101101674978608e+01 1.228745988088659979e+00 1.044667294802891178e+01 9.954319519911802416e+00 1.433032812185273919e+01 4.539123762536530826e+00 1.242682173907512144e+01 8.668497023665056034e+00 1.280705848157166571e+01 9.024401608129263508e+00 3.882053333016259877e+00 1.047353584130416770e+01 2.839427127370524495e+00 1.231133371517141839e+01 3.240058767823229768e+00 1.125257146773613925e+01
1.329999999999999932e-02 1.001193507787539083e+01 1.871413946914442050e+01 2.283935026021621795e+01 1.987808412910840161e+01 2.695702959175654456e+01 2.986232304570089013e+01 3.399837988421910495e+01 2.619951763694600544e+01 2.205342435406068446e+01 2.081464233317431578e+01 1.081554367835890140e+01 2.081464233321005963e+01 2.412265786503843401e+01 7.343979445986258625e+00 6.698627089238542887e+00 1.662275071309421648e+01 2.494945519142618195e+01 2.712225578018588479e+01 2.239669139514327156e+01 1.952136372278041065e+01 9.091087448591268938e+00 1.990531617814869758e+00 1.198534475435979374e+01 1.882729370318057960e+01 1.819153211279554228e+01 7.698483679592400541e+00 1.791308104517957744e+01 1.830991145471098136e+01 2.007611601574715721e+01 1.521193025082082606e+01 5.630163839120137403e+00 1.492229847613768889e+01 1.633249434334182482e+01 1.606798144221634672e+01 5.825520162441362615e+00 1.578396650981878047e+01
1.369999999999999864e-02 1.001369999999996274e+01 8.719874369431719785e+00 1.647986455071901446e+01 1.280640141107126162e+01 2.280911593786000324e+01 1.986722874799799499e+01 2.822936158860079914e+01 3.399837987738988687e+01 2.897641708923747572e+01 1.898032531538220624e+01 1.397780954971508649e+01 2.397650859553889191e+01 2.240383376944196669e+01 1.251790547607761894e+01 8.327280946650571281e+00 1.276176623891958073e+01 1.978017657723307465e+01 2.974159387399140186e+01 2.859471050152057003e+01 1.837423370615527674e+01 1.289257843220065425e+01 2.756029841710438077e+00 9.899840348766012710e+00 2.050228970727713573e+01 2.253954563530258781e+01 1.282964082181874943e+01 2.253943120658263410e+01 2.439274704337288924e+01 1.518208057761471608e+01 8.458678266381046029e+00 1.528629745854483346e+01 1.906343057353664250e+01 1.987595090863150205e+01 9.931417594844603514e+00 1.612263781489719605e+01 1.421443279507622037e+01
1.319999999999999993e-02 1.476744284977815624e+00 2.951724319318033807e+00 6.481996585290111135e+00 1.648284380003789451e+01 1.909291915391865402e+01 1.409418564549078567e+01 1.986722874799799499e+01 2.986232304569904272e+01 3.310394709069466046e+01 2.751133710588256420e+01 1.751333226590458025e+01 2.751133710588256420e+01 2.670918178814194022e+01 1.993698056202056179e+01 1.013605324721516610e+01 1.714690162363469739e+01 2.269776209099463316e+01 3.266699760094467564e+01 2.584101525393178989e+01 1.534414739243776893e+01 7.935121549135664587e+00 3.515595679379150962e+00 1.309746510172923095e+01 2.034442469182631186e+01 2.786070946177462204e+01 2.359714871597146768e+01 2.784654457920286319e+01 2.624815013705192968e+01 1.709639536027636098e+01 1.058204119933985154e+01 1.978374608057512773e+01 2.467484792076492539e+01 1.508494175625058453e+01 1.988545225697743746e+01 1.814099864797721295e+01 2.291629523540918356e+01
1.349999999999999985e-02 1.001349999999996321e+01 1.294617849830046374e+01 5.415624862596149391e+00 7.212248940386265517e+00 9.102927326925092544e+00 1.909291915391897021e+01 2.539852075336002102e+01 2.539852075334514936e+01 3.538060794495029882e+01 3.164174865849968654e+01 2.328680511783018048e+01 3.164174865849939522e+01 2.706745296450344185e+01 1.867567941707720891e+01 1.208733094765933380e+01 2.202009204784631535e+01 3.120276981000885641e+01 3.315950107632558286e+01 2.816284764855237555e+01 2.072963592756536855e+01 1.061914689743590579e+01 3.515595679379150962e+00 5.991366246526180106e+00 1.646202779130065252e+01 2.418018060468495278e+01 2.848357547164759040e+01 2.962165361121799734e+01 2.033549057625126011e+01 1.403471465042980348e+01 1.592826647392263162e+01 2.366429912522315959e+01 2.849105415277247744e+01 1.998513163821693084e+01 2.849105415277247744e+01 2.490863831945638651e+01 2.807421661371233412e+01
1.369999999999999864e-02 1.001369999999996274e+01 1.862807456400788197e+01 1.540774356804044487e+01 1.427524804258663593e+01 1.909291915391897021e+01 1.264515007390611601e+01 1.540372291987550568e+01 2.539852075336134263e+01 3.486656841937056583e+01 3.740580707397707982e+01 3.328215512066604020e+01 3.364765007190296586e+01 2.355293007482021750e+01 1.651440004500092584e+01 1.494623520986324827e+01 2.189662504708872959e+01 3.191563790206194184e+01 2.912766518753292644e+01 1.902683098825586328e+01 1.375836812435857226e+01 1.458601929193513058e+01 4.312634207737798597e+00 1.458601929193472380e+01 1.018223186281663573e+01 1.351772847742502037e+01 2.109297380035329184e+01 3.163335714155384792e+01 2.561703109559146441e+01 1.661845749598130695e+01 2.504412031444356046e+01 2.898602215044733654e+01 3.295565253840154440e+01 2.922248277238835357e+01 3.295565253840154440e+01 3.420180647101381055e+01 2.792395304704869119e+01
1.379999999999999977e-02 4.485935954999597186e+00 1.155700376797370765e+01 2.155700409992704891e+01 2.427287581881864753e+01 2.662997336305938489e+01 2.262701155573889267e+01 2.538260755939207769e+01 2.074804109149227571e+01 2.652007741227777515e+01 3.650171282828932107e+01 3.848985049743588860e+01 2.814453177249242444e+01 2.226841604800177166e+01 2.659996797569579741e+01 1.895007772891962361e+01 2.272877708250713624e+01 3.234878201424628230e+01 3.315950107632558286e+01 2.816284764855228318e+01 1.878824784076545384e+01 8.123297732643564473e+00 5.097614024540408906e+00 1.527882423181235261e+01 2.076487754741711456e+01 2.418018060468521568e+01 2.109295217654182863e+01 3.163147280401933159e+01 2.958221658639410023e+01 2.095502719810630055e+01 2.218647331877521012e+01 3.151737000691413826e+01 3.251331875917519199e+01 2.867898000496121114e+01 2.752231387391573847e+01 3.123071255637863786e+01 2.320823301455995491e+01
1.309999999999999880e-02 1.001309999999996236e+01 1.862807105977248057e+01 2.314244871964627137e+01 2.544756637807345712e+01 1.412782004232408539e+01 2.639985847186781953e+01 3.068343683139472233e+01 3.073881293389223757e+01 3.486656845755727119e+01 4.062479552758648538e+01 4.272215686273318624e+01 3.677086634066522208e+01 3.251697794673731323e+01 3.313486958727852283e+01 2.387186898816647229e+01 3.234878201424628230e+01 3.468735343786654823e+01 3.074783205109527273e+01 2.948438785486831293e+01 1.874687952369768951e+01 1.643018277101241864e+01 5.931929645363765324e+00 1.643247893694382711e+01 1.657168570018197684e+01 2.746006177521643465e+01 3.163147280401933159e+01 3.583730338602627086e+01 3.402366246583255815e+01 2.709481608617629433e+01 2.869208404096769982e+01 3.554208759696654596e+01 2.868520665036430017e+01 2.033782077423017753e+01 1.927718187520406445e+01 2.461424401933809492e+01 2.265138625487382029e+01
1.349999999999999985e-02 1.001349999999996321e+01 1.392649487939061359e+01 1.308943505245549765e+01 1.568771684419129997e+01 1.412782004232408539e+01 1.594061104491497538e+01 2.219944489798611187e+01 3.236564891224811191e+01 4.105176845614303716e+01 3.696181259813217679e+01 3.696178328502271881e+01 3.865539517930750435e+01 3.987783465864884391e+01 3.820097283730436288e+01 3.399036818940952998e+01 3.820097283730436288e+01 3.074783205109527273e+01 1.788700001804177475e+01 2.121487546390379109e+01 2.218269559316178530e+01 1.618610096938840925e+01 5.931929645363765324e+00 5.931929645363765324e+00 1.584196999908127346e+01 2.709665011716145600e+01 2.624620921689895070e+01 3.066466543387938515e+01 3.791863103023380432e+01 3.604510779186897906e+01 3.833441843419703332e+01 3.264475364185975081e+01 2.852545912658242955e+01 2.276507450734771609e+01 1.412521890106311773e+01 1.626050972357748492e+01 1.932685053050633783e+01
1.369999999999999864e-02 1.929652575813549875e+00 3.890077498504866949e+00 5.975141250912894719e+00 8.401806534421295325e+00 1.033959239908905836e+01 2.466028412888775634e+01 3.069037245056936314e+01 3.654834957316119670e+01 3.696180229272601281e+01 2.703368124450869558e+01 2.703368118290604016e+01 2.858035445783523798e+01 2.969759803590494229e+01 3.985340132805844604e+01 3.947618807524860074e+01 3.461903577123420916e+01 3.031744009658755346e+01 1.914451011858821872e+01 9.666825220059207524e+00 1.797394120236366177e+01 7.383046346480517386e+00 5.931929645363765324e+00 7.206948178163259833e+00 1.779930562845680342e+01 1.725750646963573587e+01 1.537106130204123922e+01 2.185025058198042203e+01 3.371701713396246447e+01 4.003649811413493609e+01 3.588927633470005674e+01 2.859525599320044975e+01 1.910633374365490766e+01 1.970935591493096695e+01 1.080160671607073475e+01 9.778664132139917697e+00 9.778664132139917697e+00
1.290000000000000001e-02 1.001289999999996283e+01 1.392649490549715985e+01 1.178395762422362125e+01 1.849625532469897848e+01 2.189106702753598555e+01 3.007379724214682426e+01 3.279442216422171441e+01 3.676893224840291907e+01 3.619598023213900717e+01 2.994154375574754567e+01 1.994608285222612665e+01 2.142792538156623294e+01 2.885205619149765965e+01 3.947106589358127593e+01 3.553489382917953776e+01 2.711532702419170349e+01 2.183534776297967284e+01 2.316445054377607349e+01 2.022957753504991274e+01 9.666825220059207524e+00 1.797382274182996653e+01 1.198237878792927980e+01 1.779930562845680342e+01 9.189694169944315760e+00 9.189694169944315760e+00 1.976203723997560857e+01 2.552257890215908986e+01 3.512399999646488169e+01 3.588927633414309781e+01 2.630547987474165694e+01 2.911250887062846715e+01 2.185726825667339668e+01 1.231979777625148564e+01 2.045132832135134748e+01 1.966309419661141433e+01 1.306516923498260496e+01
1.359999999999999924e-02 7.084667811865485554e+00 1.708466781186555394e+01 2.183941646688576554e+01 2.599611063599407856e+01 3.000978227543764731e+01 2.533182874870196954e+01 2.325072886423357588e+01 3.279442216422171441e+01 3.211850728357815399e+01 2.218350913822948201e+01 1.643525741130449092e+01 2.334899465622879333e+01 3.219722056145418065e+01 3.395580202799067848e+01 3.786446736113173728e+01 3.461903576362279722e+01 2.638046871501455115e+01 1.607950156989317492e+01 1.243744318779273250e+01 1.574138671796444733e+01 2.431539911993607106e+01 1.941855966090512098e+01 1.976203723996558281e+01 9.189694169944315760e+00 9.189694169944315760e+00 1.530297007331157566e+01 2.386227118585516749e+01 2.885615040664613673e+01 3.566480106163393060e+01 2.724935553532060339e+01 1.983362494704574885e+01 2.287895272348452735e+01 1.342759460332715804e+01 1.472544658678665286e+01 2.601399440074990821e+01 2.249802841561729494e+01
1.379999999999999977e-02 9.978491728005408845e+00 1.550438269223424292e+01 2.138286560289944660e+01 2.532229860248928688e+01 2.604601053214574691e+01 1.646805840682510436e+01 2.604601053214578243e+01 3.231718570867536755e+01 2.536245395994918539e+01 2.128947801662022954e+01 1.434755298475020524e+01 2.321068907173181728e+01 2.640980084994917831e+01 2.368163742800509297e+01 3.397637210354250925e+01 3.361098387273609234e+01 2.332910548769802972e+01 1.582213555313969167e+01 2.293416847841041672e+01 2.595402143843430309e+01 3.018628606197009034e+01 2.948755502056235400e+01 2.403832339048998890e+01 1.976203723997560857e+01 9.189694169944315760e+00 9.189694169944315760e+00 1.366048581733575418e+01 2.070371537188944799e+01 3.237341929922031625e+01 2.960702404486199413e+01 2.436527203896243776e+01 1.495960687857408367e+01 2.287895276619218876e+01 2.633337507537276423e+01 3.292945941344655836e+01 2.753037840525518831e+01
1.349999999999999985e-02 6.743186004523071819e-01 7.645647309766911981e+00 1.558786167266904954e+01 1.561206247722235751e+01 2.227770002712034625e+01 1.324657316577859412e+01 2.289495375579500802e+01 2.725445656818627782e+01 1.840772117442125122e+01 1.147393650135824039e+01 1.943576193960067755e+01 1.332436315794053172e+01 1.643723733379803065e+01 2.221073780004388354e+01 3.214582764821538063e+01 3.361098400607406944e+01 2.332910562103136343e+01 1.582213555313969167e+01 1.582213555313969167e+01 2.332910562103136343e+01 3.361098400620846149e+01 3.275354424854061364e+01 2.849561911852197227e+01 2.174482645512123469e+01 1.121052256814515324e+01 1.669046901111626013e+01 2.407398910890892907e+01 2.892054949346893622e+01 3.209670414960277895e+01 2.617062209716099019e+01 1.678409831316811207e+01 2.436527203896243776e+01 1.495960687857408367e+01 2.158803125462119965e+01 3.107048093598943339e+01 3.722583244585334228e+01
1.359999999999999924e-02 7.693200338191724441e+00 1.617127563949656510e+00 1.131963021472971676e+01 8.800947568274049004e+00 1.825956460988037122e+01 1.031567976602145542e+01 2.002255917626510850e+01 1.742857208764489840e+01 1.742865677276246927e+01 9.627554004023444634e+00 9.627554004023444634e+00 1.943576219443916031e+01 2.321068906149957911e+01 3.050904191116857689e+01 3.623402489393262726e+01 3.471489706285337462e+01 2.445851732803160772e+01 2.332910562103136343e+01 2.332910562103136343e+01 2.445851732803160772e+01 3.471489706285132115e+01 2.857315539864006482e+01 1.798354420180225333e+01 1.422321365429436746e+01 2.175452516960211824e+01 2.601579033273331021e+01 3.139620500232561895e+01 3.481193536474825123e+01 2.524342967762576251e+01 1.866918199398981670e+01 2.617062209716099019e+01 2.804615592276558900e+01 1.852520019765233172e+01 2.052439170627886256e+01 2.647348741624456991e+01 3.688910313503220095e+01
1.290000000000000001e-02 1.001289710815772693e+01 1.152576412689187890e+01 2.568429114903367783e+00 1.205941567393829317e+01 1.388648212560999617e+01 7.590082356256790952e+00 1.551837239756487641e+01 1.552584958835185525e+01 7.614555722014347161e+00 1.642861669474404707e+01 1.943576226871437740e+01 2.351093825295200190e+01 3.308389261044772667e+01 3.360146889499624479e+01 3.773107258749912774e+01 3.469059219969228280e+01 3.471489706285337462e+01 3.361098400607406944e+01 3.361098400607406944e+01 3.471489706285132115e+01 3.582001271016458332e+01 2.556600962640555963e+01 2.782752430992285397e+01 1.727682886347270852e+01 2.291363054699464286e+01 3.325518495233128391e+01 3.569074557246371882e+01 3.158716324372929307e+01 2.942822063228768670e+01 2.005340064515645437e+01 2.942801310716000884e+01 3.223652257553727196e+01 2.323214014545883188e+01 3.023312994347393001e+01 3.435917743428474580e+01 4.082156192007794715e+01
