output/example/elevation_000486.asc
nrows	75
cellsize	13.33333333
xllcorner	0
ncols	75
yllcorner	0
NODATA_value	-9999
[rows 0 to 16 of 75, columns 37 to 73 of 75]
4.981354379869036109e+01 4.981354379869036109e+01 5.394165199755713047e+01 5.239119050266367594e+01 4.948403565932184023e+01 5.081455401597615662e+01 4.670140488418778801e+01 4.798768056620751565e+01 5.210212377725677158e+01 5.305260610396340581e+01 4.877179752905253451e+01 4.877179752905253451e+01 4.877469056002389181e+01 5.306299640282768593e+01 5.953641424483768674e+01 5.532212550120419792e+01 5.532212550065055012e+01 5.546842540981978686e+01 5.136971497254677388e+01 5.546842555276487019e+01 5.237603403835241522e+01 4.828363999728805567e+01 5.237603403835241522e+01 5.217176729897338561e+01 5.248521752870065882e+01 4.835372667534426938e+01 5.253567887396408764e+01 5.143188936043600279e+01 4.850490425127667038e+01 5.158764142374497652e+01 5.504278519713390949e+01 5.919011796906378464e+01 6.492714552980702081e+01 7.412864212860560542e+01 7.309305815505148018e+01 7.004051595622588877e+01 7.004051595622588877e+01
3.984883798707057423e+01 3.984883798707057423e+01 4.981354379869036109e+01 4.245999061798429608e+01 3.955053589914282242e+01 4.507452292081297429e+01 3.675440672511742690e+01 3.804692206436917701e+01 4.798768056620751565e+01 4.877179752905253451e+01 3.833036652109760922e+01 3.833036652109760922e+01 3.833042132265175894e+01 4.877353140341548254e+01 5.532212550120419792e+01 4.529741951392496446e+01 4.529741951392495025e+01 5.056459759951160038e+01 4.159830607629328370e+01 5.056459769455373277e+01 4.747031384531363329e+01 3.850056197794641122e+01 4.746239541933951500e+01 4.248384895517808246e+01 4.733352527034487878e+01 3.852782210659690065e+01 4.754678039408531021e+01 4.165632920184953747e+01 3.874275876557671694e+01 4.183917222439178829e+01 4.527017100094104052e+01 5.087458477331219342e+01 6.073666042084793304e+01 6.356654217538815033e+01 6.251875531866942737e+01 5.940314004966943173e+01 5.940314004966943173e+01
3.273693338829157540e+01 4.276743274676500306e+01 4.925844167111135619e+01 4.245999061798429608e+01 3.246402812269628413e+01 3.668881898052037371e+01 3.094520663570114394e+01 3.804692206436917701e+01 4.798768056620751565e+01 4.880983789089820135e+01 4.138858228211318391e+01 3.116011363082277796e+01 4.138279971715525818e+01 4.232466534335402741e+01 4.662544323693988702e+01 4.823358791819767077e+01 3.833498785590498414e+01 4.648401052424479474e+01 3.670054588983078503e+01 4.648400823078345212e+01 4.339209677630767459e+01 3.358940801727673886e+01 3.848998786926637905e+01 3.556197838795024779e+01 3.970326688951737992e+01 3.360007391322049841e+01 4.141691161284995104e+01 3.470820391708629415e+01 4.165632920184953747e+01 5.143188936043600279e+01 5.504278512569128168e+01 5.918990413077838042e+01 6.316870308763839859e+01 5.618594355154142761e+01 5.810798883852357477e+01 5.217459101297804125e+01 5.940314004966943173e+01
2.964277779857577855e+01 3.510194476656150186e+01 4.512817097018906765e+01 4.439784973374650434e+01 3.668881898052037371e+01 2.653738940784756650e+01 3.668881898050732815e+01 4.294733481141683029e+01 4.870752558784873543e+01 4.451814306054259873e+01 3.418300534903314514e+01 2.844165048304945387e+01 3.508342306793477405e+01 3.208546382464431446e+01 4.232472217867721298e+01 4.423078276923600782e+01 3.487742730366979060e+01 4.322285539225537576e+01 3.343314836944444579e+01 3.904851004562065242e+01 4.096269577243059956e+01 3.689791985211481062e+01 2.874060463238458496e+01 2.991188543705899505e+01 2.991188543705899505e+01 2.991188543705899505e+01 3.158696792124005981e+01 4.141691207410259068e+01 4.272362622711691671e+01 4.962274263604111013e+01 5.948170162942772521e+01 6.316870473464528146e+01 5.293516297098354784e+01 5.481305593968414058e+01 4.822319014200157739e+01 5.504416097087119653e+01 6.550472362928675807e+01
2.674856578742772584e+01 3.694169715910859253e+01 4.456979426519157528e+01 4.027869277138259463e+01 3.022396924412240082e+01 2.416987085305342475e+01 2.869073481567895101e+01 3.459799736450453622e+01 4.458978356368522356e+01 4.178319893875345059e+01 3.750212428349725968e+01 3.508363626002613245e+01 2.503162974483173997e+01 3.508266461130331493e+01 4.137709115992800690e+01 3.437866601157140423e+01 3.163576323343835739e+01 4.144840897893566734e+01 3.904850904839423720e+01 2.930221092258586069e+01 3.536475638851332093e+01 2.720134168837376976e+01 3.689792013976916962e+01 3.556262326475395952e+01 3.970486834135757448e+01 2.991188543705899505e+01 3.970573634172117750e+01 3.600134751259941623e+01 4.579819567000095049e+01 5.479802473759986725e+01 5.972769693934723279e+01 6.293627877350134980e+01 5.481305593968414058e+01 4.522057659939274288e+01 5.481305593968094314e+01 5.936909449716652176e+01 5.745608133686418739e+01
2.433095272273153498e+01 3.033195272280396892e+01 4.043774360452506755e+01 4.064633891695424950e+01 3.241576085342428115e+01 2.198433651364659980e+01 3.241576085449318612e+01 3.839558866473405629e+01 4.252545491448710635e+01 3.750213793198233247e+01 2.733952243170326213e+01 3.031582415080972481e+01 2.294412617421737721e+01 3.303028262041896568e+01 3.381003866239496602e+01 2.749435959310168442e+01 3.726411261001871367e+01 3.732276578598464312e+01 3.325665034411437659e+01 3.398754144334818506e+01 2.567893199580778685e+01 3.536475638861513460e+01 4.096338746875020576e+01 4.249453779161795808e+01 4.377722119978091087e+01 3.556301003745841172e+01 3.480264999999585740e+01 4.460569165728063723e+01 4.091582117468622926e+01 4.578453117332437472e+01 5.557660368703579934e+01 5.862922986137252934e+01 4.869649060020758924e+01 4.332735005657751515e+01 5.289456017101772289e+01 4.935516331437705873e+01 5.631815202297507028e+01
2.223358586129757697e+01 2.983983557069052495e+01 3.402596372990434048e+01 3.650780261256977610e+01 2.627498559606716100e+01 2.014978633987331591e+01 3.059988295512190248e+01 2.823328732667125252e+01 3.839558866473513632e+01 3.274328747183439248e+01 2.794086092282278955e+01 1.998306786890543307e+01 3.020758424486350435e+01 3.354876392964929011e+01 2.396572743761006308e+01 3.380994085868553611e+01 3.610865943373138975e+01 3.202215362866287052e+01 2.336385258463934633e+01 2.423817453577241920e+01 3.398449667863695112e+01 3.534755330391690364e+01 4.511002270707756878e+01 5.223656904770140130e+01 4.956085833476556957e+01 4.540460165069107745e+01 3.920476761250120745e+01 4.868726902716635152e+01 5.068056723918415685e+01 5.479802473820634390e+01 5.972767895942968153e+01 5.854973112749156883e+01 5.114783452552502752e+01 4.149750652974941545e+01 4.431235519110376231e+01 5.401642314292684688e+01 6.075637498966911920e+01
2.983983556540364646e+01 1.950014554043351467e+01 2.733202046661666529e+01 3.153634459114732635e+01 2.890465343364705575e+01 1.852033444178977817e+01 2.085391670051205182e+01 3.078262465325978781e+01 3.647409154040422408e+01 2.789129163329142713e+01 1.724667093284115893e+01 2.775250485887915275e+01 3.270233805823656326e+01 3.152706355203905275e+01 2.157778994236997860e+01 3.019455132587746959e+01 3.094367692985404261e+01 2.211313546517226669e+01 3.191798868849913262e+01 3.224373899338588245e+01 2.629381905038327005e+01 3.592752835463888061e+01 4.210157579203899303e+01 4.646776797694353434e+01 5.056807970885037662e+01 5.307276316436010433e+01 4.610590841583861277e+01 5.307276316564333740e+01 5.775375776770077607e+01 6.209193881888524658e+01 6.146443859912952234e+01 5.133532655662477850e+01 4.458168274700896205e+01 3.963212186001287307e+01 4.944188163699640626e+01 5.361842552832970199e+01 5.066179005390920054e+01
3.402400890637643016e+01 2.733202041374651259e+01 1.695126913670913993e+01 2.497970118770302150e+01 2.870165326903303438e+01 2.448161274184587199e+01 1.628962925163445874e+01 2.658264907471594540e+01 2.938629440225495060e+01 2.219409761752095989e+01 1.537202828227045437e+01 2.569565573359681920e+01 2.776046510639073261e+01 2.844887640263220163e+01 1.918754024833361527e+01 2.002417701739103606e+01 2.085688505719490493e+01 3.093720122000830486e+01 3.591766834451329515e+01 3.359679396957688624e+01 3.592752835463888061e+01 2.837669044028280396e+01 3.803518459829701470e+01 3.670121251189353728e+01 4.358354550172416708e+01 5.343089699352196931e+01 5.590206059181225839e+01 5.623223299255301555e+01 4.773864950116826833e+01 5.623223299255301555e+01 5.449156546254961597e+01 5.035880590173701421e+01 4.620351307916881467e+01 3.802914627189923635e+01 4.098314626425766249e+01 4.396776242165068282e+01 5.066179005390920054e+01
3.133337984605458360e+01 3.137275534270298749e+01 2.497967351827312044e+01 1.448540039177007621e+01 2.268834151082457495e+01 1.413326270195972256e+01 2.320501129596942391e+01 2.742930770980455435e+01 2.427564677684409489e+01 1.435095784081292081e+01 2.510064359437476611e+01 1.648678503357285052e+01 1.727387143482593501e+01 1.805890627947584548e+01 2.845705330591482607e+01 3.019000065644201314e+01 2.304526061516286006e+01 3.285342828076897348e+01 3.799548798796053717e+01 4.287123401734665862e+01 4.210157581593988141e+01 3.803518459829701470e+01 3.058884662894901751e+01 4.029085594415774096e+01 4.658788293548795423e+01 5.070740037337836981e+01 5.565174900956779425e+01 5.197153231404377749e+01 4.207187870683726771e+01 4.667994487892060818e+01 4.443664786548297485e+01 4.443123884531993895e+01 3.599791433720826461e+01 4.620097196542281637e+01 5.070466502927951780e+01 5.361842552750704982e+01 5.361842552832970199e+01
2.334559364861683051e+01 2.722478971978682338e+01 2.533373938275188664e+01 2.201374247098532422e+01 1.212246150575893644e+01 1.259621884205767550e+01 1.259621884205767550e+01 2.320317997580074376e+01 1.337754086604779502e+01 2.427519251631462893e+01 2.490857660575417043e+01 2.430565520929220469e+01 2.776117921205542061e+01 2.163927699180601039e+01 3.127001324013058436e+01 3.686607663640941013e+01 3.285380861583524137e+01 2.617933378462679883e+01 3.580179807346695497e+01 3.943199150056380375e+01 4.914810573569396723e+01 4.436662816718338576e+01 4.029085594415774096e+01 3.316250384797939432e+01 3.681891553094547476e+01 4.166701925585615385e+01 5.151735753448475208e+01 5.240997740113964909e+01 4.249229047874954546e+01 3.650100829994921270e+01 4.268760906939475319e+01 3.403155927898580302e+01 4.440927484580211626e+01 4.971358963318806445e+01 5.208363588728247606e+01 5.656308552851586313e+01 5.690623243497135775e+01
1.112110133512469012e+01 1.950417708299839248e+01 1.542392009479893034e+01 1.155250579160268209e+01 2.201443523763333587e+01 1.902597032488310091e+01 2.320509190634783891e+01 1.337754086604779502e+01 2.387216937740883438e+01 2.842111204395637714e+01 3.439154937939175483e+01 3.502122527059871260e+01 3.540137339892353907e+01 2.837174253946998448e+01 2.837173983771434749e+01 3.826720594651439455e+01 3.983230618251924682e+01 3.173438359720722346e+01 2.982670248832302562e+01 3.659841404173398871e+01 4.627531297601841231e+01 4.982297355750456802e+01 4.001950121889834833e+01 3.316250384797939432e+01 3.875411155603802627e+01 4.854179135572535131e+01 5.565174899111622153e+01 5.668929076889099150e+01 5.088012215028846441e+01 4.268760906939475319e+01 3.216983897916777124e+01 4.108262080851691422e+01 4.527253247310542861e+01 4.738450274019673714e+01 4.200911014208982408e+01 4.973964021891293896e+01 4.677114979940212436e+01
1.097899628301895980e+01 1.123283747647134057e+01 1.123283747647134057e+01 1.123283747647134057e+01 2.240210841600084635e+01 2.840976693628568484e+01 2.207305124678897812e+01 2.396878921805766183e+01 1.504417768823060975e+01 2.548797834735162127e+01 3.124262188396470563e+01 3.500405702630310145e+01 3.910195027825093916e+01 3.826770668528334340e+01 3.826720594651439455e+01 4.243331863022356032e+01 4.541887138867615903e+01 4.135797255593611510e+01 3.535066979890412853e+01 3.535066979892672379e+01 4.500888568114159227e+01 5.090413802244481190e+01 4.108955516011187115e+01 3.607970174250379358e+01 4.583102883531871896e+01 5.265063428010768121e+01 5.867046205647576329e+01 5.389535152713214217e+01 4.994958735537831984e+01 4.640214412686296441e+01 4.109967819136303291e+01 3.055772101214091663e+01 4.086727405676758451e+01 3.883868483473551692e+01 3.600893731906964490e+01 3.967227013395323354e+01 4.676948481174301264e+01
1.802799373531452787e+01 2.122082610856797658e+01 1.123283747647134057e+01 2.156144656485259858e+01 2.632847184862900392e+01 3.652753099502607625e+01 3.234623716723719866e+01 2.969977993563154328e+01 2.248098464545858732e+01 1.670634517992353807e+01 2.702986415156643574e+01 2.536439455480419625e+01 3.373694560486812577e+01 3.575946149504819260e+01 4.583012247818731311e+01 4.773540038495972482e+01 5.187385993713616728e+01 4.909553096571453068e+01 4.500888509176537156e+01 4.089341919376108336e+01 4.909555076817703423e+01 5.501087099668044544e+01 4.583107160697939975e+01 4.167742974481708274e+01 4.294827072617863450e+01 5.279103781564647591e+01 5.454390584214851145e+01 4.535526741109466542e+01 4.079472718155077615e+01 3.750728903733814690e+01 4.020864086209217447e+01 2.948803291277663874e+01 3.719897116528637326e+01 3.166335128781271280e+01 4.190317603897317156e+01 4.686498258699904085e+01 5.311753864849707440e+01
2.856552305240867184e+01 2.586767800893286307e+01 2.168534018966297694e+01 1.246806655661820429e+01 2.331334363553980538e+01 3.303309861869200148e+01 3.808991483745514728e+01 3.690350859114922599e+01 3.123456168352668172e+01 2.702986415160324540e+01 1.830383742554148441e+01 1.947831085185514155e+01 2.549202348367532878e+01 3.324811747740646695e+01 3.743117712391286034e+01 3.771233681434839013e+01 4.608443381343795409e+01 4.561713840396850372e+01 4.975648485797511000e+01 5.063071755512943639e+01 5.475420336436530988e+01 5.983004707746045625e+01 5.562532401710410568e+01 5.150504581817525462e+01 5.279101673495377867e+01 5.691829390534998367e+01 5.867023914410928853e+01 5.396286219976112619e+01 4.994958735537841221e+01 4.276819634237259038e+01 3.290163122848839095e+01 3.836140051095700443e+01 2.801543522058429403e+01 3.042430877546704338e+01 3.297513071093654702e+01 4.293391222491970183e+01 4.414931207136021385e+01
3.077162532792603500e+01 2.040292130174193375e+01 1.401506541884716306e+01 2.316335775942201991e+01 1.833481020718652488e+01 2.378973547649298581e+01 3.401579874608827936e+01 3.909185431173576575e+01 2.893222819921313871e+01 2.291454181379714328e+01 2.861468146060012430e+01 2.983163189353627587e+01 2.127395273568152589e+01 2.285632312825793733e+01 3.324811747740648116e+01 3.184718603990823382e+01 4.019955096449056242e+01 3.583345592660647583e+01 4.136781659307451520e+01 4.800331659467926215e+01 5.786230632464107515e+01 6.108671710490720130e+01 5.749989587227786814e+01 5.328993009457589380e+01 5.749990050933885044e+01 6.258726227483116844e+01 5.750084460158505095e+01 5.169966116891719565e+01 4.729680335035533290e+01 4.333295540294911063e+01 3.880495117061895627e+01 2.863835015335499534e+01 2.714478745613330446e+01 3.762824222444450584e+01 4.293390981490676950e+01 3.708396315043206926e+01 4.386522053310270053e+01
3.480597886556028442e+01 2.901319910734029150e+01 2.483931533591402285e+01 1.569040103585431112e+01 2.642883770079882311e+01 3.302004675832931468e+01 3.808997056330341024e+01 4.325081601032344736e+01 3.740527569881258074e+01 2.813796912597843303e+01 3.740527569797356477e+01 3.167529829962619914e+01 2.127395273568152589e+01 3.167529829962630572e+01 2.526091594877637192e+01 2.749023507879676131e+01 3.003024583497949607e+01 4.021136355723571398e+01 4.924277404668749369e+01 5.393273539842440556e+01 5.818529280815073434e+01 5.118205429545268004e+01 5.247304927559206789e+01 4.328182774923494947e+01 4.828595885361319517e+01 5.573774907858916094e+01 5.316112877501917922e+01 4.328972918260810587e+01 3.787127532423444620e+01 3.348931992123804235e+01 3.531759152931833512e+01 2.592332318211730779e+01 3.316916185097795022e+01 4.118169173979200792e+01 5.049006345155779485e+01 4.386550164133137031e+01 4.386522058839726412e+01
