output/example/elevation_000004.asc
nrows	75
cellsize	133.333333333
xllcorner	0
ncols	75
yllcorner	0
NODATA_value	-9999
[rows 0 to 16 of 75, columns 37 to 73 of 75]
4.000245417994755712e+02 4.000307264302234671e+02 4.000531498830951023e+02 4.000625358887594416e+02 4.000635098279880708e+02 4.000483617775424818e+02 4.000366132972922060e+02 4.000287195297071889e+02 4.000159555615463773e+02 4.000150368725170438e+02 4.000544914201866504e+02 4.000515531206264654e+02 4.000258780945526951e+02 4.000156194145132531e+02 4.000182149165934220e+02 4.000066635404124327e+02 4.000093177902172670e+02 4.000345861717282219e+02 4.000341639172843884e+02 4.000353374722765238e+02 4.000479576256853420e+02 4.000376243180513143e+02 4.000407194979766814e+02 4.000657062668454387e+02 4.000885814707160648e+02 4.000662477244842989e+02 4.001041934087121490e+02 4.000561982884490249e+02 4.000664957952574809e+02 4.000902003799881186e+02 4.000863803173679685e+02 4.000741123730875870e+02 4.000692073506264705e+02 4.000554443833918299e+02 4.000554425218299457e+02 4.000607882248673945e+02 4.000610507868578907e+02
4.000267073575014365e+02 4.000552356703817622e+02 4.000508871347043396e+02 4.000449665062526492e+02 4.000382203475704728e+02 4.000096971950141551e+02 4.000056522221894966e+02 4.000258643670926517e+02 4.000035583637124432e+02 4.000207008198555059e+02 4.000416122529727545e+02 4.000649102920189080e+02 4.000272479695584025e+02 4.000316437801997154e+02 4.000046006358555246e+02 4.000013914682323843e+02 4.000013585702112096e+02 4.000120595216934589e+02 4.000257022552659691e+02 4.000142977724094067e+02 4.000193403561032142e+02 4.000331560887063915e+02 4.000147518484475881e+02 4.000378837558478722e+02 4.000576250061758969e+02 4.000245804212030407e+02 4.000406665983005041e+02 4.000206034275890943e+02 4.000262220882767110e+02 4.000412133659711458e+02 4.000689108968352343e+02 4.000569016025689848e+02 4.000557381660177043e+02 4.000676038339571505e+02 4.000716333662436455e+02 4.000557435911259745e+02 4.000711414080017221e+02
4.000604460424109448e+02 4.000396596473635213e+02 4.000205370696452860e+02 4.000562119403474526e+02 4.000261066934165228e+02 4.000446600459538899e+02 4.000225427369352360e+02 4.000034053929034030e+02 4.000033451534010851e+02 4.000045242246293924e+02 4.000233780629453690e+02 4.000702335867066495e+02 4.000609916166238804e+02 4.000467190111752984e+02 4.000115166748638558e+02 4.000013971786300999e+02 4.000188942423542358e+02 4.000348051066083599e+02 4.000360138073293683e+02 4.000237011833576730e+02 4.000137310736661789e+02 4.000296599607764279e+02 4.000138321631400231e+02 4.000385891292190195e+02 4.000563322512765581e+02 4.000454202248056959e+02 4.000183447426360885e+02 4.000331933863270137e+02 4.000617593737700872e+02 4.000569432509567491e+02 4.000835473567471468e+02 4.000777841437302413e+02 4.000555581120678426e+02 4.000802362982258273e+02 4.000919965492038273e+02 4.000574701468590320e+02 4.000840003245603498e+02
4.000217341687736621e+02 4.000239692632836181e+02 4.000084256263844509e+02 4.000269664330700152e+02 4.000473892316026081e+02 4.000396090231369044e+02 4.000067836559538250e+02 4.000033066902437895e+02 4.000178307851822979e+02 4.000302199154569394e+02 4.000634414792896223e+02 4.000492866357519688e+02 4.000662239709621417e+02 4.000595208214986087e+02 4.000110662201786909e+02 4.000201847121315382e+02 4.000060611622265583e+02 4.000355535091092065e+02 4.000138566248606367e+02 4.000137373567642953e+02 4.000137308175276303e+02 4.000137309577245901e+02 4.000317165593586992e+02 4.000174851743767590e+02 4.000415901127618099e+02 4.000522745067432311e+02 4.000267723588078752e+02 4.000182513804001587e+02 4.000260868046934206e+02 4.000162200633696443e+02 4.000326299937219119e+02 4.000333189595593240e+02 4.000809330266258712e+02 4.000982734147789301e+02 4.000990959268219171e+02 4.000840529499582772e+02 4.000912531065644089e+02
4.000076980865471796e+02 4.000076976923600114e+02 4.000191256595139748e+02 4.000570060641367149e+02 4.000491083370748697e+02 4.000211053210240948e+02 4.000037320391584217e+02 4.000166066040973192e+02 4.000033065962264800e+02 4.000033597487101815e+02 4.000269727589936792e+02 4.000154208533901397e+02 4.000286991834169044e+02 4.000578353686354944e+02 4.000588967527784803e+02 4.000367464672287952e+02 4.000344755826416190e+02 4.000523609188942373e+02 4.000166863339209726e+02 4.000236028258623833e+02 4.000137309512375623e+02 4.000248488510046059e+02 4.000471928337011605e+02 4.000559806602702224e+02 4.000536627382429629e+02 4.000467122460966038e+02 4.000201353729540301e+02 4.000195258923330925e+02 4.000249216887113448e+02 4.000135015814188932e+02 4.000135293820289348e+02 4.000140482925943388e+02 4.000229118173956522e+02 4.000782153472394498e+02 4.000827606785204580e+02 4.000991386214998329e+02 4.000922061275597912e+02
4.000256384099009210e+02 4.000159277322440516e+02 4.000209978190459310e+02 4.000522490273473863e+02 4.000310806425226815e+02 4.000363376785079481e+02 4.000212121076087328e+02 4.000156711110470269e+02 4.000034890671067842e+02 4.000211954265142822e+02 4.000057466881979735e+02 4.000331328362123031e+02 4.000586906738807897e+02 4.000452308628749734e+02 4.000652352497507422e+02 4.000929307279371869e+02 4.000747509025462705e+02 4.000791223047869494e+02 4.000372391523671922e+02 4.000144037750429789e+02 4.000137443298769426e+02 4.000342512219791615e+02 4.000572992919872490e+02 4.000290995948788009e+02 4.000320803158491003e+02 4.000467009101184317e+02 4.000408978649520009e+02 4.000447143986378364e+02 4.000238950371513624e+02 4.000135021721152953e+02 4.000318855207793263e+02 4.000521583438651305e+02 4.000803472149908657e+02 4.000533584264159686e+02 4.000429586520538123e+02 4.000618588834165621e+02 4.000596906332374374e+02
4.000248745567006949e+02 4.000170167217158337e+02 4.000149787916597006e+02 4.000285619455922870e+02 4.000194948698676853e+02 4.000398268219615829e+02 4.000420601591011973e+02 4.000115790059177812e+02 4.000073766265725226e+02 4.000408009235382565e+02 4.000270051342506008e+02 4.000516314660574153e+02 4.000207462332370483e+02 4.000178751447226659e+02 4.000446955043910862e+02 4.000614660035809038e+02 4.000242287678821640e+02 4.000393085358241478e+02 4.000316229564841706e+02 4.000328472834515878e+02 4.000171116195244281e+02 4.000609640556074851e+02 4.000323561502617622e+02 4.000134634396645765e+02 4.000135381130749579e+02 4.000203551951899499e+02 4.000466083284437104e+02 4.000340631824552133e+02 4.000144630379786008e+02 4.000317406030224561e+02 4.000532736796619133e+02 4.000679921309474025e+02 4.000508797448084692e+02 4.000218894879427580e+02 4.000578101921946086e+02 4.000461425473471877e+02 4.000597712018453080e+02
4.000149734498561997e+02 4.000149726847039915e+02 4.000256448476555420e+02 4.000151852761876512e+02 4.000162343333869899e+02 4.000223443783134485e+02 4.000642655085031265e+02 4.000361262508830009e+02 4.000414548485983914e+02 4.000470257267940610e+02 4.000292836607995355e+02 4.000278113431025986e+02 4.000174835484758660e+02 4.000174732204733914e+02 4.000322041419653942e+02 4.000311437661841296e+02 4.000177363344238302e+02 4.000174454088304401e+02 4.000180078033599216e+02 4.000371018527442857e+02 4.000669119577899551e+02 4.000616535009194195e+02 4.000179120134246205e+02 4.000134625919721998e+02 4.000310682940019547e+02 4.000460251151176294e+02 4.000431190101925267e+02 4.000556006737877510e+02 4.000363276550926344e+02 4.000680218384192131e+02 4.000672320808738505e+02 4.000309597033829618e+02 4.000214643420856078e+02 4.000207906743478929e+02 4.000388671069840711e+02 4.000487169005622832e+02 4.000375829199434747e+02
4.000178969773166386e+02 4.000322496071645446e+02 4.000151316910482251e+02 4.000308330014889293e+02 4.000419022244040548e+02 4.000649715922720588e+02 4.000475199246672560e+02 4.000282578262842321e+02 4.000236553646254265e+02 4.000106742993347666e+02 4.000078769197860424e+02 4.000369694372745357e+02 4.000282366113026455e+02 4.000176092203203666e+02 4.000479222612538024e+02 4.000514492982820229e+02 4.000293616179213245e+02 4.000360105387403564e+02 4.000142305442491875e+02 4.000291142523976760e+02 4.000223687301881341e+02 4.000754185367243281e+02 4.000355018174822703e+02 4.000135482719548463e+02 4.000269129602494331e+02 4.000530737131809929e+02 4.000407434654288750e+02 4.000485393191214030e+02 4.000400662710844131e+02 4.000528658932469170e+02 4.000694076821322369e+02 4.000641035951657045e+02 4.000335862265802689e+02 4.000207901136835744e+02 4.000210371136728327e+02 4.000378477169435314e+02 4.000304552887459408e+02
4.000558562000936718e+02 4.000349366930515203e+02 4.000157222370175418e+02 4.000204270771657775e+02 4.000391502648189430e+02 4.000713033191955219e+02 4.000188135153317717e+02 4.000051969837087427e+02 4.000050793285440136e+02 4.000050793280843777e+02 4.000094875475518847e+02 4.000074332554234502e+02 4.000410622012204840e+02 4.000445457876410842e+02 4.000274830788787881e+02 4.000677405923001970e+02 4.000376973206447246e+02 4.000093896750351519e+02 4.000072243695084921e+02 4.000073146831610984e+02 4.000087078267144989e+02 4.000471643786399909e+02 4.000500155474502435e+02 4.000151757547886291e+02 4.000450210809790406e+02 4.000503708170571144e+02 4.000348665750450436e+02 4.000198881664166493e+02 4.000153675734534886e+02 4.000135631995301537e+02 4.000365448173168943e+02 4.000261549406582731e+02 4.000381940088188344e+02 4.000213209838047419e+02 4.000314361906144995e+02 4.000368175516748579e+02 4.000261510203404782e+02
4.000749320693939808e+02 4.000296218602796330e+02 4.000266010821034115e+02 4.000519887809192596e+02 4.000569998294095058e+02 4.000333069513635564e+02 4.000245199948546997e+02 4.000050834851127775e+02 4.000137684472554724e+02 4.000215052322360521e+02 4.000050828088149615e+02 4.000095451461369294e+02 4.000260589157694540e+02 4.000741980014157093e+02 4.000675689480056008e+02 4.001060836407777401e+02 4.000839661649017103e+02 4.000230896686514939e+02 4.000072249632272019e+02 4.000084081412560408e+02 4.000433851707602457e+02 4.000398298732732201e+02 4.000685036154906129e+02 4.000358559885284535e+02 4.000633999857799381e+02 4.000380688930148949e+02 4.000144445060478802e+02 4.000128084423483870e+02 4.000259337194644331e+02 4.000121939311853225e+02 4.000122842695742520e+02 4.000308996604696858e+02 4.000480667577268719e+02 4.000246701365009017e+02 4.000232358228257112e+02 4.000245599859684944e+02 4.000451377912540352e+02
4.000754553851297146e+02 4.000595025490282524e+02 4.000583945809926263e+02 4.000518757606978397e+02 4.000250151385405388e+02 4.000055734100662335e+02 4.000051437584759242e+02 4.000160847937607969e+02 4.000378809796529822e+02 4.000289867369899071e+02 4.000051604936375043e+02 4.000196566647670124e+02 4.000707071924501861e+02 4.000680875212284491e+02 4.000760200280976733e+02 4.000857652196943945e+02 4.000369841839079754e+02 4.000080121507063495e+02 4.000176399301088850e+02 4.000424414572743785e+02 4.000259545708176461e+02 4.000726846943202304e+02 4.000481277133746403e+02 4.000256182450009987e+02 4.000213836298220826e+02 4.000419345076826971e+02 4.000374794650129502e+02 4.000289027903139072e+02 4.000122271631965418e+02 4.000216062572423539e+02 4.000298432993365623e+02 4.000328369181128210e+02 4.000511484387326959e+02 4.000456354675915804e+02 4.000269343009989598e+02 4.000301621432296315e+02 4.000304631156610071e+02
4.000537657707348558e+02 4.000542634679695198e+02 4.000808181795619589e+02 4.000443101032220170e+02 4.000121973112935052e+02 4.000287630987066336e+02 4.000056808685037595e+02 4.000083069321179323e+02 4.000523759466179285e+02 4.000588727333026213e+02 4.000209327468887750e+02 4.000550348663751379e+02 4.000660396871046487e+02 4.000586210327988965e+02 4.000563517702915419e+02 4.000732201703376063e+02 4.000435754155773793e+02 4.000105107974999328e+02 4.000518903668326516e+02 4.000963831349334896e+02 4.000575842539511768e+02 4.000788045856386930e+02 4.000195703132362155e+02 4.000064582187956717e+02 4.000085536792038283e+02 4.000375810026474710e+02 4.000572014232154174e+02 4.000184847306308598e+02 4.000362194143642682e+02 4.000294836597135486e+02 4.000186919396610392e+02 4.000261300458492997e+02 4.000222666064887562e+02 4.000292298148928012e+02 4.000133023870861848e+02 4.000133027329731021e+02 4.000133175106374779e+02
4.000319998538012101e+02 4.000246325661600508e+02 4.000548839297906056e+02 4.000423651211728497e+02 4.000470857400110276e+02 4.000442482109368711e+02 4.000086985760172524e+02 4.000413103281941289e+02 4.000284817973242752e+02 4.000715852697159676e+02 4.000827285626763796e+02 4.000942848743816285e+02 4.000603358074371840e+02 4.000529941196784876e+02 4.000388587770907520e+02 4.000893745285691239e+02 4.000677471179639610e+02 4.000387257081951020e+02 4.000412999765554218e+02 4.001061947646556973e+02 4.001177990413655721e+02 4.000830870605616951e+02 4.000180974160599021e+02 4.000034630609212627e+02 4.000084515984538598e+02 4.000204928418413033e+02 4.000325510294883884e+02 4.000576678655868363e+02 4.000479860965953094e+02 4.000199375951015099e+02 4.000161519623324011e+02 4.000123096026607641e+02 4.000273260529115191e+02 4.000138573042314647e+02 4.000303244607965212e+02 4.000197115495321327e+02 4.000140144199567089e+02
4.000220565832664192e+02 4.000326696742089325e+02 4.000533784170457920e+02 4.000567697039156769e+02 4.000817201293579615e+02 4.000653716217756823e+02 4.000186634423777718e+02 4.000758659677905484e+02 4.000821718814625001e+02 4.000804523208428805e+02 4.000859504496472141e+02 4.000649863392417274e+02 4.000231059621805230e+02 4.000307017144135102e+02 4.000148759181373066e+02 4.000590180032090188e+02 4.000981546013323396e+02 4.000938877209758857e+02 4.001069859122753769e+02 4.001028494446904347e+02 4.000580600541879903e+02 4.000710840403083353e+02 4.000567441684819983e+02 4.000077486825006758e+02 4.000027514257902226e+02 4.000027488737472368e+02 4.000114131021146022e+02 4.000271786831550571e+02 4.000252359296865734e+02 4.000109435634919919e+02 4.000334815488046161e+02 4.000074787889080881e+02 4.000377001569517574e+02 4.000151640205547778e+02 4.000558557077570754e+02 4.000691226929868094e+02 4.000372530773483959e+02
4.000220553460466135e+02 4.000397887026502985e+02 4.000228213969068634e+02 4.000244272888105570e+02 4.000303873918089153e+02 4.000787399384329888e+02 4.000809814085544645e+02 4.000976237594912277e+02 4.000635080949369922e+02 4.000278979755277078e+02 4.000230345937889638e+02 4.000331091283279079e+02 4.000248032083580938e+02 4.000110798558712304e+02 4.000419336920676869e+02 4.000323626321822985e+02 4.000504812325635271e+02 4.000772820594781365e+02 4.001227896346437660e+02 4.000575887131574291e+02 4.000134171551510462e+02 4.000129825102682162e+02 4.000506705669643566e+02 4.000222267898636233e+02 4.000183285990536888e+02 4.000027650770677496e+02 4.000213655775076518e+02 4.000065757108353068e+02 4.000053868514921760e+02 4.000053782165411462e+02 4.000153467139885493e+02 4.000057810213857579e+02 4.000084501648761943e+02 4.000475778265325744e+02 4.000447054937690723e+02 4.001104672373127187e+02 4.001247861260550280e+02
4.000406775827048591e+02 4.000221119136430161e+02 4.000408561094126298e+02 4.000595698944722471e+02 4.000799120531375479e+02 4.001165276290385577e+02 4.001203935838241250e+02 4.000687351549680102e+02 4.000219364291558577e+02 4.000338166024707789e+02 4.000108866954999485e+02 4.000107263695603592e+02 4.000107191495741858e+02 4.000270049871996321e+02 4.000297366438073823e+02 4.000466420064296358e+02 4.000434050099415231e+02 4.001065414601284260e+02 4.001218115671139230e+02 4.000739034906495704e+02 4.000138016143539517e+02 4.000065378035304207e+02 4.000209150355990460e+02 4.000066405059987460e+02 4.000067134710150185e+02 4.000194190373891843e+02 4.000578284149025876e+02 4.000252699318527334e+02 4.000248467567150215e+02 4.000160346617510640e+02 4.000053829016002283e+02 4.000244836540734923e+02 4.000498195997213884e+02 4.000899225385419413e+02 4.001213120898646025e+02 4.001166591523121951e+02 4.001208465362749962e+02
