output/example/elevation_000013.asc
nrows	75
cellsize	13.33333333
xllcorner	0
ncols	75
yllcorner	0
NODATA_value	-9999
[rows 51 to 67 of 75, columns 0 to 36 of 75]
1.369999999999999864e-02 4.096182904638623334e+00 9.096182904638604683e+00 1.616725071650402867e+01 2.616725071650289536e+01 2.242112304710742876e+01 2.656832270624176573e+01 1.721421701073010624e+01 1.721421701073010624e+01 1.091422268479529123e+01 9.407110318675313554e-01 9.407110318675313554e-01 1.121012413403410735e+00 1.106501033238097698e+01 1.131869794741323432e+01 5.794534242791839596e+00 1.547344192322534973e+01 1.577990242768123608e+01 8.732294862107364608e+00 2.065061727894345278e+00 1.181969199655016567e+01 1.899151713020008359e+01 2.045065098949085680e+01 2.438906503190505504e+01 2.778606385093786102e+01 2.167580602062875172e+01 1.753507634777887603e+01 8.558756893911358077e+00 1.848591700053921727e+01 1.316259575697075235e+01 2.307140078625553414e+01 2.530402864032650356e+01 2.063769150176335998e+01 3.066253046048824160e+01 3.178754137785591993e+01 2.761215047243975107e+01 1.926868428092141272e+01
1.290000000000000001e-02 1.001289999999996283e+01 1.632901629008876299e+01 2.037876860442271010e+01 2.098978772910420787e+01 2.257101324105539675e+01 2.671316988621711630e+01 2.725431153783468474e+01 2.096912276307466527e+01 1.090522527273458664e+01 4.991699610346610250e+00 7.967805732257387419e+00 1.106501033238097698e+01 1.376177008943638036e+00 1.376177008943638036e+00 1.376177008943638036e+00 1.131869808074656625e+01 1.149553662390485442e+01 1.815003073970074876e+00 1.815003073970074876e+00 1.164703728697002383e+01 1.346663228813745583e+01 2.342759630253455327e+01 2.996382338156097092e+01 3.260985953855636410e+01 2.258494927093641280e+01 1.557182345521765221e+01 1.848592178872290859e+01 9.541342327850498961e+00 1.945321693262110330e+01 2.123188802057758551e+01 1.536473249316422596e+01 2.277657139713454271e+01 2.693706125812250818e+01 2.761215047243975107e+01 1.760424486555940504e+01 2.761215047243975107e+01
1.329999999999999932e-02 1.001329999999996190e+01 6.433868812656350578e+00 1.098962530549095362e+01 1.098977728610132054e+01 1.257100059426548455e+01 2.093965344932724904e+01 2.801074036469043094e+01 2.318545762436377444e+01 1.313121236507874734e+01 1.203430002356711626e+01 1.796457356181217691e+01 1.547344175504551345e+01 1.131869781407990061e+01 1.376177008943638036e+00 1.376177008943638036e+00 1.376177008943638036e+00 1.557914476543321269e+00 1.149553662545069699e+01 1.815003073970074876e+00 3.500303309837816457e+00 1.346663228814341373e+01 1.584429142272057334e+01 2.290361225053382555e+01 2.866161290729715461e+01 2.968560720273498532e+01 2.476294461179212902e+01 1.482935126649253377e+01 1.945321693263315765e+01 1.059374923944260338e+01 1.135894079732332429e+01 1.212318179383329664e+01 1.290129163711129578e+01 2.277657192746562131e+01 2.486543150654201639e+01 1.647999423517261164e+01 2.646417103513618940e+01
1.369999999999999864e-02 3.386563369256413991e-01 6.637843813068190491e-01 9.897750646262233332e-01 1.098977728610132054e+01 6.797497256967639956e+00 1.386856653396406891e+01 1.898859325269042841e+01 2.313075056451210187e+01 2.318545762436377444e+01 2.207857737044338720e+01 2.157738519691297796e+01 1.156268927486228115e+01 5.878719027949598441e+00 1.131869794741323432e+01 1.376177008943638036e+00 1.376177008943638036e+00 1.131869821569912204e+01 1.565173501170803760e+01 8.732294995539890081e+00 1.346663228814341373e+01 6.331940366182290170e+00 8.839430617850050353e+00 1.455744939900398549e+01 2.450286766124790105e+01 3.185002916917476412e+01 2.182737425088735606e+01 2.476294461179212902e+01 1.499137787651706510e+01 2.048126623894364684e+01 1.830930469088603019e+01 2.199094193125533181e+01 2.277657192746562131e+01 1.400315788840393694e+01 1.492701375463289182e+01 1.676417894008102039e+01 1.866267598307593900e+01
1.319999999999999993e-02 1.001319999998366939e+01 1.066378605263166079e+01 1.098977728610132054e+01 1.452272354689103873e+00 1.145227520719197756e+01 1.191751811774427949e+01 8.988582896290418844e+00 1.898859325269042841e+01 2.393084166111928468e+01 2.685979268652382146e+01 2.574504648249195782e+01 1.995512339772929877e+01 1.079026343415310052e+01 1.936406232272387129e+01 1.350794951890154749e+01 4.059653961652180953e+00 1.105632401320131564e+01 2.107677368706676191e+01 1.868384818525668933e+01 1.978851690111029171e+01 9.866399992587302492e+00 1.876087775032079463e+01 1.379205157875709276e+01 1.950505868580875202e+01 2.950069912475184353e+01 2.889847942445551965e+01 2.825248883491301655e+01 1.826305999416644710e+01 2.825248883491301655e+01 2.828762833230357288e+01 2.926009515797558080e+01 1.924937251693358675e+01 2.390913882700418469e+01 1.628734163456192974e+01 2.625952314273877164e+01 2.868132927383505049e+01
1.349999999999999985e-02 5.787002691896245388e+00 1.578700269186709093e+01 1.559442083686191438e+01 1.145227520719197756e+01 1.917514459888339573e+00 1.917514459888339573e+00 1.191751811774427949e+01 1.945869616827050663e+01 1.393082063198250786e+01 1.685975897940858559e+01 2.469476317913989050e+01 2.496755175188008735e+01 2.080053218677644011e+01 2.496755175188008735e+01 1.815053323426941745e+01 9.758662721960774888e+00 9.758662721960776665e+00 1.552855531281426771e+01 2.557138079836349931e+01 2.393463574115811454e+01 1.481476005231817261e+01 2.393463574115811454e+01 1.950505868517690544e+01 2.788700361439214959e+01 3.367035520677497829e+01 3.897569306029300407e+01 3.242719771628780734e+01 2.322721772037111521e+01 3.242719771628780734e+01 3.638279436538725520e+01 2.630977654556153666e+01 2.926009515797558080e+01 2.855649727120756509e+01 1.854370573689654478e+01 1.989439445293543329e+01 2.992056191873039950e+01
1.369999999999999864e-02 1.001369999998387605e+01 1.992913823575902299e+01 1.769102545066606069e+01 7.691017412174051771e+00 1.917514459888339573e+00 1.917514459888339573e+00 1.191751811774427949e+01 9.458683600503960065e+00 6.859751328872844667e+00 1.055258254013812902e+01 2.055259819175136471e+01 2.398502875057522488e+01 2.812721113611292623e+01 2.898506980146932932e+01 2.394006748526404849e+01 1.977315280085412752e+01 1.977315280085568006e+01 2.394006748897862380e+01 2.974315249092588331e+01 2.892280711362054646e+01 2.476230855161897537e+01 2.892335774868440623e+01 2.950067979505186599e+01 3.366964488924251953e+01 3.541821454413528869e+01 3.955910308251476692e+01 3.745883385392922094e+01 3.327775994945490368e+01 3.745883385392922094e+01 4.056436409921690966e+01 3.638279436538716993e+01 3.678263463239117215e+01 2.670771508791880322e+01 2.120000753992236397e+01 2.992056191873039950e+01 2.396533019500172301e+01
1.379999999999999977e-02 1.001310013333329607e+01 1.415523575706423109e+01 2.183318072723605141e+01 1.605966673040123283e+01 7.691017412174051771e+00 1.191751811774427949e+01 2.387615087943942171e+00 2.387615087943942171e+00 2.387615087943942171e+00 1.238761960298541176e+01 1.687057347912848826e+01 1.398500435568565514e+01 1.898501655313537739e+01 1.898501655313573977e+01 2.729458154024334249e+01 2.315216676010629726e+01 2.444985689652303762e+01 2.859361199766738437e+01 2.930264537741396680e+01 2.930233508851121726e+01 3.344012772509559994e+01 3.508394102301147655e+01 3.094263856155604131e+01 3.094259246587195022e+01 2.541896789844281912e+01 3.378643787052656933e+01 3.459140827179598432e+01 3.751971809417191395e+01 3.619296334546803706e+01 3.619296334545470017e+01 4.033384250105765290e+01 4.096232779826512171e+01 3.403030503918187577e+01 2.396708166449178989e+01 3.403030503918187577e+01 3.402906406811021611e+01
1.309999999999999880e-02 1.309999999999999880e-02 1.001310013333329607e+01 1.769076966299691733e+01 2.183318072723605141e+01 1.769102545066606069e+01 1.238823722395935789e+01 2.387615087943942171e+00 2.387615087943942171e+00 2.387615087943942171e+00 2.728414442906108128e+00 1.272841925467228918e+01 8.211500786381202843e+00 8.985003595827871337e+00 1.898501655313573977e+01 2.152094743455139181e+01 1.315212401976778800e+01 1.444969083669454157e+01 2.444984646999379052e+01 1.930252953549744177e+01 1.930252857867829164e+01 2.930234964758047411e+01 3.094263856155450654e+01 2.094304547026542096e+01 2.094304535420365099e+01 1.964549414570652530e+01 2.964514705331922784e+01 2.459210487179426252e+01 2.752083303051061591e+01 2.619376466618851396e+01 2.619376466618851751e+01 3.619296334545470017e+01 4.204226325256941266e+01 3.784546096971011764e+01 2.775019759190291069e+01 3.217617243468392729e+01 4.228024904465532785e+01
1.349999999999999985e-02 1.309999999999999880e-02 3.548634039266067575e+00 1.061970185113151643e+01 2.061970185113144538e+01 2.237640354304169676e+01 1.238603691482029490e+01 1.237271202242577850e+01 4.519622384834218742e+00 1.238226338780838809e+01 1.272841925467228918e+01 3.211500593302479167e+00 3.211500593302479167e+00 1.321150638033375913e+01 2.312718598773232870e+01 1.737863939206410180e+01 7.378620823786396166e+00 1.421635094691311352e+01 1.723145877970354434e+01 1.223145693301576564e+01 2.223143426147896307e+01 2.398189396135375517e+01 2.819231142808718005e+01 2.387182237361395565e+01 1.387199195097705307e+01 2.022041431555512503e+01 2.436211928797554549e+01 1.752107315483210215e+01 2.534292260939960073e+01 1.912274045044104298e+01 2.290238611320965489e+01 2.790237209789966144e+01 3.790150233348803255e+01 4.202135895980396896e+01 3.356995268482383210e+01 4.202135895980396896e+01 4.645313028778131326e+01
1.369999999999999864e-02 1.001310013333329607e+01 1.354863403926603027e+01 1.171359984854329639e+01 2.171359984854322533e+01 2.352502130896349541e+01 1.353743047173027492e+01 7.764050790355731202e+00 1.452202768236398178e+01 1.866337115426692961e+01 1.735366406471055001e+01 1.321150624699890486e+01 3.211500593302479167e+00 1.321150638032912461e+01 1.735366433138596065e+01 1.421635068024644610e+01 4.216343029319266300e+00 4.216343029319266300e+00 7.231456742303140395e+00 1.723145877970354434e+01 2.247976688247851840e+01 1.420147297430149713e+01 2.248011543179775629e+01 2.801343327115906590e+01 2.022041431555512503e+01 1.022050667132260493e+01 2.022041418222179132e+01 1.304893472768511842e+01 1.534309344197313685e+01 2.534292260939960073e+01 3.290193721569340113e+01 3.704305679211942248e+01 4.204226325458824931e+01 4.783540348777718521e+01 4.368220394293145148e+01 4.487467713960204208e+01 4.064825363811061720e+01
1.290000000000000001e-02 1.001289999999996283e+01 1.688246723926614123e+01 2.102460286299712067e+01 2.585573547227414792e+01 2.764000980183462275e+01 2.033882787106633927e+01 1.034603962137388145e+01 2.033882787106633927e+01 2.528260150696265640e+01 1.528257097765485462e+01 8.211500919714536550e+00 3.211500593302479167e+00 3.211500593302479167e+00 1.321150651366557227e+01 4.216343029319266300e+00 4.216343029319266300e+00 4.216343029319266300e+00 4.216343029319266300e+00 1.421635108024644722e+01 1.474193254820682775e+01 8.752858783890086869e+00 1.512557311033905805e+01 1.926845169850793482e+01 2.263463879437998116e+01 1.849272580210016770e+01 1.022050667132260493e+01 2.022041418222179132e+01 2.534292260939960073e+01 2.948444548748902960e+01 3.755310644701879852e+01 4.168512958104869881e+01 4.356087884956254186e+01 4.767640589158641262e+01 4.280381570680974335e+01 3.859611405709572551e+01 3.046851536104124492e+01
1.359999999999999924e-02 3.346933333333330207e+00 6.882467239266072845e+00 1.395353505113157055e+01 2.395353505113163806e+01 2.739488387187806850e+01 1.741611377866605892e+01 2.033882787106633927e+01 1.569114702636393410e+01 2.567590608173698641e+01 2.235367952906381817e+01 1.735366433136021413e+01 1.321150651366557227e+01 1.321150651366557227e+01 3.702677532381748904e+00 1.370268410688803939e+01 1.421635081357977981e+01 1.128741204432592404e+01 1.421635108024644722e+01 4.741931760546908237e+00 4.741931760546908237e+00 4.741931760546908237e+00 5.126263248225622959e+00 1.512627459852190981e+01 1.682609564653690271e+01 8.492769731233289932e+00 1.849272580210016770e+01 1.338278546786978929e+01 2.338236412714075740e+01 2.939309097130660575e+01 2.755916934266426921e+01 3.650167955926382035e+01 3.357766347372758986e+01 4.356087884956254186e+01 3.859611405709572551e+01 2.845495242777694145e+01 2.543851105433997972e+01
1.379999999999999977e-02 1.001379999999996251e+01 1.688246723926614123e+01 1.688246723926614123e+01 2.688246723926620874e+01 3.150303906371308926e+01 2.739488387187806850e+01 2.978749524821671102e+01 2.275862481269965087e+01 2.567590608173698641e+01 2.394834544738616700e+01 1.394831710778084854e+01 8.174813647701565600e+00 3.702677532381748904e+00 1.370268410688803939e+01 9.476180424377487199e+00 1.947619550638592756e+01 2.128743496890126963e+01 1.474194075137468829e+01 4.741931760546908237e+00 4.741931760546908237e+00 4.741931760546908237e+00 1.474194087487625282e+01 5.671402515026344737e+00 6.826103053452600378e+00 1.682609564653690271e+01 2.263463879438033288e+01 2.338236412714075740e+01 1.681275923323356025e+01 1.939474959887887451e+01 2.272808349479544532e+01 2.650772096112174125e+01 3.650167955926382035e+01 3.689751220506929030e+01 3.270876917283682417e+01 3.142522989989558013e+01 2.136734784161754064e+01
1.349999999999999985e-02 1.001349999999996321e+01 1.578710269189620874e+01 2.578710269189613769e+01 2.482571951735900129e+01 2.896786471903274318e+01 3.080856338634490044e+01 3.495055754601640530e+01 3.271884608670395522e+01 3.561948374536502371e+01 2.809057780421699135e+01 2.231700195899172812e+01 1.503899146937004616e+01 5.038983875277205371e+00 1.503899146937004616e+01 1.524968457290263046e+01 2.361837087408877167e+01 2.290693387180862572e+01 1.290690042260954939e+01 1.474194075137468829e+01 6.703093245262767397e+00 1.474194088470795627e+01 1.888410573756661037e+01 1.567141539201472433e+01 6.250686961389841478e+00 1.625070299654096218e+01 2.039293821922371919e+01 2.746411853856980301e+01 2.681173949255185107e+01 2.939309097130660575e+01 3.272494041900633022e+01 3.359454731108946390e+01 2.936475901827577673e+01 3.105616024083018800e+01 2.258918048521900701e+01 3.105616024083018800e+01 2.731874153046083009e+01
1.359999999999999924e-02 5.787102691896246043e+00 1.529464060659405078e+01 1.775465168000953753e+01 1.482571948131918482e+01 2.482571951735900129e+01 2.080857696863335704e+01 2.917711815152662425e+01 3.495055754601640530e+01 3.315945439521503602e+01 2.815929955687387221e+01 1.930301317738483036e+01 9.302998228323527741e+00 6.582017374898132545e+00 1.658202618855314725e+01 2.524971681089678910e+01 2.939191038539110679e+01 2.704913518902785796e+01 1.971822246483201724e+01 9.718206692908696098e+00 1.670310426364057577e+01 1.670310426363784018e+01 2.624988190792785758e+01 1.625063234845704940e+01 1.625070299654093020e+01 6.250686961389841478e+00 1.332175789977174141e+01 2.022321049208638399e+01 2.562089988478797764e+01 2.989157429256047038e+01 3.290793816581598463e+01 2.772624917216354845e+01 1.925727368848415821e+01 2.686599849551372188e+01 1.679203975099825286e+01 2.686392623674231217e+01 2.782429806280833162e+01
1.290000000000000001e-02 1.152505764596378102e+00 1.115250575092508001e+01 7.754651669719791585e+00 1.775465166714993259e+01 2.003507141154147320e+01 1.503507428689641046e+01 2.080857696863335704e+01 3.080856338634490044e+01 2.901709148222616363e+01 1.901704564729201863e+01 1.401704377803149271e+01 1.816315667844714454e+01 8.163156204982557895e+00 1.816316675137484182e+01 2.497795239715122761e+01 3.386046379798855099e+01 2.386035935063900482e+01 1.678927708234013849e+01 1.221820670087006810e+01 2.221822771948599851e+01 2.670316111191560182e+01 2.445914055525852859e+01 1.789455806147656602e+01 7.894677105818968421e+00 6.250686961389841478e+00 6.250686961389841478e+00 1.499934043842413978e+01 1.544011867388781667e+01 2.290764447510704827e+01 2.290759894630856763e+01 2.320054050511474841e+01 1.347044559067266789e+01 1.949008364626563861e+01 1.325483849587588381e+01 2.040270917051213928e+01 1.791991040552821346e+01
