output/example/elevation_000001.asc
nrows	50
cellsize	20.0
xllcorner	0
ncols	50
yllcorner	0
NODATA_value	-9999
[rows 0 to 16 of 50, columns 0 to 36 of 50]
2.590084917154735766e-01 1.002545998342543356e+02 1.222422227765981546e+02 1.332858267880206142e+02 1.445371479527786107e+02 1.858350855802251544e+02 1.790858892867759096e+02 2.203530278105058358e+02 2.191410205221491481e+02 1.412252156643309036e+02 1.574473576991166794e+02 1.952437837350225607e+02 2.452433897373287266e+02 3.451236602630440871e+02 3.979899018551161589e+02 4.388780467071915155e+02 4.962968678873547788e+02 5.418912114995703178e+02 5.029318490829280677e+02 5.143862198968390658e+02 4.548245690256572971e+02 3.559375432366588825e+02 3.339530856245378345e+02 2.344150689466704591e+02 3.129675914514690476e+02 3.129676029856920536e+02 3.593725180350641040e+02 3.890964781883179739e+02 3.494012244748050762e+02 3.890887982629384965e+02 2.982226597682583815e+02 1.987265557162235439e+02 2.021420816646293019e+02 1.023794703489195399e+02 8.638964012071066634e+01 7.079570622253640977e+01 1.344451058343177010e+02
6.054987779269863646e-01 1.006010618545694228e+02 1.533946136456257250e+02 2.028031385142497811e+02 1.615633649544313357e+02 1.763047798631571368e+02 1.763051668893995156e+02 2.761968827112204963e+02 2.823752819707155481e+02 2.412304619790367042e+02 2.574542392047693511e+02 1.857316261062323122e+02 2.857448793473945443e+02 3.401834985586377798e+02 2.978985934766733408e+02 3.556513761401808438e+02 4.558532196738026414e+02 5.029367380625604369e+02 4.039471074942062501e+02 4.328552584380680059e+02 3.763162348827457322e+02 3.559329529828279988e+02 2.564209179021242448e+02 3.339205699577823907e+02 3.744940296340728878e+02 4.120691350056874285e+02 4.242378828547880403e+02 3.216506400304043609e+02 2.507076435542256263e+02 3.053734584613466723e+02 2.806001515400833455e+02 2.278685881505434168e+02 1.281618523915663559e+02 2.021570788349973782e+02 1.861958705311460562e+02 1.636772677086402439e+02 6.382983416893826245e+01
3.430590528629120506e-01 1.212817207263868724e+01 1.121231187925792625e+02 1.413628345117624292e+02 6.157329801448786810e+01 7.631749362997655339e+01 1.763051651339389707e+02 2.148778265884282632e+02 2.148268813545703892e+02 3.142963093800037200e+02 3.268397636763393166e+02 2.857448374604616106e+02 2.165922685770790963e+02 2.401624362232559520e+02 3.108803468703439421e+02 4.109538834910543414e+02 4.841027861429312793e+02 5.028934293812761780e+02 4.039456584722250341e+02 3.335190622232024680e+02 3.058874653158020465e+02 2.817259694007615849e+02 3.559329541267013042e+02 3.194273309764430451e+02 4.187641603498869927e+02 4.824260444172510915e+02 3.888064518186979512e+02 3.204717391579005721e+02 3.053745068652659711e+02 2.061285185706993559e+02 1.811730523790823781e+02 1.582675122416816009e+02 2.278685737449919486e+02 2.687379191923038206e+02 2.293822845498401080e+02 1.295630591135505654e+02 5.893911997787763113e+01
8.235039275605838816e-01 1.008189722794698895e+02 2.915330268781360346e+01 4.137024712344404520e+01 1.413630072571037317e+02 1.763047855467287661e+02 9.867817340484710087e+01 1.149003155176019106e+02 2.148784170887496998e+02 2.809699791271892195e+02 3.516023806976762103e+02 3.577165920590583141e+02 3.166118935542143618e+02 3.401815585700360316e+02 2.936145408562159105e+02 3.436187095689386979e+02 4.436856388521865711e+02 5.029740090112729831e+02 4.039490832189446223e+02 4.327772534621676073e+02 4.052931339277072880e+02 3.093559316495597500e+02 4.087657060816285934e+02 3.898258979771408690e+02 4.586609343133872017e+02 4.606275812865380885e+02 4.497452750826500392e+02 4.025817223098025011e+02 3.052028579593246604e+02 3.053714379885778385e+02 2.803609566666698925e+02 2.578404322953258543e+02 2.984861006772867427e+02 2.700618618562943425e+02 2.291212566858156379e+02 1.999698128347420720e+02 1.519334569566526341e+02
7.161369641965544819e-01 1.007117160022293518e+02 1.291470923653780289e+02 1.413628262241294067e+02 7.916669430080717973e+01 1.791572260775697885e+02 1.986598592428502741e+02 2.148778358518220273e+02 1.399003155000700076e+02 2.106111594371654974e+02 3.086135134492641328e+02 3.431034627239097290e+02 3.783949774774357024e+02 4.190035666584793717e+02 3.936519803774662023e+02 4.341173256851922133e+02 4.841028179197368786e+02 5.419777547481753572e+02 5.029464874478945262e+02 4.583804135718816610e+02 3.591715668700785500e+02 4.087793692486840769e+02 4.087794157205308920e+02 4.886476522006460641e+02 4.258570357841896339e+02 3.541013026551144094e+02 4.038130689622715863e+02 3.627881615195613563e+02 3.587120239770347894e+02 3.173872827201751647e+02 3.305137618293680362e+02 2.893919178078797358e+02 2.995868963940865797e+02 1.999289754625334297e+02 1.293327701634637208e+02 1.589526066506752215e+02 5.909124628877270879e+01
6.490390650280113416e-01 7.135962655380551212e+01 1.713389904663603431e+02 2.203864947774897018e+02 1.791572370280947553e+02 1.238880466093211226e+02 2.238737229555630108e+02 2.809689420553391415e+02 2.398710547889163252e+02 1.676353248935220961e+02 2.675897407945691384e+02 2.432169709121280334e+02 2.785712445110401632e+02 3.285637284084589851e+02 3.992265542379796557e+02 4.985959628292304728e+02 4.709155397404645100e+02 5.115633203025310536e+02 5.386114823891268770e+02 4.403717386130664408e+02 4.295470243902763627e+02 4.978938339625993876e+02 5.071716193293631818e+02 4.681314112646081185e+02 3.563012540355636588e+02 2.813630737051419715e+02 3.232809536867255247e+02 2.627932122106282691e+02 3.003397054843501337e+02 2.170690639552321386e+02 2.451275772069037941e+02 1.893652107514935778e+02 2.185323586802412024e+02 2.595852763618695462e+02 1.660142729529897849e+02 6.617089989807399775e+01 1.297170035824846366e+02
9.330058981412470143e-01 1.009283881029789285e+02 1.795694570839722530e+02 2.294263151853160991e+02 2.650313447234620412e+02 2.238737261839959274e+02 1.816228743975178759e+02 2.523315883052869992e+02 3.086132042741336932e+02 2.675936922977849690e+02 1.984959880973508177e+02 2.484951837038339306e+02 3.483467935136008578e+02 4.190038713861508199e+02 4.684590709253552632e+02 4.542317938126918762e+02 3.714311669031770293e+02 4.458835829785052738e+02 4.879831334343462004e+02 5.386121794814459918e+02 5.280345858431430770e+02 4.981509943489984948e+02 4.503543339467530018e+02 4.098408066919076305e+02 3.758242805821137154e+02 3.232829900437613446e+02 2.233910057486249059e+02 2.051748239655388488e+02 2.592536943176454542e+02 1.594384061280645710e+02 1.453155160995554809e+02 1.317248422838723059e+02 1.187235638136999398e+02 2.005937218534848228e+02 1.710511902819145860e+02 7.122120472336314378e+01 1.710512363014686628e+02
5.188205228764638521e-01 3.831526782253220631e+01 8.831526616824156406e+01 1.590252904122939412e+02 2.589662643680969722e+02 3.225916459241511234e+02 2.815934478893878463e+02 3.226064076808933123e+02 3.928812360778873654e+02 3.393418701743675570e+02 2.692014957779270503e+02 2.801288580575508149e+02 3.483202079612885882e+02 4.473388269156638444e+02 4.267001817807361022e+02 3.851900941258204512e+02 3.141933935619021554e+02 3.416447185631170669e+02 4.461364774595622293e+02 5.186858874385378613e+02 5.274758811340134343e+02 4.299861580810030546e+02 3.600804599577542717e+02 3.103622855413505022e+02 2.815874796682719534e+02 2.549338070318548830e+02 3.232809803563301330e+02 2.807340425156944548e+02 1.809697414423941382e+02 2.592528537858929667e+02 2.159185311277399535e+02 2.315350036441189161e+02 2.005934907813228847e+02 1.007902447679561391e+02 1.761069084570071652e+02 7.629049784061609785e+01 1.468898064921070272e+02
7.467319160170617920e-01 1.007420448994798505e+02 1.795690258037860474e+02 2.267450070329839207e+02 2.355519829580991313e+02 3.351949819526475949e+02 3.268882391039765025e+02 3.423009130322320743e+02 3.012218437554294610e+02 3.421792468883309084e+02 3.690735235516530111e+02 3.798813693805790876e+02 4.202294386503212422e+02 3.920238483877176350e+02 3.499606673136076438e+02 2.846861862908273224e+02 2.695766202539898018e+02 3.698894813502026864e+02 3.767842370745953531e+02 4.553226706158309298e+02 5.068418576981083561e+02 4.826028149688712006e+02 3.811108412821863567e+02 4.094229011577040751e+02 3.363852266224068330e+02 3.254718922781457309e+02 3.513873796701234937e+02 2.515444584624716526e+02 2.515457641264461870e+02 3.218272845683669630e+02 3.161301835900052311e+02 3.002390293025771371e+02 2.005934831126676272e+02 1.833216385392557868e+02 8.354284579603995553e+01 1.761068900594878812e+02 1.468901017655773273e+02
7.351574092455022136e-01 1.007307221650820281e+02 8.560200459894397795e+01 1.356019359266021524e+02 2.355572438032130549e+02 2.975799650881500611e+02 2.275777225047614536e+02 2.477211582846297802e+02 2.011941280736525641e+02 2.589171399641277844e+02 3.590444927797566379e+02 3.738107049247991540e+02 3.324222738138124100e+02 3.330970349085472435e+02 2.493357669148222726e+02 2.269475795375222447e+02 3.271131495748228417e+02 2.761711980631259280e+02 3.115470540927518641e+02 3.617372416062052025e+02 4.645618356152949104e+02 5.244048572615434978e+02 4.831066686115684661e+02 4.761644401518939276e+02 4.360699468431350851e+02 4.253407330541109559e+02 3.923135847542719148e+02 3.514408767900308135e+02 3.514589606582226793e+02 3.807078781553422004e+02 3.338688585865826326e+02 2.965408430408113531e+02 2.595338635084870020e+02 1.597897669579174647e+02 8.921218163843397519e+01 1.889890811135269075e+02 2.466603686487708273e+02
5.269872374626074496e-01 3.214976383904777180e+01 1.321421697589209998e+02 2.267447312402672424e+02 2.293062374808822597e+02 2.479530730614969229e+02 1.569277984364541680e+02 1.477554961982610564e+02 2.054765605805893927e+02 3.055818620844996190e+02 3.999240937531812961e+02 3.324142367811853660e+02 2.321688534987022479e+02 2.614970602482675304e+02 1.916071412461810439e+02 2.917037721828788790e+02 2.335353860462093962e+02 3.339003406095771993e+02 4.126605356379110390e+02 4.553444998050465529e+02 5.069910024615356292e+02 5.792389686937240185e+02 5.046879510992803262e+02 4.052644833918172367e+02 4.052644581910544161e+02 4.457558842700501600e+02 4.425895383986949128e+02 4.147497998950303781e+02 4.121592647114769079e+02 3.121582108975748042e+02 2.416491524619410711e+02 1.970737886321729206e+02 2.496750306314371244e+02 1.946737434203375869e+02 9.491747076187579069e+01 1.946744008851345598e+02 2.429778060114548452e+02
1.383962708379395945e-01 1.001340015135431400e+02 1.734110338963281208e+02 1.998032216996355999e+02 1.293744901790527422e+02 1.760050217423747938e+02 1.069386458171266128e+02 1.776299941065575752e+02 2.775101295286769982e+02 3.465114320237381094e+02 3.439021867828441259e+02 2.997159949320131318e+02 2.615118108074639167e+02 1.614677178111964508e+02 2.615104638166266682e+02 1.957539758397390983e+02 2.959247282515732422e+02 3.755676470892843213e+02 4.538691511213427248e+02 4.950546123909606990e+02 5.482910566254098512e+02 4.821654973989192285e+02 4.760249853726729157e+02 3.760760424273765352e+02 3.057256699315727815e+02 3.554489752821378943e+02 3.446146135564829933e+02 3.157693723553779819e+02 3.850170256731344693e+02 3.828214136779748173e+02 3.369652470448633608e+02 2.496751842356360100e+02 1.500526640748567502e+02 2.003868810790617658e+02 1.006499286988141222e+02 1.175168344126459203e+02 1.445273715696433783e+02
6.756183529128325649e-01 1.006711606764397118e+02 1.468098287391575809e+02 1.354028018035275238e+02 5.868071070632797159e+01 7.608453803240223579e+01 1.760324153035870722e+02 2.479805286091468872e+02 3.104350298964411081e+02 3.647996306382350440e+02 2.992990466438927228e+02 1.961590835190643247e+02 2.243238440603526556e+02 1.432169197374469434e+02 1.614677178112201830e+02 2.615313155849416376e+02 3.373589179100365527e+02 3.806454552095544273e+02 3.517435300927194248e+02 4.539022141667924188e+02 5.005888688918938669e+02 4.120342485920651825e+02 5.005887959165973484e+02 4.458560427473420305e+02 3.554486760598110777e+02 2.560263054548153718e+02 3.164193983139641091e+02 2.454858620796607909e+02 2.874510405829860247e+02 3.281245933237473196e+02 3.173562925671917014e+02 2.179438721744169527e+02 2.090222787000694780e+02 1.093165138916867392e+02 2.003870341469238952e+02 2.171796030887948348e+02 1.497083444880821901e+02
1.053743069371424479e-01 5.577130843817664108e+00 1.055655886346293073e+02 3.543517629683410775e+01 1.354027598907159700e+02 1.760319667892450468e+02 1.260736181914637370e+02 1.707822932288755169e+02 2.284575613866711876e+02 3.272336483702461578e+02 2.494884125026527784e+02 2.068132483477998846e+02 1.251178033798421012e+02 2.251221769412661331e+02 2.614290785889411950e+02 2.061718729126485812e+02 2.415147350334781606e+02 2.795989808428196852e+02 3.815888485759286937e+02 4.789873787876236406e+02 4.612811036286178705e+02 3.623967194306901547e+02 4.612810872865431975e+02 4.545655111371823409e+02 3.554277009537563572e+02 3.164174751996193891e+02 2.170048380107606931e+02 2.812449284447236550e+02 1.880053258125194873e+02 2.405819113822254280e+02 2.337523217893612184e+02 2.179439648698802046e+02 1.182732960935660884e+02 1.798517147653536199e+02 2.498247220335175882e+02 2.769933954226661967e+02 1.767729640309438253e+02
4.388850927889174081e-01 1.004344542811272731e+02 1.335034756358136754e+01 1.133277488196469562e+02 1.766527196366780856e+02 2.150893771200369997e+02 2.258848852881536118e+02 2.664934918796863599e+02 2.389311131579594019e+02 2.331450132503480290e+02 1.918695403262280479e+02 1.082255714796140609e+02 2.081381512899988877e+02 2.250801013911791983e+02 3.248986722398289544e+02 3.062965190038888181e+02 3.213214317766590398e+02 3.568046737496732703e+02 3.384437327599214882e+02 4.387823961877350030e+02 4.281740078573745336e+02 3.293093600539339150e+02 3.878313753259321288e+02 4.277632393446331776e+02 4.083522448248889987e+02 3.095403424013825884e+02 2.392619861525942611e+02 1.817914623824748332e+02 2.405819539440434767e+02 1.410180468887117797e+02 1.341547339382735231e+02 1.273388094332240286e+02 2.179439630594239929e+02 2.585847462326283335e+02 3.199212705839814816e+02 3.180888059477759953e+02 2.217280261252804223e+02
8.953435393330821945e-01 1.008909011409180891e+02 1.924289268650201024e+01 1.192104813746458092e+02 1.335153593058196293e+02 1.151809158805352951e+02 2.150893600856115313e+02 2.094346654035772701e+02 1.389034551297086182e+02 1.760573206722130237e+02 9.191009793143538786e+01 1.918695605062547713e+02 2.494807236268747204e+02 3.026056246188106797e+02 2.615038026699823490e+02 2.764636091863254137e+02 2.210180292974805809e+02 2.564458103779843441e+02 3.274487950025229566e+02 4.278521108691726340e+02 4.676260673769680238e+02 3.878313817906543477e+02 2.887792600299077890e+02 3.557054669130100706e+02 3.444271840660890689e+02 3.039516609746984273e+02 3.019327840892551080e+02 2.505421450502470861e+02 1.510353300197088515e+02 2.405819040210751325e+02 2.337539082513638675e+02 1.849068896892124485e+02 1.561330677336396491e+02 2.557305046303545168e+02 3.353814771556959613e+02 3.620502770632605802e+02 2.794123678467720424e+02
1.994484013391750743e-02 1.000155368731975329e+02 1.192104944284687207e+02 2.761985119125356292e+01 3.357456457407094774e+01 1.335153884996456668e+02 1.495400586382882864e+02 1.571651008405194716e+02 6.824064022259491935e+01 7.611479173648164931e+01 1.760575697123015857e+02 2.331232904154452683e+02 2.275201073206432056e+02 2.410316758740483465e+02 1.613570675236832415e+02 1.762610142869365575e+02 2.764640670209313384e+02 3.431974946543983833e+02 3.978441412992184496e+02 4.520043495289014004e+02 4.682030298822350005e+02 3.697682857873853663e+02 3.557049438534361911e+02 2.565523596064525691e+02 3.039516550013285610e+02 2.046383354173494808e+02 2.611835644464588881e+02 1.617480283016450926e+02 2.505421533782556480e+02 2.913267457166627992e+02 3.249735959010378679e+02 2.843974767570171025e+02 1.893757409384743653e+02 1.952443287960607279e+02 2.947754447809426779e+02 3.822705289252600664e+02 3.787187324543816089e+02
