output/example/elevation_000255.asc
nrows	75
cellsize	13.33333333
xllcorner	0
ncols	75
yllcorner	0
NODATA_value	-9999
[rows 51 to 67 of 75, columns 0 to 36 of 75]
1.369999999999999864e-02 1.001369999999996274e+01 1.171349971520996291e+01 2.171349971520989186e+01 2.823216807683106921e+01 2.409022227300846097e+01 1.779346944984303747e+01 2.174790775266343346e+01 1.174799232868370780e+01 4.676991047035711446e+00 4.676991047035711446e+00 1.209493431604879810e+01 1.623704142374338133e+01 1.742517940577334912e+01 1.305406790538834905e+01 3.051369852292701523e+00 8.802559724931457552e+00 1.845626718002944600e+01 1.961389320491647581e+01 1.139844379127950802e+01 1.923675735996953051e+01 1.775031253397169806e+01 1.256132768221525531e+01 2.838589071848618861e+00 6.970675217339006302e+00 1.401641463025200096e+01 1.566451014241553885e+01 1.457216383121575554e+01 4.442330495441765059e+00 1.238220314383575715e+00 1.238220314383575715e+00 1.428207227103965193e+00 1.428207227103965193e+00 1.024096850080038834e+01 1.876971572492059925e+00 1.001823580074512421e+01 2.412810586361691101e+00
1.290000000000000001e-02 7.083967811865462316e+00 1.708396781186539215e+01 2.585563533894081445e+01 3.354060533619152551e+01 3.193420050430377444e+01 2.779210763141734830e+01 2.100139995235134549e+01 1.100148708473553327e+01 1.467689973568865547e+01 6.913042600881011523e+00 1.398403693813605386e+01 2.398395789169898151e+01 2.025965679598450819e+01 1.025399026995119733e+01 4.479934650958872666e+00 1.434558203787795350e+01 2.224715774661723344e+01 2.502910393116796328e+01 2.102292339147557598e+01 2.178932208780827295e+01 1.106226406407501450e+01 3.930215518771217997e+00 7.270924023196358554e+00 1.391722682573124992e+01 2.007745789337202424e+01 1.998547719307952164e+01 9.857890658850680055e+00 1.456079003387170800e+01 7.087735443138116764e+00 1.136596643560517172e+01 3.171648748215146973e+00 1.428207227103965193e+00 1.639369105873497379e+00 5.975428694606984337e+00 1.876971572492059925e+00 1.876971572492059925e+00
1.329999999999999932e-02 1.001329999999996190e+01 1.954620095423619830e+01 2.372426409031273309e+01 2.288634085298435750e+01 3.030501783105486169e+01 3.449056210869071748e+01 2.514352027664973122e+01 1.807248624651828095e+01 2.105505784552277504e+01 1.691294597410519174e+01 1.056448848621890413e+01 2.056439587337838759e+01 2.440479874849257769e+01 1.599137841468386156e+01 5.987481428921803683e+00 1.009760628596001553e+01 1.731430967573917457e+01 2.749943148729343534e+01 2.738438107926934606e+01 2.224700592185008219e+01 1.432519133231754971e+01 4.708253471040431570e+00 1.427929610036525077e+01 1.392270813684256048e+01 2.296716982579177468e+01 1.813893760306820724e+01 1.703500336695505624e+01 1.715207423450032564e+01 1.586336923413806588e+01 5.708553407221470088e+00 1.334414928277598733e+01 1.528552362212093918e+01 7.879505779214502681e+00 8.017745281670345392e+00 1.208826430962075094e+01 1.876971572492059925e+00
1.369999999999999864e-02 1.001369999999996274e+01 9.105494008508086878e+00 1.947306378082921796e+01 1.465486556842956034e+01 2.393496552946233180e+01 2.444266331674060311e+01 3.008138953457881826e+01 2.807242316457148235e+01 2.872931208706473427e+01 1.872937282901034806e+01 1.372672919001513669e+01 2.372664779380509614e+01 2.471994222501714944e+01 1.472071830820272886e+01 7.654110262759990846e+00 1.764942318637204366e+01 1.893463058867604332e+01 2.988260571050372860e+01 2.322478559742256010e+01 1.288242242728711950e+01 8.509368914011405494e+00 5.486466508435111855e+00 1.506005625486991484e+01 2.296508359922025377e+01 2.668134057163540263e+01 2.527488068381036967e+01 2.710855193960923870e+01 2.698584452603583728e+01 2.000073131086162448e+01 1.588057947980552598e+01 8.414588110414138455e+00 1.843766123457047712e+01 1.812400677515648084e+01 1.573009642043267498e+01 5.967454817537023892e+00 7.901933458318725734e+00
1.319999999999999993e-02 1.520756722888817913e+00 1.152072269790645898e+01 1.212784243321118005e+01 9.416240996114078499e+00 1.452138944267832166e+01 2.192581637111473825e+01 2.009289312639792158e+01 3.008138953457881826e+01 3.287143791289355477e+01 2.726215890791108265e+01 1.726222337293210884e+01 2.726215890791108265e+01 2.517087407969464152e+01 1.518392474485188082e+01 9.421592281595611240e+00 1.785624116062798450e+01 2.698165257997308686e+01 3.331384492624150084e+01 2.738642448647429006e+01 2.206382635735201347e+01 1.506593570011555450e+01 5.486466508435111855e+00 1.506593567833875369e+01 2.197393568025353972e+01 2.762383202534414295e+01 3.526744913729686459e+01 2.893841917804610020e+01 2.490507320579371608e+01 2.155333000032864632e+01 1.137523366041880202e+01 1.861516671248175570e+01 2.271040928482742416e+01 2.085250957059013643e+01 1.047130925135941837e+01 1.621057357978169478e+01 1.532525629368125131e+01
1.349999999999999985e-02 1.001349999999996321e+01 3.812289521388172009e+00 5.478027752674448969e+00 7.521689404819438707e+00 9.698556434936111970e+00 1.197240315581087344e+01 2.192581637111473825e+01 2.600018639744067883e+01 3.599771292680853207e+01 3.140428432130218184e+01 2.303567887076346565e+01 3.140428432130218184e+01 2.931423322919614449e+01 2.148531001659708295e+01 1.145295304167821371e+01 1.666503873371266309e+01 2.579275285262804474e+01 3.281114679748432650e+01 2.796574510225995880e+01 1.892417347847008813e+01 9.504531751798360517e+00 6.288354905775129566e+00 8.728053882260551788e+00 1.380252931870584021e+01 2.350403174520658212e+01 2.983631375195436064e+01 2.490507361443094325e+01 1.484984625017439619e+01 1.484984625017439619e+01 1.735283785433255588e+01 2.561761842285243418e+01 2.825139853202450624e+01 1.778778948356862344e+01 1.642052117601319949e+01 2.514484780916800233e+01 2.269429819024340489e+01
1.369999999999999864e-02 1.001369999999996274e+01 1.379301395772511007e+01 1.554399881459809585e+01 1.455271167518441011e+01 1.964173826380572052e+01 2.192581637111473825e+01 1.602005880965204909e+01 2.600018639744067883e+01 3.548523288309763046e+01 3.717776805390874983e+01 3.303563800724255373e+01 3.301847549515583324e+01 2.302779121097641379e+01 1.596171171791950627e+01 1.450640509143246426e+01 2.427961677810832697e+01 2.981065658795454354e+01 2.873586696677873320e+01 1.910628121242055144e+01 1.443244172019431026e+01 1.583926122273856762e+01 6.288354905775129566e+00 1.583926122142241155e+01 1.258527641908343497e+01 1.576391740445790113e+01 2.572659074620949227e+01 2.893844387902628057e+01 2.490507287861245800e+01 1.799698789656762798e+01 2.729130900085330325e+01 3.131948195015430514e+01 3.250190655527843830e+01 2.825139854996442423e+01 2.690678879127639078e+01 3.116428118329789143e+01 2.528643158291461646e+01
1.379999999999999977e-02 5.013800521101225982e+00 1.208499662421414023e+01 2.208849728196984330e+01 2.449320616550160423e+01 2.445398794531913467e+01 2.860350558224113371e+01 2.600018639744067883e+01 2.134759647720662201e+01 2.711664880727996163e+01 3.711607087880430100e+01 3.748851637046597318e+01 2.750204988782743243e+01 2.173091649441185425e+01 2.595399488868194027e+01 1.898082384082736240e+01 2.159106442514568158e+01 3.163391632936574638e+01 3.281114679748432650e+01 2.796574510225995880e+01 2.310481897348544322e+01 1.385228213800688479e+01 7.171279276272731096e+00 1.667726926092191064e+01 2.220428488346144036e+01 2.572659074618254138e+01 2.280199989877309008e+01 3.278717763463608748e+01 3.190309513796936258e+01 2.305336598237906642e+01 2.433890628652574151e+01 3.399250342349255050e+01 3.414074392044724249e+01 3.008391657212055392e+01 3.008391657212055392e+01 2.693960072332774658e+01 2.256861325328191370e+01
1.309999999999999880e-02 1.001309999999996236e+01 1.915771265240724119e+01 2.351475319309623302e+01 2.445515095058031463e+01 1.445232226082556615e+01 2.445515095058031463e+01 3.193235355720268842e+01 3.134290185406903362e+01 3.548523288309763046e+01 4.125870186932792194e+01 4.162353195546427287e+01 3.585846104253543842e+01 3.172282725846143947e+01 3.317676962735319535e+01 2.477781353282198040e+01 3.163391632936574638e+01 3.578420028357937355e+01 3.396816452188993196e+01 2.992126230531771114e+01 2.378812726517504217e+01 1.465149849198709475e+01 8.067393330291299236e+00 1.750852269014703211e+01 2.318108129726307709e+01 3.003694933353101248e+01 3.278717763463608748e+01 3.687063055388012600e+01 3.674317273024341546e+01 2.990523954351066394e+01 3.117141368031286675e+01 3.802265246744877203e+01 3.008391657212055392e+01 2.009651021555763251e+01 2.009651021555763251e+01 2.080436301466761151e+01 1.218094691257893381e+01
1.349999999999999985e-02 1.001349999999996321e+01 1.448172518938629061e+01 1.351383068410448374e+01 1.867929393995386889e+01 1.445232226082556615e+01 1.778566259755874412e+01 2.355939203310474994e+01 3.356286858357010061e+01 3.928398176096776240e+01 3.514317055940542645e+01 3.514317055940542645e+01 3.660750669520778189e+01 3.770116974804414411e+01 3.897119220698620268e+01 3.482433095414629065e+01 3.600911699730377791e+01 3.196632410413904068e+01 2.850035464147808284e+01 2.017542885840853373e+01 2.196288651788050217e+01 1.876345968317946955e+01 9.369939127352104435e+00 9.784872438499665037e+00 1.636854806160743792e+01 2.496551237059108885e+01 2.767098827000181060e+01 3.171071035424170859e+01 3.659851093287155521e+01 3.951781953393489033e+01 4.080321654214854732e+01 3.633334233306314331e+01 3.228945709301439848e+01 2.302175381092928674e+01 1.266941336408070029e+01 1.654493227489356144e+01 6.387817758196681517e+00
1.369999999999999864e-02 1.001369972744607573e+01 4.481565439403382811e+00 6.442726790816605487e+00 8.678794768530158521e+00 1.201212814399653261e+01 2.201287676473144472e+01 3.193235355720268842e+01 3.770884253602149982e+01 3.514317055940542645e+01 2.514229661835454976e+01 2.514229661835454976e+01 2.660714864209414188e+01 2.770114741211564180e+01 3.770116974804414411e+01 3.885830875119524563e+01 2.911229057982296808e+01 2.216354745718078334e+01 1.870689511327531562e+01 2.196363377636304648e+01 1.247727050591536013e+01 1.116531030605707464e+01 1.876804107395974697e+01 1.919067806550289745e+01 1.148881925593075870e+01 2.093610450032195303e+01 1.789864804549535648e+01 2.277372319586149629e+01 3.256825334414212136e+01 3.864833086226597203e+01 3.459935462157544350e+01 3.066565420959544497e+01 2.245039834110457377e+01 2.340999383962923730e+01 1.784624240433583608e+01 7.504149565332894234e+00 1.652225111471558705e+01
1.290000000000000001e-02 1.808953020267750400e+00 1.180900293710175042e+01 1.221623592204087494e+01 1.867925486789858169e+01 1.867929397310427220e+01 2.615699115720965295e+01 3.212664053370104256e+01 3.627626642155224346e+01 3.445112851580940827e+01 2.807148477789651508e+01 1.806923549982766630e+01 1.953412556259466371e+01 2.660714864209414188e+01 3.660750669520778189e+01 4.171399498354158908e+01 3.196673055943872299e+01 3.196658516521596027e+01 2.412060282981435222e+01 1.447436750131190664e+01 2.196363344634716697e+01 1.524899918580175218e+01 2.460473156783476156e+01 2.496551237049975569e+01 2.093610450032194237e+01 1.321430073199171140e+01 2.278481815774858177e+01 3.171071035423856799e+01 3.659851093287038992e+01 3.459935462157544350e+01 2.483097281621970609e+01 2.660885059363368654e+01 1.646488782224481184e+01 1.926762078751658080e+01 8.780447325806262526e+00 1.782264726261213283e+01 1.348795234412903632e+01
1.359999999999999924e-02 1.001359990249421195e+01 1.595130771455130869e+01 2.221610933211967520e+01 2.635391541567874185e+01 2.868175862842566204e+01 2.513573396939930049e+01 2.224000565718240807e+01 3.212664053370104256e+01 3.030974969636012162e+01 2.030785938140883218e+01 1.453305731345302654e+01 2.160576605909110626e+01 3.160732766865094945e+01 3.337734908910180565e+01 3.751833365437702383e+01 3.862307961245726062e+01 2.886358995943556494e+01 2.596527863329358254e+01 1.620413142587410604e+01 2.596527844410706010e+01 2.076367243488853731e+01 2.893004821267643223e+01 3.117453240885508592e+01 2.137913133273814736e+01 1.456381192930535384e+01 2.425195889751039857e+01 2.830080619177617862e+01 3.320071031827908570e+01 3.459935462157546482e+01 2.483097281621970609e+01 1.765391099159840849e+01 2.075223323364305728e+01 1.021630979613196644e+01 1.926745513846837454e+01 1.628430140115835911e+01 2.376569013224072080e+01
1.379999999999999977e-02 5.787302692045502184e+00 1.285837058587808990e+01 2.285840991575445713e+01 3.059164491160357358e+01 2.513573289066056304e+01 1.526128295468327423e+01 2.513573289066056304e+01 3.041499776653064657e+01 2.627395870274057543e+01 2.240270105094349518e+01 1.240026016344395998e+01 2.240270108650196335e+01 2.630541461695944250e+01 2.337612344638426620e+01 3.337734908910180565e+01 3.577282873864827195e+01 2.600191299076329088e+01 1.903468870053758977e+01 2.596528288858293720e+01 3.001301924611508198e+01 3.052903734388331713e+01 3.456421109705462413e+01 3.121501569125927489e+01 2.138022218241253114e+01 1.456381192930535384e+01 1.456381192930535384e+01 1.934168279610889130e+01 2.916223522657837108e+01 3.500556595457744891e+01 2.805064397788538955e+01 2.232646666080971798e+01 1.184851341481936871e+01 2.072747021786904753e+01 1.886312122992242024e+01 2.356462635557039675e+01 3.038676101564227139e+01
1.349999999999999985e-02 7.084567811865484899e+00 1.708456781196705521e+01 2.263429628325215504e+01 2.078903791973815274e+01 2.164453792964573609e+01 1.173923848927736913e+01 1.721479732210485381e+01 2.132471304770389153e+01 1.627201650924379450e+01 1.810742112140943760e+01 1.039944844395532719e+01 1.328729458294492716e+01 1.630322755639126697e+01 2.207823365488479439e+01 3.207985119754733461e+01 3.577264759838724473e+01 2.600191253073037601e+01 1.903468870053758977e+01 1.903468870053758977e+01 2.600191253073037601e+01 3.577264759838724473e+01 3.706088348218509765e+01 3.301862036583425208e+01 2.625334586137794801e+01 1.644805442920558036e+01 1.456381192930535384e+01 2.425692009810405736e+01 3.320071031827909280e+01 2.944977650204747377e+01 2.109565139675650158e+01 1.365824547499046915e+01 2.232646666080949416e+01 2.623237073715982248e+01 2.845334250534843790e+01 3.249948951149140441e+01 3.729803709254667154e+01
1.359999999999999924e-02 1.001359999999996298e+01 1.975092175514732773e+01 1.281298126186828057e+01 1.388049958946216123e+01 1.790947673418369490e+01 1.376495465276856223e+01 7.272325315692344638e+00 1.526507652979537966e+01 1.604397467740471583e+01 8.104826390872110764e+00 1.310618585114911028e+01 2.310865613859917644e+01 2.630541461695943894e+01 3.044722855038052955e+01 3.622098096026399361e+01 3.683733302241249419e+01 2.707166022745388290e+01 2.600191253073037601e+01 2.600191253073037601e+01 2.527074989567590180e+01 3.504628725876323614e+01 3.302421395310078367e+01 2.319244117315840725e+01 1.943968592836670339e+01 2.625334586137794801e+01 1.944884682014790300e+01 2.836320096011096581e+01 3.146996922439572231e+01 2.540429292008139939e+01 1.525802847873960388e+01 1.365824547499046915e+01 1.365824547499046915e+01 2.109382108415460877e+01 3.088525286987393415e+01 3.633780255969173112e+01 3.752000334817054750e+01
1.290000000000000001e-02 1.001289999733245573e+01 1.135514982261895867e+01 5.815240688811898373e+00 1.272653166376847800e+01 1.273273053775596253e+01 3.763810644831858454e+00 4.499021760858386898e+00 5.265974464475373651e+00 6.042089954066709900e+00 1.604277391910382988e+01 2.150186496428542426e+01 2.310865613859917289e+01 3.310950297824791022e+01 3.834215514530802693e+01 3.833569541506125233e+01 3.942394760941700582e+01 3.683733302241249419e+01 3.577264759838724473e+01 3.577264759838724473e+01 3.219642178012757228e+01 3.908157988738940247e+01 3.123308180060600492e+01 3.202032742355184070e+01 2.219160397275721053e+01 3.201551666122543338e+01 2.744689290761814959e+01 3.386178141793961771e+01 2.744405966683135745e+01 1.754966570785021673e+01 2.540426772826851121e+01 2.109697196912479100e+01 2.399672498472610016e+01 1.753329980057914383e+01 2.266977542540178447e+01 3.280893469093484072e+01 3.304191711206513560e+01
