output/example/elevation_000310.asc
nrows	75
cellsize	13.33333333
xllcorner	0
ncols	75
yllcorner	0
NODATA_value	-9999
[rows 0 to 16 of 75, columns 37 to 73 of 75]
4.527379764554384423e+01 4.940140777665705230e+01 5.545803702002870494e+01 5.116745038872139162e+01 5.087620578773415048e+01 4.665114199875512924e+01 5.087620578773441338e+01 4.915664140291586648e+01 4.471681546053677181e+01 4.915664138183890230e+01 5.036812633865866218e+01 4.956403783161623267e+01 4.542303094702818811e+01 4.695385814323460494e+01 5.106775156008549033e+01 5.418431433178633938e+01 5.019891092372716912e+01 4.606829097150116326e+01 5.019887544508212329e+01 5.654633724325267252e+01 5.574571860281040614e+01 6.008194470546859378e+01 6.022976397350718969e+01 6.016428072923437043e+01 6.456944909703541668e+01 6.746424490222030101e+01 6.474199156676610301e+01 6.485590062187078786e+01 6.877064474951855289e+01 6.509315697396570499e+01 6.104756416966906585e+01 6.509315697396570499e+01 6.609735700577932960e+01 5.906674065264001428e+01 5.508747731149025384e+01 5.906674065264001428e+01 5.704696533519678781e+01
3.545528369097755927e+01 4.527379764554384423e+01 4.969231129238757916e+01 4.133495099047067356e+01 4.607615367150700081e+01 3.729960808506390180e+01 4.607615367150914665e+01 4.387368301096734768e+01 3.421417862669139964e+01 4.387368299597614651e+01 3.970036037029118603e+01 4.392571475123894942e+01 3.575302327978569394e+01 3.725195649034394307e+01 4.542921772076534381e+01 4.425854114188194188e+01 4.527511331719757237e+01 3.627232414162784835e+01 4.527505313233137230e+01 4.593574758599242358e+01 4.515809406644406465e+01 5.386971747878929051e+01 4.923802742426987322e+01 4.923515217838269820e+01 6.016428072923781656e+01 5.850591862661418219e+01 5.592285263885542435e+01 5.602145613163990134e+01 6.356581029146824591e+01 6.030867567286235698e+01 5.156060028408401053e+01 6.030867567286235698e+01 5.651707921000465973e+01 5.431421798729770956e+01 4.562457663501474769e+01 5.035602697325251143e+01 4.758454955873276049e+01
3.833105984709528258e+01 4.454948689321567912e+01 4.549065421433450496e+01 3.614224455035083139e+01 4.009334737804884696e+01 3.292682354399500610e+01 4.197537504184399637e+01 3.946549704360661082e+01 2.919426983696105893e+01 3.432988344027801730e+01 3.242067727659887311e+01 3.971226954202668225e+01 3.027049179280516356e+01 3.164253219617520685e+01 4.135245415074452069e+01 3.733928543482083739e+01 3.914247212382505126e+01 3.137893399373162140e+01 4.117030736130477209e+01 3.878379937500992014e+01 3.934094584588474675e+01 4.767443815269380991e+01 4.179314832830176840e+01 4.923515217838270530e+01 6.016428072956352224e+01 5.833861836149551294e+01 4.978440295656714198e+01 5.105256429377038074e+01 5.964220041836435371e+01 5.630408222687653819e+01 4.681257280635091433e+01 5.155832751661373692e+01 4.981323975532234982e+01 5.035602697325251143e+01 4.084307467680582704e+01 4.084307467680582704e+01 4.758454955873276049e+01
3.075783558005772633e+01 4.044711367402773305e+01 4.633034780805608221e+01 3.686446640139750741e+01 3.096069284025788448e+01 2.967064818067050069e+01 3.877622898016780795e+01 4.191235059553304154e+01 3.432457989010030985e+01 2.422780043519098570e+01 3.187140744935387815e+01 3.230144842487236190e+01 2.593128412926906634e+01 3.574557139843011555e+01 4.133385087358734467e+01 3.726045797558612094e+01 2.930594390049341413e+01 3.914247204014429826e+01 3.137893399373162140e+01 3.313553821883816397e+01 3.521941347514371756e+01 3.738134770200346679e+01 4.767466677361187521e+01 5.690230068991899515e+01 6.101969290784836630e+01 5.472356334719068371e+01 4.569954079751666143e+01 4.705102212363829750e+01 5.601536642847241154e+01 5.827509294119149530e+01 4.877615218247493800e+01 4.203757828026775911e+01 4.819223434311527399e+01 4.726961766632253159e+01 4.084307467680582704e+01 5.035602683991918127e+01 5.035602697325251143e+01
2.977262522522030608e+01 3.938304029715796162e+01 4.317821358003376986e+01 3.686446640272310304e+01 2.760659571797515355e+01 2.661585881756664307e+01 3.589679150569183719e+01 3.752707986555957120e+01 2.731403940891653548e+01 2.160354384759285651e+01 2.160354384759285651e+01 2.245363057633882065e+01 2.330285158160600645e+01 3.316022731903754561e+01 3.545107755177728848e+01 2.738193678350483751e+01 3.726045797558612804e+01 3.914247210798992427e+01 3.538657835397519591e+01 4.312870703026352004e+01 4.529737483236466034e+01 4.313464310748018704e+01 4.481923153911512259e+01 5.606887491609918328e+01 5.699399773214513232e+01 4.883012183791351646e+01 4.233652998602337192e+01 5.153313284030013364e+01 5.492168694549354768e+01 5.867719143933845061e+01 5.553708274461159533e+01 4.819223434311527399e+01 3.856098258608409424e+01 3.760775384392765375e+01 4.726961739474208457e+01 5.132186654298936901e+01 5.522219554404720299e+01
3.064563238085408159e+01 3.292784791077422568e+01 3.290880668157253552e+01 4.016773233548933320e+01 3.321761701293256408e+01 2.374654714050044291e+01 3.067990823385798294e+01 3.277489047580161952e+01 2.957267099878384897e+01 3.031055707936659260e+01 2.160354384759285651e+01 3.141648640203392873e+01 3.316277189846108797e+01 2.458587426497979678e+01 2.555700271429655857e+01 3.545155373654235831e+01 4.135026595000854144e+01 4.899233402303094920e+01 4.546171219683625964e+01 4.239967374949523560e+01 5.285412694492353580e+01 5.058298763233573681e+01 5.606887491608645036e+01 5.896088313385302371e+01 5.384015788051213036e+01 4.536079244342947447e+01 4.014074232660099284e+01 4.856941573397674716e+01 4.593811416563725203e+01 5.492182445926322032e+01 5.765763630801756534e+01 4.817596007906674060e+01 4.520969656468353293e+01 3.531286873289215578e+01 4.503301919057756209e+01 4.189532251506302885e+01 4.668302005062191284e+01
2.959003049137983510e+01 2.261719448965221346e+01 3.101806578974270678e+01 3.443600631452448368e+01 3.698406360872438370e+01 3.067990823385309795e+01 2.108259754217290194e+01 2.011838467508833261e+01 1.976151294498951927e+01 2.050478816443078856e+01 3.031055691977765321e+01 3.141528285068274684e+01 3.447343513074405053e+01 2.458587426497979678e+01 3.447135517339551569e+01 2.782413856175130462e+01 3.768075289173463460e+01 4.408361672990933045e+01 4.975798220420334417e+01 5.285412694492353580e+01 5.724242638287412888e+01 6.142085245214011735e+01 5.783685025699048765e+01 5.314082133778616424e+01 5.242588441682812572e+01 4.744311034061627197e+01 3.790779472512041082e+01 3.920787586203372399e+01 4.844267908717422699e+01 5.396574167784735465e+01 5.572509751847383797e+01 4.681527333804517355e+01 4.340451371432046557e+01 3.362636124419100980e+01 3.685727538383533641e+01 4.672927516812259796e+01 5.522219554404720299e+01
2.373271840381144671e+01 1.808247890383485412e+01 2.273456654725156767e+01 3.138827637325462661e+01 3.257990172396439732e+01 3.156617490646700830e+01 2.753335198525734029e+01 1.866654095704600635e+01 2.846064137555059048e+01 2.420636553200098007e+01 3.373264464036084576e+01 4.116698547674713637e+01 3.793778124525349682e+01 2.790652473631703856e+01 3.792371185717071569e+01 3.746968005810592217e+01 3.019510099742744202e+01 3.585868217815789905e+01 4.563720065152477900e+01 5.268476263435565699e+01 5.683396158700641365e+01 6.056863249913176617e+01 5.419346981514768657e+01 4.509307665325691517e+01 4.429259947120419838e+01 4.506004412521294000e+01 4.250222038970707672e+01 3.492187003183092031e+01 4.084918115032223795e+01 5.019333971097132974e+01 5.401258904884535639e+01 4.704628313010299223e+01 3.737685694074353648e+01 3.191470987958267003e+01 3.550698063282538897e+01 4.540445485236443801e+01 5.358050482683876936e+01
1.385604297074923608e+01 2.025606670135112708e+01 2.460771776701907143e+01 2.499325415638580949e+01 2.307556437411418671e+01 2.655674374950084626e+01 1.753013089432819882e+01 2.623020051971194633e+01 3.201847108387125473e+01 3.373262991174864567e+01 3.087101967198409724e+01 3.904352735266576957e+01 4.226580834585187318e+01 3.385982779944508536e+01 3.798253591207559055e+01 4.385603771526420758e+01 3.459648878939281502e+01 3.300162493541727571e+01 4.274836468748778628e+01 4.279133400981721991e+01 5.268476263435565699e+01 5.677425180659086834e+01 4.775732726797978955e+01 4.749829722858233794e+01 3.807132598683419644e+01 4.250146611900145643e+01 3.225078672952174941e+01 4.090572169999234120e+01 4.481074611169206179e+01 5.034926181422852665e+01 4.440911866264250563e+01 4.340045136105715784e+01 3.934356946194875349e+01 3.048558907032755272e+01 4.085107441763932457e+01 4.061791248361496542e+01 4.540733994176226673e+01
2.291369470352854876e+01 1.385604297074923608e+01 1.441625805287854689e+01 1.497454151677310286e+01 1.557824456510860855e+01 1.626537985059952618e+01 2.655735427294725781e+01 3.074487209507219632e+01 2.961916433369606949e+01 3.456540099178666736e+01 3.982713480075186396e+01 4.364314990422476370e+01 4.851112817185093462e+01 4.510687148533303059e+01 4.813032755165794896e+01 4.847117867757103937e+01 4.019619924849558856e+01 4.274836468653889909e+01 3.593589517411308520e+01 4.279133400981721991e+01 5.268476263435565699e+01 5.463660738373111769e+01 4.558725915924189565e+01 4.006477759630453050e+01 3.642064131054461029e+01 3.271338340435937653e+01 3.038021683738367429e+01 3.038021683738367429e+01 3.678273518353834959e+01 4.653782612109083772e+01 4.440648129808723610e+01 3.428280891121199403e+01 2.847164400625684166e+01 3.934341203189028846e+01 4.496982361669331141e+01 4.990437558455248990e+01 5.361041387798017155e+01
2.684566139409277241e+01 2.160995918098779356e+01 2.198431492279381771e+01 2.544120319785804796e+01 1.951119781013617782e+01 2.652027997855538999e+01 1.784148378606202101e+01 2.780573656532446947e+01 1.923911776122599804e+01 2.980415555937025829e+01 3.592591048672802856e+01 3.991921644014641402e+01 4.537526052193533843e+01 4.706535681420324835e+01 5.146501306664964659e+01 5.418007011440800369e+01 5.003906325229996099e+01 4.821860183773698338e+01 3.842169807730945053e+01 4.530462274429467584e+01 5.525356968498332577e+01 5.840473428232542119e+01 5.317202197526349039e+01 4.765163524640397696e+01 3.810509024709684667e+01 4.097318447473681147e+01 3.038021683738367429e+01 3.038021683738367429e+01 3.923268334593097251e+01 4.318836231283130900e+01 4.491757716666502631e+01 3.512723331349282319e+01 2.711200448588038725e+01 3.815717014656554795e+01 4.371175483102641834e+01 4.763796310753796348e+01 4.801050760612469759e+01
3.397279979111071668e+01 3.228132574004366973e+01 3.196147263012083428e+01 2.608317890311353437e+01 2.906711149235214720e+01 2.969347976622086804e+01 2.780584433937657707e+01 1.923911776122599804e+01 2.905655925104416681e+01 3.036919320188329152e+01 2.623412175885659181e+01 3.186679751375081082e+01 4.134889312370275150e+01 3.709145151938138696e+01 4.532122401936647549e+01 5.100309586188826927e+01 5.635238279700146080e+01 4.639057627079751001e+01 4.326094142782558549e+01 4.530462274429474689e+01 5.525356968781471068e+01 5.977274032133380643e+01 5.080585598457425078e+01 4.429230385797541913e+01 4.765163524640397696e+01 4.519808701925688155e+01 4.080265240743380417e+01 3.761381140603328532e+01 2.845551019878239529e+01 3.923268334593089435e+01 4.408813391544567395e+01 3.396330587571580395e+01 2.582200737372264499e+01 3.697740422169589181e+01 3.349942246145254643e+01 3.831496035575529646e+01 4.525901922683903678e+01
3.153173047566099285e+01 3.657327389763851500e+01 4.017207327682305618e+01 3.333074887587967794e+01 3.596957846217303967e+01 2.511357318240765224e+01 1.923911776122599804e+01 2.905655925880254387e+01 2.058821196465556014e+01 2.058821196465556014e+01 2.750841042721262042e+01 3.727573377550029932e+01 3.776611148659789308e+01 3.148210644989853435e+01 3.708535756341794354e+01 4.684925139927533877e+01 5.466610901982152626e+01 5.635238278651019783e+01 4.894128143078119564e+01 5.525356968754267939e+01 5.940906938836152307e+01 5.787665892359198239e+01 5.720173790296613703e+01 5.343219560069568530e+01 4.812525921238806603e+01 3.839697259464523427e+01 3.710622715415493644e+01 2.660932911060254114e+01 3.757418893207212562e+01 4.306190010561195436e+01 4.489841133869555989e+01 3.581588651680027624e+01 2.462538859046168227e+01 2.769589383381759617e+01 3.250476313974414921e+01 3.739050155811565901e+01 4.441925392988233057e+01
2.236513494064365304e+01 2.950019457011524082e+01 3.954745284311171361e+01 4.325401656142510376e+01 4.083850636464433848e+01 3.473947126257671414e+01 3.046981430445219274e+01 3.036919320204344785e+01 2.058821196465556014e+01 3.036919320147101686e+01 3.442443716472325121e+01 3.467061993406068154e+01 2.799048687591634632e+01 3.776609048927665668e+01 3.633908525577646742e+01 4.064507726592038495e+01 4.754523108636632855e+01 5.758564229770103537e+01 5.896135362729343399e+01 6.311999705201471755e+01 5.787666815731002146e+01 4.870215501655157198e+01 5.038565246558409427e+01 4.724000756082688213e+01 4.443568324352160204e+01 3.845936719880960908e+01 2.761405866846407875e+01 2.537974719770821252e+01 3.614158910183773799e+01 4.164964116861212773e+01 4.083634634138958575e+01 3.021163877688013244e+01 2.358932690194162518e+01 3.437602625440300841e+01 4.010064501136660908e+01 4.418302127413574709e+01 4.719101659263004223e+01
2.932974199587071595e+01 3.219130146441442264e+01 3.549651362351061579e+01 3.957494364032897494e+01 4.450504186922982797e+01 4.163364732370025223e+01 3.189579612292688182e+01 2.623874065414036849e+01 3.036919320198182248e+01 2.204819650716821400e+01 3.183701868732358875e+01 2.486564369587289391e+01 3.467061993406068154e+01 4.184339553164913639e+01 4.608500919896579262e+01 5.023227118852097561e+01 5.466610982038675104e+01 5.741747725286947457e+01 5.519843053706382818e+01 5.628461911124590955e+01 5.687424493190120955e+01 4.769834557621187088e+01 4.094883208398676544e+01 3.752559465341182943e+01 3.437918086214884283e+01 3.142104098517548039e+01 3.534664249725820895e+01 2.421281121788801016e+01 3.354446018156470188e+01 3.180798284901418072e+01 4.184998449020773847e+01 3.457542458010410513e+01 2.358932690194162518e+01 2.618860558080778844e+01 2.948334282388288585e+01 4.015594592632270832e+01 4.489809372431833623e+01
1.942718943980601054e+01 2.228317278185849304e+01 2.558087714925962075e+01 3.056061831095386694e+01 4.043240893606735398e+01 4.571229510950266928e+01 4.007173301803741339e+01 3.601149631160522091e+01 3.183701882076993783e+01 2.204819650716821400e+01 2.204819650716821400e+01 3.183701882066035083e+01 3.873341999887932019e+01 4.208336246038760464e+01 4.208336255286454985e+01 5.188158844417773707e+01 5.460826386505888053e+01 4.764161564259566717e+01 4.548906236132749825e+01 4.654564434527581795e+01 5.628461910608417895e+01 5.421751883874325983e+01 5.038565246558409427e+01 4.724000756082688213e+01 4.443568324352207100e+01 3.771341029538235290e+01 3.989386882762958209e+01 3.384092133122610591e+01 2.282493289923502289e+01 3.244494650416319814e+01 3.641833095357329597e+01 3.238292788799667221e+01 2.270292581303899127e+01 3.370770604367309886e+01 3.342315178399378084e+01 3.483835576816994717e+01 4.209334057850217903e+01
2.928360099183807819e+01 3.219045373076723848e+01 3.549651362351061579e+01 3.957494364032887546e+01 4.450504186922914585e+01 4.924362668566158163e+01 3.947901307822948525e+01 3.261339889058297103e+01 2.694961340626476343e+01 2.204819650716821400e+01 3.183700798770680862e+01 3.589308446814256826e+01 3.647701725361184089e+01 3.237292198734755289e+01 3.922746735494348513e+01 4.897810347240181983e+01 5.050489921819346506e+01 4.087608618846000752e+01 3.873628002425108718e+01 4.441510317398954300e+01 5.412247369293167054e+01 5.263621200001502132e+01 4.858446413999261893e+01 5.263621199932051553e+01 5.133639981692970622e+01 4.747488515757083150e+01 4.051982435269486871e+01 2.992818536725697243e+01 3.244729476811809121e+01 2.158208957294131736e+01 3.092559937809340198e+01 2.151780608539889528e+01 3.237899163414584791e+01 3.788809086301215245e+01 3.342315178399378084e+01 4.367706916976113973e+01 4.209334057850217903e+01
