output/example/elevation_average_000068.asc
nrows	75
cellsize	133.333333333
xllcorner	0
ncols	75
yllcorner	0
NODATA_value	-9999
[rows 51 to 67 of 75, columns 37 to 73 of 75]
1.950337097719617532e+02 2.909368509069953461e+02 3.117944248066933142e+02 3.231419438815042326e+02 2.442141762063858437e+02 2.561025429662786905e+02 3.491729943195059604e+02 3.814689434854906267e+02 3.310968431288152942e+02 4.119612072245902255e+02 4.285385388839413849e+02 4.459008770098751029e+02 4.072507599306084671e+02 4.906465208930019344e+02 4.427744053163557965e+02 5.056232262055657998e+02 5.920931735185931757e+02 6.055366405426224219e+02 5.811764472649525715e+02 6.007362851113750821e+02 6.042092702779493720e+02 5.661914442823317586e+02 5.085895275456734907e+02 5.733378687274946515e+02 4.819444882439788671e+02 5.083075280951961190e+02 4.926132385656870269e+02 3.999408649978420272e+02 4.926776589431221964e+02 5.180300376039700723e+02 6.090654417642940643e+02 5.487065717821139970e+02 4.566945655437129403e+02 5.181768466871841383e+02 4.557401580778545167e+02 5.477523805699145214e+02 5.799074397087376838e+02
2.908670150331711852e+02 2.329233028700384409e+02 3.282527476435944891e+02 3.779074544144838796e+02 3.119454421814717193e+02 3.509648514135374739e+02 2.739270094626277228e+02 2.870935292859286960e+02 3.024108913998200592e+02 3.181418219626814903e+02 3.349902399150095107e+02 3.526337220298786406e+02 3.747969439781606411e+02 3.983750500430415400e+02 4.910882288075134170e+02 5.702595602620558566e+02 5.628662877719629023e+02 5.295445934913622068e+02 4.935598919936717266e+02 5.103908904174246004e+02 5.734646663529828174e+02 6.358058030612787661e+02 5.997481706655825064e+02 6.106687860605545666e+02 5.735691181550366764e+02 5.389625971271658500e+02 4.467930342464703131e+02 4.928507358460406067e+02 4.256917931911669939e+02 5.181956150028686352e+02 5.848018350717140947e+02 5.711415250501266883e+02 4.798982992145853927e+02 5.710183475808267985e+02 5.477550398737942032e+02 4.884127286175250902e+02 5.799119535796234004e+02
3.667227999954990878e+02 3.282556479756188423e+02 2.779696702205649217e+02 3.724731682015554384e+02 4.060499412299570849e+02 4.069874187337958915e+02 3.290174631338919653e+02 3.408821226018219477e+02 3.955357462866222136e+02 3.728691995463116200e+02 4.275566312939103000e+02 4.070299725704761613e+02 4.663179986207118759e+02 4.679421008840329250e+02 5.133753022646407089e+02 5.132328060767711122e+02 5.047200708811150207e+02 4.512722205542611960e+02 4.342808006835318793e+02 4.437724378240420151e+02 5.338176038117111375e+02 5.956600294074243038e+02 5.985354523994230931e+02 6.359561340351256149e+02 6.034159246130046768e+02 5.122805851657764151e+02 5.122757960080210751e+02 5.556584790022725429e+02 4.914107031771757192e+02 4.555265897506254760e+02 5.475311775052317671e+02 6.086509597079198102e+02 5.715475627215458871e+02 5.189813525604698725e+02 6.091738743395028450e+02 5.799248158436797667e+02 5.276183983478963455e+02
3.937944864400622578e+02 4.109340644453896516e+02 3.332088374759625822e+02 3.539893319482212632e+02 4.474241484805035611e+02 4.608703068431859720e+02 4.228630625598409551e+02 4.314522310631816708e+02 4.723295379153077533e+02 4.659221895559876998e+02 5.037436249457524582e+02 4.995353273093762141e+02 5.371345201174107160e+02 5.572168254488241246e+02 4.978685077421696974e+02 4.469993750078913308e+02 4.723528693766154447e+02 3.912251870036834021e+02 3.831393642704979925e+02 4.717048530159203779e+02 5.394956857874819889e+02 5.060955246215537500e+02 5.076864693276596654e+02 5.983269964100529705e+02 6.402939103611158771e+02 6.034208692865666990e+02 6.034055147451584844e+02 6.198926920618371241e+02 5.473486273604776216e+02 4.901044745034866423e+02 5.037155252589347469e+02 5.949565980977171193e+02 6.392977828924600772e+02 5.494725927876057767e+02 6.392815465263939814e+02 6.552853686650025793e+02 5.798609501212119994e+02
4.335889792162815866e+02 4.647813511572938978e+02 4.269750649268209486e+02 4.474262298332586738e+02 4.394536031946970525e+02 4.387654714054298211e+02 4.767363643211077147e+02 4.554151264382293220e+02 4.185341272632437608e+02 4.391757627108071347e+02 4.771163967325439899e+02 4.906752031117624711e+02 5.282927805370395618e+02 4.840716937866731087e+02 4.448763556504501366e+02 3.805367415222183354e+02 4.329033583764872333e+02 3.406321625173721372e+02 4.258171774287364428e+02 4.493665678755131125e+02 4.524302344114108223e+02 4.402672806390456230e+02 5.291156303515065247e+02 5.669444237018245758e+02 5.867087796976971958e+02 5.993227506079067552e+02 6.376223117240159581e+02 6.745406272212840122e+02 6.172968562442820257e+02 5.276237704847827672e+02 5.949463122491298464e+02 5.659905864513339111e+02 6.561914284370495807e+02 6.183207592115747957e+02 6.115220202125499327e+02 7.005960209682963296e+02 6.438319848415885644e+02
4.669402429014484142e+02 4.257183941116514916e+02 3.889169838378608688e+02 3.901422322782829042e+02 3.489915183528906368e+02 3.451057273714727671e+02 4.386328706521016443e+02 4.010774084307764156e+02 3.244941016222930443e+02 3.454748396114527509e+02 4.241671698096977821e+02 3.978108227075932746e+02 4.903516952230568791e+02 4.442608843067746420e+02 3.525466649038343689e+02 3.261326027282385667e+02 3.895930233572319139e+02 3.171414107496350994e+02 3.377863660681228453e+02 3.614993870590190568e+02 3.902207850474808311e+02 4.772600805147419578e+02 5.366968795105233312e+02 4.753372179294454440e+02 4.953156508607876845e+02 5.094544181877571987e+02 5.888250553227131832e+02 6.274468811811673277e+02 6.552581275658894810e+02 5.908355581769568516e+02 6.549015313196491661e+02 6.561876904754443558e+02 6.828997975601555481e+02 7.043209023769011310e+02 6.979475581516182956e+02 7.296415387220122284e+02 7.328162184566798487e+02
4.246019971256401959e+02 3.728540417843915975e+02 2.989688084454827504e+02 2.958332601620085143e+02 2.779753693015442195e+02 3.727025129438532076e+02 3.698356524969071870e+02 3.311922979968757659e+02 2.677608244338390477e+02 2.977582815505776921e+02 3.313432773083653728e+02 4.252560212570875819e+02 4.452685071013978018e+02 3.963515279428351619e+02 3.541418877038958613e+02 2.813554208129231142e+02 2.957406361091422582e+02 3.879909527153868112e+02 3.934554945141224493e+02 4.546012914709688744e+02 4.826020226227203125e+02 5.091865698649701812e+02 4.717492063248205909e+02 4.083244860593817975e+02 4.321057382659845985e+02 4.632497525319976717e+02 4.990572455314971307e+02 5.639973004805839309e+02 6.543432494318785757e+02 6.806543050716654761e+02 6.502149482915426688e+02 6.143642934730553407e+02 6.506809689746569347e+02 6.856128211367404219e+02 6.549751991504706439e+02 6.890629241216394121e+02 7.319992101346692834e+02
3.568332209683394467e+02 3.160470839251698862e+02 2.407009123431760997e+02 2.296421038621984394e+02 3.251039960837254057e+02 3.420115000650999377e+02 3.032233482733675487e+02 2.358197821358321278e+02 3.312005443039002444e+02 3.916884601099856127e+02 4.244692271302960762e+02 4.311341306756465315e+02 3.788559699413387420e+02 3.128913734848960075e+02 2.628239665947331787e+02 3.578548173659597751e+02 3.900209157798710180e+02 4.285830280046149028e+02 4.851149575727490628e+02 5.240439358456285390e+02 4.828774914919069943e+02 4.449449583204080909e+02 3.784854818375964101e+02 4.654505133292760775e+02 5.195069191977941045e+02 5.542448437667661665e+02 5.888355822535831976e+02 6.274491195325001627e+02 6.221510299338702907e+02 6.109880629896620121e+02 6.036378405185832889e+02 5.232837742385676165e+02 6.036374589851329802e+02 6.416507521121360469e+02 5.659663064595772539e+02 6.103838842626628320e+02 6.833972397214722605e+02
2.987675229303405331e+02 2.237585023773447119e+02 1.904835632258544535e+02 2.684014969777347801e+02 2.728190347113425105e+02 2.771946670665561783e+02 2.074077153849436286e+02 3.032341315924300602e+02 3.698536132704403485e+02 3.524866083406157600e+02 3.910360996349160700e+02 3.620172692729986466e+02 2.998284736741948677e+02 2.449532552063958804e+02 3.402598729421853250e+02 3.963554164892694871e+02 4.713624723478341139e+02 4.726651478364901777e+02 4.392112358773844107e+02 4.590737791291325607e+02 4.211407792370687844e+02 3.512530278253864822e+02 4.070406372773718431e+02 4.989012519321705099e+02 5.637349353307340607e+02 5.411595744782863449e+02 5.716567541309606213e+02 5.869815156999258079e+02 5.312493278040710720e+02 5.198886823890928781e+02 5.199612092295657249e+02 4.746232410261060863e+02 5.641542270805189219e+02 5.678251576077656182e+02 5.143778430802639150e+02 5.561068855586935342e+02 6.099461683657840467e+02
2.474966508208078722e+02 1.632023095996262896e+02 1.676562092370512289e+02 1.721571240650826553e+02 1.766141887735592206e+02 1.810546573703597346e+02 2.772814348610102115e+02 2.882134301775123504e+02 2.924022329914334364e+02 2.574305860960696464e+02 3.019695467732428824e+02 3.067532548143399822e+02 2.277667403189303741e+02 3.233198568758386955e+02 3.788703574717850984e+02 3.818716051896442991e+02 3.782039431540738406e+02 4.189813082021240689e+02 3.460859793159671653e+02 3.985153762208017838e+02 3.270941103161484307e+02 4.211471680211666921e+02 4.829029019598712011e+02 5.374840736810158432e+02 5.301117595876783071e+02 4.527411629028979405e+02 5.199416283023189180e+02 4.955980669766638584e+02 4.659235569072047269e+02 4.833028948120285690e+02 4.273872813312815424e+02 5.199617415667408977e+02 5.359584895445971142e+02 4.759649122358385966e+02 5.411992598453537084e+02 6.320083049887826974e+02 6.656547709899264191e+02
1.569942709350796974e+02 2.535335324438943587e+02 2.639749605521319040e+02 2.410068184212450717e+02 2.469596289634552022e+02 2.772071107219230157e+02 1.875173383229684134e+02 1.922280016277210564e+02 1.969163857260973032e+02 2.016056419338122510e+02 2.063268961408474809e+02 2.110249645124509641e+02 3.068294215342613143e+02 3.189211614441051097e+02 3.239714950664545086e+02 2.872498873221622375e+02 3.818658194248815789e+02 3.640992668105017742e+02 2.894234776150795483e+02 3.045257992694271252e+02 3.989445183942849553e+02 4.592633400190969724e+02 4.864496111219146997e+02 5.202607610967003211e+02 4.859706218857070894e+02 3.999604119694461701e+02 4.720665290271080607e+02 4.321590061481230691e+02 4.527034190443099533e+02 3.901402663774805433e+02 4.832715082029316704e+02 5.071386494372978859e+02 4.436199787118082440e+02 5.359703391060444346e+02 6.050202916858279423e+02 6.054495687795000549e+02 5.776279377433313584e+02
2.471595547390687670e+02 2.073718020360086314e+02 2.965693756081105903e+02 3.350630432478694729e+02 3.410756282117887963e+02 3.013466308444083666e+02 2.058978234506938065e+02 2.881353865997868411e+02 2.925727800875846469e+02 2.534781469895210648e+02 3.020716190993053942e+02 3.067747963803398648e+02 2.182310213727353698e+02 2.233612965945014253e+02 2.284908250858720749e+02 3.240458943764421065e+02 3.443353439028095977e+02 2.691521086509902148e+02 3.640942080659488056e+02 3.986450313297888783e+02 4.371787533684413916e+02 4.207515319757996508e+02 3.933966409641545283e+02 4.833183252440305182e+02 4.495641867945715262e+02 3.609574975504646659e+02 4.193911964670081147e+02 4.388280761100947984e+02 3.590644822305724233e+02 4.526965352592842464e+02 4.798137567436427844e+02 4.143425109834040541e+02 5.071333217341432373e+02 5.733435237828158506e+02 5.627639559841715027e+02 5.142377023919194698e+02 5.819869043593996594e+02
2.866531463719350086e+02 3.030802806670772611e+02 2.749607679482614913e+02 3.655907483775427522e+02 3.695242461428754268e+02 2.764117826710585746e+02 3.017542674029004957e+02 2.354622641888794021e+02 3.308769571281255821e+02 3.485211219729226855e+02 3.745227902685609820e+02 3.477837001398762027e+02 2.596046043685705627e+02 2.895699121788455841e+02 3.239737615124167860e+02 2.358097976882576461e+02 2.494933392891047674e+02 3.447425008042831678e+02 4.025767739004585337e+02 3.665297651159090151e+02 3.738081973295184071e+02 3.267838979824701369e+02 3.862301443123065496e+02 3.987573845329941378e+02 4.077406454642919016e+02 3.262118927786204381e+02 3.355960396592818711e+02 3.451194574006348148e+02 4.388931624690192166e+02 3.752037842276987476e+02 3.867493889698883436e+02 4.799624480502678807e+02 5.160309386332120312e+02 5.328034523822378787e+02 4.708568766063723388e+02 5.627666200719841072e+02 6.423630732022439815e+02
2.698525420438442666e+02 3.397590493470709134e+02 3.696771727905859848e+02 4.042476177639343859e+02 4.072827255355887814e+02 3.712164333128205271e+02 3.072156096027748049e+02 3.308723361471188014e+02 2.707731605763459015e+02 3.656573545020773963e+02 4.022161237811727688e+02 3.162946801142086315e+02 3.545497297947271136e+02 3.841563212720690217e+02 3.298633722658506144e+02 3.312539756320644528e+02 2.436880198391966701e+02 3.390348028183473730e+02 3.547905314561709815e+02 2.715882704842846351e+02 2.798164388512540199e+02 2.880633274758831703e+02 2.964997817296820131e+02 3.049990260004367997e+02 3.135909055185753118e+02 4.079012157043452476e+02 4.245323438223641119e+02 4.138192569822793985e+02 4.225447455848354252e+02 4.685608537552054713e+02 4.798108097762394664e+02 4.078336353206470335e+02 4.236826783752773622e+02 4.406890631897265962e+02 5.330661059836568256e+02 5.203447652035650890e+02 5.662761737321056899e+02
2.051240810901671523e+02 3.009311159010480310e+02 3.747145711312791718e+02 4.153491702145521458e+02 4.690089925359040421e+02 4.396106980171436476e+02 3.838936552657070820e+02 4.040912203591697107e+02 3.314012876499773483e+02 3.154945244579282075e+02 4.096724500250781489e+02 4.105365168368518312e+02 4.092191189222022558e+02 4.619114672457399138e+02 3.853591258578275642e+02 2.914729738966604486e+02 3.390259799586399367e+02 2.516344489540979339e+02 2.599340233005028722e+02 3.550356263814275621e+02 3.744375045499136263e+02 3.825809926083391588e+02 3.651899101632400857e+02 3.600251660935045948e+02 4.076618554731140875e+02 3.646955872251316464e+02 4.582244930670312328e+02 5.041563179031049913e+02 5.150787503872435309e+02 5.526859311483568717e+02 5.383238895119774270e+02 4.679321700663007846e+02 4.776321159756434440e+02 5.325087507450117528e+02 4.896133228547406020e+02 5.547171277535865102e+02 6.114640101169038644e+02
3.009305716280215393e+02 2.416824883726227142e+02 2.823629125505992192e+02 3.393958827844571147e+02 4.330435165920069949e+02 4.913549685937973095e+02 4.685522915534629647e+02 4.613151229696446194e+02 4.233181873639479704e+02 3.856018407530660284e+02 3.747267314883897598e+02 4.679621437032658946e+02 5.020063393406579735e+02 4.429671888011681062e+02 3.505957390448237447e+02 3.845981462536777826e+02 3.212648111578362773e+02 3.463654144203618443e+02 2.625147087727481789e+02 3.575526812868952788e+02 4.047944698665795613e+02 4.549246450821757435e+02 4.582295688571651908e+02 4.535173763955701816e+02 4.915217070287807815e+02 4.339355827995951245e+02 4.410638423586422618e+02 5.334005853641840531e+02 5.858582579017353282e+02 6.090891173339194893e+02 5.935936664777361784e+02 5.587541123470889488e+02 5.691780786365065978e+02 6.065699212324868768e+02 5.431802189061560284e+02 6.183387683386358731e+02 6.819703141375414361e+02
3.755295511914888493e+02 2.971393510136578584e+02 3.184479057020978416e+02 4.108383575056797099e+02 4.607280282866652783e+02 3.990867673561834863e+02 4.142264039459201399e+02 5.030877171060625983e+02 5.082289741156162108e+02 4.782101684979094216e+02 4.679779178595028384e+02 4.679503381665196571e+02 5.597407570962665204e+02 4.822614327445658660e+02 4.115145603677337363e+02 4.536021844069512667e+02 3.924273307839360996e+02 3.266126800740851763e+02 3.575628485183137286e+02 2.735368660857937471e+02 3.684352111484954548e+02 3.616849515887707867e+02 4.552202911355980746e+02 5.181329296447468096e+02 5.310730302559150005e+02 5.257636364689064976e+02 5.333982265566352226e+02 5.576556731361656603e+02 4.946486138280930049e+02 5.180523175414568868e+02 5.482851831119224926e+02 5.450198857245471800e+02 6.301837827594097234e+02 6.599433569972477471e+02 6.319509379149329789e+02 6.663527100988113716e+02 6.953911032144540059e+02
