output/example/elevation_average_000072.asc
nrows	75
cellsize	133.333333333
xllcorner	0
ncols	75
yllcorner	0
NODATA_value	-9999
[rows 0 to 16 of 75, columns 37 to 73 of 75]
5.120528779408559785e+02 5.067438466452618968e+02 5.083728716598126880e+02 5.345350162751582275e+02 4.831076096900238781e+02 4.468289585220402955e+02 4.541960037127291230e+02 4.159231085342610754e+02 4.150598370134417223e+02 4.123840270893664410e+02 4.507546096273947001e+02 4.278558785288437889e+02 3.894307110489944534e+02 3.089305571330745579e+02 4.034524613505500952e+02 4.558334876709898253e+02 4.480907167769492503e+02 4.595647642285915140e+02 4.713314997258751760e+02 4.833801131054048028e+02 5.212648770024569558e+02 5.861335574290693557e+02 6.290197869521873599e+02 5.925918670888952420e+02 6.297380248228337223e+02 6.817020958316352335e+02 7.217336785499487632e+02 7.099369381865848254e+02 7.447572483037234861e+02 7.306420426079853314e+02 7.166556244567146905e+02 7.527368546036273074e+02 7.305829412923486643e+02 6.941670587306774678e+02 6.959870491490780751e+02 7.044831705422866435e+02 7.057869224760805764e+02
4.631001442814704205e+02 4.140974607739822773e+02 4.154587378842516614e+02 4.420284676099583976e+02 4.292318708320760834e+02 3.530159639841933767e+02 4.156666921948091158e+02 3.215854117861305781e+02 3.207130682836257733e+02 3.180647249712810662e+02 3.665471498263856347e+02 3.756931314871058589e+02 2.947045438744160037e+02 3.894355868200696591e+02 3.232838120762610856e+02 4.175818308025390024e+02 3.542383519282773818e+02 3.659441879463083751e+02 3.778926384480926686e+02 3.901117227169201556e+02 4.563822696748036947e+02 5.363816981585598569e+02 5.434775537579951106e+02 5.009523521585213643e+02 5.540506420420622362e+02 6.446561512266202953e+02 6.364957760312696564e+02 6.203205541772764491e+02 6.939095546855264729e+02 6.771179591669285855e+02 6.344714377406866106e+02 7.008793856600624395e+02 6.887202691981088947e+02 6.038963584598183161e+02 6.065647233972941876e+02 6.144086716757074100e+02 6.157243416524435133e+02
4.222068263023595591e+02 3.494115190004395686e+02 3.495517682848110326e+02 4.434520581475894687e+02 3.893686454509368104e+02 2.970761725826892530e+02 3.753084419616780565e+02 3.352285192445700091e+02 2.535004081987670190e+02 2.624657702210628258e+02 2.715902975631697700e+02 2.808123323229761468e+02 3.757476960945569999e+02 4.276417307029627182e+02 4.175927574481153215e+02 3.379149338298198018e+02 4.320163611739883436e+02 4.595647606375704299e+02 4.713060380961077271e+02 4.833741565361249286e+02 4.082830670440110907e+02 5.013273865332820378e+02 4.510987114921238685e+02 5.434885110395406400e+02 5.921833390133321018e+02 6.144202208456855487e+02 5.636804468122705885e+02 6.542742584479261723e+02 6.997824382745099001e+02 6.656713955901981308e+02 5.923848917286463802e+02 6.474721777715469671e+02 6.989162262744370082e+02 6.282194334309340320e+02 5.392693886689490910e+02 5.510206729313366623e+02 6.419669485312771258e+02
3.511811657296587441e+02 2.956501256385556644e+02 3.903279078590661584e+02 4.118125632331521047e+02 3.498874791458661662e+02 2.564426847144995918e+02 3.244544385292945776e+02 2.411332033821357186e+02 3.366490033667737407e+02 3.575941857514117714e+02 3.665963340117817779e+02 3.756876204173682936e+02 3.238687194819176511e+02 4.181775060156834911e+02 4.701441062539672089e+02 4.320158858243526652e+02 3.750977370964949387e+02 4.116879435317658817e+02 5.046949029703739598e+02 5.390354831295682061e+02 5.013150624444336358e+02 4.273300189510005680e+02 5.200854222731053369e+02 4.798991992893224392e+02 5.007600005057157091e+02 5.233973156559587778e+02 6.146358204491565402e+02 6.848769456513584828e+02 6.525070056746346836e+02 5.960261437900787769e+02 5.469232822788532076e+02 5.741216111426955422e+02 6.648313617321692846e+02 5.963279904186616704e+02 5.051295760733157749e+02 5.963251331563928943e+02 5.961839544621709592e+02
2.558833057490827798e+02 3.511687691066309185e+02 3.547218952738080588e+02 3.446597707992152664e+02 2.784717940335945059e+02 2.210897260921085206e+02 2.292949144751797519e+02 3.249788228637683574e+02 2.888350280957660630e+02 3.544830857026203716e+02 4.468669762013017248e+02 4.561269251265279081e+02 3.792421518653288217e+02 3.908419757359346249e+02 4.841730322967322309e+02 5.065767904456452584e+02 4.235903848919639927e+02 4.958442708171097024e+02 4.784466882756340169e+02 5.704858319615185565e+02 5.547395467821062311e+02 4.640473109475337878e+02 4.717741302823340561e+02 5.638285586544776606e+02 5.911266237835317270e+02 5.868463852897509696e+02 6.416944478525045952e+02 6.293409801441284799e+02 5.897060272505049170e+02 5.252465219880745053e+02 5.055747804481773073e+02 5.974074638275033067e+02 6.358129011834191715e+02 5.750987938749547084e+02 4.835109607830091250e+02 5.214576155751069564e+02 6.129292335906071685e+02
3.241200552651805538e+02 3.262099124560850782e+02 2.595163415112394318e+02 2.946744383082410650e+02 2.097681286945931163e+02 2.775498639209495195e+02 3.247551236433022268e+02 3.069123593747688687e+02 3.835858336665079946e+02 3.571319261835835164e+02 4.502421239314861623e+02 5.099300270928394525e+02 4.727393510717471941e+02 4.841716825914812148e+02 5.220162744666722574e+02 5.540356969338562294e+02 5.164525080737862481e+02 5.525999666536918085e+02 5.695864314685028376e+02 6.075260787853442253e+02 5.936418598263295507e+02 5.128338416264633679e+02 5.638258223884724885e+02 5.264202448963872030e+02 6.175900442142118436e+02 6.769908331704306192e+02 6.377749302175330968e+02 5.703507680956840886e+02 5.026560039935139912e+02 4.698019470420521770e+02 5.621558968316538767e+02 6.062155444203289107e+02 5.672857350756007691e+02 5.069273761538747181e+02 4.629804356721373892e+02 4.981563307253742323e+02 5.515220195685844828e+02
3.156360965137175185e+02 2.765570987949207051e+02 1.909590484139881426e+02 1.986459807475157220e+02 2.947471414540823389e+02 3.446548342896452937e+02 4.107257352249058613e+02 4.014378102202022660e+02 4.390727454379760957e+02 4.509327446678079241e+02 4.890103256614888210e+02 4.924590163350442253e+02 4.662980926290883303e+02 4.668365235270560447e+02 5.044446191912582549e+02 5.234709016027533153e+02 4.860121927456019080e+02 5.228276748993896490e+02 5.618354287636319668e+02 6.146036160148612453e+02 6.414058857737550170e+02 6.043611257229450757e+02 6.390664698113154145e+02 5.929613705618004360e+02 6.380270602594405318e+02 6.365250129938649479e+02 5.936896357607312211e+02 5.115091934954961630e+02 4.399717491132722671e+02 5.324759695281284166e+02 5.963058950713299282e+02 5.518934830501082160e+02 4.766563850784432361e+02 4.410929588896894984e+02 5.337953551500636422e+02 5.387003739068519508e+02 5.733650840984287242e+02
2.659952239155446136e+02 1.801894534008734752e+02 2.765642179252276378e+02 2.945689948674101402e+02 2.544765086298195342e+02 3.098431378351302783e+02 4.043604396205821558e+02 4.317659427285429956e+02 3.934137528564461377e+02 4.155590656395798419e+02 4.418106082366821852e+02 3.992396569465493599e+02 3.727218511214657042e+02 3.732186863721476584e+02 4.257323885948101747e+02 4.416993888370606101e+02 3.926625916728966104e+02 4.314443268023250653e+02 4.853433533424259281e+02 5.773246508397852494e+02 6.167271703176442088e+02 6.297862001442673545e+02 6.674966215011021404e+02 6.830061245984268226e+02 6.591440992856861385e+02 5.884064990162397635e+02 5.171343320900958815e+02 4.637767731093459247e+02 4.218115896912930793e+02 5.142206975922752008e+02 5.340328509544656299e+02 4.874091286943835826e+02 4.211979311529997290e+02 5.141789520343072581e+02 5.069369828977733050e+02 5.720747434629232657e+02 6.299611312675904173e+02
1.695886324520854771e+02 2.655326368942865543e+02 2.587771254440389725e+02 3.540137196211811670e+02 3.497809117882457031e+02 3.884623760867388569e+02 4.426865643098797705e+02 3.773792973637915793e+02 2.987152152931938645e+02 3.211902010705338171e+02 3.478735618185224325e+02 3.816525882450799259e+02 3.051862159971928463e+02 3.188017655799699810e+02 3.331187243148086736e+02 3.478830175458521694e+02 4.418766807352090495e+02 4.853503425986814364e+02 5.061612514851804576e+02 5.269912936750420158e+02 5.256548702650584346e+02 5.393518324203882912e+02 6.263239271968684534e+02 6.785238308463718795e+02 6.385311002776544456e+02 6.011743205908999244e+02 5.628251592215963228e+02 4.705813663424148103e+02 4.056014521952523637e+02 4.985154297628378117e+02 4.792945505804545405e+02 4.029679324606753426e+02 4.962214563222972856e+02 4.962229248173695169e+02 5.855234307704706680e+02 6.358223732947360531e+02 6.995690039294094049e+02
2.401688480904017240e+02 2.383294715912545598e+02 3.337713358764389682e+02 3.922974555764795355e+02 3.944627148506324943e+02 3.559226865564102127e+02 3.629576424822903959e+02 3.241164267947283406e+02 2.431231013783116168e+02 2.538102801988638646e+02 3.491598394611017966e+02 2.867868674696161406e+02 3.816749723668219758e+02 4.130894407720273307e+02 4.271758140090860252e+02 4.417253060123932187e+02 3.728558870742411955e+02 3.922616327316870866e+02 4.134232954834809561e+02 4.363991198168283177e+02 4.618317655897319014e+02 4.973154557855366420e+02 5.506539308286111236e+02 6.416434254289448518e+02 5.855537248128131296e+02 5.097000296085460604e+02 5.487514088360545657e+02 4.593887359966268491e+02 3.902734912396596201e+02 4.631672468283609305e+02 3.857861061528478217e+02 4.792845721945765263e+02 4.793136167827223630e+02 5.714316502023427802e+02 6.253177738156405212e+02 6.705781894030156991e+02 6.717362695093906950e+02
3.346239796002985827e+02 3.338172250995548325e+02 3.726147605575638408e+02 3.469718669457236047e+02 3.397530954451493699e+02 2.606766786467582619e+02 3.098740606374105369e+02 2.284088571090790651e+02 3.236021211747435018e+02 3.490731716225426453e+02 2.695400452938468447e+02 3.576727813733996868e+02 3.407593529609246161e+02 4.047917613818129325e+02 4.958732856705554468e+02 5.043159800796209993e+02 4.281200355797117822e+02 4.571940218961999562e+02 5.061580259105700748e+02 5.286899231797900711e+02 5.535532094083101811e+02 5.879724280702753276e+02 6.263270861307780706e+02 5.800400524249250793e+02 5.425308691483651273e+02 4.555820035612537708e+02 4.890785699757205975e+02 4.832831379737966699e+02 4.507452604358870758e+02 3.694149471158580695e+02 4.612431137184462386e+02 4.527628052792168205e+02 5.452944236007396057e+02 6.087752131786201062e+02 6.138980361989739549e+02 5.811477215276886454e+02 6.717621979255739006e+02
3.412947221684139549e+02 3.758134879734341212e+02 3.185797363592049010e+02 2.516102292322583196e+02 2.879915524394266981e+02 2.047306990743150550e+02 2.140273627504987530e+02 3.099421836668572041e+02 3.629435918200763922e+02 4.031191335973017544e+02 3.646656126767940123e+02 3.175819860471016227e+02 4.119327859020705773e+02 4.200201428493866160e+02 5.104447970040947666e+02 5.571581669896092990e+02 5.209166193903429303e+02 5.495506359187832004e+02 5.376834851959486059e+02 5.755475657994746825e+02 5.894270682916725264e+02 6.270546698274441724e+02 6.178108558350589874e+02 5.425189150529007520e+02 4.499779404241554630e+02 4.770679879317583527e+02 3.957296491605542883e+02 4.386581994415991517e+02 3.568110006441320365e+02 4.507418922897367679e+02 4.642719896734944314e+02 5.448794832710410674e+02 5.828019899904138583e+02 6.127303477435318655e+02 5.224274100520390220e+02 6.094635481387745131e+02 5.937382010795960241e+02
3.842952174080888881e+02 3.066656641349081269e+02 2.439409158267697819e+02 1.831536897838262234e+02 1.918321743730012372e+02 2.880634307944912962e+02 3.098544158602107927e+02 2.492932148941600587e+02 3.447099245314204268e+02 4.214560896371300487e+02 4.499889697573605645e+02 4.120082824794727685e+02 3.844763389967926059e+02 4.779109494443687254e+02 5.506312875614726181e+02 5.206272248911992619e+02 4.819544323198956022e+02 4.614104344167939757e+02 4.453969604925409271e+02 5.207778267316496112e+02 4.980057152964393481e+02 5.898407586126057822e+02 5.532101400980436665e+02 4.885580078355560545e+02 4.770613137406137980e+02 3.835472879655413863e+02 4.270429289285689265e+02 3.445510455137463168e+02 4.386629227316296920e+02 4.348871194599851719e+02 5.276713299207489172e+02 5.939934293518621189e+02 5.885002652286686953e+02 5.511393963962808584e+02 4.891216132456057721e+02 5.187852558850993319e+02 5.837962767710388334e+02
2.949958736070066720e+02 2.557794326899200428e+02 1.710289676714048142e+02 2.660007391584383640e+02 2.879987379770759048e+02 2.376826351409407039e+02 3.332449359856297519e+02 3.447029703606414159e+02 2.884651737764053223e+02 3.351649939570971810e+02 3.896840282190778453e+02 4.827599733740006513e+02 4.779183019706040341e+02 5.155502704949950612e+02 4.924391960701856874e+02 4.534379550034446993e+02 3.895375301800730199e+02 3.676746891414500169e+02 3.975068890855645805e+02 4.315435726382207804e+02 5.241367369970413392e+02 5.466752628403913832e+02 5.155244823814161919e+02 4.225717271450656085e+02 4.567670050557618424e+02 4.269748396696436430e+02 3.327658744188378250e+02 4.269782119784533165e+02 4.768236730728947919e+02 5.272500624520046131e+02 5.336301007083400236e+02 5.699870277355316830e+02 5.508489949400685646e+02 4.587089733852777158e+02 5.508639431988885917e+02 6.092549625479097131e+02 6.103276787918624677e+02
2.440642985707874288e+02 1.591040349953948692e+02 2.557932679732571728e+02 3.067068504318613691e+02 3.714912104491993432e+02 3.076046256302866482e+02 3.048510029116566784e+02 3.988455479677440394e+02 3.562926718387043934e+02 3.567173705522459954e+02 4.500019113121915666e+02 5.208768513462081273e+02 4.897132213547115498e+02 4.515296478590144034e+02 4.372360542128194538e+02 3.605718290107405437e+02 3.330223103636889164e+02 4.001008121853199668e+02 4.901519672685863611e+02 5.229939485119903111e+02 5.189621882686092249e+02 4.542111361841662074e+02 5.178555025163230994e+02 4.567727394784704984e+02 3.629411559870679866e+02 4.099256435511595100e+02 3.247224795430237236e+02 4.191098872867549403e+02 4.446362806357943782e+02 4.588775047784153003e+02 4.409796421333529111e+02 4.964441179413934151e+02 5.104087784825950393e+02 4.394527413529229989e+02 5.045519311925743864e+02 5.962770048369130791e+02 6.427461081644210026e+02
1.472961424669589405e+02 2.441537051499439599e+02 2.312151507251412852e+02 2.985179753535439318e+02 3.925554002459157914e+02 4.017932463186218115e+02 3.994519898856206055e+02 4.378147231357245914e+02 4.500588668766536671e+02 4.505628939710200029e+02 4.886311397536305208e+02 4.592150470370685298e+02 4.206859826132842954e+02 3.578082473016344807e+02 3.724209677411840858e+02 3.041769195535025574e+02 3.988397099878451399e+02 4.654850511234889154e+02 5.311791711551542221e+02 5.470067617138308833e+02 4.554516910666492890e+02 3.875976321174219947e+02 4.300292719044331875e+02 4.360590111841399903e+02 4.009993706263033459e+02 3.154082680472010338e+02 4.099392041575440544e+02 3.411665150584274215e+02 3.529723123659002795e+02 3.651499639990310584e+02 4.589523224371983474e+02 4.032077839292601311e+02 4.174858130303563257e+02 5.105178602141529041e+02 4.816777458060795993e+02 5.149403887052078517e+02 5.539476937003137209e+02
2.441019596029975958e+02 1.529397949402257098e+02 2.497233371034874381e+02 2.945100262013340853e+02 3.395681666095433116e+02 3.786840951667101649e+02 3.873823714115630992e+02 4.260867238994712807e+02 4.526016741387161915e+02 4.143362072726497445e+02 4.511274617976508807e+02 4.183345227231790204e+02 3.268480471251275503e+02 3.488391545278694252e+02 2.788808620661292252e+02 3.739154022620517708e+02 4.372447794898484403e+02 5.035957715391818965e+02 5.095820213088506421e+02 5.520319381320113052e+02 4.849667843974983157e+02 3.915534307666094946e+02 3.357922610410278708e+02 3.921201100364424974e+02 3.063409107892567818e+02 4.010001395320450683e+02 4.482804805400045325e+02 4.353161087171972667e+02 4.203550196860442725e+02 4.588818759166536552e+02 3.834482109348153358e+02 4.769886088228675476e+02 5.102166510149068586e+02 4.928086182118581178e+02 5.731851403207036810e+02 6.053715896480827041e+02 6.427472594677284405e+02
