output/example/elevation_000001.asc
nrows	75
cellsize	133.333333333
xllcorner	0
ncols	75
yllcorner	0
NODATA_value	-9999
[rows 0 to 16 of 75, columns 37 to 73 of 75]
4.381063085882300925e+02 4.568952148067171493e+02 4.776334268413800146e+02 5.001938646364490069e+02 5.251877800158656555e+02 5.531389700363182556e+02 5.852144104991650693e+02 6.219839698802796875e+02 6.648219798121486974e+02 6.674289335183908634e+02 8.321582894662952867e+02 9.053648710056546633e+02 9.333613357873715586e+02 9.585862386566091118e+02 9.615177244438722255e+02 9.261418414880395176e+02 9.050545521709503873e+02 8.663631610144228716e+02 8.303361782991938753e+02 8.158295896080360308e+02 8.045782941300150242e+02 8.045783165114435178e+02 9.292418218716786669e+02 9.293268210645416048e+02 9.456678925454413047e+02 9.781343056984512714e+02 9.796079061658529099e+02 9.844972238714827881e+02 9.913196569901411976e+02 9.935538095921660897e+02 9.972038453120168242e+02 9.984112500032089201e+02 9.988562808163067075e+02 9.994046507042903613e+02 9.998747776642882172e+02 9.999915197528350745e+02 1.000000115953978479e+03
3.020958988719228842e+02 3.157892210823891332e+02 3.305420614395348480e+02 3.461465120274499441e+02 3.636044450845705001e+02 3.825347138822446595e+02 4.047610751044577455e+02 4.301878020948913672e+02 4.632154360049553929e+02 6.674287491684181077e+02 7.397720983035806057e+02 7.983134711916452488e+02 8.610155335832905621e+02 9.395259737235057855e+02 9.006909333917999447e+02 8.416956670317383669e+02 7.530699079339932496e+02 7.808322818071510483e+02 6.183246860042488606e+02 5.915357650199284762e+02 5.715999615794419242e+02 8.045783115169238044e+02 8.315482335306952564e+02 7.914959910509480778e+02 9.293321793346030972e+02 9.207682458766627178e+02 9.273355444189587615e+02 9.622955036291484703e+02 9.588368636390416668e+02 9.811644273355328778e+02 9.887002387559838326e+02 9.898917208129587380e+02 9.943363439049003318e+02 9.985540787179169229e+02 9.997588072569254791e+02 9.999704697088826606e+02 9.999277731052254694e+02
3.904442299542192245e+02 3.716952499385647002e+02 4.450763235376390412e+02 4.140239253532014914e+02 5.248492255964818014e+02 4.474245629869681125e+02 5.852161636635205468e+02 5.120475468118561366e+02 6.647122834605644357e+02 5.326189177787537119e+02 6.003691407259150310e+02 6.930642041470639469e+02 8.123561165063383669e+02 9.248190725677336559e+02 8.717026592980207624e+02 6.746975528977995964e+02 7.415201901554298729e+02 5.425929773403883019e+02 6.293844313747733850e+02 3.959996562330277357e+02 6.572298633916758490e+02 7.057544191490829917e+02 5.993904243742723565e+02 8.316569831724020787e+02 8.644956941201271547e+02 8.090666447311815546e+02 8.995684483033871857e+02 8.632604384177323027e+02 9.204839965051859281e+02 9.646135375974138242e+02 9.507966965110919091e+02 9.782656093030893771e+02 9.951542236952533358e+02 9.992980142264005963e+02 9.997822668887112059e+02 9.997636166057657192e+02 9.996247928522419670e+02
5.496987198753244002e+02 5.315412710347895882e+02 5.098659070749557713e+02 5.402441472826243398e+02 6.683766194171349753e+02 6.311139172812614788e+02 5.966295990437122327e+02 7.104757111071102145e+02 6.868390455760310260e+02 7.347973709919576777e+02 7.877302989294009876e+02 8.378675247824171493e+02 8.895927765267056202e+02 8.857384309473783333e+02 8.105263496426304073e+02 7.310103798307889065e+02 4.838346071034728766e+02 6.042740751396088399e+02 3.759192156977866830e+02 6.299878972146307206e+02 4.186840641076781253e+02 4.359966629145466754e+02 7.066234956096761834e+02 7.604722908629206586e+02 6.506071141789701642e+02 8.490638316720372814e+02 6.930491207119968067e+02 7.641604165676956200e+02 8.341474833197048611e+02 8.940971819166005616e+02 9.763095492134956430e+02 9.930298775583645465e+02 9.973194988102791285e+02 9.992875890763081088e+02 9.986605802540181003e+02 9.983139855998216490e+02 9.993080644434143096e+02
5.922119594813591448e+02 6.677220234489764152e+02 6.794327485731947718e+02 7.255739103822348852e+02 7.775290634052100813e+02 7.762753928543085067e+02 7.652621355757133870e+02 8.065443457558532145e+02 8.466369679850511147e+02 8.769446519721018376e+02 8.909005329239291768e+02 9.033182032235079078e+02 8.875638997212935237e+02 7.714002511284436423e+02 6.582438530566089412e+02 5.570662626660258638e+02 5.801231377295206357e+02 3.576849029265192144e+02 6.042231935523672064e+02 6.490851078838473995e+02 6.597926934756605988e+02 7.069815073986853804e+02 4.643039924441576431e+02 4.863747718934471891e+02 7.606899251889942661e+02 6.027816572562978763e+02 8.502165253702212340e+02 9.232383257558894911e+02 9.481095975710105677e+02 9.680500654049029663e+02 9.763284282276999875e+02 9.955846253062078404e+02 9.972143643658536121e+02 9.979353467495925543e+02 9.939041711070253768e+02 9.962041769615495923e+02 9.992216178842789986e+02
4.506353210082536975e+02 5.661917275083378627e+02 7.229106618258615526e+02 6.994434387572734977e+02 6.440538866267036155e+02 6.141413685632094257e+02 7.762919622620430573e+02 8.351337405442637873e+02 8.671790137541061085e+02 8.398316665042988234e+02 7.668979990492757679e+02 7.980621435106626222e+02 8.027906743683197419e+02 6.639958711981189481e+02 4.607188493552242790e+02 5.550867075846500711e+02 3.410781479903836271e+02 5.801228607234903620e+02 6.033084623662467720e+02 8.090393842787193535e+02 8.598669133216787941e+02 7.926309986029139054e+02 6.479041323826405687e+02 7.604748510181375423e+02 5.231224400316006040e+02 7.934181400924378522e+02 8.842096858450178161e+02 9.548173022833080950e+02 9.548048397017289517e+02 9.893015252405576803e+02 9.916113141838980027e+02 9.924509071233848090e+02 9.846282964363197152e+02 9.925025303574674354e+02 9.859074855328824469e+02 9.954141157558530040e+02 9.990450132556359222e+02
5.922124310700019123e+02 6.330016029134314977e+02 6.118179845134493462e+02 5.505254599415585517e+02 4.688707127260972243e+02 6.440538428183368751e+02 6.958321528362423578e+02 6.746269472179845934e+02 7.656920264762674151e+02 7.166036502192549733e+02 6.365633119849039758e+02 8.030763117872661496e+02 7.432311148718255254e+02 5.390381028805992401e+02 5.258765315436213541e+02 3.262777197589543334e+02 5.580936018117084814e+02 3.991910467269521519e+02 6.567329334991180758e+02 7.925201892841585050e+02 8.646373353780038542e+02 8.925616253605196562e+02 8.618024317370790186e+02 8.015939142156457820e+02 5.575929738856341373e+02 8.199084717477165896e+02 8.815023938468349343e+02 8.402670107922403986e+02 9.548201297675532260e+02 9.780809517664960140e+02 9.616216777269123668e+02 9.780809715729265008e+02 9.511810732869255389e+02 9.702192896563543627e+02 9.925149075742663172e+02 9.975576573808643843e+02 9.992819111798743279e+02
4.747094267800904959e+02 4.740734157808693681e+02 4.823600679077314908e+02 3.908136992947378303e+02 5.505260626608295524e+02 5.645763840240042555e+02 5.078603780180489480e+02 6.912888746792059464e+02 6.414809779391672464e+02 5.339929597110088935e+02 7.166024949697306283e+02 7.271531216549896044e+02 5.957683554950680218e+02 4.487872484358391603e+02 3.124055844636692996e+02 5.354594185711007412e+02 5.999596264362736520e+02 6.567259990871098125e+02 4.792716051971278830e+02 6.072668694727234424e+02 7.532618313746686454e+02 8.914007275534296468e+02 9.505106194265493968e+02 8.247787084546594087e+02 8.204179978518088774e+02 6.139459484068821666e+02 6.586371462537074422e+02 8.823880434873809691e+02 9.336351279204349112e+02 9.506374842381677581e+02 8.805134060441617976e+02 9.158456287052032394e+02 9.753375452735058388e+02 9.915633343468996372e+02 9.957928125155702901e+02 9.990780819519025044e+02 9.997263057438531177e+02
3.332825310737486006e+02 4.262526619422932868e+02 3.401584311687826698e+02 4.657204138440058614e+02 4.731153316448350097e+02 4.083475327564322015e+02 5.392891896968309311e+02 5.788618399096455960e+02 4.640223938305588263e+02 6.414752860975398789e+02 7.224651497858812945e+02 5.774656860982538547e+02 4.311825325611014819e+02 2.993601022954254063e+02 5.103041968005146600e+02 4.360766705235900531e+02 6.846996304233820183e+02 7.826368869745480197e+02 7.394322913363541829e+02 6.171231347262636291e+02 8.421577369230249133e+02 9.223597218252368748e+02 9.625046405314928961e+02 9.329423215276995052e+02 7.809909080427638628e+02 8.569684833577521204e+02 8.815708522926996693e+02 7.265496486902619608e+02 7.756628938421830526e+02 8.227817086447614656e+02 9.526773299624787796e+02 9.697425709262942064e+02 9.857571852034476478e+02 9.964759474848113996e+02 9.984384894528895984e+02 9.982696031073816130e+02 9.982906088910418703e+02
2.854486655028809992e+02 2.983026003584025716e+02 3.137812755922138876e+02 3.298619791089438422e+02 3.472884383305569145e+02 3.675687381403860741e+02 3.897365191411302021e+02 4.152888965324352171e+02 5.802167944169615339e+02 6.989497321355377153e+02 5.608346251224959360e+02 4.233813368555792067e+02 2.869168958865935224e+02 4.985958830465912683e+02 5.957433599990597486e+02 6.838388405322529024e+02 6.495918753802418451e+02 8.432041308617486948e+02 8.764583859102704082e+02 8.422687496163595142e+02 7.820813681110212201e+02 8.961334489639195908e+02 9.711059047482285678e+02 9.488482666941280286e+02 8.935855724217587976e+02 9.488484716913108059e+02 9.348029183219941842e+02 8.758493602821332615e+02 9.010618829872037168e+02 9.469027871748535290e+02 9.400975743389910804e+02 9.869680044801596068e+02 9.942847413668474701e+02 9.933817683623881294e+02 9.893140219157490947e+02 9.885158033056798104e+02 9.965230788840252671e+02
4.084831879906184327e+02 3.638702804875251218e+02 4.422443479599760963e+02 3.991875523845760654e+02 4.831719517778848854e+02 4.605219699975593812e+02 5.417541023561209386e+02 5.788646830941728467e+02 6.422415813537668328e+02 5.444384115703975340e+02 4.648712956871718234e+02 2.758296764280271987e+02 4.814978062728566215e+02 3.198486650085433212e+02 5.483834005066668169e+02 6.020281062884801031e+02 8.037494026963875058e+02 8.761876476113577610e+02 9.119353702521733567e+02 9.383888156446087123e+02 9.269694754277317088e+02 9.438606748247174210e+02 9.781299343514023121e+02 9.790710199415885882e+02 9.722982222733450044e+02 9.790726016323932299e+02 9.754749299846112081e+02 9.675402053303839693e+02 9.745801326131223732e+02 9.808097239112026955e+02 9.868237834202865315e+02 9.902635416881979609e+02 9.779877681284654045e+02 9.705115975735915299e+02 9.512984033195280063e+02 9.820578816604328267e+02 9.953297736267057871e+02
5.385305411201968582e+02 5.135928256779652656e+02 5.758416501796255034e+02 5.587617853489828121e+02 6.203256273043824649e+02 6.259714856718921965e+02 6.269593687359598562e+02 5.612438546461768283e+02 5.283872776037503627e+02 4.488285226482572057e+02 2.651586715508732368e+02 4.648712767556124845e+02 5.558290109021102126e+02 5.483818265546433395e+02 3.587623495272246146e+02 6.038178121921788488e+02 7.160742265476461625e+02 7.209873251025637728e+02 7.846582188330980898e+02 8.807867720651244099e+02 9.264712705475841403e+02 9.617978091609228386e+02 9.850991450941127141e+02 9.917957798670825014e+02 9.836936542757265443e+02 9.666081585382881940e+02 9.559857387936118585e+02 9.441881515342996636e+02 9.576140988889475238e+02 9.713137608900365194e+02 9.771640809497835107e+02 9.551335471807233262e+02 9.403756274525293293e+02 8.645215669519363928e+02 9.289990491754823552e+02 9.718980504940399214e+02 9.937693364390024726e+02
4.028080368603785359e+02 5.272426087804129793e+02 5.192112944626555873e+02 5.137694171991304302e+02 5.075098503994071280e+02 5.811616703588473456e+02 5.014410407117391628e+02 3.345883949187875146e+02 4.329801178358236484e+02 2.549921563084828335e+02 4.488285394636435512e+02 3.447870413487769952e+02 5.774506516836054288e+02 6.742374009052182373e+02 6.038177900626210430e+02 4.096961000710215330e+02 4.587053908313292254e+02 5.272540799853077260e+02 6.238356496679128895e+02 7.321129517938964000e+02 8.389923437064868494e+02 9.277083298574651735e+02 9.804542634573990654e+02 9.841504604266360730e+02 9.542553209991584708e+02 9.185505363403472074e+02 8.437281935947459033e+02 8.058659776220191588e+02 8.643278917785862632e+02 9.370671494976483018e+02 9.202327890206452139e+02 8.688436075007233512e+02 7.668404501808323630e+02 9.403756852258916297e+02 9.730378926495503720e+02 9.898722089798412753e+02 9.953260988904720534e+02
2.783728865060130033e+02 4.009375191625975390e+02 3.149617778814355802e+02 3.180742459654751428e+02 3.027863742030102685e+02 3.973805713479377459e+02 4.075110585853451539e+02 2.385518897994490146e+02 2.451604314766976245e+02 2.989095518333216432e+02 5.031546216932568996e+02 5.775312494502078380e+02 4.811689621707834021e+02 7.178117743038192202e+02 7.307464222131790166e+02 5.206426889580033048e+02 6.571034541478595656e+02 7.206790921071975617e+02 8.026054141611392652e+02 8.808404550431387179e+02 9.264719771927390184e+02 9.617980494972542829e+02 9.565190932644857185e+02 9.430848319291642383e+02 9.205709606611711706e+02 8.422425411604879173e+02 7.503427029394830470e+02 6.150020765364573663e+02 7.722414216820039883e+02 8.731811718393905721e+02 8.366653242293967878e+02 6.527012326555505979e+02 8.950549645376019043e+02 9.551354116483632879e+02 9.886743389885822353e+02 9.966537115407840020e+02 9.981734294911090046e+02
1.905468356205570615e+02 3.428899371072960207e+02 2.059289755094610257e+02 2.115860915764264121e+02 2.173821982302586662e+02 2.233426394145511154e+02 2.294580193992401291e+02 4.044811858065976935e+02 4.329370952553657617e+02 3.519698292800982244e+02 4.184757961003170408e+02 5.706324748984926600e+02 7.171872267134932599e+02 6.892636130642865737e+02 8.168041997961098559e+02 6.914364199089889098e+02 8.172397981254346178e+02 8.798506288159717315e+02 9.124157027185560764e+02 9.364972533882448715e+02 9.197082488554315205e+02 9.380811688262411963e+02 8.993626908887594027e+02 8.165142744849905512e+02 8.017609604599716704e+02 8.594014846342572582e+02 6.249751166022691677e+02 4.813471316952493453e+02 7.291221652106790998e+02 7.673449367961754888e+02 5.436251122399982023e+02 8.365934704420723165e+02 9.202922197075906752e+02 9.354367257800773814e+02 9.831445162968009299e+02 9.907247469926426220e+02 9.891204166243575173e+02
3.428900344202826886e+02 1.980997484351323692e+02 3.554699597355244123e+02 3.771619543269415544e+02 3.267314213379777357e+02 3.353390416590095242e+02 4.073020374397041223e+02 2.924001852392021874e+02 4.966327336539530393e+02 5.718570470132382297e+02 5.338245936331443318e+02 6.376434249529750105e+02 7.919570004754426691e+02 8.615076916972294612e+02 8.908617382778855927e+02 8.773596486349837278e+02 9.042793179309992411e+02 8.883874605437214313e+02 8.574180589763963098e+02 8.713506115358093211e+02 7.633611853105880982e+02 8.713523913244749792e+02 8.698856413104724652e+02 6.539996739155112664e+02 6.309905981790603846e+02 7.329761261805161894e+02 6.373347433484044586e+02 3.986411798336586685e+02 4.238693039023205529e+02 4.538611134732968821e+02 7.687777742978369133e+02 8.589587296027956427e+02 8.066946207716418940e+02 9.470557243071667699e+02 9.736414041866576099e+02 9.524836348996370816e+02 9.842300941674068326e+02
4.301616813996189990e+02 2.819198690882664664e+02 3.036229291412179805e+02 5.017960947459378644e+02 5.271227869539369522e+02 5.401469000761067036e+02 5.801888163831861220e+02 4.338951004117013781e+02 4.240866914642653569e+02 5.979807282725146251e+02 7.400881389836755488e+02 7.878762785870504786e+02 8.500562573450293939e+02 8.571914823830351224e+02 8.875651315248715036e+02 9.178934253124638190e+02 8.674181105298586090e+02 7.919070454149374427e+02 6.522440230676305646e+02 7.919069564143962907e+02 6.025638771570397694e+02 7.937091282435591211e+02 8.462248678447555221e+02 7.449887805984117222e+02 4.577898320481795054e+02 6.273775501515764290e+02 3.705827317047622387e+02 6.650980842205714225e+02 7.352242177666945508e+02 7.673449109188006787e+02 5.275435222543444524e+02 5.880224831860174390e+02 8.624965153643709073e+02 9.312979933010058176e+02 8.819779452809128770e+02 9.736414638426572310e+02 9.931326405729956832e+02
