output/example/elevation_000120.asc
nrows	75
cellsize	13.33333333
xllcorner	0
ncols	75
yllcorner	0
NODATA_value	-9999
[rows 51 to 67 of 75, columns 37 to 73 of 75]
5.636029157378891874e+00 8.130043701040545301e+00 2.042221508578808908e+00 4.042316412785130986e+00 2.615015923994228331e+00 2.805861066996497399e+00 2.791081472801128616e+00 2.791081472801128616e+00 1.160945993410399169e+01 3.098007672913368982e+00 3.318326580543577986e+00 3.536494479104594024e+00 3.536494479104594024e+00 3.536494479104594024e+00 3.536494479104594024e+00 1.324033192332073128e+01 9.823659303999859205e+00 1.942331017963319439e+01 2.128829868663406444e+01 1.962554578785720238e+01 2.393282618152485242e+01 2.980958633897372678e+01 2.820645530516839372e+01 2.651764625820350929e+01 3.612713374500231112e+01 3.054705364047214644e+01 2.071979586065651091e+01 1.494356250272222653e+01 2.203045908100589045e+01 1.340774594476878434e+01 2.334732363464916105e+01 2.588726735115318078e+01 1.849368225147032163e+01 2.864465354202840075e+01 2.952976431191476792e+01 3.273996192899251412e+01 2.983097550610374071e+01
7.912369559298646493e+00 1.380049193518660644e+01 1.317538714267996802e+01 2.323815779425855599e+00 4.753842676848563542e+00 1.194661072851372374e+01 1.274242362307863274e+01 1.215548458824096656e+01 6.147558998145290943e+00 1.282912507474616781e+01 1.195251993612414765e+01 5.935263720074409832e+00 9.475833232253954463e+00 3.536494479104594024e+00 3.536494479104594024e+00 1.339534244895448190e+01 9.934052398997884836e+00 1.913636239574843501e+01 2.106279217324580344e+01 2.531512160177544146e+01 2.846838225439797654e+01 2.438762769894350768e+01 1.965935224501610179e+01 2.933541979881510642e+01 3.371423626215314329e+01 2.990567283090132022e+01 2.279985315748945141e+01 1.280568468917460123e+01 1.207054750672213572e+01 1.318985684628707844e+01 1.937748705636656510e+01 2.966697796378514340e+01 2.864465354202840075e+01 2.141218038504118226e+01 3.157978114827502836e+01 3.902546701686399899e+01 3.976288783412871197e+01
1.681800888870560939e+01 2.055185818205621118e+01 1.253583963703427706e+01 2.719095404752513989e+00 1.187340947349733078e+01 9.324492878246125827e+00 1.798562203209376165e+01 9.828938325430408796e+00 1.564026261899763171e+01 1.963827313126595442e+01 1.950426567468905859e+01 1.505460993836140204e+01 6.560625584444062852e+00 1.560839432424073792e+01 1.336439157913440212e+01 4.139733786488004164e+00 1.396426239670076619e+01 1.284440407383648974e+01 1.102177805444436309e+01 2.109724671902119297e+01 2.438762678428304298e+01 1.435131288681404804e+01 2.438761383813604411e+01 3.246005766629090061e+01 2.832977992073023898e+01 2.023466668348161335e+01 2.071629968195176730e+01 1.062561120527387359e+01 2.072939792361341915e+01 2.573796984023057988e+01 2.627117307254855660e+01 3.376818510832423925e+01 3.568829968083110060e+01 2.735584861089447628e+01 2.486708021301909000e+01 3.493613169491147374e+01 4.368939764437035222e+01
2.616618311198545399e+01 1.914349067716018382e+01 1.027969685386348786e+01 3.054240695899196112e+00 1.281579170198616069e+01 1.591420372420975760e+01 2.174183770781229086e+01 1.932503858735469748e+01 1.401259202151276995e+01 2.349756891821130012e+01 1.956912560176629157e+01 9.655810064584471775e+00 1.643426045399473878e+01 2.053281191255389615e+01 1.806699393740163728e+01 1.395256048494765722e+01 4.139733786488004164e+00 4.139733786488004164e+00 1.399374169753424724e+01 2.194333317770026071e+01 1.809469387927231310e+01 1.140270838806031506e+01 1.750390845962354902e+01 2.850643272465831402e+01 2.442944015447144324e+01 1.444202651149388217e+01 1.858865216761651240e+01 9.685415479848996867e+00 1.366278270515880777e+01 2.081627509481546667e+01 3.118284266494087831e+01 4.055974445811295226e+01 4.143681616314380989e+01 3.734978025551336600e+01 2.906341335286439787e+01 2.969761227357302857e+01 3.546293914488638421e+01
2.206581406872664530e+01 1.164733238263511517e+01 3.716809376132443887e+00 4.954864941683784885e+00 5.188583770689232821e+00 2.028230901815723541e+01 2.794359895564820917e+01 2.674384012848981840e+01 1.737421716183833809e+01 2.674384012848981840e+01 2.367366318057316832e+01 1.956912560176731475e+01 1.311239104780637277e+01 2.310042997245910712e+01 1.980869683290126915e+01 9.716266408761288886e+00 4.139733786488004164e+00 4.562990787255050584e+00 1.438166206512598144e+01 1.424999590051197451e+01 7.967093643342565201e+00 1.806916083575604759e+01 2.487061338592338444e+01 2.427673132034957604e+01 2.153926265645956661e+01 1.744752449544046513e+01 8.449967830165304505e+00 1.571815389976875821e+01 2.370296441164389023e+01 2.190007740957920390e+01 3.204951368663208910e+01 3.527091267643212547e+01 3.945766621456466794e+01 3.898770804535487855e+01 2.906341335286439787e+01 3.898770804535487855e+01 3.673612191905532853e+01
1.886712330545874039e+01 1.404213198378733019e+01 4.267824573170020841e+00 1.346066852067087360e+01 8.067273051118794669e+00 1.409573144707634818e+01 2.480597100069486771e+01 3.052516969043537642e+01 2.271360697489783576e+01 3.052516969043537642e+01 3.119885854320123997e+01 2.128034968475977706e+01 1.611529453502134501e+01 2.611564972320446643e+01 2.398367317290806255e+01 1.821798428930376090e+01 1.399533230319299193e+01 1.429365104917256346e+01 5.101789876564632564e+00 5.101789876564632564e+00 1.488628308491611207e+01 1.500485336819001958e+01 1.623649195252906807e+01 1.370786229659323929e+01 1.602094895434202826e+01 7.382252069860135713e+00 1.712705335484571734e+01 2.143707607310044239e+01 2.932435624074768299e+01 3.205066495381366565e+01 3.367070021900486410e+01 2.531335541920533672e+01 3.367145860382232314e+01 3.837858188114706337e+01 3.898770804535487855e+01 4.306833602147981566e+01 4.654089574108544980e+01
1.596372720899792874e+01 9.154691696235866871e+00 4.830370318629801041e+00 1.370321478421550587e+01 1.778539534517917886e+01 1.427100683266445103e+01 2.222652159730279564e+01 3.340284994013441633e+01 3.149685800640775923e+01 3.524082450698010405e+01 3.527233280555926598e+01 2.611564972319423106e+01 1.993114606253996612e+01 2.987353676990262841e+01 3.163181900752411124e+01 2.160259170577649357e+01 2.158293538324369010e+01 1.655988440518902394e+01 6.519097309125051254e+00 1.496401226085042246e+01 5.653060124962561162e+00 6.052172789039273582e+00 6.438113658570742359e+00 6.438113658570742359e+00 6.438113658570742359e+00 7.004668615033973644e+00 7.004668615033973644e+00 1.706620979537736460e+01 2.214481837943595721e+01 2.886179785609460069e+01 2.540744147964862876e+01 1.998709700227003339e+01 2.406726014565585459e+01 3.143865851273432455e+01 4.263573221697564009e+01 4.383948374481012422e+01 4.383948374481012422e+01
1.885197421438535059e+01 1.090189084863310143e+01 5.385229144717366800e+00 1.230175176922091929e+01 2.256735961552622172e+01 2.464035593612986119e+01 2.885319859378587282e+01 2.619866877531120153e+01 3.048542993513454391e+01 3.565546731284040760e+01 4.004704296809894259e+01 3.394045384738837612e+01 2.572053701044556462e+01 3.394045384738837612e+01 2.870993675050864979e+01 1.865863310635166528e+01 1.144057639895967071e+01 8.782622848957538864e+00 1.657429788169346097e+01 1.978890784910267442e+01 1.280315531217198988e+01 1.603096274867309035e+01 9.761015793639014504e+00 1.647954330913617937e+01 6.438113658570742359e+00 1.656403451882667710e+01 1.606275896693041005e+01 7.885474299191507441e+00 1.802274049541906109e+01 1.946202775924056994e+01 1.617638337768281787e+01 2.136344953288978843e+01 3.093199418795707700e+01 3.837220058265021549e+01 3.925099605240631462e+01 3.438724905319650560e+01 3.438724905319650560e+01
1.570910897029754594e+01 6.597745077890430743e+00 5.997410057612417411e+00 1.548474650020947685e+01 2.040992556093570442e+01 2.493262615649191716e+01 2.071187639110213397e+01 1.597232079645586467e+01 2.105955998405423557e+01 2.832638551866202903e+01 3.886667941566001616e+01 3.961108865243203070e+01 3.554665022120749995e+01 3.241655493850428371e+01 2.241136770264956013e+01 1.656516380102631203e+01 2.160259183609612421e+01 1.897770358588185502e+01 1.212295278528715237e+01 2.226980757967759672e+01 2.373741502619215282e+01 1.649940844932464401e+01 1.525951322524213971e+01 2.104390981449827436e+01 1.666575845052827631e+01 7.629485134749920405e+00 1.792117952730563957e+01 8.577628523278153949e+00 1.859711632592569686e+01 1.294305930464559040e+01 2.221528233577989653e+01 2.946434541038075494e+01 3.506101773908870456e+01 3.474994735108037958e+01 3.421895282149842643e+01 2.743539092425102410e+01 3.368942393463515117e+01
7.715491648197577490e+00 1.565863656041150342e+01 1.549533459263138546e+01 6.763499902331243874e+00 1.627568873240476321e+01 1.706827744890318144e+01 1.074882948499525881e+01 1.562082160703466016e+01 2.281738560102251512e+01 3.301119181644158118e+01 4.060768831793812694e+01 3.653955443667620528e+01 4.072649616780799420e+01 3.655102564822090017e+01 3.077783590999521124e+01 2.241136770678744838e+01 2.807467402300391157e+01 1.802034069340539801e+01 1.554635016163475392e+01 2.227051066305488902e+01 3.037206348556424018e+01 2.339971064133030154e+01 2.224249103279008466e+01 2.508449456182503567e+01 1.465256828495027541e+01 8.565334193129276130e+00 1.906168588760978366e+01 1.865911061486065137e+01 9.685032198796077907e+00 1.965766133616182643e+01 2.348660279516668226e+01 2.794809800056878046e+01 3.134171043043926730e+01 2.498457772341891570e+01 2.661770536748637994e+01 2.388203743772498200e+01 3.093531988556081558e+01
1.160919226670366022e+01 1.821611866828053294e+01 2.042535518492206847e+01 1.627574102042970239e+01 7.496227069734327841e+00 7.496227069734327841e+00 1.706838150884814098e+01 2.493624983438033027e+01 3.003534944396397677e+01 3.486422250821266999e+01 3.058742605673704773e+01 2.616887645866806622e+01 3.352148771855165421e+01 4.348156134214227109e+01 3.655089407270789081e+01 3.241656753406952163e+01 2.624519485097448879e+01 2.807467403507728676e+01 1.913865665443461239e+01 2.918031969244026769e+01 3.644392711433881260e+01 3.327480473940326533e+01 3.238873947942780518e+01 2.934484409194114463e+01 2.010432588037793522e+01 9.625200501101167205e+00 2.010439442608659277e+01 2.068430564844526742e+01 1.966185160843838631e+01 1.091651532424935667e+01 1.914745410258067437e+01 1.948172286548509646e+01 2.521309047479764587e+01 1.805385616623504674e+01 1.997163948529811250e+01 2.348949723537447554e+01 3.051127499894625217e+01
2.069794244611399137e+01 2.506497825464646922e+01 2.345524953293085701e+01 1.776049049719940243e+01 7.496227069734327841e+00 7.496227069734327841e+00 1.711671001940214509e+01 2.560705982691083804e+01 2.980641054985158434e+01 2.615958442742905987e+01 2.008814374112647627e+01 2.749482439911039577e+01 3.766170835949967000e+01 4.443485846511610049e+01 3.992805806113550915e+01 4.034939770245202340e+01 3.621482044384186594e+01 3.330123324482531189e+01 2.419787641162921332e+01 3.330123324462997658e+01 4.047969529508099384e+01 3.029811698909558260e+01 3.029002298692306283e+01 2.682486036566502108e+01 2.115483493408586213e+01 1.075591060737331262e+01 2.115483493276430949e+01 2.293682692466446937e+01 1.580069361518324200e+01 2.071469675992145909e+01 1.214428761353804731e+01 2.178831867225288832e+01 1.560368747647012633e+01 2.526513220914915792e+01 2.990688944745355116e+01 3.338654039057998801e+01 3.051127499894625572e+01
2.776064880027283266e+01 2.668126664915160262e+01 1.624493241471319394e+01 8.782531599905055941e+00 1.761394515917549342e+01 8.159186562010587451e+00 1.755088628375723303e+01 1.626552308439386962e+01 2.521922971591719431e+01 1.559362823493731298e+01 2.615952512380497552e+01 3.019632372062400449e+01 3.553873749941979554e+01 3.592887032071671172e+01 2.884933841773636942e+01 3.787472163546491544e+01 4.328081719000628880e+01 3.828002442087699819e+01 3.416276297334874812e+01 3.828002442152309470e+01 3.756445352556670514e+01 2.728976659403983618e+01 1.983917797721464282e+01 2.236677205843257354e+01 1.234923184608858016e+01 2.115430296923288722e+01 2.543441316873265379e+01 2.773692531285524510e+01 1.985543029075634180e+01 2.558300545085205968e+01 2.178832588561707695e+01 1.330436232280562514e+01 2.287597893629544643e+01 2.930970261568172575e+01 3.528046430096537733e+01 4.092234139001426030e+01 4.032804509448416752e+01
3.182636042789306074e+01 2.185922414995169660e+01 2.022381321915914398e+01 9.774081192285626329e+00 1.915637714115181467e+01 8.800665351095290134e+00 1.071065509813134753e+01 1.811711410128739885e+01 1.980990857733534583e+01 1.070719986983753103e+01 2.075322471249725709e+01 1.801903104957047574e+01 3.001530249533998074e+01 2.515226657103373498e+01 2.261513078124799492e+01 2.799006988297216836e+01 3.570498159757022449e+01 4.650467291153982075e+01 4.208255510857902237e+01 3.694980146860548587e+01 3.274673516315507982e+01 2.921916035217762087e+01 2.428432366424206279e+01 1.394041083764010125e+01 2.266804321759822827e+01 1.779667559256544251e+01 2.826165573635689299e+01 3.213206951410713685e+01 2.484793748648678502e+01 2.937374728005227098e+01 1.961415860892627450e+01 1.418279034080222800e+01 2.374828886033806441e+01 2.141839721826448795e+01 2.710275243481836682e+01 3.689192407893244052e+01 3.977470492789234413e+01
2.579010690141009832e+01 2.173218690157109023e+01 1.138194598544224689e+01 1.732463928685325172e+01 2.409746208008169788e+01 1.895397980670462346e+01 9.618253607955733031e+00 9.618253607955733031e+00 1.016076485926643258e+01 1.070719986983753103e+01 1.070719986983753103e+01 2.075322471252674461e+01 2.414774794719868822e+01 1.766017498453922840e+01 2.830866073115549852e+01 3.406885653578778772e+01 3.847794061090228013e+01 4.385430219395497176e+01 3.792853469608823502e+01 2.756493563031875027e+01 2.216413081169376653e+01 1.862736545510482244e+01 1.557778906346692160e+01 2.428432366424208411e+01 2.856603363557584885e+01 2.826166016415591997e+01 2.521368694190459792e+01 3.562011845506506802e+01 3.123797281818573524e+01 3.339658518966312073e+01 2.777814753249778335e+01 2.374854187459404642e+01 1.540012911861490785e+01 2.502849780722924677e+01 3.110471089027939939e+01 3.291219882701068400e+01 3.006965572815738597e+01
2.583819515570570147e+01 1.561655702752877417e+01 1.267874256522430976e+01 2.307231102274055345e+01 3.174277178679773925e+01 2.365071641860545526e+01 1.330303401473670100e+01 1.945082766451498202e+01 1.992190549838334945e+01 1.376146992150902548e+01 2.075321222852440428e+01 1.178203186173630179e+01 1.178203186173630179e+01 1.658197663083130635e+01 1.970929569252058400e+01 2.323388934375940096e+01 2.864765137599008682e+01 3.949006167599303296e+01 4.208255502616058408e+01 3.694980146860548587e+01 3.274673516315507982e+01 2.602563166813667550e+01 1.557778906346692160e+01 1.557778906346692160e+01 2.295171445756153972e+01 3.344672428751923121e+01 3.562011845506506802e+01 3.980255322043991839e+01 4.140041316541246630e+01 3.734526235464029753e+01 2.880469266631506642e+01 2.208006918335637536e+01 1.656062011843884108e+01 1.729053382221892576e+01 2.705721945841550635e+01 2.305708327481507425e+01 3.291209870024826500e+01
2.053941694137969876e+01 2.429219814496414642e+01 1.396833388222232841e+01 2.429801767414338443e+01 3.023734453652217624e+01 2.890629070357393360e+01 2.107993260877951869e+01 2.841172930333834046e+01 1.922967610018213591e+01 2.417737257222797709e+01 2.641622473210377109e+01 2.203719406914239087e+01 1.325924840492063161e+01 2.378870374314152869e+01 3.045720080552396070e+01 3.406885653578778772e+01 3.847794061090228013e+01 4.385430219395497176e+01 4.210648586411335970e+01 3.191723626589691776e+01 2.578999929153109960e+01 2.044007982418585101e+01 2.602563082600229905e+01 1.704622203854547280e+01 2.174865948451154551e+01 2.795632816326540393e+01 3.830785497824746244e+01 4.772771806227814295e+01 3.800213317717299333e+01 3.109241422518263676e+01 2.537568814127309835e+01 2.629306738809017929e+01 1.656062011843884108e+01 2.628546809916460703e+01 1.931114152781690407e+01 1.931114152781690407e+01 2.504208500446029362e+01
