output/example/elevation_000053.asc
nrows	75
cellsize	13.33333333
xllcorner	0
ncols	75
yllcorner	0
NODATA_value	-9999
[rows 51 to 67 of 75, columns 37 to 73 of 75]
1.514529348079168614e+01 2.490383935852547737e+01 3.090483867474682000e+01 2.619299497104115915e+01 2.507192456895227295e+01 3.187155907042814462e+01 3.477514841691019143e+01 3.296967762585094164e+01 3.912191926818118048e+01 4.521041023064965714e+01 4.031410010719331183e+01 3.105719188020795229e+01 3.000161012666347915e+01 3.602606195861751814e+01 3.393722722408242021e+01 3.597682942147784502e+01 3.693858854803276159e+01 2.969904383505080148e+01 2.273170598544101750e+01 1.334349483680634663e+01 2.159821591635990146e+01 2.557261510176531161e+01 2.048649915247428055e+01 1.059392012787845871e+01 2.091098020863576323e+01 2.091683211340812321e+01 1.647904812685622744e+01 1.315517564114777116e+01 2.246831656057688065e+01 1.564954247400010345e+01 1.649727217436389282e+01 2.617081865940701135e+01 3.166337998713999369e+01 3.470765975767443479e+01 3.881143783384143831e+01 3.340172290557278956e+01 3.213950670643400542e+01
1.378190514301828884e+01 2.073238431123281700e+01 3.045497277019350690e+01 3.475243492593660477e+01 3.472204746434015021e+01 3.185435681209992254e+01 4.164093174829856991e+01 4.279317361329915315e+01 4.689937821550679331e+01 5.313471647082005944e+01 4.486799725154520502e+01 4.076331538800596377e+01 3.968667091530154067e+01 4.027206809487839934e+01 4.161307570632327923e+01 3.914349509317848685e+01 3.208443971738770273e+01 2.279552114567341903e+01 1.558066982065581207e+01 2.362455064438543673e+01 2.777524187561010649e+01 2.728621590832585753e+01 2.186084789988762367e+01 1.175335692575669455e+01 1.059392012787845871e+01 1.116375529115249599e+01 1.175641375215291973e+01 2.131186850043899028e+01 2.567559815469735440e+01 1.564954247400010345e+01 2.589788385583346653e+01 1.908610276020564100e+01 2.884240919957063909e+01 3.583724913147990776e+01 4.302889580097778577e+01 4.316467612573734414e+01 3.775677004571491580e+01
2.186078667222132665e+01 1.873696102286307053e+01 2.314009965309708150e+01 2.906301420904506116e+01 3.994861452928888212e+01 4.163635455348668302e+01 4.564334881687542378e+01 4.790502341870058700e+01 4.385425822009936780e+01 4.794100254687369755e+01 5.240739755617602214e+01 4.231190358080838365e+01 3.527533048496346879e+01 3.032690578377166446e+01 3.164740719716667527e+01 3.164835604296459692e+01 2.502538123838753137e+01 1.788634567502750272e+01 2.572157591604273463e+01 2.986704746260681986e+01 2.865971170180339200e+01 2.319190573044981818e+01 1.333330394249471595e+01 2.186210679652887734e+01 2.045271240932466483e+01 1.642768237814986065e+01 2.177183972076107921e+01 1.276244234644381059e+01 2.262471780801804755e+01 2.673414622171846489e+01 3.207926609117991745e+01 2.884240919969810335e+01 2.190391335210892265e+01 3.174410730234610512e+01 3.322561248538548284e+01 4.302889580100463718e+01 4.753987932933650029e+01
2.591736376734272085e+01 2.864086622696621021e+01 3.285183555377555820e+01 3.794698027340061230e+01 4.524792246375038474e+01 4.137795081645790418e+01 3.722993898863231976e+01 4.137560059793353417e+01 3.403781182730666188e+01 4.301400217295650208e+01 4.886075254513175281e+01 4.946167680498766828e+01 4.444605454754826468e+01 3.495699133832703609e+01 2.503216131004148082e+01 2.169859801377307562e+01 1.976996843935726389e+01 1.788634567502750272e+01 2.794264099280461977e+01 3.153307711141557945e+01 2.164432084460018402e+01 1.479628732248948353e+01 2.319190573044981818e+01 2.729802341949524802e+01 2.560723325646826254e+01 2.622214285943392653e+01 2.665125009848171445e+01 1.726109949036567670e+01 1.370938821635643379e+01 2.346193778579088374e+01 2.837288163611783176e+01 3.407247276283719373e+01 2.886976633203556730e+01 2.518322492320127637e+01 3.502454849198159792e+01 4.226428190270068086e+01 4.640723175860260596e+01
2.844077610888757235e+01 3.004343793000280627e+01 3.412366108260279418e+01 3.982286552196330831e+01 4.145769732844215127e+01 3.648716719834962419e+01 2.764702999630066671e+01 3.647899657283394248e+01 2.922961995464639529e+01 3.498244434134925740e+01 4.269891223091367038e+01 4.681173188488369874e+01 4.244915370050139103e+01 3.247972628345875989e+01 2.547447235511503294e+01 3.164835604715544548e+01 2.976802861262713407e+01 2.296277808028978740e+01 3.208444174602867349e+01 3.133397907553069217e+01 2.524637341280185510e+01 1.578477682110287006e+01 1.967204264070494091e+01 2.944498843974476188e+01 3.461427447425003123e+01 3.512515628590851691e+01 2.521557602026945233e+01 2.703073375814253509e+01 2.346173539047426715e+01 1.458243426087221550e+01 2.012032318207842607e+01 2.993161849049986856e+01 3.868338025575244643e+01 3.502454849198159792e+01 2.923716428547064794e+01 3.252319514528761601e+01 3.736829185909279261e+01
2.431603410804969201e+01 2.012304457556071569e+01 2.586272364943044622e+01 3.575439984461727505e+01 3.184555925646549568e+01 3.241802823137468437e+01 2.321043617947464099e+01 3.086394076890284666e+01 2.556235738959009041e+01 3.498144596297827746e+01 3.263420008501434211e+01 4.269891223091367038e+01 4.008691926945737549e+01 3.014383651892282501e+01 3.539970511011630805e+01 3.955607442235587001e+01 3.707413031322859354e+01 3.292255891892946096e+01 3.707307334763510909e+01 2.740994149728793161e+01 1.718927225480285870e+01 2.466944709328240037e+01 2.897086599602806345e+01 2.657423775322657278e+01 3.637051643774424292e+01 3.929069862137358626e+01 3.190841479564544514e+01 2.124904536587840198e+01 1.761778868595660796e+01 1.517259360548830216e+01 2.484100798423718004e+01 2.928451152369025934e+01 3.968714436246074229e+01 4.313473294427544147e+01 3.901725298356306837e+01 4.226428190270126350e+01 4.640723175860261307e+01
1.433819604868196507e+01 2.431603410804970267e+01 2.963818092922850056e+01 3.059442943697291284e+01 2.533750156420151356e+01 2.704893233575658229e+01 2.009968946353583874e+01 2.179043769932621899e+01 2.372713580837179137e+01 2.577192498457413805e+01 3.558208602181738200e+01 4.552120880438493344e+01 4.426291709777812144e+01 3.456816355321473822e+01 4.426291669004312013e+01 4.562675655965620791e+01 4.061300796221608778e+01 3.644590796395096532e+01 3.378610620523078012e+01 2.801304668724981539e+01 1.818578628424793564e+01 2.120525510699675209e+01 3.077187320188868114e+01 3.637025097009197339e+01 4.046593078082059947e+01 3.900647300898127412e+01 2.896830300941726222e+01 3.046007242949545812e+01 2.180256517825683460e+01 1.575745545081626986e+01 1.689813048409772733e+01 2.618723525654342055e+01 3.676186341730484486e+01 4.272392780017042213e+01 4.660431806142330657e+01 4.529514471010738674e+01 4.529514475899127035e+01
1.961275095672899127e+01 2.490875667547978622e+01 2.036678395575398071e+01 2.136598247535737727e+01 2.507975207365782211e+01 1.791928898482022348e+01 2.704893233575658229e+01 3.086935787810498155e+01 3.285567021184845515e+01 3.556835833337047603e+01 3.131847231024256217e+01 4.140629066315700868e+01 4.874650117448040021e+01 4.159681617326842940e+01 4.874650127201613259e+01 4.144322734835247957e+01 3.144871047327895397e+01 2.643698401079002380e+01 2.963077118351298367e+01 1.972138120560011387e+01 2.801321835779068081e+01 3.077187320192156150e+01 2.639247341786284196e+01 3.184648932421913159e+01 4.120221189181761190e+01 4.309813424555848371e+01 3.900647299147250635e+01 3.443502065522664424e+01 2.580993957766047586e+01 1.633523194578481252e+01 2.598730914245680879e+01 3.011778727568389158e+01 2.859914651662557716e+01 3.854112741331371694e+01 3.662707118722295263e+01 3.534197497340798577e+01 3.534197497341178718e+01
1.078166229492267725e+01 2.080192453554446175e+01 1.360927742006441932e+01 1.469755313279308773e+01 1.579804289226455793e+01 1.740932688989143529e+01 2.656602918904328448e+01 3.062207297428016162e+01 3.461890628292380256e+01 4.139611779820061344e+01 4.140629066359321087e+01 4.140629066358302168e+01 5.135367547745045158e+01 5.168537428583200466e+01 5.206801065287526598e+01 4.562656525819460285e+01 4.060789914144720569e+01 3.144244792690744816e+01 2.145899040357788579e+01 2.963040453951076003e+01 2.410514789948758718e+01 3.407632487564010404e+01 3.304752578924900064e+01 3.978667223398914388e+01 4.526386530526843188e+01 3.890400955532311400e+01 3.473428591142557309e+01 3.160699903711131142e+01 2.601809368508576270e+01 1.633523194578481252e+01 1.633523194578481252e+01 2.057257036424270069e+01 3.042353380784882688e+01 3.797543645138257062e+01 2.962533768538454382e+01 2.833469141506354916e+01 3.406063284626500831e+01
1.283969411162313889e+01 1.209632665589921885e+01 2.208480159645732854e+01 2.407223206078337086e+01 2.232706975861445287e+01 2.656056248926846663e+01 1.967737151955090269e+01 2.155451481234103284e+01 2.784170988393348622e+01 3.635841518588865995e+01 3.928147329251678599e+01 4.336253717022093923e+01 4.904182091760088724e+01 5.055868739002544032e+01 4.553732954575542635e+01 3.783021894082614267e+01 3.783021894082614267e+01 3.284630944688517218e+01 2.282638416135658233e+01 3.284585116445467889e+01 2.763642620799282668e+01 3.757291541685425074e+01 4.244745411070990571e+01 4.166583316385230518e+01 3.666505672477065048e+01 3.250425800909003016e+01 2.477017709623934039e+01 2.746706994516095790e+01 1.770681316793008975e+01 2.601809387333610601e+01 2.601803648783302592e+01 1.737067776605976022e+01 2.709904934718747072e+01 3.041433741482174824e+01 2.387598158597676701e+01 3.091017972240350886e+01 4.084395187446462216e+01
1.499165886119133617e+01 2.208480159651378116e+01 1.530700087132753495e+01 2.521357946883419743e+01 3.126402010033817547e+01 3.261030616312291386e+01 2.873135639661481733e+01 2.384486385615745974e+01 2.442693321119870475e+01 2.684418624539879517e+01 2.958678631242457513e+01 3.513047363208546159e+01 4.495184427976656849e+01 4.634939005103110787e+01 3.635614266023503660e+01 3.138949769938857415e+01 2.782434830946099069e+01 2.490521300445084307e+01 3.284630944688517218e+01 3.700968390224849003e+01 3.467147171905700986e+01 3.465312646649408634e+01 4.443319082166254219e+01 3.748700695361974056e+01 2.752150909108098631e+01 2.254040780355178342e+01 1.912276755802160011e+01 1.912276755802160011e+01 2.746706994516095435e+01 2.746696931459810287e+01 2.709895489865917284e+01 2.709905796850921433e+01 1.841258806662716552e+01 2.051744207416249210e+01 3.041433750210975617e+01 3.619554200032148827e+01 3.642446862424140619e+01
2.376698180866907961e+01 2.751662764755947777e+01 1.863004995243223050e+01 2.000475310208500801e+01 2.696906420776793922e+01 3.679484248537627167e+01 3.644043726050151122e+01 2.696159049211305359e+01 3.371964285577792708e+01 3.194105502701108890e+01 3.928147329251678599e+01 3.640226917616266888e+01 4.623248691905928354e+01 5.055868739002544032e+01 4.553732954575542635e+01 4.135276635563307934e+01 3.494177302291183906e+01 2.490521300445084307e+01 2.827169906143325662e+01 3.816717404241302347e+01 4.457762014308153908e+01 4.422028372720994582e+01 4.849955317364018725e+01 4.166583241965272322e+01 3.666504541933981898e+01 2.898150532894776532e+01 1.912276755802160011e+01 2.344980354355406504e+01 3.303569744221185545e+01 3.741793970900992861e+01 3.703290008669676325e+01 2.820420377622863839e+01 1.841258806662716552e+01 1.841258806662716552e+01 2.143712830428456684e+01 2.508217735019597683e+01 3.316234869740246438e+01
2.984552242702519465e+01 3.198093684549020566e+01 2.213140858005201039e+01 2.984696803484394323e+01 2.623488439161106456e+01 3.606249426702871119e+01 4.050156051474688468e+01 3.158440051404685889e+01 4.050156051475467223e+01 4.163345115651494410e+01 4.571359456698335322e+01 4.623248691905928354e+01 5.032280516357295141e+01 4.940821420730682689e+01 3.959046674322324577e+01 3.401590372902168724e+01 2.951141377826290224e+01 2.778008520395465553e+01 3.752416865985530592e+01 3.356649856755810646e+01 4.329097989162072224e+01 4.839844252448951778e+01 4.308273187913898283e+01 3.862260625536990233e+01 3.518209909643113775e+01 3.022674329354800093e+01 2.028806044961367405e+01 3.022674310041169221e+01 3.036730002803492923e+01 4.005488652951123640e+01 3.631909344555030117e+01 2.638042388025382934e+01 2.820420377060262140e+01 1.925880957583284925e+01 2.916829389634822789e+01 3.343757775726859904e+01 3.614235887105120781e+01
3.376520019349017332e+01 3.606328812254025706e+01 2.705303254286576475e+01 3.606328812254025706e+01 3.318913542566523489e+01 4.012564295679009518e+01 4.537851726080350545e+01 4.129647400695618842e+01 4.537851726083779624e+01 4.843848215674797331e+01 4.433849108619705959e+01 4.843848215677453339e+01 5.338760918096154739e+01 5.359669126741208345e+01 4.787867404955877504e+01 3.887015352976630567e+01 3.653394263403215803e+01 3.087027429483210383e+01 4.113352684112635416e+01 3.838122567033504140e+01 4.741645101441100962e+01 4.394734015637542512e+01 3.346182744121950492e+01 2.843368282120439616e+01 2.506455029733933770e+01 2.205404001258558466e+01 2.981910739755313955e+01 3.404244813888622190e+01 3.976187197911454518e+01 4.411768519747194972e+01 4.049257264956383295e+01 3.509754049892612926e+01 2.505867669883416582e+01 2.012161803630927892e+01 2.666933802361367967e+01 3.605054658331303585e+01 4.011873439525032836e+01
3.837992308133864583e+01 4.099116053141474225e+01 3.690884114811513683e+01 4.099116053141474225e+01 4.299939614990916681e+01 4.262394777520538725e+01 4.373743506661156033e+01 4.787783198518268790e+01 4.552082594142040506e+01 4.259788306134196745e+01 3.421933012451420808e+01 3.927891060535564804e+01 4.721862646961182008e+01 5.298189754863206957e+01 5.335582805510225768e+01 4.864222676365953646e+01 4.301668225623449615e+01 3.476925382013319421e+01 4.549476944144659285e+01 4.496480884892032748e+01 5.207939905913161027e+01 4.854707049450069434e+01 4.308273187913898283e+01 3.862260625536984548e+01 3.368850391659307064e+01 2.363788558587360100e+01 2.676745097519042105e+01 3.237703843488890243e+01 3.879414400316166223e+01 4.824360234808600723e+01 4.510856401694695705e+01 3.509754037721923936e+01 3.104609030388654745e+01 2.102842456411007888e+01 3.103706077404358510e+01 3.278687528550794639e+01 2.983858916286569141e+01
3.467840617994340846e+01 3.316882154831827023e+01 3.761647657169150705e+01 3.708885889774241917e+01 3.764340049582054348e+01 3.162261655106850355e+01 3.284618908843170004e+01 4.033602400930158183e+01 3.544577400304988402e+01 3.248327621775192142e+01 2.913738962745180316e+01 3.297274407210458236e+01 3.886482415569310689e+01 4.891066583514587762e+01 4.878005774156909524e+01 5.302426865847284176e+01 5.033175273610130063e+01 4.144637675462508497e+01 5.050600947528519669e+01 5.428529123642605470e+01 5.527953899444754171e+01 4.915781447804456405e+01 4.167831237091544239e+01 3.290098601642657883e+01 2.601991394079194464e+01 3.261742266347443575e+01 3.633492446739543169e+01 3.365763343295963494e+01 4.286694662169040271e+01 4.711853706301303646e+01 4.288670166743793999e+01 3.816896356231078613e+01 3.224015762683303876e+01 2.218164519696485470e+01 2.102842456411007888e+01 2.270426451835336223e+01 3.278687840732167302e+01
2.558754749018248731e+01 2.068630688645043492e+01 2.922191985125403946e+01 2.703524772417442179e+01 2.855437260889610585e+01 2.345346503783313352e+01 3.228466905927179909e+01 3.022765061342023429e+01 3.318837285941310000e+01 2.535036405458640374e+01 3.544577597320358109e+01 4.311069643473469881e+01 4.721862646961182008e+01 4.714132873416523495e+01 3.861409263307834294e+01 4.714132873411588065e+01 5.413248869976217037e+01 5.332272508198791883e+01 5.670393355938835356e+01 6.071141004583897427e+01 4.879898761453723210e+01 3.824820403681993497e+01 3.318960956926526507e+01 2.990006948690368915e+01 3.617564719798480155e+01 2.940478413554864190e+01 3.896261008370755974e+01 4.288798566033815263e+01 4.680499902526666745e+01 4.288670182627510030e+01 3.282464271666243150e+01 3.397100792321402452e+01 2.387849752164337858e+01 3.224015762683301745e+01 3.105633172630320260e+01 3.278687475791939931e+01 2.547764890067797694e+01
