output/example/elevation_000018.asc
nrows	50
cellsize	20.0
xllcorner	0
ncols	50
yllcorner	0
NODATA_value	-9999
[rows 17 to 33 of 50, columns 0 to 36 of 50]
9.098509734387574266e-01 9.243579247658008313e+00 -3.050036390926187551e+02 2.015755592032794641e-01 4.701858191447330526e+00 9.573089833913314806e+00 1.334931043111869187e+01 1.764092816877873915e+01 2.337100397654738870e+01 2.171177894498768168e+01 1.155867516477444923e+01 4.802833702450111097e+00 4.612109526081249022e+00 1.382974522519858596e+01 1.157438141406297127e+01 -8.141038562577827520e+01 1.065678140836266863e+01 1.438537632867627813e+00 2.257040999881563259e+00 1.938333387128443608e+00 2.567674826254130238e+00 1.208422447287149915e+01 1.219826046397539621e+01 -2.455143568055800358e+02 2.608087099318662894e+00 5.204797543342955635e+00 1.400951031952002879e+01 1.626469938499736045e+01 9.953325192416125233e+00 7.209961285815943199e+00 1.204412504652163918e+01 1.802290114092117079e+01 1.460861392255832136e+01 -1.886353774305706565e+01 1.265024235166709587e+01 -1.308075951915016333e+01 1.017110672787630676e+01
6.729603419142361487e-01 1.067296017980554446e+01 6.266228420059318793e+00 1.010945812893717033e+01 -2.321005540182387108e+02 1.164808830753478741e-01 3.707123760429325454e+00 9.365075995852635060e+00 1.923480415155400891e+01 2.097436395424778866e+01 1.518754990207929012e+01 8.416888569022122013e+00 3.195325184872830793e+00 1.078918093524839961e+01 1.001177994059082721e+01 1.511942337324440278e+00 1.720348155650313293e+00 -1.366016028163919884e+02 1.011148279722919341e+01 -3.089674982056113777e+02 1.171977671722049585e+01 -3.569314203571614996e+00 9.171825931936202991e+00 -2.465270848509250925e+02 2.325261548474031770e+00 8.193199046469061386e+00 1.687957657577384296e+01 2.274862669704113571e+01 1.956581247685635105e+01 1.248019617676063042e+01 2.133320394173184553e+01 2.168306173213845867e+01 1.221744518371925814e+01 8.178448728314936744e+00 1.677735108475636494e+01 7.611736832672431952e+00 8.479556348431248836e+00
9.500813129397378543e-02 1.009500801567492978e+01 1.613268336343082510e+01 1.004094588953011602e+01 -3.731964834963299609e+02 3.530686896286087118e-01 6.290774794762644007e+00 1.460473892758877312e+01 1.742500821833288427e+01 1.681205608245108607e+01 6.822690605479643899e+00 -3.183436952828503195e+02 6.168482990564615243e+00 -2.246755563952204682e+02 8.571379882785288729e+00 -8.929853641768136185e+01 5.703270455708424613e+00 2.978745847234973265e+00 1.271537425782972264e+01 1.198796779751403108e+01 4.223877567270383437e+00 1.001756164870594296e-01 2.174252810514365031e+00 5.580758969025543692e+00 1.242577672720712201e+01 1.549333666827115863e+01 1.699511337751683726e+01 2.626964037676211561e+01 2.617504208331945392e+01 2.229065204172956882e+01 2.617693058305859566e+01 2.352949043229137516e+01 1.380964776939173611e+01 1.152243385844822399e+01 1.899371887521183666e+01 1.197946692615963471e+01 1.118897669873446432e+01
5.074168083889973868e-02 7.121809493177307715e+00 1.712181003547891223e+01 1.444384768380784756e+01 5.604969039232722494e+00 1.018474074319114919e+01 -1.851748177893040861e+02 7.542744075330254816e+00 7.448291612391669148e+00 1.070971875320827849e+01 9.405880187151838712e+00 1.060809721433133346e+00 1.424633229777183097e+00 7.745242675457818526e-01 1.569933898700565988e+00 8.436621525826764056e+00 1.510691397350768739e+01 1.271638421490799509e+01 1.693013331819287259e+01 9.538060478981789103e+00 3.952420117213417239e+00 -1.225684250256720702e+02 2.814957616955204411e+00 2.911815324669905003e+00 2.695935413981747519e+00 1.388308168662086395e+01 1.751701694789205632e+01 2.278700892228243546e+01 2.241407730553413202e+01 2.680195076702500856e+01 3.255307787492392180e+01 2.769803503860248384e+01 2.353453421606664620e+01 1.624775980203484593e+01 2.526400865207395086e+01 2.163231785440772015e+01 1.455497532939259209e+01
2.528005767708579876e-01 7.323868388621762371e+00 1.732386806688538172e+01 1.977195333952101564e+01 1.563921453907070180e+01 9.279396588958846337e+00 -3.291889026536810592e-01 6.032858465930118763e-01 9.567573578232364540e+00 -1.347678849833558274e+02 9.325730703235327823e+00 -1.850654678782632061e+02 7.687321816217830950e+00 -3.663118622474046902e+02 9.661653375017754897e+00 1.563096920523385158e+01 2.257076421184601500e+01 2.080423800536096479e+01 1.083655414050349641e+01 6.510779028710885541e+00 9.273913302598870700e+00 7.862540787190812175e+00 1.082978726776976153e+01 3.480845494610118607e+00 3.710856314517770649e+00 4.114111153342515870e+00 1.215175929586551717e+01 1.386068480138782455e+01 1.299732035978408184e+01 1.846576581856826849e+01 2.834218201587278685e+01 3.354731403089208186e+01 3.020799370252917626e+01 2.604341750199453287e+01 3.020742492148124470e+01 2.627375579211138756e+01 1.863081870120787542e+01
9.791283598286071310e-04 7.072046940220701572e+00 1.707204667033196088e+01 2.205737417062126227e+01 1.205928329263166532e+01 4.990939687776664080e+00 -4.333701159476929092e+02 8.507697822971858059e+00 -1.832076516659241605e+01 6.023224725804620094e-01 9.111424223000892386e-01 7.200718190489198811e+00 1.511886413832409204e+01 9.619608083789808362e+00 8.282681890498256649e+00 1.827893447912618896e+01 2.553686545837259914e+01 1.551234988606534237e+01 8.839211258399616966e+00 8.354276835203569007e+00 1.825610908051866232e+01 1.483597266020674255e+01 1.796907720127579466e+01 1.225429263268143565e+01 3.189228914044102581e+00 3.947397325967834991e+00 9.603702555751427283e+00 7.905457427995610686e+00 1.198945078312834411e+01 2.161937974421740094e+01 2.422356718609337278e+01 2.354912026875124909e+01 3.354731406011175210e+01 3.424044768844765230e+01 3.825321521771031996e+01 3.251136093945981287e+01 2.426811152798559945e+01
4.600753433092569233e-01 7.531143155144171430e+00 1.753114278067279130e+01 2.498693333739755218e+01 1.498760918767069228e+01 1.287777470309202066e+01 6.441928656915062668e+00 2.160062382300194095e+00 8.596473288634552290e+00 -3.009963844246925646e+02 7.268402605520153159e+00 4.242200347883952283e+00 8.999380395999363458e+00 1.903715308433141828e+01 1.827912093176873043e+01 2.243835980313303224e+01 2.535107763499446420e+01 1.541705083736322024e+01 1.099967931925215936e+01 1.524856441712333144e+01 2.237814069260608107e+01 2.498308447844874536e+01 2.149110084298575529e+01 1.082928673179635837e+01 1.074757558503884169e+01 4.044277760280577283e+00 3.802416884205214398e+00 1.168152510589623994e+01 1.898921369628969913e+01 1.771555912687599132e+01 1.533919970660823928e+01 2.422356851912768860e+01 2.689120786857883516e+01 2.444220826633349120e+01 3.125098824960102206e+01 3.533357997323761879e+01 3.412368385476376886e+01
5.979472710492108600e-01 7.669015082876156519e+00 1.766901467159965833e+01 2.630058397763618316e+01 1.629228108088963722e+01 9.208064956141582158e+00 5.242295321660458640e+00 8.143992451241956587e+00 5.430684728785720061e+00 8.592548767083899364e+00 1.485324618596381363e+01 9.070680659748763475e+00 7.998166787307355641e+00 1.299777850489391362e+01 2.305296667932680421e+01 3.087932926676526435e+01 2.094831486565586331e+01 1.424561735637953852e+01 1.375611879835819273e+01 2.349753065544359387e+01 2.935052053458030841e+01 3.214920790766371539e+01 2.151202429600669674e+01 1.864696465638884604e+01 1.301156704821541155e+01 4.457449627969819694e+00 3.760473211690474660e+00 4.383631809638607102e+00 1.300437224407185788e+01 9.745161550183608412e+00 1.438889785190321646e+01 2.441212344018907388e+01 1.627511778435919965e+01 1.965347706618667090e+01 2.140706289676007756e+01 3.125216537419560581e+01 3.797553017982742318e+01
1.534601171854249602e-01 7.224527929019292749e+00 1.722452747391090000e+01 2.535220985766849466e+01 1.721723064748995213e+01 7.223984024877702304e+00 7.867165896112742196e+00 1.528997863192637752e+01 1.021476303382643103e+01 1.119273548312714617e+01 2.100485873526979930e+01 1.882238423958726514e+01 1.112709819535342781e+01 1.298784167626189756e+01 2.272934519806492304e+01 3.104424972178841813e+01 2.111585324146496845e+01 1.774379406155664540e+01 2.066976120925250271e+01 2.779829379617794416e+01 2.868996615217037061e+01 2.424449137192517156e+01 2.150869019006271188e+01 1.545458903684630769e+01 6.042937176368689656e+00 5.385479066960970229e+00 6.473273129455621167e+00 5.101960659523561148e+00 5.547898749688323861e+00 6.279351994545129045e+00 1.609515832353580933e+01 2.277474234698235378e+01 1.716009850909478729e+01 1.440721319294542546e+01 2.024953477399702706e+01 2.363944569700377230e+01 3.373473614850710334e+01
1.123418600940028211e-01 8.531315835217132104e+00 1.124418250825060994e+01 2.121103215040832168e+01 2.135048009887247744e+01 1.705793928915147362e+01 1.101223651148967697e+01 1.796515473684277353e+01 2.019752652491307998e+01 1.696618980214278949e+01 2.533697344944246410e+01 2.521872232943236369e+01 1.685025062368126569e+01 1.874383700857160662e+01 2.711365973895872372e+01 3.517888553172969779e+01 2.572319864428395775e+01 2.433674840209449997e+01 3.053577930879219338e+01 2.634505324838037765e+01 2.181430270404249683e+01 1.384461274615974169e+01 1.540051697458011937e+01 7.712185000439024662e+00 6.872670596044883062e+00 7.176230541655790773e+00 1.643321361393462965e+01 1.273443261593696363e+01 6.359961345104968800e+00 6.678218827429905247e+00 1.529368464260954141e+01 1.292178662566090885e+01 1.161141169878649215e+01 1.653606196312482624e+01 1.545854627009400240e+01 2.076548753150761684e+01 3.084146888918846940e+01
2.368195578726151052e-02 3.185959615955637592e+00 8.786004903719137005e+00 1.584129951935231340e+01 2.582785031857751079e+01 2.515035085762351841e+01 1.566757364184115353e+01 1.733112824075975666e+01 2.716416396173148229e+01 2.696557549444422719e+01 3.111196365687066034e+01 3.099203040116894314e+01 2.684869675653611409e+01 2.874516566974801535e+01 3.288811103319758899e+01 3.965488523736295434e+01 3.553530526106303711e+01 3.288672969280867164e+01 2.935949465316634743e+01 1.872849791437798928e+01 1.163304743252732365e+01 -1.090736543257820479e+01 8.290967099390986306e+00 7.809235037800347889e+00 8.182926925426787790e+00 1.660699770930729002e+01 2.088231231353918460e+01 1.424151448677390697e+01 1.520197184686498559e+01 7.328553715019943127e+00 7.838136066164411275e+00 9.088811172987645293e+00 1.308994251258726393e+01 2.177540304828053408e+01 2.094977095399835321e+01 2.081005703118218975e+01 2.710302609603099810e+01
6.540601710037032834e-01 9.336320683524487407e+00 1.119246827425591562e+01 1.829471677936931329e+01 2.830098759951643572e+01 2.981902225391852213e+01 2.567580586357388839e+01 2.440517381493840787e+01 3.147876522789601950e+01 3.268676878423821108e+01 3.059803604142894429e+01 3.106781117711435414e+01 3.399586167034086515e+01 3.534893498129496692e+01 3.218535313926415853e+01 3.337987831916679937e+01 3.753632444940361523e+01 3.763206919904308023e+01 2.518995976550646887e+01 1.676219123312323944e+01 1.165098730153532536e+01 1.510107897454960657e+01 9.291407648710523048e+00 1.340885843245974307e+01 1.044194905245537441e+01 2.217277717600446252e+01 2.830862891825799466e+01 2.418285606806001553e+01 1.826514709463546993e+01 8.682209723877409857e+00 7.688774043195426344e+00 8.465530826857563085e+00 1.532114592961784361e+01 2.512803353996496014e+01 3.109583327778572936e+01 2.957784370311647848e+01 2.904580417811794746e+01
4.909850854147627119e-01 3.333274319625599169e+00 1.288305840666850877e+01 1.829604194803817308e+01 2.033899390796340256e+01 2.656721807196243290e+01 3.162157097491774493e+01 3.441133355981425979e+01 3.268676879010079972e+01 2.242470502938688171e+01 2.035901497808728067e+01 2.102762137271166765e+01 2.396447117889358935e+01 2.531340924055246333e+01 2.214828767430142165e+01 2.334677941223784714e+01 3.195654909787575804e+01 3.698206111543360919e+01 2.983406652144650550e+01 1.890365293642850020e+01 2.025341157752117383e+01 2.134771204990559568e+01 1.257561744166375561e+01 1.092662283705729287e+01 1.710227604187084438e+01 2.242730989695028754e+01 3.271195365841600733e+01 2.811343418634644920e+01 1.827103111259262747e+01 1.318526756634137342e+01 7.757370723375731636e+00 8.185813971832684999e+00 1.700397483823502398e+01 2.268745711677426158e+01 2.505029751311174380e+01 3.538145557063392488e+01 3.921035923433833403e+01
3.962370847149454534e-02 7.124290205917334085e+00 5.641044383124363293e+00 8.506268603778224247e+00 1.232846450746274414e+01 1.694134193411248290e+01 2.484069174633121690e+01 3.627178426467946082e+01 3.091779268439654871e+01 2.039749616799674925e+01 1.428247371213182504e+01 1.408472491595687437e+01 2.280340997724159280e+01 2.072940192076623944e+01 1.531681226182307576e+01 1.772988031187597713e+01 2.277140438375592169e+01 3.281419457199607592e+01 3.440525139691322210e+01 2.978174428534923734e+01 2.493125657354403302e+01 1.589375855211389776e+01 1.164824574970950799e+01 1.228189851588191850e+01 2.019019081160832130e+01 2.538750628516754659e+01 3.527245892888767997e+01 2.853195205325735273e+01 1.850924841920673813e+01 1.282398938437177272e+01 1.373402337662167660e+01 8.778582146531652697e+00 9.684847515809032359e+00 1.491415337827519849e+01 2.497004117378888211e+01 2.963283143369186590e+01 3.053147059277718967e+01
2.605283927408929001e-01 2.392633751389029229e+00 9.239334237030211838e+00 7.655393310353763248e+00 1.241961636560327698e+01 2.248353924797343950e+01 3.162166786415411934e+01 3.077652664414098993e+01 2.832822059819345739e+01 2.398979196302541439e+01 1.405847325896378663e+01 1.088774120963982206e+01 1.455456736413803220e+01 1.355877757110482484e+01 1.568720105325699343e+01 1.771004955775663348e+01 2.198245929977099067e+01 2.778124707383186731e+01 3.779013318163051594e+01 3.139972149052322337e+01 2.159469798959331044e+01 1.642529767126950446e+01 1.696652921020394089e+01 1.360333053820911253e+01 1.599052229120199442e+01 2.539000466730652761e+01 3.141114824919207749e+01 3.270425769589680698e+01 2.702090271913562347e+01 1.850430932596544764e+01 1.999995024228858043e+01 9.863200474177411081e+00 9.873367372452300117e+00 1.138059349549859789e+01 2.192955004156154786e+01 1.946607393545110298e+01 2.038406944849096902e+01
3.048053885361223792e-01 8.946075007205060103e+00 1.655867103789822892e+01 1.609138912691502554e+01 1.482480077380993322e+01 2.496230934349820174e+01 3.378973590164834917e+01 2.819397360680145681e+01 1.904497700603132770e+01 2.046567281178436915e+01 1.911857246660543552e+01 1.015865624670889744e+01 1.101764222524376891e+01 1.638344675304814047e+01 2.547712650579921601e+01 2.600150963159378392e+01 2.466958085654831834e+01 3.472517827437198434e+01 4.191778273293360968e+01 3.559239591088562804e+01 3.000296000091731585e+01 2.163527940317619880e+01 2.462377520024373823e+01 1.552772398370804119e+01 1.508267449521788883e+01 1.777531115573513887e+01 2.706084061056795420e+01 3.365085432404644905e+01 3.270563463619945566e+01 2.853452986152895221e+01 2.416409432732972817e+01 1.768149312272744922e+01 1.076128969521647250e+01 1.141522293986309400e+01 1.420823973798957951e+01 -4.329046990066510148e+01 1.463710455465418292e+01
5.470844782054917754e-02 4.526844402820135116e+00 1.030034709474372612e+01 2.030034880530682528e+01 2.496230937154271601e+01 2.912611594462821785e+01 2.754406826432988353e+01 1.976250083040762462e+01 1.808412038523409748e+01 1.244130236305535497e+01 9.661758532034646407e+00 8.916648559131381546e+00 1.769358107625813048e+01 2.491844781308677881e+01 2.480396306853777944e+01 2.899334160668344040e+01 3.472530597166393562e+01 3.886887526811162274e+01 3.946838672962702788e+01 4.360652247378428115e+01 3.559770843513749838e+01 3.140703358123260713e+01 2.894822052849850991e+01 2.071049794799780486e+01 1.785861030905320135e+01 1.724958657365210613e+01 1.970327428227057354e+01 2.645044601954749552e+01 3.661857995151520129e+01 3.123763396373633228e+01 2.163253655620997051e+01 1.567503460023287332e+01 1.838366924280561321e+01 1.427929010966095547e+01 1.264271502397778768e+01 1.338468457601980077e+01 1.417005385563658315e+01
