output/example/elevation_000027.asc
nrows	50
cellsize	20.0
xllcorner	0
ncols	50
yllcorner	0
NODATA_value	-9999
[rows 17 to 33 of 50, columns 0 to 36 of 50]
9.098509734387574266e-01 7.329182811496953498e+00 -4.606905689084029518e+02 1.782887873790999500e-01 4.379738518254217006e+00 9.671105774225527085e+00 1.308986421785601628e+01 1.740247918202992850e+01 2.319591321555467545e+01 2.152808480085125353e+01 1.162123813750845258e+01 4.828542103584751111e+00 4.617536382042480625e+00 1.389054519572780677e+01 1.160736411463750883e+01 -4.699968141113306785e+01 1.051124301311343423e+01 1.432006108614797935e+00 1.844158649533952810e+00 8.920914107137180693e+00 1.107144746505604616e+01 1.546599110454376280e+01 1.155985546438074607e+01 -3.034182697282270169e+02 5.431069148591791240e+00 1.108293404890170564e+01 1.261805906331944627e+01 5.237092849789016569e+00 7.391671219615264299e+00 1.552554583677867583e+01 1.557292724428205766e+01 2.259305614009346641e+01 1.655438047152336623e+01 6.501903748627520407e+00 5.207115415114903278e+00 1.006643876805640758e+01 2.019828946467931274e+01
6.729603419142361487e-01 1.067296034189639009e+01 6.036660015794057088e+00 1.010577680296418279e+01 -3.498421505627158012e+02 -1.411543482518197168e+00 3.570877404537229349e+00 9.005004521291946062e+00 1.902202542652902295e+01 2.098356705541466738e+01 1.521227717162772919e+01 8.366305134021798651e+00 3.199715367166408697e+00 1.092376936416558664e+01 9.717577133459151639e+00 1.694517787117122642e+00 1.774019889970684716e+00 -2.516520856370541139e+02 8.633110015034537454e+00 -4.508124071035105658e+02 1.105206226453526730e+00 7.995316736451251849e+00 8.600674860119864817e+00 -2.917235518651798998e+02 1.070867723880267341e+01 1.585125775911517465e+01 2.018681016709418685e+01 1.778077784754949064e+01 1.438583477799964783e+01 1.567248091365471119e+01 2.554765651691331030e+01 2.528316869937311751e+01 1.508680250561061698e+01 9.821566590325874202e+00 8.324031489616523061e+00 8.857524542524657818e+00 1.546194097514420562e+01
9.500813129397378543e-02 1.009500813128125074e+01 1.605930308155839370e+01 1.005295936066644202e+01 -5.591015972679706465e+02 3.352030364511515703e-01 6.456345979803292501e+00 1.411145711929553315e+01 1.989272416630702267e+01 1.684008398657668693e+01 6.830512767153749110e+00 -5.346841854952788253e+02 6.454230421873536017e+00 -4.099076378147916557e+02 8.567218804747344763e+00 -8.531275683755887940e+01 6.056727869398900843e+00 2.696935959172532815e+00 1.198944071515447796e+01 -1.280917257540125149e+02 2.168963666672809598e+00 7.883362406505363573e+00 9.641935258552599919e+00 2.400705448834002720e+00 1.230097982215261432e+01 1.642314536971900907e+01 1.992752480028241280e+01 2.441780479784404534e+01 2.493183747341164036e+01 2.622175577016949788e+01 3.062572873360011272e+01 2.710745213950935550e+01 1.684740481567013504e+01 1.409504703059219288e+01 1.754809927989590790e+01 1.145173423139722146e+01 1.558687309584175118e+01
5.074168083889973868e-02 7.121809492704385569e+00 1.712180949276424968e+01 1.444424099758494862e+01 5.317765484577880564e+00 1.025816372884489169e+01 -1.612152474872177095e+02 1.027528815532279971e+01 9.975046342866706439e+00 1.073987513905829516e+01 9.635892825263825401e+00 1.442151126452188681e+00 1.353767090487084657e+00 1.630093598784358333e+00 1.702348765276944453e+00 8.449004762183218276e+00 1.561746274363738429e+01 1.381249024154236338e+01 1.574365180798493036e+01 5.567520961397386614e+00 3.750116194435350270e+00 -1.245579954225835877e+02 -3.656229101107784629e+01 2.202695604298542165e+00 -2.722821742321463034e+01 8.711344495117010922e+00 1.047866811953580779e+01 2.016841356716578915e+01 2.417055831208534045e+01 2.856030983982657645e+01 3.442148286170075977e+01 3.124899947171580195e+01 2.710745269466928420e+01 1.997514643618974262e+01 2.512755172658705760e+01 1.498282543951767209e+01 1.488457107865184170e+01
2.528005767708579876e-01 7.323868388636320503e+00 1.732386838860089640e+01 1.966081609653766904e+01 1.553740715606902612e+01 1.378849269992121407e+01 8.461811441853761551e+00 -7.609663592396788090e+01 7.760467144870739631e+00 -2.577324943576731471e+02 8.951539318527602873e+00 -2.719432354268896574e+02 8.531371631235920461e+00 -6.613306195246975676e+02 9.678315604837846919e+00 1.565708606940381387e+01 2.261038373387636824e+01 2.075878394498989366e+01 1.070017960261068524e+01 6.327383501336466765e+00 9.089166394174126751e+00 7.975050457167035312e+00 1.134472750253733864e+01 2.762908885105995527e+00 4.569339605018607031e+00 3.456799395154857457e+00 1.287889110540276683e+01 1.643538448320736123e+01 1.428119109402856068e+01 2.006459968803159200e+01 3.023047111611100846e+01 3.230925809527784054e+01 3.438886474217763833e+01 3.029223021787990788e+01 2.969271230057240629e+01 2.083541099279352338e+01 2.107885600067042020e+01
9.791283598286071310e-04 7.072046940225290790e+00 1.707204694019558033e+01 2.201468131689171059e+01 1.201330427207214058e+01 4.944767965541473131e+00 -4.645419526113848860e+02 -2.017432056930099915e-01 7.351722666235646075e-01 7.212357115150130893e-01 9.710124847325027897e-01 7.273743025449340038e+00 1.515196185975224452e+01 9.666648095484296377e+00 8.312624071618607502e+00 1.831943561526657405e+01 2.555677550830763423e+01 1.544542517544014970e+01 8.644492215935221324e+00 8.075414519005287062e+00 1.810582491915564418e+01 1.506273846618590895e+01 1.736102273233846560e+01 8.401168073948792170e+00 3.254257824338445904e+00 3.491046521336177655e+00 9.643391259488595324e+00 8.532090831091084127e+00 1.324630467403249767e+01 2.333490648804037093e+01 2.274401914273271430e+01 2.205211300937030927e+01 3.230925809528105219e+01 3.549528471841127697e+01 3.572562368842695690e+01 3.138549467186979314e+01 2.859672021799979191e+01
4.600753433092569233e-01 7.531143155174719439e+00 1.753114315513348487e+01 2.494417021664731493e+01 1.494263978210944543e+01 1.278086268722523577e+01 6.467485082316309253e+00 -1.897539283764217259e+02 8.020075377099121994e+00 -5.752336360727417741e+02 7.249641192710670978e+00 4.256314493405657373e+00 9.157794883144047660e+00 1.909842403350359064e+01 1.831943563578907330e+01 2.246156268075380424e+01 2.528858647577941809e+01 1.518500745260337048e+01 1.081085325348459136e+01 1.504660780698722711e+01 2.226807706317280733e+01 2.505355643470551996e+01 1.935060809639346857e+01 9.473030472701752913e+00 8.050683215782223456e+00 3.646501596981835736e+00 4.204800658133538427e+00 1.095189738682401348e+01 1.823141584542203830e+01 1.617063570969176212e+01 1.383522296853973543e+01 2.274401914287943782e+01 2.554441931285371936e+01 2.552072963960406682e+01 3.054655290537398571e+01 3.475246935645478885e+01 3.869963850454782772e+01
5.979472710492108600e-01 7.669015082914673265e+00 1.766901508286938594e+01 2.451103803491758981e+01 1.444125495487549848e+01 7.370981704980732019e+00 3.638497737721989367e+00 4.440437852507296057e+00 5.188520296612023408e+00 8.707986421350678796e+00 1.488165285840213059e+01 8.968831608652145349e+00 8.026781082583047677e+00 1.302458793664383307e+01 2.304478768951722500e+01 3.103011897785141926e+01 2.095838644105083048e+01 1.407598900595442082e+01 1.358198730095772788e+01 2.353888139078375374e+01 2.926153948078153277e+01 2.927805497272829527e+01 1.935061039939915872e+01 1.835599903126781740e+01 1.340778512905483666e+01 -1.410848084357158250e+01 6.591151348866610249e+00 4.217986387000922655e+00 1.222847345365272353e+01 7.958016457227490292e+00 1.296783827417996804e+01 2.304274931184805553e+01 1.555125014798024097e+01 2.086693530495757187e+01 2.045255869268561710e+01 3.054655303493790441e+01 3.697328063779939811e+01
1.534601171854249602e-01 7.224527929050887032e+00 1.722452792900078222e+01 2.537636512089522967e+01 1.880684171689179962e+01 8.820167372833566333e+00 6.155300862283406005e+00 1.201690629589898940e+01 9.899645944748764137e+00 1.095950293024905164e+01 2.081278735520937317e+01 1.882960952660960530e+01 1.112289319968805934e+01 1.302000217331409715e+01 2.281729370382094757e+01 3.115675687016888418e+01 2.107882083920140914e+01 1.768884768615739489e+01 2.061262725917419303e+01 2.786082327273396331e+01 3.026306460336540738e+01 2.602257334834608216e+01 2.789219806648579336e+01 2.166153358368732285e+01 1.651249330119985004e+01 1.200464891351014707e+01 4.510490276334746973e+00 4.275511482380328410e+00 4.343504064328956638e+00 4.735578020777795771e+00 1.451239792197971390e+01 2.122317944313708793e+01 1.630752897946974045e+01 1.343738110039882550e+01 1.938844641582019435e+01 2.266023755212566826e+01 3.276817366884159100e+01
1.123418600940028211e-01 8.578633796450080951e+00 1.122177480331997046e+01 2.123532850498467184e+01 2.291415962805535500e+01 1.864113041308762675e+01 9.327142303113230781e+00 1.628234991402489129e+01 1.991306502871191242e+01 1.673441668155574646e+01 2.511081430192216501e+01 2.526047012342510811e+01 1.689548124787671668e+01 1.879305149571813871e+01 2.716947142529937764e+01 3.531765091656626510e+01 2.591626985392736415e+01 2.468231883554378570e+01 3.069489273848562760e+01 3.274186963323386834e+01 2.588277369836355746e+01 1.552786147587912069e+01 1.710601647853115637e+01 2.012434543484198812e+01 1.164152365020869695e+01 6.176543279598546654e+00 5.419687311991990164e+00 1.185399905049270863e+01 4.517566604831618982e+00 5.148721377715001601e+00 1.437515917460263992e+01 1.206803298867798269e+01 1.065804120347270612e+01 1.551490061432028078e+01 1.451826363955693466e+01 1.983303110627718624e+01 2.986634313878022340e+01
2.368195578726151052e-02 3.185959615955637592e+00 8.814996607089410574e+00 1.585362709026707329e+01 2.583456085563321736e+01 2.350745573018715007e+01 1.403590650371137727e+01 1.564836299022342025e+01 2.547848225326298888e+01 2.673902786595407477e+01 3.088967384259562721e+01 3.103145865267023140e+01 2.688961104369624522e+01 2.880538191894974176e+01 3.294834655886438668e+01 4.013643409076393453e+01 3.598340898282496170e+01 3.475973983650661836e+01 3.563256466209428197e+01 2.562258138114464501e+01 1.836237009421940414e+01 1.418288514486858887e+01 1.154762428740948721e+01 1.442078645355019617e+01 1.024453854227817473e+01 6.702768394871186253e+00 8.771491600735384253e+00 1.616553533217227212e+01 1.378195127180116764e+01 5.916526777494971689e+00 6.595050589804896113e+00 8.051541730674106390e+00 1.196791130773717526e+01 2.037023644255306820e+01 1.994442161671966574e+01 1.981762907517229166e+01 2.610935314944823205e+01
6.540601710037032834e-01 9.278771462648126800e+00 1.121506191925566576e+01 1.827199885725945450e+01 2.827284132951390916e+01 2.818095832517349564e+01 2.398961504101724884e+01 2.271720405026773193e+01 2.986559943468593303e+01 3.298649231641348933e+01 3.098597949662818607e+01 3.169774424768494470e+01 3.459948274040803540e+01 3.607146329438324983e+01 3.293526432496599909e+01 3.411673464449071957e+01 3.820925823792786957e+01 4.230348471119042131e+01 3.263081698546671561e+01 2.562733542116784946e+01 1.972169692824547482e+01 2.124270904494897749e+01 1.461513411306794730e+01 8.403107208255720550e+00 7.742674029214821729e+00 7.322814369850057403e+00 1.816241806326826591e+01 2.447896317177356451e+01 1.675078941100954566e+01 7.174965183128891866e+00 6.451606264969055538e+00 7.219220188281733286e+00 1.401231762518546731e+01 2.393739836908613583e+01 3.007313990287366678e+01 2.858034766797168302e+01 2.804881162785153847e+01
4.909850854147627119e-01 3.339429280022486068e+00 1.278658299503684148e+01 1.819679813829113968e+01 2.016698517170102889e+01 2.616805928528579983e+01 3.087555829053564338e+01 3.278642005093723100e+01 3.298649231641413593e+01 2.314344993062156064e+01 2.115784450046336929e+01 2.186807756737328745e+01 2.474711985706316142e+01 2.630255710704265226e+01 2.319692551505886513e+01 2.437036417891285822e+01 3.288981618423316888e+01 3.819274403443374410e+01 3.816261574413864111e+01 2.902733838138571443e+01 2.864597168638120550e+01 2.671150273380457207e+01 1.891423106184638669e+01 8.998189656509325118e+00 8.541704289822114049e+00 1.436293666566605687e+01 2.247463597703406890e+01 2.663873848713885195e+01 1.679428771750469451e+01 1.167923510443253576e+01 6.658532111486600513e+00 6.998675376407550885e+00 1.624273772467215693e+01 2.144334283384590734e+01 2.441644419911337138e+01 3.472014866849551851e+01 3.818758931305789162e+01
3.962370847149454534e-02 7.119161785391938224e+00 5.636963978912254092e+00 8.475050602199976524e+00 1.225692865106899987e+01 1.673194625214350850e+01 2.380300724468870044e+01 3.380359931404572649e+01 3.098975915500732015e+01 2.115967940829450811e+01 1.512387727842478924e+01 1.491509076686169166e+01 2.362746856369090409e+01 2.144658488448326494e+01 1.656539364786155133e+01 1.923003398354239835e+01 2.474063538271458640e+01 3.420429733305616793e+01 4.031790314658481833e+01 3.219320161086687904e+01 2.681974102189624176e+01 2.226991778017641721e+01 1.228242351782500208e+01 1.015187326011207070e+01 1.409048472686148479e+01 2.258952027948379282e+01 2.874021018391018600e+01 2.739238635566680813e+01 1.726519144892890978e+01 1.165711972917058326e+01 1.247724753122098740e+01 7.683372230939071734e+00 8.486986156171901996e+00 1.426030212885932436e+01 2.391426545052074104e+01 2.838224024775078291e+01 2.934579488532424207e+01
2.605283927408929001e-01 2.392535556296998323e+00 9.301846275254339602e+00 7.643248941693087772e+00 1.234100606842293857e+01 2.221473660663300720e+01 3.087555844819564754e+01 3.405420588802304138e+01 2.994049159547849115e+01 2.473193038205031868e+01 1.478776318616385943e+01 1.158016290273366344e+01 1.534907840995375850e+01 1.445418918466752345e+01 1.678700726832197176e+01 1.888068671741447702e+01 2.451121464233856528e+01 3.290319708695031409e+01 3.647410647016015162e+01 2.348140798518948458e+01 1.600114988727726484e+01 1.317053018170632761e+01 1.083904836362201785e+01 1.138366929039024100e+01 1.510380285316497151e+01 2.508750617440269437e+01 3.047329870456230339e+01 3.161820383291574643e+01 2.587193384356179493e+01 1.724455494788359289e+01 1.947431901754399419e+01 9.503478761687752296e+00 8.774647587645326041e+00 9.827079342010472729e+00 1.969642915159316843e+01 1.807637912347411913e+01 1.904143477372986126e+01
3.048053885361223792e-01 8.974982625364278377e+00 1.653471026141719236e+01 1.595128777530899988e+01 1.470735600995603853e+01 2.471126660138926567e+01 3.445392022684222155e+01 2.994047681916103798e+01 2.003694509128276025e+01 2.139032887752178880e+01 1.967624506753972469e+01 1.070884092461476378e+01 1.164653572691209860e+01 1.737260827290247178e+01 2.638417228189144836e+01 2.702306475305539735e+01 2.577522874287176435e+01 3.550429168775048794e+01 3.764445832691757232e+01 2.447481839702492579e+01 1.678202710025487576e+01 1.455080220648327050e+01 1.489999813729642852e+01 1.428294571054271245e+01 1.345555668304785080e+01 1.638651188829874528e+01 2.614323885306642126e+01 3.269430764054457228e+01 3.158887541164245150e+01 2.736007989558021691e+01 2.356330124351484656e+01 1.692614577263002218e+01 9.645526420557452241e+00 1.008054617383299956e+01 1.237132772957577487e+01 -8.135093286750274899e+01 1.313793573874081844e+01
5.470844782054917754e-02 4.526844402820135116e+00 1.030034709471641108e+01 2.030034709490469425e+01 2.471126660139235298e+01 2.885605909634962885e+01 2.822951118040232643e+01 2.050115019561370033e+01 1.876853011542964467e+01 1.303030248876610209e+01 9.904652610468570373e+00 9.291018569679728500e+00 1.845104329832283696e+01 2.562631155103591496e+01 2.552329343369120096e+01 2.963145183651155179e+01 3.550429170180591854e+01 3.958198030647806576e+01 4.138987190416048634e+01 3.416267595408892532e+01 2.830658600978650341e+01 1.949283584492596333e+01 2.468234861110028078e+01 2.011599425277422881e+01 1.630332368236676288e+01 1.570507407974139191e+01 1.848138396874760403e+01 2.557051889465957117e+01 3.563504309127750957e+01 3.235453752968834351e+01 2.214005237987656471e+01 1.506019503568781381e+01 1.733794914803585741e+01 1.281267065012513484e+01 1.112687065655543073e+01 1.184475610750773455e+01 1.263761521934472576e+01
