output/example/elevation_000002.asc
nrows	75
cellsize	13.33333333
xllcorner	0
ncols	75
yllcorner	0
NODATA_value	-9999
[rows 0 to 16 of 75, columns 0 to 36 of 75]
1.369999999999999864e-02 1.001369998401506400e+01 1.199485903908281514e+01 1.613574749977474454e+01 1.519723873293762573e+01 1.646235890175177730e+01 2.059960790230953620e+01 1.832644146024284382e+01 1.832644146024106746e+01 2.830721244508742274e+01 2.854030254536637301e+01 3.267654814380299655e+01 3.689703484328399696e+01 3.791712473218707657e+01 3.584862573755092541e+01 3.998767730273067400e+01 4.498174871378837025e+01 4.291473877032532869e+01 3.794566428474475117e+01 3.383396926898105761e+01 3.751526365733617041e+01 3.338982498491706963e+01 3.751526365788546968e+01 4.249510865489460798e+01 3.873371653662604785e+01 3.448119079238097129e+01 3.365922736983311836e+01 3.101266163043500512e+01 2.970522533538326471e+01 3.387486343916602749e+01 3.338409638463690499e+01 3.755328587274763663e+01 4.163383993899268631e+01 4.163383991412451479e+01 5.168469553404924710e+01 5.173853992944970059e+01 4.766564136416750586e+01
1.279999999999999888e-02 1.002947541249132213e+00 1.997984698523094904e+00 1.199485903920105834e+01 5.209041380001663057e+00 6.478884933326486184e+00 1.646235890193122842e+01 8.351159724206407731e+00 1.832644146024220078e+01 2.124140253733231276e+01 1.858124919860465951e+01 2.279044041380168295e+01 2.845201573922513205e+01 2.794335517202110353e+01 2.588058368812568588e+01 3.085638696424888749e+01 4.084086454440386404e+01 3.880732287317369611e+01 2.886062810977847803e+01 2.382169913256745275e+01 2.882783139089618629e+01 2.340504538923213929e+01 2.839743518707371095e+01 3.689893935600418473e+01 3.448236375339980242e+01 2.461398958127726999e+01 2.374083936013115448e+01 2.096864259030613553e+01 1.966841061854054473e+01 2.626979207559577745e+01 2.332295076405840462e+01 3.338409638506397670e+01 3.153838383084834263e+01 3.868612686054059679e+01 4.875024886379293321e+01 4.766564208763692534e+01 3.760152701197426950e+01
1.299999999999999940e-02 1.001299998401669811e+01 1.199485903907967632e+01 3.441356046572134009e+00 1.343531137445819290e+01 1.646235890175156769e+01 8.351159724206407731e+00 8.351159724206407731e+00 9.793156469757697380e+00 1.128133859463161670e+01 1.283883054005954349e+01 2.279044041380194585e+01 1.851146100343017409e+01 2.091724570512691628e+01 3.086460468569091020e+01 3.998766841160194474e+01 4.498174695225127095e+01 4.291466470852648030e+01 3.794565422100852459e+01 2.882783138647813104e+01 1.874640880895342931e+01 1.840092740086759804e+01 2.278685292122609951e+01 3.277172141910705250e+01 3.377213859259553175e+01 2.750082721289820142e+01 1.791492835641791004e+01 1.391248576729871012e+01 1.391248576729871012e+01 1.626002624279342612e+01 2.626979208788788611e+01 2.572019289530245700e+01 3.580522564845162492e+01 3.817974215562095708e+01 4.234087800133419677e+01 4.789722652950015913e+01 4.054923390495974189e+01
1.369999999999999864e-02 1.001369997901995923e+01 1.757528127203479684e+01 1.343531137445769197e+01 6.113579448222215440e+00 1.610586093010396525e+01 1.832644132690886707e+01 1.832644146024117404e+01 1.684031131793402025e+01 1.832201847241490356e+01 2.279044041326794456e+01 1.528930040506373622e+01 2.522687390749875291e+01 3.086460467497418136e+01 2.794335517202368635e+01 3.791712474291438895e+01 3.908858008681144014e+01 3.495016161573381908e+01 3.764067684523173796e+01 3.219984534949156796e+01 2.460075733623152061e+01 1.462098019477219069e+01 2.461911030958882662e+01 2.735419901716802826e+01 2.225347631202505738e+01 2.063941167249383568e+01 2.323475457727279903e+01 1.391248576729871012e+01 2.391046752347460469e+01 2.626979208376216235e+01 2.071624098722982055e+01 3.076270928395517146e+01 3.105322539702329010e+01 2.810132553224747554e+01 3.817974214793319021e+01 4.369883497776771009e+01 3.348305793558063925e+01
1.290000000000000001e-02 7.083967811864637198e+00 1.708396776940385209e+01 2.024607075152067281e+01 1.610586093010460118e+01 8.998755074639616325e+00 1.899011935541956575e+01 2.629104354225804485e+01 2.681258714850934410e+01 2.828941907733521077e+01 2.522687389348159215e+01 2.522687390816170705e+01 1.995462059876351901e+01 2.980287579113449326e+01 3.791712474291387736e+01 4.205676153537363149e+01 3.333587456076558198e+01 2.499803826301579690e+01 2.763578434080849178e+01 2.741036788004289804e+01 2.054234661452068167e+01 1.262494766759183662e+01 2.126601814049539385e+01 2.085702448955084165e+01 1.229257393996788927e+01 1.276206784546613804e+01 1.323676769309644285e+01 2.323475457729433558e+01 1.461683931977589168e+01 2.461493082411151789e+01 2.948662807074458669e+01 2.603371263115217005e+01 2.101419992530097858e+01 2.810132553220230989e+01 3.817974198361367399e+01 4.225627790460099220e+01 3.238323315115509615e+01
1.299999999999999940e-02 1.001299998401652935e+01 1.862725842090530293e+01 2.440075203205333665e+01 2.313075216151266389e+01 1.899011935541972917e+01 1.215778861785251408e+01 2.214990352693548914e+01 2.933375550220206307e+01 3.347561761475300557e+01 3.518832234638467327e+01 2.980287578960176731e+01 2.690958384903445122e+01 2.776474288045149663e+01 3.723256873484259444e+01 3.815439683113428515e+01 2.920429301057850680e+01 1.926077949665513955e+01 2.346339945287126838e+01 1.733674701965788145e+01 2.004512081473374607e+01 1.070522662575505102e+01 1.116736727542890328e+01 1.163142341768916488e+01 1.899444580832048501e+01 1.619226561883887427e+01 2.322564692813517695e+01 2.323475457729417926e+01 2.461493082411204014e+01 1.532351966782627173e+01 2.532206368445504907e+01 1.603442679453239705e+01 2.308997095637967334e+01 3.314053351640310296e+01 3.914056234048382521e+01 4.045269242460431514e+01 3.314338781692752178e+01
1.299999999999999940e-02 4.485135954999571517e+00 1.025863864689580751e+01 2.025863857833674686e+01 2.772227131554416957e+01 2.629104354192726944e+01 2.214990352693563125e+01 1.580491084821446179e+01 1.933697700571221034e+01 2.510773969087312096e+01 3.510660056309985322e+01 3.970073188686527743e+01 3.678790044415475791e+01 3.723256873491825303e+01 3.908642772806472721e+01 3.401908762641487982e+01 2.417293812887879767e+01 1.848252148482416501e+01 1.351290229574733459e+01 1.941729207611770036e+01 1.007033122715628792e+01 2.004512081479765584e+01 1.798884581267323313e+01 1.726356328500892801e+01 2.414346038316034537e+01 1.959124590674886690e+01 2.827292050921964517e+01 3.328587727191567325e+01 2.948662807066693148e+01 2.532206368223957327e+01 1.603442679453239705e+01 1.603442679453239705e+01 2.603371263115346324e+01 2.492187973593956940e+01 3.497739482503104824e+01 3.348499896859814839e+01 2.643703792017756626e+01
1.290000000000000001e-02 1.001289998401685644e+01 1.650911091533040320e+01 1.358017880527749632e+01 2.065124661507159942e+01 3.065124549542770538e+01 2.994095333962135186e+01 2.287104394365011473e+01 2.396467384145755375e+01 2.933375557452546545e+01 3.924858463337604064e+01 4.034241939428471113e+01 3.448844446782140238e+01 3.029341399150211700e+01 2.736373646864416997e+01 3.425407026626348994e+01 2.996403540145234956e+01 2.294192836792599977e+01 1.879959096232719773e+01 9.440336922046158818e+00 1.941721425465719264e+01 2.417277267681405561e+01 2.659685704908486059e+01 2.644652217396568261e+01 3.073175743977924768e+01 2.828044110389733490e+01 2.559621957619004817e+01 3.476072512050141228e+01 3.238822160254206040e+01 2.234086051196350198e+01 2.308997082309162252e+01 2.603371263115216649e+01 1.676699300656236247e+01 2.676710113531523305e+01 2.804453315485740106e+01 2.858702826990319679e+01 1.938375128258870461e+01
1.349999999999999985e-02 3.175777660168375593e+00 6.509110993501702858e+00 1.358017880541771127e+01 2.358017898717671557e+01 3.017433106408614663e+01 3.431655404720482494e+01 3.286894224656801100e+01 3.396278028966931828e+01 3.810470295519595396e+01 4.347495712726173167e+01 3.615397413819304973e+01 2.600318632489967996e+01 2.013117521768133500e+01 1.940453450917336298e+01 2.859872799906856855e+01 2.530719336699142730e+01 1.468966435228986533e+01 8.819369868086848641e+00 1.879944391539198634e+01 1.070597851713183246e+01 2.068497508258581163e+01 2.398855501795324585e+01 2.541390573554265586e+01 2.541390573678787490e+01 3.538326881174832295e+01 3.476072512050182439e+01 3.881417902379510565e+01 3.655491708157921948e+01 2.943653522426471625e+01 3.314053357307068381e+01 3.093138136738799204e+01 2.676710113531458646e+01 1.750651127951954678e+01 1.804602676356079627e+01 1.858784427432372510e+01 2.858702826925438245e+01
1.379999999999999977e-02 1.001379998401570681e+01 1.650911091532588415e+01 1.956772485419142171e+01 2.310325940167539471e+01 2.017432657599986712e+01 3.017433108402860853e+01 2.904647711557812073e+01 3.013999280499252009e+01 3.428291662891288638e+01 3.590800683835772844e+01 4.004761859949073965e+01 3.161003534185225661e+01 2.145061830130057956e+01 1.428624016299870192e+01 2.054655891216559738e+01 2.343998966415952978e+01 2.226983072023596222e+01 1.821970856803896410e+01 8.819369868086848641e+00 1.879944391539246595e+01 1.262672688752343042e+01 1.401047773390170725e+01 1.543571297070288217e+01 2.541390573678873466e+01 2.922849471739714389e+01 3.334757365022976927e+01 3.806653866207309278e+01 4.217003042922181066e+01 3.951422288941159877e+01 3.987996676253007422e+01 3.067878859834060634e+01 2.065048815701369378e+01 2.750756154736473036e+01 2.804453315485686105e+01 2.070553086426907541e+01 3.072224760012856493e+01
1.290000000000000001e-02 1.001289998396711134e+01 1.509558888684492572e+01 9.567724852471210184e+00 1.310325875840395859e+01 2.310326003748289381e+01 2.611971316525846376e+01 1.905037127919521822e+01 2.014383347936025359e+01 2.774688960116939285e+01 2.591272032599946229e+01 3.103217224485917214e+01 3.516817306215110506e+01 2.766830252496011511e+01 1.759642603540778083e+01 1.049555220945487832e+01 1.655778608527215212e+01 1.761447465264202350e+01 8.237929573821858753e+00 1.821970856806006012e+01 1.380968470369676382e+01 2.260495992066549675e+01 2.398856206569388760e+01 2.541390573554265586e+01 1.758742034405420540e+01 1.925053393601299234e+01 2.922849471996437387e+01 2.809853532107576157e+01 3.515271116294536569e+01 4.510114052573614174e+01 3.571642975061742220e+01 2.564114747991125043e+01 3.067878859834201322e+01 2.535362961126701720e+01 3.488688845304808694e+01 3.072224760730846782e+01 2.401878217414273564e+01
1.359999999999999924e-02 2.513600000000002055e+00 5.095588897471616363e+00 1.509558889110636848e+01 2.310325981437703291e+01 2.077612653689689637e+01 1.663494195710714152e+01 1.198191185088928634e+01 2.142494383566268468e+01 1.775101564189172620e+01 2.396734288300307369e+01 2.104099480985758674e+01 3.103217222570720324e+01 2.676344884479836850e+01 2.081382203747095616e+01 1.667577685186998693e+01 7.253310666255636363e+00 7.658810254052339062e+00 1.764381831934359113e+01 2.235361370432585204e+01 2.378967021829143746e+01 1.957133039066629010e+01 2.955289879437453138e+01 3.168565551939397551e+01 2.205080052060209539e+01 2.922849471739637650e+01 2.178569990101898668e+01 3.176221980733446060e+01 3.933692345044648420e+01 4.343857612176375227e+01 3.987997003478211866e+01 3.067010109412371222e+01 3.899745259057109337e+01 2.890096059986960242e+01 3.899745259047637091e+01 3.726370155143348484e+01 2.717691153351609756e+01
1.349999999999999985e-02 1.001349998401603969e+01 1.509558888636195029e+01 1.923771347760096617e+01 1.630870905487155298e+01 1.216442522689172279e+01 6.638389978769793309e+00 1.642685427625566064e+01 1.142876469728891209e+01 2.142494383572309857e+01 1.397508507098715391e+01 2.396734211669350501e+01 2.695076181363262435e+01 2.136444061327748045e+01 1.300280164398746230e+01 6.689473034269618701e+00 1.667575015430408669e+01 1.098735180307105530e+01 2.097092721641292812e+01 3.040030302424453978e+01 3.367025029612259601e+01 2.955289879437373557e+01 2.955268812586964700e+01 3.614375877622062916e+01 2.781355362343356674e+01 3.452754430607746627e+01 2.455421489627456566e+01 2.604208894775128513e+01 2.936949655498944267e+01 3.933692371833208767e+01 4.491701462133015355e+01 3.781669566768291446e+01 3.899745370530295929e+01 3.604756978806446455e+01 4.315577618476946498e+01 3.541538171818478986e+01 3.299986902276904743e+01
1.319999999999999993e-02 5.786702691896246087e+00 1.578670265407428275e+01 1.923392190712380767e+01 9.236467841866121020e+00 2.167541411388222983e+00 1.216419980416318403e+01 6.430332367891218759e+00 1.642685427714392077e+01 2.019062286727163524e+01 1.019814355535187111e+01 2.019062286724147626e+01 1.719709152093346205e+01 1.909937056347790829e+01 6.127379568766652795e+00 1.611693850045510956e+01 1.049013464624876946e+01 1.835040068359597143e+01 1.632317623175399390e+01 2.131461187139811031e+01 2.837532616727657597e+01 3.836871913897744690e+01 3.953761757828361567e+01 4.189171370669806294e+01 3.778348467158466661e+01 3.753203201983647119e+01 2.756402273777162648e+01 3.601444537433331305e+01 3.933692291122927287e+01 3.642376315166954015e+01 4.636991580017441095e+01 4.787518302869239051e+01 4.905131251351158994e+01 4.611910346573939279e+01 4.963258097097497767e+01 4.548778204438884387e+01 4.308820525681280600e+01
1.299999999999999940e-02 1.001299998401685620e+01 1.992882312417785329e+01 2.169996973871522883e+01 1.170446441338865640e+01 1.170461564911410868e+01 2.167541411388222983e+00 1.216432301963203422e+01 1.677125195098163601e+01 1.363846317561456623e+01 7.037760687987880459e+00 1.440225300446154399e+01 1.042137253547714160e+01 1.517492671950155447e+01 1.556375320028764442e+01 6.127379568766652795e+00 1.611693852288116346e+01 1.481300628574325273e+01 2.318244294362776259e+01 3.043567508434867008e+01 3.544604442350510709e+01 4.048508085098644216e+01 3.643936470513512660e+01 3.950384927254254563e+01 4.352786222948716244e+01 4.162953290064012890e+01 3.332617967747859922e+01 3.387534955686434301e+01 4.379344676963629013e+01 4.636991575535989085e+01 5.045340583552188463e+01 4.838006803640676878e+01 4.785749261045115333e+01 4.369817975689312561e+01 4.785749260919152448e+01 5.287822736976039550e+01 4.787495592214684592e+01
1.349999999999999985e-02 7.084567811863490050e+00 1.708456775962113028e+01 1.538747227402064510e+01 1.124633048748397179e+01 1.707199219431676740e+00 1.170461564911474817e+01 2.635086277083972472e+00 1.263121419032410664e+01 3.642520303323400377e+00 4.024110800089624185e+00 4.409357549005176402e+00 4.795735479888741715e+00 5.183543923983050306e+00 5.573100618298322928e+00 1.556375320030657150e+01 1.611693852385060666e+01 2.318264329827190195e+01 2.147227869159648250e+01 3.079289287621041282e+01 3.668577557813675583e+01 3.260566267366474591e+01 2.659733055266202939e+01 2.972666111376970477e+01 3.950384929619984575e+01 4.736077915568014873e+01 4.327783814569379928e+01 4.091860499872989720e+01 4.786822008556220709e+01 4.609617679306339255e+01 4.584530608199551693e+01 3.829141321170433798e+01 3.829141321170732226e+01 3.358304576566348487e+01 3.864061276129546485e+01 4.813123178848550765e+01 4.281618048476951799e+01
1.369999999999999864e-02 1.001369998305214182e+01 1.493097170694075615e+01 1.078946004534353342e+01 1.248237883343982890e+00 1.124633048747950426e+01 1.584367533106077985e+01 1.262923253962887848e+01 3.103646549191145798e+00 1.305770788346342925e+01 1.401753772208932602e+01 1.147584558488482820e+01 1.478781745868316833e+01 1.017969710856437970e+01 1.556371992866152709e+01 1.263791658199440704e+01 2.262734764151908351e+01 3.024055148825403805e+01 3.079289287620794724e+01 3.372700741736375818e+01 2.963206989990151285e+01 2.270195377038731621e+01 3.260566267369808457e+01 3.950384927254474832e+01 3.589291047556383774e+01 4.266327476902508664e+01 5.215772960847350959e+01 5.079661486130224546e+01 4.302858476943791288e+01 3.559794814437536559e+01 4.157707473182889402e+01 3.138593956302294075e+01 2.817315512787704890e+01 2.852255644903528520e+01 3.385041893834223714e+01 4.099082527746350735e+01 3.862459983092680460e+01
