output/example/elevation_000248.asc
nrows	75
cellsize	13.33333333
xllcorner	0
ncols	75
yllcorner	0
NODATA_value	-9999
[rows 0 to 16 of 75, columns 0 to 36 of 75]
1.369999999999999864e-02 5.787202684116894424e+00 1.285826921512719601e+01 2.285810704454240039e+01 2.868158283171559830e+01 3.159485501553518105e+01 3.166204989691277305e+01 2.873692220565433075e+01 2.799116495197625554e+01 3.212794418112630979e+01 3.919003463340108340e+01 3.711114673456825130e+01 4.151034458719827569e+01 4.672786008109677169e+01 4.268084683333514562e+01 4.142743866296060418e+01 4.546734482438575498e+01 4.646195423942184988e+01 4.571492734902658128e+01 4.286117063411718675e+01 4.286088355176779885e+01 4.692157272971601856e+01 4.890708165996726819e+01 4.490383145212741312e+01 4.490383145212740601e+01 4.401597445862577018e+01 4.401597445862577018e+01 4.801204727463645838e+01 4.759022663232084227e+01 4.321202572252126828e+01 4.683512792508664546e+01 4.245544785746201200e+01 4.383429140392880896e+01 4.821256277691956882e+01 4.708659617828267585e+01 4.285282683632209455e+01 4.219214524862008631e+01
1.279999999999999888e-02 1.001279999999996306e+01 1.808851958059499765e+01 2.222677724067309413e+01 1.869500158105766729e+01 2.162000350850463448e+01 2.166910064274872738e+01 1.874151309496022222e+01 1.799513944725344672e+01 2.506489337098821935e+01 2.932153352658240664e+01 2.609497009019407088e+01 3.711114673456825130e+01 4.268084683333514562e+01 3.307190614903095138e+01 3.182990447406372425e+01 3.989988311506387220e+01 3.681251863375428712e+01 3.603985097539403881e+01 3.321466687910247373e+01 3.321466565268396209e+01 4.286088355176779885e+01 4.490383145212740601e+01 3.544112204810132027e+01 3.544112204810132027e+01 3.455739046262871028e+01 3.455739046262871028e+01 4.401597445862577018e+01 4.155966988345337398e+01 3.281843973269809567e+01 4.081437058005104745e+01 3.208734456463547247e+01 3.341496604812970617e+01 4.217146945604793729e+01 4.132135757588686431e+01 3.296470335701651777e+01 3.230697362366099412e+01
1.299999999999999940e-02 1.001299999999996260e+01 8.088978810103926165e+00 1.584901461091461172e+01 1.162449793300218737e+01 2.162000350850311392e+01 1.916974769364776066e+01 1.167072401749783417e+01 2.166910064274654246e+01 2.472594288324982514e+01 1.856275982532913105e+01 2.609497009019407088e+01 3.711114673456824420e+01 4.268084683333514562e+01 3.307190614903095138e+01 2.622136253914326431e+01 3.176515665640562602e+01 2.999547203534285345e+01 3.208065214319773162e+01 2.634172405984989851e+01 3.321466565268396209e+01 4.286088355176779885e+01 4.490383145212690152e+01 3.544112204810132027e+01 2.867085908056112231e+01 2.776577823641106946e+01 3.608015570122008597e+01 4.069225680255031108e+01 3.721128605345131035e+01 2.706388002248883140e+01 3.135267844989869346e+01 2.635419719857058851e+01 2.764646771061102726e+01 3.781869110635511078e+01 3.714391608376475773e+01 2.740829568150662965e+01 2.549113054330828732e+01
1.369999999999999864e-02 1.160778669352807713e+00 2.315479207732057620e+00 5.851013101059490573e+00 1.541200004690095682e+01 1.681315791470812471e+01 9.170724025525059275e+00 1.916974769364584930e+01 1.167072401749783417e+01 1.425326986409627850e+01 2.473512956751046588e+01 2.730204329975139288e+01 3.826961603787061250e+01 3.701484475252901518e+01 3.232053741162520311e+01 2.829494611037607044e+01 2.194984428915881125e+01 2.860470021709904032e+01 2.224933677325948977e+01 3.208065214319773162e+01 4.006811919119998322e+01 4.380012905799369349e+01 3.961910997587523298e+01 3.564274601931141007e+01 3.371462537031927553e+01 2.401328427630509310e+01 2.728099848167286368e+01 3.516003238079635196e+01 3.813568719791125972e+01 3.135267844986509189e+01 2.128666993705681065e+01 2.187923735977846107e+01 3.194575032982771745e+01 3.750955633739236816e+01 3.337388516402825900e+01 3.152304830542912484e+01 2.172647578604167862e+01
1.290000000000000001e-02 1.001289999999996283e+01 1.231406723505631362e+01 4.111532227999797229e+00 5.413421337808012268e+00 6.813701421835905769e+00 1.681315791470855814e+01 2.330906712534638103e+01 2.202650145076737331e+01 1.888597218420762758e+01 2.921277393359508423e+01 3.826961603787061250e+01 3.980364511509589676e+01 3.027219952049050988e+01 2.340056160927873918e+01 1.830822765574747635e+01 2.536308004964524443e+01 1.861341458580834640e+01 2.860474990333443657e+01 3.610482991589510249e+01 4.077934951510226114e+01 3.345781895879717638e+01 3.559103929137713607e+01 2.594275521203951129e+01 2.876301313434237272e+01 2.161723137549771323e+01 2.161723137549771323e+01 3.143509927636405266e+01 3.382419724185805165e+01 2.372809196659253672e+01 1.777692064041055175e+01 2.797038932433629199e+01 3.519605577764819770e+01 3.337387950529004144e+01 2.353490979892572099e+01 2.641668015780124534e+01 1.902825272405793910e+01
1.299999999999999940e-02 1.001299999999996260e+01 1.825733309400523652e+01 1.411178453210205852e+01 9.495903832168121284e+00 1.681245830204573721e+01 1.107771469659645902e+01 1.814859079979279244e+01 2.814601257811829882e+01 2.960840239849187228e+01 2.960840239849186162e+01 4.049216576563677705e+01 4.321724158172298047e+01 3.432239948874091340e+01 2.866947540712736142e+01 2.397141617345510767e+01 1.520275583388912999e+01 2.536311077798982083e+01 2.770519001375642176e+01 3.749393892316928145e+01 3.648701145371771304e+01 2.626947907863306142e+01 2.999934338920845178e+01 2.766851354457966039e+01 1.879870570368541038e+01 2.876284971951671920e+01 3.143509810986761011e+01 3.541312544622725511e+01 3.224681708782041767e+01 2.603440069168814119e+01 1.566223705691651169e+01 2.110534366279117080e+01 2.825393069449228634e+01 3.337180182544791052e+01 2.353473976492602660e+01 1.622297821835937981e+01 2.638236032687186494e+01
1.299999999999999940e-02 5.786502691896245665e+00 1.578650269183884802e+01 2.360897183405001343e+01 1.656665640990590305e+01 1.949186216632860891e+01 1.814859079979279244e+01 1.685115393674490747e+01 2.262429542225935464e+01 3.262019627821911172e+01 3.757876772799781406e+01 3.357585531387742606e+01 3.357585531387722000e+01 3.028680023141262012e+01 1.892397724501393341e+01 1.363577728913323028e+01 1.363577728913323028e+01 1.765534352879499380e+01 2.598170170423954772e+01 3.127939871341645173e+01 3.520992568242906628e+01 3.002487657936224252e+01 1.981879155811604676e+01 2.487132392893973787e+01 1.702517816875243994e+01 2.421822258635911140e+01 3.394307243564395549e+01 3.386038024003563862e+01 2.370662521532435463e+01 1.772695357458633936e+01 1.366067211955672711e+01 1.366067211955672711e+01 2.182134087616677576e+01 2.590306104821861410e+01 2.250096807243528474e+01 1.446246597235056797e+01 2.433394990487713727e+01
1.290000000000000001e-02 1.001289999999996283e+01 1.992863826574971498e+01 2.317869668627969659e+01 2.655393357656294739e+01 2.946534340318590139e+01 2.814601257811828816e+01 2.684905135247422692e+01 3.098774593178688619e+01 3.675767328116488386e+01 3.323108664543731550e+01 2.383019296932471676e+01 3.240258711796702329e+01 3.475650309635063451e+01 2.885959045513175170e+01 2.408937139291845853e+01 2.190291031357990192e+01 1.170834331638332237e+01 2.185817364820209363e+01 2.152494146613549120e+01 3.128511211189669083e+01 3.207078090551863880e+01 2.191932870933719713e+01 1.466014154530349778e+01 2.239998004750127336e+01 2.273026031077376530e+01 3.253050252822730215e+01 3.813867872578302354e+01 3.224681755185034149e+01 2.797692776702583828e+01 2.409921851227125700e+01 2.182134087615353835e+01 1.161741385837195928e+01 2.169079310284941897e+01 1.241551751324304398e+01 2.195604352455425001e+01 2.383258032447607278e+01
1.349999999999999985e-02 1.001349999999996321e+01 1.397508906447204957e+01 1.317809457646449545e+01 1.846800725959834821e+01 2.149371196820259655e+01 2.484700186838076164e+01 2.902021371646494075e+01 3.405374514836752553e+01 3.506371623355769174e+01 2.921746261624154428e+01 1.936251633836307917e+01 2.921746261624154428e+01 2.949864912346473034e+01 3.355055584320687956e+01 2.770509149874068555e+01 1.766698795812906653e+01 1.049693582375941681e+01 1.429266699589464196e+01 2.159854173948072642e+01 3.193635160966827158e+01 3.080372600906698821e+01 2.485857330520898856e+01 2.056221510344611758e+01 1.274347168416655052e+01 1.985630552457299558e+01 2.990327886709263439e+01 3.617109685720730283e+01 3.227320002326619175e+01 2.613596728860827412e+01 2.148558949094377013e+01 2.479865130402825812e+01 2.104653679962227031e+01 1.161741385837195928e+01 2.173899249338576922e+01 1.255554193515543560e+01 1.335324599691015024e+01
1.379999999999999977e-02 1.974961351382115593e+00 3.974961351391867570e+00 6.106968515212555459e+00 8.463991126558228828e+00 1.147911113101252489e+01 1.481258549950180914e+01 1.981680744102891012e+01 2.987720380996452363e+01 3.103528825509916089e+01 2.119716514204929680e+01 1.624309320826534275e+01 2.252293479954009570e+01 1.963349931933024806e+01 2.949864912346473034e+01 2.651954868398648912e+01 1.647159549377971999e+01 9.345916946684925009e+00 1.646734160012955073e+01 2.643581202556563170e+01 2.933144333580381158e+01 2.670651404395014339e+01 1.665933780130407271e+01 1.114113112891214641e+01 2.090575859033024742e+01 2.693317325511684146e+01 3.156861347148509722e+01 3.227319977702958909e+01 2.282019831964989010e+01 2.114910102381837120e+01 1.305397922640370112e+01 2.051340743521823029e+01 1.115329090276044610e+01 2.101876211425506114e+01 1.161741385837195928e+01 2.342152268233773071e+01 2.097986152967616036e+01
1.290000000000000001e-02 1.001289999999996283e+01 1.397508906393230532e+01 1.610720311849696884e+01 1.553369398834919224e+01 1.659160480943777571e+01 2.481697971669884950e+01 2.902023892761624779e+01 3.405395165510524436e+01 3.506371623355769174e+01 2.949864912346473034e+01 1.963349931933024806e+01 1.272790696498995899e+01 2.249269221239401872e+01 2.872958709739508976e+01 2.545839560591892337e+01 1.825210061906275882e+01 8.138733624144576240e+00 1.733741366230056258e+01 2.016913617554095950e+01 1.824128888344208121e+01 2.157522890942673399e+01 1.843543446624606119e+01 1.010653245258176014e+01 1.968255202630553669e+01 2.316983369249717128e+01 2.180716587519877692e+01 2.345603286998673909e+01 2.543968380384789185e+01 1.591037586478570276e+01 2.002116690508054475e+01 1.078954610689668492e+01 1.078954610689668492e+01 2.178002327220529111e+01 2.044635308209822000e+01 3.035489380003617654e+01 3.092204680342474177e+01
1.359999999999999924e-02 1.001359999999996298e+01 1.650516254606221977e+01 2.063738004972821116e+01 2.550145464535673412e+01 2.639668166362646673e+01 3.046887414067309763e+01 3.083578384395332961e+01 2.854701959707965031e+01 3.250476190142661181e+01 2.839050055374351089e+01 2.052624142069266355e+01 1.075811067142806188e+01 1.818776772848262979e+01 2.457928626371069569e+01 1.395281947922048360e+01 1.568470367569400992e+01 6.874860994650847879e+00 1.103269059208269987e+01 1.053474967764169534e+01 9.897221759593346491e+00 1.405552028934449282e+01 1.124083113114028976e+01 8.959257352862772805e+00 1.766186889956292205e+01 1.108780147280518058e+01 1.807155755211895709e+01 1.461964909669826085e+01 1.868683335819536140e+01 1.914082402198602750e+01 1.078954610689668492e+01 2.002505841672801523e+01 1.078954610689668492e+01 2.131815145513932208e+01 3.054817044311468166e+01 2.815017866945476399e+01 3.724002206978359908e+01
1.349999999999999985e-02 3.175777646935338705e+00 6.509110588568141509e+00 1.150902020117079338e+01 1.857546757410135640e+01 2.851011321980194424e+01 3.083578384395332961e+01 2.082379664581537071e+01 1.835485817821775001e+01 2.672755829598039767e+01 2.432602421289066186e+01 1.450242010292971706e+01 8.815703120718200836e+00 1.619383759268658807e+01 1.824793467214526643e+01 1.493646011989347144e+01 5.295325890622834208e+00 5.634108116710665470e+00 5.995551165516459058e+00 6.367147756572519413e+00 6.755837289190600004e+00 7.166216153732395178e+00 7.166216153732395178e+00 7.604159703454083541e+00 8.064317483901028538e+00 8.508003343501389537e+00 8.927433191816739111e+00 9.333167079973614833e+00 9.729186731575643066e+00 1.014717513702412433e+01 1.940868682231923970e+01 1.371270179368533526e+01 2.115878235280269593e+01 2.532908766738036022e+01 3.351469624686978932e+01 3.740639683052786779e+01 4.140840914748946489e+01
1.319999999999999993e-02 1.001319999999996213e+01 1.650516254708906416e+01 2.063738011921197923e+01 2.560559329772778980e+01 2.643159321019476948e+01 2.214424944139254947e+01 2.266250747226644080e+01 1.199662331025994533e+01 2.266250747226641948e+01 2.102937610936286106e+01 1.644836980240704349e+01 1.481637620784557363e+01 6.135780422138717327e+00 1.447300807636459652e+01 4.818854766340617601e+00 1.353882643856594648e+01 6.767011847794980994e+00 1.478822990228378487e+01 1.407571251041452776e+01 1.585046678167127432e+01 1.110840344473465180e+01 7.166216153732395178e+00 1.536152972164850894e+01 1.753069478736743747e+01 1.368038970838281543e+01 1.060284824473193410e+01 1.852582048027317896e+01 1.894745563013341183e+01 1.067313143614738458e+01 1.093423384152771405e+01 1.139845967985022668e+01 2.084730631639537179e+01 1.992711002831503464e+01 2.955628003523987957e+01 2.961230328442223225e+01 3.303883357166776591e+01
1.299999999999999940e-02 1.001299894465313933e+01 1.992894119292654764e+01 2.293950782998932425e+01 2.048575434739734646e+01 1.804505371751183773e+01 1.258751943104873128e+01 1.901187028638184984e+01 8.388873028902519735e+00 1.656098472808357869e+01 1.643284282227917359e+01 8.544378750461126160e+00 3.563726482320693112e+00 9.833271081460445373e+00 4.284934342987724243e+00 9.737871099776896244e+00 1.647939382867114233e+01 1.107533652826182013e+01 2.067458798960444000e+01 2.381631253322922603e+01 2.182221307308708091e+01 1.911806792913601072e+01 9.235996722966349992e+00 1.975681034180528428e+01 2.470560877744695460e+01 1.907318345606264387e+01 1.995670025098442224e+01 1.304582732381630628e+01 2.281449118618338900e+01 2.385105858745399132e+01 2.021595995373813892e+01 1.864322168866402052e+01 1.209289838879669432e+01 2.177902177686410212e+01 2.522447538052218619e+01 1.980240946962570803e+01 2.334707831339289896e+01
1.349999999999999985e-02 5.787002691864944204e+00 1.578700102849373543e+01 1.196340998986198123e+01 1.011069937958865950e+01 5.518867654565535297e+00 1.042497140240839215e+01 1.484833552102107568e+01 9.721113817487177400e+00 4.188889996030843221e+00 1.324143740559498283e+01 1.337999866244138758e+01 3.563726482320693112e+00 3.808710511300859025e+00 1.426201981233793425e+01 1.078689347124214848e+01 2.030351873695331122e+01 2.096009093458557260e+01 1.683764325481680046e+01 2.656773287571048314e+01 2.811549438274010981e+01 1.893812103895706400e+01 1.137471663066886407e+01 1.939635641824092360e+01 2.992701363752995647e+01 2.894991475739843878e+01 2.503856076022626453e+01 1.513399626613353455e+01 2.503856076022626453e+01 2.900175794559957865e+01 2.150491792797201995e+01 1.729604650236690944e+01 2.166998611146709308e+01 1.285682715788806796e+01 1.524127761887892518e+01 2.109030187569480574e+01 3.087916726479316054e+01
1.369999999999999864e-02 1.001369999924893328e+01 1.372724635848841679e+01 1.080141446772572777e+01 1.348298634047308875e+00 6.595308126806300741e+00 1.008457298221174980e+01 2.028092832876392304e+00 2.310420337800890511e+00 2.592949159018852257e+00 2.876975906699314134e+00 3.185195896913544988e+00 1.307157585825706825e+01 1.371741052258449756e+01 1.983836409116111099e+01 2.050110577065019157e+01 1.992384007494006681e+01 2.887251183062895166e+01 2.239930830485756630e+01 3.098918746503774457e+01 2.808582422702642489e+01 1.751832605410061561e+01 2.248071450741244348e+01 1.551870810986749660e+01 2.628843103396530267e+01 3.296924913969759530e+01 2.325616662909183674e+01 1.784945987945254942e+01 2.766065888370576431e+01 3.273016338938020908e+01 2.848494184759727332e+01 2.521773321565579806e+01 2.342867007687956971e+01 1.345677220962059373e+01 2.343450841475172197e+01 2.927664397903592075e+01 3.495053411044010971e+01
