output/example/elevation_000029.asc
nrows	75
cellsize	13.33333333
xllcorner	0
ncols	75
yllcorner	0
NODATA_value	-9999
[rows 0 to 16 of 75, columns 0 to 36 of 75]
1.369999999999999864e-02 1.001369999999996274e+01 1.212689043339577921e+01 1.340725923272480813e+01 1.340725936605807256e+01 1.474356557562019709e+01 1.888570119935128133e+01 1.672386079490698663e+01 2.086599641863796606e+01 2.563897675458435543e+01 2.976884485992979990e+01 2.974831339422382470e+01 3.389086308983159057e+01 3.838791877507788541e+01 3.899436628825922213e+01 4.313721928121366034e+01 4.313778556875453774e+01 3.901276405586811791e+01 4.298794392039022938e+01 3.941844845853346868e+01 3.635107081624938985e+01 3.467119462917839456e+01 3.534811095232235800e+01 3.992862244065693744e+01 3.606094930012373823e+01 3.191885809629696169e+01 3.191879961765499019e+01 3.191392167874639441e+01 3.191392167874639441e+01 3.604512139303598417e+01 4.013608021638335543e+01 3.962386403114680178e+01 3.548227235305373028e+01 3.548227235305373028e+01 4.548019427540599935e+01 4.740173685363293998e+01 4.326076612009532596e+01
1.279999999999999888e-02 1.066892553389458431e+00 2.126890433395816515e+00 3.407259232724776599e+00 3.407259232724776599e+00 4.743565575620233510e+00 1.474356557562026637e+01 6.723860661573584530e+00 1.672386079490698663e+01 1.564167389305828948e+01 2.158312482257499454e+01 1.974813725637476125e+01 2.838739756748581655e+01 2.838739756748581655e+01 2.899392280699324687e+01 3.899436628825922213e+01 3.811327764037834243e+01 2.935448470574625190e+01 3.810737432965213856e+01 2.794687834556540196e+01 2.557098658749692532e+01 2.382298352476184178e+01 2.402613555546535196e+01 3.504655267416261921e+01 3.191885809629696169e+01 2.192014573896022256e+01 2.192014454001550305e+01 2.192001119312360302e+01 2.192001119312360302e+01 3.191392167874639441e+01 3.013806262547717907e+01 3.013806262547718262e+01 2.548417145122574823e+01 3.255401961122102250e+01 4.255169983644250919e+01 4.326076612009532596e+01 3.326652460308601889e+01
1.299999999999999940e-02 1.001299999999996260e+01 1.212689043339584849e+01 4.955317558142002810e+00 1.340725936605814184e+01 1.474356557562026637e+01 6.723860661573584530e+00 6.723860661573584530e+00 8.266894294527842746e+00 9.868175832578719664e+00 1.158316168400381407e+01 2.158320376899503756e+01 1.838729986497407864e+01 2.192283380914531321e+01 3.192298488778324028e+01 3.991035796040236505e+01 3.397910013992161282e+01 2.416325760146493096e+01 3.397910013992161282e+01 2.872840015633635957e+01 1.807247327017925542e+01 1.644408934670208566e+01 2.697079831196939992e+01 2.898588414935091606e+01 2.521083140907021303e+01 2.106916840343804154e+01 1.484911252773951240e+01 1.484911265074164355e+01 2.162052090657993730e+01 2.576215083901572100e+01 2.605615394973763443e+01 2.013946919327547747e+01 3.013806262547718262e+01 3.829574123370840510e+01 4.243744484632456704e+01 4.333262060773744651e+01 3.619377017060191548e+01
1.369999999999999864e-02 1.001369999999996274e+01 1.909745318187285434e+01 1.495531755814196551e+01 7.970431003919634882e+00 1.797043100391956472e+01 1.672386066157365292e+01 1.379492860677241595e+01 1.533796210639334134e+01 1.986820831095203133e+01 2.158320376899503756e+01 1.430481695376328055e+01 2.430487477596379620e+01 3.192298488778324028e+01 3.606557104410345005e+01 3.576880295167352841e+01 2.578494490233261516e+01 2.077911701707053993e+01 3.063974862901416429e+01 3.319082895914504405e+01 2.315930819945516106e+01 1.283991631784587817e+01 1.972153248090186750e+01 2.380361346285070923e+01 1.717739179686988749e+01 1.106807540787925070e+01 1.106807540787925070e+01 1.106807540787925070e+01 1.161976276932644225e+01 2.162052742151157148e+01 1.605707268481130612e+01 2.605615394973763443e+01 3.122615624456169670e+01 2.829783826170788075e+01 3.829574123370840510e+01 3.919203835110226919e+01 2.919735782236342558e+01
1.290000000000000001e-02 7.083967811865485409e+00 1.708396781186555202e+01 2.211256662765048731e+01 1.797043100391956472e+01 1.130376433725295726e+01 2.130376433725288621e+01 2.379492860677248345e+01 2.533796210639340885e+01 2.430487490929712990e+01 1.430481695376328055e+01 2.430487477596379620e+01 2.137588926548730228e+01 3.137607131935041949e+01 3.887225823370878430e+01 3.310077864114109758e+01 2.761701698991891973e+01 1.770573118720387029e+01 2.761701698991891973e+01 3.234952441762614939e+01 2.756997343984468429e+01 1.972153248090186750e+01 9.575093231169038432e+00 1.957753848826594734e+01 1.031911011446144144e+01 2.032060700940831666e+01 1.106807540787925070e+01 1.106807540787925070e+01 2.106916867010470895e+01 1.240480695970476788e+01 2.240500570765265564e+01 2.622691550233128055e+01 2.122767476010086440e+01 2.829783826170787719e+01 3.829574123370839800e+01 3.896653128703177771e+01 3.482619258331470036e+01
1.299999999999999940e-02 1.001299999999996260e+01 1.862727157873042216e+01 2.440077427062665905e+01 2.544589996098380880e+01 2.130376433725288621e+01 1.508340906734521703e+01 2.508340906734514775e+01 3.369768064607551850e+01 2.844727370036862979e+01 1.930481719802870444e+01 2.844727370036862979e+01 3.137607131935041949e+01 3.551865786858328278e+01 3.473042478862796401e+01 2.473507817103182305e+01 1.898012444760170681e+01 1.525060910029643679e+01 2.235708114310970629e+01 2.235708114310970629e+01 2.937370821312833513e+01 2.300897779244302654e+01 1.886700867189874486e+01 9.575093231169038432e+00 1.957753848826594734e+01 2.446232827674006316e+01 2.106916853677137524e+01 1.814051674176804241e+01 1.923432966485699680e+01 2.240500570765265564e+01 1.321243113410248249e+01 1.622794437593026728e+01 2.622691550233128055e+01 3.114733568251054052e+01 3.519795776710324020e+01 3.482619258331470036e+01 2.483504934683234566e+01
1.299999999999999940e-02 4.485135954999571517e+00 1.025863864689580751e+01 2.025863864689573646e+01 2.772231442909800236e+01 2.922554469107606678e+01 2.508340906734514775e+01 1.955554502234476644e+01 2.955554502234469538e+01 3.344744919470723943e+01 2.930493262056554826e+01 3.344744919470723943e+01 3.482920047672459418e+01 3.068711762826085732e+01 3.272052920573736401e+01 3.310077864114109758e+01 2.895960872831521726e+01 2.235708114310970629e+01 1.240324141570062899e+01 1.985484619785371407e+01 2.230290829825151633e+01 1.523210837973624443e+01 8.865258507336278626e+00 1.886700867189874486e+01 1.429135272157814107e+01 1.807169307470742936e+01 2.807127724001867719e+01 2.813955987496519384e+01 2.630484754765484112e+01 2.735365130203338424e+01 2.321211227361587603e+01 1.403893412995400958e+01 2.403824561846137087e+01 2.125792294031781182e+01 2.548456069835710025e+01 2.612631606553321362e+01 2.679944956838911452e+01
1.290000000000000001e-02 1.001289999999996283e+01 1.650911099350163269e+01 1.358017880536715261e+01 2.065124661723257660e+01 3.065124661723250554e+01 3.369768064607551850e+01 2.662661283421019220e+01 2.662661283421019220e+01 3.662661283421005010e+01 3.860869591844411275e+01 3.283542126830408137e+01 2.869337394527233087e+01 2.068751791898819192e+01 2.272101500222883530e+01 2.979184579290981461e+01 3.234952441762614939e+01 2.235708114310970629e+01 1.985484619785371407e+01 9.884267514219757800e+00 1.745933960270258112e+01 8.160012613733885090e+00 1.816096763933374802e+01 2.300897784567225202e+01 2.429178968066539923e+01 2.807127724001867719e+01 2.514270171511734731e+01 3.514148399066937145e+01 3.630309355629047730e+01 2.938266401006581674e+01 1.938410589237111381e+01 2.403572149691055415e+01 1.487974531966379743e+01 1.547749051927045727e+01 1.547749051927045727e+01 1.611721827694190523e+01 1.679312582146598842e+01
1.349999999999999985e-02 3.175777660168375593e+00 6.509110993501702858e+00 1.358017880536720057e+01 2.358017880536726807e+01 3.017432657026954956e+01 3.431646219400062847e+01 3.662661283421005010e+01 3.662661283421005010e+01 4.076874845794094426e+01 3.446654572641097758e+01 2.446711888065593854e+01 1.869368304613250231e+01 1.491404269173168551e+01 1.565002623203080212e+01 2.479195753800275170e+01 2.849774974010146522e+01 2.435584578748796147e+01 2.096562159723950458e+01 1.682371003703344314e+01 7.459515458303581426e+00 8.846265948866658846e+00 1.884606154856994209e+01 2.500816299928258601e+01 2.588487196113564437e+01 3.002666111395232917e+01 3.514148399066937145e+01 3.928338600763935773e+01 3.645217682749458277e+01 2.645437592171639807e+01 2.938265250505267190e+01 2.901518385548275347e+01 2.487882738155878215e+01 1.730928613136928718e+01 2.548456069663441070e+01 1.826102266797072105e+01 2.679206000503955210e+01
1.379999999999999977e-02 1.001379999999996251e+01 1.650911099350163269e+01 1.956772485247127591e+01 2.310325875840402432e+01 2.017432657026948206e+01 3.017432657026954956e+01 3.059046911411701331e+01 3.059046911411701331e+01 3.473279263721520493e+01 3.721621897680093127e+01 3.283542126830408137e+01 2.642327398568828656e+01 1.642352387585671636e+01 1.065002925637241660e+01 1.756388365371566707e+01 2.170593578451665806e+01 1.435631835422107905e+01 1.619126582583031748e+01 6.823873732139849935e+00 1.682370574315709888e+01 1.884606144570884467e+01 1.086657103795553958e+01 2.086631489763057345e+01 1.588532936271996832e+01 2.588487196113564437e+01 3.318870807603055084e+01 4.064024064041159789e+01 4.059307614325784641e+01 3.645217682749458277e+01 3.850800368970553222e+01 2.996235290949234553e+01 1.989870360485315715e+01 2.711590284629469494e+01 3.126945207440952501e+01 2.813203480101173071e+01 2.140851190573338414e+01
1.290000000000000001e-02 1.001289999999996283e+01 1.509558889747157906e+01 9.567724852471210184e+00 1.310325875840395859e+01 2.310325875840402432e+01 2.766170892584436913e+01 2.059062521447356175e+01 2.059062521447356175e+01 3.059046911411701331e+01 2.723531251957005495e+01 3.429413767184767181e+01 3.056532275414959088e+01 2.479195753800275170e+01 1.756388365371566707e+01 7.563962261634510575e+00 1.556389937529943523e+01 1.556389950863276894e+01 6.191418200106170389e+00 1.326245479486515144e+01 2.096558432662503790e+01 2.500811981217355751e+01 2.086631489763057345e+01 1.299857820063511404e+01 2.299825265565143084e+01 1.904760416552335656e+01 2.904693940583182510e+01 3.064183311654194597e+01 4.064024064041159789e+01 4.019493147617206574e+01 3.004413347676712931e+01 2.408108709647850887e+01 2.996235290949234553e+01 2.408108709761773625e+01 3.433426659840956319e+01 3.453201058664413381e+01 2.467563173219816974e+01
1.359999999999999924e-02 2.513600000000002055e+00 5.095588897471616363e+00 1.509558889747157906e+01 2.310325875840402432e+01 2.318957571404322948e+01 1.904740716375068388e+01 1.351958197686856522e+01 2.351951168187219565e+01 2.930055109029031613e+01 2.017014193480226680e+01 2.930055109029031613e+01 2.618195538885139229e+01 2.203988991235195272e+01 1.556389937529943523e+01 5.563962128301341181e+00 5.563962128301341181e+00 5.563962128301341181e+00 1.541233246866280915e+01 2.025111819751781539e+01 2.740392604106149932e+01 2.299825292735713589e+01 1.299857820063511404e+01 2.299825265565143084e+01 1.708105738213804514e+01 2.708051353126492700e+01 2.247755475884716247e+01 3.247657508244996905e+01 4.196292597425098592e+01 4.434721038683685634e+01 3.850800368992774736e+01 2.870820857506557999e+01 3.773748626783400795e+01 2.752850087954128000e+01 3.773748626783400795e+01 3.829431809748778193e+01 2.834384025449765332e+01
1.349999999999999985e-02 1.001349999999996321e+01 1.509558889747157906e+01 1.923772452120246612e+01 1.953809367229807492e+01 1.539593783887535494e+01 9.047446577388788214e+00 1.904740716375068388e+01 2.766170892584436913e+01 2.516439713665332079e+01 1.517089922761681464e+01 2.516439713665332079e+01 2.203988991235169337e+01 1.204005618333518512e+01 1.496893967182609941e+01 5.563962128301341181e+00 5.563962128301341181e+00 5.563962128301341181e+00 1.556389950863276894e+01 2.222873321100351163e+01 2.601533193593313342e+01 2.714008239018746238e+01 2.299825296598947588e+01 2.714008366625225577e+01 2.024332373517366790e+01 3.024254489929908374e+01 2.694953183321542056e+01 2.782252345926980297e+01 3.359526745804482317e+01 4.359338479372813424e+01 4.304016683224085682e+01 3.463502827735639045e+01 4.189540271960382256e+01 3.269724707198243863e+01 4.189540271960382256e+01 3.829162332958402004e+01 3.534093860304299994e+01
1.319999999999999993e-02 7.084267811865462505e+00 1.708426781186539145e+01 1.629366635709986610e+01 1.215151753927413836e+01 5.395962875686092453e+00 1.539593783887535494e+01 2.318957571404322948e+01 2.419002076798220102e+01 2.183323116697449251e+01 1.183763093080134965e+01 1.757109290546164004e+01 1.852019512879166641e+01 1.437814771605496311e+01 4.968998010992607739e+00 1.496893967182609941e+01 1.263501949122790080e+01 1.556389950863276894e+01 8.897296106063066645e+00 1.223063475412267564e+01 1.601034452340686087e+01 2.178510131244179959e+01 3.179393443148919474e+01 3.377767990066191572e+01 2.377880817316762929e+01 3.377767990066191572e+01 3.194900329330904754e+01 3.782096905858190894e+01 4.196292597425098592e+01 4.773575641880410814e+01 4.883885467858990381e+01 4.469298765109357419e+01 4.692604108803111984e+01 4.277772546368559148e+01 4.692604108803111984e+01 4.834505952648109428e+01 4.542440692781099187e+01
1.299999999999999940e-02 7.084067811865485176e+00 1.708406781186555179e+01 1.215151753927413836e+01 2.151534320001514899e+00 1.215151740594080465e+01 1.629366622376653240e+01 2.126117316069842289e+01 1.419010836686237553e+01 2.126117316069842289e+01 1.757107134150837524e+01 7.573639541297895406e+00 1.379394382273699371e+01 4.378201819725212829e+00 1.437814771605879649e+01 1.911100578571227615e+01 2.263484091398668241e+01 2.304119280304621498e+01 1.336945983680435823e+01 1.889813904671132150e+01 2.601533193593313342e+01 3.016092983466489486e+01 3.593939674960875408e+01 3.791949088643523424e+01 2.955189262858780097e+01 3.791949088643523424e+01 3.901863590862490838e+01 4.608929758097437457e+01 4.904215168645207967e+01 4.488494209066106322e+01 4.904215168645207967e+01 5.135869231971664561e+01 5.084466605974418485e+01 4.669364741862134593e+01 5.084466605974418485e+01 4.530811390067069055e+01 4.102402999490315949e+01
1.349999999999999985e-02 7.084567811865484899e+00 1.708456781186555062e+01 1.580629918188484950e+01 1.166414849445455815e+01 2.151534320001514899e+00 1.215151740594080465e+01 1.264689357290373728e+01 7.119047909750380043e+00 1.264689383957040292e+01 1.676171811553445679e+01 1.315376413466892203e+01 3.793995581888222279e+00 1.379394540252077839e+01 9.092246729485850665e+00 1.616328908718780966e+01 2.616302846181431718e+01 2.751413036533549317e+01 2.044120420127712023e+01 2.751413036533549317e+01 3.304340937123070887e+01 3.183738837249501330e+01 3.561685319629767577e+01 3.975894386339401620e+01 3.955021266530409463e+01 4.369227975887026361e+01 4.901700599510796508e+01 5.050887697789918462e+01 4.401527179564819647e+01 3.482398825046115576e+01 4.401527179564819647e+01 4.132467772707033760e+01 4.132467772707033760e+01 3.664942344353728032e+01 4.582588990249011118e+01 4.101734914413664512e+01 3.103892528613608803e+01
1.369999999999999864e-02 1.001369999999996274e+01 1.532043455744499560e+01 1.117823646577005725e+01 1.664164141172933986e+00 1.166414849445455815e+01 2.646911724619586792e+00 2.646911724619586792e+00 2.646911724619586792e+00 2.646911724619586792e+00 1.264689383957040292e+01 3.219510592266792148e+00 1.321948838861025344e+01 1.195894226951388184e+01 1.909214493935789747e+01 1.541678740151880156e+01 2.248775285881207608e+01 3.248729284192773292e+01 3.044392906655432540e+01 3.205722455111155966e+01 2.791518607817880238e+01 2.183769535500662684e+01 2.561732918359925293e+01 3.061724746044998469e+01 3.768784564518033164e+01 4.768675684848242469e+01 4.799137517973861122e+01 4.383359404758967059e+01 3.629583172078810094e+01 2.978912979419399321e+01 3.985446517056112015e+01 4.045125195984215338e+01 3.125983530889174844e+01 3.160792538465439705e+01 4.167144136399920029e+01 4.089205308291635532e+01 3.103321475916077432e+01
