output/example/elevation_000004.asc
nrows	75
cellsize	13.33333333
xllcorner	0
ncols	75
yllcorner	0
NODATA_value	-9999
[rows 51 to 67 of 75, columns 0 to 36 of 75]
1.369999999999999864e-02 3.549233905932734245e+00 8.021369860932297868e+00 1.509243767279774673e+01 2.509243767279767567e+01 2.434253544438821137e+01 2.147653062417567327e+01 1.291108397865847301e+01 1.689833242176289119e+01 1.576211328333390682e+01 1.541324976613585029e+01 5.417063183248897573e+00 1.637381723812283862e+00 1.163353985015040237e+01 1.189030481832934782e+01 1.141225087741215560e+01 2.152672081544165561e+00 1.214788368656053485e+01 7.144104948835945379e+00 1.713336863201281801e+01 2.414783083704618960e+01 2.990886192976798341e+01 2.335232212910784710e+01 2.042982969339374577e+01 2.748447873274513498e+01 2.438905934886463100e+01 1.950013109943338208e+01 1.037409799631910445e+01 2.036156393067923176e+01 2.201861098877860456e+01 1.303114130842399554e+01 2.303171309455064630e+01 2.042674968608947950e+01 3.040733725737443649e+01 3.469135327649757983e+01 3.055811383645339419e+01 2.215541926781894944e+01
1.290000000000000001e-02 1.001289999999996283e+01 1.769136952965343923e+01 2.216350548464825820e+01 2.257213475973952654e+01 2.679401325929351074e+01 2.529415158185492629e+01 1.885552160219778628e+01 2.147653062410818947e+01 2.174269723133179610e+01 1.174128583762944977e+01 1.163407506780417755e+01 1.163353985015038816e+01 1.894173413948640139e+00 1.894173413948640139e+00 1.894173413948640139e+00 7.238131814183162760e+00 1.548939713764085546e+01 1.713336863201281801e+01 1.002787327533009254e+01 1.579727536026606138e+01 2.578118785190422457e+01 3.332667310914762737e+01 3.040784300334161472e+01 3.372294473067272946e+01 2.375580362502724441e+01 1.669251618618759991e+01 2.036156393067923176e+01 1.131634325804679797e+01 1.202320989887552649e+01 2.201861098877860456e+01 1.409337138375229692e+01 2.117233217862063555e+01 3.115114721636177819e+01 3.055811383645339419e+01 2.058015564900842875e+01 3.055811383645339419e+01
1.329999999999999932e-02 1.001329999999996190e+01 1.850402263500282984e+01 1.438580970279651794e+01 1.254598314940458259e+01 1.837796598066303844e+01 2.251955760085262526e+01 2.780420616673205814e+01 3.055339413387696368e+01 2.174283000286138900e+01 2.174283000286084544e+01 2.162409121144577995e+01 1.602464023481847377e+01 1.189030630751407180e+01 1.894173413948640139e+00 1.189030547097521584e+01 1.534999975989989984e+01 2.053696536351783308e+01 2.001697328729087388e+01 2.001697328729126113e+01 1.355999029865515837e+01 2.354841417028038819e+01 3.193069996418436318e+01 3.691267906510803698e+01 3.664224279838607856e+01 2.667511166581698845e+01 2.446789618296583413e+01 1.447560787028646700e+01 1.131634325804679797e+01 2.130805717244940212e+01 2.486454169403534920e+01 1.486303746746026277e+01 2.486454169403534920e+01 2.596898329792522730e+01 2.948216599342362088e+01 1.949820109544265279e+01 2.948216599342362088e+01
1.369999999999999864e-02 1.001369876422929650e+01 1.064372927285249482e+01 4.900738901777025092e+00 1.130425901142911194e+01 8.378459961036595516e+00 1.837796598066303844e+01 2.222372925214123285e+01 2.646089727769817657e+01 3.174295657719531860e+01 2.840460367033601941e+01 1.843167546663159229e+01 1.136557200266498135e+01 6.366297717476903095e+00 1.189030647117091810e+01 5.324229259377447399e+00 1.531822635733284521e+01 2.336786057995966104e+01 2.999235745198296854e+01 2.354840972859853210e+01 2.354841417028038819e+01 1.782309188946566536e+01 2.282151424113781957e+01 3.278748885889658737e+01 3.520804726734960610e+01 2.524696589947225789e+01 1.947877810775883489e+01 2.419275903081603474e+01 1.419985866406843300e+01 2.419275903081917889e+01 2.899841542247612480e+01 2.486454169403534920e+01 1.596966189722462204e+01 1.596966189722462204e+01 2.596898329792522730e+01 1.843439002107556846e+01 2.033041546390804655e+01
1.319999999999999993e-02 3.359486121839512784e-01 6.588654540442644425e-01 9.824578548895511743e-01 1.307414191815192694e+00 1.130724741212012852e+01 1.474666673928755323e+01 1.164956603979447181e+01 2.222372925214123285e+01 2.456712694762575211e+01 2.749349171375509826e+01 2.547896304303826298e+01 2.049051223427468216e+01 1.136557202284904378e+01 1.945097693046639975e+01 1.531822635733284521e+01 9.246251944440116333e+00 1.631409365106857123e+01 2.629313269248678964e+01 3.351659180113058767e+01 2.780450155001712531e+01 2.488704216834535288e+01 3.193069996418805445e+01 3.691267906511973251e+01 3.934236582363698886e+01 3.358794288492061497e+01 2.524696589947225789e+01 2.752116883300506700e+01 1.753593942645093051e+01 2.752116883300506700e+01 3.594145976387209629e+01 2.596898316459180478e+01 1.975954720702135248e+01 2.596898329792522730e+01 1.712790088915756570e+01 2.712338178204056760e+01 3.030958988232820417e+01
1.349999999999999985e-02 1.001349999999923313e+01 7.729907575263259112e+00 1.098234182821906835e+01 1.130724723999476922e+01 1.768925345809238658e+00 4.910701262913164555e+00 1.474666673931750438e+01 2.005518227846046386e+01 1.456947219001315652e+01 1.749806459195377784e+01 2.597482854245265926e+01 2.548111412630469985e+01 2.135290897958427081e+01 2.548111412617129190e+01 2.336786057998327237e+01 1.501805047688233508e+01 1.556855451288975090e+01 2.263040270084167815e+01 3.259585181428202105e+01 3.776296469896340113e+01 3.484787155692212224e+01 3.637820939859096114e+01 4.051650086629908998e+01 4.758095266037812365e+01 3.934236579614703544e+01 3.520804726733325651e+01 3.165168890932346457e+01 2.253754994512612342e+01 3.165168890932346457e+01 3.679025468756260864e+01 2.682434321581727232e+01 2.682500090154467998e+01 2.940834805850823486e+01 1.942968880844767909e+01 2.140153460317189982e+01 3.138039720073180661e+01
1.369999999999999864e-02 1.001369933093221576e+01 1.772965241581280083e+01 1.883925524485401937e+01 8.839950872904184465e+00 1.176867867583387373e+01 2.233664757720152050e+00 1.223065257758368318e+01 1.009561347698644873e+01 7.498426591032172794e+00 1.128106715502440238e+01 2.159202678331267578e+01 2.435002578548950680e+01 2.858542079198117492e+01 3.300130932777094728e+01 2.912864952715881728e+01 2.500012400188154871e+01 2.554920781944391095e+01 2.967778722455931728e+01 3.496978253699389683e+01 3.083115237962682187e+01 3.005818911501381407e+01 2.638537992130741827e+01 3.345204907221999235e+01 4.261145131604530434e+01 3.890198332880220988e+01 4.301939205278775802e+01 3.663637702778620309e+01 3.250478772088452217e+01 3.663637702778621019e+01 4.093766521614117693e+01 3.679025468756260864e+01 3.681122447355797789e+01 2.891884802883176775e+01 2.186076814625277009e+01 3.137947394542525359e+01 2.639733063117698109e+01
1.379999999999999977e-02 1.001310013333329607e+01 1.415523575705855919e+01 2.298067723604071588e+01 1.883925582240878427e+01 1.633317003534390466e+01 9.294560382257952114e+00 2.699663957669418579e+00 3.029713110837839896e+00 3.029713110837839896e+00 1.302613375664295248e+01 1.684079439602380290e+01 1.426464892184482025e+01 2.264861848566623692e+01 2.297685209120261973e+01 2.928058421245985699e+01 2.514037478369598233e+01 2.752951891761244951e+01 3.167062899411083876e+01 2.919963709967638010e+01 2.083587047391804958e+01 2.006255824646552455e+01 3.005818911501381407e+01 2.853575669855929675e+01 3.557360400730232186e+01 2.894523851320620267e+01 3.727364293052767863e+01 3.896675384370909256e+01 4.004764608501587730e+01 4.413317050736653613e+01 4.082196453282916337e+01 4.494990616988018672e+01 4.310552123588556128e+01 3.453522253520760188e+01 2.453453120092830275e+01 3.448159250665305109e+01 3.637084730916368613e+01
1.309999999999999880e-02 1.309999999999999880e-02 1.001310013333329607e+01 1.748862854173342996e+01 2.326260285752532297e+01 2.320117168609655778e+01 1.678656193370870042e+01 1.269640119073888407e+01 4.114085733337358164e+00 1.302628759293787297e+01 3.523878667513069995e+00 1.352006895678816001e+01 8.487415161808977260e+00 1.296022608270707188e+01 2.297757331420657678e+01 2.350702452522653019e+01 1.513918994393277373e+01 1.753085128110710755e+01 2.554918233466733923e+01 2.140930033148799794e+01 1.506149767644922122e+01 2.506037368073966221e+01 3.059067323384325476e+01 2.147974744691827098e+01 2.739792367223014580e+01 2.318458302637526458e+01 3.315345402926545404e+01 2.904867253950637362e+01 3.013451848970939295e+01 3.449731785994094224e+01 3.082187445202564291e+01 3.789738203610202305e+01 4.788293759459364196e+01 3.810734669481486492e+01 2.806185193246580312e+01 3.269774389959837180e+01 4.290456936627184348e+01
1.349999999999999985e-02 1.309999999999999880e-02 3.346433466666669077e+00 9.119936160128073510e+00 1.911996124918140083e+01 2.272607694888504426e+01 1.273200597722092020e+01 5.664013005117970678e+00 1.410929490843444434e+01 1.766194908839335653e+01 1.352022739786569439e+01 4.019553289488856151e+00 1.401568103183309155e+01 1.865646232041994779e+01 2.712750262587654859e+01 1.936564097857312916e+01 9.361281461963805839e+00 1.603076951573003583e+01 1.816380609833502646e+01 1.140601540706534145e+01 2.140930033148799794e+01 2.919961074404054457e+01 2.646603201547433670e+01 1.648607584991645680e+01 1.741931211438617666e+01 2.739792367223014580e+01 3.195361129714784099e+01 2.200485959650023915e+01 3.055214725191269665e+01 2.449868203769078079e+01 2.897301735071023288e+01 3.483320740571721785e+01 4.536423348358025720e+01 4.252820448211681992e+01 3.304299527799028624e+01 4.249413095010271491e+01 4.739106302245384228e+01
1.369999999999999864e-02 1.001310013333329607e+01 1.334643547597985247e+01 1.151139942475446531e+01 2.151140956354454303e+01 2.254445742583767398e+01 1.255246161391279891e+01 6.779419051616903502e+00 1.384944367441964275e+01 2.383988418893794758e+01 1.815723484178233704e+01 1.108664061452972049e+01 4.519825418297019226e+00 1.451576504150636460e+01 1.915913476830789364e+01 1.603076924906217116e+01 6.033529130737320223e+00 6.033529130737320223e+00 8.158977802383077460e+00 1.816380609833502646e+01 2.270089309041773618e+01 2.684028617823048180e+01 2.269395322686007432e+01 1.271202076394324898e+01 2.269396107264486062e+01 2.952445164561806124e+01 2.542538032455355079e+01 1.824183905943870698e+01 2.058650808508772911e+01 3.055214725191269665e+01 3.863100248927624847e+01 4.332054694813179907e+01 4.937648552948606806e+01 4.789093265703859714e+01 4.335148909535610073e+01 4.790682193479803175e+01 4.928864806823297329e+01
1.290000000000000001e-02 1.001289999999996283e+01 1.688246723926614123e+01 2.102460286301361947e+01 2.565367535976650970e+01 2.667910966266033412e+01 1.793630182880013990e+01 7.939487559918613435e+00 1.793630182880013990e+01 2.380393679965673570e+01 2.522782478445746790e+01 1.865724315063829764e+01 1.158665060141920122e+01 5.021860176563621714e+00 1.501772805976096947e+01 6.033529130737320223e+00 6.033529130737320223e+00 6.033529130737320223e+00 6.402434804292626680e+00 1.640106382213212299e+01 1.269848760151253586e+01 2.106692797902584502e+01 1.884266236120966198e+01 1.041707579421261975e+01 2.040394677396366063e+01 2.350941792642655059e+01 1.548604151797122697e+01 2.542538032455355079e+01 3.055214586922050302e+01 3.466344686320365298e+01 4.011947224076058660e+01 4.021169035104446721e+01 4.859084271531493471e+01 5.336874337464508500e+01 4.943566895610168643e+01 4.398852060290486321e+01 3.655101695809633355e+01
1.359999999999999924e-02 3.346933333333330207e+00 6.882467239266072845e+00 1.395353505113157055e+01 2.395353505113163806e+01 2.499713435859452204e+01 1.501160923331416441e+01 1.793630182880013990e+01 9.680412371497881807e+00 1.967357763013788841e+01 2.563507355920413389e+01 2.572783569228858624e+01 1.915913477509302965e+01 1.501772805976094460e+01 5.525136727388720637e+00 1.552129554391899724e+01 1.603076938239550486e+01 1.310144857649278904e+01 1.640106382213212299e+01 6.923940374778283946e+00 6.923940374778283946e+00 1.692599995139634927e+01 8.842136433961712783e+00 1.884266236120966198e+01 1.224362792373469944e+01 1.355378721868257763e+01 2.350941792642655059e+01 1.840659610985380823e+01 2.828088839633038631e+01 3.354365697277606273e+01 3.083748406426791178e+01 3.935162660952932612e+01 3.952437913245805134e+01 4.856634011390504213e+01 4.451858264501763074e+01 3.344720552813318903e+01 2.783529904435047442e+01
1.379999999999999977e-02 1.001379999999996251e+01 1.688246723926614123e+01 1.688246723926614123e+01 2.688246723926620874e+01 2.912935799570388440e+01 2.499713435859452204e+01 1.784313602918556185e+01 1.967357763013788841e+01 1.152427063298498489e+01 2.150923205818891404e+01 2.259316629826094314e+01 1.259203095474553002e+01 5.525136727388720637e+00 1.552129554391895816e+01 1.129399265740278580e+01 2.129589867639143463e+01 2.310277585577608761e+01 1.692599995139634927e+01 6.923940374778283946e+00 6.923940374778283946e+00 7.301923464193179392e+00 1.730713935350417643e+01 2.202510025310472130e+01 2.221139046364716307e+01 2.350941792640617223e+01 2.762074375251836145e+01 2.828088839633038631e+01 2.151993846621443396e+01 2.382894753392459819e+01 2.671041248076164010e+01 2.988063841326092529e+01 3.551524186884233103e+01 4.490378820143357785e+01 3.981890367508978557e+01 2.857644444655858251e+01 2.259615991466214169e+01
1.349999999999999985e-02 1.001349999999996321e+01 1.501359999999995409e+01 2.501359999999988304e+01 2.527004869918294006e+01 2.941230558192198430e+01 3.194654207901825771e+01 2.781810875833883756e+01 1.968085587365442635e+01 2.150923205818891404e+01 1.348803974836030228e+01 2.346200564621848272e+01 1.966262299245535061e+01 1.052011023383163568e+01 1.966260180206690222e+01 1.836763831791317259e+01 2.129589867639143463e+01 2.466261283899156354e+01 1.466229319470609660e+01 8.881016390064136345e+00 1.692599995139634927e+01 1.730713935350417643e+01 7.874225178391882629e+00 1.788447803345385267e+01 1.888850586797127207e+01 1.931370228604510331e+01 2.344752340208897934e+01 3.050179354821350586e+01 3.130872233073802136e+01 3.354365697277606273e+01 3.633650425208298174e+01 3.935162660952932612e+01 4.001330229105635539e+01 4.667018031343857842e+01 4.239355228840926770e+01 3.524675880205752065e+01 2.818311215226038158e+01
1.359999999999999924e-02 5.013599999999991397e+00 1.501359999999995409e+01 1.819896901727934591e+01 1.527003191241404245e+01 2.527004869918294006e+01 2.990488443609512714e+01 3.376868617732766609e+01 2.964457313722417453e+01 2.195718170229081068e+01 1.490337149403977257e+01 2.486888424095428718e+01 2.466283841102667651e+01 2.052248118722747705e+01 2.466283600659434327e+01 2.836534454798914240e+01 3.129234622337920513e+01 2.880326590093115513e+01 2.102220102819759973e+01 1.101754767485972053e+01 2.102220102819761394e+01 2.201966941383601650e+01 1.787981042761269990e+01 8.451316876749274343e+00 8.875176879784586248e+00 9.301889785712894820e+00 1.638524843449715007e+01 2.405040909162306662e+01 2.743820694399649085e+01 3.146545462035814467e+01 3.629824566848427736e+01 3.219752409971231799e+01 3.651507600518772989e+01 3.905437860293476859e+01 3.325536244744741765e+01 2.816215979313695783e+01 2.109332333994760944e+01
1.290000000000000001e-02 1.001289999999996283e+01 1.285374146654912941e+01 8.198963942690706830e+00 1.819896901727934591e+01 2.173986123175716756e+01 1.990481414178887931e+01 2.990488443609512714e+01 3.601348474400325728e+01 2.898533322314702687e+01 2.195718170229081068e+01 1.705996150948850953e+01 1.888447387963129387e+01 2.077149967173173195e+01 3.068739595567048895e+01 3.755238384117789252e+01 3.312271982517209779e+01 2.312055925366846765e+01 1.734724636827516164e+01 1.369467359110625360e+01 2.369553178377420366e+01 2.586988122146894042e+01 1.586294482288281138e+01 1.008041680457505507e+01 1.888847569840342544e+01 1.931343044041591739e+01 9.910071240848029817e+00 1.991713492144035413e+01 1.758039368128565272e+01 2.724051786307436984e+01 3.120878381925255596e+01 2.195113624087752413e+01 3.038377641040120380e+01 3.084429718822080346e+01 2.434202900539447967e+01 3.130685316804429164e+01 2.953652704989529809e+01
