output/example/elevation_000053.asc
nrows	75
cellsize	133.333333333
xllcorner	0
ncols	75
yllcorner	0
NODATA_value	-9999
[rows 51 to 67 of 75, columns 37 to 73 of 75]
1.789638993669020408e+02 2.789639465421071804e+02 3.010144435377745253e+02 3.127995645189928950e+02 2.298246275790891104e+02 2.422281010380100952e+02 3.422281939826912662e+02 3.748274549564241056e+02 3.219677751177139839e+02 4.077163211453179770e+02 4.256768929853568011e+02 4.445751706550321387e+02 4.023099315022040514e+02 4.946488448298523508e+02 4.417888126725391089e+02 5.124998506842551933e+02 6.125017496295720321e+02 6.082209403423660206e+02 5.667982627494554890e+02 5.930200702507644337e+02 5.996734041631258378e+02 5.582519871801589488e+02 4.952763298913239964e+02 5.689241472983815129e+02 4.689241402674936126e+02 4.982134642081380207e+02 4.825499119645058954e+02 3.825499104704996398e+02 4.825499119645058954e+02 5.102849223491617749e+02 6.102849426349372379e+02 5.433214078780213185e+02 4.433214049282838118e+02 5.099880735614413538e+02 4.424323558211029876e+02 5.424323587320213846e+02 5.777876993833828010e+02
2.789639465421071804e+02 2.181871264013269638e+02 3.181872040106088093e+02 3.712464103220238485e+02 3.005353151579683981e+02 3.422281939826912662e+02 2.609598172696447023e+02 2.748273221752774589e+02 2.910494642883674601e+02 3.077161309551147497e+02 3.256766611583404938e+02 3.445748848122196364e+02 3.688284473680693054e+02 3.946483367408833942e+02 4.946488448298523508e+02 5.832123726573493059e+02 5.603012696696206376e+02 5.188788584768666396e+02 4.667969708058279821e+02 4.930184186382493863e+02 5.637306544112376514e+02 6.366977735275206669e+02 5.952763384346792463e+02 6.103455696424198322e+02 5.689241472983815129e+02 5.325499134584410967e+02 4.325499104705704099e+02 4.825499119645058954e+02 4.102849202817618561e+02 5.102849223491617749e+02 5.841506097541031295e+02 5.683214088612674004e+02 4.683214049282844940e+02 5.683214088612674004e+02 5.424323587320213846e+02 4.777876948804313315e+02 5.777876993833828010e+02
3.596088871963694373e+02 3.181872040106088093e+02 2.653275788929975647e+02 3.653277249341907122e+02 4.005355608314191045e+02 4.023817123930248272e+02 3.186948477503148069e+02 3.325623537818804039e+02 3.910496227802840394e+02 3.654511670391541429e+02 4.256768929853568011e+02 4.023099315022040514e+02 4.688288246671285151e+02 4.653591586764442809e+02 5.360711859954344618e+02 5.220826235457599296e+02 5.025654903633035815e+02 4.188780704684094189e+02 4.090618043038696214e+02 4.223073958325131798e+02 5.223082242657004599e+02 5.911655626133143642e+02 5.911655626133143642e+02 6.325883756068259345e+02 6.032605986034440093e+02 5.032605886666873971e+02 5.032605886666873971e+02 5.517063142845528319e+02 4.809955984378633502e+02 4.427292045079152558e+02 5.427292075682031509e+02 6.097428197770509541e+02 5.683214088612674004e+02 5.109615481994597417e+02 6.109615550560490647e+02 5.777876993833828010e+02 5.204278381516675154e+02
3.759070893115510898e+02 4.067495413480543220e+02 3.230626152406396159e+02 3.469772937527341696e+02 4.469777802517309055e+02 4.601171086311677527e+02 4.186951099201468764e+02 4.325626568543697203e+02 4.739847117661709035e+02 4.654515953492022504e+02 5.068738006448857050e+02 5.023105610348202958e+02 5.437329636786599849e+02 5.653604023790614974e+02 4.927933902331533886e+02 4.220817196919396110e+02 4.578437723424527235e+02 3.611430005421803457e+02 3.590617836744081615e+02 4.590621471151806077e+02 5.403032066331433043e+02 4.911639691891002144e+02 4.911639691891002713e+02 5.911655626133143642e+02 6.446820386748395322e+02 6.032605986034440093e+02 6.032605986034440093e+02 6.224170301312419724e+02 5.427292075682031509e+02 4.805256518088419853e+02 4.961814528917157077e+02 5.961814594634028026e+02 6.442948918175836752e+02 5.442948815329798435e+02 6.442948918175836752e+02 6.618492857416230208e+02 5.781628651051825045e+02
4.173289692073511787e+02 4.644849799905708778e+02 4.230629384693180555e+02 4.469777802517309055e+02 4.299397409235760392e+02 4.299397409235760392e+02 4.713617705251868983e+02 4.465292107709826723e+02 4.051072941050590543e+02 4.290220965752462803e+02 4.704441187612630983e+02 4.850615047478502788e+02 5.264837618547687725e+02 4.687825688938288522e+02 4.273605748446673829e+02 3.513709305257045798e+02 4.164218488723924452e+02 3.164216390608782490e+02 4.153020615038814185e+02 4.403021304324969947e+02 4.403021304324969947e+02 4.204530097467184078e+02 5.204537577735919740e+02 5.599857648053629191e+02 5.849861344024908476e+02 5.959254045044823442e+02 6.373482437632906112e+02 6.841507206837983404e+02 6.213504891690721479e+02 5.213504808553719840e+02 5.961814594634028026e+02 5.668921312884876897e+02 6.668921527760779782e+02 6.150055601183817089e+02 6.150055601183817089e+02 7.150055936386413578e+02 6.488735447340779956e+02
4.777844536053224260e+02 4.122821938294420647e+02 3.708603806901518283e+02 3.799395466124088330e+02 3.299393523012416267e+02 3.299393523012416267e+02 4.299397409235760392e+02 3.887938551729600363e+02 3.051070494376903639e+02 3.290217137749312428e+02 4.143503768712980673e+02 3.850608686941316705e+02 4.850615047478502788e+02 4.273605748446673829e+02 3.273602573711745549e+02 3.013709247109031821e+02 3.713938864272273008e+02 2.934800656715509604e+02 3.153018546967855968e+02 3.403018547180338942e+02 3.704529895133576929e+02 4.704533837601553614e+02 5.306964902244823179e+02 4.599845792540945695e+02 4.849846560139799863e+02 4.959237688498499779e+02 5.854050476706822792e+02 6.268278402660845359e+02 6.627719311205456734e+02 5.920611593253902356e+02 6.627719311205446502e+02 6.668921527760779782e+02 7.083136445404215920e+02 7.150055936386413578e+02 7.150055936386413578e+02 7.564271350000775556e+02 7.488736027131291166e+02
4.363623504345778770e+02 3.545469088794731078e+02 2.708602055478586408e+02 2.799393325463134374e+02 2.592286462448994939e+02 3.592287880074332520e+02 3.554604085946308487e+02 3.140387567774907893e+02 2.473720184778219107e+02 2.789947951385242959e+02 3.143501347083955011e+02 4.143503768712980673e+02 4.317769619191445258e+02 3.791731237285070506e+02 3.377514282916825437e+02 2.566495648409095338e+02 2.713937604564031858e+02 3.713938864272273008e+02 3.730368928795782040e+02 4.403021304324969947e+02 4.704533837601553614e+02 4.990734059520706296e+02 4.576513167166003200e+02 3.892737580418177004e+02 4.142737607855830788e+02 4.476071096828631539e+02 4.854036219989932306e+02 5.561149795710886110e+02 6.561175273195513000e+02 6.920611865105079232e+02 6.463906321466245117e+02 6.049677330073899384e+02 6.463906321466274676e+02 6.843349945352044870e+02 6.429118679085880785e+02 6.843349945352620125e+02 7.343371315844373157e+02
3.399078426622195366e+02 2.984862075008800844e+02 2.131251761215632428e+02 2.092286455941611791e+02 3.092287171261662593e+02 3.259719407927318002e+02 2.845503444206152608e+02 2.140386851360908906e+02 3.140387567774907893e+02 3.789949521944553226e+02 4.143503768712980673e+02 4.144995045017308257e+02 3.610659199377817572e+02 2.903548779564195002e+02 2.377513411904469081e+02 3.377514282916825437e+02 3.713938864272273008e+02 4.128156660191142464e+02 4.730373555399121983e+02 5.144595309144197017e+02 4.702056741897160350e+02 4.287837061285506479e+02 3.576509802533695961e+02 4.576513167166003200e+02 5.142744109052946442e+02 5.476080615165105883e+02 5.854050476706822792e+02 6.268278402660845359e+02 6.181054677171188132e+02 6.049680992976500420e+02 5.963894801659321274e+02 5.049660176159387106e+02 5.963894801659321274e+02 6.343335512180061642e+02 5.429095559805330140e+02 5.929107119445608305e+02 6.790561630076819029e+02
2.821726722100373195e+02 1.984861348417709621e+02 1.684038165374504956e+02 2.489858982524638691e+02 2.531525663870383482e+02 2.573337779743832243e+02 1.845502939048827216e+02 2.845503444206152608e+02 3.554604085946308487e+02 3.344595160945488601e+02 3.758812226797434164e+02 3.437885060135055255e+02 2.730775075253091586e+02 2.196441919819429813e+02 3.196442633116279808e+02 3.791731237285070506e+02 4.657569519843609100e+02 4.633530946025641128e+02 4.219311336199472748e+02 4.448054958936908179e+02 4.033836199043306010e+02 3.287834666635073972e+02 3.865185085016303788e+02 4.865190397828932873e+02 5.544651322460460960e+02 5.130427647450161430e+02 5.544651322464761733e+02 5.856605550463580130e+02 5.181035307207456526e+02 5.049663587218062730e+02 5.049663587218062730e+02 4.549658421319480794e+02 5.549668753116643529e+02 5.536869171606866757e+02 4.929092644444939992e+02 5.376308468407586361e+02 5.953667198382969445e+02
2.350015411017891722e+02 1.407511075932599454e+02 1.448335904978985980e+02 1.489858644905856409e+02 1.531525311572523549e+02 1.573337412072878578e+02 2.573337779743832243e+02 2.678377007216843708e+02 2.722744851704100597e+02 2.344594114541442309e+02 2.812055380152932003e+02 2.857002059751426373e+02 2.023668234703155520e+02 3.023668824761080600e+02 3.610659199377817572e+02 3.657563151105441079e+02 3.657563151105441079e+02 4.056177129936477854e+02 3.219308695558574982e+02 3.798133517566560613e+02 3.033834412546947874e+02 4.033836199043306010e+02 4.702056741897160350e+02 5.279412781184543064e+02 5.044645393070958335e+02 4.130420989241389975e+02 5.044645393069821466e+02 4.856590293363768751e+02 4.473923793167303415e+02 4.657429121810038737e+02 4.049657990708485613e+02 5.049663587218062730e+02 5.203532733319956378e+02 4.536859856746129367e+02 5.243970144434862277e+02 6.243989975411406022e+02 6.689296766090080837e+02
1.350015118474992164e+02 2.350015411017891722e+02 2.448336228578911005e+02 2.196965452608126554e+02 2.238632120935080820e+02 2.573337779743832243e+02 1.634139202103927460e+02 1.678376597624308886e+02 1.722744423095114996e+02 1.767243839044114111e+02 1.812054910538936667e+02 1.857001568036486674e+02 2.857002059751426373e+02 2.975477457104145742e+02 3.025106652819196711e+02 2.657561623325984783e+02 3.657563151105441079e+02 3.433444888132385699e+02 2.641958390257438509e+02 2.798132152146156955e+02 3.798133517566560613e+02 4.448054958936911021e+02 4.724202080428991053e+02 5.138423889205108708e+02 4.630424318345777124e+02 3.630420847421312374e+02 4.630424318345777124e+02 4.149480347660655184e+02 4.332985167454464204e+02 3.657425694105972980e+02 4.657429121810038737e+02 4.902019492968968848e+02 4.203526445751497818e+02 5.203532733319956378e+02 5.951095114058382478e+02 5.982170652345653252e+02 5.689269425724529583e+02
2.293219210977864293e+02 1.884537603547812807e+02 2.884538229345874925e+02 3.196966514780412467e+02 3.238633227556294401e+02 2.819835021026398181e+02 1.819834540280981798e+02 2.678377007216843708e+02 2.722744851704100597e+02 2.344594114541442309e+02 2.812055380152932003e+02 2.857002059751426373e+02 1.926090421621834423e+02 1.975476901454314600e+02 2.025106068152861951e+02 3.025106652819196711e+02 3.233444705745973238e+02 2.433443976200323959e+02 3.433444888132385699e+02 3.798133517566560613e+02 4.212351534538685769e+02 4.017091707236655225e+02 3.724197000565693543e+02 4.724202080428991053e+02 4.297089828037623533e+02 3.297087511851196382e+02 4.091803002227579213e+02 4.189393203118233373e+02 3.332982851075169606e+02 4.332985167454464204e+02 4.619175535662444076e+02 3.902015091823559487e+02 4.902019492968968848e+02 5.617756667178676935e+02 5.510758998242622511e+02 4.982155520305797154e+02 5.689269425724529583e+02
2.707434416214358066e+02 2.884538229345874925e+02 2.591644468142227993e+02 3.591646319978194128e+02 3.526942855565105788e+02 2.526941365900196672e+02 2.819835021026398181e+02 2.121345884859844944e+02 3.121346573123470307e+02 3.344595160945488601e+02 3.758812226796923142e+02 3.279644629299979215e+02 2.279643812233485107e+02 2.682583736700998429e+02 3.025106652819196711e+02 2.096083412251630591e+02 2.233443976200321401e+02 3.233444705745973238e+02 3.847661952527387825e+02 3.445264166520407798e+02 3.526643092786047191e+02 3.017089890051900056e+02 3.693358199744814669e+02 3.779107602583803214e+02 3.866478131358310293e+02 2.995576167191822492e+02 3.091801212056762438e+02 3.189391219351618361e+02 4.189393203118233373e+02 3.499649517742041098e+02 3.619172378675957020e+02 4.619175535662444076e+02 5.006706959710105025e+02 5.186313325999345807e+02 4.510750275653055041e+02 5.510758998242622511e+02 6.396399364902756588e+02
2.531534674050803915e+02 3.270193729698383436e+02 3.591646319978194128e+02 4.005864287217232800e+02 3.941160486079307930e+02 3.526942855565105788e+02 2.828452743507477862e+02 3.121346573123470307e+02 2.486494256673263124e+02 3.486495340580566449e+02 3.912101490670347630e+02 2.912099388804485898e+02 3.279644629299979215e+02 3.682585449235332931e+02 3.096084041586480566e+02 3.096084041586481135e+02 2.172779911136368867e+02 3.172780592748481467e+02 3.330931672675366144e+02 2.445263259078224962e+02 2.526642104955342063e+02 2.608841598608022991e+02 2.693357024080876840e+02 2.779106316652133160e+02 2.866476722318238899e+02 3.866478131358310293e+02 4.091803002227579213e+02 3.896498340114626444e+02 4.005888554906682089e+02 4.499652297396947347e+02 4.619175535662444076e+02 3.840035430884802281e+02 4.006702097714227762e+02 4.186307400436713806e+02 5.186313325999345807e+02 5.045273919374428715e+02 5.545277624541084833e+02
1.855977147130934384e+02 2.855977693615254225e+02 3.642191392874133271e+02 4.056409266121104338e+02 4.633763461384750713e+02 4.242673329139387306e+02 3.535560091160357388e+02 3.900712656313999105e+02 3.063844567124920104e+02 2.957898786849270891e+02 3.957900819636858500e+02 3.912101490670347630e+02 3.912101490670347630e+02 4.510307137471702958e+02 3.644185719916123389e+02 2.644184433597084762e+02 3.172780592748481467e+02 2.250866792080672951e+02 2.330930868983217579e+02 3.330931672675366144e+02 3.526643092786047191e+02 3.608842674910221717e+02 3.400463964465294566e+02 3.356456627268807438e+02 3.866478131358310293e+02 3.400999232269525692e+02 4.401002203226415190e+02 4.896503953730950798e+02 5.005895253088569348e+02 5.420118347693622809e+02 5.254261429419414071e+02 4.417386046966262825e+02 4.584052854345094943e+02 5.186313325999345807e+02 4.686307750824645382e+02 5.393419173411996326e+02 6.045290166545947841e+02
2.855977693615254225e+02 2.233941620338799794e+02 2.642189913752616235e+02 3.219540282133639835e+02 4.219543547083360409e+02 4.894623804543811616e+02 4.535565277164661779e+02 4.478066234258341183e+02 4.063847034050123739e+02 3.665006019517509230e+02 3.590354586122658702e+02 4.590359389753317032e+02 4.912109464253850888e+02 4.221537660036852344e+02 3.221534765899288004e+02 3.644185719916123389e+02 2.957973654756977453e+02 3.250867531425951711e+02 2.360631052070364717e+02 3.360631882575416398e+02 3.887357914853536158e+02 4.403973031680199028e+02 4.400467434897529415e+02 4.356459571798353068e+02 4.770679638191458594e+02 4.108106753331809955e+02 4.217497166408760449e+02 5.217505982295609783e+02 5.809376059334830416e+02 6.102277513290855495e+02 5.831620038973112514e+02 5.417394812934594484e+02 5.584063204652493368e+02 5.998289416146881194e+02 5.186309530553241984e+02 6.100545749918182992e+02 6.807672326424376479e+02
3.648159304229530449e+02 2.811291921530866489e+02 3.050438497354366518e+02 4.050441669691973061e+02 4.601731860984512537e+02 3.894617145541602667e+02 4.187512314731230276e+02 5.187521972338926162e+02 5.030599572604245964e+02 4.665011418433556969e+02 4.590359389753317032e+02 4.590359389753317032e+02 5.590373161753152544e+02 4.635757388060368953e+02 3.798885421391576642e+02 4.372194712705595521e+02 3.665081043826005498e+02 2.993086625049863869e+02 3.360631882575416398e+02 2.473139842162968591e+02 3.473140777952576741e+02 3.403969159156742421e+02 4.403973031680199028e+02 5.121224058749563710e+02 5.225367068135537920e+02 5.108114370719338240e+02 5.217505982295609783e+02 5.516482918749132978e+02 4.809362238597661872e+02 5.102259505411311125e+02 5.452458932392640918e+02 5.452458932392640918e+02 6.452481884223260522e+02 6.600558141440853888e+02 6.186328271794842522e+02 6.600558141443315208e+02 7.037875110666013825e+02
