output/example/elevation_000003.asc
nrows	75
cellsize	13.33333333
xllcorner	0
ncols	75
yllcorner	0
NODATA_value	-9999
[rows 0 to 16 of 75, columns 37 to 73 of 75]
4.895991479165343918e+01 4.895991479233223487e+01 5.303332125562970134e+01 5.338173555726892516e+01 4.930545041350493563e+01 5.166241600700723069e+01 5.573626093554329231e+01 5.452073479971160452e+01 5.452073479965032732e+01 5.858543930723215709e+01 6.000267233896088470e+01 5.597365773311354076e+01 5.850134083105109539e+01 5.446738377717989721e+01 5.850134083105094618e+01 5.682664404376640022e+01 5.282036010350373800e+01 5.682664404376668443e+01 5.614844054628227354e+01 6.013242111934056311e+01 6.419754227879869291e+01 6.084205274325827872e+01 5.691292204335402261e+01 5.691292204335402261e+01 6.639927385473407639e+01 6.679749194628757891e+01 7.001046038733964849e+01 7.384033743472171807e+01 7.887157349836060405e+01 7.092877841989090371e+01 6.552965107681727375e+01 6.125336079796245770e+01 5.770643313817392794e+01 5.918550345173967742e+01 6.349712682691812660e+01 6.336191337089713471e+01 6.336192832543100906e+01
3.904923466412061117e+01 3.904923466412061828e+01 4.895991479235964050e+01 4.563404067438022338e+01 3.939433933296196955e+01 4.176752063017336525e+01 5.161878853387691635e+01 4.465213772034914541e+01 4.465213772034914541e+01 5.452073479965031311e+01 5.436081161540363382e+01 4.618299236662172547e+01 5.360759359914253253e+01 4.465973341911277572e+01 5.360759359929948431e+01 5.195351232064762570e+01 4.304334609563625236e+01 4.922053979003577240e+01 4.643736075997028934e+01 5.054174601753318541e+01 5.800519294211633792e+01 5.404092135598375535e+01 4.730168868742267563e+01 5.691292204335402261e+01 6.269458668622318243e+01 5.755549707438115092e+01 6.083993908171436260e+01 6.609945826443170347e+01 7.508885157100803553e+01 6.671307948267516963e+01 5.677730873104321319e+01 5.101515211161187580e+01 4.742165314604309856e+01 4.878773426346414510e+01 5.749189771578441821e+01 5.289682087761130447e+01 5.289682089893255323e+01
3.200059719791141077e+01 4.195200566732201253e+01 4.271405005254025866e+01 3.570984953066055567e+01 3.364988787454485930e+01 4.358326776318477869e+01 4.331289270179049566e+01 3.762308013896694803e+01 4.465213772034915252e+01 5.452073479992492366e+01 5.032101444822379221e+01 4.048219654018285496e+01 4.464057028050847009e+01 3.971804584305316865e+01 4.956353308971551286e+01 4.619463920968053827e+01 3.810740790835365743e+01 3.940954549387539174e+01 4.074719907474290892e+01 5.054174601753318541e+01 5.404092122265036835e+01 4.432900820318147339e+01 5.404092135598375535e+01 5.075123126418572639e+01 5.333160353403680176e+01 6.269458668623212816e+01 7.001046038733964849e+01 7.385031475544181490e+01 7.445465560786601600e+01 6.915689588345234995e+01 6.552893102166581230e+01 6.125332882565056991e+01 5.318234386684962089e+01 4.288370543499434007e+01 5.318234366300476523e+01 4.554858288068177075e+01 5.596197989056064159e+01
2.923494269126386058e+01 3.919198145155785795e+01 3.861657781321191862e+01 2.868957142649805547e+01 3.861657781886231788e+01 3.968683576192720608e+01 3.338252679798404188e+01 4.331289270179049566e+01 5.161878853387690924e+01 5.290511376348241157e+01 4.885607118788178838e+01 4.464057028050606135e+01 3.477873953210745839e+01 4.337299641255960125e+01 4.451886376547991375e+01 3.635384715262709676e+01 4.332876089152006216e+01 4.922053979003577240e+01 5.054174601753316409e+01 4.279732634754310538e+01 4.432900820318147339e+01 4.432900820318147339e+01 5.404092135598375535e+01 6.022038580504079874e+01 6.260085703284772762e+01 6.461731695062564995e+01 6.111867805609635695e+01 6.617794173830891680e+01 6.608421071566148441e+01 5.678153960340864614e+01 6.409715772186360994e+01 5.803287230395583407e+01 5.070934514564133622e+01 4.043794218370963733e+01 4.837415911272918834e+01 4.194563944572065139e+01 4.706533597835842642e+01
2.666722117913452905e+01 3.655410600779926966e+01 3.245915653321731753e+01 2.605176786726707761e+01 3.596347376038372090e+01 2.976216289587783237e+01 3.968683576192720608e+01 4.739892367745858337e+01 4.747637702593079467e+01 4.640211483171182039e+01 3.900937532067477775e+01 4.081627767887209757e+01 3.237756258011411603e+01 3.350862431396064522e+01 3.466346883376219523e+01 4.451886376547993507e+01 5.022913957185379985e+01 5.712951825326747723e+01 5.653575934068324926e+01 4.935372464433596917e+01 5.123120165102150025e+01 5.404092135598375535e+01 4.892943314801649279e+01 5.568139393139030346e+01 6.527965226123829723e+01 5.958195399046216778e+01 4.946643037740993520e+01 5.989059817364913130e+01 6.128120673130955254e+01 4.961872675923915921e+01 5.186055048629786057e+01 5.249618632686972575e+01 4.381039456319486902e+01 3.813745318591288935e+01 3.813745318591288935e+01 4.837415911250172229e+01 5.660009824105328846e+01
2.450557316526095875e+01 3.154954189723911284e+01 2.256688580674351741e+01 3.245915653321731753e+01 2.655929497154987118e+01 3.646684668875035840e+01 4.377990556495225860e+01 4.747637702593079467e+01 3.761736371013569880e+01 3.653714301268419007e+01 3.942652636226318208e+01 3.094107897367663185e+01 4.081627767887209757e+01 4.337299641255960125e+01 4.451886376547991375e+01 4.856456474571142223e+01 5.492985858300965418e+01 5.900023119963769602e+01 6.249260912725448947e+01 5.933862052153939004e+01 6.082418431894365796e+01 6.236125240868657471e+01 5.444107409122104713e+01 5.777729008672845623e+01 6.482784705516692725e+01 5.502892123161263527e+01 4.399721039657327282e+01 5.503491261195238593e+01 6.447685577093875509e+01 5.227840545864854249e+01 4.299326781155954080e+01 4.900599900163038569e+01 4.621073694737878412e+01 3.813745318591288935e+01 4.837415897939585818e+01 5.268355571244543256e+01 6.138017971497413328e+01
3.068810297151311062e+01 2.165116423285125435e+01 3.154954197681546191e+01 2.352226511190508162e+01 3.340930984897697442e+01 3.515551566351477675e+01 3.938646297860483259e+01 4.605439281020666442e+01 3.942652636226318208e+01 2.955447604606778711e+01 2.955447604606778711e+01 3.942652636226318208e+01 4.246909560074635692e+01 4.651587354446829181e+01 4.775419871200086419e+01 4.154275192708213638e+01 5.099796932723157283e+01 5.005149198390046905e+01 5.418993916797620614e+01 5.998695675393774707e+01 6.890790927227479301e+01 6.782536846416874710e+01 6.389568876768530004e+01 6.647505530685300812e+01 5.960099271250258823e+01 4.885538627995476446e+01 4.049860736612802015e+01 5.127422924032818941e+01 5.783339512247874126e+01 5.187075495110621404e+01 4.900648614802699399e+01 3.840070975464412584e+01 3.601326671375780109e+01 4.621073694835996548e+01 5.268355557442352932e+01 5.966408161615373018e+01 5.093323219374722299e+01
2.078392704229524668e+01 2.778139535867144261e+01 3.565353354296839683e+01 3.340930984897697442e+01 2.453371685597986840e+01 2.525719037053633897e+01 3.514277538278525981e+01 3.617124839081957077e+01 3.831256703305567868e+01 2.955447604606778711e+01 2.955447604606778711e+01 3.109870331139257971e+01 3.268784623280318868e+01 4.246909560074635692e+01 3.815122224658966132e+01 4.775419871200086419e+01 4.524330141196070798e+01 5.450092724505617525e+01 6.253692420397933205e+01 6.325833264491729580e+01 6.974229811131652923e+01 6.791188625179950122e+01 6.258260838814523908e+01 5.786199627054445216e+01 5.473685409216412978e+01 4.369075826444476718e+01 3.766532919051011419e+01 4.819661467485322248e+01 5.257093270131027651e+01 4.365024502538813778e+01 5.257009233563287154e+01 4.473974006131356873e+01 3.456803487412830123e+01 4.170768859114193106e+01 5.205976106955053240e+01 5.387748318920768043e+01 4.496196147004535248e+01
2.435021022427737591e+01 3.428914306098362630e+01 4.180666036138973851e+01 3.441651889488174021e+01 3.169405881422719418e+01 3.506814530963452370e+01 2.629246961120798431e+01 3.617124839081957077e+01 2.843640928523966593e+01 3.831256703305567868e+01 3.942652636226318208e+01 3.804302103447208339e+01 4.246909560074635692e+01 3.506742987983853510e+01 4.479168278331992781e+01 5.173853229883750515e+01 5.178242633521658433e+01 5.453212154888768026e+01 5.957346989219217903e+01 5.288186982067850295e+01 6.146225154542420910e+01 6.245897849819656500e+01 5.177792214546463612e+01 4.707329009553838972e+01 5.271862935056297772e+01 4.248458657312392717e+01 3.530106326590163945e+01 4.565225668351163080e+01 4.827408050550235430e+01 3.824947933684851620e+01 4.600645985829520868e+01 4.172398001160865988e+01 3.334086340490264178e+01 4.347100986545212464e+01 5.086272773430416549e+01 4.353662270407178170e+01 4.111863482577923889e+01
3.399593594527778606e+01 3.245924332664225886e+01 4.245644473516300366e+01 4.431651311166952212e+01 4.192665868334665902e+01 3.880563264302728044e+01 3.617124839081957077e+01 2.734479644209043414e+01 3.722319171897839851e+01 3.527904233683724300e+01 4.485329977340261820e+01 4.787846984389610583e+01 4.788035701237555486e+01 3.810898976551820283e+01 4.479168276578187857e+01 5.452795073273117765e+01 6.131563860140168032e+01 6.267564829930690706e+01 5.498250332856276401e+01 4.388361536471821722e+01 5.513017577597057794e+01 5.779773854898692065e+01 4.707222971940379352e+01 4.110737330041217064e+01 4.662863254020075487e+01 4.338367316590210265e+01 3.318100762808303728e+01 4.338367884556839726e+01 4.462351850253135410e+01 3.460266890008438878e+01 4.003560933119553056e+01 3.164273679404965378e+01 4.172438118233803550e+01 4.776851969645566243e+01 4.656539077532239190e+01 3.638689033356491365e+01 4.353662270426071501e+01
2.858144411110776062e+01 3.854592893326583436e+01 4.661092580839073207e+01 5.044095071675832997e+01 3.956821771562267998e+01 3.228836156761576603e+01 2.734479644209043414e+01 3.673605352131279034e+01 4.130616853651890352e+01 4.485329977340254715e+01 4.707861743019681455e+01 5.287204253737458259e+01 5.189404338583808141e+01 4.502818691257089512e+01 4.429779415611260873e+01 5.120831408278202446e+01 6.081031525549945371e+01 5.873630414664413735e+01 4.961215433140883135e+01 3.899192081071531391e+01 5.027095184523337679e+01 5.895311091892063615e+01 5.476321189055184391e+01 4.662877398927944483e+01 3.633992717232298020e+01 3.367789711960233490e+01 3.119618569147588616e+01 3.908527413059274380e+01 4.273763490765882267e+01 3.848379052315162596e+01 2.998856277325955233e+01 4.003560933119555898e+01 4.523464208109584206e+01 4.097157642921761322e+01 4.097177223459988937e+01 3.390839842096350054e+01 4.100881058277748537e+01
3.792969536015096566e+01 3.487512472396938534e+01 4.193698279491896841e+01 5.192532032596361091e+01 4.685110241659297259e+01 4.157529765022566437e+01 3.737681387045445547e+01 4.135462715539475198e+01 4.522108237409820219e+01 4.479795092404694401e+01 4.813352227980767140e+01 4.132806314934190794e+01 4.813352595742927065e+01 5.476610474334568579e+01 5.403195776424364993e+01 5.800499362329803432e+01 5.896175360104255248e+01 5.376021965448829576e+01 4.233336791679200672e+01 3.569210899429196360e+01 4.658234832310799334e+01 5.309469211016023849e+01 4.456393894139923617e+01 5.097072939722786344e+01 4.662877029071213286e+01 4.386934711465285375e+01 3.908527290882629046e+01 2.902850050407547755e+01 3.697039441471405041e+01 2.845446135067377114e+01 3.848379052315162596e+01 4.297166734153226031e+01 3.872460103398259434e+01 3.092210897915753165e+01 3.092210897915753165e+01 4.097177223459988937e+01 4.213090587560515843e+01
4.206352672337825993e+01 4.486249912295713926e+01 4.899377133571762499e+01 4.596045500073930157e+01 4.172520158637355792e+01 4.563791679605034801e+01 4.295447716435251095e+01 3.872478430498831869e+01 3.386833828326101781e+01 3.463545782291216568e+01 4.183923063861122671e+01 3.337103030642855828e+01 4.237432545035787257e+01 4.624253152974876713e+01 5.050654249641895177e+01 5.644889708495456659e+01 5.275272197334172830e+01 4.502049808798123109e+01 4.368076882393679483e+01 3.301158479648778155e+01 4.368076993529643914e+01 4.888324931719409960e+01 3.871753007465584773e+01 4.888324934453211057e+01 5.392744056231035898e+01 4.961957079672877313e+01 4.335967166981021137e+01 3.697039441471405041e+01 2.695737445069275395e+01 3.576095705101202071e+01 3.999148401179305523e+01 3.661202822846003357e+01 2.870378069850533720e+01 3.872460103398259434e+01 3.092210897915753165e+01 4.097177223459988937e+01 5.005063085862418859e+01
4.782715463269133238e+01 4.386036212481796781e+01 4.728531782099133096e+01 4.010456451000493416e+01 3.161651130953615763e+01 3.547880500049063812e+01 3.547880500049085128e+01 2.859885945820139241e+01 2.624095121527813745e+01 2.749331105918491858e+01 3.581201324829260813e+01 2.880380045232919528e+01 3.217764334867472087e+01 3.600819315549806277e+01 4.189180165303984182e+01 5.218566715658442234e+01 4.803886886688179914e+01 3.859334588423006807e+01 4.110343947840024015e+01 3.058617294040472601e+01 4.110343938942760644e+01 4.504521281603206972e+01 3.492729833387129190e+01 4.504521314379424268e+01 4.961957079672856707e+01 3.936669211942184177e+01 4.236969075731891365e+01 4.121241478888571663e+01 3.576095705101202071e+01 2.576534683800257852e+01 3.457087076351074018e+01 2.661243252640471368e+01 3.661202822846003357e+01 4.297166734153245216e+01 4.097177223459988937e+01 3.560257463756550322e+01 4.273840470800532643e+01
4.091912885103913311e+01 3.373815566983103054e+01 4.091912885103329245e+01 3.292381132871575744e+01 2.580400952745010912e+01 3.049832095597727388e+01 2.536936417886548156e+01 2.833035084151573813e+01 2.031193956217605034e+01 3.045700128885568958e+01 2.567457721888498412e+01 3.581201324829263655e+01 3.465539883543483768e+01 4.487672118488301720e+01 5.050600204429236584e+01 5.026240124970647116e+01 4.376161236448121628e+01 3.382102647268978046e+01 3.876157462294942491e+01 2.837039805463450293e+01 3.876157464161251909e+01 4.184825012575215908e+01 3.175976508852315305e+01 4.184825014347858740e+01 4.898208675724855965e+01 4.236969075732056211e+01 3.227019691638926702e+01 3.697128422409120674e+01 3.784243232018977920e+01 3.363005235624245159e+01 2.458983492481521793e+01 3.457087076351074018e+01 3.639615407465349506e+01 4.062749057612770542e+01 4.755423736132832602e+01 4.576005256384318898e+01 4.273840470800532643e+01
3.220203081326865657e+01 2.663867365826370914e+01 3.640325222514334769e+01 3.763612176050389735e+01 2.754174705722472538e+01 2.038245758862681711e+01 2.636853702968517510e+01 1.818203001370492089e+01 2.833035084151573813e+01 2.279289510825667264e+01 3.292619002622993207e+01 4.004341461766190235e+01 4.487672115024570729e+01 4.298864283736476466e+01 5.327769679874826636e+01 4.596312496390721236e+01 3.583267068258115984e+01 3.012488681990111417e+01 3.610740743210641313e+01 2.633779254748514731e+01 3.660365100310633579e+01 3.905200733725147444e+01 2.898737858183488214e+01 3.459679488418319693e+01 4.473533483274464828e+01 4.560621253737787129e+01 3.697128422409123516e+01 2.696046092776697023e+01 3.269971481142388114e+01 2.365113614387989927e+01 3.363005235624245159e+01 2.458983492481521793e+01 2.639866770197240697e+01 3.639615407492158283e+01 3.736234079368395555e+01 4.755423834491521262e+01 5.305495579812250639e+01
2.716276626707644226e+01 2.212166044838756207e+01 3.220203081326260275e+01 3.554538783403084068e+01 3.469946276788009953e+01 2.636853702968517510e+01 1.622579405930982333e+01 2.636853702968517510e+01 3.253271421666357810e+01 3.292619002622993207e+01 2.864735800510093355e+01 3.578901908371216223e+01 4.597077811129437208e+01 5.327769904663398393e+01 4.820190745042999225e+01 4.394978300717630759e+01 4.437050465018944578e+01 3.610740747752004154e+01 2.609369852996288941e+01 2.441784441297196651e+01 3.455824338541737717e+01 3.336304836608420743e+01 2.642227616108183597e+01 3.645925423805298493e+01 4.266961582360679728e+01 3.556750619243146616e+01 4.120689732941276162e+01 3.269971481142378877e+01 2.271069645447716567e+01 3.269971481142381720e+01 3.784243232244729427e+01 3.161733220054914995e+01 3.639615407465718278e+01 2.920429203548362196e+01 3.923258343961141748e+01 4.686753358677098191e+01 4.715298565752529214e+01
