output/example/elevation_000116.asc
nrows	75
cellsize	13.33333333
xllcorner	0
ncols	75
yllcorner	0
NODATA_value	-9999
[rows 0 to 16 of 75, columns 0 to 36 of 75]
1.369999999999999864e-02 1.001369999999996274e+01 1.557002036847869597e+01 2.144569915748493116e+01 1.727540226979241922e+01 1.897467370882398896e+01 2.075672716695363818e+01 2.494225647998015205e+01 3.181911000658562472e+01 3.599665070718308613e+01 4.185650113391676541e+01 4.603502083606858264e+01 4.853601166786744159e+01 4.443282531013947789e+01 4.443282531013947789e+01 4.443282531013947789e+01 4.853601166786744159e+01 4.362881493492508866e+01 3.941919005466996850e+01 3.958100443243101552e+01 4.375433971777760433e+01 4.803016843181372764e+01 4.791895923332604212e+01 4.383250528126320233e+01 4.254215901148755563e+01 4.663381791920549091e+01 4.894545595221063650e+01 4.314565687031732466e+01 3.904174507507703140e+01 4.309870650193563080e+01 4.477792142297252553e+01 4.453176322212033256e+01 4.171364026679083992e+01 4.168934211413117197e+01 4.583912131092719733e+01 4.711048660558679302e+01 4.289704143937343872e+01
1.279999999999999888e-02 1.413080925183485270e+00 1.142301730834165419e+01 1.497460911691591967e+01 7.196341674725435844e+00 8.867193313094000828e+00 1.061639613533582427e+01 2.075672794152395895e+01 2.164579400317708391e+01 3.027317355932630960e+01 3.168941997964664381e+01 4.017845381075742495e+01 4.443282531013947789e+01 3.438572480206855175e+01 3.438572480206855175e+01 3.438572480206855175e+01 4.443282531013947789e+01 3.799387526236190382e+01 2.948994663882331579e+01 2.952425743492818810e+01 3.377891151686416293e+01 4.376759489869329656e+01 4.383250523234067941e+01 3.380868122574418777e+01 3.250047829011170819e+01 4.086387740234415844e+01 3.903604555705030776e+01 3.812138135172692444e+01 2.897470264436213583e+01 3.799005456460490393e+01 3.496477779553790555e+01 3.455918378698713411e+01 3.162432139132776143e+01 3.162368260027574252e+01 4.168934211413117197e+01 4.289704143937343872e+01 3.253984775643249350e+01
1.299999999999999940e-02 1.001299999999996260e+01 3.454451636233698331e+00 4.929169237012433591e+00 1.497459580320632533e+01 1.897466787883401196e+01 2.075672788433209348e+01 1.331644833883416723e+01 1.585674280946620662e+01 2.607306979079530507e+01 2.578592168142942853e+01 3.598653409262615099e+01 4.057152437090688579e+01 3.642365183224162450e+01 2.702524430781466336e+01 3.293514971348817966e+01 3.710836385487304057e+01 3.332517714222757377e+01 2.361128817572449989e+01 2.361364510984244447e+01 2.952482399751648501e+01 3.959010313821544003e+01 3.633985890249492456e+01 3.218888827285298504e+01 2.655772998912905436e+01 3.674459150459102830e+01 3.903604568555962828e+01 2.897467645271289172e+01 2.388127279249652091e+01 2.968291720109932541e+01 2.783625933159845189e+01 3.022823857056879859e+01 2.440283535981288310e+01 3.457184601476912178e+01 4.071002522796057832e+01 3.646500694700042544e+01 3.557339952973729424e+01
1.369999999999999864e-02 1.001369999999996274e+01 1.348345757711086890e+01 1.497460911701777775e+01 1.312961890578713842e+01 2.318388755727580985e+01 2.351262752008894452e+01 1.331644833883416723e+01 2.351263002472025221e+01 1.986928634091497514e+01 2.578592168142942498e+01 3.598653409262614389e+01 3.642365183224154634e+01 2.608104302123158291e+01 2.911032300681661056e+01 2.246043038452709339e+01 3.293514971348817966e+01 2.924429310918950975e+01 1.898200459300018039e+01 2.924429310913926017e+01 3.792908935207233867e+01 3.258478269074166178e+01 2.838550872720080775e+01 2.176721375401149317e+01 2.921902038780969235e+01 3.928686966088438481e+01 4.191995034690007316e+01 3.216723359777098779e+01 2.527528393748110247e+01 1.962485423737560097e+01 2.653152041311300735e+01 2.011706369913536463e+01 3.023206214910216261e+01 3.873140195560146992e+01 3.646500416317107351e+01 2.607749307770471603e+01 2.911993200881182275e+01
1.290000000000000001e-02 1.001289999999996283e+01 1.528501291490078273e+01 1.831961147183843508e+01 2.249395026239703554e+01 2.733900267729613986e+01 2.771179239253598681e+01 1.961284690339677184e+01 2.771216572673366940e+01 2.718899957746905827e+01 3.430272717351305545e+01 4.017845381075742495e+01 3.658278223649793404e+01 2.900514853629126222e+01 1.859100093332451564e+01 2.911032300681661056e+01 3.331543495725207293e+01 2.643467230761347508e+01 1.664977366964979666e+01 2.688937454672587180e+01 3.562281751288791298e+01 2.537151698439532765e+01 1.776051789999370456e+01 2.838468102251540159e+01 3.618266253968450030e+01 3.885016891736982814e+01 3.432727725739790969e+01 3.828075153915075646e+01 3.382667349525451783e+01 2.653595694362422108e+01 1.653376421029535592e+01 2.653507192112214241e+01 3.437882460064835755e+01 3.396669247123957547e+01 3.058011924014882865e+01 2.630378843427264002e+01 1.877279594942021745e+01
1.299999999999999940e-02 2.594989808410270715e+00 5.267617372195428693e+00 8.282914117881714944e+00 1.407370196193053502e+01 2.130742760499744293e+01 3.204359031686759351e+01 3.118974129179833810e+01 3.552691034846618123e+01 3.784790185608646595e+01 3.706366272482329549e+01 3.615424259779768335e+01 3.267823312948443970e+01 2.248269726010469327e+01 1.647205160583997241e+01 2.691747704662655138e+01 2.941501649723985068e+01 1.994751206881876016e+01 1.454767773654061180e+01 2.470828195574932806e+01 3.403742994195515337e+01 2.606821404407605769e+01 1.548366712009328161e+01 2.165415234734157934e+01 3.207234055666973660e+01 3.275652892789124593e+01 2.293582414396090385e+01 3.050275292630205826e+01 2.623977606889094716e+01 2.494228588170943084e+01 1.498084792786436559e+01 2.271407232518754071e+01 2.685086863962416004e+01 2.365975070964521620e+01 2.369908624891811399e+01 1.604903792040045829e+01 2.630379788376384198e+01
1.299999999999999940e-02 1.001299999999996260e+01 1.528501291490078273e+01 1.831961147183843508e+01 1.536969878578925552e+01 2.544133068620502058e+01 3.269713452565444101e+01 2.787539616614205684e+01 3.269713452720215940e+01 3.706484444677366241e+01 2.716564533962036165e+01 2.610085031144766532e+01 3.315327636119864962e+01 2.493254289634013432e+01 1.461565816937652329e+01 2.456064432913953866e+01 3.179112591345645811e+01 2.068555228365752896e+01 1.271484182980071509e+01 1.970621559589347527e+01 2.552911026976932618e+01 2.126000641505119049e+01 1.359313622003448074e+01 2.093512994315370435e+01 3.143424061773915312e+01 2.829209124215273619e+01 1.771423009679579508e+01 2.244380980393898284e+01 1.608247646195180636e+01 2.037545653996684791e+01 2.047034935328257532e+01 1.287998895916116737e+01 1.970836932683317855e+01 2.198531533319511411e+01 1.357388831729866574e+01 2.198531566236718504e+01 2.624698712286832603e+01
1.290000000000000001e-02 4.485035954999585073e+00 1.025853864689586104e+01 2.025853864689592854e+01 2.544133068620502058e+01 2.961825910144268192e+01 2.868417361725061099e+01 2.000641407806714156e+01 2.868417361725061099e+01 3.560860646639599736e+01 2.551300272100577970e+01 1.899285077434122115e+01 2.906037292641306991e+01 2.308360344672965070e+01 1.289365290365686256e+01 2.061714739789336193e+01 2.486657158868592177e+01 2.092123399182379728e+01 1.105455965264041218e+01 2.091425900135853766e+01 2.125979433596932822e+01 1.118631486589514701e+01 2.019742996263910584e+01 2.239323804793610506e+01 2.528877280163032282e+01 2.437644048553311293e+01 2.221331650072275465e+01 1.274742532897544933e+01 1.059088827384486997e+01 1.059088827384486997e+01 1.106830266779308403e+01 1.153256199482805755e+01 1.201944339081460278e+01 1.201944339081460278e+01 1.201944339081460278e+01 1.201944339081460278e+01 1.764851633831243305e+01
1.349999999999999985e-02 1.001349999999996321e+01 1.862717157873063201e+01 2.440067427062690797e+01 3.163315836458852459e+01 2.751261624007452511e+01 2.502851510653822587e+01 1.551907238953580759e+01 2.502851510638097565e+01 3.105418873108151701e+01 2.551370493973290010e+01 1.544432860685647491e+01 2.551370304309009285e+01 2.733424120945276670e+01 2.061714739789336193e+01 1.058715194581601970e+01 1.834152241894900470e+01 1.925008911644100706e+01 9.443344230992039456e+00 1.720436741129241298e+01 1.730539387669603002e+01 9.604365664546197223e+00 1.456724864350677251e+01 1.341545130617666892e+01 1.722870195604481580e+01 1.307357335927317799e+01 1.758251814096202637e+01 9.898097159942745193e+00 1.966054768366357308e+01 2.037545653003999746e+01 1.579946864688190011e+01 2.131547079111915721e+01 1.897467502984833132e+01 2.198528306830073831e+01 1.201944339081460278e+01 2.198521210447704632e+01 2.287299251590161830e+01
1.379999999999999977e-02 5.014362133905716057e+00 1.209498340307167297e+01 2.213782197574309052e+01 2.547866087417796876e+01 1.740731831254176498e+01 2.194555696685264223e+01 1.251641827302753285e+01 1.739517678237584875e+01 2.706377917383279197e+01 2.272727037267490502e+01 1.263511671428229732e+01 2.272726722281234046e+01 3.022611570023039107e+01 2.451682479867500675e+01 1.712006511079378868e+01 8.407809603049686942e+00 1.617082471357007023e+01 1.552921097805557515e+01 7.170234565597640497e+00 7.566032968078565624e+00 7.962655192548713678e+00 8.371031583462833936e+00 8.779831064249748351e+00 8.779831064249748351e+00 9.191619672176155831e+00 9.191619672176155831e+00 1.896241886426786394e+01 2.349459506140851417e+01 2.991753061123835522e+01 2.587335342316389131e+01 2.982818917207714904e+01 2.925059512139547735e+01 2.624791677950170765e+01 1.897471361242234167e+01 1.280112671710997141e+01 1.280112671710997141e+01
1.290000000000000001e-02 1.001289999999996283e+01 1.913742186376934740e+01 2.259437883278699388e+01 2.115315565010025622e+01 1.195205690767328832e+01 1.595116107498533076e+01 9.896290965149962204e+00 1.916928143157975839e+01 2.128958715576878546e+01 1.710622549742848619e+01 1.014209603752721023e+01 1.593698951184659585e+01 2.604436007477724502e+01 2.382260416291845218e+01 1.776144373900879359e+01 1.555718962153691542e+01 6.252670546827787668e+00 6.626787061996388672e+00 1.538868208874047916e+01 1.402747956877220936e+01 1.610672845571057010e+01 1.803920993946332629e+01 1.093368602735901263e+01 1.820667886764690735e+01 1.530339878898629813e+01 1.895362232978846606e+01 1.017873919392954107e+01 1.996864859268173120e+01 2.524802637683558615e+01 3.249558554195478877e+01 3.257370143337941926e+01 3.681060387589002403e+01 3.351965687952353079e+01 2.714074289800227291e+01 1.985351016083269116e+01 1.280112671710997141e+01
1.359999999999999924e-02 1.001359999992461880e+01 1.466525035063998494e+01 1.387768773662116573e+01 1.693646117931664818e+01 1.471949239226333006e+01 6.508479161341665709e+00 1.435328719222822613e+01 1.787001040167379173e+01 1.437421524434981990e+01 7.052288048566924594e+00 1.710548220499403271e+01 2.404194752426858628e+01 2.529590885105549702e+01 1.764215297807563942e+01 9.290607705745509648e+00 5.739452052845268604e+00 1.407198752795383889e+01 1.545707498758337017e+01 9.047280847098633672e+00 1.847848422827597759e+01 2.379589728336720356e+01 2.625971375450860634e+01 1.920091294512119973e+01 2.210434667093208461e+01 2.429841426865600340e+01 2.414657785549116653e+01 1.996716796446261100e+01 1.112942406537205464e+01 1.799313547215738396e+01 2.599145081648425304e+01 2.217848140405791213e+01 2.954405626672176410e+01 3.988791188436270119e+01 3.442250670057033801e+01 2.714421007617066195e+01 2.287336089355392943e+01
1.349999999999999985e-02 1.001335858646536003e+01 5.829556369119361037e+00 1.072436951794498938e+01 2.329923063277777651e+00 7.199796987497872003e+00 8.612609365353932844e+00 2.583057656545965752e+00 1.200267037450086249e+01 3.012994622172310955e+00 1.297346634789771258e+01 1.724917236130369957e+01 2.071493231182917327e+01 1.830589862974162685e+01 1.164808036061381635e+01 5.227755032334146179e+00 8.505488358036327412e+00 1.768714273183622154e+01 2.095148676315838543e+01 1.794938919545176859e+01 1.157172435961939350e+01 2.129388003474166524e+01 2.819502113219954964e+01 3.050606120830078183e+01 3.232342846298720218e+01 2.833388614419626705e+01 1.690637241448491324e+01 1.112942406537205464e+01 2.099079922704501300e+01 1.211565488872763297e+01 1.573807706190051903e+01 2.215845760154999056e+01 2.684221062816347825e+01 3.294466642316783123e+01 3.655409107643114197e+01 2.615006359704434047e+01 1.884576509513998843e+01
1.319999999999999993e-02 3.181971408238859489e-01 6.233362456474496049e-01 9.291835126029979186e-01 1.235702420840940841e+00 1.543953646707727723e+00 1.852387125952424940e+00 2.165391050370442105e+00 2.478861632261209813e+00 2.795163943727019706e+00 3.112615965605965762e+00 1.017569795007030464e+01 5.021617392585276285e+00 1.373934138554760942e+01 4.720621233655871940e+00 1.308543116566488074e+01 1.785077152020102886e+01 1.391578185703892423e+01 2.277145925906520318e+01 2.440374825920833501e+01 2.129388197968919982e+01 1.434721504535377790e+01 2.411303121631158675e+01 3.210470111151901307e+01 3.750612393735173811e+01 3.297967693695691338e+01 2.480048304308855833e+01 1.370461259676066845e+01 2.209553254743467932e+01 1.211565488872763297e+01 1.211565488872763297e+01 1.211565488872763297e+01 1.775894986233375050e+01 2.829747819566850353e+01 3.410666567508620517e+01 2.369233852604694235e+01 2.919733269410555110e+01
1.299999999999999940e-02 1.001299999981883992e+01 6.674263413290128177e+00 3.322753325321612827e+00 3.868296845927493788e+00 4.862309356650583503e+00 1.079823134993072209e+01 3.523022158225035838e+00 1.222172813805400438e+01 7.336951037723578928e+00 9.823719185113292340e+00 3.566837859774629305e+00 3.890613427366007127e+00 4.215264183376958407e+00 1.120295186606161231e+01 1.150371819726280620e+01 1.980605338898739021e+01 2.297615092260528513e+01 2.096882835574862369e+01 2.949124620119929219e+01 2.603806410351339906e+01 1.714960826718373710e+01 1.890088469974255148e+01 2.427540426845335375e+01 3.347606169954375588e+01 3.878363505902242991e+01 2.832932595193400260e+01 1.671830186237296800e+01 2.635941050506550809e+01 2.209553254535248712e+01 1.286559710104002185e+01 2.201185209608576443e+01 2.416081671364667116e+01 2.781010353021389037e+01 3.209577992606819663e+01 3.410666567508620517e+01 2.971151374563767789e+01
1.349999999999999985e-02 1.001349999999996321e+01 1.545818977407990147e+01 1.677131360603445742e+01 1.234220891601175119e+01 1.399003054304999694e+01 8.664409581924127579e+00 1.698680213416101381e+01 1.944842819797340994e+01 1.582196930891968734e+01 7.436220074615140341e+00 1.306404619161746794e+01 8.037526822407283333e+00 1.281130546622826216e+01 5.316122131347045254e+00 1.515217233576590772e+01 2.036504568789113989e+01 2.576699043341744044e+01 2.869261303620287151e+01 3.328612868424541205e+01 3.186909399867971615e+01 2.752808069355708298e+01 2.181402265628341652e+01 2.473157872425004200e+01 3.383455275398324602e+01 3.427021861584884732e+01 2.238866564187070551e+01 2.832932595193400260e+01 3.037902629328748105e+01 1.992256771975361929e+01 2.293542421978627388e+01 1.399197944912399372e+01 1.399197944912399372e+01 1.748892103501609441e+01 2.341111843831830797e+01 3.382124196657616011e+01 3.574336652586617191e+01
1.369999999999999864e-02 3.544431258884154445e+00 1.346586340653986369e+01 2.331653939997543645e+01 2.409969077178049091e+01 2.307483647274182914e+01 1.390512585389732436e+01 2.307483647274182914e+01 2.181170250421977741e+01 1.230520281374296587e+01 1.199234675825261398e+01 1.986902049661043179e+01 1.892791523049025670e+01 1.885597290446881757e+01 1.515692979203379309e+01 6.429899741369319521e+00 1.625106179724710387e+01 1.456928465992490729e+01 2.254379923077271997e+01 2.603716700629215097e+01 3.021941834104075042e+01 3.421297857877189585e+01 2.516791145649286321e+01 3.338735300639859815e+01 3.818695224467131055e+01 3.427021861584884732e+01 3.093259353655963650e+01 3.878021248857338321e+01 3.480348526530520559e+01 3.036485677933475102e+01 2.507286977384377735e+01 1.484658706606818335e+01 2.416086001855166643e+01 2.781010256049900775e+01 3.209717821370711022e+01 3.809732238824876305e+01 4.607602966913700726e+01
