output/example/elevation_000001.asc
nrows	50
cellsize	20.0
xllcorner	0
ncols	50
yllcorner	0
NODATA_value	-9999
[rows 0 to 16 of 50, columns 0 to 36 of 50]
2.590084917154735766e-01 1.025862572845869458e+01 1.666984509464905528e+01 2.369303960789780206e+01 2.001545916909980249e+01 1.612681396079708307e+01 7.796702039970311304e+00 8.929617900008702591e+00 1.877693908424723190e+01 1.352063475716817109e+01 1.545694312947301086e+01 1.806180120435377745e+01 2.390892227081399213e+01 3.399272349620165556e+01 4.277524971174603508e+01 4.183744536121844959e+01 3.214925767851654825e+01 2.655178137777552649e+01 2.361485963853460746e+01 3.190645808056415689e+01 3.523343787346833267e+01 3.778014379260145716e+01 4.177250922666478772e+01 4.207670201486746464e+01 3.829834152156696803e+01 4.234505514812900628e+01 3.511414455337164497e+01 4.323709971710593436e+01 4.753300788624121509e+01 5.283395584624071972e+01 6.029092859391771952e+01 6.025726002731405373e+01 4.830497870050639619e+01 4.197231771773083864e+01 3.796131299234463086e+01 3.472477630122866543e+01 3.769965713370592653e+01
6.054987779269863646e-01 1.041630188671708268e+01 1.175690969716292145e+01 1.587262857085765511e+01 1.461218179898533620e+01 6.234209934724247226e+00 1.599251876138752770e+01 1.841988942095390769e+01 1.085651863670085149e+01 2.083928311624102392e+01 2.534512944516534105e+01 2.019330247079807350e+01 3.024598635680803582e+01 3.809611530735472940e+01 4.512355630453206601e+01 4.345665144029569404e+01 3.345595363525978172e+01 3.579576175526333515e+01 3.203081245863423732e+01 2.242860535003012146e+01 3.088261880013114791e+01 2.795103013013492799e+01 3.778012643694229666e+01 3.743906033706993952e+01 2.838962440303811263e+01 3.500034412786358473e+01 2.930796650243734902e+01 3.292268754516955909e+01 3.774547408769789314e+01 4.468815694443325270e+01 5.580300173166317279e+01 6.318938655285921158e+01 5.734682572778727661e+01 5.253201544998675843e+01 4.836468785867787545e+01 4.222080870723323187e+01 3.220736286072045118e+01
3.430590528629120506e-01 1.213447356292675083e+00 2.087151780591226302e+00 1.176221475580258691e+01 4.751301629172140828e+00 1.460500066733351510e+01 1.217189271109780435e+01 2.148219196388162544e+01 2.084727675085093423e+01 1.381534651630687272e+01 2.384270121764207317e+01 3.017819889902643382e+01 2.601542352853085305e+01 3.104190739190855908e+01 4.106509616298126275e+01 4.763918444381164363e+01 4.348878730432814166e+01 3.891874710795595860e+01 2.910335293891423092e+01 3.088156243109984800e+01 2.127292783227603223e+01 2.976277280941345538e+01 3.386322664994125375e+01 3.102384182402940738e+01 2.350204985041709449e+01 2.525269674332810510e+01 3.505573998875394182e+01 4.154035624327068632e+01 4.491765586439865388e+01 4.299390907609034684e+01 5.008095293639264867e+01 5.741694494037191987e+01 5.627897150693288353e+01 4.748411166522907934e+01 4.110531283731697272e+01 3.558228023144066299e+01 3.062106193278870592e+01
8.235039275605838816e-01 1.063028947193246587e+01 1.157277360927619014e+01 3.347054048314634045e+00 1.316310016865617705e+01 1.876167313718353213e+01 2.163938491265821185e+01 2.042829839944853632e+01 2.765670757381606748e+01 2.384238786155596301e+01 1.707907553499523701e+01 2.711810302335155853e+01 3.522305255715044581e+01 4.014562119295499798e+01 4.512424414866603684e+01 4.859401121521722899e+01 4.463202849046693643e+01 4.290697868802878645e+01 3.891571020679120352e+01 3.453437516532257945e+01 2.977719992842484231e+01 2.014560173494091444e+01 2.866488036104120241e+01 2.122812235642929579e+01 2.811770219732348863e+01 3.488378305500602039e+01 2.876154635726737752e+01 3.187874209101830303e+01 3.530270288933868983e+01 4.497792579889728870e+01 5.436536707166975901e+01 4.753858158945662638e+01 5.436515512872487932e+01 5.274562616432255169e+01 4.824052633826332936e+01 4.165931986122740938e+01 3.726468991278662202e+01
7.161369641965544819e-01 1.071574252264723626e+01 1.702924270861097966e+01 1.330390610513085115e+01 6.073311394570027666e+00 1.607851625730278755e+01 2.319555803538094096e+01 2.812098735749699685e+01 3.127277440625432803e+01 3.126755617497040518e+01 2.288432051095276520e+01 2.103126983418595586e+01 2.813976094322237032e+01 3.821192710715951790e+01 4.709281678564040874e+01 4.425001534344002607e+01 3.473047842609877733e+01 3.654578238412657498e+01 3.872408363099974338e+01 3.469702684262878023e+01 3.077293864991103334e+01 2.750154781051948660e+01 1.908471529256572907e+01 2.888244711755490712e+01 3.515490614923878354e+01 4.201303044662372344e+01 3.566916792349067578e+01 3.670200751238343884e+01 4.493226644890975763e+01 4.906108144876563415e+01 4.997190157730508986e+01 4.047770612882604269e+01 4.829369113393967439e+01 4.886081611443938755e+01 3.894217855116644955e+01 3.427685614925822932e+01 2.760383705788639119e+01
6.490390650280113416e-01 7.719640432807209685e+00 1.771821956750331495e+01 2.026374040643268515e+01 1.607776442900101088e+01 9.041969259776216461e+00 1.431278221210616586e+01 2.223978160386656100e+01 3.359872943060845785e+01 3.710806641293943642e+01 3.301474751339137015e+01 2.552430065160159245e+01 2.825336643278124527e+01 3.867369668844047936e+01 3.725874942893625530e+01 3.436298585480307111e+01 3.653931827641970642e+01 2.662441188863076391e+01 3.080387955663903909e+01 2.480467369827870883e+01 2.675633688998708948e+01 1.810561307054010527e+01 2.767708054763576087e+01 2.843990518134960155e+01 3.828568040570764452e+01 4.592300612668203996e+01 4.573812998435653299e+01 4.664156313791038144e+01 5.065667909683633496e+01 5.299542459077149914e+01 4.306515985146538839e+01 3.600802352416224750e+01 3.834031356169952431e+01 4.523515433578730693e+01 4.076373557005134529e+01 3.077705256998703476e+01 2.696515892979147822e+01
9.330058981412470143e-01 6.706508535078907762e+00 1.377756183145275592e+01 2.377474436091003795e+01 2.319686756079522993e+01 1.616849942720759969e+01 1.286627397975532183e+01 2.292561770966986145e+01 3.075464225971715848e+01 3.499980587951735345e+01 3.953976473478309828e+01 3.128589248880609475e+01 3.865950927946752103e+01 4.287424919808679391e+01 3.725330669077231249e+01 2.733626353814430843e+01 3.150909466248309343e+01 3.075680323319158660e+01 2.089858959978945308e+01 2.580756266871679117e+01 1.716149892163041102e+01 2.673759122338785232e+01 2.192560346135555704e+01 3.176821807734209102e+01 3.228626587835479711e+01 3.796781529093870233e+01 4.758756401903489319e+01 4.727304698476800837e+01 4.319227419937516288e+01 4.728201956043426435e+01 4.829205826426037618e+01 3.834738729990899486e+01 3.129303509161683294e+01 3.771410218382044377e+01 3.859018166637557101e+01 3.512303646413306524e+01 2.633675342413040354e+01
5.188205228764638521e-01 1.049640685550644292e+01 1.687503771732907154e+01 2.104028994258532137e+01 2.554095467613121784e+01 2.625376265790258046e+01 2.294350647949600486e+01 1.718194764882405678e+01 2.075415625321434376e+01 2.657349579715197052e+01 3.668276572822077242e+01 4.121396327628198009e+01 4.526692027347648661e+01 4.352508492172137267e+01 3.359076421332478901e+01 2.656104999647283194e+01 2.160162751270128112e+01 2.761137875727393265e+01 2.494504630049958749e+01 1.623066224794730772e+01 2.583191815981092176e+01 3.036346581621144836e+01 3.178155208888861338e+01 2.658266653788586353e+01 3.642106388320171106e+01 4.590636975640611439e+01 5.132793467485377903e+01 4.228359118899492586e+01 3.316276739021364506e+01 4.228354037068657334e+01 4.444103619808582550e+01 4.523479877943684357e+01 3.771627320274506445e+01 2.775287017099818243e+01 3.420450066668256284e+01 2.545565413130955079e+01 3.516929366304379556e+01
7.467319160170617920e-01 3.761845361804020182e+00 6.924123022674097072e+00 1.139626012857574722e+01 1.846792858305319385e+01 2.848334017707034960e+01 3.140796520323511132e+01 2.724573885331301426e+01 3.080422096433361290e+01 3.502795474414921273e+01 4.086721880296724407e+01 4.498630466355415081e+01 4.078072874918563429e+01 4.069016945945185171e+01 4.056816773879378246e+01 3.559655144973490337e+01 2.761014614778127552e+01 1.771068727256661646e+01 1.537681237549267088e+01 2.383979465209462134e+01 2.669727673628852216e+01 3.076154540982999919e+01 3.494313130427406122e+01 3.642438597692092372e+01 3.814653161581069440e+01 4.231196888809657963e+01 4.391511476606113717e+01 3.812380812924270401e+01 2.816317183262924928e+01 3.812406203330646548e+01 3.444944794281035882e+01 4.145363826061253576e+01 4.180774356060713615e+01 3.389934458941416295e+01 2.458199419002416164e+01 3.358897716518281840e+01 3.868172758648769616e+01
7.351574092455022136e-01 1.071290287429560095e+01 1.687466862004550094e+01 2.105669690017758455e+01 2.553808471073600472e+01 2.583519572981311185e+01 2.686323837647765700e+01 3.099790263083407638e+01 2.930274294411769986e+01 3.352816127263002954e+01 3.863696871663180588e+01 4.076792272227216074e+01 3.061962195253342855e+01 3.060470772787302707e+01 3.770732688684703504e+01 3.755399794858617923e+01 2.763829023362670156e+01 2.293016690470312469e+01 2.410867835266195414e+01 1.450854234382864938e+01 2.322667836159982002e+01 2.068620391526877000e+01 3.073245640215918684e+01 3.095818689825647141e+01 2.803903129030637587e+01 3.816165609784204094e+01 3.982991402097897549e+01 2.982292775544393493e+01 2.483325199718688836e+01 3.099575659345629219e+01 2.737801780642772087e+01 3.737512488627516660e+01 4.191145031219142680e+01 3.297359624491070207e+01 2.399055385133747365e+01 3.296273616699388498e+01 3.527446097165842076e+01
5.269872374626074496e-01 7.598050893808059314e+00 1.759666560719617934e+01 2.569554947178886906e+01 2.285942262763528987e+01 1.581662509523309623e+01 1.684662709961924065e+01 2.385449417734543331e+01 1.926516573196999715e+01 2.426763242310279622e+01 3.436937543751523094e+01 3.976585800099793033e+01 2.993745891441014351e+01 2.353342151628936918e+01 3.180651949328592920e+01 3.591281297106318959e+01 3.689092048010930824e+01 3.284633949031758959e+01 2.759637067764013807e+01 2.260339124860177051e+01 1.364778488811743173e+01 2.226548748345140538e+01 2.622445384305334670e+01 2.096585457743359271e+01 2.802349997332908416e+01 3.805640219139704783e+01 4.390078324149298794e+01 3.879932820881985833e+01 3.094200804931515236e+01 2.105348544052320392e+01 3.096437197107378836e+01 3.889004390927763666e+01 3.193715718994777930e+01 3.334634415618451442e+01 2.340221846527096616e+01 3.086506112406199520e+01 3.046073928731418334e+01
1.383962708379395945e-01 1.013802603513292766e+01 1.933870567800117968e+01 1.570711408772263518e+01 1.575757117639757254e+01 8.749351292374971223e+00 1.124711753768152889e+01 1.391965649799568183e+01 1.967941794467025929e+01 2.974146318675751388e+01 3.852850049837245905e+01 3.708557207377501186e+01 2.705970112662933502e+01 1.999698159159958522e+01 2.182295635386384447e+01 3.020278234351933833e+01 2.995580059122558580e+01 3.413554597513313382e+01 2.853124667229750600e+01 1.857852139194821461e+01 1.304737391645482880e+01 2.146792400981342652e+01 1.626830862058196203e+01 2.622331131491499434e+01 3.508520318121377102e+01 4.129134995241084027e+01 4.162538220168781322e+01 3.471406824537139357e+01 2.471745634627230714e+01 1.896821281356156774e+01 2.615842265055891858e+01 2.907744189728633089e+01 2.486706971361751073e+01 3.485774196710629269e+01 3.225728813999653255e+01 2.257314851862947691e+01 2.199201893730263180e+01
6.756183529128325649e-01 5.219871830308243865e+00 1.447200762092629844e+01 1.311312164703304539e+01 5.800673338853815864e+00 1.575401556691140570e+01 2.115034575153689644e+01 2.388327217197872088e+01 2.810778047607619001e+01 3.382951083537399484e+01 4.150322335981416444e+01 3.496545509779276273e+01 3.085640957449751554e+01 2.604282426178279053e+01 1.607113655414395481e+01 2.278186755557558030e+01 1.990184583712135336e+01 2.994719747794408349e+01 3.261305591563882444e+01 2.709751206156835579e+01 2.117353134655272129e+01 1.220285493089575191e+01 2.146255398958702187e+01 2.876351206631683866e+01 2.730921932947559583e+01 3.726111488295710217e+01 3.173975293176611956e+01 3.174510724521859117e+01 3.271941349814954236e+01 2.619435674937928127e+01 1.624599794098064010e+01 1.909333063283544263e+01 2.907826621530811551e+01 3.889250361246723031e+01 3.666645777238620951e+01 3.191066171531769058e+01 3.162174116954499326e+01
1.053743069371424479e-01 3.410111217502818093e-01 8.770402359725659736e+00 3.174704012660443109e+00 1.312130048732664989e+01 1.980762705348098152e+01 2.733330285209086696e+01 2.555519429393472564e+01 2.967775065308356730e+01 3.835392940883391333e+01 3.170295412648303923e+01 3.085493682231200907e+01 2.084983831462657378e+01 2.370384225429072345e+01 2.270113103318616155e+01 1.282761794120106735e+01 1.854245676808347909e+01 2.561285692337466813e+01 3.556841706478531506e+01 2.786767687930600701e+01 1.791504055200751466e+01 1.161898850909105363e+01 1.471898036783420238e+01 1.917109753497059899e+01 2.913415835891599670e+01 3.594950993331911349e+01 3.084493084156175868e+01 2.175989615327691240e+01 2.273481992884162750e+01 2.176345696071951963e+01 1.442333725918813592e+01 2.434916017680821554e+01 3.061561551591980646e+01 3.470300255513493681e+01 3.561766702108906202e+01 3.969763675815190140e+01 3.726542973962187233e+01
4.388850927889174081e-01 4.030724750339953033e+00 6.748083844773732354e-01 1.031412842900271620e+01 1.324178022401178012e+01 1.324264010863447183e+01 1.845501093110915392e+01 1.552796173287973502e+01 2.555545129077287214e+01 3.362153047768625669e+01 2.465655040619331828e+01 3.362136327915177958e+01 2.376896686547270576e+01 1.377854393821353973e+01 1.831491077941040757e+01 1.097498198324873186e+01 2.091766610206050814e+01 2.785459503110904578e+01 3.372895921671494079e+01 2.676780633926534847e+01 1.677650064666923768e+01 1.104391088243855634e+01 1.981880375594732513e+01 2.434937249598775111e+01 2.598055363963056053e+01 2.598046107546725736e+01 2.675324121472021943e+01 1.675944668081397282e+01 2.146775171828616990e+01 1.273609542885892232e+01 1.309646223402308607e+01 2.227821960229772813e+01 2.061963027314249430e+01 2.744773516281004433e+01 2.561969925189262298e+01 3.429781221035167249e+01 2.727745876469997910e+01
8.953435393330821945e-01 4.760355969386949049e+00 9.131063423363527942e-01 7.675661173532818182e+00 3.247876028649748559e+00 1.318439153669283215e+01 8.454327208900274115e+00 1.845283205382813208e+01 2.455810422789463487e+01 2.462396087586270710e+01 1.966000251826621792e+01 2.960930730730124338e+01 2.693163420262077778e+01 1.841678879891491505e+01 8.440274562052865193e+00 1.450981817868481194e+01 1.369638194128763509e+01 1.947099963370207476e+01 2.953938845327445151e+01 3.086936081328690307e+01 2.513823008606987131e+01 1.988874949023104932e+01 1.024717678150747524e+01 1.747499396839958763e+01 1.598698824363181004e+01 2.080868177765607285e+01 2.493133718050999548e+01 2.082872128296338943e+01 1.223170157510730505e+01 2.136566773910535133e+01 1.926310942891492672e+01 1.362109960485433469e+01 2.209426216899377593e+01 1.745087950655893039e+01 2.744455891677620230e+01 2.542177800805483301e+01 2.019313529907346449e+01
1.994484013391750743e-02 1.001956269780821707e+01 9.427053539799196358e+00 1.250254131897984733e+00 1.488931867579125212e+00 9.735559770357058440e+00 4.676505789259832291e+00 1.044681948417475681e+01 2.040181230888758179e+01 1.466241719957021061e+01 2.457622945242275847e+01 2.780891486303634608e+01 2.088254889578541551e+01 1.283177978205223901e+01 7.122582077375855469e+00 7.376064825380051815e+00 1.578984277147124615e+01 2.167420549616809211e+01 2.538147263812717824e+01 2.472034534148482265e+01 2.337600909676839578e+01 1.777102393571903960e+01 9.746471004599888133e+00 1.003911710133494140e+01 1.795737231445535542e+01 1.081955255938181537e+01 1.870815389111147198e+01 1.172810835003131658e+01 2.085659123009117977e+01 2.419095274856883293e+01 2.571907292725452976e+01 2.292689971533791038e+01 1.414782596972429829e+01 1.452142040396382683e+01 2.318288369564750084e+01 1.552524725775042924e+01 1.591350156203206723e+01
