output/example/elevation_000307.asc
nrows	75
cellsize	13.33333333
xllcorner	0
ncols	75
yllcorner	0
NODATA_value	-9999
[rows 17 to 33 of 75, columns 0 to 36 of 75]
1.309999999999999880e-02 1.001309999999996236e+01 1.029139601057650033e+01 1.063421207927940770e+01 4.204212731927043478e+00 1.103442674199797047e+01 9.476840156316487906e+00 2.046335656591236063e+00 2.330890853267577167e+00 2.617231559318058398e+00 2.902662548989254354e+00 3.189565610943592588e+00 3.481973267271080363e+00 3.775284640532459157e+00 4.068725842142110416e+00 4.363187694147700135e+00 4.690281755995950874e+00 4.690281755995950874e+00 9.973840905236674104e+00 1.867146746141724023e+01 2.522637443544884306e+01 2.808338916243164007e+01 3.195713565763357167e+01 3.160560608422313322e+01 3.595701935505991997e+01 3.294348705345577599e+01 2.304276744379261288e+01 3.294349081894963405e+01 3.907790906618287607e+01 4.179329610199410183e+01 3.761753388889298577e+01 2.779778019161847524e+01 3.236865475381643620e+01 2.950316912881300979e+01 2.442432789533184945e+01 1.441258064789774274e+01 2.442432789532368531e+01
1.379999999999999977e-02 2.914706724035312502e-01 2.914706724035312502e-01 5.698938289317152517e-01 9.181010018423940267e+00 1.363727055055288684e+00 1.644887833613053685e+00 1.001955865899797438e+01 1.006782659398407098e+01 2.847741641835134896e+00 1.151324424458900531e+01 8.385229179943552325e+00 1.308662706234843043e+01 1.006795543642101087e+01 7.028626191359072628e+00 1.182545838848332664e+01 5.326497141026713678e+00 9.806566697851220482e+00 1.658790571551599058e+01 2.315790792890469874e+01 2.835784845460868198e+01 2.932018885441397416e+01 2.760708593914940323e+01 3.172818955634530269e+01 3.670058962420176130e+01 3.700963954560143776e+01 3.007477909074757250e+01 3.007477909074757250e+01 3.986917357971377385e+01 4.448131761570909504e+01 3.477446158440692869e+01 3.761753389192276842e+01 3.591783915296203844e+01 2.796142061090830211e+01 1.795701162672213869e+01 2.442432789340221788e+01 1.581773353023103468e+01
1.379999999999999977e-02 1.001379999999996251e+01 2.914706724035312502e-01 8.339851193744367563e+00 9.664196217907851105e-01 1.079241281279869646e+01 4.329700022244283630e+00 5.837815997479916419e+00 1.596417522650090426e+01 1.575316588786968630e+01 9.313448695829777080e+00 1.695040980343175718e+01 2.061782464279486149e+01 1.465769698002856991e+01 1.827966969965990529e+01 1.898064299720815384e+01 1.541277205393162042e+01 6.244427393786081915e+00 1.589653324149688807e+01 1.475585178374989859e+01 2.429951634952156425e+01 1.934725767909954897e+01 1.761906016162970801e+01 2.263651840687944627e+01 2.968091682491492023e+01 3.957099437005263098e+01 3.986917357970839504e+01 3.986917357971377385e+01 4.394456782828759600e+01 4.852162881502341207e+01 4.448131761570909504e+01 3.880220224338136603e+01 2.898456773473713000e+01 2.192040008285259134e+01 2.796142061327541839e+01 2.992163392318634507e+01 2.584666036513325693e+01
1.290000000000000001e-02 1.001289999999996283e+01 1.029142760571906301e+01 1.313828616743482769e+01 8.196323461221654227e+00 1.565600892069389971e+01 7.160931954324411208e+00 1.628999756159692680e+01 1.099743760160155048e+01 2.138010414874625553e+01 1.849725321292463320e+01 1.390234146174104168e+01 2.309216494502894790e+01 2.418597889905291964e+01 2.574986525944833815e+01 1.867173747735373013e+01 8.822265422818663438e+00 1.589636075011383554e+01 7.180398975550283502e+00 1.693520417607549788e+01 1.801500240507771267e+01 1.228577544083603534e+01 2.226723985703492659e+01 2.958252701113769234e+01 3.008645401413956932e+01 3.413792871179823152e+01 3.417795405459599323e+01 3.819575145747432998e+01 3.888371344130099061e+01 4.288533838254920738e+01 4.442670164902037300e+01 3.468478291285087067e+01 2.770347360762760403e+01 2.898456773473706960e+01 3.591784322485325021e+01 3.472923847633727945e+01 2.846054562111087449e+01
1.290000000000000001e-02 1.001289999999996283e+01 1.591397165401369129e+01 1.995471596109393531e+01 1.908667308426890585e+01 2.134099802011235880e+01 1.101208842800298271e+01 2.134426861424307731e+01 1.583900249582989339e+01 2.599227598756484525e+01 2.708905436294601543e+01 1.840825360723044213e+01 2.708905436294256930e+01 2.869564631687059730e+01 1.876373691758891482e+01 1.171947646515964614e+01 1.867173747735373723e+01 1.693351626378413144e+01 1.693520710874470225e+01 8.149305087014639071e+00 8.149305087014639071e+00 1.767421266565209592e+01 2.400503474572811413e+01 1.964447304557561580e+01 2.012363774686814111e+01 2.633683921250007742e+01 2.428801048766939985e+01 3.088313182713183025e+01 2.908504214119748710e+01 3.765092709768465085e+01 4.164922925276334098e+01 4.158492094236306968e+01 3.468478291285101989e+01 3.880220224143578633e+01 3.637700263528996203e+01 2.652441787424627151e+01 2.072684884966201935e+01
1.309999999999999880e-02 2.899851345418191784e+00 5.914964773662306108e+00 1.591344301152064666e+01 2.576886557615538820e+01 2.555285575568420597e+01 1.710954412047057716e+01 2.555543973275064928e+01 2.219442210329775378e+01 3.070461909290362001e+01 3.183674194547439740e+01 2.777607628284163255e+01 3.183674194547439740e+01 2.976116479833136808e+01 1.985260920879639102e+01 1.426834850549923850e+01 2.424848111172233089e+01 2.686753352875479095e+01 1.801911170003557672e+01 8.149305087014639071e+00 1.799890099065340365e+01 1.027923965774406767e+01 2.023717186506178223e+01 1.255795481735724728e+01 1.431190631649417533e+01 1.631859449036976883e+01 1.847202663641666831e+01 2.092530081869024983e+01 2.428773201238454149e+01 2.783601522787240157e+01 3.355230234757838303e+01 4.324975262690939815e+01 4.442670165359412948e+01 4.741507731061815889e+01 4.041999945279006567e+01 3.236679329375706260e+01 2.243797770179848783e+01
1.349999999999999985e-02 1.001349999999996321e+01 1.591397165401369129e+01 1.168839485474454420e+01 1.875736470696287128e+01 2.872093492069954834e+01 2.722099975337366473e+01 3.138403778516358500e+01 3.262799221464597110e+01 3.657398891264454477e+01 3.283585824511178686e+01 2.868881839248384580e+01 3.283585959154817147e+01 3.379083290042953536e+01 2.701420285904368512e+01 1.704225136997867196e+01 2.701420285904368512e+01 2.508982642251056916e+01 1.509038050382204155e+01 1.801842301270865221e+01 9.445982167101629301e+00 1.938368466949707880e+01 1.255795481735724728e+01 2.256069521010975620e+01 2.012327267339229664e+01 2.632669827642838456e+01 2.846800305949328092e+01 3.088313182713183025e+01 3.088313182275260260e+01 3.765092709768465085e+01 4.164922925276334098e+01 4.723528251426341740e+01 5.021891469013467457e+01 4.053979311170106570e+01 3.364641058659502448e+01 2.869391331860120076e+01 2.422009903620158511e+01
1.349999999999999985e-02 7.084567811865484899e+00 1.708456781186555062e+01 2.168241529704364368e+01 2.580565682108518288e+01 2.966056095017268746e+01 2.555079309067209792e+01 2.790523067371988830e+01 3.203401255622902255e+01 2.891152234791879039e+01 2.868881838225763303e+01 1.872107552109252282e+01 2.868881839053834781e+01 3.681690180375437649e+01 2.701420327567371160e+01 2.059784226228463666e+01 3.052342666274849847e+01 2.925250537043976351e+01 2.508982642251056916e+01 2.354056077016251436e+01 1.938531548696534301e+01 1.080740521657298103e+01 2.078859734470183085e+01 2.653806376658236132e+01 3.006506451708519734e+01 3.404001837012298637e+01 3.433881594831967021e+01 3.840794665336696312e+01 4.065706346236874680e+01 4.198764899571089870e+01 4.603964622904918258e+01 5.168179911947172656e+01 5.018608621308272433e+01 4.049979770955943081e+01 3.359911768339582494e+01 2.787839104370056376e+01 3.412346863200179570e+01
1.359999999999999924e-02 1.001359999999996298e+01 1.810201779538994415e+01 2.240683071860971864e+01 2.220263388593486553e+01 2.385114931283484907e+01 1.558573433901360694e+01 1.796650996959550639e+01 2.600115159104148077e+01 1.894154427518481398e+01 2.443855849239044531e+01 1.872107552109252282e+01 2.448045058981752931e+01 3.443755510245001261e+01 3.454549082016927031e+01 2.561151847706134177e+01 3.454549082016943373e+01 3.634473345967161606e+01 3.061928064362373547e+01 2.356894813055737004e+01 1.354489494110248593e+01 2.078881613806435880e+01 1.244020285029514383e+01 2.245864418180723732e+01 2.573057666424666579e+01 2.732315819791549316e+01 2.441717858986653411e+01 3.433881449749966208e+01 3.633002378600758675e+01 3.218835468232225594e+01 3.786140348716730131e+01 4.762420518263288471e+01 4.915396211945657967e+01 3.947407576601315071e+01 3.256095846476514311e+01 3.771476628553788402e+01 4.175178164299779127e+01
1.369999999999999864e-02 9.664390361460696965e+00 8.120651359336465092e+00 1.647275953684568606e+01 1.227329361918327955e+01 1.518417654251199700e+01 9.815731973368277963e+00 1.740958332223393867e+01 1.862206207212175713e+01 1.187694532299687999e+01 1.445892497945025390e+01 2.443855849821201431e+01 3.283585625410351128e+01 3.860021284257205565e+01 3.943164906891818333e+01 3.543533493230432896e+01 3.943164620264876419e+01 3.226742816992984331e+01 2.232029551397334899e+01 1.650198211032956053e+01 2.356894813055737004e+01 2.245509793588737679e+01 2.245505187122380519e+01 1.416820610361530797e+01 1.569864034668481878e+01 1.729672104164323443e+01 2.732315101886587883e+01 3.167142571045097910e+01 2.644689920567151731e+01 3.633002378600758675e+01 4.215165326975697013e+01 4.621514860761904941e+01 5.195771479525975423e+01 4.230230040991626339e+01 3.821832195363730733e+01 4.634004783719027643e+01 4.841418276475887694e+01
1.290000000000000001e-02 1.001289999999996283e+01 2.334434443347280563e+00 1.233241715614717293e+01 5.208100704970703099e+00 5.208100704970703099e+00 6.280213418122151836e+00 7.419819336852300218e+00 8.632498016431700449e+00 1.862206207232431865e+01 2.443847876655615181e+01 2.555554369813711091e+01 2.969920772485518867e+01 3.283011864994099227e+01 3.634864678803381821e+01 4.051688290651986080e+01 3.796222015394367588e+01 2.809855100465129141e+01 2.232029551397332057e+01 1.941695490730722895e+01 2.940896058355068376e+01 3.238272621950396513e+01 2.635494605036684135e+01 1.631255494568894093e+01 2.530468959105963123e+01 2.731490350760091701e+01 1.982903256243176315e+01 2.170771593874523120e+01 2.506637155654502536e+01 2.861056374203864294e+01 3.236952760521393202e+01 3.929367501151367748e+01 4.905184652362968478e+01 4.853379256074717318e+01 4.789755892402479986e+01 5.194320986299278076e+01 4.840624899197270992e+01
1.379999999999999977e-02 9.672625892455918306e-01 1.083359088593589092e+01 3.741629534239017563e+00 1.373824373183014202e+01 1.512429037382490549e+01 1.611916770682917743e+01 1.119902765622971863e+01 1.861886716498417371e+01 1.074069450359625222e+01 2.072898511999726523e+01 1.557558075046074642e+01 2.555554369777394186e+01 2.287074822838869892e+01 2.639674633594952269e+01 3.634864681992082325e+01 4.203374482492868935e+01 3.634472990267148873e+01 3.226742813921144659e+01 2.260967481585941385e+01 3.255359241775240520e+01 3.604314019500905175e+01 2.612753034060352064e+01 1.901669159494005612e+01 2.213721354389302931e+01 3.205452441703122446e+01 2.692651957956766751e+01 3.167084942259955938e+01 2.673174083901039566e+01 3.661071971633828070e+01 4.215165326975697013e+01 4.621514860761904941e+01 4.567014938347901420e+01 3.902740257005115154e+01 4.567014938347901420e+01 4.479291796448505636e+01 4.075452581409189889e+01
1.359999999999999924e-02 1.001359999999996298e+01 1.519950848717177827e+01 1.081165855603123127e+01 1.081718423563741638e+01 2.087588816100438294e+01 1.806742889540907271e+01 1.887445141139010829e+01 2.478079083090144508e+01 2.072016479933572697e+01 1.294937116670804045e+01 2.293468244820223489e+01 1.840376978763057991e+01 2.545835693588149340e+01 3.542033513338169826e+01 3.342527061846242020e+01 4.340630128557871359e+01 3.951302800443797736e+01 2.967089981550189393e+01 2.838923169855560857e+01 3.662881294291905476e+01 3.348235596647384682e+01 2.353055958611347265e+01 2.903305469812637440e+01 3.206131266643548372e+01 3.026248188937935524e+01 3.680977436737284592e+01 4.061823121100530187e+01 3.170910225023950346e+01 4.067040367908019505e+01 4.390364483176108479e+01 3.983074864083950928e+01 4.121197720846252821e+01 3.204518509600247711e+01 4.121197720846252821e+01 4.075452581409189889e+01 3.084923800502418700e+01
1.359999999999999924e-02 1.001359999999996298e+01 1.692897888104933557e+01 2.080415322786146959e+01 2.088130874168282602e+01 2.509560683834941130e+01 2.351135932029853493e+01 2.979870521635536207e+01 2.791519619657792717e+01 1.794788145221498255e+01 2.293468244861004735e+01 2.707659388445105009e+01 2.156413000242929456e+01 2.837615279550979608e+01 3.835469309670202875e+01 4.340630128916458830e+01 4.760849400128581976e+01 4.358672907554941389e+01 3.951302800600329590e+01 3.824379351078446376e+01 4.232289264296239395e+01 3.756030218832152912e+01 2.931232100090334924e+01 3.059638247995481919e+01 4.045479144697941365e+01 4.006512465193224415e+01 4.412758542119075145e+01 4.557846075097022265e+01 4.151555915746657632e+01 4.558789273122535946e+01 3.982651805333885164e+01 2.986266774923233669e+01 3.276966212858749117e+01 2.747920736523223795e+01 3.744032911644774941e+01 3.857862022327868345e+01 3.375042963469568491e+01
1.319999999999999993e-02 2.786700981126147170e+00 1.278670970032287535e+01 2.079445390619643064e+01 2.493758831884636606e+01 3.071382627862971759e+01 3.267114810591281326e+01 3.647629174446930023e+01 3.204147218606879477e+01 2.294020814534175301e+01 3.204147323931391611e+01 3.567882632671933152e+01 2.655018861448941081e+01 2.860884990147762608e+01 3.856971704783504862e+01 4.557326274061095717e+01 4.150567615471459249e+01 4.557383584692154699e+01 4.503543577826655309e+01 4.088395901371787744e+01 4.217244909736893277e+01 4.325056834097714642e+01 3.918224948329238799e+01 4.045479144697941365e+01 4.452422189668825325e+01 4.501909993401603316e+01 4.096610619448467361e+01 4.054978258340066333e+01 4.459930393333807785e+01 4.456048362563391407e+01 3.488842770986928343e+01 2.777018987017104479e+01 2.267769485825772691e+01 2.957796888059955975e+01 3.368107318738429257e+01 2.861912616750504057e+01 2.861912616750505478e+01
1.019999999999999900e-02 1.001019999999996202e+01 7.258836936241634952e+00 1.079437084261065749e+01 1.656787379314987874e+01 2.656824036777234710e+01 3.058052450371542719e+01 3.472285342842928202e+01 3.701912139163238891e+01 3.289018424944121222e+01 3.701912143090505225e+01 4.067144205724766692e+01 3.357890496537913094e+01 3.857007791246664397e+01 4.274615840623611263e+01 4.076883497211122886e+01 3.198719777497855077e+01 4.076883497211122886e+01 3.935315945486964750e+01 3.111675820844609319e+01 3.237536306877760239e+01 3.935315958820298476e+01 4.599565144180846232e+01 4.193439109335675852e+01 4.140441846022370243e+01 3.938693759120413773e+01 3.122317604560861781e+01 3.080472310645511413e+01 3.644577436294540007e+01 4.615573759186417391e+01 4.171048908032557989e+01 3.680192823132852453e+01 2.957796888059955975e+01 1.955748711289460218e+01 2.707268817124056426e+01 2.629770641353558958e+01 1.863432226524167490e+01
7.249999999999999500e-03 1.000724999999996356e+01 1.725887704016103541e+01 2.079445390088298495e+01 2.493758831884636606e+01 2.508202636826064946e+01 2.058050736585486717e+01 2.758054918670090316e+01 3.172263320815955367e+01 2.940783914922543474e+01 3.355023031312623516e+01 3.802250196484592237e+01 4.356187194924697081e+01 4.377960567649581947e+01 3.878469874376939686e+01 3.463581295615194477e+01 2.714429632958918504e+01 3.161526557953783012e+01 3.123906237347163284e+01 2.543269545365164319e+01 2.543269545365164319e+01 3.524486313289841632e+01 4.193439109335675852e+01 3.216562590801446220e+01 3.160384387931344463e+01 3.160384387931345884e+01 2.545324846620409431e+01 3.534102285033534230e+01 4.459930393333807785e+01 5.022001480785804262e+01 4.159078444154081922e+01 3.171334228632540331e+01 2.454955964838898907e+01 2.707268817124056426e+01 1.714906194373912385e+01 1.640497660395509882e+01 2.629770641264586573e+01
