output/example/elevation_000089.asc
nrows	75
cellsize	13.33333333
xllcorner	0
ncols	75
yllcorner	0
NODATA_value	-9999
[rows 0 to 16 of 75, columns 0 to 36 of 75]
1.369999999999999864e-02 1.001328002834145536e+01 1.382712371502091742e+01 1.547576120700163749e+01 1.724909703018159135e+01 1.930011318054786429e+01 2.144552281779546732e+01 2.375912999028255257e+01 2.793622434440615976e+01 3.375774503601444110e+01 3.872135565728511608e+01 4.293985144407059806e+01 4.226493529139322902e+01 3.802216809303744327e+01 3.802216809303744327e+01 3.895298923955650139e+01 4.319296266786277272e+01 4.345406540485033986e+01 3.923338992263056468e+01 3.923338992263056468e+01 3.923338992263056468e+01 4.345406540477904400e+01 4.660324203491604322e+01 4.257332788456912454e+01 4.660324203491604322e+01 4.785353955065122022e+01 4.348602033922450971e+01 4.313115316636044128e+01 4.612556335569639998e+01 4.654939502442383770e+01 4.241087878764524532e+01 4.472365362971348901e+01 4.054707832054791083e+01 4.472365362984918846e+01 5.051272708298002811e+01 5.302445045392359191e+01 4.862721554398062551e+01
1.279999999999999888e-02 1.001279999999996306e+01 3.820589666857201472e+00 5.464584917691332144e+00 7.232374282450653169e+00 9.273732180707053629e+00 1.140617379111033891e+01 1.370173551867688211e+01 1.949798921808217855e+01 2.957995653272235259e+01 2.851247129274208447e+01 3.872135565728511608e+01 3.802216809303744327e+01 2.814269792421489313e+01 2.814269792421489313e+01 2.903105268719416898e+01 3.741138712855168791e+01 3.923338992263056468e+01 2.851421629576934791e+01 2.851421629576934791e+01 2.851421629576934791e+01 3.923338992263056468e+01 4.174243129648804995e+01 3.285479309408879089e+01 4.146564141548268623e+01 4.342199716914165464e+01 3.312934285703467197e+01 3.306617750325777649e+01 3.601414062250269410e+01 4.088315350755820532e+01 3.266999455470594427e+01 3.524496192442480691e+01 3.062772683100326532e+01 3.633245103931766096e+01 4.630436625419136476e+01 4.679833667247292794e+01 3.777364860885923292e+01
1.299999999999999940e-02 1.556033501554087595e+00 1.155833916926545157e+01 1.124089530202548737e+01 1.724847305367536876e+01 1.356301235781970860e+01 2.144552281779546732e+01 2.080591990467486596e+01 1.797877110557480407e+01 2.133276814488111839e+01 2.851247129703846639e+01 3.872136047187921548e+01 3.722690808129526374e+01 3.102366592273938650e+01 2.155015621075820320e+01 2.361894393207574083e+01 3.322455650016772211e+01 3.883528828395002108e+01 3.165378953643696747e+01 2.091832458102862802e+01 3.165378956236098418e+01 3.883376752313087366e+01 3.771406048932895771e+01 2.795649624064042627e+01 3.352992005179294921e+01 4.223383981897210049e+01 3.601414062250160697e+01 2.603234301710182308e+01 3.209966190741018721e+01 3.571423629607441796e+01 2.704736164854549330e+01 2.535163851904259502e+01 3.524496192442480691e+01 4.199974235924644006e+01 4.611848801787434837e+01 4.169303219427446550e+01 3.166831356523667296e+01
1.369999999999999864e-02 1.001356019395574215e+01 1.570337438776845218e+01 2.125660475589934251e+01 2.538508034195077201e+01 2.359197045956132044e+01 2.175046577358067168e+01 3.088880982782765017e+01 2.809241225388490548e+01 3.150258398861985754e+01 3.565180594076640119e+01 4.153383063516785256e+01 3.307424941004352092e+01 2.361214191085830194e+01 1.828181090213992377e+01 2.462120647929906170e+01 3.091174203026884015e+01 3.454956415781957446e+01 2.391614091339031845e+01 1.816612698879464105e+01 2.391613879944472032e+01 3.454943546944772237e+01 3.419200151962257195e+01 2.452118668422190950e+01 3.137024902257806502e+01 4.100431529342399273e+01 3.675461372824032225e+01 2.821640731708523120e+01 2.157716823345374735e+01 3.153533996180779297e+01 2.267802002010672879e+01 2.225842081971115505e+01 2.792928714853713856e+01 3.783614597675308744e+01 3.999299299820050635e+01 3.111401891463950165e+01 3.559831527392399408e+01
1.290000000000000001e-02 1.001289999999996283e+01 1.545923258953135360e+01 1.862156536946524099e+01 2.276410402544175327e+01 2.723650655482706284e+01 3.178572667046847400e+01 3.594829576670199600e+01 3.485098062406043340e+01 3.081446396490358808e+01 2.837886222094915567e+01 3.520750096469302548e+01 3.332269377647304509e+01 2.501995877571804527e+01 1.945322699962527579e+01 1.513498649552270514e+01 2.510039948166404855e+01 3.339391468632960880e+01 2.274974320741714706e+01 1.560324384125253516e+01 2.586726241325200348e+01 3.414993792249874360e+01 3.161862123776949218e+01 2.193509990303643065e+01 3.161862483052576422e+01 3.889626827006580356e+01 3.612424871972466178e+01 2.607864715149272783e+01 1.912700281642401023e+01 2.577533703045412494e+01 1.871741336394724442e+01 2.851678661370096890e+01 3.625550307165546116e+01 3.885446449933466084e+01 3.558523754662942196e+01 2.549878755417498155e+01 2.976181896896576973e+01
1.299999999999999940e-02 2.685612419126569783e+00 5.459113400349091094e+00 8.621391065462125525e+00 1.309352794887820082e+01 2.016467249460981392e+01 3.016548134063715381e+01 3.485096966614901959e+01 2.924243498089373716e+01 2.111292148261752999e+01 2.163343877256314585e+01 3.122910578955397298e+01 3.138858053249276736e+01 3.112630545155762007e+01 2.230206091551389846e+01 1.305586020539464265e+01 2.267165772473655139e+01 3.109072976210890005e+01 2.370427349452083021e+01 1.365684541202643487e+01 1.933066030533908020e+01 2.983582772297242514e+01 2.927849652791539015e+01 1.958215462630123938e+01 2.518121286272224069e+01 3.487549010105571057e+01 3.853756939934799419e+01 2.856278226223502514e+01 2.159592160296586982e+01 1.598927667294394439e+01 1.669858116566328121e+01 2.682197274426213340e+01 3.583807345091196339e+01 2.837091603781787086e+01 3.158378197225271222e+01 2.733513779314832348e+01 2.020943182028037199e+01
1.299999999999999940e-02 1.001299999531719820e+01 1.545906707319519668e+01 1.862156536946524099e+01 2.276410402544175327e+01 2.723650655482770944e+01 3.035966370993176255e+01 3.081446392398315481e+01 2.111292148261740564e+01 1.550791812255092594e+01 2.146144712991171843e+01 2.551806158905571564e+01 2.156519753964417063e+01 2.850817280311879642e+01 2.089150752357551255e+01 1.109619029489866371e+01 1.800062162721811632e+01 2.350663290133599048e+01 1.937876723672654222e+01 1.186150784837659344e+01 2.189450459633549784e+01 2.856012388038400829e+01 2.452816196593812492e+01 1.749355360401825266e+01 2.436727776125805889e+01 3.397942313149419391e+01 3.662789836924498843e+01 2.645065612157944201e+01 2.377535273701032992e+01 1.398992172909379228e+01 2.256636116381577040e+01 3.022346569094041513e+01 3.119573805242968945e+01 2.153557766091059378e+01 2.509666154805973548e+01 1.783940678191118678e+01 2.733513899573624784e+01
1.290000000000000001e-02 5.012885699171234499e+00 1.208285575050573613e+01 2.207771591443272641e+01 2.488364891719959004e+01 2.204575582574696213e+01 1.933567332686104123e+01 2.477708748408250372e+01 2.856972266482604184e+01 2.146144717166151850e+01 1.164683582008122009e+01 1.821811944765021352e+01 1.460095982442919293e+01 2.444239948555435404e+01 1.918422079678336445e+01 9.011720022576781730e+00 1.693992771960363442e+01 1.936691084863227630e+01 9.407918479849186610e+00 1.937876723672654222e+01 2.572735239778870664e+01 2.204994478474907993e+01 1.474697064427604865e+01 2.452816196593812492e+01 3.124026042053256802e+01 3.119342999025758090e+01 2.682540896322201363e+01 2.645078373900402369e+01 1.723528639472574042e+01 1.262759049298911407e+01 2.227811759286483806e+01 2.666620135166891359e+01 2.778733942127612977e+01 2.491370450697274919e+01 1.557300438756776018e+01 2.509664859194741027e+01 3.158166056741841743e+01
1.349999999999999985e-02 1.001325824040294776e+01 1.907784748618311355e+01 2.383996485384060193e+01 1.219590478665480759e+01 1.010250950765493982e+01 1.123673410666140349e+01 1.387314272407250471e+01 2.149112872642531258e+01 2.520552787545284446e+01 1.821799135275256631e+01 8.323303092417560833e+00 1.821785493798294198e+01 2.071082347984683025e+01 1.873769978047076989e+01 1.439534243930411961e+01 6.336122550810322274e+00 1.558908450961315495e+01 7.768954775536998092e+00 1.764821656989642307e+01 1.971706932769500753e+01 1.226691601022324996e+01 2.204994478474906572e+01 2.856012387937910901e+01 3.252054534817155229e+01 2.538280698556649284e+01 1.674635476075190610e+01 2.493519303876207616e+01 2.157139705120289364e+01 1.262759049298911407e+01 1.322551116124394888e+01 2.269531780437377932e+01 2.386360852245964992e+01 1.557300438756776018e+01 1.625744490850179957e+01 2.556450162711062646e+01 3.049946527218244796e+01
1.379999999999999977e-02 1.001379999988718517e+01 1.399836413608529995e+01 1.712281801183493712e+01 1.325598580270185245e+01 3.600544214103985841e+00 1.213649746390721162e+01 8.305694257147623105e+00 1.750060702594458206e+01 1.928395454365474748e+01 1.632191653401684661e+01 6.392646424284113671e+00 1.374665003887223236e+01 1.114973050330419291e+01 1.445364957301771014e+01 5.082035859568608593e+00 5.489538061868397989e+00 5.489538061868397989e+00 1.230472658919275908e+01 1.721193759429645809e+01 1.009457043681568678e+01 1.968891895925240831e+01 2.584639638883718860e+01 2.863641608052665788e+01 2.721066400850621392e+01 1.708972520022810215e+01 1.109711217152751672e+01 2.076323617636099428e+01 1.186063344118501917e+01 2.156974312950282879e+01 2.252461004423973634e+01 1.407527259874264658e+01 1.469487262869991362e+01 2.409404252647538058e+01 2.554629573403766685e+01 1.722527552054820532e+01 2.649387584192254508e+01
1.290000000000000001e-02 9.279628864708271863e+00 7.106263480484459549e+00 3.017356354427704002e+00 1.080566516812638511e+01 1.748443063012832033e+00 4.007712952450663835e+00 1.189423676159074539e+01 1.273566401322460528e+01 9.878205485209551995e+00 1.283389548596927732e+01 1.304439683522128135e+01 3.776747975600122764e+00 4.159558039226273429e+00 4.537408003072504137e+00 1.406179985906365282e+01 1.126889268744125694e+01 1.425317437216418526e+01 6.099127907451328490e+00 1.586871722796770534e+01 8.661673339708071850e+00 1.581639894899597287e+01 1.783537019714801986e+01 1.816187793549212870e+01 2.267113156499638293e+01 2.355605091143555896e+01 2.009547405479012028e+01 1.109711217152751672e+01 2.082757241320159380e+01 2.558004458947267068e+01 1.747882371207924734e+01 2.349190151407167804e+01 2.415175576527149914e+01 2.827066741822618212e+01 2.372946992831173318e+01 2.649387284547731625e+01 1.820795738892408622e+01
1.359999999999999924e-02 3.319035804626506159e-01 6.503698810153378806e-01 9.693317673824725089e-01 1.289637276879885386e+00 1.023134368343955813e+01 2.211981818830526691e+00 2.540085775834580506e+00 2.868590470734238895e+00 2.868590470734238895e+00 2.868590470734238895e+00 3.246056633468804797e+00 1.321250189248914175e+01 4.375533829544284714e+00 7.396079453794488501e+00 1.683384317733548485e+01 2.019244492920021017e+01 1.576572466585380639e+01 1.596893804397270067e+01 6.707328404416286638e+00 7.134587265432388747e+00 7.583675327769321406e+00 8.030009362421584029e+00 1.772308617123093200e+01 1.549721791045535468e+01 1.844637194994489349e+01 1.034493200827950155e+01 2.009541591266366112e+01 2.489449820434738214e+01 3.066808850790146934e+01 2.673552751864528787e+01 2.111060305486913791e+01 3.036557539738061706e+01 3.708063226657454692e+01 3.027002263066881582e+01 3.146128803298904231e+01 2.743563734784956054e+01
1.349999999999999985e-02 1.001349724956821063e+01 1.066019869328025038e+01 4.768512594124819870e+00 1.061689145026519121e+01 4.435291665359701874e+00 1.360815901327658928e+01 1.261137419212384536e+01 1.283668890245643190e+01 2.868590470734238895e+00 2.868590470734238895e+00 2.868590470734238895e+00 1.366685059806129843e+01 1.929453848917235703e+01 1.723471685516912899e+01 1.207264149184291391e+01 2.153194842348809246e+01 2.510823030555840063e+01 2.076352327318824464e+01 1.628037061792600682e+01 1.698845322940267977e+01 7.786143134825420198e+00 1.782263215550038638e+01 8.671065493638163701e+00 9.129337964097018698e+00 9.594410580270455569e+00 1.938082724975671312e+01 2.415915300216505557e+01 2.830390599739438784e+01 3.242966320924067247e+01 3.434497114578961430e+01 2.758556424115965910e+01 2.565067119625580006e+01 3.508063470293079433e+01 3.994130297331659563e+01 3.426987042247896653e+01 2.481147486821641834e+01
1.319999999999999993e-02 8.551285377344688854e+00 1.742772582690208694e+01 1.470655389368918620e+01 1.634199050375367790e+01 6.719179364005708699e+00 1.652281992462728866e+01 2.035064231919807654e+01 1.703628019191524601e+01 1.285085794076876375e+01 1.286257572547591721e+01 3.551322831910546540e+00 1.063537548750229433e+01 2.076426017173405469e+01 2.568959151399527130e+01 1.889451021370778960e+01 1.885210124245205776e+01 2.836589140001410314e+01 2.739001920702992621e+01 1.919728851793880509e+01 1.416374720109429219e+01 1.941792450390691727e+01 1.252254476104238634e+01 1.846883740964141651e+01 1.527812481649707266e+01 1.917884787804151969e+01 1.097119349055205895e+01 2.072694309977391214e+01 1.857363149298188887e+01 2.541053438586584790e+01 3.526312680001714028e+01 3.707737753974599570e+01 3.225680927837528600e+01 3.225680927862023140e+01 4.189795313975240987e+01 3.708118028221110762e+01 2.738670707510164704e+01
1.299999999999999940e-02 7.084068102460923555e+00 1.708417204261985844e+01 2.530098433478474362e+01 1.653676377316357460e+01 1.653676377687836663e+01 1.061188986231006837e+01 1.061188986231006837e+01 2.036253577822624194e+01 2.102359577509918154e+01 1.127377081951081905e+01 4.233047381308824519e+00 1.132734434949444413e+01 2.143644177734822520e+01 2.850120908891721427e+01 2.884990443541729732e+01 2.838014081237865938e+01 3.234811751704295091e+01 3.168214279440914538e+01 2.250847183704187771e+01 1.789957305672913890e+01 2.459376838763472151e+01 1.546944091214782802e+01 2.503873609398904776e+01 2.411958575555465600e+01 2.376627639223787014e+01 1.409666746898348144e+01 1.242430621545842762e+01 2.215323406234959336e+01 2.775039877318130266e+01 3.487750268386866992e+01 3.882182233035585739e+01 4.189795257725219813e+01 4.189795321995509880e+01 4.594343361660441616e+01 4.038501730058965933e+01 3.047350560798099295e+01
1.349999999999999985e-02 1.001345656387430161e+01 1.141459053261338497e+01 2.120470445329629783e+01 2.629351029016923036e+01 2.403062303954694912e+01 1.432594500223720857e+01 2.036253583154717006e+01 2.443161329879064070e+01 2.362514514411025957e+01 1.499523990135705986e+01 4.923924467510362390e+00 1.499420911744036466e+01 1.416391276779179975e+01 2.429715508220911246e+01 3.027089337187699769e+01 3.007473711683163131e+01 3.330847389522516977e+01 3.691917584246110806e+01 3.000917525616521075e+01 2.212414405713417764e+01 2.827683848872695904e+01 1.875684830671316305e+01 2.831684924986408092e+01 2.947761097589632939e+01 1.968007954997902687e+01 2.093638927552565931e+01 2.215323421496186995e+01 1.393541669471384026e+01 2.077839815679168467e+01 2.930920673150465916e+01 2.878206252561655276e+01 3.591120712223663958e+01 4.039920518618662726e+01 4.626143159230709045e+01 4.457312906443651457e+01 3.534748523661513531e+01
1.369999999999999864e-02 3.078486304320538824e+00 1.303144843245256368e+01 2.294435327123873236e+01 2.871764983972746421e+01 2.811853688535856222e+01 1.991820791254819056e+01 2.811853688535898499e+01 2.675166838150793325e+01 1.654631284063421504e+01 9.414859235735574927e+00 1.499583572812470500e+01 5.953028888947947017e+00 1.602512478486247005e+01 2.129342070344673132e+01 2.017786189199425095e+01 2.014480265164422690e+01 3.007474455487802345e+01 3.418409724507110781e+01 3.573321691417694268e+01 3.151913136495094747e+01 3.243923778157542870e+01 2.353446408164834835e+01 3.243923778158048776e+01 3.371331707738431049e+01 2.525561520267100590e+01 3.073804379109290252e+01 2.775044697378876535e+01 2.364181320458717295e+01 1.549086089158349999e+01 2.518369349818875591e+01 2.190992083451596883e+01 2.620688929480819951e+01 3.190196814064231390e+01 4.203555472346924660e+01 4.961880121781933894e+01 4.542255020530780740e+01
