output/example/elevation_000018.asc
nrows	75
cellsize	133.333333333
xllcorner	0
ncols	75
yllcorner	0
NODATA_value	-9999
[rows 51 to 67 of 75, columns 0 to 36 of 75]
5.882205962523524567e-01 7.954732804214770248e+00 1.532875571533286596e+01 1.150009149979082821e+02 1.327410101414278927e+02 4.428705872993717918e+01 1.433252073019710622e+02 1.617381408822784010e+02 7.457297044959969412e+01 1.729451958482459872e+02 1.637439351838587527e+02 1.518851856555035056e+02 2.415922589123441355e+02 2.892038496794595517e+02 2.082849488281738672e+02 1.845364856830348685e+02 2.793780471939662107e+02 3.468464633959033563e+02 3.817806259704685772e+02 3.667705998786557302e+02 4.390717610970717146e+02 3.372780814891279988e+02 2.588098611450238877e+02 2.638114424625861716e+02 2.798777360116587829e+02 1.782196062505763905e+02 2.271864082385682195e+02 1.424403131285470181e+02 2.436662434603583449e+02 3.025026837880641892e+02 3.735393626982763635e+02 3.401675048974578317e+02 2.909185124642001483e+02 2.072555672448356745e+02 2.560379349450186055e+02 1.657996766929873900e+02 1.727053545169092672e+02
9.768667279832560224e-01 1.009768653365658508e+02 1.150009147463236019e+02 9.669795508861697897e+01 1.844592771044269455e+02 1.433252108373720830e+02 5.523385886917341736e+01 6.310423703688964991e+01 1.617381414108324691e+02 2.138732033481143162e+02 2.620255669514405099e+02 2.219958420134751123e+02 2.922587448583557261e+02 3.502759815072747074e+02 3.083518876319171795e+02 2.510950481801673391e+02 2.242806102372676946e+02 2.564364585289732190e+02 2.955269733988170628e+02 3.809193654225052228e+02 3.967480624881044946e+02 2.776915222169852200e+02 1.908078270427987775e+02 1.956860511565269576e+02 2.514370634391960095e+02 2.118532631844751393e+02 1.261529235270571121e+02 2.271871328562446593e+02 2.436662430550557872e+02 3.439977935712754515e+02 3.311549193532491699e+02 2.402620872508135221e+02 2.402620659663785432e+02 1.496037907627656409e+02 1.562097826553496418e+02 2.560359268312284939e+02 2.724466850119763421e+02
2.138324179527880675e-01 7.092451053608810696e+01 1.709245057938471462e+02 1.964397002973616111e+02 2.377766770405283978e+02 1.951007801135157251e+02 1.045490073172919097e+02 1.327757838852454881e+02 1.254005833037784043e+02 1.952608671909832196e+02 2.943550189974429259e+02 3.250809995399973218e+02 3.390698758015149110e+02 2.957280795375616549e+02 3.392586104059001855e+02 3.458052464890179749e+02 2.892294150120334848e+02 3.462440281557710478e+02 3.290925733581419195e+02 3.758711017029796722e+02 3.236636991848664024e+02 2.581305886048918978e+02 2.393178275531636530e+02 1.362073705845625966e+02 1.968936170421405620e+02 1.110703963444141209e+02 2.118545246759377676e+02 2.687821565544831515e+02 2.681317980197782731e+02 3.096367683551512755e+02 2.312274742825224507e+02 2.312273867030459087e+02 1.403566348261791461e+02 2.402620660114143618e+02 2.560376169411889009e+02 2.063075325898934693e+02 3.041500222760259362e+02
1.069909363418946047e-01 1.001069895502937612e+02 1.593906593410159473e+02 1.947451081579001766e+02 2.361482819719644226e+02 2.446512316705350827e+02 1.744906894450787718e+02 2.316594736862947173e+02 2.242767202966105913e+02 2.653982442513993192e+02 2.825419803272366153e+02 3.150238825433270335e+02 2.855511352668999621e+02 1.904243627416821596e+02 2.807001610224676256e+02 3.225632402378137158e+02 3.838119193493199077e+02 3.001108155856625785e+02 2.093758832116083966e+02 3.001801011642273807e+02 2.714317095082269020e+02 1.821870015098826627e+02 2.459423617172372190e+02 1.969010908233952932e+02 9.640029424058279517e+01 1.928973756962319897e+02 1.986990349338684041e+02 2.045282119818355966e+02 1.681287839775512793e+02 2.163314515143878509e+02 2.222972303583468090e+02 1.312744684958734069e+02 2.312273884073680392e+02 2.110058346384623746e+02 3.108932481346409986e+02 2.809914070789395737e+02 2.815212329339607891e+02
3.726996606557795300e-01 2.924021312013702101e+01 5.939134757790996844e+01 9.474668663656501622e+01 1.524817058812116954e+02 2.524705391004159480e+02 2.736547737032445866e+02 2.607200594146201524e+02 2.196288389390766724e+02 2.147720551008292205e+02 1.858755842918427845e+02 2.825408222991083562e+02 2.415763920642754670e+02 1.401292217304047654e+02 1.802517173960371508e+02 2.644589124076425719e+02 3.355963395719550704e+02 2.544560526932520190e+02 1.484483861421881272e+02 2.544437437918144553e+02 2.293906399172801116e+02 1.303509941532613539e+02 1.459613824290223931e+02 1.801042502168867543e+02 8.690810431110659806e+01 9.271226848247985686e+01 9.854586778752178589e+01 1.044093150324225832e+02 1.103130983503078255e+02 1.162885528519015423e+02 1.222932372438212951e+02 2.222972670683814727e+02 2.726870095899849389e+02 3.108931877890138367e+02 3.524383239578201596e+02 3.924149600957870234e+02 3.998646235849681716e+02
9.622267309149505898e-01 1.009622253351063534e+02 1.593906598109020933e+02 1.947451082107695584e+02 2.361482818767022707e+02 2.938378982398148196e+02 2.207575130054418935e+02 1.792943287386424629e+02 1.200561320765020099e+02 1.157632094063889383e+02 2.147720550956386774e+02 2.046899464916701561e+02 2.028190244917688858e+02 1.022907781153793252e+02 1.224300236428314292e+02 1.932720583203899309e+02 2.641506711455592153e+02 2.148003817306279757e+02 1.126759205738569563e+02 2.147953602698538305e+02 2.100373234099578497e+02 1.685409378094558690e+02 7.511842399102152967e+01 7.991981683079414722e+01 1.801042569542638603e+02 1.928973828303591347e+02 1.986990920087497443e+02 1.752320683840801792e+02 1.681287839956656285e+02 2.163315021889285390e+02 2.222972460796981409e+02 1.500515576361273133e+02 2.497214919886754956e+02 3.050308079508165520e+02 3.352828022051843959e+02 3.601063629204246013e+02 4.044342729000999270e+02
2.536103556318918262e-01 7.096428847376681404e+01 1.709642837299590497e+02 1.764933086496864973e+02 2.179059737865888451e+02 2.301404392283319567e+02 1.629819019109415024e+02 7.925981411107665053e+01 6.234142911666306475e+01 1.621403022873870441e+02 1.313558907954757728e+02 1.046355156487253879e+02 1.365289388929567167e+02 6.893093046896569831e+01 1.397204557233600895e+02 2.400356763812823999e+02 1.932879065974360628e+02 1.224909089371273296e+02 8.268672561241889696e+01 1.571159056651267463e+02 1.618384490140003322e+02 6.839862295203640485e+01 1.685408846485358652e+02 1.801042453113550721e+02 1.116251366856068330e+02 2.117738275842120288e+02 2.749137351412214230e+02 2.752654574245424328e+02 2.681320195812215275e+02 3.096449291328484037e+02 2.909733124356068856e+02 2.077041360415435918e+02 1.816731669921090031e+02 2.066351497513358879e+02 2.380782991530496986e+02 2.752994477104863336e+02 3.310641470872025707e+02
9.431841708974398886e-01 1.009431827731288109e+02 1.057771355692043329e+02 7.648544332801962753e+01 1.764933086837129110e+02 1.593899133617964026e+02 8.865368781651595498e+01 2.150003765218385610e+01 1.215390597160265571e+02 1.277031460940654313e+02 3.129807850447685524e+01 3.387785865855005341e+01 3.646120842314231680e+01 1.365289400779977029e+02 1.428302950533926889e+02 1.454453646089218068e+02 1.480632637142956867e+02 5.170696794871545876e+01 5.435099422372555011e+01 5.700916400464834055e+01 6.171752304261880795e+01 1.618384488920597448e+02 2.100377785982077228e+02 2.532737139862083779e+02 2.117738268494473175e+02 1.470673266760515219e+02 1.748541273863540368e+02 2.749137231985027938e+02 3.598905676129392646e+02 4.015560981711013824e+02 3.484733191109331756e+02 3.071225253196307108e+02 2.390796811658201477e+02 2.764256764233265926e+02 3.034529369315204690e+02 3.714116292658214888e+02 4.112885555213345583e+02
7.631321084887311423e-01 3.265460048632512269e+00 5.768490680637292201e+00 1.057771359391378354e+02 1.118496570068173099e+02 1.143702351361370262e+02 1.791886432976459531e+01 1.179510732542169791e+02 2.510242182558894797e+01 2.765234274242418522e+01 1.277031469210072032e+02 1.339406218023661950e+02 1.365289388454789048e+02 4.014320031360827556e+01 4.275041505311101986e+01 4.536041260737276559e+01 4.797321286295620268e+01 1.480632664915991086e+02 1.544536059196858844e+02 1.571159278641317201e+02 6.157156880639203678e+01 1.616820904494938702e+02 1.662579302551258991e+02 2.663782084415883560e+02 2.886683067458754977e+02 2.471625029130094333e+02 2.749137341966532517e+02 2.220361257450568644e+02 2.598465451793003353e+02 3.305688274909766733e+02 4.306858968202645883e+02 3.786499260284828665e+02 3.376305578301684136e+02 3.740034066484259938e+02 3.973063645586155417e+02 3.864943670282281687e+02 3.335085483173449461e+02
7.628124041380348608e-01 1.007628110134052122e+02 1.057771357320458065e+02 9.317016647873368029e+00 1.182934893396953235e+01 1.434496851309249799e+01 1.143702353421426210e+02 1.593899269885819763e+02 9.584754863362681476e+01 1.277031462918955214e+02 5.392896715618694969e+01 7.819713545410539268e+01 1.782847159142896203e+02 9.792568567453882622e+01 1.428302898300896686e+02 1.454453695499067578e+02 6.723842698966335263e+01 1.673247613452636244e+02 2.396898477588677281e+02 2.031829096792096720e+02 1.616820913636810531e+02 6.614416307959407959e+01 1.662579312020064037e+02 1.708507154768145142e+02 2.709818373521080161e+02 2.398790486467874246e+02 2.814776107614934517e+02 3.220694484249421521e+02 3.598783699303796197e+02 4.014602366154899755e+02 3.865411955427367729e+02 3.445612820817789839e+02 3.865245140512946023e+02 3.625802228137493444e+02 3.206042528343554068e+02 3.316166820758943459e+02 2.158744905647388350e+02
2.106757229907613160e-01 1.002106718168668635e+02 1.507618982794586771e+02 8.003903327842664339e+01 8.255511169794941395e+01 1.143702348585380122e+02 5.907889840376488166e+01 1.591010673826506547e+02 1.958873545961105549e+02 1.841764967583106625e+02 8.409799164446224040e+01 1.782875767079046057e+02 1.160138878801105164e+02 1.979904030778865547e+02 2.394670197573478276e+02 2.088036240857106520e+02 1.250292376439186626e+02 9.813243207854870320e+01 1.982086708247141189e+02 2.750714300687535570e+02 2.077684376182927224e+02 1.369380687824131257e+02 7.073380501038046475e+01 1.708507420980193672e+02 1.787627668479208012e+02 1.397516506407345673e+02 1.853890513184865085e+02 2.269448020580825016e+02 2.609285528247410753e+02 3.027164993222119165e+02 3.117343138890873320e+02 2.443220544452400134e+02 3.362320231253117981e+02 3.045000890869947057e+02 2.202742675424258891e+02 2.730727011417590120e+02 2.210229530982398103e+02
4.089467787567467871e-01 7.111962486626057967e+01 1.711195630160984251e+02 1.800529136496144815e+02 1.825729424226308595e+02 2.005281994152664709e+02 1.168285408908428735e+02 1.298066542889654613e+02 2.298144187713253643e+02 2.175618477239593176e+02 1.174490296520649082e+02 2.175664895342559646e+02 1.867780265816453493e+02 1.586737601499564221e+02 2.590001300455068645e+02 2.666184215796341164e+02 2.251024489806762574e+02 1.688995350966730484e+02 1.335208033501241118e+02 2.335871238089953295e+02 2.786969419359248832e+02 2.123715067835150307e+02 1.415285609570145198e+02 7.534032423418506141e+01 7.863969767167799318e+01 8.194438333844018985e+01 8.525988997018723126e+01 1.853854562956614132e+02 1.607627234292762068e+02 2.609279379251427144e+02 2.115369523059192147e+02 1.942530076221102888e+02 2.944364834624003606e+02 2.626597331499093002e+02 1.624454280152916965e+02 2.256774662334464097e+02 1.311693016685351267e+02
7.605404438924017185e-01 1.007605390548643385e+02 1.795783379036028862e+02 2.242991565312881335e+02 2.820318833380911769e+02 2.582753555069548952e+02 2.168464777218289612e+02 2.298190981378824063e+02 2.712023447392336379e+02 2.594143737888862233e+02 1.674709185455900808e+02 2.594938352982005085e+02 2.871461062278484064e+02 2.034232282146981561e+02 2.294859666006640566e+02 3.302504427774372857e+02 3.104783052545331543e+02 2.335872889374792578e+02 1.782738303988063535e+02 1.912950247805131028e+02 2.913551526427495446e+02 2.832358324706172539e+02 1.963397600382536154e+02 9.621938307482369623e+01 1.787595451189417020e+02 1.527423839000982468e+02 1.853890508688962200e+02 8.996167492871143168e+01 1.900947873207882424e+02 1.981790249845650749e+02 1.407339927802744057e+02 2.408837067136989845e+02 2.578557903915819338e+02 2.162072568149115170e+02 1.215664574564835192e+02 1.254948400000216253e+02 2.256774817798558956e+02
3.612262887922438326e-01 3.815767358971483958e+01 8.287903313971031594e+01 1.406140600577537043e+02 2.406140192419779851e+02 2.672216203529333143e+02 2.262799044870267835e+02 2.262799045154516477e+02 3.252448872372092410e+02 3.097976208557132054e+02 2.677909146081154859e+02 3.099045171071520031e+02 3.468717875690130086e+02 2.613029468801131543e+02 3.302501224466824397e+02 3.726454447550976852e+02 3.752414117464321635e+02 3.198472803124221855e+02 2.360422583299384769e+02 2.620468133374780564e+02 2.913517777134421749e+02 2.760188244547881595e+02 1.758678592999365549e+02 1.180703079657463377e+02 2.181908434022822973e+02 2.528837452431623944e+02 2.316631587040628801e+02 1.900954300999632096e+02 9.468447734413463479e+01 9.803718691741988778e+01 1.981788380342023572e+02 2.068233567342030312e+02 2.106895618181542602e+02 1.160405357590336308e+02 2.162068273206899960e+02 2.256774659614221434e+02 1.550209732760542636e+02
2.027203060114903810e-01 7.091339842318035380e+01 1.709133911535698758e+02 2.167742795090584309e+02 1.755664227954276839e+02 1.958016437227761060e+02 1.270621794053692355e+02 2.262799038006382091e+02 2.891565992083959600e+02 3.197127998380333338e+02 3.558388998310012994e+02 3.932480299060711673e+02 4.050996023758274305e+02 3.635367733433682815e+02 3.986070895197354957e+02 3.576327407659080677e+02 3.987059579456176266e+02 3.776809554483984925e+02 3.361135400867286194e+02 3.621126967461320305e+02 3.913919983056422325e+02 3.178309419769741453e+02 2.182725756311199348e+02 1.628412659416829626e+02 1.652627052776745984e+02 2.653917981823972241e+02 2.656493568098876494e+02 1.654872179283890716e+02 1.654870752693524878e+02 1.981790370627915365e+02 1.028192918045838837e+02 1.066709914067411518e+02 1.105314466108108036e+02 1.439099352762348190e+02 2.440793702019105922e+02 2.969571860170430000e+02 2.552267314026151723e+02
4.264044037055534364e-01 1.004264030200762647e+02 1.930907755220039519e+02 1.518006663148488542e+02 7.586622181991297964e+01 9.626638052015429992e+01 1.958016466393969495e+02 1.633826552594845793e+02 1.908812197587171227e+02 2.220930243132245892e+02 2.591505313275759477e+02 3.276758944328937559e+02 4.239508563089823383e+02 3.955291346539341930e+02 3.490289926437342274e+02 2.584797681893031722e+02 3.490813220692751315e+02 3.830305361003701705e+02 4.118681609252681142e+02 3.977548280835648598e+02 4.082266709499058379e+02 3.615928731324266323e+02 3.049127308110267336e+02 2.206347362466415518e+02 2.045658015331889317e+02 3.049227949884220266e+02 3.073650616801397746e+02 2.656489058358318402e+02 2.656193566428088957e+02 2.100433271086158413e+02 1.099007752073453617e+02 2.068233567348099200e+02 2.106895480531097178e+02 2.440785930572127711e+02 2.017242031473204236e+02 3.019378822053652129e+02 3.295490329084813084e+02
2.601976539121070298e-01 1.002601962714943653e+02 1.295323649383016686e+02 5.196677105087047011e+01 1.518006657598751872e+02 1.257737468132332168e+02 2.253573456602982787e+02 2.620971038698280609e+02 2.891565990818818364e+02 3.197456370280870033e+02 3.558374279864398204e+02 3.838412181773852012e+02 4.324619470324802251e+02 3.541180635866982129e+02 2.547323220297491275e+02 2.086852067108829942e+02 3.080518457893379036e+02 2.842087304447251199e+02 3.131535538541149890e+02 2.990642067387883003e+02 3.098480996079242118e+02 4.081941747868808079e+02 3.635029307472502182e+02 3.210329772286755201e+02 2.557940457804897960e+02 3.479441754062736436e+02 3.755141667430970074e+02 2.740084372598707319e+02 2.023294581475967959e+02 1.442549661716775802e+02 2.100433560854053212e+02 1.204576403545683405e+02 2.205755396765018190e+02 2.728563157084469140e+02 3.019377960960215432e+02 2.835266362281134889e+02 3.838576927343145258e+02
