output/example/elevation_000296.asc
nrows	75
cellsize	13.33333333
xllcorner	0
ncols	75
yllcorner	0
NODATA_value	-9999
[rows 17 to 33 of 75, columns 0 to 36 of 75]
1.309999999999999880e-02 2.922815228148435973e-01 1.001213422210569171e+01 4.897840030385389731e+00 3.364051254446748462e+00 9.051298334035243087e+00 1.079109943595985932e+01 2.216325349681475210e+00 2.502166108317732007e+00 2.788379804358528169e+00 3.077873120823768183e+00 3.372593861579566532e+00 3.667833106616138483e+00 3.964045187619675836e+00 1.292065236045716148e+01 1.449263084524376666e+01 1.356123041875460267e+01 5.444800913855483593e+00 1.524288025534614910e+01 2.008879689192650275e+01 2.501945231060689068e+01 3.107600705418511922e+01 2.750357583328518984e+01 2.803456206738423262e+01 3.219162113005230452e+01 2.875692225965316950e+01 1.854927211705120627e+01 2.875692225965316950e+01 3.562348053247017532e+01 3.728453018850242273e+01 3.503904840847208391e+01 2.534806135856388565e+01 2.985878495988490045e+01 2.680474549422300967e+01 2.626461803769471359e+01 1.658509186448511841e+01 1.545618834141378173e+01
1.379999999999999977e-02 9.977524409832142283e+00 6.875662303358889282e-01 9.672933497681173165e-01 1.247569277103722341e+00 1.529735601117903521e+00 1.812918338564603049e+00 1.110721361408689845e+01 7.620116376033744920e+00 5.297948493283301197e+00 8.980777015280818176e+00 1.287842352893770403e+01 7.364149453204675844e+00 1.218403838330625177e+01 7.358540967456263182e+00 1.772239908669783759e+01 1.911849485547906724e+01 1.552244500083018686e+01 6.509841049748255060e+00 1.657968599743081484e+01 2.181304400336800597e+01 2.354564852497713190e+01 2.732919486458865066e+01 3.143619537166361866e+01 3.640532387366521050e+01 3.288514110951058456e+01 2.582157258652966547e+01 2.582157258652966547e+01 3.584348325082445541e+01 4.201219130872574681e+01 3.215066826423817758e+01 3.503904840847208391e+01 3.630936532166221298e+01 2.694753736373902697e+01 2.027381037527212726e+01 2.623601889062462078e+01 1.650625510141766483e+01
1.379999999999999977e-02 1.001379999999996251e+01 1.067609917571361855e+01 7.783818887394953201e+00 1.016661696845750917e+01 3.633301998272914446e+00 9.784367830950376543e+00 5.629633109347676800e+00 1.488865090428378046e+01 1.614634859592995397e+01 8.733501812490406024e+00 1.792891106249468436e+01 1.861236150113112231e+01 1.441653033852738908e+01 1.774644074578013431e+01 1.113400967788686380e+01 2.080102756932662089e+01 2.072085071709131654e+01 1.658030592416160331e+01 7.590540182356753540e+00 1.768167737826120955e+01 1.348060466541689983e+01 1.731887209558198037e+01 2.235050557781706715e+01 2.940437872067884584e+01 3.931756635287300128e+01 3.584348325080721764e+01 3.584348325082030584e+01 3.994870964880986008e+01 4.614764709512220264e+01 4.201216658075912846e+01 4.030250277470814524e+01 3.093777996046050305e+01 2.432071122535354135e+01 2.968955328831293272e+01 3.034826412990460298e+01 2.632413211112601203e+01
1.290000000000000001e-02 7.224041999295843119e+00 1.759696240987512539e+01 1.705206513349100561e+01 1.723577636423205917e+01 1.478211899198236523e+01 1.041177776403433874e+01 1.546116423156378872e+01 9.881717212045105114e+00 1.950408073763047057e+01 1.821199291699222300e+01 1.316526375675022109e+01 2.325515313650091187e+01 2.104797547715482509e+01 2.461074088612773991e+01 2.080143535112749476e+01 1.491995656439906348e+01 2.401812289516327326e+01 2.182086594539541480e+01 1.768167736761017395e+01 8.699596216948741301e+00 1.880094103437961195e+01 2.410530302265338776e+01 3.117368381132493838e+01 3.329297422652786054e+01 3.388071419134578832e+01 3.785436155261628954e+01 3.946098476773615005e+01 4.050420996132824314e+01 4.441248947282044668e+01 4.618914259349029550e+01 3.688163236819632118e+01 3.023620343095535290e+01 3.093777996046050305e+01 3.753915943411225697e+01 3.365349927322385071e+01 2.769521867486552225e+01
1.290000000000000001e-02 1.001289999999996283e+01 1.545921340025042667e+01 1.960134902405073376e+01 2.407348497930014730e+01 2.424430514834923756e+01 1.724121492174106152e+01 2.268720179518192381e+01 1.315650725258532105e+01 2.268309363852806371e+01 2.749091599354548876e+01 1.808548111056956387e+01 2.748822689491363036e+01 3.064206661923238428e+01 2.765251646869442226e+01 1.875010669176436906e+01 2.401812289625281949e+01 2.784679526249298931e+01 2.875569185258230576e+01 1.878928282797668814e+01 1.862551966745089160e+01 9.869615439857293282e+00 1.703690294276124106e+01 2.463558540653252393e+01 2.347084053991715180e+01 2.408717698675272345e+01 3.028917896271758181e+01 2.978083933623875623e+01 3.084327339976477234e+01 3.963209057906304622e+01 4.348938331289357961e+01 4.344774423910642014e+01 3.960771425458833761e+01 4.030250277470815234e+01 3.370654769510371551e+01 2.958242660355216103e+01 2.004365587828726802e+01
1.309999999999999880e-02 2.685712419124245631e+00 5.459213400250394699e+00 9.931349355249988520e+00 1.570485204714626448e+01 2.570485204714652738e+01 2.705159628640729963e+01 2.661700218435435161e+01 1.797699612942759373e+01 2.661506160236933738e+01 3.263623048399017534e+01 2.842923839753382609e+01 3.264513516023419015e+01 3.412213397963635941e+01 2.497271315229580324e+01 2.266778054877821091e+01 3.153848091594128888e+01 3.392220447948855622e+01 2.541968892570769967e+01 1.541631518209620744e+01 1.258257309762688614e+01 9.869615439857293282e+00 1.995379836995644141e+01 1.442950245946686039e+01 1.645710202845263126e+01 1.841843856157463577e+01 2.055864146123750302e+01 2.295256809846582868e+01 2.645865913373930667e+01 3.018470367407034871e+01 3.747798087247053189e+01 4.570164177251864146e+01 4.006459801135794407e+01 3.460585552253002817e+01 2.959250210480054477e+01 2.004365587828726802e+01 2.004365587828726802e+01
1.349999999999999985e-02 1.001349999999996321e+01 1.545921340025042667e+01 1.253028121211589330e+01 2.253028121211599100e+01 2.984698767221787818e+01 3.438515293556419294e+01 3.134237840461136670e+01 2.739752507686008087e+01 3.134237840460014723e+01 3.231308148976911099e+01 3.345363147086457900e+01 3.773655650094993064e+01 3.810424867958677453e+01 3.412213397963635941e+01 2.774465368103609464e+01 3.564096070540983874e+01 2.985292192586562976e+01 1.993991157741649189e+01 2.541935550454157777e+01 2.105916501250300499e+01 1.114232701112242907e+01 9.869615439857293282e+00 2.220833849032289109e+01 2.219112574539074956e+01 2.822646428768959481e+01 2.616658675933854283e+01 3.261608562953081503e+01 3.195119364904893544e+01 3.963209057906304622e+01 4.348938331289565440e+01 4.472280504828286496e+01 3.114540237053050831e+01 2.269624080037628389e+01 2.269624080037628389e+01 2.959250210480054477e+01 2.959108609744722784e+01
1.349999999999999985e-02 7.084567811865484899e+00 1.708456781186555062e+01 2.253028121211599455e+01 2.667241683635309002e+01 2.722700898620921706e+01 2.441592852244721712e+01 3.144215303904941550e+01 3.146354891665002285e+01 2.716793768688507171e+01 2.192239191582636337e+01 2.305814759707960704e+01 3.234907626781861012e+01 3.664484237007782497e+01 4.108860674003379643e+01 3.706821068840328337e+01 3.553982639065635141e+01 2.568981891984498844e+01 2.985292192586551252e+01 2.922981316080701575e+01 2.211433216105691812e+01 1.189930519271991116e+01 2.205189734071179330e+01 2.632960832342723734e+01 3.202564061655719740e+01 3.601722586925302494e+01 3.592068386452346829e+01 3.987191642037429062e+01 4.094665354070050967e+01 4.395062026187288495e+01 4.832061027184265356e+01 4.524123749429420371e+01 3.896103035075004328e+01 3.230684477933834131e+01 2.269624080037628389e+01 3.230684477933844789e+01 3.607649719070043659e+01
1.359999999999999924e-02 7.084667811865485554e+00 1.708466781189233430e+01 2.137050080527952289e+01 1.724511923218897991e+01 1.724070868410908730e+01 1.734684996815833458e+01 2.733584674976242823e+01 2.550946761477640479e+01 1.687911087989208525e+01 1.472861807578893156e+01 1.808103125170105940e+01 2.192227552633651655e+01 2.928216733294235752e+01 3.975324941294113046e+01 4.353635973386629843e+01 3.374264653286230953e+01 3.553982639065979754e+01 3.214473099173591208e+01 2.215716544419882439e+01 1.501922982961280795e+01 2.211433216105691457e+01 1.383578855606245384e+01 2.392979088436632296e+01 2.755870963513194738e+01 2.939807688198860092e+01 3.132771572747536837e+01 3.371607766386862437e+01 3.627334552701846349e+01 3.360721876035088940e+01 4.411582175487502866e+01 4.101407273076801374e+01 3.106744601413157625e+01 2.632136234700310240e+01 3.230684477933844789e+01 3.646663198581401133e+01 4.025847971852824969e+01
1.369999999999999864e-02 1.001369999999996274e+01 1.729036324181100426e+01 1.315845799859980936e+01 7.242777095835051249e+00 1.102242174819037679e+01 2.101820900551049576e+01 2.235873791477148842e+01 1.809348014268796945e+01 1.107144674631243753e+01 2.122768076022224193e+01 2.840811602039314465e+01 3.234907626781861012e+01 3.664484237007782497e+01 3.871349634718068700e+01 4.297223796685005937e+01 4.353635973386629843e+01 3.908684050521691233e+01 3.492012966121835404e+01 2.737938414843941004e+01 1.736997398889819166e+01 2.737047885214326115e+01 2.391281240326548030e+01 1.573303595044704295e+01 1.756857132687785494e+01 1.944869184625260772e+01 2.137448562957672493e+01 2.369392600299949692e+01 2.616820126339644048e+01 3.627334552701846349e+01 4.543291300858803794e+01 4.524123749475700151e+01 4.023004545959586409e+01 3.182822682331564934e+01 3.311270250134467119e+01 4.310971398207156824e+01 4.605305483641240016e+01
1.290000000000000001e-02 1.001289999999992908e+01 1.183424552237224425e+01 3.160294195331227574e+00 1.315486254626140905e+01 1.425602224987074607e+01 1.531218350639404946e+01 1.639680929407486687e+01 7.985032837611353962e+00 9.443683168425270225e+00 1.957045964096784729e+01 2.602036598391565292e+01 3.363027711553338861e+01 3.694202838993674476e+01 2.820130146142208361e+01 3.694202838997872362e+01 4.199304463442280877e+01 3.199043235380532835e+01 2.493941131228863739e+01 2.117755373230201954e+01 2.737938414843939228e+01 3.145267603147458502e+01 2.786182754576480392e+01 1.803608031364328923e+01 1.990970820278963771e+01 2.914725515719421978e+01 2.840024620367943697e+01 2.765285979547227768e+01 3.627334552701843506e+01 3.123922563093217519e+01 3.709517996103676296e+01 4.706155437228144223e+01 4.602644290151508244e+01 4.179518584883590648e+01 4.310971398207156824e+01 4.734738841856249536e+01 4.599069424437177389e+01
1.379999999999999977e-02 9.228909090909083179e-01 1.835761838266184443e+00 1.183555910854973803e+01 3.160294195331227574e+00 4.186272680749715924e+00 5.234557517471740695e+00 6.306670052312745689e+00 1.639660003118248000e+01 1.957040826758115770e+01 1.157572492972941092e+01 2.173667229675366741e+01 2.320488022754814850e+01 2.869426054703938433e+01 2.219351447406382150e+01 3.264427780011417468e+01 4.252801568067469873e+01 3.908684050521691233e+01 3.492012966121835404e+01 2.562912125107457939e+01 3.530578100908005723e+01 3.146217507286715076e+01 2.166113372624366562e+01 2.788739289328708537e+01 2.290175412997372106e+01 3.292012162796019936e+01 3.839525235525747604e+01 3.473220546492925820e+01 3.765125795484767934e+01 3.839049604467903976e+01 4.543291300858803794e+01 5.118509793338643732e+01 4.814744406787171016e+01 4.520154817599190267e+01 4.814744406786054043e+01 4.581119547949879234e+01 4.035330501415074878e+01
1.359999999999999924e-02 1.001359999999996298e+01 8.908203165065359030e+00 1.598638256624381349e+01 1.024882746754283147e+01 1.128066848789729448e+01 1.232700257636154717e+01 9.469141739971130178e+00 1.452023317910933287e+01 2.476024426414759105e+01 2.173667229675365675e+01 1.381215583651618495e+01 1.599599695424194934e+01 1.835981427936098598e+01 2.869426054703938433e+01 2.774888248296728932e+01 3.384782541855481952e+01 4.430089943297193145e+01 3.561245552668558645e+01 3.268236799550798111e+01 3.955592929217112186e+01 2.964314532177455774e+01 2.470276508200500132e+01 3.458823520629875503e+01 3.297256661482619222e+01 3.000746497858236594e+01 4.013095519886062590e+01 4.469847406528791822e+01 4.761044476739698439e+01 4.834965245752707119e+01 4.668504125272828986e+01 4.253200412551540666e+01 3.829896818806140857e+01 3.543982594169548861e+01 3.829896818806103909e+01 4.137981554383997462e+01 3.197542974141409644e+01
1.359999999999999924e-02 1.001359999999996298e+01 1.685518895188349831e+01 2.317797885920575496e+01 2.042860535521042920e+01 2.151849541091286966e+01 2.245998220321637362e+01 1.280470624212135178e+01 2.298447909060134009e+01 2.907679244727688683e+01 2.831263050297877726e+01 1.884761687041480371e+01 1.774957401618140196e+01 2.806487564994710837e+01 3.300017399385623662e+01 3.826581433688913592e+01 4.252801568067469873e+01 4.851646113559246487e+01 4.563843120699025491e+01 4.268631258339480894e+01 4.365676115963969295e+01 3.869468460144558009e+01 3.038636932559932546e+01 3.167831923865414723e+01 4.161339380075244776e+01 4.013095519886067564e+01 4.429547014034240249e+01 4.422803747018867426e+01 4.829095891406465313e+01 4.954808426230114549e+01 3.962584857816227668e+01 3.286066090588548860e+01 3.641530960406407047e+01 2.877618538001927107e+01 3.829896818804341052e+01 3.727914144858827683e+01 2.758740899700315197e+01
1.319999999999999993e-02 2.786523965749267973e+00 1.274342811727391300e+01 2.025390580403158580e+01 2.404765908725249091e+01 2.820961950862713152e+01 2.725240308389000532e+01 1.996370030635208082e+01 1.996370107725817533e+01 3.027922190014010440e+01 2.919018415026928892e+01 2.919025188968417694e+01 2.133008030882948347e+01 2.614825429177957261e+01 3.659286021311726245e+01 4.228899688861034178e+01 3.818401668352796463e+01 4.228901961884184857e+01 4.399862489919538433e+01 3.991311645326733526e+01 4.120571948075734525e+01 4.442657426621368444e+01 4.032809074262926430e+01 4.161339380075244776e+01 4.571104996423705558e+01 4.384843014439923792e+01 3.976240875002916653e+01 3.424259115057202507e+01 4.255548324705798535e+01 4.752847003387584834e+01 4.327271141270409771e+01 3.357488077186035724e+01 2.683963130701612343e+01 2.534772102435561436e+01 3.493215603832248917e+01 3.621151293783898950e+01 2.653031897814235407e+01
1.019999999999999900e-02 1.001019999999996202e+01 7.246995418130377509e+00 1.055574544255453695e+01 1.522983332328427863e+01 2.152652945181906929e+01 3.047215200203146068e+01 3.027900817217530260e+01 3.027924274604314547e+01 3.454371640354080597e+01 3.961755657733065306e+01 3.571552887283198174e+01 2.521825274414507945e+01 3.571552887283198174e+01 4.085933126243160274e+01 3.725954569110742653e+01 2.806360102793125222e+01 3.725930418211043360e+01 3.821697665423316437e+01 2.983656953093337805e+01 3.115075403330646608e+01 3.823142042378558614e+01 4.179679870787999363e+01 3.769926633039016650e+01 4.179679870787999363e+01 3.807507877172881194e+01 2.970666517555986630e+01 2.838673589700173494e+01 3.346266450545183346e+01 4.346319132850744182e+01 4.613645831805958863e+01 3.870111014492485424e+01 2.908471446195646948e+01 2.214566524852274654e+01 2.942336000311206945e+01 3.108909180929152072e+01 2.702885087147830845e+01
7.249999999999999500e-03 1.000724712592213983e+01 1.558144074887465713e+01 2.026675512554161074e+01 2.406341600585772156e+01 2.595362214183909089e+01 2.324721737446334302e+01 2.683605596060971976e+01 3.153042953869076825e+01 3.161140968466951762e+01 3.600323574579674357e+01 3.998905480572248194e+01 3.265262409556125789e+01 3.998905480572248194e+01 3.793697221262787167e+01 3.312380845910668370e+01 2.294948890067657032e+01 3.312375421062106540e+01 2.995042080298246390e+01 2.394268168905784933e+01 2.394268168905784933e+01 3.409838455653685685e+01 3.678405098066487966e+01 2.761860706671483356e+01 3.451339178766007620e+01 3.037579528044745913e+01 2.382833083801548923e+01 3.395671532076512023e+01 4.255533171173564710e+01 4.752847003029744144e+01 4.198726478432731568e+01 3.233635531367293225e+01 2.683963130701612343e+01 2.942336000139594177e+01 1.952135001301193284e+01 2.702883634363260512e+01 1.703791989142613517e+01
