output/example/elevation_000446.asc
nrows	75
cellsize	13.33333333
xllcorner	0
ncols	75
yllcorner	0
NODATA_value	-9999
[rows 51 to 67 of 75, columns 37 to 73 of 75]
2.437629745364004119e+00 1.098569539760627123e+01 1.214238605109379066e+01 2.437629745364004119e+00 2.437629745364004119e+00 6.986650980457861593e+00 2.702751256215612852e+00 2.923920148368672756e+00 8.893974156002732556e+00 3.256440108180706616e+00 3.256440108180706616e+00 3.256440108180706616e+00 3.513656666317307664e+00 3.775923981007528241e+00 1.227509817071004150e+01 5.715392847565655465e+00 1.316809768575245698e+01 1.427575150783491686e+01 5.558690452754970757e+00 5.785217337928736825e+00 5.960719984920042513e+00 8.022042087644118524e+00 1.529840388116555694e+01 1.927397956447290994e+01 2.676599756452323220e+01 3.104334643171150532e+01 3.236863011826250869e+01 3.635970803833605913e+01 3.197627573729332440e+01 2.768643463268810478e+01 3.197627573729495865e+01 3.543978732688584898e+01 3.543978697562558011e+01 3.945029707596170709e+01 3.808015634003076855e+01 3.808015634003081828e+01 3.738174417347699574e+01
9.078278279377855142e+00 1.275589989055492346e+01 2.863841798230521984e+00 1.214235118019803572e+01 1.121321540211249967e+01 8.362353489440879528e+00 2.702751256215612852e+00 1.236427361685325366e+01 1.062235760015378716e+01 1.453635882845233418e+01 7.051098798641111109e+00 1.055104578451947717e+01 4.907906474231827687e+00 4.798937163333054201e+00 1.299370271629195805e+01 1.618425763776145843e+01 1.956259753014736447e+01 1.469495777812549697e+01 1.473709984289893882e+01 7.396247120199250347e+00 9.845276241865683176e+00 6.224316567616036799e+00 1.109577430033640688e+01 1.880741070545062854e+01 2.024518435732921517e+01 2.606172892318776135e+01 2.247129937065507477e+01 2.665441714915619187e+01 3.644278091559274202e+01 3.616352604688182737e+01 3.261923422273167006e+01 2.578814400395640050e+01 2.578814400388558781e+01 3.543978697562416613e+01 2.843545303822054748e+01 3.630562507852151555e+01 3.181063062802002506e+01
1.901170383772694805e+01 1.714985982845531254e+01 1.287256393106998331e+01 3.564665063169750070e+00 1.342135185640766082e+01 1.377007041318307401e+01 4.909048228854228313e+00 1.473369135926382967e+01 1.859506267224793064e+01 2.104764487407880935e+01 1.166232723034745788e+01 1.951928598010097105e+01 1.611689660982958472e+01 1.417795508638712754e+01 6.033061302954799920e+00 1.552814730998654191e+01 2.116590701339205083e+01 2.458715900936361010e+01 2.102422944254191606e+01 1.072179020601977228e+01 1.760940454303654690e+01 1.570317592539453599e+01 6.611024173580084984e+00 1.505339378255286675e+01 1.375566512514098605e+01 2.142105650743815559e+01 1.655787920322308793e+01 2.665442430938573537e+01 3.409599231306866329e+01 2.648989212935742898e+01 2.648989212935795834e+01 1.887637176201397082e+01 2.861504481654187870e+01 3.035269740802703353e+01 2.362265386199214845e+01 2.666757074892932522e+01 3.630562507852151555e+01
2.319856623503121895e+01 1.508195282044675167e+01 9.432267507887523550e+00 4.078844222207121284e+00 1.432891932285441783e+01 1.669749257291771372e+01 7.325871846594010250e+00 1.669752082614653688e+01 2.385838711806361800e+01 2.671705083175667284e+01 1.941637251280178944e+01 2.613276828646402095e+01 2.071971108125945449e+01 1.098072491654836824e+01 1.552801210044252400e+01 7.416411781633517109e+00 1.424264486075687941e+01 2.403946771937411242e+01 2.444817302757137867e+01 1.561048774346201817e+01 2.444817302757137867e+01 1.949225707304054822e+01 1.299953428155611057e+01 7.137296190975998655e+00 1.666718344144461383e+01 1.151854611817730145e+01 2.152585384695715831e+01 2.965232245260115462e+01 2.444265751664100961e+01 2.446134125757084732e+01 1.665612692648069881e+01 2.648989212935795834e+01 1.887637176201397082e+01 2.067785800417379605e+01 3.035269740802708682e+01 2.876795537062409380e+01 3.558314494508802994e+01
2.628472244420612824e+01 1.902053956422722081e+01 1.443198636217530506e+01 4.606509591850717733e+00 1.443237479426567127e+01 2.072417811168881485e+01 1.669752177333086607e+01 1.055300683302898257e+01 1.693453855096464977e+01 2.660390440234854026e+01 2.992065926026590006e+01 2.772612725625006291e+01 1.791235890500545125e+01 2.078630400879080398e+01 1.827171498681817141e+01 8.495154929787588571e+00 1.826970950374034075e+01 2.436473497705884839e+01 2.865350024865723100e+01 2.201582008785512201e+01 2.865346444224585198e+01 2.519349458652853002e+01 2.000250322008808013e+01 1.609790191929580416e+01 7.711729498492248425e+00 1.723346675677485962e+01 2.358791872767602626e+01 2.433574272279170003e+01 2.261927646383208668e+01 1.454945053374446573e+01 1.906601848978398905e+01 2.878117141560474934e+01 2.861504495482623156e+01 2.752810984470143651e+01 2.752810984470144007e+01 3.717185501151822535e+01 3.558314494508802994e+01
2.232856209945456527e+01 1.238972602198795059e+01 5.352481373444970991e+00 1.442660174149292196e+01 1.443126945745504486e+01 2.418014611341151721e+01 2.385979014155395106e+01 1.976959389788564891e+01 1.413619901523644451e+01 2.075740556670806569e+01 3.065401754878857687e+01 3.179349337940486109e+01 2.772599016505700220e+01 2.766607257102365480e+01 2.040962317268143877e+01 1.057003196177722337e+01 1.045316836723742249e+01 1.744497458004531154e+01 2.728926766545083282e+01 3.120231388937416384e+01 3.112672261929734674e+01 2.114551065222099169e+01 1.370972479235712882e+01 1.042338674452928871e+01 8.128573240158148749e+00 1.608093706617362173e+01 1.961413012779857112e+01 2.070676047615719995e+01 1.268145175932018454e+01 2.262121128880537313e+01 2.446134125757099653e+01 2.698578758185057680e+01 3.638540660231065971e+01 3.717185501146050086e+01 3.717185501151822535e+01 4.118471945196070294e+01 4.524705951613759680e+01
1.660200467323676676e+01 1.485862003946394339e+01 5.882900374682301425e+00 6.838605522993336905e+00 1.800546859266327360e+01 2.020936592089399753e+01 2.986436943715230541e+01 2.780577978894183744e+01 2.075740556670806569e+01 1.948947086762933267e+01 2.639906755036874486e+01 3.646632194543508376e+01 3.129672800291740131e+01 2.365978509513673700e+01 1.386300561470030424e+01 2.040964453999743000e+01 1.193377452216927814e+01 1.768818704395701502e+01 2.461328669217824938e+01 3.430363674930789131e+01 3.112672371707205343e+01 2.114551065275819397e+01 2.021689396063294453e+01 2.069458744824354213e+01 1.442034901276406345e+01 8.734167859296924519e+00 1.848256998566761311e+01 1.093749535909822335e+01 2.084892159950594959e+01 2.665184263862541769e+01 3.416800774439110455e+01 3.638540660231065971e+01 3.666386709928718091e+01 3.705501550604344629e+01 4.116817958376321229e+01 3.954712591504664942e+01 3.954712591504664942e+01
1.918896215871897581e+01 9.253130441004969953e+00 6.391643094756965127e+00 1.371571688089705710e+01 1.020596277975657884e+01 2.021075389600880001e+01 2.646363192272951892e+01 3.052509160832003587e+01 3.065401754894364217e+01 2.639906730530872281e+01 3.354284256834657896e+01 3.551020574903218119e+01 2.728762399829096452e+01 1.763014328196794267e+01 2.365978509513673700e+01 1.456220507546746745e+01 2.181887804937233710e+01 1.664469973792365920e+01 2.358892642567546005e+01 3.330016264345469068e+01 3.515122779469590597e+01 3.112672371707205343e+01 3.044538433564345326e+01 2.674966459271939456e+01 2.096259905574565607e+01 1.776873902014427031e+01 9.355958668318448801e+00 1.929488523170095959e+01 1.786166800320280856e+01 2.462023587935408386e+01 3.408896959385644720e+01 3.341989089633113252e+01 2.663190796739046817e+01 2.745973851316640335e+01 3.397533128486251996e+01 2.989649452622828818e+01 3.666123445580564066e+01
1.437389395585104346e+01 1.576424813128140912e+01 6.889758740169454221e+00 1.658859207550826298e+01 2.020792390868339083e+01 1.401411104779768024e+01 1.683929469852964900e+01 2.646363192272951892e+01 3.573374599928048667e+01 3.646623995305099442e+01 3.700392210549861005e+01 2.747820459602158394e+01 2.199338527697833356e+01 2.728762399829096452e+01 2.627280666579533985e+01 1.647041641141406032e+01 2.627279800213232264e+01 2.643328166015859182e+01 2.286559743284245272e+01 3.257240718873600116e+01 3.292357374943544102e+01 2.878324733491838927e+01 2.502902490135533142e+01 2.688513593022536341e+01 2.272217884669396781e+01 1.967242308631812975e+01 9.854380439361252186e+00 1.508534830123929638e+01 2.459933554076803830e+01 3.134957891639069416e+01 3.060614340078444329e+01 2.659840812605996163e+01 1.975763626896531733e+01 2.196913940271805643e+01 2.444774614874410545e+01 2.866149368547408116e+01 3.414056463175621303e+01
2.208712154919754411e+01 1.711835591782876520e+01 7.381536103721089148e+00 1.383393816957841338e+01 2.271530205821391846e+01 1.996552678179001461e+01 2.646363137927345832e+01 2.195298625246840629e+01 2.750631257629255444e+01 3.729464712405797400e+01 4.105252184132756810e+01 3.551020524174037973e+01 2.674908325585530733e+01 3.264395552201670370e+01 2.363052015609457968e+01 1.861197937008911651e+01 2.425602480417978057e+01 3.393597854084448073e+01 2.971706799314959824e+01 3.664325261762019181e+01 2.884943543440388680e+01 1.908484594883162799e+01 1.416044550931106549e+01 2.273792559906964428e+01 1.136150726328193628e+01 9.854380439361252186e+00 1.275830755538090244e+01 2.069204695698194385e+01 2.728188338327505491e+01 2.809299605341028183e+01 2.406705862138338503e+01 1.680573620766003984e+01 2.659840887681676946e+01 3.151531938074518990e+01 3.397533128486252707e+01 3.805717765648858375e+01 4.240244937478561837e+01
1.222554201015577391e+01 8.075483488946545663e+00 7.886025358123377238e+00 1.689838891961688105e+01 2.328072943291719810e+01 2.994077019229967718e+01 3.439358970702389229e+01 3.164334883805419452e+01 3.573374599928048667e+01 4.140987359085024622e+01 4.306214495769107486e+01 4.030181888711179994e+01 3.343115687060510766e+01 3.604660532483075031e+01 2.761982637878033842e+01 2.094797326166567686e+01 3.069640671747084681e+01 3.800800292561525140e+01 3.946580580067720234e+01 3.862850764902621137e+01 2.884943543291073098e+01 2.878324766661196676e+01 2.502902478324575242e+01 1.416044550931106549e+01 2.273792559906964428e+01 2.069105730255911979e+01 1.067287041703784922e+01 1.961237009477281035e+01 2.170562977420987139e+01 2.170562992344062536e+01 1.405760881918349270e+01 2.123650507670439680e+01 2.659840869337901381e+01 3.624115669917127747e+01 3.799571576374226822e+01 4.224815180214244492e+01 4.251418858235400933e+01
2.207464734894297465e+01 1.808388273634833254e+01 8.402496368243674851e+00 1.369152740812053182e+01 2.301242536107911363e+01 3.249911866677060601e+01 3.249913603206486812e+01 3.656061795477088339e+01 3.603091514363253367e+01 3.532711317874993995e+01 3.358870621258419931e+01 4.306214495769107486e+01 4.308726465296145847e+01 4.078809350752331397e+01 3.362998327716299940e+01 2.389984005243476872e+01 2.890451196059670735e+01 3.867577845221814670e+01 4.434625003298060619e+01 3.868878941601800392e+01 3.433510472400202929e+01 2.761074609468818508e+01 1.744517220478594410e+01 2.502902478324575242e+01 2.502902478324559610e+01 2.523273582412920391e+01 2.036455854906377994e+01 1.154114898870063755e+01 1.154114898870063755e+01 1.154114898870063755e+01 2.170562992344062536e+01 2.809301264922726205e+01 3.494949499698734030e+01 3.522403209529596069e+01 2.693355057832316390e+01 3.506812171924242705e+01 3.198385983820471168e+01
2.395065815299673062e+01 1.872857405362917405e+01 8.938280082976890029e+00 1.837903156305968366e+01 2.336291390462603346e+01 2.277287493683739683e+01 2.277287495254393690e+01 3.249913769647789508e+01 2.729518265111044428e+01 2.667307537440193244e+01 3.247188667811523288e+01 3.547570992987579785e+01 3.951196304101500800e+01 4.433338348457020572e+01 3.687254000213728489e+01 2.714487388938905355e+01 3.687254000213728489e+01 4.279230228716473050e+01 4.025580700084819341e+01 3.047233454065424851e+01 2.491149151989656119e+01 2.049014819946704691e+01 2.761074609934395951e+01 3.167682741426484228e+01 3.490985535038714005e+01 2.823673662146788033e+01 2.275384079583981389e+01 1.262890212254306377e+01 2.170562979010729165e+01 1.154114898870063755e+01 2.170562992344062536e+01 2.574899370637587026e+01 2.685894924445520004e+01 2.383965354511204282e+01 1.977296716389881581e+01 2.359541906533012323e+01 3.058236309554196808e+01
1.992200800626142154e+01 1.012837666692307614e+01 1.675296057396778338e+01 9.950505844326002602e+00 1.973755779518394959e+01 1.590030901597816992e+01 2.562140311345547161e+01 2.985371540234402943e+01 2.211857182601968930e+01 2.885156188150029877e+01 2.398148435246307386e+01 2.646427057284679307e+01 3.069755569435136877e+01 4.025390643468919905e+01 4.096812096355483845e+01 3.198578292234204667e+01 4.096812096355483845e+01 4.354105651919676490e+01 3.369582706745270428e+01 2.811247170959009978e+01 2.381790437419305917e+01 3.027285813493692146e+01 3.434047880877751169e+01 2.977631543888658427e+01 2.576366880005319615e+01 2.424567470905012811e+01 1.425243666248156238e+01 2.275585230418070637e+01 2.170563005677395907e+01 1.154114898870063755e+01 1.154114898870063755e+01 2.170563005677315971e+01 1.295500233101468979e+01 1.539382682161050120e+01 2.728707392679668686e+01 3.506812171924242705e+01 3.935620231187528617e+01
1.133685287987652757e+01 1.992200800625422374e+01 1.746477925533888964e+01 1.973805384479602054e+01 1.097877693393266441e+01 2.076119959593050979e+01 2.586583798136771151e+01 2.444922470800783287e+01 1.962432485632089652e+01 2.084757101569460502e+01 2.885156188150029877e+01 3.547570992987579785e+01 3.951193210987050008e+01 4.433250627597821847e+01 4.588067353897052669e+01 4.175930737559999528e+01 4.588099543137112590e+01 4.765708767641891086e+01 4.196166054589615868e+01 3.630179104293883086e+01 2.659128528469739905e+01 3.630193597444084475e+01 3.372106689284780145e+01 2.576334957512474233e+01 1.592494996904987836e+01 1.592494996904987836e+01 2.349736076311096511e+01 2.363814274034558593e+01 2.574899370814782884e+01 1.756482406997611889e+01 2.170562962526708972e+01 1.295500233101468979e+01 2.305534457537751081e+01 2.209993636208959344e+01 2.829730247678270771e+01 3.334515027067006798e+01 3.739737507597489952e+01
2.113022753667113562e+01 2.517938131915099831e+01 2.617022112219451913e+01 1.950495675168302157e+01 2.076119959595795450e+01 1.204703778758401000e+01 2.182488245580964303e+01 1.574098138221080845e+01 1.791114825897302154e+01 2.722958492436046996e+01 2.885156234144677612e+01 3.790147686925621429e+01 4.188206537756276049e+01 4.060124838807713132e+01 4.467789934009014985e+01 5.037120079553263707e+01 5.317380769529211904e+01 4.323895881706357613e+01 3.626696356853798164e+01 3.139598554277397113e+01 3.630193597444084475e+01 3.653269328237272617e+01 2.688073079973774071e+01 2.008714568523270927e+01 1.592494996904987836e+01 2.576366863930767792e+01 2.940998159852571092e+01 3.236005176782069270e+01 3.142565067316533600e+01 2.739675521742543296e+01 1.948717350028489648e+01 1.727106791757001858e+01 1.471939462697192624e+01 2.459024367609196915e+01 2.029950558238879310e+01 2.390707683904782144e+01 2.857412372795447197e+01
1.257395513346461158e+01 2.071391463151320522e+01 3.146983648696989988e+01 2.822817308749927889e+01 2.417888838197108470e+01 1.385640495987712661e+01 1.324670936508607788e+01 2.296813550869684661e+01 2.628440530303420530e+01 2.921848860506388945e+01 3.455699126696833190e+01 3.897680881585711887e+01 3.201547981260540610e+01 3.073557082255925721e+01 3.642567471649164901e+01 4.630535069781393531e+01 5.148791245940874006e+01 5.027521142145423738e+01 4.532254789716175480e+01 4.120788468774615865e+01 4.532254789728182232e+01 3.934184087856744583e+01 2.968495765089545202e+01 2.692686454266166152e+01 1.719966911386672237e+01 2.639749312476663334e+01 2.963558915426979112e+01 3.755801255610913358e+01 3.599299432275757482e+01 2.637958461792054976e+01 2.423607094756526692e+01 2.704589243083075090e+01 2.459024396327396644e+01 1.649781379886976396e+01 2.619539983469836031e+01 2.577030347588487302e+01 3.525236403691456388e+01
