output/example/elevation_average_000004.asc
nrows	75
cellsize	133.333333333
xllcorner	0
ncols	75
yllcorner	0
NODATA_value	-9999
[rows 51 to 67 of 75, columns 37 to 73 of 75]
1.995747984164981688e+02 1.996702274896227891e+02 1.997083458089894350e+02 1.996550347527435463e+02 1.995090814526629686e+02 1.995777330809940509e+02 1.997259260813842729e+02 1.997145182309773759e+02 1.996152573654826199e+02 1.997615768071907212e+02 1.998211979510315359e+02 1.999448015352214156e+02 1.998304552002470871e+02 1.996951519124581296e+02 1.996517957242193972e+02 1.996783986719525501e+02 1.996281557676945511e+02 1.997065911379495446e+02 1.997331312355826185e+02 1.996069321679314896e+02 1.998243334447844006e+02 1.997440472266504798e+02 1.997932222796232224e+02 1.997434913875312930e+02 1.997657856212886713e+02 1.998124262762118519e+02 1.997047925761304441e+02 1.995474840501655081e+02 1.995343018475519443e+02 1.995158093941282402e+02 1.996823054380911060e+02 1.996091173768277542e+02 1.995377305777666095e+02 1.995609582329392993e+02 1.997048160488991471e+02 1.995242555420842052e+02 1.995370911481199698e+02
1.997549452302251893e+02 1.995314552760774234e+02 1.996749087077932074e+02 1.995637230822839854e+02 1.996502500467775576e+02 1.996094834493652854e+02 1.995188789029832321e+02 1.995240010537415571e+02 1.995986519150218044e+02 1.995748431280301247e+02 1.997711743266272606e+02 1.998733354783970242e+02 1.998732836624479319e+02 1.997809707292112478e+02 1.995629233071151134e+02 1.996953590307092554e+02 1.996944965891872528e+02 1.997703385197934267e+02 1.998502505884552818e+02 1.996279628283608361e+02 1.997132521258201905e+02 1.997484566045925760e+02 1.996445578264912228e+02 1.997016066529990610e+02 1.996494922464875401e+02 1.996643865005609655e+02 1.995999991612026463e+02 1.996492186386245180e+02 1.995214653728283452e+02 1.996523126822707752e+02 1.997076093365398037e+02 1.996317397892312044e+02 1.995310335896769516e+02 1.996965986362891954e+02 1.995671741539130153e+02 1.996544527573538232e+02 1.995894988682555322e+02
1.995406757449025577e+02 1.997388742658955323e+02 1.995660531299495801e+02 1.997722564219349692e+02 1.997127494895956659e+02 1.996395221455880176e+02 1.995122635485609237e+02 1.995846727235125115e+02 1.996828478465047851e+02 1.997727747946114789e+02 1.997659259831499696e+02 1.997360312052491622e+02 1.997891737222477673e+02 1.996024146665172623e+02 1.995437078610183335e+02 1.997410120110490936e+02 1.995363036459054911e+02 1.997692626863810403e+02 1.996743543680104267e+02 1.998041746726626684e+02 1.996842893585338174e+02 1.998585006667809694e+02 1.996413920394251988e+02 1.997610857450845288e+02 1.996893787238106199e+02 1.995797323257354208e+02 1.996795235077343875e+02 1.998310201006306386e+02 1.997439011924481349e+02 1.996642280903694768e+02 1.996967339626154399e+02 1.997330156346081935e+02 1.996470858122787035e+02 1.995435332986504022e+02 1.995875619345448229e+02 1.997938591754452773e+02 1.996111514557179589e+02
1.995816130876524426e+02 1.996420275868968304e+02 1.996047869542447302e+02 1.995315985616290106e+02 1.996650156261420932e+02 1.996449615753253113e+02 1.996091889490357403e+02 1.995290029137291867e+02 1.996675617648952823e+02 1.997855336334752110e+02 1.996574955726769929e+02 1.996511170956532055e+02 1.995914303518143811e+02 1.997970429073762659e+02 1.996947413766122281e+02 1.996551096765242335e+02 1.995339541975068585e+02 1.997364432966765264e+02 1.997821684755503782e+02 1.997373628322805530e+02 1.997640420244564439e+02 1.997183969716127194e+02 1.996898104773214868e+02 1.995562994447537903e+02 1.996387146311751053e+02 1.997650636723432456e+02 1.996887428434543494e+02 1.998027645885012760e+02 1.997915641867762702e+02 1.998522478734452648e+02 1.996723193182869807e+02 1.998250958881676809e+02 1.998226294680845001e+02 1.996018501158767720e+02 1.995685346692064286e+02 1.997766925701103276e+02 1.995909113011475995e+02
1.998169602314090412e+02 1.997601019832262352e+02 1.995384981210208650e+02 1.996994671589027348e+02 1.995121735023008398e+02 1.996923404313171204e+02 1.997196866127401620e+02 1.997356831948185345e+02 1.996644926970324150e+02 1.998515766299948098e+02 1.997219678586846499e+02 1.996688786507419024e+02 1.997150999020465747e+02 1.995835790768362017e+02 1.996096978178045447e+02 1.996121464148685902e+02 1.995539316833082069e+02 1.997302777672290404e+02 1.997300372285194783e+02 1.997258473398368039e+02 1.996483831408663434e+02 1.997125953913972296e+02 1.995660672151565791e+02 1.995555258983654028e+02 1.997179146479133465e+02 1.997335092539301229e+02 1.995665337161764512e+02 1.997614911533659381e+02 1.995969948092181880e+02 1.997847246229154905e+02 1.997542243847536270e+02 1.997019503276498256e+02 1.998548327791939414e+02 1.998127551676016083e+02 1.996680505329954087e+02 1.998256673942399857e+02 1.997152909692012202e+02
1.997419405003224142e+02 1.995865003186910940e+02 1.997562124386166715e+02 1.996898904221024225e+02 1.995074397521726155e+02 1.995034256428045296e+02 1.996065653596702703e+02 1.996819005704182928e+02 1.995490441014992484e+02 1.996747521953755609e+02 1.997242765984983635e+02 1.995679691329397372e+02 1.997686737958093488e+02 1.996918792988275868e+02 1.998077590629977465e+02 1.995745839744943453e+02 1.995763844323885792e+02 1.995867661476411001e+02 1.996891092868797557e+02 1.995796130647798350e+02 1.995181065381818257e+02 1.996307720342660446e+02 1.995865922096269003e+02 1.995636632351191224e+02 1.997791368329518207e+02 1.995498878238965972e+02 1.995392230185239555e+02 1.996084571266806904e+02 1.997236916456355971e+02 1.997782096131056733e+02 1.996650542012025937e+02 1.997605442345753772e+02 1.997051597142629191e+02 1.997283701919284340e+02 1.998469482891397604e+02 1.998266967493339052e+02 1.996442409302531189e+02
1.997454305843333771e+02 1.996897777266096341e+02 1.996587921322113459e+02 1.996467799738528299e+02 1.995773634580681630e+02 1.997408969990998457e+02 1.997630371708700068e+02 1.995360861690217007e+02 1.996597324857098954e+02 1.995933720597962804e+02 1.995381079719741706e+02 1.996350703531225008e+02 1.996183443827800090e+02 1.996874979556547487e+02 1.995967191430709988e+02 1.995526909919982472e+02 1.995378495242875090e+02 1.996691054387032693e+02 1.997451817443548805e+02 1.997065676481699370e+02 1.995430343867866725e+02 1.995475384467837330e+02 1.997140104107735965e+02 1.995958408194168783e+02 1.997748786205772831e+02 1.995515442043451628e+02 1.995381122784116030e+02 1.997324412626886385e+02 1.996366074593492499e+02 1.997022231825639267e+02 1.996041026566989842e+02 1.996722281406590298e+02 1.996383074645492286e+02 1.998295377304809790e+02 1.998375772143060374e+02 1.996279025625028964e+02 1.997454370094322371e+02
1.996093417948976310e+02 1.998044500863747714e+02 1.997482313823020661e+02 1.995978808119177472e+02 1.997531514530550680e+02 1.997079347031417740e+02 1.995724667584985923e+02 1.996808820291994664e+02 1.996553032037321032e+02 1.996095267467661358e+02 1.997414828350384823e+02 1.995356253928181900e+02 1.995457415115583615e+02 1.997467966952687846e+02 1.998193395027274448e+02 1.997747849678087846e+02 1.996263102343662581e+02 1.996311444795431953e+02 1.996212111757661773e+02 1.996655589535935462e+02 1.996237656423844555e+02 1.996751542728210325e+02 1.998113375625557921e+02 1.997000083269257686e+02 1.997407406731341553e+02 1.995533571279303544e+02 1.997064455165897243e+02 1.996391547317896311e+02 1.996176423607197705e+02 1.996784042554380676e+02 1.996589785852705745e+02 1.995922997901894576e+02 1.995941531533547106e+02 1.997231991407469138e+02 1.998348578323642073e+02 1.997111568816197860e+02 1.997149439832911924e+02
1.997003787011155964e+02 1.997162153402512672e+02 1.997774660333580243e+02 1.996453789157024516e+02 1.997401154362992770e+02 1.996260715831044195e+02 1.995683662112946024e+02 1.997809826499451731e+02 1.997426057532241543e+02 1.996394484351693563e+02 1.996670307165283589e+02 1.995814371111917751e+02 1.996324595561944477e+02 1.997015062741370173e+02 1.998778328180302424e+02 1.997438997200114272e+02 1.997294010871517571e+02 1.995615496313335484e+02 1.996581015568921202e+02 1.996871858369573260e+02 1.997604471229365402e+02 1.996953538120334315e+02 1.997953304990789434e+02 1.998785174000162783e+02 1.998406635412700041e+02 1.996499271258158501e+02 1.997460207080759460e+02 1.997177767652161151e+02 1.997605103393975412e+02 1.997639449494053281e+02 1.997726731715345920e+02 1.996570593017760871e+02 1.995824950133497850e+02 1.997249485610591364e+02 1.996715697997529446e+02 1.998017545626541391e+02 1.996981197170351550e+02
1.996346754617436829e+02 1.995042503766954667e+02 1.995445427219166277e+02 1.996624865515662179e+02 1.995152844607169698e+02 1.995305822483484803e+02 1.997116832320962487e+02 1.996693705542425903e+02 1.998139271614823258e+02 1.996408088538338461e+02 1.997230073614738046e+02 1.995224873955465625e+02 1.995703266264806643e+02 1.995970419232261293e+02 1.997817454764015110e+02 1.996512782776228789e+02 1.996017402629944968e+02 1.995734232985649612e+02 1.995634041947125183e+02 1.997188794538303114e+02 1.997688475493658302e+02 1.995858330659032163e+02 1.997965427246825527e+02 1.998083052963055195e+02 1.996622817389364002e+02 1.996495705892706951e+02 1.997542662819902830e+02 1.997979460952974478e+02 1.997505305659697399e+02 1.997783737965157798e+02 1.997925023361343051e+02 1.997934617361894425e+02 1.996062367340393848e+02 1.996272252899054820e+02 1.997140019460154576e+02 1.995667810776263593e+02 1.995093619914841838e+02
1.995999183758596303e+02 1.995167658579526631e+02 1.997063772613859669e+02 1.997791671403157920e+02 1.996684453044115344e+02 1.996781436134733667e+02 1.995298761633148672e+02 1.996186533562262468e+02 1.995983649253350052e+02 1.995649333025969554e+02 1.997236298858427404e+02 1.996865261726810843e+02 1.997834210213658253e+02 1.997431395648183639e+02 1.996849446191000368e+02 1.996528604575695454e+02 1.996988158761803334e+02 1.997886297683764099e+02 1.995662611662651500e+02 1.997577489132499124e+02 1.998093347301159213e+02 1.997324701512890215e+02 1.997569560657888985e+02 1.997695415677051756e+02 1.996244860589087011e+02 1.996504586759574522e+02 1.997971538425959750e+02 1.997304861407660042e+02 1.997194145030571519e+02 1.995745665962612918e+02 1.996328318377060214e+02 1.998641275234519412e+02 1.997288973152501512e+02 1.997820774679175599e+02 1.997957639197096000e+02 1.996841659631985806e+02 1.995449940054540718e+02
1.996584636822840935e+02 1.995867310134074160e+02 1.997362113598807127e+02 1.995665518822744104e+02 1.997704603317785939e+02 1.995707982942546721e+02 1.995327150788149311e+02 1.997673668631072701e+02 1.997853550703467818e+02 1.995566481938866161e+02 1.997159726673248201e+02 1.998326103130826539e+02 1.996145507793433751e+02 1.995393678552266010e+02 1.995510126056223328e+02 1.996121402614978706e+02 1.997173168633783575e+02 1.997447762597879546e+02 1.997752091859219092e+02 1.996612538545462598e+02 1.996165789227050027e+02 1.997342142712365671e+02 1.995867007262409345e+02 1.997414805253025065e+02 1.997641211200833880e+02 1.995775737866081840e+02 1.996953872832337140e+02 1.995211879968491360e+02 1.995407627322193775e+02 1.996052293080708466e+02 1.995945837134997873e+02 1.996857708225500119e+02 1.996860620836132227e+02 1.995607620889430507e+02 1.997145185469348974e+02 1.995346776234483741e+02 1.995290294827886441e+02
1.997647086155239151e+02 1.996523989920803785e+02 1.997702736999339095e+02 1.996205040419025067e+02 1.997761813560884434e+02 1.995703123877193548e+02 1.995826303103890211e+02 1.995542374569000117e+02 1.996976777093648252e+02 1.996387509144616956e+02 1.996329797187328552e+02 1.996354157467681887e+02 1.997727335785432956e+02 1.996252973103202635e+02 1.995780652362153660e+02 1.995542387123643095e+02 1.995518120039288021e+02 1.996224476105232952e+02 1.998272789680557651e+02 1.997682416943021622e+02 1.997955964708262115e+02 1.996087376577239354e+02 1.995673406785497264e+02 1.997825599608701737e+02 1.996612691644972131e+02 1.996542722003408699e+02 1.995890076901177110e+02 1.995398751190773226e+02 1.996843489390747095e+02 1.996248972670737203e+02 1.995196459110971148e+02 1.996681173826844713e+02 1.995926827761355185e+02 1.996807946112505192e+02 1.995326714845063805e+02 1.997593746272879685e+02 1.996422566951730175e+02
1.997674991574544094e+02 1.998117212656331674e+02 1.997807339179273640e+02 1.996150413697856436e+02 1.996254900434816193e+02 1.997512986873358614e+02 1.995180427228237079e+02 1.995568140705601081e+02 1.995321374826584702e+02 1.997397010469230736e+02 1.996009334601402543e+02 1.997461467081293449e+02 1.996299153100735850e+02 1.996547962010819219e+02 1.995988816215129305e+02 1.995058952642558836e+02 1.995794211556876689e+02 1.997852501095495370e+02 1.997499301849041444e+02 1.996498857027102076e+02 1.996617729745819076e+02 1.995573941402038258e+02 1.997415648375026365e+02 1.997951267272581504e+02 1.997033840302052283e+02 1.998399590683518170e+02 1.997895517601109248e+02 1.995828194418203339e+02 1.997276819402055708e+02 1.997641945958321230e+02 1.995641718086726826e+02 1.995983955462135384e+02 1.997448659676360592e+02 1.995569734280053922e+02 1.997638227943604647e+02 1.995354148810952779e+02 1.996804351650412457e+02
1.995787022691193897e+02 1.996869196695650714e+02 1.995440446146161548e+02 1.997412291239161561e+02 1.996909307774178899e+02 1.995505329354659239e+02 1.997203487547749603e+02 1.996909790549360366e+02 1.996763992961134875e+02 1.997283944097603410e+02 1.996881274346565363e+02 1.996692699219333633e+02 1.995433804106333184e+02 1.997081810868349976e+02 1.995769433049119073e+02 1.995094737305655883e+02 1.996402880727186187e+02 1.995666954321680464e+02 1.995465218270760204e+02 1.995428930741615545e+02 1.997721155175102865e+02 1.997320543569503570e+02 1.997612654134841534e+02 1.997811929110005167e+02 1.996703620216975708e+02 1.996094192437434458e+02 1.996268601115459376e+02 1.996168261410926732e+02 1.996554367338827376e+02 1.995968968364180682e+02 1.995710415619709295e+02 1.996783898748224715e+02 1.997618781959580474e+02 1.995849754188959082e+02 1.997205047955764883e+02 1.996546365461140908e+02 1.996834775684160945e+02
1.996778331181400858e+02 1.995326623335962779e+02 1.997321973248841402e+02 1.995621810984372075e+02 1.996542658065411899e+02 1.995929748165000319e+02 1.996939203809016874e+02 1.998326577787000815e+02 1.997169707830657330e+02 1.997345916284536713e+02 1.998096489083149265e+02 1.995892140188475139e+02 1.997192345246651826e+02 1.997179356591743158e+02 1.995589422169944100e+02 1.996958753767790142e+02 1.995850872589606411e+02 1.996469223987686803e+02 1.997248934198981090e+02 1.996130138229343345e+02 1.996778742616198485e+02 1.996692386978064917e+02 1.997085208596363657e+02 1.996651695454339688e+02 1.997677288814275869e+02 1.995658863013168229e+02 1.995456677449660958e+02 1.996977447908519707e+02 1.997271536935220126e+02 1.997073156236330647e+02 1.997526255704736400e+02 1.996616695300986351e+02 1.997807107586404811e+02 1.996821349706694377e+02 1.996439874123286700e+02 1.995896951506578318e+02 1.995182596772468173e+02
1.997570610200942838e+02 1.997397767463898219e+02 1.996887334466806578e+02 1.995728204341288006e+02 1.997122855641084982e+02 1.997035202368416549e+02 1.996220412704076352e+02 1.996249800869071009e+02 1.996562833732317017e+02 1.997136283953518898e+02 1.998285037462626974e+02 1.996520281322168842e+02 1.998512427308557449e+02 1.998649623356618292e+02 1.997867746454286930e+02 1.997325269659312141e+02 1.995722430218910119e+02 1.995234584892931764e+02 1.995787277813840035e+02 1.996097778394135105e+02 1.997014751658843750e+02 1.995909875067809196e+02 1.997718665082887810e+02 1.996537749384457072e+02 1.997616811283045308e+02 1.995493750939370443e+02 1.996755263076447591e+02 1.996018569440793442e+02 1.997620629038007962e+02 1.995310548977743395e+02 1.996103690416416327e+02 1.996678254482057184e+02 1.995603972131017088e+02 1.996355407742604484e+02 1.996125710728260287e+02 1.996197976676650114e+02 1.995026158211134941e+02
