output/example/elevation_000323.asc
nrows	75
cellsize	13.33333333
xllcorner	0
ncols	75
yllcorner	0
NODATA_value	-9999
[rows 34 to 50 of 75, columns 0 to 36 of 75]
4.159999999999999636e-03 1.000415999999996330e+01 1.550327481488402448e+01 2.257557426788793009e+01 2.337831707209157273e+01 1.872241716202393391e+01 1.872237320122210491e+01 2.872873300473313662e+01 2.595952065568794964e+01 2.066448062232019112e+01 2.568334163238229806e+01 3.273235371067138288e+01 4.255341213265126754e+01 4.573111363258269080e+01 3.577618463325282505e+01 2.872549850768677970e+01 3.127216913870485371e+01 2.126544385218891975e+01 2.068085388664840352e+01 3.069285139765754167e+01 3.476665002913309621e+01 3.889088887513494797e+01 3.770825363671311692e+01 3.129460580017450511e+01 2.122453357623624015e+01 2.304475606476310290e+01 2.807190986439480795e+01 3.812092508370313482e+01 3.881782104243896470e+01 4.286969435864591560e+01 4.335300952413707876e+01 3.231900454345174012e+01 3.555078977864832268e+01 3.342515050380380615e+01 2.710239766546497364e+01 1.805500686597572368e+01 1.640927088032824344e+01
3.329999999999999627e-04 1.361160635152937504e+00 8.432789079600627957e+00 1.480957796030997109e+01 1.337063690976712316e+01 1.164272506250514994e+01 2.008088098200605032e+01 2.217487820943799903e+01 1.593403661744061672e+01 2.595952065568794964e+01 3.476572770161489245e+01 3.965505489648960236e+01 4.024284352062650072e+01 4.444245127395389261e+01 3.869191583092948861e+01 2.872549850768677970e+01 2.164089370109494226e+01 1.805941373286893281e+01 1.805941373286893281e+01 2.810776475616381376e+01 3.435263180637797120e+01 3.555163750014377655e+01 3.354644317133946885e+01 2.347497488657557341e+01 1.764003725176176474e+01 2.773779611835851355e+01 2.862071405279046132e+01 3.191621058212358619e+01 2.905746992724493794e+01 3.881782104243896470e+01 4.752499479246507263e+01 4.335300952413707876e+01 3.758130322675841484e+01 2.813084209061243257e+01 2.171577377058465785e+01 2.559698483961298621e+01 1.640927088032824344e+01
1.129999999999999928e-03 1.000112999999996255e+01 3.361161175839850745e+00 4.804538223115942586e+00 6.295255332045772256e+00 8.063051647272121869e+00 1.006320679305402166e+01 1.214890624858042045e+01 2.217487890676725470e+01 2.595952065568794609e+01 3.594843301850095685e+01 3.853634218229025521e+01 2.997549763416527568e+01 3.853634218229025521e+01 3.643749331890163035e+01 3.576598812216762013e+01 2.810776462280034238e+01 1.805941373286893281e+01 2.583226300838915179e+01 2.434558876916455361e+01 2.434558876916454651e+01 2.555403682390623743e+01 2.654262618102197990e+01 2.247426865414001185e+01 1.536310776417488100e+01 2.437240929976215753e+01 1.865772102279694167e+01 2.202996708646118407e+01 2.778621705708398792e+01 3.471388883707952289e+01 4.442380377886127718e+01 4.548294185598106054e+01 3.580545046925095676e+01 2.915904464925308304e+01 2.559698497313419097e+01 1.640927088032824344e+01 2.430990813595134981e+01
3.329999999999999627e-04 1.000033299999996217e+01 1.336450904112181703e+01 1.480962848822758637e+01 1.207151174338518018e+01 1.807459868970705585e+01 1.439329400805725534e+01 2.217488452585907766e+01 1.851080657802175367e+01 2.583128003358293512e+01 3.655064471400530124e+01 3.420349501832701833e+01 2.411656371128326981e+01 2.885189404263952895e+01 2.637542829595188465e+01 3.346594334631182477e+01 3.223832211886375632e+01 2.583226300838915179e+01 1.574897290534061156e+01 1.424615821039319030e+01 2.232573577972271650e+01 1.842995950200689137e+01 2.015995889335342639e+01 1.223434270905776344e+01 2.191651031346998479e+01 1.432292338214994665e+01 2.437222366599026557e+01 3.070077614191374593e+01 3.421591541069866338e+01 3.821908162194610270e+01 4.306588485722766535e+01 4.425400666350589773e+01 3.868151692748020309e+01 3.465493325072274899e+01 2.774068899052198134e+01 1.866723952020234378e+01 2.773585079882215609e+01
4.329999999999999539e-04 1.000043299999996194e+01 1.566078532707422788e+01 1.980292095080531212e+01 2.208261918135331214e+01 2.622543021946123787e+01 2.017750724881864954e+01 2.854514308964684233e+01 2.870272856747363122e+01 3.291841686797181410e+01 3.499467412193823890e+01 3.090983055300320004e+01 2.883098847044574953e+01 1.877203976664939944e+01 1.929772263644420960e+01 2.846995962878710884e+01 3.401047288575919225e+01 2.399786749935280383e+01 2.582619733223358338e+01 2.232571650709186883e+01 1.219142350786340856e+01 2.027442516935442285e+01 1.044466487143062494e+01 1.044492838711647842e+01 1.183318873786082648e+01 2.191088643843619721e+01 1.762601358624721826e+01 2.083427239132040043e+01 2.439171856348136558e+01 2.935705511598215622e+01 3.908290352370272558e+01 4.018826918254159608e+01 3.060425021334706130e+01 2.528207508389270686e+01 2.216177521142518714e+01 2.774068840199498354e+01 3.167766434990745239e+01
5.329999999999999452e-04 2.774033981126142301e+00 5.660785327074265183e+00 1.566078532707429716e+01 2.514814578905358289e+01 3.092164848094969543e+01 3.018805693042675031e+01 3.431795789050320877e+01 3.201269251177620845e+01 3.556115303977517783e+01 2.601370084269352745e+01 2.194203553349865032e+01 2.500111733609140785e+01 2.087658298399992418e+01 1.432998415786675572e+01 2.431573771327115097e+01 3.406506480559880146e+01 3.400902751237836696e+01 2.941223542177790762e+01 1.938367365163698608e+01 2.042741432780815103e+01 1.015122389738239583e+01 1.859618230376907633e+01 1.022100486565222965e+01 2.027459091198049279e+01 2.603334538419889554e+01 2.760573390129507132e+01 2.302015443498302361e+01 3.287150643885245671e+01 3.821908162194559822e+01 4.306588485722478055e+01 4.181142714220902690e+01 3.868151692748018178e+01 3.465493325072274899e+01 2.734509686612351942e+01 3.533148507959548112e+01 3.597649442865627378e+01
3.709999999999999756e-03 1.000370999999996258e+01 1.566078532707422788e+01 1.100601016532273313e+01 1.677951285721895047e+01 2.677951285721887942e+01 3.118232270825837560e+01 2.707480872877035338e+01 2.213692494576451253e+01 2.913316998044336259e+01 2.601585783025639387e+01 1.633915919098335934e+01 2.084552528424732287e+01 1.091570676140335294e+01 1.503366563705883330e+01 2.000242866005692832e+01 2.704622814132759601e+01 3.700635273237958245e+01 3.352813814587194230e+01 2.941631399404905522e+01 2.413754701443473039e+01 8.853256833582388907e+00 8.683181533220894366e+00 1.859226130020628887e+01 2.022710752598031192e+01 3.018312350055395044e+01 3.686584219848288768e+01 3.287150643876942979e+01 3.109250502421615536e+01 4.078715498567343190e+01 3.895397818889823327e+01 3.196027711944038430e+01 3.895397818890282338e+01 4.084156746885596334e+01 3.679980678027723684e+01 3.988317049853020535e+01 3.517346560903526154e+01
6.660000000000000121e-03 1.000665999999996281e+01 1.915243562373038344e+01 2.100601016532266385e+01 2.514814578905358289e+01 2.664643619165337185e+01 2.707480872877035338e+01 1.716625107223218194e+01 1.510733053968148276e+01 2.417406697167715279e+01 2.996774775318406725e+01 2.123154224573051607e+01 1.140812400775292090e+01 8.758973185028395392e+00 1.371737605489681577e+01 1.945367053674025115e+01 2.649672277623526995e+01 3.647826771243880017e+01 3.532263909880305874e+01 3.143304627343730573e+01 2.390444740908882792e+01 1.731822883566158566e+01 7.657947054903620376e+00 1.055367952407180177e+01 2.066841244934309429e+01 2.797582460599056731e+01 3.186047764768108337e+01 3.654380402634802749e+01 4.078715498567343190e+01 4.030694653902897784e+01 3.046136426006267328e+01 2.504209525721750751e+01 3.455466250987728216e+01 3.301401485623534882e+01 3.712000381847143871e+01 3.595192232125581455e+01 2.656063934956098294e+01
1.030000000000000013e-02 5.010300000000007081e+00 1.208136781186550479e+01 2.208136781186557229e+01 2.376383186024256489e+01 1.697656543076503510e+01 2.380789038362020094e+01 2.006840041805433117e+01 1.011262310501190598e+01 1.716600090587100880e+01 2.707017574487457523e+01 2.390030478736565556e+01 1.399034062738321538e+01 7.025641769151377503e+00 1.690264557469398454e+01 2.279467664913583036e+01 3.145647214347698295e+01 3.556397427273922318e+01 3.143312168137519436e+01 2.237189050325314810e+01 2.042206082666811540e+01 1.030365902814907031e+01 6.834049656724769939e+00 1.689540434813664405e+01 1.505536627038892838e+01 1.840254369206659391e+01 2.329735686987174859e+01 3.265431533097447669e+01 3.658528230668131442e+01 3.248270992826301296e+01 3.046136426006267328e+01 2.065414954725330787e+01 2.607550867728497224e+01 2.320148531535421910e+01 3.301401485623534882e+01 3.988317049853028351e+01 3.517348591431156990e+01
1.349999999999999985e-02 7.084567811865484899e+00 1.708456781186555062e+01 1.728286166743238894e+01 1.932362688781761406e+01 9.990087528601122813e+00 1.776480153274248508e+01 1.368705948827150110e+01 7.339383383051569787e+00 1.728088842642902989e+01 2.175926229509851595e+01 2.246303303164775045e+01 1.252386577303964366e+01 5.630197772142122581e+00 8.793778876217960061e+00 1.867843247883025981e+01 2.150188663919594845e+01 3.145647214347698295e+01 2.968835689596986427e+01 2.499119619092441269e+01 1.596105874911133427e+01 1.529761737210117190e+01 6.025936108568343386e+00 1.308089857893589070e+01 2.251786867217587229e+01 2.797583610033346346e+01 3.186047764768108337e+01 3.654380396691866650e+01 3.216671902213595047e+01 2.265446528616823230e+01 2.445801163450369486e+01 2.295878836620169494e+01 1.621999067969460739e+01 2.320148602216930556e+01 3.301422504178390938e+01 3.631549512297977600e+01 3.054628142279883818e+01
1.339999999999999872e-02 1.001339999999996344e+01 1.018382482645755083e+01 7.255817789290636810e+00 1.017141377504346345e+01 5.526715566625178155e+00 1.036475617402228977e+01 3.688003885085752831e+00 1.060041682126784579e+01 7.613480581629086252e+00 1.413722689212900185e+01 1.645436251599060640e+01 1.243928355971730149e+01 4.310312315904162084e+00 1.402734653946211552e+01 1.447713084196940514e+01 2.441751722945247849e+01 2.964377247062662590e+01 2.561985351394402954e+01 1.549905411815249145e+01 1.742156213922790897e+01 1.422718742793384195e+01 5.220084778219295174e+00 1.029566793709429717e+01 1.754105185850994530e+01 2.792761002076180432e+01 2.645350092292341770e+01 3.057055807570071693e+01 2.808264876593868919e+01 1.823028488405690695e+01 1.457727495557350217e+01 1.305779475380583143e+01 2.295882532978825097e+01 2.607542169706121626e+01 3.590359938115842198e+01 3.211346840264381797e+01 2.218477223602694792e+01
1.369999999999999864e-02 1.838280695766809358e-01 1.838280695766809358e-01 1.838280695766809358e-01 1.838280695766809358e-01 9.882389152109011476e+00 3.546750618319300941e-01 1.024020493190755232e+01 5.262242433323012225e-01 5.262242433323012225e-01 9.214435801347722332e+00 1.128623798932222400e+01 2.665487262282101533e+00 1.118895905627163678e+01 1.350245747396146001e+01 2.233756831578197222e+01 2.012944982753636225e+01 2.007783058412156763e+01 2.172739236115504724e+01 1.719241144672598409e+01 7.420305658831647833e+00 4.100943424125230052e+00 1.394134682354265031e+01 1.931392446452077394e+01 2.495438533184313812e+01 2.481235214206596496e+01 1.650792581850134155e+01 2.481513313902880924e+01 2.703026966103203677e+01 1.715158107505740048e+01 1.009898878455689797e+01 1.766157485554766282e+01 1.766162412192804965e+01 2.753338744207514566e+01 3.097905991088513034e+01 3.507015061005110823e+01 3.054626609831594308e+01
1.290000000000000001e-02 1.001289999999996283e+01 1.838280695766809358e-01 1.838280695766809358e-01 1.838280695766809358e-01 3.546750618319300941e-01 3.546750618319300941e-01 5.262242433323012225e-01 5.262242433323012225e-01 5.262242433323012225e-01 5.172412995098167876e+00 1.014074606685316127e+00 4.513009352910884786e+00 1.100081802005458087e+01 1.121708745731249834e+01 1.490982499479645895e+01 1.029457637222690103e+01 1.901698898749548050e+01 1.199167364035954542e+01 1.209092722439129552e+01 3.016019735979245553e+00 1.313286324055511400e+01 1.459279641988583798e+01 1.814161419724952395e+01 1.965005304949701781e+01 1.568772998005245256e+01 1.128831926809301223e+01 2.070826669980443668e+01 2.574755351234367140e+01 2.377978541959487302e+01 1.766087637823908096e+01 7.651003019369869484e+00 1.476677904935993979e+01 2.465936932845914953e+01 2.112090100110715696e+01 2.528745282870811195e+01 3.515804269471289700e+01
1.349999999999999985e-02 1.001349999999996321e+01 1.018382482645755083e+01 9.945154303646818406e+00 1.838280695766809358e-01 9.197631489040370312e+00 3.546750618319300941e-01 9.752947518658832138e+00 9.252815567630158000e+00 1.047790159000686927e+01 7.692969168612953101e-01 3.839888388008599662e+00 1.261384290101011718e+00 1.261384290101011718e+00 1.261384290101011718e+00 1.084826844534550894e+01 5.306089902424854898e+00 1.121707812416628336e+01 1.114498777997104462e+01 1.985501009201463996e+00 1.180755211833996476e+01 1.315587958079981235e+01 7.982001432012534536e+00 1.259927565408477257e+01 1.328518128290497913e+01 7.233620193770153861e+00 1.563803864726243376e+01 2.294132661057107825e+01 1.664731398691192865e+01 1.804423590753853190e+01 1.387613390581567607e+01 6.016138454685013848e+00 1.611759774614485252e+01 2.528745282870811195e+01 1.546765747681204139e+01 2.528745282870811195e+01 3.078597858740666027e+01
1.319999999999999993e-02 7.084267811865485598e+00 1.708426781186555132e+01 1.452826726264405366e+01 6.110879348222743701e+00 1.058313697945136589e+01 8.068681669793374311e+00 1.521947125349787555e+01 1.735861504398813082e+01 1.192478079282716941e+01 2.251624478305063182e+00 1.123737885362650069e+01 1.098715122582330928e+01 1.261384290101011718e+00 1.078152292845553006e+01 1.261384290101011718e+00 1.261384290101011718e+00 1.261384290101011718e+00 1.261384290101011718e+00 1.261384290101011718e+00 1.261384290101011718e+00 1.062138491169293175e+01 1.154994264347415545e+01 5.375056111709567652e+00 6.292685651609276398e+00 5.087350850703177052e+00 1.270421776546585768e+01 1.704845390105495895e+01 9.443728624762355750e+00 1.247432187385294178e+01 3.805701212835280955e+00 1.398447745955095201e+01 2.019573625222530922e+01 2.137587551357354343e+01 1.200302221259490132e+01 1.687000944248229217e+01 2.668765788333401900e+01
1.359999999999999924e-02 6.959639639267543032e+00 1.596704805543548034e+01 2.144934188929703112e+01 1.758138659097267364e+01 2.158385248874237305e+01 1.980179683563584803e+01 2.258577689174732583e+01 1.417116600359372569e+01 4.308160163867469805e+00 1.196136085281828798e+01 1.214992205983449836e+01 3.888116556604257479e+00 1.093428112851895051e+01 1.485065189536945240e+01 1.123344723801602285e+01 1.261384290101011718e+00 1.123959184652185073e+01 1.261384290101011718e+00 1.261384290101011718e+00 1.261384290101011718e+00 4.620541311308311805e+00 1.519741495756770977e+00 1.945110451956093334e+00 1.945110451956093334e+00 5.811622799808920270e+00 1.966122997755540780e+00 1.122235431211277579e+01 1.226409246725791036e+01 2.514982659740884419e+00 2.514982659740884419e+00 1.249913411761055215e+01 1.723431235322815880e+01 1.552224295617683225e+01 8.846507767887029416e+00 1.867121350872860575e+01 2.277915244025820840e+01
1.299999999999999940e-02 1.001299999999996260e+01 1.567395233934851007e+01 1.900728569995093054e+01 2.314943092591164131e+01 2.814943654120228445e+01 2.441172186967849811e+01 1.373422409796861743e+01 7.855522243212932132e+00 1.417116600763536738e+01 6.889798680427842825e+00 1.617157754379743650e+01 8.700811743342233839e+00 1.631755938842085030e+01 1.352771924490921407e+01 3.432812953346186635e+00 1.131973032573768023e+01 1.126243210846469367e+01 1.132380199917468211e+01 1.320320505554761326e+01 1.992790657083225891e+00 1.519741495756770977e+00 1.165541434832098844e+01 9.890361457944223389e+00 1.010317673478293976e+01 1.966122997755540780e+00 2.818759451055129261e+00 2.297437047229478946e+00 2.297437047229478946e+00 1.240471266327715760e+01 2.514982659740884419e+00 2.642429641891150816e+00 7.735700706862727927e+00 1.183787686878823742e+01 6.214294681678660837e+00 1.567548915332463899e+01 1.567360229229771562e+01
