output/example/elevation_000000.asc
nrows	100
cellsize	10.0
xllcorner	0
ncols	100
yllcorner	0
NODATA_value	-9999
[rows 0 to 16 of 100, columns 0 to 36 of 100]
2.590084917154735766e-01 7.809954979520462581e-01 7.798511837531043600e-01 9.445697772748328225e-01 4.726804293721168504e-01 4.716777498801925650e-01 4.706753892004175155e-01 4.696694656089450692e-01 8.303603436894471113e-01 4.676492730816184107e-01 6.295621600614946800e-01 4.560397619063613628e-01 4.559731111821498373e-01 5.305122470626739695e-01 9.335957486821873097e-01 7.063653143515793431e-01 5.046987956035857703e-01 5.036943007061579491e-01 5.026687956035857940e-01 9.665890698624912680e-01 9.056894030549857977e-01 9.027207081308918912e-01 9.238697376209831225e-01 8.426197114723428250e-01 1.044264785133165674e+00 8.902590204005759178e-01 5.426001937940237996e-01 9.458557977962039898e-01 5.862945970651384231e-01 8.516274359595797927e-01 6.626708358106165875e-01 5.277753159204253697e-01 5.162252064032621934e-01 5.296177762667964029e-01 5.163481773596465541e-01 5.163481773596465541e-01 9.156008302191127601e-01
3.430590528629120506e-01 3.599897834285397114e-01 3.609861310356985431e-01 1.084898140546437739e+00 4.726732549827646901e-01 4.716694656089450710e-01 4.706753892004175155e-01 6.949732967100602510e-01 4.686722547826245866e-01 5.688585887500242633e-01 4.661627975192054185e-01 9.297189046168382598e-01 4.569800749503094561e-01 4.570355732946622118e-01 5.945862393934046031e-01 1.065055029116844576e+00 6.155668576683744897e-01 5.735172837659009426e-01 7.668341744157816109e-01 5.036729698466362315e-01 5.047014750955101103e-01 6.004101148197772408e-01 1.005364792885745429e+00 8.354242314977419204e-01 5.434461084130995934e-01 7.816317789371213243e-01 9.450537213269333270e-01 5.436104432342876436e-01 6.863053966772874048e-01 5.173423194952702087e-01 5.173481773596465549e-01 5.163449989871945478e-01 5.152643399055589768e-01 5.153449989871945469e-01 5.153449989871945469e-01 5.153500720465563623e-01 5.153423194952702069e-01
7.161369641965544819e-01 9.602787916377986122e-01 1.084898140546437739e+00 9.051880833827153916e-01 5.231940830086733163e-01 7.196279335343392924e-01 9.285374089714677481e-01 8.125567708475514017e-01 4.696645836322889678e-01 8.579772628330616380e-01 4.589834622691529309e-01 4.580031328522536915e-01 1.085858611362229720e+00 5.700864517268998677e-01 4.580414311590384480e-01 8.805591406930590725e-01 5.497407319951256310e-01 5.057046534679621175e-01 5.047000873166519463e-01 5.047014750955101103e-01 5.046813790297181024e-01 1.031930274773506628e+00 5.067065481548719275e-01 9.456555397040568023e-01 9.494081665541489468e-01 5.424429300406475862e-01 1.086702658134770294e+00 8.586471827962450787e-01 5.833707124782061548e-01 5.163449989871945478e-01 5.606164322094508989e-01 9.971714813960164125e-01 6.354549604815631358e-01 5.142223194952701970e-01 5.143423194952702060e-01 5.754771707707575512e-01 5.143411062918346044e-01
9.330058981412470143e-01 5.428368468241777656e-01 1.047127706382865453e+00 5.253390409891254276e-01 7.698345756899298564e-01 1.009199948346274578e+00 7.805550304046863230e-01 4.752002974154333481e-01 4.706677498801925541e-01 5.772980453073561780e-01 5.137456644317032195e-01 9.094916375298862654e-01 8.813406077035950137e-01 1.080138223456517998e+00 5.468200896761988838e-01 5.101397123204859385e-01 6.623893219613927741e-01 8.462765361358219884e-01 5.056987956035857712e-01 5.057046534679621175e-01 5.056763691967145480e-01 5.056987956035857712e-01 5.067014750955101121e-01 1.062646175417421235e+00 5.414502505487233108e-01 1.028552213213871580e+00 5.414367984699242076e-01 5.424429300406475862e-01 1.068765377424660823e+00 5.163423194952702078e-01 5.153262639825155755e-01 5.143235896618081338e-01 5.133331647357960437e-01 5.132219628067939965e-01 5.133399588154952120e-01 5.133358619821595248e-01 5.143449989871945460e-01
7.467319160170617920e-01 3.827173443456483026e-01 8.375217715783351835e-01 6.606169978812561627e-01 7.264801770389288649e-01 1.038647070268007289e+00 8.956419607888789214e-01 6.961288956254900739e-01 8.658849887519499688e-01 5.909641165381126493e-01 6.499453997371166247e-01 9.143414341963730374e-01 7.170872044015088598e-01 4.836227246718617367e-01 4.836300451799374622e-01 8.856004296405409759e-01 4.846259030443136884e-01 5.284080894603142564e-01 5.067046534679621184e-01 6.538528323133107056e-01 5.066775645473295953e-01 9.297281694912846728e-01 6.922395426808246599e-01 6.568887154797018457e-01 8.795877646489056456e-01 5.391763333065850983e-01 6.351243995957183142e-01 8.472470661466334763e-01 8.203452074745821720e-01 8.403754393532131273e-01 9.861456993940636018e-01 6.565093161925291687e-01 6.537437278914740579e-01 5.122583964468161444e-01 5.123164937383206663e-01 5.342792887287355352e-01 5.979604069226880370e-01
5.269872374626074496e-01 3.817146648537240172e-01 6.603635835777380558e-01 3.817173443456483017e-01 3.817205227181002525e-01 7.214550695530159707e-01 8.167210209839179669e-01 9.853744702840305791e-01 7.755335785875591137e-01 1.086094456081082349e+00 4.806259030443136848e-01 7.263538683015013930e-01 7.337621792756531258e-01 4.826176845001624027e-01 4.826176845001624027e-01 4.836117609086899582e-01 6.219385096486554909e-01 8.835965868775644827e-01 8.079487437057403243e-01 6.702192943155202975e-01 5.076787956035857530e-01 8.187128958065535977e-01 6.113721330676741283e-01 5.103523194952702680e-01 7.161472439526039846e-01 5.083323194952702462e-01 5.083449989871945407e-01 5.508504062965723369e-01 8.481852480641545178e-01 5.434153814623080558e-01 5.418394623141554733e-01 5.083378245978423804e-01 7.683759637566746070e-01 9.117326315888744093e-01 5.112530034397249068e-01 8.166727472232905294e-01 5.634844780923136121e-01
6.756183529128325649e-01 3.807188534654231682e-01 1.039463365286118934e+00 3.806504033559922062e-01 3.816189064846960965e-01 4.233066631130421031e-01 8.926864991285311524e-01 8.388891458506440024e-01 8.395802896512659652e-01 5.292235502768620758e-01 1.006630460432818897e+00 4.796213368930035692e-01 1.055068116345008633e+00 4.816100451799374405e-01 4.826259030443136866e-01 8.472480363107057766e-01 8.670378542464814986e-01 7.712397773344914498e-01 5.877697274472675204e-01 9.629777406593148514e-01 6.140142297691717488e-01 5.086943007061579536e-01 5.097046534679621210e-01 1.083182558430082487e+00 5.093423194952702016e-01 5.083399588154952076e-01 5.073229494559001740e-01 9.884330880685336940e-01 9.264782627520273817e-01 9.373225319144251610e-01 7.286808059847869057e-01 5.073423194952701998e-01 8.347448769726659723e-01 5.102067560034091454e-01 1.041937899869832762e+00 1.064727456705242048e+00 5.132888348029867043e-01
4.388850927889174081e-01 4.641605755854308346e-01 3.796483514712158391e-01 3.845244193610255490e-01 9.322557919951853789e-01 1.058609980419729313e+00 4.709525984591499959e-01 4.755273509032416079e-01 4.766176845001623974e-01 9.588513007334975580e-01 4.785931410223391858e-01 4.795808843821064427e-01 4.805825995534720452e-01 4.816039896671827636e-01 4.826227246718617359e-01 4.836259030443136875e-01 7.486335987529616487e-01 1.024616323992576961e+00 5.867638695828911732e-01 5.867738695828912387e-01 6.851544010677863561e-01 5.097014750955101148e-01 5.097014750955101148e-01 6.719542809928454874e-01 5.641474750359942725e-01 5.083481773596465469e-01 5.152087619154379627e-01 5.063040099763217450e-01 5.063523194952702644e-01 5.063481773596465452e-01 5.062323194952702554e-01 5.071812117925075247e-01 9.116918169626877511e-01 5.092518658850984092e-01 5.143993287549388782e-01 5.123481773596465505e-01 5.123094044690489346e-01
1.994484013391750743e-02 5.573720490488156543e-01 1.057500589950201242e+00 3.786474868748531675e-01 3.787173443456482991e-01 9.944796649008617040e-01 1.009048895940241497e+00 6.046187212198691485e-01 4.765629089368347282e-01 4.775328071269897556e-01 8.300461725759099574e-01 6.784118463769651663e-01 5.457932598003319979e-01 7.880401021082685808e-01 4.826200451799374513e-01 4.888938534156618831e-01 9.734272049223700041e-01 1.007082846119412123e+00 5.837571045802945058e-01 8.793052829057701469e-01 9.805948719357219234e-01 6.204123342108927019e-01 5.107014750955101157e-01 5.107117245357739588e-01 7.685473236645057327e-01 5.093481773596465478e-01 6.252574757658987403e-01 5.053198930883990858e-01 1.042155778037230585e+00 5.051768471253603732e-01 7.319481166102502767e-01 7.203045268339086649e-01 5.082348440074304641e-01 5.092740018866069862e-01 6.603730510729184378e-01 5.113048738688048545e-01 5.123358619821596349e-01
6.729603419142361487e-01 9.532318730488210656e-01 5.105546792983813864e-01 5.271901665560491113e-01 3.776089668028242419e-01 9.256136824030586352e-01 7.885660128550864290e-01 6.224555092965379233e-01 8.750508659391045274e-01 1.007167054000048134e+00 4.785817356609889384e-01 4.795588047958910805e-01 5.667533669837276911e-01 8.110014080244222212e-01 4.836176845001624036e-01 5.421977001331068635e-01 7.608732666581776716e-01 4.993358619821595679e-01 7.667651549542934264e-01 5.867716221341773286e-01 5.877697274472675204e-01 7.370958292317544291e-01 9.590506852097238077e-01 6.099570699563110487e-01 7.629520325241471168e-01 7.611961612384946507e-01 7.452700089977843945e-01 5.509153658447935031e-01 5.043006753552405907e-01 5.042307900308905522e-01 9.822106950508289192e-01 8.726824601396885317e-01 7.488209823374293306e-01 8.496312987605331157e-01 5.103010822517006773e-01 5.113449989871945434e-01 6.310846318073467520e-01
5.074168083889973868e-02 3.224236430604965897e-01 3.500625230632846696e-01 9.588832836550226224e-01 3.766441110023426297e-01 7.720959180984269254e-01 1.040666320284034718e+00 7.995456445715791727e-01 1.087906916670918323e+00 7.454529168340764400e-01 4.885180679054749175e-01 1.067529103323636486e+00 4.805839203191358266e-01 6.525135360466424173e-01 5.144043768564742214e-01 6.436354151539165347e-01 4.983331647357960303e-01 1.054395331826221804e+00 1.085252645507261304e+00 7.965683823999005764e-01 5.963105683071493468e-01 1.045299075760875995e+00 1.041886455930960853e+00 4.943399588154951951e-01 9.801441210380666957e-01 5.053449989871945380e-01 5.043399588154952040e-01 5.033436112083363723e-01 5.031661053265668038e-01 5.831126004616760117e-01 1.049375723854190978e+00 7.066015431986315543e-01 7.451867007088762707e-01 6.021422894965593464e-01 5.113399588154952102e-01 1.086401678824235661e+00 1.010806037994399942e+00
9.791283598286071310e-04 1.079253345207260351e+00 1.061424679137177973e+00 3.733389901910560971e-01 6.293596540000409023e-01 3.777205227181002489e-01 6.068753204579051541e-01 5.499690720999103055e-01 7.795296035657957034e-01 4.835920868647043402e-01 6.628409927704999038e-01 4.815857312774814436e-01 5.805541775060267806e-01 1.045434276299156195e+00 6.222615845803431966e-01 1.068840949667212215e+00 8.172841535516098821e-01 4.973181606909385932e-01 4.973423194952702464e-01 9.130598325826287942e-01 8.728872231191247000e-01 4.933481773596464781e-01 9.055883054199037607e-01 4.933449989871945274e-01 6.654036802863694255e-01 9.872111361679070107e-01 1.013094973994693504e+00 5.033481773596465425e-01 5.022217848020447128e-01 5.023399588154952022e-01 7.027342776007686753e-01 1.059994438276294471e+00 7.516968320377255264e-01 8.595812850877098121e-01 9.179962341271041826e-01 5.746175913182691719e-01 5.321562773363635035e-01
5.979472710492108600e-01 6.782680830237313163e-01 6.388061278202517013e-01 3.767030420771222965e-01 6.000377972333400534e-01 8.428195897370922562e-01 9.687803011624220861e-01 5.499649299642865863e-01 5.459848617329549070e-01 9.659267087574939792e-01 4.825900451799374213e-01 7.015403861798448215e-01 4.826227246718617359e-01 9.003183944803950789e-01 7.728821384392468019e-01 4.993198930883990250e-01 4.983314974252553986e-01 1.035250155399842553e+00 4.963148853303677166e-01 6.794741582603055496e-01 6.784940886438965979e-01 4.932848598283460784e-01 4.923048738688048376e-01 8.207082138750814160e-01 4.923306967186685257e-01 5.268083262071028283e-01 8.974374316829119014e-01 1.032901859701518266e+00 5.023340352240227569e-01 5.012193159988095337e-01 8.715382312603393578e-01 5.495193844938370820e-01 9.883302285099073714e-01 5.331535978444391644e-01 5.321512371646641704e-01 5.311491029470113423e-01 9.938136469067008205e-01
1.123418600940028211e-01 1.054818736656659484e+00 3.777188534654231655e-01 7.414387553405911158e-01 8.454675075688673491e-01 6.524653107217226466e-01 5.509649299642865872e-01 5.499366456930390168e-01 9.883840930217031584e-01 5.578720800234233668e-01 6.604346384989082663e-01 1.050446111192092413e+00 5.821424160497538081e-01 9.104955330916512102e-01 6.941749067954011698e-01 9.252121270246533857e-01 7.213397723461586475e-01 4.973423194952702464e-01 4.963358619821595652e-01 4.952881575103992851e-01 4.943089341040100559e-01 6.894619176952583306e-01 5.178089074734181230e-01 4.913035827946478640e-01 4.913276784791188456e-01 1.080578000182852882e+00 5.846036472363067560e-01 5.033449989871945363e-01 7.600373694595463636e-01 5.013481773596465407e-01 5.002182708923613719e-01 1.037853717980445900e+00 7.647140702993887595e-01 5.321635978444392290e-01 5.321635978444392290e-01 8.230889904010655345e-01 5.301348680109770894e-01
6.540601710037032834e-01 7.927092882020919662e-01 3.787146648537240146e-01 8.654064621367811849e-01 5.549649299642865907e-01 8.282442412174255697e-01 8.501134096083159397e-01 5.509343507403603457e-01 5.509535770023422652e-01 5.519459058520067574e-01 5.529649299642865889e-01 6.656068910493263546e-01 8.229640795269383968e-01 1.056071679472300406e+00 7.004468775413462689e-01 7.004492382211212620e-01 7.380711747448699400e-01 8.592222010158188095e-01 7.601725565469896750e-01 1.051315583751519345e+00 9.372695825099136568e-01 1.058873685461309000e+00 5.418268067319689241e-01 6.459581883861256202e-01 4.902706679813710888e-01 6.119967363298480789e-01 6.112160207061057005e-01 5.043423194952701971e-01 1.027626585984831697e+00 9.733867497309152128e-01 9.160382404230418274e-01 4.992177511723221994e-01 6.789231809630452696e-01 9.523572138036329182e-01 5.311501457656401248e-01 6.839592956520410549e-01 5.291256395292061043e-01
3.962370847149454534e-02 8.772045016240560544e-01 3.797205227181002507e-01 1.076329498393235884e+00 5.539668246511963989e-01 1.040559528457694283e+00 5.519499173404360803e-01 6.537932936094730252e-01 6.480353091090678141e-01 8.924136076277657814e-01 5.529603638129764187e-01 8.787111072465793038e-01 8.976299131547130772e-01 7.580259154275148514e-01 7.014519177130456029e-01 7.014492382211212629e-01 7.014569907724074183e-01 1.088302748011494181e+00 7.649469156175281448e-01 9.778067132364252068e-01 5.173699872096015895e-01 4.883423194952702384e-01 4.883500720465562828e-01 8.135304376208523092e-01 4.892695833103152814e-01 5.740596286358573552e-01 6.286565709189496642e-01 1.048928862970677445e+00 9.299663479759946449e-01 4.983500720465562916e-01 4.981568931094284558e-01 5.281804858646560463e-01 8.722994407728124067e-01 5.321562773363635035e-01 7.911804838179824495e-01 5.301382425053798864e-01 7.040831326787145850e-01
3.048053885361223792e-01 8.343025231603682368e-01 4.973701810514403188e-01 6.142952178966882837e-01 5.539690720999103091e-01 5.529632607116093945e-01 7.884078777333731747e-01 5.529578588964746411e-01 6.662363070521810648e-01 1.005162985092586947e+00 5.539649299642865898e-01 5.539668246511963989e-01 9.403099231835032601e-01 7.856939371557939422e-01 9.016246535474558010e-01 7.024519177130456038e-01 7.024592382211213293e-01 9.489246010526449782e-01 1.062912568192372564e+00 8.096948899447897752e-01 1.063051480238444757e+00 4.873323194952702275e-01 7.640375417346759734e-01 1.027498117057356719e+00 4.882690457047393351e-01 7.091385548915302151e-01 4.883388674164710896e-01 6.226127151081102262e-01 9.749184583442782603e-01 5.367979684741788216e-01 4.971554378866144264e-01 6.104912703984726186e-01 6.849074560117481836e-01 5.331512371646641713e-01 9.002325024460461345e-01 5.311389568282878226e-01 5.769435124660891034e-01
