output/example/elevation_000278.asc
nrows	75
cellsize	13.33333333
xllcorner	0
ncols	75
yllcorner	0
NODATA_value	-9999
[rows 17 to 33 of 75, columns 0 to 36 of 75]
1.309999999999999880e-02 2.907706724035312718e-01 9.507078464799667117e+00 7.382665101783255857e+00 6.251531913557542453e+00 1.190107918062232706e+01 1.198760008599995786e+01 3.730500498790645381e+00 6.541848281071983351e+00 1.445139919069955781e+01 1.062285059090253370e+01 1.353585238571927363e+01 1.020153277573375838e+01 7.025602571528106743e+00 1.224635413074488355e+01 1.533024663574396307e+01 6.109742517267731543e+00 1.574406288587718805e+01 2.061810526079139194e+01 2.390617069679707640e+01 2.802139009949833692e+01 3.383230199964062734e+01 3.157767392901638814e+01 2.449466296035620516e+01 2.276630703379529308e+01 2.912918082437081679e+01 2.496711030068025039e+01 1.884342839428326855e+01 2.891912278147568927e+01 3.276808588102784370e+01 2.532542332320393186e+01 1.536703139161438791e+01 2.245082785997770003e+01 2.650512556857541924e+01 2.068846740885954105e+01 1.471630887102100793e+01 1.563246552113899668e+01
1.379999999999999977e-02 1.001377962827024604e+01 7.949013791263334738e+00 1.520727079423012462e+01 1.547031750149556295e+01 1.136662879200945042e+01 1.970693690831374667e+01 1.562733616293052030e+01 6.795851385640736986e+00 1.648888657965040139e+01 2.121728943966727243e+01 2.032157734631488921e+01 1.108954637087109241e+01 1.800254560492232869e+01 1.922287388909875361e+01 1.927984823869226361e+01 1.324954218095218472e+01 7.129505622888200556e+00 1.682819889331511831e+01 2.202205009542261038e+01 2.568000869625683791e+01 2.913717646142871942e+01 3.326743437831087391e+01 3.451523101283991934e+01 2.724359695443703089e+01 3.693236454777080979e+01 3.194599155481877162e+01 2.190700355829233104e+01 3.194599155453016692e+01 2.856822914979952799e+01 1.883981342668495174e+01 2.532541429046881731e+01 2.532152406946533318e+01 3.420022042816229657e+01 2.803952744552398713e+01 1.843013830670591702e+01 2.548368798215621922e+01
1.379999999999999977e-02 1.001379999999996251e+01 1.709738765255648119e+01 2.138764563819333731e+01 2.420294799444587497e+01 1.652635017986262511e+01 2.420263094136549853e+01 2.054429685709139619e+01 1.110100640118045945e+01 1.115157462866750748e+01 2.081729294409256781e+01 2.496252165092621667e+01 1.665423269442085896e+01 2.496770027670793368e+01 2.717184208981615967e+01 1.984489283565322282e+01 1.014386658138031905e+01 1.682817558048267514e+01 8.109810205243265457e+00 1.789081513912779897e+01 1.593714791423770549e+01 1.935905197721627502e+01 2.490066118637068016e+01 3.492470367754961558e+01 3.302469723597371853e+01 4.141317030495078910e+01 3.550086815083682978e+01 2.544615876153392975e+01 3.550086815083682978e+01 3.106491969579436230e+01 2.139528091708392310e+01 3.106491633734004409e+01 3.521800957707419144e+01 3.496050847360563552e+01 2.528401311141024266e+01 2.527423324327429199e+01 3.012439042746260398e+01
1.290000000000000001e-02 5.003349743509177827e+00 1.069986481192359129e+01 1.750360578854662919e+01 2.697883840608095340e+01 2.561767934164236138e+01 2.950067763531002996e+01 2.076108517333407733e+01 1.788483701027196915e+01 2.081729294409256781e+01 1.624495179384608079e+01 2.606785621211234272e+01 2.772865067353995272e+01 3.076346332100734671e+01 2.329395398543763562e+01 1.366572168800576037e+01 1.984489283564846573e+01 1.840637575242226021e+01 8.767048212405052610e+00 1.145827422410369500e+01 2.133498523165110683e+01 2.913717646143363638e+01 3.326787656184688302e+01 3.904496174463741909e+01 4.306439165297026506e+01 4.720036066676063768e+01 3.965598597470045661e+01 3.124238628255137229e+01 3.965598597470045661e+01 3.530826055279867148e+01 3.106491969579368728e+01 2.561426420760246359e+01 3.547459330760178631e+01 3.898815866364071780e+01 3.496096379694563439e+01 3.484298404773257829e+01 2.978205941399707157e+01
1.290000000000000001e-02 1.001289999999996283e+01 1.479548152771895531e+01 1.781061012585671932e+01 2.114396859429839992e+01 2.528685269404632052e+01 3.028766950379570844e+01 3.063214490771324350e+01 2.770600683596810043e+01 3.022760448898376850e+01 2.187642215840006799e+01 3.022760448898376850e+01 3.375967856565035419e+01 2.449010826236351690e+01 1.781641464533413810e+01 2.329395398543763562e+01 2.407088976943529346e+01 1.470810711225358602e+01 9.437836812778870765e+00 1.952136590598993493e+01 2.067317436892890115e+01 3.058988217775119622e+01 3.400252439325578280e+01 3.845370167909397452e+01 4.735118818000850638e+01 4.440337269101512163e+01 4.440337269101512163e+01 4.131806256447020331e+01 4.546051114229132395e+01 4.138153179889119571e+01 3.115041551185114699e+01 3.547459405645838615e+01 3.979154248765733115e+01 4.418433058484990994e+01 3.843660838671605973e+01 3.175047356824368450e+01 2.231176455384974133e+01
1.309999999999999880e-02 2.370122603955160834e+00 4.795478854318494299e+00 7.810592300096135254e+00 1.114392563342954645e+01 1.614392563653522927e+01 2.614404702938584180e+01 3.114155428429517158e+01 2.699402821947543529e+01 3.114155437276916771e+01 3.179346160773850372e+01 3.598906801247862575e+01 3.646311183321007121e+01 2.720510254551078688e+01 2.205628673590983269e+01 3.100742330165293126e+01 2.857869452312138847e+01 2.305014443241672240e+01 1.949870298892484399e+01 1.049990494688366560e+01 2.076325330851778972e+01 2.535385827794449654e+01 2.177146347697871320e+01 3.400252439325841891e+01 3.727745009750201888e+01 3.432579631484802718e+01 3.432579631484802718e+01 4.145167775443903935e+01 5.152939463888507277e+01 4.575303825983237260e+01 3.829562059526783457e+01 4.575303825984215678e+01 4.721065062189808970e+01 4.005038604679464953e+01 3.010534401957873385e+01 2.473388390918701063e+01 3.175046709438984038e+01
1.349999999999999985e-02 1.001349999999996321e+01 1.479548382995090883e+01 1.296044274881077563e+01 2.114396750067342978e+01 2.528685269404632052e+01 3.028793079391683563e+01 2.614006447085188611e+01 1.699520488860356338e+01 2.614006447085188611e+01 2.662525092900727230e+01 3.077243114451046679e+01 3.539226727644115300e+01 3.513408560532767666e+01 2.861789284591352711e+01 3.512820713162926012e+01 3.077128155458903791e+01 2.109918586810015029e+01 1.400504775700577120e+01 1.133823137149430949e+01 2.165474661751366270e+01 1.276922274525626300e+01 2.327572163902191704e+01 3.617847537633240762e+01 3.304804179132608510e+01 2.735860841046494585e+01 3.432579631484802718e+01 4.440337269101512163e+01 4.635059220087989473e+01 5.049612820975110594e+01 4.883158047895781095e+01 5.010903690072775873e+01 4.308861610691977262e+01 3.301137341086880639e+01 2.744674996879444961e+01 3.430861335527959000e+01 3.800253959210254351e+01
1.349999999999999985e-02 7.084567811865461806e+00 1.708456781186539075e+01 2.296033294059716212e+01 2.710135530362103751e+01 2.731797684082955158e+01 2.573904723861202726e+01 2.199461655395379722e+01 1.200002097776382115e+01 1.846099353380192554e+01 1.662611855550868256e+01 2.123331853766120147e+01 2.871832075997619427e+01 3.320707634638533534e+01 3.776534032087747761e+01 3.634956366008808004e+01 2.769285505717576612e+01 1.809608490637512190e+01 2.393291340206207352e+01 2.165474661752177710e+01 1.276922274525626300e+01 2.299797896187434887e+01 2.786431800980777140e+01 3.304799616783446226e+01 2.337989166517081685e+01 3.304804171799045776e+01 3.794692929031423745e+01 4.211366604868781138e+01 3.624494007644135962e+01 4.467810501724852656e+01 4.944083497586452580e+01 4.600577659684923759e+01 3.588077716444786347e+01 3.088501061858442753e+01 3.727051732366557246e+01 3.726855752927892951e+01 4.209622606555718249e+01
1.359999999999999924e-02 1.001359768649187032e+01 1.896952904025784648e+01 2.149240532445612928e+01 1.737455675465132643e+01 1.736761498542227500e+01 1.574077459493646458e+01 1.574077459986429339e+01 8.466797930550823637e+00 8.466797930550823637e+00 1.123870202478146929e+01 1.456895523773849099e+01 1.903631140540129962e+01 2.610686511045887315e+01 3.615140310740423502e+01 3.223658498116719784e+01 2.259445295855731572e+01 2.762466963188680324e+01 3.177431895088795955e+01 2.710332144475547977e+01 2.299798084521924935e+01 1.434724588272709589e+01 2.439124809755226764e+01 2.726332401617176160e+01 2.099386480016215017e+01 3.046853694140480684e+01 2.796255203378080623e+01 3.414823340575831168e+01 3.044757785199141153e+01 3.518226588020011292e+01 4.529116648762289543e+01 5.010903604633770669e+01 4.415277453771017235e+01 3.400345180077245999e+01 4.415277455358491920e+01 4.729648062233126637e+01 5.009538495378716050e+01
1.369999999999999864e-02 1.001369999999996274e+01 8.977865388872267260e+00 1.190718921314226364e+01 7.384369291248156664e+00 1.393647675792868057e+01 1.394590772536267842e+01 5.747834239099234743e+00 1.394592557520137177e+01 1.808261877207900170e+01 2.123302427456025754e+01 2.456623562621741286e+01 2.871832075997619427e+01 3.320707637294689363e+01 3.850587563676819514e+01 2.858811467585796606e+01 3.223658498116719784e+01 3.147425951548474998e+01 2.853116053972952670e+01 2.561991171438889481e+01 1.734913268191580826e+01 2.439124809755226764e+01 1.613564736681499312e+01 1.757468355331452159e+01 1.923310887578411155e+01 2.085178212359718231e+01 2.248620727713081635e+01 2.431790905949105408e+01 2.702924482302196907e+01 3.703734730566836220e+01 4.660481766822655203e+01 5.241664052209073787e+01 4.826830756453490068e+01 4.121490200182935837e+01 4.121490200167307449e+01 5.124542631293417827e+01 5.408059183739577236e+01
1.290000000000000001e-02 9.578111825230672949e-01 1.906969178275565557e+00 1.906969178275565557e+00 2.916422949156194377e+00 3.956511097309837854e+00 3.956511097309837854e+00 3.956511097309837854e+00 3.956511097309837854e+00 1.393964716718528329e+01 2.042923621144822022e+01 2.697089657906278148e+01 3.112211874738154549e+01 3.673663790157596765e+01 4.259218242698003820e+01 3.557494725894552801e+01 3.245173021766333932e+01 2.261446235457793463e+01 2.072717030580218989e+01 2.072717030580218989e+01 1.956291306411793585e+01 2.849158613703243148e+01 2.432894667041318471e+01 1.934852490671431013e+01 2.884309460881358333e+01 3.046853721529955550e+01 2.796256568328768566e+01 3.414812759078305504e+01 3.044743862692287806e+01 3.232496540101323035e+01 3.817945774604453391e+01 4.827998229198330904e+01 5.008372794674659900e+01 5.124542686372512890e+01 5.124542631293417827e+01 5.532171312739678370e+01 4.892112611092021268e+01
1.379999999999999977e-02 1.001379999999996251e+01 1.129752048346593796e+01 1.906969178275565557e+00 1.109975711430019096e+01 9.994841836231419308e+00 1.394590772525452849e+01 3.956511097309837854e+00 1.394582202848919295e+01 6.308209586113433076e+00 1.630222383361020988e+01 1.696610670444382052e+01 2.258063094069958154e+01 3.173247664749436936e+01 3.882476538715520320e+01 4.557127594770933854e+01 3.717127005646601390e+01 3.153152493305763215e+01 2.853115896210146829e+01 2.268435174766948137e+01 2.986638382591168650e+01 3.544485145943397697e+01 3.182854126162757424e+01 2.211037229302321094e+01 2.445188684810796786e+01 3.427242273070596923e+01 3.795104785319496443e+01 4.212810521239003947e+01 3.546008755282008451e+01 4.244849209267216850e+01 4.660481766822655203e+01 4.727348487946903788e+01 4.034027132387146963e+01 4.429506751155921052e+01 4.429506751155923183e+01 4.837230219089217798e+01 4.434940381686350719e+01
1.359999999999999924e-02 1.001359999953245250e+01 1.701929629667085209e+01 1.393752702073416216e+01 1.213052591042113093e+01 1.714005994050417669e+01 1.695898926457545386e+01 6.965735031433841762e+00 1.695897244141320925e+01 1.630222383361020988e+01 8.805947304389063035e+00 1.258292179275919231e+01 1.757832642241931964e+01 2.464923666530106416e+01 3.450464515081994676e+01 4.023680261171568162e+01 4.427697571738241322e+01 3.959278004011479624e+01 2.949921637259553364e+01 2.842200108952511428e+01 3.135142111090765837e+01 3.650677629944178193e+01 2.658272596621027262e+01 3.182849541798190529e+01 3.427242273083709989e+01 3.133787981318972626e+01 4.135704443808612041e+01 4.963837610193969141e+01 4.553214895078314584e+01 4.964105923825302824e+01 4.730206695484436352e+01 4.241971518243793327e+01 3.354450599487955742e+01 3.463633877804669225e+01 3.463633877804669225e+01 4.429506751155923183e+01 4.048632441120547298e+01
1.359999999999999924e-02 1.001359999999996298e+01 1.658069186064752287e+01 2.365175965905298483e+01 2.338353526226566714e+01 2.626793446733156046e+01 2.049241790315823408e+01 1.049837250223730045e+01 2.049241789942938397e+01 2.258089498672875450e+01 1.258292179279488110e+01 1.258292532722399493e+01 1.635875730828028551e+01 2.043666556129016243e+01 2.619752766267933453e+01 3.612877998180374561e+01 3.447526249989085301e+01 4.141442204282715522e+01 3.959278004011479624e+01 3.842366665641671375e+01 4.156422916776370613e+01 4.067360784509092753e+01 3.355691956212427840e+01 3.355691668413632556e+01 4.362816230494408387e+01 4.135705276032604871e+01 4.551806199676532572e+01 4.364366715423422960e+01 4.759618743357779636e+01 5.014880976371232890e+01 4.034331996715854984e+01 3.354452418522566148e+01 2.878656539888097754e+01 2.789716534229512490e+01 3.746531492612877656e+01 4.288976886052348192e+01 3.682163167787037139e+01
1.319999999999999993e-02 2.438556250363327571e+00 9.509624062228777319e+00 1.937599239874676726e+01 2.291152630452596739e+01 2.705366176368934461e+01 2.463573573866050026e+01 1.756388813625715883e+01 2.049241790375714700e+01 2.673002166423175652e+01 1.757832647822695549e+01 2.258580418474598162e+01 1.891344722387249888e+01 2.905597558272192771e+01 3.450464515081998940e+01 3.646964107109954512e+01 2.743628203777919339e+01 3.646964107109954512e+01 4.281003595101585546e+01 3.874594593549609556e+01 4.001571459757055038e+01 4.408176576518879841e+01 4.362880399175313784e+01 4.362816932571089978e+01 4.778725849085398636e+01 4.184769952931750225e+01 3.773511676663216718e+01 3.412201341550198919e+01 4.208912568638333340e+01 4.673033185950883706e+01 4.647265969310931411e+01 3.678622015487373176e+01 3.002627991307692668e+01 2.452077966253850150e+01 2.852446136521577813e+01 3.520509272451266014e+01 3.389090485283045240e+01
1.019999999999999900e-02 1.001019999999996202e+01 6.360878953127000912e+00 9.375992398904626768e+00 1.291152630483735209e+01 1.868502899673356765e+01 2.868502899499894809e+01 2.756251418896736638e+01 3.049316948655089732e+01 3.173524996240984208e+01 2.758346349523054997e+01 3.173524996240400142e+01 2.606927492812763703e+01 3.338567868858515908e+01 3.820743691367469097e+01 3.239051093542768456e+01 2.233987005827824390e+01 3.239051093542768456e+01 3.711694498659419139e+01 2.886486802893338677e+01 3.015212420799957371e+01 4.001571459757055038e+01 4.196128476800858920e+01 3.801283198779491812e+01 4.196128476800858920e+01 3.625199559966029739e+01 2.791988305368894885e+01 2.845826037244623663e+01 3.296410458563290291e+01 4.268235143083196448e+01 4.502493495221827402e+01 3.946074573724352774e+01 3.545047496882751403e+01 3.119912027179408653e+01 2.156112454021176816e+01 3.119671440037038934e+01 2.941672508226941574e+01
7.249999999999999500e-03 1.000724999999996356e+01 1.636087895304437723e+01 1.937599239874676726e+01 2.291152630452596739e+01 2.705366176368934461e+01 3.282716413432703462e+01 3.241782870592444254e+01 3.531638886187024440e+01 3.463770664273496180e+01 3.316875393237112490e+01 3.714236772483252480e+01 3.655307754760851680e+01 3.820743691367469097e+01 2.829076210090186549e+01 2.904023086426042966e+01 1.888679951589607597e+01 2.597881559750226899e+01 2.831236435624339975e+01 2.300993357583363164e+01 3.187180318865999240e+01 3.595428210455811069e+01 3.711831276487399833e+01 2.826329138995640378e+01 3.711831267923803068e+01 3.205531300213523593e+01 2.206986479368845622e+01 2.486363829043201790e+01 3.186929178263105911e+01 4.128579897423750822e+01 4.098965938401409659e+01 3.139551054442447509e+01 2.589963467781383599e+01 2.266569557484356423e+01 1.963464433350534577e+01 2.719195026892996836e+01 1.972473332593787276e+01
