output/example/elevation_000004.asc
nrows	50
cellsize	20.0
xllcorner	0
ncols	50
yllcorner	0
NODATA_value	-9999
[rows 17 to 33 of 50, columns 0 to 36 of 50]
9.098509734387574266e-01 1.009098509734373152e+02 1.691801448825636953e+02 1.277565810508178856e+02 1.337437015981887214e+02 4.231734014693484625e+01 4.902890069907513748e+01 5.580175531386115040e+01 1.558092144260485554e+02 1.727844974235731286e+02 8.651035495193866609e+01 1.865219848087234595e+02 1.177905251855273576e+02 1.301940004996736775e+02 2.302111510164723711e+02 2.622702942381547473e+02 1.828762465234258627e+02 2.829045460720122378e+02 2.621934103306918473e+02 3.199584565878371905e+02 4.200009343776750939e+02 4.697689735485769802e+02 3.704915459307041488e+02 3.535221651280328388e+02 2.538275530921102359e+02 2.981155280966651162e+02 1.983685117922547363e+02 1.854898390220001545e+02 2.852157654729390970e+02 3.305106840178017933e+02 3.717496521209550338e+02 3.328152747111125223e+02 2.329636688476286679e+02 3.033934684136429496e+02 2.506163799360328994e+02 3.082743073063983275e+02 4.080876333308748940e+02
6.729603419142361487e-01 7.138363846056797968e+01 1.713836384605651233e+02 1.627093373619080126e+02 6.272975457633862817e+01 1.423190731046406086e+02 1.193540550212232603e+02 1.558092144260485554e+02 1.005382295620271975e+02 2.015611100375042213e+02 1.865219848087234595e+02 1.005131558199290538e+02 2.005264754530198843e+02 2.302111510164723711e+02 2.118542029605543746e+02 3.118902031000825446e+02 2.829045460720122378e+02 2.044435553175887037e+02 3.044786590027117086e+02 3.731255693011969470e+02 4.308734272797616995e+02 5.106421166170886750e+02 4.164896876353478774e+02 3.169292891482368191e+02 3.535221651280328388e+02 2.614650033268620177e+02 2.981155280966651162e+02 2.852157654729390970e+02 2.007923907658794747e+02 2.308523250282761694e+02 3.305106840178017933e+02 3.741481140728326409e+02 2.829003699642115066e+02 3.741481140728322998e+02 3.082743073063983275e+02 3.917897138706043734e+02 4.494068215321310049e+02
9.500813129397378543e-02 1.000950081312925448e+02 1.914720979180352742e+02 1.774341418149043079e+02 7.747394994841711480e+01 1.774341418149043079e+02 2.156905292698180858e+02 2.379815217817278494e+02 1.359797496558400098e+02 2.389532192646960027e+02 2.419654046224665649e+02 1.582430900134283434e+02 1.267744622895989011e+02 1.974946444017662941e+02 2.975660828532601272e+02 3.533217671706884744e+02 3.398502627091187946e+02 2.398039715833798482e+02 2.316629621292112233e+02 2.894206414935682119e+02 3.894718866874472951e+02 4.617389036041543591e+02 4.164896800267371191e+02 4.164896876353478774e+02 3.429021608063914073e+02 3.611822564665322375e+02 3.170083315601495428e+02 2.174121335541182702e+02 3.004625582004569537e+02 3.305106840178017933e+02 2.884000137223914066e+02 3.880349294117236809e+02 3.827301794580137653e+02 3.827301794580137653e+02 4.080876333308748940e+02 4.494068215321215689e+02 4.556579865035565149e+02
5.074168083889973868e-02 5.005074168083854147e+01 1.500507416808356993e+02 1.926592423549267323e+02 9.272380600635571568e+01 1.634145992760511206e+02 2.632620563027091976e+02 2.842698892263375683e+02 1.950610422949762608e+02 2.844399896898996190e+02 2.989703679980344191e+02 2.574447489438784373e+02 1.676004658567391630e+02 1.583975552151911756e+02 2.161414599890484851e+02 3.162248823829552293e+02 3.812586438438174810e+02 2.845421476926103423e+02 3.317072733420041004e+02 2.625312160438107867e+02 3.202986151459985535e+02 4.203477279818505394e+02 5.157442327831981856e+02 4.837137097873181233e+02 4.425193544140731774e+02 3.895129640259853545e+02 2.900686816548760021e+02 2.326117817331538333e+02 2.445309752839411033e+02 3.441104244265799252e+02 3.880349294117236809e+02 3.697666355290245406e+02 4.693195156609431251e+02 4.825028970817625691e+02 4.303584645870454324e+02 3.889365503090316452e+02 3.779975610090967280e+02
2.528005767708579876e-01 1.002528005767694168e+02 1.914720979180330573e+02 2.086392934080017483e+02 1.087366170660725686e+02 2.086392934080017483e+02 2.740340200725619866e+02 3.278071216959007756e+02 3.029295294987152261e+02 3.519730457447003005e+02 3.397981261787328435e+02 2.384272400415845823e+02 2.676032357549428866e+02 1.833982960369572197e+02 2.834562345935923418e+02 3.577232350781719674e+02 4.259823081181999100e+02 3.423141666225471909e+02 3.914684856774825903e+02 2.914108709833340640e+02 3.258130184372639064e+02 3.835886656183136552e+02 4.836014058856099496e+02 5.208289971341290538e+02 4.801356512238380674e+02 4.306465592326656520e+02 3.479144630542493815e+02 2.485608628753747666e+02 3.441104244265779926e+02 2.732806014130712811e+02 3.437080314737987692e+02 4.432223757539022131e+02 5.105114575407363304e+02 4.415827345552452243e+02 3.415825994837780968e+02 2.889365235763450528e+02 2.779975433295463176e+02
9.791283598286071310e-04 7.071165724701357647e+01 1.707116572470107201e+02 2.499268381454167809e+02 2.086392934080017483e+02 1.329900634208985934e+02 2.328226225570318206e+02 2.297110563487774186e+02 2.994713436617782349e+02 3.963829264930174645e+02 3.840446338326291311e+02 3.400448217021285018e+02 3.188412336982325428e+02 2.187575948948101541e+02 2.411476745113715197e+02 2.989212617621362824e+02 3.990786344751688262e+02 4.130690602195565475e+02 4.268429146951624489e+02 3.267889199076420823e+02 3.914684858758587325e+02 4.672485970501322754e+02 5.249675465970442474e+02 4.801356512238380674e+02 3.816260973674938555e+02 4.104788776803556516e+02 3.641223535663177699e+02 2.649190470158339963e+02 3.641223535663177699e+02 2.950124392368936697e+02 3.945832371493604001e+02 4.689296737689341512e+02 4.354486015604362024e+02 3.854462215616831600e+02 3.415825994837780399e+02 2.415825880231217297e+02 2.072868651779894265e+02
4.600753433092569233e-01 1.004600753433078211e+02 1.453193068210418346e+02 2.453193068210389924e+02 2.740340200725619866e+02 2.328226225570318206e+02 1.592504016325290479e+02 2.589741132629679328e+02 3.307642641109598571e+02 3.754177695821360317e+02 4.333634897485526949e+02 3.896547689899518332e+02 2.895094916066219071e+02 2.895094941435852434e+02 3.412517908585342639e+02 3.827782327132915157e+02 4.406679105109885199e+02 5.130386613018569051e+02 4.682320440062367197e+02 3.768293171900975835e+02 4.682320443372303203e+02 5.328266181619502504e+02 5.469747638397975606e+02 4.495901500352520657e+02 4.104788776803556516e+02 3.118836790430822248e+02 2.897394467007981689e+02 3.641223535663177699e+02 4.051513298491541377e+02 3.945832371493604001e+02 3.282201282701572609e+02 4.277647800884627145e+02 3.940237632419060674e+02 2.940236962548303268e+02 2.440236962547707549e+02 2.062272489538469813e+02 1.708719098945186090e+02
5.979472710492108600e-01 4.531930682104467678e+01 1.160299849396984229e+02 2.160299849396955665e+02 3.028117116465462004e+02 3.000835265531511027e+02 2.589741132629679328e+02 1.901045941638028296e+02 2.347707702754202614e+02 2.922717847083835068e+02 3.915779872328644728e+02 4.311914102100874402e+02 3.896548210076004466e+02 3.896555840011882879e+02 4.132427095596647177e+02 4.548327425028061839e+02 4.440939148445795581e+02 4.856907783979484066e+02 5.182218556093181405e+02 4.768565122041144946e+02 5.182218565280804796e+02 6.016085493654420588e+02 5.053380852857103491e+02 4.495901993981673854e+02 3.520104582315522634e+02 4.104788776803556516e+02 3.195956902997510838e+02 4.185178383776176929e+02 4.683792584936447270e+02 3.688945359002586883e+02 4.277647905677470703e+02 4.277647845816683230e+02 4.354481885149833715e+02 3.854462215616831031e+02 3.208719166279088313e+02 2.208719098945219059e+02 2.708719132612154112e+02
1.534601171854249602e-01 1.001534601171839967e+02 1.613903552962816548e+02 1.613903552962816548e+02 2.344344882017622922e+02 2.844344883674617677e+02 3.307643303261599499e+02 2.897089362946560414e+02 2.308860548876338328e+02 3.012667082340982461e+02 4.001867704920750839e+02 4.850023102286546077e+02 4.562869413021614946e+02 3.968606719548567980e+02 3.128247099449388884e+02 3.968606728515441660e+02 3.436673402912776965e+02 4.277099039428189826e+02 4.696814013744091767e+02 4.273390684965883111e+02 4.696814014781277251e+02 5.333512512550674955e+02 5.036409811582000202e+02 4.083490306841532060e+02 4.177425911536079184e+02 4.515436314889063283e+02 3.525640823114537739e+02 4.515436342338263103e+02 4.998220925483249744e+02 4.003911208444672525e+02 4.998220925483249744e+02 5.271719754239480835e+02 4.548282030559365126e+02 3.548281414988091456e+02 2.841174631025354529e+02 3.208719166279088313e+02 2.886881153237299600e+02
1.123418600940028211e-01 1.001123418600925703e+02 6.139035529626190879e+01 9.301313189794613834e+01 1.430131318979475452e+02 2.137238100166042898e+02 3.137238100177032152e+02 3.302681011032258880e+02 3.302681011032258880e+02 2.883979386109867846e+02 3.456982484120949266e+02 4.443649817240620905e+02 4.043855119474011985e+02 3.142662416035101955e+02 2.548367844019522579e+02 3.281324717129867281e+02 2.856880693041894119e+02 3.861126046762017268e+02 4.186910758794200547e+02 3.254589816909330011e+02 3.789328158927015124e+02 4.674340202078203106e+02 5.451726196492487588e+02 5.053380854123585664e+02 4.986610021725934416e+02 4.926522736228326949e+02 4.020468641261032872e+02 4.927004298065761532e+02 4.998220925469203735e+02 4.707274874156503870e+02 4.815951877103913148e+02 5.809225186673634198e+02 4.841176909596926521e+02 3.841174814098188790e+02 3.654648998099286246e+02 2.886881153237299600e+02 1.886881139457300094e+02
2.368195578726151052e-02 2.359390799533892746e+01 8.132893491430230881e+01 1.813289349143137485e+02 1.637238100166028687e+02 2.344344881352596133e+02 3.344344881357525310e+02 4.291813300864738494e+02 4.281316638596149460e+02 3.873997166835972052e+02 3.989828990086957106e+02 3.567873481652467831e+02 3.627889420802590621e+02 2.623466749696205511e+02 2.138019863794350783e+02 2.276788375825071000e+02 3.281324718206742546e+02 4.070799976178334418e+02 3.763990250936975599e+02 2.747684903653700417e+02 3.237625646392684189e+02 4.253148499538138481e+02 4.519991111172139426e+02 4.995159414860476659e+02 5.626846653213142417e+02 5.421937374804782621e+02 5.011336084367297303e+02 5.425635634969673902e+02 5.991402803626671130e+02 5.700626828515353282e+02 5.809225186673537564e+02 4.971147442706228503e+02 4.471146463518402925e+02 3.947541383729027871e+02 2.947541311356148412e+02 2.240434530050583817e+02 2.792800918785711133e+02
6.540601710037032834e-01 1.006540601710022713e+02 1.604818751403409181e+02 2.227502911664819010e+02 2.637238100167474499e+02 2.677714922185357409e+02 3.091928484555411387e+02 3.591928484553704379e+02 3.574624091745343435e+02 3.158752116886876706e+02 3.403370641793561049e+02 2.561869049977088366e+02 3.403370641793741811e+02 2.807781743431232258e+02 1.802834051427699364e+02 2.807781743421937222e+02 3.359871584890751706e+02 3.063543678879326535e+02 3.423977558039079554e+02 2.410149613045982164e+02 3.378934314770179981e+02 3.611730064587451352e+02 3.444489739215358668e+02 4.055221329403404980e+02 4.751628037490824568e+02 5.338218633445195564e+02 5.913357327349176558e+02 5.498207580066334685e+02 5.527134011687338671e+02 5.113137594941242128e+02 5.527134011428580607e+02 4.556931232724955976e+02 3.556931110981454367e+02 3.056931110978355264e+02 2.648682820514469540e+02 3.240014524674820677e+02 2.240014501443987740e+02
4.909850854147627119e-01 1.906051890311987762e+01 1.190605189031184494e+02 1.882168849506679180e+02 2.177714922185399473e+02 1.677714922185413968e+02 2.177714922185399757e+02 3.177714922185343198e+02 3.158752116886876706e+02 2.156134585426747208e+02 2.449794461454902148e+02 1.983160275729691193e+02 2.986230955791600081e+02 2.602647701390144448e+02 1.597725762566836636e+02 2.523476457627417915e+02 2.353206045515440792e+02 2.350840191125787726e+02 2.911188133916345464e+02 2.139988160176642111e+02 2.360574369040646729e+02 2.599635079844054530e+02 2.894592645305122005e+02 3.221757875766957113e+02 3.751514807623865977e+02 4.870667112709832622e+02 5.339563861922894148e+02 4.510143104400603988e+02 5.028510783834954623e+02 4.116814549791532727e+02 5.028510783490347080e+02 4.971147442753306791e+02 4.355789724010681425e+02 3.355789601982602903e+02 3.648682856537250245e+02 3.056511083831435940e+02 2.687228096943997002e+02
3.962370847149454534e-02 1.000396237084700601e+02 4.679552871438113471e+01 1.467955287143782925e+02 1.177714922185428037e+02 2.177714922185399473e+02 3.091928484555403429e+02 3.591928484553704948e+02 3.305995864273296547e+02 2.449794461454902148e+02 1.447392309597954920e+02 2.071881300482434654e+02 2.166935042291878801e+02 2.263340933944183178e+02 1.400921759873041879e+02 1.517513420737698766e+02 1.641105333489639122e+02 1.768803127965625777e+02 1.902180122413905679e+02 2.911188133915117646e+02 3.379296596950524645e+02 3.627223501040726887e+02 3.932256737617679505e+02 4.283229229312108828e+02 4.738192411948734843e+02 5.272677353694888325e+02 4.897518687428942599e+02 3.942917380026265732e+02 4.614976072366258677e+02 3.620176045224336008e+02 4.263261149807601669e+02 5.259881126041167363e+02 4.770005710378827644e+02 4.355789724010681425e+02 4.470726862957523053e+02 4.056511202472902937e+02 3.264578366151877731e+02
2.605283927408929001e-01 1.002605283927394595e+02 1.467955287143782925e+02 7.694666317215707352e+01 1.769466631721542171e+02 2.591928484556402736e+02 3.218202677915699610e+02 2.939638088409686816e+02 2.524738938840651770e+02 1.888247329687474405e+02 1.179605179385421252e+02 1.069336631182220998e+02 1.163949955405616237e+02 1.259887287328454590e+02 2.263340933944183178e+02 1.936748059898121426e+02 2.648051555611655203e+02 2.776753635370694155e+02 2.615728913336490109e+02 2.258912107086710250e+02 2.595437759869170691e+02 2.952238885663576298e+02 3.402553146547106167e+02 3.978292576293238767e+02 4.940083172028913623e+02 5.028219038014642024e+02 4.066752467073874868e+02 3.501837579246390533e+02 4.070325876351082002e+02 3.268948867549486295e+02 4.263261149807873949e+02 5.218827202836465631e+02 4.804767756982828359e+02 5.218827202836504284e+02 4.968922855322541068e+02 4.678794247658255472e+02 4.264578465540649859e+02
3.048053885361223792e-01 7.101548350719185976e+01 1.710154835071890034e+02 1.769466631721542171e+02 1.303989115546404491e+02 1.803989115546390281e+02 2.803989115546333437e+02 2.524738938840651770e+02 1.523065697394345932e+02 1.816448997280857895e+02 9.367502761724955462e+01 1.645179264492679181e+02 2.166935042291878801e+02 1.969369138079450750e+02 2.027597151433269005e+02 2.963147348054595227e+02 2.666674633570285096e+02 3.681752083648048597e+02 3.624489791368415013e+02 2.841510267849363913e+02 3.082138730504736372e+02 3.951486630895190046e+02 4.348454451972136212e+02 4.782093207962832935e+02 5.326392129417688466e+02 5.431380434775109052e+02 4.897518687428546400e+02 4.070325876351082002e+02 3.078976532175324223e+02 2.981718647591172271e+02 3.976227917897650741e+02 4.719384215248901455e+02 3.806189109456312849e+02 4.676602824201518729e+02 3.970187069661575947e+02 4.676602824096800646e+02 4.278579809467956352e+02
5.470844782054917754e-02 1.000547084478191096e+02 1.801220998069279062e+02 2.301220998068663448e+02 2.303989115546376070e+02 2.718202677917041115e+02 3.218202677915712684e+02 2.761390833304039347e+02 1.816448997280857895e+02 8.149565311664306932e+01 1.816448997280857895e+02 2.353809821178747086e+02 3.062440377864621155e+02 2.973051630475993079e+02 2.989363686142204983e+02 3.400963686641372306e+02 3.681752083648048597e+02 4.098728636222504633e+02 4.261275714272101709e+02 3.846877702120793856e+02 4.086424185969763698e+02 4.500619580641910034e+02 4.725685773533240308e+02 5.140473970071444683e+02 5.601479817755088106e+02 5.187342996829040658e+02 5.187342996994984787e+02 4.482022765641630144e+02 3.710434135222117220e+02 2.715377785597481761e+02 3.462360513849214385e+02 3.875406820965744146e+02 3.307451562120113522e+02 3.729267350531821421e+02 3.264730177550218855e+02 4.262710008667997386e+02 4.231605894645057333e+02
