output/example/elevation_000294.asc
nrows	75
cellsize	13.33333333
xllcorner	0
ncols	75
yllcorner	0
NODATA_value	-9999
[rows 17 to 33 of 75, columns 0 to 36 of 75]
1.309999999999999880e-02 9.669302770657374424e+00 6.885295928813237598e-01 9.684758483592493805e-01 1.248861925405269968e+00 1.529579232427441537e+00 3.704252598484739867e+00 1.100937004605028946e+01 5.983639724189988129e+00 1.172997886514370869e+01 6.826421929490650520e+00 1.199682107538071563e+01 5.051868475929357949e+00 1.136327072490046852e+01 1.350756016368019985e+01 4.672784975922951389e+00 4.970700122376390695e+00 5.266956417597091544e+00 1.496778214829286036e+01 1.724779707557654262e+01 2.134047565402325830e+01 2.357026160688101513e+01 2.730443851464951877e+01 2.721050302177289737e+01 3.126032567438978305e+01 3.019320677759270311e+01 2.017954737617531435e+01 3.019320677759270311e+01 3.773167079545154223e+01 3.592096898672666327e+01 3.495834723012418976e+01 2.580039231590795978e+01 3.014085181451491735e+01 2.735635465863379423e+01 2.460045456691966592e+01 1.622059568032765497e+01 2.578433329019880560e+01
1.379999999999999977e-02 2.930903867389711981e-01 1.007848863613341983e+01 7.611111386084810526e+00 9.659178608898402629e+00 6.485838922797572792e+00 1.932001053523429546e+00 2.216902501467999720e+00 2.502850332858555404e+00 2.789384541580912202e+00 3.078556862132108662e+00 3.368163408648663371e+00 3.658517680454185239e+00 3.954068905274408685e+00 4.250301343639740104e+00 1.351459750498420753e+01 8.288788473542277657e+00 1.491689858115042355e+01 6.333312255760603193e+00 1.632124605452169774e+01 2.130592237352702512e+01 2.317256974750356235e+01 2.688169530078766556e+01 3.087790916114951045e+01 3.570953943811979769e+01 3.438648190457055875e+01 2.723309318868807694e+01 2.723309318877227270e+01 3.733955337768176008e+01 4.097124689627866445e+01 3.222303768273565083e+01 3.495834723012389134e+01 3.266466398943362037e+01 2.293441203329914302e+01 1.622059568032765497e+01 2.578433328884770503e+01 1.752215001463533284e+01
1.379999999999999977e-02 1.001379999999996251e+01 1.454480984465787152e+01 1.668374291607520021e+01 1.432412711124593763e+01 1.590897118729160731e+01 1.465406614788872020e+01 5.918833059567545796e+00 1.167890041758994535e+01 4.600339059804682940e+00 3.757393879876020470e+00 1.292970883876272481e+01 4.549830648782214659e+00 1.244378728379813381e+01 8.787979043305908178e+00 7.502707594864564733e+00 1.713076742548226505e+01 2.011368501270818854e+01 1.632323358128368795e+01 7.433334529878898422e+00 1.740845008686334339e+01 1.327603844720101023e+01 1.706625786840642078e+01 2.204305531570069121e+01 2.891678475400782844e+01 3.848901360050465570e+01 3.733955294687807935e+01 3.733955327366286525e+01 4.153989108813920694e+01 4.467851831775234217e+01 4.035274344637421962e+01 3.694486886297473660e+01 2.713476130446657208e+01 2.021010507261880207e+01 2.578433684897813905e+01 2.980725852511952922e+01 2.717282115687689270e+01
1.290000000000000001e-02 5.786087903593856829e+00 1.285364858429735690e+01 2.283708744260668055e+01 2.275649045049359387e+01 2.267016057426605613e+01 1.223552735213370646e+01 1.605294777998465960e+01 8.505935977633736655e+00 1.486735982269502010e+01 1.810579971763457152e+01 1.318164601706736150e+01 1.398585842155710424e+01 1.564745186127791676e+01 1.895132565062537466e+01 1.751438693749590669e+01 1.098916076083110482e+01 2.108274972413809323e+01 2.146277773578664139e+01 1.740818368001154326e+01 8.549086748752252163e+00 1.849946527766443438e+01 2.372125090998456898e+01 3.058286194794225210e+01 2.947539055862214497e+01 3.003090594497054155e+01 3.403587109548469414e+01 3.554188113150124906e+01 3.658613709504806621e+01 4.059836537192445149e+01 4.488333286315334192e+01 3.397223594130777968e+01 2.646868196938420681e+01 2.713476130446657564e+01 3.405181571147330288e+01 3.327169935346290686e+01 2.719279189783372530e+01
1.290000000000000001e-02 1.001289999999996283e+01 1.545921340074386130e+01 1.960134911100513122e+01 2.407348537936829658e+01 2.701258886702096618e+01 1.957938537096067932e+01 2.215873110101948029e+01 1.262528488991287645e+01 1.569317148467171563e+01 2.530773795952125838e+01 1.878931506988978128e+01 2.508765023031099162e+01 2.524647368714171591e+01 2.523768886191616190e+01 1.506027488466200204e+01 2.108277697618207114e+01 2.524059965640669390e+01 2.715390491423795538e+01 1.799752615597143190e+01 1.098165105604254421e+01 9.766258282373721400e+00 1.683544334506673223e+01 2.256971769908182779e+01 1.971457500748603309e+01 2.029524326833769976e+01 2.653953190405189133e+01 2.599454906593532755e+01 2.703895784133695557e+01 3.535114027519543356e+01 3.934426585791906206e+01 4.064989067405926448e+01 3.654915193794277428e+01 3.694486886317287855e+01 3.590266618246130292e+01 2.919025613803497521e+01 1.940472105936916947e+01
1.309999999999999880e-02 2.685712419124245631e+00 5.459213400250394699e+00 9.931349355249988520e+00 1.570485204714626448e+01 2.570485205364121128e+01 3.013194473223215653e+01 2.622795723378412092e+01 1.742663241352271797e+01 2.530773795930338821e+01 2.938900553217271039e+01 2.801779934379020887e+01 3.211813433659964545e+01 3.240228618646785463e+01 2.227001548114486340e+01 1.960664295831926651e+01 2.937205994072698090e+01 3.316679022618530581e+01 2.483067399857125679e+01 1.493519991845363215e+01 2.105704806204003177e+01 1.971392113214166741e+01 1.100288738035961877e+01 1.264783723776819002e+01 1.264783723776819002e+01 1.450888334852420236e+01 1.661981058234103514e+01 1.899746817612087213e+01 2.237605673822376673e+01 2.586792806002567602e+01 3.135780968374224642e+01 4.080613130927033438e+01 4.441652423157869123e+01 3.874188943841346600e+01 3.181976300724600293e+01 2.198104920659248762e+01 2.173700338299517298e+01
1.349999999999999985e-02 1.001349999999996321e+01 1.545921340074386130e+01 1.253028121211602297e+01 2.253028121458242694e+01 2.984698935244318108e+01 3.202541941287586980e+01 3.104156217975089405e+01 2.693449524744041312e+01 3.104156216568559401e+01 3.326933726877687292e+01 3.436103032514959210e+01 3.849670143203994144e+01 3.647410440030910905e+01 3.240228618646785463e+01 2.553386898201880939e+01 3.388834312873357391e+01 2.918242848927101463e+01 1.945160960979507436e+01 2.483067399857112889e+01 2.748716735318123128e+01 2.197194388648110319e+01 1.204016028390046777e+01 2.194869010587835234e+01 1.847755988698561680e+01 2.440988528784165013e+01 2.215846247958393178e+01 2.872434710606349384e+01 2.703926075643564886e+01 3.535114027519543356e+01 3.934426586052233432e+01 4.485410567330306719e+01 4.030903178537180054e+01 3.051656451167993467e+01 2.483259303073176127e+01 3.181976300724600293e+01 3.157674370794090279e+01
1.349999999999999985e-02 7.084567811865484899e+00 1.708456781186555062e+01 2.253028121465704459e+01 2.667241747080719705e+01 2.575554689857643709e+01 2.211189042596907228e+01 2.913113052958506088e+01 3.246249205083106659e+01 2.832667122766576995e+01 2.328125174267195518e+01 2.437404905243566233e+01 3.331042835458832485e+01 3.744574991692988419e+01 3.965209944690041510e+01 3.561179363285866373e+01 3.469000053735247491e+01 2.515060583497868407e+01 2.918242848638157483e+01 3.051135521300401976e+01 2.346714438034208428e+01 1.354905758523807968e+01 2.197194388710907020e+01 2.598244069152284652e+01 2.840037087010229655e+01 3.233292940839208995e+01 3.100399981161901408e+01 3.496534775003640050e+01 3.659310579934983565e+01 4.062560288479316029e+01 4.759464410196464712e+01 4.737309734748540535e+01 4.245236107072825860e+01 3.465534829940276751e+01 2.483259303073176127e+01 3.465534830220854445e+01 3.838124163239789510e+01
1.359999999999999924e-02 7.084667812074946447e+00 1.708466848289508988e+01 1.818492930677301089e+01 2.203194044194393442e+01 1.584724014073362319e+01 1.510779848298262529e+01 2.501549293267775198e+01 2.666229284977341507e+01 1.828386198280114172e+01 1.613341459605321404e+01 1.953900045736904190e+01 2.333624423897708056e+01 3.038786077759912274e+01 4.036613016185507519e+01 4.248841313155028843e+01 3.293734740803883199e+01 3.469000062417755004e+01 3.333214065175133101e+01 2.368243043276203252e+01 1.665278746737714854e+01 2.346714438027409955e+01 1.354905758523807968e+01 2.346714464205047435e+01 2.732765440171612426e+01 2.913468778591192176e+01 3.102364562091304023e+01 3.332821273215215285e+01 3.575414189736396509e+01 3.400782698218584699e+01 4.351948421395018585e+01 4.325192628828069275e+01 3.345515641264637452e+01 2.856904224457348107e+01 3.465534830220854445e+01 3.874188957174682457e+01 4.248021234397992885e+01
1.369999999999999864e-02 1.001369999999996274e+01 1.222286608705108613e+01 8.708181946926208283e+00 1.409256260063874144e+01 8.816340981275667232e+00 1.874931595682053498e+01 2.436506242019831703e+01 2.142928845211866573e+01 1.238190425216263435e+01 2.252845260672457783e+01 2.954054113759887201e+01 3.331042835458832485e+01 3.744574991692988419e+01 3.860394580632247852e+01 4.271331082933821932e+01 4.248841313155028843e+01 4.012975117211021825e+01 3.611625324178206142e+01 2.888053390296882839e+01 1.910148068122557419e+01 2.569025509084032066e+01 1.585324145883494040e+01 1.574022108072286308e+01 1.752265581176747844e+01 1.940337126105510634e+01 2.139165479118044999e+01 2.382600495620597414e+01 2.635829810335038914e+01 3.575414189737181658e+01 4.452014310133856867e+01 4.737309792798574648e+01 4.245236298682807785e+01 3.420837364975245976e+01 3.547567526929670834e+01 4.530132467613692171e+01 4.816799277499026743e+01
1.290000000000000001e-02 1.001289999839285016e+01 2.224780015060282334e+00 3.153256696476393728e+00 4.106719251252133773e+00 1.410304758245544932e+01 1.658029311360149904e+01 1.573779504761822423e+01 9.314382272106026761e+00 1.067668524387311813e+01 2.048795319438020357e+01 2.663576729021680478e+01 3.380558466714725085e+01 3.698175069346798693e+01 2.867391313421882515e+01 3.698175074613342161e+01 4.286487569106970597e+01 3.332088229595837703e+01 2.660130021054283489e+01 2.289097813780823287e+01 2.888053390257348951e+01 2.805620723056099308e+01 1.830180435217917534e+01 1.910367588823273621e+01 2.732765440202319596e+01 2.913468778561712114e+01 2.825064231481553634e+01 2.754733730182021034e+01 3.575414189659738895e+01 3.104955171975342054e+01 3.639959429314674111e+01 4.600361740060864690e+01 4.813987507668751675e+01 4.401594573384770115e+01 4.530132467613692171e+01 4.942905160167965306e+01 4.852102903902083852e+01
1.379999999999999977e-02 9.228909090905796919e-01 1.092217790188755977e+01 1.022350766117661536e+01 1.410305888517659767e+01 5.542635268988629349e+00 6.574085686610835921e+00 7.691994435423342935e+00 1.119023137064754359e+01 1.920298636366210232e+01 1.265386682771839766e+01 2.251568106951757287e+01 2.388524533849034981e+01 2.912174126883218506e+01 2.295165914057860945e+01 3.287083877030315193e+01 4.228830485181096321e+01 4.012975117211021825e+01 3.611625324178206142e+01 2.726240522772068786e+01 3.651412035780082022e+01 3.054318663529687683e+01 2.091151610341139033e+01 2.883765031180031002e+01 2.439815269560419253e+01 3.393566516773767461e+01 3.771826781311923327e+01 3.420913800274498584e+01 3.700553521431115200e+01 3.763233829359406712e+01 4.452014310133856867e+01 5.012249266379540558e+01 4.903518202449666319e+01 4.612193100496178744e+01 4.903518183871804581e+01 4.819781720162999505e+01 4.242107350233706597e+01
1.359999999999999924e-02 1.001359999999996298e+01 1.506374571120332639e+01 2.021650741631117043e+01 1.967414767367034401e+01 1.553691716220020602e+01 9.492582691051744348e+00 1.765377257918426679e+01 1.540050533447121417e+01 2.324193462856355552e+01 2.251568106937999048e+01 1.476765992591808008e+01 1.690765006892643640e+01 1.922434604612550757e+01 2.912174126883218506e+01 2.824848267251008949e+01 3.398360041200947990e+01 4.390963386029415716e+01 3.677337323108019262e+01 3.397372746670054511e+01 3.828243283377137374e+01 2.880383074385676423e+01 2.406324254076321978e+01 3.354000069584468946e+01 3.393566516776684239e+01 3.114970859770552281e+01 4.066155930065291102e+01 4.375663529483937708e+01 4.663267336589399292e+01 4.728225027352672782e+01 4.754789490178237799e+01 4.343168667542498440e+01 3.915854713315017221e+01 3.627421909346825402e+01 3.915854712402767746e+01 4.347118001005151200e+01 3.329839763721127355e+01
1.359999999999999924e-02 1.001359999999996298e+01 1.651235567335140786e+01 2.586627423267978898e+01 2.696016913290310058e+01 2.351342823437996898e+01 1.931487647775040983e+01 1.445974832449848080e+01 2.455429866154707597e+01 2.877174124650163733e+01 2.836754504685814382e+01 1.921475977036413951e+01 1.835342277248511067e+01 2.824545107264488664e+01 3.304610378751699074e+01 3.817883577694178143e+01 4.228830485181096321e+01 4.801770340819916072e+01 4.639950056544754631e+01 4.353231600528587109e+01 4.232246332818917267e+01 3.752837154400606323e+01 2.956149514682326540e+01 3.077263821013417200e+01 4.022100474084963651e+01 4.066155930210741332e+01 4.472496021998855298e+01 4.438671931124338954e+01 4.827095392975202515e+01 5.043064721125254835e+01 4.053262229888972001e+01 3.359817317413350679e+01 3.721242666143223232e+01 2.934694213923484796e+01 3.915854668296998398e+01 3.915758839322553087e+01 2.849328544837925037e+01
1.319999999999999993e-02 2.370222603955156604e+00 1.237022256673761866e+01 1.586627511280627445e+01 1.696017308193523832e+01 2.696016913294618789e+01 2.921994508509911981e+01 2.189164491225038489e+01 2.327220560299586793e+01 3.438415642402622296e+01 2.675087579136516780e+01 2.844519471569006797e+01 2.146782242342057501e+01 2.641701818151286929e+01 3.631824368502250877e+01 4.218611565684958720e+01 3.801513440544597699e+01 4.221462565481544971e+01 4.376421228907838668e+01 3.961265683642420754e+01 4.201388052640514559e+01 4.302470322682678017e+01 3.897474034490537775e+01 4.022100474084963651e+01 4.428410487787795091e+01 4.393117816472008741e+01 4.003238168480407211e+01 3.472124769624419116e+01 4.242129552180636409e+01 4.702450058086213858e+01 4.417056156177030601e+01 3.433026223200479876e+01 2.734629689871148983e+01 2.579761157547671502e+01 3.568961911225898120e+01 3.800031861550517931e+01 2.732288134824154469e+01
1.019999999999999900e-02 1.001019999999996202e+01 6.021706320656257105e+00 8.795207301782392406e+00 1.326734325678195603e+01 1.904084594862962732e+01 2.904084484137528221e+01 3.232474446581989014e+01 3.490556051502215951e+01 3.844299343519874412e+01 3.477052784741903224e+01 3.463097279270826334e+01 2.476068059284114753e+01 3.463097279270826334e+01 4.043440438266569004e+01 3.699893806883596881e+01 2.756514549422756488e+01 3.669601898031700671e+01 3.785139428172359288e+01 2.932184528402997969e+01 3.179629149442618896e+01 4.201388052640514559e+01 4.187009384666179557e+01 3.794297178011302663e+01 4.187009384666179557e+01 3.826841609045274595e+01 3.006030054798064910e+01 2.870629023437737715e+01 3.391083861897344320e+01 4.323001259381724992e+01 4.700057816645263387e+01 3.953028670467630690e+01 2.967427148607182730e+01 2.252789734936263599e+01 3.001296090815020179e+01 3.231958103451911057e+01 2.793962791301237658e+01
7.249999999999999500e-03 1.000724999999996356e+01 1.602170617939065878e+01 1.879520704316540858e+01 2.293732777905410813e+01 2.740945669749726932e+01 3.318294401167778318e+01 3.068538779891591517e+01 2.955880293450885077e+01 3.378247665011217293e+01 4.007507195012297530e+01 3.869509047808053026e+01 2.971154920558194590e+01 3.869509047808053026e+01 3.845942811773459624e+01 3.278021949607343544e+01 2.220581793703814810e+01 3.142887129520973133e+01 2.871396178531143306e+01 2.319360140953848770e+01 3.361618748251523670e+01 4.254648803195592421e+01 3.691703164922806479e+01 2.786071837688522379e+01 3.467613433840398329e+01 3.060663203460009285e+01 2.389929229535031396e+01 3.409566867338155305e+01 4.223122830986645937e+01 4.702449609252767004e+01 4.288694358446497290e+01 3.305836840565261525e+01 2.734629690072089048e+01 3.001291798382527176e+01 1.983348655787026971e+01 2.757958784184285506e+01 1.728115091458782615e+01
