output/example/elevation_000162.asc
nrows	75
cellsize	13.33333333
xllcorner	0
ncols	75
yllcorner	0
NODATA_value	-9999
[rows 17 to 33 of 75, columns 0 to 36 of 75]
1.309999999999999880e-02 1.001309999999996236e+01 1.543652987572669488e+01 1.658741157452049819e+01 1.182022929374981857e+01 1.403374802803966759e+01 1.682703335370385389e+01 2.118437568936300153e+01 1.250030199575798484e+01 2.120046034913603350e+01 2.396182677924087301e+01 2.122453198611723835e+01 1.624401866280047457e+01 2.694351776164199208e+01 2.580802539538661478e+01 2.406416427258103141e+01 1.755051831260567141e+01 7.583642942132623688e+00 1.046567345119721537e+01 2.047404048965839962e+01 2.810924841231216220e+01 3.204279823296404572e+01 3.751027070791817408e+01 3.617446463275454960e+01 3.202229836487495618e+01 3.617351996258582147e+01 3.855022131970705601e+01 3.422994096279260390e+01 3.773403271173297213e+01 3.606204328665351966e+01 3.250694109564418710e+01 2.668588717703657309e+01 1.711557575494389738e+01 2.425489006279257609e+01 1.531830907167076283e+01 2.513839600193658441e+01 3.089187084747575796e+01
1.379999999999999977e-02 4.966156248547568985e+00 1.189716275699397663e+01 2.182319761068607633e+01 2.205525702093747142e+01 2.321209701120378455e+01 2.555400547901994912e+01 2.104989863628609825e+01 2.120303682483609009e+01 1.718265723132298106e+01 2.581976526297961172e+01 2.694351780533688512e+01 2.389117934523765285e+01 3.113520129715761442e+01 2.673337760372578487e+01 2.002066608061598529e+01 1.003871837205974948e+01 8.463719174592537087e+00 1.846576607831917016e+01 2.371857281256518490e+01 2.679970405477978446e+01 3.479701460898468923e+01 3.536500374246392653e+01 3.126186628181578442e+01 3.491538139661032858e+01 3.903263348439809022e+01 4.492156720875539122e+01 4.004002370726262683e+01 3.328499436539995315e+01 2.825597240815451983e+01 2.328195986385031446e+01 2.049114670614431688e+01 2.760333096207352810e+01 2.647917715822478968e+01 1.656229684877090236e+01 1.671174186529766459e+01 2.676919318364440414e+01
1.379999999999999977e-02 1.001379999999996251e+01 1.893758059915540670e+01 2.245430170833206418e+01 2.451124012090704340e+01 2.592861735511058185e+01 3.000857568055691971e+01 2.948717799297254416e+01 2.963353346768843011e+01 2.203226896146347968e+01 2.963353346768843011e+01 3.722371299048077731e+01 3.431251629730265762e+01 2.959517790340929366e+01 2.263474901700089603e+01 1.267863455489613322e+01 2.001943687416589412e+01 1.846446631613891043e+01 9.771248931074515198e+00 1.623909105542544751e+01 1.965848322380250579e+01 2.582065860559635340e+01 2.690874872507530213e+01 2.121744030115311830e+01 2.481494076198650234e+01 3.088825495064177318e+01 4.145987548623928376e+01 4.433671363096657103e+01 3.726542818288599790e+01 2.831055194327728231e+01 2.813690052573316436e+01 2.902466568871587427e+01 3.257032915501904569e+01 2.233841155191899475e+01 1.656229684877090236e+01 2.661121056645736616e+01 1.835597250122210511e+01
1.290000000000000001e-02 1.001289999999996283e+01 1.347425809146982623e+01 1.243386667708337967e+01 1.447854062009280618e+01 1.563168126839430982e+01 2.326786161642600348e+01 2.678166596202236605e+01 3.092263891211570481e+01 3.099358142758430645e+01 3.487763024653675359e+01 3.819781894587951143e+01 2.832590224848238591e+01 2.131912066971887398e+01 1.556668346138552828e+01 2.263474901700089603e+01 2.662276732076541919e+01 1.993622595357410532e+01 9.771248931074515198e+00 1.110855114514304631e+01 1.110855114514304631e+01 2.117410571738186675e+01 1.690907407243770422e+01 2.690874871654461487e+01 3.177672495731324176e+01 3.491538131707114445e+01 4.487222751867195569e+01 4.552559431385967059e+01 3.708368534510641013e+01 3.291598398976906026e+01 3.393594644151135498e+01 3.904424280773203293e+01 3.673056237811752567e+01 2.837128555437885424e+01 1.814546331947054014e+01 2.833459773298051942e+01 1.835597250122210511e+01
1.290000000000000001e-02 1.727885855129781101e+00 3.468662491505717149e+00 5.358486065934529918e+00 7.399739679291007732e+00 1.017259733401627031e+01 1.332869180701110423e+01 1.684312741400503555e+01 2.256648068220583880e+01 3.253971613591419043e+01 4.056603164786059068e+01 3.070075496394551706e+01 2.499422210726059745e+01 2.002721244030150771e+01 1.889400356327312380e+01 2.880509173543912027e+01 2.970905725153352606e+01 1.976875586678155372e+01 1.950831740207420495e+01 1.170987294491612118e+01 2.073658458119297165e+01 1.311521658095349174e+01 2.308721935789431612e+01 1.774809722360451758e+01 2.768790619560677158e+01 3.294022619022170772e+01 3.590604164485156957e+01 4.009168096076216159e+01 4.433165367273361568e+01 3.860885229216786030e+01 4.137302054357088110e+01 4.204099555104218666e+01 3.715783391084421794e+01 3.019387833576981706e+01 1.991840745635081333e+01 3.019354403896742767e+01 2.559853970766412345e+01
1.309999999999999880e-02 1.001309999999996236e+01 9.243254896339758275e+00 1.536878296404779931e+01 1.447854061094727030e+01 1.557584919576592775e+01 2.012481576708919206e+01 2.678166580509406103e+01 3.092263891710874546e+01 3.668753534129744054e+01 4.465221632231768467e+01 3.691373055460912411e+01 2.704044983189046292e+01 2.993226680301633280e+01 2.265781053953258706e+01 3.253756915893769985e+01 2.954456353436825111e+01 1.944168873639191730e+01 1.367413034827877105e+01 2.177513124106759790e+01 2.305128153853125994e+01 1.311521658095349174e+01 1.491419052766329756e+01 2.487650372340601024e+01 2.076904292401854235e+01 2.306424157552111254e+01 2.606497057355101532e+01 3.592904378249070163e+01 4.516765181139385987e+01 4.642326838608403250e+01 4.557739795001437244e+01 3.534073999897305640e+01 2.796701821077694561e+01 2.272026840188606300e+01 3.019387833576981706e+01 3.435730335781141065e+01 3.565533972475156332e+01
1.349999999999999985e-02 1.001349894460722822e+01 1.925391145620427125e+01 2.340162939179112200e+01 2.451122944772538403e+01 2.560943005707112619e+01 2.976443924054518320e+01 3.422769444558659302e+01 3.638013189400005842e+01 3.224779952233291169e+01 3.638013189401211633e+01 4.099980128611836960e+01 3.691373055460912411e+01 3.661007724898544780e+01 2.965271869379333580e+01 3.252461529122333417e+01 3.393246452093871568e+01 2.790319271577608617e+01 2.365760387502991335e+01 1.575804772922215058e+01 2.573367654498436252e+01 2.308721948892988607e+01 2.068819625707981302e+01 2.897100610284418565e+01 2.778883489308424970e+01 3.005786640763012585e+01 3.005068323497257765e+01 3.132995079347614720e+01 3.698617098861225116e+01 4.675770824541219639e+01 4.510350458762519565e+01 3.515419628814941433e+01 2.794008054195095170e+01 3.299599142056431589e+01 2.272026840188606300e+01 3.007241203898725246e+01 4.037023889800482124e+01
1.349999999999999985e-02 1.001349999999996321e+01 1.915573041999815018e+01 2.622677641410881932e+01 2.899071208561170110e+01 2.606359638979255067e+01 2.899055004327101770e+01 3.023190462151824320e+01 3.138897407898883429e+01 2.226300574617948769e+01 3.138897407898883429e+01 3.432843096195083632e+01 3.547858455220054452e+01 3.962168978144801201e+01 3.950221427730752310e+01 4.230293302389306120e+01 3.781302366814630744e+01 2.780285942302105795e+01 2.075049861385323169e+01 2.574258523995983339e+01 1.814647182748010223e+01 2.812616938085308860e+01 3.059783812975940620e+01 3.468530072569188860e+01 3.764118187957829065e+01 3.989884986129836619e+01 3.570434365723089343e+01 4.111610857760020110e+01 4.516765181139385987e+01 5.081203864718634833e+01 4.510350458762519565e+01 3.515419628814941433e+01 3.806828122095026856e+01 3.271211316216507470e+01 2.858592138092514645e+01 3.007735753589570749e+01 4.023377427496533443e+01
1.359999999999999924e-02 5.013599999999991397e+00 1.208466781174253235e+01 2.031247116042376533e+01 1.899876907268199133e+01 1.607252252445155349e+01 1.899872687782180947e+01 2.025052196106947378e+01 2.191964872926386931e+01 1.727312092261168885e+01 2.434196596771714027e+01 2.434196596771688803e+01 2.549055019603642336e+01 3.547858455220054452e+01 3.746980107977302765e+01 4.161191501401678039e+01 3.781302366814536953e+01 2.780285942302105795e+01 3.073471674012514043e+01 2.261015793003902985e+01 2.812192337963176669e+01 2.115850917643667017e+01 3.113108063253848812e+01 3.777668273060094606e+01 4.155909563555960062e+01 4.565212264338559578e+01 4.532894929645914317e+01 4.922591443978276260e+01 4.893595404057205656e+01 5.304016419470831778e+01 4.924418496974621462e+01 4.510350458762519565e+01 4.615895352800571771e+01 4.171487163611072901e+01 3.823137439142320204e+01 4.018948292379312193e+01 4.451583147579384558e+01
1.369999999999999864e-02 1.001369999999996274e+01 1.228425789494458265e+01 1.031791763934297812e+01 1.422431382553314982e+01 9.008245244790812123e+00 1.627468330280544606e+01 1.319140450039671464e+01 1.193476601800333192e+01 1.987883641717352390e+01 1.436220978839423523e+01 1.843672769941507639e+01 2.841597772716567860e+01 3.469129015414851835e+01 2.749214902746321343e+01 3.584754468732703714e+01 4.196876499963822482e+01 3.781302366814536953e+01 3.591890227862475626e+01 2.593060073974118396e+01 3.512727462358333952e+01 3.112580617435954622e+01 2.448167598028814851e+01 2.779582545517873271e+01 3.155279400535257750e+01 3.863332085372851310e+01 4.862326836358876392e+01 4.731142298460362383e+01 3.900767136149763559e+01 4.731142298460362383e+01 4.851135015968963415e+01 5.261809077675562918e+01 5.255515523932561450e+01 4.844627405963984046e+01 4.712063411576310301e+01 4.300812540106139181e+01 4.712061726792243377e+01
1.290000000000000001e-02 1.001289999999996283e+01 2.286700006462577761e+00 3.248950342675664960e+00 4.229530613865162714e+00 5.229529177020394215e+00 6.283616381455487954e+00 7.423201714445173849e+00 8.601682717364964148e+00 9.892754277113102290e+00 1.987888329529786446e+01 2.350737605849536394e+01 2.058857295749666605e+01 2.638284100029254375e+01 2.174449389735672611e+01 2.878601149957316707e+01 3.876640467412442348e+01 4.300707251300775624e+01 3.298288603513407224e+01 3.298288432550716465e+01 3.999695959103540588e+01 3.260581597698108425e+01 3.152385934399742595e+01 3.261782415034765137e+01 4.155909592378186801e+01 4.565240424064700164e+01 4.664637846759015360e+01 4.320385736321772896e+01 3.321926474500985194e+01 4.320385736321772896e+01 3.857750790993991785e+01 4.688604682426191061e+01 4.681802837558738162e+01 3.850210449060882922e+01 4.213322267036834035e+01 3.301419056130008300e+01 4.213323012589569316e+01
1.379999999999999977e-02 9.383003270327653356e-01 1.093742258929160016e+01 1.324525504970604928e+01 1.129795913213470904e+01 1.229629101956087034e+01 9.298037437406827976e+00 1.577706031434875911e+01 1.694331506692089917e+01 1.987888317510793712e+01 1.197833266665222851e+01 1.354007544694286835e+01 1.354007544694286835e+01 1.642193995231582804e+01 2.217085438144980358e+01 2.921306724725216597e+01 3.919436516402524262e+01 4.711031115883623244e+01 4.300707251300775624e+01 4.300698572542955134e+01 4.643970717940219117e+01 4.242753078629402097e+01 4.151096140898100373e+01 4.260785342813244370e+01 4.670364995178321976e+01 4.664637846759015360e+01 3.668915754180947175e+01 3.851634165082329986e+01 2.965189306640726841e+01 3.743622461565045967e+01 3.278615697197881929e+01 4.277604366270936254e+01 4.270500513869180992e+01 3.270818000053743191e+01 3.736147736869553881e+01 2.795049477716730379e+01 3.801115749749440198e+01
1.359999999999999924e-02 1.001359999999996298e+01 7.262493343345940211e+00 1.433256336983755830e+01 2.130520677532195961e+01 2.227475637425097332e+01 1.245780352891907228e+01 2.244228291600181890e+01 2.809806311059130124e+01 2.012434479252156905e+01 2.195454108953586925e+01 2.350737641624888141e+01 1.354007544694286835e+01 1.850543405367304928e+01 2.411939393449623381e+01 3.069644457861416953e+01 3.920955253185851319e+01 4.444085877292727815e+01 4.027162331606439949e+01 3.828338015057629917e+01 4.286241043846579402e+01 4.590653261894493653e+01 4.182703387169966902e+01 4.303683365652025117e+01 4.726012484648165923e+01 4.556229506928200124e+01 3.559781218179621476e+01 2.846287505924629713e+01 2.624355914388321764e+01 2.736663628328104281e+01 3.743622461565045256e+01 4.688604682029296100e+01 4.681802837558738162e+01 3.736147736869553881e+01 2.729029002229661316e+01 2.429265625292667963e+01 3.131826291305244325e+01
1.359999999999999924e-02 1.001359999999996298e+01 1.726109106131347559e+01 2.140280235988116075e+01 2.847302170017597689e+01 2.244392400722573555e+01 1.951824247004778456e+01 1.951824247004778456e+01 2.950714405348202618e+01 2.717401505914695292e+01 3.055399176749851620e+01 2.058857295749666605e+01 2.350737654958223999e+01 1.745334457886343316e+01 2.190595656797598068e+01 2.765362131213553454e+01 3.763179936893131838e+01 4.027162331606439949e+01 2.886473504358266240e+01 2.732698221188574195e+01 3.652892940982741976e+01 4.007589929599221534e+01 3.157724727231437001e+01 3.289167374665691312e+01 4.303683365652002379e+01 4.408921700146585465e+01 3.908356307826627329e+01 3.314253761824220845e+01 2.293889655208001699e+01 3.314253772345521298e+01 4.155678887453406389e+01 4.148386661973962930e+01 4.560239388001385663e+01 4.148501024932414083e+01 3.736147731707333719e+01 3.131826285566894796e+01 2.102001839269148675e+01
1.319999999999999993e-02 1.001319999999996213e+01 1.687906723930585429e+01 2.102120290530995206e+01 2.679470562639781761e+01 3.243320551826986531e+01 2.950714405348202618e+01 2.950714405348202618e+01 3.364409635092834350e+01 3.715703824350570272e+01 3.469129015438750230e+01 3.055399176749851975e+01 3.154950227852956601e+01 2.243136498699230685e+01 2.741443937649684770e+01 3.600940393951714924e+01 4.177404125371067778e+01 3.858435300883420638e+01 3.193149818824191755e+01 2.127115495231661058e+01 3.193149818824191755e+01 3.185680074617128099e+01 2.566150313219857892e+01 3.157480366642117886e+01 4.172107446467638425e+01 3.997252376758277848e+01 2.993111196678493968e+01 2.478768814333617954e+01 2.102112409775476820e+01 3.130990966695670252e+01 3.328676164855689024e+01 3.144450434577063191e+01 4.032837544560229759e+01 3.619076938622477257e+01 3.619076938739539884e+01 3.546802615853175666e+01 2.904392241144503828e+01
1.019999999999999900e-02 3.343533333333335911e+00 6.879067239266078104e+00 1.265256993116235407e+01 2.265256993126105201e+01 2.572656201154118705e+01 2.406295593784341591e+01 2.710768347621149132e+01 3.180546438380146057e+01 3.270565005359294730e+01 3.379516379369657386e+01 3.792757216322200975e+01 3.653637715482683035e+01 3.239751376600045063e+01 3.653637715482683035e+01 4.153242722807454612e+01 4.178414664929285038e+01 3.080816688703031048e+01 2.333721309080641149e+01 1.813420871053528316e+01 2.843498899146615244e+01 2.160007950695032974e+01 3.185680074617128099e+01 4.007589928857984773e+01 4.594078771771147984e+01 4.408921700154689205e+01 3.908356965173029351e+01 2.951886199223665841e+01 1.914667456213544838e+01 2.737924309808315115e+01 2.305463937228155658e+01 3.328676164835948015e+01 3.619076938607007321e+01 2.602199793855246313e+01 2.602199793855251997e+01 2.978251842484912970e+01 2.557812103650815061e+01
7.249999999999999500e-03 1.000724999999996356e+01 1.687906723927664032e+01 2.102120288615837040e+01 2.219837587316005312e+01 1.584855068492877095e+01 1.454412440491273983e+01 1.840513949678031480e+01 2.357393509730334102e+01 2.278473715602602212e+01 2.386903350547189007e+01 3.142341291359731414e+01 3.493457841256032026e+01 3.907080916801880477e+01 4.483187187903429560e+01 3.915323422975036749e+01 3.497517100808580892e+01 3.531879037054208226e+01 3.030642708781737582e+01 2.609522248229998809e+01 1.813420871053528316e+01 2.843498899146592862e+01 3.185680074616854540e+01 4.200827713581200129e+01 3.969522505763102060e+01 4.300800478959698125e+01 3.300317711055522807e+01 2.579105323339796030e+01 2.737924309806259160e+01 1.690940199175938830e+01 2.541806216522136808e+01 2.411876810820525563e+01 2.833994377341186777e+01 2.900036210377233914e+01 1.858778433729017010e+01 2.379407342654056734e+01 1.500610173049001972e+01
