output/example/elevation_000152.asc
nrows	75
cellsize	13.33333333
xllcorner	0
ncols	75
yllcorner	0
NODATA_value	-9999
[rows 34 to 50 of 75, columns 37 to 73 of 75]
1.846789824164414284e+01 2.569831857269688768e+01 3.582573637676341605e+01 4.001561363785770453e+01 3.042965394216808406e+01 3.591365568314279244e+01 4.581058650779431929e+01 4.279094699599320961e+01 4.219209748915518787e+01 3.538466364270248476e+01 2.959775427943237247e+01 1.948006088025383775e+01 2.148698296267888708e+01 2.769553512890200153e+01 3.674204315103784779e+01 3.867610275082344629e+01 2.864540376630663943e+01 2.238862523293261830e+01 1.712173730303084440e+01 2.392531745939626475e+01 2.306582750608252042e+01 1.904142154773517603e+01 9.040382520216025952e+00 9.571919719003890492e+00 1.961761666772624224e+01 1.545761870830118667e+01 2.184493287008201889e+01 2.262788074182606479e+01 1.185243323494028722e+01 2.291592726217292864e+01 2.373744399111817671e+01 2.597131691376818807e+01 2.289193710660466152e+01 2.864254727254908417e+01 2.474840718632234982e+01 3.035584304041758585e+01 3.533084851300469609e+01
2.866404141752441959e+01 3.285788551735875984e+01 3.524472664905628960e+01 3.591348281321143077e+01 2.592939766528170509e+01 3.591365568313856471e+01 4.053196746955867980e+01 4.548498414142711965e+01 4.137565793588765928e+01 3.192116719457303731e+01 2.508742195252625251e+01 2.789161787688149374e+01 1.747370676777419618e+01 2.501694325248367079e+01 3.453262268739928231e+01 3.889228204099523367e+01 3.695313390119372343e+01 2.862811690433429135e+01 2.562259459812815976e+01 3.035695836590465291e+01 2.050441156334800752e+01 1.595071348050189286e+01 8.684245359265545972e+00 1.504856660784838240e+01 2.312199969146043799e+01 2.601288617259869085e+01 2.398650817017716008e+01 2.557033607899012040e+01 2.291592428620169031e+01 1.324711537288504637e+01 1.521640361360667093e+01 1.730186365454054709e+01 1.940684607624991642e+01 2.134435356015318419e+01 2.393775429262356269e+01 2.561324227212530857e+01 3.956018497489762353e+01
2.935358763961859907e+01 2.520776433348650869e+01 2.520754152304593632e+01 2.972759582534425959e+01 2.286087246643700865e+01 2.645400383739041672e+01 3.147573743741129704e+01 4.138530289436098997e+01 4.137560088605931696e+01 3.192116710629883514e+01 3.181246907636263188e+01 2.250275864230517087e+01 1.614359256568596024e+01 2.518286200780799788e+01 2.515318521351782621e+01 3.081915366140615831e+01 3.486565944950365292e+01 3.882357976156868773e+01 3.616618934476796454e+01 3.003450135994808079e+01 1.793582063107957225e+01 1.081383381935076038e+01 8.385150139337289588e+00 1.790580150366546874e+01 2.217766968104877279e+01 3.317491940319013821e+01 3.043153616963790498e+01 2.717773963139180893e+01 1.537865160618487437e+01 2.437787575092462689e+01 2.358850084550943293e+01 2.694059584072648050e+01 2.835811514010030265e+01 2.640687117378115900e+01 3.275068826492994845e+01 2.896303548647500392e+01 3.197084494863182513e+01
2.441590586711960498e+01 1.505875555825906886e+01 2.520741001542848991e+01 1.960566160999534091e+01 2.972759582534425959e+01 3.643049514156690094e+01 4.053184987497871816e+01 4.548498414144310686e+01 4.541243100675570332e+01 4.137559816835809556e+01 3.562924447299909048e+01 3.049878166582897521e+01 2.518286282785550512e+01 1.436123122364119453e+01 2.361331798619839972e+01 2.062879722065949295e+01 3.081915213305817502e+01 3.655697795420331886e+01 3.670401339402874186e+01 3.256540415353197204e+01 2.458231507708882901e+01 1.002516758463279167e+01 8.103112634343434095e+00 1.009255488237691978e+01 1.996505986277771427e+01 3.146359853987086908e+01 3.876630627841043975e+01 3.117318596455032420e+01 2.571834753610430724e+01 1.760358599777804756e+01 2.742096940673048877e+01 2.903681345774598910e+01 3.412187755016893931e+01 3.527098590445399395e+01 3.925718657057652194e+01 3.733717467365458020e+01 4.131949275552034351e+01
2.322323713382038690e+01 1.505875555825906886e+01 1.655764235799188810e+01 2.674281174516584159e+01 3.345764303775574433e+01 3.722410162026119451e+01 4.132615107500505047e+01 4.704187506444480249e+01 4.767451634288699580e+01 4.373932039767991853e+01 3.857472102839901851e+01 2.893590802634158621e+01 2.172651280244401661e+01 2.361331798871259480e+01 1.277019263981705066e+01 2.218080683648532059e+01 2.219223214394094157e+01 2.686292271548350641e+01 3.070160535825559123e+01 2.454734245075644239e+01 2.436576547430469475e+01 1.784136616858498670e+01 7.829540257933885528e+00 1.368793410732450155e+01 1.938702298810337510e+01 2.943211044731600978e+01 3.693205216215378783e+01 3.513419920374496286e+01 2.598684319147290722e+01 2.767689716654632193e+01 1.978765671427257189e+01 2.127807256916253209e+01 3.066749101023738433e+01 3.595038659558548488e+01 3.907484097408882917e+01 4.276872486373698479e+01 4.452455907550428549e+01
1.323493569430078587e+01 1.894478407139185094e+01 2.674281050177092212e+01 2.000120753394656603e+01 2.342559338291444604e+01 2.725903150802330188e+01 3.304139691170540516e+01 4.293778799761414433e+01 4.244809598281386798e+01 3.487245327968788189e+01 4.075358071796418358e+01 2.881717326393977174e+01 1.959703085451784688e+01 1.277019263981705066e+01 2.218080683655140817e+01 1.150020121246039118e+01 2.070178028662359893e+01 1.556123658024511158e+01 2.419864912597253337e+01 2.590933216234851244e+01 1.619962807964077811e+01 1.149487613929886365e+01 7.555704887062870689e+00 1.618698915934209026e+01 2.292706366868747736e+01 2.958035251123288489e+01 2.695027673779875954e+01 3.397320855018519126e+01 3.515371924066025144e+01 3.181249480645895389e+01 2.940978581497235211e+01 2.993332023607772996e+01 2.330384545735590862e+01 3.225370843950436495e+01 3.058462610597494447e+01 3.815917864793266290e+01 3.563469417955238328e+01
1.894478390304246673e+01 2.737865401416060607e+01 2.906767275528971339e+01 3.011361828429533460e+01 2.545906469020203033e+01 3.545861136240142741e+01 4.132620379294031920e+01 4.271604559019514369e+01 3.860731436896876545e+01 2.994047487038714195e+01 3.862003228023856138e+01 3.129027604946994146e+01 2.066254075546565616e+01 2.066660144221651763e+01 2.634675053072864515e+01 2.080525160972072030e+01 1.033345150532517032e+01 9.482102637473598605e+00 1.860492635660430594e+01 2.133740395138401880e+01 1.960193060171399182e+01 1.703388171224649739e+01 7.555704887062870689e+00 8.828314480310671897e+00 1.466969169035937171e+01 2.537958893228525881e+01 1.950148452872895888e+01 2.826120008397212402e+01 3.244500303554542597e+01 3.760750202269030495e+01 3.666848777033762019e+01 2.849431725255076131e+01 2.330384545735590862e+01 2.330384545735590862e+01 2.644465581651828856e+01 2.956319498241160915e+01 3.592470780066878433e+01
2.906711483087602232e+01 3.319631938533575521e+01 3.905956318990173060e+01 3.956398447822959241e+01 3.126558929476837534e+01 3.956464088087852815e+01 4.529082207312875852e+01 3.617319889576474878e+01 2.968791927160121702e+01 2.646384013753432285e+01 3.539973506573611672e+01 3.557102629601402555e+01 3.129027604946994146e+01 3.136086329586429144e+01 3.352637239144684855e+01 2.416594658939541063e+01 1.350471067350129317e+01 1.851424710760259273e+01 8.270852644240497042e+00 1.584218608117415528e+01 1.662720147251972236e+01 7.177545406952625662e+00 1.700466642104790793e+01 1.917230514231923522e+01 1.093796605230028440e+01 2.185111947381126285e+01 1.374059087651488653e+01 1.766918597025548010e+01 2.323563557716459371e+01 3.365624700105992417e+01 4.036024319060436483e+01 3.382423010642260408e+01 2.541692336554190135e+01 3.225516161712084084e+01 2.710171001831108839e+01 2.988222235473594068e+01 3.582465313212333058e+01
2.801126606611483894e+01 3.356894511033995343e+01 3.694725810168639413e+01 4.112449749043957326e+01 4.118637642473313321e+01 4.529000246650333139e+01 4.137420247373830051e+01 3.630505891482057734e+01 3.176848031680018636e+01 2.312528393261205295e+01 2.888000857714487779e+01 3.285121452175279444e+01 3.770425162848128764e+01 3.665678059617049200e+01 2.715754814459969779e+01 1.986282342950244839e+01 2.119043150371454587e+01 2.217830495910854793e+01 1.757996058386080662e+01 7.289741204710522560e+00 6.784693162485922358e+00 9.828398087084474710e+00 2.020648301682951242e+01 2.588323883007485904e+01 2.185111947381126285e+01 1.374059087651488653e+01 2.468739764004874004e+01 2.826737604148676652e+01 3.244487902289668568e+01 3.791359413005179135e+01 4.030787462912838492e+01 3.161168739013529105e+01 3.415873175911826820e+01 2.877639008057133907e+01 3.578945722275988572e+01 3.848909236857036120e+01 3.483101311095352060e+01
1.995742639906726623e+01 2.953563982995569148e+01 2.674455970309742270e+01 3.525391255262051970e+01 4.112447113596262227e+01 4.434451233880947285e+01 3.410752494175125804e+01 2.703648728070580276e+01 2.191469640941058472e+01 2.639752848693697374e+01 1.913513098819212388e+01 2.900014832146431587e+01 2.835442378059028457e+01 3.498146488729885561e+01 3.384780479396842168e+01 2.993921321350860509e+01 3.095880127257097314e+01 2.507161707259880501e+01 1.600445341460359927e+01 7.016072164288628343e+00 6.455543542090838471e+00 8.945569028400692346e+00 2.300196802146273001e+01 2.838388856507180691e+01 2.888618069315286974e+01 2.468739764004874004e+01 1.850349372487032440e+01 2.340417673628191153e+01 2.850491809068403271e+01 3.835868006498787963e+01 4.411968302339323600e+01 4.030787462169013935e+01 3.985571485860802454e+01 3.117513615610826960e+01 3.725852638712340337e+01 4.609438409692100436e+01 3.974215184136458845e+01
2.297892794430967101e+01 2.592381129458521016e+01 2.079089158624374178e+01 2.674455970309632136e+01 3.694725741943214814e+01 4.074120033648613770e+01 3.657155173713864826e+01 3.630505856106284313e+01 2.707457941538078572e+01 1.649774283253074714e+01 1.649774283253074714e+01 2.417299841031519492e+01 2.130666046800061864e+01 2.889859337423009933e+01 3.281867284935762541e+01 3.680078093538081419e+01 3.091218954078836489e+01 2.651127411484298335e+01 1.928958789033264409e+01 1.456626378164456526e+01 6.134134617113883969e+00 1.498099961272033731e+01 1.855033970740934279e+01 1.785333041712878810e+01 2.480962434408470685e+01 3.309125908476808320e+01 2.892943231692132855e+01 2.603037390331613921e+01 3.604002224001581567e+01 3.835808939422233266e+01 4.826907820919542047e+01 4.713508410507602520e+01 3.821931004436903834e+01 3.547598211982283090e+01 3.985571486448591116e+01 4.887127170406526488e+01 4.860047940712133396e+01
1.879406397205082513e+01 1.577068690940215312e+01 2.158853186844958927e+01 2.886599498820315901e+01 3.904006144617149232e+01 3.486766142398851542e+01 2.635408986148207688e+01 3.486766128630963379e+01 3.144707526399621500e+01 2.697958014222496814e+01 2.417299841031519492e+01 1.370204770882619094e+01 2.181349351923115876e+01 1.887905092627514136e+01 2.889859474864798372e+01 3.291920370356400127e+01 2.237698378667215593e+01 1.530267917912930287e+01 1.630262356485528485e+01 6.134134617113883969e+00 1.518927185889837794e+01 1.519266707324745624e+01 8.401367416112586639e+00 1.033715745981001888e+01 2.068575251042475571e+01 2.825727464631368591e+01 3.514669977644111043e+01 3.604082677275404478e+01 4.023823248566173305e+01 4.422009939215017482e+01 4.019555376168519700e+01 4.422515715340097842e+01 4.713508410507602520e+01 4.157125219110370296e+01 4.814711976781764236e+01 4.783765665694023284e+01 4.783765665694023284e+01
1.220960561248404552e+01 2.208629204953194858e+01 3.014048798996837775e+01 3.134975685682203306e+01 3.434916144643992908e+01 3.067215939788649592e+01 2.014159857974867762e+01 2.923468750787286652e+01 3.344895434817095037e+01 2.965692971072577322e+01 1.963933805290898960e+01 1.963933805283237888e+01 1.122711218609897266e+01 1.887905075314345638e+01 2.889853203275775684e+01 3.024464785119194232e+01 2.617688577345261081e+01 2.004064528955085578e+01 9.400971706478198797e+00 1.021531664032770870e+01 5.674878160809283756e+00 5.674878160809283756e+00 1.576009745854911159e+01 2.068571756505049919e+01 1.374848577770143976e+01 2.417282194834739784e+01 2.532655491176933182e+01 3.230409819130657212e+01 4.202790572167318572e+01 3.940978383942735519e+01 3.062191452122062429e+01 3.855517994528822356e+01 4.256440107521491711e+01 5.066738432020629546e+01 4.509892228460402919e+01 3.830036552244138193e+01 3.830036552244138193e+01
2.208629204953487601e+01 2.630005020053464904e+01 2.819172897610740947e+01 2.082561418914237805e+01 2.390806097054528578e+01 2.669167746646992967e+01 1.604946819801475399e+01 1.868578219925195327e+01 2.706782632471275107e+01 2.684926737586743783e+01 1.665289003976250370e+01 9.021079117472686093e+00 1.760366152209820356e+01 2.174094371985121654e+01 2.870422913442432389e+01 2.617696718236813425e+01 1.438602880369267822e+01 1.781891949363636130e+01 1.821808694482518831e+01 1.520973391360947602e+01 5.674878160809283756e+00 1.576549765319949259e+01 2.010633666556066146e+01 2.823844464883944738e+01 2.417282194834191955e+01 1.799066936965676788e+01 2.404009044292343589e+01 3.387201688731868643e+01 4.093183523528421830e+01 3.540731284181026695e+01 2.575379661235389861e+01 2.894299355525603090e+01 3.855517994528822356e+01 4.410243216633700314e+01 4.109377342158576596e+01 3.154185874468580764e+01 3.790980186261909068e+01
2.474189250843772214e+01 2.294916607638451467e+01 1.865258306636950891e+01 1.341415990043899953e+01 2.390806097054528578e+01 2.314427433491813346e+01 1.267471609561957102e+01 1.267471609561957102e+01 1.658367896578727496e+01 2.394585682055967268e+01 2.373047086657962623e+01 1.760362316298781593e+01 6.987992594581057482e+00 1.457278056449359305e+01 2.160279860360112636e+01 2.551609444364896717e+01 1.782977711076426530e+01 4.804677717258511116e+00 1.477497138334814508e+01 5.216452200947824913e+00 1.535538743384668159e+01 1.009594815367029419e+01 1.424712213326640864e+01 2.463408407256616073e+01 3.220906026382930776e+01 2.406811925564613119e+01 3.225883984395102289e+01 3.792893830720532122e+01 3.693553737140456406e+01 2.725504671211557195e+01 2.192896614322694759e+01 3.175833733064588316e+01 3.870325125264648136e+01 3.451691977369971198e+01 3.451691977639806197e+01 2.831328213888608047e+01 3.511437487361057919e+01
1.425653762171738670e+01 1.447215211419137049e+01 8.424018716463180567e+00 1.865258306636950891e+01 2.810877822236389889e+01 2.314428156442634688e+01 1.267471609561957102e+01 1.965442154123817886e+01 9.514973982144116604e+00 1.672738805224113534e+01 2.096881161260388637e+01 1.624291389991579493e+01 5.708424920927821944e+00 1.436164206735540638e+01 1.128014124500492521e+01 2.144009341178482231e+01 1.806342514736139648e+01 1.451966780984989924e+01 4.804677717258511116e+00 1.436411562755289317e+01 1.379706415140334919e+01 2.034679499135496528e+01 2.040520033019607382e+01 2.166848003474624207e+01 3.183803399011283020e+01 3.417379853201396145e+01 3.797197697088835611e+01 3.750578133650574841e+01 3.697853485531069850e+01 2.899980880503659009e+01 1.888399717604722028e+01 2.903200264483171722e+01 2.903200258750276319e+01 3.153210295116067030e+01 2.484479935098179482e+01 3.451691977639806197e+01 3.790980186261909068e+01
1.190110093597242447e+01 4.479994322527283579e+00 1.445571120003763355e+01 1.887364933743673490e+01 2.318196935015424387e+01 2.368388473070316991e+01 2.314427689324741522e+01 2.393163745963001787e+01 1.672689487351049920e+01 6.854916141828614862e+00 1.409691145477756002e+01 1.563769905940854166e+01 1.370802025061029816e+01 4.109197592686104628e+00 1.374458284764200044e+01 1.394600344140667225e+01 1.408213510055383466e+01 4.509751433976077806e+00 1.442179431411777557e+01 4.804677717258511116e+00 1.849050805205959236e+01 2.658778368054119312e+01 3.066521155324922532e+01 3.183803399011791413e+01 3.599318357298198379e+01 4.123482460528588689e+01 3.750578133675108461e+01 2.904233212620841442e+01 2.813875415307471073e+01 3.128706900616483466e+01 2.742707090462008424e+01 1.888399717604722028e+01 2.903200227773087150e+01 2.168919889279428048e+01 2.528574215367552114e+01 2.963205468407397447e+01 3.633697296831939383e+01
