output/example/elevation_000044.asc
nrows	50
cellsize	20.0
xllcorner	0
ncols	50
yllcorner	0
NODATA_value	-9999
[rows 17 to 33 of 50, columns 0 to 36 of 50]
9.098509734387574266e-01 9.323642780366165894e+00 -7.872838481811902511e+02 1.734306195629030656e-01 4.259694616570471659e+00 1.060331083248270900e+01 1.397127509707075887e+01 1.811293643198305503e+01 2.354888133119438720e+01 2.162601308700832092e+01 1.169720117026344397e+01 4.925948173574409950e+00 4.789627301863593978e+00 1.394064116025496425e+01 1.612706945051180085e+01 1.180188450509387366e+01 1.054097823441021298e+01 1.596131433674767564e-01 1.724821832335635241e+00 6.605416937716486636e+00 1.232219265324553348e+01 1.641259673950920117e+01 1.176408129898265642e+01 -1.377316164747701350e+02 1.187444760815305678e+01 1.646530579794063698e+01 1.298537161012144558e+01 -2.340570777810392258e+02 4.999192936033094448e+00 1.414379490003393691e+01 1.889250493612486181e+01 2.313639681173146911e+01 1.587240475697619502e+01 5.711334954923766638e+00 5.416154420493211497e+00 1.145867861573341884e+01 2.084362011155995020e+01
6.729603419142361487e-01 1.067296034191419984e+01 6.693458890527215210e+00 1.010768822080314422e+01 -5.635609327454402546e+02 3.737618855217694769e+00 5.083596939321018304e+00 9.663372461363872290e+00 1.863148541492894239e+01 2.101344967553324494e+01 1.525972889492971873e+01 8.491692344754364186e+00 3.276621429609567038e+00 1.098205046042881072e+01 1.194029289920845294e+01 1.409836578800907292e+00 2.161424703785177925e+00 -4.561139785629951575e+02 8.255499902977524229e+00 -7.023048962085681524e+02 3.895345799568993517e+00 8.399828312222009430e+00 1.202159324583308475e+01 -1.227779230602745884e+02 9.032336963960380771e+00 1.929209277194671657e+01 1.732804079334317038e+01 8.887813802816825870e+00 1.121341671358493031e+01 1.277003990603198247e+01 2.299510631932838933e+01 2.485625362383791170e+01 1.427944524085484623e+01 8.802978751225722931e+00 7.812989176546032866e+00 1.093330704570473522e+01 1.960320925327437536e+01
9.500813129397378543e-02 1.009500813129393748e+01 1.626257673423069505e+01 1.014005053686413582e+01 -8.977786155180255037e+02 -9.883044987442104912e+00 -4.512196381257692068e-01 3.283009222517883963e+00 1.690715737703064292e+01 1.687921038617255931e+01 6.903752818094926802e+00 -9.494535768865556520e+02 6.533456560667790569e+00 -6.407420079495202572e+02 9.830107037692901173e+00 -9.755002291957106664e+00 1.679067660600140455e+00 1.150523836793793286e+01 1.187932997019080616e+01 -4.264574977107328664e+02 1.626956262508272744e+00 1.777851333794448596e+00 2.139275911229104210e+00 1.196809680730766523e+01 1.580320311778035780e+01 2.158277951991528809e+01 2.295176830421232950e+01 1.881233145911583193e+01 2.141231613731909889e+01 2.299510634349876170e+01 2.707408667496199683e+01 2.672427951240511135e+01 1.619090841737482478e+01 1.328203568660488720e+01 1.245611117822327607e+01 1.218734116534896295e+01 1.952917701900623371e+01
5.074168083889973868e-02 7.121809492704385569e+00 1.712180949270445396e+01 1.444829477625395597e+01 6.502129515622853795e+00 -1.348148390053965073e+01 6.231375890508844551e-01 9.971987932114400266e+00 1.146803292312504219e+01 1.078844190119298752e+01 9.570950591884672676e+00 1.140207114744813843e+00 1.295359041631730657e+00 1.016096651012251773e+00 1.462513654287871390e+00 5.838121030505943665e+00 1.104547447283778361e+01 1.628383642441830403e+01 1.519307260887261357e+01 5.613554180906342062e+00 3.592536567632030220e+00 -7.530096095165383474e+01 -9.629717824937581838e+01 2.696487566581418971e+00 1.004556409146295870e+01 1.616832092309417845e+01 2.288848221996766696e+01 2.287527601097642815e+01 2.289930286879537746e+01 2.740115090511055129e+01 3.333860308025550978e+01 3.098959573712366833e+01 2.672427951240512201e+01 1.942023183369068562e+01 2.350048943476695840e+01 1.659518842143612005e+01 1.892982846417204357e+01
2.528005767708579876e-01 7.323868388636320503e+00 1.732386838863624945e+01 1.991313084364050567e+01 1.534285911723704743e+01 9.759079176923075138e+00 8.543100958312141557e+00 -3.118511593073505423e+02 8.700122700728526226e+00 -4.921954859897097094e+02 8.738851877133184232e+00 -4.321265665651021664e+02 7.262100382301190038e+00 -1.240362739515741623e+03 9.711564522109320308e+00 1.536624213783777471e+01 1.958671887834174541e+01 2.044301533802777371e+01 1.060458541641013497e+01 6.182753411733551197e+00 9.102727375838025381e+00 1.016263920101480878e+01 2.644316536004382989e+00 2.750982444063727606e+00 3.131880491725095972e+00 9.842573931382256447e+00 1.831775186448303572e+01 1.291785677347392181e+01 1.305308965902723450e+01 1.879487487897239717e+01 2.907058411718335833e+01 3.151596052660617886e+01 3.418613930376477583e+01 2.993567711534598175e+01 3.078018784369894334e+01 2.241470593565069436e+01 2.519219918299304695e+01
9.791283598286071310e-04 7.072046940225290790e+00 1.707204694022522062e+01 2.202711210681061615e+01 1.206438364953368669e+01 5.018480171610463891e+00 -3.229687785870997914e+02 9.391609921933266047e-01 9.805198648545412343e-01 1.108984902364907876e+00 1.156872505153331065e+00 7.267863430616244180e+00 1.518976687228611766e+01 9.738796248784359122e+00 8.369064279417926855e+00 1.834834152275500685e+01 2.500444131199515851e+01 1.514396613890933452e+01 8.505082916786589564e+00 7.906941644366538569e+00 1.779592765859804615e+01 1.456994350467535781e+01 1.220888527947148106e+01 3.163445848330572741e+00 3.257819435501427829e+00 1.023917523669649121e+01 8.612272579047505872e+00 7.497222631528517311e+00 1.195208007438252196e+01 2.198538735215430862e+01 2.166611347563982548e+01 2.095362008043586144e+01 3.151596052660617886e+01 3.537532525556601115e+01 3.645059755220731290e+01 3.237076856631193778e+01 3.224088605847816780e+01
4.600753433092569233e-01 7.531143155174719439e+00 1.753114315517465016e+01 2.495239043040007942e+01 1.498239925554991459e+01 1.290586153840213690e+01 6.546434164974932912e+00 -7.069060220551476732e+02 7.954863604127810461e+00 -1.091363259806309316e+03 7.332058329634556948e+00 4.302241567243791032e+00 9.072104614197160188e+00 1.910185543381303930e+01 1.834834152275501040e+01 2.248292120274561157e+01 2.484402037157054011e+01 1.501778530066067674e+01 1.063769652754924344e+01 1.478090812322224146e+01 2.187081527843637829e+01 2.472212569527081172e+01 1.669092726250024583e+01 7.018889249025300536e+00 8.892853770027576488e+00 2.709037396469738734e+00 2.962697854233630412e+00 9.059973163209118496e+00 1.258881513317328960e+01 1.472813179578465714e+01 1.253773923484878061e+01 2.166611347563982548e+01 2.521599098062518962e+01 2.521599097983506610e+01 3.023060688776685012e+01 3.443082038078562590e+01 3.955357134143500986e+01
5.979472710492108600e-01 7.669015082914673265e+00 1.766901508291460132e+01 2.445354904168143051e+01 1.448063929310845310e+01 7.460060651858320568e+00 3.711712744039328715e+00 4.573074432355737962e+00 5.261755224177815826e+00 8.741974522227964783e+00 1.492104526470665604e+01 9.212802264628413340e+00 8.110803339632887798e+00 1.316558370221628138e+01 2.308405475805792051e+01 3.038801663826762223e+01 2.056785366151912342e+01 1.385172047358708980e+01 1.335853025762940938e+01 2.310122113734104232e+01 2.872641834187558985e+01 2.727014306768805341e+01 1.693179008654569628e+01 1.321831598344336456e+01 1.291357239655450861e+01 -4.446458779157781649e+00 3.760290565824138120e+00 4.819521899668694154e+00 -1.655027722395614909e+00 7.011349515108328490e+00 1.248640823267509781e+01 2.281313287916866983e+01 1.508761574278299911e+01 2.053564432477656609e+01 2.007875131348043851e+01 3.023060688776685012e+01 3.666017871931106953e+01
1.534601171854249602e-01 7.224527929050887032e+00 1.722452792905081509e+01 2.535461205373889371e+01 1.887970499600454133e+01 8.932028734959750693e+00 6.237586137780417594e+00 1.201959017651667772e+01 1.002958367972640019e+01 1.101585612980891682e+01 2.075869602793928337e+01 1.886055277170882150e+01 1.112132552715289080e+01 1.307877279424771189e+01 2.281675975060292316e+01 3.051619222252877606e+01 2.071492076645817448e+01 1.735767536849865778e+01 2.029665448000627848e+01 2.732860594070854177e+01 2.939792739037360647e+01 2.520568079576679565e+01 2.542780238972049744e+01 2.353449060229256418e+01 1.711107818178223638e+01 1.256985070507047553e+01 6.085656678337469927e+00 4.478481446903603391e+00 4.764257373057492195e+00 8.713770097495219247e+00 1.895526011379266862e+01 2.075004738535829318e+01 1.579079070900246151e+01 1.293391760489727815e+01 1.897652967964177506e+01 2.230066570789506741e+01 3.246518535790830384e+01
1.123418600940028211e-01 8.576673153714798659e+00 1.120320936497500242e+01 2.121049584093331575e+01 2.301771244020839902e+01 1.870910955535642728e+01 9.390281428775947958e+00 1.627980740304519003e+01 1.995639965483798406e+01 1.675792641127068805e+01 2.511312778927095479e+01 2.524412494603188151e+01 1.687619139872423091e+01 1.881358239233207641e+01 2.717310297018158138e+01 3.457621456271004234e+01 2.542881651221971850e+01 2.419105282096488807e+01 3.012262103634447641e+01 3.103318037755445147e+01 2.504758096014067092e+01 1.506875205856649735e+01 1.564362319901434795e+01 2.148644616244841288e+01 1.676371453222770214e+01 7.059292170431505475e+00 4.158946641899176733e+00 7.084150740980432737e+00 5.050036396902671143e+00 5.266479381903671708e+00 1.417008406291236078e+01 1.156006620119235073e+01 1.018452414424040597e+01 1.513391849737261730e+01 1.404756026440172079e+01 1.933583782362918768e+01 2.951238571942873889e+01
2.368195578726151052e-02 3.185959615955637592e+00 8.785830487433843317e+00 1.584287770083650670e+01 2.583465468420936162e+01 2.347012543023030418e+01 1.401524278901607801e+01 1.566574944324204921e+01 2.550695880405820759e+01 2.673639804443070034e+01 3.087736407973095609e+01 3.101714513397696393e+01 2.687226005624759395e+01 2.880021999142624622e+01 3.294031906775806107e+01 3.927616284261813462e+01 3.520771591705410941e+01 3.399864354214307838e+01 3.402345777957398809e+01 2.348115230515522001e+01 1.656850123565028454e+01 1.354672519397243668e+01 1.098998793920846317e+01 1.389816661590780456e+01 8.061981118981275785e+00 5.813228633539133661e+00 5.530394445997902864e+00 1.520296653734585490e+01 1.015514117349245282e+01 5.728212257036854105e+00 6.164419471700536945e+00 7.706925806288618119e+00 1.159477695255910490e+01 2.006438561368819506e+01 1.964521661059212576e+01 1.944024305562491861e+01 2.576909873930909001e+01
6.540601710037032834e-01 9.313007536233490313e+00 1.123327937451964864e+01 1.829868960236497344e+01 2.829311658779295158e+01 2.811797584904361713e+01 2.397961080398519940e+01 2.271587714405788105e+01 2.978399823421781534e+01 3.285891948486051461e+01 3.083163962243384759e+01 3.155741232518429129e+01 3.450297336659787817e+01 3.620332350702929602e+01 3.301993659695448713e+01 3.420827154437728268e+01 3.837092872626042350e+01 4.158001671976452940e+01 3.092372819043806587e+01 2.345413492428065538e+01 1.854267972634223227e+01 2.010622448352601310e+01 1.399167016204387970e+01 7.481065469794861755e+00 6.889739645495654763e+00 6.588993984922218772e+00 1.525030417483267797e+01 1.953020753567835399e+01 1.604870606778026954e+01 6.819242790077862715e+00 6.043411533235611977e+00 6.414347276805993481e+00 1.342241711173201679e+01 2.359267879631756060e+01 2.977755286437022875e+01 2.826706103457087949e+01 2.772300852799626725e+01
4.909850854147627119e-01 3.339429305246476520e+00 1.280740840314316387e+01 1.822028344605855921e+01 2.019319286139398884e+01 2.617782744162306230e+01 3.087709173749443892e+01 3.271098724336307839e+01 3.285891948486051461e+01 2.283666355396553627e+01 2.083444741233268616e+01 2.154253647975101060e+01 2.447582570213704756e+01 2.615782009732548730e+01 2.297666322147161466e+01 2.417871694854034459e+01 3.302721334881715620e+01 3.884120763974591029e+01 3.835207370648100067e+01 3.090990930641341805e+01 2.805776133437986886e+01 2.393853590732788916e+01 1.725450237325132363e+01 8.325204773520727741e+00 7.811762659330610425e+00 1.348134376751971608e+01 2.074843961038987672e+01 2.621724546082414165e+01 1.607915382038829577e+01 1.085251500705373928e+01 6.395767241415559745e+00 6.673483986469810780e+00 1.612323246907492091e+01 2.115054820622899356e+01 2.404685312038865774e+01 3.400833463996166728e+01 3.791077628287969503e+01
3.962370847149454534e-02 7.119161416299254697e+00 5.636963978912254092e+00 8.490937346200317037e+00 1.226881460001993673e+01 1.673703496287987136e+01 2.380539285064366339e+01 3.380608207704927537e+01 3.084382093762183175e+01 2.081984651478671466e+01 1.478805969050199209e+01 1.459514486071196337e+01 2.336734218342767733e+01 2.120365611179418863e+01 1.622415406598165077e+01 1.882114113666783695e+01 2.459988575931035371e+01 3.467736203224168179e+01 3.567671717062444259e+01 2.972993895402270681e+01 2.525319779160142630e+01 1.946068348857196639e+01 1.003635750141233451e+01 9.384360568327068108e+00 1.669492329313040457e+01 2.199827686384914216e+01 2.761011290242102589e+01 2.709344141405008699e+01 1.692383639448445720e+01 1.122533555920982451e+01 1.187889757419266878e+01 7.365918072433515817e+00 7.862251362730968474e+00 1.392556912893255827e+01 2.350289044664081928e+01 2.810259477436309794e+01 2.897142082073802172e+01
2.605283927408929001e-01 2.392535556296998323e+00 9.284440239856508015e+00 7.622020460288776889e+00 1.233938513766645961e+01 2.215894659336570882e+01 3.087709173749529157e+01 3.384443561820481250e+01 2.968704916260341165e+01 2.442969353113238640e+01 1.454512563008575476e+01 1.138930594016009756e+01 1.507340421427287325e+01 1.413447720898555104e+01 1.638514134831689972e+01 1.842244402644933743e+01 2.441103937048238492e+01 3.447384941285649518e+01 3.141211504801583487e+01 2.111016148966266570e+01 1.560312549053686482e+01 1.258187322864711355e+01 1.024778069718465012e+01 1.053577488085680436e+01 1.388570170778751844e+01 2.382612554216404988e+01 2.964132582824198181e+01 3.129053228189949465e+01 2.555068754930334052e+01 1.695589014179142140e+01 1.869027434466830684e+01 9.151430799634802327e+00 8.222256312270857848e+00 8.976863088843474614e+00 1.930784231518304139e+01 1.805416952814900000e+01 1.887228665261393701e+01
3.048053885361223792e-01 8.929810622535013565e+00 1.653467118023914395e+01 1.593024142849493785e+01 1.470011302598363834e+01 2.471900466560893506e+01 3.429800773000711445e+01 2.968704916260292137e+01 1.972108834172663094e+01 2.109165070879152992e+01 1.948762313586150086e+01 1.058524650734873873e+01 1.142999925124065541e+01 1.692227368340109805e+01 2.615167148741977599e+01 2.672273743438492843e+01 2.550990571101317883e+01 3.557486738077277977e+01 3.033083511192960202e+01 1.996465006311347423e+01 1.459712085427862682e+01 1.392514369647899031e+01 1.667533373439714950e+01 1.381097130621476587e+01 1.269870714724286032e+01 1.523814274885696562e+01 2.513842025716190065e+01 3.233842170601359811e+01 3.128119880406697817e+01 2.708688064606493739e+01 2.287140637971925017e+01 1.648987447009770690e+01 8.626664833179638947e+00 9.501735272315070091e+00 1.129343690038434112e+01 -1.535449950586760792e+02 1.323727301224284503e+01
5.470844782054917754e-02 4.526844402820135116e+00 1.030034709471641108e+01 2.030034709471647858e+01 2.471900466560893506e+01 2.886275265693366521e+01 2.802635272569516900e+01 2.020078453530805618e+01 1.843733280802265995e+01 1.281982336019567903e+01 9.878635043965998008e+00 9.223402590263836132e+00 1.806853566021304047e+01 2.537204647627164533e+01 2.524120362064844514e+01 2.938609092724305327e+01 3.557486738077277977e+01 3.973326755914857245e+01 3.461693790190313536e+01 2.873941302065948022e+01 1.912147155896987982e+01 1.820028764093932594e+01 2.651243290871042646e+01 2.372764100419838229e+01 1.519906268568955277e+01 1.499198554554856777e+01 1.762087396012771379e+01 2.488099339661454934e+01 3.553246260038003612e+01 3.202118984247061206e+01 2.187532881517042682e+01 1.474738532939088209e+01 1.700870825704569000e+01 1.179097111443627455e+01 1.099699937402131056e+01 1.201433060647093320e+01 1.287497610882104659e+01
