output/example/elevation_average_000029.asc
nrows	75
cellsize	133.333333333
xllcorner	0
ncols	75
yllcorner	0
NODATA_value	-9999
[rows 0 to 16 of 75, columns 37 to 73 of 75]
5.200534889941908432e+02 5.014029184722526793e+02 5.054473591621513151e+02 5.269654196428379009e+02 4.901803394139633383e+02 4.615191718395278144e+02 4.625340270513150926e+02 4.289186654425961365e+02 4.267753706369800852e+02 4.255444679665934586e+02 4.594032758438771111e+02 4.379421032834894163e+02 4.039456681225940997e+02 3.299961062333904920e+02 4.164073892088142657e+02 4.624497898384603332e+02 4.554675239148311334e+02 4.652781362715700766e+02 4.753548168385685813e+02 4.856348909860122944e+02 5.183147249408593780e+02 5.745792514616908875e+02 6.075132972640501521e+02 5.784080175024336086e+02 6.092965064236361741e+02 6.528021042272871455e+02 6.821510465790432818e+02 6.535591854231997786e+02 6.789980466397122427e+02 7.090059795392003252e+02 7.361480886283112568e+02 7.638525911974768405e+02 7.145494392127850460e+02 6.854928170020516518e+02 6.899599841705452263e+02 6.893159401545702849e+02 6.925528408054329930e+02
4.726627441784489179e+02 4.196756280237854639e+02 4.230553504116391537e+02 4.455880428112292861e+02 4.420198553875882794e+02 3.768704341039189103e+02 4.282820455656573699e+02 3.429662242766776217e+02 3.408004059256269898e+02 3.396374937354045755e+02 3.832068216247209307e+02 3.915807776563810307e+02 3.170299671532281423e+02 4.039577734852639423e+02 3.430198206423665397e+02 4.288783979271947828e+02 3.707067140080509944e+02 3.810888510945198391e+02 3.916122192140512084e+02 4.023104803328951675e+02 4.620156212864925465e+02 5.265009608810044028e+02 5.356690320049033289e+02 4.990588530598832904e+02 5.453269128162843344e+02 6.221476950813085978e+02 6.188660453540037452e+02 5.788076561387059655e+02 6.138139586768107847e+02 6.507670950179256124e+02 6.810324103827593945e+02 7.097377250913863236e+02 6.720405572492937836e+02 6.096066314535789843e+02 6.162273409923304825e+02 6.139813642536809084e+02 6.172478552301610080e+02
4.325604911281563432e+02 3.639281861613546312e+02 3.642763912809275553e+02 4.491224744876388968e+02 4.044606627329598609e+02 3.235913483110713855e+02 3.904937738303096921e+02 3.523967271488812685e+02 2.787737780556439020e+02 2.872056299926301790e+02 2.957218954208814239e+02 3.042834311622916630e+02 3.917162484058536052e+02 4.374104260745120882e+02 4.289055261506935040e+02 3.561886111573837752e+02 4.415627903490259314e+02 4.652781273559314172e+02 4.752916017578389756e+02 4.856201022622825576e+02 4.180644966204616821e+02 5.008413439775452503e+02 4.545173086387953276e+02 5.356962362901233519e+02 5.736086214349593320e+02 5.905774209427893311e+02 5.428732770364147200e+02 6.197517510300871209e+02 6.780036635378005485e+02 6.841147452139416600e+02 6.507671175324717296e+02 6.390404018169050460e+02 6.807877658936425860e+02 6.265601409873077046e+02 5.540138322366486818e+02 5.614706773267832887e+02 6.389662408316532947e+02
3.688766618873731318e+02 3.160609881751516923e+02 4.028408044213607582e+02 4.240007432958727804e+02 3.669696831493101286e+02 2.832419600259819390e+02 3.437613660106901534e+02 2.670540223464500968e+02 3.559234463467169576e+02 3.751154044881587311e+02 3.833289340849795508e+02 3.915670950004800375e+02 3.448711210198193271e+02 4.307539320717542637e+02 4.748298802992521814e+02 4.415616101706195877e+02 3.903478469759172071e+02 4.251538121023730241e+02 5.078298391351339660e+02 5.330896589554321281e+02 5.008107462397148879e+02 4.344388301751073982e+02 5.165090232726084878e+02 4.779258214384480539e+02 4.947795601895802520e+02 5.127128265582903168e+02 5.911127027147065292e+02 6.345025729938729455e+02 6.662937948321874728e+02 6.311637676179054779e+02 5.873486881351022930e+02 5.806765512391276616e+02 6.575887267960182498e+02 5.998067672410079467e+02 5.216855543543507565e+02 5.997996733484786773e+02 5.992499260479812619e+02
2.805556916918023944e+02 3.688458840646818544e+02 3.718788493066196565e+02 3.621192441235656361e+02 3.026331488783504824e+02 2.478931595720088978e+02 2.557774232776384054e+02 3.450632857373556703e+02 3.113476964944448468e+02 3.694915382223321103e+02 4.505956014654967703e+02 4.635696352968223550e+02 3.967464085798659426e+02 4.063084050357822434e+02 4.897749212178176208e+02 5.071402142486995785e+02 4.366126631124274127e+02 4.858558616830293886e+02 4.860737734704019886e+02 5.663671996651293057e+02 5.465240638751746474e+02 4.695658167245522350e+02 4.706607499882797470e+02 5.510331855518277280e+02 5.709850526037134841e+02 5.654792314175422234e+02 5.970083517875908683e+02 6.422466545075235445e+02 6.053472344440749566e+02 5.604280871146298750e+02 5.315942912908475364e+02 6.111869147761346994e+02 6.323927379898092340e+02 5.811213058961666320e+02 5.020334967558759445e+02 5.348137556316261225e+02 6.136085801948652261e+02
3.436305466766621066e+02 3.445200549619323738e+02 2.837807047582297741e+02 3.161675023739011863e+02 2.369060001800130237e+02 3.003442189435041314e+02 3.445078945694301638e+02 3.274164277006888710e+02 3.983214569613090816e+02 3.760679697612713994e+02 4.589752785629187315e+02 5.115588666731523517e+02 4.806232688374387862e+02 4.897715702254727148e+02 5.223314443604826920e+02 5.508575692696073247e+02 5.189326388895527771e+02 5.472930139381422805e+02 5.641342053500738984e+02 5.969496410334299981e+02 5.817384817788577038e+02 5.165760861591373896e+02 5.510263920638153650e+02 5.126001422376657501e+02 5.908712956972676693e+02 6.412424622088882415e+02 6.439276721609528522e+02 5.814723759765598743e+02 5.375895832128657048e+02 4.969323230553595181e+02 5.778623604136535050e+02 6.094186883049374046e+02 5.742029315352029926e+02 5.221462944792680219e+02 4.834215333246673367e+02 5.147041126467371441e+02 5.615755985999056747e+02
3.343025719411505179e+02 2.986957249221060806e+02 2.184172370005509265e+02 2.260279734652212085e+02 3.163480067359590180e+02 3.621069879614777847e+02 4.213024126937858682e+02 4.138316244967655848e+02 4.458597353183544101e+02 4.606899231481720562e+02 4.938202825753278944e+02 4.989734838867721578e+02 4.774547198486953334e+02 4.770620598067658875e+02 5.090103738877390924e+02 5.269721945305881263e+02 4.953950702289728838e+02 5.262613155320118494e+02 5.616837219989772620e+02 6.070790728688913305e+02 6.261674315339170107e+02 5.956022892572509591e+02 6.203620117039239403e+02 5.730616887491393072e+02 5.806029941446737439e+02 6.379896305676134034e+02 6.059188256957469321e+02 5.403212874964310686e+02 4.675829922594855930e+02 5.489185095245510411e+02 6.011779795160623507e+02 5.601773154685039344e+02 4.974974683364327461e+02 4.635570819566769956e+02 5.454146844543264478e+02 5.503289820602607278e+02 5.803393283387407564e+02
2.881901842780325183e+02 2.077147864246862241e+02 2.987134000042403841e+02 3.159057117622138549e+02 2.790337495252703661e+02 3.308885552147623912e+02 4.172806804933192666e+02 4.443588222911490107e+02 4.105619453579334390e+02 4.300264540849649393e+02 4.517707440538944184e+02 4.158176412707305758e+02 3.934117947846163474e+02 3.929158923699121715e+02 4.385177117087524152e+02 4.552793039237109838e+02 4.119155651482609528e+02 4.476650209136740841e+02 4.958708918403493726e+02 5.759497412054819279e+02 6.070101516002190465e+02 6.232108473731268532e+02 6.554103769552297081e+02 6.486577858032480890e+02 6.505585377416439314e+02 6.235686355095393765e+02 5.515376906559342842e+02 4.932186116155446598e+02 4.495690825151776266e+02 5.306811224328538401e+02 5.443733413086476958e+02 4.901951393282942604e+02 4.454242803874866468e+02 5.279757342983540411e+02 5.221701457054962248e+02 5.790240837077897140e+02 6.285991016962821050e+02
1.971128728250482709e+02 2.870416923633702595e+02 2.817613022674805734e+02 3.699358319890582720e+02 3.673774895477410496e+02 4.019996537163763151e+02 4.510216569892742768e+02 3.949412811540488519e+02 3.237301579992115421e+02 3.440139132859188180e+02 3.668312976312143405e+02 4.004294452608567099e+02 3.305875581274777915e+02 3.434218247790668670e+02 3.568631576836794466e+02 3.706392339679712222e+02 4.557194769118404452e+02 4.944441813892556183e+02 5.129549249738682875e+02 5.287060777510142771e+02 5.291896567885612512e+02 5.469745577270455215e+02 6.182200143304113453e+02 6.622030407176591780e+02 6.354624614482816014e+02 6.041571515231802323e+02 5.705297410151555368e+02 4.898454245756990986e+02 4.333782244835944653e+02 5.157527173136220426e+02 4.967568253517345056e+02 4.287010824538007796e+02 5.119311417176420491e+02 5.106103113181902131e+02 5.840137312717126861e+02 6.324162549281969632e+02 6.858059453764783484e+02
2.674985902800391955e+02 2.629318624200901695e+02 3.516148770914523993e+02 4.035690859625401572e+02 4.098550651868003456e+02 3.755912835505973248e+02 3.814900756848290371e+02 3.464780472723122671e+02 2.713173107644889228e+02 2.815753469308677950e+02 3.700248145345740340e+02 3.131821108151150952e+02 4.004850196320616647e+02 4.292330216045528459e+02 4.421013885931241134e+02 4.553436500141428382e+02 3.937004126584657797e+02 4.116123879652778896e+02 4.309947964061179846e+02 4.520743042967374663e+02 4.755868359932393901e+02 5.076375949759868149e+02 5.544502568396928837e+02 6.320643770021679302e+02 5.895653535217511489e+02 5.253629848414037724e+02 5.584853270644341592e+02 4.849404782077387495e+02 4.182032459220537248e+02 4.821480551221841324e+02 4.128926561599520824e+02 4.967320514281750548e+02 4.971679089737919526e+02 5.775676957568266516e+02 6.213745864508038039e+02 6.614493149169986737e+02 6.643245482172947050e+02
3.537317856390953921e+02 3.517288089557187618e+02 3.866366843956604384e+02 3.665198688136848091e+02 3.596350149176004152e+02 2.873992327921395145e+02 3.328625106555978164e+02 2.571391616749710352e+02 3.452011505611079656e+02 3.698096392113336606e+02 2.965746241145722593e+02 3.671060603714769854e+02 3.615732679383004893e+02 4.156989433617306418e+02 4.935467286015664286e+02 5.103763391964451444e+02 4.452968798092672387e+02 4.679712466367270736e+02 5.129469166506971760e+02 5.329233647737098636e+02 5.550213506063698787e+02 5.844279973945037909e+02 6.182278572008177662e+02 5.827929309254574264e+02 5.511037748861605223e+02 4.766215429293507100e+02 5.052765281758221931e+02 4.899640954823519223e+02 4.706139052332981123e+02 3.976772000466654049e+02 4.773708970805361105e+02 4.743226347148286095e+02 5.557506252068653794e+02 6.088435016059358986e+02 6.145318610798044574e+02 5.877348610905728492e+02 6.643889222159306200e+02
3.451139154898625634e+02 3.948204368975248713e+02 3.394585413373922620e+02 2.780405996757913840e+02 3.119312951715707527e+02 2.341074881817978905e+02 2.431779212550411557e+02 3.330316436941861866e+02 3.814551912853737008e+02 4.185164796105003688e+02 3.844675725428976989e+02 3.417114799251061186e+02 4.276793670527297309e+02 4.372864708335041541e+02 5.135030229082592541e+02 5.559566890055659769e+02 5.274020457622548292e+02 5.489828921323364739e+02 5.453827054647911154e+02 5.779631440058589078e+02 5.907479247306116577e+02 6.227400438395011406e+02 6.143957320407480438e+02 5.510740957526086277e+02 4.696205045820583450e+02 4.934415193428083057e+02 4.218100014157054716e+02 4.593626311437072900e+02 3.856892110728629746e+02 4.706055429394073713e+02 4.848908649337237762e+02 5.547204285306772817e+02 5.874328302322254558e+02 6.116327725421449486e+02 5.357447284292925360e+02 6.090580933014099401e+02 5.972333460866117321e+02
3.904545174788539725e+02 3.279940849084198362e+02 2.771146390768662968e+02 2.129282194026167474e+02 2.214700009569391170e+02 3.121097517772190599e+02 3.328137374156624446e+02 2.765909646811503535e+02 3.652071952831448698e+02 4.337915185750569549e+02 4.607410530701777134e+02 4.278668068309674481e+02 4.029432407280531265e+02 4.866340541388046290e+02 5.518520734863411690e+02 5.312218504724853574e+02 4.966322772700121959e+02 4.770937464712450264e+02 4.645479538710692964e+02 5.251675589787940908e+02 5.120639769118156437e+02 5.917750179359504727e+02 5.588794549719186762e+02 5.032355231384199783e+02 4.934249489372107860e+02 4.095462099766692745e+02 4.485078579195795783e+02 3.740068784988137054e+02 4.593743579327464204e+02 4.584561990739244379e+02 5.405133298232758534e+02 5.972038957467038927e+02 5.905924970092588637e+02 5.592710490687167066e+02 5.054862644230022966e+02 5.322376776898400976e+02 5.887744418301653013e+02
3.167436562483218836e+02 2.807992147962860372e+02 2.009404289683989475e+02 2.884535358975747386e+02 3.119491351271096278e+02 2.654066458377648701e+02 3.543845618373299544e+02 3.651899297556989836e+02 3.133108983228551665e+02 3.551153000146193790e+02 4.048624550654552081e+02 4.876625174505855398e+02 4.866523086866993140e+02 5.186597012837955845e+02 5.059487414791158244e+02 4.705430709221041639e+02 4.154707842289865880e+02 3.926567988517139156e+02 4.198318215676504792e+02 4.519101819630958516e+02 5.335069223381211714e+02 5.573900381146863765e+02 5.267488811467832193e+02 4.442675617330452269e+02 4.746600971449543067e+02 4.483388087252222931e+02 3.627287439237812805e+02 4.483471813539915729e+02 4.926865268252307715e+02 5.394674243876444280e+02 5.412813958536055452e+02 5.701112461301172516e+02 5.585500523532363104e+02 4.780920736019883179e+02 5.585871652716194831e+02 6.085402256320321612e+02 6.112035211046448921e+02
2.691881741321782329e+02 1.890562138603298195e+02 2.808335644652569272e+02 3.280963405333077390e+02 3.879193467229791850e+02 3.341567003416602120e+02 3.273201197988544209e+02 4.124037236278719547e+02 3.768599998046549899e+02 3.779144241968973574e+02 4.612336346115730521e+02 5.208737249869346897e+02 5.026599438928147947e+02 4.692842998170347641e+02 4.545067670524216510e+02 3.882647556487863199e+02 3.607679992476353164e+02 4.224558033806151229e+02 5.015592815245139491e+02 5.306696543921414104e+02 5.320181800865598234e+02 4.761236480803100335e+02 5.292705493055179886e+02 4.746743343323685735e+02 3.900040164686782873e+02 4.325097305355820936e+02 3.549888338662983642e+02 4.410428649765337354e+02 4.604052872957003615e+02 4.767760872432857582e+02 4.595537738878139180e+02 5.105841016768644067e+02 5.228982805080670460e+02 4.605530419853777744e+02 5.173168970939858582e+02 5.967382176087043035e+02 6.376701570997973931e+02
1.772146761534588109e+02 2.694101490873078433e+02 2.567248569825301843e+02 3.189720344314090994e+02 4.041619353581610881e+02 4.197221470936421497e+02 4.139093725265618673e+02 4.477322977208071393e+02 4.613750415421367279e+02 4.626264191418255223e+02 4.957174259872799666e+02 4.786093540030927329e+02 4.443752127611018636e+02 3.848824737206672353e+02 3.939513820767566585e+02 3.338599442427653230e+02 4.206016884031866994e+02 4.799321224430932489e+02 5.381778011152562158e+02 5.582130697365555534e+02 4.792036464092262236e+02 4.155949058705953689e+02 4.519156050301208438e+02 4.498534176918457774e+02 4.242363990372945182e+02 3.461320835142616943e+02 4.325433982479851807e+02 3.701965261504258820e+02 3.811155413948945352e+02 3.923642669903361480e+02 4.769618414302939300e+02 4.273964648964714570e+02 4.404905745362966627e+02 5.231691041166692457e+02 4.990687621566523262e+02 5.292205142104232891e+02 5.655213833137139545e+02
2.692816773845589751e+02 1.834546839380023471e+02 2.754662598364774340e+02 3.174305706710105710e+02 3.618121136126058559e+02 3.975055826977267657e+02 4.095177697876463299e+02 4.441885607345997755e+02 4.656917849274033188e+02 4.321114908272717798e+02 4.620316767040513923e+02 4.385371054555027968e+02 3.596824388477633647e+02 3.708496226922690653e+02 3.099959324021845646e+02 3.976617022609713672e+02 4.545284298092131507e+02 5.068328847288391898e+02 5.156994345434422939e+02 5.596659524664673881e+02 5.026952253793991758e+02 4.190653452000496486e+02 3.662353761379205821e+02 4.159594580981719218e+02 3.375076327954088811e+02 4.242383080446525696e+02 4.663071228838067555e+02 4.556586313081569415e+02 4.435562992582251809e+02 4.767869397244220977e+02 4.092574876993726889e+02 4.932025545259716637e+02 5.224212743827381473e+02 5.064163954155737883e+02 5.779528679502860768e+02 6.054281067734390263e+02 6.376730155080127815e+02
