output/example/elevation_000072.asc
nrows	75
cellsize	13.33333333
xllcorner	0
ncols	75
yllcorner	0
NODATA_value	-9999
[rows 34 to 50 of 75, columns 0 to 36 of 75]
4.159999999999999636e-03 1.000415999999996330e+01 1.202638033129188422e+01 1.012391313597584031e+01 1.022216420032689932e+01 1.965331011989118792e+01 1.418826717776707547e+01 1.537374709808074869e+01 1.663441617862480726e+01 1.987948266108017137e+01 1.347031047747259791e+01 1.495316715385784612e+01 1.663773594562293923e+01 1.663773594562293923e+01 2.555095030492687513e+01 3.197247806667469661e+01 3.622837748591275897e+01 3.557614213862249386e+01 2.695260021307782949e+01 3.188489133187047386e+01 2.819797497493622629e+01 3.729088316184171958e+01 4.932274110735776418e+01 4.588271210559205571e+01 3.510710507560603588e+01 2.865335681353198893e+01 2.435026545848197088e+01 2.122873069868413509e+01 1.850558146609492738e+01 2.379416218856821175e+01 1.402618919107472983e+01 2.140240560621021970e+01 2.605738557023812874e+01 2.615737883327117430e+01 2.316266382918577094e+01 2.959630023720621850e+01 3.933842040023472464e+01
3.329999999999999627e-04 1.010485544552210291e+00 2.025831709685828930e+00 3.062783405862327335e+00 1.056924756864014903e+01 1.525910080527930823e+01 7.463149141609869197e+00 8.720247646396705576e+00 1.001721530916964831e+01 1.136928586549500686e+01 1.487764227165105879e+01 2.339729446971082538e+01 2.555095017159354143e+01 2.269845737530056695e+01 2.198898698972335453e+01 2.870918693795501753e+01 3.885296763965506273e+01 3.094175325461358383e+01 2.066863598013919301e+01 2.096411781486724024e+01 2.888929802596334184e+01 4.026671159557287893e+01 4.797586476618269558e+01 4.724321511686669339e+01 4.294920751544796644e+01 3.850194994381191549e+01 3.405562338656237387e+01 2.904090470387515310e+01 2.478311651206946564e+01 1.495022562373355335e+01 1.306940123578605117e+01 1.524415091797242994e+01 1.745106421096251026e+01 1.970802076167051808e+01 2.893958189385972801e+01 3.566945340263638542e+01 3.152741679055672108e+01
1.129999999999999928e-03 1.000112999999996255e+01 8.902080876072313131e+00 1.298822447348693743e+01 4.605791688470860734e+00 5.723760592793173174e+00 1.569711626381245750e+01 1.810202664806097062e+01 1.446823548589004282e+01 1.713217298684469014e+01 2.339723721195471384e+01 2.085399239238192592e+01 2.953737071272128034e+01 3.243747742220408981e+01 3.168023151381552083e+01 3.592172347700346080e+01 3.441110834500972260e+01 2.666344993307690459e+01 1.583933639765938217e+01 2.666344987228400498e+01 3.208135587665462651e+01 3.515415620015696163e+01 4.409807009901732044e+01 4.167978014926619323e+01 4.205928216729188307e+01 3.903399241146200893e+01 3.076953796866625268e+01 2.466254996171600311e+01 1.989945481622210366e+01 2.214036265372278223e+01 1.211616493126581950e+01 2.104071649963180590e+01 2.517599469455446837e+01 2.628253678689245021e+01 2.915237594168504387e+01 3.059677086042125538e+01 2.132541537148655664e+01
3.329999999999999627e-04 1.000033299999996217e+01 1.826094973474368288e+01 1.950496288678716184e+01 1.221637805044932001e+01 1.569717100816545674e+01 1.018204521760021919e+01 2.015899937871571979e+01 2.372027523851173214e+01 2.595704415617287708e+01 3.022475050864585810e+01 2.953737041600531299e+01 3.349772101682850689e+01 3.407457900610707213e+01 3.825176451250153065e+01 3.441110834500972260e+01 2.388242772122004709e+01 2.408511323495119072e+01 1.338599540499860119e+01 1.645567190417085257e+01 2.114059019166187881e+01 2.825659071216320228e+01 4.069272799358463999e+01 4.165156512770947472e+01 3.421999682614683991e+01 3.741524476578025116e+01 3.663659189415850648e+01 3.231997220460251441e+01 2.650939864705102522e+01 2.626259652343921047e+01 1.812202072477634829e+01 1.099853386166322089e+01 1.996442441207460305e+01 1.629339492215218499e+01 1.902461679591960575e+01 2.137561684273817519e+01 1.511373521078202664e+01
4.329999999999999539e-04 5.772674255241573071e+00 1.282780833827378686e+01 2.273338341691476572e+01 2.372605470267112082e+01 2.430420477761192188e+01 1.722901129517077479e+01 1.648274699913302754e+01 2.355146414624542928e+01 3.356706865268710516e+01 3.179607794473223592e+01 2.763830965630841874e+01 3.179587584875675077e+01 2.372826187116672969e+01 3.232256836867203020e+01 3.327928663095057971e+01 2.272245106444825780e+01 1.521641852540622963e+01 1.110095632714169511e+01 2.166966268122494199e+01 2.874552173120725485e+01 3.482232874416890667e+01 4.001568194477246010e+01 4.249162876588297877e+01 3.741524476578025116e+01 2.867822514419440338e+01 3.348166976578960430e+01 3.726329689982170379e+01 3.520811089458492660e+01 3.220117290555570833e+01 2.517137618135767241e+01 1.704051355120718014e+01 9.923360342065292272e+00 9.196006276157442372e+00 1.816296925260400386e+01 8.185336662554252740e+00 2.137559791411124266e+01
5.329999999999999452e-04 1.000053299999996348e+01 1.544982340025034517e+01 1.898535730618319661e+01 2.312749292991417605e+01 2.812749292991419381e+01 2.723261688791813739e+01 2.648495601359992691e+01 3.063222139362025587e+01 3.114509183986872998e+01 2.659627798215324646e+01 1.709205374695666535e+01 2.659619629091680792e+01 1.755554321872440937e+01 2.765209846919372083e+01 3.287482801824837964e+01 2.844594114904896287e+01 1.969568492337254639e+01 9.273983241234986963e+00 1.383891086670518611e+01 1.993725229711693814e+01 3.055474245923798904e+01 2.897819936590023104e+01 3.753729481469167695e+01 4.108835478055613066e+01 3.348166976204712597e+01 2.427363249586565175e+01 3.011105561003939712e+01 2.794804148225493989e+01 3.201764111375207733e+01 3.117094919605937164e+01 2.396788264429191173e+01 1.572552241569181319e+01 1.817223116555998175e+01 8.185336662554252740e+00 1.719012306049675232e+01 1.538039958739004653e+01
3.709999999999999756e-03 2.676322419124241403e+00 5.449823400250381589e+00 8.985357306183130888e+00 1.398535730618314687e+01 2.398535730618321438e+01 2.959356217604067396e+01 2.545139436294396518e+01 2.959356217604067396e+01 2.694902658829706610e+01 1.632624087679628389e+01 1.153800314854390585e+01 1.898296535879017455e+01 1.260267097627940913e+01 1.812183148781470265e+01 2.865155561726939482e+01 2.413945735793922864e+01 1.363083389285618452e+01 7.774064044318873101e+00 1.499430511435328128e+01 2.550905309991645353e+01 3.264614170659929471e+01 2.276736401536201271e+01 3.060443897283797199e+01 3.478027256015998603e+01 3.730454452717569325e+01 3.011105561003939712e+01 2.069147767467601540e+01 1.858479455218703436e+01 2.532682349001559885e+01 2.933577577181100082e+01 2.947816186576195818e+01 2.544169414026553966e+01 1.817771151543386665e+01 1.719012303200067038e+01 7.231800563988427299e+00 1.622654019952634741e+01
6.660000000000000121e-03 1.000665999999996281e+01 1.544982340025034517e+01 1.544982340025034517e+01 2.312749292991395933e+01 2.812749292991419381e+01 2.459353998771947403e+01 1.545136379426018181e+01 2.459353998771947403e+01 2.567520822017089444e+01 1.827908555174858307e+01 7.351430667914511830e+00 8.069435053142795411e+00 1.898413492373959244e+01 2.765885607350268316e+01 3.287482801824837964e+01 2.618054022691005045e+01 1.658103680219767639e+01 6.358472734478213262e+00 1.492445641458482442e+01 2.609439177619351113e+01 2.843104578039849883e+01 1.822501333288637682e+01 2.047229058845161731e+01 2.893904407815419333e+01 3.478023961724542801e+01 3.011105548938983034e+01 3.011105560539077786e+01 2.532682349001559885e+01 1.583026579094824982e+01 2.279491623968093350e+01 2.683575612278080413e+01 3.228163600176264936e+01 2.399114828657626219e+01 1.426480545513343223e+01 1.619662906832864380e+01 6.280578480493461235e+00
1.030000000000000013e-02 5.783802691896245740e+00 1.578380269189620932e+01 2.544982340025027412e+01 2.456918411955854253e+01 2.042704491980053660e+01 2.045137907860207349e+01 1.045133666866071387e+01 2.045137907860207349e+01 2.137805196932760410e+01 1.054692072322897012e+01 4.522508790351659869e+00 1.512453307172675920e+01 2.329390894441524296e+01 2.473902167002934860e+01 2.760094396128094729e+01 2.204390016731030144e+01 1.209036817648214246e+01 6.358472734478213262e+00 1.423713686524555477e+01 2.070464447858671519e+01 2.147755750312981959e+01 1.473086067923737730e+01 1.473086067923737730e+01 2.047229058845105953e+01 3.060443889446444388e+01 3.959150509085279879e+01 3.024622654538620381e+01 2.442153125697575433e+01 2.112742868405019081e+01 1.332515305785800663e+01 2.279258042588212163e+01 2.703711427919384747e+01 2.805403717637272365e+01 2.210718929968032498e+01 7.186354670816482049e+00 1.527316549180925875e+01
1.349999999999999985e-02 1.001349999999996321e+01 1.992593831562709639e+01 1.725246120949287132e+01 1.879566514717691561e+01 1.042700861694614112e+01 1.711803160862162088e+01 7.117973247592934705e+00 1.285399239628316614e+01 1.699613235932205768e+01 1.327876485825228237e+01 3.151861176356595351e+00 1.326019993316619328e+01 2.190746277985155999e+01 1.511473562938560633e+01 1.793362374661101555e+01 2.193309187870306687e+01 1.496530910417631510e+01 4.992948228941296307e+00 6.160134006180415511e+00 1.651313360585132983e+01 1.154366227018127056e+01 2.147755748587598745e+01 2.475464016362031217e+01 2.893903971483707949e+01 3.194744474039800863e+01 3.609735399600161543e+01 2.621656757502194424e+01 1.628735965401476093e+01 1.167801027421052140e+01 1.167801027421052140e+01 1.905537691642458853e+01 1.728324504450730359e+01 2.704227975055718147e+01 2.483759383985471914e+01 1.228061547274520215e+01 5.289126715900299480e+00
1.339999999999999872e-02 1.001339999999996344e+01 1.018135546111364675e+01 7.252407747722426024e+00 1.018135572778031417e+01 4.653455411033348810e+00 1.018135599444697981e+01 1.018135612778031351e+01 2.853913187033908283e+00 1.018135639444698093e+01 1.096048709966819601e+01 1.901477457367245272e+00 1.157731006252944539e+01 1.732010245530013748e+01 8.333699374710819896e+00 1.392824227371886536e+01 1.205576714810384864e+01 1.218787969831759632e+01 3.593090707849281973e+00 1.365431876036496028e+01 8.768949880771200966e+00 1.865129167373845220e+01 1.963292437469850782e+01 2.968523367689258308e+01 3.027381875712787007e+01 2.183266416161871604e+01 2.977726337039038285e+01 3.049094152899733956e+01 2.523932077600282398e+01 2.112979193633836417e+01 1.906112773043269470e+01 9.600146619276410220e+00 1.906956528254276151e+01 2.685465084678019920e+01 2.752858683581435173e+01 2.017893151618588732e+01 1.593957350494308933e+01
1.369999999999999864e-02 1.812767971327002015e-01 1.812767971327002015e-01 1.812767971327002015e-01 1.812767971327002015e-01 1.812767971327002015e-01 1.812767971327002015e-01 1.812767971327002015e-01 1.812767971327002015e-01 1.812767971327002015e-01 2.700789107301197145e+00 5.818520596079164164e-01 3.859061254806331220e+00 1.247946745280477110e+01 8.204658618536791792e+00 7.750720444145798860e-01 1.116597814193517202e+01 2.035953006234137330e+00 1.218787923666856976e+01 1.331061967389622325e+01 1.807011789461192208e+01 2.279793703004488137e+01 2.968523367590843165e+01 2.765388136558615528e+01 2.576087119344634502e+01 1.600262549502598475e+01 1.972914083632672444e+01 2.977726337039038285e+01 2.950726932449482121e+01 1.964841169875869298e+01 1.290070612250312010e+01 8.149492053992457130e+00 1.305272012066807363e+01 1.995785774480658503e+01 2.430799679384768552e+01 1.570443628619016607e+01 1.673156028353809077e+01
1.290000000000000001e-02 1.001289999999996283e+01 1.812767971327002015e-01 1.812767971327002015e-01 1.812767971327002015e-01 1.812767971327002015e-01 1.812767971327002015e-01 1.812767971327002015e-01 1.812767971327002015e-01 1.812767971327002015e-01 3.547584511389374473e-01 6.910195237664916945e+00 5.818520596079164164e-01 8.301590574990876936e-01 8.301590574990876936e-01 7.750720444145798860e-01 7.750720444145798860e-01 7.750720444145798860e-01 1.116599971711435835e+01 1.544264974216952702e+01 2.256804298626307315e+01 2.217267153100805999e+01 2.633352880152269648e+01 1.761544279943323588e+01 1.761544281230885645e+01 1.152893328016095253e+01 1.889007545239826413e+01 2.974447554575553454e+01 2.906179806180572811e+01 2.662268566894048760e+01 2.176977975630462581e+01 1.589769386277841257e+01 6.114801931195695595e+00 1.455865403811417735e+01 1.851145465885275954e+01 1.652674205499442905e+01 8.478763070950002145e+00
1.349999999999999985e-02 1.001349999999996321e+01 7.252407614389092316e+00 1.018135559444698046e+01 1.018135572778031417e+01 2.853912787033882736e+00 1.018135599444697981e+01 3.716844123709016845e+00 1.018135626111364722e+01 1.017954001105230688e+01 1.000050152288146954e+01 2.001467962320920169e+00 9.979391648695369099e+00 3.457207979730515746e+00 1.030106045678698834e+01 6.089725934753229097e+00 1.116597640304900274e+01 7.750720444145798860e-01 7.750720444145798860e-01 9.548462968293579323e+00 1.498680170177547666e+01 1.209860104567648698e+01 2.217267150084443017e+01 1.761544281188765737e+01 7.628159667025912860e+00 1.761544272696646019e+01 2.575780718565390615e+01 2.444101339774122295e+01 1.814230796241617227e+01 2.353493048673416865e+01 1.885630696931502115e+01 1.515333365303460766e+01 1.156697513443146086e+01 4.069086318291290638e+00 4.293169060980465801e+00 1.245518231114539631e+01 1.182499320042528090e+01
1.319999999999999993e-02 1.001319999999996213e+01 1.725246107615953761e+01 1.992508456665889938e+01 9.925044638029358879e+00 6.187283453164832636e+00 1.618734105490064934e+01 7.496528770345070036e+00 1.749782800107426084e+01 1.764302795885935637e+01 8.570674087144242392e+00 3.098185253344365453e+00 4.933444856450876159e+00 1.153997637726314274e+01 1.521992981673453649e+01 1.552916456336452811e+01 1.152765978256756263e+01 7.750720444145798860e-01 7.750720444145798860e-01 1.118614200425509964e+01 4.939605715505742012e+00 1.503138708589751182e+01 1.826708118664619107e+01 1.531333912211471926e+01 5.296701254625410193e+00 1.238593780383388143e+01 2.242617760291287254e+01 2.133837114382304279e+01 9.073663163966497081e+00 1.372971275883426934e+01 5.339698013904306428e+00 5.305322972074480781e+00 8.843585864486179560e+00 8.614429545149912215e+00 1.851272793288896823e+00 2.242132496171777678e+00 2.242132496171777678e+00
1.359999999999999924e-02 7.084667811865485554e+00 1.708466781186555394e+01 2.406722422445241705e+01 1.992508456665889938e+01 9.966963621000047624e+00 1.996699925239393991e+01 1.249657074627881315e+01 2.164929580917389629e+01 2.119214338836142275e+01 1.446455505278666465e+01 4.458714898170422991e+00 1.113001488634248659e+01 1.942633506865568904e+01 2.254980253024580605e+01 1.780983552246057044e+01 1.213327029030387827e+01 2.263051390095616622e+00 1.118614298104044735e+01 7.750720444145798860e-01 7.750720444145798860e-01 1.118614195175308801e+01 8.253113695786719717e+00 1.118614405272104761e+01 3.101737459614087644e+00 1.321444499123357197e+01 2.094346095506238115e+01 1.695757675281826593e+01 1.367015170337147900e+01 1.293287577024920365e+00 1.150319342642134046e+01 2.041503161128339183e+00 9.111303124153923960e+00 1.851272793288896823e+00 1.851272793288896823e+00 1.147381926453177847e+01 2.242132496171777678e+00
1.299999999999999940e-02 1.001299999999996260e+01 1.793548035382312023e+01 2.293548035382332984e+01 2.410913781885982488e+01 1.574049665556165145e+01 2.410913781885982488e+01 1.956821600311725007e+01 2.666250088408367702e+01 2.045743109176747865e+01 1.042824525940312874e+01 6.420818058868705158e+00 1.666689503669580574e+01 2.479009491236770657e+01 1.856227079995965923e+01 9.108660369430982229e+00 4.143512106885584245e+00 1.213349291939894847e+01 1.533103364302237992e+01 8.828982766690238293e+00 7.750720444145798860e-01 7.750720444145798860e-01 7.750720444145798860e-01 7.750720444145798860e-01 7.750720444145798860e-01 1.118530097618108776e+01 1.118402895893979831e+01 6.951085920182747735e+00 1.115473873545826322e+01 9.108431077925915886e+00 1.293287577024920365e+00 9.643021407419004376e+00 1.559268787953688840e+00 7.043957644134909657e+00 6.645205160866184180e+00 6.102123842698812695e+00 1.188783892680865861e+01
