output/example/elevation_000435.asc
nrows	75
cellsize	13.33333333
xllcorner	0
ncols	75
yllcorner	0
NODATA_value	-9999
[rows 17 to 33 of 75, columns 37 to 73 of 75]
2.874384986488761484e+01 2.485656717485889899e+01 1.586060473363910539e+01 2.624420615708844906e+01 3.208487290113217227e+01 3.654352432216025903e+01 4.047713523027653792e+01 4.477627863557406585e+01 4.798794735353525454e+01 4.095535102774709912e+01 4.514227870830317357e+01 3.971040807802719286e+01 3.007825404587701001e+01 2.939425219865825767e+01 3.775398455509581197e+01 3.966857868744341431e+01 3.480156255071266713e+01 4.453540210044917558e+01 5.031852794135085105e+01 5.531831663922867648e+01 4.712552432465551533e+01 3.715080923415284531e+01 3.143835160731968159e+01 4.134885268688065452e+01 4.910142165350839605e+01 4.902310613203852796e+01 3.981371683215402868e+01 4.902310613177155574e+01 4.542088701058524691e+01 4.109514139295465185e+01 3.506669084730449981e+01 2.528255701068589900e+01 2.757886831772536240e+01 3.748785733482248617e+01 4.424787166508328795e+01 4.838351186613311228e+01 4.874332423551200577e+01
2.627547297878236776e+01 1.586060473363910539e+01 2.624418740228081504e+01 1.748849678405083807e+01 2.780385655891621255e+01 2.622572283426388040e+01 3.006977926611300944e+01 3.604462149204772459e+01 4.653206171794574431e+01 5.086172828561123538e+01 4.458184933326815269e+01 3.483896682279294055e+01 3.971040807802719286e+01 3.242813939676540258e+01 4.207697291093365521e+01 4.867844126978571495e+01 4.162205738565324253e+01 4.270759464798587857e+01 5.266619810107500399e+01 5.146978127812270998e+01 4.612269383640955311e+01 3.631435202435735476e+01 2.922260420358943733e+01 3.504011873856646986e+01 4.496454662057963247e+01 4.486642051609175752e+01 3.488184440810692166e+01 4.486642051609175752e+01 4.108645365928179416e+01 3.086487650134807836e+01 3.372016568305054562e+01 2.458869478619991611e+01 2.678823597563067338e+01 3.689939595749714840e+01 4.273723057226817446e+01 4.686295436623316846e+01 5.132464151623339887e+01
2.051649510698704404e+01 2.627547491688443060e+01 2.902711832641561074e+01 1.875697856093603022e+01 2.142520746249391550e+01 2.730975942144970148e+01 3.764906953129659684e+01 4.477627863557406585e+01 5.080023098639273371e+01 5.161102654086569430e+01 4.167026880157241919e+01 4.167026880157241919e+01 4.620444747309815625e+01 3.791256536010393319e+01 3.918291847401686567e+01 4.906383838280876830e+01 5.156883842278087826e+01 5.266619810107550848e+01 5.443083171998433301e+01 4.439669040528221444e+01 3.739489906557853516e+01 3.246508684276490442e+01 2.922260420358943733e+01 3.696708137127324534e+01 4.109269524192377077e+01 4.153803031122480860e+01 3.160908667241861991e+01 3.730439315742881234e+01 3.901622954942585153e+01 3.038911264005821522e+01 2.369381862192701504e+01 3.372015635999802896e+01 3.689776633010898621e+01 3.021661472998723141e+01 3.275769503936712823e+01 3.721541713093779435e+01 4.297051002474253067e+01
3.073849938129531978e+01 3.396378229366613510e+01 2.386821461962779267e+01 2.002550512718118370e+01 3.027636225523738034e+01 3.597242294815026753e+01 4.194880093010286259e+01 4.932754212500982050e+01 5.357365745606072238e+01 5.577931184407493959e+01 5.161102654086569430e+01 5.161102654083089192e+01 5.192499992923060859e+01 4.776565941709654339e+01 4.906383838280888909e+01 5.322597646740072008e+01 5.635189959850817587e+01 5.225576659315406403e+01 5.635189960060598224e+01 4.941174369369246477e+01 3.944568658219063906e+01 4.236467712216360582e+01 3.696708134676242707e+01 2.680767179432965719e+01 3.493518107979899412e+01 3.904540407484979880e+01 3.730439012451284952e+01 2.738264360053038260e+01 3.344326659113860245e+01 3.125688998718737110e+01 2.309149282170040962e+01 3.327239115855451956e+01 4.225818521886431256e+01 4.024155991909294983e+01 4.273723057226817446e+01 3.808536289154150012e+01 4.384711066041301564e+01
4.123795782942240606e+01 3.852971201725097217e+01 3.210018985336639474e+01 2.205883216140930614e+01 2.239419556236129694e+01 3.262339884282651070e+01 4.075100224545383298e+01 3.882346884708482548e+01 4.761138659829506992e+01 5.187226994511965472e+01 5.707569947648111253e+01 5.506943168515748255e+01 5.097389737089614670e+01 5.097389736883550171e+01 4.989405485083557323e+01 5.399098385541927314e+01 5.139362172337114032e+01 4.232777196321329427e+01 5.139362172340933199e+01 5.353691143148123643e+01 4.941174369369274899e+01 4.228985987299593319e+01 3.233185311598357714e+01 3.493518107979899412e+01 2.472156506036817092e+01 3.298661973578708029e+01 3.695406405035344477e+01 3.355354211017435517e+01 2.368008731512183118e+01 2.225187386835834502e+01 3.213832832182362154e+01 2.750014053017590143e+01 3.793824624674188328e+01 4.831031715899349877e+01 5.217870806184095755e+01 4.808800712409207279e+01 5.222218858674786901e+01
3.849184768176432669e+01 3.523652786860748876e+01 2.504583536719689008e+01 3.226529479630566044e+01 2.409315562985689141e+01 3.432888368722780115e+01 3.032343218072066193e+01 3.354749633437686640e+01 3.702456393121987333e+01 4.235818010824313262e+01 5.286459309218015790e+01 5.097389737061844528e+01 4.104170444904087844e+01 4.104170444904084292e+01 3.995835429595912558e+01 4.826218682564044826e+01 4.729176927817251652e+01 3.734331765244532875e+01 4.729176927817251652e+01 5.319025428876949491e+01 4.933929271310398690e+01 3.936988918799846715e+01 4.228985987307179073e+01 3.907238472797171625e+01 3.298765117020116833e+01 2.293069357846828993e+01 3.119183185309112716e+01 3.038403019344965372e+01 2.139409498063330517e+01 3.124226717754280358e+01 3.029766910984853112e+01 3.793799111957993375e+01 3.345266307021678642e+01 4.094312905889058385e+01 5.151407198149753697e+01 5.046006623433112281e+01 5.043778998987987450e+01
2.819696982409080022e+01 2.819696982409080022e+01 3.523652786860748876e+01 3.863066279388146995e+01 3.128025775531092734e+01 2.664998651851973577e+01 3.116722215558996112e+01 4.161640985870080556e+01 4.761138659833950726e+01 5.187226994511956235e+01 5.707569690351533609e+01 4.968759808218042195e+01 3.975113145313638796e+01 3.396272349202128993e+01 3.417180031400910423e+01 4.380641535233612416e+01 4.397561873625981832e+01 3.398765336417177707e+01 3.913772371705093178e+01 4.909072707687955983e+01 5.346244626111674592e+01 4.933929271310398690e+01 4.765094880718498160e+01 3.775497846817511771e+01 2.764195007861405884e+01 3.127372367307320289e+01 2.145875992065263915e+01 2.054240024923385377e+01 3.038429577606738974e+01 3.537504125554282552e+01 4.032464457332904573e+01 4.443317321194057712e+01 4.405468039595098872e+01 4.831031902448498272e+01 4.761441690675008687e+01 4.069930226533511330e+01 4.069865860011307745e+01
3.849184768176432669e+01 3.120821117527418664e+01 4.163568269822548729e+01 4.598106783245646056e+01 4.023552565632645184e+01 2.982466772037921032e+01 4.023552564931872411e+01 3.969056262356508569e+01 5.018542744545939627e+01 4.938568324540715082e+01 5.066726070928593373e+01 5.378477996641105818e+01 4.805556748534304745e+01 3.969185633237178479e+01 2.964669673386457305e+01 3.643277620155402019e+01 3.741830167677079544e+01 3.093500591885332796e+01 4.096413386743880380e+01 4.735921871993475918e+01 5.150763815041839422e+01 5.058168250882030037e+01 4.059440197448717669e+01 3.353497622609112483e+01 3.775497846817516745e+01 3.493204002772548478e+01 2.856705257402062870e+01 1.993765810652413606e+01 2.979967887246582592e+01 3.837335332334774307e+01 3.951164146335931804e+01 3.989661514624651772e+01 4.392725281686260530e+01 4.469305884736275658e+01 4.354878981562413998e+01 3.398605219140097233e+01 4.069865635993745911e+01
3.718446370422489622e+01 4.163568269822548729e+01 4.163564660114467131e+01 4.767634821799379807e+01 3.715335907076217126e+01 3.715334024555377823e+01 4.454384138141931970e+01 5.018543369237193730e+01 4.643863574013963813e+01 3.937141393180448290e+01 4.069428349754915075e+01 4.773391032350698282e+01 4.707987558438653508e+01 3.710951564521229784e+01 3.131006379982185805e+01 2.639652694458934690e+01 2.737805200883554235e+01 3.449124727202546836e+01 4.448483611851095532e+01 3.737020509224809217e+01 4.573605527287307382e+01 5.150763815047062621e+01 4.765094880718498160e+01 4.351960871738094738e+01 4.061217649920625661e+01 3.102824207205953755e+01 2.426221072548901958e+01 1.940614366686588710e+01 2.494089445891969703e+01 3.431266691067253305e+01 2.989720452124459626e+01 3.026250479598472864e+01 3.612030475136914021e+01 3.518527685353332402e+01 4.005211921079637705e+01 3.398605219140097233e+01 3.944713838252638283e+01
4.466450396541277001e+01 5.195613494634987006e+01 5.208746460219561669e+01 5.192747227218473682e+01 4.767634821799379807e+01 4.767478953547438891e+01 4.868427767093654523e+01 4.711365501121449029e+01 4.140356853731140774e+01 3.225693283303414205e+01 3.358950835055001249e+01 4.361677556593725313e+01 5.118232329510092882e+01 4.270646393728063828e+01 3.424351886714990911e+01 2.428709596573606788e+01 3.424351886614181950e+01 4.072233395131282663e+01 3.658264428413147584e+01 3.157322955521193464e+01 3.737020509224809217e+01 4.735921871993477339e+01 4.922354038211584282e+01 4.318545933326975472e+01 3.888834227337493132e+01 3.786413850457240926e+01 2.874066589019624374e+01 1.887775706423382616e+01 2.849640044939298633e+01 3.054863270804257880e+01 2.328483639046065434e+01 2.476761986069847765e+01 2.647691131789092367e+01 2.837076209547518957e+01 3.046950127218681459e+01 3.599318302300660832e+01 4.560278263632424967e+01
5.507890122079582795e+01 5.234034145226959822e+01 4.830007392601331873e+01 5.234206152739420759e+01 5.302117372533955120e+01 4.725783914160174248e+01 3.863851204465782274e+01 3.863689828157275485e+01 3.299766516309934161e+01 2.725531436574955535e+01 3.729637027123818172e+01 3.848575947211246273e+01 4.269173935365962080e+01 3.858433618196162485e+01 2.293200861982719374e+01 2.293200861982719374e+01 3.280647550156405856e+01 3.658261223007900753e+01 2.658221367640503274e+01 3.658264334211025215e+01 4.173299535234929181e+01 4.673610440832209179e+01 4.497401206629005088e+01 3.443332278687390158e+01 2.841875778845538747e+01 3.284372322528799515e+01 2.821803078715093704e+01 1.833635295724488756e+01 2.810224304449914001e+01 2.128765158864608864e+01 3.055006981020119383e+01 3.150861854391487427e+01 3.612028936453051386e+01 3.801288870908872752e+01 4.005781340643395083e+01 4.408567208183280428e+01 4.962795974056651716e+01
4.940444317777438954e+01 4.741134203590880958e+01 3.840417424288710180e+01 4.741134203590880958e+01 4.893393556345309747e+01 3.889599482868832325e+01 3.307118879676205836e+01 2.856623074468904377e+01 2.592925021713454115e+01 2.444423189366269256e+01 3.049797268889760105e+01 2.845518128169518235e+01 3.687968885886842685e+01 3.347797260681178244e+01 3.141489462413901990e+01 2.165161085936982843e+01 2.958189657336686196e+01 3.074917382150331946e+01 2.389944215366707070e+01 2.758409142872512021e+01 3.258517520749931862e+01 4.259642229940192948e+01 4.360865387391960724e+01 3.305298450639625685e+01 2.707022279861734404e+01 2.263408056059377671e+01 2.020202525281852246e+01 1.777764225021983435e+01 1.929066217204971778e+01 2.849238065437515388e+01 3.438184457376291903e+01 4.113940853646052176e+01 3.906264749063085162e+01 3.498643960669018327e+01 3.907439820177135203e+01 4.235134874775724967e+01 4.054596553430058492e+01
3.953238476133367385e+01 4.335177378429925454e+01 3.343423960277139884e+01 4.335180826814853106e+01 4.981728403644422087e+01 4.574714266628960502e+01 3.569173862563589239e+01 3.863689828157275485e+01 3.252221947071168984e+01 2.262532262544177541e+01 2.070166798866591051e+01 2.281573070045109120e+01 3.049016037753489172e+01 2.344747679563781162e+01 3.041396862785785515e+01 2.957903290571782051e+01 1.986692897723933626e+01 2.097927445570519467e+01 2.413974001904955458e+01 3.405484781851712484e+01 4.173299535234929181e+01 4.673610440832209179e+01 4.786878301878217457e+01 4.182025860424358399e+01 3.715476829081745791e+01 2.977466462429210026e+01 2.864200656982620430e+01 1.725996678075199497e+01 2.195463019533477578e+01 2.475281866049366997e+01 3.321879111686833852e+01 3.686203575577494007e+01 3.498451411696470359e+01 2.508921986837464857e+01 3.498557130977500407e+01 3.252847044320971293e+01 3.819569801045300039e+01
3.253640045972128547e+01 3.617047995225259882e+01 3.016587290199645111e+01 3.585958951967294439e+01 4.576572206581376179e+01 4.985931196979036883e+01 4.574714266628960502e+01 4.004202162070748727e+01 2.961906602880391759e+01 3.247749233516059064e+01 2.827663669747283848e+01 1.855465739235753375e+01 2.633029824975942645e+01 1.661579972893864721e+01 2.633011291160264733e+01 2.687806984859021497e+01 1.861951344270203279e+01 2.540976656593230487e+01 3.405484230202871743e+01 2.982645087934139738e+01 3.560805631444745956e+01 4.559949631686636451e+01 5.178507425341238246e+01 4.775030156544771387e+01 4.453065193057084770e+01 3.718546622559407666e+01 2.718386399696689182e+01 2.378798306164003407e+01 1.656071696168794816e+01 2.510180635101630742e+01 3.233824947999402610e+01 2.698317764815728736e+01 3.185385450565386378e+01 2.508921986837464857e+01 2.785531555256128300e+01 3.772132443176617045e+01 4.641775458053803050e+01
3.330137936736242210e+01 2.644107436639498943e+01 3.327498627132000308e+01 4.316085277551457722e+01 4.671179318078406340e+01 4.262392608211629152e+01 4.230684105306021792e+01 4.423448986883566647e+01 4.002355325748175829e+01 3.530516081511780868e+01 2.536532668447789263e+01 2.633029824975942645e+01 1.661579972893864721e+01 2.455487560708189676e+01 2.551276865752987177e+01 1.721219740829302225e+01 2.688888292962610294e+01 3.243827884655914318e+01 3.949201812493490138e+01 3.983093574187779495e+01 4.395918756523217041e+01 4.972061588327574100e+01 4.775030156544771387e+01 3.795978636837093489e+01 4.082736187828476915e+01 3.920307217784232279e+01 2.737068487603958289e+01 1.981362668525304827e+01 1.610855873080597789e+01 2.307298414378073304e+01 2.722469510960937455e+01 1.999554036788099154e+01 2.195616406148830180e+01 3.185540042586572085e+01 3.772128856149802090e+01 4.179067897312072688e+01 4.434390896218184253e+01
2.379252631748470037e+01 3.330139684500768738e+01 4.024457030015907577e+01 4.268380823293523463e+01 4.262392609420557932e+01 3.279800373888848952e+01 3.275063626839273923e+01 3.975414411049254682e+01 4.326599694314349165e+01 3.949922289392636543e+01 3.530516081511780868e+01 3.046504146337542096e+01 2.455476505958225175e+01 1.477330111791605560e+01 1.579923403640534829e+01 2.551274271903741919e+01 2.939812773989388361e+01 3.546167662149367317e+01 4.033018396600563449e+01 3.816846681109219475e+01 4.266728972590384217e+01 4.864445189539630121e+01 4.648772086850235752e+01 3.668369150836623760e+01 3.093388892705118565e+01 3.640286626778205203e+01 3.341361521328341411e+01 2.422201840822528141e+01 1.567065247108494930e+01 2.397917429689765356e+01 1.743270113720975800e+01 2.725909115334042099e+01 3.185603781119568723e+01 3.594153629119411875e+01 3.791045373025800558e+01 3.417172308337872266e+01 4.138921525490849973e+01
2.208037681411051167e+01 3.144295118317695881e+01 3.882631673166676478e+01 3.283618008214786244e+01 3.982738354999742114e+01 3.567594971704578910e+01 2.588084901868284149e+01 3.335904882715618669e+01 3.335930619192083668e+01 3.702824673247710052e+01 3.283025484393260740e+01 3.343521346637903235e+01 2.758775327480072193e+01 2.355029642951497237e+01 1.477330111791605560e+01 2.454805695558123446e+01 2.676575379583452019e+01 2.456130630121458225e+01 3.211661157077114126e+01 2.706760647572688328e+01 3.259395013759719006e+01 4.415108994901506634e+01 5.052182441202006657e+01 4.487243031089165868e+01 3.640286626778205203e+01 2.652636006645956002e+01 3.266989780622685657e+01 2.987297415288668390e+01 2.481309514993855458e+01 1.503796283666258482e+01 1.892521318834923960e+01 2.829952880848638586e+01 3.681578578017502679e+01 3.279986448097741203e+01 2.768924448292794338e+01 3.791045275092822209e+01 3.900566461691953180e+01
