output/example/elevation_average_000000.asc
nrows	75
cellsize	133.333333333
xllcorner	0
ncols	75
yllcorner	0
NODATA_value	-9999
[rows 34 to 50 of 75, columns 0 to 36 of 75]
3.337042190676853259e-01 1.533944019654950308e-01 4.743625523746077821e-01 6.041151594803656488e-01 1.435210111482867479e-01 7.614676132825973776e-01 1.263685358680693982e-01 4.145951657235891208e-02 5.323668898477045275e-01 3.517106943261555374e-01 5.692935730867363375e-01 9.246753638588611768e-02 2.192579725043692918e-01 2.676477839878148579e-01 8.214249761951989415e-01 7.657769864187279341e-01 6.465655813328490265e-01 4.867906557243308896e-01 9.899148182498521686e-01 1.485446932906563378e-01 5.584180691448348277e-02 2.474363268858192910e-02 8.713793107897838119e-01 1.989335585655824801e-01 1.098422810058238275e-01 4.842748024874728996e-01 4.385303655491611385e-01 2.083777605955404733e-01 1.058475445456513730e-01 9.005632943793455691e-01 1.042867861072369617e-01 5.731598246319121737e-01 8.521570549027270847e-01 3.511563022829092828e-01 3.478720125129819429e-02 5.055793756398985206e-01 1.271400186113099684e-01
7.136489310454718904e-02 5.276486214487119408e-01 6.834412425749797348e-01 8.047163684388960458e-01 8.168519039679137395e-01 5.751369694046994940e-01 5.411848114547879174e-02 9.952416661756757765e-01 5.597679434566308343e-01 3.858360345912941192e-01 3.160694176083111984e-01 7.719776255000021514e-01 4.652777734076466443e-01 9.673475464378339383e-01 4.716901349800318721e-01 9.074146571534269512e-03 3.016363700174046203e-01 8.757633899988412907e-01 4.406898773714855722e-01 8.122450142042006993e-01 7.153917638205625762e-01 7.054802596529095027e-01 4.005450801711368802e-01 4.061635727349633962e-01 8.372282248073797950e-01 6.498604631185065372e-01 9.964007762617349551e-01 4.220470020939416367e-01 8.830275897284434183e-01 6.176713033753684634e-01 3.431875004016087249e-01 7.838659423383701474e-01 2.636926594424956471e-01 4.093510646767629657e-01 1.864051736201159937e-01 4.289949369963435011e-01 8.100586514476221245e-01
9.059049790830050464e-01 2.119409316761633466e-01 9.419974692653946269e-01 6.076881796143618342e-01 1.373040029197623024e-01 9.681076307207232556e-01 3.007962832474153636e-01 6.627375319713288970e-01 1.607102823052020124e-01 2.415751916063934024e-01 7.923700681941806545e-01 5.847186052533872580e-01 7.674764171448702488e-01 3.670606711495494334e-01 3.569776426421188420e-01 2.906054166250680026e-01 3.686705487318963081e-01 6.988530048257588501e-01 8.160210783886101549e-01 9.835584428526965572e-01 3.581824818341609040e-01 7.581822365146432263e-01 8.622841056650293323e-01 6.260691898298265112e-02 6.486670301661043858e-01 7.436209159713536021e-02 6.469320706932225606e-01 5.842367735789252281e-01 2.823809377822612543e-01 2.825553416275878860e-01 1.156277491884231123e-01 5.810833957081544821e-01 5.176813116033035511e-01 7.199426827549265662e-01 7.602768656034264438e-04 5.349659156391134429e-01 9.855685972290584296e-02
3.236511337782697062e-01 7.935922441505572911e-01 5.778513569434206021e-01 7.241295135179151021e-01 5.814775315411929713e-01 3.831560954626005433e-01 5.077520779456801137e-01 2.819679104084061860e-01 2.820483537751916625e-02 8.872826052467697178e-01 5.856781034686573406e-01 2.790962258389123596e-01 5.628936445922108067e-01 4.195433047495150669e-01 2.043533411267244304e-01 4.701215611493203550e-01 9.134846684563997510e-01 9.272438007470624743e-01 7.086637357409908411e-02 6.513935380371943529e-01 2.222564271691528370e-01 7.811524529908820957e-01 9.631895430135004599e-01 8.298667330004018128e-01 2.749516730063835679e-01 4.897157578079669449e-01 1.421880754821913673e-02 9.237764928511920104e-01 8.909694331014429425e-01 1.185734655164196738e-01 4.484403785850132884e-03 9.925054775084711789e-01 7.813589598735239949e-01 1.339452330697421534e-02 1.776369027450173110e-01 9.150020831703328250e-01 1.650078672672146141e-01
7.051176975622763798e-01 6.323301347921193027e-01 1.995413732336857038e-01 5.541433935721061799e-01 9.855861221872751488e-01 4.639995210101983680e-01 4.369406815481987616e-01 5.034629707014803834e-02 6.574678808289003973e-01 8.650065232103035795e-01 3.875074436920131760e-01 2.601441882630414204e-01 5.294943147168923447e-01 5.932778807764440554e-01 9.251607166641425684e-01 7.281800150468232813e-01 2.753549416384546422e-01 2.542215672659557946e-01 3.631986456136782060e-02 5.463430208821727918e-01 8.327166971045165678e-01 6.242837225573193427e-01 4.109384506654790714e-01 5.781939680656942304e-01 3.227265521715293461e-01 6.385688130107127769e-01 4.943747015037326387e-01 3.218340323827715288e-01 3.075217109826794415e-01 4.534737014523142484e-01 2.272795436079174669e-01 9.243618424410942058e-01 9.774870408257086973e-01 8.108966938420092418e-01 1.039908847983519458e-01 6.026688576783987283e-01 6.481982815236858597e-01
2.762602726440547274e-01 3.449640524899731941e-01 3.025811513308536149e-01 1.414713852141320505e-01 6.812075370289004672e-01 8.677067818867385540e-01 7.532460731400099085e-01 1.325792939509631285e-01 1.618951775870715037e-01 8.571867375340541662e-01 4.074502772356459745e-01 9.329879837933818809e-01 5.698762891226387683e-01 5.231726303820620760e-01 3.604355797549330109e-02 7.305345535575138438e-01 5.825223643993344691e-01 7.135841562360067947e-02 6.191923567884535240e-01 6.346307116995364428e-02 3.956186023320540368e-02 8.282949526087941550e-01 9.328983340864833718e-01 4.559543412223273640e-01 5.151935493934616250e-01 4.795925802956194639e-01 4.079510292306531838e-01 3.561513918657144284e-01 7.441630796657061619e-02 5.165642361853743925e-01 4.352130500002560076e-02 1.631508208916723213e-01 7.074851135996267359e-01 6.205133371712049373e-01 6.142547152067373561e-01 4.683289072861654967e-01 6.969240505122964446e-02
1.850613594792993588e-03 1.712959043915033286e-01 6.996642079825334815e-01 9.056940741315721022e-01 8.816837777936209486e-01 4.155719903415373562e-01 2.100676193974302386e-01 7.924507017821589283e-01 9.244799598790353068e-01 8.162630823603811425e-02 3.835904288098394010e-01 8.524240451555925580e-01 9.298286020753282477e-01 5.210738128131152669e-01 4.837849887828964413e-01 7.891296095907901487e-01 2.825505306870212952e-01 4.084419692325246265e-01 8.997662609313735738e-01 5.564873627322663996e-02 7.028415250778182743e-01 7.961737624108833344e-01 9.741061723566560859e-01 9.061502761720250376e-01 7.925860253414315215e-01 4.795230971545831888e-01 1.663577904351498660e-02 9.004274934866390856e-01 2.028237414274560724e-01 9.663731774967020405e-01 3.500463811176983686e-01 6.619057450955065924e-01 1.386155426201524099e-01 7.073172069476566515e-01 8.678386139940541533e-03 8.835733410098245422e-02 3.540052115295776458e-01
5.933543570421615510e-01 4.805904600476063049e-01 4.574630224483704488e-01 1.714667496324167040e-01 4.003814515161949750e-01 3.280323262137539997e-01 9.308557644594251945e-01 8.713950291013393690e-01 7.818240746446379896e-01 2.150535708719214512e-02 6.521278050599703668e-01 1.684136316355843155e-01 4.678624031485856261e-02 7.779446948418256014e-02 4.048881139304979504e-01 9.404687848654640359e-01 5.330043635985978190e-01 3.749778287666711840e-01 8.123175107390696592e-01 3.575804958814616796e-01 7.453115121056145265e-01 8.318815018322011090e-01 2.755620583616179564e-01 4.571152179386298586e-01 7.110519093129039625e-01 2.869416847003037896e-01 1.663249748743789169e-02 7.235572245227006594e-02 5.793157668567376906e-01 2.329860599259251375e-01 9.259046991956634276e-01 4.753172469302577863e-01 9.924931140150959896e-01 4.363955137414344820e-01 6.131489877785349929e-01 5.975632475040835168e-01 3.507308167913592012e-01
5.242591108685094037e-01 2.545510565161077654e-01 9.014148299854487512e-01 5.637636900591210809e-01 7.506999604437253337e-01 5.716961246634258975e-01 6.595116567707587363e-01 6.552784974102024984e-01 5.047662532138840197e-01 4.237043829201037060e-02 5.546006531197967826e-01 8.579737737039705436e-02 5.822742231058841700e-02 2.821582755795427611e-01 9.651873658683388646e-01 6.815326762149745976e-01 5.030249843327967429e-01 9.870103450853517923e-02 6.092750873150684088e-01 8.494145297746236167e-02 3.812417545485763393e-01 6.028026043606496964e-01 7.145691475838740203e-01 9.376924139285498505e-01 4.511360418118355309e-01 1.391835785480753929e-01 5.442379709540139388e-01 3.305847957281220495e-01 9.371931380126053979e-01 3.272822912140140872e-01 8.765046979856104814e-01 4.248730085174290405e-02 1.459897080165456495e-01 5.492143496125345692e-02 3.087603320725712530e-01 5.421628817575639969e-01 4.328858953351742977e-01
2.245761403057450201e-01 5.423298948944391684e-01 6.208872948575632211e-01 8.434013830185422833e-01 8.254630444443270543e-01 3.227948797264448277e-01 3.249190663561951631e-01 9.615617096746327253e-01 2.035712891039208605e-01 8.884285734853965000e-01 2.560724340261641974e-01 2.536618547187617922e-01 2.097681598673916126e-01 5.720169166879309763e-01 5.619144616877473908e-01 7.305632173635598914e-01 3.782817743197744997e-01 6.540619758426314823e-01 6.894391991097120753e-01 6.683914917230175945e-01 9.540024328516616414e-01 5.575195318967360869e-01 7.681497662063508924e-01 4.965644485942913855e-01 8.728923821897284219e-01 8.734236584986578844e-01 9.336945882553230325e-01 1.438870950862453091e-01 2.702023611410927506e-01 6.854578339242267671e-02 8.222489627220136432e-01 3.380991413678162694e-01 4.392149614386702261e-01 7.201770658887194365e-01 9.712779524118643204e-01 9.552098822454561100e-01 6.266027740144919367e-01
6.918070203250719086e-01 1.644030623280496872e-01 7.431196746829396016e-01 4.767207786130733815e-01 3.379810423960694088e-01 3.252413364064525858e-01 8.136140984166883028e-01 5.360240398048523591e-01 1.981404083380792214e-01 7.638112774903220714e-01 6.990377861578809249e-01 2.785645880940944563e-01 1.952746755424754621e-01 9.956236898359096532e-01 2.977957499573870015e-01 2.509916948787527247e-01 6.083820756367230853e-02 6.268831006961355090e-01 1.818593291970168613e-01 9.610014154032011646e-01 2.454327021472755277e-01 1.832858922171308746e-01 1.058743189013118258e-01 4.532637643717940534e-02 8.648741567739128833e-01 4.277533657113911092e-01 7.875286510070579338e-01 1.398004516807271891e-03 2.614881026965292232e-01 2.288643119991450314e-01 4.726660728714675574e-01 7.336900485850865739e-01 6.586754018682159373e-01 6.474452717801082446e-02 6.013799066161931162e-01 9.561549199815799760e-02 5.613511610367638571e-01
7.517111381045206153e-01 8.169675988918885245e-01 9.804310478051694311e-01 6.653628020854749359e-01 9.824065328893736293e-01 7.015797752417445299e-01 5.012135733673672711e-01 7.263373089480660294e-01 9.033937551338980798e-01 7.060188278735921585e-01 6.947746192506770724e-01 9.538787785989915058e-01 7.306087086443789902e-01 7.207047682135067079e-01 4.864432382981477287e-01 4.887917555278187276e-02 4.627172919673079310e-01 6.701989730476800577e-01 5.244916795567630130e-01 5.752015441466672430e-01 5.084070663514538291e-01 2.399213433361557790e-02 2.631062578286593734e-01 1.710641337851204202e-02 8.879262044174571766e-01 3.054915849254017379e-01 4.188731714816411600e-01 2.745800155682261989e-01 2.713643046658735791e-01 4.158960236316107117e-01 5.823132817006974049e-01 5.186492974644177911e-01 1.138236446428031456e-01 8.600578812025219122e-01 8.166663987043458750e-01 5.280892218467010402e-01 6.146514488146749278e-01
8.558244295687547076e-01 7.371736991465571709e-01 2.904944431414834272e-01 5.516992306067435292e-01 9.939445446644946669e-01 9.691864981576012728e-01 5.167665804070215030e-01 7.880217989571287607e-01 7.567104176989465358e-01 2.179783826556191961e-02 6.887737104958763235e-01 4.993338273587398790e-01 9.608292845403360039e-01 8.301812635996567158e-01 9.938611973481521478e-01 7.742815428505742670e-01 3.062676286598827735e-01 1.083583886517384132e-01 1.432945366977390611e-01 3.050862339758508845e-01 4.798186924122667119e-01 2.539501286401300018e-01 9.717082175245075337e-01 2.039045698337055290e-01 8.797291628563088661e-01 1.716052489489944266e-01 8.872476799138436787e-01 4.283680805930861757e-01 2.759821427419180129e-01 2.366823609157098218e-02 7.410481283942248476e-01 8.299474578517707091e-01 1.655313996382706820e-01 5.647760163506189146e-01 1.079680479584189667e-01 2.661719168003031655e-01 4.844055959186255311e-02
8.802730031229742957e-01 4.340677918540258862e-01 2.114076230764949660e-01 7.623242078953492706e-01 3.402094853188297741e-02 8.200230650523794296e-01 5.284904390829329168e-01 2.353083416474055500e-01 4.615985192515369429e-01 8.005225646652200933e-01 2.999022537765436702e-01 9.401554079582423729e-01 7.894813402380937983e-01 2.785499814305398836e-01 6.686788886668028065e-01 6.076915693909414884e-01 1.058530253605283189e-01 5.384372144583503550e-01 2.755031275364259180e-01 6.239800166026054917e-02 3.973788386948911011e-01 9.618206415990723235e-01 7.252408038970663551e-01 6.410532905441630458e-01 5.692279710499603684e-02 1.127502625120245794e-01 4.950796994643059667e-01 1.054162920280816707e-01 9.861209705132639725e-01 7.523003348601390305e-01 6.899977442811260353e-01 5.455212990272074736e-01 1.792083723653242755e-01 6.772949810423427586e-01 2.621498200161976877e-01 3.324508698767932868e-01 3.586897180079082759e-01
1.825126015476009611e-01 4.493574376116389324e-01 7.025803555438893122e-01 6.081876983058575048e-01 9.412317280760265081e-01 1.502681114779930160e-01 8.062881831971235869e-01 7.384007524055951066e-01 6.483861654523601636e-01 9.178173630046597697e-01 8.097817427086385633e-01 5.383729754281921798e-01 2.093542501182427129e-01 2.332803828690541703e-01 5.511444513309439186e-01 2.434650068770760623e-01 9.101825303032837766e-01 8.512803457463454793e-01 9.394951975106313746e-01 3.288992220916975295e-01 9.810370602445003252e-01 2.879733430436437480e-01 5.775481407947635759e-01 3.027268767534255778e-01 3.564133757882536058e-01 7.452682205838691010e-01 4.865443908531269512e-01 3.053079801827141004e-01 3.048805214919724227e-01 1.884665372273720552e-01 5.878842068620765415e-01 1.497125078636706297e-01 4.040726182846812176e-01 5.347879995479857262e-01 2.697880880333479725e-01 9.360130505823719416e-01 9.181556847592445836e-01
2.234715563764334556e-01 5.019232619416827967e-01 9.382518328888689307e-01 7.512615799179583886e-01 5.299235394323918991e-01 1.209694678687923686e-01 4.162508117321102041e-01 8.264185471825099549e-01 8.075702553355305069e-01 8.124216083510088504e-01 6.005625319170231347e-01 8.626025542718297467e-01 1.348038537990525754e-02 8.310373478915611400e-03 1.016451431049004706e-01 8.120923246726324818e-01 7.209312449689904145e-01 8.646454883441301309e-01 6.850403613915014844e-01 5.360570244436716481e-01 6.140825333446408019e-01 8.470658388533455208e-01 3.333374981046669516e-01 6.310896852812253321e-01 6.377022020973667216e-01 4.015968377800711586e-01 7.879751597680130226e-01 7.720635556118141674e-01 2.103751801447739656e-02 1.619522411223575098e-01 1.629777549364387346e-01 6.875511385912783657e-01 3.873666454257248537e-01 2.535381677403036882e-01 7.879162887131051507e-01 9.352997787894434811e-02 2.763415846826084987e-01
8.205654311753158847e-01 7.654194042259417907e-01 3.732793359344442896e-01 2.143583904295649489e-01 6.363264108175140654e-01 5.674295171794337955e-01 5.953992672102329520e-01 5.687073380227773978e-01 8.044717080227137274e-03 4.029610612336891329e-01 2.252488463660287099e-01 3.012731070790417576e-01 9.078114988819030451e-02 2.324105592270515608e-01 4.537315901303989873e-01 2.328428481735429489e-01 1.598700503316315968e-01 3.982092580547926808e-01 9.325141478993165256e-01 4.039890926623714851e-01 9.203912680515056177e-01 8.847958404295371837e-01 2.786279175047259304e-01 4.875054139093032424e-01 9.082638343789423141e-01 8.380519654793326945e-01 1.464892896412834933e-01 4.232800813399445472e-01 2.371159222934704491e-01 6.542015414097123172e-01 4.899379324403794200e-01 8.482755946067505048e-01 6.979841137586960675e-01 6.867409435813064400e-01 3.599927619302883963e-01 1.267798390219087024e-01 6.153544249124118792e-01
