output/example/elevation_000415.asc
nrows	75
cellsize	13.33333333
xllcorner	0
ncols	75
yllcorner	0
NODATA_value	-9999
[rows 0 to 16 of 75, columns 37 to 73 of 75]
4.385256031691758238e+01 4.804935558402428342e+01 5.236645922229821082e+01 5.599538580963863410e+01 5.065343030938383606e+01 4.650311336224738312e+01 5.065618108701094258e+01 4.897631182744999023e+01 5.313340834251086164e+01 5.280740912414209021e+01 4.876654391197328664e+01 4.876654391197328664e+01 4.726669469014669289e+01 5.130660554425417530e+01 5.364676554586539936e+01 4.960778785744045649e+01 5.087379781053917327e+01 5.491424094838468051e+01 6.194984481512813801e+01 5.783593649606447684e+01 5.476257123106077529e+01 5.062888178203726852e+01 5.062795583527815069e+01 5.266673358680293404e+01 4.854470736223355232e+01 5.099405636617851201e+01 5.365716706109374456e+01 5.713461470720248769e+01 6.125054346603013755e+01 6.618285069898990969e+01 6.246271796473222793e+01 5.830633028368855975e+01 5.701811889681219014e+01 6.116746282070395324e+01 5.808644483577960926e+01 5.680202305383760830e+01 6.092617658384212120e+01
3.381040336381533962e+01 3.805577757680318030e+01 4.640841717063303662e+01 4.597254724877965515e+01 4.565770890514576053e+01 3.653097457732038578e+01 4.566261725786105785e+01 3.898018158630842578e+01 4.735602417537179321e+01 4.876654391197328664e+01 3.902049041468710300e+01 3.902049041468710300e+01 3.751973263138012982e+01 4.567813824673082479e+01 4.801400975052720810e+01 3.984938800158205652e+01 4.112218032612494056e+01 4.928365577737317693e+01 5.209300995799457468e+01 4.788488806155660882e+01 5.062875725994153697e+01 4.048856495543288503e+01 4.048855939738784571e+01 4.531408955451914267e+01 3.832859718355616963e+01 4.089513059620341551e+01 4.369272745364871469e+01 4.729890877856065146e+01 5.223217913370464061e+01 6.203705091204074051e+01 5.830633047704469618e+01 4.849644299834671557e+01 4.723475478594997412e+01 5.525462564133221122e+01 4.829456210367240487e+01 4.703414868109315705e+01 5.262215160215136933e+01
2.811860524300643505e+01 3.216373224992651814e+01 4.218220476964915377e+01 4.597296622943151334e+01 3.600876741837058859e+01 3.170323165648312624e+01 3.751074464914612605e+01 3.334214810343706858e+01 4.320507652984455405e+01 4.876654391197328664e+01 3.902049041468710300e+01 3.221295104256338249e+01 3.198171902495163366e+01 4.074624980641360850e+01 4.366503160953379137e+01 3.426133425440053770e+01 3.552090018147303141e+01 4.524369883000801451e+01 4.200198450680207429e+01 4.200196693071656995e+01 4.526740831769585327e+01 4.108394079057539727e+01 3.310866988142833378e+01 3.498159736579462731e+01 4.531409008090242452e+01 5.099405607592376555e+01 5.365713415196058378e+01 5.185019377461426870e+01 6.125053223200053765e+01 6.618285069898990969e+01 5.830632994179025985e+01 4.849644299774089973e+01 4.177443195517593466e+01 4.707856137760106208e+01 4.157889496158740883e+01 5.116253633437121806e+01 5.925982709555359662e+01
2.397662546237762626e+01 3.107380578027265017e+01 4.109857279575503242e+01 5.012313318993933819e+01 4.450116053261481852e+01 3.461443563144861457e+01 2.779445853341776385e+01 3.751074464890398730e+01 4.394306210085870390e+01 4.162940252640075300e+01 3.731643638075285452e+01 3.732028937935672985e+01 2.771893159854989008e+01 3.110053121591058911e+01 3.612525335166513685e+01 3.003144183723355809e+01 3.963023841160264737e+01 4.495710839201708353e+01 3.467956436210941717e+01 3.981838273229248415e+01 3.885836529643056281e+01 3.076439442433101590e+01 4.108394126339511843e+01 4.236358651586255064e+01 4.104166631946439736e+01 4.695513521252046019e+01 5.688109296971857276e+01 6.169734079506790181e+01 6.583991421546022593e+01 5.904325717426685571e+01 5.411365816621000135e+01 4.997474985489024135e+01 4.707856137760083470e+01 3.752815096815788110e+01 4.705111787340029394e+01 4.556715252165271579e+01 5.036005179933332698e+01
3.291454745107721180e+01 3.674381717290397376e+01 3.884155041058136959e+01 4.300449428188601075e+01 4.244207028357266154e+01 3.260335155186137968e+01 2.567632415508725785e+01 2.998517527057171250e+01 3.696518172161513149e+01 3.718821634095630912e+01 2.722183640203769528e+01 3.027607330357101389e+01 3.167959544155866070e+01 2.412963904594990439e+01 2.652666808254156194e+01 3.612525334837636137e+01 4.366488776486810508e+01 4.682314622950205063e+01 3.981834336902872451e+01 2.955063482199474478e+01 2.861556483528927686e+01 3.885836564805082816e+01 4.526745917631328808e+01 5.243723495060957873e+01 5.115033463263000613e+01 5.526922402997768557e+01 6.100545896310095628e+01 5.817467563054751167e+01 6.230850437775685435e+01 5.484925113495533111e+01 4.510024851447171557e+01 4.036286506992948375e+01 4.483193125586308270e+01 3.752815096815788110e+01 4.054928448554522191e+01 5.008833524398668402e+01 5.925982709555325556e+01
2.636970112026897084e+01 3.150143754131594420e+01 2.868075426842695563e+01 3.884155041058136959e+01 4.536383149301240536e+01 3.548448631628228611e+01 3.286317055666171427e+01 2.273585531551976757e+01 3.040704157196885760e+01 3.298039712795262091e+01 2.854708581127902534e+01 1.936475814871315748e+01 2.145759906102319192e+01 3.114342304789011706e+01 3.536930785562550028e+01 4.014147698506477724e+01 4.060951510871537096e+01 4.263965510044556595e+01 3.238528188338364089e+01 2.654363015725527220e+01 3.672259437519312542e+01 4.251321514271820234e+01 5.063862058319465831e+01 5.352775558930508026e+01 5.394610427723857526e+01 5.800903947097167901e+01 5.670954089516626340e+01 4.859388393388921656e+01 5.670953660604508428e+01 5.904325361071879996e+01 5.166865092792677672e+01 4.200721115046099641e+01 3.516707850635573607e+01 4.298430465640522158e+01 4.696158789746262840e+01 5.412130520620498686e+01 5.407082002468867898e+01
1.923713434300420388e+01 2.118195637598833869e+01 2.724487936473834537e+01 3.737502509327402578e+01 3.626873643749873821e+01 3.634142752840445212e+01 3.691756296171868712e+01 3.040433450871874754e+01 1.974432475962524336e+01 2.792999936242526005e+01 1.800752064793850948e+01 2.868677853394958177e+01 1.936475814871315748e+01 2.048980169333381696e+01 3.125674158178618001e+01 3.335931588639855505e+01 3.039973127661069086e+01 3.434053660011807807e+01 3.526829804415278602e+01 2.654363015725527220e+01 2.809755360767976384e+01 3.832401057011436052e+01 4.054071292158699436e+01 4.349832148839080759e+01 4.399723680656297375e+01 5.394610427722975743e+01 5.264320300102726691e+01 4.318064747287167648e+01 5.264320300103002381e+01 5.816968992760911306e+01 5.446322784955104623e+01 4.385409064544837321e+01 3.383475728210833466e+01 3.452434454562200017e+01 4.302180436802917285e+01 4.717726977821652667e+01 4.432562780913900014e+01
2.724468970943695467e+01 1.671715730164310898e+01 2.536999623528486225e+01 3.010593949942069258e+01 2.661090666138897021e+01 2.647439915734790716e+01 3.310633380515532309e+01 3.055394814846538054e+01 2.692801588928648115e+01 1.677074342608963775e+01 2.105992458089057706e+01 3.136934755244238815e+01 3.051586688791280366e+01 3.087832906326154969e+01 2.201570342242507294e+01 2.304039509620199411e+01 2.304039509620199411e+01 2.409604269797084086e+01 2.511244313972793663e+01 3.530287288964581904e+01 3.832401030955702481e+01 3.040929353777850253e+01 3.315069635663897429e+01 3.666371411233215127e+01 4.399314476773678706e+01 5.387844554110498763e+01 4.929768442028954212e+01 3.989626553102051787e+01 4.458063532925247330e+01 5.408486917080407608e+01 5.395335055166423643e+01 4.411889579582422982e+01 3.828572913020531843e+01 3.221138511832720042e+01 3.481667480246710511e+01 3.764980702264497836e+01 4.307496750021268639e+01
2.219109214946518449e+01 1.824674941064884948e+01 1.465850199577851676e+01 2.507464950166177786e+01 1.942033142130816969e+01 1.917424026889270294e+01 2.470510759929037903e+01 2.498217024852853640e+01 1.575721949780688469e+01 2.678287675615481334e+01 3.142318454228965763e+01 2.725710552859488800e+01 3.715567395491804348e+01 3.644239027094457128e+01 3.248850839146638236e+01 2.562462824054452426e+01 3.006674099325558558e+01 3.433835100229217119e+01 2.827014299934997510e+01 3.840019784373404832e+01 4.296285223228629491e+01 3.258490550181522138e+01 4.296285223229426009e+01 4.691119262358495945e+01 5.100313810460443165e+01 5.317904658173652876e+01 4.355834901090582179e+01 3.695135584866653033e+01 4.354862946028114834e+01 5.302670916712889237e+01 5.389695260956104050e+01 4.427429882679591344e+01 4.042448988697773871e+01 3.099781209484823563e+01 4.042448979780822782e+01 4.716424448504832156e+01 5.119302579958871746e+01
2.233324244773223199e+01 2.211084075696341955e+01 1.517858376337504822e+01 1.287127536100540404e+01 1.335922794562686811e+01 1.384792110237034102e+01 1.434326818713896756e+01 2.466848692733031356e+01 1.508140748854504132e+01 2.146116650267138226e+01 3.174192923270404521e+01 3.299115984090312281e+01 4.121547265478318423e+01 3.948856250255126810e+01 2.935677256662193457e+01 3.578895600404823796e+01 3.859426069663163616e+01 3.706917521492885470e+01 3.434910503203916221e+01 4.393260578976704522e+01 4.489126920801211895e+01 3.499916270313050148e+01 4.242774418629325339e+01 5.243080554822260098e+01 5.441702855524953009e+01 5.035001229974736958e+01 4.411410743544697510e+01 3.474485030157771348e+01 4.411410743544827540e+01 5.075929053861336371e+01 5.104377606368915110e+01 4.147028954508623855e+01 3.481664931352604242e+01 3.099781209484823563e+01 3.453227382546796065e+01 4.397045616464419737e+01 4.999175798354944078e+01
1.131947354266995021e+01 1.177196894465716248e+01 1.222365899677140000e+01 1.444947808682254831e+01 2.312032149789000712e+01 2.346175874508995918e+01 2.458554137695084663e+01 1.508140748854504132e+01 2.557863530469460045e+01 3.015070491062447999e+01 3.597340846219622534e+01 4.285535475158692265e+01 4.688940661544189936e+01 4.356285655132676737e+01 3.656831974067252844e+01 3.392174032257687344e+01 3.850802070255720366e+01 4.634526772552773366e+01 4.701467343561422751e+01 5.249971637002753511e+01 4.838638220776580567e+01 3.810484201678309546e+01 4.352818201193501579e+01 5.350884081871686959e+01 5.034989940396703645e+01 4.089703775384420226e+01 4.206855650319757700e+01 3.270848865614983225e+01 3.736382192183058493e+01 4.406155623319786230e+01 4.951896206556843083e+01 4.828105990265724046e+01 3.941261157148572636e+01 3.001122904920679346e+01 3.941261091717675669e+01 4.047123973464999835e+01 4.716240231747614331e+01
1.958515301712909462e+01 1.833795021086199029e+01 1.485884769400349725e+01 2.325067885565829684e+01 2.741114919822829066e+01 3.088066782108338870e+01 2.230460031637097984e+01 2.304952108376486564e+01 1.644302668677282142e+01 2.294082134162178477e+01 3.094310261489037117e+01 4.160518040654636707e+01 4.139751598771660923e+01 4.554232359527454577e+01 4.653865218370070522e+01 3.983410112949636073e+01 4.799108448915676206e+01 4.551099725442950472e+01 5.511358121628901330e+01 5.465587564224668427e+01 4.474293620463897980e+01 4.358923821357417694e+01 5.246186605165578243e+01 5.757699153502515088e+01 5.033287446882124527e+01 4.089616302528914815e+01 3.429056850763399922e+01 3.077645784147993879e+01 3.077645784147993879e+01 3.615110255043190790e+01 4.553204638921285152e+01 4.761979991991008632e+01 3.788165225339389508e+01 2.903084844247010210e+01 3.842773709166498719e+01 4.359038919370112097e+01 4.764495255897470116e+01
1.836022243018178557e+01 2.679437475875918295e+01 2.514744098979304354e+01 1.900274171386198319e+01 2.272283860924059695e+01 3.262675290630414082e+01 3.081055639117965228e+01 2.744027765129515473e+01 1.742385919284324913e+01 2.781607924752215766e+01 3.328222639137912608e+01 3.517254680916774845e+01 3.155512998462090835e+01 3.847539585516176430e+01 4.845213804261395296e+01 4.967230643507120647e+01 5.367016727247811758e+01 5.511358121628901330e+01 5.913181058948183733e+01 5.870667012264917872e+01 5.180639221677342476e+01 5.100003742716662458e+01 5.749886226741867290e+01 5.329295905262453203e+01 4.952210303807188296e+01 4.271155104259874946e+01 3.334419316932957145e+01 3.077645784147993879e+01 3.827863579362018243e+01 3.996382614535456668e+01 3.658361923190912535e+01 4.020724485398293524e+01 3.500472986499946870e+01 2.805018082601295859e+01 3.100875030511091524e+01 3.411957549535261336e+01 3.880556065054086901e+01
2.727991884244867649e+01 3.122006044815735848e+01 3.325128915028896870e+01 2.495651734532149035e+01 3.265479781254356340e+01 2.904322623065123210e+01 3.884520569596183037e+01 3.195731213375056612e+01 2.488759591476211241e+01 1.885633189244246566e+01 2.915119204457628399e+01 2.532891867727753521e+01 3.228572189160063743e+01 4.214229225166617709e+01 4.148979975999809966e+01 4.566900510208792241e+01 4.660093353704866104e+01 5.080772898749208366e+01 5.301296072914085755e+01 5.722579831346595824e+01 6.153513717378151426e+01 6.080599776854818117e+01 5.414387593652761410e+01 4.558716754909795554e+01 4.063747399140558514e+01 3.744179350249544314e+01 4.190183323319239150e+01 3.827863579362126245e+01 2.895226524273948243e+01 3.547548079315557601e+01 2.604988351224533005e+01 3.592752205344643102e+01 3.526877296034189158e+01 2.710057038135445140e+01 3.654113627603535974e+01 4.359038959972865257e+01 4.764501858126345013e+01
2.628596108401375275e+01 3.054706154042782984e+01 3.447756542907887223e+01 3.497162915762397262e+01 3.928119382845026308e+01 3.594992521175760203e+01 4.295481399089649699e+01 3.902700747210874965e+01 3.329666289603918727e+01 2.916958574183455255e+01 2.034762205260427592e+01 3.053651452432251290e+01 3.614720231564329822e+01 3.995072433817144031e+01 3.166218263338235772e+01 3.950882441559330971e+01 3.657587563837522282e+01 4.660093353704867525e+01 4.283368047354360897e+01 5.098155345605522371e+01 5.519579655889636172e+01 6.107395880469069738e+01 5.799969132940653083e+01 5.329295905262460309e+01 4.903916080287813628e+01 4.637916272428608977e+01 4.188546428229800256e+01 3.331111732082877097e+01 3.663694735660544666e+01 2.726051953057749344e+01 2.604988351224533005e+01 3.400355973199936699e+01 2.574870501034047976e+01 3.526877254930470684e+01 3.654113627364112915e+01 4.609673029268006417e+01 5.038815438395789670e+01
2.206123733556159650e+01 2.027253801091976726e+01 3.054393897426313131e+01 3.631709903489293367e+01 4.038867822991493028e+01 4.583421661066063280e+01 4.684329009757696838e+01 3.692233698317463819e+01 3.003174842768344988e+01 2.508950999601483289e+01 3.053651476068464277e+01 2.202473957248656689e+01 3.203636523608821562e+01 3.356194885469484745e+01 2.612155353357229615e+01 2.975100879165662349e+01 3.951214711510927202e+01 4.282880967219762169e+01 3.703480984579821467e+01 4.080704448164640041e+01 4.667546067721421821e+01 5.686378558300476271e+01 5.557874097522568491e+01 5.426070036381473471e+01 5.395962232653823776e+01 4.497906530441076711e+01 3.892391296852250093e+01 3.950746738906436661e+01 4.054665428822498541e+01 3.659687742821886758e+01 3.378060905408123205e+01 2.438367385023211398e+01 3.400164793339997260e+01 3.817488275838859124e+01 4.079575040168256805e+01 4.363716228005743858e+01 4.084080979114821730e+01
1.288410361458530495e+01 2.325842187044279541e+01 2.867038512220649693e+01 2.623381163011474726e+01 3.631709903489293367e+01 3.774910781409486304e+01 4.202676210325781625e+01 4.391463192052196973e+01 3.899350642716915871e+01 3.003173898999977354e+01 3.201980125203218108e+01 3.203631224624476204e+01 2.372701312525232353e+01 2.372701312525232353e+01 3.356194931839911533e+01 2.885357071997212941e+01 3.081366088316561047e+01 3.290711028879652389e+01 3.855093068415096980e+01 4.867250104418515377e+01 5.519579655889635461e+01 5.266550580829971295e+01 4.564093567461832635e+01 4.432634170935121176e+01 5.134994394335357981e+01 5.081365183270574448e+01 4.723104014441192078e+01 4.762784191544602663e+01 4.499167364904882760e+01 3.589903728263676896e+01 2.929054425400423156e+01 2.364610835284831580e+01 3.326351951869606438e+01 2.835655087863541013e+01 3.134871574866419408e+01 3.421326906728333483e+01 4.084080979114821730e+01
