output/example/elevation_average_000021.asc
nrows	75
cellsize	133.333333333
xllcorner	0
ncols	75
yllcorner	0
NODATA_value	-9999
[rows 51 to 67 of 75, columns 37 to 73 of 75]
2.303671626755365480e+02 3.170470003142145856e+02 3.352256713554547218e+02 3.455876688287981437e+02 2.757575259520765485e+02 2.864861559962929505e+02 3.639996214195792845e+02 3.956002232616036736e+02 3.508187543635187353e+02 4.207113865550004448e+02 4.341830866310335182e+02 4.480971386843272626e+02 4.175578126413163318e+02 4.808835705255025346e+02 4.442063326314773803e+02 4.894004248791435998e+02 5.455501285256939354e+02 5.985070423597940135e+02 6.124361235010196651e+02 6.170164111789216577e+02 6.138961184201604055e+02 5.834648288607032782e+02 5.377539567493695358e+02 5.824120511638374182e+02 5.104368374533445945e+02 5.302049862684505115e+02 5.144665629276728396e+02 4.383277449693993049e+02 5.146751607014318779e+02 5.346569232823819675e+02 6.054679070652852033e+02 5.599728636481277135e+02 4.860124446032428978e+02 5.357762854810513318e+02 4.849130428232512600e+02 5.588753391104896764e+02 5.838016337626849008e+02
3.168208651848860882e+02 2.652486683189200107e+02 3.500742191992766266e+02 3.920925078208800869e+02 3.367843290674391596e+02 3.698018166557642417e+02 3.022700571628984676e+02 3.138604233029433317e+02 3.271444604682423574e+02 3.407726983311581535e+02 3.551231426447662329e+02 3.699490478703638132e+02 3.874218928675532538e+02 4.059696463827880279e+02 4.823138593412015780e+02 5.404129062619294928e+02 5.669588691829336540e+02 5.522694942551117947e+02 5.526262196542695619e+02 5.484080350925822813e+02 5.942398429028613691e+02 6.330575865816144869e+02 6.090737590144907472e+02 6.104767095580442628e+02 5.831608491594010957e+02 5.525729161928655913e+02 4.780736490333214874e+02 5.152355961217708682e+02 4.596056398525249165e+02 5.351930739173208167e+02 5.854237788192803009e+02 5.766203406089362034e+02 5.051606000561157543e+02 5.762214902070973039e+02 5.588839501919669601e+02 5.115299805914883109e+02 5.838162500779811808e+02
3.819232120729653275e+02 3.500836107514231799e+02 3.055821270728291665e+02 3.877374384236010201e+02 4.176521045486997536e+02 4.165582091939360225e+02 3.514124992487052168e+02 3.587875606560147617e+02 4.048346545753963142e+02 3.887397347264736140e+02 4.310035840725008711e+02 4.168428821396194621e+02 4.599119249852729467e+02 4.729331180769336243e+02 4.619032891674249299e+02 4.923929980977046625e+02 5.084789399362283575e+02 5.229672088879676721e+02 4.899388324909387507e+02 4.910160434367344919e+02 5.586747787985106015e+02 6.046959077339905662e+02 6.140082348547065294e+02 6.423017946296029095e+02 6.029083597183213215e+02 5.317732575643032078e+02 5.317577498171907564e+02 5.637153299198922696e+02 5.140581965907264248e+02 4.835598273034622707e+02 5.575248249222418053e+02 6.052505494465963238e+02 5.779351059940925097e+02 5.362149310248680649e+02 6.042509835658590873e+02 5.838578993133406811e+02 5.429797131410546172e+02
4.330127630250240713e+02 4.195591041810483262e+02 3.552059192375180601e+02 3.689616973680219871e+02 4.476662067928665465e+02 4.617986173080753360e+02 4.314407405925306875e+02 4.282095898676563479e+02 4.678633260868091384e+02 4.661997983186104761e+02 4.959604727508539668e+02 4.925262373463270933e+02 5.215724017011081060e+02 5.381431798514370257e+02 5.082381448993904769e+02 5.019598820305958498e+02 5.039508068965454299e+02 4.578088052077690122e+02 4.362862980343341519e+02 4.991646783500093534e+02 5.367401077992417413e+02 5.386440834039788115e+02 5.437957349508178595e+02 6.133332763967224537e+02 6.295052165552694987e+02 6.029243710353769075e+02 6.028746524301504905e+02 6.133285498450246678e+02 5.569339155547455675e+02 5.108837222330725467e+02 5.198955430848276364e+02 5.913869785930205580e+02 6.271158926509170897e+02 5.602878125482670839e+02 6.270633177892939329e+02 6.395164253910057823e+02 5.828218691357493526e+02
4.689153571641979852e+02 4.646841560177130646e+02 4.349799366673288432e+02 4.476729464113238919e+02 4.599418302206772182e+02 4.577146884072308239e+02 4.879075533619919156e+02 4.744676623257482788e+02 4.478006462509513881e+02 4.610934856056802005e+02 4.911888598409768747e+02 5.023796522844716037e+02 5.314237872093750639e+02 5.173965892223583296e+02 4.832647459383370574e+02 4.450773583887796576e+02 4.689898458557331082e+02 3.941129413444905367e+02 4.485527982267424818e+02 4.688308644981467523e+02 4.787515685994067098e+02 4.838176256444639307e+02 5.475881987712259615e+02 5.816635265459303810e+02 5.897003580821765354e+02 6.060541057958558895e+02 6.372814026944885200e+02 6.520058140352634837e+02 6.073501369016042872e+02 5.409461091542436861e+02 5.913536722188391650e+02 5.631865875218577457e+02 6.313386760326587819e+02 6.248179273932864817e+02 6.028068142282207873e+02 6.671673813393319961e+02 6.315557168820486140e+02
4.422953757597906588e+02 4.549692947519629342e+02 4.285776718915977881e+02 4.122195849469227369e+02 3.909194159661878416e+02 3.783368615702929674e+02 4.572853149639853996e+02 4.277922510400093188e+02 3.671894848350109442e+02 3.815829280816841447e+02 4.453465552090127630e+02 4.255830615290506103e+02 5.013321059524750467e+02 4.812718309461070589e+02 4.082009490879077021e+02 3.808590015699387550e+02 4.295672390001655003e+02 3.694119995609117950e+02 3.874051043674053858e+02 4.082167496864287273e+02 4.337123550052913856e+02 4.916403719667985683e+02 5.492710483824333778e+02 5.088892448862124525e+02 5.176146044864846090e+02 5.389100271417817112e+02 5.956147044387699907e+02 6.279082336798808228e+02 6.374752216311991333e+02 5.872648167726861175e+02 6.363211296434382120e+02 6.313265721588624046e+02 6.253070105255625322e+02 6.791376311029434873e+02 6.585942806598183097e+02 6.684681708733039613e+02 6.956163761833491890e+02
3.977841608880945614e+02 4.130764141970519177e+02 3.612148253086701288e+02 3.307340551317925019e+02 3.192781020029959791e+02 4.021186956754076505e+02 4.012621964838386361e+02 3.688794074238703615e+02 3.127452534144290439e+02 3.390798829784275199e+02 3.686736785610237916e+02 4.488723500117637855e+02 4.746309971311133040e+02 4.340206642304689808e+02 3.900986212986036890e+02 3.359933415636448331e+02 3.495634002804338252e+02 4.243796828042194420e+02 4.384004933053923310e+02 4.857810526402640221e+02 5.089373714754754019e+02 5.309828366002482198e+02 5.024978702257147916e+02 4.501980726693199699e+02 4.712326737433774611e+02 4.974543074143192030e+02 5.287893312230394258e+02 5.807858067266552098e+02 6.494782911054749093e+02 6.541392616605101011e+02 6.575239022527102861e+02 6.343338619164209149e+02 6.590315036503410511e+02 6.870015016260171024e+02 6.808048836073796792e+02 6.981452122509550691e+02 7.247952865149109130e+02
3.939823582062259106e+02 3.546626399551475970e+02 3.017997858744258792e+02 2.747141428914495691e+02 3.599376598391947937e+02 3.771888556402503241e+02 3.443354449874321972e+02 2.839461819293559302e+02 3.689061097507118347e+02 4.193378756794016340e+02 4.463246435132043644e+02 4.675378708235942327e+02 4.179131609883528995e+02 3.626456675697704100e+02 3.182975837115567970e+02 4.021211796294926444e+02 4.309527916989895289e+02 4.630566493448065444e+02 5.112860131534187644e+02 5.445486653192731410e+02 5.104110475177781154e+02 4.803270257157851120e+02 4.243765655331033599e+02 4.822724098133359121e+02 5.303860931013871323e+02 5.682486206553724060e+02 5.956487916384556911e+02 6.279154815971576227e+02 6.301052670932715500e+02 6.233789927171121690e+02 6.187477030253141947e+02 5.633894167090259089e+02 6.187464633494498685e+02 6.567707299485148269e+02 6.166304535069881467e+02 6.484328622686166455e+02 6.917166747795029096e+02
3.352298504946898561e+02 2.797139349500253616e+02 2.393155885431932575e+02 3.112062635898013241e+02 3.161808971438892968e+02 3.209872478051864846e+02 2.579653637040198646e+02 3.443703624040854834e+02 4.013203530002030561e+02 3.921090081534970295e+02 4.241843591833493861e+02 4.020738487206891136e+02 3.590291444679245387e+02 3.009700155124411367e+02 3.856884157205324755e+02 4.340332557391615182e+02 4.830588787336296264e+02 4.926651986697003167e+02 4.770940570547257380e+02 4.901943439600509578e+02 4.601109906311240252e+02 4.008273186030813804e+02 4.522108444157325948e+02 5.257869069958089767e+02 5.831531870414158902e+02 6.029459089595221712e+02 6.085936374556689543e+02 5.889791799156799925e+02 5.597526205647204733e+02 5.523825767476395185e+02 5.526174230152605560e+02 5.177855655435828339e+02 5.837419805503203634e+02 5.984912601987074368e+02 5.615539043125755825e+02 5.965271790030028569e+02 6.415531688565622517e+02
2.748475155451837963e+02 2.128868831930681438e+02 2.181681959631036136e+02 2.234454440019433434e+02 2.285484600836524010e+02 2.335651576963422258e+02 3.212682100451511928e+02 3.331481797136736986e+02 3.367784112988774723e+02 3.082026981295912833e+02 3.477625187353188494e+02 3.531894723884206542e+02 2.839999733894274527e+02 3.695181759065055758e+02 4.179597491205532265e+02 4.171878876690988136e+02 4.053117407848458242e+02 4.481043326284326440e+02 3.994383681070063403e+02 4.396168483067308443e+02 3.794670791626442679e+02 4.601316779773248413e+02 5.104933234672482172e+02 5.579643850767371305e+02 5.863734672308610243e+02 5.407922654352033760e+02 5.534973126091002769e+02 5.169737840873501682e+02 5.065682560490345736e+02 5.217479489313443537e+02 4.767867234080657681e+02 5.526191467763162564e+02 5.699579078737496047e+02 5.249984767869451616e+02 5.778860564127198813e+02 6.479210566160799090e+02 6.570825607802188415e+02
2.056582089803783617e+02 2.943751462800732384e+02 3.061702402887244716e+02 2.880762356836420963e+02 2.980223776500094459e+02 3.210275415338388711e+02 2.408779767758030914e+02 2.462275193162890901e+02 2.514757160203271837e+02 2.566972727328856649e+02 2.619526637658455570e+02 2.671026170551652399e+02 3.534361072843205420e+02 3.660647040099109404e+02 3.713065925900931461e+02 3.346906138293571189e+02 4.171691528477468296e+02 4.098222922396609533e+02 3.452232894320504215e+02 3.591603609826954084e+02 4.410064467139147268e+02 4.908080792302395707e+02 5.169880784557958577e+02 5.336970485499617780e+02 5.363817523305227724e+02 4.818425815282016060e+02 4.913749553048878056e+02 4.698837519470521897e+02 4.953131811635507233e+02 4.439983508112817390e+02 5.216463167426992413e+02 5.441580819583909943e+02 4.948989441236859648e+02 5.699962778246040216e+02 6.260651472255541421e+02 6.205711527876004538e+02 5.961112850880417682e+02
2.864529499727821644e+02 2.491145840216546503e+02 3.140554699780831243e+02 3.687467162654298249e+02 3.788860469828836699e+02 3.439016951932817960e+02 2.587352096297401545e+02 3.328954673709342273e+02 3.373306582398867022e+02 2.954043242272300063e+02 3.480930382763734201e+02 3.532592260232026433e+02 2.749686105627418442e+02 2.805240685953449997e+02 2.860227659350588851e+02 3.715475042946371786e+02 3.906021387064913597e+02 3.262666527039118591e+02 4.098059115616424037e+02 4.400366825996056264e+02 4.720636486424318718e+02 4.625841433130015048e+02 4.395900293622987078e+02 5.068488016948695076e+02 4.931708663912958173e+02 4.301796012304976671e+02 4.414556439409266773e+02 4.825358534461502700e+02 4.160133274374795178e+02 4.952908908119376861e+02 5.190146860766176360e+02 4.676047415989137335e+02 5.441408301705461099e+02 5.981776377090898222e+02 5.879450937898930079e+02 5.492174215713459944e+02 6.102259234761526159e+02
3.215948572514829493e+02 3.351383095543949935e+02 3.096618248776053406e+02 3.792359011809375602e+02 4.063380482349705858e+02 3.287423738337607801e+02 3.452216600124787647e+02 2.867687706356502417e+02 3.717888570716572190e+02 3.792689590397354209e+02 3.707375644790415095e+02 3.914229738334560693e+02 3.297845154004111237e+02 3.366005612492170371e+02 3.713139315283805786e+02 2.938315424548690089e+02 3.073870929524339886e+02 3.919205485620104810e+02 4.416660470670763061e+02 4.150425805344409014e+02 4.203900029588613734e+02 3.822113570544627237e+02 4.232855720614808774e+02 4.446500227288516385e+02 4.541757776617681657e+02 3.851763153876361230e+02 3.940190940864659410e+02 4.030071838521667473e+02 4.827466077041543144e+02 4.309582297011623950e+02 4.415834271028737135e+02 5.194961569855207699e+02 5.495061068021685742e+02 5.635936523040368229e+02 5.143052796974993726e+02 5.879537203599824124e+02 6.472070107014982341e+02
3.065807490598123763e+02 3.675613099676406819e+02 3.924680960571688502e+02 4.116634180005133317e+02 4.358428895045916533e+02 4.118175005949435672e+02 3.576196332828236564e+02 3.717738938862177633e+02 3.193385744209818995e+02 4.026381052658134649e+02 4.260735428811956922e+02 3.717516819738181084e+02 4.133317543581172231e+02 4.189831401865132534e+02 3.744937714155967114e+02 3.789966600179264447e+02 3.021707596162071354e+02 3.870198231356788483e+02 4.026288834994995796e+02 3.315090936665284289e+02 3.399329617330942028e+02 3.482336632225490121e+02 3.566296325720131790e+02 3.649526196207355611e+02 3.732125655092869465e+02 4.546957167745374022e+02 4.580970284550665497e+02 4.671420542603604531e+02 4.709014307165771243e+02 5.093408619235194124e+02 5.190051435474979371e+02 4.604056643906894237e+02 4.744099190001796842e+02 4.892643698596885429e+02 5.644441312993801603e+02 5.548571199613539875e+02 5.916090608799245274e+02
2.482333083928715212e+02 3.345771080932229324e+02 3.974679503355893644e+02 4.362966631889790392e+02 4.807781498511422456e+02 4.688631137721748701e+02 4.387687067191238270e+02 4.343178670631519935e+02 3.863659087078342509e+02 3.585842224398322742e+02 4.395929288910650143e+02 4.530148980216079622e+02 4.487490598636529171e+02 4.854106719514413726e+02 4.314734856239005012e+02 3.513609386086458244e+02 3.869912538757076277e+02 3.104195150164864572e+02 3.193690795856962836e+02 4.034225220021601217e+02 4.224277518990361386e+02 4.303924489603904249e+02 4.207372284516453078e+02 4.138672027547528387e+02 4.539206495824814738e+02 4.190178530382530084e+02 4.979611132622483751e+02 5.357321315301126106e+02 5.466017567685474887e+02 5.755635761998174758e+02 5.662033393276276456e+02 5.257365230258355950e+02 5.198273545338839767e+02 5.626393997456054876e+02 5.357280704800604099e+02 5.881711440422185433e+02 6.259046661588612324e+02
3.345753456853273633e+02 2.819924903854303011e+02 3.223181539356143048e+02 3.777331460109425620e+02 4.570749008897151953e+02 4.968672064067685596e+02 4.871475970979537351e+02 4.902962049790741617e+02 4.600509160121246168e+02 4.272452077792941054e+02 4.087487694688340980e+02 4.866990755213945476e+02 5.252761017392989515e+02 4.887322277246428825e+02 4.135415110727815318e+02 4.290093891756297353e+02 3.775745412671042232e+02 3.932737989409820329e+02 3.210760978396220935e+02 4.049237974341886002e+02 4.399558719448791066e+02 4.866222883163810593e+02 4.980967890216007845e+02 4.926931607980961303e+02 5.229748871969843549e+02 4.848994616062175851e+02 4.834864753855174513e+02 5.585448013196066768e+02 5.959454231191652980e+02 6.055920660227233157e+02 6.157537822375136329e+02 5.958385359649159909e+02 5.922931938389074276e+02 6.205096657905406801e+02 5.972098423768700286e+02 6.355864999765990433e+02 6.830339161928982321e+02
3.987646837417689767e+02 3.323053550446929876e+02 3.477612241419078032e+02 4.230332562561872010e+02 4.631891969673340554e+02 4.217080839040293085e+02 4.107627037995048909e+02 4.757664025490250310e+02 5.192754208542464767e+02 5.031629534582049814e+02 4.867501537399684253e+02 4.866608481412283140e+02 5.599136773978758583e+02 5.231545288772746289e+02 4.815341778938550306e+02 4.894190490129499835e+02 4.496865383705797399e+02 3.869852824030422767e+02 4.049567198304974909e+02 3.315776014742345410e+02 4.149731747050788044e+02 4.086042976838139111e+02 4.875796132558988916e+02 5.306756380864882203e+02 5.492866739731024381e+02 5.583142875494884265e+02 5.585371632944001021e+02 5.701797552395574940e+02 5.244954839848704751e+02 5.347022017612194986e+02 5.542687278763844461e+02 5.437269745337575841e+02 5.960383090528210914e+02 6.580756381780139463e+02 6.604479116072819807e+02 6.787089621935537025e+02 6.756304031422265552e+02
