output/example/elevation_000213.asc
nrows	75
cellsize	13.33333333
xllcorner	0
ncols	75
yllcorner	0
NODATA_value	-9999
[rows 0 to 16 of 75, columns 37 to 73 of 75]
4.451807049454937726e+01 4.862764608467418981e+01 5.341941083418966230e+01 4.933590748378993140e+01 4.933590747977608970e+01 5.003603773784534070e+01 5.411435903529307723e+01 5.223071482560886380e+01 4.812631800574101248e+01 4.812631800565058171e+01 4.812631800565058171e+01 5.223071479039956699e+01 5.264742030387542826e+01 4.867906999121082379e+01 5.264742030387542826e+01 5.478082112203765064e+01 5.086938436436260247e+01 5.478082112203765064e+01 5.325958043231617722e+01 5.325958043231772621e+01 5.718769034553497477e+01 6.395774713787422883e+01 5.998569697000191070e+01 5.998569683666852370e+01 6.395774700416970404e+01 6.339260496270490108e+01 6.059610435806895623e+01 6.059610435806895623e+01 6.457190534729706144e+01 6.800151517432017556e+01 6.399937233813877668e+01 6.399937233813877668e+01 6.683243202636420222e+01 6.387820286070601838e+01 5.985162655764770534e+01 5.985162655764770534e+01 5.985162655764770534e+01
3.476567336533794617e+01 4.451807049454937726e+01 4.933590748187021546e+01 3.914922870479899331e+01 3.914922870479873751e+01 3.988259287000481379e+01 4.830426593564483539e+01 4.812631800568473039e+01 3.789620251609192536e+01 3.789620251609191826e+01 3.789620251609191826e+01 4.812631800565058171e+01 4.772170144088126165e+01 3.871538346290879673e+01 4.772170144088126165e+01 5.019293752256638186e+01 4.180432670411495621e+01 4.939736111969101984e+01 4.420187326647508996e+01 4.420187326647508996e+01 5.325958043231772621e+01 5.856642431257339609e+01 5.075175717657632646e+01 5.075175704324299630e+01 5.856642417873843698e+01 5.405598053665941194e+01 5.134697255023220919e+01 5.134697255023220919e+01 6.059610435806895623e+01 6.399937233813877668e+01 5.413862650483439154e+01 5.413862650483439154e+01 5.702677209185225138e+01 5.985162655764770534e+01 4.992051341614720883e+01 4.992051341614720883e+01 4.992051341614720883e+01
3.762208435165631926e+01 4.439284814777938948e+01 4.841556868921228585e+01 3.818760402000116017e+01 3.169473029887503657e+01 3.380529929208226747e+01 4.417394361452324603e+01 4.941900737318485426e+01 4.089253397036073068e+01 3.041799536044990049e+01 4.089253397066136841e+01 4.456931491023243552e+01 4.369697871553672996e+01 3.337849659064879404e+01 4.363567759492308795e+01 4.624910206386167033e+01 3.708949138942092105e+01 4.019412753696106932e+01 3.755577884650148235e+01 4.304126298185204291e+01 5.206422221616742263e+01 5.465447934458689616e+01 4.573822534889277591e+01 4.573822534889277591e+01 5.139872363201514105e+01 5.405598053665941194e+01 4.517229278683564075e+01 5.124671193887552789e+01 5.510014628473589937e+01 5.966402414496916862e+01 5.702677209170798989e+01 4.704915869520004179e+01 5.277230344452335942e+01 5.604108799531423557e+01 5.282926911056189567e+01 4.276155639365155992e+01 5.282926911056189567e+01
3.084278133311922687e+01 4.031889968178403905e+01 4.548570482177717622e+01 3.516463170119698134e+01 2.775670659820996988e+01 3.480337401136291220e+01 3.774084875624311763e+01 4.193597568269385079e+01 3.496300830735263077e+01 2.757516037443819812e+01 3.430613072927587837e+01 3.429730491647345048e+01 3.589163951423217469e+01 2.986326247231615127e+01 3.978686427033387218e+01 3.828017757824379430e+01 3.296764258831686334e+01 3.309667615866315771e+01 4.288969224451522422e+01 5.069478180600505368e+01 5.597492874202778523e+01 5.465447934458707380e+01 4.573822534889277591e+01 5.139872363201514105e+01 4.241574426203019499e+01 4.840445383876016905e+01 4.225870293277974810e+01 4.225870293277974810e+01 4.675542847411993819e+01 5.573799540388912988e+01 6.107007026308902198e+01 5.277230344451501765e+01 4.270029010763088451e+01 4.603461096521859730e+01 4.956287169154067129e+01 4.276155639365155992e+01 4.784549524993027347e+01
2.981943332999857432e+01 3.925242283875613225e+01 4.372605184258197397e+01 4.238508812368470302e+01 3.480337401664134234e+01 2.436486647774185244e+01 2.732059508126426906e+01 3.588989888998062128e+01 3.503544419053002201e+01 3.114776743982769958e+01 2.404499838194593764e+01 3.202535912502400350e+01 2.551148752164769817e+01 3.373623142830103916e+01 3.547744899566217214e+01 2.779967113935694556e+01 2.982903393003239501e+01 3.989098201231728780e+01 3.898996445606938721e+01 4.438876248581416917e+01 5.344604256081962745e+01 5.856642431277316518e+01 5.465447934458692458e+01 5.479188682759894391e+01 4.575603167588749187e+01 3.901445012895123199e+01 4.840321046685924955e+01 5.124671193887588316e+01 5.510014628483432375e+01 5.966402423527639343e+01 6.100436471108675107e+01 5.109260710253289517e+01 4.896544023148495484e+01 3.864416544854075397e+01 3.928703530770886232e+01 4.956287169154069971e+01 5.689935800509328345e+01
3.657149741264434795e+01 3.902366326426850662e+01 3.369391861865280902e+01 4.071295612606744641e+01 3.893601386291576461e+01 3.171903481624605803e+01 2.105583814082009653e+01 2.913433145941250402e+01 2.976328770009780200e+01 2.109404372636771896e+01 2.188295596007648669e+01 2.188295596007648669e+01 2.278479860127946566e+01 2.382636968579884496e+01 2.542345343061631269e+01 3.585430509167416346e+01 4.068897027437077440e+01 4.550062973066263083e+01 4.821681947137609825e+01 5.207528181637206188e+01 5.737819574463683381e+01 5.663084908062951683e+01 5.257999654412689949e+01 5.342227064119590096e+01 4.430221618114781279e+01 3.728434644058206260e+01 4.429490254255740211e+01 5.331223757991693191e+01 5.621515517416815300e+01 6.010546940954574069e+01 5.813919900156732012e+01 4.817381640699193213e+01 4.089632882998265728e+01 3.592291663586769346e+01 4.653269243504875163e+01 5.365584512430461928e+01 5.683167251741751613e+01
3.029031436855631298e+01 3.012808451862446191e+01 2.664032972624781337e+01 3.573241183674618782e+01 3.596643160463710842e+01 3.132669158116992847e+01 1.931518962099648107e+01 1.936200981641220054e+01 2.003703575027243744e+01 2.995360961211391881e+01 2.899358117447352612e+01 3.202535919543328191e+01 2.590368296737871745e+01 3.411174561556610030e+01 2.588211849120161290e+01 3.627862113477883810e+01 4.278581118867249700e+01 5.007745630506453693e+01 5.239110514421093256e+01 5.650722835851229320e+01 5.952233763922736642e+01 4.970438470791638252e+01 4.259489595798004302e+01 4.681509618570328968e+01 4.557370833286464773e+01 3.559829399181038667e+01 4.286829928826174552e+01 5.207018709617351249e+01 4.714720896485052748e+01 5.481528173570451656e+01 5.676268001890888826e+01 5.251143696099908453e+01 4.500131151169902211e+01 3.419963241045528690e+01 4.500027065177859242e+01 4.977457853529869425e+01 4.685188055595787660e+01
2.117279643077230489e+01 2.992710924491692026e+01 2.185818482741768776e+01 2.615122681201259880e+01 2.600596169277962844e+01 2.708631332937776648e+01 1.839662857279636299e+01 2.810480798036005012e+01 2.312927622472504652e+01 3.302042743456851071e+01 3.937978181891664775e+01 3.977716897252821582e+01 2.928759629540002507e+01 3.977716639709274205e+01 3.627862113478059314e+01 2.803034721042347499e+01 3.549417091567597993e+01 4.410226068602658245e+01 4.223938540428688526e+01 5.213300244635749436e+01 5.714120422428752732e+01 5.663084914286937988e+01 4.681509618570329678e+01 3.640638557155973842e+01 4.256575775795371186e+01 3.395815587268157287e+01 4.419036713914137948e+01 4.604321216963545282e+01 4.174433446295959982e+01 5.097977398922158443e+01 5.273710817854077249e+01 4.288470911123091867e+01 4.333350197676161741e+01 3.252877225493588043e+01 3.587824770499127425e+01 3.945390585602668665e+01 4.685188055595786949e+01
2.361991118071326667e+01 2.431899023921808123e+01 2.515437801813990149e+01 1.647599449380393821e+01 2.551764580656137227e+01 1.745412353181261622e+01 2.710358240762796811e+01 2.622898309235111824e+01 3.304871185883563811e+01 2.987618792537786305e+01 4.077366382424940383e+01 4.397725922248238817e+01 3.457560475556088875e+01 4.397725922248238817e+01 3.854661867984672341e+01 2.803034721042347499e+01 3.068701535420185422e+01 3.355098141435644266e+01 3.767779363474937782e+01 4.297587046701145397e+01 5.303598729673495171e+01 5.492547801158474385e+01 4.499233172560687422e+01 4.256575775929361072e+01 3.168920187681018419e+01 4.075245748010208047e+01 4.164587436658988651e+01 3.621048109486007149e+01 4.604321217377063391e+01 5.481442776127337169e+01 5.489324809778067760e+01 4.362356444618723827e+01 3.533531178120458094e+01 3.091657875766902919e+01 3.891967236091997506e+01 4.930427604003475039e+01 4.977489394663840727e+01
1.434725657636533924e+01 1.498218013392117598e+01 1.560981775878798494e+01 2.474473897328416783e+01 1.647599449380393821e+01 2.613869141790107875e+01 3.130035940794056160e+01 3.631992155805887990e+01 4.035594649812180279e+01 4.077366382383694798e+01 4.511674076104495157e+01 4.911919479062738247e+01 4.497882570402708780e+01 4.911919479037850778e+01 4.278581624589538279e+01 3.854661867814723308e+01 3.131094687904600704e+01 4.189293813188872662e+01 4.410226068602632665e+01 5.213300244635749436e+01 5.714120422428752732e+01 5.897185888133066101e+01 5.085958339335873291e+01 4.069427601813686124e+01 4.075245749259006089e+01 2.976929134578519509e+01 3.114077017253904245e+01 4.164587436123763808e+01 4.507348337569639796e+01 4.925674927011029069e+01 4.944230325952310778e+01 4.524274631763358911e+01 4.069565007694270520e+01 2.959068734768737841e+01 4.069650399538236485e+01 4.893889524998540708e+01 5.307386032856794600e+01
2.409727958449514418e+01 1.879659283859768593e+01 2.464355042627792258e+01 2.220693392084992368e+01 2.613866638311775148e+01 1.812848915631083457e+01 2.786148946427611861e+01 2.968687610908959940e+01 3.258292947418551933e+01 3.314109497993246833e+01 3.750968025800018779e+01 4.517371842678591065e+01 4.934992021721213717e+01 5.416664227676351118e+01 5.179363030344966745e+01 4.163431511199946300e+01 3.408712379903914069e+01 4.001117755004543852e+01 5.026581208674996759e+01 5.833073862253068853e+01 5.945071441736081397e+01 5.537178363957073657e+01 5.492632326681692234e+01 4.654228458153523462e+01 3.717470004661261385e+01 3.767388600287581824e+01 2.800151060494667377e+01 3.747803248100940721e+01 3.433186228409260110e+01 4.507348200229893109e+01 4.535157588377136761e+01 3.470142681776894023e+01 3.785214136466159829e+01 2.832759877304719609e+01 3.943058080995398029e+01 3.847381480055349812e+01 4.465624434651500962e+01
2.559457960082808725e+01 2.894092912839506582e+01 3.233717433218413362e+01 2.755448526659012032e+01 3.202481275276037564e+01 2.486804200088112182e+01 1.978500689958606884e+01 1.978500689958606884e+01 2.591208890187086666e+01 2.238461364715272239e+01 3.314109497993253228e+01 3.449543358572127971e+01 3.963334934567107126e+01 4.789302237280256236e+01 5.302334778039377738e+01 4.759848587490530747e+01 3.724575411040382278e+01 4.759848587490495930e+01 5.439537331179153057e+01 5.777738834065704765e+01 5.373064555597183301e+01 4.543932280232655785e+01 5.373064555597148484e+01 4.943131348765508903e+01 4.454813976655439944e+01 4.228577766652180259e+01 3.593116552421337673e+01 2.644384153548083205e+01 3.594770037951344221e+01 3.489690036365642101e+01 3.925233193419451538e+01 3.633927568498842220e+01 2.679124106084485746e+01 3.785214150736722871e+01 3.194182462280311086e+01 4.289460048879708864e+01 5.152865469504821050e+01
3.416204978943094517e+01 3.707098883412676571e+01 4.069013352433928787e+01 3.720086162597448975e+01 3.911604398899307711e+01 3.380169548403883795e+01 2.532159350374038809e+01 1.978500689958606884e+01 1.978500689958606884e+01 3.117858550373315651e+01 2.546417019518792202e+01 2.862300033778694086e+01 3.291527980086691230e+01 3.851259623879403904e+01 4.891823940281236105e+01 5.097751240381200688e+01 4.084043281709188022e+01 5.097751240381200688e+01 5.777738834065704765e+01 4.751023023151127234e+01 4.931653313307786846e+01 3.950735214876151247e+01 4.963727692267529079e+01 4.988865844231484914e+01 4.527230379071291821e+01 4.882506631435757782e+01 4.179600862448384646e+01 3.594770770417389372e+01 2.497700800890535788e+01 2.397234927752481681e+01 3.489600591880367375e+01 2.534594366128653320e+01 3.633992648976714435e+01 4.216096638984615907e+01 4.289460048879708864e+01 3.683710601860885703e+01 4.309695286619577814e+01
3.684063689835272015e+01 4.278297853084740154e+01 3.964148024698288708e+01 4.374940346200269659e+01 4.459465145298120348e+01 3.522500614117343076e+01 3.233901385289081531e+01 2.234070254065341743e+01 3.097003407352986670e+01 2.558288840094682826e+01 3.645493536388428168e+01 3.248845222822908596e+01 3.963334934567106416e+01 4.789302237280256236e+01 5.302334778043345409e+01 5.508537414715080871e+01 4.600381813544974818e+01 5.508537414715080871e+01 5.600848579910629610e+01 4.516705061252948639e+01 3.887680145056904735e+01 3.531618493938350412e+01 4.233758230288518831e+01 4.174456834502493763e+01 3.240307434530637920e+01 4.177262791532134401e+01 4.598745388047026239e+01 4.026837363161870087e+01 3.592366017953668944e+01 3.388212119829297819e+01 2.397234927752481681e+01 3.489634825564485965e+01 3.174268417991115854e+01 3.817975340139115303e+01 4.868519683108005580e+01 4.442989424070722748e+01 4.442989424070722748e+01
3.264692250668568363e+01 3.856741842784130370e+01 3.041017514633928798e+01 3.883470974559288891e+01 4.469135401200461644e+01 4.015418544153160241e+01 2.947579419200256012e+01 2.603557251228121316e+01 3.680799043197369258e+01 3.110617042908280538e+01 4.231755702156431909e+01 3.888144636398271103e+01 4.747656710594468876e+01 5.416664227620793071e+01 5.950058486577906081e+01 6.005224205716486097e+01 5.595120667217429400e+01 6.005224205716486097e+01 5.974652929398570222e+01 5.340259641049607353e+01 4.920045835777963816e+01 4.233758230283293500e+01 3.138564994341781400e+01 3.733682092689310394e+01 2.612097944807587169e+01 3.734517301379911203e+01 4.175347445764654708e+01 3.095289240286019350e+01 3.293533541755780902e+01 2.300631248728144129e+01 3.388190936954880073e+01 3.925095633942464701e+01 4.261987621983126928e+01 4.683761307299599963e+01 5.281065271785171689e+01 5.456233651946005381e+01 5.456233651946005381e+01
2.854632314975951246e+01 3.086990071193118723e+01 2.559169267280466187e+01 3.119083055496239965e+01 4.077579092240237202e+01 4.484206963252106704e+01 4.032292360014735522e+01 3.130636240709684870e+01 4.153529699139023279e+01 3.828751873748187506e+01 4.758588827337021598e+01 4.928924058721128887e+01 5.340632327342086683e+01 5.651702701600173384e+01 4.946403458378210161e+01 5.448230972478059897e+01 5.858280067174143113e+01 6.124464915456896819e+01 5.526676621078534168e+01 5.150595183498794682e+01 4.488396535530947062e+01 3.880311658648984263e+01 3.930349605396396129e+01 2.803114792609473938e+01 2.612097944807587169e+01 3.487753692478908363e+01 3.353243039711090034e+01 3.200697372358868620e+01 2.210941891582712771e+01 3.107408359424603717e+01 2.572726971757788306e+01 3.667079815353726246e+01 4.189219624990455770e+01 4.430135360797821420e+01 4.722900919244504081e+01 5.035237359575877036e+01 5.448255141104063881e+01
1.887491703575685520e+01 2.140758960118158427e+01 3.104330033583702786e+01 3.915872717531102154e+01 4.360446113253650680e+01 4.569876067630116978e+01 4.700154937726509985e+01 4.270490944036642134e+01 4.745059239345712143e+01 4.971894146085329425e+01 5.413939084366996468e+01 5.367208655007778617e+01 5.272365161870714445e+01 5.143112322625183452e+01 4.213191878322365369e+01 4.427944578076219528e+01 5.448230972478059897e+01 5.280260948392838571e+01 4.406259304139792476e+01 5.245405454838060422e+01 5.197284592126823810e+01 4.741108388986480549e+01 3.654638332456206484e+01 3.930349605283948478e+01 3.487753692477576095e+01 2.396698818902882522e+01 2.258813670189089251e+01 2.121918633852760649e+01 3.200520558980941388e+01 3.689739346993462732e+01 3.667079812871675415e+01 2.869169410513340779e+01 3.097630272479282709e+01 3.352727438168111718e+01 3.667319686575135762e+01 3.999334578641479965e+01 4.605888406301986748e+01
