output/example/elevation_000002.asc
nrows	75
cellsize	133.333333333
xllcorner	0
ncols	75
yllcorner	0
NODATA_value	-9999
[rows 17 to 33 of 75, columns 37 to 73 of 75]
2.000742018049058970e+02 2.000524946708746654e+02 2.000813374006558263e+02 2.001464888757488438e+02 2.001401724670917019e+02 2.002986781491777037e+02 2.003027474440503113e+02 2.001458431615579912e+02 2.000712789512654979e+02 2.001857384337592407e+02 2.001365196079257203e+02 2.001563498493434281e+02 2.000298919511743634e+02 2.000123614168460051e+02 2.000171112391950317e+02 2.000554183138700921e+02 2.002379894189990637e+02 2.004051177282308061e+02 2.002914617363740888e+02 2.002318226304641655e+02 2.001022094492996359e+02 2.000115748648521219e+02 2.000068553089339503e+02 2.000064915576716373e+02 2.000149854866832868e+02 2.001640779675074384e+02 2.002782090179187264e+02 2.001391675548554474e+02 2.001702611323333372e+02 2.001375835665398029e+02 2.001061404430166988e+02 2.000170692306772366e+02 2.001329521477187257e+02 2.001864527032356307e+02 2.003409138906145870e+02 2.001889183925299278e+02 2.002602996981226511e+02
2.000342533397691227e+02 2.000340210180845872e+02 2.001466069796874478e+02 2.000203541907042677e+02 2.001449396200412139e+02 2.003370907512576196e+02 2.002534901805598508e+02 2.002671333114828656e+02 2.001599534400093319e+02 2.000603543890137530e+02 2.001786958859754577e+02 2.000514311875822386e+02 2.001408811074980747e+02 2.001435184221567454e+02 2.001506301834437522e+02 2.001730884477079542e+02 2.002442239718545807e+02 2.003367947745446997e+02 2.002334289342752811e+02 2.000593074380088296e+02 2.000323348239869006e+02 2.001263915785676488e+02 2.000982772089510888e+02 2.001024982853238328e+02 2.000150823157898117e+02 2.001106218804677610e+02 2.001904955587158952e+02 2.002054108782002686e+02 2.000923138493896545e+02 2.001263741232410212e+02 2.000234069108629740e+02 2.000407454199963979e+02 2.000415375608936586e+02 2.002057443780306585e+02 2.001942139514116263e+02 2.002917081988541099e+02 2.001268117827084723e+02
2.001055349462340871e+02 2.001080710114945873e+02 2.001169297843606785e+02 2.001051590805843716e+02 2.001601216395666825e+02 2.001272940788713299e+02 2.000822497559149724e+02 2.001109301338341879e+02 2.000899290213698976e+02 2.000435180530752177e+02 2.001164020009020135e+02 2.001476499853020243e+02 2.000475717263895774e+02 2.001643119685854231e+02 2.001447240071894669e+02 2.000907222754366899e+02 2.000747316910915288e+02 2.002484070519773525e+02 2.001725596016933082e+02 2.001226967118915923e+02 2.000945826346668355e+02 2.001711945077277051e+02 2.001894346142650818e+02 2.001376596401732684e+02 2.000335097264476474e+02 2.001502147309930990e+02 2.002304932008194953e+02 2.002206988948302069e+02 2.000457895937050239e+02 2.002151530455761588e+02 2.000413693305858374e+02 2.000120663869377324e+02 2.000938825802517442e+02 2.001217378883732465e+02 2.001003935773555611e+02 2.001895786334905267e+02 2.000872477826375189e+02
2.000758113242102638e+02 2.000469369646018549e+02 2.000492062189084095e+02 2.001882774698897265e+02 2.001789370563172952e+02 2.000515076978677200e+02 2.000403828134826369e+02 2.000403533514785011e+02 2.001108245871159568e+02 2.001509071985560979e+02 2.000109207841769603e+02 2.000085570851848900e+02 2.001154399863509070e+02 2.003127009223434243e+02 2.001344473567234559e+02 2.000476887316162902e+02 2.001128304510796738e+02 2.001837155055274593e+02 2.000680946442567176e+02 2.000687400772374929e+02 2.000872851406203381e+02 2.000842546043805044e+02 2.000796715508562613e+02 2.000708906026777925e+02 2.001345821587789828e+02 2.001099853626089384e+02 2.001320478418421658e+02 2.000375000472452314e+02 2.000036168270508483e+02 2.001408707429748972e+02 2.001201260281882242e+02 2.000098241844397648e+02 2.000168809237845267e+02 2.001213492637410809e+02 2.001021053306424733e+02 2.000428259830155184e+02 2.002038930237738725e+02
2.000486638619751716e+02 2.001179322931776881e+02 2.001755204653187263e+02 2.002916861322145223e+02 2.001889017278104177e+02 2.001982424447234052e+02 2.000841366278604312e+02 2.001322714194083687e+02 2.000427334120890350e+02 2.000663536043735746e+02 2.000056538211063923e+02 2.000970609695562246e+02 2.001106241127727117e+02 2.002371564725547444e+02 2.002522977149215251e+02 2.001183079814694850e+02 2.001027814929815918e+02 2.001324924253591462e+02 2.001272568621410244e+02 2.001350780414500719e+02 2.000953768097550380e+02 2.001307055643246429e+02 2.001743135148610975e+02 2.002122433789021727e+02 2.001499117869338136e+02 2.000341514583415972e+02 2.000074051324641289e+02 2.000008711235958003e+02 2.000459433975611887e+02 2.002098570240798665e+02 2.001491916873828814e+02 2.000118750132219247e+02 2.001191922033290211e+02 2.001473559706820993e+02 2.000301111209116698e+02 2.000519253674619620e+02 2.001558921366186041e+02
2.001027514385833399e+02 2.002369176531036601e+02 2.001855050646491634e+02 2.002365644594646312e+02 2.001297894793027865e+02 2.002044751245685745e+02 2.002773933223250538e+02 2.001944844462494757e+02 2.001755526228618578e+02 2.001078275144223539e+02 2.000474085316591015e+02 2.000983940761960582e+02 2.000311019488486011e+02 2.000937661928140585e+02 2.001386103389939422e+02 2.001177332379589870e+02 2.001312299466241882e+02 2.001191613510166860e+02 2.000901401254700147e+02 2.000050276323111120e+02 2.001431273160197293e+02 2.001783219339620814e+02 2.002200096939653520e+02 2.001101638253668682e+02 2.001315564232434667e+02 2.001909031014644142e+02 2.001848703796553082e+02 2.000322691641042638e+02 2.002119619992340063e+02 2.001903034669622912e+02 2.000322161082029879e+02 2.001740249803840754e+02 2.003036125566190151e+02 2.002012611405167775e+02 2.001036262670863266e+02 2.000269102568248059e+02 2.001414479514910738e+02
2.001317292007205992e+02 2.001289121001963167e+02 2.001512079179950376e+02 2.002361817415830387e+02 2.001619846740348407e+02 2.002342801595682147e+02 2.002708957020822993e+02 2.001112980156852359e+02 2.001031144665720944e+02 2.000760903611837307e+02 2.000723158297553823e+02 2.001320636695191979e+02 2.000528813947547633e+02 2.001197965076484309e+02 2.000315926702498359e+02 2.000130309644512465e+02 2.000061443722677268e+02 2.000046037920586457e+02 2.000045042943662565e+02 2.000183128100212002e+02 2.000116049749863691e+02 2.000788247635054518e+02 2.002291993345577623e+02 2.002055403986359750e+02 2.002764063900994245e+02 2.002604576631944724e+02 2.002154434483566092e+02 2.002217296867861194e+02 2.001463887698682242e+02 2.002049878977348385e+02 2.000543001043177469e+02 2.001605007993213974e+02 2.002388432676092691e+02 2.000594275483013007e+02 2.000268147192766151e+02 2.000323324265075371e+02 2.000781498985516009e+02
2.001201273328652519e+02 2.001669886787670123e+02 2.001739007767707506e+02 2.003089933989955966e+02 2.001835563013698049e+02 2.000641925021141958e+02 2.001260584491258214e+02 2.000578688461899617e+02 2.002146062594704858e+02 2.001505464825165461e+02 2.000186711718448294e+02 2.001250235836048148e+02 2.001849667086831914e+02 2.001710866586886084e+02 2.000953995861046621e+02 2.000994832685120457e+02 2.001659763034204786e+02 2.000251987282056234e+02 2.000870874380587736e+02 2.001646951070230784e+02 2.000367444429082013e+02 2.001647389775522470e+02 2.001676148414027239e+02 2.002954367759316767e+02 2.002172940182570073e+02 2.002211401545915521e+02 2.003088005778704712e+02 2.003665672660360713e+02 2.002377640728683730e+02 2.002060912167096376e+02 2.000765652403960360e+02 2.002017169947181685e+02 2.001084018568558065e+02 2.000410237962061046e+02 2.000271191307586207e+02 2.001532400289006830e+02 2.001430653701583253e+02
2.001445007162431864e+02 2.002195529036328310e+02 2.002220091572203273e+02 2.002914452402094980e+02 2.001365026758615784e+02 2.001207160667507310e+02 2.000394596621012226e+02 2.001208918552406431e+02 2.001935696171902350e+02 2.001283239115761603e+02 2.000277419809886794e+02 2.001160129084508128e+02 2.001127315335469632e+02 2.002004380793649716e+02 2.003041173039862031e+02 2.003360227005258594e+02 2.002731358695768336e+02 2.001667582731637367e+02 2.002248969926310167e+02 2.001992583152382394e+02 2.002150469489221507e+02 2.002119053643973814e+02 2.001685028717451189e+02 2.002152982048304750e+02 2.000870042636968549e+02 2.000909197724561182e+02 2.002032650633229309e+02 2.003033448358219459e+02 2.002993490840667050e+02 2.001515398751591022e+02 2.002020600841654527e+02 2.000987220673706872e+02 2.002254019217171503e+02 2.001972575955965397e+02 2.001296468890084554e+02 2.000855664100430431e+02 2.002256097054855388e+02
2.001984798978247397e+02 2.000881169897195946e+02 2.000528063659327813e+02 2.000971810791035068e+02 2.000356643370940901e+02 2.001503286346791128e+02 2.000989678612979219e+02 2.001192917369264137e+02 2.002908376957447274e+02 2.002209557953392505e+02 2.001522432985726709e+02 2.001643482608576505e+02 2.002225712983736230e+02 2.002900942489980025e+02 2.003514874333738192e+02 2.001928848527812761e+02 2.003132348310105897e+02 2.002229629060950629e+02 2.001400552570612490e+02 2.002425299481507182e+02 2.002945340870697635e+02 2.002354615374247828e+02 2.001497283884366141e+02 2.001937603648581216e+02 2.000737543843855804e+02 2.001427828381420113e+02 2.002415614919046618e+02 2.001686878383299302e+02 2.002343176519284498e+02 2.002341022677898366e+02 2.002654228518595971e+02 2.001952452496083481e+02 2.003201250679729242e+02 2.001991146687139462e+02 2.002469820520248334e+02 2.002451901806914520e+02 2.001555787683526830e+02
2.001687397583413315e+02 2.002416718675345351e+02 2.001077394933829794e+02 2.000303888418629583e+02 2.001159072578265352e+02 2.000694518905930011e+02 2.001717554478855732e+02 2.001624565157046618e+02 2.001740369632761940e+02 2.000965026815210308e+02 2.001519355441564301e+02 2.000402176912743357e+02 2.001619533553825363e+02 2.001046604998704481e+02 2.001603547660534161e+02 2.000830434929052899e+02 2.002199919506218748e+02 2.001577789047370288e+02 2.002297839436094193e+02 2.001482358414176588e+02 2.002542460146786993e+02 2.003230710974041244e+02 2.002594670120946603e+02 2.000796547306604793e+02 2.000593781945286480e+02 2.001771193139417164e+02 2.001153446929274935e+02 2.002147230011851207e+02 2.003047395259435746e+02 2.003156576463488250e+02 2.003315813230089759e+02 2.002757108792341114e+02 2.001380025747821492e+02 2.000923185325485179e+02 2.001552780497526669e+02 2.001619031975219798e+02 2.002330764868813731e+02
2.000741483635543716e+02 2.001320960004003950e+02 2.001543053916320503e+02 2.000304919105659849e+02 2.000879107081190398e+02 2.001891983330627625e+02 2.001540131149625097e+02 2.001048182520597436e+02 2.001215953744682849e+02 2.000203446018466309e+02 2.000807968339738068e+02 2.000607328931957909e+02 2.000264679273496995e+02 2.001380387505117540e+02 2.000610435537943488e+02 2.000960429281421682e+02 2.001738049880956396e+02 2.002605394434398818e+02 2.002801057915893068e+02 2.002285656969683885e+02 2.002420507044626845e+02 2.002449922134816234e+02 2.000690068571346956e+02 2.000425312210388142e+02 2.000428072021605885e+02 2.001773913180313968e+02 2.002008751393713339e+02 2.001014536924483878e+02 2.002141309935272773e+02 2.001642860296311710e+02 2.002046321370035002e+02 2.001872405469203500e+02 2.001779591453815215e+02 2.000881621168256572e+02 2.001213025652194801e+02 2.002222192844119490e+02 2.003551024542223615e+02
2.001711575400556740e+02 2.001176707938192294e+02 2.000362798060264424e+02 2.001314664328145341e+02 2.001698273608345460e+02 2.001899315780633515e+02 2.001063993797004628e+02 2.001815826178782913e+02 2.001362269894742383e+02 2.000199592688162227e+02 2.000893382270983238e+02 2.000220083487326406e+02 2.001196783655165063e+02 2.000844782331968474e+02 2.000680858895965173e+02 2.000611002894268893e+02 2.000798920306263824e+02 2.001300343703553324e+02 2.001148302843176054e+02 2.002401126990995692e+02 2.002872976521266537e+02 2.003338892105784339e+02 2.002212882971315082e+02 2.001683397153062174e+02 2.000621300198832273e+02 2.001651241490808957e+02 2.001722434460552904e+02 2.001546602220606133e+02 2.001071301171053278e+02 2.002007688642272285e+02 2.001977064277007514e+02 2.000883533378397772e+02 2.000881905456386676e+02 2.001696142437622257e+02 2.001894983729234241e+02 2.001563620174695473e+02 2.003042730108204807e+02
2.001940883394459547e+02 2.000846984739060304e+02 2.000644755931869838e+02 2.002049616462440724e+02 2.002156743325809600e+02 2.001673609075149045e+02 2.000802916478870088e+02 2.002033466158943043e+02 2.001440190761630333e+02 2.000648570348064936e+02 2.000201607719670847e+02 2.000339932953314701e+02 2.001848443104332205e+02 2.001374362962750411e+02 2.000756891211127027e+02 2.000788465571111487e+02 2.001354288278803608e+02 2.001504008905561420e+02 2.000294298334016219e+02 2.000502680924804793e+02 2.002307058510656077e+02 2.003238252626012468e+02 2.003749242202365224e+02 2.002768540482175581e+02 2.002123822024208550e+02 2.001829903809240818e+02 2.000790673356846128e+02 2.000703043033471999e+02 2.001206680096968569e+02 2.002396191573523936e+02 2.001557882169325069e+02 2.000923203615467969e+02 2.001677349312331273e+02 2.002065648592197817e+02 2.000765213851346971e+02 2.000574037840652579e+02 2.001513166784316127e+02
2.001716125026653117e+02 2.002142215906563933e+02 2.001498566514858908e+02 2.001535165074271276e+02 2.001844766899694719e+02 2.000410023263893322e+02 2.000681987393753900e+02 2.001672929425833729e+02 2.001662953314423703e+02 2.002277926400443278e+02 2.001292067258715122e+02 2.001553190157038955e+02 2.002143766731400660e+02 2.000466237154692237e+02 2.000780320056395851e+02 2.000410249582935194e+02 2.001599917335431940e+02 2.001055224757647579e+02 2.000275644883248560e+02 2.000278757234435432e+02 2.000576039303243476e+02 2.001415488042937625e+02 2.002479822597264842e+02 2.002342080113382963e+02 2.002170907284953500e+02 2.001370793935651591e+02 2.000511348615058864e+02 2.001701661093414657e+02 2.001682092357485772e+02 2.001836470477343823e+02 2.001260384369256826e+02 2.001487788962150205e+02 2.002612400841647116e+02 2.002557105822662606e+02 2.000923721765264816e+02 2.000786041541464044e+02 2.000474590735485378e+02
2.000728241594705423e+02 2.001639243814233282e+02 2.000351822309313548e+02 2.001319034126924521e+02 2.001615022211830706e+02 2.000264060068026026e+02 2.000513128097522042e+02 2.002121604868956126e+02 2.001945644108991758e+02 2.001134757289472930e+02 2.001700189096200404e+02 2.000627128785730235e+02 2.001066393652149316e+02 2.000271480344975430e+02 2.000101214412882200e+02 2.001391287185951740e+02 2.002480417248168862e+02 2.000944776997067152e+02 2.001076817847585971e+02 2.001101478889582381e+02 2.002551071338320980e+02 2.002238854982649343e+02 2.001724433893989215e+02 2.001577442570298047e+02 2.002679390770669556e+02 2.001779441797218340e+02 2.001584074652986942e+02 2.002592606328271643e+02 2.001021596188915339e+02 2.000668782584242535e+02 2.000871758621284755e+02 2.001249638960539983e+02 2.002408856630654839e+02 2.001889675368666985e+02 2.001168890628319730e+02 2.000462301138225882e+02 2.000481919845102823e+02
2.001327408414174158e+02 2.000545365894095369e+02 2.001330589730443421e+02 2.000192784027190385e+02 2.000648468933183324e+02 2.001282045405374390e+02 2.000140009889954911e+02 2.000855252131001123e+02 2.001949319410305463e+02 2.001316020839414023e+02 2.000341247870767347e+02 2.000224914038738291e+02 2.000700322278078715e+02 2.000086559476897889e+02 2.001308917803312113e+02 2.001775843103844750e+02 2.001477361979063119e+02 2.002596355455129924e+02 2.001951706440385408e+02 2.002506785214865488e+02 2.001966698221465037e+02 2.001882035211588686e+02 2.002418739833879044e+02 2.001666809754464396e+02 2.001181369171490303e+02 2.001436258349824016e+02 2.002772289884088934e+02 2.001563583050755142e+02 2.000964659742872982e+02 2.000839159699535230e+02 2.000962527686656074e+02 2.000183675578154805e+02 2.000912452399335848e+02 2.000640734181253606e+02 2.000465634392230072e+02 2.000462258580405148e+02 2.000932319931873167e+02
