output/example/elevation_average_000016.asc
nrows	75
cellsize	133.333333333
xllcorner	0
ncols	75
yllcorner	0
NODATA_value	-9999
[rows 51 to 67 of 75, columns 37 to 73 of 75]
2.461757028495749466e+02 3.287672369374292884e+02 3.458075889687824542e+02 3.557443478599515743e+02 2.899071070834056059e+02 3.001186212287234980e+02 3.707751707782019253e+02 4.021508794814232033e+02 3.597546439390021078e+02 4.249557827977751003e+02 4.371093004621090472e+02 4.495694314043033728e+02 4.224742406393734768e+02 4.773618526286834935e+02 4.450320217418897073e+02 4.844758167834494884e+02 5.309269642792172590e+02 5.901121479973817259e+02 6.200064020262861959e+02 6.215943715472280928e+02 6.170977387461847457e+02 5.920337686373004544e+02 5.507793354189527690e+02 5.848030550456786614e+02 5.222018162845465667e+02 5.388180519340737646e+02 5.232238498651383907e+02 4.547233422673910468e+02 5.234973281137311005e+02 5.410960050109720214e+02 6.020267638878643766e+02 5.632175581032254286e+02 4.977233105990808895e+02 5.420376859816610704e+02 4.966355289983003445e+02 5.621073349967691684e+02 5.836295289461796756e+02
3.284704506827937962e+02 2.797236142690790075e+02 3.598955260608207709e+02 3.985643766361267808e+02 3.480051652633330832e+02 3.783888280684891470e+02 3.149941276991286827e+02 3.258844450990662835e+02 3.382640977985236646e+02 3.509620760164708031e+02 3.642095795400989573e+02 3.777964056667691466e+02 3.931911270608285918e+02 4.095324429644223869e+02 4.792384163290742549e+02 5.285184251625521483e+02 5.556080102537601988e+02 5.527549058131173751e+02 5.778210627938778998e+02 5.642534011534528418e+02 5.999980304653221310e+02 6.291232099599616276e+02 6.123627388886518474e+02 6.074136952884944094e+02 5.857839325480148318e+02 5.574771914712096077e+02 4.912169245573213061e+02 5.242320909767495323e+02 4.739986004843823935e+02 5.417987597150652164e+02 5.840081817638124448e+02 5.771313657174084710e+02 5.149230956646929371e+02 5.766098540380024815e+02 5.621186374822540301e+02 5.204481442014887307e+02 5.836487072009826989e+02
3.887417560803531273e+02 3.599078526393249717e+02 3.179646630565355849e+02 3.946537999317567937e+02 4.230655979046803168e+02 4.210371585862446864e+02 3.615561105013969723e+02 3.669289410063943819e+02 4.092600471092949874e+02 3.960432161171312373e+02 4.329377379251044431e+02 4.215358762198335967e+02 4.576769850664750265e+02 4.757302495150171353e+02 4.451681490645714234e+02 4.754003281089023289e+02 5.048182668704096159e+02 5.456250550681032792e+02 5.148680389728733644e+02 5.113129792247718228e+02 5.679337258051574508e+02 6.052484047453953053e+02 6.176828126552366030e+02 6.394803961654838531e+02 6.009947055291603419e+02 5.395171398470899931e+02 5.394967888875536346e+02 5.656536646116543352e+02 5.233305231578759731e+02 4.953524694783461086e+02 5.610658281896486415e+02 6.008480769814035511e+02 5.788523784471866520e+02 5.421224173819842918e+02 5.998259261223826115e+02 5.837033716981736688e+02 5.483194552584770918e+02
4.440748894627666346e+02 4.234555114876288258e+02 3.651101872564918267e+02 3.757313670110140151e+02 4.479804658684317928e+02 4.624615540542456529e+02 4.355779177092559280e+02 4.271026512578362713e+02 4.662129338434327792e+02 4.668316919668507694e+02 4.929557744646558604e+02 4.901401547149322369e+02 5.153521563308481745e+02 5.303250920697923902e+02 5.084731365995687042e+02 5.208074806835944628e+02 5.161295575214318205e+02 4.851575947699608378e+02 4.595141265669137169e+02 5.101668239092113595e+02 5.340110858140049004e+02 5.517365600455107142e+02 5.585323210206641988e+02 6.168052422307380311e+02 6.216032739065700525e+02 6.010157190214745242e+02 6.009506281781540338e+02 6.079193523187899473e+02 5.603310175545507263e+02 5.194133766798350962e+02 5.267083928789427318e+02 5.893956375527909586e+02 6.191847743739434691e+02 5.631090031456220686e+02 6.191157774127286757e+02 6.289478637053358625e+02 5.824409194283580291e+02
4.747881630811008904e+02 4.646613966434316580e+02 4.386904131577898625e+02 4.479893116203435284e+02 4.681828903919220011e+02 4.654532862779034872e+02 4.917150971653273359e+02 4.819689286423152907e+02 4.602654521850409424e+02 4.701971688870839898e+02 4.963502444457605520e+02 5.068142951643193896e+02 5.314929313104768198e+02 5.301314653157726298e+02 4.992268442485425339e+02 4.722539931659838430e+02 4.838791412803881258e+02 4.173834471149061756e+02 4.576383748679426162e+02 4.763316789571982213e+02 4.894042145869038904e+02 5.023129031982717265e+02 5.539776099508853804e+02 5.874995005297982971e+02 5.903683283839868636e+02 6.077466645333305451e+02 6.337419249936697270e+02 6.386108434796748270e+02 6.018676080591181972e+02 5.461402728994659128e+02 5.893519592823035964e+02 5.625353803690545647e+02 6.212528557494564438e+02 6.221941679305933803e+02 5.970674914280550638e+02 6.501810739521561118e+02 6.239275609436871264e+02
4.344605811728413869e+02 4.661770914872756748e+02 4.454315285376937368e+02 4.216345376696732501e+02 4.092464060548299472e+02 3.927429723409568965e+02 4.648898179073689221e+02 4.390004482270604740e+02 3.858889586226106871e+02 3.972798864893819655e+02 4.541984183329456641e+02 4.374687479448496674e+02 5.054399902843589416e+02 4.966190483401684332e+02 4.325170499623186515e+02 4.044892611599531733e+02 4.466077654844175413e+02 3.922522261271624870e+02 4.089881599018884231e+02 4.284173962361530812e+02 4.523621100933347634e+02 4.967536188960839922e+02 5.539660093073969165e+02 5.238276358368134424e+02 5.274776852596528443e+02 5.519269233923175761e+02 5.979838022103626827e+02 6.257970026460709505e+02 6.272917677896672330e+02 5.849115206221963490e+02 6.258036252384628142e+02 6.212369697890088673e+02 6.075223757087021568e+02 6.599831811776227823e+02 6.394992396591297847e+02 6.425639492332820737e+02 6.745484043638865614e+02
3.886664755188079994e+02 4.300866067666950130e+02 3.887740322820084771e+02 3.459466601655059890e+02 3.373917221970853006e+02 4.147382956679816743e+02 4.146662558746291438e+02 3.852891476052416806e+02 3.325233243418310281e+02 3.571798277275307214e+02 3.849415887224703283e+02 4.588240625794030620e+02 4.865237576437232860e+02 4.498816849280013344e+02 4.055582617623734336e+02 3.600168348275976200e+02 3.731777485408617849e+02 4.398191647849521360e+02 4.576894205710590882e+02 4.985102571556000726e+02 5.193134886073860343e+02 5.398823865515804528e+02 5.160539865582588845e+02 4.689181885365854328e+02 4.887151684486606200e+02 5.127164243952918241e+02 5.420337103764657058e+02 5.880764818436637142e+02 6.454370095770958642e+02 6.408452920673776134e+02 6.543514866006198645e+02 6.396211741605093266e+02 6.562674079507808074e+02 6.758825468385584827e+02 6.833085241569485788e+02 6.892661872957452260e+02 7.020072555335017341e+02
4.098771367897795699e+02 3.714961442628776354e+02 3.288913696926553030e+02 2.945622035614430843e+02 3.750735662959920660e+02 3.923388167556329336e+02 3.623187957652916680e+02 3.051657557284953555e+02 3.853241942771664412e+02 4.311488467171742514e+02 4.554817489933730599e+02 4.821749354076036980e+02 4.345394989722370269e+02 3.844529713305793734e+02 3.427500255033488088e+02 4.212859709318279329e+02 4.484255657159831117e+02 4.771830971279481446e+02 5.215331246857545011e+02 5.513727728492261804e+02 5.218822973629647777e+02 4.958670883095590511e+02 4.449073121090939935e+02 4.965557962551836226e+02 5.355737596784111929e+02 5.740850180709890083e+02 5.980285406615173542e+02 6.258065121037515155e+02 6.298856244130683990e+02 6.251844288998023558e+02 6.212791917830282955e+02 5.798724759222644707e+02 6.212773771624699748e+02 6.561876211823193898e+02 6.367265999372721126e+02 6.589346133978938269e+02 6.860125225423551001e+02
3.510538454456161617e+02 3.044893542331247431e+02 2.608848444956436765e+02 3.299895559564964174e+02 3.352093801000782491e+02 3.402036042982649064e+02 2.803008437161836355e+02 3.623646253803229911e+02 4.147424897930622478e+02 4.093363529298466119e+02 4.382348025453410969e+02 4.192667661334670015e+02 3.851452900264918640e+02 3.257087198984885958e+02 4.054658147631840848e+02 4.498982123904168020e+02 4.873769056998781934e+02 5.004820334131088657e+02 4.934695927420975750e+02 5.032982354553742539e+02 4.772048366506507477e+02 4.229109755889687108e+02 4.722871886330974007e+02 5.372946530652145611e+02 5.860298989225410651e+02 6.175666309444056878e+02 6.124620330418774756e+02 5.909957768873758823e+02 5.707573300694684804e+02 5.651879503964238438e+02 5.654956802573972254e+02 5.359331361498288970e+02 5.902238164160597762e+02 6.092241523842030801e+02 5.809857983914048418e+02 6.127329468466765547e+02 6.527017813399734223e+02
2.899284487613706460e+02 2.348558566470103983e+02 2.405079588049203210e+02 2.461327213534446514e+02 2.515242089675801367e+02 2.567977596257420601e+02 3.405723390429568553e+02 3.528633153003518714e+02 3.562341039495991595e+02 3.305944285446647655e+02 3.678433398639344318e+02 3.735529776110402054e+02 3.088684037899411123e+02 3.897145646752713901e+02 4.346006431661944021e+02 4.324062521026004333e+02 4.168370836879373655e+02 4.603907784579262739e+02 4.230408954269348669e+02 4.576240737400871126e+02 4.027459141239763767e+02 4.772319599856558625e+02 5.219900380192871125e+02 5.656330250999880036e+02 6.036170147148242222e+02 5.738922053057385710e+02 5.629341367097806597e+02 5.273890104724014236e+02 5.235635306003706546e+02 5.375489142014539539e+02 4.979691328508409924e+02 5.654979432039793892e+02 5.828875996729126427e+02 5.456247265495744614e+02 5.921577228100062484e+02 6.500131959796943875e+02 6.485646863592847922e+02
2.271702714236697318e+02 3.122919646494399331e+02 3.246844782031798218e+02 3.088151033362955218e+02 3.205625981303302297e+02 3.402564873285642761e+02 2.644893104205225427e+02 2.701246156257166717e+02 2.756227259986545732e+02 2.810816555135388057e+02 2.865751257885549421e+02 2.919258638703304314e+02 3.738766467838250378e+02 3.867286214791682255e+02 3.920485961308982041e+02 3.555424936904653919e+02 4.323816697886793463e+02 4.298611983666472725e+02 3.699725367423955049e+02 3.834102427962593538e+02 4.594469649014509400e+02 5.041001777088751510e+02 5.295045378839215573e+02 5.381245979497534790e+02 5.545170474491503683e+02 5.162854106989113916e+02 4.983424546255917562e+02 4.865942054855588026e+02 5.131908371632174521e+02 4.673335897440281315e+02 5.374156491198621097e+02 5.588931333840616844e+02 5.167522563648582263e+02 5.829379487966886018e+02 6.302976236175062468e+02 6.238567666723749880e+02 6.017128933396602406e+02
3.036798471613861921e+02 2.674726348475279565e+02 3.213983332087555027e+02 3.833030915013591766e+02 3.953234973376880816e+02 3.624424436685164892e+02 2.820091460744089318e+02 3.525316689793446017e+02 3.569587695211125720e+02 3.137994002649239746e+02 3.682770729580835223e+02 3.736445277692346281e+02 3.000852199985621951e+02 3.058292480804985303e+02 3.114910912467789785e+02 3.923647239134720621e+02 4.108633673153713630e+02 3.515798816685165207e+02 4.298397024236858783e+02 4.581748486430990397e+02 4.868748971033763269e+02 4.804964762705109820e+02 4.596089275314162137e+02 5.162215683699248530e+02 5.107020293612855539e+02 4.602230911885725959e+02 4.515527768696384783e+02 5.010212312920628506e+02 4.408398985083547927e+02 5.131615810567636800e+02 5.350490153236594324e+02 4.905012995685411283e+02 5.588704551632512221e+02 6.053604068038964670e+02 5.964321954818124141e+02 5.629138930425314129e+02 6.200586494075575956e+02
3.367662085614439889e+02 3.490514836812126305e+02 3.247960870367161874e+02 3.847710857282730217e+02 4.221769897673473224e+02 3.517400076135296558e+02 3.641746633827595474e+02 3.091379658524577394e+02 3.893639533697319166e+02 3.925937966930709990e+02 3.691856675743466099e+02 4.104145827465708862e+02 3.609538356906535910e+02 3.572640734422360538e+02 3.920582226141604565e+02 3.195157543902323027e+02 3.330280013500842529e+02 4.125931912074440788e+02 4.584004609554347098e+02 4.361732513824115358e+02 4.406070698372506627e+02 4.065500000717256626e+02 4.391362738204524589e+02 4.644067632108506700e+02 4.741177194012174141e+02 4.110373298503657225e+02 4.196032538778684966e+02 4.283147693747614539e+02 5.012975345199325830e+02 4.551587328406708366e+02 4.653008393358512649e+02 5.356798141580231913e+02 5.623968818849396030e+02 5.749752231865146541e+02 5.321650827027484638e+02 5.964435178594651461e+02 6.437912346636964003e+02
3.226404166250267167e+02 3.794470467840340007e+02 4.021310870718719457e+02 4.142952754361618304e+02 4.476332353472827776e+02 4.293666164795530449e+02 3.765371253340661610e+02 3.893443124329382954e+02 3.404469224295867775e+02 4.183901415570442168e+02 4.359191185677220233e+02 3.961924162127903628e+02 4.391166975697108796e+02 4.339694164089464152e+02 3.940034717484878115e+02 3.999100331390920928e+02 3.280549154664669800e+02 4.080245866494110487e+02 4.235120627927662440e+02 3.579849617994963751e+02 3.664749484300742779e+02 3.747762196307675140e+02 3.831275822075834867e+02 3.913425848143592702e+02 3.994217097213490888e+02 4.747996201721159650e+02 4.721760940778416398e+02 4.901486339689513443e+02 4.916228832413508485e+02 5.262205531137529988e+02 5.350364971033718575e+02 4.829165692226640658e+02 4.959429476000368595e+02 5.096444101420926245e+02 5.760878293231280622e+02 5.682888156126425656e+02 6.004629877436539118e+02
2.672201770175482238e+02 3.492228075171447017e+02 4.071225530236144436e+02 4.449025201067717035e+02 4.850026936201900298e+02 4.777705437105490205e+02 4.515990452437103500e+02 4.467556152883709046e+02 4.103189571279810366e+02 3.771830065446304729e+02 4.520899916014581663e+02 4.711070020086428940e+02 4.655124068144271519e+02 4.946255767049803467e+02 4.511194513464960778e+02 3.776914736678712643e+02 4.079870895029237658e+02 3.364315933834474777e+02 3.456553380799518891e+02 4.245532752225299191e+02 4.432800727155084815e+02 4.511187368358291110e+02 4.450265500822042668e+02 4.373810141445677573e+02 4.737831447857155354e+02 4.427180934638513463e+02 5.146357963683095704e+02 5.480286540736307188e+02 5.589509161041804646e+02 5.827706341340782501e+02 5.756986921391442138e+02 5.489144496295036788e+02 5.371578160211563500e+02 5.737266184577234753e+02 5.533774800714528510e+02 5.989765823514817384e+02 6.287023315540263866e+02
3.492204943570197315e+02 2.996966848741436706e+02 3.398413923855248981e+02 3.944901112388770912e+02 4.672101834981422144e+02 5.005523877081014348e+02 4.846470256223489059e+02 5.013242053393641413e+02 4.753703752609035291e+02 4.451130817137083113e+02 4.231880469253111983e+02 4.940121501979791105e+02 5.333712545775175613e+02 5.068925642505255951e+02 4.407018731539153009e+02 4.478908780724120788e+02 4.023544941919926146e+02 4.137743500537645787e+02 3.469873096737587161e+02 4.256279459140925496e+02 4.548785353787287704e+02 5.000227540653608571e+02 5.148379641709935868e+02 5.091835845635084183e+02 5.352528996235979548e+02 5.068575165487558820e+02 5.015326770128229441e+02 5.679307612165280261e+02 5.993449794384006282e+02 6.029363720625303813e+02 6.193736962776168866e+02 6.067867193983507832e+02 5.998110125952224507e+02 6.221398300210162233e+02 6.138636418868120472e+02 6.359189728762203231e+02 6.729028337643388795e+02
4.085242063454579124e+02 3.476530995586331301e+02 3.604444969996748114e+02 4.278520787712533888e+02 4.654434163209581925e+02 4.331552218692957013e+02 4.154030613619613064e+02 4.697919053720194711e+02 5.241378409812634800e+02 5.130842247803489045e+02 4.940791900378134756e+02 4.939619910800903995e+02 5.582048072707199253e+02 5.379232555593907819e+02 5.103546478047221058e+02 5.037022029302315786e+02 4.745321813461832221e+02 4.114849664157053439e+02 4.256711431960149525e+02 3.572632473556239461e+02 4.353066523956326250e+02 4.291764071935101015e+02 5.012782233953137165e+02 5.346557539359382645e+02 5.563186644737347706e+02 5.710025951894295986e+02 5.679207399374714669e+02 5.743582882103551128e+02 5.374979358754948180e+02 5.416990215292502171e+02 5.619225687860341623e+02 5.482728256480389746e+02 5.926419492429274669e+02 6.480883179352852039e+02 6.597454686372614105e+02 6.714436130996905376e+02 6.650867474730678168e+02
