output/example/elevation_000043.asc
nrows	50
cellsize	20.0
xllcorner	0
ncols	50
yllcorner	0
NODATA_value	-9999
[rows 0 to 16 of 50, columns 0 to 36 of 50]
2.590084917154735766e-01 1.018205378372491055e+01 1.493720095561034711e+01 1.460741616531808695e+01 1.874936907159021260e+01 2.111072571450758772e+01 1.110640184938785602e+01 8.838050472435510230e+00 1.420031247381306017e+01 2.257784591772722393e+01 2.352501828982665799e+01 3.352131435430600703e+01 3.841726800953341581e+01 2.836501141698528627e+01 2.101681447893915333e+01 1.501628563418596052e+01 1.343293808742251905e+01 1.932675191295280470e+01 2.019948219445624460e+01 1.032969133850646948e+01 7.928280319470355941e+00 8.266911444154539268e+00 1.577601379261922609e+01 2.288779027720661929e+01 2.757087710934499469e+01 2.900713644961344073e+01 2.989080020895595524e+01 2.608041169501921530e+01 2.719309213011583992e+01 3.726520447504690026e+01 3.353511543839344711e+01 3.963447377563067420e+01 3.954571640465002957e+01 2.857874736681073102e+01 2.105790390481650931e+01 1.636552021137410762e+01 1.640557786525585016e+01
6.054987779269863646e-01 1.060549877792695028e+01 1.460741616531808695e+01 -1.114093367326932480e+02 1.460503715608337139e+01 1.766426548290004561e+01 7.813124145608072446e+00 7.852371526963311865e+00 1.008061912372260238e+01 1.353287350084779384e+01 2.332594973728944510e+01 3.035860131624828995e+01 3.613447344099429159e+01 3.243010748012638800e+01 2.217138820208431937e+01 1.861043384903397069e+01 2.037329636196074745e+01 2.797453538667223683e+01 2.439353359285937017e+01 1.716442274094712062e+01 9.049500680434334754e+00 7.708656549512056699e+00 1.300904240518140043e+01 2.184495132734842571e+01 2.678891527509902204e+01 2.928335428869474910e+01 3.413729154594363990e+01 3.615931394080624273e+01 3.726520447504449152e+01 4.136241754765811152e+01 4.327916181107430305e+01 3.798895421210065138e+01 3.373937711465521971e+01 3.260020280900410228e+01 2.719007962578891124e+01 1.726240385618922701e+01 1.358919162238382938e+01
3.430590528629120506e-01 1.034305905286287697e+01 1.159300734096760088e+01 6.541636544919827934e+00 4.602721413695389785e+00 8.605954224084101156e+00 6.286794905397339761e+00 9.694669852719547620e+00 1.616549080108740810e+01 1.310896774372403506e+01 1.625554983385038099e+01 2.198653398852637508e+01 3.198919121466805393e+01 3.658020914728746220e+01 2.710811767726140786e+01 2.587611235362450657e+01 3.065265224534769573e+01 3.005647911831763963e+01 2.566463015790768765e+01 2.109779717327979753e+01 1.054924428902526579e+01 7.376392380830987250e+00 8.242991681559040273e+00 1.609998774133570976e+01 1.681256686645906839e+01 1.743495456989985115e+01 2.645423480368384972e+01 3.181585399707299899e+01 3.845844993648417898e+01 4.155315056773813609e+01 3.745041397382080817e+01 3.373937711465521971e+01 2.380445161096247730e+01 2.271004928119242194e+01 2.712215474779157987e+01 2.369419204449056338e+01 1.403436494294833992e+01
8.235039275605838816e-01 8.994512119877809297e+00 2.355639427583040124e+00 3.195179445570124344e+00 6.532617665158147346e+00 -1.688958731879699826e+02 5.311075490474360450e+00 1.508693891917424068e+01 2.385326448122310339e+01 2.018337189390513231e+01 1.809615427575601743e+01 2.384673748826427442e+01 3.385088419357960987e+01 4.136582180979625889e+01 3.722070637781264679e+01 3.599892962472814162e+01 3.310993455044594214e+01 2.280329018679367081e+01 1.492550069493616505e+01 1.559355242269536745e+01 6.868989306236102266e+00 7.052715162218763822e+00 1.181362794050861353e+01 1.047838100051829180e+01 1.141116122764071150e+01 1.227138367478875125e+01 1.509625182004710808e+01 2.218702387641829432e+01 3.410354103691194894e+01 3.609454404542672279e+01 2.818234988343335345e+01 3.104965465500368182e+01 2.500261693104707916e+01 1.724727029658834354e+01 1.758955316449262440e+01 2.263392597106767923e+01 1.862757798910880780e+01
7.161369641965544819e-01 1.661048146719622087e+00 2.096804998033277911e+00 2.430404967660165561e+00 1.197740322484650477e+01 1.388375437967891735e+01 7.046081482731897161e+00 1.098049797126173210e+01 2.084851029079415596e+01 2.547864527286103709e+01 2.787187138384410545e+01 3.221932306486564812e+01 3.799562502408170417e+01 3.498226771522430312e+01 3.296452262903275710e+01 3.378580712899151450e+01 3.149050912129019508e+01 2.095641777613962020e+01 1.283613841652509890e+01 7.095359961705737462e+00 6.574700777593045942e+00 7.609670244479838530e+00 1.406581006017609781e+01 1.669321350063099985e+01 1.219045684501882221e+01 1.311447473650727069e+01 1.549494646691846711e+01 2.384604636604356287e+01 3.494208122830794849e+01 3.192822391239866420e+01 2.305847807547150197e+01 2.207352559316858276e+01 2.764752079731574597e+01 1.978696686333271515e+01 1.289439297996949918e+01 1.518827719246283081e+01 9.525033882852218525e+00
6.490390650280113416e-01 9.869743933829168370e+00 1.190853515141974839e+01 7.705627595654315876e+00 1.656682306479086009e+01 1.913548101739982243e+01 1.007176193208584003e+01 9.325646766417522215e+00 1.153578639023733388e+01 1.654163401760239438e+01 2.361590964354538968e+01 3.361429020190686856e+01 3.498233383152945919e+01 2.493894310180475316e+01 2.290201083681916927e+01 2.375184551311356174e+01 3.085877190017475158e+01 2.579126128412416818e+01 1.378917241878749778e+01 6.290574244233463119e+00 6.192252750202841050e+00 1.164963631051485393e+01 1.713590949247071293e+01 1.998207965130682595e+01 2.002591465528193737e+01 2.282432185870408148e+01 2.558394145329252467e+01 2.709553017901774297e+01 3.792963245983180087e+01 3.187102544969187790e+01 2.287692161382034683e+01 1.792665076484728459e+01 1.860593198761922551e+01 2.369706913769063306e+01 1.420994843336518265e+01 9.106841048586543863e+00 7.375414025340787383e+00
9.330058981412470143e-01 8.004073710006696984e+00 1.800407371000662593e+01 1.770330586967759601e+01 2.185038212245320466e+01 2.008192649473072677e+01 1.993285523937430526e+01 1.155127638567427972e+01 1.269627122036593825e+01 1.692287619947920874e+01 2.271060302388883656e+01 3.272806274799350490e+01 3.228342708188834820e+01 2.225851186928946390e+01 1.679736955366218254e+01 1.667158215809778454e+01 2.411716545554399360e+01 2.436164695074370456e+01 1.595968274408278020e+01 5.976332948201197759e+00 5.595713533844739906e+00 1.053431625584872755e+01 1.699340298970344065e+01 2.541160250694673195e+01 2.636489278179979934e+01 2.372400302512269832e+01 2.442777171877544262e+01 2.978172009337886905e+01 3.724396968022362842e+01 2.967606883261229456e+01 2.240796936893210756e+01 1.752619289541771863e+01 1.460479480731096658e+01 1.623097829929666247e+01 1.642262287500546947e+01 6.595272876029911302e+00 6.921595898150341597e+00
5.188205228764638521e-01 8.306406579637153342e+00 1.545229332614809259e+01 2.122043839032994228e+01 2.591165084657367146e+01 3.007055358420032931e+01 2.571250998059088033e+01 1.655821536898930546e+01 1.699255445763991901e+01 2.226978292251445879e+01 3.109120960189838101e+01 3.687312736790382672e+01 2.746221990042122485e+01 2.039287537911256365e+01 1.545999729407065892e+01 1.267311145694045571e+01 1.431039838616486115e+01 2.008870846005769550e+01 1.011965057577473459e+01 -5.215482957176303103e+01 8.853657054923758096e+00 1.107339429786906670e+01 2.111878149054645348e+01 2.215096979602277827e+01 2.086437693035278684e+01 1.121358008358068403e+01 1.226384068718302878e+01 1.988845226310499115e+01 3.487591024247485194e+01 3.522222887361954946e+01 3.023553016631383983e+01 2.379694257901513055e+01 1.502730219972482928e+01 1.174682522299840493e+01 1.158281739480941930e+01 -5.816208647948775123e-01 1.072847260546926051e+01
7.467319160170617920e-01 3.761845361794700526e+00 7.297379267727443164e+00 1.176951522272703698e+01 1.884058303459255868e+01 2.884058303459262618e+01 3.071017328884976649e+01 2.656722916789833633e+01 2.275984356699164479e+01 3.113668916431061362e+01 3.644373398630678906e+01 4.171246673366343316e+01 3.458772558664530550e+01 2.575563209364185724e+01 1.578848779775369238e+01 1.114402732303758548e+01 9.229691863006410202e+00 1.223162980678162981e+01 1.706243230728195215e+01 1.337956379019116682e+01 5.407670850947537744e+00 1.283701776944390893e+01 1.511542870395067695e+01 1.405774966903701895e+01 1.436399807287733488e+01 5.597154928332941815e+00 7.836831949647509177e+00 2.185376041089062227e+01 3.202793417801878206e+01 2.765098924302307282e+01 3.203498428620243743e+01 2.787726063352617345e+01 2.238955731055440523e+01 1.479741390318205418e+01 9.112158442561455018e+00 9.620181052491844298e+00 4.914635033009867371e+00
7.351574092455022136e-01 8.506940766633301010e+00 1.539089271752509980e+01 2.119859139247546764e+01 2.591165084654381445e+01 2.906038600152621143e+01 3.095307090069534794e+01 3.509142779529586420e+01 3.276617841728680247e+01 3.692022070592634009e+01 3.634321200918434158e+01 4.047620078964725110e+01 3.272408534506717359e+01 2.269107883170985573e+01 1.692908506037656124e+01 1.686827419516568938e+01 9.043375387727667913e+00 7.069039228786903273e+00 7.265364082125620016e+00 -3.350314797106727838e+01 5.011702817275502042e+00 4.512146845507231774e+00 4.474695789616990105e+00 1.099873121617880756e+01 1.049329312959760330e+01 -1.840050486308336630e+01 7.533864956778955069e+00 1.848324848584319469e+01 2.706738570179282988e+01 1.815800374450318699e+01 2.359190975048253591e+01 2.487758425909013127e+01 1.605576121408569179e+01 1.157997800430394797e+01 1.453188092369676809e+01 6.828886847601158827e+00 7.195121628881278042e+00
5.269872374626074496e-01 7.598055049328070076e+00 1.759805504932799991e+01 2.689249466038635816e+01 2.398199986078767765e+01 1.909017016504432718e+01 2.096269453822802475e+01 3.095307090069534794e+01 3.546192350019684625e+01 3.132545106691201653e+01 2.633987956081848125e+01 3.470668743309075666e+01 3.690372727737332070e+01 3.110143386738492666e+01 2.671316728228767801e+01 2.306685843087766585e+01 1.892344963359421328e+01 1.319313532583081461e+01 6.770522033091040726e+00 9.562753253413459831e+00 1.313099612201876099e+01 4.533887547689047004e+00 4.080043051968633705e+00 4.416773860583150579e+00 3.526395130958838831e+00 3.238305410816533225e+00 1.252433343586801939e+01 2.199753950672674563e+01 2.101962710691321945e+01 1.359966351993478817e+01 1.434946370180377073e+01 2.214339672579513163e+01 2.248864037099492563e+01 1.839954632574431415e+01 1.003281646932142834e+01 8.924859032667027847e+00 6.285466230799901410e+00
1.383962708379395945e-01 7.209464082703425980e+00 1.720946408270349437e+01 1.687236558328945080e+01 1.400858928852182039e+01 1.389715132760819749e+01 1.864443911003767695e+01 2.867087143340546618e+01 3.048203768272560765e+01 2.132017082267223529e+01 2.055425375172493574e+01 2.996737737045952699e+01 3.409836323917622991e+01 3.001037312682139557e+01 2.892000887217004035e+01 2.890085567400402411e+01 2.724148072377958840e+01 2.071414473246513666e+01 1.634274469690501164e+01 7.594616359583121756e+00 1.744637014341375547e+01 1.384173673688055040e+01 3.425796234603979862e+00 -8.035099508964604453e+00 1.140095890050542771e+01 -3.675026647222427556e+01 1.197120620645821987e+01 1.733543882137843539e+01 1.877728819681478001e+01 9.752152887543960702e+00 8.817425651789775998e+00 1.787470020240643720e+01 2.088461380496618247e+01 2.096101816456012656e+01 2.110070575378773583e+01 1.542887635507130639e+01 7.107114808436289621e+00
6.756183529128325649e-01 1.067561835291279770e+01 1.703677379503093547e+01 9.730056343224418924e+00 9.425835603024408371e+00 1.361605706177387987e+01 2.358942705929553441e+01 3.280840443806052775e+01 2.618045438108053347e+01 1.632393915620886560e+01 1.608281522590556989e+01 2.582112853376767703e+01 3.001037314677837031e+01 2.006951023616691998e+01 1.898195232056044901e+01 1.893727030917251852e+01 2.596323933879055801e+01 2.336881706110976964e+01 2.164258983481055054e+01 1.745192522836654803e+01 2.167138086214393056e+01 2.061292429586243102e+01 1.536318180376852816e+01 1.312183229747943791e+01 1.217961282996535211e+01 2.976194364843649964e+00 2.658457163039096294e+00 1.325975414910730876e+01 2.018647500588241073e+01 1.085337386485324274e+01 -2.177280569999149051e+01 1.523124251730346934e+01 1.217513856358012170e+01 1.104686861331581049e+01 1.608110513758921556e+01 1.492254873836098028e+01 -8.633529989440525299e+01
1.053743069371424479e-01 1.010537430693710625e+01 7.190783911973468889e+00 5.938550824958845453e+00 1.065972842886522720e+01 2.060460246638697157e+01 2.773017070597729727e+01 3.178043980060690288e+01 2.821864995771926132e+01 1.816399260501829716e+01 1.331726139851278212e+01 2.007751155156498513e+01 2.444669249712223191e+01 2.124448610423116790e+01 1.301274391138413478e+01 1.188329541741211237e+01 1.841809403028655723e+01 1.331869339474731717e+01 2.045115380921799542e+01 2.325350981644757198e+01 2.713757752971608284e+01 2.346367984695285003e+01 1.930303351610576357e+01 1.773807169205268153e+01 1.153942812130252804e+01 -7.095519123368183045e+01 -7.302620659945498005e+01 9.187586203297568588e+00 1.732988599649974759e+01 1.061627809416098422e+01 1.170450622228332627e+01 6.046314758435103798e+00 1.050571632872173744e+01 2.942195631032396896e+00 3.924505937963504110e+00 1.084515794541305844e+01 5.279463094283542546e+00
4.388850927889174081e-01 6.139049645332103289e+00 2.940401295713263252e+00 7.282144497346069834e+00 1.726031616762645982e+01 2.041774949032165409e+01 2.186857588378317985e+01 2.186857588378317985e+01 2.774831534342792239e+01 1.776315607860732726e+01 1.095001699967248854e+01 1.030226286856390239e+01 2.030566465068350013e+01 2.273447337155075587e+01 1.274816685842257691e+01 8.069397109665016998e+00 8.602427144975566264e+00 6.252952303586435612e+00 1.611029545668155549e+01 1.491904714777400898e+01 2.214936293939493339e+01 1.930494792654969416e+01 9.340109368974035320e+00 7.042230615780570524e+00 1.239850028092097745e+01 -1.115198927739582473e+02 2.895773200356000388e+00 1.011720274022184718e+01 1.332356383952235568e+01 -2.690224232125348749e+02 3.731578849200421377e+00 3.770825247692458415e+00 3.373833030897163354e+00 3.533880540143068849e+00 4.029841619317011236e+00 4.326136686682552579e+00 4.908640675784583962e+00
8.953435393330821945e-01 -6.561463071476748565e-01 5.681089109123149683e+00 9.497437346015470183e+00 1.217190084389712368e+01 1.057143573910969891e+01 1.203233483524419611e+01 2.092940389435209170e+01 2.833952794847893841e+01 1.835665670004795302e+01 1.127294729306970567e+01 8.221487262490347447e+00 1.540534019510353403e+01 1.982718830370026453e+01 1.915996735363146897e+01 9.250017071039843941e+00 4.434812446788277462e+00 7.206504848956575948e+00 1.281235610843329553e+01 1.042877199933539423e+01 1.811150171607649284e+01 1.794492356409290323e+01 7.508027142950247423e+00 -4.303369371265113728e+02 2.642955488337369374e+00 8.866694527050295704e+00 3.312016870540084756e+00 3.333859245971078522e+00 1.295141660944131345e+01 -2.042521121274530458e+02 3.673630028776455170e+00 3.545144633194346362e+00 3.817667522542336656e+00 1.116001548720164926e+01 7.322200331844473276e+00 4.496288351681101858e+00 1.082300973872949612e+01
1.994484013391750743e-02 2.389792470478256381e-01 -6.500171254725837571e+02 -2.492180549356995698e+02 2.676753436710173073e+00 5.778494011655423535e+00 1.154112813935138959e+01 2.138131164614670965e+01 2.895180640697486751e+01 1.895708113170102393e+01 1.192963819724607433e+01 6.405248083885897614e+00 5.738967541933289063e+00 1.568584367853940797e+01 1.771236657564540096e+01 7.393075798048909242e+00 7.004760177932613630e+00 -1.004027439906735708e+03 8.862129576166802636e+00 6.652452968503465236e+00 1.342979875894963548e+01 2.040031052439956127e+01 1.221320509827477352e+01 -2.754436465679842740e+02 2.379991981684657087e+00 9.317716551535545122e+00 8.245434825974488291e+00 3.430388530954549875e+00 3.568038492418283525e+00 1.130072801140373429e+01 8.637709715797981858e+00 1.365293365463785946e+01 1.375306910953010586e+01 -6.161896863175297767e+01 8.478524653596796412e+00 1.445908650931081851e+01 1.874764687682111486e+01
