output/example/elevation_000004.asc
nrows	100
cellsize	10.0
xllcorner	0
ncols	100
yllcorner	0
NODATA_value	-9999
[rows 0 to 16 of 100, columns 0 to 36 of 100]
2.590084917154735766e-01 1.025900849171538454e+01 1.526841530322634455e+01 1.804191628435260242e+01 2.120419394452100903e+01 2.534632956825203109e+01 2.981846552325164978e+01 3.438777577392023943e+01 3.024564015018961172e+01 2.731670796205514051e+01 3.731670796205478524e+01 3.562677043909499730e+01 2.595728544283201700e+01 3.562677043909499730e+01 2.961547396765556428e+01 3.254426249585608133e+01 3.319585469510482767e+01 3.955166696956972316e+01 2.955203305265025193e+01 3.483779433487856636e+01 3.897972054870605518e+01 3.420502024718634715e+01 2.420552950350431587e+01 3.420502024718634715e+01 4.017135755576023115e+01 3.602942748125611416e+01 2.919190579656811124e+01 3.252514090230478416e+01 3.699720689671323015e+01 4.406806454796645056e+01 5.406740543638811403e+01 4.546213578966555957e+01 3.546330424064206710e+01 4.009237153797047171e+01 5.009024211893825651e+01 4.950902893979110786e+01 3.951101543073200872e+01
3.430590528629120506e-01 2.768415303226246849e+00 5.268415303226257507e+00 8.041916284352426558e+00 1.120419394452083317e+01 1.567632989952045008e+01 2.274739771138604993e+01 3.274739771138639810e+01 3.439115256917810370e+01 3.731670796205478524e+01 4.145884358578558704e+01 4.009866837079263746e+01 3.302795716125982040e+01 4.009866837079263746e+01 3.961498348196048624e+01 4.254375305465421775e+01 4.319538615879120158e+01 4.369356429673390352e+01 3.662286430562134143e+01 3.662286430562134143e+01 4.662242208238833996e+01 3.774043333862562832e+01 2.774077505361602292e+01 2.997866793695776266e+01 3.997832486830166943e+01 4.272704117392299850e+01 3.272733837315657013e+01 3.919161235071760530e+01 4.666671899674991408e+01 5.113862946327333958e+01 5.795748702551266973e+01 4.960239454219585298e+01 4.123654656217426151e+01 4.546213613767505279e+01 5.422996001520027676e+01 5.364784797173584252e+01 4.451075926404098482e+01
7.161369641965544819e-01 1.071613696419646544e+01 1.526841530322634455e+01 1.804191628435260242e+01 2.120419394452100903e+01 2.534632956825203109e+01 2.981846552325164978e+01 2.939115256917784080e+01 2.439115256917775554e+01 3.146222038104335539e+01 3.723572307293996175e+01 4.000808902969342995e+01 4.302751185561663760e+01 3.998954679010901003e+01 3.584741116637790981e+01 3.823887428375895325e+01 4.238100990749005348e+01 4.502068541390192280e+01 4.662242208238833996e+01 4.662242208238833996e+01 5.076426428784650824e+01 4.188234983314924875e+01 3.221274302683670498e+01 3.575199819717874306e+01 4.412022100127915536e+01 4.686891165868809850e+01 3.772725636950112715e+01 4.686891165868809850e+01 5.333297286407302096e+01 5.404747044611589502e+01 4.794745421997138379e+01 5.502566534502371098e+01 5.123439802037650992e+01 5.537397590155314475e+01 5.959800154730060484e+01 5.864504980348802832e+01 5.450729570714167949e+01
9.330058981412470143e-01 8.004073710006659681e+00 1.800407371000648027e+01 2.773343804350940545e+01 2.498536409757621257e+01 2.912749972130723819e+01 2.646222038104326657e+01 1.939115256917766672e+01 1.732008475731215569e+01 2.309358744920851336e+01 3.309358744920886153e+01 3.000808902969307823e+01 3.707915684155892677e+01 3.421604409821264881e+01 2.584741116637756164e+01 2.823887428375860509e+01 3.732268182470665607e+01 3.502068541390157463e+01 4.137918988556157984e+01 4.247308788297352322e+01 4.661522350670462345e+01 4.635430409898555126e+01 3.798612224454437580e+01 4.575159446574728861e+01 4.989344074689287112e+01 5.186864895500546169e+01 4.772682597834486273e+01 5.186864895500585959e+01 5.404747044611589502e+01 4.403741863420694358e+01 4.086926979216456601e+01 5.002062369873078751e+01 5.502836351055952235e+01 6.400216344175984773e+01 5.985591341710868818e+01 6.400216327860239574e+01 5.709993904273262189e+01
7.467319160170617920e-01 6.520234607913293345e+00 1.359130241977870668e+01 2.053963507129823185e+01 1.498536409757603849e+01 2.253989767827955149e+01 1.839776205454852587e+01 1.232008475731206687e+01 2.232008475731224095e+01 3.146222038104335539e+01 3.207915684155884151e+01 2.293702121782747838e+01 3.207915684155783964e+01 3.007390847448137805e+01 2.007390847448120397e+01 2.845556099257310478e+01 2.732268182470630791e+01 2.794961760203585044e+01 3.137918988556123168e+01 3.247308788297317506e+01 4.112287011655136837e+01 4.612287011655145363e+01 4.798567077816537818e+01 5.212749559351330930e+01 5.464096634093117189e+01 5.049461040357511621e+01 5.464096634093117189e+01 5.472537561658710104e+01 5.263448194425573234e+01 4.587429737048957890e+01 3.586390360949829414e+01 4.087182987717334015e+01 5.088201414030012870e+01 5.899717826008277655e+01 4.984585304382127191e+01 5.899717825840050267e+01 5.294659301985884525e+01
5.269872374626074496e-01 1.052698723746251908e+01 1.553944181313093864e+01 1.053963507129805777e+01 9.211861405679732329e+00 1.496779035169823224e+01 8.397762054548351784e+00 1.839776205454852587e+01 2.509159384609107590e+01 2.923372946982210152e+01 2.793702121782756720e+01 1.793702121782739312e+01 2.793702121782756720e+01 2.460856797759185000e+01 1.674057514114781497e+01 1.845556099257293070e+01 2.025161401284070806e+01 2.217611491013949276e+01 2.430812207369563183e+01 2.698073449281991998e+01 3.198073449282000524e+01 3.905180230468572944e+01 4.905180230468607760e+01 5.757279681594687304e+01 4.756272959456578775e+01 4.048443931907847571e+01 4.471523543330675210e+01 4.471523543330675210e+01 4.848814664616228498e+01 3.847790842582905668e+01 3.269795425746891482e+01 3.977681234672889588e+01 4.978701535236189812e+01 4.984589049506309522e+01 4.484089685423410288e+01 5.485088236259881000e+01 5.709994886221471688e+01
6.756183529128325649e-01 1.397306189399865284e+00 1.139730618939995210e+01 3.468567259432521421e+00 4.211861405679689696e+00 4.967790351698146090e+00 1.496779035169823224e+01 1.692662803681374584e+01 1.509159384609090182e+01 2.455212460179799550e+01 2.040998897806696988e+01 1.460368788449400412e+01 2.254572548507424656e+01 1.460856797759167591e+01 2.460856797759185000e+01 2.845556099257310478e+01 3.025161401284088214e+01 3.217611491013984448e+01 3.137918988556123168e+01 3.405180230468564417e+01 3.275423718471638068e+01 3.852773987661284139e+01 4.852773987661318955e+01 5.648584822116136195e+01 5.070648480890975662e+01 4.471523543330675210e+01 3.470467849787973336e+01 4.044671961380343106e+01 4.459311945011614142e+01 4.041210278264070865e+01 3.040111402052453826e+01 4.015414579462559175e+01 4.430054105708640577e+01 3.983582149111450832e+01 4.984589049506309522e+01 5.675339005241261248e+01 5.475044746161707820e+01
4.388850927889174081e-01 1.043888509278882815e+01 2.425995189147146291e+00 1.242599518914723333e+01 1.421186140567977674e+01 1.496779035169823224e+01 6.107396116294528277e+00 6.926628036813570866e+00 1.692662803681374584e+01 1.897407266083148158e+01 1.040998897806679580e+01 1.144141022432559751e+01 1.254572548507407248e+01 1.431349243804045557e+01 2.431349243804062965e+01 2.510458690451235242e+01 3.217565471637807661e+01 4.217565471637842478e+01 4.137918988556157984e+01 4.405180230468599234e+01 4.275423718471672885e+01 4.689637280844782907e+01 5.266987550034428978e+01 5.233948135038075833e+01 4.232935682303464375e+01 3.654971712586954879e+01 3.276582836429415124e+01 3.043580440622041650e+01 4.035147268747159899e+01 3.620499717202528700e+01 2.821651924893666319e+01 3.014313524227890539e+01 4.015414579462559175e+01 3.681742879800204804e+01 4.259700235186357986e+01 5.260703833955042086e+01 5.059962792641285034e+01
1.994484013391750743e-02 1.001994484013382802e+01 1.242599518914723333e+01 1.242599518914723333e+01 2.242599518914740742e+01 2.024953174002572709e+01 1.188089880819083533e+01 1.692662803681374584e+01 8.113409695007431921e+00 8.974072660831307502e+00 1.897407266083148158e+01 2.144141022432577159e+01 2.254572548507424656e+01 2.431349243804062965e+01 1.693962109523495130e+01 2.693962109523512538e+01 3.409687016474408239e+01 3.872993108211180413e+01 3.872993108211180413e+01 4.872993108211215230e+01 5.160886576631605038e+01 5.575337799398450755e+01 5.327209248967169941e+01 4.912758992151799475e+01 5.070648480890975662e+01 4.656013325989581375e+01 3.777118998274481498e+01 2.776029350607905855e+01 3.488129309492858710e+01 2.619419735126701099e+01 3.620499717202528700e+01 4.015414579462559175e+01 3.316177001476888364e+01 3.816737290418766548e+01 4.524573796105072176e+01 5.525577899464004616e+01 5.285727694416492994e+01
6.729603419142361487e-01 1.067296034191414655e+01 1.470192162349957243e+01 1.884405724723036002e+01 2.494879964659983429e+01 2.602303443192203503e+01 2.188089880819100941e+01 1.518447750687296782e+01 1.518447750687296782e+01 1.897407266083148158e+01 1.139942891119465607e+01 1.847049672306025414e+01 2.847049672306042822e+01 3.108175671896615100e+01 2.693962109523512538e+01 1.995473454101263755e+01 2.995473454101281163e+01 2.872993108211145596e+01 3.580099889397718016e+01 4.580099889397752833e+01 4.160319981765750441e+01 4.997659194373996172e+01 4.749530175641974949e+01 3.912190284236609727e+01 4.749530175641974949e+01 4.619337319692828459e+01 4.118807793973746811e+01 3.488129309492858710e+01 2.487075613128672202e+01 2.481937994345162579e+01 3.189783668677990391e+01 4.190855457114914628e+01 4.317249200297830924e+01 4.731883399630197573e+01 5.232393141181951535e+01 5.063645158884661868e+01 4.485517101739564083e+01
5.074168083889973868e-02 2.344899019544512520e+00 4.701921623499661251e+00 1.470192162349957243e+01 1.494879964660001193e+01 2.494879964659983429e+01 2.932661313060416575e+01 2.225554531873856590e+01 2.518447750687314368e+01 2.319548193146259507e+01 1.319548193146241921e+01 2.319548193146259507e+01 2.614432105456058864e+01 3.614432105456094035e+01 3.409687016474408239e+01 2.995473454101281163e+01 2.338470624386287255e+01 3.338470624386322072e+01 4.287206670584290435e+01 4.583209183743655757e+01 3.582629762231324833e+01 4.005524385387910513e+01 4.335080379294250008e+01 3.334493112701800754e+01 4.335080379294250008e+01 4.204698014079322377e+01 3.203626032412635993e+01 2.703090868781449174e+01 2.294466033981618835e+01 3.295476435803148973e+01 3.897639716112032460e+01 4.463068161849967197e+01 4.543384329574631408e+01 4.471325655035860791e+01 4.885965540091495285e+01 4.648876771765947780e+01 3.647526409846943096e+01
9.791283598286071310e-04 1.000097912835973979e+01 1.470192162349957243e+01 8.624244326263308835e+00 1.862424432626313120e+01 2.494879964659983429e+01 3.494879964659948257e+01 3.225554531873891762e+01 3.026654974332819137e+01 2.026654974332801729e+01 2.319548193146259507e+01 1.614432105456041100e+01 2.614432105456058508e+01 3.284213262066199235e+01 3.698426824439309257e+01 3.752684186759432095e+01 3.338470624386322072e+01 2.915820893575923023e+01 3.622927674762495087e+01 4.622927674762529904e+01 4.005524385387910513e+01 3.004923628392090507e+01 3.533836665033153679e+01 2.980717637022366162e+01 3.981319358606032921e+01 4.619337319692828459e+01 3.769075740513905259e+01 2.768016446142070919e+01 2.190125017460745482e+01 3.047380262689551600e+01 3.047380262689551600e+01 3.542338485598172326e+01 3.542338484144361388e+01 3.470273402053301481e+01 4.308011288620852497e+01 4.947248071444786888e+01 4.106401148067052986e+01
5.979472710492108600e-01 7.669015082914654613e+00 1.766901508291447698e+01 1.862424432626313120e+01 1.494879964660012206e+01 2.201986745846572191e+01 3.201986745846607363e+01 3.301144078216569966e+01 3.440868536705946212e+01 3.026654974332819137e+01 2.614432105456058864e+01 2.614432105456058508e+01 1.967985496049320915e+01 2.284213262066164418e+01 2.991320043252724403e+01 3.991320043252759575e+01 4.330034455949067507e+01 3.915820893575958195e+01 4.330034455949067507e+01 4.741650845661128244e+01 3.741074446062846448e+01 3.033536841656344052e+01 2.533233653690693288e+01 3.256319321665541366e+01 3.670776044953739614e+01 4.128153020038915599e+01 4.183720508401173532e+01 3.605761745181149536e+01 3.047380262689551600e+01 2.046412684735001619e+01 2.909233612761044441e+01 2.541311786949734852e+01 3.542338485598172326e+01 2.892305129388132201e+01 3.860325556386198542e+01 3.946209996412666499e+01 3.691625852840699906e+01
1.123418600940028211e-01 7.183409671959507747e+00 1.718340967195968361e+01 2.612636987157164370e+01 2.494879964660029614e+01 2.909093527033132176e+01 3.008224514773473501e+01 2.301053714107836257e+01 3.008224514773473501e+01 3.585626982440064836e+01 3.614432105456094035e+01 3.382199058422465754e+01 2.467985496049329441e+01 3.284213262066199235e+01 2.991320043252724403e+01 3.991320043252759575e+01 4.637711933800814279e+01 4.137422412742092348e+01 3.722969003270759458e+01 4.137422412742092348e+01 4.448587860039746289e+01 3.948291774627829653e+01 2.963251295918494321e+01 2.255739815684402316e+01 2.713108213198065499e+01 3.420630616618492326e+01 3.998320592702299336e+01 3.864729985035818061e+01 2.863685104458889086e+01 2.909233612761044441e+01 1.908271864125542550e+01 2.776067642927405998e+01 3.018839139191132048e+01 2.444650795587179459e+01 2.945148003329347830e+01 3.946209996412666499e+01 3.666660353189358545e+01
6.540601710037032834e-01 1.065406017100361424e+01 1.198423424784094671e+01 2.198423424784076730e+01 2.685733738696603368e+01 2.508179794810062546e+01 2.093928932599405357e+01 1.593884465242847881e+01 2.171285560433057427e+01 3.171375726615009327e+01 3.766997199641339478e+01 3.882199058422474280e+01 3.467985496049364258e+01 3.882199058422474280e+01 3.991320043252759575e+01 4.405533605625868887e+01 4.100342522063347417e+01 3.222673593835283867e+01 2.722378184399807566e+01 3.637128727972233122e+01 4.100342522063347417e+01 4.378300793988979933e+01 3.670776044953739614e+01 3.006174445170260157e+01 2.005626622148395910e+01 2.583274921776344968e+01 3.583865937374671518e+01 4.279374031324580585e+01 3.645428883841861278e+01 3.067494078178017958e+01 2.652856552367770249e+01 1.775096009126092511e+01 2.017866617482661340e+01 2.725641411350092369e+01 3.726681070201946966e+01 3.587547735112174507e+01 2.958683782166273701e+01
3.962370847149454534e-02 3.819268438563759194e+00 1.089033625042917208e+01 2.089033625042899445e+01 1.685642934540752691e+01 1.685642934540752691e+01 1.093836568232747197e+01 2.093928932599405357e+01 2.536144942844783401e+01 2.352620381548395656e+01 3.352735595881841846e+01 4.020135106007390391e+01 3.605862951677667638e+01 3.735637915617327565e+01 4.149910012873613852e+01 4.211425180732538820e+01 3.685888770696200112e+01 2.685309092628615346e+01 2.222104178750848291e+01 2.685309092628615346e+01 3.685888770696200112e+01 3.982134332227596474e+01 3.687526608980608245e+01 2.847973943736651137e+01 1.847442387961967825e+01 2.847973943736651137e+01 3.592011272507571817e+01 4.006465380138422461e+01 3.230785082222001137e+01 2.229783505370887298e+01 1.651863891511733229e+01 2.652856552367770249e+01 3.018839139191132048e+01 3.433483505537373759e+01 3.509049954403920424e+01 2.879612223167838891e+01 2.171676711223502565e+01
3.048053885361223792e-01 1.030480538853603356e+01 1.796140406229445574e+01 1.756864032038334855e+01 1.342612166038995092e+01 6.855449797479685969e+00 1.685642934540752691e+01 2.001561035530035326e+01 1.536030030017433035e+01 2.243218012591084332e+01 3.243333110647574102e+01 3.442702164886462413e+01 2.605719039586551133e+01 2.735494316899308131e+01 3.735637915617327565e+01 3.796971760965503506e+01 2.796389621746138587e+01 2.868918884608253350e+01 1.868375984560374903e+01 2.868918884608253350e+01 2.981557568357067822e+01 2.981557568357067822e+01 3.273071711099849779e+01 2.272505105315933349e+01 1.694868464360764548e+01 2.695394311908355434e+01 2.591431088833845564e+01 3.592011272507571817e+01 3.275772204430511181e+01 2.274765340857272378e+01 1.566942168899667465e+01 2.567953463183595986e+01 3.185201568730968802e+01 3.599843076725706226e+01 2.801152271579310593e+01 2.093254588754697920e+01 1.463790048487336293e+01
