output/example/elevation_000007.asc
nrows	100
cellsize	10.0
xllcorner	0
ncols	100
yllcorner	0
NODATA_value	-9999
[rows 34 to 50 of 100, columns 37 to 73 of 100]
3.238976367966936323e+02 4.538444708486983359e+02 2.590807380208551649e+02 4.814832622474522168e+02 4.786733016025109464e+02 6.242075403134991802e+02 6.666444296068432322e+02 6.262146412004942704e+02 5.080380176307907050e+02 5.904807551011449505e+02 5.775992937604008830e+02 6.550787241201472852e+02 5.603847569995315325e+02 3.633049229009035912e+02 5.256551508174146647e+02 4.715996868532661779e+02 5.626027864204111211e+02 5.252977911301169343e+02 3.763397439167102334e+02 5.725156144841869263e+02 6.115270521062225271e+02 4.982979673112918135e+02 6.030537124548044403e+02 6.091609638799525328e+02 6.716709432000417337e+02 6.880120523436158919e+02 6.882376715321308893e+02 6.702035826006552952e+02 5.989408962353464858e+02 6.144649029243993255e+02 5.851144469954023180e+02 5.493343858373547164e+02 3.991271694972755313e+02 3.774807042813499152e+02 2.066236054630705041e+02 3.580628935549514722e+02 4.120394140232687050e+02
4.336171160103103261e+02 5.203570882465182876e+02 4.814859212699803948e+02 2.820330936867051719e+02 4.671097150751494382e+02 6.183126061138593741e+02 6.567663160202519066e+02 5.764488649128729776e+02 5.966713080699455531e+02 6.262155689563542182e+02 6.562213019363568947e+02 6.559799541167545840e+02 5.512301350343764170e+02 4.063783485007974150e+02 5.946656688190222440e+02 5.822735179373298706e+02 6.348779502590880384e+02 5.994082324447513201e+02 4.268852225982113282e+02 5.877021945632814095e+02 6.450309859194347837e+02 6.287914575348846711e+02 5.952278399543882870e+02 6.685195513967968282e+02 6.782964600608568162e+02 6.755096880137592734e+02 6.679797913422064539e+02 6.501304802094987281e+02 6.105022394598636311e+02 4.749446537366600296e+02 5.316518536882921353e+02 4.119306569220293568e+02 3.992390262923582895e+02 2.207644685891862082e+02 3.776118556687851537e+02 4.312986447686169527e+02 4.163537043488377662e+02
5.590860952155140922e+02 6.030423977492504264e+02 5.294104855749965282e+02 3.004993321560772870e+02 5.253046271038460873e+02 5.964170718527427653e+02 6.567296143635784347e+02 6.567662878843748331e+02 6.323621483308550069e+02 6.665847737372944266e+02 6.822702006861931068e+02 6.668972488814396229e+02 5.952666571545880743e+02 4.572437669149097133e+02 6.011227703629321013e+02 6.608232058102554447e+02 6.707091027071143117e+02 6.020321875273284604e+02 4.884080339161686197e+02 5.828785941814458056e+02 6.673173051955179744e+02 6.763843536138090258e+02 6.548252145138509377e+02 6.763779296123401537e+02 6.645973984794804892e+02 6.431215108868268544e+02 5.961736444626617413e+02 6.427643001808201006e+02 5.632440679468265898e+02 5.360494580495857235e+02 3.484590121020611946e+02 4.221244338433237431e+02 2.360739971072703725e+02 3.992372828200859658e+02 4.518069526882648574e+02 4.821696215968341335e+02 3.275255784665720284e+02
6.347553614091003737e+02 5.754027855183654765e+02 3.650902742660822469e+02 5.302987696622615204e+02 3.382110510923936317e+02 5.097421906830204534e+02 6.445436200581019648e+02 6.828437046408299693e+02 6.627610112194867042e+02 6.832832237064949368e+02 6.931049311936542381e+02 6.774906652951768820e+02 6.268279778493232470e+02 5.140079638733606089e+02 6.269169552896535151e+02 6.806950649285048485e+02 6.799113721112116764e+02 6.348509921756956373e+02 5.513455770485994663e+02 6.348505142286219325e+02 6.681938292526307350e+02 6.912613442957097050e+02 6.884297659890992236e+02 6.838270231479767745e+02 6.539168718959310809e+02 5.595651123113037784e+02 4.978773302848641720e+02 5.815573210844655705e+02 5.507820738601860739e+02 4.246243169436132803e+02 4.463637749826746699e+02 2.529078350761528213e+02 3.875115201303362937e+02 4.727086728939729596e+02 5.496611447063764899e+02 4.165008482930956006e+02 4.821702119905992845e+02
5.918637851630627438e+02 4.407359761147901622e+02 5.754062458057046570e+02 5.863577092643980677e+02 3.691818388024963156e+02 5.872340647588890761e+02 6.187822805122460750e+02 6.832136133075313182e+02 6.886871294305007041e+02 6.860985174933197186e+02 6.958106090705832685e+02 6.868813698848254035e+02 6.506425934837358227e+02 5.679777237460007200e+02 6.621622122478806887e+02 6.869569099109825174e+02 6.878362457423365868e+02 6.663372161195716217e+02 6.076458282859347264e+02 6.598159738330184609e+02 6.878415539521151914e+02 6.945733855116867517e+02 6.940316847113078893e+02 6.787696980872523227e+02 6.269921855897081286e+02 6.431226444566350438e+02 5.847686644241591694e+02 4.183289807008760590e+02 3.636353112941666836e+02 4.726603589553220104e+02 2.726259450253721752e+02 4.233237736169799632e+02 4.145814218855039712e+02 5.736097871588319776e+02 5.426844463139707386e+02 5.218305945804561361e+02 5.781750701842113358e+02
5.867553496985068477e+02 5.014407665842451820e+02 6.348236623616348879e+02 5.905624258699956499e+02 5.905637875296200718e+02 4.213866836918795684e+02 6.210014789124734307e+02 6.601645196870318841e+02 6.891572825699677196e+02 6.940453488432075346e+02 6.968761988852326112e+02 6.922251625681476526e+02 6.693352832607217806e+02 6.316635520509036041e+02 6.351776074151248395e+02 6.872432466195382403e+02 6.927564021345599485e+02 6.641217122310785044e+02 6.638238860843023303e+02 6.783122929963893739e+02 6.933688655885559911e+02 6.976589158654488756e+02 6.898073714040696132e+02 6.698927399570588932e+02 6.711888145405933983e+02 6.435533820956273985e+02 5.463549030378176212e+02 5.564729960195420517e+02 5.004498779957705779e+02 2.956675126158945091e+02 4.726606506747120306e+02 4.458137525729628123e+02 5.823822066837381044e+02 5.836476934304486122e+02 6.239081842747102655e+02 6.179931602420851959e+02 6.127557508904852739e+02
6.412744580367053686e+02 5.584681416762849722e+02 6.549179263277731025e+02 6.723799679327704553e+02 6.048532955745155277e+02 6.210004306406426622e+02 4.803473075292042154e+02 6.283862062894286282e+02 6.619213677129343978e+02 6.938141500328749771e+02 6.975696424479006055e+02 6.957733352754270300e+02 6.865473190540269570e+02 6.718636454609622888e+02 6.872673760143634354e+02 6.737491261683842367e+02 6.947234108464720066e+02 6.869084280857343856e+02 6.904256739823022144e+02 6.946104314931209274e+02 6.968739949990973628e+02 6.975333704321075174e+02 6.931059310687796824e+02 6.833609178274215310e+02 6.623020012526317259e+02 5.732722529443898338e+02 5.609417816471950573e+02 3.510824506461506189e+02 3.259942032923688089e+02 4.596796765859359652e+02 5.414286652453791930e+02 5.930499325415942167e+02 6.160145594100981725e+02 6.588789024846320217e+02 6.163705901547637040e+02 5.560849506680510785e+02 5.171239910443650842e+02
6.708349819782401937e+02 6.062389528547050759e+02 6.708351832407113307e+02 6.838123816270428961e+02 6.768085358142196810e+02 6.497666194605371857e+02 6.281895550539632040e+02 5.404665763713811657e+02 6.670429596801594698e+02 6.781870830706059223e+02 6.969944865226188995e+02 6.984152236257276627e+02 6.963799844593985426e+02 6.916138832066694704e+02 6.964767123719324218e+02 6.888789729308105052e+02 6.967515651159674235e+02 6.964614159251440242e+02 6.983289570933017103e+02 6.987891325829097013e+02 6.979582158183919773e+02 6.938625847896310006e+02 6.813590828390281331e+02 6.773721546255319481e+02 6.143267979468583917e+02 5.945801791005487758e+02 3.945129043506058792e+02 5.553685248116786397e+02 4.319707797031599625e+02 5.707246031596823741e+02 6.281904748045832321e+02 6.242107239905667484e+02 6.034347711424529734e+02 5.978676840509539261e+02 5.947194393926171188e+02 4.687331489598682879e+02 3.633045521230982331e+02
6.824013296323320219e+02 6.766504228539391761e+02 6.513863716619006254e+02 6.890621802361944219e+02 6.934606417274980004e+02 6.887728073909853492e+02 6.677941973525272488e+02 6.557702433814241658e+02 5.952003493037797170e+02 6.814438156833280118e+02 6.907565254297992396e+02 6.988984109095437134e+02 6.991114939841224896e+02 6.983434389701707232e+02 6.987991301364232868e+02 6.963048949731438597e+02 6.983636772132294936e+02 6.994674950862349760e+02 6.996106252670977028e+02 6.990712976934039489e+02 6.951378392058799136e+02 6.826919173957616067e+02 6.544732777493995854e+02 6.035733289262871040e+02 6.246520567389690086e+02 4.461518964106500107e+02 5.942134602537711316e+02 6.125696252938324733e+02 5.431042105576843824e+02 6.210270339581167036e+02 6.326222935031304360e+02 5.263026798505990200e+02 4.660464088537179350e+02 4.573552693197974008e+02 5.341155027283106165e+02 5.331266215294060657e+02 4.307230045805797545e+02
6.951192320248253509e+02 6.918021139368095191e+02 6.800827313015860227e+02 6.804917175136464493e+02 6.961475704435692933e+02 6.963000911798975494e+02 6.945234329481791065e+02 6.748854208971624757e+02 6.814570787117884265e+02 6.389975421632590269e+02 6.906814830345482505e+02 6.969950259628950562e+02 6.995739519018469537e+02 6.997954242049020195e+02 6.995126532126356551e+02 6.993582227603969841e+02 6.994647432690273945e+02 6.998589018128330963e+02 6.999208666181837089e+02 6.994969011116604634e+02 6.979588384042863254e+02 6.938694588261320177e+02 6.782105791935507568e+02 6.500545112116649307e+02 5.034747471847408065e+02 6.246510251530551159e+02 6.275244058454368314e+02 6.468172264175700548e+02 6.486844461884828661e+02 6.527584077457714784e+02 5.990939569218943461e+02 5.278216641283196395e+02 3.431107974044545017e+02 3.134732802993892733e+02 4.561961772363593468e+02 3.812754746648845980e+02 4.049752135703068348e+02
6.935174090405164407e+02 6.968772698374317542e+02 6.934708592542880297e+02 6.961190442564371779e+02 6.937695821948059347e+02 6.988905690940849809e+02 6.973466605838428904e+02 6.950764660537250847e+02 6.876108073461302865e+02 6.906813305748646599e+02 6.690012964061769480e+02 6.944569890115478756e+02 6.988691985244073521e+02 6.998550753128046154e+02 6.999502176313620794e+02 6.999376684776066213e+02 6.999428060753334648e+02 6.999571304379735466e+02 6.997624511205531235e+02 6.993317793825415265e+02 6.976880586753640046e+02 6.848584456473641922e+02 6.709381730170790661e+02 5.653077100683743765e+02 6.500620823041944050e+02 6.501679150481837723e+02 6.838733880046252125e+02 6.846331116219173509e+02 6.711009679354850732e+02 6.100970166372421772e+02 5.364265544591370372e+02 3.982155723907827110e+02 5.253760085423410828e+02 4.575825955922713320e+02 2.780316007128888600e+02 2.582906376999597455e+02 2.407310603293703082e+02
6.904541766481294189e+02 6.979129021095931193e+02 6.986879754538936140e+02 6.989159987646859236e+02 6.983522647542489494e+02 6.989262091372522718e+02 6.995566933751354100e+02 6.989339555620230158e+02 6.980036207798830219e+02 6.938858580362469866e+02 6.958648703743255055e+02 6.866030105770601040e+02 6.978872330643308715e+02 6.997523054873671526e+02 6.999501816586550831e+02 6.999985244908301638e+02 6.999858071643903941e+02 6.998595432161947656e+02 6.992583758225387101e+02 6.971340137505527537e+02 6.930874371341770939e+02 6.848649044444696301e+02 6.177710328697352224e+02 6.618043360750828015e+02 6.783568663312933040e+02 6.900352794157603284e+02 6.864548548495794194e+02 6.750683072335519910e+02 6.590264858348805319e+02 6.121543951450638588e+02 4.634863890070830621e+02 5.712706764087879492e+02 5.580748544391618680e+02 4.107042114424828014e+02 4.552803706920452669e+02 4.307002097051409919e+02 4.067570977772449510e+02
6.889563010873611120e+02 6.954977598022638858e+02 6.987595664679821539e+02 6.991420370390101198e+02 6.997476275488311330e+02 6.998294684356504831e+02 6.998969066972142627e+02 6.998698586098234955e+02 6.992048698282894748e+02 6.993395190277811935e+02 6.981443176457070194e+02 6.946874399824291686e+02 6.965613762207869968e+02 6.991540614600072558e+02 6.998580731916572404e+02 6.999937410281318080e+02 6.999760765431816480e+02 6.996328152976559522e+02 6.979443507784598069e+02 6.924809271391351331e+02 6.788255594703832685e+02 6.561871448756799055e+02 6.798909372430143776e+02 6.888013055385994221e+02 6.950531019485044908e+02 6.948354491886191227e+02 6.820197728785848312e+02 6.295115324941006065e+02 5.856730045615897779e+02 5.342444367604447280e+02 6.121474106714204027e+02 6.308269929189544882e+02 5.902117779158538724e+02 5.620976563162975026e+02 5.594634151206371371e+02 5.258767718792639698e+02 5.218671117215690174e+02
6.793696920322041706e+02 6.930934934215625844e+02 6.925122774551833800e+02 6.979506182440316024e+02 6.985415548970215696e+02 6.995711824593437314e+02 6.999160266476842480e+02 6.999525134628495380e+02 6.999312788376189474e+02 6.998273082295385166e+02 6.994771571331622226e+02 6.982291853215244828e+02 6.994502035313712440e+02 6.996145864670000947e+02 6.999350936960689751e+02 6.999947393287172872e+02 6.999847911058883483e+02 6.998048879540062899e+02 6.993456654735433631e+02 6.952126217646930399e+02 6.920129185013529423e+02 6.817031482052490219e+02 6.934957500763532607e+02 6.977280250467842961e+02 6.974834439048769354e+02 6.881186090194480585e+02 6.690098681948441026e+02 6.743835819655373598e+02 6.465760159560225020e+02 6.465585432403769346e+02 6.564202038300541062e+02 6.455182679581349703e+02 6.270788663445346174e+02 6.050903783103146907e+02 5.055704801796227343e+02 3.707544811313774744e+02 4.233377583319575024e+02
6.736371140882633881e+02 6.647343510672579896e+02 6.881154073686813035e+02 6.872423669012193841e+02 6.955654185032879013e+02 6.988499920351586070e+02 6.998323485445306460e+02 6.999923054452550559e+02 6.999935806682536850e+02 6.999717264338195264e+02 6.997187077710689209e+02 6.998356901832572703e+02 6.996868073636320560e+02 6.999700309041218134e+02 6.999800955561481715e+02 7.000032905002220787e+02 6.999948035224988416e+02 6.999322468324531883e+02 6.991608295878701256e+02 6.989757503494702178e+02 6.970116571891624062e+02 6.941526954564282050e+02 6.981509010114251623e+02 6.993984711162860322e+02 6.975557338635220503e+02 6.930908165753235153e+02 6.930792119157205207e+02 6.893984419170330966e+02 6.845813272071854954e+02 6.458254436775278009e+02 6.164837320279930282e+02 5.759618788646720304e+02 5.215796320374626021e+02 4.734653919968359332e+02 4.897554465488874484e+02 4.243808106787300858e+02 2.553579596635014184e+02
5.914932260760998588e+02 6.329874620585925413e+02 6.634136861483261782e+02 6.884479069298548666e+02 6.981864870459614849e+02 6.995772605383820064e+02 6.999169717850099914e+02 6.999752003549891697e+02 6.999856083790594994e+02 6.999866998297399050e+02 6.999563507731543268e+02 6.999845555343624710e+02 6.999781295832887054e+02 6.999619277638465746e+02 7.000025360561113530e+02 7.000098985745929667e+02 7.000004967464644778e+02 6.999052558524111873e+02 6.999223116221361352e+02 6.996656133283070176e+02 6.992896221112438297e+02 6.987093040782518756e+02 6.994790872538653730e+02 6.996976875745060624e+02 6.990455447998205045e+02 6.976029829102842541e+02 6.929946320201224808e+02 6.842249914850332289e+02 6.702580916081852820e+02 6.458303731458109951e+02 5.402026956380996126e+02 4.313002297818634361e+02 3.835259425132409206e+02 3.441713829590352134e+02 3.123104663339842659e+02 2.850169648232979398e+02 4.231424096775871817e+02
6.076511964172689204e+02 6.624068018522449393e+02 6.891638203436060621e+02 6.950289172231912289e+02 6.981941519379782903e+02 6.997754379147347663e+02 6.997788072914606801e+02 6.996570437139714613e+02 6.999840381383686463e+02 7.000027642142647437e+02 7.000005855862972339e+02 7.000007072933627796e+02 7.000025949381553119e+02 7.000035914261507060e+02 7.000121495251161150e+02 7.000145827585391771e+02 7.000058719243974110e+02 7.000046971188227189e+02 6.999914166566171616e+02 6.999585491815463456e+02 6.999097225240489024e+02 6.998707828398420361e+02 6.999064230611708126e+02 6.998179440545684429e+02 6.992970010896341364e+02 6.957489845068298564e+02 6.834304697077099036e+02 6.588589318146796359e+02 6.205231594964574242e+02 5.702283421175993681e+02 5.125315836637555549e+02 5.862693542494537269e+02 5.548489092097559023e+02 5.217112060750654337e+02 3.717033059693553696e+02 4.115914205745352774e+02 5.048357649604392350e+02
