output/example/elevation_000489.asc
nrows	75
cellsize	13.33333333
xllcorner	0
ncols	75
yllcorner	0
NODATA_value	-9999
[rows 17 to 33 of 75, columns 37 to 73 of 75]
3.682026011159033629e+01 2.829124363589711777e+01 1.769195453449790278e+01 2.426965954734792774e+01 1.539601475460912638e+01 2.603613848322657987e+01 3.541610069772168856e+01 3.985952101551804816e+01 4.484863214308380464e+01 4.080048832813060500e+01 3.609805971541197067e+01 2.631617148606288481e+01 3.232489004853853487e+01 2.663750002319936883e+01 3.640805258712082804e+01 3.934013556805131628e+01 3.640319890083082299e+01 3.639833874588197205e+01 4.141610791956851045e+01 5.144542586578580057e+01 5.346333312021886286e+01 4.395007409341093307e+01 4.894402009703304657e+01 3.813765644293140156e+01 4.894402009701687462e+01 4.622948368780032524e+01 5.357663393639545291e+01 5.040274062591559101e+01 4.601798943660192265e+01 3.690623884671098409e+01 2.588553614100247557e+01 2.326189896677336222e+01 2.960143093226584909e+01 3.396840582462596103e+01 4.534580920660651060e+01 5.407402273333651976e+01 5.407402272991161141e+01
2.978817820751310208e+01 2.234133100259039750e+01 2.826719546226196655e+01 2.658134268589932958e+01 1.665028725324933490e+01 2.107435235892692305e+01 2.623460372925413253e+01 3.259654333545444160e+01 4.161177317797082509e+01 4.605337857733979945e+01 3.609812218449674504e+01 2.949150296003110583e+01 3.928662883828170038e+01 3.640806768758682921e+01 3.139695458853688237e+01 4.115798529252153060e+01 4.219049713038962324e+01 4.643076707607189491e+01 4.643076808906631925e+01 5.560802876019000962e+01 4.922258736421474623e+01 3.854057963785876950e+01 4.351281406519478878e+01 3.472979587357122000e+01 4.552674785963841941e+01 3.856933874711639021e+01 4.827075379320945103e+01 5.246542579831660902e+01 4.147962052566504809e+01 4.067587593645146882e+01 3.297014976972255340e+01 2.262953359207878279e+01 3.296807647194112434e+01 3.492637186897101742e+01 4.578560436057349392e+01 5.236005288415733361e+01 5.278668307483675903e+01
2.848264271511445855e+01 3.270355896733794054e+01 3.150396555157382750e+01 2.898340655628535600e+01 1.841427608211933276e+01 1.973054569842611983e+01 3.024983649590277679e+01 3.733568632484633554e+01 4.167036984268379740e+01 4.732827809660351903e+01 4.286126598018469025e+01 3.311629890332155668e+01 4.286126598018469025e+01 4.528189553021508118e+01 3.611410862718712167e+01 4.528189553021508118e+01 5.222251565569121823e+01 5.638608873703435620e+01 5.646757888390533964e+01 5.624737881378251814e+01 4.638729482882953192e+01 3.897837041047633733e+01 3.284159754121440500e+01 3.172372653822161226e+01 3.821845997984438270e+01 3.323396988214890513e+01 4.394230685592126662e+01 4.937261901792728480e+01 3.821025109169789147e+01 2.951220635517740831e+01 2.385022224477197383e+01 2.262953359207878279e+01 2.456818839313129743e+01 3.492675004033745267e+01 4.159221592244281851e+01 4.158100018256558172e+01 4.193078215811404164e+01
3.846181859884026721e+01 3.150580059424231294e+01 2.110627066574677713e+01 2.110627066574677713e+01 2.898340655653732156e+01 3.024983697278825190e+01 2.308332412798463906e+01 2.781630332576987641e+01 3.348278583054293733e+01 4.317372157276522415e+01 4.697830839893492083e+01 3.955824421782507727e+01 4.697830839893503452e+01 4.982551263860155899e+01 4.438178026029444112e+01 4.982551263860156610e+01 5.069669526463442821e+01 5.040218722398908113e+01 5.188903095734295334e+01 5.651282175454464607e+01 5.216281626215906897e+01 4.156877040071464080e+01 3.963257875884302450e+01 2.914583443493345527e+01 2.781623769330850138e+01 3.821845871828674035e+01 4.629413641856057637e+01 4.788304601280194817e+01 3.724698267619228176e+01 3.724135790193793127e+01 3.191700028997543725e+01 2.206066460442021437e+01 3.192227160111234596e+01 2.794520571965408706e+01 3.056492594949730091e+01 3.398677627345328034e+01 4.049456937288623948e+01
3.850567377720643947e+01 2.862505743381830570e+01 2.110627066574677713e+01 2.477184203749084546e+01 3.457027554953190673e+01 3.742273137407003247e+01 3.334335869741381941e+01 2.732917880388771437e+01 3.120979131927588313e+01 3.803253252308741139e+01 4.775273534466688830e+01 4.886554688683445136e+01 5.195731518197992216e+01 4.803165888264130245e+01 5.192655611584720532e+01 4.747210572568321396e+01 3.980435121794796061e+01 3.977211641962841782e+01 4.006283736511837645e+01 5.190982832146899995e+01 5.636656708428256479e+01 4.972209239942625913e+01 3.903973904492713842e+01 3.156996884047574525e+01 2.590535705504586872e+01 3.148289995570835842e+01 3.888202237555397289e+01 4.490799251012173698e+01 3.724698300915365223e+01 2.702708756751783881e+01 3.075534890628108542e+01 2.206066460442021437e+01 2.734007197920223931e+01 3.766985079681290216e+01 4.159221592244281851e+01 4.510921598374851982e+01 4.948876435523690276e+01
4.095778731284060115e+01 3.116513736281390123e+01 2.376249435247054365e+01 3.402462564319669269e+01 2.995952054981136570e+01 3.901896251903865931e+01 4.129659586684561390e+01 3.438562394833194702e+01 3.722470237217736866e+01 3.803253252308741139e+01 4.775273534466692382e+01 5.175712019199773550e+01 4.547273196543409313e+01 3.598256653027244312e+01 4.337813702799626014e+01 4.217582754553107094e+01 3.249118926499793503e+01 3.249831460756041679e+01 4.309297170475044680e+01 5.312168292587374197e+01 5.438707912368521846e+01 4.379554122047009201e+01 3.623169668570830737e+01 3.452262404969972209e+01 2.465294206421186018e+01 2.509794317994530033e+01 3.014114600711491576e+01 4.057443462004303569e+01 3.442975414716424609e+01 2.094550590896727726e+01 2.129114704041999317e+01 3.075551801719602452e+01 3.604120468316596515e+01 4.205529051058313428e+01 4.203599974432600561e+01 4.639932553694727346e+01 4.709147092629966380e+01
4.095955281228937395e+01 3.116519538992213256e+01 2.847998596056771348e+01 2.971584271692847423e+01 3.879160100928412191e+01 3.531099084113532172e+01 4.414933101344093558e+01 4.407884400766582189e+01 4.698057166523799566e+01 4.775273534466692382e+01 5.191883940929119490e+01 4.728508760725996751e+01 3.636417260374259541e+01 3.033196817384519051e+01 3.288277691511056844e+01 3.774264105259869950e+01 2.772870276132567824e+01 3.210578168486673434e+01 3.793587225042154643e+01 4.867805738108639702e+01 4.700406650625512839e+01 4.573912491959258375e+01 3.506156586400762620e+01 2.789005418788950053e+01 2.501649328458511690e+01 2.306087659755831609e+01 3.151408091116116950e+01 3.583186887279544663e+01 3.011513126154138931e+01 2.073267988514632876e+01 2.073267988514632876e+01 2.921263109166971361e+01 3.120696543331414929e+01 3.342046140219759565e+01 3.148416154855464200e+01 3.944976946483279789e+01 3.628447307988694348e+01
4.514861279106155934e+01 4.095955281228937395e+01 3.326555369973998211e+01 4.039765968269362162e+01 4.129950834467556575e+01 4.136546052183743427e+01 4.820522883927274194e+01 4.789642837223475880e+01 4.692560153044590265e+01 4.255187535965266932e+01 4.692560093320329884e+01 4.741199142734550520e+01 4.547273194101391880e+01 3.595694720352169327e+01 2.595111652803157654e+01 3.217317496030826618e+01 2.532942460000550966e+01 3.210578299307067596e+01 4.247627558398882286e+01 4.410092553506412116e+01 3.695135988253729664e+01 4.410092553506564172e+01 4.255492674020205612e+01 3.818702501824918016e+01 2.973122276392292207e+01 2.372706912305177340e+01 2.168972070618496772e+01 2.992196393574861801e+01 3.421185559402251641e+01 3.010754158758708598e+01 2.837209592827682414e+01 1.989987569121040423e+01 2.165274289782892225e+01 2.352329996425249092e+01 2.600839058177041352e+01 2.888768762629596409e+01 3.487622734467578312e+01
5.025030552810913065e+01 4.686941004318555315e+01 4.266761736484473033e+01 4.686941352806850603e+01 5.291553204712795377e+01 5.087018891016037259e+01 4.488305527231732839e+01 3.748734656989480385e+01 4.176781036477262887e+01 3.233717528276852704e+01 4.176781036477262887e+01 3.701325431645540220e+01 4.440433121436516473e+01 4.035606227943612367e+01 3.217317496030826618e+01 2.240920745754239007e+01 3.217312808730298457e+01 3.422042940200562100e+01 4.457018829069797761e+01 3.989572949688802339e+01 3.030764400689453097e+01 3.989572949688802339e+01 4.524930621423889932e+01 4.436803382570140997e+01 3.568797682409359595e+01 2.517292571477279139e+01 2.992196393570631585e+01 2.032898710999117498e+01 2.841605178575138524e+01 2.753884564973214211e+01 1.903912909541896070e+01 2.544457645980875427e+01 3.120669838735505053e+01 3.033696039076131257e+01 3.626516884438793653e+01 3.944976946483279079e+01 4.385228978567490543e+01
5.457119043175313067e+01 5.485111847634912152e+01 5.058106632450499518e+01 5.485112669765707238e+01 4.925490202042414012e+01 4.404729256755294386e+01 3.969438484833156622e+01 3.042813327705033544e+01 3.338868702747206640e+01 2.747930015154808459e+01 3.367802396024278266e+01 2.996980514141526442e+01 4.005897494323108532e+01 3.770574833591393826e+01 2.769506472444819778e+01 2.079175918195667094e+01 2.436056271288994779e+01 3.275101657298061042e+01 3.646527327787068629e+01 3.233639491733443094e+01 2.685672575764581893e+01 3.128407118224073713e+01 4.101105214418026890e+01 4.379708740684453261e+01 3.234564705420687147e+01 3.569969627914118604e+01 3.421238606995521536e+01 2.841604123656762226e+01 1.897601647196183094e+01 1.814041435651497025e+01 2.753883371608738528e+01 3.260630639020952515e+01 3.975803400435035684e+01 4.086425365969066092e+01 4.009682137258164403e+01 3.689623810106244406e+01 4.322592844897241093e+01
5.050519096572299560e+01 4.955691598193890002e+01 3.987684752832738155e+01 4.955691598193150327e+01 4.486321150779083666e+01 3.452555818887233130e+01 2.962898425287455240e+01 2.623113003152859690e+01 2.351033893843662170e+01 2.379466110392787215e+01 2.379466097059453844e+01 3.367802396024278266e+01 3.475125280866100752e+01 3.935529720263525633e+01 3.488013193358389685e+01 2.852791245520235819e+01 1.856927649503918332e+01 2.852791229508250481e+01 2.962204297005975562e+01 2.273971159303869882e+01 2.637567861606641273e+01 3.740138568715391187e+01 4.524928300155943361e+01 4.822064623866448585e+01 4.379708740684453261e+01 4.336858517023630100e+01 3.308176302379844458e+01 2.951699836583750525e+01 1.988061862101859489e+01 1.749457980869254925e+01 2.724425071959874600e+01 3.643785316554053821e+01 3.920819814909901169e+01 3.477383882557779771e+01 2.945084819144681987e+01 3.689623810106244406e+01 4.782376447097085048e+01
3.986304637100326431e+01 3.986304637100326431e+01 3.449713585353897116e+01 4.522895690640550015e+01 4.925490202040052878e+01 4.404729256729292786e+01 3.424948862898866508e+01 3.613572834012819612e+01 3.018372769758254393e+01 2.021331045885503386e+01 2.021331045885503386e+01 2.803345212309202594e+01 2.295021492638975857e+01 3.203484601450126945e+01 3.507417598982321749e+01 2.440985555493486103e+01 1.711968316598767714e+01 2.705924404371031144e+01 1.986323685440732945e+01 2.962204297462296054e+01 2.757375820139712275e+01 3.417191701236656343e+01 4.418531642422207995e+01 5.057882710236425083e+01 4.534055910723327543e+01 4.105029842775172000e+01 3.308176780697809249e+01 2.330073894360261733e+01 2.678864193706024110e+01 1.695001035922675214e+01 2.257643829149505521e+01 3.238530791428549094e+01 3.178952374303873896e+01 2.465353627819995097e+01 2.741290710591508173e+01 3.806433252367603615e+01 4.796376591194312766e+01
3.554067831893446794e+01 2.927545017427018337e+01 3.749125032384323930e+01 4.186088214705181798e+01 4.716456268465422852e+01 4.890282071040451228e+01 4.452853258727366637e+01 3.725663987762828100e+01 2.725403154713375642e+01 3.018372769758254393e+01 2.803345212309202594e+01 1.795881983499048928e+01 1.644149857925907199e+01 2.367754738873787446e+01 3.361060819681131306e+01 2.965392236304928630e+01 2.556799203444030510e+01 1.711968316598767714e+01 2.705925493274327209e+01 3.372016465465797808e+01 3.720459440758669700e+01 3.428283322815596534e+01 4.425834987298363643e+01 4.633782903725523283e+01 3.576276781824820716e+01 3.069712621655861540e+01 2.749784039487673581e+01 3.305468332834362144e+01 2.620579826875631824e+01 1.641577620916328684e+01 2.584478499503772397e+01 2.898296821709238458e+01 2.196351769740864412e+01 3.178952374303873896e+01 3.472454086669738871e+01 3.259308582907175378e+01 3.802741592714017571e+01
2.519439257886139671e+01 3.226889653749167763e+01 2.704654279257124827e+01 3.216350720325807089e+01 4.281899353902922201e+01 5.019910717609952400e+01 4.710800525846936182e+01 4.156686899042080796e+01 3.725663987762828100e+01 3.618006117711745873e+01 2.641136281229848137e+01 1.995678585350852785e+01 1.644149857925907199e+01 2.458510503364972166e+01 2.820030174476392659e+01 2.410689387988229271e+01 1.560180767953850278e+01 2.556808243366995725e+01 2.527019362943066483e+01 3.212142396721568360e+01 4.201663693510001707e+01 4.425834987298363643e+01 4.849643836208697678e+01 5.057882710236427926e+01 4.534055910723387939e+01 4.105029842775038418e+01 3.454708730207222800e+01 3.022213839797488788e+01 2.574831745450002529e+01 1.589880072068756789e+01 1.764722694356779087e+01 1.940201220659483639e+01 2.911522325501912789e+01 3.617334135169922149e+01 4.552149226420696237e+01 4.353557921828030430e+01 4.796376591194312766e+01
3.044799226416157367e+01 2.213053726303717283e+01 3.226889653749167763e+01 4.186088214705190325e+01 4.716456062714824071e+01 4.001203426142922837e+01 3.707278699355536133e+01 4.427974922775476330e+01 4.276079123858139752e+01 3.261628941568366713e+01 2.617174298806811095e+01 2.926800010207354319e+01 2.171499293776018291e+01 1.463573682367333717e+01 2.287712987002357323e+01 1.415491533950143399e+01 1.591786539903207398e+01 2.584853924696220417e+01 3.248103751832288566e+01 3.876316282990830331e+01 4.292789960858314657e+01 4.390378087980275978e+01 4.809862453549356331e+01 5.039052778769358554e+01 3.969020623944724946e+01 3.937417320212813365e+01 3.023562557848125465e+01 2.055363942790624066e+01 1.797207177067321737e+01 1.543313583452645332e+01 2.525902795730535999e+01 2.911317277010000382e+01 3.343866322015812642e+01 3.585643091597755472e+01 4.632679051810517024e+01 5.143294120367989564e+01 4.715894957630379736e+01
2.040721375749225075e+01 2.040721375749225075e+01 3.044800185385119562e+01 3.739693811059415651e+01 4.184544208315352876e+01 4.001203437266157437e+01 3.057455570821194257e+01 3.496748985615160876e+01 3.615515537605244845e+01 3.925079500958433698e+01 3.558754520785112163e+01 3.563839499546465106e+01 2.862822176635640758e+01 2.287563471023856110e+01 1.294350305547936486e+01 2.274301940918247311e+01 2.581306384323361414e+01 1.862605775131822838e+01 2.842075196372455537e+01 2.907311127364998882e+01 3.581499942849770690e+01 3.399710761815836690e+01 4.343229228933936525e+01 4.844687941434229117e+01 3.969020623798402880e+01 2.917483044599076436e+01 2.490715432705288634e+01 2.999984378051927081e+01 2.373771591992748498e+01 1.502560206936535891e+01 2.477549434097234382e+01 2.215719547308663095e+01 2.577559115356302399e+01 3.279300767145669226e+01 4.325218886018882358e+01 4.621609973872013910e+01 3.667748529868701013e+01
2.040721375749225075e+01 2.847883338365581807e+01 2.967850998218617065e+01 2.648143237278776141e+01 3.739693811059415651e+01 4.174395553489687671e+01 3.216058586705952393e+01 2.586062402656807180e+01 2.598891257940571720e+01 3.332620655449536429e+01 3.761671299175482375e+01 3.395286290301355336e+01 2.466296418952094882e+01 2.110008177122110951e+01 1.226832036883175903e+01 2.185833638095242293e+01 2.988418133012708822e+01 2.842075196372455537e+01 2.152789916724166019e+01 2.364981279085727195e+01 2.627368496947412879e+01 2.953156322687618385e+01 3.426348460937357032e+01 4.423961636178347590e+01 4.409111714156357920e+01 3.937417320297414847e+01 3.498758721388438886e+01 2.981273968417406905e+01 1.907695374574701574e+01 1.468314171042356442e+01 1.732472289220536155e+01 2.708260844723828953e+01 3.582388009078622559e+01 4.017397920008345125e+01 4.100683036648609203e+01 3.670013919281146997e+01 3.148206094812750777e+01
