output/example/elevation_000050.asc
nrows	75
cellsize	13.33333333
xllcorner	0
ncols	75
yllcorner	0
NODATA_value	-9999
[rows 0 to 16 of 75, columns 37 to 73 of 75]
4.200775016628894321e+01 4.200775016628894321e+01 4.614644482804062875e+01 4.925576644811808791e+01 4.515253352819591726e+01 4.909684263186945685e+01 4.930514190827975796e+01 4.502151185017694957e+01 4.629073000787774106e+01 5.051874665994577640e+01 5.457448509285532623e+01 5.040143524805343134e+01 5.051178966975513873e+01 4.634392803042059938e+01 5.051178966975513873e+01 5.196139351284711694e+01 4.779220398423480987e+01 5.196139351284711694e+01 5.250566617090201760e+01 5.545429139249863226e+01 5.465768719159653699e+01 5.048614707450012418e+01 5.465768719159653699e+01 5.969341508777577587e+01 5.956394867327490061e+01 5.535955410736871585e+01 5.535955452555818823e+01 5.535955452555818823e+01 5.956397341546479396e+01 6.639796566641005882e+01 6.053463684284196233e+01 5.634760155100698142e+01 5.270313765736113254e+01 5.403923868206334191e+01 5.823995981665553501e+01 5.686424180404220152e+01 5.686424180404220152e+01
3.200468409539181636e+01 3.200468409539181636e+01 4.200775016628894321e+01 4.142851576146767201e+01 3.520338255872971445e+01 4.314183484415536896e+01 4.333448273557102937e+01 3.483938708933851558e+01 3.615021881119630365e+01 4.629073000787774106e+01 4.877351816639873050e+01 4.036507610827543147e+01 4.549010145822978046e+01 3.630831052025864381e+01 4.549010145822978046e+01 4.693982540679104432e+01 3.775825407291779356e+01 4.693982540679104432e+01 4.246792744483514070e+01 4.540791304992130506e+01 4.963686316894364836e+01 4.045665233734779775e+01 4.547140041182939285e+01 5.465770667665688620e+01 5.535955362427946369e+01 4.493201902524559443e+01 4.493201902541584758e+01 4.493201902541584758e+01 5.535955452555818823e+01 6.223762947244512134e+01 5.203580185451499318e+01 4.603950101906088577e+01 4.237236668020364050e+01 4.372286303363149074e+01 5.231337987248753052e+01 4.658428929006554853e+01 4.658428929006554853e+01
2.491747876812166851e+01 3.493451422115653315e+01 3.851306783169656001e+01 3.151043464235997504e+01 3.021678504944355836e+01 3.911735609241721079e+01 3.499702691705169144e+01 2.902807557494642410e+01 3.615021881119630365e+01 4.629073000787774106e+01 4.460694059701883418e+01 3.456846067252885746e+01 3.881122151035988566e+01 3.128285509593519720e+01 3.595776876045523096e+01 3.740876934481588023e+01 3.273550227029291904e+01 3.906049427359286597e+01 3.537176275186292429e+01 4.316971497094643695e+01 4.547139957259063436e+01 3.543858908853320600e+01 4.045665233734781907e+01 5.048614731908513420e+01 5.503891558156968955e+01 4.798617346234409808e+01 3.740417129987402944e+01 4.798617346234409808e+01 4.966440803060835663e+01 5.998399533728856170e+01 6.053463684284196233e+01 5.634760155100698142e+01 4.808307642437991092e+01 3.779907022590427346e+01 4.444713116402659381e+01 3.929904465691959103e+01 4.959521767113363211e+01
2.213327652864708028e+01 3.215628750736703267e+01 3.017353324439031681e+01 2.443984351935497301e+01 3.441537334578836038e+01 3.153520869573371854e+01 2.492578397482107633e+01 3.499702691705169144e+01 4.333448273557102937e+01 4.141881357967754695e+01 4.436141301275690552e+01 3.881122151035988566e+01 2.876115474287538021e+01 3.407357460191597909e+01 2.589892456818829203e+01 2.735594246270019880e+01 2.901344451400451518e+01 2.901344451400451518e+01 3.098816556031455960e+01 3.313274568665988795e+01 3.543858908853320600e+01 3.543858908853320600e+01 4.547139970592396452e+01 5.465769897252349807e+01 5.079721417741934175e+01 4.030438695391272574e+01 3.449455216111251588e+01 3.915036495534687333e+01 4.966440803060835663e+01 5.521663407820009439e+01 5.223132407371222286e+01 5.170943044045046832e+01 4.748545076638969675e+01 4.444713116402659381e+01 3.427808128014287092e+01 4.444713116402659381e+01 4.371589184971930564e+01
1.953975889810041267e+01 2.639703612414680478e+01 2.015967949805065729e+01 3.017353316240826544e+01 2.842607554486723132e+01 2.147760599887679689e+01 3.153520869573371854e+01 3.919409634299977796e+01 3.802436416633798899e+01 3.137146521914603881e+01 3.431426542100216892e+01 3.660430922772215467e+01 3.244048791566475387e+01 2.400655078645369045e+01 3.407357460191597909e+01 3.446846908989061120e+01 3.906049413038639528e+01 3.612092479162884473e+01 3.678917975191557588e+01 4.316971497094643695e+01 4.547139957259063436e+01 4.547139970592396452e+01 4.963686316894364836e+01 5.352826902605837489e+01 4.966440803060835663e+01 3.915036495534687333e+01 3.175612458110969527e+01 3.915036495534687333e+01 4.966440803060835663e+01 4.497811625819283421e+01 4.197373921029416266e+01 4.748545076638969675e+01 3.727824053878747890e+01 4.026786319745547615e+01 3.242952261087345533e+01 3.539483703265599246e+01 4.258769977375590798e+01
2.403403280172733858e+01 1.636259364439514385e+01 2.476902756358188995e+01 2.551994015556810780e+01 1.837374962695890446e+01 2.842607554486723132e+01 3.571375624761554946e+01 3.802436416633798899e+01 2.796720149779223874e+01 2.424851555860520236e+01 2.981272523363641369e+01 3.085764064785696448e+01 2.236730829097437834e+01 3.244048791566475387e+01 2.939611951536929624e+01 3.944482742901328010e+01 4.867371427844151555e+01 4.615724280830657733e+01 4.682265675844841724e+01 5.099035891979622903e+01 5.078190199745965572e+01 5.495774040131212246e+01 5.352826902605837489e+01 4.310521878186366962e+01 4.501788413883550533e+01 4.017578898803557763e+01 2.978710971583915423e+01 4.017578898803557763e+01 4.857866163092047174e+01 4.497811625819283421e+01 3.481576777587823557e+01 3.954611250593236349e+01 3.828273919795551450e+01 3.024347837934996264e+01 4.026786319745547615e+01 4.560334118778344248e+01 4.258769977375590798e+01
1.399562288793809550e+01 1.472560352270126316e+01 1.472560352270126316e+01 1.547180511561306915e+01 2.551994006108871815e+01 3.083832308530275768e+01 3.247858534792763407e+01 3.663947610102457020e+01 2.981272523363641369e+01 1.973550033613693344e+01 1.973550033613693344e+01 2.078084185187346122e+01 3.085764064785696803e+01 3.660430922772896167e+01 3.944476320563057925e+01 3.650464237566566794e+01 4.654306346011248507e+01 5.177650951758563735e+01 4.760886820098934891e+01 4.760886713024926564e+01 4.077378791444999706e+01 4.916716604653002776e+01 5.417746179398470474e+01 4.501788413883550533e+01 3.454754889811199092e+01 3.824665968720221088e+01 2.793526966844391524e+01 3.381950064001157585e+01 4.429427141225875886e+01 4.920621720706414237e+01 3.954611250593236349e+01 2.952938080081191785e+01 2.829705437192533779e+01 3.828273919795551450e+01 3.727824053878747890e+01 4.748545076638969675e+01 5.288374358878270698e+01
2.403403264426773234e+01 1.974966693741447443e+01 2.476902782891087895e+01 2.551994041818858605e+01 1.662032856345638621e+01 2.667683709902310341e+01 2.242966317653037578e+01 2.756250770798919092e+01 2.847270422012770297e+01 1.973550033613693344e+01 1.973550033613693344e+01 2.981272523363641369e+01 2.553909163634892820e+01 3.265880230823783137e+01 4.270353245424524147e+01 4.654306344757420533e+01 5.071148299343094124e+01 4.760886820098934891e+01 3.770834691162252739e+01 3.770834691137235239e+01 3.517491644852876220e+01 4.000620539888337390e+01 5.000122387622369047e+01 4.929534912868754759e+01 3.942125453948513325e+01 2.907180098069013141e+01 2.622618401553372181e+01 3.342230782270197409e+01 4.385601839354187348e+01 4.362566834259869353e+01 3.637854381603208509e+01 2.640841986824971244e+01 3.637854381603208509e+01 4.249838636443774220e+01 4.748545076638969675e+01 5.170943044045021253e+01 5.550892408429335489e+01
2.818566669494407506e+01 2.978696083374248005e+01 2.978696083374247650e+01 2.667683723987781619e+01 1.662032856345638621e+01 1.662032856345638621e+01 1.662032856345638621e+01 1.749849083627583113e+01 1.840169739485369860e+01 2.847270422012770297e+01 2.981272523363641369e+01 2.662316484541915784e+01 3.560077160291090337e+01 3.190877502999233428e+01 3.901312945439369884e+01 4.905339086844432472e+01 5.064629137816338300e+01 4.949435396593630543e+01 4.060814245999630145e+01 3.092848520340751861e+01 4.060814245999630145e+01 4.916716604653002776e+01 5.417746179398470474e+01 4.984488976889182510e+01 4.372120458649269636e+01 3.479283820199658805e+01 2.458453869037994721e+01 3.286365093473423826e+01 3.715046269466636630e+01 3.353049681616717237e+01 3.353049681616717237e+01 2.519989031027865778e+01 3.014744433731392803e+01 3.720770196003739727e+01 4.739513853994737502e+01 4.821202217025502534e+01 4.518954643415415973e+01
2.628410352479502876e+01 3.390330530968926581e+01 3.981015536960100576e+01 3.083833903001660204e+01 2.667683723454840106e+01 1.997455493416337191e+01 2.667683742720583240e+01 2.202301109526464629e+01 2.847270421068110124e+01 2.443015346113478969e+01 3.496573028195455635e+01 3.409647733299450323e+01 4.181827494012274826e+01 4.195382760639421349e+01 4.612023893750722436e+01 5.064629176288199375e+01 4.069328517764130737e+01 4.251970590151729112e+01 3.550866930888050632e+01 2.873081715966619853e+01 3.838747679542176883e+01 4.472187132935601284e+01 5.044469539274767556e+01 4.557109515715713144e+01 3.509972058232612113e+01 2.996620950022790808e+01 3.286365093473423826e+01 2.269013552857099114e+01 3.138228551103593489e+01 3.195348315448249821e+01 2.355658667191574551e+01 3.353049681616717237e+01 3.936797784371210440e+01 4.441085506950947348e+01 4.821202217025502534e+01 3.792465111463286576e+01 4.432376139056643183e+01
1.968862723630140010e+01 2.679079802067271032e+01 3.685071216304389452e+01 3.712835514360256184e+01 2.708690615839768157e+01 2.708690615839768157e+01 3.002797839385555179e+01 2.809951671196044387e+01 3.666986451360176602e+01 3.114189697346145635e+01 3.924239793276036181e+01 4.632146542233457609e+01 5.055168239478573611e+01 5.040543169864744044e+01 5.423279057985045171e+01 4.954707859630140376e+01 3.960887241217211141e+01 3.274763880001061978e+01 3.637392407622398594e+01 2.670117474474587738e+01 3.086249193875449492e+01 3.642669654971702187e+01 4.628741695073569673e+01 4.984488976889182510e+01 4.463168520811004925e+01 4.033540786974162273e+01 3.500414251126857579e+01 2.881097937579822954e+01 2.085829722078824489e+01 2.196717540934567481e+01 3.195348315448249821e+01 3.772097112243470463e+01 4.596364383455922109e+01 4.337081733855613663e+01 4.432376139056643183e+01 3.417877263196419335e+01 4.432376139056643183e+01
2.973727865481878396e+01 2.679079802067271032e+01 3.685071216304389452e+01 4.129035606652450241e+01 3.712835514360256184e+01 3.712835514360256184e+01 4.006891217195576615e+01 3.940530609132341766e+01 4.223000879082623982e+01 4.275957650710752489e+01 4.592848077835186871e+01 4.117227292603147504e+01 4.665174840515147281e+01 4.117002344174977679e+01 4.889992130523614833e+01 4.529882193445986616e+01 4.117071805197684853e+01 3.729631955201845983e+01 2.759447259155274779e+01 2.472911863415923861e+01 3.443937421569800961e+01 3.918474762999118610e+01 4.330422023200602410e+01 4.824030498188914606e+01 4.627380780489980339e+01 4.161896093997360424e+01 3.414372026897536472e+01 2.402078286360713477e+01 2.085829722078824489e+01 3.077459472464981971e+01 3.613734478309905285e+01 4.299961202007511929e+01 3.581191372205961443e+01 3.328466702673792099e+01 3.805277293603231925e+01 3.136800801766881008e+01 3.628941850536129010e+01
3.900639939715385651e+01 3.685071216304389452e+01 4.101581259870577867e+01 4.735530852080138686e+01 4.334660801838111865e+01 4.209198553138335086e+01 4.610012041566087504e+01 4.276784729342202240e+01 3.864660643302433130e+01 4.276784729342202240e+01 4.259210626650546061e+01 3.451199225649455826e+01 3.965080676866844556e+01 3.568121797834790243e+01 4.507336607788472804e+01 4.117071805197684853e+01 3.139607837177813821e+01 3.425900405045322827e+01 3.272282732752341872e+01 2.297176701643208574e+01 3.272282732752341872e+01 2.946904235841303432e+01 3.427894898527374323e+01 4.409054627470868581e+01 4.221115123159613347e+01 3.310791267060281484e+01 2.870804209901280402e+01 2.866159954169125612e+01 2.004590644735566940e+01 2.709253087935217863e+01 3.696647982550426548e+01 3.798155619361174473e+01 2.880640680701580791e+01 2.631537870356407893e+01 2.811740956177950324e+01 3.805277293603231925e+01 4.562831599263252969e+01
4.468071094703955026e+01 4.420329966470423955e+01 4.800311432111698906e+01 4.334660801838111865e+01 3.361373917518969989e+01 3.234477422355620746e+01 4.048452384799553982e+01 3.860173260479451329e+01 3.054463668513323782e+01 3.711269800561755261e+01 3.854478546035926456e+01 2.988570180398090770e+01 3.015365554571050666e+01 3.690937777599531699e+01 4.626919880440510724e+01 4.117071805197684853e+01 3.139607837177813821e+01 2.451464047657112744e+01 2.938682231405818612e+01 2.146753024243565022e+01 2.460575256533030242e+01 3.432689499420212087e+01 4.330422023200602410e+01 4.824030498188914606e+01 4.627380780489980339e+01 4.161896093997360424e+01 3.765953195109231189e+01 2.920846639593417393e+01 1.924055656866240227e+01 2.920846639593417393e+01 3.577682259425029088e+01 3.160267137897286460e+01 2.386597965914537767e+01 3.379584671912544280e+01 3.805277293603231925e+01 3.300847818023296298e+01 4.009214299087362576e+01
4.268663850092952572e+01 3.473352979040711119e+01 4.268663850092952572e+01 4.310539271240777026e+01 3.336189523624398845e+01 2.665335263427704149e+01 3.646443045896119628e+01 3.511547638181233566e+01 2.577777624087757502e+01 2.791813149141542993e+01 3.254998880965985819e+01 2.588551233026481313e+01 3.139958652900569192e+01 4.087306992422001883e+01 4.180450439462136103e+01 3.691516274978567935e+01 3.283547597140847074e+01 2.938682231405818612e+01 1.956189374097787947e+01 2.781357458062775478e+01 2.781357458062775478e+01 3.760332230411511034e+01 4.244692285724799063e+01 4.657350833251321376e+01 4.208197429621384345e+01 3.645157379053774349e+01 3.236995043803014482e+01 2.834337040440925648e+01 1.844612920245633347e+01 2.843712636698129614e+01 2.995437734877320679e+01 2.164362991738182984e+01 3.160267137897286460e+01 3.797574083139486589e+01 4.532638992168529057e+01 4.309706769183164710e+01 4.009214299087363287e+01
3.360973891114787904e+01 2.907033717225207781e+01 3.878007926864349741e+01 4.026880464716379748e+01 3.050095968415863013e+01 2.353397366663084966e+01 2.988720024282249099e+01 3.178926367009504972e+01 2.209260716149855952e+01 2.107375465481020527e+01 2.291642485692307574e+01 3.254998880973848685e+01 3.928184662751925060e+01 4.471980169947356387e+01 3.769559534269722434e+01 2.797536068721774072e+01 2.308116341713968112e+01 1.956189374097787947e+01 2.781357458062775478e+01 1.795988222391397926e+01 2.673222769913700603e+01 3.080381098816631891e+01 3.271930428760273202e+01 4.091755321544097512e+01 3.801832872395369378e+01 2.829036600979908300e+01 2.258469579448486542e+01 2.599389064346721767e+01 1.766795792414565014e+01 1.879971317297829714e+01 1.995538334423761384e+01 2.994658397118290338e+01 2.432719754920961819e+01 3.425485470889942974e+01 3.520741649174770060e+01 4.532638992168529057e+01 5.035159765879443938e+01
2.377319275448456182e+01 3.013803485605355803e+01 3.414593013331509752e+01 3.695403442828684604e+01 3.739177994376426284e+01 2.988720024282249099e+01 2.005054232584072338e+01 2.669576698988259622e+01 1.882393342722269480e+01 2.862164689109599891e+01 2.627864848616498605e+01 2.974074020941976570e+01 3.526515672276842395e+01 4.439669941554362964e+01 4.180455318528863984e+01 3.691514970462630885e+01 2.938685969495384143e+01 2.938682339297204749e+01 2.673222769913700603e+01 1.686129511150869575e+01 1.686129511150869575e+01 2.673222769913700603e+01 2.717451456974339763e+01 3.683067965748929851e+01 3.586650772312816571e+01 2.593660051655797716e+01 2.593660051655797716e+01 1.677589893405217225e+01 2.678561341748041613e+01 2.882940263117961521e+01 2.995437734877320679e+01 2.995316821002553098e+01 3.425485470889942974e+01 2.713145474659573608e+01 3.706428271364276128e+01 4.460973554770889393e+01 4.493869234428780857e+01
