output/example/elevation_000437.asc
nrows	75
cellsize	13.33333333
xllcorner	0
ncols	75
yllcorner	0
NODATA_value	-9999
[rows 51 to 67 of 75, columns 0 to 36 of 75]
1.369999999999999864e-02 1.001369999999996274e+01 7.399657627034553542e+00 1.117930235712681331e+01 1.695280504902303065e+01 2.695280504902295959e+01 3.459865848965850432e+01 2.437757139111979043e+01 1.685284110255410894e+01 1.077031751534214088e+01 1.768733825849054853e+01 1.460339140230791166e+01 2.501070960465532877e+01 1.910173698839442480e+01 9.345451269238278513e+00 1.521528576629220453e+01 1.369157919730163009e+01 2.280776513387165849e+01 2.735753139553086655e+01 2.646506865012376863e+01 1.666066093977785911e+01 9.392519659234375595e+00 3.362062541683657368e+00 7.285917873922286070e+00 1.182664346119980614e+01 1.738237150746700621e+01 2.711425493140389875e+01 2.737540470094262446e+01 2.442619078590128012e+01 1.719660182909826318e+01 6.746575473319282423e+00 1.719669488216162279e+01 2.277578858916241344e+01 1.258724996439901922e+01 5.195678299455389393e+00 1.367669289202209448e+01 1.181795375914483515e+01
1.290000000000000001e-02 1.001289999999996283e+01 1.739965762703448249e+01 2.117930235712674403e+01 2.532143798085766306e+01 3.109494067275388218e+01 3.329405850542708833e+01 2.301569926131796251e+01 1.545462246317751642e+01 2.129844738040947050e+01 2.554070569863326767e+01 2.203393266453286259e+01 2.662735580147409564e+01 1.749323142474325365e+01 1.106752134048397451e+01 1.968701204797941529e+01 2.257607268782062349e+01 2.674212194090790007e+01 2.709282378169116967e+01 2.296796478963426935e+01 1.961614765634235269e+01 1.441798570066160678e+01 3.994288755632607213e+00 1.444656557331339108e+01 2.132338569263394135e+01 2.553061921918750343e+01 3.115588201207593855e+01 2.780923748822430852e+01 2.023276588786584540e+01 9.936834638146558873e+00 1.287759070394038119e+01 2.140766430489759387e+01 2.573764662704051887e+01 1.557094757499822180e+01 1.557094757499822180e+01 7.233404670723984964e+00 1.542923946629150578e+01
1.329999999999999932e-02 1.001329999999996190e+01 1.557007242999653585e+01 2.056188400586512088e+01 2.470459887284263800e+01 2.584413670250824424e+01 2.998535520432369239e+01 3.020482143060606361e+01 2.301569927489812173e+01 2.301569782506813056e+01 3.329383524942615225e+01 3.219720734004290819e+01 2.551170300659261514e+01 1.678120912702614831e+01 1.308525733970964389e+01 1.814409189802675471e+01 2.684406392065053026e+01 3.003702417219309240e+01 2.004289478422199622e+01 1.283037663564044806e+01 1.549753567693318956e+01 5.001487048621856779e+00 1.445044204285544076e+01 8.172757174732762309e+00 1.850472801570428771e+01 2.715793979892730547e+01 3.077217390017469967e+01 2.065505455898410503e+01 1.346135167390325904e+01 1.726391213241356226e+01 2.309692691723437719e+01 2.729485195026204991e+01 2.581674530047871841e+01 1.956372274627533869e+01 9.335919528687062652e+00 1.755789075797986953e+01 1.956425908802751223e+01
1.369999999999999864e-02 1.427913562373095635e+00 1.142791516695472076e+01 1.056182415598142654e+01 2.056185263870273516e+01 1.584419622875537925e+01 2.421223707884877996e+01 3.246361648174563186e+01 3.329406927046740350e+01 3.329383626327982171e+01 3.738598703690141889e+01 3.305284605794759756e+01 2.381673343864696335e+01 2.365795202385612228e+01 1.521447159726738185e+01 2.365810439846121227e+01 3.085998942864215522e+01 2.965392472246478661e+01 2.555095530926519487e+01 1.655679769736745399e+01 6.090183849998591192e+00 1.549967072893046627e+01 1.951101740585850308e+01 1.850472801565530645e+01 1.290737791226382569e+01 2.010730899948586270e+01 3.009813305884241785e+01 2.631854705641495684e+01 1.621566968297845435e+01 2.631853282416515327e+01 3.159092292592833218e+01 2.799051688930596882e+01 2.163195591026921960e+01 1.149969569313784312e+01 1.956372274627533869e+01 2.374960519263058956e+01 2.391173506793571946e+01
1.319999999999999993e-02 1.001319999999996213e+01 3.490756054890684190e+00 1.349061405244137468e+01 1.734900644491438371e+01 1.007069351345720243e+01 2.007066222731580751e+01 2.246389593041235599e+01 2.953202893526796302e+01 3.400455898270322308e+01 3.978374674924000942e+01 3.721890836990944251e+01 2.869030156129020881e+01 1.997428023410615694e+01 1.790066202432156217e+01 2.632169195339858447e+01 3.251613250469284822e+01 2.266588819323933279e+01 1.576504008808290891e+01 1.731313165650450969e+01 6.898448262852545199e+00 1.303822747047219899e+01 2.309521429467358544e+01 2.714376080897410759e+01 1.802860717564300685e+01 2.714885320576330230e+01 3.137811151222392780e+01 2.125899357891008634e+01 2.335254121576985398e+01 3.051146491449430442e+01 3.033165503147542452e+01 2.380322875208233313e+01 1.373541917449457550e+01 2.163195591026921960e+01 2.581674530047614979e+01 2.942177952088091075e+01 2.523274109128778164e+01
1.349999999999999985e-02 1.001349999999996321e+01 1.349076077231118731e+01 5.726824032390477548e+00 7.349038243698105433e+00 1.734904758253162527e+01 1.315676051269950086e+01 1.539282849020048438e+01 1.986496444920524951e+01 2.563846766604945060e+01 3.563886043962738626e+01 3.543925509097982740e+01 2.589479347746700100e+01 2.361941399123617202e+01 2.248757022248246074e+01 3.035118259236423199e+01 3.251613257865454898e+01 2.266588819325060200e+01 2.093871709885141996e+01 1.098239756915475773e+01 7.724811935757437631e+00 1.805089385027755355e+01 2.704299582417725034e+01 3.213470813088092370e+01 2.803486676396692800e+01 3.213471414589895403e+01 3.557143564229786392e+01 2.576903171206550525e+01 3.347913732411555543e+01 3.329433652572632951e+01 2.317604991705094974e+01 1.609036384473484915e+01 2.380322875208233313e+01 2.380317892256789492e+01 3.117547494204266556e+01 2.088252845295826887e+01 1.466459427698476325e+01
1.369999999999999864e-02 7.084767811865485321e+00 1.708476781186555371e+01 1.572691357458826289e+01 1.734904758253164303e+01 1.269426309758456739e+01 2.269427443612116591e+01 2.539274692963372715e+01 1.986496444927178828e+01 2.693602878359532582e+01 3.693510694484481149e+01 3.971074918776412943e+01 3.543925509097982740e+01 2.865554123073938442e+01 3.156224736036540435e+01 3.577627263459023510e+01 3.664196125168014362e+01 3.251613257865454898e+01 2.489270119473965792e+01 1.807832841999941920e+01 7.724811935757437631e+00 1.513296847061264216e+01 2.521846439714868637e+01 3.079464941970042702e+01 3.490370466193712673e+01 3.986977815396068792e+01 4.010495818590520400e+01 3.294579658700612157e+01 4.010495818590520400e+01 3.513644277916127834e+01 2.789087188518247018e+01 1.783051256470275803e+01 2.492180525165148808e+01 3.390857353502973837e+01 3.531611218065462765e+01 2.942199849977716042e+01 2.523274108949830108e+01
1.379999999999999977e-02 1.001379999999996251e+01 1.432745854257144202e+01 1.847063245476658366e+01 2.424505430759761282e+01 2.269435107730165768e+01 1.976533506326287082e+01 2.976562126280209952e+01 2.693603056766858117e+01 2.618951989875422726e+01 3.326057044656866424e+01 4.325901284974012384e+01 4.289695929322073198e+01 3.857965615009866411e+01 3.969606279007231819e+01 3.473167332468036506e+01 3.060794347278984873e+01 2.711414145485289495e+01 2.089982648615842820e+01 1.080493827068947965e+01 8.586333728422472333e+00 1.885724166860036632e+01 2.545416235522812443e+01 2.081785563029915664e+01 2.582360118563817863e+01 3.286449652695641532e+01 4.276981676127102361e+01 4.308642677881790206e+01 3.812154447891702347e+01 2.796443363270755711e+01 2.082883778146705112e+01 2.159565115852022643e+01 3.171602682252403227e+01 3.924967413395770421e+01 3.575157716507885652e+01 3.030937146294237650e+01 2.584457730743227799e+01
1.309999999999999880e-02 2.145107163556106311e+00 4.327286065916038815e+00 1.010079026930173818e+01 2.010120547314060957e+01 2.671626712518866498e+01 2.976562126280217768e+01 3.390869487262019533e+01 3.693544264013427636e+01 3.618904642515447989e+01 4.032655386893326721e+01 4.025506365311692747e+01 3.786666062040572456e+01 4.201044301438775364e+01 3.556123797722618463e+01 2.565464896835352349e+01 2.072597907676400197e+01 1.721507907107528723e+01 1.402224878162114763e+01 1.974140222592488314e+01 9.514616359958404601e+00 1.974790716756482922e+01 1.544784624402838347e+01 2.546182882278134940e+01 3.006087422742388426e+01 3.404491115396223222e+01 3.884832076098909681e+01 4.721418513723607902e+01 4.136529799706260491e+01 3.333149106809261752e+01 2.318227265511953661e+01 3.171602777352431346e+01 2.874133248736402635e+01 3.889757746847626407e+01 3.146680039871944956e+01 2.035869493967522104e+01 1.461312889380608482e+01
1.349999999999999985e-02 1.001349999999996321e+01 1.432745854257144202e+01 8.106930801889125959e+00 1.257906653361491145e+01 1.835250218930978150e+01 2.542194955319363814e+01 3.539929508865576224e+01 3.630283125718322168e+01 4.044882662610103807e+01 4.025506365311692747e+01 3.024071432868447573e+01 2.784106738905889245e+01 3.622581963840695352e+01 3.969606279007231819e+01 3.473167332468036506e+01 2.901013698056731016e+01 1.904093685117290136e+01 2.108418544671573613e+01 2.375588864576682369e+01 1.674381386950642536e+01 1.084132829739161252e+01 2.098225829615176607e+01 2.510549958263172243e+01 2.029212614010201676e+01 2.526222673720795697e+01 3.485952171763980090e+01 4.303848591232155485e+01 3.288739608068471654e+01 2.700142371835741173e+01 3.333149106809261752e+01 3.752683990377731504e+01 3.889757745838038261e+01 4.308212024246595462e+01 3.575157716508969941e+01 3.030937146328784593e+01 2.531849140814264487e+01
1.369999999999999864e-02 7.084767800041224639e+00 1.708475176842943810e+01 8.106930801889125959e+00 1.257906863619855109e+01 1.835280089081905075e+01 2.837968794365412251e+01 3.465309325161189946e+01 2.625286817535446104e+01 3.465335085708770890e+01 3.171597340042534086e+01 2.755528660171815503e+01 2.196443362924336640e+01 2.914411975290031975e+01 3.916231658411645355e+01 3.609419653356153646e+01 2.607582343705842121e+01 2.622161721279092106e+01 3.098403098291658608e+01 3.017138395033102327e+01 2.472635397284491532e+01 2.073913842082275494e+01 1.221686990853953425e+01 1.529244761169462485e+01 2.521951061553124518e+01 3.404491115396224643e+01 3.884832076098909681e+01 4.545315245422068529e+01 3.531771951954199551e+01 3.288739608068471654e+01 3.531772301655031754e+01 4.545328183370720154e+01 3.984376831785339590e+01 3.534113442800312299e+01 3.121253779894817626e+01 2.797850963832926396e+01 2.146697183608144499e+01
1.290000000000000001e-02 1.001289999999996283e+01 1.884130165785016686e+01 1.810748328114340211e+01 2.225327710623255939e+01 2.675139887326347932e+01 3.261921802526471481e+01 3.050045021416813995e+01 2.036637648303142001e+01 2.788471539872661609e+01 2.370967444225405885e+01 1.738075318897011456e+01 2.755528660171815503e+01 3.505649077419735704e+01 3.920356300123529536e+01 4.026314426324965723e+01 3.609419653356153646e+01 3.689998768228998216e+01 3.469348429200190509e+01 2.744259563931578683e+01 1.747027766267206417e+01 1.515941477897183276e+01 1.335807690925989988e+01 2.332633303697412330e+01 2.886260275845381429e+01 3.320786757884744134e+01 3.733420193959506861e+01 4.231321175915280719e+01 4.545278678755980906e+01 4.007920297886071381e+01 4.545328183181332804e+01 4.277242226706545836e+01 3.283713220983392489e+01 2.560803054297508297e+01 2.098570835804726897e+01 1.779546577070177449e+01 1.505630489694704544e+01
1.359999999999999924e-02 4.494622734580516088e+00 1.165301693070577116e+01 2.184020496373031861e+01 2.926813829936802591e+01 3.193833723182750006e+01 3.474395871279696735e+01 2.667010143449982706e+01 1.650473639609403520e+01 2.370967438987635489e+01 1.353891982946807637e+01 2.370967326787584284e+01 2.682715174597178276e+01 2.497765000437606986e+01 3.065984474258903347e+01 4.068009741448847905e+01 4.399314429636670098e+01 3.713345591439165361e+01 2.794449869140563791e+01 2.098375192997883332e+01 2.741721691694707275e+01 2.022459103124474922e+01 2.335544013456854628e+01 1.494782968359127118e+01 2.492282463825992167e+01 2.322343553170525610e+01 2.823592369799532520e+01 3.527278886618046272e+01 4.520009645458112146e+01 5.018282690292858206e+01 4.149924016169139662e+01 3.723474052558775327e+01 3.984376923686080829e+01 3.534113442800282456e+01 3.121253779894817626e+01 2.797850963827875148e+01 2.515422745009702155e+01
1.379999999999999977e-02 1.001379999989924485e+01 1.872892208771996181e+01 2.016502331222719846e+01 2.016502495052437638e+01 2.220934635089323805e+01 2.505685607728319297e+01 2.328165314160301591e+01 1.312745594053145837e+01 1.895188880815301857e+01 1.123413765020607080e+01 1.383039294248783513e+01 1.664402911165108634e+01 2.051949222179152343e+01 2.772168074051936060e+01 3.775320012498570321e+01 4.010413592469017630e+01 3.074886567042510066e+01 2.510157665103193025e+01 3.078315639076216570e+01 2.972204942152265161e+01 3.000936884608763577e+01 2.608014026994805690e+01 1.628540931803889436e+01 1.787347733415235496e+01 2.787089773504226997e+01 3.480299053633225981e+01 3.892570556606720089e+01 4.466324598109327582e+01 4.528385684055782434e+01 3.723426750488921044e+01 2.696066801878598085e+01 2.997007736037651782e+01 3.130454807917225324e+01 3.555863274498046422e+01 2.763690547832930733e+01 2.251753494986776616e+01
1.349999999999999985e-02 1.001349999998475226e+01 1.398647670406327137e+01 1.118281088732386763e+01 2.013845425959947377e+01 1.516232166765024481e+01 2.027763347542542860e+01 1.609299987231856832e+01 1.690914784588556685e+01 8.840860087844538029e+00 1.895184254407151059e+01 2.400283823032902220e+01 2.682715174597178276e+01 3.065984474260802628e+01 3.480935478348088452e+01 3.595431830613848945e+01 4.023396193451063851e+01 3.470286825838205402e+01 2.510157665103193025e+01 3.470286825838205402e+01 3.903302471051449629e+01 3.332589063618479486e+01 2.334474756103812609e+01 1.628540931803889436e+01 2.626811868993347687e+01 2.165200763665862027e+01 2.483125932142801062e+01 3.060919958568299393e+01 4.053181551308044561e+01 4.105020235337217116e+01 3.073367907043166269e+01 2.484334026234862236e+01 1.982149201931620297e+01 2.113131220788141107e+01 2.967052713655065688e+01 2.251753495028835061e+01 1.007276682186138217e+01
1.359999999999999924e-02 1.001357453880601334e+01 5.141935516706948484e+00 1.201591707311859736e+01 1.555125002773210952e+01 1.066714128762192537e+01 1.495029693351300359e+01 6.011940423927492283e+00 6.820392133714758387e+00 1.690911842767586037e+01 2.201056311092015605e+01 2.802906338913397732e+01 2.689941212316018238e+01 3.120712267739207135e+01 3.419426377637410752e+01 2.543978324904832888e+01 3.419426377637410752e+01 3.858619032354324219e+01 3.074886580443272521e+01 3.858619032354324219e+01 4.048586699206160944e+01 3.055236972148716035e+01 2.347716335134749954e+01 1.769368216830712370e+01 2.769718662294289757e+01 3.164965136806757684e+01 3.164965225092272405e+01 3.189668008286531986e+01 4.181944464955886787e+01 4.201459837235468342e+01 3.169745759223262027e+01 2.447484311898704590e+01 1.868367761428216056e+01 1.540295800340521204e+01 2.253627426485405039e+01 2.470097425178921213e+01 1.980245456045134489e+01
1.290000000000000001e-02 6.933138174397706077e-01 1.375308156910242552e+00 2.072041171201843834e+00 1.214074532720486133e+01 1.365133377306877804e+01 4.879663587335294039e+00 1.494967158971478227e+01 1.685656167332824040e+01 8.234606744428655034e+00 1.524152616387809545e+01 1.962496407095057194e+01 1.675476615904304012e+01 2.689941212316018238e+01 2.988374866052342682e+01 1.936083600329630627e+01 2.988374866052342682e+01 3.847049485672916802e+01 4.010415100767804120e+01 4.399308916175915840e+01 4.035013959713021592e+01 3.177988981396915236e+01 2.177918269411219399e+01 1.944918083043773649e+01 2.628989872569868069e+01 3.539300974283580103e+01 4.159488230829696676e+01 4.181944464955886787e+01 4.595473104926907837e+01 4.335322115180704827e+01 3.303621249208218558e+01 2.580021756946853273e+01 2.880465083355437628e+01 2.253627426485405039e+01 1.259590518863536879e+01 2.115111402945725061e+01 1.130234447087498317e+01
