output/example/elevation_000087.asc
nrows	75
cellsize	13.33333333
xllcorner	0
ncols	75
yllcorner	0
NODATA_value	-9999
[rows 17 to 33 of 75, columns 0 to 36 of 75]
1.309999999999999880e-02 1.001309999999996236e+01 8.740430844040377067e+00 1.440495349305632722e+01 2.435824242617838564e+01 2.961300572085648852e+01 3.072707528205237182e+01 3.487667217068261749e+01 2.821551266351686849e+01 1.865284478776639432e+01 1.937416061323842342e+01 2.105883795181730278e+01 1.697374641479374802e+01 7.938602713636433883e+00 1.795201831701387007e+01 1.118052309324759008e+01 2.198311176383499088e+01 3.027037906104491327e+01 2.224955535077769397e+01 3.079290580204846250e+01 2.816211831503068908e+01 3.510179369584655973e+01 3.581366541036592110e+01 3.826889505941470304e+01 4.237117613753143530e+01 4.221892573765786238e+01 3.212856383853161191e+01 2.505330619834661832e+01 1.927835457800415142e+01 2.625836215089568526e+01 1.825468274555055004e+01 2.826066001161445485e+01 3.331342017596229255e+01 3.685333061092620710e+01 4.101241314567071328e+01 4.605359791716008289e+01 5.185239108106301842e+01
1.379999999999999977e-02 5.946968095153088107e+00 1.522765426970045510e+01 2.276031450056514416e+01 2.534905175236834296e+01 1.961315042835124700e+01 2.607754798313903422e+01 3.021902935689929848e+01 3.208907637589148010e+01 2.548531142183859544e+01 2.891087757341315267e+01 2.758594122637962798e+01 1.791902653985101068e+01 1.794561119522248305e+01 8.960159159981998300e+00 9.759540794737551650e+00 1.977737073005132373e+01 2.500495645427536573e+01 1.623135111288928556e+01 2.407499029192133833e+01 2.119273823499598564e+01 2.873416176373006081e+01 3.135855686424115873e+01 2.849620106321531310e+01 3.826889505941492331e+01 4.460920896537215441e+01 3.454111481441314169e+01 2.744857921218571306e+01 2.187680139713084060e+01 3.164726878893304018e+01 2.826065752834120204e+01 2.057400257018835532e+01 2.334792333452392654e+01 2.684095211892702437e+01 3.179497416855596725e+01 4.191168723720200262e+01 4.786511267175146145e+01
1.379999999999999977e-02 1.001379999999996251e+01 1.834509208296159954e+01 2.134541045993292485e+01 1.534928156909864860e+01 1.254232385595456378e+01 1.607762194560121571e+01 2.185111579056434650e+01 3.185096172556840699e+01 3.480680152918682069e+01 3.264375247076784348e+01 2.859423058538320817e+01 2.208333460107026269e+01 1.208584310408936879e+01 1.900201132627329770e+01 1.977737069456848928e+01 1.090229742340343222e+01 2.092080359577071036e+01 1.207171769272713391e+01 1.411481043382970668e+01 1.644847638474243467e+01 1.888267099899156420e+01 2.153896955060002583e+01 3.135855686424115873e+01 4.109366139314297328e+01 4.186170683218049504e+01 3.172037694796912888e+01 2.594230250692127981e+01 3.189791569835740503e+01 3.445693933237257056e+01 2.448284012264410237e+01 2.358677571752667745e+01 3.331341998865988785e+01 3.331342023722623935e+01 4.101241314556992990e+01 4.605359791713538442e+01 5.185239108136482855e+01
1.290000000000000001e-02 1.001289999999996283e+01 3.958129495561313327e+00 1.190401345087637885e+01 8.282262832507994332e+00 1.827814683918395389e+01 2.607754798313903422e+01 3.021902935689929848e+01 3.599203576001302451e+01 3.550873873503370248e+01 2.574410990309299407e+01 1.875268587387549246e+01 1.556835333125695442e+01 2.208421141920714348e+01 2.614453434608694948e+01 2.500489712831059208e+01 2.092080198605644625e+01 1.207171769272713391e+01 2.208241318445772094e+01 2.357711424316973847e+01 2.634446141016737286e+01 2.873416139316378448e+01 3.135855686424115873e+01 2.722961608958500435e+01 3.699879485313816474e+01 4.599078079259634677e+01 3.958761151314154603e+01 2.945902405275414893e+01 3.958761151314154603e+01 3.749122044753694638e+01 2.746091274339799782e+01 3.355503055671836421e+01 2.824622328838517049e+01 3.828945682916530302e+01 4.750331448278726754e+01 4.810162682908833887e+01 4.393069028822150557e+01
1.290000000000000001e-02 1.510339434233342271e+00 3.074665352523485939e+00 4.659224058579101602e+00 6.869216979566038717e+00 1.686282215033211784e+01 2.296524069333815277e+01 2.710747318814354401e+01 3.210753004926556997e+01 3.550873827167530550e+01 2.574410990299901059e+01 2.860410333401540228e+01 2.005408817087679907e+01 2.950597553992720989e+01 2.925001102740149150e+01 2.208322755160433104e+01 1.207171769272713391e+01 2.208241130653268769e+01 1.360288922438911996e+01 1.360288922438911996e+01 2.357711087834796615e+01 2.795678585772177627e+01 3.759461224385055544e+01 3.699879485314166772e+01 3.699879485314166772e+01 4.682665038602078766e+01 4.373386102573052625e+01 3.529285297707949809e+01 4.373386102573051204e+01 4.086108206853871394e+01 3.075149720553342547e+01 4.086108206853871394e+01 3.199345375101952627e+01 4.211514392058002443e+01 4.984429268595437890e+01 4.393069028822150557e+01 3.376936389329097210e+01
1.309999999999999880e-02 1.001309999986642651e+01 1.304719450094402866e+01 1.169988908694788776e+01 1.686282215032091258e+01 1.029310307766635724e+01 1.296525643897089353e+01 1.796523359799471820e+01 2.503630174780505513e+01 3.503634904402468919e+01 3.265847557664864098e+01 3.386570267552333746e+01 2.575701692095001505e+01 3.273590000405571487e+01 2.515828716676647758e+01 1.521519337097124414e+01 2.208322755160433104e+01 2.604427402484755660e+01 2.357711402829015057e+01 1.360288922438911996e+01 1.812086308591209871e+01 2.511646935154493931e+01 3.481396569234648553e+01 3.713221462590620092e+01 4.113280001894161586e+01 4.172610354414666034e+01 4.572285338138925681e+01 4.545436077652232854e+01 4.955729516222040587e+01 4.501254556756726544e+01 3.577481242385638893e+01 4.501254556756726544e+01 3.703781415726772508e+01 4.625672002913159986e+01 4.568043358626507455e+01 3.547739602729985364e+01 3.043677819870252321e+01
1.349999999999999985e-02 7.084567837219974962e+00 1.708458520000323233e+01 2.169774169715504186e+01 2.443484313700774990e+01 2.029263248239485051e+01 2.003630150884195515e+01 1.928978890500707877e+01 2.636085778065170970e+01 3.636092018289661354e+01 4.238988112633465732e+01 3.947813083554105162e+01 3.546846190312844271e+01 2.866439264288015920e+01 1.877438725484000059e+01 2.515828527359354183e+01 2.924975445172261956e+01 3.198634243025762203e+01 2.230077005312012872e+01 1.526422071600474339e+01 1.588485672172675756e+01 2.579371299189773126e+01 2.973164988470913528e+01 2.741261344866826732e+01 3.382219607918862181e+01 3.204583341365506755e+01 3.993423209974175592e+01 4.393218077750623962e+01 4.875959316576238223e+01 5.006482958735351474e+01 4.594735171322101053e+01 5.006482958735677613e+01 4.425470173757571501e+01 5.129883146934567151e+01 4.984429268595437890e+01 4.476482765998489555e+01 4.057891480677866980e+01
1.349999999999999985e-02 1.001349999999996321e+01 1.545969434508521623e+01 1.862199176333207973e+01 2.276418638378419246e+01 2.723634994838950973e+01 3.003632539589937167e+01 2.928980824598061616e+01 3.343211262985883536e+01 3.355289394460434949e+01 3.769947393423760928e+01 4.189046943826439673e+01 3.200395455870437189e+01 2.504262550477353955e+01 2.866552138690522611e+01 2.408088941710492747e+01 3.399337237861153938e+01 3.252752561119471153e+01 2.271117495235786876e+01 1.697947783647473941e+01 2.574614279343803958e+01 1.822594100528115746e+01 1.991155824217882042e+01 2.172217140153276205e+01 2.405735391369934106e+01 2.680106529355827405e+01 3.026850010299110494e+01 3.510601690205594139e+01 4.476245496796281031e+01 5.325358760252370161e+01 5.325358306531354913e+01 5.737982853401614136e+01 5.428504882862247172e+01 5.134744920718826933e+01 4.706290978924302948e+01 4.299735530788795757e+01 3.984853769508825394e+01
1.359999999999999924e-02 2.686212419124241357e+00 5.459713400250381987e+00 8.621991060418750408e+00 1.309412701541914181e+01 2.016519486275201345e+01 3.016520625122360499e+01 3.235186316314247534e+01 2.820667050126636255e+01 2.355102572554957518e+01 3.192339414032420564e+01 3.899851765113498203e+01 3.902965556617009923e+01 3.489964201307536484e+01 3.816117811985549935e+01 2.979596483313262212e+01 3.816213094611555334e+01 3.659536945245930895e+01 3.092819561880725843e+01 2.685762131023510335e+01 1.960136955412714244e+01 2.807175943208455493e+01 2.561313767242756256e+01 3.152060027657115171e+01 2.699465843299544687e+01 3.651687858676002207e+01 3.474387021593601332e+01 4.393218077750241690e+01 4.875917160414650908e+01 4.272054092658196112e+01 4.272054092140445647e+01 5.325358306531354913e+01 5.426969917770649232e+01 4.433110141181117569e+01 3.733727474911644606e+01 3.303997448772548040e+01 3.004224633231706676e+01
1.369999999999999864e-02 1.001369999999996274e+01 1.545970566374562871e+01 1.862199202647980201e+01 2.276418638378419246e+01 2.723634994838950973e+01 2.933999357896533411e+01 2.519706635546863183e+01 1.822494322437386316e+01 1.779819912080835209e+01 2.484827062951345411e+01 3.119734260557696004e+01 3.533375866963744016e+01 3.607869584457148449e+01 4.021798995721483294e+01 3.993556607344421394e+01 4.411801678664514270e+01 3.948660073778631840e+01 3.213144032053818222e+01 2.235107987961578502e+01 2.942235318563962565e+01 3.344763286374531219e+01 3.535766549500601030e+01 3.936150638949257541e+01 3.136832059710941323e+01 4.070626588895580511e+01 4.440587562173256231e+01 4.840158684816521628e+01 4.580559887141086506e+01 3.521444404800157457e+01 4.540705438661857585e+01 4.540691271464920220e+01 5.577044317756986658e+01 5.134744920718739536e+01 4.706290978924302948e+01 4.299735530788795757e+01 3.984853769508825394e+01
1.290000000000000001e-02 7.083967816677995799e+00 1.708397196186935929e+01 2.080301385559847915e+01 2.108256562935698142e+01 2.162678300308849799e+01 2.312972500827743261e+01 1.523068695495026148e+01 1.249137923985671073e+01 2.125893202471122478e+01 2.326872754322530668e+01 2.121448090615279014e+01 2.793142480185743892e+01 2.610038580488982163e+01 3.583903473830798703e+01 4.082797257116185108e+01 4.289202387899579350e+01 3.325838815120709313e+01 2.638223550880019630e+01 3.213144032053829591e+01 2.656002389323759161e+01 3.344159571379315565e+01 4.310899908856568885e+01 4.501658371178438500e+01 3.820891055353781951e+01 4.501661971385394168e+01 4.938390958804372843e+01 4.518285144487702354e+01 4.206106130569105517e+01 3.166994935106519549e+01 3.492094322155445951e+01 4.540706270298983327e+01 4.889379443576211060e+01 5.317387924404464883e+01 4.763678421932176832e+01 4.277786055201368498e+01 3.870840766439906133e+01
1.379999999999999977e-02 1.001379999999996251e+01 1.787882076219300487e+01 1.081394806508802553e+01 1.181927957876440161e+01 1.003812492124814604e+01 1.738522150924609022e+01 9.488370389989995601e+00 9.488370389989995601e+00 1.131252497559519554e+01 1.333636255538438320e+01 1.544972873153528248e+01 1.794066657238173690e+01 2.172432842696057165e+01 2.671712548104548191e+01 3.668889560071705347e+01 4.289202631565824220e+01 3.325838815644367941e+01 3.200839397793685492e+01 4.007419482492001350e+01 3.627311594307728626e+01 3.177457558997451414e+01 3.735089563752313069e+01 4.702329216098971187e+01 4.784190781339497534e+01 4.858573125062506648e+01 4.341333030382750735e+01 3.475918337667304314e+01 3.877509018734745183e+01 2.860912035231057615e+01 3.810206378666574523e+01 4.138763259354398372e+01 3.827847855712984426e+01 4.889379443576211060e+01 4.352314260716171646e+01 3.389367272163637068e+01 2.944195288552812073e+01
1.359999999999999924e-02 1.001359999999996298e+01 1.214470954664911240e+01 3.752852517252728060e+00 4.915043728927986244e+00 6.113667793432675523e+00 7.488329335912671247e+00 1.746390452500639867e+01 9.488370389989995601e+00 1.944297465905984623e+01 1.770204777899993331e+01 2.217373163974353290e+01 2.793142480185743892e+01 2.610038495624541000e+01 3.583903473830798703e+01 4.082797257116185108e+01 4.689092766171503968e+01 4.289202510760545550e+01 4.164193890549828581e+01 4.563910057575289159e+01 4.545244946697005162e+01 4.143893140225890903e+01 4.545244946704054456e+01 5.104169483464875157e+01 5.174223780640588188e+01 4.132072256768755381e+01 3.395640011854568741e+01 2.899851977982906703e+01 3.437234759783768112e+01 2.631376158984256719e+01 2.796828859873054540e+01 3.102124691207071550e+01 3.827847855574451330e+01 4.889379230319576664e+01 4.763678421932176832e+01 4.277786055201368498e+01 3.870840766439906133e+01
1.359999999999999924e-02 1.079603276916470511e+00 2.151711914278967797e+00 1.214467350079825714e+01 1.489607507473771086e+01 1.564248511450584722e+01 1.018294205664378360e+01 1.986663087208134471e+01 1.944297465909992795e+01 2.357989346277517839e+01 2.729490037161952287e+01 2.670006274367104027e+01 3.522583404439308907e+01 3.607861781353543762e+01 4.021702034115045876e+01 4.958381719580866331e+01 4.787073480286762361e+01 4.283333224414736407e+01 3.866025714204843666e+01 4.283333457620914686e+01 4.031239471778722105e+01 3.605195604335916926e+01 3.739196018699359314e+01 4.164970323756459436e+01 4.977092128426948392e+01 4.377347760859562698e+01 3.949522820837259474e+01 3.437234759779281035e+01 2.449854012557080907e+01 2.409841628727780005e+01 3.401426347323837263e+01 4.138763259354398372e+01 4.572617890057445322e+01 4.337028425868086146e+01 3.902310647524011955e+01 3.764732025051129938e+01 4.200021084596698984e+01
1.319999999999999993e-02 1.001319999999996213e+01 9.217966884232065894e+00 9.210518554274910841e+00 1.901414148685815420e+01 1.920824461565780439e+01 1.986663087208134471e+01 1.538255200104786624e+01 2.073827632357116002e+01 2.702065260865506957e+01 3.578302523414570402e+01 3.655949841886225471e+01 3.963346041048031765e+01 3.551184581328632817e+01 3.551184551610679563e+01 4.536462240397872847e+01 4.262492311737217676e+01 3.366284621607833571e+01 2.866543500740717931e+01 3.782422362082613887e+01 3.444448091351284091e+01 2.593889496690819740e+01 2.723963217249521307e+01 3.739196203167774257e+01 4.552653701857209256e+01 3.507999940903014391e+01 2.930123290801320124e+01 3.153707670765117754e+01 2.173805860589804340e+01 3.153756395480146324e+01 3.825544917189016303e+01 4.475583330274807992e+01 4.562559717825365624e+01 3.902311061238343370e+01 2.869148457018635767e+01 2.737662487631179431e+01 3.171753730279784023e+01
1.019999999999999900e-02 1.001019999999996202e+01 1.921051803241101652e+01 1.912875409656930259e+01 2.320592391956796874e+01 2.779794405919122369e+01 2.822773266992420105e+01 2.417664698366775866e+01 2.832205587272790837e+01 3.197226491298286177e+01 3.218938650975517390e+01 3.422265928136393143e+01 3.082799225032392698e+01 2.557589152297205004e+01 3.132600840080309013e+01 4.122980378131502022e+01 3.844764995168120691e+01 2.845944209545373482e+01 2.366532706600894898e+01 3.343904572321931568e+01 3.021317828074415246e+01 2.060171544885997363e+01 3.021317814638764787e+01 3.800834863433795618e+01 4.315496867657169844e+01 4.224434609609534874e+01 3.360979943667642544e+01 2.373503342551839168e+01 2.027011301398929177e+01 3.012294549929894316e+01 3.043440870302236334e+01 3.765016990357133153e+01 3.512588682552895847e+01 3.512588695018068563e+01 3.171752877838730811e+01 2.167071409598498022e+01 2.167071409598498022e+01
7.249999999999999500e-03 7.078317811865485254e+00 1.707831781186583342e+01 2.100383000549492962e+01 2.221776958340847585e+01 2.217953338513052586e+01 2.632157112663446696e+01 2.657670880880789355e+01 2.738921315670411971e+01 2.110091143569896133e+01 2.220688501196449138e+01 2.426169666126783042e+01 2.083534930476776026e+01 3.082799225033732071e+01 3.963343130889852262e+01 4.204583864382514946e+01 3.623342417771026192e+01 3.029230596923792262e+01 2.038711346171104921e+01 2.764921757850459016e+01 2.717376518620185166e+01 2.060171544885997363e+01 2.375369778836575918e+01 2.859874218550958602e+01 3.889326314464010892e+01 3.795755921652935427e+01 2.783837457837502782e+01 2.225352688252829125e+01 1.888154361213484833e+01 2.712242424459986623e+01 2.345283973017102852e+01 3.342012166053876143e+01 3.512588674023704982e+01 2.494717478130994692e+01 2.868830346138947007e+01 2.167071409598498022e+01 3.171753267904641049e+01
