output/example/elevation_000031.asc
nrows	75
cellsize	13.33333333
xllcorner	0
ncols	75
yllcorner	0
NODATA_value	-9999
[rows 17 to 33 of 75, columns 0 to 36 of 75]
1.309999999999999880e-02 1.001309959484860990e+01 7.974356795352753657e+00 1.381282327687044109e+01 1.451532813198831917e+01 1.706951884214400295e+01 1.103102665740219734e+01 2.114274439805488726e+01 2.904950508528329323e+01 1.832525838639993765e+01 1.132598700523657520e+01 1.542621557155308309e+01 6.364976885354226788e+00 9.903071638246309760e+00 1.994388463503889497e+01 2.437039131369892786e+01 2.844540289531417798e+01 3.356955362579408586e+01 2.395069033424036675e+01 2.571578463582926233e+01 1.866964478112570802e+01 2.835071881121225346e+01 2.165558363847866730e+01 2.473733008992465443e+01 2.810194844449841511e+01 3.352275221976258734e+01 4.319424511910612807e+01 4.943354820619598655e+01 5.352819899394997805e+01 4.997993924939170540e+01 4.874281147749867671e+01 4.259203589549954216e+01 3.367654978956156242e+01 3.367654978956157663e+01 4.425900087124356475e+01 4.717183767587209076e+01 4.284441138746046107e+01
1.379999999999999977e-02 1.001379999998641779e+01 1.557288876775175623e+01 1.183354334809387964e+01 2.025099760188152942e+01 2.523106707154487083e+01 2.114274439903028480e+01 1.639509061575738968e+01 2.634106050671469035e+01 2.492875694965747968e+01 2.061890735885780046e+01 1.639647967219610436e+01 6.364976885354226788e+00 1.639633612000140417e+01 1.754959574668804123e+01 1.472433009766864842e+01 2.437039143689514020e+01 2.763134412003068263e+01 2.361516241162136964e+01 1.597346570469489180e+01 2.571578463582926233e+01 3.236193788543209848e+01 3.124090950060321248e+01 2.948098484517059248e+01 3.761040487377029251e+01 4.169406279473484034e+01 4.733150616750165796e+01 5.260819833333862761e+01 4.952090338013110227e+01 5.260819833344297791e+01 4.425900087124341553e+01 3.367654978956157663e+01 2.778242029180314532e+01 3.423093794481804508e+01 3.863399995490917149e+01 3.650857148295646937e+01 4.408048783217817856e+01
1.379999999999999977e-02 2.061233463617661243e+00 1.212651236660500587e+01 1.925770280729804185e+01 1.627480423590685277e+01 2.505517973229160233e+01 3.030998904957362683e+01 2.220266491469911330e+01 3.030998904957362683e+01 2.813076291998917000e+01 1.955125335839383283e+01 9.693360734308843263e+00 1.196728834736660829e+01 7.394527106900361524e+00 8.137437530549828324e+00 1.754959591236344352e+01 2.302906286078069442e+01 2.163142611768898504e+01 1.389703081189937883e+01 2.361509377126173703e+01 2.038982686661080024e+01 3.002454439589589441e+01 3.918934048465099096e+01 3.907167620302185895e+01 4.316399083729651664e+01 4.835264880240022478e+01 4.402689790850984508e+01 4.225311257082270799e+01 3.924269504913044671e+01 4.225311257082631755e+01 4.464156169148985498e+01 4.164601876897234689e+01 3.115951090132038459e+01 2.400817131500450330e+01 3.423093792782931644e+01 2.921428166389051384e+01 3.882449102254751949e+01
1.290000000000000001e-02 1.001289999999996283e+01 5.192925594033646952e+00 1.401855987254995384e+01 2.465531742225298117e+01 2.232478047037729851e+01 3.164694666109889809e+01 2.914176695189366129e+01 3.330876610513327307e+01 2.381132386418367730e+01 1.340584945755681368e+01 1.955125335839383283e+01 1.164362074650896517e+01 1.215534584036054788e+01 1.688545886886902991e+01 9.182211791137476098e+00 1.861198079774574410e+01 1.204468258364585154e+01 2.163142611768898504e+01 2.763098487616499455e+01 3.002454439589589441e+01 2.557585192114829908e+01 3.106733417538206510e+01 3.781646733241657188e+01 4.761815723232852093e+01 4.402681916763374659e+01 3.387405071334835327e+01 3.684777208042930141e+01 3.214064648385927825e+01 4.171888812846322736e+01 3.447472375019420099e+01 4.171888816933370236e+01 3.194505786529181179e+01 2.179282924340931515e+01 2.895129488166554665e+01 2.418635468890837004e+01 3.442302577748442616e+01
1.290000000000000001e-02 1.001289999999996283e+01 7.665365149853920812e+00 1.775957198987173769e+01 2.568152559957847458e+01 3.164694666109889809e+01 3.567777791946669907e+01 3.850180964230735015e+01 2.915009720591734776e+01 1.851817313602633774e+01 2.381132386418367730e+01 2.448266911365486820e+01 1.590969490682060616e+01 1.909165135995717932e+01 1.971314879337143111e+01 1.041271884226375732e+01 1.035673680576102029e+01 1.975261317584601173e+01 2.564857526754225248e+01 3.081462981638108900e+01 3.470008174008739843e+01 3.513314418023298202e+01 3.918930380591791618e+01 4.140117503200994520e+01 4.542922387507459092e+01 4.437228971146802081e+01 3.684777208042930141e+01 2.679426221334284364e+01 3.684777208042586238e+01 3.718988463210060047e+01 2.739692159881709443e+01 3.718988463682978818e+01 3.631604194974813993e+01 2.895123504550926441e+01 1.886732028075062928e+01 2.895129488065055412e+01 3.749800398738040030e+01
1.309999999999999880e-02 1.001309999999996236e+01 1.775957198987173769e+01 1.150241031713123263e+01 2.155410770435987544e+01 2.952766582390479044e+01 3.360796789940629026e+01 3.917795944952575127e+01 3.346711242897183780e+01 2.470165315014647689e+01 3.346711242897183780e+01 2.874034015662747876e+01 2.475712109608516087e+01 2.226383015255881759e+01 1.213602054026145360e+01 1.893664001739187697e+01 1.142573796234259476e+01 2.085939274936336574e+01 2.399617779371803650e+01 2.135477110806248646e+01 3.070380990783250397e+01 3.191350974761314063e+01 3.485066264252220947e+01 3.213735205704127651e+01 4.140117495749927201e+01 4.007811079228378759e+01 2.998693774644865329e+01 2.422799962464435097e+01 3.099976646347248987e+01 2.914984355079224088e+01 2.294659456918877893e+01 3.295552059094602271e+01 3.446115685829382613e+01 2.422072776089285640e+01 1.716365656724853395e+01 2.290994995796560119e+01 3.311211415175767314e+01
1.349999999999999985e-02 7.084567811865461806e+00 1.708456781186539075e+01 2.155410770435987544e+01 1.601959326429015817e+01 1.957999732292036654e+01 2.535125827495227213e+01 3.516637284063033775e+01 3.951438477915211678e+01 3.522678479338065216e+01 3.757804691894310878e+01 3.204571379458695901e+01 2.804779289635237305e+01 2.307552889857448974e+01 1.342130773247364317e+01 2.285107472563917241e+01 2.085943938920342688e+01 1.303333830505313706e+01 1.432724424908898442e+01 2.174052646444536308e+01 2.787936032892542215e+01 2.269660978052391087e+01 2.564476855871565775e+01 3.213735205651548199e+01 4.140117338760460797e+01 4.239684153955570167e+01 3.215763398173059784e+01 2.506369176702928314e+01 2.101064695223845291e+01 1.916819588718657030e+01 1.963945666867122597e+01 2.961947191228463794e+01 3.284811124551416128e+01 2.264280117403283299e+01 1.559689087117386386e+01 2.563152197514753183e+01 3.414176365252153289e+01
1.349999999999999985e-02 1.001349999999996321e+01 1.769126952966358601e+01 2.216340548466337523e+01 2.601796777532069527e+01 2.952766582390479044e+01 3.360796789940629026e+01 3.357424201808365893e+01 3.327339984330505018e+01 3.764451878982522715e+01 3.354077122071321782e+01 2.402665367804629071e+01 1.843184850372224659e+01 1.547098620262551627e+01 2.307552889857462119e+01 2.707832037134078362e+01 2.544668610487618565e+01 1.697139009140958166e+01 2.382771896322294580e+01 1.643486874918268725e+01 1.889418688057929074e+01 2.850470468337761076e+01 3.190170603188725451e+01 3.310510492766547230e+01 4.235237282662482272e+01 4.546621089244965930e+01 3.515662844144102195e+01 3.511786832413286419e+01 2.804833245364975625e+01 2.658768611681156457e+01 1.664813610204119243e+01 2.457700488861803478e+01 2.649071696441863821e+01 2.218801271110148576e+01 1.410500221463584936e+01 1.921718889974690114e+01 2.973309088893468655e+01
1.359999999999999924e-02 3.549133905932734034e+00 8.021269860932328299e+00 1.509233767279782690e+01 2.509233767279789262e+01 2.619986402470785336e+01 2.812980682288553780e+01 2.307989660516041752e+01 2.304943223104975303e+01 3.323092513604620990e+01 3.406836706218951605e+01 2.454900346918305587e+01 2.514847670647984401e+01 1.547098620262551627e+01 2.514847670157557502e+01 3.181209782139398001e+01 2.883836944560470528e+01 2.163984370772817201e+01 2.620381406729254437e+01 1.643486874918268725e+01 1.643486874918268725e+01 2.681054140178170186e+01 3.573071862335454085e+01 4.079751336606848611e+01 4.637869538479523612e+01 4.428519617176043965e+01 4.005918703348238807e+01 4.228747856284978468e+01 3.370392754776936783e+01 2.367484329162335399e+01 2.457700488861877375e+01 1.462614167359666162e+01 2.208334841532087722e+01 1.212379100794534281e+01 2.152235032495380906e+01 2.565162619234212471e+01 3.326278146463130980e+01
1.369999999999999864e-02 1.001369999999996274e+01 1.769126952966358601e+01 2.216340548466317983e+01 2.322946122997650420e+01 1.611356695126054817e+01 1.828569191293677676e+01 1.593384813040776926e+01 2.301766955843173079e+01 3.284562977255425409e+01 3.811067984977518108e+01 3.125388411876863159e+01 2.914322810452377865e+01 2.234666347606798453e+01 1.824542321273185408e+01 2.782670996932676744e+01 3.282630990243352898e+01 2.717310977654350168e+01 2.993018147009808416e+01 1.973738906865509790e+01 2.371442334886748071e+01 2.105415276392584545e+01 2.654364524057510621e+01 3.783530460343275337e+01 4.350095803903521841e+01 3.846150666621579006e+01 3.002013812771891565e+01 3.846151061191270060e+01 3.797011444159501536e+01 3.370766487235415099e+01 2.876542538547373340e+01 2.262616036438100764e+01 1.082334460235797025e+01 1.212379100794534281e+01 2.206349918365270568e+01 3.034862606395612517e+01 3.466196093621408636e+01
1.290000000000000001e-02 9.791498724731313885e+00 1.826213816627578979e+01 2.022085902068875285e+01 1.621360546035039718e+01 9.016715174360445673e+00 1.120266726121684542e+01 1.475005294062014904e+01 1.924260158497765971e+01 2.504296325008618140e+01 3.506980878613298103e+01 4.086312995526393621e+01 3.593979272398827618e+01 3.001617963544918766e+01 2.034280352129179192e+01 2.662725226605742535e+01 3.450061919012134837e+01 3.426697400338208155e+01 3.459282988039318241e+01 2.393029331568351381e+01 3.427199055165115027e+01 2.722971512049564780e+01 3.628025166610993324e+01 4.231935438857318132e+01 3.927904715541755820e+01 2.924723150049774389e+01 2.426142046675796848e+01 2.999839219475585850e+01 3.212284712466323811e+01 3.631329898739211615e+01 3.265793765853270259e+01 2.262615999671134404e+01 2.074838974383425949e+01 1.082334460235797025e+01 2.069496781030887433e+01 1.959045215990717281e+01 3.023005012175159223e+01
1.379999999999999977e-02 1.001379999999996251e+01 9.204875795902031754e+00 1.356575982550018189e+01 6.185804678634085896e+00 1.621360546035039718e+01 2.125897974613515018e+01 2.479158496269562306e+01 2.894456961049311872e+01 3.343149014074545988e+01 3.921871763402343447e+01 4.310809195213460043e+01 3.326690344840361035e+01 2.645197313910852799e+01 2.894390355607356824e+01 2.425223590439263788e+01 3.004324730852571079e+01 3.663474172580076527e+01 4.010186391220243962e+01 3.054607897330124189e+01 4.024290122227686339e+01 3.813612916349745063e+01 4.263420371905759509e+01 5.005694597342650809e+01 4.350087045253012974e+01 3.846145628777016157e+01 2.999839219475450847e+01 2.002186879448219869e+01 2.213347589032037988e+01 3.052441044893150845e+01 3.396715943185967745e+01 2.391178072127256726e+01 1.982655036577083152e+01 9.960316461311638392e+00 1.218227352623241799e+01 1.958410603817193874e+01 3.060906510889556742e+01
1.359999999999999924e-02 1.176076408618983882e+00 2.346488227383150882e+00 3.559169585557795834e+00 1.355849340578354401e+01 1.597840584208079306e+01 2.600657161575589527e+01 3.197589566133380146e+01 3.308116590875715701e+01 3.727953852980511584e+01 3.705900261938616325e+01 4.126454900341669685e+01 4.026475809892549762e+01 3.614932082621132992e+01 3.064530402851339375e+01 3.427615462712138594e+01 3.109194961252437395e+01 4.087301122721606816e+01 4.640464244938839045e+01 4.326063608923811188e+01 4.611325764465983923e+01 4.252864511126183800e+01 4.657040430099434047e+01 3.984652893126650497e+01 4.700232594129845864e+01 3.969709765080017405e+01 3.418002757417280435e+01 2.635548095348028141e+01 1.639545186899497509e+01 2.328174926743209383e+01 2.744122128333201260e+01 2.391229758701259200e+01 1.396111513398247439e+01 8.737429270170707696e+00 1.893109949603839937e+01 2.139728241673601872e+01 3.142704073452154390e+01
1.359999999999999924e-02 1.001359999999996298e+01 9.410493510949017093e+00 1.357004482071568852e+01 5.950055370583648084e+00 1.598269081118087342e+01 2.281317410179417848e+01 2.188582695602751116e+01 2.298923601699808117e+01 3.068259940635327254e+01 2.697702390298627506e+01 3.409615683982207202e+01 4.421194508362965081e+01 4.360525048300893758e+01 3.963080849121149640e+01 4.360497212799383249e+01 4.128144078867141786e+01 4.558931714772145938e+01 4.597254026157142448e+01 4.828805664585691204e+01 4.149945991452896266e+01 3.282823506306319672e+01 4.149945991452896266e+01 3.235415284689911886e+01 4.187484855740110135e+01 3.542386114408280662e+01 2.537038600026037471e+01 2.039499616789096237e+01 1.664100785834157747e+01 1.333370445592166398e+01 2.083249084594035949e+01 1.932397529570706141e+01 1.809284170580913553e+01 8.737429270170707696e+00 1.202575499074296950e+01 2.162418659213325967e+01 2.854970407072069349e+01
1.319999999999999993e-02 1.001319999963453711e+01 1.917748491653091136e+01 2.007106600064771129e+01 1.598269081118087342e+01 8.578931405549788280e+00 1.863599059683754078e+01 1.474299892174166438e+01 1.754500839624699182e+01 2.059596667767135614e+01 2.772861076477304820e+01 3.781415884795232785e+01 4.226655403412919298e+01 3.798273459757419346e+01 3.798273459757419346e+01 4.837104520054022316e+01 4.478808269567964828e+01 4.043243226722376704e+01 3.487227611654117254e+01 3.785304595312864961e+01 3.734655450043017311e+01 2.731948273887058320e+01 3.218241116406651514e+01 2.732677858345836697e+01 3.766731945340845300e+01 3.964655784103860725e+01 3.461250019901875419e+01 3.038655984147440137e+01 2.660379777415756664e+01 2.083249083116194100e+01 1.091203400251071898e+01 9.455274921004889421e+00 1.723992666407470509e+01 8.299823962033361369e+00 1.730507526892485615e+01 1.874479584474594063e+01 2.856012726718139305e+01
1.019999999999999900e-02 5.787848308512021589e+00 1.293415097834604843e+01 2.342552178487290959e+01 2.281317410179417848e+01 1.863599059683754078e+01 1.147532624873053209e+01 2.156487017541314088e+01 2.764136521006631142e+01 3.068259940635327254e+01 3.487497353245732512e+01 3.675602800994244745e+01 3.247947176384396073e+01 2.768707258098157808e+01 3.493137365484407297e+01 4.534937156920884149e+01 4.043243226722376704e+01 3.039064018495148289e+01 2.786606194373973366e+01 3.755161703609891788e+01 3.882055319998585219e+01 2.913123774549314504e+01 2.223925132864416909e+01 3.218075237944299971e+01 3.825813386390773729e+01 3.631418714640648204e+01 4.041557236392799268e+01 3.235301709083493904e+01 2.236120323016952938e+01 1.662195037967543598e+01 2.083052173653686978e+01 1.723293472080785804e+01 7.540851240585703330e+00 1.636758327450229800e+01 2.028683223022235182e+01 2.638136831529041615e+01 2.811773852622202696e+01
7.249999999999999500e-03 7.078317811865462161e+00 1.707831781186539288e+01 2.384382206662584025e+01 2.342982962114959378e+01 2.575142644965394823e+01 2.156486529619891357e+01 2.534496056212827142e+01 3.083798204616011773e+01 2.989643769498990622e+01 3.153635027854699402e+01 3.247947176384020196e+01 2.243135944913256097e+01 3.247947176384396073e+01 3.838792514689065172e+01 4.435828242821553147e+01 4.043243226722376704e+01 3.039064018495148289e+01 2.366851872964167924e+01 2.951277022634861069e+01 3.364863180472768533e+01 2.993483299316907420e+01 2.007925746058776539e+01 2.399352645221171798e+01 3.113131150987345563e+01 2.703603932280167399e+01 3.497347180743791739e+01 3.654468983848140340e+01 3.075430556185763820e+01 2.658420234346034405e+01 2.185240355822765324e+01 1.128486026254761576e+01 6.912659173585013583e+00 7.892497613234091602e+00 7.859924508819418953e+00 2.164089359258225187e+01 2.371577150388142385e+01
