output/example/elevation_000269.asc
nrows	75
cellsize	13.33333333
xllcorner	0
ncols	75
yllcorner	0
NODATA_value	-9999
[rows 17 to 33 of 75, columns 37 to 73 of 75]
1.730664599013983462e+01 2.455059313984288494e+01 3.489535194134521134e+01 4.054883097474914422e+01 3.166740779328720023e+01 4.054883097479363130e+01 4.523212636815923560e+01 4.939077252749573432e+01 4.989744363448959774e+01 4.258258473297332358e+01 4.294255514733555401e+01 3.210487728399467500e+01 4.294255514538825480e+01 4.055794090292384624e+01 4.936423163708818151e+01 5.163820278582392831e+01 4.114928749293238042e+01 3.358736007374183430e+01 3.853680615295279210e+01 3.290620907042593757e+01 3.863930896107929414e+01 4.918022744877771402e+01 5.695796635778942374e+01 5.298004957283307448e+01 5.427983449284894135e+01 4.587755719562193946e+01 4.039754469626163313e+01 3.589842802214170803e+01 2.960190053285950285e+01 1.890401401884586363e+01 2.962556783770668289e+01 3.415047669086345650e+01 3.871339617365175911e+01 4.318037731047224526e+01 4.665681542065201626e+01 4.411878719971264928e+01 4.214243797556718363e+01
1.536146965558652688e+01 2.552764917138265588e+01 3.099712991909240500e+01 3.623328029841460562e+01 2.525325197281394907e+01 3.623328029841460562e+01 3.458769493096596648e+01 4.090253534693668058e+01 5.114649627652922703e+01 5.323955462193985255e+01 4.683155017812082832e+01 3.579058475793604543e+01 4.683155011176953053e+01 5.113242694652521436e+01 5.543967354898146738e+01 5.208374241742745170e+01 4.159888614840959065e+01 3.404724711138509008e+01 2.760733637344186420e+01 2.975401848979411668e+01 3.954770909722977734e+01 4.571900233833434868e+01 5.152696459039845678e+01 5.241955855398980191e+01 4.781570387804496391e+01 4.167771888575401817e+01 3.155535119597526261e+01 2.479373334493305947e+01 1.945734931073827667e+01 1.833295551027973147e+01 2.583259570809254058e+01 3.661880786782517561e+01 3.979921213800164281e+01 4.400606546272132391e+01 5.043262194443538249e+01 4.590604262005750513e+01 5.041382750204435581e+01
2.552746751737653952e+01 1.648588499854107070e+01 2.675251370147722696e+01 3.276108930659067653e+01 2.525325197281394907e+01 2.856722151000816012e+01 3.954243289347011370e+01 4.939077252749573432e+01 5.524671934730289991e+01 5.979266661844134489e+01 5.140413364530974150e+01 4.152014530233326894e+01 5.140413768850417142e+01 5.779612372925915054e+01 5.363507123141039301e+01 5.301717598888761529e+01 4.875039576963431642e+01 4.152185756965997143e+01 3.516387049842385437e+01 2.414713084987541691e+01 3.060496998405515612e+01 4.139144441459924906e+01 4.051590787851794317e+01 4.579370010605063612e+01 3.618958625640974702e+01 4.509474369091772417e+01 4.039781858532212055e+01 3.589922055178709570e+01 2.839769575307760263e+01 1.775911440262164831e+01 2.830932019388417231e+01 3.263162301647481911e+01 2.969306637583873965e+01 3.979989782317954905e+01 4.477052262890462941e+01 3.460264274901194170e+01 4.477112538546141707e+01
1.648588499854107070e+01 1.745491770787566566e+01 2.780153739908399757e+01 2.189145304796572233e+01 3.276108930659067653e+01 3.954243289347011370e+01 4.379558250860080904e+01 4.984996206096103322e+01 5.390687721736372140e+01 5.038838920969848090e+01 5.647171541089673497e+01 5.321905495671158803e+01 5.770660787650501788e+01 5.350805122220974397e+01 4.331623167862721857e+01 4.637142143381524306e+01 3.824795505480182101e+01 3.717090561742718080e+01 2.616765660201669874e+01 2.414713084987541691e+01 3.318289604334146503e+01 3.735206304656893650e+01 3.257527432033592873e+01 3.471974047436507504e+01 2.946987582398212879e+01 4.110336173956365968e+01 4.492378444807840765e+01 3.862997855759657995e+01 2.828269946513484001e+01 1.718522606608867775e+01 2.595747218557033875e+01 2.233773764483519031e+01 3.080100108999664599e+01 3.316785131553859145e+01 3.552619979579407783e+01 2.879850838399261193e+01 3.460465161015511626e+01
2.719424017164403296e+01 2.505624751567083308e+01 1.889866012121222738e+01 2.962329477728182425e+01 3.712860846963030070e+01 4.436684429042902877e+01 4.023989000444380792e+01 3.905647475471015184e+01 4.622021272513694612e+01 4.377294423492139686e+01 5.036934129334990473e+01 5.960078251249171899e+01 5.893196083763172766e+01 4.851876653112319815e+01 4.117412233794400578e+01 3.594048298819176779e+01 3.262434317321176280e+01 2.933784174729483496e+01 3.716027846434093362e+01 3.311339530188308089e+01 2.222613798488787751e+01 3.076267150685482576e+01 3.017490434253920739e+01 2.342952970420579462e+01 3.471974047436508215e+01 4.153190487715303192e+01 4.049149581522062391e+01 2.950716806985132834e+01 2.321555616328819127e+01 2.626018348718786655e+01 1.638388374429392869e+01 2.558044643568037202e+01 1.984794578363887041e+01 2.171422543268361594e+01 2.398081092947438719e+01 3.552619979579407783e+01 4.417820633614284276e+01
3.332232778270950035e+01 2.716915488585652483e+01 2.011640919175443543e+01 3.055556808374813471e+01 3.680353501245632941e+01 3.739325548156296719e+01 2.988291188064299675e+01 4.023941824817994473e+01 3.769153756757187779e+01 4.338781728224474676e+01 5.305692456969161697e+01 5.991327919424647774e+01 5.566293635668915130e+01 5.581293579390948878e+01 5.063733366237978828e+01 4.544610367020302988e+01 3.490436454293649149e+01 4.017523412016294770e+01 4.433793489173677926e+01 3.752134874126792141e+01 3.128497895507518933e+01 2.043905696609010647e+01 1.929913106574536741e+01 2.847393511806105693e+01 3.291068427372508864e+01 3.076389187233076328e+01 3.831662040683984571e+01 3.862997091841768338e+01 3.252756475103347356e+01 2.266189234961889554e+01 1.584806685887682143e+01 1.748136401661798800e+01 2.354159829746566146e+01 2.931387198100312474e+01 3.552619978400017686e+01 2.985918760844414521e+01 3.792101792197601640e+01
4.090546750391288811e+01 3.335187716542488090e+01 2.288866334071859043e+01 2.212940151151430968e+01 3.257519933315025185e+01 2.696141836788808277e+01 3.739287009902863446e+01 3.331127692155933318e+01 4.345880123943126705e+01 5.147583678931975726e+01 5.705551930315851195e+01 5.379755492600930467e+01 4.516317041817301714e+01 5.379755492592499877e+01 5.283353897431337742e+01 4.238612772712636456e+01 4.238612772715492127e+01 4.799156244566991347e+01 3.746043654907496290e+01 3.117481719428998943e+01 2.621671629355755329e+01 3.070654425288580924e+01 1.996976193696351842e+01 1.784943961198204576e+01 2.708360371283691848e+01 2.311200439326900380e+01 3.391776986004920502e+01 3.553924777125986623e+01 3.124521435456956198e+01 2.574057826245497083e+01 1.534120695816775459e+01 2.582307270911769947e+01 3.175261100015628912e+01 3.686524846366287989e+01 4.370517315690465665e+01 4.112131211248623686e+01 3.792101792197601640e+01
3.780827940002311749e+01 2.735731403336602341e+01 3.335179856365555651e+01 3.257520375074548724e+01 2.422440037109999977e+01 2.947778459321134648e+01 3.689897692321594747e+01 4.345880155448229232e+01 3.981416170144231614e+01 4.686743154352587482e+01 5.664204376939314045e+01 4.953288066796014988e+01 3.910547439895795208e+01 4.953288066796160649e+01 5.708157581015430537e+01 5.283353883868341683e+01 5.283353909244522839e+01 5.220575327652231579e+01 4.618600289995821839e+01 4.143797518857653017e+01 3.422837679581302694e+01 2.338378678362793650e+01 3.057671761209750017e+01 2.503716654127373786e+01 1.656029479315005659e+01 2.576657840021929857e+01 3.019355220288757025e+01 3.128892664262778922e+01 2.125628633953000346e+01 2.424337941860970602e+01 1.480839673603142437e+01 1.740472680341224532e+01 2.805776319376041528e+01 3.649448014894552017e+01 4.113401663564534516e+01 4.758547872453828376e+01 4.884750575079988266e+01
3.480745809320478656e+01 3.264926269159536787e+01 4.198523803978648061e+01 3.737704680987602046e+01 2.691674239932977386e+01 3.737704666031015677e+01 4.402653000902898839e+01 5.115386117916987274e+01 4.973034918244985647e+01 5.377349215433076068e+01 5.234706647983490768e+01 4.583348138995903298e+01 3.534383302846444508e+01 4.583348138995903298e+01 5.046123400481250343e+01 5.639548311317091134e+01 5.523582459243932163e+01 5.019317191917849641e+01 4.603093170095040421e+01 3.815011063290679516e+01 2.741007225392884195e+01 3.113776927836092767e+01 3.622152312658904094e+01 2.551831542762534610e+01 2.576650305955420706e+01 1.527944884238420542e+01 2.451183334598600538e+01 2.789435303032905011e+01 2.311234159753694328e+01 1.404409500233943575e+01 1.548064798256775809e+01 2.742973954944918802e+01 2.158390416940308398e+01 2.536548478956067854e+01 3.178268851185514521e+01 4.300830546163970780e+01 5.184085438179223360e+01
4.505425098662585270e+01 4.001772305241023986e+01 4.709150753606660089e+01 3.737695710646339364e+01 3.066048094128035117e+01 3.737704681212475322e+01 4.754343899088397052e+01 4.915576478526687509e+01 4.491552735174155231e+01 4.915576478522849158e+01 4.811893853417675615e+01 3.769291886120563362e+01 3.209633803666169882e+01 3.575967337346678221e+01 4.185961319588845697e+01 5.218811919923408027e+01 5.108881492051423123e+01 4.097304847973582298e+01 3.577482306757882924e+01 3.214763409998437993e+01 3.511826064955253202e+01 4.168985323026598167e+01 4.072204003956719731e+01 3.110940374071553194e+01 2.040049928221079867e+01 2.449476621113686647e+01 1.402246270843404119e+01 2.295407024988132605e+01 1.331302252461304825e+01 2.379189813153774224e+01 2.109192015665371045e+01 3.169982219303480875e+01 2.784227177548545384e+01 3.649448014894552017e+01 4.113401663564768285e+01 4.464064577118468691e+01 4.165822171275549834e+01
4.906492428677294981e+01 5.008745542599565681e+01 5.163742592922060481e+01 4.518709925770075131e+01 3.675922043033439479e+01 3.920022961006225160e+01 4.928303263926460431e+01 4.396069633963724499e+01 3.446189227883314743e+01 4.396069633963711709e+01 4.771220885408181545e+01 3.960611905374337027e+01 2.896825337128794331e+01 3.960612911851065121e+01 4.434001356661249105e+01 4.858117967684702876e+01 5.523582459243932163e+01 5.019317191917849641e+01 4.603093170095040421e+01 4.261222882185358429e+01 4.546964302211702602e+01 4.541660509808437496e+01 3.480601349307713122e+01 2.715141735878403395e+01 3.098454276028861187e+01 2.890875493648804095e+01 2.327361449343790412e+01 1.283949209184717155e+01 1.283949209184717155e+01 2.329726352051858740e+01 3.204342064679315882e+01 3.644197795097815629e+01 3.891937556134944742e+01 4.347098595208105110e+01 4.330520042859470919e+01 3.430887926259484288e+01 4.042271976116873589e+01
3.909026089788344649e+01 4.589666547323596291e+01 5.002312405732087086e+01 5.100147557138470233e+01 4.691239857430457505e+01 4.928303263926460431e+01 4.469497482186485371e+01 3.968870981528733211e+01 2.917439382387978597e+01 3.968870981528733211e+01 4.346529034506027500e+01 3.293469874426539690e+01 2.671879518269555120e+01 3.691999820758778839e+01 3.384658375484973902e+01 4.434001356661236315e+01 4.875423713512287094e+01 5.387565851070415590e+01 4.794088467517514118e+01 4.370464311057879314e+01 4.532795524174621704e+01 4.112121852064444738e+01 4.223089886700933704e+01 3.791062284629269641e+01 3.442529700623298083e+01 2.347864549927099276e+01 1.740970754960597588e+01 1.283949209184717155e+01 2.262947722246496340e+01 2.689026181008217975e+01 2.858180665405305021e+01 3.918475687888449954e+01 3.789376751593864157e+01 4.017171430647817942e+01 3.283714069231237431e+01 2.982342857722519014e+01 3.741507687087537448e+01
3.317993093762566303e+01 3.582877985763813911e+01 4.589666547323596291e+01 4.771992445771492442e+01 5.185235070850396966e+01 4.778029345423210117e+01 3.738203475713596902e+01 2.993592564026969782e+01 2.565342941023299872e+01 3.618393781815149168e+01 4.278358696970185804e+01 3.224384763937484166e+01 2.466927605405746249e+01 2.627884841843187402e+01 3.594495727234646409e+01 3.401965552920284352e+01 4.451161700956163969e+01 4.966891798139121761e+01 3.933849087483778106e+01 3.316930936043063838e+01 3.762096914022072980e+01 3.046738925079266025e+01 3.274190695310481658e+01 3.709218910994226093e+01 3.916541618709182870e+01 3.254064436064009413e+01 2.736024061240952676e+01 2.161655182911950135e+01 1.228217447452305144e+01 1.763318340803311202e+01 2.827192140700629608e+01 3.459057554812794422e+01 2.702908882457965944e+01 3.224859347661796960e+01 2.493944630190327416e+01 3.145765440429380533e+01 3.897515083205040298e+01
2.847010731006347584e+01 3.877759528223625551e+01 4.062114971382005280e+01 3.768074092033567268e+01 4.771992441677149799e+01 4.644361449559566779e+01 3.602359650227599275e+01 2.856775283532783760e+01 2.250825871238113862e+01 2.960202187308489030e+01 3.391844586820153751e+01 3.472014877553672108e+01 3.038639419070581837e+01 2.196843242264069218e+01 2.529072463533795911e+01 3.148569625300332575e+01 4.203644254608602182e+01 4.887443469030304755e+01 3.853497056218091643e+01 3.233923870367525666e+01 2.673824934749385207e+01 2.402620220666499762e+01 2.182577116342593726e+01 2.977109709833577256e+01 3.415477159612254354e+01 3.540611603344673597e+01 3.052321948819482245e+01 2.217993511997165257e+01 1.188020582408575088e+01 1.727186587586507827e+01 2.422271500654450449e+01 2.744543225372275685e+01 1.864090995529217309e+01 2.090530922437552874e+01 2.474137586562986257e+01 2.882722493195494806e+01 3.647630660589283735e+01
2.552909876592467597e+01 3.591881935421521632e+01 3.039105043101269388e+01 3.644472917431151160e+01 4.654911802568590673e+01 4.094019868533944617e+01 3.665435973682369308e+01 3.665429215859293066e+01 2.960202187301721466e+01 1.920706198875785020e+01 2.717053239143887211e+01 2.830367167801700745e+01 1.987392188612411559e+01 3.038649477213679262e+01 3.594496268201442746e+01 4.024722247855113721e+01 4.629178144778333603e+01 5.308631952507204232e+01 4.504341456069898442e+01 3.454807742069799303e+01 3.762209049816523532e+01 3.046772223611794672e+01 2.977109718205042910e+01 1.899007930976927483e+01 2.707598680929991630e+01 2.560073281378132037e+01 1.971828742922298616e+01 2.193769162464972666e+01 1.146328992303969585e+01 1.286431239225900391e+01 1.423885644077151191e+01 1.580146661784492679e+01 2.744543225373461226e+01 3.224859347661796960e+01 3.572049616020002105e+01 3.949055138140655430e+01 3.647630660589283735e+01
2.291311620746774480e+01 3.181661366279518433e+01 2.609595838167470561e+01 3.644472917526665867e+01 4.419882447785116852e+01 3.665432845230124315e+01 2.612503684678173599e+01 2.612503684678173599e+01 2.743592208960567547e+01 1.715643411350925618e+01 1.678675107317453197e+01 1.791545623566930701e+01 2.013416513821331932e+01 3.065998291746255688e+01 3.738791252160023504e+01 4.092092367480582737e+01 4.519398604877741832e+01 5.039413171343210962e+01 4.927364603512306473e+01 4.504341456069898442e+01 4.540768490793352186e+01 4.114929809802578120e+01 3.415488791340635544e+01 2.707598747224258418e+01 1.643618217159570705e+01 1.489995675320394852e+01 1.333628980831996813e+01 1.217069980173925714e+01 1.146328992303969585e+01 1.490331559847147957e+01 2.500454429845835946e+01 2.744543181033214552e+01 3.189458452207783523e+01 3.727916880722602855e+01 3.727916387458242298e+01 4.171846695388902759e+01 4.676758199876402244e+01
2.802569125433177888e+01 2.143474309954489598e+01 2.880699496219144606e+01 3.908249138165112413e+01 3.667344045291815746e+01 2.914705440297186456e+01 2.920904456567921770e+01 1.881232441933725497e+01 2.401069473936640009e+01 1.520862951470338054e+01 2.496308132689721049e+01 2.811505708150524185e+01 3.065993807997966059e+01 2.367668113733300927e+01 2.673623375296594418e+01 3.032189021518902194e+01 3.568589866289146073e+01 4.615594868672020112e+01 5.246635151442519884e+01 4.654240130778137541e+01 4.231810133237627269e+01 3.858068611688653959e+01 3.089898397272327557e+01 2.008210061060206186e+01 2.707572983490639729e+01 2.244782011281954937e+01 2.333933802425983117e+01 1.731432393221716737e+01 1.104798381684364728e+01 2.126009625008764559e+01 2.882603767871119516e+01 2.579532014107047289e+01 2.757147530287413417e+01 2.621606785491514202e+01 2.621606785206458312e+01 3.727916387458242298e+01 3.859218622389388997e+01
