output/example/elevation_000100.asc
nrows	75
cellsize	13.33333333
xllcorner	0
ncols	75
yllcorner	0
NODATA_value	-9999
[rows 51 to 67 of 75, columns 0 to 36 of 75]
1.369999999999999864e-02 3.656140851851559237e+00 8.527313464802901422e+00 1.592364916775821726e+01 2.594851299496681563e+01 3.135333189439635859e+01 2.623969617918221076e+01 1.786430680758537548e+01 2.623969617918221076e+01 2.469155703335338714e+01 1.984212872896902269e+01 1.065397022050328779e+01 1.991317395531518031e+01 2.389906558921018132e+01 2.072366233752444487e+01 7.920139104459966717e+00 5.503007595446508304e+00 1.253317654758408395e+01 2.235552266810099198e+01 1.943640911811876748e+01 1.934326110562819068e+01 7.606598482991861587e+00 1.444063180764926990e+01 1.743248942630355103e+01 1.447059643091413506e+01 1.388623817403708749e+01 1.193936753369817261e+01 2.439553653362843910e+00 1.591078798973897701e+00 1.762755195281688225e+00 2.003352401358259094e+00 6.739531762792877245e+00 6.839613053700232648e+00 6.506231273873793519e+00 8.910080643695572178e+00 3.491087066160998287e+00 3.447293023388994904e+00
1.290000000000000001e-02 1.001289999999996283e+01 1.738798270575689742e+01 2.182512006249845271e+01 2.183102958866863830e+01 2.597064668030679968e+01 3.201786042816701183e+01 2.788469030624587219e+01 2.469155703384626221e+01 1.475302111931056004e+01 1.475302111931056004e+01 1.643259276078522291e+01 2.463178964520470515e+01 2.849098420518100738e+01 2.220810141367541846e+01 1.656712645960853791e+01 6.680027896437704449e+00 1.242639205073320063e+01 2.241242043281026142e+01 2.954828487199205256e+01 2.498385482584539474e+01 1.363340043525372458e+01 2.421815483584951423e+01 1.692822182440173506e+01 1.631058145944900772e+01 1.426598076117820746e+01 4.257341781930439772e+00 1.210946477828323609e+01 4.905197416982996828e+00 8.350526937343541789e+00 3.540504082669860164e+00 2.126936396277966601e+00 2.352849105800081553e+00 2.882552511879972190e+00 2.823946050150289544e+00 3.019778372011894252e+00 3.500369207618610368e+00
1.329999999999999932e-02 1.001329999999996190e+01 1.030895625926413395e+01 1.431126668750277986e+01 1.183381294753724156e+01 2.183102958866863830e+01 3.138547863924954484e+01 3.552400083418192622e+01 2.882062348446366684e+01 2.469155703349491660e+01 1.881238777639144644e+01 2.637362333690510141e+01 3.050448024977648487e+01 2.428479240749216217e+01 1.424807600188652046e+01 8.508657675449359914e+00 1.019449598960183145e+01 2.017333833776749330e+01 2.653027968530576786e+01 3.384639395131861050e+01 2.332585117816691067e+01 2.215849996022233270e+01 2.674609931448954825e+01 1.465317559446737228e+01 6.349679761039737969e+00 6.349679761039737969e+00 1.427700114621351268e+01 1.632150242804493701e+01 7.976508762429263655e+00 1.375277822229443814e+01 1.045358668474457353e+01 1.423686146818623222e+01 1.207251277139697798e+01 3.463690311645161390e+00 3.164478244460700029e+00 3.749661561087427764e+00 1.251715416634014488e+01
1.369999999999999864e-02 1.574025556260054692e+00 3.149380054069077062e+00 4.782332361835545775e+00 1.476192990873361843e+01 2.152709040323417966e+01 2.139597748433842384e+01 2.561803746105913149e+01 3.560833260840147574e+01 3.288223952678066553e+01 2.453136490739162312e+01 3.288223946794891361e+01 3.265385575520581085e+01 2.265696718594655223e+01 1.558983540015809588e+01 9.843172305294082491e+00 1.981553829293645208e+01 1.595007176437742835e+01 2.302079277675131763e+01 3.303662466156728783e+01 3.384639380300514233e+01 3.273556263562738877e+01 2.420506747640510170e+01 1.779930343323468733e+01 7.926304156398383149e+00 1.010062455231859602e+01 1.977587032498945874e+01 1.917335256617755945e+01 1.082592704946413775e+01 1.917866684543725952e+01 2.158956618610990930e+01 2.072333915594290943e+01 1.466350147005786120e+01 4.290472857293030629e+00 1.027103021549315365e+01 3.671387321350942035e+00 1.307180203160184107e+01
1.319999999999999993e-02 1.001319999999996213e+01 1.312338105435887314e+01 1.476192990871805755e+01 7.391748999506623008e+00 1.738674404881879454e+01 1.562116368373087916e+01 2.561803746193822917e+01 3.061999206314297339e+01 3.508721097862692062e+01 3.450704548334014277e+01 3.864349073873779616e+01 3.408080627223009884e+01 2.407202179242007034e+01 1.700008135869818560e+01 1.124285596960727140e+01 2.122810440258004050e+01 2.595423575875314981e+01 2.595424637693020387e+01 3.596815519440981035e+01 3.241845270651613475e+01 2.675036568264336978e+01 2.013167240336795061e+01 1.023132072950913596e+01 1.362383201337302197e+01 1.977587397250701073e+01 1.691761632881793176e+01 2.387800831251304956e+01 1.801899768908551636e+01 2.411879885679635294e+01 2.208215331285595440e+01 1.658076454992126614e+01 6.188073744242319485e+00 1.466350114022776374e+01 8.836449589162716833e+00 1.137051523492432281e+01 4.303765871026578260e+00
1.349999999999999985e-02 7.084567811865743359e+00 1.708456781751349496e+01 2.152709049350604431e+01 1.738674405045981075e+01 1.027103975952693560e+01 1.294541057880132406e+01 1.648732423590955776e+01 2.096039463232885680e+01 2.802149663210167319e+01 3.801098771850944757e+01 4.024132415505840044e+01 3.446174994842784400e+01 2.531134456749882844e+01 1.530963365341060189e+01 1.297193857240631587e+01 2.296838248045391850e+01 2.555143204839684046e+01 2.969804064482488926e+01 3.547740966881052316e+01 2.835736703263602365e+01 1.853456528847524254e+01 1.278666092680399480e+01 1.596415374315137647e+01 2.350310344198794965e+01 2.757458996803542561e+01 2.352500084479293818e+01 3.015749517116342915e+01 2.802435051713538172e+01 2.371524110152611087e+01 1.854292609406244452e+01 8.355148590572881062e+00 1.658048287178328906e+01 2.061138774947977836e+01 1.329127517971452654e+01 1.736989485076974660e+01 9.130734779806385149e+00
1.369999999999999864e-02 1.001369999999996274e+01 1.715784837412374131e+01 2.069338228005646840e+01 2.441400258576924998e+01 2.027449168001110280e+01 2.002149386835122868e+01 2.111439838126600321e+01 3.061999206241094740e+01 3.508721097997571547e+01 3.740952579130314604e+01 3.609551436383211609e+01 2.608431642665154016e+01 2.030719622029109317e+01 2.237973293726909674e+01 2.296838518537751384e+01 1.554732174526827748e+01 1.554732174526827748e+01 2.132090452479887688e+01 3.133044016662565667e+01 3.157565885924668336e+01 2.179668276489906376e+01 1.478011189943800474e+01 2.466087861503519463e+01 2.582460873012053781e+01 3.562037485269932091e+01 3.280916111619033870e+01 3.037109478685728448e+01 2.182247142120609240e+01 1.860787600009544462e+01 1.051014469808003327e+01 1.558775323688634984e+01 2.267360152635740889e+01 2.380263866457912414e+01 2.287586734412452927e+01 1.676750759426074922e+01 1.715786286549154127e+01
1.379999999999999977e-02 1.001379999999996251e+01 7.157848374123812363e+00 1.069338228005653768e+01 1.776445009192196167e+01 2.776445009192181956e+01 3.001227792402493577e+01 3.110517109053109053e+01 3.524561621818818224e+01 3.447702151875526511e+01 2.740110978146140752e+01 3.447702151875526511e+01 3.446174994842784400e+01 2.738328464628039072e+01 3.238888147592452782e+01 2.555143206935381173e+01 1.554732174526827748e+01 1.554732174526827748e+01 2.261956060531993984e+01 3.262959592095902650e+01 3.243419985848656495e+01 2.268766878332764492e+01 1.696346713749346691e+01 2.395333464432670567e+01 3.369648550177085156e+01 3.385611799553986856e+01 2.893934824389392801e+01 2.487997782004821445e+01 2.248493819846104458e+01 1.276995384250165344e+01 1.383679891703203069e+01 2.175990759421950926e+01 2.964869856592516939e+01 3.350785637104686288e+01 2.653172805323511696e+01 2.244921931712129748e+01 1.987595969643578542e+01
1.309999999999999880e-02 2.685712419124241634e+00 9.756780230989690494e+00 1.975678023098961944e+01 1.776445009192196522e+01 2.483551790378739099e+01 3.483551790378695046e+01 3.338077525151739167e+01 3.752451266814098574e+01 2.999836192034415916e+01 2.031449455093920520e+01 2.999836192019106562e+01 3.667123702154189857e+01 3.739536153739991420e+01 3.556059630422536344e+01 2.555130222981635768e+01 1.887923509494029162e+01 2.555143206935381173e+01 2.132090452479887688e+01 3.133044016662559983e+01 3.649184009973082254e+01 2.962455204271638110e+01 1.984954777643227786e+01 2.501894798468439518e+01 3.476312320852505167e+01 2.981056837503443191e+01 1.994938735003534092e+01 1.512558860228285518e+01 1.512558860228285518e+01 2.218602565460750498e+01 1.780116665615195259e+01 2.553480878637082441e+01 3.365889902566348013e+01 2.908476506665701677e+01 2.535775846094657382e+01 1.157975846981202395e+01 1.631838118925547931e+01
1.349999999999999985e-02 1.001349999999996321e+01 1.682784804282047020e+01 2.233856912846124132e+01 2.648070475218516862e+01 3.190658571510615715e+01 3.174479118356604701e+01 2.336714417553112355e+01 3.174479118356604701e+01 2.585230822996375721e+01 1.582775838889219777e+01 2.251079090705064445e+01 3.113875515377399950e+01 3.691883730341341163e+01 3.596678233318858986e+01 2.595520461370674425e+01 2.465628699204194163e+01 3.303437648430853812e+01 2.709887527830038323e+01 3.547740966866469847e+01 3.755127268922876027e+01 2.784306223045889794e+01 2.358694867882590174e+01 3.327822139922286482e+01 3.883026940620101897e+01 3.385612292728443151e+01 2.487997785835304043e+01 1.512558860228285518e+01 2.487997770288238897e+01 2.856280734733795512e+01 2.638246065708061749e+01 3.017865212300625188e+01 2.801892551520418451e+01 1.960439231537709404e+01 1.181790137227509696e+01 1.174465821917553221e+01 8.276381404852484636e+00
1.369999999999999864e-02 1.001369999999996274e+01 1.526750131659589371e+01 1.233856912846131060e+01 2.233856912846124132e+01 2.818928167041954680e+01 2.759940265423112038e+01 1.757743003153038330e+01 2.224243295512048491e+01 1.907204950937903121e+01 1.248522415759011039e+01 1.697027886579119382e+01 2.276058536542752719e+01 3.277496283214366457e+01 4.011354838427483571e+01 3.596678233318858986e+01 3.466746699443535817e+01 3.881396090002154153e+01 3.711086530184019949e+01 4.125774335648824831e+01 4.161804879975527882e+01 3.730755678373435558e+01 2.919422886975041465e+01 3.730755678373435558e+01 3.965694937678376419e+01 2.984794826782799859e+01 2.283500541828043851e+01 1.719448604174420936e+01 2.283500541803643813e+01 3.272093782010416163e+01 3.483121128829915136e+01 2.531460715971229547e+01 1.885727722841231468e+01 1.499442649398129035e+01 1.870898941896423651e+01 9.536991297427290348e+00 1.750648904470024192e+01
1.290000000000000001e-02 2.594888897471613110e+00 5.267501316595860850e+00 9.047146046688144594e+00 1.404714604668816058e+01 2.404714604668822631e+01 2.913140996904531832e+01 2.224243295512048491e+01 1.221680021048425857e+01 9.049661057579809764e+00 1.353039893153586526e+01 1.854507434936436638e+01 2.563344626792748215e+01 3.564445779653051005e+01 3.473626478830506414e+01 3.886913930980519183e+01 3.737501600360199916e+01 3.319246546676419030e+01 3.316744381067950798e+01 3.359346153881627828e+01 3.796514573671365866e+01 3.725515629965361342e+01 3.878721896098082311e+01 4.277380842760988600e+01 4.050554218424081654e+01 2.952147200814848560e+01 2.150854038261516621e+01 2.283527208418419008e+01 3.109605239537449606e+01 3.677918632662861143e+01 3.771248061959929032e+01 2.810195597356302954e+01 2.531317397109636502e+01 1.995165679265440417e+01 1.079054945706677948e+01 1.870902891914907684e+01 2.268891134991027414e+01
1.359999999999999924e-02 1.001359999999996298e+01 1.526750131659589371e+01 1.904714604668821210e+01 2.318928167041937272e+01 2.818928167041954680e+01 2.498489711853786943e+01 1.496345082238800650e+01 1.680242048178068615e+01 9.049661057579809764e+00 1.483553632762516550e+01 2.485923382365204404e+01 3.271066529708497939e+01 3.039235104032362855e+01 2.502192401599934612e+01 3.321589645036365113e+01 3.319246546677651821e+01 2.414915438485086341e+01 2.395642349333346033e+01 2.227041947768976371e+01 3.157056721645766117e+01 2.683471704452949069e+01 3.407268111775413644e+01 4.281457791142391045e+01 3.596653588012107861e+01 2.800583815781330443e+01 2.717310156366638196e+01 3.272870144800350545e+01 3.679516090998050970e+01 3.445710983736797317e+01 3.031922089570947776e+01 2.673102597820950876e+01 2.129448611371579858e+01 1.208888703245723306e+01 1.718891813797096901e+01 2.394980724157250407e+01 2.894565843511278658e+01
1.379999999999999977e-02 5.787302691896245577e+00 1.285837050376169444e+01 2.285837050376162338e+01 2.346511297376601846e+01 2.396320432488985119e+01 1.887747199147828780e+01 1.473096973953599509e+01 6.783755911890278156e+00 1.419259394012686748e+01 2.321952885481434237e+01 2.900577770252062138e+01 2.762843364749859276e+01 2.076708529358248967e+01 1.952966080666569226e+01 2.912768303736585906e+01 3.126214130673419689e+01 2.679786994785092702e+01 1.877465690681659893e+01 1.558310643384434790e+01 2.341248249131995252e+01 2.063913858591788042e+01 2.662702498306360610e+01 3.880098133065196464e+01 4.121966438508056285e+01 3.723426517305374972e+01 3.695815153868461067e+01 4.101086911321068129e+01 3.724176422322449298e+01 2.745010434229885021e+01 2.099603097392055417e+01 2.268940020359824317e+01 1.343658250371182383e+01 1.851439987177036883e+01 2.531384305513065414e+01 3.071216332091578494e+01 2.469272745295770832e+01
1.349999999999999985e-02 7.084567811865484899e+00 1.708456781186555062e+01 2.053581243496985209e+01 1.346417336823606448e+01 1.688846982664795249e+01 9.813740780493862559e+00 4.720372802205679008e+00 1.473096973953599509e+01 2.095153494185018772e+01 2.962204252862536080e+01 2.863313185411726280e+01 2.358625048217855635e+01 1.397843268912803616e+01 1.948946236878461136e+01 2.351270738825741802e+01 2.184644268130688616e+01 2.510895647013302678e+01 1.996472664637995464e+01 1.558310643384434790e+01 1.765995857405461678e+01 2.594925742118200063e+01 2.589644929910689797e+01 3.269232032400703503e+01 4.304948019017695771e+01 4.198495010665151739e+01 3.779649097446773709e+01 3.428544793129685075e+01 3.119662552250359155e+01 2.889457167571375606e+01 2.441117711186076278e+01 1.553825975956238459e+01 1.472423116437913571e+01 2.515034578000201293e+01 3.211328682529152445e+01 3.492300842642933389e+01 2.469266571149606548e+01
1.359999999999999924e-02 1.001359999999996298e+01 1.764133830028582040e+01 1.553502759490888963e+01 6.392023661827790804e+00 1.139270324469630680e+01 2.739791591373708091e+00 1.139270351266624459e+01 1.551982946062260993e+01 2.250208801240841083e+01 2.297987146086804700e+01 1.997490415919279627e+01 2.008194656603870953e+01 1.608560253167821230e+01 9.765370732073053617e+00 1.689059270064360874e+01 1.509483089156287150e+01 2.201875918225972129e+01 1.318970178484652500e+01 2.202530651270318884e+01 2.594139522766253592e+01 3.005835582296101194e+01 3.572552588541411467e+01 4.006440405528643822e+01 4.359777577739104260e+01 3.354954471887089795e+01 2.786571406203523793e+01 2.451769482277356715e+01 2.170748438981359740e+01 1.968438456358834543e+01 1.778566907529491559e+01 1.657537150396625236e+01 2.462703956480397238e+01 3.010835210444176724e+01 3.655047645793388966e+01 3.500899429377169270e+01 2.467070017314226860e+01
1.290000000000000001e-02 1.001289999999996283e+01 7.640803697442903442e+00 1.056988896042116366e+01 1.390993176438338086e+00 1.390993176438338086e+00 1.390993176438338086e+00 1.390993176438338086e+00 8.462124988759567756e+00 1.645917424096299087e+01 9.788326571869886195e+00 1.408938977178781471e+01 1.316290531047421197e+01 6.272215897648710126e+00 7.091310852673139209e+00 7.091310852673139209e+00 1.660125076337577710e+01 1.896882270241893309e+01 1.153114371459887622e+01 1.798762266461802639e+01 2.670993878862536164e+01 3.003559357807350594e+01 3.003559360568716130e+01 3.995357660201413807e+01 4.780278215282415033e+01 4.198495010665151739e+01 3.779649097446773709e+01 2.829818675188674248e+01 3.119662552250359155e+01 2.205261681847010635e+01 2.678238129115707622e+01 2.559083296966978693e+01 1.838026977722440236e+01 2.272853661820758120e+01 3.239038071016369003e+01 3.500902122132162475e+01 3.500862171664631717e+01
