output/example/elevation_000140.asc
nrows	75
cellsize	13.33333333
xllcorner	0
ncols	75
yllcorner	0
NODATA_value	-9999
[rows 51 to 67 of 75, columns 0 to 36 of 75]
1.369999999999999864e-02 4.096182790013493502e+00 9.096166813663396411e+00 1.616570741277827494e+01 2.612407454665235207e+01 3.152856816584733579e+01 2.641642188047452677e+01 1.733817459959811202e+01 2.659657370822634448e+01 2.334944142497633379e+01 1.342178166129157191e+01 1.892387408418644412e+01 2.304308186645154777e+01 2.334996467568203116e+01 1.333894771544977331e+01 1.156493030612149475e+01 1.561569019601862784e+00 1.034890508180535562e+01 6.126551643303606021e+00 1.277289824632615556e+01 1.758017968053111346e+01 1.056823025936955496e+01 1.429514495500621862e+01 6.594556769847101485e+00 1.061112284669559891e+01 5.186812565905726258e-01 6.216481614392783683e+00 8.759382552658162568e-01 1.097800811969339030e+01 8.759382552658162568e-01 1.108020871128485574e+01 7.221504506735596962e+00 1.123445029095828396e+01 1.136110994231104243e+01 1.192666275394188125e+00 1.192666275394188125e+00 1.556058254962515486e+00
1.290000000000000001e-02 1.001289999999996283e+01 1.300072474148949908e+01 1.714021353722926833e+01 2.231175780659096120e+01 2.645096105675501263e+01 3.166013183360700012e+01 2.747934547608257105e+01 3.166017851351698198e+01 2.744673368619958964e+01 2.334944142497615616e+01 1.916547415215286776e+01 2.899562572807633032e+01 2.041816935788212106e+01 1.040663810011075618e+01 3.329369201863372485e+00 1.156493030593736826e+01 1.570880422067516591e+01 1.622867726823672996e+01 2.047470694791302392e+01 2.439298478456690589e+01 1.614115675973937059e+01 2.114765967762358301e+01 1.650538220444640913e+01 9.901116001170914060e+00 1.392624789663967855e+00 1.139266816183413411e+01 1.731830525374272511e+01 1.109813420047321486e+01 7.151246227937427591e+00 1.120641379134083593e+01 1.578990524696655484e+01 1.904378443860114345e+01 1.301017744894213024e+01 2.886600179711729108e+00 1.192666275394188125e+00 7.621358463059165977e+00
1.329999999999999932e-02 1.504009067517970921e+00 3.011533328552641997e+00 1.300072403567802937e+01 1.232901538810319941e+01 2.231175701829752001e+01 2.591320868759752116e+01 3.000161687291965151e+01 3.668501451859378903e+01 3.674498294753711747e+01 2.716247596205617754e+01 2.899562505948724578e+01 2.779040026173137434e+01 2.333260338453863625e+01 1.748442739355927245e+01 1.333882096121818783e+01 3.329369201863372485e+00 7.414234572525312927e+00 1.319522061541227842e+01 2.320650520176422305e+01 3.008590220117500991e+01 2.593073988345451042e+01 2.520128055259657529e+01 1.818203053062825347e+01 1.271037342598120112e+01 2.289191583638594096e+00 1.270838083031669186e+01 2.123153455446661653e+01 2.128572090718124699e+01 1.633138901507812690e+01 2.180348083261011638e+01 2.256155926608003170e+01 1.248371968576411284e+01 5.336347226899286866e+00 1.300905292056274121e+01 1.023380083510159722e+01 7.074115407910166908e+00
1.369999999999999864e-02 1.001369994230290672e+01 1.300070570773635659e+01 5.275303881448074605e+00 1.525289245663410576e+01 1.967853697093074672e+01 1.600902983766766141e+01 2.299720325188971870e+01 3.239431245545725346e+01 3.698807651257802576e+01 3.674498294753711747e+01 3.046700489634779885e+01 2.107995793036977616e+01 1.440979418347740904e+01 9.496852302791152667e+00 5.414936323044896582e+00 1.333898805176185576e+01 1.150184368258083367e+01 1.742648735092231860e+01 2.735603326847854078e+01 3.232254792066986226e+01 2.806934638876941435e+01 1.961245841503371423e+01 1.112887539840422235e+01 3.727989261479704552e+00 1.271842092913735378e+01 7.347922387902189989e+00 1.399925421986487706e+01 2.208558622009842409e+01 2.897209760458897421e+01 2.713026361003321085e+01 2.293571057769094423e+01 1.723946873962981385e+01 7.194223381967139730e+00 1.719141159362969162e+01 1.523544629858840338e+01 1.661972470152684522e+01
1.319999999999999993e-02 1.001319999999996213e+01 1.938859085060020959e+01 1.525289256466595589e+01 7.811329552834464174e+00 9.729860378648663044e+00 1.967853773707149045e+01 2.528516757719568986e+01 2.273589937493141733e+01 3.260152402987949927e+01 3.987575342666027467e+01 2.744206376509811562e+01 1.860545462129196537e+01 1.984654759324639173e+01 1.705231666764526466e+01 7.017093623998603924e+00 1.705231666764531795e+01 2.151342056336072162e+01 2.566304627849188336e+01 3.159007372630475530e+01 2.806934638873986998e+01 1.798963772495275393e+01 1.551844761009721374e+01 5.270382953680075033e+00 1.389076340116860386e+01 1.796378225836181741e+01 1.733336618929522643e+01 1.440490071082216161e+01 2.440628394703020376e+01 3.010950046696515869e+01 1.996423108370412791e+01 1.284389296611434794e+01 9.988385886780561052e+00 1.723940500921547780e+01 2.142354599532456305e+01 2.428561727985241347e+01 2.186286654029029819e+01
1.349999999999999985e-02 1.001349999999991702e+01 1.665583216387831911e+01 2.190758586452345469e+01 1.485113563693391470e+01 1.675824179346676246e+01 1.313527667196745163e+01 1.577959123679448972e+01 2.255753305641653128e+01 3.111402220387634543e+01 3.365975038685082410e+01 2.869512929137084711e+01 2.043584454853771248e+01 9.692817161544413196e+00 7.017093623998603924e+00 7.017093623998603924e+00 1.411558872283336008e+01 2.416954432804230279e+01 2.940340641470360339e+01 2.516413878133502635e+01 2.654224503448835648e+01 1.651540784128138384e+01 1.104394249154348628e+01 6.523102008704306343e+00 8.254473309637694101e+00 1.812544849077266562e+01 2.513746665451747475e+01 2.440628579487695404e+01 2.865750209401346282e+01 2.836232658715594468e+01 1.821004283160097259e+01 2.002247785045832629e+01 9.988385886780561052e+00 1.574471238027701858e+01 2.586597511085350831e+01 2.338110817171073919e+01 1.315701628141166957e+01
1.369999999999999864e-02 2.513700000000002266e+00 1.251370002464496700e+01 2.057815935260142481e+01 2.482645584104033176e+01 2.672875563560304712e+01 2.014291383374876787e+01 2.280417503062112417e+01 2.281323587105712747e+01 3.289193960799058658e+01 2.945794518994646793e+01 1.949851724622324767e+01 1.463523416090278495e+01 1.383985466061160352e+01 1.706474799315062896e+01 9.796341743857659878e+00 1.690317701453227528e+01 2.696065574072244786e+01 2.516413878133502635e+01 1.518694759825241647e+01 1.810919923858267921e+01 1.651540784439138321e+01 6.523102008704306343e+00 1.651540770587946128e+01 1.812594815677451265e+01 1.119594235339742383e+01 2.102434815074293795e+01 2.423379643109972292e+01 3.422613523159605364e+01 3.254974188656539980e+01 2.329448518862895412e+01 2.359531128697044622e+01 1.349119835713142201e+01 2.359514520941409899e+01 3.005736225244922011e+01 2.786901428816899084e+01 2.165978908781674406e+01
1.379999999999999977e-02 1.001379999999996251e+01 6.436022702763688486e+00 1.643602274331821533e+01 2.468560193534962721e+01 2.882773956465231180e+01 3.011786401636681276e+01 3.284929774338954189e+01 3.289193960804746553e+01 3.704453618757008115e+01 3.387180832789793783e+01 2.869748135718167248e+01 2.445293683025858300e+01 1.911814161151237812e+01 2.303059052839992304e+01 1.297219137016231372e+01 2.303059052839983423e+01 2.836408862036463319e+01 1.826661894421925325e+01 1.264086622856525111e+01 8.308272807107057289e+00 8.308272807107057289e+00 6.523102008704306343e+00 6.523102008704306343e+00 1.651540797772471691e+01 2.102434815074295571e+01 1.434161246257268196e+01 2.130820446197393636e+01 3.129680024093311630e+01 3.761115214807512075e+01 3.047375750946589790e+01 2.780168275937654698e+01 1.930481306417755150e+01 2.779981034467364154e+01 3.203140565045030996e+01 2.899866922163403515e+01 1.814310501836282796e+01
1.309999999999999880e-02 1.001309999999914169e+01 1.643602274331801283e+01 1.115006791067416181e+01 1.468560181660737207e+01 2.045910450865029517e+01 3.045910478932738386e+01 3.838572081091952271e+01 3.419075029212203276e+01 3.838572098122590148e+01 3.855703763229878689e+01 3.440832661097713441e+01 3.207745836295922004e+01 2.808208762357592647e+01 2.721074143354934449e+01 1.747065364592012315e+01 2.721074143351798114e+01 3.263035585039891373e+01 2.676290464206173780e+01 1.810919923858267921e+01 8.308272807107057289e+00 1.810919910524934551e+01 8.414599954874574905e+00 1.651540797772471691e+01 2.069344219368023019e+01 2.723810794322752571e+01 1.727393390415447172e+01 2.240059447708213725e+01 2.946191453822558159e+01 3.946110458739109816e+01 4.056740815264882372e+01 3.368088016661032214e+01 2.945871702720519636e+01 3.191010938648312489e+01 2.234441344281596287e+01 2.234420899448092968e+01 1.726933740395960371e+01
1.349999999999999985e-02 1.001349999999996321e+01 1.466488100842157927e+01 1.880705887332682025e+01 2.468560193534962721e+01 2.882773956465231180e+01 3.460124376798908941e+01 3.335533033760027166e+01 2.415762380152233391e+01 3.335532535257806330e+01 3.161903921636869796e+01 2.437670336658315051e+01 3.216121020718536272e+01 3.634595898872611031e+01 3.171529146649692521e+01 2.457986857695225069e+01 3.171529144099589814e+01 2.775619921644355870e+01 2.352079046768005455e+01 2.013472500281383759e+01 1.045489877710720528e+01 2.011568606225741007e+01 1.025811148016197372e+01 2.024565139635027577e+01 2.735867223544981996e+01 3.138430407577714476e+01 2.430719860857693959e+01 2.300756547054209733e+01 3.301713643270484511e+01 3.694708078208528690e+01 3.179525613576677756e+01 2.744757294639031997e+01 3.172666981484139725e+01 2.781039428662394997e+01 1.829835740329488658e+01 1.274405513390398248e+01 1.621840874947492139e+01
1.369999999999999864e-02 2.307857338705619821e+00 4.664879942660782319e+00 1.466488100842157927e+01 2.192054123505140240e+01 2.606284506953125657e+01 3.106302994325301015e+01 2.917418712121680713e+01 1.915625853440970161e+01 2.869828065730276379e+01 2.159156292682705569e+01 1.860131934331311854e+01 2.213785311525972332e+01 2.791364277082154999e+01 3.796349529030562309e+01 3.464771988836699990e+01 2.556958869837783155e+01 1.846925268024830658e+01 1.364531066777626123e+01 1.364531066777626123e+01 2.013472500281383759e+01 1.929092230337613145e+01 1.280771663361393919e+01 1.311034486363663376e+01 2.011776218868063282e+01 3.032041159553540766e+01 3.431394900902685663e+01 2.879228801918728209e+01 3.716339885512371666e+01 3.251961735541147647e+01 2.237552858647824294e+01 1.736715464040479517e+01 2.269055392506150781e+01 1.999323966734278102e+01 2.244787566929704781e+01 1.660880647710064295e+01 7.858553506395581145e+00
1.290000000000000001e-02 1.001289999999996283e+01 1.466488100842157927e+01 8.587202645424476088e+00 1.192053597875783844e+01 1.692053597884102345e+01 2.692054865199764535e+01 2.563231455769520650e+01 1.561972794827966382e+01 2.136291539607137580e+01 1.451768018029041230e+01 2.452854291250775631e+01 3.216121023292687653e+01 3.634595898872611031e+01 4.216339651121636933e+01 4.010507536715558530e+01 3.283733191185635292e+01 2.352259535595417717e+01 1.924285238202647719e+01 1.924285224869314348e+01 2.775744862422707726e+01 2.420695715154696259e+01 2.560919099706127966e+01 2.310604901387948829e+01 1.635246546799743683e+01 2.347601174369045651e+01 3.374834665626167407e+01 3.878838669270820816e+01 4.293861104797645822e+01 3.694708246121169282e+01 3.179525613576677756e+01 2.269198784896943977e+01 1.261742802947242303e+01 1.005535209907281313e+01 1.864721842021201326e+01 8.922208448361651278e+00 1.739315276404220612e+01
1.359999999999999924e-02 7.084660016633355539e+00 1.708374482514188841e+01 1.436070533829830786e+01 2.192054123505140240e+01 2.606284506953084090e+01 3.106298148766191147e+01 2.980410765676659679e+01 2.136290590404599854e+01 1.135594110887413066e+01 2.136291550845123055e+01 2.268739567368857379e+01 2.977096990205981086e+01 3.984200693964117335e+01 3.691360232101794026e+01 4.001712554650224973e+01 3.798664806084338608e+01 3.363165132982904026e+01 2.936868894582411826e+01 2.936868881249078456e+01 3.363165119649570300e+01 3.535962090679247893e+01 3.374834665626167407e+01 2.347601174369046007e+01 2.347601174369045651e+01 2.107209462246968812e+01 2.694832515767788905e+01 3.732883084105406368e+01 4.594470152437959598e+01 3.683858467899656119e+01 3.264875313489843478e+01 2.684092424498211216e+01 2.265875401903025121e+01 1.996844752651485777e+01 1.005535209907281313e+01 1.864721841128934088e+01 1.572144684462386444e+01
1.379999999999999977e-02 1.001379999999996251e+01 1.915873179291876482e+01 2.436072605544237035e+01 2.850302735822532085e+01 2.669926926635229947e+01 2.963075788404229627e+01 2.799155845891635508e+01 1.967112596083030240e+01 9.666940534177800970e+00 1.967145257270023961e+01 2.630040964444138751e+01 3.209581248747498705e+01 3.388429406156453894e+01 2.647319544093556587e+01 2.953109402086393587e+01 3.646674043024816569e+01 3.245741682856326804e+01 3.646534466261049090e+01 3.622835835989931041e+01 3.729338419784286174e+01 4.132910618756666565e+01 3.804384932386735585e+01 3.374834665626167407e+01 3.374834665626167407e+01 2.615276881797728592e+01 3.562939260835867827e+01 4.167326897952455056e+01 3.600542429271109768e+01 3.264867848038132792e+01 2.265052796255709211e+01 2.313011678221574385e+01 1.306010867013916688e+01 1.140856435173769334e+01 1.996844783764107234e+01 2.412755351231249534e+01 2.571007138859334873e+01
1.349999999999999985e-02 5.013500028067387149e+00 1.208458363545673819e+01 2.208567094815303733e+01 2.375115694236831487e+01 1.664064098488844934e+01 1.958673752051617001e+01 2.382800432301233329e+01 1.381740818905923796e+01 8.046175634386312225e+00 1.212632275020405359e+01 1.790003266816877314e+01 2.791748817253204606e+01 2.953111981776500272e+01 1.929414462423214260e+01 2.953111981776500272e+01 3.158819140799371183e+01 2.267822074138660682e+01 3.158702258553982389e+01 2.644653611487529332e+01 2.751844183698204915e+01 3.510748017610983851e+01 3.854686371201436401e+01 4.257143204057098984e+01 4.081682724748763746e+01 3.648633770047877789e+01 4.082141978645471170e+01 4.377688838039693309e+01 3.444110043607267357e+01 2.602064334968126147e+01 2.557861315825905635e+01 1.554265219596602954e+01 2.278740545282335361e+01 1.272187106734338080e+01 1.656995730121480292e+01 2.235042403377260811e+01 3.232708222438772339e+01
1.359999999999999924e-02 7.084667811866020237e+00 1.708466781708525062e+01 1.858558080342660190e+01 1.927221503071502795e+01 8.751125978223054602e+00 1.808451557701229007e+01 1.404210592314362849e+01 1.460518512034459704e+01 6.604656525346672247e+00 1.660465334217296274e+01 2.630040964444181029e+01 2.562162863188396500e+01 2.135303550004580231e+01 1.575357028163990947e+01 2.582711806180898506e+01 2.282614508312815715e+01 1.770298302488011544e+01 2.601436251493670682e+01 1.943325077769722498e+01 2.230934896202584738e+01 2.531170909097976818e+01 2.881856520056650339e+01 3.446128673937938203e+01 4.412704809272857887e+01 4.646745460640936898e+01 4.136943330100805838e+01 3.365802820473854950e+01 3.026045369968529286e+01 2.023056795528853513e+01 1.825699499341550336e+01 2.488245484828945209e+01 1.485648354686636985e+01 2.228464874989813538e+01 2.656698315024125279e+01 2.656705593242417862e+01 3.651974446595021107e+01
1.290000000000000001e-02 1.001289999999996283e+01 1.059786652769845361e+01 8.299928288423403799e+00 1.169701521486380358e+01 3.868495071268065022e+00 1.302548723431292110e+01 3.970730689101725108e+00 4.610162824907115819e+00 1.460088055068127133e+01 1.974086944045745184e+01 2.377577105742719965e+01 2.135249239351604444e+01 1.128298048136383258e+01 2.122350324152804646e+01 2.138022942884449762e+01 1.289284031189595936e+01 1.393365718742649406e+01 1.611097843715269562e+01 2.601932665751995444e+01 3.097581422191386835e+01 3.510747670651745977e+01 3.854686371201436401e+01 4.257143204057226171e+01 4.816090745774470605e+01 4.222355275236040484e+01 3.204806826715878287e+01 2.704444876972970491e+01 2.358406663505545353e+01 2.731944166676719021e+01 2.827575814607369864e+01 2.640396143154912423e+01 1.640271333809732113e+01 2.187520329619836446e+01 3.138563731251469946e+01 3.658777762068309158e+01 3.791393591648413519e+01
