output/example/elevation_average_000077.asc
nrows	75
cellsize	133.333333333
xllcorner	0
ncols	75
yllcorner	0
NODATA_value	-9999
[rows 17 to 33 of 75, columns 37 to 73 of 75]
2.879026730251644040e+02 2.485868869715267522e+02 1.572011252395600422e+02 2.521663919322065794e+02 2.431524360767938617e+02 3.163541197555779263e+02 2.914713692080528631e+02 3.862899289387122508e+02 4.036947812949981085e+02 3.187835030624461865e+02 3.958160061909746332e+02 3.678887881593833526e+02 3.279569028464854341e+02 2.543004296024668918e+02 3.499557509097788852e+02 3.878147341867993418e+02 4.111842360575620319e+02 4.103449267165878496e+02 4.203747859169790217e+02 5.132264071985588316e+02 5.210728813425449744e+02 4.674438459363125844e+02 3.910758148126636229e+02 2.959579533876054711e+02 3.824530777883078372e+02 4.171190223631579670e+02 4.563596968678011194e+02 5.029531406295935199e+02 5.126897069276235470e+02 5.144271882295018941e+02 4.493857746613061295e+02 4.597516667284926370e+02 5.526496774591450958e+02 5.846195048363041451e+02 6.221571718628190411e+02 6.035475539481064970e+02 6.028787637176120597e+02
3.650856830824530448e+02 2.934720631875992467e+02 2.528189467019232382e+02 1.627729396340183428e+02 2.566322743979643519e+02 2.221447254376514593e+02 3.164626593162028598e+02 3.567204181558467440e+02 3.176971945536033104e+02 2.695038534903108598e+02 3.649397388593835103e+02 3.286516437851376509e+02 2.329623757171116551e+02 3.286619579428994484e+02 3.541794453852214133e+02 2.926895496239482668e+02 3.183466896369672554e+02 3.505259496849131438e+02 4.160325298268181768e+02 5.094558216939906856e+02 4.946169534217328305e+02 4.514054541704994676e+02 4.159527544076951813e+02 3.824381701548445562e+02 2.872207248253231455e+02 3.234852181575563463e+02 3.706478672959576102e+02 4.370774552616013580e+02 5.302421342962364861e+02 5.757895565373091813e+02 5.423452839567947876e+02 5.525069736645695002e+02 5.557647003952906744e+02 5.716664572203611669e+02 5.503333221218369999e+02 5.113973145544827617e+02 5.777472312440797850e+02
3.625291435590220885e+02 2.716939269962801973e+02 2.028368517887197413e+02 2.587982493563181947e+02 1.684125031511282202e+02 2.620531748810178669e+02 2.745968144922649117e+02 2.787593865695162663e+02 2.216169421550666527e+02 3.176880807839005456e+02 2.944463076795303778e+02 2.985427895672848990e+02 2.185894367038693531e+02 2.383457846677397640e+02 2.588876421920118105e+02 3.267768401649450993e+02 4.126818512320902528e+02 4.440480147650403069e+02 4.831939021735197457e+02 4.597561362199548398e+02 4.212819887545007305e+02 3.621573218210468212e+02 3.212017711691806312e+02 3.680358493804689033e+02 2.811559727474196961e+02 3.488290338537073580e+02 4.432282279922054045e+02 4.811139906360109535e+02 4.449165185912557376e+02 5.098102138349902930e+02 5.262768433785937532e+02 5.256748196977541738e+02 4.630386430640695039e+02 4.790559309286280154e+02 4.574314362354815557e+02 5.503486837390595383e+02 5.957104712231177928e+02
3.158625298754482742e+02 2.565385587924523634e+02 2.971787425012244057e+02 2.608896796282202786e+02 2.640164464819903856e+02 1.740674441881004952e+02 1.781225760180063560e+02 1.821801000877194099e+02 2.787909245162540515e+02 2.885640189917012890e+02 1.980348380061636249e+02 2.022103532802070731e+02 2.985714834142502241e+02 3.335171661366756553e+02 3.541788812320569946e+02 3.933091567757875282e+02 4.599058283541028231e+02 4.361315339573829419e+02 4.624143479705138020e+02 4.211378119593553038e+02 3.265966829631300357e+02 3.533486183213621530e+02 2.666369061662731497e+02 2.726275703827049028e+02 3.680604551331426819e+02 3.968194533109927988e+02 4.063566242097463714e+02 3.872485209430496980e+02 3.782899795067302193e+02 4.349063411978864337e+02 4.330744451592855171e+02 4.672179199954145474e+02 3.959231231283524721e+02 4.130151604815400788e+02 5.065340206224556141e+02 5.041722503471739287e+02 5.696875263530706661e+02
3.733395121785230231e+02 2.960399979107537547e+02 3.654507049390744555e+02 3.544146669442883990e+02 2.885134845920197790e+02 1.975166079478051984e+02 2.685046072678669589e+02 2.787617211523146352e+02 1.879804564757463368e+02 1.921084388849651248e+02 2.885821983459040325e+02 2.985384046280952930e+02 2.085328584964435663e+02 3.048122678000006545e+02 3.500567865951359749e+02 3.898531147562086403e+02 4.075647305373595373e+02 3.416665282792998823e+02 3.683132004788503195e+02 3.845950396473558044e+02 3.457079807251409989e+02 2.582630970658182719e+02 3.538874866870845040e+02 3.680424703776234310e+02 3.841135154552500808e+02 3.022126430982460761e+02 3.115046742103883162e+02 3.209210150824144421e+02 3.305290719648513686e+02 3.404722985088476435e+02 4.349783949236405078e+02 3.731577116794218796e+02 4.672274779489726484e+02 5.063193677165971280e+02 4.453737088096386856e+02 5.384505597766052460e+02 5.821505017354553502e+02
3.441189147173197398e+02 3.765314809284351441e+02 3.813705078967366831e+02 2.940553174483540033e+02 2.530276567169000259e+02 2.286209645996861468e+02 3.135328500161684246e+02 3.173202168573937456e+02 2.220864491262727825e+02 2.885593882199028144e+02 2.235683450052445949e+02 3.196237351629960131e+02 3.047971637603944828e+02 2.147874468841938551e+02 3.084582276980036681e+02 2.951650608173551404e+02 3.257561396955753139e+02 2.735310233348818656e+02 3.346394024272424872e+02 3.390905295887156399e+02 2.499880655742326496e+02 3.457159026476479653e+02 3.646009874359176024e+02 2.809080727921269158e+02 2.891871356408440761e+02 3.840996832959933158e+02 4.062477860758723409e+02 4.131658542110196777e+02 3.997892312311046226e+02 4.349267739320442274e+02 3.549723103348869699e+02 4.492954197161384400e+02 4.056141933825119281e+02 4.992270858182329221e+02 5.383885416316480814e+02 4.896776364719717662e+02 5.553391041503464294e+02
4.044303383519654744e+02 4.288233427487658673e+02 3.585458172177876008e+02 3.802547757036963390e+02 3.422631024870069041e+02 2.637405389885238378e+02 3.476015245827755393e+02 3.557383464100879564e+02 2.613672144117025482e+02 3.420836720241790090e+02 2.470956383669200420e+02 3.384924683667419458e+02 3.500579623602528159e+02 2.868525863670479907e+02 2.210085989771155823e+02 2.254094031157461870e+02 2.298828938902378241e+02 2.343483153256225933e+02 2.388294771073592528e+02 2.433166667139368542e+02 3.391334492496528696e+02 2.612370352133745541e+02 2.692491570337385269e+02 3.646211482407588846e+02 3.838912829475705166e+02 3.176533178122147660e+02 4.124157502070993360e+02 4.806030538545238073e+02 4.930459476727767765e+02 4.723593686125910267e+02 3.788503268849497658e+02 3.911209907396734593e+02 4.849481694359920425e+02 4.399827336333269727e+02 5.331223519197129690e+02 5.819262176713441477e+02 5.653717392671369453e+02
4.678448034765265788e+02 4.665358174167764105e+02 4.430936914843625232e+02 4.265593709812868042e+02 3.404659516492297371e+02 3.205590239430200654e+02 3.928193509591407633e+02 3.542943668045836034e+02 3.292060459327802846e+02 3.678659453986908261e+02 2.730795355413918628e+02 3.668265651950506481e+02 4.200548562615919082e+02 3.561778101347151733e+02 3.146418685410605462e+02 2.460587798734352134e+02 3.258450064058438898e+02 3.267892221923989382e+02 3.090991359402768239e+02 3.391217104862036535e+02 2.646130915030749406e+02 3.567893932206275736e+02 3.646570854768339132e+02 3.297977521155747240e+02 4.243899505871476094e+02 4.123819563817241374e+02 3.478719506976837579e+02 4.422596653694312181e+02 5.145258570904426279e+02 4.974203284235599654e+02 4.043196559442600915e+02 4.849157894212273732e+02 4.316322950712082616e+02 5.248969152122281230e+02 4.767554279128970620e+02 5.694025893524254798e+02 6.479359810935087580e+02
4.659605098639746643e+02 4.632908102779354067e+02 4.424214243298525275e+02 4.583824327365226736e+02 4.253527827869787643e+02 4.138349692110024876e+02 4.460968484729092438e+02 4.485425925127293567e+02 4.238248797597133262e+02 4.069576437418270984e+02 3.211952859769090765e+02 3.280832142637678430e+02 4.224568509574436916e+02 3.979489394485185585e+02 3.038994401198980881e+02 3.418430623220517077e+02 2.822365011263358383e+02 3.774865087711571050e+02 4.028167275120205204e+02 3.989618573608781276e+02 3.216214854533488392e+02 2.871599667700011196e+02 3.823879146674426579e+02 4.244398620564336397e+02 4.242872762187735702e+02 4.805534739358363368e+02 4.422422475114693725e+02 3.824516052608474865e+02 4.763839794007274691e+02 5.359926246375950996e+02 4.979712854709442809e+02 4.466158027973255003e+02 5.249084010393592052e+02 4.788507115550925732e+02 5.693999701730110701e+02 5.185100037030474596e+02 5.867479166712530514e+02
4.337522940349118699e+02 4.249782963522818022e+02 3.545386663994495962e+02 4.284119155093679296e+02 4.995992189412860398e+02 4.720009147217215286e+02 4.814306137275526112e+02 4.432865985092141159e+02 4.815956905827302990e+02 4.544335059782207509e+02 3.889227787482680014e+02 3.953369137156478814e+02 4.208731938703682545e+02 4.374908439956242319e+02 3.628300613172116300e+02 4.123916079510445343e+02 3.375604330505785242e+02 3.297777406604681687e+02 4.244025163066359028e+02 4.548270591327747638e+02 4.148701220690060723e+02 3.800123062367406988e+02 3.106194850153015636e+02 4.055439584655708813e+02 4.706312581017007801e+02 5.555484519664270238e+02 5.145284177230489604e+02 4.763781961374284606e+02 4.243704497789809125e+02 5.177230562116781130e+02 5.702744988919753268e+02 4.790348842600257058e+02 5.663946726867660573e+02 5.714681416224194663e+02 5.329205056270321847e+02 6.105732907985642441e+02 5.764438301855793725e+02
4.003872491433029950e+02 3.998660263790141016e+02 3.121375552118542487e+02 3.997177815062821082e+02 4.553334153092550309e+02 3.828310034237185846e+02 4.411925394569489072e+02 3.488962374946324871e+02 4.405790766350647232e+02 4.966718298908118072e+02 4.825827966387864763e+02 4.890445519320742278e+02 5.142179768205170376e+02 4.936465959486205861e+02 4.562167193329398174e+02 4.704820305682174535e+02 4.320869391199490792e+02 3.969609102125627373e+02 3.960731902842026670e+02 4.897027797551915000e+02 4.615254550823773911e+02 3.684460582171930696e+02 4.047984549938453824e+02 3.376815692937876747e+02 4.322241825321057149e+02 4.921460002503347368e+02 5.272836891151455347e+02 5.556355969942715092e+02 4.943386498091386443e+02 4.821986694777477283e+02 5.714519028844084687e+02 5.478395543631164628e+02 5.455818262242906940e+02 6.350444706116985571e+02 5.988700672819073816e+02 6.081211399624045271e+02 6.676833821694198150e+02
3.659061171857085810e+02 3.646232039399777136e+02 2.751520565622179788e+02 3.646420211007919647e+02 4.164755712235271972e+02 3.245259127298054977e+02 3.605310912083712083e+02 3.085422122901655371e+02 3.642545605330714125e+02 4.565997290899251198e+02 5.265991839432957704e+02 4.919769249908847542e+02 4.546010160070053416e+02 4.901040220427661893e+02 4.879344895252664287e+02 4.496370889582061068e+02 4.879509307918735885e+02 4.906873451611140808e+02 4.897931384519366702e+02 5.240359898214067016e+02 5.008343560048754739e+02 4.270210852287193575e+02 4.663184891838819794e+02 3.802836512170101742e+02 3.714111870225160601e+02 3.991808463765599981e+02 4.354537412305493831e+02 5.283717230296371099e+02 5.855894500581691773e+02 5.470231269127218638e+02 6.122916723946340198e+02 6.380597311229271327e+02 6.372934378451341217e+02 6.745109616215452206e+02 6.897354196050292785e+02 6.989344791032754074e+02 7.357968133932732826e+02
3.940467442645047527e+02 3.333605541113237791e+02 2.391594986174694668e+02 3.323346652627034246e+02 4.034595357103672200e+02 3.598376129596742317e+02 2.650226984367603791e+02 3.582840834667439367e+02 4.053170376258074157e+02 3.948830763773801777e+02 4.856860050813513681e+02 4.428291631885147126e+02 3.605278345516063041e+02 4.348884878391917255e+02 4.477662293661975923e+02 3.553106421265525796e+02 4.477867124984983889e+02 4.828915417768924385e+02 4.951506764113386225e+02 5.337008697554763330e+02 5.573137737825315980e+02 5.186066472079851337e+02 5.124292247909519347e+02 4.348668186895387748e+02 4.260562333959400121e+02 4.898787886247299639e+02 4.928912460569233076e+02 5.023656127455517435e+02 5.946553133098647095e+02 6.386401097210102762e+02 6.085449302257629824e+02 6.171679053985915289e+02 6.545105257553635738e+02 6.400018253010453009e+02 6.302542307878186421e+02 6.675121324982347915e+02 7.313994459261512020e+02
3.714811837594926942e+02 2.781063825637821196e+02 2.105521773536459875e+02 2.733856071320016099e+02 3.516334679229457265e+02 3.133150476134625251e+02 2.425967529711140003e+02 2.757145705555984705e+02 3.140518968761592760e+02 3.998842399171607553e+02 4.253006076962756197e+02 3.859961828080248551e+02 3.098069731090769210e+02 3.972570032454134434e+02 4.090872038160098896e+02 3.153476724368431974e+02 3.945245497849369940e+02 3.893086765017387734e+02 4.019482573847132585e+02 4.774405183213432338e+02 5.167217991963062786e+02 5.638902909245384762e+02 5.659457628128330953e+02 5.280896155943725034e+02 5.194053473144425652e+02 5.573056649562863640e+02 5.846642468495689400e+02 5.941430154506277859e+02 6.321424213812946391e+02 5.798514035928975545e+02 5.167247201346395968e+02 5.251789431957171246e+02 6.101431857516462287e+02 5.487747504681532291e+02 5.384528767129863809e+02 6.036282144725453236e+02 6.593585190466733366e+02
3.436011372637947829e+02 2.822284992190545836e+02 1.861143343770334297e+02 2.815652281021144745e+02 2.896853410201930501e+02 2.171701414214467434e+02 3.133040219751380278e+02 3.707576271688293446e+02 3.590073791318958456e+02 3.616461770907282016e+02 3.657505529078522386e+02 2.950907526293588035e+02 2.740386194743699662e+02 3.691559608501237904e+02 3.523582410053463718e+02 2.810518865383466505e+02 3.013986772911696903e+02 3.232595220057501137e+02 3.522408774938742795e+02 3.846361698211981093e+02 4.327262245024794538e+02 5.012857541414057323e+02 5.923986669244549148e+02 6.056987716929970702e+02 5.680894517906932606e+02 5.786445292894927661e+02 6.095042515217645587e+02 6.189476617767226116e+02 5.802843238411525135e+02 5.408935154652587016e+02 4.490110343210020574e+02 5.400164061612765636e+02 5.312619428770917693e+02 4.801647054507109260e+02 5.727664342471149439e+02 6.015570214985956454e+02 5.679665945151244841e+02
2.522109887726512909e+02 2.560691193871427913e+02 1.646744255074443402e+02 2.615086938747876957e+02 1.932410584932236191e+02 2.896841564274263874e+02 2.823392868438950245e+02 2.863489013810478241e+02 2.638198204466417565e+02 2.662023922027423168e+02 2.981994344844787292e+02 2.308065167312485926e+02 3.252572422271649089e+02 3.296761792594265899e+02 2.567162174164761268e+02 3.502494866550289316e+02 3.960646319209799913e+02 3.797200872491484347e+02 4.458854133277245637e+02 4.774462284691627474e+02 5.167226024913632045e+02 5.415620064739387090e+02 5.793248643135978000e+02 5.488384143470846084e+02 4.754700558039620546e+02 4.861889319797433018e+02 5.786453861744009828e+02 5.617705455326728270e+02 4.917619480495118296e+02 5.043674996530269823e+02 4.169549256691965411e+02 4.943697542490415913e+02 4.380884282722533385e+02 5.312786877388547282e+02 5.622453367211736577e+02 5.093495029822100832e+02 5.629013980843174068e+02
1.553441979085208402e+02 1.592051627521600494e+02 2.561079235316460085e+02 1.702101683981954920e+02 2.669724615308887792e+02 2.765035968118687606e+02 1.858663642013713115e+02 1.899061768634164764e+02 1.939018391235840681e+02 1.978771992400956208e+02 2.018580195436423423e+02 2.058389463351323343e+02 3.021364529086084190e+02 2.337322401950227118e+02 3.296864770417919885e+02 3.912176130327209194e+02 4.508655020062713561e+02 4.716425483463050909e+02 5.117761065118152715e+02 5.037985370099702322e+02 4.656061554749693414e+02 4.485432601147518881e+02 5.151794916675263494e+02 4.770388531430990042e+02 4.212338275898310940e+02 4.872769075140062114e+02 5.795992251914026383e+02 5.232408294881549864e+02 4.305524194657139105e+02 4.653985980830885865e+02 3.883858465033167704e+02 4.008842864190384034e+02 4.945943688242197140e+02 5.305321154443520300e+02 4.694807048938289995e+02 5.622385161666612703e+02 6.389900764755446971e+02
