output/example/elevation_000433.asc
nrows	75
cellsize	13.33333333
xllcorner	0
ncols	75
yllcorner	0
NODATA_value	-9999
[rows 17 to 33 of 75, columns 37 to 73 of 75]
2.214391178181783104e+01 2.575378543042275936e+01 1.739596312552203372e+01 2.700243029296928299e+01 3.292141529905848074e+01 3.676507731125300893e+01 4.055180374020047651e+01 4.477153934476267239e+01 4.599390859257907493e+01 3.897239248139448620e+01 4.318250809412728586e+01 3.908731870077478732e+01 2.935593407361976759e+01 2.868587162370980082e+01 3.701926663237048132e+01 3.889635573511035460e+01 3.363951110186540205e+01 4.357870294460116867e+01 4.898617896058240007e+01 5.325819307964172111e+01 4.755606160562453510e+01 3.671423048776001252e+01 3.054216334563623647e+01 4.113792376878597423e+01 4.913323343692638900e+01 4.668847134692054368e+01 3.652793330435957131e+01 4.668847081046164504e+01 4.363635597106620878e+01 3.630009850038601371e+01 2.254617544527079787e+01 2.196135729808314707e+01 3.208378270669032162e+01 3.540205688331961653e+01 3.904998945375070463e+01 4.331020832037486201e+01 4.366182848457609111e+01
3.065902246693411826e+01 2.089615994992919212e+01 2.653332931911542047e+01 1.867793533791179428e+01 2.861662291763841282e+01 2.687037548903474260e+01 3.053940051874894834e+01 3.626324512105044562e+01 4.641305084769761891e+01 4.893367863908760995e+01 4.407579871263052951e+01 3.409883885744881127e+01 3.908731870093186700e+01 3.158629487606271269e+01 4.151261233326435729e+01 4.765704053271801399e+01 4.065956935152905061e+01 4.065956935151461238e+01 5.062611481444802308e+01 5.030891874010678322e+01 4.430740993385170867e+01 3.879065157454961366e+01 2.828296280108667560e+01 3.435005709590464562e+01 4.485661643994696846e+01 4.223037802315311495e+01 3.018588956906062393e+01 4.223037802316451916e+01 3.926307039431487311e+01 2.878493559533072244e+01 3.015751586693064823e+01 2.128723851940601008e+01 3.137210983928431318e+01 3.682096311567642033e+01 3.942323477503789064e+01 4.345676593851806047e+01 4.779106885799780713e+01
2.504184536570511099e+01 3.070749886720861355e+01 2.918600443178313952e+01 1.968911747291095082e+01 2.228735063104857872e+01 2.790635265802313469e+01 3.783021437289878008e+01 4.477153934476267239e+01 5.064139407541801319e+01 5.111475824130258871e+01 4.116016658598645250e+01 4.116016658558314845e+01 4.567841776191861669e+01 3.724019658040676717e+01 3.855294727672931288e+01 4.865787646817457812e+01 5.062611494007332880e+01 5.062611482755183090e+01 5.465452950182356062e+01 4.605010735529173616e+01 3.560829356693746917e+01 2.953376925542116993e+01 2.628867861961609975e+01 3.426291822372814977e+01 3.855221484303162072e+01 3.821554853384137118e+01 2.612648618156404012e+01 3.300654409395151845e+01 2.990750997180253279e+01 2.931106311866470904e+01 2.040195292880169475e+01 2.992432483125018194e+01 2.436047016838593748e+01 2.671594821846077039e+01 2.934467999546304640e+01 3.392076001207377800e+01 3.965397676031503238e+01
3.499707770444501165e+01 3.854892054241490484e+01 3.064425007531998091e+01 2.083045103378589502e+01 3.065199408204671627e+01 3.626293506221865215e+01 4.202812411983659047e+01 4.827858845587593351e+01 5.236576733783949322e+01 5.511148483898555384e+01 5.111475824130254608e+01 5.111475737176977674e+01 5.149992511078798429e+01 4.734884123082266427e+01 4.865787647093369372e+01 5.280388225332657726e+01 5.521423557542113514e+01 5.100144497183107006e+01 5.521423820665701498e+01 4.738903535918177568e+01 3.696979993160566380e+01 4.002136591846137037e+01 3.426230515147520350e+01 2.396817315660529957e+01 3.214785527268549004e+01 3.073078200253831227e+01 3.293068387369728356e+01 2.146915862491871962e+01 1.890177340612668999e+01 2.882423111775080926e+01 1.977942341516678937e+01 2.879058133221284876e+01 3.420635745787255644e+01 3.682058910282975006e+01 3.942323477503860119e+01 3.525534399476697445e+01 4.101761875277092173e+01
4.459835832386453802e+01 3.851345955590420544e+01 3.181081903468239958e+01 2.200749975715058326e+01 3.181093724541469570e+01 3.814205475343616314e+01 4.006891567709038782e+01 3.822267942178024924e+01 4.663640451988506896e+01 5.072852824616007439e+01 5.571243133561753780e+01 5.397641459496315974e+01 4.976939048590624992e+01 4.976933915910301920e+01 4.866771877814521474e+01 5.287165348677401511e+01 5.016247095432669312e+01 4.092568595258285313e+01 5.016247100223346678e+01 5.164501730198153240e+01 4.738903536634209956e+01 3.983014921302748235e+01 2.941462748802490523e+01 3.214785527268549004e+01 2.199100120331938868e+01 2.068036674982009870e+01 2.879096387664785794e+01 3.093712457569764851e+01 2.795185805720024064e+01 1.890177340612668999e+01 2.881815796005800934e+01 2.353927449913053138e+01 3.356594280044964052e+01 4.231856828108136881e+01 4.676009762906927847e+01 4.511667946108859439e+01 4.916821156487947775e+01
3.718588841742155182e+01 3.439180399001134703e+01 2.464821004245358793e+01 3.181093724541469570e+01 2.425798301293671955e+01 3.401979629396276295e+01 3.010208522683650401e+01 3.316710919662631341e+01 3.650506218602391328e+01 4.161815756729576776e+01 5.165474734829624737e+01 4.976938354003093679e+01 3.972765794612524104e+01 3.972765785599855803e+01 3.863808454782557789e+01 4.706082152349192427e+01 4.596356518303373662e+01 3.600481985423376585e+01 4.596356518303373662e+01 5.201403165572225618e+01 4.716643659492428498e+01 3.679146987602872088e+01 3.983015111087077997e+01 3.642529288603746807e+01 3.171138160727127797e+01 2.160683624358711086e+01 1.883955154190459069e+01 2.076604679390652564e+01 1.801690028176704317e+01 2.795168408024634843e+01 3.305535075610414708e+01 3.356594279809776538e+01 2.798852209874916142e+01 3.249660069334579759e+01 3.959972399568027157e+01 4.969992147940993021e+01 5.121476337139843338e+01
2.740439803779071326e+01 2.740439803779071326e+01 3.439180399001134703e+01 3.814205475062106387e+01 3.110678981958464107e+01 2.663353881635953258e+01 3.090597789996385458e+01 4.085476908604034207e+01 4.663640563074250878e+01 5.072852824604519384e+01 5.570920412476735351e+01 4.845744187625139432e+01 3.843103986447139420e+01 3.279621158093332411e+01 3.299819306330272894e+01 4.261379731504516855e+01 4.264398331496684591e+01 3.282924960945952364e+01 3.785714667819807033e+01 4.781603650237257597e+01 5.141362030652690152e+01 4.716643659492428498e+01 4.677575784450606733e+01 3.656293258640184263e+01 2.627103965569389388e+01 3.170507876199101105e+01 2.708830171818924981e+01 1.710784278769495259e+01 2.708412745988621140e+01 2.768973906538797536e+01 3.701144842121070155e+01 4.221860437970457269e+01 3.811492685825989213e+01 4.232090812340569386e+01 4.676009762913982826e+01 4.395845860957093265e+01 4.095279876450950951e+01
3.718588841742154472e+01 2.990902967535201995e+01 3.977732428996520042e+01 4.517731968727085956e+01 3.929666897256336711e+01 2.936298434150732817e+01 3.929649369318799046e+01 3.899590163928210274e+01 4.862723182534118394e+01 5.012442772610323516e+01 5.082264562889843518e+01 5.265930063165103547e+01 4.685130658740958864e+01 3.845912554471550493e+01 2.875440293627202237e+01 3.531050507556914653e+01 3.626490399891493155e+01 3.001197907493012806e+01 3.968473259488963123e+01 4.830190098150001887e+01 5.250264973712789640e+01 4.980591965894826245e+01 3.952062600718859642e+01 3.219213238908919550e+01 3.656293258791591683e+01 3.110044731677899676e+01 2.171620394903797191e+01 1.710784278769495259e+01 2.411391384401504467e+01 3.418400536226155850e+01 3.704243707137867148e+01 3.691362701330150742e+01 4.117404731445970612e+01 4.303748581282684427e+01 3.878576297375845883e+01 3.361306733794599211e+01 4.095279876450950951e+01
3.446355302032076651e+01 3.977732428996520042e+01 3.887445308519859566e+01 4.567409335353988808e+01 3.559050002885226860e+01 3.503274375867646029e+01 4.343328969439029663e+01 4.878348150894763791e+01 4.667802555639379847e+01 3.934624723308387217e+01 4.059761715489199929e+01 4.784167509881233826e+01 4.586142457597879485e+01 3.594229190571970634e+01 3.041193687417318259e+01 2.568196309569044544e+01 2.670218515977529350e+01 3.339290632719148277e+01 4.319851972909015103e+01 3.828874315329341016e+01 4.669984667346442819e+01 5.250264980265091452e+01 4.677575784450606733e+01 4.253311877133263863e+01 4.152449953835209584e+01 3.110134255373548839e+01 2.654874313620409509e+01 1.654028597777455190e+01 2.649579769948825714e+01 3.270717692703534141e+01 2.615183747845605211e+01 2.652928897404569852e+01 3.298770272877887066e+01 3.521353431937306055e+01 2.837101625320384812e+01 3.306328348860704835e+01 3.907039539971258790e+01
4.026647118086386001e+01 4.862502166590901709e+01 4.684326216989347813e+01 4.567409335353988808e+01 4.567409335353988808e+01 4.512129913456404751e+01 4.922880909547209427e+01 4.416450854561185224e+01 3.994488765875691882e+01 3.209077911764842383e+01 3.342838160386500590e+01 4.359245865710292378e+01 5.005103922763276358e+01 4.163736226659495543e+01 3.331378801922100052e+01 2.375625263386688601e+01 3.331376280453443428e+01 4.038281915840055092e+01 3.757932096404027789e+01 3.263784031415612219e+01 3.828874315329341016e+01 4.830190098159474132e+01 5.014918498235049071e+01 4.414920171250116709e+01 3.986887285490830379e+01 3.376974705389319809e+01 2.311863239000909687e+01 1.598061811693631284e+01 2.459308821213974028e+01 2.656334843467814366e+01 1.912399525665702171e+01 2.077501488678003483e+01 2.264030827967135906e+01 2.477345874813727633e+01 3.521353431937306055e+01 4.303748581282697927e+01 4.765030798083768104e+01
5.031695379873533369e+01 5.437805451545862923e+01 5.429350871770454035e+01 5.562937823540421078e+01 4.993366742928398594e+01 4.484865667053639982e+01 4.062697480814026108e+01 3.680405104256738724e+01 2.983487805620630695e+01 2.705978762917379044e+01 3.716412071092777580e+01 3.956650307347926088e+01 4.377439528117736955e+01 3.750942549460373954e+01 2.787745254788386262e+01 2.239335213124781276e+01 3.194840769349557164e+01 3.736728090773603128e+01 2.781466434534488386e+01 3.755575884133902775e+01 4.185907740651684605e+01 4.672286570775077053e+01 4.590204063952117508e+01 3.545228750598393930e+01 2.884046982995399588e+01 3.346091599647826342e+01 2.953921402192378309e+01 2.517082794350285013e+01 1.519987727390699384e+01 1.683330283759826429e+01 2.665054770427573061e+01 3.091822333681469104e+01 3.298770272876598852e+01 3.521353431937285450e+01 3.948034445110750568e+01 4.618813678146642587e+01 4.618813678146642587e+01
4.726386005875410490e+01 4.894978285693918707e+01 4.263390056122599958e+01 4.894978285693918707e+01 4.570286451885081647e+01 3.555108509744005829e+01 3.051246924327522336e+01 2.671586867066983118e+01 2.405183327381525160e+01 2.405183327381525160e+01 3.155091433762978781e+01 2.947595392859843244e+01 3.793708126573056205e+01 3.747071235115090104e+01 2.782212999415965271e+01 2.111515726737585652e+01 2.886246840495906696e+01 2.772903304824468051e+01 2.490804150962019037e+01 2.837443114032492986e+01 3.296619707921215792e+01 4.257471305885604806e+01 4.456331940222280963e+01 3.406621780568842439e+01 2.731980617852289583e+01 2.150500010045222155e+01 1.881891768723998837e+01 1.468196322315148983e+01 1.468196322315148983e+01 2.438034642962297838e+01 2.734283536988547070e+01 3.832305874794075606e+01 3.710665007673583204e+01 3.937253906817564797e+01 4.308515942795025921e+01 3.569780359231958755e+01 3.569780359231958755e+01
3.754858940714665749e+01 4.320958499256506968e+01 3.376756136311053069e+01 4.381850298128338750e+01 4.993366743168792965e+01 4.397183158983005313e+01 3.383505912777783919e+01 3.680405104256738724e+01 3.410787089321462418e+01 3.155091433762979136e+01 2.156145509738515997e+01 2.371524270204644580e+01 3.343974095689804926e+01 3.712366126939084410e+01 2.746514270463406504e+01 2.746510828590502840e+01 1.935910054539173331e+01 2.099485384998760651e+01 2.337832316616745132e+01 3.289332303027073579e+01 4.185907740651685316e+01 4.672286570775077053e+01 4.881233267507493423e+01 4.279225648866413678e+01 3.589298420081622965e+01 2.567909583656266292e+01 2.105824870428075002e+01 2.423423369110398795e+01 1.417807195902971351e+01 2.423864616829979113e+01 3.056757565377527186e+01 3.353256106488910149e+01 2.679089512782601190e+01 2.898893124851450054e+01 3.452075893377836024e+01 2.836101875535520733e+01 3.433491475125211423e+01
3.067212721510993134e+01 3.435587915468129694e+01 2.895696696408166915e+01 3.642668671579168915e+01 4.693708018567286899e+01 4.819923971179869682e+01 4.397183158982993234e+01 4.585159074460884909e+01 3.571669481968238102e+01 2.859582250854086993e+01 2.925719125116140873e+01 1.933922357349682386e+01 2.727229514506873898e+01 3.108500229207540144e+01 2.718348179721316171e+01 1.793992494503348212e+01 2.746515214127606797e+01 2.618961840898380089e+01 3.275534293807586295e+01 2.880958672932951004e+01 3.416779983747845506e+01 4.377639524036682417e+01 5.015394285947730424e+01 4.591388549744254277e+01 4.015957827311777351e+01 3.425679090952079520e+01 2.723737338025490118e+01 1.679977881145844876e+01 1.367987333796434868e+01 2.368613729997864681e+01 2.190895718275790927e+01 2.687924473037564255e+01 1.972365099104229458e+01 2.186648017655626930e+01 2.425200205445607793e+01 3.452075893377836024e+01 4.308515942796678644e+01
3.087446546845321649e+01 2.447873272524818944e+01 3.157208617646491788e+01 4.189467713359714907e+01 4.730469227137778887e+01 4.323639754049095529e+01 4.196976537432762910e+01 4.600910845124689530e+01 4.289585922196253875e+01 3.636505608120090471e+01 2.631301723904444856e+01 2.727229514506873542e+01 1.737317969223897762e+01 2.537668650437575479e+01 2.085329339272107774e+01 1.692554470066064809e+01 2.488591936543608796e+01 3.369612212889219904e+01 3.958388699528169496e+01 3.822887009797501889e+01 4.230326766726368248e+01 4.791591023358100188e+01 4.591388549744254277e+01 3.527914190272871053e+01 3.839398618544017694e+01 3.826768674100633660e+01 2.723737334770352092e+01 2.337090111983301455e+01 1.319713386299810409e+01 2.230427944389732176e+01 1.503736852281165781e+01 1.691458038130940622e+01 2.695058976457976740e+01 3.203021956570577800e+01 3.452075893377836024e+01 3.883466613750280061e+01 4.164057229983025366e+01
2.143754189111476549e+01 3.131162166740251962e+01 3.886204376616496603e+01 4.427528556710281293e+01 4.323669992170612630e+01 3.353570124727722401e+01 3.228006313971637553e+01 3.971588749131772289e+01 4.089571039641990780e+01 4.056646512888582379e+01 3.636505608120096156e+01 3.030170197903664331e+01 2.261163869611537436e+01 1.542318100324384389e+01 1.548539936432868380e+01 2.020451190139597131e+01 2.533524060768805697e+01 3.557441256489161674e+01 4.319271477761106581e+01 4.018909612503951223e+01 4.441386242450471400e+01 5.030599191022233185e+01 4.456536897227423566e+01 3.387622043252164872e+01 2.758933229297678480e+01 3.356199807073259223e+01 3.344360862099029674e+01 2.325808168985665603e+01 2.233826354701707828e+01 1.254574322419137289e+01 2.208611265230067033e+01 2.640647952081895511e+01 3.121248162351787769e+01 3.940595506250992486e+01 3.522382694091294297e+01 3.149480705008357262e+01 3.869492220075387934e+01
2.143754189111476549e+01 3.130929639728280733e+01 4.062933987290944060e+01 3.421765203217361773e+01 4.131349097917474467e+01 3.637584981558233466e+01 2.664782121899159506e+01 3.006000257889712302e+01 3.173227820972520163e+01 4.052456786218811402e+01 3.426642354483617936e+01 2.863407207168029345e+01 2.366604090736772292e+01 1.400978495655046530e+01 2.433129040470648974e+01 2.700862687262865336e+01 2.955571132751438057e+01 2.883790884567481427e+01 3.432056837980862696e+01 3.002450790467200648e+01 3.587328117180670972e+01 4.608460898918824000e+01 4.881546235800948352e+01 4.271654238110301094e+01 3.356199807073259223e+01 2.295988243342515389e+01 2.955477502161832248e+01 3.054087815681639384e+01 2.210252393479992605e+01 1.214729399001063648e+01 1.214729399001063648e+01 1.938574436200714146e+01 3.066779139322546044e+01 3.041307987865367579e+01 2.510051452007574824e+01 3.519933164581994589e+01 3.606982043479921174e+01
