output/example/elevation_000066.asc
nrows	75
cellsize	133.333333333
xllcorner	0
ncols	75
yllcorner	0
NODATA_value	-9999
[rows 17 to 33 of 75, columns 0 to 36 of 75]
6.278147767783714972e-01 1.006278147767776545e+02 1.658894989652322636e+02 1.366001770838874165e+02 2.366001770838859954e+02 2.325331314840028085e+02 2.040363975183315688e+02 1.203500681999658468e+02 1.654123951958872851e+02 1.239910389585648005e+02 2.757276150078696020e+01 1.275727615007876494e+02 1.337297353918978899e+02 1.070019911084444999e+02 1.388707237649044259e+02 4.252464424111235530e+01 1.425246442411137480e+02 9.091835680639907480e+01 1.909183568064004533e+02 2.024983378507720602e+02 1.610769816134460939e+02 7.577022628803116788e+01 1.757702262880325463e+02 2.348692520550257541e+02 2.936670877281767957e+02 2.722822641033709488e+02 2.015715859845877276e+02 2.162162469252603216e+02 1.554394739528962646e+02 2.261501520715519860e+02 3.261501520715547713e+02 3.340066662528327015e+02 2.925853100154649837e+02 2.352199585716684851e+02 1.352199585716670924e+02 1.788538982612168979e+02 2.788538982612196833e+02
9.333890302168857955e-01 3.255616563190056922e+01 6.588949896523367045e+01 1.658894989652322636e+02 2.032438096026746734e+02 1.325331314840014159e+02 1.593150379683295625e+02 6.261504128100287403e+01 1.204150462593040771e+02 2.399103895856411128e+01 1.239910389585648005e+02 8.102500988327220455e+01 1.810250098832735830e+02 2.070019911084458784e+02 1.702596540523753958e+02 7.025965405237400319e+01 1.702596540523753958e+02 1.909183568064004533e+02 1.443706051888846957e+02 2.443706051888860884e+02 2.171915825253601326e+02 1.464809044066868751e+02 9.344789581769495612e+01 1.934478958176963488e+02 1.936670877281739820e+02 2.936670877281767957e+02 3.015715859845905129e+02 2.968608301902413018e+02 2.554394739528976572e+02 2.088917223353818997e+02 2.666267492543460662e+02 3.666267492543488515e+02 3.263430512135190611e+02 2.263430512135162473e+02 1.556323730948605260e+02 2.556323730948619186e+02 2.605035563539917689e+02
9.343791665630089005e-01 1.009343791665622945e+02 1.658894989652322636e+02 2.073108552025411768e+02 1.532438096026676817e+02 6.182245336534570868e+01 1.143358413961835538e+02 1.789368173100693227e+01 2.041504625930339856e+01 1.204150462593040771e+02 1.654123951958872851e+02 1.810250098832735830e+02 1.517356880019279401e+02 2.517356880019293328e+02 2.116810102897030106e+02 1.202596540523743442e+02 1.335052072557424765e+02 2.335052072557438692e+02 2.150812833075404171e+02 2.260202632816584298e+02 2.879022606440352661e+02 2.348692520550257541e+02 1.641585739363506775e+02 1.120174296354002479e+02 2.120174296354016406e+02 2.320174296354018679e+02 3.320174296354046533e+02 3.588754170189824322e+02 3.503130785727491912e+02 3.088917223353847135e+02 3.503130785727495322e+02 4.080481054917537449e+02 3.372820311876370738e+02 2.372820311876342600e+02 1.798859355984941431e+02 2.798859355984969284e+02 3.605035563539945542e+02
4.696025931229614869e-01 7.118028071177818106e+01 1.711802807117795737e+02 1.505868086472733864e+02 1.091654524099549803e+02 1.182245336534553992e+01 1.433584139618287523e+01 1.143358413961835538e+02 1.204150462593040771e+02 8.366059946267141356e+01 1.543712775813271207e+02 2.543712775813285134e+02 2.517356880019293328e+02 2.931570442392825839e+02 2.616810102897140382e+02 1.909703321710300656e+02 2.042158853743981979e+02 2.749265634930871443e+02 3.150812833075432309e+02 3.260202632816612436e+02 3.674416195190573831e+02 3.055799301737027918e+02 2.534387858727332627e+02 1.827281077540559693e+02 1.320174296354005037e+02 2.320174296354018963e+02 2.704870693706617999e+02 2.588754170189796469e+02 3.295860951376610615e+02 3.736347756305517009e+02 4.150561318679364717e+02 4.727911587869545542e+02 3.787033874250342933e+02 3.057058245732134196e+02 2.057058245732106059e+02 3.057058245732134196e+02 3.741686047409218645e+02
4.671211237371231118e-01 1.004671211237364190e+02 1.046379499609273154e+02 1.065107930439455259e+02 9.165452409954291113e+00 1.091654524099549803e+02 1.583208806416862302e+01 1.158320880641693122e+02 1.612679225310293987e+02 1.836605994626727920e+02 2.250819557000050963e+02 2.406956314176412945e+02 2.699849532989883301e+02 2.784920787185656650e+02 3.199134349561057320e+02 2.909703321710328510e+02 3.042158853744010116e+02 3.127505553425381208e+02 2.713291991048558884e+02 2.843048503045482676e+02 3.257262065422993942e+02 3.621432248130715266e+02 3.241494639914125742e+02 2.734387858727362755e+02 2.027281077540562251e+02 1.535839842760884721e+02 1.704870693706590146e+02 1.881647389003229307e+02 2.881647389003257445e+02 2.736347756305489156e+02 3.313698025495131105e+02 4.313698025495158959e+02 3.873554826659882906e+02 2.873554826659855053e+02 2.390391579065444034e+02 3.390391579065471888e+02 4.155899609783343749e+02
3.248811761027110556e-01 1.003248811761019965e+02 4.637949960926628812e+00 6.510793043944837599e+00 1.065107930439455259e+02 1.505868086472733864e+02 1.158320880641693122e+02 1.984656629368708280e+01 1.198465662936877720e+02 1.652905124645856745e+02 2.114063095363799505e+02 1.406956314176399019e+02 1.699849532989855447e+02 1.784920787185628797e+02 2.784920787185656650e+02 3.116462529622597799e+02 2.702248967245438394e+02 2.550155284234214434e+02 1.713291991048531031e+02 1.843048503045454538e+02 2.843048503045482676e+02 2.621432248130687412e+02 3.328539029321577800e+02 3.441494639914180311e+02 2.913804315770145195e+02 1.913804315770117341e+02 2.704870693706617999e+02 2.881647389003257445e+02 2.158997487115847491e+02 3.158997487115875629e+02 3.512550877709153951e+02 4.512550877709181805e+02 4.287768389035776408e+02 3.804605141439560043e+02 2.837605174565414359e+02 3.804605141439585054e+02 4.130124643586608499e+02
1.190754202154438168e-01 1.990278391628212740e+00 1.019902783916288911e+02 1.065107930439455259e+02 5.365124512304816307e+01 1.536512451230495628e+02 1.612679225310293987e+02 1.198465662936877720e+02 2.386915622723268982e+01 1.238691562272333755e+02 1.307617262713484934e+02 6.998495329898418049e+01 1.077814005999071583e+02 1.784920787185628797e+02 2.784920787185656650e+02 2.539112260431280106e+02 1.702248967245410256e+02 2.135941721858911251e+02 1.135941721858897324e+02 2.069713955842072721e+02 2.336975197754500755e+02 1.914325466944120535e+02 2.621432248130687412e+02 3.621432248130715266e+02 3.328017878143624557e+02 2.491154584959751048e+02 3.328017878143624557e+02 3.573211049489395918e+02 3.158997487115875629e+02 2.512550877709126098e+02 3.512550877709153951e+02 4.313317863802407715e+02 4.727531426176137757e+02 4.251818736939994210e+02 3.544711955751981236e+02 4.251818736940346639e+02 4.544338205961350923e+02
3.133428407152799577e-01 1.003133428407145686e+02 1.434116346289396802e+02 1.950726013603676279e+02 1.243619232417033800e+02 1.243619232417034084e+02 2.243619232417048011e+02 1.652905124645856745e+02 1.238691562272333755e+02 2.789990723618643287e+01 3.076172627134711490e+01 1.307617262713484934e+02 1.762587782384271975e+02 2.125335793886956992e+02 2.154409984118435659e+02 2.124898698055790192e+02 1.124898698055776407e+02 1.547548428866160748e+02 8.197139558420572314e+01 1.069713955842058937e+02 1.336975197754486828e+02 1.836975197754493649e+02 2.544081978941050863e+02 3.544081978941079001e+02 3.905368147333541629e+02 3.491154584959779186e+02 3.280155454980972536e+02 3.694369017363098919e+02 3.926764440082795318e+02 3.512550877709153951e+02 2.959764473209096423e+02 3.313317863802379861e+02 3.890668132992021810e+02 4.890668132992049664e+02 4.544711955752009089e+02 4.821521373185398147e+02 4.935401635352035896e+02
9.928176626908779001e-01 4.571417721268650780e+01 1.164248553313407513e+02 2.164248553313393302e+02 2.243619232417047726e+02 2.243619232417048011e+02 2.657832794790328421e+02 1.986105853548430673e+02 9.861058535484167464e+01 7.262126678618253095e+01 1.307617262713484934e+02 3.483742200104319409e+01 1.348374220010445868e+02 1.125335793886943065e+02 1.154409984118421733e+02 1.476501061055572279e+02 1.505736328365806571e+02 5.475484288661467502e+01 1.547548428866160748e+02 2.004247920107000027e+02 2.336975197754500755e+02 2.751188760130165178e+02 3.251188760131585127e+02 3.000434819385503715e+02 3.194369017359888403e+02 2.780155454980965715e+02 2.280155454980944683e+02 3.117018748169764990e+02 3.694369017363098919e+02 3.749985245186783231e+02 3.959764473209124276e+02 4.313317863802407715e+02 4.727531426176478817e+02 5.304881695366819940e+02 4.528628154392235388e+02 3.821521373185323114e+02 3.935401635351949494e+02
8.098593596749129597e-01 1.008098593596742063e+02 1.457141772126850867e+02 2.457141772126836656e+02 2.517504773089197272e+02 2.626894572830360062e+02 3.041108135203443226e+02 2.400319415922601252e+02 1.986105853548430673e+02 1.226212667861828720e+02 1.762587782384271975e+02 1.348374220010445868e+02 3.892160700411081109e+01 4.182290127003908253e+01 4.473032029318695635e+01 4.765010610555584947e+01 5.057363283657925734e+01 1.505736328365806571e+02 5.900343577323551614e+01 1.590034357732369017e+02 2.046810746645101062e+02 2.753917527833372105e+02 2.707541600575715961e+02 2.000434819385475862e+02 2.617018748167865851e+02 1.780155454980937861e+02 1.702805185791310976e+02 2.280155454980944683e+02 3.280155454980972536e+02 2.749985245186755378e+02 3.457092026381860137e+02 3.637111296229691675e+02 4.051324858617885525e+02 4.555925988842029142e+02 4.028628154385108928e+02 3.114414591998756237e+02 3.228294854165382617e+02
5.647759371839101705e-01 7.127545405583815352e+01 1.712754540558367466e+02 2.224611554275749086e+02 1.517504773089211483e+02 1.626894572830388483e+02 2.473459836782209607e+02 2.887673399155278844e+02 2.640426230236156471e+02 1.933319449048385934e+02 1.966566339230751623e+02 9.665663392307378388e+01 8.892160700411115215e+01 1.125335793886943065e+02 8.252676759410994123e+01 1.476501061055572279e+02 7.142507424228686830e+01 1.714250742422882468e+02 1.590034357732369017e+02 6.325971842702922743e+01 1.339703965456849346e+02 2.089489706622901224e+02 2.207541600574398615e+02 1.293328038198918648e+02 1.824840712782088303e+02 1.202805185791304154e+02 2.202805185791318081e+02 2.640658502027579289e+02 2.672634975997133324e+02 2.042878464000188501e+02 2.957092026378789456e+02 2.637111296229663822e+02 3.473974589422043096e+02 3.555925988841960361e+02 3.614414591998770447e+02 2.614414591998742594e+02 2.728294854165368974e+02
7.582905442777093663e-01 1.007582905442770027e+02 1.206702822429628270e+02 1.310397991902663364e+02 8.103979919026740220e+01 1.810397991902659953e+02 1.473459836782223817e+02 2.180566617968761420e+02 3.180566617968732999e+02 2.933319449048414072e+02 2.380779901605309306e+02 1.543916608420371688e+02 1.466566339230745371e+02 2.125335793886956992e+02 1.233515966404965241e+02 1.932468632658876402e+02 9.324686326588624752e+01 1.932468632658876402e+02 2.046810746645101062e+02 1.632597184270306059e+02 6.752761442479240372e+01 1.675276144247937964e+02 1.748894563628632000e+02 7.933280381989118268e+01 8.248407127820743767e+01 1.824840712782088303e+02 1.901640438527378194e+02 1.640658502027551435e+02 1.672634975997105187e+02 1.542878464000181680e+02 2.482410757850402376e+02 2.059761027040022157e+02 3.059761027040050294e+02 2.848819207655393484e+02 3.236450118989532712e+02 2.236450118989504858e+02 2.350330381156130954e+02
3.106133300308140388e-01 1.046407498136698422e+01 2.067028224296353400e+01 3.103979919026776102e+01 1.310397991902663364e+02 9.389373529573825294e+01 1.938937352957368319e+02 2.473459836782209607e+02 3.473459836782181469e+02 3.785447067362749181e+02 2.958130170795981826e+02 2.543916608420385614e+02 2.173673120417302584e+02 2.647729528780101873e+02 1.733515966404972062e+02 2.168170893054393673e+02 1.168170893054379889e+02 2.168170893054393673e+02 2.252626413437567692e+02 1.252626413437553765e+02 1.675276144247937964e+02 7.181507905335510600e+01 7.488945636286182150e+01 1.748894563628632000e+02 1.824840712782088303e+02 8.698100878234029665e+01 9.016404385273642674e+01 9.335517208409942214e+01 9.655281948105479728e+01 1.965528194810561899e+02 1.482410757850388450e+02 2.482410757850402376e+02 2.857284468196666012e+02 2.271468938465751819e+02 2.601605441078427248e+02 1.903116785656166883e+02 2.903116785656195020e+02
9.522306102595711197e-01 1.009522306102588658e+02 1.206702822429628270e+02 1.310397991902663364e+02 4.675328321663541686e+01 1.467532832166340029e+02 1.639031417308848120e+02 2.639031417308819982e+02 2.807275692435592873e+02 2.785447067362777602e+02 2.785447067362777602e+02 3.199660629735568023e+02 3.173673120417330438e+02 2.733515966404999631e+02 2.733515966405000199e+02 2.426369782801558586e+02 1.426369782801544659e+02 2.426369782801558586e+02 2.666839975813830392e+02 1.829976682627187472e+02 1.903846128710617904e+02 9.038461287106041198e+01 1.748894563628632000e+02 9.697576157783126405e+01 1.969757615778326567e+02 1.869810087823416893e+02 1.478990707716997974e+02 1.933551720841008148e+02 1.965528194810561899e+02 1.011006237059350354e+02 2.011006237059364139e+02 2.471006654085761909e+02 1.857284468196637874e+02 1.771468938465744998e+02 1.601605441078399110e+02 2.601605441078427248e+02 3.317330348036742294e+02
5.499842727366835993e-01 1.005499842727359692e+02 1.915295956982057248e+02 1.881746394539429161e+02 1.467532832166340029e+02 6.390314173088622596e+01 1.639031417308848120e+02 1.957311768391927842e+02 1.807275692435621295e+02 2.250924583537950525e+02 1.785447067362806024e+02 2.492553848549343627e+02 3.492553848549315489e+02 3.733515966405051927e+02 3.242866363729310137e+02 2.242866363729282000e+02 1.759703116134882634e+02 2.759703116134910488e+02 3.244190245005660245e+02 2.829976682627215610e+02 2.096296218440494386e+02 1.096296218440480601e+02 2.096296218440494386e+02 1.969757615778326567e+02 1.199173349648875870e+02 2.199173349648889655e+02 2.478990707717011901e+02 2.893204270095019410e+02 2.425219799435940331e+02 2.011006237059364139e+02 1.056793091708913153e+02 2.056793091708927079e+02 1.150177687010080803e+02 1.324255342965780926e+02 2.324255342965794853e+02 3.015819003457387453e+02 2.896126590731585111e+02
1.082394608984237339e-01 5.010823946089823977e+01 1.208189175795524761e+02 2.208189175795510550e+02 2.053244979681937252e+02 1.639031417308848120e+02 8.186367193356358030e+01 9.573117683919420529e+01 1.100168911249083834e+02 1.250924583537964594e+02 2.250924583537950525e+02 2.497107565496612267e+02 3.497107565496584130e+02 3.998825686708249236e+02 3.657079926109727239e+02 3.173916678511291707e+02 2.206916711634846706e+02 3.173916678511200757e+02 3.306102019663827036e+02 2.306102019663798899e+02 1.728751750474165192e+02 1.325711952311045536e+02 2.325711952311059463e+02 1.699173349648882549e+02 2.199173349648889655e+02 1.471338876624788270e+02 2.178445657811345484e+02 3.178445657811373621e+02 2.763899872895498220e+02 1.763899872895470367e+02 2.056793091708927079e+02 1.102773140696083232e+02 2.102773140696097016e+02 1.198571078859663430e+02 2.198571078859677357e+02 2.282878413611050235e+02 1.896126590731556973e+02
1.058428616300536307e-01 1.001058428616293412e+02 1.652898141540864572e+02 2.067111703913965357e+02 2.567111703913989231e+02 2.151970052668952746e+02 1.151970052668966815e+02 1.957311768391927842e+02 1.807275692435621295e+02 2.250924583537950525e+02 1.497107565496626478e+02 2.497107565496612267e+02 3.024457663609205724e+02 2.998825686708221383e+02 3.705932467894814408e+02 3.621130274012840573e+02 2.914023492821413583e+02 3.621130274012844552e+02 3.720315582045655560e+02 3.142965312852447255e+02 2.568247577347409560e+02 1.568247577347381707e+02 2.568247577347409560e+02 2.077137822658115169e+02 2.885552439002020151e+02 2.471338876624802197e+02 1.772850221202556042e+02 2.772850221202584180e+02 3.178113435276073346e+02 2.763899872895498220e+02 2.238855904184052292e+02 1.238855904184038366e+02 2.238855904184052292e+02 2.198571078859677357e+02 1.247049695416035320e+02 1.282878413611036308e+02 1.318776321541923267e+02
