output/example/elevation_000407.asc
nrows	75
cellsize	13.33333333
xllcorner	0
ncols	75
yllcorner	0
NODATA_value	-9999
[rows 0 to 16 of 75, columns 0 to 36 of 75]
1.369999999999999864e-02 4.096182904638623334e+00 9.096182904638604683e+00 1.616725071650402867e+01 2.616725071638861166e+01 2.732156177094548610e+01 2.966555341249776490e+01 2.700370484442863628e+01 2.700502261207546795e+01 3.129309695882005471e+01 3.902014523905106813e+01 3.624352887917599730e+01 3.714108083605992050e+01 3.399762403982527559e+01 3.201613974834457821e+01 3.676491052309669527e+01 4.011164606139783473e+01 4.425644195756412813e+01 4.685367604510280160e+01 4.262535977498876605e+01 4.129418399268070772e+01 4.552577378683151466e+01 4.567976019166196266e+01 4.143868699909553044e+01 4.010434187139820494e+01 4.434827931217236596e+01 4.442735680601671078e+01 4.442735680603990289e+01 4.866133226694022085e+01 5.002119315058548210e+01 4.583527246813858369e+01 4.583527246813858369e+01 4.583527246814916367e+01 5.002119315852299053e+01 5.154850643805028199e+01 4.731558909527916512e+01 4.864411925074968224e+01
1.279999999999999888e-02 1.001279999999996306e+01 1.823831852189494640e+01 2.323831849990513732e+01 2.451356799380859286e+01 1.766244807427920449e+01 1.965011926482818794e+01 1.682843827788057922e+01 1.682844753071192656e+01 2.700429802184665817e+01 2.982244670336665848e+01 2.716336575595843073e+01 2.764641307272354354e+01 2.647865972452446570e+01 2.158624115961414347e+01 3.116396448490805682e+01 3.054094896933291281e+01 4.011164606139783473e+01 4.262535977498876605e+01 3.223394040336813759e+01 3.087301049957192589e+01 3.954380822423612329e+01 4.143868699909553044e+01 3.101184177315268187e+01 2.964527021213456948e+01 3.834580096778989855e+01 3.407573735309046725e+01 3.407573735309046725e+01 4.442735680604198478e+01 4.583527246813858369e+01 3.557389890032418123e+01 3.557389890032418123e+01 3.557389890032418123e+01 4.583527246814592360e+01 4.563025921657128947e+01 3.705182057378246441e+01 3.838496198162597750e+01
1.299999999999999940e-02 7.084067811865462083e+00 1.708406781186539192e+01 1.910699155616100597e+01 1.496264635045515234e+01 1.087908375052867704e+01 1.595528887833352094e+01 1.009871751168028098e+01 1.980861280745505937e+01 2.710595038722695449e+01 2.967040611605303724e+01 2.103523143844972054e+01 2.483887592510009767e+01 1.879607565936108671e+01 2.474725377186785380e+01 2.473956856541250104e+01 3.054094896933291636e+01 4.011164606139783473e+01 3.880039026928933055e+01 3.452201333133807992e+01 2.471893727075631020e+01 3.527751667116255163e+01 4.038711194502671731e+01 3.406579403344303358e+01 2.349788583507669415e+01 3.185056538317558505e+01 2.659347427187929114e+01 3.710765649459821702e+01 4.496818638305318672e+01 3.904354968671833603e+01 3.481068750313030336e+01 2.825838074039611669e+01 3.423716397661126365e+01 4.451097072693910661e+01 4.138979957649303287e+01 3.108737940936504884e+01 3.108737940936504529e+01
1.369999999999999864e-02 1.001369999999996274e+01 1.771404897033725589e+01 1.358502932266629237e+01 4.965206054738183994e+00 5.955353908891370729e+00 5.955353908891370729e+00 7.009826117337778939e+00 1.699683036887173770e+01 1.798120930170395937e+01 2.541386556882173764e+01 1.706206154087864135e+01 1.591118464513476560e+01 2.008624963350606407e+01 2.878872217669885458e+01 3.334414124691635095e+01 3.739869546344854001e+01 4.054722000139433646e+01 3.011159971075576891e+01 2.400842098120962476e+01 2.142002217139781095e+01 3.193873831261662843e+01 3.611484141999770969e+01 2.563848865626743034e+01 2.023346761871999888e+01 2.134315474232703380e+01 2.878497838974429257e+01 3.925154707956264133e+01 4.075950692083806359e+01 3.045584944403678662e+01 2.449805001169633556e+01 3.481068750312991256e+01 4.279754594679415192e+01 4.870333594577149938e+01 4.252970682349707232e+01 3.544169451969706586e+01 2.517832938515093133e+01
1.290000000000000001e-02 1.000875844998856046e+01 1.224211368360198549e+01 3.585074936053478822e+00 1.358503332946825282e+01 1.060497652077542163e+01 1.595893839773366807e+01 1.704025846092694962e+01 8.628079344069089274e+00 1.508560802363428266e+01 2.092432370023096055e+01 1.365843039603145748e+01 2.294006544843647788e+01 1.923508646683817958e+01 2.815916066940828699e+01 3.619316319801804127e+01 4.053803629993519309e+01 4.479476905105990880e+01 3.880039026928933055e+01 2.890229336707810504e+01 1.850963223122415613e+01 2.576878813426571924e+01 2.943244653132785515e+01 2.512717306611853019e+01 1.723538639241012405e+01 2.756093520783018036e+01 3.184336141623462524e+01 3.711315378507778462e+01 4.072519755218363002e+01 3.261202580230953174e+01 2.233981551699098134e+01 3.261202580228645331e+01 3.963671317997017951e+01 4.385239529278971560e+01 3.828350301949721057e+01 2.800147867794458634e+01 2.219787789685205937e+01
1.299999999999999940e-02 1.001299999055906653e+01 2.242762825625432832e+00 9.313800078092020485e+00 1.358459900585174474e+01 1.992719120821177370e+01 1.992713491779664636e+01 2.280313978850408674e+01 1.424612235647336611e+01 1.034697985517589025e+01 1.161162660496147403e+01 2.158535016100690385e+01 2.702510305593020234e+01 2.815916066940828699e+01 2.283853163732905500e+01 2.679831402519390693e+01 3.352642882814622283e+01 4.338936849368205628e+01 3.903720517931406420e+01 3.320877077315309833e+01 2.576878813426571924e+01 1.559073351913649574e+01 2.288999955924853325e+01 1.499796488118586879e+01 2.512717306611851598e+01 1.723538639241012405e+01 2.230660702328364664e+01 3.281757412684830655e+01 3.650116171359166373e+01 2.620643382124792353e+01 2.033972826500931319e+01 3.055757432174728905e+01 2.935530179014539343e+01 3.963471389273831136e+01 4.202048722152404991e+01 3.612464311667525863e+01 2.947651920044932439e+01
1.299999999999999940e-02 9.296984970282099470e-01 1.093023024673366983e+01 1.638205449327754692e+01 2.343625344139738687e+01 2.770973351026659870e+01 3.011501559370227099e+01 2.367020820941975146e+01 2.028084849887631691e+01 2.087704850757836184e+01 1.942097291143756621e+01 1.568463941764043668e+01 2.272197817032346379e+01 3.274016924972148956e+01 2.802854357167197463e+01 3.619316319801953341e+01 4.053803629994469304e+01 4.211741256266399347e+01 3.171571795933262194e+01 2.424406130996111131e+01 1.962765074044613556e+01 1.591460102401924992e+01 1.300653206135357465e+01 2.288999955924371932e+01 2.943244648144138154e+01 2.756095421294966741e+01 3.187268188045988637e+01 3.711747290574015778e+01 3.691916898984824513e+01 2.869214993644554568e+01 1.853127479795186616e+01 2.213255069930728425e+01 2.935518906185491517e+01 3.962922085392148830e+01 3.780838428039562871e+01 2.756752052391112784e+01 2.178914721564761336e+01
1.290000000000000001e-02 1.001289999999996283e+01 1.507521994877713034e+01 2.343118679841458274e+01 2.431581032286320365e+01 2.845788037619334787e+01 3.131683463980134619e+01 3.331279134079004933e+01 3.021529541241113392e+01 3.254500253617352001e+01 2.381721966292307613e+01 2.272197817032262535e+01 2.272197817032262179e+01 3.274016923718058081e+01 3.769580112011579587e+01 4.182592548201228766e+01 4.345654821475861240e+01 3.924915568162865043e+01 3.903720540733770150e+01 3.435920213566313919e+01 2.611594905518161269e+01 1.986158625595217231e+01 1.300653206135357465e+01 2.135578580656227743e+01 2.562226078047908118e+01 2.924259923445508846e+01 3.330702666600253536e+01 3.923923091617115944e+01 3.264677601450422628e+01 2.256707850908696145e+01 1.679349234501625432e+01 2.689589747089688032e+01 3.046926331113928299e+01 4.072483744901580849e+01 4.024869625562056541e+01 3.001612704413146204e+01 2.684238310667305072e+01
1.349999999999999985e-02 1.809553020267748780e+00 1.180953916774623558e+01 1.343124911065812910e+01 1.431586393816249547e+01 2.131583552385835745e+01 2.131593476522503749e+01 2.923713666009268408e+01 3.423686008117073243e+01 3.801029049970932050e+01 3.383893340029909069e+01 3.274016923718058081e+01 3.274016923718058081e+01 3.690985609584825511e+01 3.931153089704545067e+01 3.509077216412062228e+01 3.754692976100744062e+01 2.898099842853291719e+01 3.754692976100744062e+01 4.081782251088752389e+01 3.449455260384758759e+01 2.717806970163920965e+01 2.135578580655311143e+01 1.165490365816892648e+01 2.131031330475349250e+01 1.924628206308873146e+01 2.505973057636790813e+01 3.517382596263245631e+01 3.301065515525329630e+01 2.537350217943044228e+01 1.532123834025712839e+01 2.027728315890185229e+01 3.046969408292981640e+01 3.766774548996058769e+01 4.161376198136157001e+01 4.024848009300493601e+01 3.107099850983430755e+01
1.379999999999999977e-02 1.001379999999996251e+01 4.435681677462196326e+00 6.360182574760935736e+00 8.542361477120778090e+00 1.131586245824234460e+01 1.509550718578179129e+01 2.009550681980809728e+01 3.009534585378973048e+01 3.865073977778982339e+01 3.459570191397558858e+01 3.865073977310093056e+01 3.700588281239062383e+01 4.105878138912643749e+01 3.509077216412244837e+01 2.485415071225209260e+01 2.785238771906569255e+01 2.309030924586784295e+01 3.332083232747241652e+01 3.965393482714739548e+01 2.925440377308216355e+01 2.194213109168746811e+01 2.032139000502574788e+01 1.069875078481946495e+01 1.369175820217532369e+01 2.054333293483551515e+01 3.043411637483281140e+01 3.622380797231195970e+01 2.601953710130849373e+01 1.887540494483669562e+01 1.394060362457104496e+01 2.096950227739860750e+01 3.115366471771376311e+01 2.812010952239287320e+01 3.610160981670203739e+01 3.337329457573974878e+01 3.228242669972082268e+01
1.290000000000000001e-02 1.001289999999996283e+01 1.443566479702870176e+01 1.213368512238113794e+01 1.854233858578425043e+01 1.670732125601238138e+01 2.131583552393025727e+01 2.923713666009268408e+01 3.423686011376327798e+01 3.371492357536136097e+01 2.469014335390104620e+01 3.002681026629130656e+01 2.713598376491286146e+01 3.700588281239050303e+01 3.531676034386247665e+01 2.785238143602960292e+01 1.795331124536515688e+01 2.785238771906569255e+01 3.309174636745530051e+01 3.742797845949026936e+01 3.116378608472940215e+01 2.081092476661063273e+01 1.388165089737811364e+01 1.069875078481946495e+01 1.702105601200971918e+01 2.531889790539950980e+01 3.156373903359526523e+01 2.796898296302371989e+01 2.966578874835286328e+01 2.262697388272125210e+01 1.263276002604436954e+01 2.078779542808503322e+01 2.499937586890259666e+01 2.247660740277083491e+01 3.017069159996063732e+01 2.347983410807580995e+01 2.518925023297463284e+01
1.359999999999999924e-02 7.084667811865642761e+00 1.708466781582842486e+01 2.213363926311852481e+01 2.627566042968934212e+01 2.670722937185923840e+01 3.084930351583812680e+01 3.545807825332749985e+01 3.633740179780668456e+01 2.964292263382416337e+01 1.963355267058369336e+01 2.002576262967893328e+01 3.002680952761314970e+01 3.530134746747874885e+01 3.108266236434059593e+01 2.099674857884264156e+01 1.574334646284664352e+01 2.480672004380199525e+01 2.217892429047224212e+01 3.309203452178343952e+01 3.420450980214604897e+01 2.384312468745746827e+01 1.941012369410436733e+01 9.803586531385029446e+00 1.811550350145141408e+01 2.229913480302999673e+01 2.540622104965393291e+01 1.657326611268432259e+01 2.005944621050880983e+01 2.343577800475445017e+01 2.078106937314269587e+01 1.077942946718291140e+01 2.075117035223487960e+01 1.810314373464481363e+01 2.612377894242760945e+01 1.668757050736472181e+01 2.019384226769480151e+01
1.349999999999999985e-02 1.001349999999996321e+01 1.502583661830624884e+01 1.789073689757221786e+01 2.120010665128638649e+01 2.533253116782230308e+01 3.031447914442841096e+01 3.290226848210294008e+01 2.882433455091039320e+01 2.228919970634865066e+01 1.576073358049244355e+01 1.615690770378185093e+01 2.125874846916710581e+01 3.123478920745505150e+01 3.108169750405961551e+01 2.311915190970250222e+01 1.373843658923149036e+01 1.525549340493307326e+01 2.217889429049533945e+01 3.308906395654312149e+01 3.574939227718559920e+01 3.155071033607637077e+01 2.364944191471655444e+01 1.812521684489561125e+01 8.508631456399621484e+00 1.687844456558545403e+01 1.707345137913701549e+01 1.082544693672703140e+01 1.684228026551057766e+01 1.445278570499175430e+01 1.825090799975979294e+01 9.498308980356799935e+00 1.243217784996661734e+01 1.895376298879207866e+01 1.919284492471330594e+01 1.933420756512226646e+01 1.047688153521827914e+01
1.319999999999999993e-02 2.512772558770823839e+00 5.091667925689002949e+00 7.966431213009635748e+00 1.127199739014716862e+01 1.622340235332136515e+01 2.617681094925143270e+01 2.882433455091046071e+01 1.878913910067259607e+01 2.172837979751481186e+01 1.210833734438395126e+01 2.228919938903833042e+01 3.033648792376650505e+01 3.530131625368124304e+01 2.691827561351405862e+01 1.718081840210241396e+01 1.164592224567742740e+01 2.129655756853230386e+01 2.869411746931007912e+01 3.325701496355820552e+01 3.155097135857226576e+01 2.152861932705273418e+01 2.446389079477163975e+01 2.228381217196424657e+01 1.686898251693986950e+01 7.198928683831433695e+00 6.784436610621415120e+00 7.140780029202667301e+00 7.509808353314256557e+00 7.878959501370196072e+00 8.241126044457647737e+00 8.241126044457647737e+00 8.627894745943732957e+00 9.018875590519026986e+00 9.413943590090866564e+00 9.814715505515623661e+00 1.973414249363252893e+01
1.299999999999999940e-02 1.001299999999996260e+01 1.417873504948306440e+01 1.789073689757330143e+01 2.120010665128638649e+01 2.533253116782230308e+01 3.031447914442841096e+01 2.521358660569512011e+01 2.108120314532635220e+01 1.156253421278579907e+01 1.006823762642447306e+01 1.730425400941691194e+01 2.737199554656075762e+01 3.066418242062696464e+01 2.654237206384019387e+01 1.679893697123167584e+01 9.899530835156827635e+00 1.965233380123705942e+01 1.979297250789776896e+01 2.912695056579914521e+01 2.769167991239760340e+01 2.362478388608045066e+01 1.401133531793320408e+01 1.841137398009117732e+01 1.568321496700332496e+01 6.299032678283244202e+00 1.452759606820233351e+01 1.717376973618299729e+01 9.822774539022777418e+00 1.738344575798883795e+01 9.861500059207164881e+00 1.772452809618398462e+01 1.856774246982501353e+01 1.619574947776971285e+01 1.530562517734490591e+01 1.712265322950364066e+01 1.102191801069752231e+01
1.349999999999999985e-02 7.084567811865484899e+00 1.708456781186555062e+01 2.525100845666988647e+01 2.115568612031164264e+01 2.265698657357004109e+01 2.461375316101308997e+01 1.939847391345672278e+01 1.093539662885237362e+01 7.433484861927400544e+00 1.757835173222382608e+01 2.437918536213076592e+01 2.490993135397042479e+01 2.097094956497276286e+01 2.474249044143474663e+01 1.807973477271165308e+01 8.257623356082140376e+00 1.263222788400291030e+01 2.210500003285854831e+01 2.579707076366704044e+01 2.185075147633491355e+01 1.371953735517073447e+01 1.560779934457053919e+01 7.219404227664560025e+00 5.856248591435251782e+00 1.556199278012039855e+01 1.582143107198760035e+01 2.378453152963799866e+01 1.921195999435352775e+01 2.127023556272550664e+01 1.148223218599452089e+01 2.118092829647844155e+01 2.722483118176574379e+01 2.542299857551688902e+01 2.433256342146042428e+01 2.421930903548195957e+01 2.091148258080288969e+01
1.369999999999999864e-02 1.001369999999996274e+01 1.735094123041692526e+01 1.846481177307130750e+01 9.441368303548175689e+00 1.305778099993124641e+01 1.605525300728639593e+01 1.483062244639763350e+01 4.895353727140150824e+00 1.334677515245266122e+01 1.743165533740179995e+01 1.752378511008182826e+01 1.411166505112526970e+01 1.368204207653730542e+01 1.435537164762427054e+01 1.635903527452931527e+01 6.862046454488377911e+00 1.512772744721992879e+01 1.889739841771569218e+01 1.856700424487008405e+01 1.204542112044788027e+01 1.513637521497954985e+01 5.536091489204785887e+00 5.536091489204785887e+00 5.536091489204785887e+00 1.561460044984737650e+01 2.292393923152810586e+01 2.878119849083596549e+01 3.123947160837132131e+01 2.558187008323703893e+01 2.132069571483827275e+01 1.380856016529172514e+01 2.075316786818884651e+01 3.110014418144917414e+01 3.407719515278240863e+01 2.410238935556098028e+01 1.725186876613276254e+01
