output/example/elevation_000141.asc
nrows	75
cellsize	13.33333333
xllcorner	0
ncols	75
yllcorner	0
NODATA_value	-9999
[rows 34 to 50 of 75, columns 0 to 36 of 75]
4.159999999999999636e-03 1.000415999999996330e+01 1.294576514525887312e+01 9.971447005566449917e+00 1.744564948930176485e+01 1.787850890838927853e+01 1.041398820911773093e+01 1.232737173871750436e+01 1.434202119418094945e+01 1.636896405929218901e+01 1.861268059489494675e+01 2.156394784126282715e+01 2.500754829745660146e+01 3.076090706478207437e+01 4.074418875981418608e+01 3.961646400114132405e+01 3.120676882252694639e+01 3.722139552110915872e+01 2.809681530950407335e+01 1.721095691136749650e+01 1.832914211578533781e+01 2.911881127591360396e+01 3.627708756700931048e+01 3.904654078531660133e+01 4.837876239644320719e+01 4.005673125438000426e+01 3.036078137718772041e+01 2.368813921132873546e+01 2.522796310605993142e+01 1.571996970360084234e+01 2.357856514567815509e+01 2.758235105697001543e+01 2.089555124331540625e+01 2.145795982910687627e+01 1.349408374623628326e+01 1.349408374623628326e+01 1.821680046300780020e+01
3.329999999999999627e-04 1.000033299999996217e+01 2.945765090414670606e+00 4.195765247871808157e+00 1.259832467119227672e+01 8.180189632899853791e+00 1.361136027166807594e+01 1.367579312429841742e+01 2.037380993947404662e+01 2.580612495112102422e+01 2.525220619145295586e+01 3.129665349211304104e+01 3.498033838579153354e+01 3.911830736340913006e+01 4.412333534765392784e+01 3.548183334880392437e+01 2.510476892412657790e+01 2.949063240981837453e+01 2.587644298538858578e+01 1.472052324720348082e+01 1.919288274330638799e+01 2.376052901305430609e+01 2.910706411001605787e+01 3.916619629348826237e+01 4.139714417541278380e+01 4.295464720287392169e+01 3.320065930361302264e+01 3.320065934618084214e+01 2.819418678491030406e+01 1.882634430556389304e+01 1.401448390218426887e+01 2.200581686382988522e+01 2.145795870761303803e+01 1.189800671309010305e+01 2.145789842017089555e+01 2.300031975263486572e+01 2.707120782083570987e+01
1.129999999999999928e-03 1.204988530857691753e+00 1.120498849958355336e+01 1.170161034326160454e+01 6.069832457105420964e+00 1.621079322795058175e+01 2.136376606898303976e+01 1.771091334296997388e+01 2.710240053536802662e+01 3.457593875214188017e+01 3.500735595448890791e+01 3.552393758379125188e+01 3.138204013858555186e+01 3.552393758379698596e+01 4.002080442883109157e+01 2.987135654557218345e+01 2.371771838687309852e+01 1.867794059844445442e+01 2.436736969739578740e+01 1.298163119059356774e+01 2.436232351547932495e+01 3.172222356478021865e+01 3.800081078741236951e+01 3.824914894344570371e+01 3.096249262867975816e+01 3.606861499743813937e+01 4.027516746638106326e+01 3.765804774473230765e+01 2.819691178330576165e+01 2.746283439200772847e+01 2.200570817367701437e+01 1.239506576660787651e+01 2.045645029766532730e+01 2.001088412450983611e+01 1.189800671309010305e+01 1.741277413458193379e+01 2.698363781413777929e+01
3.329999999999999627e-04 1.000033299999996217e+01 1.534712508699336020e+01 1.974155175304799315e+01 1.645018208600368226e+01 1.112672521830705819e+01 2.177437110447773705e+01 2.441190684260370958e+01 3.135218307001084881e+01 3.546790016881509899e+01 3.131235048760899176e+01 3.052316873813857967e+01 2.137962733616049604e+01 2.862366189458033361e+01 3.276822324123801877e+01 3.830498936597756199e+01 3.369208927808129062e+01 2.540400125208265081e+01 1.414838114276393810e+01 1.129836947940302494e+01 1.679465328546950076e+01 2.466924445250068842e+01 3.502615284453032274e+01 3.297091063385042276e+01 2.347968828158566623e+01 2.566655161210663749e+01 3.606861495011828822e+01 3.908575549800698923e+01 3.424811418804674901e+01 3.018874496968537002e+01 2.294757883578478541e+01 1.339606909592379047e+01 1.082444498896685481e+01 1.042585524751159376e+01 2.001088385833671524e+01 2.551138964189097535e+01 3.109841434169893404e+01
4.329999999999999539e-04 1.000043299999996194e+01 1.544664640025034430e+01 1.958878202398123136e+01 2.619784487068417533e+01 2.177437110447773705e+01 1.859753742216386740e+01 2.944392606572351667e+01 3.829245929739315812e+01 3.131104036939364477e+01 2.130862341304273144e+01 2.423800897321650183e+01 1.637704485353264161e+01 1.862028657253130959e+01 2.569451884211090231e+01 3.569523877798301470e+01 3.634754684161991634e+01 2.914452863621938405e+01 1.822592344508303697e+01 9.782882177836238924e+00 2.142447316638974186e+01 3.175989430285930482e+01 3.403245669914973348e+01 2.871324572993411195e+01 1.804934509832827061e+01 2.549452424946324669e+01 3.591676597813903271e+01 3.497486868242076241e+01 2.540283953429073449e+01 2.070526210068810258e+01 1.738745977257262609e+01 2.282826559201719974e+01 1.753355558509044343e+01 9.429183265870550557e+00 1.933827576663608028e+01 2.832605693081520570e+01 3.043501465911856840e+01
5.329999999999999452e-04 2.673145419124241418e+00 5.446646400250381603e+00 1.544664640025041358e+01 2.458878202398118518e+01 2.958878202398107859e+01 2.944392606572351667e+01 3.379815231924799690e+01 3.705990945049642704e+01 2.708348017423564613e+01 2.001051284546416653e+01 1.423486322588104436e+01 1.229392563257542648e+01 2.229624541472536947e+01 2.875919909499444671e+01 3.287688121956162490e+01 3.216590105866599458e+01 2.153323399120891324e+01 2.015388162524059723e+01 8.552438510597990984e+00 2.015418737821576656e+01 2.836395660543336206e+01 2.602082892556297011e+01 1.864807429654813475e+01 1.479137066257508693e+01 2.241800261498158520e+01 3.292190543490941934e+01 3.908575557459382566e+01 3.424366475970040824e+01 2.735527121627546165e+01 2.683559725726732381e+01 2.621049434701148684e+01 1.599019368376221983e+01 8.733971554633201961e+00 1.437893459919765426e+01 2.427222762882776053e+01 2.333791555347091418e+01
3.709999999999999756e-03 1.000370999999996258e+01 1.544664640025034430e+01 1.044664640025036384e+01 1.544664640025034608e+01 2.544664640025027680e+01 3.107637513576241162e+01 2.693423772559972207e+01 3.107637513576241162e+01 3.039792332264140384e+01 2.539543195715440760e+01 1.937845119132202854e+01 9.520397057307137700e+00 1.952270428196487373e+01 1.875881536984826425e+01 2.710468299180044482e+01 3.209354319930461941e+01 2.348548561189910799e+01 1.216500923179033045e+01 7.391898556300740886e+00 1.393280109521041155e+01 2.171007887070772213e+01 1.895288332968797462e+01 1.105135805618484923e+01 1.438785524369249025e+01 2.509298789986177880e+01 3.496108181558433614e+01 4.088605946880698383e+01 4.049530367224773642e+01 3.378567573133325652e+01 2.930003858231812686e+01 2.513961132712725899e+01 1.790266258306859726e+01 8.026579062226078420e+00 1.693146536649032186e+01 2.107566646195547477e+01 1.755610335566431601e+01
6.660000000000000121e-03 5.006659999999991228e+00 1.500665999999995392e+01 2.044664640025029456e+01 2.458878202398118518e+01 2.958878202398107859e+01 2.607637474593045113e+01 1.693423840942013925e+01 2.607637474593045113e+01 2.645088847096965523e+01 1.743922115978339704e+01 1.189013688559828630e+01 7.520394883682469889e+00 1.752029644660229479e+01 1.298285634593831084e+01 1.798459954223420354e+01 2.798514806607085958e+01 2.780189300704234157e+01 2.324460049502639336e+01 1.723893204958815772e+01 5.843079688692863982e+00 1.638520241079511663e+01 8.377882538626487019e+00 1.895288332976789647e+01 2.509298789986177880e+01 2.017167638066174362e+01 2.637288748062730548e+01 3.671572465272068087e+01 3.670466225958458040e+01 2.628857681066741492e+01 1.941812544648802330e+01 1.502699196061473685e+01 1.193507771418942198e+01 1.693027603184040686e+01 7.014154183000017362e+00 1.596960009298811300e+01 7.647242393982977227e+00
1.030000000000000013e-02 1.001029999999996356e+01 1.500665999999995392e+01 2.500665999999988287e+01 2.695838158140956509e+01 2.281624495247110929e+01 2.193423806750993066e+01 1.193424193171983383e+01 1.693423999961488491e+01 2.107637573762049499e+01 1.767530936627801808e+01 1.332191785152331320e+01 5.595888399670545077e+00 8.268507826739195821e+00 1.534106157631963363e+01 2.534002167559810204e+01 3.209409565660752861e+01 2.929723074422133777e+01 1.876074195536758182e+01 1.124745356406012142e+01 1.513741890662067924e+01 5.843079688692863982e+00 1.638523860755938699e+01 2.325143384372294619e+01 3.121495806208818280e+01 3.074428482722813527e+01 3.496108181434746598e+01 3.388730834860885466e+01 3.798416988788837045e+01 3.379067190285515210e+01 2.930023492117605954e+01 2.513961457880060024e+01 2.196965694269259117e+01 2.104819948544471941e+01 1.596657632569741203e+01 5.950096905475770193e+00 1.591361050403001620e+01
1.349999999999999985e-02 7.084567811865484899e+00 1.708456781186555062e+01 1.725021127128173859e+01 1.725021140461507230e+01 1.281624631388788593e+01 1.465128025478599483e+01 1.693423999961488491e+01 6.934240366925947363e+00 1.285175724493029570e+01 1.155275298722380484e+01 3.533038117290863589e+00 1.353305565583147718e+01 1.826969563175542532e+01 2.239528282368180001e+01 2.192846110551925776e+01 2.604292065993107386e+01 3.227794551688641889e+01 2.184206733175220094e+01 1.514588748093797221e+01 4.593928110434622347e+00 1.512494973867078762e+01 1.190146401412120625e+01 1.664571350051511445e+01 2.415320541959106748e+01 3.430703805517006799e+01 3.214918420840949409e+01 2.369143231435438679e+01 3.214918420840949409e+01 3.371254705740827262e+01 2.956895670789926100e+01 3.371254678130097915e+01 2.736676421055654274e+01 1.783652066012561832e+01 1.110877018591440724e+01 5.301193616268026432e+00 1.244819674842621637e+01
1.339999999999999872e-02 1.001339999999996344e+01 1.017914148668712038e+01 7.250208669983230436e+00 7.250208803316564143e+00 1.017914188668711972e+01 4.651275157074329591e+00 1.017914215335378714e+01 1.017914228668712084e+01 2.851748243304972341e+00 1.552738019543042691e+00 1.017914268658264909e+01 1.432127828343612741e+01 1.595261098658291132e+01 2.009199980894892335e+01 1.190193009703338411e+01 2.026872753801632498e+01 2.838153164872239387e+01 2.391026967413782955e+01 1.302755977050532188e+01 3.759237656554507812e+00 1.397389647118445311e+01 1.816857609155364628e+01 2.345314412576388463e+01 3.122347597803877051e+01 3.091666576037805214e+01 2.800071657560817684e+01 1.759657230887869872e+01 2.800071657560817684e+01 2.879924358111330918e+01 1.981562707852745220e+01 2.879924358111330918e+01 2.688013494134832371e+01 1.754598006311677949e+01 1.441556137560333894e+01 4.679302322696907268e+00 1.478468707367487589e+01
1.369999999999999864e-02 1.791305555961813512e-01 1.791305555961813512e-01 1.791305555961813512e-01 1.791305555961813512e-01 1.791305555961813512e-01 1.791305555961813512e-01 1.791305555961813512e-01 1.791305555961813512e-01 1.791305555961813512e-01 1.791305555961813512e-01 1.791305555961813512e-01 1.017914268389981203e+01 5.952644163787491394e+00 1.029579672490804043e+01 6.017852571263704320e+00 1.613961619823081506e+01 2.298534233837712648e+01 1.571688855270209828e+01 1.718276420185225106e+01 1.296437592621595947e+01 3.759237656554507812e+00 8.966223347113079001e+00 1.926979245100350724e+01 2.784700102734020888e+01 2.065239591567377886e+01 2.432229609388445724e+01 1.387599284963946111e+01 2.432229609388445724e+01 2.469229189260460444e+01 1.511878329147506683e+01 2.469229189260460444e+01 2.533817054127191426e+01 1.499659085609377662e+01 7.992744686119461761e+00 4.090167835056909951e+00 6.227790028372490738e+00
1.290000000000000001e-02 1.001289999999996283e+01 1.791305555961813512e-01 1.791305555961813512e-01 1.791305555961813512e-01 1.791305555961813512e-01 1.791305555961813512e-01 1.791305555961813512e-01 1.791305555961813512e-01 1.791305555961813512e-01 1.791305555961813512e-01 1.791305555961813512e-01 1.791305555961813512e-01 1.791305555961813512e-01 1.791305555961813512e-01 7.337385417365455353e+00 1.743803261614315403e+01 1.908388323846283541e+01 1.068142318092718668e+01 1.262161057927838925e+01 2.663143367403447925e+00 1.296754249047353369e+01 1.832795229595983955e+01 2.345645581165162952e+01 2.366184998102849946e+01 1.326954884879296870e+01 1.709005351110499049e+01 1.076408130928831497e+01 2.117261715684511714e+01 2.150112235873668709e+01 1.197445494056274562e+01 2.150112235873668709e+01 2.646296483575100922e+01 1.738853550252970592e+01 1.302918070439794285e+01 3.558814062340995399e+00 1.363225013654411200e+01
1.349999999999999985e-02 1.001349999999996321e+01 7.250208536649897617e+00 1.017914162002045408e+01 3.958782532794737907e+00 1.017914188668711972e+01 2.473291655083728724e+00 1.017914215335378714e+01 1.017914228668712084e+01 7.250209470096811160e+00 7.250209603375603606e+00 1.017914219883173921e+01 1.017914281679992072e+01 1.791305555961813512e-01 3.488432159102416441e-01 1.034886597170973133e+01 1.034886623857812893e+01 1.448260290757491120e+01 1.409836844071720385e+01 5.526738981467875789e+00 1.946845358938178894e+00 1.299105254113583463e+01 1.970573784153163643e+01 1.559109784825832890e+01 1.974009852629922079e+01 1.709005343061295079e+01 6.747565058412751782e+00 1.709003417995997154e+01 2.222991633595818328e+01 1.875098348482073263e+01 9.174722412927891924e+00 1.875100975942231685e+01 2.153942857280988221e+01 1.654386747545606084e+01 1.233577758690477033e+01 3.050390699378840775e+00 8.875806567451181905e+00
1.319999999999999993e-02 1.001319999999996213e+01 1.725021113794840488e+01 1.810306827521961637e+01 8.430926241095885842e+00 1.661507791358918240e+01 1.247323413160076733e+01 6.008834840074929851e+00 1.600858493713285569e+01 1.725021253993556059e+01 1.725021225954561999e+01 1.316164521698524226e+01 3.193529366560026173e+00 6.690690750629152639e+00 1.034814490939159271e+01 3.488432159102416441e-01 3.488432159102416441e-01 1.034846234514914443e+01 1.034711986025481956e+01 1.035186856661458599e+01 1.249880836752303992e+00 1.058329298761937309e+01 1.058905430374527334e+01 5.589459583325261605e+00 1.472451654972393165e+01 1.488505850163823574e+01 4.479882685695280031e+00 1.188144070383368955e+01 1.188112851423138316e+01 1.627537331342470139e+01 6.601695649387066211e+00 1.296102475630115869e+01 1.155465090893139823e+01 1.159454353420862027e+01 2.327405371912792287e+00 1.231670626145419334e+01 1.717184166563166769e+01
1.359999999999999924e-02 7.084667811865485554e+00 1.708466781186555394e+01 2.257975169878536548e+01 1.550216624270161425e+01 2.257023095136390722e+01 1.867081560569801368e+01 8.681451768308470207e+00 1.868221149148929072e+01 2.214727457752671569e+01 1.218057632264213730e+01 6.433189179319878548e+00 1.316164524548441328e+01 1.572305528811177489e+01 7.419932488593109277e+00 3.488432159102416441e-01 3.488432159102416441e-01 3.488432159102416441e-01 3.488432159102416441e-01 3.488432159102416441e-01 5.199365527365694684e-01 6.732075784967892496e-01 6.732075784967892496e-01 6.732075784967892496e-01 1.058824693564592145e+01 1.059425225055945496e+01 1.096638660081620920e+01 9.292370128310925015e-01 1.088658620508585528e+01 1.087906548821475283e+01 1.089451686650454754e+01 3.146464425283549637e+00 1.074461692139606583e+01 1.486167781515190356e+00 1.101271403941493965e+01 1.512782302638135867e+01 1.517169671647980778e+01
1.299999999999999940e-02 1.001299999999996260e+01 1.823810586311877202e+01 2.323738281723381505e+01 2.550677888445228447e+01 2.686046224091000667e+01 1.684753168791473854e+01 1.221698441430715221e+01 2.221840482175332099e+01 2.628614080907101069e+01 1.896388924110876317e+01 9.006735667989360650e+00 1.896388924110912910e+01 2.156207081998180897e+01 1.449100344119781525e+01 1.034886623857812715e+01 3.488432159102416441e-01 3.488432159102416441e-01 3.488432159102416441e-01 3.488432159102416441e-01 4.423003734964799705e+00 3.227109957998029355e+00 1.054350802833730150e+01 6.732075784967892496e-01 6.732075784967892496e-01 6.732075784967892496e-01 6.732075784967892496e-01 6.732075784967892496e-01 6.732075784967892496e-01 6.732075784967892496e-01 6.732075784967892496e-01 6.732075784967892496e-01 6.732075784967892496e-01 9.837779027594503178e-01 9.837779027594503178e-01 1.005530009013451931e+01 1.171908999598650247e+00
