output/example/elevation_average_000081.asc
nrows	75
cellsize	133.333333333
xllcorner	0
ncols	75
yllcorner	0
NODATA_value	-9999
[rows 34 to 50 of 75, columns 37 to 73 of 75]
2.508090437373972748e+02 2.196543738677507918e+02 2.908684450363102201e+02 2.660965517476818718e+02 1.748609994735478494e+02 1.789934702668155353e+02 2.758081476587628345e+02 2.854020442469984573e+02 2.894217417852874519e+02 2.528791038961383606e+02 2.972967985843435486e+02 3.012439751376396089e+02 2.104897748521586323e+02 3.069006675499110202e+02 3.517201370403383294e+02 3.737619633750666139e+02 3.560664414327533223e+02 4.506326039645081778e+02 4.766410970252162542e+02 4.389084999516813923e+02 3.707739682877218570e+02 4.640245587019890650e+02 4.447531562726394441e+02 3.824519144822814383e+02 4.766646856361020355e+02 5.524773321477762238e+02 5.419143065101039838e+02 4.893066850933149112e+02 4.490286035258300785e+02 3.714296031732791903e+02 4.649512219446190215e+02 4.940245320127047535e+02 4.210840351816781890e+02 4.368159087334061610e+02 5.303547527149070220e+02 5.428563356268098232e+02 6.082511895058917162e+02
3.301033216607532950e+02 2.909436869983418887e+02 3.258527699591417672e+02 2.313591374176892259e+02 2.717157640896160160e+02 2.009131527382442926e+02 2.081639572173531292e+02 3.046034482415407183e+02 3.746493544842252277e+02 3.487435542356358269e+02 3.877496360350756959e+02 3.461301601128770358e+02 3.049185393857501367e+02 2.164099278221177656e+02 3.127657838303424569e+02 2.782001946379020865e+02 3.737664316567916103e+02 4.501928265879909077e+02 4.210652571167907467e+02 3.454187495403444359e+02 3.344773387350090275e+02 4.164012402366514607e+02 3.501124542769081245e+02 4.447377582593563830e+02 5.145340602039569831e+02 5.290584299839740652e+02 4.757010571842625950e+02 4.099110953117963732e+02 3.562673872489982614e+02 4.508577270454858876e+02 5.041957669550671994e+02 5.526901159695630668e+02 4.900143299582651366e+02 4.998471522569327590e+02 4.726309214126629286e+02 5.657098839214851296e+02 6.036062341868530439e+02
3.501680015018906147e+02 3.780994127228230468e+02 3.665833779886113462e+02 2.876211446604785920e+02 3.195953664460836308e+02 2.239168820161185351e+02 3.044504795900564886e+02 2.395427014787586018e+02 3.354970695371482634e+02 4.091832507805076489e+02 4.635480061276025481e+02 3.822939380747319547e+02 2.871794145058307208e+02 3.120881594438059210e+02 2.223777538555749231e+02 3.186593787017688442e+02 3.203375832029884691e+02 3.997668814142178917e+02 3.620662040641240083e+02 2.867908514459341518e+02 3.038538000691487468e+02 3.215369776844584635e+02 4.165479033423164310e+02 4.447391095411221045e+02 5.381392788405042893e+02 4.626043264926640859e+02 3.968365839852728527e+02 3.424083117719939082e+02 4.371739672329744621e+02 3.951428766339320759e+02 4.619199945771692910e+02 5.551327505649326213e+02 5.819857011406910487e+02 5.925198427046452707e+02 5.367395562710103150e+02 5.139664228225768738e+02 5.813643554257619144e+02
3.120767291310000928e+02 3.772215579979379072e+02 4.210349194639555321e+02 3.830468493271679904e+02 3.201142863792438220e+02 3.201390114498846629e+02 2.619320386298620633e+02 3.355828145497887363e+02 2.747428180727434892e+02 3.301019090621464898e+02 4.248595226844779518e+02 4.214357077350098848e+02 3.811221472158239862e+02 3.156207176756975059e+02 3.186618261658912843e+02 2.284090253561146540e+02 3.246046056904357897e+02 3.433326096076667682e+02 2.663471839487225452e+02 3.620697457495990079e+02 3.989480711302902591e+02 4.160998544438001545e+02 3.987043311419743645e+02 4.926904589881015681e+02 4.498274673406410216e+02 4.111628507235546408e+02 3.290684678580131504e+02 4.240022691599609743e+02 4.199048135952272105e+02 4.891719911301810839e+02 4.424144444230725526e+02 4.811041264843286740e+02 5.470905114132126528e+02 6.391681228804110333e+02 6.289566560289893005e+02 5.789398723042417032e+02 5.799615372926818964e+02
2.421933712804978711e+02 3.381913283978793743e+02 3.960951461598378955e+02 4.355897609390923435e+02 4.151021501736596520e+02 3.305463436563728692e+02 3.576901031417214654e+02 3.131672538768353320e+02 3.703285930045511236e+02 3.199689202660480873e+02 3.900989779803872466e+02 4.836968584736037542e+02 4.493027419341632935e+02 3.722203917849469121e+02 2.784587333298667886e+02 3.245995764728337463e+02 2.344881277609284780e+02 2.474852446474413910e+02 3.434459770595581745e+02 3.331793169995702897e+02 3.987164412520608039e+02 4.926869232710188271e+02 4.926753171709690946e+02 4.786494471236035224e+02 3.850199392992105913e+02 3.160610198725164537e+02 4.111100270873973273e+02 4.626034669291399837e+02 5.136454109477712109e+02 5.517776683782958571e+02 5.358759450601540948e+02 5.728352044610059011e+02 5.740516071073519697e+02 6.657654907921983067e+02 6.540231839839103714e+02 6.706202235693062903e+02 6.714860291200656093e+02
3.381845377365484637e+02 2.719947601950545959e+02 3.016607645328478498e+02 3.969192931392408354e+02 4.639851613325653261e+02 3.988251482261802039e+02 4.446589539905187394e+02 3.532508846450461419e+02 4.460606017226248241e+02 3.901039231933295923e+02 3.860017264549059632e+02 4.800490207690104967e+02 4.363214702431655496e+02 3.418323545144379523e+02 3.728807378160604458e+02 3.127274522068076976e+02 3.306219666279347393e+02 2.409750965418890587e+02 3.091505568472773007e+02 4.043164728380105544e+02 4.665906874165856948e+02 4.988278176488857980e+02 4.610345842174462518e+02 4.305409092856220923e+02 3.917633398942054441e+02 3.070708333384075672e+02 4.022824909729965839e+02 4.353151259310874934e+02 4.359127288474132342e+02 5.294579302695753995e+02 5.433666274033546415e+02 5.814311636517149964e+02 5.795473430359767235e+02 6.154857529105411231e+02 5.624610027699902730e+02 6.202428679904394357e+02 6.577833386354999448e+02
3.941101272830254629e+02 3.046481568465692931e+02 3.951662733805870289e+02 3.577084543861282100e+02 4.522499191517309214e+02 4.927700684607237918e+02 4.862937087569471259e+02 4.478335775346334913e+02 4.862853693869913059e+02 4.837040920607821022e+02 4.801231427918257282e+02 5.181318358413960823e+02 4.751134649946008608e+02 4.137714117236894253e+02 4.465209359185504923e+02 4.073098602493907379e+02 3.414842423154487960e+02 2.455714148458307307e+02 3.415408961399611485e+02 3.860262579924796569e+02 4.143234654605022342e+02 4.531102445266879499e+02 3.665599847561630327e+02 3.813765584544884746e+02 2.964142219413689077e+02 3.917663569638216359e+02 3.268663314839516261e+02 3.411304037816137793e+02 4.359123180780044891e+02 4.715043262471976959e+02 4.501067209956465263e+02 5.068800471417456492e+02 4.867128183732822890e+02 5.480972269895382851e+02 4.955221165511430286e+02 5.287842889837043003e+02 5.676581721157630227e+02
4.337781961257392709e+02 3.447699877319031430e+02 4.337729628943554303e+02 4.267172329014196066e+02 4.522221803577122046e+02 5.455276105159808822e+02 5.536902080589801471e+02 5.152439319708513494e+02 5.027932948139408609e+02 5.118861823829755053e+02 5.499353231798570505e+02 5.561862669450692920e+02 5.333696818839877096e+02 4.809054433196881178e+02 3.898743701283831911e+02 3.306079000130536656e+02 2.858143688473275006e+02 3.415458312856236489e+02 2.521686143926938257e+02 3.480754617135697231e+02 3.194034560294696234e+02 3.982016231698875117e+02 3.736120897880564939e+02 2.858914810223994891e+02 3.813713474738692071e+02 4.303114467828103216e+02 4.218239139831908915e+02 4.357010379211946542e+02 3.626475136961644239e+02 3.784663569918219537e+02 3.954298733534078565e+02 4.138142322839934195e+02 4.333966799035460440e+02 4.552856270590787062e+02 5.094539049028749673e+02 6.020544841597909453e+02 6.577672104842275758e+02
4.760328600609527143e+02 4.028646532254908834e+02 4.739845065006062441e+02 5.170978391638963103e+02 5.385341414822885326e+02 5.002007650433433810e+02 4.971926182600507786e+02 4.220342756391120247e+02 4.090464490591280082e+02 4.182502459930671534e+02 4.942647342250854194e+02 4.635558817187102818e+02 5.179870270479600549e+02 5.120377556505593475e+02 4.641466334029767609e+02 3.866640163544623761e+02 3.321128310289705610e+02 3.444282672942847512e+02 3.480793019016155654e+02 2.587831948232394552e+02 2.634972824181375017e+02 3.592700456729451162e+02 2.780318755261245656e+02 3.736096342430238906e+02 2.979295403054415488e+02 3.932565530947031789e+02 4.424345294272221167e+02 4.951275264260535778e+02 4.571571133143526140e+02 4.339666977851602496e+02 4.892578678217420247e+02 5.073991190465514478e+02 5.266469912170221050e+02 5.227259859801233688e+02 5.865147054331785057e+02 6.396882069720752497e+02 6.739329035517229158e+02
5.197414483438402613e+02 4.794197020880266678e+02 5.014262254652983302e+02 4.753897819032369512e+02 4.996401817251207831e+02 4.067394295236826451e+02 4.035441516695169071e+02 4.351884233854881359e+02 3.430617555149746067e+02 3.634824788803251181e+02 4.315095639727401817e+02 3.957906455307601732e+02 4.896115094206900267e+02 5.683819233965741660e+02 5.141529670944923964e+02 4.656263610257579444e+02 3.908898104154742441e+02 4.351301695337490969e+02 3.858098247530302842e+02 2.938699015820732825e+02 3.592528518294907940e+02 2.701948160428401593e+02 3.658720985892708768e+02 4.124207896530793960e+02 3.932595022077641147e+02 3.100298919338185897e+02 4.052021878796355168e+02 4.542375563510153711e+02 5.055717523705188228e+02 5.261038501675636780e+02 5.656013326687257177e+02 5.665261703497161534e+02 6.020499073768991138e+02 6.145567785052373893e+02 6.463034865846119601e+02 6.087161167900115970e+02 5.823225339424551521e+02
5.518021200357759426e+02 4.827422249306898721e+02 4.551252969743378571e+02 3.839121869202466542e+02 4.532395054852262888e+02 4.280899115235277463e+02 3.369448334034565278e+02 3.829578894710976442e+02 3.066000607252952364e+02 3.212108008854386298e+02 3.371253032570076016e+02 4.314937395405053735e+02 4.789557110699339546e+02 4.757834519600805265e+02 5.422050645836936837e+02 5.173627325127307586e+02 4.826201996781579169e+02 4.263601103132775165e+02 3.560624835915691619e+02 3.892276420338608887e+02 2.986613187146539872e+02 3.658833759448452270e+02 2.846930874715130813e+02 3.801780382123801019e+02 4.334116836157098192e+02 4.051878776584075581e+02 3.222896351114818572e+02 4.172978124270592275e+02 4.118989863420975439e+02 5.057516743141671327e+02 5.013604234673462088e+02 4.734911481760785819e+02 5.665297582427137968e+02 6.070360707555565796e+02 5.692930741840148130e+02 5.162443838790549080e+02 5.695726514260292106e+02
4.600671086828255056e+02 4.546664370447203396e+02 3.719410252109779549e+02 3.250597939298140773e+02 4.143397117007074257e+02 3.970437170391430186e+02 3.667549699600322128e+02 2.876249176597928567e+02 3.829640597762715402e+02 4.158171228397026198e+02 4.316699270257122976e+02 3.631146134470967013e+02 3.861479450847295993e+02 4.108584703900157251e+02 5.005705880250388304e+02 5.829218858985524321e+02 5.525538304585680862e+02 4.891311146642170229e+02 4.506661618013025645e+02 4.138284142603208693e+02 3.193672105658233704e+02 4.118519451769394095e+02 3.801859857915370640e+02 2.993447225395518103e+02 3.944137632605865633e+02 4.558452938262994962e+02 4.172958718469886890e+02 3.347898924392887352e+02 4.296388095810353889e+02 4.514774693349565950e+02 4.074633428826913928e+02 5.013622031250089321e+02 5.735290898323914917e+02 5.363965941305414162e+02 4.762840083565867531e+02 5.692828959293841535e+02 6.463104028194061357e+02
4.684208612638943805e+02 4.570555096917990454e+02 3.791249789619723174e+02 2.851216912462282380e+02 3.777044936713232346e+02 3.512884785283987981e+02 2.712126154589233806e+02 3.653429190883143178e+02 3.391479980388813829e+02 4.338152463432624586e+02 4.957748224768037630e+02 4.192408389753271081e+02 4.242776402822299247e+02 5.042977986781742743e+02 4.571521339252611824e+02 5.501236023366720929e+02 5.315470786126275016e+02 4.586457621545393408e+02 3.984726460634797718e+02 3.525766008470596375e+02 4.144604127843010133e+02 4.530359467894382988e+02 4.049388791363160180e+02 3.098630904511471726e+02 4.049119802438905253e+02 4.589629446939572972e+02 4.682109057112014057e+02 4.296474101065260243e+02 3.476739996934455803e+02 3.569518475452169355e+02 4.515184005708416635e+02 5.014055197761996965e+02 5.068672528352361155e+02 4.429486742309795204e+02 5.363964193083319287e+02 6.070907801327416564e+02 6.341508646826709992e+02
4.257329900470102189e+02 3.862233593482320089e+02 3.246123776916232373e+02 2.558739855400944521e+02 3.361240586122253831e+02 2.555370292783244963e+02 3.487413651497279830e+02 3.508760987362257993e+02 4.333468165683838720e+02 4.064327503858487489e+02 5.002335287926894694e+02 4.883190620007332541e+02 4.910446846196117008e+02 5.169559598462294616e+02 5.283563044963681250e+02 5.387608154138443979e+02 5.593370044586292806e+02 4.943151196878812925e+02 4.517351813957779996e+02 3.832605915862345114e+02 4.743938355080860561e+02 4.776836325655438600e+02 3.835358908340103312e+02 4.050300251499656383e+02 3.253807979793647860e+02 4.203562530966668191e+02 4.762415263417187816e+02 4.808544913634719364e+02 4.148906847518718450e+02 4.514898138326853996e+02 3.707876790856548723e+02 4.651818625307137154e+02 4.130398339847743614e+02 5.068693831402021033e+02 5.672260332993301972e+02 5.419940798914670950e+02 6.340938990625793394e+02
3.880907665026525137e+02 2.958340519522358818e+02 3.082070294685734666e+02 2.297155871872302271e+02 2.402398962960544964e+02 3.346138476344570449e+02 3.902309236750083414e+02 4.446744550257649848e+02 4.838499572912536451e+02 5.002148510840741551e+02 5.383598957539253433e+02 5.791797938399897703e+02 5.836115383146445765e+02 6.092652215759214869e+02 6.167083938917373871e+02 6.305278314041401018e+02 5.836657920970918667e+02 5.661441647077343760e+02 5.081533277367377650e+02 4.216148406263119455e+02 5.006274337310501892e+02 5.051066578985264073e+02 4.557246743627704291e+02 3.626818038122681855e+02 4.203613407219249325e+02 3.429690517452935978e+02 4.377090170921654817e+02 4.942642587893512314e+02 5.086997737558413064e+02 5.035511890699048649e+02 4.651829136250682950e+02 3.849889657815011219e+02 4.791944805471678137e+02 5.172851243819849287e+02 4.756714298001173802e+02 5.667561779578812775e+02 5.612035503018424833e+02
3.383175949528513797e+02 2.990979597806380639e+02 2.160141659303656638e+02 3.122640526898738926e+02 3.360136039127242498e+02 3.752210633974468124e+02 4.175580884323099440e+02 4.565488723096084982e+02 5.121804829438041224e+02 4.739374070791484996e+02 5.082053367521529594e+02 5.637589766365364312e+02 5.664217738919622889e+02 5.760208032271050342e+02 6.137547905027281558e+02 6.030708332468070694e+02 6.317102807003191174e+02 5.534656266355540311e+02 4.820979885364537267e+02 4.908544914147555573e+02 5.390064482104177159e+02 4.956771345660897055e+02 4.043152151475055120e+02 4.571994326834586104e+02 4.707230759057486580e+02 4.377187520056139078e+02 3.613300688947274466e+02 4.558393250820938647e+02 5.143393094956089726e+02 5.675715289308545835e+02 5.174948836663114662e+02 4.518554867044220487e+02 4.020457223502042439e+02 4.239661376363334853e+02 4.537156614635136975e+02 4.851698848404051887e+02 5.511159690060322873e+02
2.889665249590215126e+02 2.026674023107764526e+02 2.139848513017171570e+02 2.254442913235209858e+02 3.215619199120120015e+02 3.494632660779975026e+02 3.230584383318012556e+02 4.176677612681941696e+02 4.244235114700427403e+02 3.797970960242362253e+02 4.337132532397172326e+02 5.264573635152322595e+02 4.739766555007418560e+02 4.832554708723499743e+02 5.359105279181708283e+02 5.106281745789295314e+02 6.030372093209616651e+02 6.001174485011787283e+02 5.702080287307979916e+02 5.750813442586395468e+02 5.626778879745195354e+02 4.725414707865322157e+02 4.514195183238711593e+02 5.348268449725770779e+02 5.046675351066171515e+02 4.128819934736418986e+02 4.556312139415807678e+02 3.817889101151101272e+02 4.360200200804429187e+02 5.295437255417223241e+02 5.831230478786293361e+02 5.342391286416690264e+02 4.959671796029080042e+02 4.231577053728306055e+02 5.168707104080955332e+02 5.770255981811301353e+02 5.780664190891880025e+02
