output/example/elevation_000031.asc
nrows	50
cellsize	20.0
xllcorner	0
ncols	50
yllcorner	0
NODATA_value	-9999
[rows 17 to 33 of 50, columns 0 to 36 of 50]
9.098509734387574266e-01 8.338787828226084997e+00 -5.288136376921556803e+02 1.854605342555110947e-01 4.292388000815654969e+00 9.670331363274634384e+00 1.305217818838558763e+01 1.740044269085306539e+01 2.322575940014278828e+01 2.155023292395450696e+01 1.155912814665787636e+01 4.819569006708601222e+00 4.641804038986672154e+00 1.383593853592992495e+01 1.159816146511411716e+01 -2.143751049613040749e+01 1.078076183357091722e+01 1.577497936826723901e+00 1.617749163150694613e+00 1.052213746050233212e+01 1.171242284641860998e+01 1.620013640640971886e+01 1.222849955566701219e+01 -2.643048783533495225e+02 1.190030634981022573e+01 1.642144311319539796e+01 1.322292122867632536e+01 -4.013610479788021479e+01 7.410393337106138567e+00 1.544810517956349294e+01 1.904980503667369618e+01 2.322484944937128759e+01 1.651097561101066447e+01 6.747376163571350283e+00 5.521093303900729943e+00 1.041876318845245031e+01 2.025765538939996802e+01
6.729603419142361487e-01 1.067296034191392273e+01 6.581637710572311839e+00 1.010834995178011475e+01 -4.025178933204942382e+02 -1.955786875181420470e+00 3.616837203693232361e+00 8.956708669961791713e+00 1.907379718246438571e+01 2.097863616524190888e+01 1.520911494971760725e+01 8.369139887004978462e+00 3.186068726730128642e+00 1.087485440377523105e+01 1.079968027733851699e+01 1.425207866714919724e+00 1.584235088504543976e+00 -3.039722467667556884e+02 9.560413707359698421e+00 -5.358410531484354351e+02 1.364087449838086608e+00 9.254070622298549154e+00 1.061952911910356612e+01 -2.520040521270889258e+02 9.459627398155623368e+00 1.967949210713133112e+01 1.770196222343376391e+01 1.169754551923239916e+01 1.186380769309665872e+01 1.445285616919841587e+01 2.445284970674858371e+01 2.499306235292307932e+01 1.507567057673098176e+01 9.929079250790943334e+00 8.270600230669455044e+00 9.066219065520131792e+00 1.589110207132097230e+01
9.500813129397378543e-02 1.009500813129374919e+01 1.647159982935601974e+01 1.002639653286826871e+01 -6.426111902923577190e+02 3.175147251039268093e-01 6.498955512347471597e+00 1.410280368577078569e+01 1.998794578725146209e+01 1.683768718428021316e+01 6.830297510314297327e+00 -6.334945728322725245e+02 6.379038962204356622e+00 -4.901076519313723452e+02 8.263945755088046852e+00 -8.918901299286960693e+01 9.059121910781016140e+00 6.782325978050023352e+00 1.201055056974567492e+01 -2.566371838539051851e+02 2.234225168741159173e+00 8.195133199181519501e+00 1.101144954179411251e+01 2.577181105859338128e+00 1.225310688171812856e+01 1.643387095299696554e+01 1.938821055318826581e+01 2.256552391425297088e+01 2.211721458532208828e+01 2.446546459046027167e+01 2.872488135439689216e+01 2.672660331774396170e+01 1.685682442524296221e+01 1.416002902745225001e+01 1.667448122158331003e+01 1.171133552169156822e+01 1.642455225012291464e+01
5.074168083889973868e-02 7.121809492704385569e+00 1.712180949270542740e+01 1.444801153298317509e+01 5.223296720600619558e+00 1.025898074489598066e+01 -1.214594314324063760e+02 1.028872286009084824e+01 9.997936155432961769e+00 1.074118108062310561e+01 9.574976367365650276e+00 1.322716567711680113e+00 1.435782056904752135e+00 9.892695059327430984e-01 1.508525934983644845e+00 8.458852252260205873e+00 1.565796153883565722e+01 1.627027776614313481e+01 1.529044872111887798e+01 5.231835018473587340e+00 3.842279078249010826e+00 -8.478494255026359383e+01 -2.625858263730853537e+01 -1.374917509596219389e+00 -2.583708447686707288e+01 9.351512142117680781e+00 1.088793151392685843e+01 1.939240384475056089e+01 2.402098971984935005e+01 2.840266592260087464e+01 3.420357031950690185e+01 3.087239651363516657e+01 2.672660332740796818e+01 1.985168020911903142e+01 2.497736654584790728e+01 1.531831603361196947e+01 1.523280340133326760e+01
2.528005767708579876e-01 7.323868388636320503e+00 1.732386838863570233e+01 1.967476521489991725e+01 1.553521684834999306e+01 1.386496159320085297e+01 8.501335511612163387e+00 -1.305284989013786685e+02 7.809513250769418491e+00 -3.119621360306992983e+02 8.998638145756432394e+00 -3.106271506024453970e+02 8.087970455963658267e+00 -7.944337745587864674e+02 9.662247757695553219e+00 1.566128675829487982e+01 2.261644715381066817e+01 2.074705582124359182e+01 1.078983284149553867e+01 6.385527163382878513e+00 9.236983910286019395e+00 8.064355269829141193e+00 1.154692901155897111e+01 4.560563884611187113e+00 2.820780254026447498e+00 3.722961275420833438e+00 1.301257797282827156e+01 1.638513850978374720e+01 1.418735118136719464e+01 1.999431450180796332e+01 3.004225648739101473e+01 3.285053687028861447e+01 3.393488365795172967e+01 2.977847222528963300e+01 2.929538585903184966e+01 2.092138840126633426e+01 2.089266811820795056e+01
9.791283598286071310e-04 7.072046940225290790e+00 1.707204694022477298e+01 2.201080672004576044e+01 1.201463308963176502e+01 4.958267487058415135e+00 -4.305800405553108021e+02 1.105209994510044647e-01 9.154381785280802930e-01 1.085961714027039671e+00 1.148489331501307387e+00 7.289305839494753414e+00 1.514994044830654119e+01 9.669263723492603546e+00 8.304310042268648218e+00 1.832280626394356560e+01 2.543954464119794068e+01 1.539908868804250552e+01 8.709130230630355740e+00 8.117519085927376921e+00 1.808556426525335326e+01 1.510602027274195258e+01 1.737019068419501266e+01 1.026447645048026835e+01 3.680686137824871640e+00 3.334549746289955596e+00 9.131062121649330621e+00 7.953206010274156412e+00 1.314754995443435881e+01 2.322355941889225406e+01 2.365176078844922714e+01 2.298636292302733963e+01 3.285053687028867841e+01 3.579966297215898408e+01 3.494936481636586478e+01 3.079505955507356418e+01 2.784629934743235680e+01
4.600753433092569233e-01 7.531143155174719439e+00 1.753114315517400001e+01 2.493908622369480810e+01 1.494244455997158560e+01 1.279791610650733880e+01 6.318414660563765217e+00 -3.116224133832769212e+02 7.900070017111377574e+00 -6.968527995470800533e+02 7.202137477151135059e+00 4.240457515092137086e+00 9.157739214260148586e+00 1.910454115553276111e+01 1.832280626430082293e+01 2.246282952218817641e+01 2.524309203591986517e+01 1.528739408237333208e+01 1.089066259799702685e+01 1.507049312667339613e+01 2.222363195034807859e+01 2.507048987760744296e+01 1.948632108148102660e+01 9.702429680164797787e+00 9.366515536382422624e+00 3.643314551303759252e+00 3.673932137757565553e+00 1.064231786710839245e+01 1.815548903869129305e+01 1.700912600339974290e+01 1.487696432732928464e+01 2.365176078845178864e+01 2.583313679663433504e+01 2.583272441664569641e+01 3.077419122429831333e+01 3.489457463619602606e+01 3.778220867665467608e+01
5.979472710492108600e-01 7.669015082914673265e+00 1.766901508291388012e+01 2.444686508837177286e+01 1.444930907722647540e+01 7.358447488801918013e+00 3.656168856869538075e+00 4.651075551430859711e+00 5.201465138921443909e+00 8.745126597873468910e+00 1.488184165937757264e+01 8.987962688055976201e+00 8.035999843362555239e+00 1.307336294225592610e+01 2.308778342188252353e+01 3.083329482535539867e+01 2.083418062529053216e+01 1.411798245005607910e+01 1.365488977134800486e+01 2.348157026589654706e+01 2.917178359658111830e+01 2.940668408322438765e+01 1.948632112157079632e+01 1.854540446122393149e+01 1.344357550306491333e+01 -4.015316700808671158e+01 5.826642157134946487e+00 3.783335791445666896e+00 9.653343568612534398e+00 9.150971859438062239e+00 1.480688312425505515e+01 2.467756164773065208e+01 1.581891295845089296e+01 2.120394966850173546e+01 2.077187675721963345e+01 3.077419122655371808e+01 3.707840097264697476e+01
1.534601171854249602e-01 7.224527929050887032e+00 1.722452792905000862e+01 2.534271666156750769e+01 1.885708202568092418e+01 8.794356671553501315e+00 6.164954538000968931e+00 1.215073539318330376e+01 9.908573356838639157e+00 1.096141583183475632e+01 2.074877962690421285e+01 1.878331557558061604e+01 1.109857674256680049e+01 1.305562400057273464e+01 2.286267162467489200e+01 3.101162531812634171e+01 2.104177851179291991e+01 1.765871007688438610e+01 2.060385669842845857e+01 2.777300531753810731e+01 3.024053592715368310e+01 2.610607993971265017e+01 2.667744682967568082e+01 2.643820521384443722e+01 1.753765396536072174e+01 1.205557821362362958e+01 4.090693629170905510e+00 3.950703421047943031e+00 4.662778748486500646e+00 8.888103455906042782e+00 1.861146846338235505e+01 2.143964019854674063e+01 1.659591502827128551e+01 1.368168948592873946e+01 1.969772287110801301e+01 2.297311030166711276e+01 3.295895045214582098e+01
1.123418600940028211e-01 8.540874993562043827e+00 1.120096228124108251e+01 2.119624714021814782e+01 2.299528448098663347e+01 1.867474461760352256e+01 9.324340582323438653e+00 1.633050822451963313e+01 1.993458059773625379e+01 1.673273706622011403e+01 2.509940584537459074e+01 2.522547134848197459e+01 1.685497501647456886e+01 1.880227526567936280e+01 2.716298035860257798e+01 3.515747951217436196e+01 2.579737434740991020e+01 2.454032590847179307e+01 3.057677001959227425e+01 3.259440747776294955e+01 2.594585863538637582e+01 1.585326654254141943e+01 1.644645863853736145e+01 2.217024692135280972e+01 1.310411026968761661e+01 7.304616516390158409e+00 5.183936631667106276e+00 5.134589055089008092e+00 5.128217008193682425e+00 5.421155301603072019e+00 1.471282737584434130e+01 1.233052279031286425e+01 1.094807389589259650e+01 1.577165621559942288e+01 1.478243558784088663e+01 2.006446638717923392e+01 3.007833757426155685e+01
2.368195578726151052e-02 3.185959615955637592e+00 8.791413358686952506e+00 1.583225495456072451e+01 2.582940641961279127e+01 2.345571638530539005e+01 1.395643227454776181e+01 1.563738630924774320e+01 2.549562163027402661e+01 2.672874884527611883e+01 3.087155347271697181e+01 3.100025958851474428e+01 2.685504735648741459e+01 2.878743797486198019e+01 3.293101366267833185e+01 3.995203817796753043e+01 3.579859906524956159e+01 3.455301754041393991e+01 3.547147227296490968e+01 2.537751436783645786e+01 1.818000127378148534e+01 1.431211095520353460e+01 1.190579839147301300e+01 1.513268195410224770e+01 1.097492389458608741e+01 6.371861576317864539e+00 5.947244180172661210e+00 1.616061073103933765e+01 1.378378914985807668e+01 5.926578051450215767e+00 6.724198346677813909e+00 8.339049688866344567e+00 1.234548952189786952e+01 2.074593524378512299e+01 2.034926296141882673e+01 2.014746583947225744e+01 2.642339329890867106e+01
6.540601710037032834e-01 9.329616880511943933e+00 1.123545264213030492e+01 1.831455361427159900e+01 2.830193125259649634e+01 2.809479334391740935e+01 2.394815398621053504e+01 2.270498074043508296e+01 2.978087852175704597e+01 3.313817671014174948e+01 3.110901509267493381e+01 3.184501710943917629e+01 3.478047323628327803e+01 3.646469409279367113e+01 3.326962531293253278e+01 3.448256096637758361e+01 3.861256667975597878e+01 4.270253139602747439e+01 3.274926870690109126e+01 2.556921812455219722e+01 1.963105078045604301e+01 2.115807905815783840e+01 1.489107635199049007e+01 8.873192030002874375e+00 7.839038478102170693e+00 7.314901760841794776e+00 1.633713972886781463e+01 2.085892671620720762e+01 1.649109324195270077e+01 6.274710328822847849e+00 6.278935610432667680e+00 7.890905481266229593e+00 1.421822124181590574e+01 2.400035405492436880e+01 3.032482728627837432e+01 2.886117746335225220e+01 2.832952606113908445e+01
4.909850854147627119e-01 3.339429305166941475e+00 1.277719040298785380e+01 1.820254394371214701e+01 2.018240191891234048e+01 2.614794135558526378e+01 3.087485111254700243e+01 3.270586336060581800e+01 3.313817671014175659e+01 2.313755891701307377e+01 2.112635631186234875e+01 2.183144413446510868e+01 2.476435174754487534e+01 2.645931242157709917e+01 2.331233440013780012e+01 2.448254962154513947e+01 3.330377502758032904e+01 3.905767062542281565e+01 3.963602701447597099e+01 2.964800966844061136e+01 2.871213372575755329e+01 2.474261300306700662e+01 1.840654999649045109e+01 8.728163677334006110e+00 8.327650134070966104e+00 1.419830377369183338e+01 2.160486952909279168e+01 2.649857409348781800e+01 1.652936774379216089e+01 1.154511605093202675e+01 7.125514390710524282e+00 7.464696128288335508e+00 1.670563997801440337e+01 2.148500642914231662e+01 2.448019643814042468e+01 3.451406337470174179e+01 3.827506463464315800e+01
3.962370847149454534e-02 7.119161422724251231e+00 5.636963978912254092e+00 8.488238735560639014e+00 1.227003041516386439e+01 1.673700336080628404e+01 2.380405357446002768e+01 3.380348684430330763e+01 3.113952038768043451e+01 2.116165653953360248e+01 1.504566698316794238e+01 1.483702909526496327e+01 2.364561351426196012e+01 2.131202694970271594e+01 1.650970857776775347e+01 1.918650634627294593e+01 2.493690072603368435e+01 3.495056158409963842e+01 3.610234258253814943e+01 3.012979401134112223e+01 2.566779419360408809e+01 2.023670751794910672e+01 1.033967531886674962e+01 9.884162430227069862e+00 1.715352304936775951e+01 2.232899728597443456e+01 2.849040233752111817e+01 2.753142158757495039e+01 1.751630336778413266e+01 1.188912508235258514e+01 1.260742624988076876e+01 8.171079723614052881e+00 8.662431327870825370e+00 1.440894218841991758e+01 2.409509849973721174e+01 2.848583799553196982e+01 2.940466256656574018e+01
2.605283927408929001e-01 2.392535556296998323e+00 9.318297733102099301e+00 7.634018239640964154e+00 1.230610611265250043e+01 2.219344108189797637e+01 3.087485112163282963e+01 3.412640816335629523e+01 2.998187740461997564e+01 2.468284645066767879e+01 1.473169193418808121e+01 1.154727387384054360e+01 1.526635822033052925e+01 1.441658194678864646e+01 1.670871185520649149e+01 1.875482657343886572e+01 2.469759946895678837e+01 3.468267700007614707e+01 3.174379042220897418e+01 2.164927261323360597e+01 1.587844637282581317e+01 1.273707710602124799e+01 1.043155413772548101e+01 1.113059361870802277e+01 1.444269342197453909e+01 2.446771811001003627e+01 3.011215780235821171e+01 3.166993339501613391e+01 2.600073915011101988e+01 1.750940458426162394e+01 2.001530365340850892e+01 9.817307117883721901e+00 9.049231316897525801e+00 1.005632550253276314e+01 1.997206506008772209e+01 1.842522627957981740e+01 1.931374071126335323e+01
3.048053885361223792e-01 8.935374848607871456e+00 1.653467343225754860e+01 1.599921566200975320e+01 1.471053895895122920e+01 2.471538146977648864e+01 3.449349352464390250e+01 2.998187714739996679e+01 2.000721120979685708e+01 2.140354201702463399e+01 1.959963599696972381e+01 1.070978926790059482e+01 1.163672776735294256e+01 1.738762970339056224e+01 2.646567083971159562e+01 2.703698370669587447e+01 2.580751245617752332e+01 3.584101114433610746e+01 3.115733666638896437e+01 2.083747010987742243e+01 1.510119742880650406e+01 1.425719456286096332e+01 1.660675242703831245e+01 1.464079481614511913e+01 1.335133087833099275e+01 1.604969739332285528e+01 2.580335616913739827e+01 3.271756295443099560e+01 3.166306192238584316e+01 2.752774551616276355e+01 2.408523078472205370e+01 1.740557947897832491e+01 9.573531505826625931e+00 1.018701672138518433e+01 1.232389883932062702e+01 -9.752460359849216331e+01 1.351022241012196901e+01
5.470844782054917754e-02 4.526844402820135116e+00 1.030034709471641108e+01 2.030034709471968668e+01 2.471538146977653838e+01 2.885856460433589987e+01 2.822756228484021790e+01 2.040539922937712447e+01 1.860590145239399007e+01 1.300131590674594761e+01 9.927580573422462251e+00 9.283331601478002071e+00 1.851200704144657649e+01 2.565850042898754424e+01 2.553760197432898593e+01 2.967533290713792837e+01 3.584101114458076154e+01 3.997590545712846222e+01 3.565740897880584725e+01 2.963247341879123198e+01 2.158009345302025750e+01 1.922159532728914400e+01 2.585082569881035397e+01 2.440876246786563541e+01 1.604091447638153767e+01 1.583033723058292885e+01 1.875593336489712470e+01 2.567803361089938008e+01 3.561001495141889706e+01 3.243404963080705983e+01 2.243899565451837930e+01 1.532609228391768674e+01 1.765426809789811813e+01 1.271654217069283455e+01 1.148752304568768956e+01 1.244055901469441139e+01 1.319206786875186133e+01
