output/example/elevation_000413.asc
nrows	75
cellsize	13.33333333
xllcorner	0
ncols	75
yllcorner	0
NODATA_value	-9999
[rows 51 to 67 of 75, columns 37 to 73 of 75]
2.141322813866983754e+00 2.141322813866983754e+00 2.141322813866983754e+00 2.141322813866983754e+00 1.207048301590448425e+01 1.018337860212188950e+01 2.867539762158136885e+00 1.185716191792862695e+01 1.468097731087257429e+01 1.552595377974421531e+01 5.685448091012094807e+00 1.512732782541857546e+01 1.653314014126121023e+01 2.562489642025766656e+01 2.301716482552682663e+01 1.869384865193649503e+01 1.204249097542841618e+01 2.251857247196644352e+01 2.209360687198056894e+01 1.920375098575035722e+01 1.920372426751059081e+01 2.906850600483717528e+01 2.114031988136508389e+01 1.633358886773501695e+01 7.211439091495502218e+00 1.245340562586707911e+01 1.950183610014886781e+01 2.750938830490384035e+01 3.375212240722662926e+01 3.290040557676124422e+01 3.726810636397259913e+01 3.803108737815420426e+01 3.241643434524716838e+01 4.093895466572907793e+01 3.753918258744071323e+01 3.456106726048814437e+01 3.456105482312337784e+01
1.208782891756996669e+01 2.141322813866983754e+00 1.209514527689541907e+01 2.141322813866983754e+00 2.141322813866983754e+00 2.208498986041855350e+00 1.180856878893735029e+01 6.373735743952501309e+00 1.507081332727760525e+01 2.011767176497308895e+01 1.549291658105531688e+01 6.987151671618390125e+00 1.692732841843672631e+01 2.271052839600691442e+01 2.777738192202256684e+01 2.546025455388523184e+01 1.485198554532417248e+01 2.546025455388523184e+01 3.194593964778170658e+01 2.907033632340342066e+01 2.906621248186156947e+01 3.314090265127222779e+01 2.422523381569593681e+01 1.450888573226936629e+01 7.676773740415919534e+00 1.368901947507168515e+01 2.273415192854022138e+01 2.871188196585104535e+01 2.915680526617189727e+01 3.338658361217445503e+01 3.506448079116690764e+01 2.786787196107425757e+01 2.655013219527796409e+01 3.671125842374511450e+01 3.322500864847813062e+01 2.742130784424350054e+01 3.456107480089453077e+01
1.221160245529973487e+01 1.221555621821114279e+01 1.611215355734588073e+01 1.207146791189816959e+01 2.141322813866983754e+00 1.209759021612262586e+01 1.212921218454400574e+01 1.038214377160855406e+01 1.953665912561353935e+01 2.277166446120340382e+01 1.264598887778000247e+01 1.692732841832321355e+01 8.468761798173391142e+00 1.344641132637918624e+01 2.360970828675848310e+01 2.975322423809895511e+01 2.546025455388523184e+01 2.017489115796916721e+01 2.770392397780735294e+01 3.805647175473139043e+01 3.474903719971428018e+01 3.054562898324543596e+01 2.419452436013043339e+01 1.786920273118749236e+01 7.676773740415919534e+00 1.786920273080735910e+01 1.468592244889755882e+01 2.183977370915023641e+01 1.884659441463891838e+01 2.915671459507227681e+01 3.084472022623164023e+01 2.057410569305641346e+01 2.802905687236102850e+01 3.000895485178767075e+01 2.305474231624359049e+01 2.693204113372584629e+01 3.407221408961876108e+01
2.263113293712692808e+01 1.943512466839650088e+01 1.176966753257265808e+01 5.646972360799799695e+00 2.645056376504586915e+00 1.514296168754518490e+01 2.200404906986024756e+01 2.102765034356987428e+01 2.549167510751464860e+01 2.092274774514144298e+01 2.277158638397417434e+01 1.857548249194477208e+01 8.468761798173391142e+00 1.857634218889428013e+01 2.777583395367226515e+01 3.324009699163795517e+01 3.498108437446904162e+01 2.634325602348535966e+01 3.498108437446904162e+01 3.741216244510805922e+01 3.054726018744437610e+01 2.025732855563246559e+01 1.997742709802484740e+01 9.647483000120567809e+00 7.676773740415919534e+00 7.676773740415919534e+00 7.676773740415919534e+00 1.145348075258425169e+01 2.186631031415781479e+01 2.775655798955971676e+01 2.351437814048914632e+01 1.737766623101482111e+01 1.765815462598009589e+01 1.972110288480925888e+01 2.571870817839153389e+01 3.586965923305345427e+01 3.407221544710320416e+01
2.654448005362813845e+01 1.837707454361410697e+01 6.524872016462601287e+00 3.495362472893785544e+00 6.162308280536032079e+00 1.687031783067531165e+01 2.582818922394996619e+01 3.060981511978273417e+01 3.513917948871360153e+01 3.099835664099709831e+01 2.327689468562835984e+01 1.014705399930588037e+01 9.654189572518369289e+00 1.979382972101965521e+01 1.868720666782166262e+01 2.596464271639223753e+01 3.201052955301486946e+01 3.675242868589842971e+01 4.094030443379703854e+01 3.312853512473405715e+01 2.286789874408656686e+01 1.682608177140498285e+01 1.286160319155337817e+01 1.998008462181515554e+01 1.484094585604487904e+01 1.786920286490834542e+01 7.676773740415919534e+00 1.786910010334137056e+01 1.998445411537595362e+01 2.140384386974076136e+01 1.306779570856825323e+01 1.486129661706626237e+01 2.230135789270938673e+01 3.000894308801700561e+01 3.422536058174468110e+01 4.009601805587691814e+01 4.423537343904012431e+01
2.235430035338766430e+01 1.254961079717345385e+01 1.211713910830479968e+01 3.982762505999056124e+00 1.355254077329137274e+01 1.161201100656223240e+01 1.662536369915572720e+01 2.362685088893998042e+01 3.349710482129083289e+01 3.003247260579863109e+01 1.935096719807863153e+01 2.307928876002817020e+01 1.521662777605214067e+01 1.147344769818866794e+01 1.147344769818866794e+01 1.738715710047778629e+01 2.772348476356038205e+01 3.538507705368121492e+01 3.962592326257058772e+01 3.551026946370036086e+01 2.531550272601422691e+01 1.948470142265023597e+01 2.025799172085489985e+01 2.752040343174040160e+01 2.518006200609941558e+01 2.209088585686321693e+01 1.784975558509128035e+01 8.363591172690641784e+00 9.632118150541263191e+00 1.098701442105229376e+01 2.140376718613192608e+01 2.530546766724561891e+01 2.954111453066952109e+01 3.678057063162490437e+01 3.927474151322819296e+01 4.183105405266031340e+01 4.239590922377878002e+01
2.654449404986922190e+01 1.794352864699195749e+01 8.708491411463834098e+00 4.456497395298137043e+00 1.418185096594086936e+01 2.027682056427705959e+01 2.131298002898740052e+01 2.580276208810045091e+01 3.032858465293071148e+01 3.428463664401427025e+01 2.703011948454904712e+01 2.935304135283181637e+01 2.478542390411257301e+01 2.170097601639752227e+01 1.147344769818866794e+01 1.896242496648875786e+01 2.712026612116633117e+01 2.524305579894324225e+01 3.538507705368121492e+01 3.969222135387573047e+01 3.400392433467388287e+01 2.547964417043189655e+01 3.057316921603707982e+01 3.093511848898253191e+01 2.366147861756078541e+01 1.941086975049111629e+01 9.106247254160411586e+00 1.832294686093953828e+01 1.963851360300048299e+01 2.068710498024572075e+01 2.527207762440840355e+01 3.139500160866178646e+01 3.509981684595670259e+01 3.696628326794146346e+01 3.092568287175722119e+01 3.337106553131993536e+01 3.413807566153712258e+01
2.822793388681279225e+01 1.794149604801209819e+01 1.468249755078729812e+01 4.909182102961494820e+00 1.370045104369398814e+01 1.680409503102436020e+01 1.130443441667032722e+01 1.489694304560093485e+01 2.112505776268572788e+01 3.224835429390360275e+01 3.728079423015258698e+01 3.407060692317543982e+01 2.383520199591795574e+01 1.655445961277662903e+01 2.170097615096868182e+01 1.380975897006550568e+01 1.800902700333865525e+01 2.821358504951790280e+01 3.576015798189754946e+01 4.168539741591986569e+01 3.988993862255168210e+01 3.567832641033053420e+01 3.226089278630511359e+01 2.509204095169519633e+01 1.638783874613909930e+01 9.106247254160411586e+00 1.941086975049111274e+01 9.984277161298507508e+00 1.992806472920875649e+01 2.386283203599521485e+01 2.428009238737461573e+01 2.214779077765306781e+01 2.978829610778385373e+01 3.337106553131958719e+01 2.447029036444845929e+01 2.812823905598745711e+01 3.413807566153712258e+01
2.548040894444694260e+01 2.122662636622042953e+01 1.465664261265590795e+01 4.909182102961494820e+00 4.909182102961494820e+00 6.897716924823362739e+00 1.718885482482471261e+01 2.580276208810045091e+01 3.032858465293071148e+01 3.667807897399654848e+01 4.451094505406723556e+01 3.434145527886571614e+01 2.385357895885517010e+01 2.686213119854990339e+01 2.836648649999719041e+01 2.410614067556337048e+01 1.660190491480937069e+01 2.123880382739249839e+01 2.717153073402821661e+01 3.741692367108389305e+01 3.534299610311559547e+01 3.110816576232463504e+01 2.719046878519417731e+01 1.781631450183900611e+01 1.044256643262755979e+01 9.106247254160411586e+00 1.941087001717145455e+01 2.045311523119408648e+01 1.089801568497933282e+01 2.060757924475387171e+01 1.429759274454896634e+01 1.611172232599960452e+01 2.606553253734090703e+01 3.055639007713921629e+01 2.447029036444845929e+01 2.873679965226557798e+01 3.365314452283518420e+01
1.617804647665835560e+01 1.103327629370278729e+01 1.518210070371702969e+01 5.354301715595773281e+00 4.909182102961494820e+00 1.520581123661860978e+01 1.210766045090267795e+01 1.930650758426025959e+01 3.017174935379493306e+01 4.131775297665454616e+01 3.398977490177612282e+01 3.874669127811777258e+01 3.434360552933389243e+01 3.685457487266970844e+01 2.661045271044739380e+01 2.067199592111828821e+01 2.691201762934529285e+01 2.213643073142833018e+01 3.239204183594593189e+01 3.455470770351370646e+01 2.941544630066348986e+01 2.082378098398983468e+01 2.295797802717004288e+01 1.249876933403533918e+01 1.941087045891634943e+01 9.106247254160411586e+00 9.106247254160411586e+00 1.941089301590764649e+01 2.047479015108643452e+01 1.184177921333853511e+01 2.154299097499132287e+01 2.604309370388124378e+01 1.905559368453775093e+01 2.117932113386506998e+01 2.733251385535331224e+01 3.615817948109113900e+01 4.077187953057715220e+01
2.514429734082970214e+01 1.599257336806007324e+01 5.985552207586565032e+00 1.516195039006845313e+01 1.425514337624323424e+01 1.931157161933965583e+01 2.291271108475017471e+01 2.085152228122194273e+01 3.208394952398857214e+01 3.623221708502366312e+01 2.692528468858010626e+01 3.584800438449391891e+01 4.024896231592187235e+01 4.112908092837764684e+01 3.435196527871175221e+01 2.411899360619991839e+01 3.435037777923159297e+01 2.727291936855772647e+01 3.662371992837888968e+01 3.032227302870186492e+01 2.001867038553797684e+01 1.469355217472266517e+01 1.469355217472266517e+01 2.295797919743760573e+01 2.330892915593080872e+01 1.267659783696087672e+01 1.503819112735656383e+01 2.366247144345855702e+01 2.678371667936314893e+01 2.119862729191956774e+01 1.288889854235385712e+01 2.274899368946867639e+01 2.614553011902781776e+01 2.959845605521056555e+01 3.407469941516102807e+01 3.937833528441154840e+01 4.092077119683828812e+01
1.863631378449041875e+01 1.166735704753660308e+01 1.440425866691346179e+01 5.985552207586565032e+00 1.675716065675934274e+01 2.016605413869694630e+01 2.957952345857237120e+01 3.208394952398857214e+01 3.220270849676009561e+01 2.790013631300242380e+01 2.173433752345994563e+01 2.552556856499284166e+01 3.140349121892235118e+01 4.202529698463071384e+01 3.862673273800673712e+01 2.922496100328249113e+01 3.861429050308908018e+01 3.449992315987756797e+01 4.166757206894130405e+01 3.455459990550777860e+01 2.517047237107023605e+01 1.469355217472266517e+01 2.517042414194940747e+01 2.941549294293606209e+01 2.767863562409471001e+01 1.746153708167978991e+01 2.538528738118802863e+01 2.962437224648748568e+01 3.411561991366404811e+01 2.708173971587399365e+01 2.325137123104292058e+01 1.394450958601111523e+01 1.603459059552411503e+01 2.615559484225675391e+01 2.916472042201921155e+01 3.443085068600908727e+01 3.192141703866504798e+01
2.077393488360424811e+01 1.883620960349225371e+01 1.659948713563254685e+01 6.465145633659659552e+00 1.035192822950262936e+01 1.847596905018997049e+01 3.059383642337940756e+01 2.908291866272895021e+01 2.478095320116117506e+01 1.758583030771861289e+01 2.487842968358252094e+01 3.519463589724657737e+01 4.024759343751179586e+01 4.635277318349317000e+01 4.376834987870624616e+01 3.947888692286000634e+01 4.376829521602594042e+01 4.476928277496624275e+01 3.998171466778070027e+01 3.429555522871108764e+01 2.405718624615334633e+01 1.658579910886275499e+01 2.272315671546011018e+01 3.297336000557172753e+01 3.298585303662508039e+01 2.569170616514565708e+01 3.253164270368951350e+01 2.989501046867457745e+01 2.641533975087310893e+01 2.529804042055338797e+01 1.565186803189784470e+01 1.502677078986758730e+01 2.527254764883257110e+01 1.931691314534684878e+01 2.174119399130583474e+01 2.516131200069645146e+01 3.074824122231986578e+01
2.294912953423691704e+01 1.745864092384002930e+01 7.204598501688264989e+00 1.670264820163902186e+01 2.061787086922625534e+01 2.540400149965086385e+01 2.637214315308109391e+01 2.206961803132410793e+01 1.430237968940422277e+01 2.478095320116117506e+01 2.487842546222529450e+01 3.211815621978054480e+01 4.261874312008968246e+01 4.209395376800654276e+01 3.788459279426721338e+01 4.210081683205084602e+01 4.801339654166236670e+01 4.166411307289671129e+01 3.145202344165510766e+01 2.557696341264874107e+01 2.162620825641752376e+01 1.923107444499513718e+01 2.968385542191171567e+01 3.721840478750393544e+01 4.206172425466228759e+01 3.551701267224515135e+01 2.990415233931415884e+01 2.005446717313272487e+01 1.871863135558852065e+01 1.742754378610143107e+01 2.586364573829212432e+01 1.613962757571897910e+01 2.645926389812684931e+01 2.914855046953666573e+01 3.140290897518877244e+01 2.710781907759834297e+01 3.633244964935275334e+01
1.882777519439849101e+01 8.500488194051490254e+00 1.746305231290938309e+01 7.204598501688264989e+00 1.835636736932341861e+01 2.165966720824698655e+01 1.952419078371436001e+01 1.144127823569839641e+01 2.206954616954801907e+01 2.175447628492378627e+01 3.208725638797118052e+01 3.951670444785208502e+01 3.663054893724333994e+01 3.240873653965815038e+01 2.764075502858100108e+01 3.352898311245854757e+01 4.383587281503510269e+01 4.605917808095571786e+01 4.008373293418505057e+01 3.575832085554787909e+01 3.190071616032889779e+01 2.205333964488286824e+01 2.916303097452514237e+01 4.099709662890125372e+01 3.843424585842216601e+01 3.162169391663620743e+01 2.196578700201668966e+01 2.989560457132984794e+01 2.591079899906586803e+01 2.787188843477621703e+01 2.756455854052141419e+01 1.729529354518189876e+01 2.756012371642506409e+01 2.919381922305158383e+01 3.325897608383526460e+01 3.633473351017303088e+01 3.371067584517800242e+01
9.828840863739760181e+00 1.882773929041421468e+01 1.836394168662819482e+01 7.204598501688264989e+00 7.204598501688264989e+00 1.834262009207575161e+01 8.466388530286735659e+00 1.952419171981427937e+01 2.638199954184698726e+01 3.208726925688428366e+01 3.640787025793861886e+01 3.262663376193226128e+01 2.840291619990657424e+01 2.219610201875130073e+01 2.940512922829767106e+01 3.966008708067489152e+01 4.089808180933858495e+01 4.516428417551627206e+01 4.516387689667133998e+01 3.486434032398947380e+01 2.765925118106905956e+01 2.841857501341289804e+01 3.680646683397910124e+01 4.296009237589363039e+01 3.491675277264035770e+01 2.793028598252374550e+01 2.331498391514215740e+01 3.284982031436695138e+01 3.545743003567746143e+01 3.378610196388628140e+01 2.394424815889517077e+01 2.756021971575756524e+01 1.906710463199355843e+01 1.906710463199355843e+01 2.634094250015461114e+01 3.612865946875862733e+01 4.266976911345314250e+01
1.088331178858458337e+01 2.131653763682820113e+01 2.261250668205952863e+01 1.836398181812934993e+01 1.836431268143549644e+01 8.466388530286735659e+00 9.667038944267957845e+00 2.035804769023194183e+01 2.574410226962870141e+01 2.968619760016810005e+01 2.918487303330396543e+01 2.495289148270325441e+01 1.805319056815748624e+01 2.840291619990657424e+01 3.663179957726368485e+01 3.436876193846663341e+01 3.057437963238993106e+01 3.785689746983310755e+01 4.824039234916938312e+01 4.219048678368378091e+01 3.354631358109607930e+01 4.009480377017754904e+01 4.495253819601402512e+01 4.468229950063125244e+01 4.057644598750633946e+01 3.413069875625176053e+01 2.470587018846904570e+01 3.144475271159813801e+01 4.066429359605583471e+01 3.781151650657844954e+01 3.095234294905790406e+01 3.039086620086929003e+01 2.038346766171974878e+01 2.919750069118539670e+01 3.214051233975322219e+01 3.557119167967838536e+01 3.962618028317726271e+01
