output/example/elevation_average_000079.asc
nrows	75
cellsize	133.333333333
xllcorner	0
ncols	75
yllcorner	0
NODATA_value	-9999
[rows 17 to 33 of 75, columns 0 to 36 of 75]
6.278147767783714972e-01 9.932040329189382533e+01 1.622365900299911630e+02 1.322194500802996515e+02 2.255345958126584378e+02 2.274312947885801464e+02 2.028398536220297217e+02 1.270213333634882247e+02 1.680721878254105661e+02 1.238888910715742071e+02 3.385942965674244931e+01 1.322491683796777977e+02 1.393500778211309523e+02 1.154977419215141623e+02 1.452589158135384366e+02 5.125818215881022866e+01 1.483921407034582103e+02 9.988192474395614795e+01 1.967179316289769417e+02 2.100106633898061261e+02 1.702523968540313319e+02 8.629092227359571154e+01 1.840745547529299699e+02 2.378730037488314224e+02 2.926907977214924585e+02 2.926483537712245493e+02 2.302167070810895950e+02 2.261074569502290217e+02 1.668410738139218381e+02 2.336285742596135151e+02 3.294987686410061087e+02 3.472686561640267655e+02 3.094796177652584674e+02 2.519876062821167295e+02 1.558777307342446363e+02 1.932448057711452520e+02 2.888424849238055572e+02
9.333890302168857955e-01 3.193858446209197766e+01 6.444687176088287117e+01 1.623520566905494320e+02 2.013290234287512988e+02 1.372609112170364085e+02 1.607101243481414201e+02 6.850454396823026570e+01 1.237663995834347048e+02 2.962543397608755313e+01 1.278468793040086524e+02 8.667616900516942735e+01 1.818950843897978018e+02 2.120892130472090003e+02 1.767259204849721641e+02 7.965698877272448897e+01 1.733580170328518477e+02 1.966758098346487600e+02 1.529487410205862545e+02 2.496589006352238584e+02 2.238239400947618947e+02 1.558372947021281902e+02 1.026626410632667188e+02 2.002056596665402992e+02 1.969271096917194939e+02 2.929699677129722204e+02 3.193439902496026548e+02 3.029509497029328600e+02 2.636189083699876505e+02 2.184031810939726768e+02 2.713972544711148771e+02 3.612800038857387790e+02 3.434023679618449023e+02 2.514330080253616018e+02 1.807288352079904712e+02 2.729589765554594010e+02 2.697828096637871909e+02
9.343791665630089005e-01 9.966863481809161840e+01 1.622296593439686490e+02 2.018580174435208505e+02 1.534422448088870965e+02 6.659105723927257259e+01 1.164924371530063212e+02 2.232443637864388464e+01 2.534923921620729814e+01 1.238253982062549596e+02 1.680959845181274943e+02 1.843604561439506710e+02 1.572215323845769035e+02 2.536690325007419631e+02 2.172662160949154497e+02 1.306977489155422063e+02 1.431657029557238161e+02 2.377713808086462279e+02 2.226363929256142455e+02 2.323836482384106716e+02 2.920574936291376957e+02 2.398728569785380955e+02 1.719738670485503746e+02 1.196966835064707055e+02 2.158877347755999097e+02 2.289369204221811742e+02 3.247309330358459647e+02 3.529147749228259840e+02 3.490877724205219579e+02 3.144576272986078607e+02 3.529974730479128766e+02 4.055263376522585759e+02 3.546827523959488531e+02 2.644109407841917800e+02 2.167504913903997874e+02 3.050643592348270658e+02 3.610971072759530784e+02
4.696025931229614869e-01 7.107389320847180159e+01 1.686542189531159011e+02 1.502809778516978554e+02 1.102557912025670817e+02 1.491873020657693694e+01 1.801524997299294029e+01 1.165777845884196324e+02 1.237603504240794621e+02 8.721946696807439992e+01 1.551866185429089171e+02 2.508258313758133511e+02 2.537815508361032357e+02 2.933921618899914279e+02 2.661830671807694557e+02 2.021392957000104502e+02 2.136891733055001339e+02 2.796782446092384475e+02 3.180523497990842543e+02 3.282321650504365493e+02 3.672225800883295506e+02 3.079060631928104499e+02 2.565836900235229905e+02 1.898413610773649509e+02 1.378768523388019105e+02 2.349471905724277860e+02 2.670658337875381108e+02 2.577045377440368839e+02 3.067712089731604692e+02 3.645148387122054032e+02 4.046130542783440092e+02 4.610652631480090236e+02 3.931419362700855800e+02 3.274299223900275706e+02 2.526073381631813106e+02 3.364867545393175305e+02 3.905088364953194286e+02
4.671211237371231118e-01 9.838101305042120259e+01 1.045213805800480884e+02 1.069184366949377960e+02 1.164831321108738749e+01 1.102670123758383482e+02 1.973657233763136531e+01 1.182770339376491364e+02 1.630434796439999445e+02 1.848878332991141349e+02 2.246190499867024073e+02 2.421908185552086934e+02 2.688470167625305294e+02 2.717415748406208991e+02 3.094295852160637423e+02 2.905862403358715369e+02 3.076115464260879548e+02 3.153724029530845883e+02 2.761654384429822358e+02 2.888841488937251825e+02 3.279606762097837418e+02 3.604166093461606692e+02 3.249048325783846849e+02 2.743890129936345943e+02 2.084824080740645229e+02 1.572905869913255117e+02 1.723046377008729735e+02 1.878815452650390512e+02 2.842215810554618542e+02 2.706227236048331406e+02 3.281155660191365087e+02 4.154048374439955182e+02 3.971050438553344861e+02 3.271394999689364340e+02 2.768145259973289285e+02 3.603128903024476699e+02 4.252767108913625407e+02
3.248811761027110556e-01 9.906591804153389091e+01 5.972161340856072087e+00 8.328205522417098550e+00 1.069524255408997249e+02 1.503783028043058039e+02 1.182704085657987179e+02 2.449958296322763474e+01 1.229231593710871806e+02 1.677008949019557065e+02 2.124123482298511192e+02 1.463662202267039731e+02 1.722740453518473203e+02 1.754155827413778184e+02 2.612292612423852347e+02 3.097490168431010602e+02 2.838708657846744927e+02 2.599054880291205336e+02 1.795896644154883006e+02 1.924818894992058915e+02 2.884683897134553376e+02 2.650252433952225033e+02 3.324705398099915783e+02 3.414720048731555835e+02 2.898341303004481233e+02 1.950889807927851791e+02 2.688152430734821223e+02 2.841982223786507120e+02 2.120328724796289919e+02 3.080347843891920547e+02 3.324391032923556395e+02 4.261727524756930165e+02 4.049430363809424307e+02 3.811863880774992595e+02 2.993264083271715776e+02 3.826526218091335636e+02 4.210231836543628674e+02
1.190754202154438168e-01 2.576514895715529718e+00 1.004599817550620315e+02 1.068981467845343332e+02 5.504494950703639944e+01 1.528013235671291170e+02 1.628266978653774686e+02 1.229866879510406932e+02 2.922595584312611194e+01 1.272914214122925216e+02 1.354715909583877362e+02 7.490645034634916044e+01 1.101143203383633988e+02 1.788179312560842220e+02 2.752940302552680691e+02 2.630910698673769161e+02 1.906254084999787324e+02 2.198955264935050593e+02 1.230385319678792655e+02 2.125698681561090382e+02 2.387440643511958740e+02 1.971092913171291912e+02 2.635156870344402478e+02 3.569181036569755179e+02 3.296184137217142620e+02 2.519976038466097918e+02 3.305580076696445531e+02 3.470662088369614935e+02 3.028366618406525390e+02 2.417603590333636703e+02 3.373263434461436532e+02 4.013724579530110077e+02 4.081671563819182325e+02 3.856038247575697255e+02 3.652696695434432286e+02 4.104878778799213705e+02 4.357881946907853603e+02
3.133428407152799577e-01 9.905536941198566581e+01 1.414457911573054503e+02 1.924532098963191800e+02 1.258426573478654689e+02 1.240963419241383718e+02 2.211520809525966911e+02 1.676375445177360461e+02 1.244194907270125867e+02 3.392357360891409712e+01 3.725021985888589882e+01 1.355902165406410234e+02 1.802971331574089220e+02 2.209892547728484828e+02 2.209662161651872623e+02 2.197862740563200532e+02 1.281137748129504814e+02 1.630646521617635756e+02 9.170103860928021788e+01 1.160235769023120440e+02 1.419545772891388253e+02 1.907377512137711335e+02 2.589995186473469744e+02 3.529397074952768207e+02 3.832658637956927805e+02 3.471553602291772336e+02 3.377876326262791054e+02 3.725654414492009892e+02 3.761561005975232206e+02 3.373196792556839227e+02 2.781700627753731965e+02 3.068926041614672044e+02 3.648758127949304253e+02 4.520441125713444421e+02 4.244020861570369902e+02 4.634794347699038326e+02 4.826490350646013212e+02
9.928176626908779001e-01 4.520350970265844381e+01 1.148800881916665446e+02 2.121476762050124876e+02 2.225694861721752318e+02 2.212640299485877051e+02 2.598520269253012884e+02 2.058278343238112313e+02 1.123203396332877588e+02 7.981501979414908021e+01 1.355439893333281987e+02 4.202388405517637437e+01 1.403226985408056464e+02 1.269487097793464869e+02 1.238366321556532625e+02 1.456904005298955269e+02 1.582926177478653358e+02 6.501397420213737632e+01 1.630651639025009558e+02 2.075217430454427756e+02 2.388526022620027902e+02 2.784581658380482736e+02 3.263362892623424045e+02 3.091287648956857197e+02 3.272709643040797118e+02 2.879559775601841807e+02 2.419687814287031529e+02 3.190300298768659104e+02 3.740099008413681645e+02 3.715758281368007374e+02 3.693058431259089502e+02 3.843768140691508393e+02 4.381050328243391618e+02 4.968010206982212935e+02 4.440715300488672028e+02 3.889272950722669862e+02 4.138204943788413743e+02
8.098593596749129597e-01 9.954341245509144187e+01 1.425638299743812638e+02 2.386607276917543459e+02 2.458406962072789383e+02 2.559430741806338574e+02 2.951746798965546077e+02 2.419340667848412636e+02 2.037293337348965849e+02 1.324737939803184190e+02 1.802886456946528995e+02 1.362068766684197101e+02 4.677352675289202466e+01 5.013779079547168749e+01 5.349938305604144517e+01 5.686791774124816357e+01 6.023429163694971322e+01 1.583263245325015589e+02 6.999584162337392002e+01 1.679906077427881712e+02 2.127074266964320088e+02 2.809573092886603263e+02 2.794255527147320777e+02 2.145302826749223470e+02 2.710579473710278080e+02 1.919903495995377511e+02 1.834185571362180553e+02 2.392044425877277831e+02 3.346282841828780761e+02 3.015807508412386255e+02 3.521082848763109041e+02 3.666164172094561877e+02 3.876107440202587213e+02 4.407060179827469710e+02 4.149287392879207914e+02 3.450864945026891064e+02 3.541385136951261075e+02
5.647759371839101705e-01 7.064577952478398970e+01 1.684851631811050652e+02 2.167715292462963816e+02 1.494013158465191680e+02 1.592617313630765068e+02 2.380711572090168602e+02 2.696372053142894174e+02 2.567044253466173700e+02 2.006768800059248008e+02 2.097440047031021493e+02 1.170112973810839776e+02 1.022163565652757455e+02 1.196353189838080482e+02 9.720594433171920912e+01 1.549048987547172374e+02 8.636950327451886267e+01 1.819975495643755607e+02 1.679834854244545284e+02 7.493905283490768454e+01 1.444606229775491215e+02 2.155395290749452784e+02 2.303999204696939955e+02 1.440083699733163485e+02 1.944721897543745399e+02 1.343647267658628834e+02 2.315743632982416500e+02 2.759715631078635170e+02 2.784877656267181010e+02 2.261079992213893206e+02 3.068881997981596896e+02 3.024885803803066437e+02 3.642567424829245510e+02 3.720259523992909294e+02 3.826859901255244267e+02 3.054674337384803948e+02 3.136994960651084625e+02
7.582905442777093663e-01 9.949168707250200328e+01 1.182342114638277337e+02 1.280081830073455649e+02 7.941731682582029350e+01 1.766699192817678750e+02 1.413171123151461188e+02 2.119610776068121254e+02 3.073459164502766612e+02 2.938770634155086441e+02 2.483020498715779922e+02 1.770193930889753915e+02 1.690458594487978701e+02 2.169263238721521816e+02 1.500311280311090059e+02 2.083389275410159485e+02 1.187143658131193149e+02 2.085214883310458731e+02 2.126698836159254995e+02 1.696778563837421814e+02 7.987077071568643305e+01 1.769282090235035980e+02 1.860655470866305166e+02 9.345284339931481554e+01 9.703559663030560500e+01 1.947237224319243296e+02 2.032610073128798263e+02 1.800861632272697364e+02 1.819778390397914620e+02 1.707546069499832413e+02 2.599003567673291286e+02 2.433442902198123647e+02 3.341756168002289087e+02 3.135382221296604257e+02 3.422642575918929992e+02 2.597709410697542012e+02 2.693614262244751103e+02
3.106133300308140388e-01 1.007922893251420682e+01 1.985623284469782135e+01 2.974008750576236082e+01 1.280806333274554163e+02 9.007480377093240520e+01 1.876224162616074977e+02 2.381910799832681391e+02 3.338047312719811544e+02 3.517946461411866608e+02 2.853913104662154296e+02 2.414124218221240028e+02 2.251970065177289371e+02 2.601893428819208225e+02 2.001752537960024085e+02 2.365757470465750600e+02 1.537085918868938279e+02 2.396337719214428432e+02 2.402529710236341884e+02 1.467818034860117962e+02 1.756413165397218563e+02 8.479952610656256695e+01 8.833855920069390777e+01 1.861293692392896730e+02 1.946406848505442042e+02 1.021666665549361710e+02 1.057708468649259572e+02 1.093224528064529721e+02 1.128422858517947986e+02 2.102323504837628150e+02 1.698755506135281905e+02 2.606423703474857803e+02 2.988078811162467332e+02 2.501378226594918317e+02 2.715528685818346162e+02 2.189108892949385563e+02 3.152338049725391897e+02
9.522306102595711197e-01 9.968668100005783117e+01 1.182690775809077479e+02 1.279947685881154058e+02 4.465734533330482492e+01 1.428008950827182844e+02 1.579233153159576943e+02 2.539789222224393654e+02 2.684499945953480733e+02 2.566214713355157073e+02 2.565152301563562673e+02 2.631618516545120769e+02 2.712018059921227291e+02 2.458511372236621355e+02 2.652481255878185493e+02 2.472574722376965894e+02 1.718638744891590022e+02 2.600038672321630884e+02 2.770944573444215280e+02 2.081400693698965370e+02 2.015040316781535807e+02 1.078029042146551433e+02 1.860582050690443623e+02 1.115144150868739104e+02 2.090257900471147252e+02 1.997996801982874899e+02 1.618196452313690656e+02 2.068078198413651876e+02 2.102989060752546209e+02 1.178161807353337167e+02 2.152801038744972004e+02 2.585623562237007604e+02 2.026310198115377545e+02 1.963536977062084645e+02 1.843770399642727114e+02 2.802837126851907215e+02 3.435920249755920395e+02
5.499842727366835993e-01 9.928039944739136047e+01 1.873956933883191027e+02 1.824176337559109129e+02 1.427976290847211942e+02 6.068841366527025372e+01 1.586233349677222577e+02 1.874723090075119956e+02 1.722526869012532700e+02 2.136932588448948707e+02 1.600331883756108766e+02 2.360665656509785038e+02 3.165393378997127343e+02 3.402225900007814516e+02 2.901803806059927524e+02 2.224698529760908059e+02 1.844083583658762961e+02 2.791673595593849768e+02 3.167404813171021374e+02 2.919403080393764185e+02 2.267020556616853639e+02 1.347623385079969012e+02 2.197609933818346803e+02 2.090176815470309180e+02 1.358833465791746846e+02 2.331100635032922241e+02 2.586551606081459909e+02 2.972380564191833514e+02 2.548679047100339403e+02 2.141886881449981956e+02 1.228021090563374855e+02 2.202039076615403701e+02 1.328785894075063254e+02 1.529791184117545129e+02 2.367280993373526883e+02 3.060923600163646938e+02 3.038508636737830102e+02
1.082394608984237339e-01 4.939067896802245627e+01 1.184626380325704673e+02 2.151141773605106096e+02 1.981385780042579086e+02 1.586179040597656069e+02 7.731825580225236649e+01 9.000717644711075138e+01 1.030064308357601135e+02 1.165992485981164180e+02 2.137472711852400380e+02 2.359851990681738982e+02 3.315650657817691922e+02 3.691812535706390008e+02 3.428546378768979253e+02 3.016581898184682586e+02 2.409441758253745718e+02 2.941030505521150644e+02 3.245178503288859133e+02 2.559174066090490385e+02 2.091168203418251608e+02 1.689133655743421798e+02 2.549528685514308108e+02 1.907685302613491558e+02 2.331065261085765883e+02 1.647408521886113135e+02 2.319389590908008358e+02 3.275633970677852744e+02 2.889091170451366679e+02 1.930941558332887098e+02 2.189689594504369836e+02 1.277831724716637467e+02 2.251218021106406866e+02 1.380541506319134726e+02 2.352736918117656444e+02 2.441725138568227749e+02 2.077883925606877540e+02
1.058428616300536307e-01 9.884645982918031848e+01 1.629858754216119507e+02 2.032743091144739651e+02 2.520073040681737666e+02 2.072404539166870165e+02 1.106491496003771005e+02 1.871807687764020613e+02 1.717793610982651558e+02 2.136910462105163333e+02 1.405773667324608596e+02 2.374268107226142774e+02 2.868134439273110843e+02 2.893514936706775984e+02 3.512022646849817420e+02 3.561728877731810599e+02 3.094007808021528376e+02 3.520749254458920063e+02 3.427510787761366942e+02 3.134453159416554513e+02 2.744393196417992726e+02 1.936990937725385322e+02 2.825822638664666329e+02 2.360570017520746262e+02 3.009676388214259646e+02 2.532267451490351675e+02 2.003403889742279489e+02 2.951221966358208419e+02 3.286266283111743860e+02 2.873688923688328600e+02 2.377986897273746933e+02 1.439367916878551910e+02 2.403788089711827070e+02 2.352711938109099208e+02 1.432318231601134642e+02 1.470979188820109300e+02 1.509726644966392541e+02
