output/example/elevation_000070.asc
nrows	75
cellsize	13.33333333
xllcorner	0
ncols	75
yllcorner	0
NODATA_value	-9999
[rows 51 to 67 of 75, columns 0 to 36 of 75]
1.369999999999999864e-02 3.793344730092268247e+00 8.793344730092284678e+00 1.586441254195778328e+01 2.586441254195785078e+01 2.574052772158388080e+01 2.988266346736518386e+01 3.238613502267496358e+01 2.325474770229969934e+01 1.673422070349530699e+01 1.973879464238021697e+01 9.784467384557629543e+00 1.556052423430621445e+01 2.496208043398246090e+01 2.353510072830965072e+01 1.466818586307638839e+01 4.164339806735934957e+00 1.466659403971761222e+01 2.246565501959489453e+01 1.525585188913219881e+01 8.088285271904739560e+00 1.100877067036510404e+01 6.733392845167466279e-01 1.101308373105035798e+01 6.733392845167466279e-01 7.760920617662201870e+00 1.080210780331424658e+01 1.424135663990972356e+00 9.455650100628918864e+00 1.430275266215059071e+00 1.430275266215059071e+00 1.644008035136659274e+00 1.644008035136659274e+00 5.557524038553244061e+00 1.116536591849138915e+01 2.042056329824098881e+01 1.239601322050227061e+01
1.290000000000000001e-02 1.001289999999996283e+01 1.793548035382312023e+01 2.108019220191712506e+01 2.519880052168077356e+01 2.230154704775931052e+01 2.212952494462597386e+01 2.670575449490383946e+01 2.872144263412326737e+01 2.592926801038776219e+01 2.209231184217255972e+01 1.216397052109022781e+01 2.168615982977394907e+01 2.845790619583676673e+01 2.566219532326195818e+01 1.608915133410877019e+01 5.554908052972591825e+00 1.175941562722161216e+01 2.133207332180545279e+01 2.263324810705066881e+01 1.311636116986603540e+01 5.568557840989446284e+00 8.115942612198509210e+00 1.101653271795045264e+01 8.083058386696791331e+00 1.318632574400823643e+01 3.434315438090696837e+00 1.235851948653737686e+01 1.393762733931633413e+01 1.148713693148989634e+01 8.276250801992357964e+00 2.131948047496412979e+00 1.070980363997029627e+01 1.409804212624338149e+01 1.129064974302381330e+01 2.122229021377009417e+01 2.217308183880792427e+01
1.329999999999999932e-02 1.001329999999996190e+01 1.370640495900381595e+01 1.104985072533437496e+01 1.529991955377806256e+01 1.234541504915246612e+01 1.165227403080861635e+01 1.920767168439320116e+01 3.067321397777507741e+01 2.998476814802272372e+01 2.033672955479138977e+01 1.510570639224889256e+01 2.495713954115970523e+01 2.935233974454759576e+01 1.872085686881142763e+01 1.128352735881495583e+01 7.171961379821037319e+00 1.761082467039604182e+01 2.576050581968993569e+01 2.920507417151923235e+01 2.053284907297284079e+01 9.694236493243971964e+00 1.838669763310982930e+01 2.107486605028782733e+01 1.813473728852467204e+01 1.829925933875508548e+01 1.389605842524346535e+01 5.890587327209715340e+00 1.586046582334437716e+01 1.634107795728131407e+01 1.203347040398307399e+01 2.673141965905614814e+00 1.040343555778292739e+01 2.111853142155850804e+01 2.130621266475815290e+01 2.573902744273814136e+01 3.121224395943314889e+01
1.369999999999999864e-02 1.001369999999996274e+01 3.686102024047808623e+00 5.267268712035749978e+00 5.267268712035749978e+00 5.267268712035749978e+00 1.248595366844997123e+01 2.321211344603056759e+01 3.141817732934018892e+01 3.393820363012940788e+01 2.807332763147012855e+01 1.832474301105333936e+01 2.807332763147012855e+01 2.970300748663125745e+01 1.964088076688488016e+01 1.921539534215100886e+01 8.949329743242143920e+00 1.921539913217758411e+01 2.420844059692145223e+01 3.417565642670248849e+01 2.557864404843774508e+01 1.699729160668156780e+01 2.557862294636933953e+01 2.602263859494021503e+01 2.192984424535369925e+01 1.807173198742348674e+01 8.296014664182029819e+00 1.593179869224104195e+01 1.982340418437370033e+01 1.307304262544496254e+01 3.482170988392282229e+00 1.241319642790356959e+01 1.652112057823271485e+01 2.258130050583137916e+01 1.921618897990244790e+01 2.172829800613559215e+01 2.475244315840335929e+01
1.319999999999999993e-02 1.503912003998395974e+00 1.151068497578929239e+01 1.529991426181051395e+01 5.267268712035749978e+00 7.503628076394130986e+00 1.738425438218030550e+01 1.799028746943251633e+01 2.483676364903902112e+01 3.386420902096301688e+01 3.197939324079958467e+01 2.281614869801026302e+01 3.197939324079958467e+01 3.386930683299379297e+01 2.805910384907645749e+01 1.814566061327642643e+01 1.096341590566369284e+01 1.421774281901567782e+01 2.129688877433532568e+01 3.123754850386744764e+01 3.493278460070115443e+01 2.822862817002437552e+01 2.717764806671782907e+01 2.192984414217865563e+01 1.237061021039690267e+01 1.065609166746879488e+01 1.807173198743071652e+01 2.214612888972742155e+01 2.044009454200354270e+01 1.432013384481566121e+01 4.959947522611449777e+00 3.482170988392282229e+00 8.772878394697203319e+00 1.599343250485089385e+01 1.015799223517900884e+01 1.236604165992925708e+01 1.472250160615606518e+01
1.349999999999999985e-02 1.001349999999996321e+01 1.565832762758834207e+01 1.946523530536148883e+01 1.529991698906500019e+01 1.749556145643677141e+01 1.093773586640739559e+01 1.543666460135691132e+01 2.136975006497502250e+01 3.218461431447798304e+01 3.645420748923343268e+01 3.001817508150445946e+01 3.645420748923343268e+01 3.315907976017260950e+01 2.313240942176294013e+01 1.609104745866115493e+01 1.337880730848911703e+01 2.334421412852240962e+01 2.238243961787948777e+01 3.233321323833489203e+01 3.622791256805896865e+01 2.717764820846961982e+01 1.774128886903990932e+01 1.492997315402449487e+01 2.192984453725112459e+01 1.806062845988573073e+01 2.437157331942209026e+01 2.292270065024675318e+01 1.657561417094868972e+01 7.047052239426181863e+00 1.453271607394064802e+01 1.321926617434125717e+01 4.358576350245431996e+00 6.790255251052719210e+00 1.606981100892834036e+01 2.172829896368630642e+01 2.475244578171059828e+01
1.369999999999999864e-02 1.001369999999996274e+01 1.651295822769509059e+01 2.028632064776856225e+01 2.442845627043638856e+01 2.511111663942926242e+01 1.596600416004852718e+01 2.160118948407811246e+01 3.045560380311457749e+01 3.708711985881126338e+01 4.089244392128786387e+01 4.034665925549290222e+01 4.023956757537753504e+01 2.955614937634071637e+01 2.239702309545933545e+01 2.599275970610856490e+01 1.608272653024196686e+01 2.152013733765935299e+01 3.146042510575795959e+01 3.649915496458748976e+01 3.202554879810894306e+01 2.232974761883033210e+01 2.527885678120039614e+01 1.727690510811474311e+01 1.929998246230939785e+01 2.719305989145845004e+01 2.539780469536389162e+01 1.881894362749744332e+01 9.265488996067039906e+00 1.657031821617811573e+01 1.402592245447624997e+01 1.522368350366020096e+01 4.996817667703200350e+00 1.504060763600079831e+01 1.843945590262596212e+01 2.267604726948107086e+01 2.778752960932859750e+01
1.379999999999999977e-02 2.370822603955160535e+00 1.237082260395519206e+01 1.028632064776849475e+01 1.475845660276805837e+01 2.475845660276776528e+01 2.321885403825505279e+01 3.063932158387267179e+01 3.743954433888631428e+01 3.735101661791254202e+01 3.173193881463183175e+01 3.648237301872111971e+01 3.968616580484021483e+01 3.679535074304769893e+01 3.251650003784671839e+01 2.912381772494362053e+01 1.922331076907323677e+01 2.599300252785459620e+01 3.562970776184538124e+01 3.913635996585705357e+01 2.908015437295359717e+01 3.202554879810886490e+01 2.757088813854694820e+01 1.941299058060444338e+01 2.721800806670336925e+01 2.831597299274592672e+01 1.836543359707449596e+01 1.174625521997260869e+01 9.706084642761888759e+00 2.265333851511212515e+01 1.955577535127788380e+01 1.939980154330865858e+01 1.526858068619110576e+01 5.932872670016059224e+00 1.182245261436252548e+01 1.870806375588055914e+01 2.059575156653935224e+01
1.309999999999999880e-02 1.001309999999996236e+01 6.022306320656272582e+00 1.602230632065634097e+01 1.845128645704569692e+01 2.292342241204525877e+01 3.292342241204279674e+01 3.864968104250048242e+01 3.720000487533494749e+01 2.810296258934063829e+01 2.513416739477466066e+01 3.104012912614594910e+01 2.940512390446620117e+01 3.982104553402709968e+01 3.617672264572677676e+01 2.620240885262751718e+01 2.491731891712969116e+01 3.328594310446757021e+01 4.015666397637357932e+01 4.337567076337723648e+01 3.913635996585705357e+01 3.212561163956739563e+01 2.301616463752698039e+01 2.757088813854726794e+01 3.158499488878721806e+01 2.753631375968830142e+01 1.762762598156469807e+01 1.336995621096054876e+01 2.314643601846483278e+01 3.138054667941677778e+01 2.808023149920084194e+01 2.481763417637105462e+01 1.719598734325186484e+01 5.932872670016059224e+00 6.667846441988473316e+00 1.399921634195513320e+01 1.411208314704415123e+01
1.349999999999999985e-02 1.001349999999996321e+01 1.602230632065634097e+01 2.016444194441796967e+01 2.845128645704435044e+01 3.259342207651750556e+01 3.706555803122916615e+01 3.847947904492695415e+01 3.435770935841745910e+01 2.982750314427685367e+01 2.025678192875092165e+01 2.118112868436644547e+01 2.826020363008494130e+01 3.871388200194577678e+01 4.036947735630761969e+01 3.617672264572677676e+01 3.487000195740676389e+01 3.905943976355340652e+01 3.881687607980703802e+01 3.881687607980703092e+01 4.294341749936965869e+01 3.630556254705567909e+01 2.721666517409518349e+01 3.630556254705567909e+01 3.570022311542206950e+01 2.570151700148132434e+01 2.556837111518656869e+01 1.564714171074820825e+01 2.132988770800421818e+01 3.135829243813694944e+01 2.795021573922673497e+01 1.745732411471875167e+01 9.470891219969153951e+00 1.719598734325186484e+01 1.722350762489653064e+01 7.796467692587714104e+00 8.626023064183923950e+00
1.369999999999999864e-02 1.001369999999996274e+01 1.567315232707431250e+01 1.900648566040769083e+01 2.314862128426748811e+01 2.814862128452345758e+01 3.520873986696167890e+01 3.110470637211160749e+01 2.463518629174526708e+01 2.583935194954142744e+01 1.687799680686225656e+01 2.681582503210962187e+01 2.811331343710730124e+01 3.493757132852620373e+01 4.449647604444623283e+01 3.980079784192087544e+01 3.564740294499141271e+01 3.575078002922953146e+01 2.855814255908962807e+01 2.855814255908962807e+01 3.881687607980703092e+01 4.127644558086659288e+01 3.703455810503960777e+01 4.127644558086659288e+01 3.982664051317183862e+01 3.375325583075068892e+01 2.372886025243212771e+01 1.844321711257587282e+01 2.845995140978347848e+01 3.550366279849213669e+01 3.038708567151411444e+01 2.004851420395963757e+01 1.227494836277214674e+01 2.307663035505619931e+01 1.788082363279037068e+01 1.788082359728548809e+01 1.829655329798085361e+01
1.290000000000000001e-02 2.786400981126147425e+00 5.673152327074279633e+00 9.006485660407623328e+00 1.400648566040763932e+01 2.400648566040770504e+01 2.946460374283036643e+01 2.113840343671864375e+01 2.582619323323293870e+01 1.640857793473164961e+01 1.467487592008858321e+01 2.192286483533140995e+01 3.258921225691609180e+01 4.168775772671677515e+01 3.844131352305802096e+01 3.564740294445677904e+01 2.532521288848411345e+01 2.834851235947748194e+01 2.115828413749180470e+01 2.788428450012781212e+01 3.210265641357543132e+01 3.724823667046308628e+01 4.386470221683971715e+01 4.802191059584170318e+01 4.441765999310938895e+01 3.789726283450456634e+01 3.260843862427340412e+01 2.290517874088712702e+01 2.552135996566100573e+01 3.555402771822253527e+01 3.150227315665825145e+01 2.118301416545232385e+01 1.574906401088594698e+01 2.623965615821927599e+01 2.774084654427857544e+01 2.442792322848674758e+01 1.550026083170975433e+01
1.359999999999999924e-02 1.001359999999996298e+01 1.567315232707431250e+01 1.900648566040769083e+01 2.314862128426748811e+01 2.814862128429964372e+01 2.535066170280667563e+01 1.527626408713304862e+01 1.953420208137274372e+01 1.180531890087440949e+01 2.187443727985206010e+01 2.879580643358620762e+01 3.251585778916795277e+01 3.223559505922126078e+01 2.863005414369289525e+01 3.556819129744283003e+01 2.834851235947748194e+01 1.794210572428857731e+01 1.747721234787906752e+01 1.747721234787906752e+01 2.269434460475780568e+01 3.307422440999317814e+01 3.385364838141939714e+01 3.808481769644093617e+01 3.440455701483117679e+01 4.148974369591278588e+01 3.709710532126275240e+01 2.872310329062166190e+01 3.555402496580195049e+01 3.969260103803332385e+01 3.571891310078350301e+01 2.966462494026277952e+01 1.938971925460629819e+01 2.966462494137831030e+01 3.043300105046163750e+01 2.093813932847675119e+01 1.888695621114410983e+01
1.379999999999999977e-02 4.485935954999584752e+00 9.485935954999600739e+00 1.655700376686512243e+01 2.655700376686518993e+01 2.667422292702206832e+01 2.155737979916102987e+01 1.739831897443090369e+01 9.353889376445444270e+00 1.953420457157043089e+01 2.605260445155413862e+01 2.960994479572131510e+01 2.264378572820492153e+01 2.235965465684002496e+01 2.161954042319875313e+01 3.150353925328995786e+01 2.441524805690097466e+01 1.398890160600441313e+01 2.441526035960727725e+01 2.788428450005694614e+01 3.210265629075410487e+01 3.724823218992951013e+01 2.811812505552136443e+01 2.811812505553343300e+01 2.737611241636299653e+01 3.733732697644963849e+01 4.287390889733182320e+01 3.873333560414430110e+01 3.896556981919256657e+01 3.896556981920146256e+01 4.298989503457840300e+01 3.387836487998868762e+01 2.457243390844100261e+01 3.387836487998868762e+01 3.459678164362261299e+01 2.751713395808919316e+01 2.321226046563593570e+01
1.349999999999999985e-02 7.084567811865484899e+00 1.708456781186555062e+01 2.362807157873064767e+01 2.641199461379207847e+01 1.952331328414561540e+01 1.237233429652507155e+01 7.197490126678982136e+00 1.739832034715344733e+01 2.367230973876226585e+01 2.484834225068848212e+01 2.451882795707427576e+01 1.521009183314535740e+01 1.490123141127959094e+01 2.525225063010251958e+01 2.978527128243412037e+01 1.940373689201083707e+01 1.197025470151956839e+01 2.244486329100944744e+01 3.083420950335086630e+01 3.359611092310345271e+01 2.946648645838423874e+01 2.714502604796585317e+01 2.111390691213600235e+01 3.103730172214844885e+01 3.550321033725531095e+01 3.699398921900634463e+01 3.630563693611163956e+01 2.962137885461548947e+01 2.962137885461548947e+01 3.896556981918367768e+01 3.896794729912010524e+01 3.475681628486510277e+01 3.896794984751455360e+01 4.167642943791177146e+01 3.704178471698099884e+01 3.285850768349342133e+01
1.359999999999999924e-02 1.001359994403074261e+01 1.621152760298004480e+01 2.035337418377313057e+01 1.710540603997946363e+01 1.534656535225729890e+01 4.890886867641644820e+00 1.334262179303657980e+01 1.752238205404809079e+01 1.935888409665259147e+01 1.360560462662928849e+01 1.968314961658593631e+01 8.588296679115464016e+00 1.718454644593917990e+01 1.974637156044170538e+01 2.164189278020694474e+01 1.814150080819221955e+01 1.004884448298420985e+01 1.618774975627990997e+01 2.661114704318334034e+01 2.784668577650263188e+01 1.951295319638261461e+01 1.716738404373096216e+01 2.714502604454018453e+01 3.306628401223819935e+01 2.645376214463205145e+01 2.774675080317063447e+01 2.795997233381629243e+01 2.302811759598394303e+01 3.235822902341525520e+01 3.840990390430421542e+01 3.666273447251575845e+01 3.634485842074320772e+01 4.062234765559753669e+01 4.113154837670042951e+01 4.280744699797376995e+01 3.873706971131731081e+01
1.290000000000000001e-02 1.001289999999996283e+01 6.212109755337420935e+00 1.260027567840185014e+01 1.128057306486204148e+01 1.579263720262607862e+01 1.170987056734918674e+01 2.290545565432308361e+00 1.216848083089078258e+01 5.149548977951752704e+00 6.522087636774535291e+00 1.332231849886893471e+01 5.318060788498367053e+00 8.107523999884818977e+00 1.081936980968097828e+01 6.051508734195759409e+00 7.486278647728344282e+00 1.814134567868951464e+01 2.483935660028898695e+01 2.505383052236502550e+01 2.112667374410938947e+01 1.360266361042669203e+01 2.371970367688940939e+01 3.120045886894287790e+01 2.910425365373358986e+01 2.053114680561884597e+01 2.432751709860809797e+01 1.847006280574190740e+01 2.795674338201941111e+01 2.930215171444598710e+01 2.860426469218086254e+01 2.777733359440971839e+01 2.664225766260299366e+01 3.454722744636799803e+01 3.126729571201542512e+01 3.792007488173435092e+01 2.899582490147318126e+01
