output/example/elevation_000224.asc
nrows	75
cellsize	13.33333333
xllcorner	0
ncols	75
yllcorner	0
NODATA_value	-9999
[rows 51 to 67 of 75, columns 37 to 73 of 75]
1.169417734877783488e+01 8.879009589206221520e+00 1.223016990505561807e+01 4.808369286661688058e+00 1.448696106026802077e+01 1.693335211864750889e+01 1.958447473766721103e+01 1.328505282445894764e+01 1.523475988304546114e+01 1.863212846523708421e+01 1.372398847927626342e+01 3.904495774693555354e+00 4.114161142237891866e+00 4.110164591258036459e+00 4.393934847907624786e+00 4.393934847907624786e+00 4.411846559172970750e+00 4.476970854854394943e+00 4.750352149707378402e+00 4.750352149707378402e+00 5.049601957988201661e+00 5.049601957988201661e+00 5.815784016093100028e+00 9.041737664177087908e+00 2.124344667173981804e+01 2.839221802805839090e+01 2.818503038268086058e+01 2.818529843508426680e+01 3.254669137927828615e+01 3.396140541271556401e+01 2.316635540318603859e+01 1.509851544097421616e+01 1.729106594353362780e+01 2.855770381262042790e+01 3.456593804339064491e+01 3.796680161662659003e+01 4.214623914022518392e+01
2.598895898338600574e+00 2.598895898338600574e+00 2.598895898338600574e+00 1.222964948998677315e+01 1.242165202672538804e+01 7.672085715059833610e+00 1.262095449460433372e+01 4.202393590264963841e+00 1.279133372798486690e+01 6.891622755756132257e+00 3.635584796381273076e+00 4.367043209237007950e+00 7.913758407966685837e+00 4.950304101376210575e+00 1.297635751270883731e+01 9.570002077827384213e+00 1.300262123485410903e+01 1.290322315374417528e+01 6.736522603077714777e+00 1.178318892944137630e+01 1.081971115547297657e+01 1.387347315208432619e+01 5.512536811523676583e+00 1.587408910572231591e+01 1.400272414106930619e+01 2.405604637358812070e+01 3.006367106626604624e+01 3.533821555176776030e+01 3.117485991797617473e+01 2.892753927505438583e+01 2.445809074401323358e+01 1.509851544097421616e+01 1.707393762487584254e+01 2.034185079693605047e+01 2.368345159859641669e+01 2.723380463908775440e+01 3.356589406224399852e+01
1.223016401414806431e+01 2.598895898338600574e+00 2.598895898338600574e+00 2.598895898338600574e+00 2.598895898338600574e+00 3.116789871776099563e+00 3.116789871776099563e+00 3.116789871776099563e+00 3.116789871776099563e+00 3.219686765458517730e+00 3.873049658026301856e+00 1.122127170690303366e+01 1.379147390032994736e+01 1.693266347329102928e+01 2.078832156957880883e+01 1.897482567892253513e+01 1.917774582697575525e+01 9.927130035492867322e+00 1.714236651340891626e+01 1.604479678619710725e+01 1.992616228690025437e+01 1.894519829219729345e+01 9.141425759755627212e+00 6.133954948830269593e+00 1.658776105665830514e+01 1.537772358657606731e+01 2.577233848266004657e+01 2.935317113389656996e+01 2.051296117376940842e+01 2.446189742214085427e+01 1.328132060786511381e+01 2.444619678128805518e+01 2.835667545000463718e+01 2.098721209971401791e+01 3.204209628281149946e+01 3.794570520566409044e+01 3.608009530979344959e+01
1.639610443453914357e+01 1.222950110058819462e+01 1.222967466802929870e+01 3.251904520093009676e+00 1.242154800450801666e+01 6.736890064166183301e+00 1.251946084532239212e+01 6.579837193704518583e+00 1.070045633021125830e+01 1.257025170431161953e+01 1.149864275655503931e+01 5.010893699790891276e+00 6.151015660282700637e+00 1.573470255726934397e+01 2.155250421860421284e+01 2.727990188561335572e+01 2.233336241162054492e+01 1.243457621342161801e+01 2.233343510634225026e+01 2.618259112898707031e+01 2.402889083342735077e+01 1.464760728928450995e+01 1.472269827145582610e+01 1.658813255781036133e+01 6.856829503721781016e+00 1.729004842671150399e+01 2.232040434687324648e+01 1.919194466387172326e+01 1.413348045851489410e+01 2.137503034926147194e+01 1.211099688001496943e+01 1.991212616686874526e+01 3.100667603561692687e+01 3.204212411775194624e+01 2.516613388912618277e+01 3.599881994439683552e+01 4.460974028815778070e+01
1.827376996781669760e+01 1.343332688428113464e+01 3.749554148640582785e+00 1.271096539605144748e+01 1.691500350241678419e+01 1.082832323622949744e+01 1.891326352527246257e+01 1.205885958339908548e+01 1.810147415714699193e+01 1.569618268851923126e+01 8.713757836533808643e+00 1.506131057141828755e+01 1.574610239311214244e+01 8.009669584882969318e+00 1.351539175434344919e+01 2.332483461172281025e+01 2.653745757396709593e+01 2.233343510638664142e+01 1.684406077705731875e+01 2.677269903618737956e+01 2.215190037981033555e+01 2.385004423370782334e+01 1.540063079838359705e+01 6.856829503721781016e+00 1.728897970104799597e+01 7.594550513267112279e+00 1.799696061707945205e+01 8.342621946938766797e+00 9.414898510836387402e+00 1.049364540971469673e+01 2.137601882604736758e+01 2.761423827828620503e+01 3.333104957977799643e+01 4.019954882363169446e+01 3.599883148814212319e+01 2.990729784370568467e+01 3.753684615837390481e+01
1.002712032398346764e+01 4.354032720738357121e+00 1.344511832839559240e+01 1.408387403203473731e+01 1.845352917079451771e+01 2.013553313127494704e+01 1.990532542459669685e+01 1.985178067362762633e+01 2.251725725570734937e+01 1.386667385511051798e+01 1.404005150287910197e+01 2.205021358114963093e+01 1.901451371627079467e+01 9.409871165228384626e+00 1.901447929023697014e+01 2.164136816992722601e+01 3.159816213580239719e+01 3.033178968900808314e+01 2.026516118538962274e+01 3.033178968900808314e+01 2.917707585669376869e+01 3.007988086186021803e+01 2.435866558839623863e+01 2.175875464158605510e+01 1.996104181153499013e+01 1.721358049075884367e+01 8.342621946938766797e+00 1.873130686941173906e+01 1.702510022640782239e+01 2.137221069823540631e+01 1.444540814166408538e+01 1.777953843693943625e+01 2.895896345719492260e+01 3.908171850299241612e+01 4.465257755991412836e+01 3.753684615837390481e+01 3.753684615837390481e+01
1.409133550776200572e+01 4.354032720738357121e+00 4.354032720738357121e+00 4.354032720738357121e+00 1.120309208277227953e+01 2.168419212560504761e+01 2.848634048473091696e+01 2.961276957016006506e+01 2.254871459975163006e+01 2.036744989289250896e+01 2.405692922207873607e+01 2.817627473994329534e+01 2.131018682394541841e+01 1.170844603507326553e+01 1.198965506446912954e+01 2.164138073211310598e+01 2.876092325001703287e+01 3.459641628736584806e+01 2.595456730557490133e+01 3.459642096482703266e+01 4.011438902363047987e+01 3.394986607617864394e+01 2.649883762541969290e+01 2.012902091837098695e+01 9.758191991410178900e+00 8.342621946938766797e+00 1.869143782081950178e+01 2.306779410706040068e+01 2.804334770447718839e+01 2.998915195409916024e+01 2.558820738200883582e+01 2.895896345719492260e+01 2.386864133721580927e+01 3.031293355898140618e+01 4.094019912751753054e+01 4.775720867532125169e+01 4.775720867532125169e+01
5.457848326313794907e+00 1.409199111159691675e+01 1.297216159107640898e+01 4.354032720738357121e+00 1.461530529525066058e+01 2.164245286357358111e+01 2.573336096077760615e+01 3.079500853204983812e+01 3.152030788508220738e+01 3.069400792364529451e+01 3.184094331837102487e+01 2.198905252351694983e+01 1.528063005527641316e+01 2.131018654175552030e+01 2.164138073211310598e+01 1.484908813554551976e+01 2.165086774546229620e+01 3.162887553524324247e+01 3.631118668222746493e+01 4.055841807607171745e+01 3.610005004902195225e+01 2.863677183179913754e+01 1.904781138842260546e+01 1.172507805049581719e+01 1.907817420525744012e+01 1.093179265447506943e+01 9.303250614094231707e+00 1.946277368339018921e+01 2.467048749339896574e+01 2.521634402662646934e+01 2.841240397258593831e+01 3.210006497925557056e+01 3.480446282128543345e+01 3.908113605100363230e+01 4.513128524719992640e+01 5.370684632273237469e+01 5.191926205218256740e+01
1.524564494149130844e+01 1.931453215339429974e+01 1.466482617229606866e+01 5.106911297686758111e+00 4.980240263536500400e+00 1.126109588333815203e+01 1.584563663888218343e+01 2.368563845409246582e+01 2.894566039970273863e+01 3.706189652908616239e+01 3.481484017132574849e+01 2.487217675547697837e+01 1.841752080923574297e+01 2.801806614782758587e+01 2.719283828390647173e+01 1.739164267693519506e+01 2.165086774547173221e+01 2.863502017348016437e+01 3.885668196484976988e+01 3.622088989426310235e+01 3.093272858766107802e+01 2.117349361457634060e+01 1.375743159468669674e+01 2.214116573794964182e+01 1.920432332937540920e+01 1.923796423407798528e+01 1.946398190578764797e+01 1.022668683813242652e+01 2.036367620781848231e+01 1.507342166553106644e+01 1.826963683834235397e+01 2.184617409057130999e+01 2.686438698173637007e+01 3.424632454667993642e+01 4.503222014617472979e+01 4.317566784102608324e+01 4.133343130083519412e+01
2.065013769639639207e+01 2.126512657467644729e+01 1.099011198707629511e+01 1.476762857159482145e+01 5.880095113812347840e+00 5.686790702977120304e+00 9.237663896483587322e+00 1.419717756360909533e+01 2.158466255948581747e+01 2.926614435536003000e+01 3.402267350033751825e+01 3.158746329145211007e+01 2.194238037385660434e+01 3.158746329139136222e+01 3.005385863799142143e+01 2.014299337156348457e+01 3.005385863800053059e+01 3.587097881690966972e+01 3.936221897778996492e+01 2.878461923800560385e+01 2.126371135151016389e+01 1.597562693746323781e+01 2.427587632416073049e+01 2.863677167386281042e+01 2.960242980497363163e+01 2.091209684178092587e+01 1.022668683813242652e+01 2.036367516227582541e+01 1.111607786502249695e+01 2.129866576491812680e+01 2.662491266220052566e+01 3.210001413141925042e+01 3.652406374567406289e+01 4.181032817315321637e+01 4.443909573955880887e+01 3.558097446081700355e+01 3.512006869263518638e+01
1.661914296811816882e+01 2.557166754466222969e+01 1.819548175939878476e+01 1.933337558546195467e+01 1.495525407946382401e+01 5.686790702977120304e+00 1.580469679723670851e+01 2.360284250513043602e+01 2.711470760863357299e+01 1.778869832540052442e+01 2.739518088773670357e+01 3.428610704400610842e+01 2.738199838227546579e+01 3.576865083514694277e+01 3.429994246240129030e+01 2.446006747684155158e+01 2.817706769263950406e+01 3.840462033385834673e+01 3.403366295582728185e+01 2.967849537806011284e+01 2.657321890147312970e+01 1.597562693746323781e+01 2.346653440412076819e+01 3.407341925922567327e+01 3.259141807544819613e+01 2.091204621317488588e+01 1.345093007509707306e+01 2.427899919647446580e+01 2.129866462684114481e+01 1.198316826665195300e+01 2.227395163148531765e+01 2.728510041363048089e+01 3.774213094223136977e+01 4.055934443150155033e+01 3.620064395892104159e+01 2.943001738190946170e+01 4.009484155162642338e+01
1.468382989169933239e+01 2.524668652589357976e+01 2.866833960561956829e+01 2.313776389521670040e+01 1.621263869663874146e+01 6.242207843898607500e+00 1.620144605186912656e+01 2.052930259139303715e+01 1.732472997316426344e+01 1.166048092318833973e+01 1.797691114976616333e+01 3.008912489456697159e+01 3.733223522832623331e+01 4.155458726939976088e+01 3.885065109992724786e+01 3.020908745048746269e+01 3.840462033103401751e+01 3.932606285678225078e+01 2.967849563306116778e+01 1.902046233905446115e+01 1.902046233905446115e+01 1.996586337287586943e+01 2.657321887102082059e+01 3.715062343867527517e+01 3.342534610801716610e+01 2.127653158115297316e+01 2.127653158368890018e+01 2.900728783059675919e+01 2.254043251890650978e+01 1.259115675746015306e+01 1.708696966604622602e+01 2.728686216472458170e+01 3.713112913189607411e+01 3.276063692971036545e+01 2.559876023660400435e+01 3.620064395892104159e+01 4.009484155137457151e+01
2.382823610011626059e+01 2.966390774085281379e+01 2.929715857338663554e+01 1.931905108057776843e+01 9.067552502068831899e+00 6.242207843898607500e+00 6.242207843898607500e+00 1.621268173620202546e+01 7.067181584045864717e+00 1.119306798883726728e+01 1.734527417167752361e+01 2.861309072082031690e+01 3.591962634425554057e+01 3.162263982814616625e+01 3.591962483262998518e+01 4.054919405295884616e+01 4.481244451855053512e+01 3.500011598749716768e+01 2.435687544038145091e+01 1.902046233905446115e+01 2.967849499262594648e+01 3.058801495825969852e+01 2.669295656447879850e+01 3.729047243786603616e+01 3.825435392329265483e+01 3.342534610803329542e+01 3.342535006393205066e+01 2.896327764703550045e+01 2.178471245277231105e+01 1.322037030311051531e+01 2.320858380205342186e+01 3.103176392204583678e+01 2.965108197195693762e+01 2.221474841927551580e+01 3.276096325833930223e+01 3.298543861433510926e+01 4.053280088487247212e+01
2.821915715575450179e+01 3.108466215693011137e+01 2.046742104861034761e+01 1.441138234456642486e+01 1.931874409319115315e+01 1.621154202375996789e+01 1.621248961454559279e+01 7.067181584045864717e+00 1.712026944302013121e+01 2.190445163958021979e+01 2.680161917006033789e+01 3.332913808319600690e+01 3.162261027269875768e+01 2.100055518720965964e+01 3.162258204903386627e+01 3.907966110885108435e+01 4.427141603763020328e+01 3.932610201076434464e+01 3.403366906216128740e+01 2.518341576482178112e+01 2.410141627738967429e+01 3.489980275231697249e+01 3.420917768326298614e+01 4.159898863357812360e+01 4.472178278729189316e+01 3.775507065186481270e+01 3.150078540303107388e+01 2.540720258931478170e+01 1.492571921898580989e+01 1.403674724982924893e+01 2.454543313800298066e+01 2.735858013397099597e+01 1.914542882577768168e+01 2.166936369898431280e+01 2.435804584147002672e+01 3.493869224234488513e+01 4.461153355959681477e+01
3.438580264200071923e+01 3.539793970274218537e+01 2.930406552546553911e+01 2.495491149393369668e+01 2.305596961937799350e+01 1.712064198059863784e+01 7.067181584045864717e+00 7.844017419270476132e+00 1.797131389709441152e+01 2.354862734703779381e+01 3.093855274696634439e+01 3.027997020122683480e+01 2.594489686031649356e+01 2.100055518720965964e+01 2.424172988903161041e+01 2.958691495153301076e+01 3.701053111796034756e+01 4.731965642700647834e+01 4.013942889859207241e+01 3.581888877198639420e+01 2.860026202684301921e+01 3.924936719495501336e+01 4.472937611841027206e+01 4.472178278729189316e+01 3.506158230682837029e+01 3.335375344694614341e+01 2.282668704920284952e+01 1.677040945562490393e+01 2.540720258931500553e+01 2.454665728832245364e+01 1.528655867174802552e+01 1.684243669739320381e+01 2.735856907041457831e+01 3.220678091889955397e+01 3.181785760773964000e+01 2.960897734517493518e+01 3.492652181187023785e+01
3.577741730495040429e+01 3.149308883448812679e+01 3.219690114297470984e+01 2.473468104238969545e+01 1.870979150149863557e+01 8.509990236339858072e+00 1.712073188886279596e+01 1.797131389686654046e+01 8.960846708680303863e+00 1.611279515659990835e+01 2.354862748059444399e+01 2.265959407070226916e+01 1.529930975366830914e+01 1.849574127469472629e+01 2.916055411037060452e+01 3.907966110885108435e+01 3.895453189714712039e+01 4.320673213073441588e+01 4.807289177736947750e+01 4.388800856566915343e+01 3.532387837414803755e+01 4.388800856566915343e+01 4.776936726796498078e+01 4.388002831632289258e+01 3.683426212390788379e+01 2.673309263424444282e+01 3.004586737345017156e+01 2.722969398117646023e+01 1.677040945562490393e+01 2.583207799719641429e+01 1.528655867174802552e+01 2.580740541413469202e+01 2.735214345447913686e+01 3.788525174058428746e+01 4.247305353954602936e+01 4.026840713972214303e+01 4.461153769774403344e+01
3.149308883448812679e+01 2.098593416642941278e+01 2.406329047746361027e+01 1.727246094181084501e+01 1.001783166719597062e+01 1.870979150149863557e+01 2.305948298169743893e+01 1.920179737221710425e+01 8.960846708680303863e+00 8.960846708680303863e+00 1.920179678852892025e+01 1.212988356876246598e+01 2.265959407070226916e+01 2.916042940329240096e+01 3.347416367455981145e+01 3.039862581838830025e+01 2.847572980707912649e+01 3.346234670658616039e+01 4.143232891652838390e+01 4.659610481379026226e+01 4.669037982089603389e+01 4.995683304209435249e+01 4.265512939171973272e+01 3.366836765805863507e+01 3.612026530382772194e+01 3.051939775100545305e+01 2.016691748685569863e+01 1.874603152881861234e+01 2.728259908626174735e+01 3.025438397411809888e+01 2.582392674868167148e+01 1.694180382989608802e+01 2.452845023306294436e+01 3.566439249281812351e+01 3.951993441892521020e+01 4.392283856274404030e+01 4.434370986067657583e+01
