output/example/elevation_000025.asc
nrows	75
cellsize	133.333333333
xllcorner	0
ncols	75
yllcorner	0
NODATA_value	-9999
[rows 34 to 50 of 75, columns 37 to 73 of 75]
2.363313511877697408e+02 1.976088529017401925e+02 2.814560172271530973e+02 2.503155465073248536e+02 1.555159847046683410e+02 1.593350344380779404e+02 2.595043317442285797e+02 2.690401865048527270e+02 2.730029522382822051e+02 2.346340027085689144e+02 2.809723851415540707e+02 2.849761666084310718e+02 1.905527737833857600e+02 2.907264052411532589e+02 3.382116626902324015e+02 3.605494649391705480e+02 3.421584836991097518e+02 4.423798820154967189e+02 4.688420874711151214e+02 4.272903523893954230e+02 3.572012927305262906e+02 4.574150508811332543e+02 4.362488493675271002e+02 3.704095260430103735e+02 4.706197590826196233e+02 5.530671321796982056e+02 5.382436431504701204e+02 4.817913545638042478e+02 4.402231741462630339e+02 3.558576547734541577e+02 4.560679387267044262e+02 4.861681771917228048e+02 4.080652054608837034e+02 4.245330477915878760e+02 5.247903406145271674e+02 5.407679869891629778e+02 6.117300436187025525e+02
3.320448501898520703e+02 2.684422666174091887e+02 3.135246675093586646e+02 2.133439759559149138e+02 2.556853181689702126e+02 1.823127854051628844e+02 1.895332890527993754e+02 2.897082048612181779e+02 3.637320047573325041e+02 3.348214446600291581e+02 3.763467114754704994e+02 3.322445159311653811e+02 2.907263955950547825e+02 1.965158804145908960e+02 2.966919795409517064e+02 2.603521191483159214e+02 3.605494649542947627e+02 4.505044092926116832e+02 4.109665350278318670e+02 3.270833272033584649e+02 3.193336638168114519e+02 4.060378650481304703e+02 3.360482680595330862e+02 4.362488493674776464e+02 5.121567450021562991e+02 5.243338321683391996e+02 4.673211862719626879e+02 3.963990323526978159e+02 3.400188662366081189e+02 4.402232171990168581e+02 4.976443574043744320e+02 5.499119276570619377e+02 4.789251839861834696e+02 4.954018423948755299e+02 4.611168406676868585e+02 5.614136607392936185e+02 6.042019391565142996e+02
3.399681302571944457e+02 3.686401462183111448e+02 3.550434706757353638e+02 2.711778910875806332e+02 3.060981666587920245e+02 2.059182585803605718e+02 2.897082047044535784e+02 2.220280422381619019e+02 3.222122552527774815e+02 4.003234434890549664e+02 4.581896221956732802e+02 3.675430539872169788e+02 2.673445435836800925e+02 2.966919777735516277e+02 2.025213596508532419e+02 3.027005035235985702e+02 3.087692473705424163e+02 3.895996346433710187e+02 3.480731357692245069e+02 2.692351504824526955e+02 2.872323896332202366e+02 3.058397053808517398e+02 4.060378656960317585e+02 4.362488493665535998e+02 5.364967256154915276e+02 4.534197364317948313e+02 3.825061324174226911e+02 3.255588820385965505e+02 4.257598932367941416e+02 3.809138534038198145e+02 4.517654790182964462e+02 5.520584969837681228e+02 5.792454939940552094e+02 5.957398361364066659e+02 5.320118890353787720e+02 5.038543465551911709e+02 5.747842052414655427e+02
2.984691956154908326e+02 3.667445321159590890e+02 4.129022007753792991e+02 3.713714482884129211e+02 3.060981673288065394e+02 3.060981673529296927e+02 2.452059344659757585e+02 3.222122553702017740e+02 2.586052440018331708e+02 3.164469515412307032e+02 4.166486571489052722e+02 4.090824800355479738e+02 3.675430326907888912e+02 3.027004611783564201e+02 3.027005035236051640e+02 2.085869184947967199e+02 3.087695777119926674e+02 3.284225850689567778e+02 2.478736791499193828e+02 3.480731357692347387e+02 3.874318298555035085e+02 4.060378636148154214e+02 3.876458454846567747e+02 4.878729250965294568e+02 4.399034332144899508e+02 3.983534391017671510e+02 3.116645481629392407e+02 4.118644495171857898e+02 4.073627276996241449e+02 4.811406235066565955e+02 4.310057660802026476e+02 4.719153592782810165e+02 5.428215923714371911e+02 6.432211137380851369e+02 6.323954455873431471e+02 5.747842031757103314e+02 5.747842034437087477e+02
2.250639376579306088e+02 3.252432447385050409e+02 3.856503431823034020e+02 4.271576465748115652e+02 4.063039684234683477e+02 3.160470463710454965e+02 3.453959081681960583e+02 2.987558570341870450e+02 3.587971757510713360e+02 3.058325024638290870e+02 3.766773669902549955e+02 4.768985444471175583e+02 4.444547210375753252e+02 3.588727460633377859e+02 2.586705891479420529e+02 3.087695777120526373e+02 2.147261079620224677e+02 2.282289275938310880e+02 3.284225853439467073e+02 3.187224003340490412e+02 3.895729381493839014e+02 4.898063562582063355e+02 4.878729250222843916e+02 4.692258123359088700e+02 3.689971692262550960e+02 2.981526727560583936e+02 3.983534388213089983e+02 4.534197364356934372e+02 5.076178894171827096e+02 5.492258619160115813e+02 5.312754782062585264e+02 5.722278807956100763e+02 5.722279313231946389e+02 6.726713148288736193e+02 6.574171521234960665e+02 6.752238264547545441e+02 6.752240344489176778e+02
3.252432447384632610e+02 2.552704412239191925e+02 2.854801339459704650e+02 3.856503457325771365e+02 4.577928285517762106e+02 3.868943179795977017e+02 4.398631051241029013e+02 3.396570374542357627e+02 4.398631236406711764e+02 3.766773669903035966e+02 3.766773664451245054e+02 4.768980956499088961e+02 4.222715455222034393e+02 3.220364507021899954e+02 3.588727519993046258e+02 2.965238633019004055e+02 3.149125922327421563e+02 2.212440348307840452e+02 2.920846204624149323e+02 3.922919863374110605e+02 4.604689499717508738e+02 4.906573420340462235e+02 4.490520202941178241e+02 4.195945772694441303e+02 3.780513289708818547e+02 2.888476829794147989e+02 3.890499932595911901e+02 4.242772959831943353e+02 4.242773008315435845e+02 5.245505599325971389e+02 5.387709294504460331e+02 5.803937649280019286e+02 5.785496025497608343e+02 6.201908803337607878e+02 5.570059242999957405e+02 6.219005894933378613e+02 6.628955126460539304e+02
3.871217257687360416e+02 2.869546264379673062e+02 3.856503397814350933e+02 3.433203948932511480e+02 4.434741626638465277e+02 4.871220735305361700e+02 4.814125290888349582e+02 4.398631405605726741e+02 4.814125280196868744e+02 4.768985444673372740e+02 4.768980958766175036e+02 5.184563437108949984e+02 4.639303257064329387e+02 3.928916173355054866e+02 4.382804641422627014e+02 3.967330404581040284e+02 3.260613509983802487e+02 2.258678066281363215e+02 3.260613511426954005e+02 3.742564412458190759e+02 4.020858622358294383e+02 4.436380662572355504e+02 3.488227461868310684e+02 3.672144419134946816e+02 2.778470235676200559e+02 3.780513289708876528e+02 3.093026489952135307e+02 3.240757350214022381e+02 4.242773008315750758e+02 4.631595299737271034e+02 4.384954224730498709e+02 5.001675075005277904e+02 4.782330374799266792e+02 5.436369043816588373e+02 4.860906937572743232e+02 5.215338624021580927e+02 5.624791967303807496e+02
4.225376772534312977e+02 3.223777617970629308e+02 4.225376772599439050e+02 4.141392011559146340e+02 4.434741626274886812e+02 5.436520184251007777e+02 5.597298130382025647e+02 5.185808214637698939e+02 5.076927019687199163e+02 5.172249983943275993e+02 5.583278634265938081e+02 5.655390623075304575e+02 5.352120488180275970e+02 4.680481924692269331e+02 3.678163222576193334e+02 3.099707919391725000e+02 2.651619932417094674e+02 3.260613511520061252e+02 2.325292332287993133e+02 3.327266278947995488e+02 3.018771717592530308e+02 3.857642745666535120e+02 3.591132707159470101e+02 2.670086826605539727e+02 3.672144419134917825e+02 4.195944781134820687e+02 4.095033845012697498e+02 4.242772992806580419e+02 3.464767986478144053e+02 3.629451618452331445e+02 3.806527486110600194e+02 3.999301966528891512e+02 4.203775547094294325e+02 4.433601971514789852e+02 5.012269557188780595e+02 6.015700006909363537e+02 6.628955125189087312e+02
4.640921243496108559e+02 3.802084182609343657e+02 4.640893190780920463e+02 5.142951966161568862e+02 5.409558946317779373e+02 4.997346334232841514e+02 4.997344712577269092e+02 4.188105825979902761e+02 4.078860077089555602e+02 4.174731711235937723e+02 5.008230005659810899e+02 4.660557353067244435e+02 5.360175763110567004e+02 5.096543809594169261e+02 4.517504023618595852e+02 3.653658844895506945e+02 3.099707919406122301e+02 3.327257958662598867e+02 3.327266278947948308e+02 2.392360868564276473e+02 2.440275744693905153e+02 3.442303464791266379e+02 2.589074071710884368e+02 3.591132707068038599e+02 2.794873210134261967e+02 3.796913063726894961e+02 4.338617040877891213e+02 4.882538874034905803e+02 4.466844048754873597e+02 4.207847929346650631e+02 4.808768333527390837e+02 5.001675168332458270e+02 5.206318439208478139e+02 5.142424315736363951e+02 5.852619961859038540e+02 6.432375982495377684e+02 6.815093594945637960e+02
5.219637518672487886e+02 4.803647063951562473e+02 5.081370613295192697e+02 4.667340142798997249e+02 4.997346295949645310e+02 3.998734836001431745e+02 3.998734834717384956e+02 4.371187223867046328e+02 3.371078094407620824e+02 3.596907732451003881e+02 4.320808185780653048e+02 3.953981489439215693e+02 4.951937181320957393e+02 5.836967758734147083e+02 5.073145385020947629e+02 4.517621700713613109e+02 3.678163242204258268e+02 4.329419506618208970e+02 3.748643124948834497e+02 2.746604430520944220e+02 3.442303464303878968e+02 2.508596502234975674e+02 3.510645265827308208e+02 4.006513578285629933e+02 3.796913063594375899e+02 2.921137579703520259e+02 3.923155554863438965e+02 4.466949249285150358e+02 5.000984907991156092e+02 5.210445958263439934e+02 5.626589160379561463e+02 5.659959212783130624e+02 6.076246374930304910e+02 6.146018033720757785e+02 6.521530999810722733e+02 6.104872006498868586e+02 5.810689034418933261e+02
5.786432557937636147e+02 4.944808994184260769e+02 4.504004946843884341e+02 3.667052561671690682e+02 4.503945622217911477e+02 4.291220580675235965e+02 3.290869883576972370e+02 3.791045322821992727e+02 2.992319255311209645e+02 3.148841383481619118e+02 3.320718795748446723e+02 4.320808185139359807e+02 4.860567176014943129e+02 4.846374350622519387e+02 5.543813998265527516e+02 5.097231589956363109e+02 4.680528293926944912e+02 4.088819716672617233e+02 3.380299500620334356e+02 3.748643397497853016e+02 2.781323601016179055e+02 3.510645265880716011e+02 2.657969272921784523e+02 3.660017542033833706e+02 4.227324285405234718e+02 3.923155554728693346e+02 3.049446082350511347e+02 4.051448976044688379e+02 3.998494273269924975e+02 5.000984926604905922e+02 4.950688446396694644e+02 4.656898447342643976e+02 5.659959212818472452e+02 6.093327386485538000e+02 5.676965335551278713e+02 5.101341909959622853e+02 5.680432696257691987e+02
4.786692523369317200e+02 4.528811181752594734e+02 3.527864978526405935e+02 3.088734246288820486e+02 4.089819764255984182e+02 4.031675206971571015e+02 3.618108653860772961e+02 2.789850759482760623e+02 3.791045322821879040e+02 4.149376193510028656e+02 4.320808189632052176e+02 3.604123857146408341e+02 3.862751891217969273e+02 4.140424751621274027e+02 5.136505691300818626e+02 6.065459518553115004e+02 5.508110619416137297e+02 4.798300927260114577e+02 4.382482675069595075e+02 3.980442688013812926e+02 2.977850659545228496e+02 3.980423427321802592e+02 3.660017542070160061e+02 2.809914267720665180e+02 3.811940457715961657e+02 4.466963931437651354e+02 4.051448975970069455e+02 3.180452540401490182e+02 4.182454976746832926e+02 4.414894719302678823e+02 3.948309943719112880e+02 4.950688446420566038e+02 5.738470144253543594e+02 5.322339538481918453e+02 4.673932115424883023e+02 5.676965335550903546e+02 6.521531005026382672e+02
4.786743805121001287e+02 4.553985472328830042e+02 3.711454326680404279e+02 2.709999035917941228e+02 3.711453868031126149e+02 3.453521214773213615e+02 2.616733794293033952e+02 3.618108623416933369e+02 3.325442399303555590e+02 4.325711827766133979e+02 5.014152093503568608e+02 4.181964769108383280e+02 4.236997363988934353e+02 5.136516965400440995e+02 4.674602427238986593e+02 5.664804290690065045e+02 5.290135496347803610e+02 4.275033032175143717e+02 3.696066391500987720e+02 3.287060467789378322e+02 3.980442736665439156e+02 4.397660501009112863e+02 3.921265378088535840e+02 2.919259411565336677e+02 3.921265377170370243e+02 4.498165430346954849e+02 4.598018424642874606e+02 4.182454976746276429e+02 3.315546757574392700e+02 3.412851013672335512e+02 4.414894722516663705e+02 4.975996686613775637e+02 5.005272142362733803e+02 4.319684298999150656e+02 5.322339538482947319e+02 6.093327875287741335e+02 6.365659841005932549e+02
4.167670893458184764e+02 3.750149003159482959e+02 3.140517665315966269e+02 2.432145830677833942e+02 3.293192092352291525e+02 2.452048698707498033e+02 3.453521035615785877e+02 3.434595400347891427e+02 4.325711817468247204e+02 4.033254018881189609e+02 5.031767442754169792e+02 4.887854382048287221e+02 4.942727040391657169e+02 5.233666209106324914e+02 5.377810790355345034e+02 5.660353736086651679e+02 5.714761508168226101e+02 4.712997957900631150e+02 4.263738256041459636e+02 3.554811611584967181e+02 4.558844418561243401e+02 4.739296114327401597e+02 3.737329793705059160e+02 3.921265383203395345e+02 3.080759875395010567e+02 4.082746182045992782e+02 4.682695483939695009e+02 4.733185196627324558e+02 4.023948990027997752e+02 4.414894720187678558e+02 3.558197543195773278e+02 4.560294355864406839e+02 4.002900752491723892e+02 5.005272143572125856e+02 5.655818112067411221e+02 5.361793240038941804e+02 6.365659822044073053e+02
3.750237555175773423e+02 2.748425484605713223e+02 3.041671205538544882e+02 2.181786502289482144e+02 2.291684937562316975e+02 3.293192050648042368e+02 3.867470622821228972e+02 4.434649611518549932e+02 4.847650311317411820e+02 5.031767442316947836e+02 5.443878808449452436e+02 5.880736532515053341e+02 5.936102023245106238e+02 6.225880949007415666e+02 6.361845542539089138e+02 6.616540262420188583e+02 6.204460692640431034e+02 5.697878137117226061e+02 4.876935811272441015e+02 3.871609818517868575e+02 4.876858309468545940e+02 5.151194064850227505e+02 4.461421718424069240e+02 3.459425435023395607e+02 4.082746182107743493e+02 3.265232424477418931e+02 4.267227877610459927e+02 4.875592311356071491e+02 5.026425451587770681e+02 4.976019534586895361e+02 4.560294355903048995e+02 3.707520530519033741e+02 4.709688964741741870e+02 5.119682612543958840e+02 4.652801955442377562e+02 5.655817661178426761e+02 5.586901028642271285e+02
3.319298778134566987e+02 2.904779962403600848e+02 2.040211151390396083e+02 3.041675942681431479e+02 3.293192091281539433e+02 3.707351051156869630e+02 4.141885507773772019e+02 4.555956139617666167e+02 5.180943456970940133e+02 4.767160099275542962e+02 5.180862236100352902e+02 5.757894802256870435e+02 5.742906967475113333e+02 5.852182490558045629e+02 6.265667228912884639e+02 6.138560559285060663e+02 6.551195236148922731e+02 5.592271494483352399e+02 4.580989620142705121e+02 4.581088861676009287e+02 5.300020942588819253e+02 4.888638375347369447e+02 3.886582624325952793e+02 4.461422157012084426e+02 4.682614289328350310e+02 4.267227877689326760e+02 3.458031600459286778e+02 4.460069450216980727e+02 5.091777933026168057e+02 5.670802882411254586e+02 5.125486916400094515e+02 4.415977189534577292e+02 3.887425883520521097e+02 4.117227576270262830e+02 4.434020431289949897e+02 4.768026400598820942e+02 5.477100757426078417e+02
2.800384049087288076e+02 1.903361237188290147e+02 2.019719950455089190e+02 2.137693141279747238e+02 3.139234887870840680e+02 3.433999254493864441e+02 3.140783209920036256e+02 4.141885512543341861e+02 4.232424959593447511e+02 3.766761952716569795e+02 4.344636574017036992e+02 5.344337837810531937e+02 4.743488634862753770e+02 4.852826091116839962e+02 5.431063293155369820e+02 5.138314731276938119e+02 6.138560558006673773e+02 6.024383008231652639e+02 5.592825005938991580e+02 5.594993187854449843e+02 5.595464324938388927e+02 4.595086738424161013e+02 4.387535733704150971e+02 5.303668179670232803e+02 4.995844283299484800e+02 3.993501257703549641e+02 4.460069432051928970e+02 3.674069833877060773e+02 4.252474867259343796e+02 5.254999225467008728e+02 5.834996650456940870e+02 5.305595794512178145e+02 4.889703640718500424e+02 4.111408570774694908e+02 5.113858878526830836e+02 5.771162654123696711e+02 5.771163051715100210e+02
