output/example/elevation_000331.asc
nrows	75
cellsize	13.33333333
xllcorner	0
ncols	75
yllcorner	0
NODATA_value	-9999
[rows 34 to 50 of 75, columns 37 to 73 of 75]
3.024869618613932687e+01 2.887185183910950670e+01 3.936924007999939334e+01 3.975525671030825237e+01 3.389604113189137280e+01 2.798177794952864517e+01 1.730298148690485860e+01 2.798177881490555663e+01 2.059630901114330825e+01 2.221547368390713473e+01 1.341873300640471633e+01 2.273679623252558457e+01 2.442914730265451695e+01 3.389093400873844786e+01 4.040374885070190913e+01 3.625828193926577825e+01 4.010207769754060081e+01 4.425309932099123955e+01 5.100648267011663961e+01 4.111440503799628488e+01 4.401172517583805899e+01 3.784676413456350730e+01 3.676358906138545990e+01 4.201320489647275025e+01 3.792738855889806615e+01 3.275652062052372315e+01 2.678622431382204283e+01 1.738864462771381980e+01 2.087745588913427142e+01 1.486135845243794584e+01 2.296212100256505906e+01 2.627525542813002346e+01 2.796024614864522917e+01 2.082342849675721652e+01 3.077496944503039700e+01 3.101867870466838539e+01 3.101867870643181746e+01
1.988199202798610798e+01 3.079838874948854155e+01 3.632072788917220407e+01 3.561588369218522843e+01 2.540321560888246566e+01 1.922140087004109077e+01 1.515757028390164862e+01 2.289403151604233955e+01 2.146495104557902067e+01 1.246798580759437591e+01 1.396513451134183725e+01 2.408768503555486262e+01 2.841375596319744545e+01 3.251181906450540993e+01 3.747656280267287343e+01 4.431872352086563893e+01 4.381429023286488444e+01 4.780745465158580032e+01 5.512105327067806115e+01 5.100648234261185365e+01 5.186362355749490405e+01 4.775727755688163967e+01 4.667092401256483924e+01 4.565409780925383387e+01 3.572414138110215021e+01 2.874865371724737528e+01 2.321811383978418419e+01 2.578677487680034375e+01 1.566462640074407275e+01 1.445555441723736223e+01 1.572886327115963212e+01 1.699921588854595811e+01 1.828916584237569865e+01 2.796024621469786453e+01 3.495971412599146788e+01 4.123047042202020407e+01 4.123047402141572348e+01
2.313034639052632357e+01 2.640721559992354628e+01 2.465144155978404683e+01 3.632073401491365416e+01 3.389604113189137280e+01 2.968097154536953752e+01 2.289403151604233955e+01 1.294065900131577251e+01 1.169225676164546535e+01 2.145079837015823543e+01 2.409033004964179980e+01 1.644043154843950560e+01 1.831439364821236282e+01 2.351088230642264776e+01 3.063440208367092410e+01 3.706880860140623213e+01 3.427473862491752499e+01 4.381429023286488444e+01 5.257849602601719852e+01 4.846851528921381913e+01 5.094281312339117562e+01 4.682781051362895397e+01 4.654267133654654742e+01 4.074844010119098670e+01 3.658298440399628504e+01 3.308795794362443843e+01 3.292608331431240032e+01 2.943707065555905444e+01 2.238510810183878519e+01 1.407839893391237851e+01 2.158228698451926419e+01 2.647201325000968453e+01 2.796024621469786453e+01 2.099743447878731573e+01 3.096583078954904877e+01 3.764367611432062688e+01 4.177802846883778187e+01
1.302062296952518139e+01 1.499334103781223249e+01 2.679271729488237597e+01 3.171502557453618465e+01 3.602855010952168158e+01 3.313574837506592274e+01 2.170723099206963980e+01 1.228798144660575176e+01 1.115885302833161674e+01 2.080320087869269230e+01 2.856463513397892484e+01 2.663796507458429019e+01 2.849183075805595777e+01 2.146192071441209492e+01 2.407611243971274462e+01 2.734300182874638097e+01 3.303862815265586761e+01 4.257413747623468225e+01 4.846851528921381913e+01 3.840580958199181794e+01 4.135310784655255389e+01 3.674182688025813803e+01 4.236567462357972857e+01 3.234976136867004470e+01 2.669755685680035739e+01 2.329322321476534086e+01 2.870761939891799841e+01 2.964760696331833856e+01 2.190778289554893377e+01 1.369464201079881782e+01 1.661925232763766758e+01 2.847146939737537252e+01 3.514966301010347394e+01 3.096583078954904877e+01 2.413922895357428189e+01 2.732028026611936866e+01 3.335775574542003596e+01
1.225220722491487813e+01 2.075840273807931524e+01 2.507431011567297929e+01 2.064609929569248337e+01 2.973877702446035798e+01 2.748687057067304806e+01 2.238331402263370506e+01 1.932072447292312845e+01 1.063742041610806588e+01 1.421182527329464129e+01 1.999806697651146692e+01 3.034671538334836782e+01 2.862227190247267927e+01 3.151395675835748378e+01 3.117477171564675231e+01 3.222870720455783555e+01 4.104109663825164489e+01 4.656198322985331117e+01 4.894159361301515787e+01 4.135310784655255389e+01 3.107542652744114520e+01 3.071424705194113258e+01 3.984142672345642922e+01 4.074844010118155069e+01 3.658298437394123681e+01 2.870761939870905621e+01 1.903278627659231503e+01 2.499946855387998568e+01 1.781698650257176197e+01 1.330526329779722694e+01 1.719833043002608619e+01 2.348885352365089219e+01 3.399205657413486392e+01 3.437913184086977481e+01 2.413922895357428189e+01 3.437913184086977481e+01 3.468498286256472340e+01
2.075923808999889175e+01 1.121912671665862327e+01 1.947184330175550571e+01 1.406699826520383212e+01 2.502633984611724216e+01 1.919027268449838175e+01 1.226147020528782150e+01 9.828863101910927824e+00 1.932072446407305932e+01 2.253243842184814483e+01 2.846219140930909575e+01 3.448086058280794219e+01 3.776554372270856419e+01 3.815574941695657429e+01 4.079763775028300188e+01 4.184450214363627651e+01 4.583193914554104254e+01 5.198346769607453410e+01 4.174122040805903566e+01 3.438232507480094569e+01 3.585945609707052739e+01 2.540164262743531864e+01 3.465081526519290378e+01 3.882874175199051336e+01 3.861522603152992161e+01 2.870750256790301336e+01 2.517485662611969133e+01 1.555256445987054015e+01 2.187939396061765152e+01 1.291382994411405782e+01 1.841657098042188423e+01 2.485269599453626910e+01 3.411845505105405607e+01 3.854517782388571590e+01 3.139138786795385272e+01 3.854517782388571590e+01 4.478659348961149078e+01
2.279462458639531164e+01 1.282835690910343907e+01 1.010451122022491433e+01 9.181012899680307981e+00 2.008081501304017991e+01 1.214955232946780761e+01 1.214955232946780761e+01 9.141475587139078485e+00 1.128348039573796768e+01 2.004628666518053848e+01 2.860388984466707285e+01 3.363421857087083566e+01 4.082581792845030577e+01 4.753153181729398824e+01 4.366501842176314341e+01 3.961647967212812205e+01 4.087958337740710135e+01 4.493106579677851187e+01 4.608676859967068395e+01 3.741634152400288116e+01 2.690370074294995817e+01 2.266366389602421805e+01 2.540035351869356006e+01 3.363778463717066103e+01 3.881624884739333226e+01 3.052897000740181710e+01 2.830896618303226830e+01 2.139116098850815462e+01 1.236532499062985124e+01 2.186468714849809203e+01 2.631021025546741399e+01 3.157330735317391657e+01 3.589989454674376645e+01 3.998807839612057791e+01 4.159218386118187993e+01 4.432282942368694734e+01 4.432282942368694734e+01
1.830908784952680080e+01 2.279462458639373779e+01 1.544078390714624760e+01 9.181012899680307981e+00 1.662107810723611578e+01 1.277406837749238022e+01 8.085792969812402475e+00 1.744021372679664950e+01 1.987598548719497060e+01 1.443924246270888645e+01 1.739504761770983166e+01 2.384075674848289594e+01 3.609807353138644004e+01 4.041841045943635180e+01 3.802780201741310151e+01 2.985679919866064580e+01 3.112453823804766273e+01 4.087958337740710135e+01 4.210070188338166020e+01 3.230808575803290239e+01 2.713571047077329013e+01 2.291876666587069522e+01 1.964323703565551682e+01 2.740222197434934870e+01 3.160773460428393733e+01 2.997995550854254532e+01 2.194352937446661400e+01 2.011779494275015878e+01 1.199820502286431712e+01 1.738987087156996836e+01 2.619974984063955503e+01 2.878830061589914635e+01 2.584258865725728072e+01 3.589989454674376645e+01 4.138421998928309620e+01 3.440994269193035393e+01 3.440994269193035393e+01
2.892198148138761482e+01 2.978819459582068063e+01 2.261272443015230138e+01 1.732823830329406078e+01 7.753625721692873896e+00 1.593168331073988853e+01 7.299278222452187492e+00 1.459883384718392207e+01 2.541631687552576579e+01 2.458499683620296494e+01 2.711662736900969506e+01 3.363421857087083566e+01 3.756526979756705487e+01 3.065889789644030117e+01 3.398172480858517019e+01 2.419371383510544860e+01 3.398172480812562668e+01 4.198749198856224751e+01 4.608676859967068395e+01 4.121526856310029530e+01 3.709947862125631701e+01 3.320018669650337984e+01 2.439466484785763356e+01 1.735036357742205482e+01 2.518213784905485397e+01 2.330230268022429740e+01 1.949095172859891179e+01 1.401514648749658853e+01 1.159631739613194590e+01 2.131612020701342303e+01 2.348535436158341128e+01 1.887928195388154151e+01 2.878830336099965947e+01 3.634470581948399825e+01 3.222184074427259048e+01 2.713032149401746906e+01 3.584173520663694745e+01
2.856912265178684862e+01 2.495216211086152924e+01 2.495925151124169261e+01 1.699172374875391256e+01 1.611777737125206755e+01 6.262777136119994204e+00 1.550969249277211048e+01 1.602061745194239251e+01 2.713230221385952490e+01 3.435307168799739941e+01 3.848534014308624052e+01 4.280747143523377929e+01 3.351739294440712058e+01 2.374164427959695800e+01 2.733466662106446776e+01 2.125219749225312782e+01 2.816922478257971463e+01 3.456688049767611659e+01 3.861611242276076439e+01 4.379244403436752009e+01 3.956164732220224067e+01 3.882080417556797158e+01 3.160773461496352610e+01 2.518213784905485397e+01 1.513960311510687085e+01 1.369388705329781963e+01 2.134063072795073523e+01 1.824575784760834551e+01 1.128163645874326981e+01 1.250420231321764497e+01 1.377248658467787124e+01 2.348705543570994436e+01 2.681217371929694693e+01 2.892765697687005044e+01 2.206848448219783876e+01 2.560312778986348192e+01 2.560312778986348192e+01
1.833881334869811042e+01 1.488566457758367179e+01 1.981351266277890488e+01 9.932204106268121890e+00 1.049059903220308065e+01 5.755331805193262262e+00 1.825236674010755777e+01 2.682710518252863352e+01 2.709037440232951610e+01 2.431758107080932518e+01 3.435307168803274891e+01 3.899062828239722478e+01 2.966013104275883805e+01 2.733466661981656642e+01 1.761550014180436818e+01 2.440422762911235210e+01 2.766406507207419452e+01 2.480482530510699135e+01 3.456688049780424166e+01 3.956164732220234725e+01 2.924227282226243929e+01 3.226474763568495518e+01 3.651735842428337975e+01 2.938110736714717675e+01 2.518213784905477581e+01 2.206021787341732576e+01 1.199233875945391858e+01 1.127417856079805425e+01 1.105811339275471816e+01 2.214753436785095175e+01 2.349193300032720444e+01 1.567548467607674922e+01 1.704520910626402852e+01 1.901095349634515586e+01 2.892765697687178417e+01 3.584173506879509574e+01 3.584173520663694745e+01
2.856912265178684862e+01 2.045028755491417272e+01 1.079826125973897177e+01 1.497041284433815989e+01 5.109709949024032305e+00 1.516133318268410690e+01 1.965868362875219333e+01 2.233544429519017527e+01 1.706132654409425697e+01 2.412888319558859962e+01 3.434119769093722141e+01 3.585051083404633232e+01 2.612661154902961513e+01 2.155817885551049073e+01 2.440422762911233434e+01 1.485379885043344750e+01 1.799202436558357832e+01 2.766406507231507561e+01 3.701121877902308199e+01 3.956164732220263147e+01 2.924227282226243929e+01 2.218678893990858469e+01 2.751395234615435470e+01 3.174048036373057613e+01 2.990637400822534886e+01 2.526689186749761262e+01 1.974529102824179816e+01 1.073500085108962132e+01 1.949290553598135034e+01 2.575394329834066909e+01 2.896900634773142968e+01 2.286342078207639261e+01 2.681340865870423329e+01 1.982221966064074792e+01 2.215971087141943130e+01 3.165136758950184515e+01 3.506106243221144325e+01
3.053604575843273139e+01 2.045028569215189407e+01 1.702955394765477593e+01 7.222924558387056493e+00 4.704276508009150426e+00 1.447735256942785753e+01 1.014233517261201811e+01 1.260231898816353890e+01 2.234468685580989344e+01 3.134868098965450400e+01 3.270617106734669477e+01 3.299618850517509827e+01 2.328113958960826579e+01 1.666811094977954966e+01 2.160843385441234688e+01 1.318627700034624084e+01 1.766125283475337682e+01 2.320079749276068881e+01 3.296355694296914862e+01 3.888665029996367650e+01 3.469704753118886487e+01 2.453861690069320645e+01 1.764558296101954227e+01 2.391053149706625192e+01 1.928766754875418599e+01 2.230908550023887926e+01 1.082274007958502615e+01 1.047715163261131543e+01 1.411565098949654562e+01 1.928416034391992895e+01 2.889169887875655363e+01 3.385253230805994917e+01 2.689763320342518327e+01 2.759362779584201775e+01 3.225782150704626616e+01 2.607785515040504976e+01 3.351063690815657026e+01
2.985233313696161872e+01 1.964994037308117569e+01 1.960314526133839408e+01 1.419905414057814319e+01 4.322039453107792362e+00 6.565492640370152344e+00 1.649778164444547102e+01 2.146652934852154360e+01 2.656983555520903195e+01 2.972256888935046604e+01 2.231604249307329013e+01 2.972256888935046604e+01 2.793888823953491851e+01 2.160835236672232540e+01 1.250906920847099535e+01 1.189245756567532375e+01 1.815851727623093126e+01 2.786654160675759684e+01 3.468354113589889209e+01 2.916744357247612029e+01 3.111939897895697626e+01 3.173892852472161508e+01 2.391053167560971815e+01 1.416776559569678007e+01 1.205943628516802235e+01 1.712054492666675287e+01 1.893983035856578923e+01 1.017984147360880876e+01 1.957866550029455155e+01 2.749711626798303143e+01 3.320307680413530704e+01 3.991999187169208341e+01 3.408640803265200958e+01 3.877685982107777107e+01 3.632616311915162299e+01 3.339075322955288527e+01 3.339075322955288527e+01
2.701407706087337246e+01 1.965000454134344920e+01 9.570005779172435112e+00 1.321820260180902018e+01 3.928347606423106431e+00 1.067776509909824512e+01 1.731219904883423411e+01 2.844039296809305029e+01 2.900135853767100613e+01 2.473770792899687976e+01 1.560526822967111293e+01 2.173422301344183083e+01 2.150818065009741886e+01 1.453811849231625963e+01 1.003923100102394450e+01 1.891228561318680690e+01 2.459160660112584651e+01 2.504554965444579295e+01 2.508724991504377755e+01 2.221621560625182212e+01 2.114968912426321879e+01 2.814479342091577152e+01 2.776166613413655426e+01 2.231502568574547141e+01 1.833233832507011130e+01 9.323523147419905399e+00 9.698656185997299062e+00 1.882205373708513818e+01 2.345902353457798384e+01 2.689437567481130031e+01 3.011028729136750215e+01 3.442506872276830876e+01 3.944851125802575353e+01 4.573074330721733816e+01 4.628859973470383693e+01 4.341286948574500570e+01 4.341286948574500570e+01
1.628761857804482460e+01 2.262399057258720347e+01 1.319201265302290516e+01 3.325411003656910669e+00 1.311616589212330553e+01 1.793568316091120707e+01 2.327200880925442661e+01 2.629721110439542642e+01 2.473797559559184833e+01 1.530680574445258557e+01 1.536101857729053677e+01 1.047388284453136720e+01 1.565291363573005334e+01 7.819357269872948102e+00 1.707729769772367590e+01 1.924299162051496381e+01 2.128389527064442888e+01 1.651992875662539362e+01 2.275911920080143602e+01 2.303270760278561369e+01 1.413507255028321374e+01 2.387831803515616969e+01 2.198205074667124137e+01 1.763268344588377801e+01 8.805009570308801159e+00 1.734626965518493691e+01 1.426560532667458503e+01 1.220804347751745667e+01 1.450204831486929180e+01 1.690954376351735888e+01 1.960186687298155661e+01 2.396578926738822446e+01 3.135389030173344338e+01 4.364576674761040209e+01 4.622740879829028415e+01 4.212864899609123626e+01 4.212864899609123626e+01
7.975977635797645959e+00 1.757061776864253133e+01 1.039954321429007145e+01 2.864189742021088669e+00 8.207799239638623234e+00 1.581930532005843126e+01 2.177881096024860952e+01 1.538855879110989022e+01 2.081108463241013595e+01 1.806633146492135467e+01 9.452284093986735414e+00 1.135969967334721709e+01 5.360583247834802556e+00 1.469406892210908744e+01 9.957049309530169978e+00 1.239491036455288331e+01 1.598054048146786599e+01 1.302529233921711871e+01 1.754687345618421190e+01 1.609289810941207577e+01 1.074878505490556080e+01 1.730571224245929329e+01 1.755539638964152616e+01 8.306592060528766197e+00 1.755396266318303233e+01 1.598616244105400064e+01 2.244457151722035348e+01 2.151495967973221823e+01 1.672430753719019947e+01 2.356677940257708315e+01 2.738879417680318085e+01 3.442506872276830876e+01 3.958308708491388472e+01 3.989080594827624537e+01 3.677491796247018385e+01 3.211273536200390311e+01 3.921955881545425626e+01
