output/example/elevation_average_000075.asc
nrows	75
cellsize	133.333333333
xllcorner	0
ncols	75
yllcorner	0
NODATA_value	-9999
[rows 34 to 50 of 75, columns 0 to 36 of 75]
3.337042190676853259e-01 3.206275278939849471e+01 6.569546688337356954e+01 1.153723706721884383e+02 2.122585135652920769e+02 2.467499006480562684e+02 1.681916467700522162e+02 1.900596622107641167e+02 2.674773445241151535e+02 2.365875058047344055e+02 2.367681006646852495e+02 1.666379438198624996e+02 1.903423085722833434e+02 2.157245581358229174e+02 2.827572140739727047e+02 3.772752325725210767e+02 3.909248124920139276e+02 3.940496429887755880e+02 3.126943069995808173e+02 2.510216851290422824e+02 2.155815105418388953e+02 2.768649958185065998e+02 3.143527099335163371e+02 2.780520335808690220e+02 3.573904213016601830e+02 3.130552855546358728e+02 2.322469780345820141e+02 3.217709598473694541e+02 3.549264857337937542e+02 2.631588749093076558e+02 2.055638844832384109e+02 1.629236876220310819e+02 2.581215856330551901e+02 2.529855404723945469e+02 1.562739348460149813e+02 2.449785202667073349e+02 2.053137213641798837e+02
7.136489310454718904e-02 9.874411534282084801e+01 1.629602453152244834e+02 2.032334592078547644e+02 2.509811101495425589e+02 2.989822465166122356e+02 2.633998761401368256e+02 2.860166235219138002e+02 3.251117732600432078e+02 3.319203051947744143e+02 2.630940972486152418e+02 2.629489599700482358e+02 2.217706536036843943e+02 3.112200984874955907e+02 2.644545328485038453e+02 3.249525741897122657e+02 4.093407208293467647e+02 4.308321334288467597e+02 3.823381256951162186e+02 3.408183957956474615e+02 2.769130766949321583e+02 3.316521648865000316e+02 3.396849588001306870e+02 3.531789122229061491e+02 3.930802371374059021e+02 3.381385816637442190e+02 2.579503692399022725e+02 3.484693424801655510e+02 3.899572047063933269e+02 3.039903632224077796e+02 2.761985820333297283e+02 1.834506531893101169e+02 2.773787708356285293e+02 2.650474993237404533e+02 1.684877075386315823e+02 2.650478997911025658e+02 3.014591050197137179e+02
9.059049790830050464e-01 7.074534503763440796e+01 1.683246929757459895e+02 2.179888661409125064e+02 2.152280654367030195e+02 3.099722134238880358e+02 2.959899920544141878e+02 2.587855186238617193e+02 2.787579879836887358e+02 3.176430121567785250e+02 3.580426126397271105e+02 3.560963105436516685e+02 3.117683950587555728e+02 2.999663583624912917e+02 3.593520960320371955e+02 3.408395291183083486e+02 4.341503208012335904e+02 4.179518014265160559e+02 3.781494420932364164e+02 3.835943613272582411e+02 3.613611894132503721e+02 3.877208685026473631e+02 4.335374380435079615e+02 4.007825208510535049e+02 3.242772540640949614e+02 2.783931960178184113e+02 3.368615096215128233e+02 3.799907902952118093e+02 4.192021774812524768e+02 3.543671035806538612e+02 2.678526356579883441e+02 2.068384627473823514e+02 2.968917187572724856e+02 2.772504534627246358e+02 1.871745268261420279e+02 1.923578409588969862e+02 2.887154627146512098e+02
3.236511337782697062e-01 9.899656878723736497e+01 1.669474638500455796e+02 1.210252549840639773e+02 1.915028177406514942e+02 2.866370619935714785e+02 2.408785869403432116e+02 1.624755031379774834e+02 1.825629816933486893e+02 2.487635733417590984e+02 2.886996143295938282e+02 3.183706266672061247e+02 3.520424021519228290e+02 3.944103231045526741e+02 4.327440761366517563e+02 4.346552777588479444e+02 4.115855859662433431e+02 3.646515985446332024e+02 2.858128785627524167e+02 3.053735746016583334e+02 3.771009092175417550e+02 4.619090587827843706e+02 4.837989576987195619e+02 4.472118215775432191e+02 4.040279143370344741e+02 3.376205672918754317e+02 3.469898954740722843e+02 4.315534214058334896e+02 4.181859435788965129e+02 3.364303340450504152e+02 3.182008112137085050e+02 2.326755432302410611e+02 3.169521787846936149e+02 3.005434828589386598e+02 2.068182563779757572e+02 2.887294483676033678e+02 2.171983363938932996e+02
7.051176975622763798e-01 9.937074206103461904e+01 6.927397195779404626e+01 1.669133624153639062e+02 2.557578965038121339e+02 2.648418934139865542e+02 2.011748284226640067e+02 1.043178345403034086e+02 1.782998803818335887e+02 1.527819436529634913e+02 2.463908267095389704e+02 2.234691902723102430e+02 2.993512172633606383e+02 3.446995769316307587e+02 3.546108304422421043e+02 3.932439236180989042e+02 3.415883366940258270e+02 2.796412109268835025e+02 2.303558700447383671e+02 3.254539487122264632e+02 3.715551660685469528e+02 3.941713717635514627e+02 3.980378390617313471e+02 4.582661992563849935e+02 4.465847930771352026e+02 4.072527300898383942e+02 4.378467922332280864e+02 4.337104738133371598e+02 3.920787413126425349e+02 3.465840849878053405e+02 2.630831082828000831e+02 3.244236587517132762e+02 3.499265126079763490e+02 2.890716993997684767e+02 2.283149059361745685e+02 3.227146177226339887e+02 3.132366999543091879e+02
2.762602726440547274e-01 2.760067865418347921e+01 1.258974432527560339e+02 2.051686655186238397e+02 2.044115127328695678e+02 1.963752629416298419e+02 1.297657119117545221e+02 7.144753819684930818e+01 8.076526540069961868e+01 1.745162368021832719e+02 1.998034658006334610e+02 1.636397855642064769e+02 2.589315745817978041e+02 2.496641969706772102e+02 2.594495626659013965e+02 3.207822353068803523e+02 2.817603426872110504e+02 2.068093816305117798e+02 3.026704846504262605e+02 2.579085358783061679e+02 2.781717323010586824e+02 3.020702743412659288e+02 3.300994318970567747e+02 3.816163348281274921e+02 4.508743242410262155e+02 4.685120763787359124e+02 4.341630688462232683e+02 3.846804235395081264e+02 3.287082607045992972e+02 2.880711287266110503e+02 3.243725546632906571e+02 3.851028913743223825e+02 4.112366332201691534e+02 3.448090842884355993e+02 2.523476175126266128e+02 3.460791938102801737e+02 3.392532801654472223e+02
1.850613594792993588e-03 8.572387534010021071e+00 1.070322683430305091e+02 1.273493738527586174e+02 1.082206468161892303e+02 1.443451657833454647e+02 5.879558565003348036e+01 1.563201117254906194e+02 1.783039250774208710e+02 9.434132836376596742e+01 1.041864315837731993e+02 1.995253538122379098e+02 2.260423520451430477e+02 1.807041068846078531e+02 2.495838771698224150e+02 2.618580619463608627e+02 1.856009269272265669e+02 2.816906271075703785e+02 2.829743239813439573e+02 3.527211703598986219e+02 3.479981540257618917e+02 3.545453589165937274e+02 4.232772650084721704e+02 4.008530561110864028e+02 4.867526583207065300e+02 4.872134541074717049e+02 4.676063167174647219e+02 4.468463427635640528e+02 4.083871105049623793e+02 3.283457576754518072e+02 4.039425902972463405e+02 4.383968156399507734e+02 4.435854486387428892e+02 3.698908706639783190e+02 2.813586558686102421e+02 3.714767966856956605e+02 4.336006703044692472e+02
5.933543570421615510e-01 9.925843608289629572e+01 2.064083626304246266e+01 2.916700325508917402e+01 3.773396580761341568e+01 4.637661194321914593e+01 1.160762015031632473e+02 1.964770740608515496e+02 2.311740905356013513e+02 1.450640503241541239e+02 2.013998908164211628e+02 1.187274060823995967e+02 1.293056048655772088e+02 1.408537617228730312e+02 1.530374601911278205e+02 1.654812102185107108e+02 2.619173495950953452e+02 3.208080037516831453e+02 3.776921755259538145e+02 4.105514791496368616e+02 4.390212151331262476e+02 4.482445827658157782e+02 4.862284065725829691e+02 4.938002462977648861e+02 5.316678185904908105e+02 5.120113580746857451e+02 4.531179229907066315e+02 4.164622312138104121e+02 3.759306867135124435e+02 3.839302950757621034e+02 4.470372973872795797e+02 4.695057980898355368e+02 3.818162854709401017e+02 3.346701222022045954e+02 3.353574714262263683e+02 3.474632709972264593e+02 4.340351512355184695e+02
5.242591108685094037e-01 9.891983967504872055e+01 1.189249945477961603e+02 1.273534238052635601e+02 1.358281378623472619e+02 1.443676504782760901e+02 1.842857410823839928e+02 2.526352682022867668e+02 2.791132692620194007e+02 2.139284203654023599e+02 2.550724434234057298e+02 1.765043100445857078e+02 1.564000595468270944e+02 2.375466539118081926e+02 2.493020857388553964e+02 2.618270881895116418e+02 2.067634413995779425e+02 2.615884824486907405e+02 3.284469006161938864e+02 4.225991744262823886e+02 4.644916533479399163e+02 4.754758500567479587e+02 5.057968211177731064e+02 4.835589058834192429e+02 5.212212374307114260e+02 5.305059924512339649e+02 5.117334856327926218e+02 4.807490217849912710e+02 4.380682859058827034e+02 4.418599000959093814e+02 4.786571292828465971e+02 4.950652441839091580e+02 4.415712762890611316e+02 3.866080957776331388e+02 3.931556457793173536e+02 3.965779484258756611e+02 4.719719333535545616e+02
2.245761403057450201e-01 9.889547150061272873e+01 1.396819756239917467e+02 1.614691190842176809e+02 1.849605246908118943e+02 2.106848604653386019e+02 2.394884139049619307e+02 2.731775849766746660e+02 3.091347009200148932e+02 3.066376971587740741e+02 3.108550734896575136e+02 2.719350018131104889e+02 2.024385876301703320e+02 2.079124767705426962e+02 3.037739574755480021e+02 3.414831154919012874e+02 2.749762368350877182e+02 2.753254498970473492e+02 3.697385663429092233e+02 4.377263278952927408e+02 3.755567747442871109e+02 3.831693892871115850e+02 4.528159897713601367e+02 3.907401237651044426e+02 4.592187518657651140e+02 5.050430600576233360e+02 5.054537021964212613e+02 4.854283809731157930e+02 4.328812234224377562e+02 4.453310506296595008e+02 4.672157784983521083e+02 4.425796447917113596e+02 4.888837443758339418e+02 4.790622351245113464e+02 4.803607604822112194e+02 4.683970959783173384e+02 5.085174946534685319e+02
6.918070203250719086e-01 2.101849656648685993e+01 4.170443437427005051e+01 6.377128894110401802e+01 8.758532231047561822e+01 1.136884850123565229e+02 1.429793437025407457e+02 1.770833716813806120e+02 2.328110922028363632e+02 3.006161975941788569e+02 3.951621945468288004e+02 3.368716420710586590e+02 2.612236814046399331e+02 2.761068501922274550e+02 2.858292380404901110e+02 3.803791997720092013e+02 3.698485653567894929e+02 3.702518094532865689e+02 4.087915658858186703e+02 3.912975212230763873e+02 3.070009327468596325e+02 3.214079170066441975e+02 3.924587858758393395e+02 3.400577755138525617e+02 3.888047291852183776e+02 4.773986936946270134e+02 4.568708055359310265e+02 4.153472811645045795e+02 3.617428135173773285e+02 4.142727810783192126e+02 4.065718760367800542e+02 3.684413263109044578e+02 4.452523202791448966e+02 4.922056905616133236e+02 5.034363847787848840e+02 4.610504466427479997e+02 5.030124724131734979e+02
7.517111381045206153e-01 9.941916958316181763e+01 1.396962031806683058e+02 1.614659727849664534e+02 1.849630497391152630e+02 2.107067815869117453e+02 2.395734844410287394e+02 2.732234076900772379e+02 3.124388782480861551e+02 3.610021911863661899e+02 3.987421479204157322e+02 3.876636537707064463e+02 3.534668858663265496e+02 3.707628141459656490e+02 3.806031950781493833e+02 3.762709279648934739e+02 3.382736469947598721e+02 3.625513053706042115e+02 3.687197359715092944e+02 3.301311216524973133e+02 2.579007307671807325e+02 2.774162479321822730e+02 2.984082902359950822e+02 3.926207117858608626e+02 4.649336333602235527e+02 4.604943304068760881e+02 4.186600994848118944e+02 3.582589613470729546e+02 3.289150728372760568e+02 3.669078249402194842e+02 3.930768318012488294e+02 3.263366553616077113e+02 3.707879705546960736e+02 4.513242477442003633e+02 4.603006021172707847e+02 3.753132900776960810e+02 4.605599314239813111e+02
8.558244295687547076e-01 9.952083370914887439e+01 1.379854076295691243e+02 1.586129221677358316e+02 1.806608772815942814e+02 2.045335203773190358e+02 2.308537377157657318e+02 2.606161385395835168e+02 2.958498275716047488e+02 2.660928979739500733e+02 3.566567856624341175e+02 3.435814467851326413e+02 3.106834439799330312e+02 3.502499598574040078e+02 3.594129428949040062e+02 3.218617206979340608e+02 2.430814536243520365e+02 2.676754907642824719e+02 3.090349396284631212e+02 2.348594177316091134e+02 3.301309883341427280e+02 3.719181982199459071e+02 3.893873370079786014e+02 3.902743945444614724e+02 4.233672502082987990e+02 3.786810494752112390e+02 4.305315260341704970e+02 4.091144502627119550e+02 3.577803109428299422e+02 2.856909988787484167e+02 3.611092971514641476e+02 2.880605756598959601e+02 3.701900128972623634e+02 4.199860853133665159e+02 3.890281065684449686e+02 3.307374672571362453e+02 3.739287132369988740e+02
8.802730031229742957e-01 2.028975998467662833e+01 3.999777842002407624e+01 6.088754921407232956e+01 8.322409420854653206e+01 1.074625662169184324e+02 1.341403255553318559e+02 1.643249884669165510e+02 2.000826429743154051e+02 2.952712645349155309e+02 3.253522089542902904e+02 3.016139768105737176e+02 2.188729881189391335e+02 3.009243370667060731e+02 2.644849937711654206e+02 2.654570310985292849e+02 1.868668471131778688e+02 1.999127732417299796e+02 2.135388915092203206e+02 3.070198979892078910e+02 3.354385940314570576e+02 4.022751473921406387e+02 4.023080332234637808e+02 4.142295612347024303e+02 3.728085638500789969e+02 3.411633660989382406e+02 3.889679210274356365e+02 3.392812787725449084e+02 3.349623366248385423e+02 2.507389790728272487e+02 3.330745794829070405e+02 2.529547240688298757e+02 3.313238454112120621e+02 3.574548887813903661e+02 2.942141231306111990e+02 3.890330758625274257e+02 4.608882593696565664e+02
1.825126015476009611e-01 9.883382233367619563e+01 1.380060842363367897e+02 1.586144415074116409e+02 1.806600718846364657e+02 2.035982775627253716e+02 2.308438032719754176e+02 2.586287740034504736e+02 2.851713408861073162e+02 2.502996728433553244e+02 2.343659937621325184e+02 2.613648980512816706e+02 1.676717291534758658e+02 2.323114820191340186e+02 2.486178383776508838e+02 1.691799133148611531e+02 2.654610643113426249e+02 2.692652095084891926e+02 2.803522563012102182e+02 2.843830420205456448e+02 3.741793343694048417e+02 3.722488837906618642e+02 3.443093471634349498e+02 3.987539335781804084e+02 3.626021171094306510e+02 2.997057753251622785e+02 3.581204132949236509e+02 2.836284831859195492e+02 3.054712877744191815e+02 2.164912459831134299e+02 2.970743517107102321e+02 2.226376372705753965e+02 2.417990169269230023e+02 2.622510698925344741e+02 3.575322529197568429e+02 3.802612592114450649e+02 4.035608677078336655e+02
2.234715563764334556e-01 9.774091431213700787e+01 1.664158536732437028e+02 1.272931291753990877e+02 1.355333038789110844e+02 1.755138253388651606e+02 2.442025547659768847e+02 2.879670240521591609e+02 2.334936135385086686e+02 1.558715302473150075e+02 1.643212985438640885e+02 2.130030678358229750e+02 1.302597021343198378e+02 1.408307172105700147e+02 1.522170874588649667e+02 2.487479878541934113e+02 3.045536334084603709e+02 3.632160600940537734e+02 3.749404640574119867e+02 3.754866146494162535e+02 4.174808753817154070e+02 3.640798094266013436e+02 3.056526334482720699e+02 3.728351210065840178e+02 3.394073235730328975e+02 2.672374585117964898e+02 3.219072971208478862e+02 2.317834064839148311e+02 2.627556508830720077e+02 1.865519073938357337e+02 2.010289949313106774e+02 2.971279410895864430e+02 3.373022372249413365e+02 3.574627331710866542e+02 3.513320824523570423e+02 2.868518167518683981e+02 3.089189882050148412e+02
8.205654311753158847e-01 9.948640557201441936e+01 1.153748929460443833e+02 2.901732727929759292e+01 3.747824268982464702e+01 1.078648969038445813e+02 1.873977487856681989e+02 2.205293708246314281e+02 1.548328559092510375e+02 9.677127292016210447e+01 1.062679322453720658e+02 1.160002375558840697e+02 2.130452243218545902e+02 2.374512362756103414e+02 1.805483511026197050e+02 2.585802671733076750e+02 3.261289707766567858e+02 3.680450865699164069e+02 3.687021717528069757e+02 3.969784155562090859e+02 3.953926775977996044e+02 3.459491867749187577e+02 2.719175925875399571e+02 3.413455922186229827e+02 3.060022015907269974e+02 2.240750936587564297e+02 2.889814899995652695e+02 2.467182805162139800e+02 1.690344570104719821e+02 2.376366210723943198e+02 2.970276527410197787e+02 3.362711340969286198e+02 3.545018910776162784e+02 3.155802719597564874e+02 3.113044765869234993e+02 2.163891295951954987e+02 2.828911508521383666e+02
