output/example/elevation_average_000028.asc
nrows	75
cellsize	133.333333333
xllcorner	0
ncols	75
yllcorner	0
NODATA_value	-9999
[rows 51 to 67 of 75, columns 0 to 36 of 75]
5.882205962523524567e-01 8.860463009070896234e+00 1.703074031236214481e+01 1.128915127442743511e+02 1.317902750396229123e+02 4.847509965330784354e+01 1.422593351679527416e+02 1.619874921071301230e+02 7.996729836188958984e+01 1.711281608569593118e+02 1.645341253049244301e+02 1.669683544730142160e+02 2.360568837317924249e+02 2.811883618271018577e+02 2.202958517302115240e+02 1.870341074758007665e+02 2.718179114667894964e+02 3.260901366816930818e+02 3.332998045499442128e+02 3.417103863199517377e+02 3.726028133381823295e+02 3.232529678068531780e+02 3.098454334854782815e+02 3.176849098090827397e+02 2.981239321798335027e+02 2.186413278299258707e+02 2.504029163946620997e+02 1.778895772991034789e+02 2.693775719745437414e+02 3.206844052027950056e+02 3.821030909090420096e+02 3.585021525734797478e+02 3.150885417516007578e+02 2.419594790307993719e+02 2.855404602251776964e+02 2.043209717732190995e+02 2.110543555460124026e+02
9.768667279832560224e-01 9.740456092812158317e+01 1.125863083445804449e+02 9.427281783499118717e+01 1.773892071778167860e+02 1.431647037867712413e+02 6.001052713856767440e+01 6.819324276747549618e+01 1.621748318209071442e+02 2.101669237795626088e+02 2.539385042045032890e+02 2.430831277626687950e+02 2.896491406055371272e+02 3.368515063169772930e+02 2.998587426425220883e+02 2.517427855398451868e+02 2.375039953649565518e+02 2.533332586468593206e+02 2.508307239489367646e+02 3.093723900800624165e+02 3.227904942970250204e+02 2.929665510419937959e+02 2.586007305435067565e+02 2.589578165062221160e+02 2.614812065835307635e+02 2.347844960097314129e+02 1.619871426073328280e+02 2.539905029736261213e+02 2.693549332640109810e+02 3.572596784836842971e+02 3.501174425377906800e+02 2.706821636131928699e+02 2.704989933063268381e+02 1.883473784082788711e+02 1.949287660029908125e+02 2.799550360609609356e+02 2.997552733389769060e+02
2.138324179527880675e-01 6.913877266530555232e+01 1.630584987960579610e+02 1.870910905434179767e+02 2.228610371812648054e+02 1.908314931016020068e+02 1.150750778445585070e+02 1.362573982291713151e+02 1.333324113111050906e+02 2.065648914674034131e+02 2.903014494334254891e+02 2.978496933415690364e+02 2.942121808662095077e+02 3.014789866097163440e+02 3.307243729081184824e+02 3.303425276215726853e+02 2.899282644381756882e+02 2.935086553833275502e+02 2.808890663866570208e+02 3.246616977586861026e+02 3.353895810749765474e+02 3.079040575180071073e+02 2.756078991064131856e+02 1.964223428318439915e+02 2.190824489905609198e+02 1.467932260679762635e+02 2.393087610924865487e+02 2.896790441258498845e+02 2.914272791698169840e+02 3.257500951524019115e+02 2.620604458294066035e+02 2.615485757957749229e+02 1.790829562627860412e+02 2.705050290956280605e+02 2.841652235830966902e+02 2.505806225237453191e+02 3.254197164497676340e+02
1.069909363418946047e-01 9.654846614804911553e+01 1.498500915199082613e+02 1.817124429668113521e+02 2.180054435448335539e+02 2.330718223056486238e+02 1.859920107322200806e+02 2.268685193707956387e+02 2.250436069410381492e+02 2.592187029765935335e+02 2.538647816925744394e+02 2.506340093577287575e+02 2.723191022692521983e+02 2.454295517130756252e+02 2.936417464762064924e+02 3.297258043242715075e+02 3.352123257550861695e+02 2.926328619916548064e+02 2.521710937127085117e+02 3.089879366667541376e+02 3.037082117598642412e+02 2.375616459581434299e+02 2.506724223776194833e+02 2.242536740845767440e+02 1.317283316050032624e+02 2.207460636365813968e+02 2.263291430228118202e+02 2.335174644196545728e+02 2.010312884430759084e+02 2.450437924048676734e+02 2.519320932098652008e+02 1.697897457022931746e+02 2.615728901757691460e+02 2.451283608867537680e+02 3.340425681528207633e+02 3.279393971904563045e+02 3.449187990793214453e+02
3.726996606557795300e-01 2.796403943004461468e+01 5.651376783296409911e+01 8.914916082022413946e+01 1.382534586831199590e+02 2.182806824751447436e+02 2.557231665964324065e+02 2.533019480359867259e+02 2.170484996494615473e+02 2.036765670610893721e+02 1.640772822189797182e+02 2.463800087549802811e+02 2.503985095008399071e+02 1.900364123664230931e+02 2.130124936023445059e+02 2.830063198781355709e+02 3.187691906049316799e+02 2.558751933035245827e+02 1.934403207983897346e+02 2.677650225554950225e+02 2.657911760351429962e+02 1.781279704339476382e+02 1.684372452057444320e+02 2.067866291116826289e+02 1.214561807482534732e+02 1.281942392565021294e+02 1.348306219628301790e+02 1.412761040693692678e+02 1.476668536049349427e+02 1.540051473684704604e+02 1.602643126068645643e+02 2.523490520769907732e+02 2.973343588238143980e+02 3.336341425347737299e+02 3.687181127537722318e+02 4.021599024540462892e+02 4.198716460146549707e+02
9.622267309149505898e-01 9.737864859565435438e+01 1.503979501574689550e+02 1.817775631014532962e+02 2.179966857867927104e+02 2.648557776854340204e+02 2.215656878479574345e+02 1.840264968416271643e+02 1.294116098524109191e+02 1.113558415894356415e+02 2.036723574542124027e+02 2.133393565381054202e+02 2.163742586207209513e+02 1.353310215570017760e+02 1.563415066527611259e+02 2.236918451047291114e+02 2.770442752456942799e+02 2.326070969083156399e+02 1.454208802452652094e+02 2.204413595223911670e+02 2.304548042635878744e+02 1.941047804255239839e+02 1.078893888071321214e+02 1.134011864618316565e+02 2.070157744030367439e+02 2.209345251091672253e+02 2.273793241109872838e+02 2.137217155399086153e+02 2.018828547636761357e+02 2.455948620539984688e+02 2.521378536413677409e+02 1.847210004699909405e+02 2.739161528174924456e+02 3.218687238282804515e+02 3.434518241413134092e+02 3.545309700238445316e+02 3.932043560478154518e+02
2.536103556318918262e-01 6.917587687943931485e+01 1.630981396433235489e+02 1.696078710736736070e+02 1.991762273313937612e+02 2.274236583393899593e+02 1.661384337367849469e+02 9.559848936493622773e+01 6.827405045382461424e+01 1.624781086246645430e+02 1.436552674195126826e+02 1.245885880199193707e+02 1.513729537360093218e+02 9.124647486373058314e+01 1.513574607275750452e+02 2.428011860060651941e+02 2.103474625743099580e+02 1.533667872175848288e+02 1.108902125669402920e+02 1.794754736879758639e+02 1.861329931875368402e+02 1.001068383073460666e+02 1.927637369008595840e+02 2.066207290074582659e+02 1.426273278040074217e+02 2.351070138394168225e+02 2.893198619658738835e+02 2.984907965898776752e+02 2.922132335384458202e+02 3.277034010958442991e+02 3.113760732375150724e+02 2.416876549117825448e+02 2.118374935210993044e+02 2.336638624927360013e+02 2.597821570189480553e+02 2.905733029830366263e+02 3.354996898770169196e+02
9.431841708974398886e-01 9.735457420106605753e+01 1.046448888656646261e+02 7.593225152285889124e+01 1.696602250560949017e+02 1.608491199805399674e+02 1.013583287432799978e+02 3.295101324289960587e+01 1.286407828284198729e+02 1.378107139492840645e+02 4.850549334690086312e+01 5.253148380321003685e+01 5.642027018268904470e+01 1.515768865446976008e+02 1.604875210897699844e+02 1.636932197672658731e+02 1.679616015490498455e+02 7.884609590779487576e+01 8.262970319185801316e+01 8.641074068323240454e+01 9.214764950873410498e+01 1.860951780628321899e+02 2.309718995118126088e+02 2.707044293892239466e+02 2.350801635969902179e+02 1.746507594643243806e+02 1.995164537882806144e+02 2.891971534376785371e+02 3.618115589294678216e+02 4.010185161501256630e+02 3.652064636068736831e+02 3.273179282236883978e+02 2.653100414650210155e+02 2.874417336934718605e+02 3.174685148176836833e+02 3.750598187066394189e+02 3.975882206609712171e+02
7.631321084887311423e-01 4.871255889552607243e+00 8.871640267978182948e+00 1.051304649882027462e+02 1.141381496296719291e+02 1.178632198221418150e+02 2.755540710338570065e+01 1.232092328799961081e+02 3.865352360128768794e+01 4.263082533991767065e+01 1.381128739210931542e+02 1.474895569329796388e+02 1.513595516459280361e+02 6.193654977197788014e+01 6.577681944204969966e+01 6.957425946168999076e+01 7.346238705874864650e+01 1.682268062335637069e+02 1.768841841562635295e+02 1.805536803909736534e+02 9.312920893480264795e+01 1.873576053699759996e+02 1.936466128226666115e+02 2.841931595136334749e+02 3.013306965275473317e+02 2.658612819460753371e+02 2.892772118168603015e+02 2.410998558902505522e+02 2.798244290787028490e+02 3.416354126166108358e+02 4.262985245914273946e+02 3.872969519656639363e+02 3.530643330256043555e+02 3.621102438687308904e+02 3.970792943870031877e+02 3.995922089375756627e+02 3.541277808027467131e+02
7.628124041380348608e-01 9.719226325094967933e+01 1.048460561683131402e+02 1.442592475662412710e+01 1.827604227928370761e+01 2.209435402963697825e+01 1.180160665779823148e+02 1.609692406136875036e+02 1.115820544948007011e+02 1.379084552947263091e+02 7.101853896898957430e+01 9.658251415004090745e+01 1.887167322921038135e+02 1.168829401873320677e+02 1.599715784137780759e+02 1.641456052158547436e+02 9.145040272786640401e+01 1.854370239596633780e+02 2.498288992000069868e+02 2.241559239947929427e+02 1.873977353813978937e+02 9.960239967894985114e+01 1.937136606015696145e+02 1.993172593715764549e+02 2.896847504512663249e+02 2.674645826156124144e+02 3.033919574269479540e+02 3.296385883455301382e+02 3.475610014420392417e+02 3.917274167306466666e+02 4.015160642985701998e+02 3.746362273344393543e+02 4.045517148530414033e+02 3.834876141007855495e+02 3.619220451693970517e+02 3.576907022138893240e+02 2.855597191522358003e+02
2.106757229907613160e-01 9.493330863681093490e+01 1.467746350878116459e+02 8.601003958303036256e+01 8.626922886657209233e+01 1.176246487164971910e+02 6.360095060541173240e+01 1.579579962929719557e+02 2.000569500535232521e+02 1.952504583614451690e+02 1.139965085488429537e+02 1.804410142722615831e+02 1.356734505963583786e+02 2.092273111759922415e+02 2.437366692378564323e+02 2.222423638010600371e+02 1.509317060768821364e+02 1.204545062185698612e+02 2.118042771076477209e+02 2.801100545786862313e+02 2.303764846460646822e+02 1.743449420381978712e+02 1.059626756658572049e+02 1.998609463013757193e+02 2.089739972330193609e+02 1.761136173910244622e+02 2.186818020063549284e+02 2.554619994850883700e+02 2.950384630066795921e+02 3.296122870194338930e+02 3.391186549763774565e+02 2.877351324212223176e+02 3.616972749524475716e+02 3.391808657082012814e+02 2.745939868699203998e+02 3.091857843163305688e+02 2.578716702319736100e+02
4.089467787567467871e-01 6.741405338026754634e+01 1.582322881698701451e+02 1.776505993379257120e+02 1.797280984626233646e+02 1.944221768060028808e+02 1.223376607953477304e+02 1.246408649066481615e+02 2.029058521825653543e+02 2.153326294193790602e+02 1.591367930977564527e+02 2.326999427410014221e+02 2.003283923185780964e+02 1.800721023691670553e+02 2.709765034487476782e+02 2.780282527706851283e+02 2.396601062711842474e+02 1.859902614863707981e+02 1.534982888477664744e+02 2.451814664450340331e+02 2.952405500222511705e+02 2.366750273104427720e+02 1.774254213834008169e+02 1.121411865541216883e+02 1.166841502233948518e+02 1.211350685477431455e+02 1.254501987482842225e+02 2.116804240194686599e+02 2.090589871708612293e+02 2.959772530137352646e+02 2.512070682839881215e+02 2.371480231123541387e+02 3.265648960407997379e+02 2.974808606285523638e+02 2.130368738726408822e+02 2.664855468186606231e+02 1.814435368268758282e+02
7.605404438924017185e-01 9.719436712053222038e+01 1.696327416830620223e+02 2.103901810526024576e+02 2.592005091156390790e+02 2.496457771842453610e+02 2.127938013659179433e+02 2.164582009967609793e+02 2.489400894622361307e+02 2.601994641160276274e+02 2.119072175235511111e+02 2.787400842764399158e+02 2.901817175377215108e+02 2.368852480668934675e+02 2.464627851148906075e+02 3.348560599718298931e+02 3.117222543652642344e+02 2.474778040197316500e+02 1.972208935013559881e+02 2.035307310550851696e+02 2.876702270962249486e+02 3.010054202999870085e+02 2.259614601601452648e+02 1.340100075689849461e+02 1.985083923743549974e+02 1.944442432916541463e+02 2.186886384932667227e+02 1.314540547699637614e+02 2.208833039070773623e+02 2.340644791529323072e+02 1.842321025283851839e+02 2.749411872986754020e+02 2.917171285473687021e+02 2.555857038593789810e+02 1.698841887114743656e+02 1.745802375851934585e+02 2.665798764992640599e+02
3.612262887922438326e-01 3.739890752718093125e+01 8.027355058595827586e+01 1.344264782277805352e+02 2.258521796140605602e+02 2.432740943244638174e+02 2.076870398113353531e+02 2.076920281539698010e+02 2.960293858291745437e+02 3.005661288980058430e+02 2.820446418295965145e+02 2.934467569623153054e+02 3.255820790525964981e+02 2.797120186505304673e+02 3.311320400378382374e+02 3.693838478734017485e+02 3.687554234529446262e+02 3.225314663885257005e+02 2.541254724397014968e+02 2.658079789723379349e+02 2.871338594586060253e+02 3.006680550256955371e+02 2.192435301096664091e+02 1.570146267437519896e+02 2.475549401614364626e+02 2.754121444977207602e+02 2.612110896070728359e+02 2.247129584138651239e+02 1.372902952323151737e+02 1.413767150762406004e+02 2.323408510087635932e+02 2.443904989168020450e+02 2.489863994993151834e+02 1.632614055900374979e+02 2.532024160315685606e+02 2.664701013144106696e+02 2.025525064935509931e+02
2.027203060114903810e-01 6.856795252467834700e+01 1.624963427503766695e+02 2.002623123133747072e+02 1.644630648775039106e+02 1.806659208232836988e+02 1.158045427978982786e+02 2.074494294465007158e+02 2.577964696496251236e+02 2.735467462569848749e+02 3.082689503933843298e+02 3.071919687171006217e+02 3.264743175457170423e+02 3.373143030846958368e+02 3.697060567097659600e+02 3.501094157684800052e+02 3.882939836614222031e+02 3.732840903759195612e+02 3.401533218987939904e+02 3.529240304652360578e+02 3.731708655828120413e+02 3.371161267550263005e+02 2.619715528387800418e+02 2.099750257985157020e+02 2.022259944144849158e+02 2.924405557685487338e+02 2.963007696646619706e+02 2.084808359903472876e+02 1.973825185692892887e+02 2.342384750236362834e+02 1.471044519389295431e+02 1.518752281761794052e+02 1.565962993358267568e+02 1.888064993445793220e+02 2.790084036166736610e+02 3.281621512891510406e+02 2.934929931742091185e+02
4.264044037055534364e-01 9.687408973216103902e+01 1.799662824614111400e+02 1.435930770400577785e+02 7.072909649239159080e+01 8.899635031741206603e+01 1.820113680168907706e+02 1.461128978162405190e+02 1.685028773700468889e+02 1.931176995663132345e+02 2.213802807785193068e+02 2.923296127886954423e+02 3.676342801239717346e+02 3.468059285676632157e+02 3.220924207687147032e+02 2.683284850293069894e+02 3.399840673477561950e+02 3.631463633624624094e+02 3.882761900989041806e+02 3.829678856209991409e+02 3.770638086012849612e+02 3.630959405363259975e+02 3.318655490479296191e+02 2.722680114147033237e+02 2.466352373115797718e+02 3.045082800122350477e+02 3.340530471300252771e+02 2.962064538860057610e+02 2.777671040221263752e+02 2.468284840863808256e+02 1.545767399079976769e+02 2.443839733327876900e+02 2.488536622845207376e+02 2.751709707763919823e+02 2.422187835222758849e+02 3.314163716230633554e+02 3.576438766836400873e+02
2.601976539121070298e-01 9.671099440841609862e+01 1.233679422511956147e+02 4.901530870143540142e+01 1.431911365268284158e+02 1.164028057227848052e+02 2.083526064227290249e+02 2.363013457961111783e+02 2.577644745357703187e+02 2.757312386526810997e+02 3.026285153738685949e+02 3.185375564345372936e+02 3.720896264601050234e+02 3.403751632650674424e+02 2.736188190791953048e+02 2.315643347673558310e+02 3.078043655273756372e+02 2.793089547331481413e+02 3.036003752386458814e+02 3.000583644871900333e+02 2.923559895008883700e+02 3.655076690763146985e+02 3.646782818207376522e+02 3.462032304871974588e+02 3.060797402274476440e+02 3.639178820242996153e+02 3.867115282286640650e+02 3.257518413461026512e+02 2.669904180070772099e+02 1.989428552149200868e+02 2.471570953010779021e+02 1.654264654685975700e+02 2.576084524145466048e+02 3.039906398095119471e+02 3.309382049913086803e+02 3.151125457017271287e+02 4.014700284254563485e+02
