output/example/elevation_000276.asc
nrows	75
cellsize	13.33333333
xllcorner	0
ncols	75
yllcorner	0
NODATA_value	-9999
[rows 34 to 50 of 75, columns 0 to 36 of 75]
4.159999999999999636e-03 1.000415999999996330e+01 1.843547125842123080e+01 2.257760679895982392e+01 2.259196657830820953e+01 2.283743504195517104e+01 2.697957970240295111e+01 2.217454105465975900e+01 2.510347359516481802e+01 2.377297071530357542e+01 2.170190290051795756e+01 2.670190290060027039e+01 3.670190434878930574e+01 3.769083729652169268e+01 2.758565020127791811e+01 2.028327832470700898e+01 1.608276830819041336e+01 1.608276830819041336e+01 1.849215972379978368e+01 2.273712115665636802e+01 2.273712115665636802e+01 3.299625442833300326e+01 3.195702084145460375e+01 2.189443677858465875e+01 3.195700608757018557e+01 2.936512299939727200e+01 1.918835359419644249e+01 2.344455727528814037e+01 2.883440750398561647e+01 3.774583826068045056e+01 4.046383733341819067e+01 3.101092646449553314e+01 3.377961961806571622e+01 3.095726597311609041e+01 2.627095287680123192e+01 1.697403488114958137e+01 2.477500763728288291e+01
3.329999999999999627e-04 1.000033299999996217e+01 8.435471258523399740e+00 1.406224865060249662e+01 1.259196637776812011e+01 1.283743475715882099e+01 1.877891805834575933e+01 1.510347323709406808e+01 2.292225838533149229e+01 1.670190290051420945e+01 2.670190326260394897e+01 3.584405482509511387e+01 4.084406375879761697e+01 3.860839083531870841e+01 2.852243118841964886e+01 2.123526095251530421e+01 1.608276830819041336e+01 2.408893641230622151e+01 2.598537276708559318e+01 3.161294092505837838e+01 3.299625373179041787e+01 3.671287168738383855e+01 2.860282388209915894e+01 1.847299266898666303e+01 2.825243960416352351e+01 2.412626181285093807e+01 1.679851214153568506e+01 2.580098994984075134e+01 3.611646211180629251e+01 4.149294155318020216e+01 4.456238766336608137e+01 4.046383733339899180e+01 4.023907663431878490e+01 3.601224545468903671e+01 3.022261893018011492e+01 2.477752293251085192e+01 1.553177840763068041e+01
1.129999999999999928e-03 1.325662357065043206e+00 2.661968566627163746e+00 4.062248650655170934e+00 5.520898565634118960e+00 7.063932065255040804e+00 8.778917916680134326e+00 1.074007926806198121e+01 1.292225817042191238e+01 2.292225839565563206e+01 2.670190326259726277e+01 3.670190747156391353e+01 3.280245810108421267e+01 3.695980891883974806e+01 3.563408904394569987e+01 3.054333468046232980e+01 2.408893641230622151e+01 1.389035661172898983e+01 2.202191525467149447e+01 2.617140672097766441e+01 2.724333839937955304e+01 3.133923431665736459e+01 2.261125457773566794e+01 1.540348987600697939e+01 2.184425296941819994e+01 1.399379478583031577e+01 2.412626181285093807e+01 3.101197076384166351e+01 3.268022330642001094e+01 4.251217013825397828e+01 4.425494807443412526e+01 4.294067260407670972e+01 3.341700178371409891e+01 2.687257222007976765e+01 2.272361525672941340e+01 1.964559297213451572e+01 2.345883404285751439e+01
3.329999999999999627e-04 1.000033299999996217e+01 1.266196856660440417e+01 1.113331647041859362e+01 1.259196635933731123e+01 1.206393206525570072e+01 1.877891803607894872e+01 1.574007926806249635e+01 2.292225839565613654e+01 2.108722399390623181e+01 3.108722514391381253e+01 3.117928139610865301e+01 2.280046615384245712e+01 3.117928139768464391e+01 3.532368453839387712e+01 3.354709612372899130e+01 2.382689969317840095e+01 1.868829430681984505e+01 1.183560195883340427e+01 2.007888122593742963e+01 1.710886285023652675e+01 2.724297309594480510e+01 2.966760132295863528e+01 2.184425262915057786e+01 1.169873607354399425e+01 2.184425296941790862e+01 1.878474242235134284e+01 2.265186422903580876e+01 2.979730500926785197e+01 3.964020375861831980e+01 3.460382103306911006e+01 4.149763968031492567e+01 4.023915928466557546e+01 3.601224705584785823e+01 3.203219808304566385e+01 2.593483264756128648e+01 1.667049495967276584e+01
4.329999999999999539e-04 7.071500811865485403e+00 1.707150081186555113e+01 2.113332226252818913e+01 2.259195049925346765e+01 2.206393184526644191e+01 2.206393229525884792e+01 2.281114708313883455e+01 2.988222492539438235e+01 3.108722514391596192e+01 3.264863717511146746e+01 2.702780347545391137e+01 1.703659567082980075e+01 2.702780535784201277e+01 2.540441985669442104e+01 3.242860856064863384e+01 3.169851736048184065e+01 2.540835111817543535e+01 2.007888040015355102e+01 9.903453800339569568e+00 2.003581687722990878e+01 2.761143408028995339e+01 2.287226825305972966e+01 1.871541255574967977e+01 1.037060697674347054e+01 2.051704737163441550e+01 2.888985985258920408e+01 3.268022330642001094e+01 3.675694953131583276e+01 3.672115254489928304e+01 2.798769390550413050e+01 3.672115254489928304e+01 4.201104799070068907e+01 3.250847443973665207e+01 2.595185654492951599e+01 2.060174155794465989e+01 2.593483341824004285e+01
5.329999999999999452e-04 1.000053299999996348e+01 1.566408858883377953e+01 1.980611813761640150e+01 2.427715856200883948e+01 3.004991863764136895e+01 3.206393350889204896e+01 3.281114827351699859e+01 3.021099237483458921e+01 3.435313727977223408e+01 2.849806048775430867e+01 1.850365770447349334e+01 1.351000085361510195e+01 2.349536891738436140e+01 1.837507692803192327e+01 2.614813167687334428e+01 3.042826837910523352e+01 2.476412972426722447e+01 1.450323676911493465e+01 8.647598848569211683e+00 1.406004449232946207e+01 2.096526363719798525e+01 1.702088138013134611e+01 8.588339289806210530e+00 1.871541699430219197e+01 1.866625757382493589e+01 2.875211558634473619e+01 3.643660497086178651e+01 4.047173131442330885e+01 3.270913230144811479e+01 2.324290462825076631e+01 3.270913230144811479e+01 3.848583549554172123e+01 3.581390171355132424e+01 2.646216600008198938e+01 2.715501834619056254e+01 3.029010976181481851e+01
3.709999999999999756e-03 2.777210981126142286e+00 5.663962327074403724e+00 1.013609829077777036e+01 1.590960204483124052e+01 2.590950743027718062e+01 2.935312031331947580e+01 2.521097302125034290e+01 2.021095366766610013e+01 2.857961499670384242e+01 2.740305377246024321e+01 1.741101165878970747e+01 1.035594386431975700e+01 2.033752591408287458e+01 1.339103903892894998e+01 1.600367032291555347e+01 2.616592369395958073e+01 2.901027558257462857e+01 2.320045369516434874e+01 1.705813070895171890e+01 6.964348279678119980e+00 1.538722852463456725e+01 6.942517655552766342e+00 1.701615917708251402e+01 1.575100463296008968e+01 2.587365142745843016e+01 3.286046833190462024e+01 2.698124372294868678e+01 3.496426281768014377e+01 2.955372307704899981e+01 1.993980258079550794e+01 2.490305003403600281e+01 3.445037594426250394e+01 3.984165986867553499e+01 3.302495761916280514e+01 3.652473469666736605e+01 3.068384958348615044e+01
6.660000000000000121e-03 1.000665999999996281e+01 1.566271822661997248e+01 1.382882889057173870e+01 2.382603168108932223e+01 2.919827437221712785e+01 2.357959944751882020e+01 1.521094017279611421e+01 1.443743539323620340e+01 2.410746513409038627e+01 2.498096272691466169e+01 1.499114986068718380e+01 7.935116854062768788e+00 1.483591341065058700e+01 8.929389804538363506e+00 1.598574363241786678e+01 2.598699763657162265e+01 3.264584314959013511e+01 2.858843652928322854e+01 2.121349830409155146e+01 1.538655355606153741e+01 5.357615780099078684e+00 1.062615937369141683e+01 1.983715054870496175e+01 2.587314144043193664e+01 2.999801985761601486e+01 3.077277143611788901e+01 2.141292505535668411e+01 2.809192708333315380e+01 2.367014846235991854e+01 1.688738156644766875e+01 2.665501698131557617e+01 3.570531739753654676e+01 3.973333665570261530e+01 4.254700837092443066e+01 3.995003758559708018e+01 3.069347440098490765e+01
1.030000000000000013e-02 7.081376089951853636e+00 1.708220849858531309e+01 2.382588377095557775e+01 2.103328766160001706e+01 1.919859545932693479e+01 1.910745540508267837e+01 9.437438249067891860e+00 9.965301992570136491e+00 1.996531709539964439e+01 2.172615010134464697e+01 2.206005359752855810e+01 1.483629746006757344e+01 4.852025491271160007e+00 1.061667544113520734e+01 1.767338311696791919e+01 2.765898578043485401e+01 2.858843652928322854e+01 1.840184242552566829e+01 2.088023704575919837e+01 1.420683142380373987e+01 4.572708834939345657e+00 1.446403016799981422e+01 1.644869685816314941e+01 2.451054039358172787e+01 3.397373951032373895e+01 2.688062596325212184e+01 1.693576938261566056e+01 2.194103253887725913e+01 1.330583584410070763e+01 1.445820576210332220e+01 2.435416229887325912e+01 2.616441099441203022e+01 3.396722555322612891e+01 3.797631880984516073e+01 4.275114793316102180e+01 3.479591359045495835e+01
1.349999999999999985e-02 7.084567811865484899e+00 1.708456781186555062e+01 1.810434951451892616e+01 1.103363942343497328e+01 1.212753735489876838e+01 1.496530954398489754e+01 4.965325116882130629e+00 1.496530954398489754e+01 1.879721583307880195e+01 1.172613316062502875e+01 1.879721458038500614e+01 1.323750413195828912e+01 3.250945627593608833e+00 1.323703250160402689e+01 2.181862405619216361e+01 2.378373033264490388e+01 1.938491552591793621e+01 2.138542676132135867e+01 1.024702746352901173e+01 5.164730648008534430e+00 3.819628308195427646e+00 5.609348216283756017e+00 1.557121666296853668e+01 2.729235969834175535e+01 3.400420300278597097e+01 2.405972166565822334e+01 1.693803954209489149e+01 1.187810262093974956e+01 1.100416741323842551e+01 2.109868769200358685e+01 1.816179125708589481e+01 2.120705311725247455e+01 2.450026537742117227e+01 2.924589172478693655e+01 3.868855938166531416e+01 3.072616911233571457e+01
1.339999999999999872e-02 1.001339999999996344e+01 1.018294087292267669e+01 1.018294100625601040e+01 3.962599003882019577e+00 1.018294127292267781e+01 1.018294140625601152e+01 2.539987078549387878e+00 1.018294167292267716e+01 1.018294180625601086e+01 4.655087275952856096e+00 1.018294207292267650e+01 1.018312425270406685e+01 1.707954034953544920e+00 7.359386883270518709e+00 1.548298995947972223e+01 1.756754694342431833e+01 8.731488618816163338e+00 1.740621986539673216e+01 1.609690487024906602e+01 1.195012803341468732e+01 3.035987537147343041e+00 7.705220028063010318e+00 1.444817818888622973e+01 2.459850499583049199e+01 2.687805804210092120e+01 2.274829414450408649e+01 1.877937768947229813e+01 8.704172352715813687e+00 1.739557958442034646e+01 2.121743337546523378e+01 2.539553603626186629e+01 3.080440282734576485e+01 3.396722555322612891e+01 3.797631880984514652e+01 4.275114793313218797e+01 3.479591359045502941e+01
1.369999999999999864e-02 1.829728415219563920e-01 1.829728415219563920e-01 1.829728415219563920e-01 1.829728415219563920e-01 1.829728415219563920e-01 1.829728415219563920e-01 1.829728415219563920e-01 1.829728415219563920e-01 1.829728415219563920e-01 1.829728415219563920e-01 1.829728415219563920e-01 1.829728415219563920e-01 1.829728415219563920e-01 1.829728415219563920e-01 1.053458204291945499e+01 1.046411620866985714e+01 5.326853714256860606e-01 1.084964381760541841e+01 1.099826845069738646e+01 1.652787358222103542e+00 1.191876680256739007e+01 1.697402814335998045e+01 2.079182286457407614e+01 2.518039476467188109e+01 2.274829414451495069e+01 1.267347556848959123e+01 1.562432161016098320e+01 7.322313848779077539e+00 7.322313848779077539e+00 1.112235061084663634e+01 1.827666696289724513e+01 2.835577494872354976e+01 3.261267341091751604e+01 3.692055549473305831e+01 3.868028326814347650e+01 3.725392609966446855e+01
1.290000000000000001e-02 1.001289999999996283e+01 1.829728415219563920e-01 1.829728415219563920e-01 1.829728415219563920e-01 1.829728415219563920e-01 1.829728415219563920e-01 1.829728415219563920e-01 1.829728415219563920e-01 1.829728415219563920e-01 1.829728415219563920e-01 1.829728415219563920e-01 1.829728415219563920e-01 1.829728415219563920e-01 1.829728415219563920e-01 3.568416297858351682e-01 3.568416297858351682e-01 5.326853714256860606e-01 5.326853714256860606e-01 5.326853714256860606e-01 5.326853714256860606e-01 1.231538771538878230e+01 1.372857792515614861e+01 1.269055606598480246e+01 2.054484272860165461e+01 2.360598408583839714e+01 1.560532456500065202e+01 5.536258186660267810e+00 1.509038322554834188e+01 1.368766159870977539e+01 2.121796381547169119e+01 2.541028266266295432e+01 3.100300029137354230e+01 2.240879466769583672e+01 2.860406229825929358e+01 2.852156462482214749e+01 3.478203563742319915e+01
1.349999999999999985e-02 1.001349999999996321e+01 1.018294087292267669e+01 7.254010140264729678e+00 5.956448098051948747e+00 7.254010406931396204e+00 1.018294140625601152e+01 2.956462363404461779e+00 1.018294167292267716e+01 1.018294180625466261e+01 1.744708216931319500e+00 1.018029796549609500e+01 7.250885667482442010e+00 9.857930622688455102e+00 9.905874094138786390e+00 1.554388042776066126e+00 9.088744525333138924e+00 2.408788409478678005e+00 9.230721279534774837e+00 7.249051011822653656e-01 2.310598119746916090e+00 1.028383005926585270e+01 3.372766414342466490e+00 8.022986656345684864e+00 1.189635610667365917e+01 1.573385105429894892e+01 9.848894743859565537e+00 4.350670476788780050e+00 4.350670476788780050e+00 1.950126846601792607e+01 2.759599918924893913e+01 2.831142841713349156e+01 2.648540360952557648e+01 1.656341395292955454e+01 1.843034493005103869e+01 2.852722706220623294e+01 2.843400370094331109e+01
1.319999999999999993e-02 7.084267811865485598e+00 1.708426781186555132e+01 1.725400562618533229e+01 1.302749986431392770e+01 1.725400589285199970e+01 1.584318459200175511e+01 5.843192849145802725e+00 1.584318459200175511e+01 1.331198348046692281e+01 3.325836744115370447e+00 1.331189011882756112e+01 1.716798597434147666e+01 1.313610691938910691e+01 3.282281430498288355e+00 1.130966832064409111e+01 1.247813201096899860e+01 9.734094688024457653e+00 1.057279236272337641e+01 4.958772864074572517e+00 9.455592228243157038e-01 1.228973590146714923e+00 1.228973590146714923e+00 1.228973590146714923e+00 1.228973590146714923e+00 1.107140580753718950e+01 2.773974399936419033e+00 1.242799604010881431e+01 1.531897694861156367e+01 1.901700945085201511e+01 2.252521145957209470e+01 1.824933855127591542e+01 1.826162045348200991e+01 1.198290173551507465e+01 1.997905800199601600e+01 3.116397181924788384e+01 2.802212090827389446e+01
1.359999999999999924e-02 1.001359999999996298e+01 1.731741328389942680e+01 2.231741328389944456e+01 2.302752018161304903e+01 2.161670090972654990e+01 1.161667730909923080e+01 1.291424442280967888e+01 1.998523054195910476e+01 1.494599661759258424e+01 4.969810124137599594e+00 1.494600766233067723e+01 2.157058320160561493e+01 1.737524812061290902e+01 1.291026816744288119e+01 5.059048722055426772e+00 1.170712151448162075e+01 1.840785853493348867e+01 1.366139956397552879e+01 1.148866349273085596e+01 1.067874819053433555e+01 8.915409499344198352e+00 1.049337163088266145e+01 1.228973590146714923e+00 9.096050139739041640e+00 1.228973590146714923e+00 4.932956926704522793e+00 1.681269161965861292e+00 8.746051825046668782e+00 1.193799966563004844e+01 1.121407079121383532e+01 1.731224633617008735e+01 7.983500296990601264e+00 1.826161490661004194e+01 2.304800518593629377e+01 2.453266172269879775e+01 2.343220708311270783e+01
1.299999999999999940e-02 3.175277660168381200e+00 8.175277660168397631e+00 1.524634547203389623e+01 2.524634547203396195e+01 2.161670090972654990e+01 1.868775598583707875e+01 2.291427167184460956e+01 2.489630420436681746e+01 1.494590643137208197e+01 1.494502362165478715e+01 7.509677049637061508e+00 1.746355586629453072e+01 2.189476269392969598e+01 1.296930001808245336e+01 6.343044690791596274e+00 1.565381036305744722e+01 2.432659232275059580e+01 2.357584459972312629e+01 2.232430405603328083e+01 2.140500875571050088e+01 2.055874832165076072e+01 1.608400376069202764e+01 1.146678589875485699e+01 2.283552692258021821e+00 8.993810394299096345e+00 1.496080862069584017e+00 1.681269161965861292e+00 1.681269161965861292e+00 1.897780367687132985e+00 5.010180274978292658e+00 1.246568110651537786e+01 5.433091071978026321e+00 1.314908349977267221e+01 1.186743639948370799e+01 1.875358309303148374e+01 1.409667089333923684e+01
