output/example/elevation_average_000092.asc
nrows	75
cellsize	133.333333333
xllcorner	0
ncols	75
yllcorner	0
NODATA_value	-9999
[rows 34 to 50 of 75, columns 0 to 36 of 75]
3.337042190676853259e-01 3.204311557780374642e+01 6.562050931382515273e+01 1.153571156634006485e+02 2.128186451958421515e+02 2.485734205888807082e+02 1.690675875534042518e+02 1.913137819882575457e+02 2.699257556135576124e+02 2.390124543119399050e+02 2.391596783825521868e+02 1.686350414633271839e+02 1.925788170767135910e+02 2.182093912997103473e+02 2.859216817712311922e+02 3.814526751124392945e+02 3.910130529858261639e+02 3.951687474936098852e+02 3.103682018502447590e+02 2.494231790468084000e+02 2.122680028904091216e+02 2.731619083465130302e+02 3.113764911145909196e+02 2.733184774938461032e+02 3.558649886106543931e+02 3.105774277045723579e+02 2.262228291827461817e+02 3.176825969649531203e+02 3.515120286178703850e+02 2.582232154457345246e+02 2.006023487111808379e+02 1.582976002505390625e+02 2.543828431943085207e+02 2.499527489079234215e+02 1.526335051907662717e+02 2.418943730776123289e+02 2.024124381147601923e+02
7.136489310454718904e-02 9.898936797711378688e+01 1.633907091224175474e+02 2.038760797526428235e+02 2.520399256289966559e+02 3.018225662167242263e+02 2.651612528007879632e+02 2.880178265353906113e+02 3.275428187788377841e+02 3.352076712059938473e+02 2.657460361063311893e+02 2.656277176727177221e+02 2.242486141960069403e+02 3.145372774559652385e+02 2.678119600600536501e+02 3.301971190666768052e+02 4.174700646968137789e+02 4.328084196570318909e+02 3.826068322912743724e+02 3.404954969128993412e+02 2.715056926890854925e+02 3.330230260630505654e+02 3.420409708791137859e+02 3.530414763868106434e+02 3.932236766544730244e+02 3.355074034735122837e+02 2.516583172584249724e+02 3.439292193564650688e+02 3.877236262154189603e+02 2.993195868138066089e+02 2.719374334071791850e+02 1.778494479365518828e+02 2.728995438438350334e+02 2.620103887350531977e+02 1.648149063015731599e+02 2.620107152030111024e+02 2.992700878339018686e+02
9.059049790830050464e-01 7.090633467917329824e+01 1.689329770200247935e+02 2.191187740228731116e+02 2.168681212748759606e+02 3.125834593079076740e+02 2.972809237320746547e+02 2.592972436959614129e+02 2.799981559996323313e+02 3.193518502281008296e+02 3.616279780012599758e+02 3.598854329626901745e+02 3.160945990778580494e+02 3.030825494621752227e+02 3.636523648292388771e+02 3.451697742754046772e+02 4.397166153212682502e+02 4.212009191547434170e+02 3.810993973501181245e+02 3.846063383788855390e+02 3.588275237094517820e+02 3.879703387936056060e+02 4.370294050449102201e+02 4.047879794567791123e+02 3.239412945761073956e+02 2.758673835859058272e+02 3.344663121347372226e+02 3.772799980755725642e+02 4.193744686120990082e+02 3.516495447678342998e+02 2.626431850482783830e+02 1.998372666101152788e+02 2.917285079225692925e+02 2.752772427988697928e+02 1.833675199973071415e+02 1.886914034069087052e+02 2.857220733165344200e+02
3.236511337782697062e-01 9.924179052518988442e+01 1.676318893020525422e+02 1.215940910145869651e+02 1.921147294359068667e+02 2.881480807290479333e+02 2.416847189366919224e+02 1.623053832454858707e+02 1.831000530455505952e+02 2.490960816909443167e+02 2.893065831052842327e+02 3.184977267490382360e+02 3.536014899815510262e+02 3.985531728932038504e+02 4.374574613002127421e+02 4.401282650149748861e+02 4.137152613185763244e+02 3.670812379182090126e+02 2.873467640372235223e+02 3.077119915683881572e+02 3.792514657445830721e+02 4.668668050640848719e+02 4.898647693233356790e+02 4.502918991363029591e+02 4.044191980421938979e+02 3.333896971245384293e+02 3.468760427902098513e+02 4.342919606693623109e+02 4.168611234307242057e+02 3.317342678324799294e+02 3.121797608308673375e+02 2.239798141052141602e+02 3.111618539593880541e+02 2.976974523599672011e+02 2.028127568591385455e+02 2.857334746640493677e+02 2.135613725115250645e+02
7.051176975622763798e-01 9.961731147213804149e+01 6.952849917249918121e+01 1.676040892194316143e+02 2.575626906886860183e+02 2.657799649254993142e+02 2.016635782316561176e+02 1.042258114797527924e+02 1.785867501690430572e+02 1.523719270533194106e+02 2.471617773711978430e+02 2.226541644706336172e+02 2.999782908047899923e+02 3.462019089944288908e+02 3.563030684820594729e+02 3.954513841800895193e+02 3.435861828030642187e+02 2.800197049709513522e+02 2.314688173364061754e+02 3.274726858152969839e+02 3.747584699857713986e+02 3.983205416587964578e+02 4.014725530431822449e+02 4.643851262746803172e+02 4.483514361455369226e+02 4.032211507969952322e+02 4.394224260177822998e+02 4.305599420876771433e+02 3.889670834617049309e+02 3.400117821879866256e+02 2.534620729176164673e+02 3.172527343672836651e+02 3.456970506200003683e+02 2.864894406329342473e+02 2.238933423961479718e+02 3.193278900481963092e+02 3.103317775879945657e+02
2.762602726440547274e-01 2.767654880967355169e+01 1.262880416889554027e+02 2.064444238800612084e+02 2.049856773897651863e+02 1.968986734750431822e+02 1.295313054831011357e+02 7.126995395337901584e+01 8.059657491270527885e+01 1.755022581204150356e+02 2.005028573986397760e+02 1.632117643539852736e+02 2.593735488791956527e+02 2.502491535915000043e+02 2.602476871426384264e+02 3.224401850242813907e+02 2.829749132578405693e+02 2.075798275226197518e+02 3.042057267236364169e+02 2.595016349809531562e+02 2.801524098492313328e+02 3.047598644123680742e+02 3.337691414053418271e+02 3.888327201862239235e+02 4.637712985119634368e+02 4.716390961412042770e+02 4.271019322990659361e+02 3.736967157118671139e+02 3.188281047051480641e+02 2.791669562012947381e+02 3.164923990758140917e+02 3.790669293078363467e+02 4.122126264217097287e+02 3.411926671822425305e+02 2.473382105715054138e+02 3.422280825533107986e+02 3.364794691867508050e+02
1.850613594792993588e-03 8.512762633534210366e+00 1.072572306843610050e+02 1.275354799187829258e+02 1.080909497402758888e+02 1.445369409564895307e+02 5.860912072608339685e+01 1.565910713310881874e+02 1.785900474752283174e+02 9.420220187947549562e+01 1.040759273305684474e+02 2.002761356689694026e+02 2.266520790827411247e+02 1.809655852820216069e+02 2.503988558635800530e+02 2.628106494169276743e+02 1.861058243231138363e+02 2.829180799048735366e+02 2.847582499561993927e+02 3.552728043952946564e+02 3.501422267771820884e+02 3.575009553246899827e+02 4.282075923113866338e+02 4.045148299277661295e+02 4.930199404247722441e+02 4.964817361102728910e+02 4.674315531508135564e+02 4.412685309057972631e+02 4.004999643093758550e+02 3.167706005896667989e+02 3.968767141400421110e+02 4.355791667854461480e+02 4.427418186874347725e+02 3.657716403815986723e+02 2.751203783201588067e+02 3.670645148558263600e+02 4.318713633218226278e+02
5.933543570421615510e-01 9.950510576399113916e+01 2.052133360431901821e+01 2.901724301850254406e+01 3.756287796136388835e+01 4.619301119550621593e+01 1.160794323369553354e+02 1.969816716700610755e+02 2.318828564329831181e+02 1.447913773906398944e+02 2.018042908354229041e+02 1.186845591223917324e+02 1.293123395341746118e+02 1.409351724459500019e+02 1.532142768048410062e+02 1.657643028996596399e+02 2.628589817392661985e+02 3.224611919086316334e+02 3.804521506719140689e+02 4.148935727133660407e+02 4.428240700712298121e+02 4.523644530278594971e+02 4.909834730446522713e+02 4.987652567104228183e+02 5.372895064710995712e+02 5.131475418931528338e+02 4.466583285094735629e+02 4.061075421953975706e+02 3.648017927402595433e+02 3.727525110532653230e+02 4.396622150942800999e+02 4.668870209746233968e+02 3.769227443831438791e+02 3.278199432660236994e+02 3.298095807597356952e+02 3.396784391056604022e+02 4.287316023433978671e+02
5.242591108685094037e-01 9.921630848384971557e+01 1.191225495973251469e+02 1.275387815104989357e+02 1.360092138755486530e+02 1.445552708708351020e+02 1.847511388201996283e+02 2.535369655811930443e+02 2.802028390903503237e+02 2.139969130549040415e+02 2.559676119116189170e+02 1.764537249352596575e+02 1.565251576633425259e+02 2.382391606434513562e+02 2.501691345883349129e+02 2.627853990716713497e+02 2.072974526190966174e+02 2.626602084484936768e+02 3.302304572591493752e+02 4.254632891695471812e+02 4.715737016487551045e+02 4.805780830315980552e+02 5.129502122229803263e+02 4.937496762831077604e+02 5.321066102187243132e+02 5.358786357439968242e+02 5.099065328199747569e+02 4.763837295489365715e+02 4.339357051253441000e+02 4.384559934066461437e+02 4.761076808528592892e+02 4.953774722038190248e+02 4.410998303588898466e+02 3.832267861591535052e+02 3.899937612434374614e+02 3.903860072009701412e+02 4.673122731573347437e+02
2.245761403057450201e-01 9.914106692316153158e+01 1.401021134993097803e+02 1.619952364959632689e+02 1.856274754422019271e+02 2.115369242937642014e+02 2.405894872693434934e+02 2.745865372083295597e+02 3.115533497277632478e+02 3.080533887017174948e+02 3.121110109614969019e+02 2.727287453987687513e+02 2.023202959090068305e+02 2.083960219490290342e+02 3.050222290454579479e+02 3.432554810208542335e+02 2.759718133330304113e+02 2.762564978944108134e+02 3.717019732578851290e+02 4.443419855516774533e+02 3.805941810479498031e+02 3.868499900128497302e+02 4.590908882164911802e+02 3.996039299910357840e+02 4.708926767949346868e+02 5.189178786645677519e+02 5.091094779402269523e+02 4.835453573777529641e+02 4.330540544175817104e+02 4.508573163369187569e+02 4.725185680754548798e+02 4.447808171620256417e+02 4.901826706929670650e+02 4.770752693223686265e+02 4.795631482294917305e+02 4.674124861839394498e+02 5.077732791912621337e+02
6.918070203250719086e-01 2.103433705137523901e+01 4.175085704573259449e+01 6.387200540102944757e+01 8.776725611042792252e+01 1.139855312614205474e+02 1.434353539521402752e+02 1.777706024567307850e+02 2.338692382907799185e+02 3.022112429904096871e+02 3.977650448539841364e+02 3.380446669862247973e+02 2.609113555905972817e+02 2.770553647168670750e+02 2.870025576318443541e+02 3.825595916521048707e+02 3.717916463670271696e+02 3.721203779674316934e+02 4.111926039290555082e+02 3.972532844602008595e+02 3.116401628107144006e+02 3.258325348100790393e+02 4.001041095055365986e+02 3.476183693772130709e+02 3.980261626704768787e+02 4.887277641726836919e+02 4.616940236802965956e+02 4.095209493160058969e+02 3.565825246036733915e+02 4.162989444200649700e+02 4.138414736774338394e+02 3.658637097048460873e+02 4.453744445271879613e+02 4.917549592516250527e+02 5.066645668708652579e+02 4.644568666943940229e+02 5.063189861380302546e+02
7.517111381045206153e-01 9.966540008787093541e+01 1.401137120509484362e+02 1.619926715780958091e+02 1.856295339054928775e+02 2.115547947733077763e+02 2.406588382498328258e+02 2.746238926812124532e+02 3.142469725495603825e+02 3.640725856120087087e+02 4.024928009498690358e+02 3.901196271502844866e+02 3.545878809669587213e+02 3.726988135921965295e+02 3.827421965212406576e+02 3.804127719246166066e+02 3.417827813942229795e+02 3.666964963295384905e+02 3.738183356588265269e+02 3.347062798983650396e+02 2.623736938055413930e+02 2.829026480161407449e+02 3.049542489295774885e+02 4.002361143234892324e+02 4.755515475784650903e+02 4.647104022739407583e+02 4.228900453122104182e+02 3.551717261781844854e+02 3.205816490492435946e+02 3.621531052678576543e+02 3.911404810354078450e+02 3.223001192570504259e+02 3.666409151586229314e+02 4.507737498239796992e+02 4.622603962229291596e+02 3.760841847120064472e+02 4.624718059838347699e+02
8.558244295687547076e-01 9.976751677704747578e+01 1.384485613370341639e+02 1.592040483823242027e+02 1.814171286118743751e+02 2.054980876573019657e+02 2.320797340396512709e+02 2.621858999528504910e+02 2.978931421432502020e+02 2.682226183192771032e+02 3.605301354566283862e+02 3.473447502481851075e+02 3.128717799610176939e+02 3.527810380788404814e+02 3.631664941146451611e+02 3.253890110262623807e+02 2.457021889726949837e+02 2.708738213787241307e+02 3.128887402048591184e+02 2.385608690932928653e+02 3.347061712149235291e+02 3.784205422724702998e+02 3.976002109719543114e+02 4.059773019640463758e+02 4.290316035035683626e+02 3.795365319492136678e+02 4.336879059751315708e+02 4.085743870740793113e+02 3.547121971178122521e+02 2.774654753264415490e+02 3.574260445705027678e+02 2.841126672815905749e+02 3.695442737250954224e+02 4.218515825915885102e+02 3.889601536578937271e+02 3.305060682822017384e+02 3.749554535918729243e+02
8.802730031229742957e-01 2.032710945259592350e+01 4.008908100314556577e+01 6.105836390921456314e+01 8.350670762841124883e+01 1.078858967656709780e+02 1.347590176045147530e+02 1.652094189153205832e+02 2.013438068737199842e+02 2.974214874937749755e+02 3.279300922072440585e+02 3.038930084210986706e+02 2.195480387699463165e+02 3.033308021081627999e+02 2.673013181985432425e+02 2.680937399328079778e+02 1.892066352122393198e+02 2.025663720068834834e+02 2.165604401076498959e+02 3.112460432163352380e+02 3.466869699468109047e+02 4.084229768039394344e+02 4.007958396443464721e+02 4.181684228712467757e+02 3.785761526680593647e+02 3.358853604140059588e+02 3.891361034411640389e+02 3.331669103157918244e+02 3.314910224020580358e+02 2.443524157020491714e+02 3.299520899493964521e+02 2.501595520843960401e+02 3.312537198863616936e+02 3.566880656356941017e+02 2.931878845509642133e+02 3.889642047128523927e+02 4.627394646351996812e+02
1.825126015476009611e-01 9.908303683970649445e+01 1.384654172664641010e+02 1.592052869744512122e+02 1.814164720382673863e+02 2.047356614497528540e+02 2.320716353083003582e+02 2.605657658201308209e+02 2.878659628925796028e+02 2.517840263791244695e+02 2.352782863441074142e+02 2.634273131713430303e+02 1.685687515698399750e+02 2.353870952899792997e+02 2.509048417805758220e+02 1.711286982613061411e+02 2.680970278780370109e+02 2.721697877462860333e+02 2.840939606230621166e+02 2.873799272420855573e+02 3.790616873090904733e+02 3.747059140853339727e+02 3.350360412258446559e+02 3.963132916295061250e+02 3.626017335203853236e+02 2.928492809788613727e+02 3.557249491771559633e+02 2.771293545916961989e+02 3.032102027133557840e+02 2.121938642965301085e+02 2.951838448519889084e+02 2.203195882076557552e+02 2.397932618828962177e+02 2.605979958893569233e+02 3.567511342267534928e+02 3.789964054390266028e+02 4.034028088000100638e+02
2.234715563764334556e-01 9.819964771595429909e+01 1.672319013186236702e+02 1.276844296515300812e+02 1.360042317991576795e+02 1.762509944679614762e+02 2.453133448489460307e+02 2.899295063952686746e+02 2.350689519285580786e+02 1.563263014366787047e+02 1.651105290681493045e+02 2.145652777515824710e+02 1.315367647172026579e+02 1.423321239786498893e+02 1.538390122272380438e+02 2.510109418973222830e+02 3.076199163379729384e+02 3.672384159410465259e+02 3.796821734677918698e+02 3.801274049286651575e+02 4.220158028738550229e+02 3.603923963316871095e+02 2.942832854797886171e+02 3.675298785979781542e+02 3.367088083101266989e+02 2.593964183145446327e+02 3.185494408174493515e+02 2.266006169286445413e+02 2.610888596453487480e+02 1.837545076922391161e+02 1.984077387818698810e+02 2.952275318456381115e+02 3.361274088649461760e+02 3.566944605185988166e+02 3.500006801247562294e+02 2.843691425643714297e+02 3.077708418140161371e+02
8.205654311753158847e-01 9.973293511120186849e+01 1.157276579288930520e+02 2.909002593187457819e+01 3.758977974283673973e+01 1.080363079392302836e+02 1.882578339490145538e+02 2.218870550900153091e+02 1.552640100175339910e+02 9.747831494582725043e+01 1.071159863506623537e+02 1.170086226320670875e+02 2.145996444521516651e+02 2.395771123468891517e+02 1.839192771989284836e+02 2.590263869944201929e+02 3.325715258014815277e+02 3.729408156922897319e+02 3.658225366996763341e+02 3.965277686702454503e+02 3.922284164373480735e+02 3.394525771409750519e+02 2.606224731838728985e+02 3.356996467961688495e+02 3.033169516216246961e+02 2.180502875466488319e+02 2.871445246671115115e+02 2.450368750227287649e+02 1.662074515970335540e+02 2.351992323868476262e+02 2.951457750397422615e+02 3.347916897976824089e+02 3.532396679072426195e+02 3.138561408433635052e+02 3.097155334297024183e+02 2.138606309907940499e+02 2.808621070483632707e+02
