output/example/elevation_000010.asc
nrows	50
cellsize	20.0
xllcorner	0
ncols	50
yllcorner	0
NODATA_value	-9999
[rows 17 to 33 of 50, columns 0 to 36 of 50]
9.098509734387574266e-01 7.831136154546343597e+00 -1.512021088666299704e+02 1.978326515795388874e-01 4.164683644089127057e+00 9.621760306487502135e+00 1.408382851367196231e+01 1.823306097203699139e+01 2.684984488793851298e+01 2.387186427011681999e+01 1.825679772315353588e+01 8.558211528299201731e+00 4.770713817269116142e+00 5.380658487653176891e+00 7.743933635121857506e+00 -9.990240792814844895e+01 9.458306838848210774e+00 9.080057521972424439e-01 1.825780662667045195e+00 1.825637406412552233e+00 1.918387325539911759e+00 1.188462581345950220e+01 1.235409583878037942e+01 -1.239599493455204140e+02 2.736231901853862336e+00 1.224258514963587530e+01 1.655792201999842206e+01 1.023950851108169680e+01 1.213412304280263321e+01 5.777002781719942526e+00 1.255662767824183845e+01 1.802669951349735200e+01 1.238527448362104622e+01 -3.584835353422737114e+01 1.108046196962005681e+01 -8.464950943208145873e+01 6.471409258355188321e+00
6.729603419142361487e-01 1.067242537211552467e+01 6.634766509233847920e+00 1.009408506326834853e+01 -1.259984978524726529e+02 -1.165591415702707412e+00 4.145569558028060264e+00 1.234479620814136425e+01 1.995029954387524995e+01 1.698337069285031475e+01 1.493827998146016078e+01 9.611878362750935878e+00 3.243110908092071920e+00 6.536081476841272497e+00 1.089182986138865594e+01 8.736685761314906262e-01 1.747306780515077484e+00 -3.269194583394937581e+01 9.763545505792384560e+00 -8.139960337854090255e+01 1.127522329247967292e+01 -4.645796214879393204e+01 1.037585038402608539e+01 -1.072484802744538257e+02 2.128961224932275798e+00 6.111238975234906334e+00 1.624788050728180977e+01 2.072907835266390819e+01 1.764470876153829693e+01 1.108654444359465252e+01 2.036306181447422858e+01 1.809747775885667309e+01 8.820533815045658699e+00 7.092430564293153772e+00 1.567325798647042490e+01 6.338675125037354086e+00 7.217401856614998223e+00
9.500813129397378543e-02 1.009462658052790118e+01 1.636720392975936988e+01 1.006201594241786168e+01 -2.057829754500903903e+02 3.435995243583059855e-01 7.915903125689476738e+00 1.454176319718863652e+01 1.049329821024930176e+01 1.141851913600513058e+01 1.037419624360379800e+01 -1.174058085862111369e+02 5.996249020940769725e+00 -6.209221367713966799e+01 8.491451010693619850e+00 -8.722293862256836405e+01 6.545554722658764035e+00 1.702110744225175054e+00 1.247994881905417586e+01 1.183193066347265621e+01 3.350498463816108607e+00 2.067349243375607326e+00 1.525485852153461996e+00 2.778897963707056107e+00 1.120330973230755944e+01 1.466043481383910141e+01 1.614029260500670659e+01 2.575649726206017576e+01 2.542674719472441325e+01 2.164042969171364561e+01 2.599537958060627929e+01 2.231221794173870876e+01 1.344666772699797797e+01 1.112955570410390393e+01 1.769128655715644527e+01 1.610598043107979649e+01 9.513513081088015966e+00
5.074168083889973868e-02 7.121857052851290781e+00 1.712348963350847342e+01 1.442379322118651963e+01 5.887297921231078313e+00 1.017798578005111487e+01 -9.267361464921043535e+01 6.259804699231486858e+00 3.726676321178265194e+00 9.358125814466825787e+00 8.923248567258344366e+00 8.461741065677022000e-01 1.382376740111008750e+00 5.753801748619147283e-01 1.599299071730281074e+00 8.401576605011696230e+00 1.523914637740722888e+01 1.314780155719226684e+01 1.608720964290262501e+01 8.938904927671613265e+00 3.961243946725844012e+00 -7.710532823284759729e+01 3.945805430889115062e+00 3.114511591589084638e+00 4.588302529038896793e+00 1.188086738131326747e+01 1.375234796204956211e+01 1.785582022182914841e+01 2.301998219620183050e+01 2.722093678364228708e+01 3.277971372118508242e+01 2.761933211806433874e+01 2.321897944321131035e+01 1.609995997169253101e+01 2.340799206236540542e+01 2.260412724056215339e+01 1.269307079655278336e+01
2.528005767708579876e-01 7.323866923549299024e+00 1.732281000937513227e+01 1.974080718728760431e+01 1.567039007820209662e+01 8.474724292822710225e+00 2.268671790352786710e-01 5.097409751747266071e-01 8.306871906710359355e+00 -2.503445675039489160e+01 7.936033226228246917e+00 -1.070044302067854574e+02 6.839353941153294869e+00 -1.059171867395877769e+02 8.449933046429007888e+00 1.569403026968167403e+01 2.247947658686508277e+01 2.058030270866532874e+01 1.073353459621305817e+01 6.547112759555454353e+00 9.522795040734726157e+00 8.789751849636607162e+00 1.428017583231226340e+01 5.789742841209604585e+00 3.691768247055707608e+00 3.936827504245890896e+00 -1.631335319348135116e+01 1.197032883482347287e+01 1.387184042077658574e+01 1.916800412013576249e+01 2.879179001619663936e+01 2.943154544078926804e+01 3.058008455373601464e+01 2.632018429870990417e+01 3.040882303983409329e+01 2.662129520755876300e+01 1.757653823038143059e+01
9.791283598286071310e-04 7.072046477595240077e+00 1.707115735394595646e+01 2.253822081804931798e+01 1.211661712430285398e+01 5.001067890188352294e+00 -2.257997236771353755e+02 8.321852975129345964e+00 -7.183366106668704276e+01 5.157539834645443744e-01 1.125455948361827163e+00 7.202012546262396953e+00 1.404289527196818810e+01 1.002593251738665181e+01 9.222927004008072416e+00 2.084656122964822345e+01 2.765655855991438372e+01 1.719646308192268336e+01 9.126991301341412566e+00 8.290670771265615357e+00 1.810132836739871109e+01 1.896602134206737134e+01 1.850820465235759116e+01 1.419455997369840183e+01 1.005777972815253385e+01 4.073640137199523892e+00 4.718517423502468944e+00 8.478155790296669991e+00 1.227975179430502450e+01 2.171594381808812813e+01 2.067119868175703346e+01 2.000704839121056011e+01 2.943164186763748447e+01 3.233697321551719739e+01 3.630265764143123874e+01 3.223898451950788058e+01 2.460084240057408067e+01
4.600753433092569233e-01 7.531140082039661010e+00 1.752991444876612093e+01 2.494752693768590390e+01 1.501352106385598795e+01 1.236062487064955562e+01 5.853934986436850174e+00 2.144798774766972116e+00 8.288232600256547400e+00 -5.584542075400686656e+01 7.130721019795213778e+00 4.188280116546287957e+00 8.921155826593336613e+00 1.803602171231812434e+01 2.146186775289939774e+01 2.659893192372357973e+01 2.375763358434398143e+01 1.487597448602299366e+01 1.120538152900034667e+01 1.771686534275491809e+01 2.220426098697645756e+01 2.261666249811840501e+01 1.234338738103510025e+01 3.724399200951828526e+00 5.110009250141045456e+00 4.343390215407987753e+00 4.236158059474253612e+00 4.425457067615101714e+00 1.414723440306213398e+01 1.476275820031197128e+01 1.300767587709427531e+01 2.067559778652160674e+01 2.679477309814394914e+01 2.309655343207697342e+01 3.099374986236642471e+01 3.624476309087239656e+01 3.527689613285038206e+01
5.979472710492108600e-01 7.669011208336948826e+00 1.766766676216922960e+01 2.515440251965566176e+01 1.577106504713272450e+01 8.998349251008457728e+00 5.178609737032600080e+00 8.621082801197934131e+00 5.438003042752645122e+00 9.046956521128098672e+00 1.560111547022994571e+01 8.972772897272490056e+00 7.973221301458564447e+00 1.303811110649237470e+01 2.321484260531748234e+01 3.038443429906637760e+01 2.081356644437251546e+01 1.432715623244059699e+01 1.346233140580768506e+01 2.260171159909374694e+01 2.716800878028744037e+01 1.786359970538936182e+01 1.110573412047054020e+01 8.253845378215730832e+00 5.768142176308876046e+00 9.256829150723900668e+00 8.406734557937626917e+00 5.326646371612892672e+00 5.752007854669603404e+00 8.947831323798554948e+00 1.304230036695101091e+01 2.109693446868376654e+01 1.853861891442505794e+01 1.808376499414015015e+01 2.250336351030430038e+01 3.224821720525914515e+01 3.829268204487366489e+01
1.534601171854249602e-01 7.224524750590418876e+00 1.722303335747088582e+01 2.530730385616871558e+01 1.704176346728167246e+01 7.122924761961749951e+00 7.750740983612161017e+00 1.511905946525999944e+01 1.074396708652033716e+01 1.138613137791318941e+01 2.159266216694261686e+01 1.878046477309539952e+01 1.106151014448110992e+01 1.298345543561602256e+01 2.284984021859198933e+01 2.972200863537760895e+01 2.047567026970605397e+01 1.745040512482379569e+01 1.978451179087559808e+01 2.678847088136794952e+01 2.830093904046997366e+01 2.008752976738214002e+01 1.660312378860635008e+01 1.328216338831626331e+01 6.887456956732486368e+00 6.460681544848888791e+00 1.626356816474487488e+01 8.367155803243312207e+00 6.500985684473499226e+00 9.870671286707842995e+00 1.782523170315575811e+01 1.833100575957125855e+01 1.432884256683348490e+01 1.440042375423021603e+01 2.388562484187202273e+01 2.500637641748636852e+01 3.443670598365307711e+01
1.123418600940028211e-01 8.600548499261114088e+00 1.121675448722650614e+01 2.120062865456786128e+01 2.115822388206300531e+01 1.685730048373463319e+01 1.082496166368556345e+01 1.528001620025778173e+01 2.190535443023576434e+01 1.743941816756944618e+01 2.612220847040170213e+01 2.524130115309568723e+01 1.682632913448049905e+01 1.877307551421343845e+01 2.717451815706912654e+01 3.358229175998473437e+01 2.501154765020519122e+01 2.256501793848416426e+01 2.921593087988951609e+01 2.945894572665183020e+01 2.385517737217120171e+01 1.965335308746636400e+01 1.867557002308737779e+01 9.800152359119630674e+00 8.047956744480737612e+00 1.568313341221590562e+01 1.898868934551854082e+01 1.139391538461171471e+01 7.148153057741288841e+00 7.207634666157634484e+00 1.166503016636080758e+01 1.148288864928906605e+01 1.315039241511321144e+01 1.518575032889284593e+01 1.749223045110014496e+01 2.315360754153899947e+01 3.322908677075428585e+01
2.368195578726151052e-02 3.185959615955524349e+00 8.755387330952327574e+00 1.583072306362463166e+01 2.583104347112029942e+01 2.453717195848788890e+01 1.550681594725931234e+01 1.715914098665718868e+01 2.696766370804728297e+01 2.788485403339830881e+01 3.211357421709842441e+01 3.102166394577936614e+01 2.687756152742372606e+01 2.883945911983211374e+01 3.300912591496930304e+01 3.816320046575834368e+01 3.437982507921727660e+01 2.893573256467397670e+01 3.467819331453669918e+01 2.321276657536729360e+01 1.434528130165451110e+01 2.249690434799321626e+00 1.166391716225670372e+01 9.456568680485732514e+00 9.802587590191246036e+00 1.930155486981681179e+01 2.338328528374798410e+01 1.420934734134862154e+01 1.496543574185002612e+01 8.018332377103945419e+00 9.186529254474594453e+00 1.194690028612323829e+01 1.924338940129499775e+01 2.145843276674605704e+01 2.019084814137506001e+01 2.204133366906364699e+01 2.758597715295090680e+01
6.540601710037032834e-01 9.294880922014156610e+00 1.121932766263542014e+01 1.830038808217066304e+01 2.829196324436979637e+01 2.974392224232261839e+01 2.566199417043544173e+01 2.430015314479397759e+01 3.126803181061887571e+01 3.443594178299809272e+01 3.249970533509769410e+01 3.308153748492662771e+01 3.007872108083734375e+01 3.270090500999636873e+01 3.276128608080622229e+01 3.379171908686305414e+01 3.779452451156382153e+01 3.797556359692113404e+01 3.572819726300395615e+01 2.385831574160152968e+01 1.576342952179460788e+01 1.529268411505630354e+01 1.078632274667314483e+01 1.172343743177542130e+01 1.923617369544547984e+01 2.423298161078635715e+01 2.856312067176921943e+01 2.423506216934838164e+01 1.777470256279875116e+01 8.239399446820636186e+00 8.765073428796565480e+00 9.113313042190316793e+00 1.618092075697575183e+01 2.680775085024617965e+01 2.797915962532252365e+01 2.931159563322431794e+01 2.864096830259553883e+01
4.909850854147627119e-01 3.451667188407497200e+00 1.299177717150264044e+01 1.851082734517375528e+01 2.048581944222830131e+01 2.623284051958971830e+01 3.239020219662712208e+01 3.421046885242284930e+01 3.443596112991026104e+01 2.426666592855972127e+01 2.232579548169187333e+01 2.287431942800287388e+01 1.989755294298200283e+01 2.276054957225260367e+01 2.320747595906734517e+01 2.422433653184883795e+01 3.339504417663283675e+01 3.928305416255719251e+01 3.886836004572076320e+01 2.725270305056226405e+01 2.396939677161960347e+01 2.083442255121937592e+01 1.581577058738633568e+01 -2.084863488625293471e+00 1.683268062294832035e+01 2.637870342854292005e+01 3.423818534084461618e+01 3.017976783343439706e+01 1.891701106446464209e+01 1.237550258475246068e+01 8.968036172320555721e+00 9.316137171201731348e+00 1.850076590399713794e+01 2.320148159915155617e+01 2.560825470371435486e+01 3.473212184835603722e+01 3.778634110742619612e+01
3.962370847149454534e-02 7.196411849498670854e+00 5.776043291915231137e+00 8.758189088616655127e+00 1.282717177666469688e+01 1.783912547252384329e+01 2.814343704834997340e+01 3.682697517880360749e+01 3.412432193142892345e+01 2.481301952675093858e+01 1.603417373539279822e+01 1.645327700313200125e+01 1.307907346625046863e+01 2.040763980432998537e+01 1.651232000979862846e+01 1.861129446750242167e+01 2.524675817286212265e+01 3.323653511479908218e+01 4.014580058891567660e+01 3.198493446612896562e+01 2.107452903582604264e+01 1.436226033645435507e+01 1.139388024574175873e+01 1.178656281157728358e+01 1.926628124568247813e+01 2.220471781243574227e+01 3.086494132294546588e+01 2.822729468014222931e+01 1.889014625733708286e+01 1.360236575474421983e+01 1.399997974657989985e+01 9.908558468638229755e+00 1.090639674991093599e+01 1.653797858902773399e+01 2.546242817845849160e+01 3.015370161119762571e+01 3.088264311893307834e+01
2.605283927408929001e-01 2.442707296020379726e+00 9.358686095546897121e+00 7.967654624625486015e+00 1.282978197334272252e+01 2.309119285092123164e+01 3.241937580809366182e+01 2.717708329864826311e+01 2.433373871399684774e+01 2.577377172615916834e+01 1.501509836950010168e+01 1.057483870739072174e+01 1.422623400094412105e+01 1.306253313678218042e+01 1.506191642206316317e+01 1.745938677505930059e+01 2.104501770016268125e+01 2.617746714385666351e+01 3.643716696301414970e+01 3.183876875504409654e+01 2.090412642428804446e+01 1.557794105652374128e+01 1.631099345527105626e+01 1.288880842730171672e+01 1.477533734413372279e+01 2.383285699863447249e+01 3.025334806899160256e+01 3.226420009642657760e+01 2.717029732260687425e+01 1.885279875865645138e+01 2.120916844581746474e+01 1.096784888410986802e+01 1.098559968004432541e+01 1.219225303899309765e+01 2.170167353576846381e+01 2.042007236983811680e+01 2.123561326904147961e+01
3.048053885361223792e-01 8.955943094350240941e+00 1.652459209308913302e+01 1.629917326681928813e+01 1.503515117897438280e+01 2.509872911459987677e+01 3.384558321351847354e+01 2.612157673370029443e+01 1.733370763572988338e+01 1.904609300556188956e+01 1.792184185447260703e+01 9.787953957138242345e+00 1.073286498644180043e+01 1.814161438155577954e+01 1.990887244099395659e+01 2.510151269999646217e+01 2.443611264390011684e+01 3.511389826592363050e+01 4.063391442102288664e+01 3.675332908780605834e+01 3.008642962893278039e+01 2.097328620247360575e+01 2.356938465448066111e+01 1.468288435882300291e+01 1.422183517304112321e+01 1.692529613338186678e+01 2.625772365459581437e+01 3.340926413965841135e+01 3.224007305559458558e+01 2.820599526020991021e+01 2.543115228330908906e+01 1.811529423834882024e+01 1.156247259446130826e+01 1.255652172176141868e+01 1.514638313440879713e+01 -1.214214771519830194e+01 1.602333193472189166e+01
5.470844782054917754e-02 4.526844557744444053e+00 1.030038535581229375e+01 2.030593972167024930e+01 2.509882166344791088e+01 2.927641697460193626e+01 2.764386511450507200e+01 1.981347634096527699e+01 1.769346458034941705e+01 1.148042126687732711e+01 8.925079066712827469e+00 8.303944938019633071e+00 1.747114099006282473e+01 2.415731945006615788e+01 2.847720111165455492e+01 3.228188091839819407e+01 3.553530809782713362e+01 3.971899066462986383e+01 3.920102337591612240e+01 4.327574450130692441e+01 3.724235439175001972e+01 3.194321276111232777e+01 2.829331533586555736e+01 1.993975358719675839e+01 1.852806037923522098e+01 1.638940974858873645e+01 1.941764912603765225e+01 2.634995749166425583e+01 3.628852263539066314e+01 3.108973994202543878e+01 2.123157634655522585e+01 1.590818921987253809e+01 1.902916516817222359e+01 1.541020025092342749e+01 1.405296733888773275e+01 1.483517269567445851e+01 1.562341957867071329e+01
