output/example/elevation_000012.asc
nrows	75
cellsize	133.333333333
xllcorner	0
ncols	75
yllcorner	0
NODATA_value	-9999
[rows 0 to 16 of 75, columns 0 to 36 of 75]
4.840509446848720865e-01 1.004834746744999734e+02 1.358269138815253143e+02 1.542806857289387210e+02 1.363933823959193319e+02 2.053528742764632966e+02 3.027107045824721467e+02 3.629655910697930494e+02 3.291865425070491256e+02 3.605357158676063705e+02 3.862211272534463546e+02 3.892262754211981246e+02 4.010282006512461521e+02 4.443796552189444924e+02 4.737448223917966175e+02 4.172056514796646525e+02 3.723469542799730903e+02 4.157324957998268360e+02 3.974238104901315864e+02 3.732423142898281299e+02 3.842049299922472301e+02 4.268314306908305298e+02 4.065809639208450790e+02 4.238344253098499621e+02 4.696021502428534404e+02 4.241403458230590218e+02 3.823163867160890845e+02 3.146535058127281559e+02 4.089321161308026831e+02 4.566977769253717270e+02 4.788577177720540021e+02 5.039197129250038643e+02 5.324219544458773044e+02 5.667044108562921565e+02 6.113856997314562705e+02 6.624530580789719352e+02 6.905779199711132605e+02
6.497923401133355314e-01 1.860917362770202033e+01 3.685810109447547944e+01 5.606782063395900195e+01 1.542808069728747569e+02 2.234669182955386759e+02 2.547779450883231220e+02 2.822226909090105664e+02 2.506932332866869615e+02 3.166771424319005064e+02 2.884472516749763713e+02 2.641476418336723100e+02 2.738187483741596111e+02 3.591707829196296302e+02 4.069800085304773916e+02 3.222564104978287105e+02 2.700824253251059304e+02 3.637661410851206938e+02 3.021706236836152470e+02 2.748101648760147668e+02 2.855308734751042721e+02 3.606986370842579390e+02 3.098613293061408172e+02 3.214859463138873252e+02 4.005601097375061954e+02 3.589157410650679481e+02 2.874191759226462750e+02 3.823163883070240558e+02 3.428744431923248044e+02 3.636333171722203019e+02 3.878262732599174569e+02 4.132657535870395122e+02 4.424576885814743719e+02 4.778494971065156847e+02 5.397582022970590288e+02 5.447050925871570826e+02 5.132395272421865684e+02
6.883992401879653888e-01 1.006878193105850130e+02 1.358269153005322778e+02 1.542805726687839467e+02 8.741019072905490361e+01 1.838561992696299967e+02 1.652034756742455954e+02 1.974201897279411924e+02 2.832734654311636291e+02 3.143376803334941201e+02 2.909903215387539035e+02 1.766684725325250724e+02 2.930582884554095813e+02 2.518814794777074155e+02 3.406499292462481776e+02 3.183937114102228634e+02 2.208855632573593368e+02 3.201747154751722064e+02 3.036091582665613373e+02 2.059231837428022232e+02 2.812570278948226701e+02 2.629332394248984883e+02 2.417362906795568165e+02 3.389010697121825046e+02 3.380515396269934172e+02 2.634259728488132737e+02 3.589157403221579443e+02 3.562838683661138361e+02 4.364454663840989497e+02 4.564706710431536862e+02 4.375339627170754966e+02 5.033707518664148779e+02 5.221520224017012879e+02 5.666942056579387099e+02 5.911853256503726470e+02 5.157151755201316519e+02 3.808294709706312915e+02
9.527043435140133409e-01 1.009521226598587731e+02 1.920265095224795004e+02 2.234572418469169577e+02 1.838561720837955420e+02 1.230157898357887802e+02 2.167958025517310716e+02 2.638045500081872774e+02 2.266295077606851578e+02 2.045369996249341966e+02 2.497750605429295661e+02 1.443710005315420233e+02 2.514114723978329096e+02 1.942432188269484357e+02 2.923219530674218163e+02 2.881739252747677824e+02 1.899184036406659288e+02 2.481626026592182086e+02 2.575750266956691235e+02 1.735774897239173242e+02 1.839339463240816883e+02 1.945732352114125661e+02 2.054420437722964436e+02 3.022027736466632746e+02 2.421733085350353463e+02 3.379614042064630439e+02 3.232516758232808911e+02 4.203194641575956894e+02 4.361587999098544515e+02 5.341584295706352350e+02 5.341801080318360846e+02 5.790325326926089247e+02 5.492716883107711965e+02 5.107342673893384131e+02 4.899086059434968661e+02 4.039146933462944844e+02 3.173107379257152161e+02
6.729967576641545657e-01 5.067299656140336594e+01 1.213834833054880846e+02 2.213624437814679879e+02 2.553776779185317025e+02 2.167957998735378737e+02 2.553728270536293508e+02 2.054634805272030178e+02 1.227473795954983444e+02 1.293201619394056081e+02 2.048934474722010748e+02 1.168244528502658000e+02 2.183900840353770434e+02 1.501422121956575779e+02 2.195920377285208076e+02 2.268020501497160808e+02 2.355982390437125673e+02 1.500844778343032999e+02 1.596826763715442041e+02 2.575850041199956308e+02 2.398856718357367299e+02 2.916344572594449005e+02 3.022010359925300804e+02 2.217861185955253802e+02 3.180353532990101257e+02 3.795788733364444170e+02 4.203077910310932452e+02 4.203147701812080186e+02 5.219758550574637184e+02 5.769748612650321320e+02 5.749967098028201917e+02 5.522457633208557581e+02 4.716197015707024320e+02 3.475223391347589654e+02 4.189699033671368511e+02 3.037407546116879757e+02 3.345841840876150854e+02
6.149197931285226293e-01 1.006143412354808220e+02 1.475137219562286646e+02 1.914706997569116709e+02 1.775566517289861395e+02 1.361879910195324044e+02 1.775592979488237404e+02 1.546938276909394006e+02 6.484954063261940860e+01 7.160427901709176979e+01 1.707440947472811956e+02 9.140956781875250670e+01 1.903541415048062504e+02 1.130578814798935667e+02 1.210833108748194036e+02 1.291761401484178862e+02 1.373394235047856569e+02 2.355989458585368936e+02 2.575829450240174765e+02 2.985473922367489763e+02 3.378947574939601282e+02 3.801634712231176536e+02 3.594473637865570481e+02 3.180355468708418130e+02 2.506212793737627464e+02 3.454144618572775585e+02 4.156491177526174283e+02 4.842537419418014792e+02 5.435444103034255932e+02 5.477360912208553145e+02 4.081363587670687139e+02 4.365942699421700013e+02 3.471439114474562757e+02 2.732286894733510962e+02 3.035479876684635201e+02 3.055690209083923605e+02 2.231499309864830707e+02
5.036282395543789647e-02 6.216053443231039033e+00 1.061282761528815541e+02 9.165159001093797997e+01 1.270587422925048458e+02 3.669265298611854575e+01 1.361878778347333707e+02 5.539636681494859971e+01 1.546938343241353380e+02 1.707439059747950125e+02 8.130244046864919483e+01 1.803450331458487881e+02 1.019826103710998808e+02 2.007796991735040137e+02 2.195919994420742967e+02 2.275600748595138896e+02 2.355982638384535903e+02 1.663647067813052445e+02 2.640970718336762388e+02 3.225668440463796856e+02 3.525534341732836765e+02 3.876923880749337172e+02 4.298751655504327118e+02 3.865307820978046607e+02 3.454147208296438976e+02 2.818437261494142376e+02 3.470459766506222650e+02 3.991833297881615295e+02 4.948732695584419616e+02 5.107897660952837100e+02 4.314477872394310225e+02 2.699497544794172654e+02 3.034419969407503572e+02 2.244508187311342056e+02 2.791630724224403934e+02 1.966496367201827411e+02 3.055801472587421017e+02
2.473071933081959495e-01 1.002467323734888254e+02 1.497751372458243502e+01 2.118911934643593042e+01 2.745097244399877567e+01 1.270588844984250869e+02 4.601245865732245477e+01 1.454052345090426002e+02 1.960592600320048575e+02 2.055408759624054085e+02 1.067065213862879034e+02 2.055401455391252341e+02 2.007795733305545980e+02 1.405390764488000457e+02 1.733924489026085780e+02 2.709830763777278548e+02 3.055098295151146885e+02 2.640970687715171721e+02 1.979648586063420339e+02 2.244097810897524425e+02 2.536151708002765020e+02 2.882731716031964879e+02 3.453809171842072487e+02 4.454345993221215849e+02 4.156308311388174843e+02 3.349486451498772226e+02 3.223704060240493732e+02 4.115839720358406453e+02 4.501715597717402488e+02 4.803044057288734621e+02 3.928095791083092081e+02 2.692112026318238804e+02 1.956763094888002570e+02 2.564154591627871014e+02 1.723274559862552735e+02 2.792936748635619324e+02 2.487079538392557936e+02
7.088201712286245071e-01 1.007082428013353876e+02 1.147614084838757265e+02 9.165164340328202286e+01 1.270586993594384637e+02 6.057180757249230396e+01 1.454033735197570820e+02 1.867851953767946895e+02 2.621820847382892339e+02 2.469173915404583113e+02 2.055440359864440438e+02 1.504175931657209162e+02 2.486566285473936659e+02 2.392059532741531598e+02 2.390530773795737502e+02 2.256857989630523207e+02 3.216281696152571499e+02 3.366062846591160564e+02 2.676246966204499813e+02 2.878207868952174522e+02 3.521103257271258826e+02 3.876923981759898652e+02 4.291601162335197159e+02 4.879329656028461386e+02 4.734723400801087791e+02 4.301814221652223296e+02 4.084748150731384726e+02 3.794775173472100960e+02 4.585886201272425637e+02 4.343794985340596781e+02 3.113036810999295767e+02 2.838679389679884935e+02 2.563824430778562942e+02 1.511851601777911753e+02 2.566450340434181498e+02 2.382619037196135423e+02 1.449721763699595840e+02
5.819734946149275334e-01 4.530329893877932790e+01 1.452608906276576306e+02 1.914738312761662939e+02 2.004866175220025752e+02 1.595436201476421729e+02 9.677341269359699538e+01 1.295392494021243124e+02 1.827849443664396176e+02 2.411634936452493037e+02 2.875815164478789256e+02 2.486554788144576378e+02 2.056280180833059603e+02 3.026265525346534560e+02 3.376387303002421163e+02 2.941058899497870698e+02 3.027997256570547506e+02 3.937053151617793105e+02 3.725446249202875606e+02 3.646446137665822675e+02 3.962024504947630703e+02 4.132271677883176721e+02 3.737497112639302941e+02 4.110325618440405151e+02 4.088455397504909570e+02 3.549514840454936007e+02 4.021673719563301574e+02 4.571047372888036762e+02 4.213086394290650105e+02 3.612942543041407362e+02 2.562199528140738494e+02 1.796459803425734663e+02 2.235208505836795894e+02 1.383590272457135484e+02 2.279470220443953679e+02 1.349973730400670604e+02 2.382618112205969680e+02
6.201706420557316912e-01 1.006195920255557752e+02 1.269184118806591073e+02 1.974962748743296856e+02 2.966425213623096511e+02 2.350276504582575399e+02 1.661168864529065843e+02 1.941683254956688529e+02 1.992508567601142317e+02 2.962745598469479660e+02 3.345720072119534620e+02 3.416759767865094091e+02 2.899395606135134358e+02 3.003081904931630106e+02 3.954067884061561813e+02 3.933854271881742761e+02 3.924805426960859904e+02 3.908549311449677361e+02 3.185229660471541706e+02 2.510542790286822878e+02 3.180400637893150702e+02 3.539238752874495049e+02 2.615262399412873719e+02 3.045901178867286490e+02 3.412515126973246424e+02 2.321245729547676149e+02 3.266497633522265573e+02 3.864793714302791727e+02 3.558628901167505774e+02 2.338704639524566176e+02 2.289712445113488855e+02 2.235075543528844833e+02 1.204734863662368269e+02 2.179225085313235297e+02 1.251153156501000439e+02 2.279610926443320409e+02 2.873980738942456696e+02
9.933278572681448759e-01 7.170400328948750257e+01 1.717020281695751009e+02 2.244230280390555663e+02 2.239317479022128623e+02 2.651323803699352766e+02 2.634894129890479917e+02 2.905161290795775244e+02 2.983312870190940771e+02 3.390604046921100689e+02 3.558467509191651743e+02 3.271290472268509006e+02 3.628357239756102786e+02 3.629387213984327900e+02 3.198693206732272074e+02 3.368712698353255064e+02 3.826423529090757256e+02 3.353583205956981601e+02 2.245699797899804366e+02 1.621868200012915224e+02 2.651352583009631303e+02 2.545845251735614454e+02 2.025226641840359605e+02 3.067900878475726358e+02 2.878263794192633895e+02 1.801362283647398215e+02 2.228435004682414444e+02 2.996756417850414778e+02 2.518207598804982297e+02 2.084560686692998104e+02 1.401679250570613533e+02 2.024038927839584971e+02 1.087150014298290444e+02 1.154621927200403206e+02 2.173508688782115428e+02 1.787779906839531350e+02 2.245108308879141816e+02
1.405461526419654605e-01 1.001399705021593007e+02 1.352951528067937659e+02 1.245420049433440397e+02 1.245230815619541858e+02 2.239324115633265819e+02 2.889944818207636104e+02 3.298668207924393982e+02 3.429965762509700653e+02 3.794318180166429215e+02 2.968360181278607683e+02 1.881466103359983606e+02 2.949686121752728809e+02 2.990527213711246191e+02 2.076356063045834333e+02 2.263374978048344417e+02 3.189809398237455866e+02 2.716060044525120247e+02 1.869732273853989284e+02 1.149038360429269403e+02 2.108657031537654518e+02 1.521847509714661442e+02 2.545293635690219389e+02 2.487553531757890539e+02 2.031333822627202608e+02 1.414880666190084924e+02 2.460218143976975682e+02 2.379119427945742018e+02 1.484603785153801994e+02 1.951312970094127763e+02 9.754961325201432487e+01 1.004582207079365190e+02 2.024060948748264650e+02 2.179225011841414812e+02 2.633742834473785024e+02 2.836466141978674500e+02 3.324131223089572131e+02
4.026185890239118992e-01 1.829871427598371625e+01 3.633208782162491701e+01 5.511374381168849368e+01 1.536394932624167495e+02 2.083244060717135824e+02 1.901948407774454211e+02 2.723963763396528748e+02 2.537268240682404610e+02 3.356284016988474832e+02 2.272533251900799769e+02 1.227686716005522243e+02 2.279167749323338512e+02 2.352413366584741539e+02 1.483910665200607752e+02 1.671901149508102264e+02 2.675222624585078961e+02 1.984900802943473650e+02 1.253512135771490676e+02 8.203438007061463111e+01 1.091807548076030088e+02 2.108772080607436124e+02 2.181957331223330527e+02 1.737505040049927061e+02 1.009132268348514856e+02 1.794768788482642208e+02 2.243450378062508150e+02 1.879222488593772198e+02 9.055903479846007542e+01 9.345025730053353641e+01 1.951329774597106734e+02 2.024038877118374273e+02 1.052137951537782357e+02 1.763913199974957990e+02 2.822055599612111791e+02 3.038545180853099623e+02 3.069597893282502810e+02
7.903750024369222693e-01 1.007897974646439678e+02 1.352951423981352548e+02 1.536393300231552814e+02 8.695316059983058210e+01 1.112213137579808659e+02 1.433592858711687654e+02 1.787445108347685334e+02 2.718745145017770710e+02 2.691266167507945397e+02 1.771231227233624566e+02 8.626556378556237803e+01 1.884142055148957979e+02 1.335611840973454605e+02 1.036106843752141913e+02 2.052178658091863781e+02 1.945090963420933292e+02 1.215976478534251157e+02 5.447061734197103533e+01 1.551360959310195256e+02 2.025179456549547297e+02 2.137980259171532111e+02 1.696592063940967705e+02 7.270551894917545610e+01 7.553015463317623812e+01 7.837534357015374553e+01 1.795726346419069444e+02 8.647885266985257147e+01 1.879224725824214488e+02 1.951306212776759423e+02 1.950340067839645997e+02 2.108925717206275010e+02 1.085823993277104336e+02 2.109091430281473265e+02 2.640077303859455355e+02 1.944375236416281041e+02 1.978515681242240873e+02
1.870836446472545767e-01 5.792211017666878092e+01 1.579185091036203801e+02 2.256840859227557416e+02 1.846610029308763785e+02 1.794051178461971006e+02 2.385787597070899153e+02 2.723966334668369313e+02 3.078828710691985293e+02 2.213462902723091190e+02 1.148613754559307694e+02 5.806651823167554483e+01 1.306746911606508661e+02 6.281210650161997933e+01 1.399978794338434511e+02 1.826939549937136746e+02 1.475443331086765681e+02 5.072636656037502689e+01 1.513345780435474239e+02 5.825801382228221570e+01 1.589831306543927099e+02 1.655799011214352561e+02 6.871601187600572302e+01 1.696592425653009570e+02 1.766460277458886878e+02 1.795709861449273888e+02 8.240722095680681036e+01 1.837212682318613588e+02 1.879225889309365130e+02 2.941103057604731248e+02 3.016565833962229704e+02 2.108908642687017618e+02 2.109164301447968626e+02 1.133627041465207128e+02 2.159380535676788782e+02 1.230081277246116827e+02 1.264425266611111169e+02
2.797522905802692916e-01 1.002791756231051608e+02 1.992827794884523485e+02 2.361838643206052382e+02 2.766998331030147256e+02 2.783380499181626533e+02 2.647958515238032646e+02 2.221849381557286449e+02 2.385208703545607989e+02 1.527011995287728041e+02 1.260616281002752004e+02 3.177725133018916281e+01 3.436878960207007339e+01 3.696318191107994267e+01 3.957365222010203354e+01 1.400265335194818590e+02 4.699058576880262450e+01 1.475443307656133811e+02 1.945131360549646331e+02 1.589830846681903438e+02 6.205127463108252073e+01 6.473657619776724914e+01 1.655824431028230492e+02 1.696599024112094867e+02 2.737507697313663471e+02 2.288540647965902508e+02 1.837212651003288499e+02 1.140902922992292190e+02 2.159144558217919609e+02 2.992800822147398776e+02 3.625503572696276251e+02 3.205960523672903264e+02 2.640067058649336786e+02 1.846237956590006775e+02 1.181591852223117058e+02 2.204839428470358769e+02 2.297161706204246627e+02
