output/example/elevation_000054.asc
nrows	75
cellsize	133.333333333
xllcorner	0
ncols	75
yllcorner	0
NODATA_value	-9999
[rows 51 to 67 of 75, columns 37 to 73 of 75]
1.789638993669020408e+02 2.789639166345529588e+02 3.010144057573361351e+02 3.127995216912575529e+02 2.298246275790891104e+02 2.422281010380100952e+02 3.422281350587692828e+02 3.748273707774703212e+02 3.219677743555344023e+02 4.077162005708275387e+02 4.256767460141784909e+02 4.445749894377711371e+02 4.023099151734754173e+02 4.946485224923237070e+02 4.417887912769827494e+02 5.124995650288950628e+02 6.125004224206720664e+02 6.082195689650768600e+02 5.667973877932843152e+02 5.930189005333552359e+02 5.996733702013324319e+02 5.582519833213701759e+02 4.952763298793976787e+02 5.689241428246034502e+02 4.689241402298448520e+02 4.982134628711773416e+02 4.825499110173541908e+02 3.825499104704996398e+02 4.825499110173541908e+02 5.102849210384971457e+02 6.102849292281257476e+02 5.433214060079831143e+02 4.433214049282838118e+02 5.099880723147492176e+02 4.424323558211029876e+02 5.424323568865934249e+02 5.777876965286569657e+02
2.789639166345529588e+02 2.181871263950518482e+02 3.181871548058032317e+02 3.712461935853991122e+02 3.005353079745809737e+02 3.422281350587692828e+02 2.609598172696444749e+02 2.748273221752755830e+02 2.910494642883522829e+02 3.077161309550193664e+02 3.256766611577004937e+02 3.445748848081952929e+02 3.688284473128376817e+02 3.946483362996040682e+02 4.946485224923237070e+02 5.832112450339690213e+02 5.603003204073627330e+02 5.188783425204655941e+02 4.667968436282909579e+02 4.930181305490760906e+02 5.637296713130396029e+02 6.366977291100185994e+02 5.952763330131130033e+02 6.103455324634649060e+02 5.689241428246034502e+02 5.325499115641993058e+02 4.325499104705090190e+02 4.825499110173541908e+02 4.102849202817618561e+02 5.102849210384971457e+02 5.841505848493458188e+02 5.683214063678835828e+02 4.683214049282844940e+02 5.683214063678835828e+02 5.424323568865934249e+02 4.777876948804313315e+02 5.777876965286569657e+02
3.596086816106016499e+02 3.181871548058032317e+02 2.653275785241757490e+02 3.653276321771703010e+02 4.005354019479627823e+02 4.023814385482235707e+02 3.186948448092580861e+02 3.325623499110909052e+02 3.910495223015262241e+02 3.654511594710813824e+02 4.256767460141784909e+02 4.023099151734754173e+02 4.688285854428540915e+02 4.653590491942869107e+02 5.360704271148204043e+02 5.220820127606593815e+02 5.025649136762080502e+02 4.188780338245770736e+02 4.090617855513993391e+02 4.223073480896615024e+02 5.223076779535949754e+02 5.911644558696972354e+02 5.911644558696972354e+02 6.325867507464363371e+02 6.032605922781846175e+02 5.032605886078330855e+02 5.032605886078330855e+02 5.517062950933332104e+02 4.809955984094291921e+02 4.427292045079152558e+02 5.427292056280792849e+02 6.097427899925681913e+02 5.683214063678835828e+02 5.109615481994115953e+02 6.109615507091701829e+02 5.777876965286569657e+02 5.204278381515640604e+02
3.759069484149871982e+02 4.067492331538143731e+02 3.230626072167228813e+02 3.469772533442708209e+02 4.469774545703434114e+02 4.601166478904284531e+02 4.186949423880072914e+02 4.325624629724238730e+02 4.739842013550677393e+02 4.654513204050740569e+02 5.068731488773822207e+02 5.023101545756346695e+02 5.437321063034364670e+02 5.653595661632094789e+02 4.927928276189755934e+02 4.220816323833361707e+02 4.578433774722135468e+02 3.611429988101822914e+02 3.590617824551289345e+02 4.590619161259578505e+02 5.403024514984697362e+02 4.911637453694713713e+02 4.911637453694713713e+02 5.911644558696972354e+02 6.446819910035551402e+02 6.032605922781846175e+02 6.032605922781846175e+02 6.224169917772377403e+02 5.427292056280792849e+02 4.805256518088390294e+02 4.961814528905993598e+02 5.961814552966563951e+02 6.442948852973743215e+02 5.442948815327624743e+02 6.442948852973743215e+02 6.618492393190691701e+02 5.781628650765833299e+02
4.173285902477934428e+02 4.644844647094405445e+02 4.230627299647255199e+02 4.469774545703434114e+02 4.299394851854178796e+02 4.299394851854178796e+02 4.713612235950681679e+02 4.465288004771219335e+02 4.051071374886785179e+02 4.290218426226951465e+02 4.704435770882458883e+02 4.850610828922125961e+02 5.264829663984563695e+02 4.687820797441830223e+02 4.273603688017752233e+02 3.513709252815474997e+02 4.164217158574030009e+02 3.164216390584618921e+02 4.153019303939211113e+02 4.403019556267366852e+02 4.403019556267366852e+02 4.204529919418378654e+02 5.204532753515145487e+02 5.599849655297081199e+02 5.849851244260460135e+02 5.959242608408713977e+02 6.373465762762265285e+02 6.841506403375200307e+02 6.213504838983909622e+02 5.213504808552377199e+02 5.961814552966563951e+02 5.668921310766716033e+02 6.668921390612848654e+02 6.150055597638405516e+02 6.150055597638405516e+02 7.150055722331915149e+02 6.488735435712587787e+02
4.777838780029810550e+02 4.122818719146005151e+02 3.708602687160689015e+02 3.799394079727463804e+02 3.299393307600746539e+02 3.299393307600746539e+02 4.299394851854178796e+02 3.887936110163624903e+02 3.051070460953501993e+02 3.290216874154692732e+02 4.143502230908719639e+02 3.850608259540940708e+02 4.850610828922125961e+02 4.273603688017752233e+02 3.273602464280743902e+02 3.013709244242481873e+02 3.713938065657963534e+02 2.934800656713699141e+02 3.153018546949925280e+02 3.403018546954739350e+02 3.704529891673261659e+02 4.704531336466760649e+02 5.306957905288739994e+02 4.599844698328574850e+02 4.849844888406951213e+02 4.959235188078569649e+02 5.854041092032342704e+02 6.268263589169017678e+02 6.627718833385187054e+02 5.920611590585115209e+02 6.627718833385183643e+02 6.668921390612848654e+02 7.083135646789345401e+02 7.150055722331915149e+02 7.150055722331915149e+02 7.564270237719462102e+02 7.488735654506982655e+02
4.363621057309545108e+02 3.545467175324309324e+02 2.708602034574868185e+02 2.799393258331892298e+02 2.592286456737517710e+02 3.592286978715557666e+02 3.554602219843645798e+02 3.140387113590456920e+02 2.473720184696309161e+02 2.789947950748762082e+02 3.143501341744722595e+02 4.143502230908719639e+02 4.317765900931457850e+02 3.791729070959930255e+02 3.377513730723163121e+02 2.566495648409087380e+02 2.713937604563988089e+02 3.713938065657963534e+02 3.730368835772513307e+02 4.403019556267366852e+02 4.704531336466760649e+02 4.990728624323707550e+02 4.576511033416130658e+02 3.892737567861199182e+02 4.142737569597562697e+02 4.476070916641770054e+02 4.854035472102529525e+02 5.561144205452479810e+02 6.561156727990310173e+02 6.920611691595792081e+02 6.463889147761414051e+02 6.049665661479255050e+02 6.463889147761427694e+02 6.843328191574378252e+02 6.429102723357769946e+02 6.843328191574660195e+02 7.343342563200272934e+02
3.399076639035606036e+02 2.984861613147637627e+02 2.131251760910012365e+02 2.092286455847013542e+02 3.092286717726537404e+02 3.259717930933487082e+02 2.845503123952726696e+02 2.140386851358660749e+02 3.140387113590456920e+02 3.789948525948498741e+02 4.143502230908719639e+02 4.144991773727397799e+02 3.610657310422204205e+02 2.903548719912957949e+02 2.377513411904469081e+02 3.377513730723163121e+02 3.713938065657963534e+02 4.128153868693744357e+02 4.730370580376304588e+02 5.144588762891416991e+02 4.702052415879995806e+02 4.287835543107240710e+02 3.576509801186424511e+02 4.576511033416130658e+02 5.142739968806795332e+02 5.476074494889305697e+02 5.854041092032342704e+02 6.268263589169017678e+02 6.181040648572243299e+02 6.049668475558859200e+02 5.963883067304151382e+02 5.049658387258369885e+02 5.963883067304151382e+02 6.343320421558230464e+02 5.429092652277587376e+02 5.929097687817679798e+02 6.790540667488903637e+02
2.821725663182040762e+02 1.984861345696485557e+02 1.684038165374504956e+02 2.489858768485249243e+02 2.531525440524933401e+02 2.573337546652337551e+02 1.845502939048790836e+02 2.845503123952726696e+02 3.554602219843645798e+02 3.344594495212719494e+02 3.758809912867930052e+02 3.437883401952113900e+02 2.730775030176970972e+02 2.196441919819429813e+02 3.196442180909145918e+02 3.791729070959930255e+02 4.657565076019978392e+02 4.633526520573073526e+02 4.219309648685153888e+02 4.448051409878931395e+02 4.033835066459560608e+02 3.287834666543943740e+02 3.865184961757650512e+02 4.865186974155044481e+02 5.544642755401962404e+02 5.130423368978439385e+02 5.544642755404076979e+02 5.856594720598366166e+02 5.181031137768018198e+02 5.049660027233528581e+02 5.049660027233528581e+02 4.549658030098245263e+02 5.549662024368811899e+02 5.536863226267255413e+02 4.929092101143089621e+02 5.376306074607089158e+02 5.953658705889143903e+02
2.350015225555154643e+02 1.407511075932599454e+02 1.448335904978985980e+02 1.489858644905856409e+02 1.531525311572523549e+02 1.573337412072878578e+02 2.573337546652337551e+02 2.678376747548422827e+02 2.722744579979864170e+02 2.344594109332898029e+02 2.812055082432847826e+02 2.857001748020057335e+02 2.023668234703155520e+02 3.023668450683438209e+02 3.610657310422204205e+02 3.657562174358257039e+02 3.657562174358257039e+02 4.056174498993867132e+02 3.219308665739705475e+02 3.798132651934100750e+02 3.033834412541604024e+02 4.033835066459560608e+02 4.702052415879995806e+02 5.279405555692858343e+02 5.044639810867925007e+02 4.130420864628997606e+02 5.044639810867367942e+02 4.856587543366941304e+02 4.473922717331319063e+02 4.657426948387912375e+02 4.049657965778336575e+02 5.049660027233528581e+02 5.203528742383779218e+02 4.536859774616820573e+02 5.243967432268915445e+02 6.243976224500075887e+02 6.689276946703565727e+02
1.350015118474992164e+02 2.350015225555154643e+02 2.448336023427023918e+02 2.196965432474068507e+02 2.238632099540324703e+02 2.573337546652337551e+02 1.634139202103927460e+02 1.678376597624308886e+02 1.722744423095114996e+02 1.767243839044114111e+02 1.812054910538936667e+02 1.857001568036486674e+02 2.857001748020057335e+02 2.975477104840123275e+02 3.025106282159650846e+02 2.657561604887496287e+02 3.657562174358257039e+02 3.433444309996949073e+02 2.641958390257404403e+02 2.798132152146014278e+02 3.798132651934100750e+02 4.448051409878933669e+02 4.724198750664453996e+02 5.138417032441259380e+02 4.630422116803718495e+02 3.630420845223418951e+02 4.630422116803718495e+02 4.149479699026214234e+02 4.332983698944905768e+02 3.657425693370302611e+02 4.657426948387912375e+02 4.902016702448084970e+02 4.203526436142437888e+02 5.203528742383779218e+02 5.951084058137311104e+02 5.982160752018265839e+02 5.689263634005965287e+02
2.293219036048703856e+02 1.884537602488648247e+02 2.884537832126711692e+02 3.196965832612142435e+02 3.238632516658741451e+02 2.819834716249352482e+02 1.819834540280981798e+02 2.678376747548422827e+02 2.722744579979864170e+02 2.344594109332898029e+02 2.812055082432847826e+02 2.857001748020057335e+02 1.926090421621834423e+02 1.975476901454314600e+02 2.025106068152861951e+02 3.025106282159650846e+02 3.233444243237624960e+02 2.433443976200323959e+02 3.433444309996949073e+02 3.798132651934100750e+02 4.212348576989427897e+02 4.017090554769849859e+02 3.724196749965135496e+02 4.724198750664453996e+02 4.297088359610282851e+02 3.297087511772382982e+02 4.091801867317176971e+02 4.189391945474357613e+02 3.332982851075169606e+02 4.332983698944905768e+02 4.619173534234728891e+02 3.902015091168339040e+02 4.902016702448084970e+02 5.617748197805219661e+02 5.510753452284105833e+02 4.982154856989669724e+02 5.689263634005965287e+02
2.707433441145672077e+02 2.884537832126711692e+02 2.591644404206396075e+02 3.591645118141886428e+02 3.526941896443957489e+02 2.526941332161350147e+02 2.819834716249352482e+02 2.121345884858782824e+02 3.121346136786052057e+02 3.344594495212719494e+02 3.758809912867678804e+02 3.279644111297704967e+02 2.279643812216150707e+02 2.682583695651770768e+02 3.025106282159650846e+02 2.096083412251630591e+02 2.233443976200321401e+02 3.233444243237624960e+02 3.847659709496044798e+02 3.445263591231411624e+02 3.526642466533327820e+02 3.017089889153957074e+02 3.693357454411899994e+02 3.779106787344713325e+02 3.866477238072476439e+02 2.995576167191822492e+02 3.091801212056762438e+02 3.189391219351618361e+02 4.189391945474357613e+02 3.499649517741840441e+02 3.619172378675282857e+02 4.619173534234728891e+02 5.006703877243991201e+02 5.186309568901456259e+02 4.510750243333290541e+02 5.510753452284105833e+02 6.396383737426832568e+02
2.531534439999051358e+02 3.270192194929863945e+02 3.591645118141886428e+02 4.005861086173331955e+02 3.941157650358954925e+02 3.526941896443957489e+02 2.828452684688652425e+02 3.121346136786052057e+02 2.486494256537989429e+02 3.486494653352239652e+02 3.912100142398614935e+02 2.912099353304034253e+02 3.279644111297704967e+02 3.682584345632331519e+02 3.096083642608538753e+02 3.096083642608538753e+02 2.172779911136368867e+02 3.172780160628446424e+02 3.330931163160536812e+02 2.445263259078224962e+02 2.526642104955342063e+02 2.608841598608022991e+02 2.693357024080876840e+02 2.779106316652133160e+02 2.866476722318238899e+02 3.866477238072476439e+02 4.091801867317176971e+02 3.896498082265644598e+02 4.005888020343111293e+02 4.499650535185519971e+02 4.619173534234728891e+02 3.840035430825569733e+02 4.006702097494002146e+02 4.186307399529587201e+02 5.186309568901456259e+02 5.045272911979359947e+02 5.545273727057781343e+02
1.855977147126874343e+02 2.855977347159839042e+02 3.642190453809952260e+02 4.056406322777891091e+02 4.633758545231214612e+02 4.242669740233567381e+02 3.535559628952997286e+02 3.900710198116423726e+02 3.063844532961870755e+02 2.957898778463907092e+02 3.957899527012428393e+02 3.912100142398614935e+02 3.912100142398614935e+02 4.510302164168500099e+02 3.644184903743496307e+02 2.644184432123033730e+02 3.172780160628446424e+02 2.250866792080672951e+02 2.330930868983217579e+02 3.330931163160536812e+02 3.526642466533327820e+02 3.608841992569437593e+02 3.400463843582331833e+02 3.356456593060694900e+02 3.866477238072476439e+02 3.400999210095783951e+02 4.401000309615143919e+02 4.896500282368681951e+02 5.005890778106283960e+02 5.420109922821844748e+02 5.254255109731736866e+02 4.417385760479382952e+02 4.584052451683359095e+02 5.186309568901456259e+02 4.686307446205457268e+02 5.393415474088202473e+02 6.045279408812156134e+02
2.855977347159839042e+02 2.233941620150450831e+02 2.642189910903414329e+02 3.219540198358733392e+02 4.219541439672301522e+02 4.894619364060764610e+02 4.535561791529414108e+02 4.478062103724174108e+02 4.063845454718034489e+02 3.665005671842209836e+02 3.590354368009403174e+02 4.590356248153877914e+02 4.912103848953633474e+02 4.221535801445829179e+02 3.221534712829886189e+02 3.644184903743496307e+02 2.957973592879746434e+02 3.250867062704956538e+02 2.360631052070364717e+02 3.360631356062073678e+02 3.887355622853319232e+02 4.403970471842414440e+02 4.400465182009073715e+02 4.356457689651108467e+02 4.770674824762918433e+02 4.108106178919764488e+02 4.217496196262095509e+02 5.217499979738051934e+02 5.809366699070731102e+02 6.102264550123531990e+02 5.831609556991712680e+02 5.417389126535163086e+02 5.584056461505523430e+02 5.998277587614504682e+02 5.186307777350971264e+02 6.100533222529371642e+02 6.807650970970545359e+02
3.648157209733824970e+02 2.811291894979077028e+02 3.050438287507453765e+02 4.050439568822515639e+02 4.601727491808611035e+02 3.894616640798133176e+02 4.187510657236591101e+02 5.187515159871977630e+02 5.030594890781969184e+02 4.665007844500111673e+02 4.590356248153877914e+02 4.590356248153877914e+02 5.590363131543762165e+02 4.635752765672714304e+02 3.798885069203177522e+02 4.372190882748178637e+02 3.665080548502435818e+02 2.993086592422505419e+02 3.360631356062073678e+02 2.473139842162968591e+02 3.473140184692228445e+02 3.403968914077477166e+02 4.403970471842414440e+02 5.121216595794428486e+02 5.225360882001788241e+02 5.108109292279407327e+02 5.217499979738051934e+02 5.516474936406829102e+02 4.809360864023419708e+02 5.102255791882661242e+02 5.452452814233068921e+02 5.452452814233068921e+02 6.452464803850416502e+02 6.600539721452557842e+02 6.186315605843932417e+02 6.600539721453764059e+02 7.037849817425282026e+02
