output/example/elevation_000008.asc
nrows	75
cellsize	133.333333333
xllcorner	0
ncols	75
yllcorner	0
NODATA_value	-9999
[rows 17 to 33 of 75, columns 37 to 73 of 75]
4.566941080975595924e+02 3.876238000145019100e+02 1.772418255475018327e+02 3.439536128066065430e+02 4.293078296975210151e+02 5.655631188547595229e+02 6.238660169507126056e+02 7.242097955914647400e+02 7.183064480537046848e+02 6.489853685875633573e+02 6.593354926959195836e+02 7.249007947613749820e+02 7.005657949619852616e+02 5.528388893491211320e+02 7.431624036306399148e+02 7.782165382495467156e+02 7.791402923277150876e+02 7.913726699706268164e+02 7.964940052518450102e+02 7.990005180174442785e+02 7.999064716116291720e+02 7.999633713765812217e+02 7.997905177818371385e+02 7.954559499153190245e+02 7.993959132490831507e+02 7.993965206086375019e+02 7.999092942686536389e+02 7.999996689951881308e+02 8.000012026134972984e+02 8.000026972800774274e+02 8.000025800815166122e+02 8.000021559729181035e+02 8.000032559361378617e+02 8.000032237945566749e+02 8.000074641935771069e+02 8.000099196499817253e+02 8.000046747958571132e+02
5.790562680282646397e+02 4.771268786198634189e+02 3.720826571033302343e+02 1.866901479069622667e+02 3.299426727117124187e+02 4.126456587179533813e+02 5.694878855648930767e+02 6.494548699708383310e+02 6.074173053678562155e+02 4.951068560063749260e+02 6.937114230477199044e+02 6.916196997449106902e+02 4.335547353668424080e+02 6.916198816483940846e+02 7.324305002048242841e+02 6.844668606921244418e+02 7.436842810652975686e+02 7.777112441665997267e+02 7.936821144781266639e+02 7.992797582397644192e+02 7.997432047094690688e+02 7.993251362625310321e+02 7.993497336684282573e+02 7.990673213249962146e+02 7.885150662494810376e+02 7.978208845075865838e+02 7.998290017584392899e+02 7.999945922913711911e+02 7.999999326447111798e+02 7.999999078702700217e+02 8.000022118404507410e+02 8.000030221921604152e+02 8.000025575050174211e+02 8.000029916322860117e+02 8.000062617640518283e+02 8.000080675176382101e+02 8.000036773114621838e+02
6.218197347154649606e+02 6.045203778868071822e+02 3.850363054631768591e+02 4.120096526055427830e+02 1.967838153220413631e+02 3.437587247639913244e+02 4.884404787559664101e+02 5.090476558502068087e+02 3.434932948012477141e+02 6.074168180651937519e+02 5.842866015424707484e+02 6.037230478699485730e+02 3.526120478674210972e+02 4.595669943944085958e+02 5.677086404891217626e+02 7.349517487323671503e+02 7.845787418300639047e+02 7.936672428787559284e+02 7.978724896108785742e+02 7.990999787649720929e+02 7.989077241180854116e+02 7.945470492004477592e+02 7.893406375047277379e+02 7.958732895293659340e+02 7.781667570265587983e+02 7.981592808863643995e+02 7.999073303344160877e+02 7.999912101104281419e+02 7.999822153045220148e+02 8.000006764674224087e+02 8.000021898095415054e+02 8.000025044761741810e+02 8.000030612181708420e+02 8.000038017966334110e+02 8.000053735802094934e+02 8.000051505533087948e+02 8.000031714825654490e+02
7.125105732612939846e+02 6.517339355847223032e+02 6.119596428780165525e+02 4.272052719161028449e+02 4.265873168677275089e+02 2.076572106439867582e+02 2.157939529027366632e+02 2.244350542787376241e+02 5.096021816326084490e+02 5.547744409605523970e+02 2.650459212513094940e+02 2.780207104718804203e+02 6.045282264034408399e+02 6.753222710366613910e+02 7.324339778579792437e+02 7.617646823945101460e+02 7.916302739884753237e+02 7.960664189128930275e+02 7.950174858227312598e+02 7.936622700643112012e+02 7.916507413829822326e+02 7.857115422030956324e+02 7.278364370768476874e+02 7.550395529517450086e+02 7.968783293424712610e+02 7.990659975682044660e+02 7.997579493986210082e+02 7.997855549426293464e+02 7.999751642664024303e+02 7.999897275100960314e+02 7.999992097762859657e+02 8.000021874064195799e+02 8.000009081177065582e+02 8.000016352327573941e+02 8.000037869555133057e+02 8.000026912205045164e+02 8.000051855051247003e+02
6.498442011178201483e+02 6.772217407365076269e+02 6.737423039734858321e+02 6.389353341775906756e+02 4.755603085842791984e+02 3.361234029793866398e+02 3.520739439931327865e+02 5.090511833991328672e+02 2.379735700899188373e+02 2.483029383422961018e+02 5.554110632415672626e+02 6.037227943765385589e+02 3.014375086092808260e+02 6.364006854070580630e+02 6.979783413336597278e+02 7.651742966013778187e+02 7.795973132434437503e+02 7.782358263302111254e+02 7.649388971501422247e+02 7.841939035069759711e+02 7.787471101005380660e+02 6.773787594872089812e+02 7.884957790442366559e+02 7.958716702196207962e+02 7.977441869271420956e+02 7.950415876964027575e+02 7.979636124365983960e+02 7.992482197451694219e+02 7.997434881829669848e+02 7.999196041125112515e+02 7.999994023383923150e+02 7.999978804737652354e+02 8.000024450351043015e+02 8.000038473212729286e+02 8.000021725514495756e+02 8.000038615856898332e+02 8.000046570365535672e+02
4.958851472374421974e+02 6.492161286124891149e+02 7.133120832291563147e+02 6.938994062573675592e+02 6.351497884460263776e+02 5.140208074824504365e+02 5.126493893194813154e+02 5.920873214789268104e+02 3.557783945732788311e+02 5.547744170627347557e+02 3.651115946509090122e+02 6.394655732730946056e+02 6.363984680720532197e+02 3.299743760728377993e+02 6.193382536062094914e+02 6.857718889236701898e+02 7.228570380425180701e+02 6.600360620458485528e+02 7.521302298344421615e+02 7.644411958073011419e+02 6.111091913044733701e+02 7.788467278794265667e+02 7.916133640451937481e+02 7.717058738085268033e+02 7.861904517587217924e+02 7.982691938378490022e+02 7.997984360327045579e+02 7.998343621487804285e+02 7.999669922793775640e+02 7.999946861950680841e+02 7.999827575592421454e+02 8.000023934186664292e+02 8.000053964317116879e+02 8.000069936029564133e+02 8.000041487748703730e+02 8.000025588322049543e+02 8.000038741122363035e+02
5.431001346532378875e+02 5.530387319338742600e+02 6.658069112319740270e+02 7.485907332141015331e+02 7.201919704876870583e+02 6.964523569117667421e+02 6.537094904453284698e+02 6.637769160399776638e+02 5.072777470775700976e+02 6.638099418185635159e+02 4.648114304187822654e+02 6.543629949785376994e+02 6.987938745101490667e+02 6.660038210191927419e+02 3.651020320940952502e+02 3.936670999510016600e+02 4.270627278833527498e+02 4.644354228295613893e+02 5.055819594882291312e+02 5.488625413616946389e+02 7.664570149124878071e+02 6.933405660425838732e+02 7.367014581653736514e+02 7.914951889437377304e+02 7.969525007440419131e+02 7.989988599218650052e+02 7.998753767973948925e+02 7.999926249259167435e+02 7.999910574693187755e+02 8.000014552159786945e+02 7.999981089632027533e+02 8.000021005126244518e+02 8.000067563964006467e+02 8.000052222238352897e+02 8.000028663974428582e+02 8.000043401753616763e+02 8.000033507150692458e+02
4.102899509588461910e+02 5.941129240443291337e+02 6.798819334837686483e+02 7.146119584288106807e+02 7.543707050197270974e+02 7.668343664935887318e+02 7.565760575127438869e+02 6.882563842926682582e+02 6.768461804011966478e+02 7.185479468494194180e+02 5.766254580217884040e+02 6.677540979862576478e+02 7.630361823352094461e+02 7.199025334633969351e+02 6.529780297053600862e+02 5.407519846435882300e+02 7.259848090621935626e+02 6.930443762217983021e+02 7.531296308101434533e+02 7.652810272020157072e+02 6.995251243216924877e+02 7.882021943446101204e+02 7.927165939790307903e+02 7.943756096177681911e+02 7.994386306751229085e+02 7.997698178333729402e+02 7.999575894879063753e+02 7.999941666733117245e+02 8.000025588457104959e+02 8.000036269737607881e+02 8.000009324870112550e+02 8.000043958468705796e+02 8.000075000161714343e+02 8.000057894897842061e+02 8.000030906966059092e+02 8.000061876214875838e+02 8.000065576467141000e+02
5.938733220486054734e+02 4.798023759905713632e+02 5.444713852579211562e+02 6.405326020857520462e+02 7.261704044377634091e+02 7.763441209715202831e+02 7.775469547674103978e+02 7.702954051198349816e+02 7.669246064298313286e+02 7.502379602500136571e+02 7.116531822684561348e+02 7.051355601604910817e+02 7.655082022075461055e+02 7.771873919256103136e+02 7.462888635450597121e+02 7.511880256822745423e+02 6.872797036398309274e+02 7.812260961782050117e+02 7.799937707539504572e+02 7.913700234638994289e+02 7.883437412935981001e+02 7.673148787179291048e+02 7.967647291405799024e+02 7.994519094748886801e+02 7.997070093797753998e+02 7.999869515804475668e+02 7.999897200176121714e+02 8.000050330814092376e+02 8.000044966992292075e+02 8.000026045063106039e+02 8.000044093229075770e+02 8.000022767402181216e+02 8.000059391381286105e+02 8.000082187176052457e+02 8.000038006536701687e+02 8.000037718370376751e+02 8.000082599211511933e+02
6.786082807779622499e+02 5.975941712092103444e+02 6.769792775351199907e+02 6.528439016725197916e+02 7.265116026804078047e+02 7.716243159995217411e+02 7.914372075356970981e+02 7.902615402334849932e+02 7.921606530665685568e+02 7.853038233326127511e+02 7.803568114407978555e+02 7.736558105819518687e+02 7.713779977432770920e+02 7.920620682608849847e+02 7.917321053093398859e+02 7.830007786174273861e+02 7.656107399642236260e+02 7.645518617187724431e+02 7.943777644668323319e+02 7.970502067657915859e+02 7.976531519898176157e+02 7.965963526818899254e+02 7.912998529725663275e+02 7.992518057226046722e+02 7.999129073555139939e+02 7.999988778916396086e+02 8.000064800813229340e+02 8.000159143442785989e+02 8.000061297529820195e+02 8.000036586525543498e+02 8.000078869076119190e+02 8.000031284440924537e+02 8.000080490820301975e+02 8.000134440894368026e+02 8.000066813130769106e+02 8.000070111668904929e+02 8.000053164899841249e+02
7.205945342962130553e+02 7.191845501567669317e+02 7.368216504692841227e+02 7.462170463634315638e+02 7.583980261781464378e+02 7.731378254169378579e+02 7.739332172875077731e+02 7.549434734004651091e+02 7.692108382266129638e+02 7.896151364478329242e+02 7.940128874938238823e+02 7.953079425671145373e+02 7.948265842060885689e+02 7.941312940394517454e+02 7.983043565002010382e+02 7.963899553589969855e+02 7.922163059476712306e+02 7.932831043332611216e+02 7.917905490406498075e+02 7.984314561830867660e+02 7.996749519138090818e+02 7.994667859844022360e+02 7.990195856603467064e+02 7.981918820898173408e+02 7.998036713617617579e+02 8.000053749406717998e+02 8.000209429321648713e+02 8.000224125333611482e+02 8.000165024931044400e+02 8.000063820303581679e+02 8.000147329582026714e+02 8.000051623658197286e+02 8.000068556532576167e+02 8.000178698309471201e+02 8.000153442847750966e+02 8.000157805314552206e+02 8.000088015607034322e+02
7.009923296871875209e+02 7.188549656751451948e+02 6.961696143304154702e+02 7.181923762797243853e+02 7.307447363641009588e+02 7.088366999346817465e+02 7.133589607537419397e+02 6.758519366773258525e+02 7.475224207044499281e+02 7.668091114081699970e+02 7.858404812645956099e+02 7.942065841898290728e+02 7.967023333600418482e+02 7.990925490211993747e+02 7.993541387087869907e+02 7.992791881633761477e+02 7.990123509934712729e+02 7.991719300500557210e+02 7.990354335683523459e+02 7.990358290749320531e+02 7.998439063119286629e+02 7.999667098237493974e+02 7.999135206822546706e+02 7.997689647045291395e+02 7.997697366003785646e+02 7.999865268587490164e+02 8.000270285259342700e+02 8.000267701765897073e+02 8.000222748192428526e+02 8.000181309770283633e+02 8.000198187967355352e+02 8.000140090726806648e+02 8.000171931240182630e+02 8.000197237406390514e+02 8.000194704398514887e+02 8.000181186122518966e+02 8.000204156184764770e+02
6.707730421628750719e+02 6.475496916121441018e+02 5.261236536844851344e+02 6.264260615188699148e+02 6.254206300551026061e+02 6.863348960096086557e+02 5.342835642286044049e+02 6.328028259948702043e+02 6.841340735843202765e+02 7.358986100894126139e+02 7.674001865047083584e+02 7.839005497969686758e+02 7.947971519339386077e+02 7.952465907245956487e+02 7.965202324917056558e+02 7.967257393132894094e+02 7.970895001775907076e+02 7.978626847956581969e+02 7.994219368942519850e+02 7.998243736945179307e+02 7.999442204176158384e+02 8.000115093291026369e+02 8.000102709946925188e+02 8.000009516884672394e+02 8.000019850407413742e+02 8.000111552783895377e+02 8.000224212712487315e+02 8.000163532728545306e+02 8.000200597613525133e+02 8.000199987294282664e+02 8.000158382680019713e+02 8.000137290406776174e+02 8.000146006543258181e+02 8.000218994511079700e+02 8.000199107130824814e+02 8.000172770611586657e+02 8.000203934145894209e+02
6.531251580486189141e+02 5.741694954316676558e+02 3.822279374435618138e+02 4.448303727275317101e+02 6.340026365679291303e+02 5.968854915262496661e+02 4.259723490242744219e+02 5.139105942545195376e+02 6.072376083558925757e+02 6.874946535592761165e+02 7.475691099265485491e+02 7.789023466682485832e+02 7.676874172918211343e+02 7.687897654570268742e+02 7.868482004534359930e+02 7.760892265503921408e+02 7.787408061626904328e+02 7.930593777434585263e+02 7.976923634161755672e+02 7.996311364664378516e+02 7.999564106961474863e+02 8.000085199933746480e+02 8.000171604905183358e+02 8.000210524503929719e+02 8.000153402100238509e+02 8.000145846571626862e+02 8.000169779033373061e+02 8.000107778936145451e+02 8.000139418952305732e+02 8.000152772469566571e+02 8.000083173943364727e+02 8.000085708248342371e+02 8.000138048336392558e+02 8.000198258076437696e+02 8.000177642223844714e+02 8.000155650105047016e+02 8.000171836978299780e+02
5.961448924020054392e+02 5.096658326071030842e+02 2.721079247838959532e+02 4.958816095291477382e+02 5.365429900396628682e+02 3.430207776641850046e+02 5.968557959591191775e+02 6.864856940825015954e+02 7.224313221204902220e+02 7.191195544602528571e+02 7.311690789551780654e+02 7.105090546324429397e+02 6.625601950051740232e+02 7.626003611349636913e+02 7.560674599929542410e+02 6.930429507260306536e+02 7.502415009020651269e+02 7.815250328139046587e+02 7.949146723263763761e+02 7.990313085705267895e+02 7.998842553372139719e+02 8.000054070424338306e+02 8.000046279590584390e+02 8.000068941654433274e+02 7.999975373101019613e+02 7.999993258981675126e+02 8.000137412409857234e+02 8.000133101148785499e+02 8.000074166955585042e+02 8.000109158493304449e+02 8.000062245116400845e+02 8.000092008128020780e+02 8.000167581209263972e+02 8.000202080946405658e+02 8.000158273414511996e+02 8.000152403612472654e+02 8.000126734087459681e+02
4.201180515043408263e+02 4.344874306804145476e+02 2.170719324899811795e+02 4.555088968474485682e+02 2.775769908073650640e+02 5.366836499707883377e+02 5.444500020735357566e+02 5.609633289396155078e+02 5.772440373388693615e+02 5.314000238021844780e+02 6.084946020040190433e+02 4.630507755760882560e+02 6.358668653641270794e+02 7.110421879328305295e+02 5.860486091740693837e+02 7.417542246124362464e+02 7.868701399834785661e+02 7.949100558782532744e+02 7.984143101741973396e+02 7.996547042763925219e+02 7.999486526384325771e+02 7.999635657654207535e+02 7.999851854546990353e+02 7.999719931307960223e+02 7.999340602145251751e+02 7.999835016482352330e+02 8.000080975637517895e+02 8.000119813628466545e+02 8.000062520238740262e+02 8.000085149588521745e+02 8.000054254972247918e+02 8.000092087889361210e+02 8.000122642051467210e+02 8.000155660198654459e+02 8.000136099113295813e+02 8.000098245549118019e+02 8.000133913652332467e+02
1.992306203287129165e+02 2.064736943274347993e+02 4.348779804713698809e+02 2.281860943069692667e+02 4.772845161102691804e+02 5.171251607596030908e+02 2.627757040092859597e+02 2.729446200523796620e+02 2.836685000532102663e+02 2.950679900920499108e+02 3.073492123168061312e+02 3.206732767859210753e+02 6.242473142950499323e+02 4.574989689390221770e+02 7.110596100733982894e+02 7.674315740625579565e+02 7.931064014174421573e+02 7.958562552987440313e+02 7.993264737187588480e+02 7.995105356089660518e+02 7.992621846306320776e+02 7.995743386630524583e+02 7.998623835314116377e+02 7.998710844081930418e+02 7.996454879723836484e+02 7.999464787106003314e+02 8.000017603051112474e+02 8.000101952527207914e+02 8.000088535042417561e+02 8.000029346249668833e+02 8.000084173559018836e+02 8.000060941703549133e+02 8.000100612246344554e+02 8.000115525587470984e+02 8.000078375461324640e+02 8.000134087551015227e+02 8.000167069471284549e+02
