output/example/elevation_000422.asc
nrows	75
cellsize	13.33333333
xllcorner	0
ncols	75
yllcorner	0
NODATA_value	-9999
[rows 51 to 67 of 75, columns 37 to 73 of 75]
1.124658879808174738e+01 1.278435633057691945e+01 7.439757207720250953e+00 1.792882747510810404e+01 1.525103811260498965e+01 1.606968625430284092e+01 1.372777686310584144e+01 4.362303425668956791e+00 6.609996767715579757e+00 1.378419034697651391e+01 5.316860211770841005e+00 5.588457541544664231e+00 9.549084367035471033e+00 1.282329367662551789e+01 1.314173807973067731e+01 1.069267646973433727e+01 2.007167544912307378e+01 2.497608045854545367e+01 2.256919502560462121e+01 1.499549152330259005e+01 2.013920417235300064e+01 2.166816383458123951e+01 1.751481375951863484e+01 8.514213322899326641e+00 1.871088980058755524e+01 2.332451064742696190e+01 2.744476693165517034e+01 3.248031275975429821e+01 3.256084319330985011e+01 3.634696570065926835e+01 3.804459002849007021e+01 4.202308200851840780e+01 4.288141109757071234e+01 3.905147549216062686e+01 3.904925485255942874e+01 4.179389102859349947e+01 4.040677585450228548e+01
2.913789113791827923e+00 2.913789113791827923e+00 1.262570558919084718e+01 1.289013805150289294e+01 8.019477062837431447e+00 7.983632166191415358e+00 4.041940363093634581e+00 7.137715395162815391e+00 6.479507501439296213e+00 1.616383563437003090e+01 1.459665028394084985e+01 6.307281131866929513e+00 1.504360564680690260e+01 1.971407238635200798e+01 2.098427186684013890e+01 2.028123696280263744e+01 1.458779121973638482e+01 2.451362772576933224e+01 2.876800813277603908e+01 1.991697845542211098e+01 2.876677079816645488e+01 2.518527756973600873e+01 1.561985586464955489e+01 1.871090235191908846e+01 9.139809514012640079e+00 1.297676535743121917e+01 1.823944975663022205e+01 2.550892650257810956e+01 3.542164221743342267e+01 3.659924903580112954e+01 2.875753723134300799e+01 3.658968550760869931e+01 3.864628343874293392e+01 2.957930495999189446e+01 3.690117743945749851e+01 3.517570697391240486e+01 3.507308152348099384e+01
2.913789113791827923e+00 2.913789113791827923e+00 1.242640647503626816e+01 8.358712658201930878e+00 1.265590067855316114e+01 3.721963811414713330e+00 1.148341419279494069e+01 1.094679163569895586e+01 1.586074638511385970e+01 1.588455167898228559e+01 1.659206977154724783e+01 7.025019657840368303e+00 1.665461838110813275e+01 2.219381803413546450e+01 2.945073897165214305e+01 2.856482086440209400e+01 2.451362772576933224e+01 1.993960406956168185e+01 2.976612094263187203e+01 2.685109874807958974e+01 3.360916578688426171e+01 2.899835414650094378e+01 2.518527343991412337e+01 1.940796891908049204e+01 9.139809514012640079e+00 9.139809514012640079e+00 2.427190841205717220e+01 3.014184179119699181e+01 3.257426388316505950e+01 3.259840052013159806e+01 2.315359190472098661e+01 3.057510963197235654e+01 3.221916176731938464e+01 2.510485638760078686e+01 2.733281846797769887e+01 3.000469028158265772e+01 3.941790262979168347e+01
7.916490984159450406e+00 9.785760719932619978e+00 3.176416765026373934e+00 3.176416765026373934e+00 3.401850713723100661e+00 1.329108459550114496e+01 9.442343835941045427e+00 1.555416712417495795e+01 2.382405541313762498e+01 2.434149935686762589e+01 2.081113828586552472e+01 1.668109224985284555e+01 8.322266690244761733e+00 1.518835404820929824e+01 1.937081135367533591e+01 2.955762456166734609e+01 3.380569784584633908e+01 2.566739825811268716e+01 3.380569784584633908e+01 3.637364518258293344e+01 3.539151958216744731e+01 3.136793896248909519e+01 2.783879642960925338e+01 2.355954940709620971e+01 1.940549140600679223e+01 9.789204639721303280e+00 1.578572185831150065e+01 2.605105130910776268e+01 2.261716940374215312e+01 2.695070585113222705e+01 1.888309454656304354e+01 2.062352242484928055e+01 2.234992817648831931e+01 3.221898981741230017e+01 3.415214565275724112e+01 3.941789881358783276e+01 3.667224775888543320e+01
1.435780254281199397e+01 1.703971015606434136e+01 1.303095418135317018e+01 3.176416765026373934e+00 3.176416765026373934e+00 1.340903718819153667e+01 2.019789348898364523e+01 2.386242629440704732e+01 2.914892934024877391e+01 3.021706178225714012e+01 2.090086489745026199e+01 1.385635602350297546e+01 8.322266690244761733e+00 9.383495353962581831e+00 1.937081144691067891e+01 2.535300519031317634e+01 3.124300012535543303e+01 3.536508427402787902e+01 3.942029403616309935e+01 3.826793125874031887e+01 2.850986857366149607e+01 2.138601649480718336e+01 1.784875979325221351e+01 1.472498875467567636e+01 1.025569325517567343e+01 1.025569325517567343e+01 2.024041525836406308e+01 2.350759785602555496e+01 1.466496788033809473e+01 1.643968713953467287e+01 2.407271370047205394e+01 3.059693931831582248e+01 2.942354149380775752e+01 2.942354216529925637e+01 3.896903076984352765e+01 4.748276458259030619e+01 4.604649986347078539e+01
2.405385324168102912e+01 2.149867060073065517e+01 1.227029462314286690e+01 3.678478630491896162e+00 1.199342599669035714e+01 8.286390032562097829e+00 1.247169441111640431e+01 1.871312315192305675e+01 2.995524600872625598e+01 2.912065445881701109e+01 1.964680220169046976e+01 1.255077321917206490e+01 1.831780744909517722e+01 1.937081144691108037e+01 1.097979974822701621e+01 1.681551794692453328e+01 2.708723599231917234e+01 3.478943647373793624e+01 4.187892844190634634e+01 3.932308490907213638e+01 2.958006071041703322e+01 2.961853115916803958e+01 1.969376543332378660e+01 2.460527420975606816e+01 1.831297334495490148e+01 1.292085268157573807e+01 1.095162646699866293e+01 1.230499448971817067e+01 2.351572698919263615e+01 2.407110781241235031e+01 3.096103289855900442e+01 3.785684186512387583e+01 3.896895374600617146e+01 3.896908613507848429e+01 4.290683621263421088e+01 4.775236327862760533e+01 4.855063581091887670e+01
2.574482887159529909e+01 1.862867739244666154e+01 9.619799975450318286e+00 4.183001043843287192e+00 7.348088935897326479e+00 1.772254113235273820e+01 2.315594253817501524e+01 2.802876277504429225e+01 3.444857500511733406e+01 2.978399400227562666e+01 1.971992062479361607e+01 1.255077321917206490e+01 2.694558604869877882e+01 2.102821037819387229e+01 1.097979974822701621e+01 2.115685694710397513e+01 2.041483968138359018e+01 2.769994450555540766e+01 3.727729948298735962e+01 4.333012003402732404e+01 3.650763595435994091e+01 2.676497052039003677e+01 2.676497052039003677e+01 3.147808786698247374e+01 2.533009170341718530e+01 2.132373229025153805e+01 1.149882216290995984e+01 2.132032261549293750e+01 2.323945015575631956e+01 3.259077048869196602e+01 3.776094704137207003e+01 3.995760557754452691e+01 4.395674722753879138e+01 4.213314004269003732e+01 3.814876581111285248e+01 3.814876581216795159e+01 3.894745911541993166e+01
1.918560935340242324e+01 1.222461317407658754e+01 1.430787713487388579e+01 4.692703104525264735e+00 1.462451252561826642e+01 2.146838148143215363e+01 2.033135951074812198e+01 2.770290327670634412e+01 3.811025417595367770e+01 3.413089836541113442e+01 2.987876780950727351e+01 3.089490310658537098e+01 2.502738678986566612e+01 1.474835060381134078e+01 2.115685694709923226e+01 1.310231109352521273e+01 2.341261161903502952e+01 2.294213532570894643e+01 3.020355506158610126e+01 4.024291481754405453e+01 4.049053906419459281e+01 3.650763595435994091e+01 3.650763595436011144e+01 3.378033595690290269e+01 2.409501645489049082e+01 2.170708724162413006e+01 1.205548549120206658e+01 2.244220076569445155e+01 2.332430035795370316e+01 3.304947034353632773e+01 3.203710901421876400e+01 3.025528484106198945e+01 3.821419949509178338e+01 3.420822794879177309e+01 2.848344015303953114e+01 3.220530177148472717e+01 3.894745911541993166e+01
2.128155997549130873e+01 1.522479965455856465e+01 5.443114322131420657e+00 1.432077865905209890e+01 7.616384711940408003e+00 1.196839052299908346e+01 2.224620733489662427e+01 2.844789778753877840e+01 3.272229681021160275e+01 3.858864057161323302e+01 3.531888412293542245e+01 2.533050759189027445e+01 1.938009133966653863e+01 2.205622946341795299e+01 2.760213807217532533e+01 2.341261161903502952e+01 1.558337690135180686e+01 2.593019683482408055e+01 3.076702115365605650e+01 4.080727573067198932e+01 3.907221937817877944e+01 3.505849214777587974e+01 3.630970990019908839e+01 3.015759004744231575e+01 2.425820883316083965e+01 1.388362836814143542e+01 2.197253554484494131e+01 1.297046408887428548e+01 2.340468119232137312e+01 2.843526879342996949e+01 2.209566814765515019e+01 2.934116270063337950e+01 3.116475328562792413e+01 2.435113376271953101e+01 2.848344015303953114e+01 3.286699551260030461e+01 3.836663002314008253e+01
1.197613755719987694e+01 1.266508299715538399e+01 5.978365054714551263e+00 1.403433103819555683e+01 1.761908755533421100e+01 1.115305704416600996e+01 1.432555370996062827e+01 1.799103999186701941e+01 2.403837358429076687e+01 3.440527107796356887e+01 3.936700697833423135e+01 3.364660313187359009e+01 2.400914970561291639e+01 3.220039510331989163e+01 2.594905699588801085e+01 1.558337690135180686e+01 2.593019683482408055e+01 2.050656732789394354e+01 3.076702115365605650e+01 3.907209680772793803e+01 3.342906473557273728e+01 2.524954762984151557e+01 2.653118837476063518e+01 2.609015650000519315e+01 1.585293363470517569e+01 2.425820883159099139e+01 2.561927244534642867e+01 2.340467601692444433e+01 1.394073681594178282e+01 2.434566861854384356e+01 1.745491779500741814e+01 1.929106489989166562e+01 2.117674296086279639e+01 2.572618436413270260e+01 3.138893235216822220e+01 4.097659373290920115e+01 4.641850297128718950e+01
1.811496320061861809e+01 6.727605518740261914e+00 9.699167010506419828e+00 1.739932776255109559e+01 2.427099392532681321e+01 1.704472726308298647e+01 2.475831206970773835e+01 2.844789778753875353e+01 3.272229513516739985e+01 3.812294809724026123e+01 4.227581564655844915e+01 3.810368725473592377e+01 3.115632536508710260e+01 3.810368725481148999e+01 2.855962066535331090e+01 1.819523202770452386e+01 2.855962066534319987e+01 2.570121028272236074e+01 3.491129244291736455e+01 3.505848565544756212e+01 2.524954762879097814e+01 1.935691718831501973e+01 1.935691718831501973e+01 1.787833868801957493e+01 2.345279110664488087e+01 2.984426769923926059e+01 2.435007511284543469e+01 1.394073681594178282e+01 2.434566874018139870e+01 1.497288816455239058e+01 2.529611987558856256e+01 2.934115363600751536e+01 3.116475291785918600e+01 3.514169624102920864e+01 3.942643579053116554e+01 4.497149391328307644e+01 4.881210655342094640e+01
1.161556336100899500e+01 7.252483338936229096e+00 1.689950251489334576e+01 1.324016286354960670e+01 2.231395604080782391e+01 2.750238401374542363e+01 3.180488446317664497e+01 3.396317292518830300e+01 2.374852004668377958e+01 3.396317279185496574e+01 3.209494894254999053e+01 4.227581564655765334e+01 4.099947708748262443e+01 3.654599455492704863e+01 2.658731050693973685e+01 2.150459997848358640e+01 3.177170731048643404e+01 3.291223772532688230e+01 3.994845363851532483e+01 3.618311280761880511e+01 2.939529264529302566e+01 1.935691718831501973e+01 2.939529251195969195e+01 2.799582335402917010e+01 2.551620962568964757e+01 3.489011805412614109e+01 2.847520821319042739e+01 2.235009165524527219e+01 2.585354789573083778e+01 1.578743604391662991e+01 2.312509024385252587e+01 3.302906653398041215e+01 4.013104427016642006e+01 3.614773554189782345e+01 3.887915297581877638e+01 4.200907683527155712e+01 3.919116966078686204e+01
1.699517710866532028e+01 7.776676888161382806e+00 8.812042180825137905e+00 2.160549064385113738e+01 1.885644361535108970e+01 2.540291318651570762e+01 3.517305342346941188e+01 3.416202661671111684e+01 2.995059314711033593e+01 2.374852004668377958e+01 2.887360926855579635e+01 3.607141704008237326e+01 4.625027777872927004e+01 4.070832526886103864e+01 3.543660541081786874e+01 2.518623395294218170e+01 3.555993475642357993e+01 4.288377039206095276e+01 4.173046042085270813e+01 3.196767180304389910e+01 2.189814351962909811e+01 2.830712729548229944e+01 2.754680203917687109e+01 3.715181730701957008e+01 3.520351527036525852e+01 3.914170505350353579e+01 3.767416112589922506e+01 3.019837430571271142e+01 2.676439079465184534e+01 1.660196229938751955e+01 2.676487740605467280e+01 3.213174565911182157e+01 3.263822557258791335e+01 2.653655473134289267e+01 2.941725578764017257e+01 3.261930494520714063e+01 3.919116966023653248e+01
1.546917469958219549e+01 8.291220550262636380e+00 1.825514494148029954e+01 2.340615890928780018e+01 2.826405068549743405e+01 3.235678524509528131e+01 3.083429267401276874e+01 2.662027519909725015e+01 1.969639555569830947e+01 2.995059314711033593e+01 3.818073897254856064e+01 4.327098974718160918e+01 4.818388432136756450e+01 4.535902370137507233e+01 4.017155561419298948e+01 3.126147694984726755e+01 4.028914313371747369e+01 4.337016676648459423e+01 3.320911760289486381e+01 2.738053561259816249e+01 3.161678410398588213e+01 2.496128627817356360e+01 3.388246323690088957e+01 4.112332805844559402e+01 4.289084463472292441e+01 3.887603778825491219e+01 3.422658085044400167e+01 2.845577865193575917e+01 1.838557501239417746e+01 2.676515226769135580e+01 1.800899765239718064e+01 2.808867426523550748e+01 2.281554338639400825e+01 3.263822646024733132e+01 3.887915297095342027e+01 4.200907679368878433e+01 4.446810141138187333e+01
9.513941467723855183e+00 1.827619894339616735e+01 9.194965302441652000e+00 1.927745618776365077e+01 2.902126664811569867e+01 2.792047406613643901e+01 2.369919015336198598e+01 1.630055275015855543e+01 2.662027519909725015e+01 2.995052071829459095e+01 4.012537459888137192e+01 4.255018194770369178e+01 3.846364044504539947e+01 3.561362070452214112e+01 4.101851003211453417e+01 4.228428459233342096e+01 4.757210163424192473e+01 4.760931734990961672e+01 4.173046042085270813e+01 3.717064879372239261e+01 2.829440279374517431e+01 3.232383252557056608e+01 3.306801696031801896e+01 4.082852305346898447e+01 3.887603781737325903e+01 2.916560624303684790e+01 3.019484650546537452e+01 2.016429434197692316e+01 2.845577865290137609e+01 3.213683585556308486e+01 2.808867426488721364e+01 1.939523645568339916e+01 2.049580200815416120e+01 3.051690080733337496e+01 3.479312278256350766e+01 3.770815650656585660e+01 3.490809681862069169e+01
1.962826623473640453e+01 1.936983588719511218e+01 9.839896364390613215e+00 1.999134105000112527e+01 1.876304573860303293e+01 2.177289547543661996e+01 1.333250036216360535e+01 2.369919015275248952e+01 2.661985236454287218e+01 3.680518524027133509e+01 3.962351475746081775e+01 3.263679243457931278e+01 3.421546279222930309e+01 2.868273537556331476e+01 3.372805988576813263e+01 3.974201627556136174e+01 4.973687722371925446e+01 4.731616162418388427e+01 3.814726340142529182e+01 3.332301322363227314e+01 3.503188490640330599e+01 3.219705376077494208e+01 3.956545525081461534e+01 4.381031994808902397e+01 3.801517526044101203e+01 3.200590766335140813e+01 2.202479800902404961e+01 2.733196049584383047e+01 3.422666874471612886e+01 3.636308644033230308e+01 2.656677627463531266e+01 2.656627312199170632e+01 3.051682505892778963e+01 2.208959644541569034e+01 2.495837250090416148e+01 2.804008377187533796e+01 3.367569566865534370e+01
2.528557239014665825e+01 2.406626012839422302e+01 1.999133793991671126e+01 1.077928563660645978e+01 1.146544527424513404e+01 1.146544527424513404e+01 1.146544527424513404e+01 2.177289559751665493e+01 2.268814773982601452e+01 3.291796733137381636e+01 3.462357735627654165e+01 2.552459544821397230e+01 2.425738149644923070e+01 3.421546279654173617e+01 4.189094379471044505e+01 4.599264534604000687e+01 5.006984865076831426e+01 5.141889520529427671e+01 4.597948280129247678e+01 4.193060696319000868e+01 3.635351745653206024e+01 3.991923889963398864e+01 4.370036939813827104e+01 4.057632620306426219e+01 3.025739865020962682e+01 2.409492193996055676e+01 2.713365341275884646e+01 3.599517875236033859e+01 4.112137675806315684e+01 4.037147027142322031e+01 3.636281929419019576e+01 3.634792227250705565e+01 3.326002750778854278e+01 2.333555146284275139e+01 3.326024628347331458e+01 3.770815650273001296e+01 4.170611608244664126e+01
