output/example/elevation_000023.asc
nrows	50
cellsize	20.0
xllcorner	0
ncols	50
yllcorner	0
NODATA_value	-9999
[rows 0 to 16 of 50, columns 0 to 36 of 50]
2.590084917154735766e-01 1.016444465201246672e+01 1.475618101008859284e+01 1.471420753676354920e+01 1.886258993296603848e+01 2.208698831759356906e+01 1.538444181758262275e+01 9.491085032398441257e+00 1.374694649312753292e+01 1.822411491686805718e+01 2.500210654190286164e+01 3.492836179546436171e+01 3.976356982693652498e+01 2.967699911266946344e+01 2.238930083243539571e+01 1.729584197758652664e+01 1.447976646689606106e+01 1.737258558120370111e+01 1.575930059703270558e+01 9.775743251313732785e+00 7.891397227429260752e+00 8.369046594805631401e+00 1.668336531154551139e+01 2.368319416297804736e+01 2.829932935584468368e+01 2.971880459002121100e+01 3.040086751337274151e+01 2.504122594616262631e+01 2.732283849684548116e+01 3.756017722062283326e+01 3.468079669737850423e+01 3.988902251323904835e+01 4.409451617572500481e+01 3.641084116198469900e+01 2.618838882836182691e+01 2.023019972379255549e+01 1.983887883811699027e+01
6.054987779269863646e-01 1.060549877593713397e+01 1.471420732766582162e+01 -4.239076276567638502e+01 1.471182773382418851e+01 1.787726136087766093e+01 7.682522054109427678e+00 8.192771054993212232e+00 1.048384948058425081e+01 1.954089527864163500e+01 2.692081704510018980e+01 3.160766911459000994e+01 3.766219966038687517e+01 3.402177918962534164e+01 2.428154446072514361e+01 1.901300540682957774e+01 2.016810674094632461e+01 1.991527240192480619e+01 2.271461368773871214e+01 1.420339596156651218e+01 8.008515994734292320e+00 7.942254199962846428e+00 1.786309551834196085e+01 2.624111438878103897e+01 2.717058974135039762e+01 3.135970762926272926e+01 3.951673648101077418e+01 3.529877595278734503e+01 3.755867664329713307e+01 4.176262970467387703e+01 4.493820967744658645e+01 4.177404972146888440e+01 3.762140757270436353e+01 3.650614323295755526e+01 3.087385333363550544e+01 2.093937398682830775e+01 1.645289953390575377e+01
3.430590528629120506e-01 1.034305898303223969e+01 1.192440316496531594e+01 6.746897013769181939e+00 4.695335791427361904e+00 1.267748600257457170e+01 6.416893922703659214e+00 7.609453824704164759e+00 1.238551027451061692e+01 1.432119924872153938e+01 1.752034997799122706e+01 2.294610035721606422e+01 3.358351546032894674e+01 3.757735168022195893e+01 2.925814779085770567e+01 2.620405298342569722e+01 2.783120874331229189e+01 2.717773984247782337e+01 2.346680416560267801e+01 1.407345108337610817e+01 7.796794387715921815e+00 7.866457743327019969e+00 1.388160345787187921e+01 1.631890643071736946e+01 1.684605116384814139e+01 2.618957177430835159e+01 3.021565455616111961e+01 3.468342850866870464e+01 4.060155407717459042e+01 4.351408762739456648e+01 3.935019116220953350e+01 3.762140757346044495e+01 2.758165966463162988e+01 2.646634216100228443e+01 3.093397140513868493e+01 2.741247443715407073e+01 1.727899379776181377e+01
8.235039275605838816e-01 9.072595917100922946e+00 2.473429546120712530e+00 3.241017385293556430e+00 6.680106232259499066e+00 -6.444637122968877918e+01 5.436065778760243994e+00 1.521461042721016810e+01 2.017311693112953108e+01 1.895525848087270049e+01 1.769026077953655829e+01 2.489506257494195651e+01 3.577071428236050110e+01 3.885792323302968043e+01 3.917476481593867987e+01 3.631739291782485424e+01 3.554072759201778808e+01 2.915564043027702823e+01 2.192522934585591443e+01 1.077530688860145602e+01 8.118290343627371897e+00 6.877959336130910373e+00 1.292235633183776677e+01 1.011653004322682392e+01 1.145145509506220982e+01 1.982250400925859424e+01 2.009618944418997799e+01 2.610220519621513446e+01 3.641755561753028303e+01 3.770745271710124058e+01 2.929391994411274425e+01 3.243640139890395346e+01 2.878533098600105689e+01 2.046265435832113511e+01 2.085154516909186739e+01 2.656437884586247478e+01 2.204478490168455806e+01
7.161369641965544819e-01 1.678387412845930404e+00 1.977875215004341714e+00 2.410039150323413093e+00 1.215011918878122721e+01 1.201784973810213231e+01 7.240744285311630613e+00 1.093158295073699904e+01 2.064074853404539311e+01 2.574113137545614904e+01 2.782689497391167777e+01 3.253862132336626445e+01 3.556563460532957066e+01 2.846405283946906195e+01 3.055044687111105972e+01 3.145984391527869661e+01 3.274570831569420903e+01 2.110953986798671522e+01 1.368207599712400224e+01 9.208661799177638940e+00 7.490172027817197709e+00 7.469459880000435703e+00 8.551591031209886395e+00 1.086255923727280148e+01 1.228492840633560057e+01 1.458168046697513809e+01 1.822037021294465475e+01 2.555646781787207900e+01 3.585438052992446956e+01 3.331886866240443368e+01 2.351706538190870432e+01 2.243022307240134339e+01 2.858705208367718598e+01 2.317578626334225333e+01 1.530940517196474282e+01 1.633566368324309792e+01 1.784931402310604653e+01
6.490390650280113416e-01 9.740252147574828712e+00 1.198473727091145413e+01 7.798014192189963723e+00 1.662034913189908281e+01 1.936533563835827820e+01 1.029768736857100109e+01 9.675933876880511875e+00 1.216701232375841180e+01 1.825962005197651905e+01 2.565093026718541580e+01 3.579124750033875557e+01 3.118735789489388566e+01 2.142564054427935005e+01 2.071404108568709646e+01 2.156404969394456472e+01 2.856780867084446029e+01 2.825097850922611897e+01 1.720967955503410352e+01 9.523582109080747315e+00 1.219958881767217740e+01 -1.565674210822793988e+01 1.059130247390693569e+01 1.951727115457595474e+01 1.873310550910372285e+01 1.683956663990826286e+01 2.080491201027342640e+01 2.764380986958642339e+01 3.725645945920444291e+01 3.339540590811092358e+01 2.335233432683260091e+01 1.766179765627838094e+01 1.846727615963650138e+01 2.482547585611210295e+01 1.836667708422353584e+01 1.098962579294365582e+01 1.245956349697063814e+01
9.330058981412470143e-01 8.004073710006691655e+00 1.800407370729588763e+01 1.780466362722068396e+01 2.195260440368999966e+01 2.036375597110042435e+01 2.018910989598212780e+01 1.223893267959475573e+01 1.344898353159100601e+01 1.845773758656254060e+01 2.575704420778149384e+01 3.585845856583888036e+01 2.976446117915211431e+01 1.997051088287611265e+01 1.522617735726631416e+01 1.431943214522271468e+01 2.183801764464202577e+01 2.607266199757469849e+01 2.341336375052945229e+01 2.013796926324223691e+01 1.594257554600307003e+01 6.946998815624227497e+00 6.918607150584827004e+00 1.505735391199186068e+01 2.147441486942213729e+01 2.393671525958566093e+01 2.267292296044825406e+01 2.934332332282490796e+01 3.889022119430399016e+01 3.321711596499587671e+01 2.318896684771060990e+01 1.733903466682819072e+01 1.378225966918379797e+01 1.456118640934919384e+01 2.097971759792182667e+01 1.319116704229113246e+01 7.325684218396097513e+00
5.188205228764638521e-01 8.236260438008280005e+00 1.538873066178696369e+01 2.119246504991594904e+01 2.591183285731504071e+01 3.043826881426219089e+01 2.710220234134706629e+01 1.838809065926264807e+01 1.857595788346585408e+01 2.354270633672431146e+01 3.288415447961093463e+01 3.382670522316409034e+01 2.401581235620594512e+01 1.837319657710189347e+01 1.393666523809147861e+01 1.160263520327971953e+01 1.207570085160831574e+01 1.657961133495830808e+01 2.024152912319404152e+01 1.754067086857382307e+01 1.490272794904641707e+01 -1.175637657029390937e+00 7.517654811482093358e+00 -2.514543430890271658e+00 1.205976737161112844e+01 2.523179895698620001e+01 3.198981128801497675e+01 3.614546567351226258e+01 3.789268281626473822e+01 3.737610127591989340e+01 3.158423073097759115e+01 2.419228927418774688e+01 1.417138229108356740e+01 1.032190497871669876e+01 1.062662362482238088e+01 7.087836874106769436e+00 6.918722829249612793e+00
7.467319160170617920e-01 3.761845361794700526e+00 7.297379267727443164e+00 1.176951522273441952e+01 1.884058314360923347e+01 2.884060998048284219e+01 3.295626346244590366e+01 2.877467088812603535e+01 2.584066334861437397e+01 3.296538313926065200e+01 3.784966192705523724e+01 3.794583887705531566e+01 3.225892926721858345e+01 2.363012860807440418e+01 1.867238671433722885e+01 1.022361150573011024e+01 8.495383857213139933e+00 7.185027731825493369e+00 1.169092943460265133e+01 1.463667334281950616e+01 6.004171904788433878e+00 1.421949429990688962e+01 1.783998899974699981e+01 1.560769008724185802e+01 2.089804090595180597e+01 2.834385341818860127e+01 3.531139391067063116e+01 3.495795500329600713e+01 2.788609117194146592e+01 2.915196496965418760e+01 3.329329160957287570e+01 2.855207894363011434e+01 2.084203180735533323e+01 1.049818560996432915e+01 7.346867438739614009e+00 6.383972521972164138e+00 6.314334291805224098e+00
7.351574092455022136e-01 8.577098313442499844e+00 1.545301787685299644e+01 2.122638952827317027e+01 2.591178587243445719e+01 2.899571494631461022e+01 3.095069769451820818e+01 3.509272463410626841e+01 3.593701007246958312e+01 3.890959792305313414e+01 3.477037576397058416e+01 3.890959791714139726e+01 3.760327903628562041e+01 2.807154966763352988e+01 1.767637943300617920e+01 1.784059766308918427e+01 7.733824139785281382e+00 6.699213947151950954e+00 -3.828513333534927909e+01 -1.745530186717333976e+01 5.123874334529235242e+00 4.969682568443200665e+00 1.048851294358059505e+01 1.120968202497483901e+01 1.618054213362493243e+01 2.176328470681868765e+01 3.132335299662759098e+01 3.063259282000388950e+01 2.081524982413668567e+01 1.917428003406332593e+01 2.863314486945845161e+01 3.093109971445958806e+01 2.084088677413198099e+01 1.564631669232752209e+01 8.735958138736027223e+00 5.803368803385806629e+00 5.235907355092218829e+00
5.269872374626074496e-01 7.598055049328049648e+00 1.759805504663443543e+01 2.688035265448374034e+01 2.399989122052349799e+01 1.896010633207295726e+01 2.094519832228485967e+01 3.095069730289206689e+01 3.485152368594621919e+01 3.071300608313613623e+01 2.480952269808978272e+01 3.392446850556392945e+01 4.028740304241078007e+01 3.229866573565529109e+01 2.807154966736732504e+01 2.321412681217221063e+01 1.374717468138494070e+01 1.277204122714712753e+01 1.424525671043252650e+01 1.380295501459234764e+01 8.562054912743846558e+00 6.381332036710888111e+00 4.416863252424041875e+00 1.313109639384685678e+01 1.700633624915428754e+01 2.265914288097452456e+01 2.682589902886426714e+01 2.806694311596854874e+01 2.113470844055802544e+01 1.449321798984099097e+01 2.255904639671110345e+01 2.693909585151564556e+01 2.989009221926392357e+01 2.350969756291488011e+01 1.624647315993823682e+01 1.652582251403903513e+01 8.294473979958411292e+00
1.383962708379395945e-01 7.209464094503900355e+00 1.720947364209083119e+01 1.688779712734485727e+01 1.399547504862656488e+01 1.387938711913024825e+01 1.870240947745290683e+01 2.870539530229654446e+01 3.000833002994689735e+01 2.073140438425057042e+01 1.983370939931572963e+01 2.768615898234373773e+01 3.403403524148118464e+01 2.624979113763923166e+01 2.609087437436035728e+01 2.772389401000750553e+01 2.359323845178367662e+01 2.245871365930904417e+01 2.303831801778277111e+01 1.453803597932034819e+01 1.272843656893990349e+01 -2.395297231989201414e+00 3.796158185630706949e+00 3.650587436189961732e+00 1.330890010660557010e+01 1.269664727856365083e+01 2.209416402875225671e+01 2.393648339352759180e+01 1.397438230540130988e+01 1.135893716965525790e+01 1.264238268870057880e+01 1.971343165939303077e+01 2.000607466234913900e+01 2.485342658657009807e+01 2.609737502181117819e+01 1.978618528129053544e+01 9.710969421839232396e+00
6.756183529128325649e-01 1.067561835204184462e+01 1.700245378523707274e+01 9.809488135491337246e+00 9.417105776879573398e+00 1.358119443032930462e+01 2.354070226475188932e+01 3.284561105131100334e+01 2.571513868165131456e+01 1.589031603450107077e+01 1.574115708581399176e+01 2.546069725339883405e+01 2.992595559204604427e+01 1.999131588194504516e+01 1.628567803056654029e+01 2.081284670890880406e+01 2.494765896895503232e+01 2.696933018547633054e+01 2.685855792483977211e+01 2.303907386490641684e+01 1.869971633933460353e+01 1.365820900570667895e+01 6.381827432138496015e+00 3.597894646693941656e+00 3.979219433563396802e+00 9.304680120942212085e+00 1.811342312370308605e+01 1.985584919002507576e+01 1.714688599590132512e+01 8.745482465378140446e+00 8.441720724739788295e+00 1.027531207749915509e+01 9.314936713639243138e+00 1.512329951683751261e+01 1.975653466861091445e+01 1.573365850411685152e+01 1.174934944485709482e-01
1.053743069371424479e-01 1.010537338187993939e+01 7.225271464286127099e+00 5.927117697752493086e+00 1.065244746709688428e+01 2.061025723333412074e+01 2.768795968255024675e+01 3.182867208115691326e+01 2.802275125147671631e+01 1.801251367875070386e+01 1.309506476362510696e+01 1.992375246544773049e+01 2.429024820055444778e+01 2.157988274690453778e+01 1.197566836068956597e+01 1.080549846893600829e+01 1.833027785707978197e+01 1.692017894171813452e+01 2.402466187676420617e+01 2.410233006836409686e+01 2.433769699408565046e+01 1.482421024258509412e+01 1.205449837322267648e+01 3.811184578252470256e+00 3.427774361436980666e+00 9.945867054071289459e+00 1.711023433297764385e+01 6.697352504238786253e+00 5.997276493294032562e+00 8.286351991786908400e+00 5.734726427625142620e+00 -1.096460059993247711e+02 -5.477149781554340180e+00 -9.235710082486226824e+00 1.421200267901189918e+01 8.333572588182725838e+00 4.671680738350576512e+00
4.388850927889174081e-01 6.063668673772629525e+00 2.908473185454430343e+00 7.199599145395803035e+00 1.728477809501363183e+01 2.037893407953210101e+01 2.185119521036271806e+01 2.185119521487525418e+01 2.754023701225188958e+01 1.751088667085642925e+01 1.079846804010752592e+01 1.014612622112930573e+01 2.016165025792244236e+01 2.205769938038595512e+01 1.210580024761138773e+01 7.250717851866639307e+00 8.254170772996264560e+00 9.839298879269897213e+00 1.872615670294564438e+01 1.411488262503603863e+01 2.117532333206102280e+01 2.020857244729022995e+01 1.019676329853273877e+01 -1.940857657444522033e+01 3.012888687582349956e+00 -1.531119044409141168e+02 1.268458840824757949e+01 -3.225670551899732175e+00 3.176520450043096577e+00 2.054961103031755609e+00 3.420741894299222263e+00 9.095384444799540447e+00 2.540045242391594016e+00 3.975988665290566715e+00 1.261201389121804972e+01 3.945176913992387568e+00 4.488683398862639784e+00
8.953435393330821945e-01 3.413387800369415692e-01 5.706438677707438956e+00 9.497139852177395980e+00 1.196108252731922228e+01 1.038581446650847617e+01 1.189301593521738276e+01 2.090580624874937499e+01 2.815164021547019857e+01 1.817481264877125469e+01 1.112548801779003504e+01 8.112294441035603043e+00 1.528904223392837736e+01 1.976289535872053094e+01 1.834024640606910594e+01 8.388122301768941469e+00 3.631548918978107832e+00 4.879279907922598802e+00 1.440666529414170860e+01 7.056790191400105883e+00 1.597135609905533293e+01 2.238555740740813960e+01 1.736059021318017770e+01 1.305558231354676835e+01 8.304022770752009563e+00 3.040926576732601472e+00 3.104854072080743155e+00 9.915453782611354683e+00 5.239013742829826015e+00 -2.747130063158378732e+01 -2.927574503214054147e+01 1.166523048732832457e+01 9.308036713494560743e+00 1.050164887074009989e+01 -4.262738962861940539e-01 -1.654048827399661903e+01 -2.335364295354335340e+01
1.994484013391750743e-02 -7.136276440544558897e-02 -3.377265539849789775e+02 -1.232199864997265593e+02 2.410311622910221718e+00 5.520691840913778847e+00 1.140515529484517288e+01 2.135126448182917613e+01 2.886121021056155911e+01 1.887331060115391423e+01 1.177568453842168594e+01 6.320244926667895946e+00 5.686462524566779919e+00 1.561811769417414730e+01 1.574776972979305967e+01 1.161170975588622767e+01 8.109362694102857816e+00 -4.381967585032724060e+02 9.992331950413371189e+00 -1.819757989177362276e+02 8.819054107323429648e+00 1.528870307965126507e+01 1.667678391957393913e+01 1.056467466494238749e+01 5.882817210877154146e+00 2.315885991412813372e+00 9.682534732574390901e+00 6.753222333187228088e+00 1.348038253240295958e+01 7.723269299511057007e+00 8.191970826472113387e+00 1.654928140733059649e+01 1.349956840871228358e+01 4.930705477216703159e+00 9.079266895288846229e+00 1.340173235793220563e+01 1.408251939099927519e+01
