output/example/elevation_000005.asc
nrows	75
cellsize	133.333333333
xllcorner	0
ncols	75
yllcorner	0
NODATA_value	-9999
[rows 17 to 33 of 75, columns 0 to 36 of 75]
6.278147767783714972e-01 9.994260867515936297e+01 1.509283247265513239e+02 1.055733496416705890e+02 1.499784530237092781e+02 2.080900001875758960e+02 2.426929643946665465e+02 2.379968663578398207e+02 2.207750149971040230e+02 1.410712246510121304e+02 5.736384640067635843e+01 1.903590763014277627e+02 2.158677195481895694e+02 2.265628689567074616e+02 2.391018346428003554e+02 9.591861997016285102e+01 2.321338915424080938e+02 1.928952177972433049e+02 3.247325082855828100e+02 3.878026645585815118e+02 3.582465253105452803e+02 1.940998710140671619e+02 3.879258336905546116e+02 4.147156504781805211e+02 4.789356570530659383e+02 4.904574401080514008e+02 4.926664883227412020e+02 4.905362409020330574e+02 4.776655259043355954e+02 4.959082509453011198e+02 4.996433227210496284e+02 4.999571959457611001e+02 5.000337111743817786e+02 5.000249293714470014e+02 5.000047858617533052e+02 5.000224979023734022e+02 5.000199199615333328e+02
9.333890302168857955e-01 2.851794791602317858e+01 5.672934812292220386e+01 1.510601933171538178e+02 2.244670405245232416e+02 2.210396795582034883e+02 1.966045418513023151e+02 1.090456376943412664e+02 1.628327792515665351e+02 4.940618648507689414e+01 1.749375947137110359e+02 1.280470840834145747e+02 2.085974588697628747e+02 3.310856776202209630e+02 3.002173724975498317e+02 1.621203638835566494e+02 2.325487108482309111e+02 3.234141062084283931e+02 3.127122671708309554e+02 4.224593213569565364e+02 4.137702602142110777e+02 3.655157998411500557e+02 2.329677589831530042e+02 4.151907396808872477e+02 4.393075413185528646e+02 4.768496924846565435e+02 4.932985247422652151e+02 4.980008639517465099e+02 4.974707218801110571e+02 4.949670622127368347e+02 4.988534886485617221e+02 4.998361085472517402e+02 5.000304360752368211e+02 5.000369833457582445e+02 5.000330406885166781e+02 5.000445146889772445e+02 5.000257673492997128e+02
9.343791665630089005e-01 1.002773710762715353e+02 1.509234702025523234e+02 1.855265841110515908e+02 1.750992477868695119e+02 1.060128756304076632e+02 1.420334222879719732e+02 3.666376645112340782e+01 4.181095563352134548e+01 1.630877393702420193e+02 2.209201783389509615e+02 2.608318353568769226e+02 2.610462455965902677e+02 3.596021524934573108e+02 3.570396566806999772e+02 3.078014074007613772e+02 3.043786604553761777e+02 3.666413661745502850e+02 4.159252148544458123e+02 4.262841237375067749e+02 4.712229433949622148e+02 4.354583210009944878e+02 3.949063418975732134e+02 2.786829808664883785e+02 4.075389215512278724e+02 4.567779519291522661e+02 4.927567519638915314e+02 4.972169059819376571e+02 4.983801836826636986e+02 4.990677856093909668e+02 4.996981293926916123e+02 4.999764238979623769e+02 5.000226105976262829e+02 5.000531100238741260e+02 5.000516711099242571e+02 5.000276546000815756e+02 5.000236165829987840e+02
4.696025931229614869e-01 7.160332405764052055e+01 1.719959280010683358e+02 1.664153967509048186e+02 1.257634009989125303e+02 2.445879894413029376e+01 2.950314403581297285e+01 1.422466403777545167e+02 1.628281163285515731e+02 1.056783645970167953e+02 1.685937600415819588e+02 2.581639803180403874e+02 3.626917669681897110e+02 3.924267672549465260e+02 4.006659430737162779e+02 4.162833952260571095e+02 4.164647973890560593e+02 4.347420635460614449e+02 4.568497148753339161e+02 4.763632089300425037e+02 4.823973857751593641e+02 4.809035457377684679e+02 4.542623743809767802e+02 4.392947706082052832e+02 3.281701933248117484e+02 4.595159002062799800e+02 4.752753813695756548e+02 4.837722818081409173e+02 4.887811109173221098e+02 4.986866618291389841e+02 4.995047977675217794e+02 4.999812795770937441e+02 5.000434754336783953e+02 5.000521174385470999e+02 5.000405025768571363e+02 5.000454099562244892e+02 5.000319922197351730e+02
4.671211237371231118e-01 9.813189149144821499e+01 1.121577952171894736e+02 1.176446087280462791e+02 1.884882598033928502e+01 1.257783019355367173e+02 3.391911756903497377e+01 1.467193140679063674e+02 2.024189067589222191e+02 2.288021673849320621e+02 2.683426452757144034e+02 3.226741152512560689e+02 3.407483658363878476e+02 3.147897475402948544e+02 3.051695663364722009e+02 3.526947207246113294e+02 4.237755854036554979e+02 4.533908628836286425e+02 4.413394858556387703e+02 4.475770875240070836e+02 4.554633293934950302e+02 4.708073925587253257e+02 4.781115271549480781e+02 4.690446205010646281e+02 4.596418844247378388e+02 3.766565115770955003e+02 4.089935569903245209e+02 4.368336686180969082e+02 4.888746317219533353e+02 4.935597302882164854e+02 4.990295828208427906e+02 4.997918286966240089e+02 5.000136701891260032e+02 5.000205789560267817e+02 5.000010064076723779e+02 5.000291439826394821e+02 5.000323639697695057e+02
3.248811761027110556e-01 9.967139328366884854e+01 9.386474009114083472e+00 1.327685772424926469e+01 1.176949287247054201e+02 1.667202876930807633e+02 1.467153860977304589e+02 4.387242630994791881e+01 1.594771809052524247e+02 2.160490887369331290e+02 2.742396665769214223e+02 2.350458864929588287e+02 2.282483426732063094e+02 1.935575940515803097e+02 2.464450521792970505e+02 3.422554703211361584e+02 4.313434402475780871e+02 4.068049927654788576e+02 3.421185611484091851e+02 3.628694733131750922e+02 4.365754538887283047e+02 4.039322903901119162e+02 4.439025279090726031e+02 4.674213089316082801e+02 4.780836598063696670e+02 4.647350450855882968e+02 4.801418932957151355e+02 4.880154607552950665e+02 4.650348673733759028e+02 4.952335297291747906e+02 4.971515584893704727e+02 4.996850416405172837e+02 4.999241542401832135e+02 4.999326401164818776e+02 4.999417735912275020e+02 5.000047568574860293e+02 5.000357498830281884e+02
1.190754202154438168e-01 3.920201831393463454e+00 1.019974763897167236e+02 1.176228367223959026e+02 6.191996667709502589e+01 1.649952652864411959e+02 2.011686511821399677e+02 1.597259734383329999e+02 5.436003395115466930e+01 1.702967113014676954e+02 1.963786735428377881e+02 1.111525172682826650e+02 1.398065013949237141e+02 2.204062779372950160e+02 3.362399418055768479e+02 3.877353917133875143e+02 4.070973132357797795e+02 3.664278241034502912e+02 2.435344361883620934e+02 3.331948074771784718e+02 3.846787144554167526e+02 3.164583950076564065e+02 3.708368580627146116e+02 4.239106646473193223e+02 4.733940353729723824e+02 4.932376290762913982e+02 4.959926342127616863e+02 4.964629360072389659e+02 4.952364133931973811e+02 4.829725343600383667e+02 4.979961573658437715e+02 4.994672664426479400e+02 4.990863563838223058e+02 4.997081039657186921e+02 4.999952818436995017e+02 4.999974327670310572e+02 5.000113699512081098e+02
3.133428407152799577e-01 9.966036868072689003e+01 1.434060367872393158e+02 2.019606505329263655e+02 1.619361872381041110e+02 1.280262284633495256e+02 2.275498221824609857e+02 2.157081502564017512e+02 1.453192065499648891e+02 6.537095530083456651e+01 7.340008541799205943e+01 1.969209798113421641e+02 2.554753668997778959e+02 3.031797557478143403e+02 3.613410636782488154e+02 3.535777554679542618e+02 2.989270164021875757e+02 2.992260176460227967e+02 1.848624688385131662e+02 2.150540848475492908e+02 2.505414041681472384e+02 3.403968022460457519e+02 4.275762003032523353e+02 4.575453594588880719e+02 4.725104486809203763e+02 4.912987842852733706e+02 4.982920150086928288e+02 4.990091837516301894e+02 4.985165131117315127e+02 4.979902077755192522e+02 4.928287734440617669e+02 4.969402035702123044e+02 4.996227416649796851e+02 4.999439399354582179e+02 5.000175006975818519e+02 5.000144791129858390e+02 5.000170486844925790e+02
9.928176626908779001e-01 4.559379180945202137e+01 1.151620031692169306e+02 2.096705912882499945e+02 2.612100399950757037e+02 2.279440829789762120e+02 2.499253698558782730e+02 3.035026601813092384e+02 2.298621621140359252e+02 1.440349860152314250e+02 1.966662480865559530e+02 8.560979397914022115e+01 2.127811710563026679e+02 2.409187810442815874e+02 2.369988206566768554e+02 2.278489803509259275e+02 2.792335362793005515e+02 1.508313164060102736e+02 2.992262832743462013e+02 3.564629002926741919e+02 3.875447313740446589e+02 4.150518275414403888e+02 4.556400066115739946e+02 4.834969724964100806e+02 4.916914384431805729e+02 4.947477719793371307e+02 4.938035309645085817e+02 4.936536288870349267e+02 4.982736168494146796e+02 4.994622455532604590e+02 4.992600732326101820e+02 4.984670100688871344e+02 4.998144529556680027e+02 5.000156052021783353e+02 5.000471640746480944e+02 5.000369998351341110e+02 5.000383229213386471e+02
8.098593596749129597e-01 1.001524867892426016e+02 1.391919164993564095e+02 2.211447410837095617e+02 2.542114337815056899e+02 2.552543239822757926e+02 2.858260906731968589e+02 2.642406414601384768e+02 2.922706229497379695e+02 2.750495425802222371e+02 2.553895833188298923e+02 1.812638481394232599e+02 9.818042540562183262e+01 1.072208725033857775e+02 1.164645272764085462e+02 1.260169653634003453e+02 1.358949885208254216e+02 2.795809689785870091e+02 1.695143486199243341e+02 3.241087530600265723e+02 3.805056808906677475e+02 4.440269565431065644e+02 4.669060764556780896e+02 4.847909839560846308e+02 4.863386687457061726e+02 4.832631224393425100e+02 4.660969276585190642e+02 4.859141236632055438e+02 4.970107149170034972e+02 4.996214201410627993e+02 4.999292950588998110e+02 4.998834590341851936e+02 4.997625813020463852e+02 4.999901630389205707e+02 5.000403604692872932e+02 5.000413784737532410e+02 5.000425169282199818e+02
5.647759371839101705e-01 7.121866248063496130e+01 1.691753570730787146e+02 2.135125230296027894e+02 1.514569688145734290e+02 1.595885829145338732e+02 2.129521458447584337e+02 1.686097737637682030e+02 2.236649740870012693e+02 3.075722608868213115e+02 3.406582221631161360e+02 2.714373958519287839e+02 2.292532924632490108e+02 2.011916293745313169e+02 1.990421155267607958e+02 2.652648099504271499e+02 2.106730357088073617e+02 3.143653405074614966e+02 3.241007032049850523e+02 1.906922259001929660e+02 3.169970686968620157e+02 3.753783501894528740e+02 4.404040961010584851e+02 4.413318632218021662e+02 4.501851324753412200e+02 4.229509802381820691e+02 4.835258083985081612e+02 4.954113120513483182e+02 4.967645811179764905e+02 4.992550342870143254e+02 4.999432185166701856e+02 5.000015845385571538e+02 5.000001203712884035e+02 5.000138981697248255e+02 5.000345242022148113e+02 5.000323699334315961e+02 5.000331584176011006e+02
7.582905442777093663e-01 1.001008364568923241e+02 1.153748367374169987e+02 1.234617429151458765e+02 7.643988857148605121e+01 1.714369773605350815e+02 1.132555656937378927e+02 2.133039315656014878e+02 2.962686982925476400e+02 3.400960178357821064e+02 3.288215249665029205e+02 2.956450178317759878e+02 3.298770293188700862e+02 3.255011343325568873e+02 3.339140902946340930e+02 3.654166422250058872e+02 3.476928446405022441e+02 3.477247375807638718e+02 3.797873549277786651e+02 3.495424721540991300e+02 2.155229287985372366e+02 3.373354147747142520e+02 4.179283895794231967e+02 3.165301782014581136e+02 3.527074325705598312e+02 4.629654007482549218e+02 4.869359405245939456e+02 4.944305684793247906e+02 4.979933182610300264e+02 4.994447183365467140e+02 4.999408868761434519e+02 5.000209348650363381e+02 5.000204654853162651e+02 5.000198903672404640e+02 5.000238852289212446e+02 5.000338290296170385e+02 5.000259825503690081e+02
3.106133300308140388e-01 7.341194436842940263e+00 1.443765711682013730e+01 2.166426959752763537e+01 1.235386133417026429e+02 7.095074575083974366e+01 1.726614721521665103e+02 2.132992756779357819e+02 3.074271096798981944e+02 3.234022626330352637e+02 2.739315424094417608e+02 1.733798681995119466e+02 2.476424856862371087e+02 2.662031785967096766e+02 3.055763334331162469e+02 3.790274676674355305e+02 4.016290965387334495e+02 4.228478193456152212e+02 4.483886092351662569e+02 4.021599481325551437e+02 3.753684226974639273e+02 2.452210415863079902e+02 2.697558502075415277e+02 4.200696908060058945e+02 4.591769017305390435e+02 4.098547257399894193e+02 4.488789130764261586e+02 4.758770514145480774e+02 4.908224714943311824e+02 4.992360540476982464e+02 4.998913424470887321e+02 5.000260494708070951e+02 5.000211649663370395e+02 5.000113455377399987e+02 5.000215523583208324e+02 5.000126209794177612e+02 5.000280168578055964e+02
9.522306102595711197e-01 1.002953232698236121e+02 1.154050182483396014e+02 1.234475949840764315e+02 3.236806422457905086e+01 1.357060593961313089e+02 1.446790697895400797e+02 2.366556933654602801e+02 2.632628398913724368e+02 2.140497530782243416e+02 2.129647636459086470e+02 1.132395602288579823e+02 1.253730772968821015e+02 1.380787154896030700e+02 2.320918571838460025e+02 3.013070252221698979e+02 2.829196884425673488e+02 3.644986988975501276e+02 4.247014151328058915e+02 4.525402315071295902e+02 4.233306353355754936e+02 3.237210745789087696e+02 4.179177434793939483e+02 3.455760516283355628e+02 4.560026995818356568e+02 4.822314243256711848e+02 4.689424378895936911e+02 4.944225054015463456e+02 4.972530014112874710e+02 4.979136098121625764e+02 4.998930427047228022e+02 5.000032130134994190e+02 5.000069608817319704e+02 5.000173207328888907e+02 5.000020166143383449e+02 5.000191305666190829e+02 5.000148402229966109e+02
5.499842727366835993e-01 9.989098273628360403e+01 1.826778401713521021e+02 1.740203075396505596e+02 1.356991601890107120e+02 4.379136159801921480e+01 1.488114283125120494e+02 1.722702440653832525e+02 1.518265652089329478e+02 1.932177931966249105e+02 9.703931996084534717e+01 2.129645039765266574e+02 2.494230391338473964e+02 2.658857046889321509e+02 1.577162101620585304e+02 1.725406296673401414e+02 1.885833185811550265e+02 2.961820279967935790e+02 3.449141119205535233e+02 4.391718631779759789e+02 4.539364564311672439e+02 4.399922675415039066e+02 4.157290605599606579e+02 4.559140589004887261e+02 4.116283092062359401e+02 4.793473963838273448e+02 4.941124576616359150e+02 4.913046301064931640e+02 4.989505449967350614e+02 4.998028180422656419e+02 4.996648005841980194e+02 4.999963099375159459e+02 4.999983130895161594e+02 5.000068863957776557e+02 5.000010021531311963e+02 5.000026829589067461e+02 5.000229906177275438e+02
1.082394608984237339e-01 5.004860252997227121e+01 1.193597370500863235e+02 2.086834880475304601e+02 1.873907099292590317e+02 1.488065423142898851e+02 5.554630834620353852e+01 6.415239671596590654e+01 7.290106102909344088e+01 8.186432490694923558e+01 1.934660890669914579e+02 2.129670274243806887e+02 3.213590727545177970e+02 3.285774250628144273e+02 2.926832960522439748e+02 3.066389515999787250e+02 3.303042635886591825e+02 2.157585125239718025e+02 3.624186733828232718e+02 4.163457404223862000e+02 4.645565001368714206e+02 4.810810634174380311e+02 4.751074853211467257e+02 4.719652172757055837e+02 4.793406324759553740e+02 4.585704147038748602e+02 4.841519269884681194e+02 4.960262748526620840e+02 4.981764318475714504e+02 4.996746807109373663e+02 4.999667931174728324e+02 4.999642339939601925e+02 5.000027311127856251e+02 5.000006718827233954e+02 5.000044999490596069e+02 5.000089801984008204e+02 5.000267382744003726e+02
1.058428616300536307e-01 9.945213718636816225e+01 1.699095670679421346e+02 2.088492909445194528e+02 2.612138066852554061e+02 1.999663741920684856e+02 9.320780320926114371e+01 1.711144583608331970e+02 1.496652060068545893e+02 1.932168495057560165e+02 1.073119596545570147e+02 2.197730005710827754e+02 2.695787614414845166e+02 2.972461337051689725e+02 3.321355929454334728e+02 3.959295776075327922e+02 3.895202100507629552e+02 3.623953588805356389e+02 2.492814865700018743e+02 3.681199337191877703e+02 4.391937656791747031e+02 4.424195627450134225e+02 4.844854686215812194e+02 4.926919693367058812e+02 4.928516646867033728e+02 4.900774716213734337e+02 4.895373574957284291e+02 4.973444142206120091e+02 4.994933807226746012e+02 4.998302560726326647e+02 4.999926574682635874e+02 5.000028204127802951e+02 5.000101430231030122e+02 5.000018953101506440e+02 5.000007594672640039e+02 5.000008835020171318e+02 5.000119781652808797e+02
