output/example/elevation_average_000084.asc
nrows	75
cellsize	133.333333333
xllcorner	0
ncols	75
yllcorner	0
NODATA_value	-9999
[rows 0 to 16 of 75, columns 0 to 36 of 75]
4.840509446848720865e-01 9.929797306470634055e+01 1.359493399319918865e+02 1.553705383581292949e+02 1.374769952307487699e+02 2.063170313431259331e+02 3.025481482233983002e+02 3.459062097912201921e+02 3.751621367243384384e+02 3.714345853123120378e+02 3.399464271865854244e+02 3.422365913874160128e+02 3.388730258170324987e+02 3.744155094076958790e+02 4.341081701133626325e+02 4.337693958887571171e+02 3.969971463023853744e+02 4.340902471624035002e+02 4.302351893411099581e+02 4.042362900423058818e+02 4.144655589008088441e+02 4.530610638060387032e+02 4.480715421373925551e+02 4.519570377998069262e+02 4.905902798075383657e+02 5.188733675421882481e+02 5.082330755398471069e+02 5.229662826260204156e+02 4.850885819765555880e+02 4.671449132055057589e+02 4.600253007404901950e+02 4.892140989613460533e+02 4.916316905308638070e+02 4.670068665426741177e+02 4.996536431061729218e+02 5.083192400988664872e+02 4.795939530329359286e+02
6.497923401133355314e-01 1.904325617439842588e+01 3.769268810281970161e+01 5.735666753564380826e+01 1.554661908254710454e+02 2.274257809498822667e+02 2.737488859239998078e+02 2.529178134019345237e+02 3.268482614398445776e+02 3.264610155382880521e+02 2.442976422962732101e+02 2.510969429294588053e+02 2.428851204819574150e+02 3.068471495260287725e+02 3.921860528262679395e+02 3.766267107651915467e+02 3.022586412447130897e+02 3.869286049907699407e+02 3.355830833456060418e+02 3.092518077505499718e+02 3.196055243465189619e+02 4.002364489334236168e+02 3.536861147183986418e+02 3.577774882083359103e+02 4.473492371832898016e+02 4.321115281942011848e+02 4.148744223411389385e+02 5.070850095068169026e+02 4.445787502933691826e+02 3.763000588377115605e+02 3.666258554711893112e+02 4.308283016705901787e+02 4.308435537420069181e+02 3.738357286812921529e+02 4.484558973903670562e+02 4.531555852622374800e+02 3.876915798066449383e+02
6.883992401879653888e-01 9.949478979806410450e+01 1.359518366853424141e+02 1.552780350960355520e+02 8.994955919141808920e+01 1.876560898246685554e+02 1.771895433460433935e+02 2.619266520905864013e+02 2.841708972399189861e+02 3.018834457346696922e+02 2.763019662198100264e+02 1.832884783292817019e+02 2.791851219862205085e+02 3.179220130137328511e+02 3.657896035606302689e+02 3.463446087841196572e+02 2.528168968752975729e+02 3.457652269815174009e+02 3.364125416608529235e+02 2.411678506978041128e+02 3.185227290424414264e+02 3.055704669838359564e+02 2.869997475934827662e+02 3.808739220058005799e+02 4.125485712438088512e+02 3.576358364250263548e+02 4.518367256429419854e+02 4.673152931168399391e+02 4.402961606606090186e+02 4.044023935205708540e+02 3.275283367801414443e+02 4.128096771721704954e+02 4.135045850190737724e+02 3.357732362830780062e+02 4.213775561408190242e+02 4.257712360684785722e+02 3.349370557416311271e+02
9.527043435140133409e-01 9.975548522782223415e+01 1.882194026368272546e+02 2.270843429309963994e+02 1.876281875265221117e+02 1.281746703974633590e+02 2.253862868424679391e+02 2.579968689220569331e+02 1.991903188503721935e+02 2.125609298097090800e+02 2.511614902662707607e+02 1.617300283869965369e+02 2.529721953022190064e+02 2.314708877717528139e+02 3.118454702677622663e+02 3.129519970453486621e+02 2.194790247055988459e+02 2.745845254871211978e+02 2.864962439383508013e+02 2.088177181935276394e+02 2.231536107581022748e+02 2.383343735405886434e+02 2.564705813622842925e+02 3.520410207058367291e+02 3.177956320941773924e+02 4.118188527403426633e+02 4.725739271975851352e+02 4.466864665184484124e+02 3.807012539288297717e+02 3.406449382392347616e+02 3.075336436688513686e+02 3.924995641455857367e+02 3.889146930972060545e+02 3.057041999118552553e+02 3.872276399601985304e+02 3.890888687774556729e+02 2.984311025377758710e+02
6.729967576641545657e-01 5.002018174518877203e+01 1.190994964177584308e+02 2.161661253010108226e+02 2.647032702354458138e+02 2.253845352554229180e+02 2.646896157969207479e+02 2.123919746498145571e+02 1.282185411644691726e+02 1.411397915851914320e+02 2.162017978462462793e+02 1.328023198118100936e+02 2.267990803869998047e+02 1.763933953398622521e+02 2.388581360326369918e+02 2.449638304382114029e+02 2.586376519912597018e+02 1.779436590876702553e+02 1.904477261940261599e+02 2.869257540243390281e+02 2.792139679919396826e+02 3.340111125689783762e+02 3.520012356058180671e+02 2.838248418445755306e+02 3.790337643934517473e+02 4.511043551767141366e+02 4.631260287510115745e+02 4.214428656597840472e+02 4.002304424366589615e+02 3.640395444798172662e+02 2.812382260104402576e+02 3.649136647699007199e+02 3.613452037626109359e+02 2.711096613295387101e+02 3.559614383771951225e+02 3.518112000923741789e+02 3.217594695680198811e+02
6.149197931285226293e-01 9.942413432213805891e+01 1.460974903000704614e+02 1.918509765151019053e+02 1.803729205953998189e+02 1.404423867689379506e+02 1.804718384895902261e+02 1.617995100340320960e+02 7.467722639820121344e+01 8.252174113978828984e+01 1.803472705003794090e+02 1.056933754906497427e+02 2.032388554276597574e+02 1.319896762368900625e+02 1.418078156911425083e+02 1.517705069327853380e+02 1.618500747773148589e+02 2.586938258900651135e+02 2.868295238999886578e+02 3.249349125380874739e+02 3.742482569976585864e+02 4.133822988466048400e+02 4.177723254544747533e+02 3.489423237897786976e+02 3.910780410017920303e+02 4.164112587547442104e+02 4.316732133236068307e+02 3.669242287368339248e+02 3.220256423236753562e+02 2.844519395698875428e+02 2.487423467745651067e+02 3.128437774700356613e+02 3.312311732377821727e+02 2.404037113504458603e+02 3.222223288178669236e+02 2.970242545267791456e+02 2.259350609794934144e+02
5.036282395543789647e-02 7.163605261864942619e+00 1.058997404661472643e+02 9.490317394917367722e+01 1.297855497691831772e+02 4.212257406440063079e+01 1.403865351558567340e+02 6.374543852776219666e+01 1.617965347957491815e+02 1.803068469734622283e+02 9.380636888691149977e+01 1.914994331792786397e+02 1.184566831098661766e+02 2.158464194018243063e+02 2.388547557398488834e+02 2.486836312662706803e+02 2.586441054328908535e+02 1.957199873628634066e+02 2.921340704658144887e+02 3.622786469028336569e+02 3.991894964264096188e+02 4.483318825097066451e+02 4.742374318691798294e+02 4.376779785352636054e+02 3.966053202885195788e+02 3.351277590749183446e+02 4.000380823247117519e+02 4.170246854940924095e+02 3.951859188524217643e+02 3.586290640177108457e+02 3.090802155910217834e+02 2.210764225634501088e+02 2.818928134070853275e+02 2.126269435519370745e+02 2.727361032341557348e+02 2.004633396033069914e+02 2.970638691037569856e+02
2.473071933081959495e-01 9.906421425116612056e+01 1.720118541921866040e+01 2.429519653870926987e+01 3.143877988340347684e+01 1.298848795978655630e+02 5.290096841441307873e+01 1.510945518300604249e+02 2.012873757060114315e+02 2.170680045249133912e+02 1.201058450293609781e+02 2.170009448951652189e+02 2.158285328514798209e+02 1.606281770561452902e+02 1.981855395120925607e+02 2.945590644290529099e+02 3.312761131565436017e+02 2.921314469135552372e+02 2.346335408016421127e+02 2.669778064623648675e+02 3.158091672650543842e+02 3.960966973733679879e+02 4.129167277307434460e+02 4.197642133118011998e+02 3.781375167384955489e+02 2.952300603299657382e+02 3.650710945825035765e+02 4.221138101707138617e+02 3.898460635537278449e+02 3.987012780359605699e+02 3.451875629013011348e+02 2.808035099574928495e+02 1.862941021221202220e+02 2.534782649041739546e+02 1.762473045660701132e+02 2.731579872556657165e+02 2.566826945890849743e+02
7.088201712286245071e-01 9.952047894579615672e+01 1.156914863159637150e+02 9.496601722644938093e+01 1.297606684366363936e+02 6.480560317300776774e+01 1.507262238046127720e+02 1.910257605714714373e+02 2.703011646248776856e+02 2.558325399606866597e+02 2.173902695768702813e+02 1.658250576723352481e+02 2.626374554618569164e+02 2.574866717730907340e+02 2.572180803330293202e+02 2.621002015133122427e+02 3.576045570699133123e+02 3.695265366425596767e+02 3.294592192288900492e+02 3.546822365671801549e+02 3.986948301940140027e+02 3.980785950137664031e+02 3.499150506236840101e+02 3.896769008326610901e+02 3.108878752602124678e+02 2.635644501285192405e+02 3.383531515413766328e+02 3.693181654772450884e+02 3.109673376463412637e+02 3.623611087649221645e+02 2.730841924139319872e+02 2.852288757826070196e+02 2.533436782840415447e+02 1.570925357469744483e+02 2.541272216671664239e+02 2.464095014436120721e+02 1.595786607456911383e+02
5.819734946149275334e-01 4.446825617414278042e+01 1.427496825872732984e+02 1.916511426986046445e+02 2.026234205290594446e+02 1.628336025473558948e+02 1.012463042544424354e+02 1.346659604679091728e+02 1.987615899347406696e+02 2.876646537166400890e+02 2.977306126895738316e+02 2.270213876472523395e+02 2.406350631330049623e+02 3.364844160706990692e+02 3.528849403439040771e+02 3.546814737448518713e+02 3.818445953888556232e+02 3.747585207282316446e+02 3.319212510497841890e+02 2.937079387814279698e+02 3.281172135302266497e+02 3.600079528166057230e+02 2.878704144574090833e+02 3.654645077275646372e+02 3.168007818271438509e+02 2.298101287047063579e+02 3.142709920565585549e+02 3.437700043346529810e+02 2.603790360996123354e+02 2.891315311056786754e+02 2.841569266789480253e+02 1.895319927794194541e+02 2.289566772364649978e+02 1.464696604573325374e+02 2.360760301289331551e+02 1.491828636628258948e+02 2.464128206472991565e+02
6.201706420557316912e-01 9.942926356306357150e+01 1.236223662787663358e+02 1.929644666602407881e+02 2.891423489679147565e+02 2.383470760668593016e+02 1.706502583003049551e+02 1.978484504603156040e+02 2.052020129646118107e+02 2.988807665761017915e+02 3.439927860743641759e+02 3.180137424858081090e+02 3.352327395485897341e+02 3.394708570015155829e+02 3.209432034043699105e+02 3.552870805554256890e+02 3.787021988158172690e+02 3.235515457881903103e+02 2.576628482434318244e+02 2.066542750319804895e+02 2.879368383223881551e+02 3.238109837440249521e+02 2.333757423553209378e+02 3.186524132318991747e+02 2.866853462385504940e+02 1.948464782943341049e+02 2.595510835878455396e+02 3.486744107477550756e+02 2.896869363048758146e+02 1.968886958799140814e+02 2.339787859639593819e+02 2.288391606533377853e+02 1.315165114958981007e+02 2.259114113588915984e+02 1.388096110959279201e+02 2.361603594392314562e+02 2.859909374785812020e+02
9.933278572681448759e-01 7.110518951848675329e+01 1.690653659162551889e+02 2.220535118366555594e+02 2.221217853637078576e+02 2.617576108063367428e+02 2.673486255076927023e+02 2.942332110403556840e+02 3.012773261871555519e+02 3.407161094290644883e+02 3.056201878346149101e+02 2.686618041865185091e+02 3.104209427738699674e+02 3.099517082791923599e+02 2.346780788927059120e+02 3.043809689085745731e+02 3.403178798339826017e+02 2.652671254840759616e+02 1.935853584493985409e+02 1.524130778592723061e+02 2.469474311331804586e+02 2.484024377967883765e+02 1.948678741587451952e+02 2.908855027288300903e+02 2.593888569871748473e+02 1.645318939022917561e+02 2.520524011547491625e+02 2.959334373565329770e+02 2.564837698896298548e+02 2.326426879671603558e+02 1.408958005512230329e+02 2.107541037678826399e+02 1.213974713954605136e+02 1.285666706882297774e+02 2.234025181522360697e+02 1.942419556927166013e+02 2.486807654427255159e+02
1.405461526419654605e-01 9.895574335773893893e+01 1.346785363899648473e+02 1.268125577560293635e+02 1.251206478092994843e+02 2.224349043479434442e+02 2.892263079684881859e+02 3.285526328212999374e+02 3.804490414174125021e+02 3.059516199699090180e+02 2.662518381893946753e+02 1.841745859730730501e+02 2.661680106445431306e+02 2.697419902836184633e+02 1.795823623846480075e+02 2.087199199812227732e+02 2.995630822944470424e+02 2.697959956945094291e+02 2.097834386485337461e+02 1.162462535324450101e+02 2.102929137155490764e+02 1.512601693875690216e+02 2.475285326753883339e+02 2.446353834886099321e+02 2.049863076139815234e+02 1.388914932176218997e+02 2.358625601513351171e+02 2.401191610374964114e+02 1.594159275241598266e+02 2.033921090181586067e+02 1.100494320918085833e+02 1.131370285901069082e+02 2.107748824603188496e+02 2.259074586080973290e+02 2.639986254608124341e+02 2.899704317300735852e+02 3.301373082376111938e+02
4.026185890239118992e-01 1.830676348366857553e+01 3.642086988723082897e+01 5.541438384937312378e+01 1.535684469343577518e+02 2.098640565491986365e+02 1.928273039926021397e+02 2.820260341155913579e+02 2.852243720379027536e+02 2.642674359897796990e+02 1.781851001448057161e+02 1.339339451782191475e+02 2.233056057970846382e+02 2.283258162735604913e+02 1.362679254131932112e+02 2.176629123723084263e+02 2.659943079610878840e+02 2.013887734472098714e+02 1.328388121969718156e+02 8.854541876238458542e+01 1.130568042755425608e+02 2.106028776776121276e+02 2.212224407437489049e+02 1.813792875106997542e+02 1.072905819031270909e+02 1.862733838001424544e+02 2.270671272365760274e+02 1.960416317582310342e+02 1.026085952747508685e+02 1.056937268304007347e+02 2.034208413639692878e+02 2.107493369837146133e+02 1.183197032802004713e+02 1.875726752682622589e+02 2.843132711871501783e+02 3.032643260302680801e+02 3.065191115130549520e+02
7.903750024369222693e-01 9.960168870073886183e+01 1.346646418765656392e+02 1.534489682118696692e+02 8.791607754287434773e+01 1.129573830084379580e+02 1.466093381824229027e+02 1.929574415178526863e+02 2.871804290719995265e+02 2.667067990699472944e+02 1.893121915773438388e+02 9.505311635974449302e+01 1.842498367713095035e+02 1.601430417974844715e+02 1.051597127169809056e+02 2.022706717982364353e+02 1.972735939101086444e+02 1.290801475328089793e+02 6.324413148110460980e+01 1.614264196384091008e+02 2.054729536017167675e+02 2.167879824725942228e+02 1.770961385149250020e+02 8.341856518581322177e+01 8.646351090056835176e+01 8.953171698196059936e+01 1.874243718207653160e+02 9.824293090730719769e+01 1.960402159233099155e+02 2.033822761064322151e+02 2.359116261139968458e+02 2.193145197516736573e+02 1.219685312490562268e+02 2.194543691338214728e+02 2.642463395240146724e+02 2.073533195956990767e+02 2.101763526458454976e+02
1.870836446472545767e-01 5.724395533947130588e+01 1.548142828344498696e+02 2.248300133270698780e+02 1.856472762961328158e+02 1.833853785003426538e+02 2.420842052096171528e+02 2.821007747134202077e+02 2.441640242208101483e+02 2.059340450655683128e+02 1.338191660302390460e+02 6.469428864046523131e+01 1.343196781513372571e+02 6.807010983813778182e+01 1.437051934627528453e+02 1.847870782161755017e+02 1.531885940675716711e+02 5.909579992822422412e+01 1.572988793635105935e+02 6.745278992825187458e+01 1.655893474160576773e+02 1.726664052560232960e+02 7.908407546644812669e+01 1.770921296403295457e+02 1.843090140413688118e+02 1.873909935862192810e+02 9.385804869357427549e+01 1.917080138180163544e+02 1.960486428102024661e+02 2.926545266064536008e+02 2.875095712354884654e+02 1.952232003577968271e+02 2.195141135140648316e+02 1.270703389498248868e+02 2.245603919693263606e+02 1.372525347755942278e+02 1.408436130891776656e+02
2.797522905802692916e-01 9.909285644424036832e+01 1.953253210715859325e+02 2.296073463983135241e+02 2.691380414157800942e+02 2.780834322601954796e+02 2.589573803013576025e+02 2.224497370463154482e+02 2.055392696323511643e+02 1.124547046443555018e+02 1.299069250274908143e+02 3.768111882205904806e+01 4.065177056151792812e+01 4.361047472716195017e+01 4.657002944273452982e+01 1.449275058292115546e+02 5.491907593111358210e+01 1.531837715788446133e+02 1.973049161157653089e+02 1.655760164622077468e+02 7.161909944241193671e+01 7.470577164765586531e+01 1.727501117757215923e+02 1.771193352828840659e+02 2.739314509387035059e+02 2.315326578826968671e+02 1.581973837438891053e+02 1.280819541623835391e+02 2.255081426719957278e+02 3.025970949715326128e+02 3.286713824386994816e+02 2.919216589264998447e+02 2.159733614886113457e+02 2.198490728368853979e+02 1.321311280649947832e+02 2.277400032096010705e+02 2.381057219013981410e+02
