output/example/elevation_000003.asc
nrows	50
cellsize	20.0
xllcorner	0
ncols	50
yllcorner	0
NODATA_value	-9999
[rows 17 to 33 of 50, columns 0 to 36 of 50]
9.098509734387574266e-01 5.779274112014750386e+00 -2.021842418699548105e+01 5.179380000468856160e-01 2.860396005400707153e+00 6.949012485857574362e+00 1.270772765054747389e+01 1.541587155308354617e+01 1.903588967679777610e+01 1.056154523944893953e+01 2.933179283733932330e+00 4.034294570070682262e+00 4.053017423818448428e+00 4.837887220359805340e+00 9.145989647719586557e+00 -1.176868319586415268e+01 8.867387522365730135e+00 -2.242985800081804371e+01 4.748992673932092679e+00 1.160581808464058007e+01 1.351584905576108753e+01 9.124345145992688089e+00 4.881167903217183301e+00 6.996712080996749350e+00 1.921251860744948026e+00 2.732685783727521578e+00 -1.742901390338001733e+00 6.769796769596704067e+00 5.800276258952406394e+00 9.863595613199485967e+00 1.526143754998819446e+01 1.530207844078583790e+01 9.009728654563589956e+00 -9.140058651780142540e+00 1.081587764876675983e+01 -3.129260142433730607e+01 1.023347461126883573e+01
6.729603419142361487e-01 1.003169632760859820e+01 7.839035449878728024e+00 4.614731318149146055e+00 -2.584894607115066023e+01 -1.102426906584910826e+00 4.197715729898203740e+00 1.347552693962689396e+01 1.566836833998368306e+01 7.991205199417000138e+00 1.746402272426725633e+00 7.449094749896468137e+00 9.269530581413754078e+00 3.218538424253138519e+00 3.669196822074289877e-01 1.117986508532307299e+00 1.901445774599314742e+00 4.182108482095281410e+00 2.108813276637079959e+00 1.399119695820482789e+00 8.174141206037313090e-01 6.125596133830223167e+00 1.764808337373821256e+00 2.793828965186758495e+00 7.638760904365814675e+00 3.446217675806761527e+00 7.999059118699356929e+00 6.162221981798507997e+00 1.113574347408605902e+01 1.014081967367434878e+01 1.816025454686240437e+01 1.915125623173891611e+01 1.354635440867857454e+01 7.572488654272807374e+00 1.364159767138982282e+01 1.251420530716141855e+01 7.909343258486769557e+00
9.500813129397378543e-02 9.637646283015948612e+00 1.181488617495724114e+01 8.839752574196717561e+00 -4.467020895382301404e+01 7.119378612137067242e-01 9.169134347580587985e+00 1.286565176865174820e+01 1.009125069350560366e+01 3.040970571304109527e+00 9.533630096208856486e+00 -3.540897885046835114e+01 1.746238161476653783e+00 1.657035824629251808e+00 2.604085135846632149e+00 -4.333612632313687385e+01 1.083332075274884154e+01 5.219095664454770578e+00 1.468240751427955626e+00 1.865666094549003784e+00 2.089447103178728060e+00 -3.943400011256860349e+00 -5.955275952439718523e+00 -5.333565880540126258e+00 7.812408537640992634e+00 3.891405012950356124e+00 5.406072243540422484e+00 1.100539366231503458e+01 1.721546253636327961e+01 1.805469692199750398e+01 1.819213953035479392e+01 2.287999579239608039e+01 1.960327313553710482e+01 1.364430860524580957e+01 1.468189775919661422e+01 1.779823657627313338e+01 1.031796323044059704e+01
5.074168083889973868e-02 8.255203742908323150e+00 1.653715928788542300e+01 1.239047902076018026e+01 5.890695414491718296e+00 8.444422457007116023e+00 -2.514164969246969150e+01 7.230650868355096073e+00 -1.138044109077906985e+00 5.209685753394204255e+00 1.221974331842241135e+00 1.127665020193652667e+00 1.417092937597553393e+00 1.391363326369505105e+00 9.451715297377830893e+00 9.528677203183907096e+00 1.385305130100209858e+01 1.145682817132133557e+01 6.707967195152535922e+00 3.532282996446193035e+00 5.048989920432323864e+00 2.976310141167719081e+00 4.406847511226828829e+00 2.938523951533957845e+00 1.215663727479179634e+01 4.259062936221122975e+00 4.890421113874454662e+00 1.143703879611071450e+01 1.538588885804509765e+01 1.997378002761462668e+01 2.344272132544039522e+01 2.542292197824492916e+01 2.369399883707006893e+01 2.202737417583339408e+01 1.982605519736973676e+01 2.121789070957166246e+01 1.585494737649551844e+01
2.528005767708579876e-01 7.288954257187875818e+00 1.613524799903399298e+01 1.632768832954225502e+01 1.347951928404591548e+01 8.111205517638957474e+00 3.873042415954364159e-01 8.202858214468141673e-01 7.386591708947964907e-01 8.798893587713449982e-01 1.105944165976831650e+00 -4.729537072376559337e+01 8.840817949638614337e+00 1.178046090181074135e+01 1.725419493251398961e+01 1.867379617223724964e+01 1.642615967396181986e+01 1.035051369669710475e+01 8.461531943852083515e+00 4.010811639533994999e+00 1.011957219642763839e+01 9.136550842084329105e+00 3.869809081182386645e+00 4.676502657249121064e+00 1.245344590038060240e+01 4.124568384489429640e+00 4.416942910252454446e+00 8.500275357616072114e+00 1.083605942916504716e+01 1.560319108893915718e+01 2.192543657358593734e+01 2.499213800026064547e+01 2.614657247590116995e+01 2.658028852617566784e+01 2.529998271073097271e+01 2.510919094094415982e+01 2.077344070002663301e+01
9.791283598286071310e-04 7.061022116123896630e+00 1.603098446537679322e+01 1.750237144747897489e+01 1.181573827749064520e+01 6.342265692477901950e+00 -6.342123255702100693e+01 6.065890301195074663e+00 -6.409806409618570910e+01 7.844131441054106091e+00 8.893188720824861448e+00 3.001187529584128821e+00 6.424734153658978819e+00 1.597638919980153815e+01 2.050117103631312077e+01 2.204070481823263705e+01 1.560180822379389909e+01 1.106689127402325923e+01 6.093582600424461759e+00 1.036521206294697528e+01 1.570169288915325012e+01 8.937431633248019480e+00 6.470453688180055174e+00 5.099267922826051347e+00 9.146602575657864165e+00 1.105551885652181276e+01 5.132100667501300784e+00 6.002269525169240616e+00 1.244175983415730435e+01 1.820424714004603217e+01 1.913487724989548866e+01 1.890226453896395142e+01 2.510772409114813541e+01 2.716599459284772067e+01 2.783661226601242689e+01 2.703196364370643323e+01 2.523738911661363815e+01
4.600753433092569233e-01 7.457908023548361243e+00 1.622621452835851485e+01 1.678419039624637676e+01 7.858182578772404447e+00 2.399957043272135770e+00 2.534302830205549917e+00 7.945738202116811699e+00 3.925349318842942470e+00 1.286175547435772337e+01 1.339058228636933379e+01 4.917429694721124456e+00 5.857264498157287669e+00 9.850557102037729607e+00 1.901157243146057851e+01 2.277670872137776215e+01 1.575489455769424829e+01 8.272182004432288238e+00 8.739674268730977857e+00 1.689155681233120987e+01 1.931452795434859482e+01 1.569779638200794558e+01 1.245392503354420910e+01 5.914392424236919688e+00 5.262441263894084287e+00 1.350646612755377340e+01 5.875866496334945843e+00 5.953966932000743562e+00 6.669666471784279516e+00 1.360815766672630467e+01 1.250523058255439501e+01 1.983120902398710683e+01 2.408822379033286865e+01 2.165366570860357598e+01 2.519645547622996418e+01 2.792045999110780485e+01 2.838669516774431756e+01
5.979472710492108600e-01 7.576680966769246517e+00 1.626449544200619712e+01 1.908610352415043820e+01 1.368065166487906303e+01 3.677546837586344264e+00 3.951026479119047252e+00 1.313390342834290614e+01 7.862274938791038892e+00 1.462481429650910947e+01 1.469640414109792026e+01 1.378035070491954883e+01 8.353766612365777888e+00 1.487305357137532447e+01 2.092056490317731843e+01 2.025607259284781492e+01 1.353444159735308894e+01 1.140698306190290623e+01 1.283378423743173258e+01 2.048519194095131368e+01 2.238728755876900323e+01 1.403335307825389400e+01 7.237821477518020075e+00 6.961346689989988512e+00 1.305984168027792158e+01 1.787265314141692940e+01 1.447752869671593778e+01 6.298322127267159232e+00 6.835941370292604624e+00 7.547926273530912944e+00 1.442385723375895701e+01 1.389664370058716791e+01 1.692434072348819996e+01 1.538168642206518300e+01 2.207063482551254197e+01 2.685435663951543717e+01 2.833471550964231866e+01
1.534601171854249602e-01 7.148782813313360407e+00 1.560666368664294978e+01 2.019657047258629845e+01 1.662091453270754116e+01 7.926584530066487666e+00 6.730608062706638250e+00 1.409497264457964860e+01 1.619037844845803420e+01 1.446427007405982401e+01 2.192877433609869442e+01 1.882348943672270991e+01 1.188812997174687247e+01 1.414257245688853182e+01 2.218256787855971979e+01 2.311962444767024749e+01 1.682208037586082128e+01 1.653932107880001467e+01 1.892872232570199387e+01 2.365624498453456681e+01 2.400755550597926202e+01 1.608310863113765166e+01 7.057562029762610045e+00 8.205766568845479725e+00 1.297397951585884179e+01 1.399882474036328439e+01 1.790671864243465450e+01 1.239853220573015058e+01 7.192356953222915905e+00 8.837154454298868700e+00 7.290500606475896817e+00 1.196274958011024303e+01 8.407569018442073272e+00 1.651274238471006583e+01 2.098027438112859144e+01 2.366307312209070091e+01 2.661952621930672080e+01
1.123418600940028211e-01 8.327912095526000869e+00 1.043587360997489633e+01 1.719143360560313027e+01 2.026673626895092539e+01 1.790001973182667427e+01 1.010898308306246562e+01 1.325512285629573483e+01 2.138796196060904364e+01 2.005803469807813499e+01 2.402035329625789828e+01 2.272674990763084324e+01 1.724853569657485153e+01 2.056810741423313260e+01 2.376066959519394217e+01 2.520817627060439037e+01 2.137043956326929361e+01 2.158591679272992181e+01 2.487731351271991542e+01 2.654313699954792938e+01 2.548862532292996619e+01 2.185453164678337501e+01 1.741994778046874970e+01 1.032654506796044380e+01 9.951745304915657897e+00 1.944738177591359474e+01 1.995286121233440824e+01 1.179403552939101019e+01 1.265770169074361817e+01 9.432114813056292846e+00 8.952332512939804587e+00 8.543864253278620424e+00 1.187331707661747515e+01 1.219082845351167244e+01 1.615530989733845502e+01 2.272043911510206726e+01 2.268360265298723277e+01
2.368195578726151052e-02 3.184757054999639347e+00 9.153143168224492143e+00 1.669589605899154705e+01 2.343066696250222947e+01 2.153647935350807074e+01 1.630173269180068374e+01 1.815565273357837128e+01 2.330014836631924169e+01 2.593611517783121201e+01 2.692014367722875079e+01 2.558734346059185327e+01 2.438400964757181555e+01 2.556332569629119433e+01 2.696637683190569845e+01 2.738987112466699969e+01 2.654493626746281265e+01 2.551241654815787641e+01 2.752782463221340237e+01 2.852589545546547356e+01 2.596003647234790535e+01 2.260409007940689463e+01 1.543737022978565321e+01 8.918919626658299293e+00 1.468985281434274270e+01 1.905263248628532935e+01 2.193871173586889611e+01 1.644614135956476630e+01 1.894116037497720484e+01 1.346753014165222417e+01 7.676007070866573301e+00 1.102817998179512848e+01 1.019544731610761090e+01 1.543337907551945953e+01 1.580695491070007641e+01 1.808297199475148531e+01 2.072197826878472782e+01
6.540601710037032834e-01 9.122197355630294879e+00 1.093970271560984386e+01 1.711501865971747449e+01 2.342641772073667994e+01 2.513761451085194309e+01 2.382347438093283998e+01 2.455152606164332241e+01 2.590726028503415179e+01 2.674987784158536996e+01 2.629085723263163388e+01 2.533084921453740535e+01 2.518455968532210321e+01 2.500140215865854643e+01 2.605369729637627074e+01 2.570850041491132743e+01 2.674985277366005931e+01 2.855354004855466954e+01 2.894365347775026720e+01 2.822866586148968793e+01 2.293128970967149627e+01 1.580994869779279455e+01 1.095896498895824145e+01 1.113981259855045636e+01 1.559458399216357805e+01 2.242650727517569820e+01 2.487428472113673195e+01 2.194325499067744190e+01 2.222891607698694116e+01 1.852041062483787215e+01 1.352362588644576746e+01 9.200580733133934430e+00 1.149365437426325265e+01 1.913974698281703724e+01 2.000248688935507957e+01 2.134693969580949968e+01 2.138837322150969200e+01
4.909850854147627119e-01 3.853587749286576880e+00 1.285579416607518510e+01 1.746617701103144071e+01 2.077996115047093184e+01 2.279809904291234446e+01 2.705677411284172962e+01 2.789810787810608517e+01 2.677306883029548956e+01 2.218011155938329892e+01 2.253093979826983784e+01 1.935720059297261386e+01 1.866071943053672300e+01 1.913181169915834801e+01 2.227695218836758784e+01 1.937864205734469181e+01 2.561391201027320008e+01 2.737502283172194240e+01 2.888476591139979277e+01 2.824848324525651222e+01 2.389921050446632833e+01 2.012602557776650869e+01 1.164530588906153952e+01 1.160046194282777243e+01 1.370708837676766478e+01 2.254767974239180006e+01 2.616381096756535030e+01 2.662171869372044242e+01 2.484501960733077652e+01 1.744282025290615579e+01 1.202030028895660685e+01 9.551430673255186576e+00 9.680677806422941956e+00 1.635501463399076627e+01 1.617162785386747714e+01 2.210695698177326207e+01 2.550486532143804652e+01
3.962370847149454534e-02 6.815212402396792157e+00 6.137525135813049815e+00 1.012413543092455548e+01 1.529010136297511124e+01 2.281044429657592332e+01 2.660900766048501254e+01 2.569181964777662230e+01 2.396397034525876535e+01 2.242310564791276306e+01 1.588581063792396719e+01 1.655637590350894328e+01 1.226475783649501494e+01 1.625508593426050652e+01 1.564051427053089327e+01 2.077717967224581486e+01 2.077894155215341243e+01 2.481745084667579349e+01 2.846656454829753002e+01 2.876226684286858415e+01 2.767246211259190858e+01 2.331244804051804209e+01 2.024254038816253143e+01 1.358104821649850180e+01 1.758993625074659306e+01 1.544304287314197488e+01 2.515157889486294351e+01 2.724886135855334501e+01 2.210128811148342010e+01 1.686523614027443685e+01 1.587601004021846585e+01 1.737836138002503006e+01 1.038559732441701478e+01 1.076236592686303339e+01 1.820951270012097467e+01 2.109575900884066613e+01 2.623108396516408547e+01
2.605283927408929001e-01 2.496462680304092352e+00 8.332067257526182047e+00 1.049834783292659246e+01 1.595563152610987245e+01 2.282085173035865822e+01 2.560777671686711798e+01 2.003977626107415233e+01 2.079377971653727997e+01 1.884147719786917463e+01 1.713605090934157715e+01 1.051006353673925098e+01 1.459853119084153761e+01 1.238459932186841783e+01 1.422517836483669207e+01 1.661057891809676690e+01 2.249724674695902848e+01 2.525011899722674258e+01 2.783755535127919956e+01 2.957162913640621582e+01 2.868695839083837384e+01 2.698154180856200313e+01 2.365027387801937309e+01 1.983374252061526377e+01 1.657456161436964592e+01 2.155919158466337393e+01 2.631610036931901320e+01 2.792240029339356155e+01 2.466702115096019909e+01 2.157939646468334516e+01 2.336687515507551183e+01 1.656468899963104491e+01 1.122890387313701055e+01 1.115706416414086988e+01 1.247192560105930603e+01 2.039658951087287875e+01 2.436361598021553831e+01
3.048053885361223792e-01 8.560917817944456942e+00 9.574577319216142968e+00 1.603574151490325761e+01 1.668472718281082479e+01 2.290962767296391078e+01 2.396359023034865743e+01 1.985578629373627990e+01 1.417428237064565621e+01 1.585215129778358367e+01 1.385402850423698062e+01 1.240987206492672357e+01 1.044545261928169921e+01 1.601613888039309685e+01 1.810162899100323486e+01 2.167793302956499701e+01 2.290972633441326778e+01 2.748524881246647666e+01 2.901237490394053964e+01 2.977181238754944914e+01 2.961506337132682631e+01 2.872216466604063001e+01 2.709337448171795160e+01 2.314822079389354670e+01 1.897759807637012130e+01 2.026703248187598660e+01 2.656162316816462265e+01 2.864533139471918588e+01 2.777155765194110870e+01 2.615325271212868330e+01 2.416288229874023585e+01 1.920075999353784368e+01 1.331293830825040381e+01 1.130870218115034653e+01 1.591004253869459006e+01 1.328909192229066605e+01 1.737244553008236636e+01
5.470844782054917754e-02 5.310744722837696052e+00 1.333072757051151669e+01 1.897441169412332584e+01 2.302056523608502303e+01 2.441858045820665524e+01 2.191702291349026410e+01 1.638479972383434458e+01 1.349811820806116103e+01 1.013790741892413294e+01 1.078617028916475107e+01 8.674337207423981511e+00 1.271601364272218682e+01 1.367799809568466785e+01 2.254213747566688397e+01 2.572335232146926032e+01 2.741405693892964379e+01 2.820411321742272293e+01 2.908484262421072586e+01 2.939516923914354507e+01 2.965116130558313401e+01 2.960126798420509076e+01 2.878238609824560967e+01 2.721355785519135040e+01 2.189580834076867433e+01 2.526371406197801406e+01 2.352261347176998285e+01 2.803710239596225406e+01 2.933046923341988688e+01 2.860405311283584595e+01 2.526046428624709606e+01 1.862000193267440906e+01 2.082193747071596235e+01 1.763325231365411838e+01 1.272703424236130942e+01 1.728144895483496057e+01 1.504561353804214008e+01
