output/example/elevation_000388.asc
nrows	75
cellsize	13.33333333
xllcorner	0
ncols	75
yllcorner	0
NODATA_value	-9999
[rows 51 to 67 of 75, columns 37 to 73 of 75]
2.318984464703324022e+01 1.892382586720070847e+01 8.851127398014066117e+00 2.844383265641801550e+00 2.844383265641801550e+00 2.844383265641801550e+00 2.925846508387504485e+00 3.304834649500620891e+00 3.766952751095601570e+00 4.028687521987373010e+00 4.028687521987373010e+00 4.028687521987373010e+00 1.381196606318328435e+01 7.691047481462915947e+00 1.461850579958194807e+01 1.344622473905321236e+01 5.921812301410232848e+00 1.387627461489902103e+01 1.186286250255337471e+01 1.033019369739585969e+01 1.882154357781360687e+01 1.274153754883006329e+01 6.965551720045159989e+00 1.742887901741881507e+01 7.749285202904895975e+00 2.058709467738992061e+01 2.655867391691005253e+01 2.958706779676981213e+01 3.576764878010668269e+01 3.710998665935481711e+01 4.103177445168665827e+01 3.645698837111745405e+01 2.804968930381324910e+01 3.645540556659200604e+01 3.553876482681695848e+01 2.987981118957466364e+01 3.513001227406268612e+01
2.700891524472352501e+01 2.294434028949770976e+01 1.724410629764665259e+01 1.314750277215686403e+01 3.207406804215863882e+00 1.323085665597914229e+01 7.330632919972812189e+00 1.345833802696110126e+01 6.978804760985291011e+00 4.028687521987373010e+00 4.028687521987373010e+00 4.028687521987373010e+00 1.401141272047233066e+01 1.720895669315268250e+01 1.726840637309481963e+01 1.908498097056180853e+01 8.856329078450915659e+00 1.948708745755639171e+01 2.071904981570557780e+01 2.074302751394955635e+01 1.585488403498040810e+01 1.757967413565009807e+01 1.742317407779733429e+01 7.749285202904895975e+00 1.816897285973552911e+01 2.133849671173857132e+01 1.623141921919426167e+01 2.095172157628468312e+01 2.850953706903808182e+01 3.956441806962648400e+01 3.814390957500329904e+01 3.118295408587485085e+01 2.288495256480934970e+01 2.874242043663914714e+01 2.750870440677396545e+01 2.571187459588540136e+01 3.579888637793016670e+01
2.413581481313822863e+01 1.397118040232250102e+01 1.027046380094504485e+01 6.972051565128931649e+00 3.827589115521941920e+00 1.406156727301146780e+01 1.782099972954833689e+01 1.979098730233659253e+01 1.061569962777609177e+01 1.822291883918060051e+01 1.403160772024373415e+01 4.904176775416197565e+00 1.513668714289034334e+01 2.080656621210772528e+01 2.737030767724269964e+01 1.977100526957235616e+01 1.977143407279737275e+01 1.359734646226090327e+01 2.403091077222291361e+01 2.534746141736333414e+01 2.271357936625875951e+01 2.783253969230483804e+01 2.213109471139817330e+01 1.816901511708519479e+01 7.749285202904895975e+00 1.090670432600961171e+01 2.133846247668167351e+01 2.870026413776394492e+01 3.561258297701344588e+01 3.967062154291648568e+01 3.429084264199935461e+01 2.464499281485715798e+01 1.882850084855602546e+01 1.882850084855602546e+01 2.104126405216944562e+01 2.442975696814139042e+01 3.016293003392329197e+01
2.118645434771576674e+01 2.411798854706848516e+01 2.024371276208453452e+01 1.430360846867437630e+01 4.351689677457226679e+00 1.452275059074318975e+01 2.294474362579956050e+01 2.480843401566857764e+01 1.779602634258509042e+01 2.081461791357055446e+01 1.930990558690995584e+01 1.513959558333430699e+01 6.456777639270253388e+00 1.675425072184325970e+01 2.262310449481508812e+01 3.004108105946387042e+01 2.730280006129153492e+01 1.695617986850847103e+01 2.730280006414573535e+01 3.449657451847287604e+01 3.204127359489935145e+01 2.904457241778522913e+01 2.085038120240468729e+01 1.044293766668352852e+01 7.749285202904895975e+00 7.749285202904895975e+00 1.383678583368190118e+01 2.444782884990814509e+01 3.068528572865119131e+01 3.098986078295482827e+01 3.059290442040332536e+01 2.657596817362700037e+01 1.882850084855602546e+01 2.389144689823482182e+01 3.105318454364489611e+01 3.431466921115369217e+01 3.143909849072202078e+01
3.125620084964335277e+01 2.679674595352493682e+01 1.704216399080614863e+01 9.932666955665544251e+00 4.809704919559233183e+00 9.015121526974120059e+00 1.571476974707298169e+01 2.611613573409240985e+01 2.810214262719438238e+01 3.108552004496966603e+01 2.117619306297508430e+01 1.223229016082384568e+01 1.675425072167168850e+01 8.221575633522169468e+00 1.847515681052714243e+01 2.439688163105715546e+01 3.144986509788237328e+01 2.433258818946494273e+01 2.433258821137470207e+01 3.447353864803189794e+01 3.188739016201405718e+01 2.209902446443025781e+01 1.479966188920020009e+01 2.085096621681089246e+01 1.816901398168809578e+01 8.302389949745641928e+00 1.864609074305695913e+01 2.361122851358389241e+01 2.164128174944891470e+01 2.853860896486854060e+01 2.452085883895657048e+01 1.652050091253322961e+01 2.657596239001124516e+01 3.275736067344403324e+01 3.182567085128946616e+01 4.145838142601088094e+01 4.125692036227984971e+01
3.352638187494124367e+01 2.956739944141275700e+01 2.355503519526193301e+01 1.487172971387215981e+01 4.809704919559233183e+00 1.500531425239217675e+01 2.208956759859717423e+01 2.687513900387102694e+01 3.080476728879813209e+01 3.589538024801074556e+01 2.667839958507138931e+01 1.829752025325019460e+01 2.253122810449129076e+01 1.833750874614609572e+01 1.006465597039676751e+01 2.025141368775124917e+01 2.639064644566196094e+01 3.447351958584598464e+01 3.447354055521788752e+01 3.856765611773530367e+01 3.128154384627893592e+01 2.136266988737651218e+01 2.080825255328039702e+01 2.617373762986217400e+01 1.575198978150479157e+01 1.841449840272780136e+01 9.051387216167331218e+00 1.949043232924557856e+01 1.654187833685557507e+01 2.254259149491933201e+01 1.434489914718206727e+01 2.452085880659736361e+01 2.657596300888125285e+01 3.631859691261623624e+01 4.145837900165537349e+01 3.993864756244409620e+01 3.993830392854084010e+01
2.956739944141275700e+01 1.976213630965387580e+01 2.262675807211381596e+01 1.547111952628225495e+01 5.274163398643774592e+00 1.462368123469283532e+01 1.589587397330948448e+01 1.774384221948936613e+01 2.358257170475732067e+01 3.232292714225028618e+01 3.247249272371817597e+01 2.833275038826285552e+01 2.447844055405073149e+01 1.449680079502854291e+01 2.025141368775143036e+01 1.215033188751915816e+01 2.225172621059211409e+01 3.082615139278339456e+01 3.082615220141185475e+01 4.081492570655647256e+01 3.529525913735866283e+01 2.843344716821992080e+01 2.788285558305469891e+01 3.050604270730596923e+01 2.602770705330967616e+01 2.327005952965300395e+01 1.949221432846891489e+01 9.823932367259901710e+00 2.029372028693394725e+01 1.221960518626289449e+01 2.253705897268057967e+01 2.853780962369359742e+01 2.988615628405052860e+01 3.392915450896774843e+01 3.726864237813139624e+01 3.075568222932280449e+01 3.075568064157030435e+01
2.292583768756618312e+01 1.718110365537706841e+01 1.279689010975178043e+01 1.573281579787580675e+01 5.742832329592779672e+00 8.389977060938607067e+00 1.141956004915368794e+01 1.635428278798856283e+01 2.237637186843472747e+01 3.251815776149216219e+01 3.632373306167651350e+01 2.653379190747061855e+01 1.955731585877649081e+01 2.447842046833114438e+01 2.368622606075894055e+01 1.365842263304170245e+01 2.370127544623421656e+01 2.092868278088060663e+01 2.961850554198279895e+01 3.376986428533941620e+01 3.874643422571269724e+01 3.815745747339877170e+01 3.754098931497297542e+01 3.423969793620545232e+01 2.693875882939227395e+01 2.042844047645784045e+01 9.823932367259901710e+00 2.022986498683027179e+01 1.071836522543934400e+01 1.071836522543934400e+01 2.115211892287491224e+01 2.283599274509593968e+01 1.991776218095852968e+01 2.988630630070959171e+01 2.945355035768065122e+01 2.395944929178632066e+01 3.075568063189692580e+01
3.102049726096275251e+01 2.664412486206697039e+01 1.874841087754098368e+01 8.718810125912671793e+00 6.227411554241771618e+00 1.508835338358796641e+01 2.168133375618790737e+01 2.625050308430379786e+01 3.082716614080489492e+01 3.665735177298725489e+01 3.399409417446860715e+01 3.349560542692895382e+01 2.526734015413419598e+01 3.347486298757292644e+01 2.782692550817978372e+01 2.079277338106126294e+01 1.590510030561805976e+01 1.590510030561805976e+01 1.972051887368202117e+01 2.467056881816431968e+01 3.456644412614149786e+01 3.888846287850879690e+01 3.465864331632519679e+01 2.880544784430886551e+01 1.963775428805079670e+01 1.214931346491348840e+01 2.042844047645784045e+01 2.447937411736790381e+01 1.609767528250545254e+01 2.116418277433959716e+01 1.177342182426234807e+01 1.253053714292399690e+01 2.283733418370334078e+01 2.594501989518305862e+01 1.940083477076794694e+01 2.395944929178632066e+01 2.955420511327049127e+01
3.369804380114722875e+01 2.343163156084981225e+01 1.660249942635318021e+01 1.519440864177836481e+01 6.732170238180416710e+00 1.693907018639838569e+01 2.464899465505740395e+01 3.014074404458848733e+01 3.450166133357539877e+01 3.125791585688304863e+01 2.439921259387717356e+01 3.125791800212175175e+01 3.504851844175543363e+01 3.917226699362932862e+01 3.488282701252644102e+01 2.900883962760561374e+01 1.910641122002202863e+01 1.590510030561805976e+01 2.297440972192862674e+01 3.288589660526793068e+01 3.874643422571269724e+01 3.465864331632519679e+01 2.434798913999985359e+01 2.454687284418383086e+01 1.410721407347006284e+01 1.214931346491348840e+01 2.267185427850706603e+01 3.028145025311350125e+01 2.334562784846954386e+01 2.627005225633020657e+01 2.214953829861893908e+01 2.283716182288492291e+01 1.359596504564618336e+01 1.580132921551695624e+01 2.174788771239622065e+01 3.118034927387953914e+01 3.726864236036148270e+01
2.728868749053728493e+01 2.374366656944560461e+01 2.224632552344279190e+01 1.715811239405416444e+01 7.241671540214425384e+00 1.230814454091465215e+01 1.865628056154990588e+01 2.448715053944107467e+01 2.486763828352605543e+01 2.720944106492096637e+01 1.756521664870058430e+01 2.720944106909461979e+01 3.492159983434736858e+01 4.054685353791966662e+01 3.429717564100658223e+01 2.440360333288546357e+01 2.900883962760561374e+01 2.587741701841737907e+01 1.959324970801271704e+01 2.658486360647821556e+01 3.651005744307109069e+01 3.504883525616833850e+01 2.736790982977614917e+01 1.700276115375259423e+01 2.454687284418383086e+01 1.828931618374268098e+01 1.963775442206456034e+01 2.999681934359985647e+01 3.319134029689702459e+01 3.470255301165077100e+01 2.549435009461006985e+01 2.408685357363845014e+01 1.437551784558106327e+01 2.461147952906405223e+01 2.969402277815369118e+01 3.487794124360018344e+01 4.026700104504533329e+01
1.757190194846610254e+01 1.398069369628048442e+01 1.832090367726953417e+01 7.241671540214425384e+00 7.891932657447276789e+00 1.779269404180793401e+01 1.953206206715215032e+01 1.570822089499234764e+01 2.484432936026509253e+01 2.368786379877921533e+01 1.756521664870058430e+01 2.126525607367044657e+01 2.676792468855065366e+01 3.637953277874467517e+01 3.847529278613054515e+01 3.008132940359379859e+01 3.847529278319366597e+01 3.234187178546642372e+01 2.246924049330419138e+01 3.234187178546643082e+01 3.943372775110024975e+01 3.080476683588492293e+01 2.049420058537872791e+01 2.736790982977614917e+01 2.736790982977614917e+01 2.563761664204957924e+01 2.999681934363932001e+01 3.423976361921653222e+01 3.660554568056505786e+01 2.685057698536845550e+01 2.569741049407241462e+01 1.554293394122871241e+01 2.461525924076358507e+01 1.740923002148509013e+01 2.754351281224493064e+01 3.326556963830837788e+01 3.036548179361297173e+01
2.413109032006539678e+01 1.800147515065958714e+01 8.670348237129807956e+00 1.832072826840250812e+01 1.796883597206772620e+01 8.798358681810967141e+00 9.461319039406820508e+00 1.803788075150692194e+01 2.348636344560296862e+01 1.394438146307372861e+01 2.368760381581141772e+01 3.082643378244211618e+01 3.492159936713951396e+01 3.579156889720474766e+01 3.979497828800088399e+01 4.005613206661456616e+01 4.426627090241099438e+01 3.563952711734167167e+01 2.574656112181952849e+01 3.563952711734172851e+01 3.520144394941160471e+01 2.489032344323080537e+01 3.080476683588492293e+01 2.891415963006699386e+01 3.766190835312374929e+01 3.595164982729477998e+01 3.908166052916062227e+01 3.802379743532568313e+01 3.204816052012375849e+01 2.685066344912981862e+01 1.673568899188321524e+01 2.281585163429709340e+01 2.973677164761662439e+01 2.754351281224493064e+01 2.063958373339811558e+01 2.338589121296353568e+01 3.036548179361297173e+01
2.069097556277804983e+01 1.034686139921565839e+01 1.589447986212298503e+01 2.195858344344611268e+01 2.259362566541287975e+01 1.455334155875983804e+01 1.940624550473431853e+01 1.047962145982637061e+01 2.048898341671583267e+01 1.153982888225133863e+01 1.862060856685554810e+01 2.831868154063519327e+01 3.446452065799629594e+01 2.673807644956651330e+01 3.294867659954957873e+01 3.706053012888736475e+01 4.204977344439088682e+01 3.982688213615462303e+01 3.064665332722311319e+01 3.982688213502927965e+01 3.885736850130075482e+01 2.851685233253296303e+01 3.885736850147061006e+01 3.921714156439772125e+01 4.342992945557434581e+01 3.908162562671239471e+01 2.944534610744541325e+01 2.839280356672103878e+01 2.801941478900544169e+01 1.796546748805701199e+01 2.685022735700636431e+01 3.083366373512725289e+01 3.659735470925038214e+01 3.062511464649224635e+01 2.063958373339811558e+01 3.062511464626390634e+01 2.908853452287417340e+01
1.187305392601508558e+01 2.069091387794922454e+01 2.403004866621599689e+01 2.801191349203834946e+01 2.810061715051219622e+01 2.409631898595764454e+01 2.440593909985671317e+01 2.048094837391847989e+01 1.153982888225133863e+01 2.141883531045294475e+01 2.329961945210175145e+01 2.724576229489452928e+01 2.769921686214933132e+01 2.203791981284824786e+01 2.298515161958335185e+01 2.793806222593150679e+01 3.795929097293144849e+01 4.484771390484180387e+01 4.063240089623075590e+01 4.484771413115499428e+01 4.307294160634430114e+01 3.450100752045422325e+01 4.307294162015490002e+01 4.470348764354987736e+01 4.066330763680824134e+01 3.733192729046562164e+01 3.121366073361146576e+01 2.141473783587718316e+01 1.989817205349127249e+01 2.801941966636447745e+01 1.796546748805701199e+01 2.802009939184586074e+01 3.361509017180778613e+01 3.473969830695762084e+01 3.062511463201701645e+01 3.473969847032309843e+01 3.475607575612163203e+01
2.005040708618195566e+01 1.688543420937518391e+01 2.133085698924011453e+01 2.759877352206512668e+01 3.715174699316301599e+01 2.790540635426124538e+01 2.152531684336991091e+01 1.153982888225133863e+01 2.142798830889998030e+01 1.277491068219337578e+01 1.363110450897168313e+01 2.332655004702596102e+01 2.023057350234583751e+01 1.822961346916757108e+01 3.022036913206166986e+01 3.706053003033893845e+01 4.204977344439088682e+01 4.749149855330936276e+01 4.360131638573531632e+01 4.749149855330946934e+01 4.898670137070154595e+01 4.480826826961158815e+01 4.622466484041007106e+01 3.659211160473251567e+01 3.119515859223636767e+01 3.331962114170342915e+01 2.365841209413165558e+01 2.981509094712286512e+01 1.989817205349127249e+01 2.981509329857961887e+01 2.802010037935120579e+01 1.965495053198247888e+01 2.959115241313406131e+01 3.119191381270585239e+01 3.386912500368239876e+01 3.789359478256449876e+01 4.472989013393407021e+01
1.890761144781050263e+01 2.270233589712177746e+01 2.974226491499500469e+01 3.441759641385949209e+01 3.033336003927345814e+01 2.378254218624348937e+01 1.394421261443955729e+01 2.152439459672145716e+01 2.251455660572041495e+01 1.277491068219337578e+01 2.252871697876220480e+01 1.479115346378192442e+01 1.479115346378192442e+01 2.445795693462064335e+01 2.894649117534711635e+01 3.603956151623457771e+01 4.067858785757269402e+01 4.278562510425849297e+01 3.418793201711687146e+01 4.278798158634695881e+01 4.558449840004666953e+01 4.942849584378448924e+01 5.029950933270139046e+01 4.426342201242761121e+01 3.551661163784402220e+01 2.592850298368581363e+01 3.331962113941352044e+01 3.327891477049449520e+01 2.354229666901796847e+01 3.327910552174787284e+01 3.361436777986509128e+01 2.959115241303576127e+01 2.138929683574667706e+01 2.138929683574667706e+01 2.421630279210907943e+01 3.386912502412551618e+01 4.272191433667610028e+01
