output/example/elevation_000000.asc
nrows	75
cellsize	133.333333333
xllcorner	0
ncols	75
yllcorner	0
NODATA_value	-9999
[rows 17 to 33 of 75, columns 0 to 36 of 75]
7.609710050078062338e-01 1.769573753053836684e+00 1.442465281627114404e+00 1.558594838404909755e+00 1.091903554755418337e+00 1.850699163316900764e+00 1.919311833504522724e+00 1.949941882986319541e+00 1.402113780266922349e+00 1.094303652353587841e+00 1.405877154962146935e+00 1.633503998070946706e+00 1.140301686662017699e+00 1.192440540834225793e+00 1.272197123495941717e+00 1.453583912984329096e+00 1.467287980150232318e+00 1.991621028488509415e+00 1.829558397090884636e+00 1.810691979707012234e+00 1.594986531516108919e+00 1.529445190625724038e+00 1.595034721132059019e+00 1.465023602876980746e+00 1.160435887868546567e+00 1.973165390106242256e+00 1.390904189107608602e+00 1.316955314930298382e+00 1.674507437859292791e+00 1.387878158232553671e+00 1.952326007499430416e+00 1.859723166241051384e+00 1.987092367530441717e+00 1.408568699487878106e+00 1.128388280759925699e+00 1.957400650419389487e+00 1.465568270696119946e+00
7.952952209533322714e-01 1.435214342090494366e+00 1.474366193511861933e+00 1.189832836514224779e+00 1.310603627604274291e+00 1.256437803251320151e+00 1.630592041888939026e+00 1.026124073381138757e+00 1.359069366631223685e+00 1.077247215858735174e+00 1.672638823038216760e+00 1.805742775641733466e+00 1.150422872341687608e+00 1.205654923405893086e+00 1.672645125852877390e+00 1.492682070822448415e+00 1.880238372194112717e+00 1.603345788387372295e+00 1.880064134890898409e+00 1.309317420860577563e+00 1.601718845084041387e+00 1.540985343856769552e+00 1.827518692580432091e+00 1.953548069663050279e+00 1.024484836089052830e+00 1.851927707969736936e+00 1.164556883269705079e+00 1.291111590545974241e+00 1.724894407526278872e+00 1.263346986779975145e+00 1.813889217338270576e+00 1.613406273749250275e+00 1.918672744716736656e+00 1.638346853343781495e+00 1.855832356810124040e+00 1.371846511859982298e+00 1.365345000459054159e+00
6.556502543158627683e-01 1.474539251193492939e+00 1.297704467308747889e+00 1.451505517674588797e+00 1.778462515601991534e+00 1.599238776737905265e+00 1.499244163222309245e+00 1.223818686024608304e+00 1.756100627503637268e+00 1.917582872368439162e+00 1.763719046984232541e+00 1.705749582037817458e+00 1.855706378316840155e+00 1.785322170851114887e+00 1.832273715181268248e+00 1.706674741010456575e+00 1.043168107214317963e+00 1.988468896986106849e+00 1.976875410683222034e+00 1.246916707911379874e+00 1.184055716049682516e+00 1.144873374498813767e+00 1.268758674982392698e+00 1.448097659639046686e+00 1.066342157477406793e+00 1.421902863462698674e+00 1.211621842660868476e+00 1.617368271449363792e+00 1.892984635714646258e+00 1.773044670995438610e+00 1.047985104163482450e+00 1.489570547851099214e+00 1.439500315206082348e+00 1.935637584287461799e+00 1.235007689662289465e+00 1.741695326230019214e+00 1.184860637948886186e+00
7.744000406814488535e-02 1.208927010336085850e+00 1.184302520110733781e+00 1.660133057382326527e+00 1.221905277825597214e+00 1.703127626200122258e+00 1.607089295299833243e+00 1.533489598310889379e+00 1.651195728459189382e+00 1.516252777482702596e+00 1.352491997917659505e+00 1.910319186762551968e+00 1.943698924988025212e+00 1.437451004769621177e+00 1.919300592743916178e+00 1.840421231194490748e+00 1.395743691547326026e+00 1.281979579739168873e+00 1.181719415455177558e+00 1.241332586547070793e+00 1.897439145265455762e+00 1.529783140094730820e+00 1.986798780568189926e+00 1.780246859371310553e+00 1.456709643223525807e+00 1.383180804931002594e+00 1.372028363891365954e+00 1.341170386063994524e+00 1.058611898235190196e+00 1.570765192688993839e+00 1.010320378710075184e+00 1.278222876632899796e+00 1.273573984504232426e+00 1.518924567065776055e+00 1.764305365223084010e+00 1.575789796173030055e+00 1.099691452502185696e+00
2.538944651175371048e-01 1.300396748566233995e+00 1.469121771903663110e+00 1.889493002680003197e+00 1.282089612748361196e+00 1.965624304073151585e+00 1.406486215412733110e+00 1.180443318370892447e+00 1.372166069626463702e+00 1.399539546829257741e+00 1.086729628044475815e+00 1.137229450868877834e+00 1.694872285350090824e+00 1.608149383485772965e+00 1.208262571039051103e+00 1.116977621693806544e+00 1.938121369975360553e+00 1.334573705182094283e+00 1.849747227572170472e+00 1.730673975414088517e+00 1.055176182688166486e+00 1.207867239909826917e+00 1.876110870215649928e+00 1.204812999855468858e+00 1.962558013623913133e+00 1.750334991568312404e+00 1.563277076709449709e+00 1.351000549585419375e+00 1.096363999536104750e+00 1.819416071791081668e+00 1.484942162703827506e+00 1.351000550650068188e+00 1.188195560436799525e+00 1.532094210352410446e+00 1.835973677500919665e+00 1.111969852994535213e+00 1.747622620464440946e+00
2.708598347245305682e-02 1.854401575615509001e+00 1.768149217775566662e+00 1.354854230865230935e+00 1.897679519759984057e+00 1.940791283568045866e+00 1.492208976910295082e+00 1.942500679769223915e+00 1.818781524808713357e+00 1.627403345059287521e+00 1.781605025257770425e+00 1.593131617824139035e+00 1.064117765755421718e+00 1.641319457340524091e+00 1.265384344237466152e+00 1.246478151940756618e+00 1.773387654070330832e+00 1.300952441660447878e+00 1.613414050434288871e+00 1.568283913938178342e+00 1.525971540553148875e+00 1.834560414845648024e+00 1.064509611234204733e+00 1.017556766602369045e+00 1.587238899237051859e+00 1.565675045039794488e+00 1.947467613533136799e+00 1.575904865513475972e+00 1.473127023091252097e+00 1.590172414033784509e+00 1.790758730313469993e+00 1.244563043616667475e+00 1.139567438819384382e+00 1.461372384654114676e+00 1.682914919183534863e+00 1.841515077217820373e+00 1.578618537805171140e+00
2.176427478338760491e-02 1.191966899276822200e+00 1.438368446894576769e+00 1.292254452531281128e+00 1.716866214304587412e+00 1.613583659844240792e+00 1.556293862077149814e+00 1.542326504471783100e+00 1.675837071903084396e+00 1.805429914883111220e+00 1.274421485025376555e+00 1.846625281772275029e+00 1.915009379424617464e+00 1.537631057893048325e+00 1.682452623505762190e+00 1.145283122301613776e+00 1.109618612525296921e+00 1.031036903911930480e+00 1.758008344051876115e+00 1.201035395315748211e+00 1.202908138019099349e+00 1.162287442301213281e+00 1.206768461438594731e+00 1.692628045438337114e+00 1.312741134256380171e+00 1.179156408269806278e+00 1.388631147964306756e+00 1.013054837546588205e+00 1.698629018676473645e+00 1.505065577672473509e+00 1.871767179728742736e+00 1.683833527349165360e+00 1.638344767549206216e+00 1.522743968590537511e+00 1.502471369037705173e+00 1.771679801187706182e+00 1.376869273060921550e+00
2.348621993167819832e-01 1.659627655611314090e+00 1.458838320723591320e+00 1.370107292094293827e+00 1.036393908654853480e+00 1.476880596849846849e+00 1.279070992657000749e+00 1.036294649040067961e+00 1.096206521263589639e+00 1.280238241261600685e+00 1.319306350766004776e+00 1.301381988679729318e+00 1.759521224664316819e+00 1.834096538944622878e+00 1.159771407428462631e+00 1.905897459873037159e+00 1.703898708016807539e+00 1.798271675801563996e+00 1.479775751002967876e+00 1.126503354576305682e+00 1.752905494492923877e+00 1.246313095444605556e+00 1.600746501205158268e+00 1.632628365595505615e+00 1.842340009306691062e+00 1.857665090931175822e+00 1.912560019564589542e+00 1.840624104972827801e+00 1.552092922763105509e+00 1.368576362912556910e+00 1.935147701373753915e+00 1.069552931072363489e+00 1.856989699156405882e+00 1.594854248145417319e+00 1.347114455013878720e+00 1.730626886111861662e+00 1.425579292907309004e+00
8.177852555346964980e-02 1.835307990439119186e+00 1.143850018254302547e+00 1.293111518335694488e+00 1.481840172243102494e+00 1.312255031725373833e+00 1.322427680078985812e+00 1.932436002695695487e+00 1.739379967251366566e+00 1.533289343708533536e+00 1.039018386875600441e+00 1.395728504553806815e+00 1.968747075996930329e+00 1.181039628813939535e+00 1.753036586022933330e+00 1.724436037695307622e+00 1.520452789548849104e+00 1.092807459385841451e+00 1.512884219799432994e+00 1.895319010112584301e+00 1.311309837447577120e+00 1.795694430813656206e+00 1.480855971106680213e+00 1.085629778505329712e+00 1.549214611202727632e+00 1.375107642672138475e+00 1.305564360588795214e+00 1.366179992762617257e+00 1.602071077706688662e+00 1.482423349212564245e+00 1.524964824967148136e+00 1.332030708116168194e+00 1.881517775603139375e+00 1.369576749183739839e+00 1.467099486846348055e+00 1.113695671640845930e+00 1.134972274928772729e+00
8.228109077461380760e-01 1.436079680116634227e+00 1.527664494809635176e+00 1.044812165885261379e+00 1.939033104018365483e+00 1.286854481043770537e+00 1.914871161860176585e+00 1.098377638308166926e+00 1.138843612932538552e+00 1.526482234533108162e+00 1.033945263366562894e+00 1.170328805978857245e+00 1.056541419335548015e+00 1.823688484924229858e+00 1.548821739249684359e+00 1.195664444456803421e+00 1.714876880860022990e+00 1.093491433409543578e+00 1.184136802122163434e+00 1.865820484828308645e+00 1.894026249308719656e+00 1.775470718952894211e+00 1.896512415561928844e+00 1.219312731978004827e+00 1.100278189806853213e+00 1.713170939158608519e+00 1.550831782760832667e+00 1.568043979252912390e+00 1.412147105682223458e+00 1.583393917152721597e+00 1.318664923204639017e+00 1.486032292928825438e+00 1.598603449684923961e+00 1.505214786462201637e+00 1.757786827352423309e+00 1.786699921401499580e+00 1.752501904116721576e+00
7.025056818362371835e-01 1.601038270846863343e+00 1.134763452879666623e+00 1.870451440329750525e+00 1.264500122524867542e+00 1.619735613076500158e+00 1.307929656951817954e+00 1.347746333286558240e+00 1.813113378722131630e+00 1.722317336030561030e+00 1.378599282568789608e+00 1.622218179965430496e+00 1.484048881310492396e+00 1.198908363350752015e+00 1.535920836742634910e+00 1.524543254269431714e+00 1.342321052350556876e+00 1.319531289753942627e+00 1.327047329192590608e+00 1.353591050509734384e+00 1.565907312756021685e+00 1.094802515102786256e+00 1.293865032737222087e+00 1.596912589576452657e+00 1.376254111176745454e+00 1.791201055141420140e+00 1.078655824853904655e+00 1.183982549793954675e+00 1.456965497053568370e+00 1.713523096592658668e+00 1.598228016317489342e+00 1.310747646437008695e+00 1.262631320550792413e+00 1.854329757820037505e+00 1.142493323182793841e+00 1.337766669897097138e+00 1.858110875072767953e+00
7.369084419488043380e-01 1.736919095240593069e+00 1.945967762544987600e+00 1.382549192816064920e+00 1.475593447773409839e+00 1.005980826115878246e+00 1.329633155228636454e+00 1.443498636472732466e+00 1.882868999882905126e+00 1.566112726906923491e+00 1.367321011659484498e+00 1.336441712002085724e+00 1.440922587056808535e+00 1.695106007530679637e+00 1.441153663951362685e+00 1.590499975895254270e+00 1.747257948523325499e+00 1.582289056290357765e+00 1.429268325773940473e+00 1.288383727382954147e+00 1.269266076947913824e+00 1.706067667964687562e+00 1.960152663217486158e+00 1.716127528253741596e+00 1.492434290272115938e+00 1.073006372603106495e+00 1.408689773791346633e+00 1.661729579796541234e+00 1.168174052538038410e+00 1.604450789371720365e+00 1.415608828508169159e+00 1.624853232841105832e+00 1.054790549122436527e+00 1.029915331422081914e+00 1.428719395865070574e+00 1.375450741115758602e+00 1.114406241281136190e+00
4.193901345211252796e-01 1.840466622633547544e+00 1.852344572244090770e+00 1.285743764653191290e+00 1.973765514967246393e+00 1.750276653249699166e+00 1.500708104896248951e+00 1.810997044748128060e+00 1.782171411185120125e+00 1.140993476273491458e+00 1.927866924092290990e+00 1.932710617853676371e+00 1.156455224604553411e+00 1.913505866392876564e+00 1.774105318947218457e+00 1.373213380821032281e+00 1.630487332959748237e+00 1.611786903626466927e+00 1.553937210147947834e+00 1.474797234914708932e+00 1.131610542132148289e+00 1.089579588072422833e+00 1.661921984531788743e+00 1.647018829446242005e+00 1.450472288610737515e+00 1.130737177856718567e+00 1.924631413130529989e+00 1.165697960775154307e+00 1.916288094092780891e+00 1.987181355742626110e+00 1.494767093491464083e+00 1.417319858946689326e+00 1.461372286558286326e+00 1.186336310194405330e+00 1.924254303120430221e+00 1.231974272180207830e+00 1.792015733885227169e+00
4.225426599364989766e-02 1.225917301148220950e+00 1.186254561853454348e+00 1.772873345248791477e+00 1.257310221823014773e+00 1.463478540879292744e+00 1.496719553706549188e+00 1.728976344981119961e+00 1.600608245906809390e+00 1.519002111885388029e+00 1.426134701620512146e+00 1.475270153164197851e+00 1.742842742781439025e+00 1.530898839700397973e+00 1.563203305267038878e+00 1.017173908116778103e+00 1.666484042247290187e+00 1.308026078910725420e+00 1.522880083673238349e+00 1.376673672281967686e+00 1.207507688874222218e+00 1.914225836120134971e+00 1.264743095130033801e+00 1.444277982097883051e+00 1.117249480792475325e+00 1.357140741647998361e+00 1.066667626843014194e+00 1.193174683881716991e+00 1.625471685371110198e+00 1.625312975334147536e+00 1.143655204020609606e+00 1.724555706596991644e+00 1.804697331483394063e+00 1.457125839137149992e+00 1.789086985577015065e+00 1.050067210577734889e+00 1.635951594164374523e+00
9.365951738891695744e-01 1.243821106223114814e+00 1.194709358977823266e+00 1.298947580827576775e+00 1.744705639539193776e+00 1.069083880449529733e+00 1.917010208096962653e+00 1.614199917312312937e+00 1.111896832796787082e+00 1.451771436875676002e+00 1.191023020267091503e+00 1.728720953591725618e+00 1.548328654378563041e+00 1.495522116680271019e+00 1.812672353215888155e+00 1.058840048163808056e+00 1.815626321806068866e+00 1.348309452471105230e+00 1.717614766928523551e+00 1.412305063746072342e+00 1.400880068911408927e+00 1.478233848652311000e+00 1.363872149924815869e+00 1.215550392716579164e+00 1.463100971997398192e+00 1.945006531767290436e+00 1.897514662585777057e+00 1.027855620837020645e+00 1.845665694044022587e+00 1.632706987940979459e+00 1.971255561622630381e+00 1.652502760532455817e+00 1.912693174204396218e+00 1.072448812375981220e+00 1.392676409247962432e+00 1.639899085471201223e+00 1.235123532718193751e+00
8.360776699101040155e-01 1.223782370501703243e+00 1.327846566839847364e+00 1.455456197926708883e+00 1.780536316149012421e+00 1.713628704900516997e+00 1.575068520437273412e+00 1.576074395983141585e+00 1.316669489929946923e+00 1.335973307508059094e+00 1.268322954438195982e+00 1.931087242246964486e+00 1.639248764123444779e+00 1.336974012434683612e+00 1.945189748557391685e+00 1.449545852935256729e+00 1.029686131281832395e+00 1.852279841377727720e+00 1.689816944013864397e+00 1.233680965998438461e+00 1.199979920358511531e+00 1.762969185534757122e+00 1.245729555372683706e+00 1.011963661781111190e+00 1.021430770771752705e+00 1.573758924159019301e+00 1.481907354016590794e+00 1.160706400002782690e+00 1.900627114775835125e+00 1.235980049074950848e+00 1.854778638438594029e+00 1.562040800489609360e+00 1.895143751364317453e+00 1.435846005986567864e+00 1.540093139760723151e+00 1.191235437384910778e+00 1.460731839044969504e+00
2.223838478725482792e-01 1.963750208919712303e+00 1.656783851607971370e+00 1.901624173729539180e+00 1.466308355422690779e+00 1.467259204985629673e+00 1.314324461421679580e+00 1.525424949534734509e+00 1.940830065332701970e+00 1.706529716137967778e+00 1.572265253514691707e+00 1.848460766973003544e+00 1.180010314987644859e+00 1.622315967393616276e+00 1.090561090040369940e+00 1.802988175695188211e+00 1.369694885902563719e+00 1.536431610899084976e+00 1.941728415027859533e+00 1.711170916399734399e+00 1.286787848496411257e+00 1.855971107753392690e+00 1.848874058570773471e+00 1.152826722518252467e+00 1.212963526741734022e+00 1.345273094904147815e+00 1.234241599508091980e+00 1.594557074187343382e+00 1.414719937737900057e+00 1.008909188943947655e+00 1.273895869744233522e+00 1.295867553899586078e+00 1.600307115935970526e+00 1.006438670409403713e+00 1.742904283816609112e+00 1.975707715220357930e+00 1.015241017247600741e+00
