output/example/elevation_000031.asc
nrows	75
cellsize	133.333333333
xllcorner	0
ncols	75
yllcorner	0
NODATA_value	-9999
[rows 0 to 16 of 75, columns 0 to 36 of 75]
4.840509446848720865e-01 1.004840509446818686e+02 1.387930246257509737e+02 1.592054388758657808e+02 1.408550975598132595e+02 2.115657755582220716e+02 3.115657649695032774e+02 3.584929100015391441e+02 3.999141222723558258e+02 3.911292223214477985e+02 3.494195137422361199e+02 3.494195071951015166e+02 3.374297661750097745e+02 3.801635740740097162e+02 4.461830528557522939e+02 4.485824778111386877e+02 4.078276544627298676e+02 4.485824757563697744e+02 4.486615415045123427e+02 4.196474515743033749e+02 4.304930699058147070e+02 4.714361827935871929e+02 4.686199238790883896e+02 4.686200359675204368e+02 5.093858962774831411e+02 5.565949163602990666e+02 5.554039347545652845e+02 5.934581694683928390e+02 5.150890052701952300e+02 4.672541287234766401e+02 4.493676728022048792e+02 4.913298554844378714e+02 4.947249786316600648e+02 4.541750743077124071e+02 4.958600093519064558e+02 5.067958924457502121e+02 4.653167224961110264e+02
6.497923401133355314e-01 1.954801599057466532e+01 3.879302496356212515e+01 5.920543948675521051e+01 1.592054388758664061e+02 2.349263884306371608e+02 2.877822242637589056e+02 2.584929120355760119e+02 3.584928935829762509e+02 3.494195130541568233e+02 2.488602196555769694e+02 2.488602196535796054e+02 2.358797750406243097e+02 2.941869602122861806e+02 3.994938130812438430e+02 3.957774916908012983e+02 3.085696755235029514e+02 3.990804748502380335e+02 3.492662342766042229e+02 3.201133795461522027e+02 3.310109195587216391e+02 4.190001813473392076e+02 3.693804477978036971e+02 3.693804479644825278e+02 4.686200268465329373e+02 4.577577560390752751e+02 4.576997298176532354e+02 5.553667403415645367e+02 4.678393253010441981e+02 3.626236327096864329e+02 3.491270942210913972e+02 4.343084655742683822e+02 4.400359146218751221e+02 3.537760365333186883e+02 4.448101422601465060e+02 4.567276699652595084e+02 3.652562808858091898e+02
6.883992401879653888e-01 1.006883992401849355e+02 1.387930246257509737e+02 1.592054388758652408e+02 9.350515651525674343e+01 1.935051550663394551e+02 1.877822339441053145e+02 2.877822086362254481e+02 2.952154081987260383e+02 3.109143261794409909e+02 2.783133530133445674e+02 1.780541190617527718e+02 2.783133530238741287e+02 3.332520006071057992e+02 3.748415188801935756e+02 3.581986649787525607e+02 2.586260567779042958e+02 3.581986649878210756e+02 3.492662342839288954e+02 2.494767272215397327e+02 3.317819710718204647e+02 3.194994041628478385e+02 2.988379993801748356e+02 3.984470173842330496e+02 4.398337649056573468e+02 3.875230844196851194e+02 4.864330952310905900e+02 4.985524097822524254e+02 4.395424718949994940e+02 3.909336964399118415e+02 2.913964820891069394e+02 3.918863561259303765e+02 4.036545979388019418e+02 3.037555688961589340e+02 4.036545982354080593e+02 4.152862869201389913e+02 3.152424750917110714e+02
9.527043435140133409e-01 1.009527043435109874e+02 1.920943529003446884e+02 2.349263884171403447e+02 1.935051550663393414e+02 1.343299855616424736e+02 2.343299821826670666e+02 2.659146961916857208e+02 1.952645676653622786e+02 2.109777840164453551e+02 2.523537064952876960e+02 1.522340246515097419e+02 2.523537065036198328e+02 2.362108286982713139e+02 3.191511844063427361e+02 3.250557498325595134e+02 2.252989578350013176e+02 2.825702637493142220e+02 2.960365055986424068e+02 2.161449311208316999e+02 2.319562328955994133e+02 2.488590426861194089e+02 2.697093004426568541e+02 3.694236686904225735e+02 3.405073176172101626e+02 4.398337649051983931e+02 5.259697618380505446e+02 4.556268737212369615e+02 3.545607094145248084e+02 2.967664611959425542e+02 2.612398179827405897e+02 3.614297106789981626e+02 3.703715086119573812e+02 2.704158373329926235e+02 3.703717247553408924e+02 3.819383515073564581e+02 2.819020458456905658e+02
6.729967576641545657e-01 5.067299675766396660e+01 1.213836748763182101e+02 2.213836748762077207e+02 2.757510847556210365e+02 2.343299821826670666e+02 2.757510847488547370e+02 2.159374582748323235e+02 1.245581762406162341e+02 1.402737679340322643e+02 2.239117514604427015e+02 1.286637840544745757e+02 2.287008541571795490e+02 1.785960628558341341e+02 2.442007508585016353e+02 2.547323159293196966e+02 2.654426577226950030e+02 1.826609722583069129e+02 1.961449670690967935e+02 2.960365055986929406e+02 2.896664265026723797e+02 3.486425070671920707e+02 3.694236686904138764e+02 3.013231732822059143e+02 4.008918208846509970e+02 4.803828332186906778e+02 4.795454786262178004e+02 4.209343468811278512e+02 3.788783805974171059e+02 3.336169106591619880e+02 2.335014839088859731e+02 3.336178044061709329e+02 3.415282234646271604e+02 2.415443847135937006e+02 3.415282296533133035e+02 3.524390727244035588e+02 3.109906831308525170e+02
6.149197931285226293e-01 1.006149197931255088e+02 1.484195149551842405e+02 1.946426098612387534e+02 1.831249415327022803e+02 1.417189317377545876e+02 1.831249415363933224e+02 1.634738956401766359e+02 7.455828501060899782e+01 8.253915385528517845e+01 1.825280697627520965e+02 1.063031036746994857e+02 2.062858735898093983e+02 1.338795468587568962e+02 1.442490638021412792e+02 1.547899893241597056e+02 1.655111146365256332e+02 2.654426577226986410e+02 2.960365055986826519e+02 3.372373584955458341e+02 3.893128748481203161e+02 4.303018701335558944e+02 4.416811260225104547e+02 3.589590743455256643e+02 4.398366605423766487e+02 4.434361620087777851e+02 4.370070191912056430e+02 3.364254778902289900e+02 2.786646044424597335e+02 2.433037252974285707e+02 2.116781950158158452e+02 2.867242916554693011e+02 3.157207607517741508e+02 2.157223394463230477e+02 3.157207579629745737e+02 2.847236249539440678e+02 2.109686955103641139e+02
5.036282395543789647e-02 7.000843292524605133e+00 1.070003102050294785e+02 9.464871611560855058e+01 1.310602236367861337e+02 4.172303498616572881e+01 1.417189317377541045e+02 6.348130949817483071e+01 1.634738956401766643e+02 1.825280697627512154e+02 9.408615923907713352e+01 1.940723583212314622e+02 1.196661657701891670e+02 2.196391244182257196e+02 2.442007508585014648e+02 2.547323159331795353e+02 2.654426577226951736e+02 2.020255907441371050e+02 3.019137319991005484e+02 3.797137539113291496e+02 4.206789196950649625e+02 4.776541975256859587e+02 4.989539926548555968e+02 4.582219000651188026e+02 4.131765587608629744e+02 3.413880940717118619e+02 4.134258163672792534e+02 4.209320398935998355e+02 3.788783124196026506e+02 3.434194279603119639e+02 2.867238757296569247e+02 1.866771964667547365e+02 2.631335642373469454e+02 1.921510225426684428e+02 2.597193157650721105e+02 1.847063785739915716e+02 2.847236249540004565e+02
2.473071933081959495e-01 1.002473071933052040e+02 1.690231872229134780e+01 2.393829416959426837e+01 3.106299916838523245e+01 1.310602236367866738e+02 5.253779639488320186e+01 1.525321545969253805e+02 2.048688949807696247e+02 2.207934162846915171e+02 1.208122831174209324e+02 2.207934162846878223e+02 2.196391244182250659e+02 1.643872497929631891e+02 2.052106211989103883e+02 3.051307372918190026e+02 3.431181166845959183e+02 3.019137319991004915e+02 2.446611578145067938e+02 2.800051968053069231e+02 3.376647439881865580e+02 4.370246817774373653e+02 4.371415009141232417e+02 4.169630964933710402e+02 3.678661455290253457e+02 2.704553518824690741e+02 3.678657135090148813e+02 4.285362142215383869e+02 3.870831010285251637e+02 3.968772343132043829e+02 3.282778930173907384e+02 2.631335628957111226e+02 1.631065150291753696e+02 2.404735462644132156e+02 1.597059278215021720e+02 2.597193157657372353e+02 2.437273828002851701e+02
7.088201712286245071e-01 1.007088201712256250e+02 1.169009318249007947e+02 9.464871611560855058e+01 1.310602236367859064e+02 6.536271579970821222e+01 1.525321545969159445e+02 1.939329287917201725e+02 2.799036419250696213e+02 2.621597972837257657e+02 2.207934162847075754e+02 1.679524708711155654e+02 2.679171579388777218e+02 2.643386557116038489e+02 2.643386557108254351e+02 2.758937969042038389e+02 3.757138682565424119e+02 3.855712875690438182e+02 3.444663211810315033e+02 3.797137537344019051e+02 4.206789196806835776e+02 4.077232974666629843e+02 3.369652958317189473e+02 3.745751995393495690e+02 2.740967548826808979e+02 2.257219222254566375e+02 3.259368160092553239e+02 3.707741904843784937e+02 2.870539530850866754e+02 3.554458643115550558e+02 2.554176382700666466e+02 2.737733404276922897e+02 2.404735462642450727e+02 1.404606613804635060e+02 2.404735462655821721e+02 2.334407930122378332e+02 1.437216729814784912e+02
5.819734946149275334e-01 4.530333304461056088e+01 1.453033330443943498e+02 1.946426098612553233e+02 2.067663653287525278e+02 1.653584918508011299e+02 1.031591534119311717e+02 1.385144412209662335e+02 2.092223151491117221e+02 3.091963769416831838e+02 3.092613325199798169e+02 2.256833619888684552e+02 2.495855408678102378e+02 3.494819257938377746e+02 3.641663202584526857e+02 3.757138323706118399e+02 4.168895715414331562e+02 3.788930683543104578e+02 3.288085551419006833e+02 2.873742197862474654e+02 3.288085969568191445e+02 3.576942168203537449e+02 2.662404297577230068e+02 3.576942133264431618e+02 2.925031369583905985e+02 1.923861145441343012e+02 2.925031366147588869e+02 3.293311924316135446e+02 2.293097640707244125e+02 2.715837587310674053e+02 2.737733402550926485e+02 1.737580059698669288e+02 2.160295289047211611e+02 1.303069612842916456e+02 2.232612896721957441e+02 1.334345859592831118e+02 2.334407930122373500e+02
6.201706420557316912e-01 1.006201706420527131e+02 1.269529911373807636e+02 1.976636692560205404e+02 2.976636692461809162e+02 2.445563517613210252e+02 1.738683781850784840e+02 2.031523784334299592e+02 2.092223151491741646e+02 3.091963777417374217e+02 3.669216887387930228e+02 3.256095970525925622e+02 3.494819257292386396e+02 3.512096336200028190e+02 3.097611819857294790e+02 3.512164876699322917e+02 3.869635106574564816e+02 3.161957641789962281e+02 2.373704262537411012e+02 1.873647830366749361e+02 2.788006110517104617e+02 3.162508537580863504e+02 2.162363971128209243e+02 3.162508521671402946e+02 2.666387957636459305e+02 1.665653407948689164e+02 2.372940470769547687e+02 3.374828057331151854e+02 2.715837635378282471e+02 1.715699326653978005e+02 2.244367800630450347e+02 2.160295289046535743e+02 1.160207681188145870e+02 2.133110511978147201e+02 1.232545490693729988e+02 2.232612896722673668e+02 2.748655829867145144e+02
9.933278572681448759e-01 7.170400597592238512e+01 1.717040059759122812e+02 2.265762544260161633e+02 2.265762544232821654e+02 2.679976033407305636e+02 2.738502090016783086e+02 3.031249398729813151e+02 3.091963777522096848e+02 3.505849881544772302e+02 3.089471189222184080e+02 2.675217341082064877e+02 3.089471286704922477e+02 3.011956137067048189e+02 2.097517941730223754e+02 2.926731550273114522e+02 3.341107388395108160e+02 2.454576034113863443e+02 1.747420710420950059e+02 1.373629499799728251e+02 2.373695011398965846e+02 2.402671352961219498e+02 1.829014495908874380e+02 2.829123125345033714e+02 2.436704155698666909e+02 1.436231902262050255e+02 2.436704139209272171e+02 2.879598824040880913e+02 2.465276923105028573e+02 2.244367799151717406e+02 1.244278335778449645e+02 1.983920387606802649e+02 1.063529769900614212e+02 1.133037723560561147e+02 2.133110511949042518e+02 1.809916872214689363e+02 2.387314808369937964e+02
1.405461526419654605e-01 1.001405461526389615e+02 1.366205673680421739e+02 1.265762544668446452e+02 1.265762544668446026e+02 2.265762544232856044e+02 2.966684564723141762e+02 3.380897826353993878e+02 4.003741274763068532e+02 3.052417807188041365e+02 2.589438028916055714e+02 1.675163824284755378e+02 2.589438002869330262e+02 2.597561340772180074e+02 1.597498513296609701e+02 1.926656063617250538e+02 2.926731185709741681e+02 2.657343867705521916e+02 2.040339388037157846e+02 1.040287786704633817e+02 2.024676494855845306e+02 1.402598321555235827e+02 2.402671352958410296e+02 2.348978566211077066e+02 1.934470782195350012e+02 1.223025528770470487e+02 2.223326560760706911e+02 2.302159545800126921e+02 1.465167235946151152e+02 1.915915963417509147e+02 9.555934343606915604e+01 9.838446338855995066e+01 1.983920387606914915e+02 2.133110511978147201e+02 2.547405579712749386e+02 2.810026402280653315e+02 3.224309047747768204e+02
4.026185890239118992e-01 1.836314879170137004e+01 3.662056737520683924e+01 5.586557634819430262e+01 1.558655763354321948e+02 2.150187986048327957e+02 1.966684567482416242e+02 2.917954586571934215e+02 3.003741371744424100e+02 2.638162846186349384e+02 1.638109665072551593e+02 1.175149991081087251e+02 2.175190581170078872e+02 2.219570880986430552e+02 1.219523979159355207e+02 2.219569213117419793e+02 2.620374864090025540e+02 1.950182781189763830e+02 1.243021694354000886e+02 7.820839235270751999e+01 1.024624139407638239e+02 2.024676494856431077e+02 2.128869787108015998e+02 1.714599322996290027e+02 9.343423998444310996e+01 1.769583837672806794e+02 2.183863608335537378e+02 1.848268816524798979e+02 8.877959806508013685e+01 9.158460765952318638e+01 1.915915963417593275e+02 1.983920387606802365e+02 1.030120833995951983e+02 1.737263156749744724e+02 2.737416810354470726e+02 2.911115427843816406e+02 2.944834295264988668e+02
7.903750024369222693e-01 1.007903750024339189e+02 1.366205673680421455e+02 1.558655763354313706e+02 8.919890968152739674e+01 1.150187986562433338e+02 1.503741377155702139e+02 2.003741377155695034e+02 3.003741372668464464e+02 2.675736004983537555e+02 1.821622839089847901e+02 8.215893722625341411e+01 1.821622840014665599e+02 1.598727971126477314e+02 9.522570231910445671e+01 1.952296669253148309e+02 1.913217199881028705e+02 1.206059537090794009e+02 5.358988715737601893e+01 1.535932231994183894e+02 1.987637817504003124e+02 2.090239532742919550e+02 1.675975779852026335e+02 7.145506420649788026e+01 7.418890096215099561e+01 7.695285732963138514e+01 1.769583837677684528e+02 8.482051114065470188e+01 1.848268816524811200e+02 1.915915963417472767e+02 2.330210477298512330e+02 2.062979782764475942e+02 1.062895904690564493e+02 2.062979782765318362e+02 2.523869028251561133e+02 1.910916377390059893e+02 1.944628329624717935e+02
1.870836446472545767e-01 5.792211056360961408e+01 1.579221105635912750e+02 2.306202577386209498e+02 1.891989096505629675e+02 1.857294767748750246e+02 2.503741376091769837e+02 2.917954586574782070e+02 2.397207691804559033e+02 1.982961236655963830e+02 1.261446602912737944e+02 5.543235972962932578e+01 1.337401976331504727e+02 5.986978615345253729e+01 1.388814611016085223e+02 1.803056180524659737e+02 1.462081329505301426e+02 4.989376415618056626e+01 1.498968985455347536e+02 5.733492222618911427e+01 1.573384845297346146e+02 1.637438541226112818e+02 6.759316440410344740e+01 1.675975779852028325e+02 1.741940987271038352e+02 1.769583837677599547e+02 8.086917682648282835e+01 1.808751804846529296e+02 1.848268816524816316e+02 2.848415240916963853e+02 2.770201529764687507e+02 1.770038967158519085e+02 2.062979782765690970e+02 1.109447523718861106e+02 2.109536148348315692e+02 1.203771042966436653e+02 1.237482500729296788e+02
2.797522905802692916e-01 1.002797522905772638e+02 1.993434667162716494e+02 2.366001770815508678e+02 2.780215314530645401e+02 2.857294766004267785e+02 2.617865229124907955e+02 2.203627521152685631e+02 1.982961242753268039e+02 9.829250323721669247e+01 1.275828844237258721e+02 3.117788400186591602e+01 3.373720581776481708e+01 3.629902040019778298e+01 3.887862506863692857e+01 1.388814611017544678e+02 4.620516585926759490e+01 1.462081329505301426e+02 1.913217199937372754e+02 1.573384845297342451e+02 6.108521709030033975e+01 6.373987719873659330e+01 1.637438541226242705e+02 1.675975779852062146e+02 2.676072397497744646e+02 2.223038070608584746e+02 1.309321449755523190e+02 1.162253505177258432e+02 2.161739349928197953e+02 2.967338055510677464e+02 3.184572731290324441e+02 2.770201537833428915e+02 1.925997246036715467e+02 2.109536053346472499e+02 1.156176743757916654e+02 2.156270318645656516e+02 2.237581874372806396e+02
