output/example/elevation_average_000087.asc
nrows	75
cellsize	133.333333333
xllcorner	0
ncols	75
yllcorner	0
NODATA_value	-9999
[rows 17 to 33 of 75, columns 0 to 36 of 75]
6.278147767783714972e-01 9.944062503762592087e+01 1.625724897021867150e+02 1.326222755518916188e+02 2.265521205272518444e+02 2.279004291973489842e+02 2.029498806469793806e+02 1.264078836932745133e+02 1.678276091928028393e+02 1.238982839807206773e+02 3.328134522860776201e+01 1.318191539540270014e+02 1.388332647241914515e+02 1.147165234559413847e+02 1.446714958550408880e+02 5.045509821235286552e+01 1.478526007988831168e+02 9.905768861176603934e+01 1.961846373924277884e+02 2.093198748344834428e+02 1.694086805100662332e+02 8.532350195308163165e+01 1.833109383423727365e+02 2.375967966965205846e+02 2.927805715152086350e+02 2.907756098937035745e+02 2.275826729572807778e+02 2.251979203962119982e+02 1.657926508381925714e+02 2.329409032538202382e+02 3.291908498759822237e+02 3.460491628388615482e+02 3.079261182020497358e+02 2.504457536190914766e+02 1.539781654779203564e+02 1.919215039311509372e+02 2.879239941962104012e+02
9.333890302168857955e-01 3.199537353517848359e+01 6.457952713599551942e+01 1.626773387387854655e+02 2.015050957206075566e+02 1.368261728507746682e+02 1.605818405431018334e+02 6.796298050273601632e+01 1.234582291628241535e+02 2.910732868712053545e+01 1.274923192722416161e+02 8.615652218935784390e+01 1.818150775386287989e+02 2.116214225241114377e+02 1.761313212727746986e+02 7.879286603981401527e+01 1.730731100921134669e+02 1.961463888665437025e+02 1.521599469211196549e+02 2.491726205941814101e+02 2.232140681343590813e+02 1.549769369738069997e+02 1.018153081671218700e+02 1.995842560942324440e+02 1.966273375571388726e+02 2.930340707028744873e+02 3.177097461792426429e+02 3.023909387132496818e+02 2.628667764695824758e+02 2.175285641966401045e+02 2.709585873247407335e+02 3.617716586322728745e+02 3.418336951573816123e+02 2.491258855598983075e+02 1.784211145539033225e+02 2.713657256625459695e+02 2.689295449916201051e+02
9.343791665630089005e-01 9.978502510300964445e+01 1.625661963206257496e+02 2.023594278121728678e+02 1.534239978933746897e+02 6.615256492902325647e+01 1.162941294972119124e+02 2.191701066391955166e+01 2.489552032361766720e+01 1.235118026249253376e+02 1.678492176838908847e+02 1.840537484418248084e+02 1.567170869240961508e+02 2.534912536962460479e+02 2.167526339518964562e+02 1.297379241005334904e+02 1.422773815120446272e+02 2.373790889876871404e+02 2.219416702021218271e+02 2.317985093918119901e+02 2.916754032396904677e+02 2.394127553763692333e+02 1.712552194060573640e+02 1.189905452194751092e+02 2.155318446477650980e+02 2.292201856371889619e+02 3.254009557116665405e+02 3.534628799431433777e+02 3.492004442505896691e+02 3.139458199456761918e+02 3.527506321766113615e+02 4.057582243501464632e+02 3.530826860779574190e+02 2.619163284075099227e+02 2.133606471796522328e+02 3.027491018889597854e+02 3.610425278808281746e+02
4.696025931229614869e-01 7.108367596739253713e+01 1.688865004941382892e+02 1.503091002237036946e+02 1.101555301641702016e+02 1.463401509473915674e+01 1.767691355213685966e+01 1.163716288925871822e+02 1.234527362480073975e+02 8.689221478367107920e+01 1.551116446613941662e+02 2.511518494177095420e+02 2.535934255180108607e+02 2.933705418761385317e+02 2.657690849379017095e+02 2.011122645709122025e+02 2.128180663693129020e+02 2.792413084146393203e+02 3.177791482826287961e+02 3.280287717843416431e+02 3.672427216451859522e+02 3.076921659036969459e+02 2.562945034349514231e+02 1.891872688177581381e+02 1.373380548488333091e+02 2.346777872678727874e+02 2.673804301630005966e+02 2.578122048037892000e+02 3.088691295399983119e+02 3.653534536012592184e+02 4.055733372750657395e+02 4.621435064251549534e+02 3.918142536176469548e+02 3.254323041999613793e+02 2.482945553043327322e+02 3.336563241975927099e+02 3.890062864489333947e+02
4.671211237371231118e-01 9.857283908014672136e+01 1.045320996035735988e+02 1.068809522212883536e+02 1.142000417190304518e+01 1.101657195054164191e+02 1.937753930099118094e+01 1.180522113285935717e+02 1.628802100244244571e+02 1.847749842107072311e+02 2.246616160292998075e+02 2.420533300827910921e+02 2.689516546049792396e+02 2.723623108294125359e+02 3.103936173760354791e+02 2.906215591252936861e+02 3.072993017316644000e+02 3.151313135175885236e+02 2.757207267797230656e+02 2.884630639659798703e+02 3.277552077345847010e+02 3.605753785844949562e+02 3.248353733979512867e+02 2.743016357871293849e+02 2.079532770101635890e+02 1.569497499600354899e+02 1.721375049808561926e+02 1.879075860590824618e+02 2.845841702825914012e+02 2.708996939060590421e+02 3.284148061598576760e+02 4.168728802123163177e+02 3.962085324815859622e+02 3.234811995272706895e+02 2.733409289315097794e+02 3.583566850246637046e+02 4.243859752671791625e+02
3.248811761027110556e-01 9.918168476655282007e+01 5.849475236954344126e+00 8.161087133591692577e+00 1.069118156561272741e+02 1.503974757553822030e+02 1.180461951863385366e+02 2.407171936143010527e+01 1.226402542605242445e+02 1.674792505398886249e+02 2.123198389246870761e+02 1.458447867730004646e+02 1.720635541285906243e+02 1.756984789231818809e+02 2.628166467574478702e+02 3.099234753367770736e+02 2.826160640319996560e+02 2.594558365711092733e+02 1.788300813984137108e+02 1.917299778491179723e+02 2.880855355149305979e+02 2.647602301922639754e+02 3.325057915913064335e+02 3.417182080104444140e+02 2.899763189235882237e+02 1.947479647729519741e+02 2.689689742272485660e+02 2.845629595300845835e+02 2.123884473055586284e+02 3.087579994992782986e+02 3.341693087616548610e+02 4.284791741120420738e+02 4.071346504059881681e+02 3.811196410491351116e+02 2.978950620402195000e+02 3.824510486905036828e+02 4.202865657880740287e+02
1.190754202154438168e-01 2.522608090742107567e+00 1.006006986871605733e+02 1.068625280497724503e+02 5.491679278207367076e+01 1.528794772734167964e+02 1.626833622024566637e+02 1.226979411319762647e+02 2.873337656810241469e+01 1.269767303607910947e+02 1.350384999526840772e+02 7.445389889371303127e+01 1.098997989830992594e+02 1.787879678043520926e+02 2.755881036771955337e+02 2.622469462973184591e+02 1.887494993712054736e+02 2.193160916146527484e+02 1.221700850913742471e+02 2.120550660805393193e+02 2.382800142752678312e+02 1.965872918115812809e+02 2.633894836117832483e+02 3.573985745678785406e+02 3.299111377761890367e+02 2.517325789867757919e+02 3.307643322806316633e+02 3.480091877897810377e+02 3.040378652310642451e+02 2.426334375379728669e+02 3.386071475219911235e+02 4.041273387279204030e+02 4.141060976449732607e+02 3.892431855793165028e+02 3.642767064199369997e+02 4.118390499088077945e+02 4.375027350039052862e+02
3.133428407152799577e-01 9.917104512957409668e+01 1.416265583730837534e+02 1.926940734792111414e+02 1.257064978898323062e+02 1.241207631947237786e+02 2.214472388642437579e+02 1.674217254783557394e+02 1.243688852557667843e+02 3.336967325279898944e+01 3.665357677037785322e+01 1.351462174354197430e+02 1.799257901763540417e+02 2.202117214041850559e+02 2.204581501648700055e+02 2.191153403321083317e+02 1.266770938927312784e+02 1.623005317686543663e+02 9.080635879087951423e+01 1.151911924132876948e+02 1.411953076327104100e+02 1.900903736102501398e+02 2.585773282332612553e+02 3.530747410951803431e+02 3.839344569853678308e+02 3.473355991502565416e+02 3.368890499018502283e+02 3.722777596364566648e+02 3.776752126352695882e+02 3.386010961306541844e+02 2.798074314692249800e+02 3.091398852850243202e+02 3.671002726114367078e+02 4.554484988451912955e+02 4.271670617357289643e+02 4.651964648893261938e+02 4.836505181423551107e+02
9.928176626908779001e-01 4.525046763461422472e+01 1.150221357447370707e+02 2.125409800327284984e+02 2.227343079716769410e+02 2.215488936996837026e+02 2.603974294589762621e+02 2.051641792461950331e+02 1.110596725732015528e+02 7.915352526467566463e+01 1.351042410057912093e+02 4.136305995824604054e+01 1.398183052957607799e+02 1.256231805480219634e+02 1.230646198573703174e+02 1.458706033414442231e+02 1.575828260318845082e+02 6.407060580530631455e+01 1.623009964527721820e+02 2.068691498468339205e+02 2.383785716885294619e+02 2.781511047047080751e+02 3.262243432164235060e+02 3.082933365777872723e+02 3.265505907345649916e+02 2.870419148418328064e+02 2.406857252511778427e+02 3.183561765379654389e+02 3.735893951764707026e+02 3.718905588385833312e+02 3.717583124771825283e+02 3.886945126724612578e+02 4.412910659087809790e+02 4.998986895569254330e+02 4.448799241075806208e+02 3.883042920604378310e+02 4.119556363702269550e+02
8.098593596749129597e-01 9.965986734286569515e+01 1.428535170767532918e+02 2.393093207511496132e+02 2.463841243545519433e+02 2.565634312475153251e+02 2.959963933332283545e+02 2.417591587211526587e+02 2.032586442286749104e+02 1.315678144682192396e+02 1.799180831699433440e+02 1.360809498024447350e+02 4.605151114381040856e+01 4.937320325290519207e+01 5.269303245715624939e+01 5.602030287819506782e+01 5.934595519553587906e+01 1.576134333420714029e+02 6.898504568312735330e+01 1.671642011249051052e+02 2.119693713371489707e+02 2.804455339778145344e+02 2.786281832749670571e+02 2.131981630669790206e+02 2.701976188602507136e+02 1.907053101419357120e+02 1.822104616367096241e+02 2.381755784875335564e+02 3.340202162578419234e+02 2.991364081908890284e+02 3.515198635210119846e+02 3.663492643279425920e+02 3.892219386722339891e+02 4.420748989851946362e+02 4.138192290487899072e+02 3.419926981530055627e+02 3.512595225890375445e+02
5.647759371839101705e-01 7.070368063109054901e+01 1.687417416523369411e+02 2.172947132629698501e+02 1.496173306936320557e+02 1.595769245511266092e+02 2.389240148153826055e+02 2.713962981511826342e+02 2.573792021444917850e+02 2.000014836747827474e+02 2.085405683095352458e+02 1.151396041895418421e+02 1.009938508585036772e+02 1.189822854578256681e+02 9.585613497654112791e+01 1.542377913846730166e+02 8.499530290373910191e+01 1.810253679255629606e+02 1.671577337323950587e+02 7.386509105028038391e+01 1.434960044550816747e+02 2.149335007151524337e+02 2.295129539949901130e+02 1.426588926258660592e+02 1.933698340324317826e+02 1.330696271624791791e+02 2.305358488413058922e+02 2.748767849097081921e+02 2.774556490265481443e+02 2.241015483872328389e+02 3.058602460362534998e+02 2.989228377819336515e+02 3.627064635365597383e+02 3.705148394324011178e+02 3.807324700404076907e+02 3.014190682636666452e+02 3.099413341663776578e+02
7.582905442777093663e-01 9.960815635726216044e+01 1.184582179722514468e+02 1.282869523115270169e+02 7.956651060645684481e+01 1.770717473193394369e+02 1.418714912910629380e+02 2.125215910955640197e+02 3.083308125740907144e+02 2.938269375754395014e+02 2.473619064498534215e+02 1.749386820777696698e+02 1.669870800901095151e+02 2.165223933449319702e+02 1.475778377882874111e+02 2.069511515157261101e+02 1.163725264984299343e+02 2.071169251066727668e+02 2.119352804939304633e+02 1.690876827785216676e+02 7.873576783836533366e+01 1.760637865316598152e+02 1.850378605833016934e+02 9.215444895523168611e+01 9.569752533356457036e+01 1.935982372683677681e+02 2.020566888337945386e+02 1.786130309951246886e+02 1.806247961487424050e+02 1.692404220718180454e+02 2.588282389758458635e+02 2.399081350459400426e+02 3.315825580327763191e+02 3.109031599352662170e+02 3.405521430454258507e+02 2.564490165483110786e+02 2.662047928351528867e+02
3.106133300308140388e-01 1.011461707493770135e+01 1.993108796177987330e+01 2.985960122387815829e+01 1.283527405332355613e+02 9.042596988815648729e+01 1.881990892762300689e+02 2.390329102080933694e+02 3.350499039070182334e+02 3.542544218280867767e+02 2.863496283156798086e+02 2.426059150653414349e+02 2.244770346118974942e+02 2.606108242608630690e+02 1.977087106092823774e+02 2.347588589784292878e+02 1.503162698104431456e+02 2.375356861636543897e+02 2.388745499036451463e+02 1.448030299556892260e+02 1.748952289889156475e+02 8.360555396374283532e+01 8.710186008916467415e+01 1.850958140322680947e+02 1.935228353266547572e+02 1.007702842310141733e+02 1.043357385419636074e+02 1.078541971078423529e+02 1.113444038866645371e+02 2.089744625754736944e+02 1.678861736178135402e+02 2.595020214221938204e+02 2.976051745142767686e+02 2.480237142629083280e+02 2.705052985152447036e+02 2.162810768140772950e+02 3.129421151879908507e+02
9.522306102595711197e-01 9.980305337801142684e+01 1.184898780096000905e+02 1.282747714021111847e+02 4.485007525360945380e+01 1.431643330720422966e+02 1.584731844115874537e+02 2.548914941312661142e+02 2.695789669767789292e+02 2.586374010275353044e+02 2.585409291522063313e+02 2.683852274080009011e+02 2.754469099966703425e+02 2.483799151010656203e+02 2.659932723512765733e+02 2.468325992301166423e+02 1.691763438032836859e+02 2.584069119262409231e+02 2.761371736880375920e+02 2.058281244405085886e+02 2.004815563855509026e+02 1.062012222520294387e+02 1.850311936937694668e+02 1.101775274078818825e+02 2.079177414522278866e+02 1.986209517922182783e+02 1.605395924074861966e+02 2.055707947602445245e+02 2.090348981125755188e+02 1.162791180199826044e+02 2.139762436291080405e+02 2.575084076429639026e+02 2.010767602260710873e+02 1.945875548225635612e+02 1.821502357475950191e+02 2.784333063792120697e+02 3.425015431206469998e+02
5.499842727366835993e-01 9.939714287960234174e+01 1.877758223363569812e+02 1.829470135902068932e+02 1.431613673957002106e+02 6.098402084371709009e+01 1.591088344402012638e+02 1.882317451299669244e+02 1.730319864269898176e+02 2.147414610985912304e+02 1.617353969604950521e+02 2.372793306352538139e+02 3.195477100335298246e+02 3.432689354389095797e+02 2.933165880328467097e+02 2.226369135183378773e+02 1.836324460208321625e+02 2.788733781390543527e+02 3.174465542534666156e+02 2.911179963357625411e+02 2.251321766899479258e+02 1.324512841021158920e+02 2.188293730105430939e+02 2.079103785613471587e+02 1.344152075801671060e+02 2.318969390399977897e+02 2.576660948760697352e+02 2.965099985423760245e+02 2.537326472602177603e+02 2.129851879666893240e+02 1.212275987220467499e+02 2.188683123980356697e+02 1.312362150896732089e+02 1.510891336655287489e+02 2.363324611726811213e+02 3.056776051040700963e+02 3.025416034806048060e+02
1.082394608984237339e-01 4.945666154208113596e+01 1.186793074162053472e+02 2.156387511737494265e+02 1.987993522538149875e+02 1.591039029260795985e+02 7.773622510168065958e+01 9.053352131075207865e+01 1.036510708623468702e+02 1.173802334032407515e+02 2.147905067869508287e+02 2.372473192963521456e+02 3.332336350477775682e+02 3.720043630051462173e+02 3.449560957833953125e+02 3.031049464191406173e+02 2.390818765461257840e+02 2.962445326025672330e+02 3.250780665714237330e+02 2.535903073315717506e+02 2.057842552572833767e+02 1.655715568071432244e+02 2.528947836484193772e+02 1.888511789697276129e+02 2.318937269229571143e+02 1.631218209678240783e+02 2.306429229243883867e+02 3.266697114322460038e+02 2.877579326997849307e+02 1.915581403350035714e+02 2.177469226431252878e+02 1.261734383657295524e+02 2.237567917160697277e+02 1.363808593449219018e+02 2.338560748990406069e+02 2.427118543169785028e+02 2.061170607457464143e+02
1.058428616300536307e-01 9.896226516549280916e+01 1.631977318567880388e+02 2.035903423353418020e+02 2.524398435001854182e+02 2.079720908224435050e+02 1.110673432248854908e+02 1.879670131959706794e+02 1.726021848357706574e+02 2.147394519248451559e+02 1.414172186696700635e+02 2.385563689595794870e+02 2.882508988637392235e+02 2.903198683833419977e+02 3.529853434992043049e+02 3.567191075090542540e+02 3.077457526163967714e+02 3.529979693038150117e+02 3.454435366545157535e+02 3.135235886168774186e+02 2.728195898112689974e+02 1.903083502288366446e+02 2.802137575555069589e+02 2.334507286958639440e+02 2.998262691734400960e+02 2.526664823916574392e+02 1.982203552405263167e+02 2.934819966803850093e+02 3.276321193654973740e+02 2.863593378787734309e+02 2.365193242736827983e+02 1.420930030653833001e+02 2.388621911732326168e+02 2.338538065994129340e+02 1.415282044365753222e+02 1.453682565812297298e+02 1.492167994536521576e+02
