output/example/elevation_000003.asc
nrows	75
cellsize	133.333333333
xllcorner	0
ncols	75
yllcorner	0
NODATA_value	-9999
[rows 0 to 16 of 75, columns 0 to 36 of 75]
6.484972199788830993e-01 1.006484972199705226e+02 1.625472794582549625e+02 1.441969375586705269e+02 2.149076156745632602e+02 3.149076148952022436e+02 2.936862567106273900e+02 3.159345400802386621e+02 2.745981537909981398e+02 2.606590944365374867e+02 2.193327626678377555e+02 2.378792745569852229e+02 2.378792745567166946e+02 2.791947259629264408e+02 2.863338463707450501e+02 2.450685933646393266e+02 2.863338459242284557e+02 2.978035696062522675e+02 2.565537634829652234e+02 2.768897134639980777e+02 2.986307151832749582e+02 3.221121588428480891e+02 3.487350122799837209e+02 3.899684976622501154e+02 4.531765154068356765e+02 4.943830783637641844e+02 5.518364514980227113e+02 4.813148402187587180e+02 4.403758789999360488e+02 4.813149461024887614e+02 5.225153460035575108e+02 4.937560703838731797e+02 4.844002129759921900e+02 4.556972152992965448e+02 4.616822230323668919e+02 4.212901664303795997e+02 4.366969753159283982e+02
7.733684068742244788e-01 3.092450286465053111e+01 6.254727946633421709e+01 1.202823063852971899e+02 2.202823064288897967e+02 2.644267531626639993e+02 1.938015117153176163e+02 2.583103893445862127e+02 1.747847861090563129e+02 2.030848035034991312e+02 1.196314853451783051e+02 1.381855529001068703e+02 1.381855529001068987e+02 2.378792745564895483e+02 2.365494310356014296e+02 1.455222578993908371e+02 2.365494279977119163e+02 2.294495744282039027e+02 1.569666136961492953e+02 1.772643114956974557e+02 1.990009289055278998e+02 2.224888303353301353e+02 2.491214157571188252e+02 3.487350122798749794e+02 3.536003419321248771e+02 4.111048685401598846e+02 5.106474523236205414e+02 4.318377134076936272e+02 3.413726714229281924e+02 4.318377908857879675e+02 4.242117269828922872e+02 3.954055174857938368e+02 3.862185721783265535e+02 3.574395759041094038e+02 4.002200675918675188e+02 3.231145878860330640e+02 3.387462184542966384e+02
3.656483689673366566e-01 1.003656483689592989e+02 1.625472794582546214e+02 2.039686321169888288e+02 2.617036870396677273e+02 2.144897213785125416e+02 1.231834788147345563e+02 2.113128955696185187e+02 1.172306755705970573e+02 1.538896356006620181e+02 6.252793753197826021e+01 6.817635279309435248e+01 1.673851679316911714e+02 1.811698546703615023e+02 1.869277853315443565e+02 9.625784893658772035e+01 1.952954256312203825e+02 1.300330446828101287e+02 2.294495744282124576e+02 2.768897134639979640e+02 2.986307151832751288e+02 2.929406105168886825e+02 3.487350122799837777e+02 2.960877065410614932e+02 3.956861851641842804e+02 4.398407312293737732e+02 4.688161574761788870e+02 3.908742743217291604e+02 2.918636168412540997e+02 3.908742742967011168e+02 4.242117238673522479e+02 3.256823167722353674e+02 3.673257444274483419e+02 2.876611257033916900e+02 3.017857543334566230e+02 3.715010509818098967e+02 4.366969753158895742e+02
9.597377389082409893e-01 1.009597377389001309e+02 1.466412204737752347e+02 1.752674910407304196e+02 2.166631111167854442e+02 1.731202774603055730e+02 7.335387419577944002e+01 1.115146961073436103e+02 1.461148776297387144e+02 5.460017724479856582e+01 1.538896356006627002e+02 1.673851679316857712e+02 7.627919114461438710e+01 8.204410740041306838e+01 8.783474050637147457e+01 1.869277853315453228e+02 1.047992843103062057e+02 2.037803368660937622e+02 2.540392930938845382e+02 2.922649504025859528e+02 3.334664096940761056e+02 3.925385064458204170e+02 3.773570984399430017e+02 3.956861851642544252e+02 3.770989356765954312e+02 3.406372463629537037e+02 4.107544787438396270e+02 3.288749169787653841e+02 2.589308236914696977e+02 3.578707215692725754e+02 3.908964665580029418e+02 3.500769302507987959e+02 2.686668355446796568e+02 3.673257444274491945e+02 4.002200675922933328e+02 4.407659488688944407e+02 5.100308445976849043e+02
1.227292333582558070e-01 5.354182146211981852e+00 1.052320097074229324e+02 7.539035432170713591e+01 1.227694606779915034e+02 1.279531364936530053e+02 3.601012855246747080e+01 4.137891040432924683e+01 4.677934738256151803e+01 1.461148776297421534e+02 1.952176199684263906e+02 2.167297128930061945e+02 1.462490772275262145e+02 1.811697783453406601e+02 1.150170095236453705e+02 2.145268632748135360e+02 2.037803368660925116e+02 1.139343145133702251e+02 2.128237067563116796e+02 1.928320830659532987e+02 2.922649504026815066e+02 3.482511462085982998e+02 2.780525805716010268e+02 3.347898830382829942e+02 2.778822389761488694e+02 2.704750151407995418e+02 3.696932730092802331e+02 3.304297310730571553e+02 2.317908665313825622e+02 3.304297310476964640e+02 3.335779990058703106e+02 2.514734350340319509e+02 3.500769302508314809e+02 3.673257444274492514e+02 4.657597071199559764e+02 4.732497435061936812e+02 5.044661732417240501e+02
4.867764419212533555e-01 1.004867764419132072e+02 1.275845999010508436e+01 1.798923149830228141e+01 2.323978871823265990e+01 2.848751995378476209e+01 1.279531364844314822e+02 1.115146961073446477e+02 1.461148776297416134e+02 8.709764465133997646e+01 1.868307455935362213e+02 2.781021370037320821e+02 2.459096194120211294e+02 2.445771741950688352e+02 1.449115968872531823e+02 2.445771821177370668e+02 2.540392930857232159e+02 2.128237066974344032e+02 1.231501684235033736e+02 2.219552956340273511e+02 2.725122430924762398e+02 2.986515584525351414e+02 2.079623668447870557e+02 2.356235396813079603e+02 2.079273178047638169e+02 2.794015735929570496e+02 2.869267742785712585e+02 2.946516801565065862e+02 2.078732224506118769e+02 3.057700148672116711e+02 2.352808769646262022e+02 3.335779990062915772e+02 3.500769302508357441e+02 4.486884549624710417e+02 4.329819818167683820e+02 3.746147675046756831e+02 4.057517544211264635e+02
1.176124320962124159e-01 1.001176124320882224e+02 1.124741764064872029e+02 8.834676606036437363e+01 1.227694606779894571e+02 5.972789710715427702e+01 1.595056242445495229e+02 2.113128956011261437e+02 2.281837929744936275e+02 1.868307455935361929e+02 1.369117423096709842e+02 1.945488754230208315e+02 2.943972141177949879e+02 2.798258064038226962e+02 1.801277625417938566e+02 2.798258065207639333e+02 2.795471601935261106e+02 1.799413028694859804e+02 2.219552955878906175e+02 1.326280861220162137e+02 2.313426873914465034e+02 2.476304724778640605e+02 1.590763872267468741e+02 1.662680819224088111e+02 1.736154238945883321e+02 1.811759936260471875e+02 1.887899744566151128e+02 1.966156158856973093e+02 2.946516801567620405e+02 2.198793701891140984e+02 3.175726774275080402e+02 3.744561138669624256e+02 4.389932965599541603e+02 3.982190901612010521e+02 3.346580401392279214e+02 4.329819818166698155e+02 5.044661732417160351e+02
9.549583453364550722e-01 4.177978739172260703e+01 1.417797873916516664e+02 1.882351599549072318e+02 2.008858750472284953e+02 1.595056242445639327e+02 1.172838122141723005e+02 1.879187382651611244e+02 2.878287120273321307e+02 2.781021370954787812e+02 2.367497488831250507e+02 2.781021369232903453e+02 3.357453645568713796e+02 3.211093776463520157e+02 2.376925166076426592e+02 3.211103623976546828e+02 3.210402496394659124e+02 2.373346170743374728e+02 2.725121819093685644e+02 2.313426873878682102e+02 1.421982989927710719e+02 1.490575257446737396e+02 2.476304724778995876e+02 2.098817610671831346e+02 2.719351115267635919e+02 2.794015735927835067e+02 2.254028923305434944e+02 2.946516801564845309e+02 2.946516801559213832e+02 3.175726774275079265e+02 2.391931064377340874e+02 3.353974652093742748e+02 3.674491996215278391e+02 3.009164409160070477e+02 3.982190901612009952e+02 4.737741942859316282e+02 5.227748585509942814e+02
8.292857397592835467e-01 1.008292857397512279e+02 1.124904655103768647e+02 1.832011436290306108e+02 2.832011436270804552e+02 2.585627667111017445e+02 2.171816920719308825e+02 2.585627668146859719e+02 3.123858463129436700e+02 2.709452315910880884e+02 3.123857524797273868e+02 2.939152151919651601e+02 3.317294148885766845e+02 3.731601435308255645e+02 3.373811395629807066e+02 3.786641244982048420e+02 3.799322478762281889e+02 3.376774158520091191e+02 3.090802284592685965e+02 2.116705532048236478e+02 2.408300728130710411e+02 1.798203085064346567e+02 2.789705177442042441e+02 3.089918902114156936e+02 2.907780674785556698e+02 3.653401428319823481e+02 2.952796123988887871e+02 3.061228141088687948e+02 3.936199402600040571e+02 3.353974652117341293e+02 3.353974652119962343e+02 2.586286834626087625e+02 2.728685246455975175e+02 3.674491996217055316e+02 4.132162828407643360e+02 4.338486557876694860e+02 4.271554264780667154e+02
5.609415885598412199e-01 5.829596850752220405e+01 1.582959685075031757e+02 2.539118210109280369e+02 2.323421824075667530e+02 2.432838831655450349e+02 2.847166584669729446e+02 2.884917589368981794e+02 2.470482577222286693e+02 1.709051755443014997e+02 2.467547148102762833e+02 1.938726573115438896e+02 2.316824131537212565e+02 3.024248277534564409e+02 4.024769842001204552e+02 3.913349900501294769e+02 3.484196709869162305e+02 3.905116762648727899e+02 3.504237360666194832e+02 3.101472991076653329e+02 2.789705094261895510e+02 2.499339072912482891e+02 2.498641998298778049e+02 3.487818740026100954e+02 3.900314496064434024e+02 4.310355134228618681e+02 3.943982022652302817e+02 4.052361009000276795e+02 4.462510000555842566e+02 4.338757161325623315e+02 3.945640240046671465e+02 3.124124626262988613e+02 3.674491996213695302e+02 3.036230144634126873e+02 3.254416231644318032e+02 3.489274501228728127e+02 3.686749483062197896e+02
8.170501113456094533e-01 1.008170501113375508e+02 1.997173246090651730e+02 2.030460962918797350e+02 1.323174083500233564e+02 1.432590959365859931e+02 2.153252621182653854e+02 2.307302317003372707e+02 1.470097415575181685e+02 1.208888802511998506e+02 1.467173859898960302e+02 2.467547148099038736e+02 3.317294148885739560e+02 3.731637447344829184e+02 3.488600931248018924e+02 3.072510478272312753e+02 2.465201193316779893e+02 3.342077114814263723e+02 3.760742411378054157e+02 3.417147211364159034e+02 3.782363509039732890e+02 3.501682276713659689e+02 3.485031804083957923e+02 3.892356705889836803e+02 3.661850172515657391e+02 3.603530988020557970e+02 4.018737696219639020e+02 3.889415165052790826e+02 3.473693962173007890e+02 3.889415170298747171e+02 4.512196732782331878e+02 4.104209949041447771e+02 4.341686603062209997e+02 3.937100329611154166e+02 4.132162827356792150e+02 3.921524192768290504e+02 4.082660824955377734e+02
3.496631849795536207e-01 1.003496631849715186e+02 1.080151025764465800e+02 1.115888827124627340e+02 6.156377903993374190e+01 1.616139863835296069e+02 1.152794114900996192e+02 1.625540256294578967e+02 8.925050477262639959e+01 1.599900306956584473e+02 2.467547148102763117e+02 2.467545333466491684e+02 3.467989821023153922e+02 3.354653598974374518e+02 2.909149634213493982e+02 2.069246220681567650e+02 1.963210544902794084e+02 2.334345195885623525e+02 3.123784895142989058e+02 2.415195364149903696e+02 2.916170938531489583e+02 3.331320718715446674e+02 3.524307558622143119e+02 3.071290923277278466e+02 2.675609841909249553e+02 2.604057087203068477e+02 3.440787367249629369e+02 3.387853605307844873e+02 2.470784878111408318e+02 3.387853562557361329e+02 3.967032287721154944e+02 3.899607744926924511e+02 4.317452588922379277e+02 3.807850777021203044e+02 3.361528324258746920e+02 2.917262407239178401e+02 3.388881448402153183e+02
8.878663753684297166e-01 4.408212667651308259e+00 7.931592783261566026e+00 1.146355051200821684e+01 1.115888827124636293e+02 1.203012441168977915e+02 4.446934703579497494e+01 6.249090202113584525e+01 1.625540256294623020e+02 2.307302317535409202e+02 3.014704332699029123e+02 3.022799195553118352e+02 2.607889046306027581e+02 2.353260714875280257e+02 2.460637659643201403e+02 1.490835517413540003e+02 1.515086953164964143e+02 2.449004386995598566e+02 2.622842472068863344e+02 1.706913174714418631e+02 1.914364224834968979e+02 2.916170938528847500e+02 2.894952959177256844e+02 2.045024978449923765e+02 1.970624710549535337e+02 2.026070318080798529e+02 2.939343369723350747e+02 2.523818467783631547e+02 1.969539688144409126e+02 2.548340029467201191e+02 3.551296756351955537e+02 2.895604508830004420e+02 3.736474361994935407e+02 3.363218415770948013e+02 2.339892230654055254e+02 2.208043341279901313e+02 2.384142977014658697e+02
9.890424942528482921e-01 1.009890424942446856e+02 1.080151025764532449e+02 1.115888827124626772e+02 1.650401406029497409e+01 2.008466650200313808e+01 1.203012441168995679e+02 1.292765464170348935e+02 1.707316404462694663e+02 2.091175297715915065e+02 2.128999748412623774e+02 2.422184355316982760e+02 1.606719975399269060e+02 1.645306686634864946e+02 2.044970709759738838e+02 1.042301816592940753e+02 1.700717980143277828e+02 1.447044539788232385e+02 1.780436135645994113e+02 1.205560922064723997e+02 2.207786617839821020e+02 2.627947295865225215e+02 2.434130044708885237e+02 1.464460300454682908e+02 1.391680671486624874e+02 2.102439367407842212e+02 2.144635795505747069e+02 1.520595415456843114e+02 2.523818467783634674e+02 3.156473935604940948e+02 2.740555633062324432e+02 2.316510174320579267e+02 3.319871558943387413e+02 2.984868620949354181e+02 2.564369573121630310e+02 1.625391962442720342e+02 1.670868037586132857e+02
3.703706385791859512e-01 1.003703706385711598e+02 1.828371298175792674e+02 1.581264037497147399e+02 7.439288972520797927e+01 1.203012441168977205e+02 2.528888903558493340e+01 2.899062666464581284e+01 1.292765463932464343e+02 1.090051640521634226e+02 1.127791948455815998e+02 1.421038923671673331e+02 1.028295997523409966e+02 1.066833931516844416e+02 1.606418412029462104e+02 1.645267684829424581e+02 6.965113227224082948e+01 7.361791503985602958e+01 7.759774488519946090e+01 1.780436135646769742e+02 1.878306533382214241e+02 1.625527535746963679e+02 1.960230157746237865e+02 1.013515443671807787e+02 1.055023388031645055e+02 1.096930475505860016e+02 1.138993762458121637e+02 2.144635795506318061e+02 2.248424564316376006e+02 2.291723050458931539e+02 1.736958466827472023e+02 2.740555633062326706e+02 2.921091173480654675e+02 2.505052468954569633e+02 1.561601131367635276e+02 2.568743832956408824e+02 2.678424083646993381e+02
5.909454456523058896e-01 4.141577449203845873e+01 9.915080141100062860e+01 1.991508013950826808e+02 1.451569681176466418e+02 1.670004892543506116e+02 7.550226957648195025e+01 1.292765464170348935e+02 3.425501782000868900e+01 3.799986915214867622e+01 4.176347330970639149e+01 1.421038923683634891e+02 5.253577676889350556e+01 5.638300721194936926e+01 6.024788629385210470e+01 6.412205377092394087e+01 1.645267684821729972e+02 1.740511784558877366e+02 1.780436135646421860e+02 8.329408490321478098e+01 8.735194128022278903e+01 9.142078720481030985e+01 9.551732677836770335e+01 1.960230157746704265e+02 2.060396317122578580e+02 1.808692113746576524e+02 2.144635795505787996e+02 1.199441718217568535e+02 1.242425478966441972e+02 1.285576111060028666e+02 2.291723050460193747e+02 2.397833745229107478e+02 2.442064223195737043e+02 1.498144870781496536e+02 2.505052468954569918e+02 2.984843217464104441e+02 3.160393787031010788e+02
5.943836229332486454e-01 1.005943836229251787e+02 1.828371298176131177e+02 2.405721537278980406e+02 2.451927014644973326e+02 2.170425332409548673e+02 1.462908872789469683e+02 1.760278454608507559e+02 7.922198458338674243e+01 9.601229072207856063e+01 1.421038923683854875e+02 4.711596441188205375e+01 1.474721861998493750e+02 1.567660245628253506e+02 1.606418412076463369e+02 1.351868890981932338e+02 1.178950100687805218e+02 2.180754846161991054e+02 2.192018960628492437e+02 1.189544744146142961e+02 1.878306533417495814e+02 1.364932408292087302e+02 1.960230157745713484e+02 1.666596212692033987e+02 2.669125210268568935e+02 2.811607971113855911e+02 2.620906722941657563e+02 1.703652096069777997e+02 1.954549171084056525e+02 2.291723050458931255e+02 1.347407498518470561e+02 1.391304107774462864e+02 1.435377769766631673e+02 2.442064168769950356e+02 2.037632690649625715e+02 3.042990517528299392e+02 3.520520357888276521e+02
