output/example/elevation_000028.asc
nrows	75
cellsize	133.333333333
xllcorner	0
ncols	75
yllcorner	0
NODATA_value	-9999
[rows 17 to 33 of 75, columns 0 to 36 of 75]
6.278147767783714972e-01 1.006278147767157520e+02 1.658894989585525082e+02 1.366001770838860239e+02 2.366001770139681071e+02 2.325607698679706630e+02 2.040660453638003844e+02 1.203711627469190404e+02 1.654419186481629538e+02 1.240157042394626359e+02 2.759220087824837009e+01 1.275992221840208742e+02 1.337593581962588019e+02 1.070292323770861174e+02 1.389030758637837550e+02 4.254904104757169137e+01 1.425589892905488512e+02 9.094700320151355299e+01 1.909610163381563837e+02 2.025529857988637161e+02 1.611221137777624506e+02 7.571714809313249361e+01 1.756479349058183459e+02 2.342621862223275286e+02 2.868108308626695475e+02 3.087934198607620147e+02 2.558928865250194349e+02 2.153528316544471295e+02 1.546142206894161575e+02 2.252327509539466064e+02 3.255226963094194730e+02 3.342258324787893571e+02 2.927504058806081275e+02 2.359598742161560097e+02 1.356755970102423419e+02 1.789419682988391571e+02 2.790114616043019282e+02
9.333890302168857955e-01 3.255616563190056922e+01 6.588949896523367045e+01 1.658894989585645590e+02 2.032696908422323361e+02 1.325527177256451523e+02 1.593408811905762832e+02 6.263266588214585084e+01 1.204379638697396615e+02 2.400932879114566276e+01 1.240157128251026961e+02 8.104687266990070782e+01 1.810567504543150505e+02 2.070419576958447863e+02 1.702973305946304947e+02 7.028531879503061930e+01 1.702973305519136886e+02 1.909610163380358472e+02 1.444053189039667018e+02 2.444223891658130015e+02 2.170033281522570690e+02 1.463981390188669991e+02 9.325902079979287862e+01 1.930325995584689451e+02 1.913346938054848181e+02 2.868108308673360511e+02 3.523423752283222257e+02 2.962050738892183404e+02 2.546070034486773466e+02 2.079527326460942049e+02 2.657736402704039165e+02 3.665710233325650620e+02 3.285533288242967842e+02 2.275669946028176298e+02 1.565356784840062971e+02 2.571450355028110266e+02 2.606473234834433015e+02
9.343791665630089005e-01 1.009343791665029073e+02 1.658894989585521671e+02 2.073108514098339299e+02 1.532660894998714696e+02 6.183815715062042528e+01 1.143558469505269102e+02 1.791002591219505291e+01 2.043219227700904028e+01 1.204379638697629815e+02 1.654419186600106855e+02 1.810567504731699273e+02 1.517637733776491018e+02 2.517762530780714769e+02 2.117263246506454664e+02 1.202897901067590141e+02 1.335371428991269624e+02 2.335527625442163924e+02 2.151273147295126478e+02 2.260683902222014581e+02 2.876085180363782001e+02 2.342622009165102384e+02 1.638619736928263819e+02 1.116704701623534675e+02 2.112292079271071259e+02 2.126277205928542742e+02 3.114817373998594121e+02 3.545261393801932286e+02 3.500843774225023708e+02 3.083756501117609332e+02 3.502799601964974840e+02 4.085792876514036607e+02 3.385067462102919649e+02 2.384991590718200030e+02 1.815695796348495321e+02 2.829440702499942972e+02 3.607078714725727195e+02
4.696025931229614869e-01 7.118028071177818106e+01 1.711802807119460397e+02 1.506039489177880171e+02 1.091799371007530226e+02 1.183687686660569405e+01 1.435105914238689806e+01 1.143558469505463648e+02 1.204379638697392210e+02 8.368037683147062467e+01 1.543964623492927046e+02 2.544071707130148070e+02 2.517762530788366178e+02 2.932044273729391080e+02 2.617346568525009047e+02 1.910103180465494859e+02 2.042581016644223837e+02 2.749827201422170901e+02 3.151469552401573537e+02 3.260883192109477022e+02 3.675201861407139745e+02 3.046624285395661218e+02 2.523085229470665922e+02 1.821571310210540560e+02 1.314681565979466598e+02 2.307677706656144210e+02 2.684606436332430803e+02 2.571163283164690370e+02 3.213521371104986883e+02 3.683663021039251930e+02 4.086608077240322814e+02 4.645784729938103510e+02 3.792094749184908551e+02 2.885081881889446436e+02 2.084706745821306981e+02 3.123627183887107321e+02 3.762884951367504414e+02
4.671211237371231118e-01 1.004671211235236541e+02 1.046451332742098543e+02 1.065209774481219114e+02 9.176587251712280846e+00 1.091799371007543584e+02 1.585621622415695953e+01 1.158635936101189969e+02 1.613202221364268496e+02 1.836889206546103708e+02 2.251154259862973106e+02 2.406934023575914523e+02 2.699238317670465221e+02 2.778835957411151867e+02 3.185639518010709139e+02 2.910281797874242784e+02 3.042763303873820746e+02 3.130197043488440727e+02 2.715615707770709832e+02 2.845473250141741914e+02 3.260062935438390355e+02 3.624469693007891351e+02 3.224599260546086157e+02 2.716780815061758858e+02 2.018046784058549008e+02 1.530097449503867892e+02 1.698726415970345158e+02 1.874743845762190517e+02 2.856470013757308379e+02 2.715634402070598412e+02 3.276170004742585320e+02 4.243188484623314594e+02 4.228343975732319677e+02 3.134150186865937826e+02 2.414044259879478602e+02 3.473733345365521359e+02 4.181658522959128277e+02
3.248811761027110556e-01 1.003248811760429646e+02 4.643501422523242717e+00 6.518647924066587329e+00 1.065209774481265725e+02 1.506039489426721616e+02 1.158635936101186559e+02 1.988043443768382446e+01 1.198909240219705055e+02 1.653581743541791411e+02 2.113924914427427382e+02 1.407666168196297178e+02 1.700344946232960126e+02 1.785236107132325571e+02 2.773968579209284826e+02 3.172022136707973914e+02 2.740031658650330542e+02 2.552431892205059114e+02 1.714967233999585119e+02 1.844800895063983432e+02 2.845473250113585664e+02 2.623655513829149868e+02 3.331381925652754603e+02 3.415515055471316259e+02 2.892083062367403841e+02 1.906207080666090405e+02 2.684606436850219779e+02 2.856470013756131721e+02 2.149701087072978396e+02 3.123619022025012555e+02 3.457015693666053266e+02 4.401968405875103372e+02 4.696874810413303862e+02 3.938820019868423969e+02 2.932209135335924657e+02 3.951055943061247717e+02 4.216097015778525474e+02
1.190754202154438168e-01 1.992575756485335026e+00 1.019932404553189684e+02 1.065209774481199076e+02 5.365968514748926310e+01 1.536629851749982834e+02 1.613202220343847273e+02 1.198909240219932002e+02 2.391282384673229444e+01 1.239265744108781888e+02 1.308419926540938150e+02 7.004989353462704571e+01 1.078530883548230861e+02 1.785462127445280487e+02 2.782537123944572386e+02 2.568816093799314899e+02 1.711265905808246259e+02 2.137891042057781306e+02 1.137355069173046047e+02 2.071624754197909510e+02 2.339038703239150152e+02 1.916097449151986325e+02 2.623655513829100983e+02 3.624469691708672485e+02 3.298490715070767578e+02 2.476949253716161650e+02 3.298490760083110445e+02 3.522265867764519953e+02 3.123614035671610623e+02 2.497552988545361359e+02 3.457017236178471080e+02 4.177914176933699650e+02 4.373027437601280099e+02 4.390167201422236758e+02 4.056966501800478113e+02 4.570425579176819042e+02 4.663784494821533144e+02
3.133428407152799577e-01 1.003133428406555936e+02 1.434151372384670253e+02 1.950864542868559965e+02 1.243724002544230274e+02 1.243724002544228284e+02 2.243767125376520539e+02 1.653581743263527528e+02 1.239265722510989889e+02 2.795343506933133071e+01 3.082231324852439514e+01 1.308419926541433824e+02 1.763698628646733368e+02 2.127433840064620938e+02 2.156015644723709102e+02 2.141551668989103803e+02 1.127808418530325127e+02 1.549196762368127622e+02 8.210106348915142860e+01 1.071100883255708851e+02 1.338467325373195536e+02 1.838701056671475271e+02 2.546248050693618552e+02 3.547050663890980786e+02 3.865270488108663471e+02 3.459166392017814928e+02 3.284171358379020944e+02 3.699076416846896223e+02 3.848293798523874898e+02 3.457017236178467670e+02 2.931012930243838923e+02 3.268035145854658481e+02 3.800396381795383149e+02 4.694323763022214848e+02 5.089716714171866556e+02 4.717115734388572719e+02 4.998192489467196538e+02
9.928176626908779001e-01 4.571417721268650780e+01 1.164248553313407513e+02 2.164248553304145162e+02 2.243767125482107190e+02 2.243767125376880358e+02 2.658005061997200755e+02 1.986989057694258918e+02 9.867400473816068995e+01 7.267946650384486418e+01 1.308419926541201050e+02 3.490821028499566125e+01 1.349316881465725260e+02 1.126408335546228869e+02 1.155566141030675453e+02 1.442374804619285555e+02 1.507234507983422986e+02 5.487721941802365677e+01 1.549196762368127906e+02 2.006355985488440012e+02 2.339038703241770065e+02 2.753594538194054735e+02 3.253966372451696998e+02 3.004024100112999349e+02 3.198375625496812518e+02 2.783627484272484480e+02 2.283091874392228533e+02 3.120958107961948258e+02 3.699000290828862489e+02 3.887296722342377961e+02 3.863742424318087956e+02 4.168758849671484086e+02 4.548332740304570621e+02 5.067661326594677007e+02 4.513576817909296324e+02 3.608534274633754535e+02 3.943979836502493299e+02
8.098593596749129597e-01 1.008098593596148191e+02 1.457141772120814665e+02 2.457141771963916881e+02 2.513956601647023206e+02 2.623090788701513816e+02 3.036202238235051141e+02 2.401373678648011776e+02 1.986989008025709893e+02 1.226885530986131272e+02 1.763698628576718193e+02 1.349316751592301387e+02 3.900267423918611343e+01 4.191134946200007505e+01 4.482621413177520253e+01 4.775356764931017040e+01 5.068472900941350190e+01 1.507234507983740457e+02 5.913779856689448167e+01 1.591838500295490633e+02 2.049097363556423943e+02 2.756716478291945691e+02 2.710919024923666711e+02 2.003077923244048293e+02 2.620429350426740029e+02 1.782702368860510944e+02 1.705291843278106398e+02 2.283091873693466596e+02 3.284165962043888385e+02 2.793285404444324058e+02 3.504374997704582597e+02 3.691492785395311103e+02 4.133666762222599687e+02 4.591761974765413470e+02 4.023479337745474140e+02 3.013696567243881645e+02 3.222764742710027122e+02
5.647759371839101705e-01 7.127545405583815352e+01 1.712754540556336451e+02 2.221555259340918553e+02 1.516021703572558295e+02 1.625192279752579054e+02 2.468235106068833318e+02 2.880764012842572583e+02 2.641519308781586801e+02 1.934166936830548309e+02 1.969035890789585892e+02 9.675046609446629020e+01 8.923319195979497920e+01 1.126399636963368067e+02 8.263073591564464948e+01 1.477892656455115628e+02 7.154227160958353693e+01 1.718094479573033766e+02 1.591838500295485801e+02 6.340632267306264680e+01 1.341478248831239455e+02 2.091957743299024912e+02 2.210490184991241165e+02 1.295492832707214745e+02 1.827490508760176908e+02 1.204981474746715975e+02 2.205743099275172767e+02 2.644403619403901757e+02 2.676528820248419152e+02 2.052029590226092068e+02 2.973377200151770694e+02 2.645918257998560534e+02 3.513213388691349337e+02 3.563855243315286998e+02 3.584214426792738095e+02 2.563058528815003001e+02 2.719132024094286066e+02
7.582905442777093663e-01 1.007582905442176155e+02 1.205949202709749386e+02 1.309180131798123625e+02 8.100501965915070457e+01 1.808310067756511614e+02 1.471479379825563569e+02 2.176386374245217894e+02 3.172820273383964036e+02 2.934493034338890993e+02 2.386654640236319267e+02 1.545142465336748216e+02 1.486000777277444342e+02 2.126815918224832842e+02 1.234702794789318716e+02 1.939639241312471540e+02 9.338592441052186643e+01 1.939639248844921156e+02 2.049097362970147174e+02 1.634559417389046985e+02 6.768676747370402325e+01 1.677399211032583821e+02 1.751288015950254646e+02 7.952328020954438159e+01 8.268193735271334788e+01 1.827490508771857947e+02 1.904560602372001199e+02 1.643399178101570897e+02 1.675478771461465612e+02 1.546924221173188982e+02 2.489615584374542436e+02 2.063870637843938027e+02 3.080325054418540844e+02 2.851577107063484959e+02 3.218969527313421963e+02 2.208634511691574573e+02 2.339977299523334580e+02
3.106133300308140388e-01 1.046407451061774552e+01 2.067027531415445907e+01 3.103974609559704234e+01 1.309180131798195532e+02 9.383174365329522004e+01 1.935446760203028020e+02 2.468235106069151072e+02 3.464474098239115278e+02 3.724953084494810582e+02 2.977762093503959022e+02 2.551427031617816681e+02 2.262979196158396746e+02 2.661476038859966593e+02 1.735195479308359268e+02 2.180363219153925343e+02 1.170274612463110770e+02 2.180363270213893543e+02 2.255112276710383981e+02 1.254473600149108847e+02 1.677399191822585180e+02 7.198716002661225843e+01 7.506969080540645223e+01 1.751288015952210628e+02 1.827490508768394761e+02 8.718973802242352633e+01 9.038054563024256538e+01 9.357956600423487714e+01 9.678521533970645407e+01 1.968679542442905586e+02 1.485219293569779779e+02 2.490799610670923983e+02 2.861860902303787384e+02 2.272741853197874207e+02 2.594571561219813134e+02 1.892013379290465025e+02 2.897375351272368107e+02
9.522306102595711197e-01 1.009522306101995355e+02 1.205949202709776671e+02 1.309180131798113678e+02 4.675218971609014318e+01 1.465395490000495897e+02 1.635553068435269495e+02 2.630736061019004524e+02 2.791412855024457258e+02 2.755124411082698543e+02 2.755124411081704352e+02 3.034402669234992800e+02 3.398922720527332331e+02 2.754625580204572657e+02 2.747914934120754538e+02 2.243047548856181379e+02 1.430353988776595031e+02 2.446218707829134758e+02 2.669268788206625800e+02 1.832144158509868248e+02 1.909754753137617342e+02 9.089279830114051606e+01 1.751288015950243846e+02 9.743846547773065936e+01 1.973440228298084094e+02 1.872617433563912641e+02 1.481521692632394149e+02 1.936586590482397696e+02 1.968679542450552731e+02 1.013446553326988067e+02 2.014324786370263212e+02 2.475058235828663555e+02 1.860604436498125267e+02 1.772093512207501647e+02 1.596871376725047469e+02 2.599806162988126630e+02 3.318115288276997603e+02
5.499842727366835993e-01 1.005499842726764257e+02 1.915295949730919460e+02 1.878176336722351607e+02 1.465395490000489360e+02 6.389644824617171537e+01 1.635553068439046172e+02 1.950387670711799331e+02 1.801209244480077132e+02 2.239485584691598206e+02 1.778158818659740916e+02 2.470859169433085469e+02 3.446372966826064044e+02 3.810192209721016070e+02 3.564572810239399132e+02 2.446731718648906337e+02 1.726603916780892973e+02 2.759159143577366535e+02 3.247430337353330856e+02 2.832850665810769328e+02 2.106296067155757896e+02 1.105137102761117376e+02 2.106305936197780966e+02 1.973440228298005081e+02 1.206883161788646532e+02 2.203833705659347402e+02 2.482442499741713391e+02 2.897188953688045103e+02 2.429076284428994370e+02 2.014324785959522330e+02 1.059353589621361778e+02 2.060282322775098578e+02 1.152864185446982788e+02 1.324490701561116737e+02 2.320538712834100750e+02 3.016729278344295722e+02 2.900719646548123478e+02
1.082394608984237339e-01 5.010823946089823977e+01 1.208189175795524761e+02 2.208189175781028268e+02 2.047615712699042945e+02 1.635553068439042192e+02 8.183977727435924976e+01 9.568370501343304113e+01 1.099303400144251555e+02 1.249442982370590158e+02 2.239485584691823874e+02 2.481010442634153605e+02 3.465603344790688425e+02 3.845263834546578892e+02 4.075629376536990094e+02 3.185436631652171400e+02 2.190410192321523652e+02 3.138392033690975609e+02 3.319492660358834542e+02 2.316062107507527799e+02 1.738016930716133004e+02 1.340955367655977568e+02 2.342804025898717271e+02 1.705631157692036766e+02 2.203833705659340012e+02 1.483776648509654024e+02 2.186006505366875103e+02 3.179397467947873110e+02 2.768217444179340987e+02 1.767045986455319451e+02 2.060282322419046750e+02 1.105457155951129806e+02 2.106437235253370091e+02 1.201289893483362192e+02 2.202307668148718562e+02 2.286701237595832481e+02 1.899450041109604967e+02
1.058428616300536307e-01 1.001058428615702951e+02 1.652898141582258233e+02 2.067111722629271640e+02 2.567111754757673339e+02 2.144737788449762093e+02 1.150712288640469012e+02 1.950387670710742611e+02 1.801209244480076563e+02 2.239485584691596500e+02 1.493955204423256760e+02 2.481011054827121995e+02 2.993244919536033990e+02 2.935317193618620308e+02 3.674386696567996182e+02 3.671546308816966757e+02 2.926842567926233869e+02 3.673114628376727637e+02 3.738030498366272809e+02 3.157434997566660968e+02 2.593973625249993233e+02 1.591077464867858566e+02 2.593969959221371369e+02 2.082020583757709744e+02 2.889463013911138773e+02 2.476924875410032314e+02 1.790703067857701001e+02 2.778694482793878251e+02 3.183069684258313146e+02 2.768217417468579242e+02 2.251582379431048366e+02 1.248433279579174524e+02 2.251582382704118857e+02 2.202307668148716857e+02 1.249803466656203312e+02 1.285659364961969686e+02 1.321585729839855787e+02
