output/example/elevation_000015.asc
nrows	50
cellsize	20.0
xllcorner	0
ncols	50
yllcorner	0
NODATA_value	-9999
[rows 17 to 33 of 50, columns 0 to 36 of 50]
9.098509734387574266e-01 8.521080308613168341e+00 -2.449541697513445513e+02 1.563497588911714198e-01 4.360288043433353522e+00 9.636476102052728976e+00 1.305246544593285485e+01 1.745214963948066256e+01 2.347195061555710183e+01 2.390503377443080524e+01 1.249205948092870422e+01 4.899480440948838833e+00 4.453202468818949988e+00 1.410775524200844622e+01 1.127518488585574374e+01 -9.221661413188660106e+01 8.987191244004169022e+00 1.014436555116266181e+00 1.906758192936135243e+00 2.082243315708692144e+00 2.108005000605791324e+00 1.212808089128256483e+01 1.239409291385934075e+01 -2.266025289809074366e+02 2.763755597307825607e+00 7.420302115464466830e+00 1.607434735961536276e+01 1.007790407772593255e+01 1.177434445359195969e+01 5.559903907070777862e+00 1.068846122892684747e+01 1.803793347544551651e+01 1.450972094621890740e+01 -4.069284479037701630e+01 1.232880551388775103e+01 -4.299580833189691731e+01 9.897061564359725949e+00
6.729603419142361487e-01 1.067295695930052091e+01 6.074476450034746122e+00 1.011102583754239070e+01 -1.908379077190594160e+02 -1.142930471339667520e+00 3.502988939783815869e+00 8.980156181275290805e+00 1.914014261345328904e+01 2.115445610910127172e+01 1.517304147408277082e+01 7.501919723316121669e+00 3.192594055264689423e+00 1.034830430470077367e+01 1.062278872949170250e+01 1.432261246270754906e+00 1.791677951551479353e+00 -9.861080495961030579e+01 9.406577093072224116e+00 -2.236484876092180514e+02 1.180483038927022577e+01 -2.415173571468170621e+01 9.572184699641271166e+00 -2.050724642075153952e+02 2.248318678480735855e+00 5.947294001381035145e+00 1.593040723097433009e+01 1.998717488576953372e+01 1.949905269960672882e+01 1.050235983813904284e+01 1.957580814525685042e+01 2.046397426424880450e+01 1.133607558215022237e+01 8.030940295207255275e+00 1.661367806742522291e+01 7.382579251954144439e+00 8.232390517091676685e+00
9.500813129397378543e-02 1.009500571874871255e+01 1.597407501901376392e+01 1.002385375437050641e+01 -3.089348007597126866e+02 6.268236436620748808e-01 6.540164823530794536e+00 1.460754152805916384e+01 1.678263970633616964e+01 1.685957613174371161e+01 6.813667846961532604e+00 -2.491413259548030794e+02 6.440505349945982339e+00 -1.641171785429570491e+02 8.699642274392427765e+00 -8.708102547197053411e+01 6.680879061770855998e+00 5.256893760085903367e+00 1.331304269150499309e+01 1.201582828834846417e+01 4.218968793548470764e+00 1.659624998549644292e+00 2.176515760419606149e+00 2.860091471304480049e+00 1.103919933608246318e+01 1.492140999111158095e+01 1.592972695273420136e+01 2.606145311184807412e+01 2.453796479676905662e+01 2.040832872308040891e+01 2.455402070685118687e+01 2.382738484810820978e+01 1.379924905486780418e+01 1.134404422657634548e+01 1.873421032240295858e+01 1.505677236740977065e+01 1.069364085509983120e+01
5.074168083889973868e-02 7.121809528244269494e+00 1.712182075644175683e+01 1.444939664965608017e+01 5.547160994624963593e+00 1.020231848298416644e+01 -1.476440565593499059e+02 7.550837242751458511e+00 7.704624763377249330e+00 1.069328349350951335e+01 1.011721735116660348e+01 7.178651197390462091e-01 1.364573858831985120e+00 1.689156420188456353e+00 1.698701553789011109e+00 8.445277682261004060e+00 1.491177629733299170e+01 1.332483526493281900e+01 1.729872040449512127e+01 9.562444891685753845e+00 4.045047176729379856e+00 -1.182283777950579662e+02 3.978002799705038672e+00 3.210640903550877390e+00 4.518540606866106479e+00 1.217710827402507157e+01 1.387133475001811966e+01 1.800626179586433295e+01 2.304806433492037598e+01 2.742326959366608463e+01 3.328227390731288438e+01 2.806547352391359951e+01 2.393263011565099774e+01 1.627566504138470904e+01 2.535320981665863371e+01 2.319381666180774104e+01 1.386620279659731381e+01
2.528005767708579876e-01 7.323868387541528691e+00 1.732386167678334488e+01 1.980212532043508489e+01 1.569829887510325861e+01 9.235530709300114438e+00 7.801447641528125310e-02 7.499317856407206051e-01 9.733832576681267668e+00 -9.682967202876402268e+01 8.605400327323598830e+00 -1.575815726225116293e+02 8.816715899627043385e+00 -2.662267691983555551e+02 9.663510113410350044e+00 1.564183948785377609e+01 2.258198871061582480e+01 2.077761448392359256e+01 1.085559700594384225e+01 6.528537577804676140e+00 9.224775407324511178e+00 7.957549420655753991e+00 1.418985147017398951e+01 4.697355706117161134e+00 3.754012620004632428e+00 3.954867137181389047e+00 4.987605463444854337e+00 1.188232762381581686e+01 1.300111154598943664e+01 1.893082879984422817e+01 2.912257881136343585e+01 3.316775606885889260e+01 3.040753880543720200e+01 2.627869663239817299e+01 3.040270306351322205e+01 2.573790600094893222e+01 1.812186720230005932e+01
9.791283598286071310e-04 7.072046939879598426e+00 1.707204130914432483e+01 2.207166037211888820e+01 1.207278235192650051e+01 4.996612733585579669e+00 -3.532454697889870658e+02 8.513930610478359640e+00 -3.815534634996190277e+01 5.062150136751503160e-01 7.992246645715638254e-01 7.184422048080080003e+00 1.509230745645385063e+01 9.645479171658932316e+00 8.302536798169946053e+00 1.832401258835008306e+01 2.562274724694920280e+01 1.551728810437684913e+01 8.790014446487690591e+00 8.163995558854436396e+00 1.821883857319885891e+01 1.589099783501677798e+01 1.862170320745262231e+01 1.441073516858818593e+01 9.313850987566292261e+00 4.165611718709769207e+00 8.207455036056590103e+00 7.512071386647501292e+00 1.183504734089486909e+01 2.193711073569744840e+01 2.390046469476756030e+01 2.322991810379048871e+01 3.316775667856580156e+01 3.321064294399040051e+01 3.733150948719878670e+01 3.188996151091140163e+01 2.365842721819895544e+01
4.600753433092569233e-01 7.531143152878293279e+00 1.753113534469732926e+01 2.499655807781300254e+01 1.500040261047500501e+01 1.287401334364797378e+01 6.658872596602484428e+00 2.158606388383573549e+00 8.600018387330273129e+00 -2.069993299487329637e+02 7.282745242492819848e+00 4.239843075075257595e+00 9.058330165642646037e+00 1.904077721114641264e+01 1.832790317111939515e+01 2.257899532506370122e+01 2.535785352721044106e+01 1.530634544595884527e+01 1.090459282402489016e+01 1.525110146680835399e+01 2.235808511209174299e+01 2.689684129517383937e+01 2.228603910366425112e+01 1.396690396380975230e+01 9.089256149187310285e+00 5.011203047261452603e+00 3.625501224842349490e+00 8.733620801563265701e+00 1.761374165291052662e+01 1.728327211259369633e+01 1.496595116388049718e+01 2.390049251030428579e+01 3.080290639237748707e+01 2.335292834230669001e+01 3.063627637998648012e+01 3.497093481321510211e+01 3.345564147256913401e+01
5.979472710492108600e-01 7.669015080019360830e+00 1.766900650532766548e+01 2.631557638812110511e+01 1.634423045631536198e+01 9.222068175616685792e+00 5.254885565838605999e+00 8.007151544520414888e+00 5.425483799690585585e+00 8.638161709216124251e+00 1.487042892855895460e+01 9.018526759867492970e+00 7.999195497729298943e+00 1.301081593595805153e+01 2.304421512798007043e+01 3.099009892518406062e+01 2.088571011614240192e+01 1.407190420121297514e+01 1.355664322588669179e+01 2.338647337358927913e+01 2.972271551512274002e+01 3.036332201310496615e+01 2.272263482410461677e+01 1.944968995435231562e+01 1.461005333150213126e+01 4.721702639484512076e+00 4.468176049169481523e+00 4.686035391640562153e+00 1.222518132265740221e+01 9.339149794549374661e+00 1.415633390657799673e+01 2.421574356173202247e+01 2.051621432668518707e+01 1.761974023731588446e+01 2.034637523287596395e+01 3.066083865275795262e+01 3.907502534144691708e+01
1.534601171854249602e-01 7.224527926675755829e+00 1.722451843609038846e+01 2.535252897367750435e+01 1.715012095025647554e+01 7.133023059652530584e+00 7.873250220798745147e+00 1.540396243064353676e+01 1.022259991155685910e+01 1.119532201847793651e+01 2.097399003376899174e+01 1.881440196314340341e+01 1.110301249747591790e+01 1.298439501657130712e+01 2.274366257924189583e+01 3.107124990860993208e+01 2.098506066920799640e+01 1.735660196520618825e+01 2.052674137923711939e+01 2.772159435082361867e+01 3.110953916547058640e+01 2.633333446160483504e+01 2.247586021254226196e+01 1.696747485408142353e+01 6.622498718946790319e+00 5.694258999474556937e+00 8.267543456717863393e+00 6.018301103532826879e+00 5.801069690118614730e+00 6.880100271078236851e+00 1.577616568005415942e+01 2.303597142720321500e+01 1.769795462365413385e+01 1.368614195798524413e+01 1.749472606669596075e+01 2.431817525188402129e+01 3.488157916556534843e+01
1.123418600940028211e-01 8.518227150444390716e+00 1.121078091455451364e+01 2.120999129934468286e+01 2.128697723097448957e+01 1.699426685488093369e+01 1.103439073551182048e+01 1.793274252677648306e+01 2.016804786966024921e+01 1.696664869608111559e+01 2.535886887653942878e+01 2.522011883109920305e+01 1.686259560729925155e+01 1.875623996594018195e+01 2.711778958753145830e+01 3.519469035070449792e+01 2.543335062451209438e+01 2.300979672873901904e+01 3.041205596190807370e+01 2.824855473969203246e+01 2.382245050620774762e+01 1.565355390879475195e+01 1.860274204189420288e+01 8.334593079969945251e+00 7.285656308264578662e+00 7.074302907440425336e+00 1.749619275625886061e+01 1.313460993450599368e+01 6.067163392456402349e+00 6.305616945900083259e+00 1.548045046252112833e+01 1.318051583371457269e+01 1.173021488513179911e+01 1.439181905235091641e+01 1.570640703724158271e+01 2.160961190361271633e+01 3.201844685331235496e+01
2.368195578726151052e-02 3.185959615955637592e+00 8.740216794831100700e+00 1.580858366463503728e+01 2.581516051734304895e+01 2.514864375587068679e+01 1.568189427882348319e+01 1.735411569053362157e+01 2.714866167293856591e+01 2.697649887841207672e+01 3.114867617155872637e+01 3.098524797626629379e+01 2.684750533504706027e+01 2.874507590850654637e+01 3.288749174946546106e+01 3.964667605356223845e+01 3.552953898068271599e+01 3.017675568149215692e+01 3.131490797879869703e+01 2.098538144266925798e+01 1.342230774207667743e+01 -1.129977308362494703e+01 9.313748513856667799e+00 8.811544383416507031e+00 8.981831415291068765e+00 1.756461415423927974e+01 2.192122342692826820e+01 1.417011223199900449e+01 1.379841905123750401e+01 6.831267098522674885e+00 7.402493423927574590e+00 9.208510142389396691e+00 1.452954717233759219e+01 2.210887707466996943e+01 2.182962967580446900e+01 2.163986511230136500e+01 2.813901409594001990e+01
6.540601710037032834e-01 9.378417449880556589e+00 1.122530447061339665e+01 1.829812351230297196e+01 2.829481358085728360e+01 2.983623982462720647e+01 2.570491673885301864e+01 2.442022331293761894e+01 3.147606264960030131e+01 3.414403159053514969e+01 3.220232045382648778e+01 3.149429136841269639e+01 3.410411959361617562e+01 3.533540920186833034e+01 3.229410125016273270e+01 3.351318864977125855e+01 3.768186054408437258e+01 4.023824988770684286e+01 3.146122411867908042e+01 2.109716384480987372e+01 1.371491317688517775e+01 1.697242757742010966e+01 1.046543764141699917e+01 1.370725170740406007e+01 1.859078864650830099e+01 2.301532303093647158e+01 2.808525866452382402e+01 2.400241207285779765e+01 1.746216671334173753e+01 7.882109081834640207e+00 7.461849924362188524e+00 8.425245237847777346e+00 1.497573196752174418e+01 2.524627502599499351e+01 3.193227917107316216e+01 3.057879518845940936e+01 2.994305609938832902e+01
4.909850854147627119e-01 3.452052606866204520e+00 1.305678295567545000e+01 1.845681787985176925e+01 2.067978370938932642e+01 2.694517106439469245e+01 3.197949681237365382e+01 3.440515405718782205e+01 3.414403171286565453e+01 2.374906171760202511e+01 2.171803806472374632e+01 2.119359722616081854e+01 2.413018804003380424e+01 2.536711518325048331e+01 2.219238464661778210e+01 2.340947693006509667e+01 3.210779484901174641e+01 3.724606442029779174e+01 3.287639604768208557e+01 2.241514815622447898e+01 2.272830708998369786e+01 2.185341836488833067e+01 1.631400519012415273e+01 -1.024229478932751114e+01 1.585854189258612656e+01 2.307831523218355230e+01 3.362248766886979467e+01 2.749467130808362114e+01 1.758494458640665670e+01 1.236027488879139291e+01 7.961486822543186292e+00 8.469363687900248294e+00 1.784629394890098197e+01 2.293581593679884989e+01 2.598040784099353928e+01 3.607293687911535329e+01 3.968162344955076293e+01
3.962370847149454534e-02 7.197050377769662610e+00 5.776040628434602198e+00 8.731449082741235657e+00 1.282058400097542972e+01 1.782115739906996765e+01 2.782621519084815986e+01 3.736156399821021523e+01 3.441890837981571138e+01 2.398732382786749895e+01 1.481510111981575051e+01 1.395742254003552851e+01 2.274328705007609841e+01 2.079388348837468570e+01 1.529236165658791258e+01 1.776958622483745387e+01 2.281096795484135598e+01 3.298487230035045314e+01 3.723898133204150440e+01 3.203250484642472884e+01 2.188122131324452724e+01 1.476813347605633453e+01 1.109310953379981157e+01 1.169588393220379530e+01 2.015460489298154556e+01 2.551568531962556108e+01 3.533008565263317990e+01 2.877583755904205276e+01 1.864386358493789686e+01 1.296083343905378804e+01 1.375357610004477493e+01 9.191137654251789968e+00 9.889891770183474762e+00 1.576731073277928630e+01 2.516093485228422111e+01 3.006163819763029466e+01 3.095364364936060042e+01
2.605283927408929001e-01 2.442707295100818410e+00 9.320480925393903604e+00 7.979703479017995704e+00 1.282849964257400188e+01 2.284845532351705799e+01 3.198032055877661861e+01 2.730147779681775688e+01 2.456513720981541482e+01 2.415569790841226805e+01 1.396601364026651737e+01 1.064067687321217548e+01 1.447295228970237524e+01 1.343247772749326074e+01 1.565502161075792387e+01 1.772389677391655738e+01 2.197887908280661051e+01 2.782591874676887755e+01 3.781463495423822962e+01 3.183550652402855974e+01 2.166949553930783168e+01 1.597961534025878194e+01 1.691987763471266604e+01 1.298081079358981782e+01 1.556208718367804700e+01 2.556781739117278818e+01 3.185243046075775553e+01 3.292459013808913681e+01 2.721452318389940572e+01 1.867229859331806097e+01 2.020626227672949327e+01 1.001111625460485399e+01 1.009893329478734891e+01 1.071792206372166945e+01 2.096178455514420591e+01 1.990489112870791999e+01 2.077738176591292074e+01
3.048053885361223792e-01 8.980689618789536866e+00 1.658314167588143917e+01 1.633084526431579064e+01 1.506909550289206834e+01 2.506335092024946931e+01 3.392257947735624413e+01 2.623509940303783594e+01 1.727721946850451218e+01 1.937144887076029320e+01 1.856263434246008615e+01 9.870129523379569392e+00 1.071533572466417539e+01 1.635792686547986818e+01 2.548557577411818542e+01 2.605757759579203636e+01 2.474291504792754637e+01 3.478183731291636605e+01 4.184457096861589775e+01 3.601360587959940318e+01 3.026400764028392842e+01 2.167054579228817346e+01 2.485977222208564896e+01 1.492295390088714235e+01 1.448662267686115079e+01 1.755881915951325922e+01 2.751595607899852780e+01 3.426974192901717231e+01 3.292100341443924805e+01 2.877295232079104892e+01 2.442772463886740297e+01 1.737086389041548173e+01 1.051345392939524359e+01 1.139018551742057817e+01 1.388376330997182961e+01 -3.192068723879652836e+01 1.493483645324103470e+01
5.470844782054917754e-02 4.526844402821687652e+00 1.030034710025469735e+01 2.030038278167533505e+01 2.506335150543577939e+01 2.920557356941763416e+01 2.754652555982520568e+01 1.954172803579034579e+01 1.744645234185657756e+01 1.144529655332880047e+01 9.099722310370308875e+00 8.365363254900749723e+00 1.746232814636925212e+01 2.491905871643374937e+01 2.504530953925764436e+01 2.939707871515150828e+01 3.478450188702515788e+01 3.890289498337175900e+01 3.952497820758630098e+01 4.359883576481662715e+01 3.602737683296700766e+01 3.183424746911875403e+01 2.923461942006907677e+01 2.075613121270173522e+01 1.763351855983041361e+01 1.693337204124986783e+01 1.981544007143169495e+01 2.708092887420239236e+01 3.732119367527457143e+01 3.081466059580760941e+01 2.072259954828616912e+01 1.493569422247361445e+01 1.810208665659094862e+01 1.394495587300966832e+01 1.279964955020707684e+01 1.367271688553330122e+01 1.449138948630248436e+01
