output/example/elevation_000082.asc
nrows	75
cellsize	13.33333333
xllcorner	0
ncols	75
yllcorner	0
NODATA_value	-9999
[rows 0 to 16 of 75, columns 37 to 73 of 75]
4.535914091900986023e+01 4.943311536127496453e+01 5.240264508179241432e+01 4.818529190623605274e+01 4.818529190623605274e+01 5.194481407420438757e+01 4.773000196664932560e+01 5.194481407420438757e+01 5.303960051083666372e+01 5.723775217587074593e+01 5.456044223935938220e+01 5.533527879286903328e+01 5.238949771070277706e+01 5.108047536022760227e+01 5.524360707921489677e+01 6.106190752803469479e+01 5.981102555442637225e+01 5.532862488774681964e+01 5.532863078556571423e+01 5.852659542935600712e+01 5.320125635177049617e+01 4.881905690792007135e+01 5.320125645983161178e+01 5.230979715501803895e+01 5.561646028236265948e+01 5.381392561843675537e+01 4.950628641318269274e+01 5.084407054571417461e+01 5.515852047195270558e+01 5.941503164523476244e+01 5.517611895522777843e+01 5.491044643008324044e+01 5.904069310716213437e+01 5.535551155560236936e+01 5.402343189041991423e+01 5.493093879033482096e+01 5.493094977643926313e+01
3.588867635517421206e+01 4.390362129174226880e+01 4.818529190623605274e+01 3.787082014050982082e+01 3.787082014050982082e+01 4.513673261115112467e+01 3.747057850871541262e+01 4.468098992031038819e+01 4.280243435806992380e+01 5.160583906177621571e+01 4.450149060703268589e+01 4.512854270943741852e+01 4.212097739163021970e+01 4.077144275938481144e+01 4.681054384031405391e+01 5.691331876458218630e+01 5.532862186228076951e+01 4.421477174456813941e+01 4.421477174986526393e+01 4.746994569615879556e+01 4.803983836719097411e+01 3.860256273863367227e+01 4.803983873491001333e+01 4.135264059118640034e+01 4.456191744620998918e+01 4.797557048062667207e+01 3.951293459364548966e+01 4.079262048930062434e+01 5.084407054571417461e+01 5.517611895522777843e+01 4.511309660405139965e+01 4.423705488535833297e+01 5.226397555493304736e+01 4.617947230861028629e+01 4.427655301272309174e+01 4.508578958949593130e+01 4.508578960674657310e+01
3.064505232256121658e+01 3.971092021626394342e+01 4.472940226362919702e+01 4.089185897633386446e+01 3.080982170357357575e+01 3.625088118193598774e+01 3.256098972482472220e+01 3.455368700953985694e+01 4.468098935176013242e+01 4.693468174830946538e+01 3.744883688203842809e+01 4.126444661566218741e+01 3.490510402259607048e+01 4.077144275933670770e+01 4.812571774229679988e+01 5.821387724556019094e+01 5.532864475734145060e+01 4.421477176449565860e+01 3.654412169016707423e+01 4.318448513485541440e+01 4.083003052006790057e+01 3.357332227858465501e+01 3.848202887073074407e+01 3.403124152912237577e+01 4.456191744620998918e+01 4.373662205006624504e+01 3.387733998577392214e+01 4.079262048930062434e+01 5.084407054571417461e+01 5.517611482815659230e+01 4.511309659787491455e+01 3.813626609308472126e+01 4.406074520642917491e+01 4.713124467552323438e+01 3.762440326341346974e+01 3.828441915548148700e+01 4.508578960674657310e+01
2.656957680036172675e+01 3.139499039888698206e+01 4.071123380445290962e+01 4.500663436509011461e+01 3.624867910821197370e+01 2.670956756110714991e+01 2.909676151282364742e+01 3.883391316087172385e+01 4.294224566527090303e+01 4.306914999353900697e+01 3.559933086958238846e+01 3.220015387940617302e+01 3.520775660046764699e+01 4.028044307520314504e+01 4.764933815748874935e+01 5.774220741083109232e+01 5.852659543213473370e+01 4.746994569626676963e+01 3.995986065706791379e+01 3.247674193890819794e+01 3.013607809654312319e+01 3.013607809654312319e+01 2.790437576519001794e+01 3.848201568416730822e+01 4.445088615525696696e+01 4.025084001027605751e+01 3.387733998577392214e+01 3.951293446028761736e+01 4.950628596281024585e+01 5.794748408993901734e+01 4.801022113059690355e+01 4.406068733276691773e+01 3.423410373431693188e+01 4.051093515049802818e+01 3.369916214614835326e+01 3.805305125417677203e+01 4.485084470641300669e+01
2.388401041528571511e+01 3.310784461334503703e+01 4.171288543046344444e+01 3.776497906852529951e+01 3.237939618710291256e+01 2.455411107067724785e+01 3.396531374791148750e+01 3.394531138863771957e+01 3.393594944838424254e+01 3.727131175509700256e+01 3.069697110277109786e+01 3.941855227921899996e+01 4.126444857901179830e+01 4.964572056823632096e+01 5.476969981117664332e+01 5.701668533510530068e+01 5.833659423403648958e+01 5.548557486146485473e+01 4.772271775926638071e+01 3.851864149424348938e+01 4.083003052006790057e+01 3.528624718162873819e+01 2.790437576519001794e+01 3.604343757898388390e+01 3.728856600278899691e+01 3.020528331639685149e+01 3.606185174263982418e+01 4.597307732553530712e+01 5.381391953615030843e+01 5.033516514709624801e+01 4.624941765265833737e+01 4.565418959372782837e+01 4.051094957145453890e+01 3.058203345753362257e+01 4.051099157946344320e+01 4.748917408068108159e+01 4.773272164050797528e+01
2.723191709860618559e+01 3.647689868473855768e+01 3.776560707451185550e+01 2.900812282421771826e+01 3.157256881755916567e+01 2.281451302976481799e+01 3.185145312332612733e+01 2.527018532996473255e+01 3.393663170121170936e+01 2.870625137370971913e+01 3.139547362302057110e+01 3.744857585685962675e+01 4.687480913681363148e+01 5.565213668834699234e+01 5.411145030982232385e+01 4.707022896451365312e+01 4.838627082712234539e+01 5.543013569383219874e+01 5.401815448319904789e+01 4.948478673661593774e+01 4.953766475851396223e+01 4.241195596382094379e+01 3.604348536022860827e+01 2.548755683638079717e+01 2.693921018845838233e+01 3.728856640291737534e+01 4.445081717096002905e+01 5.023797239802566850e+01 5.312840709789259108e+01 4.341654959157333593e+01 3.652997190120179738e+01 3.664673249216357220e+01 3.684514740005284494e+01 2.888169630281461409e+01 3.611050036491575099e+01 4.589581161613128302e+01 5.461245591822233081e+01
2.554532873474025934e+01 3.479695699459812630e+01 3.338857902515684373e+01 2.961631709024945991e+01 2.281451302976481799e+01 3.099169750145596680e+01 2.367761365434347809e+01 3.247096171067978787e+01 2.687385562486269563e+01 3.544356861760044808e+01 4.020915094819527269e+01 3.675953613598474590e+01 4.328621405050652271e+01 5.304991722026943535e+01 4.914738412159688608e+01 4.007095085401009271e+01 4.138147609257038084e+01 5.130065307800827412e+01 5.561020050717485219e+01 4.973817688104137602e+01 4.481729383226194585e+01 4.067207423385074350e+01 3.453895133563091946e+01 2.381790554145824146e+01 3.454415396038479713e+01 4.148029155478828045e+01 4.626524400005214943e+01 4.626463402815088699e+01 5.602147887175591023e+01 4.704800447836441180e+01 3.725971695440470910e+01 3.007613737776627971e+01 2.649233939359400125e+01 3.684528394317130306e+01 3.971839124781801900e+01 4.380256515074424328e+01 4.480105351884739662e+01
3.183142005449976253e+01 3.163675910379043188e+01 2.855886909211248437e+01 2.065689211832945205e+01 2.961631664795408980e+01 2.211634640399957163e+01 3.102275054022149803e+01 3.625561340193432613e+01 2.883757095797113479e+01 3.741148916568379690e+01 4.453906470057649614e+01 4.614593649916456997e+01 5.023117695570145003e+01 5.204345714939694290e+01 4.212099194916602585e+01 3.509230162988188084e+01 4.113042120388924161e+01 4.524920562581613126e+01 4.566920358559228532e+01 4.556246636232742020e+01 3.581981778816991380e+01 3.078596596249418837e+01 2.654842568781015544e+01 2.253731888662128924e+01 3.332831912688041598e+01 4.017528756870986228e+01 3.663955316708618426e+01 4.626524399715381719e+01 4.814388362419741441e+01 4.409178227232537495e+01 4.411465540554405607e+01 3.542042454403739526e+01 2.484196629075107765e+01 3.542042454019079400e+01 2.959711435349439057e+01 3.971841625675754273e+01 3.920069256359602150e+01
2.565129076539397701e+01 2.511713666369165310e+01 1.959797772372984781e+01 2.855886881528033427e+01 2.065689211832945205e+01 2.961638449648601323e+01 2.843922421308843340e+01 3.726426435786014224e+01 3.741229062076400425e+01 3.169012534919129109e+01 3.657673188651136797e+01 4.595842251055660910e+01 5.130149194691048820e+01 4.637120468990773503e+01 4.227682925065802522e+01 3.861053799513667428e+01 3.105088836878999459e+01 3.568674297529324235e+01 4.566920358559228532e+01 4.973817688104137602e+01 4.316943663416573429e+01 3.362977360232774515e+01 2.756401259346803911e+01 2.253731888662128924e+01 2.632488012609271877e+01 3.022942577324904079e+01 4.017760737561648199e+01 4.711135365946878295e+01 4.409178227253289606e+01 3.416377461120081449e+01 3.704236195762971562e+01 3.407686186207045864e+01 2.333530896408256083e+01 2.564219425625183746e+01 3.613999657144069033e+01 3.389240337884103127e+01 4.373777058947913332e+01
1.687107807466004061e+01 2.444620454134305731e+01 1.886387813090694010e+01 2.861910478015408543e+01 2.268416482154952263e+01 3.157689139045459825e+01 3.726381311690485632e+01 4.119547588863051146e+01 4.330640053798804701e+01 3.413766230910459853e+01 4.330641578703022532e+01 5.003867984473605901e+01 4.719686750975278500e+01 3.760748743495669544e+01 3.254154510399132505e+01 2.835457869588174518e+01 2.835457869588174518e+01 3.861053799512222895e+01 4.564098234451842018e+01 4.969152863598528569e+01 4.708874324005702050e+01 4.159414187261311469e+01 3.217595116873422967e+01 2.147139704922165393e+01 3.074277469813779362e+01 3.493403595950778850e+01 3.298451774207976683e+01 4.004781713464318216e+01 4.109587320087513262e+01 3.692791338713161764e+01 2.664312197491695144e+01 3.105983274505711833e+01 2.181999858882304366e+01 3.273406354887681857e+01 4.025123271267965208e+01 4.373777058947913332e+01 4.373777058937020712e+01
2.604797874780439670e+01 1.782358737057373332e+01 2.715702732307898160e+01 3.285240447799406383e+01 3.157689307200289264e+01 2.577387656456379972e+01 3.456692569971015416e+01 4.208317894988789476e+01 4.736274896078011665e+01 3.924280648380956649e+01 4.047672447360825743e+01 5.013789493397669617e+01 5.118991403825507547e+01 4.449420078341163531e+01 3.861053786178889169e+01 2.835457869588174518e+01 3.629887639914982600e+01 4.034792665648755872e+01 3.574126523882377171e+01 4.400404092294406411e+01 4.558829349798588737e+01 3.575119733932295674e+01 2.842384869434448191e+01 3.074277671565416981e+01 2.008789850408478017e+01 2.933715460189843682e+01 2.551486374342356811e+01 3.591438580703257344e+01 3.687830647926664085e+01 2.653908225694142331e+01 2.962426279295260656e+01 1.991863287514743064e+01 3.105983003599994419e+01 3.526621535963187171e+01 4.251205297291190277e+01 4.180732221696373330e+01 4.590528962999201923e+01
2.077575077178890339e+01 2.715736899591644615e+01 2.076410587014472853e+01 2.610818377990430861e+01 3.566599073770672845e+01 3.327038256117063497e+01 2.901399886312564647e+01 3.492101711185279811e+01 4.384775666078436984e+01 4.596702991265690486e+01 5.013789493393174013e+01 5.424893483435136687e+01 4.973004385695568175e+01 3.595604926085035657e+01 2.835457869588174518e+01 3.629887639914982600e+01 2.591209775681420524e+01 3.401323327406114316e+01 2.978816293456802811e+01 3.992778191305361446e+01 4.601518377004992288e+01 4.273509695873291037e+01 3.863241609654136965e+01 3.475526800827035601e+01 2.892944890244837808e+01 1.882592087583024565e+01 2.802294692942157184e+01 3.224659060563956103e+01 3.232871598864617368e+01 2.813776025048815299e+01 1.833877515659862922e+01 2.962426099414886238e+01 1.991863287514743064e+01 2.802459112330907232e+01 3.679421258629007241e+01 3.178110308180449550e+01 3.690653136328523942e+01
3.021129062895608541e+01 3.253469070708035815e+01 2.312349753560313559e+01 3.253848562075412332e+01 3.978038490483105249e+01 3.931439451157901033e+01 3.176334865586283840e+01 3.641723351826885846e+01 4.677264772791119896e+01 5.583540254368435996e+01 5.301528959400586416e+01 4.885008990763782322e+01 5.258511188431351258e+01 4.588265253219593376e+01 4.095620829476623470e+01 4.044398299930283969e+01 3.409345102364738977e+01 2.365154500066486776e+01 3.409344832893548016e+01 4.034496017405062673e+01 3.606088519145300353e+01 4.311317098429962158e+01 4.258213789067862365e+01 3.285371665304983679e+01 2.549253712995283294e+01 2.802295645764419874e+01 1.766894494660405712e+01 2.675299599587725652e+01 2.689166341588054365e+01 1.693375915953204469e+01 2.821592854543692042e+01 3.386523468834536033e+01 3.106013225883751261e+01 2.358295053400155439e+01 2.628874971114195347e+01 3.679421264938193303e+01 4.590528828008593365e+01
3.634953606847225416e+01 3.571441226352376930e+01 2.619318950378782063e+01 3.024999768949989232e+01 3.793137675428397415e+01 4.524183276991961833e+01 3.612577384307486739e+01 4.554537457283467461e+01 5.116224951989033798e+01 5.295650911784331072e+01 4.793808512979812519e+01 3.915907764381228162e+01 4.793808782800674351e+01 4.767345142740364849e+01 4.490604164347492855e+01 3.487323934484530952e+01 2.754290033763750145e+01 2.227091344276421481e+01 3.076361328572540188e+01 3.046628929702592004e+01 2.910643827865571254e+01 3.843480022192562018e+01 4.274829893340767484e+01 4.017626101476896849e+01 3.591564707221679242e+01 3.224667371075336320e+01 2.675299599151009389e+01 1.652434664894923699e+01 1.573149125336658649e+01 2.637890816896069168e+01 2.802269961157078626e+01 3.793839308274424837e+01 3.849242663534521824e+01 3.434780404913265528e+01 3.679421264942951808e+01 3.228463852538791201e+01 3.960056947218614454e+01
3.957641178054903719e+01 3.984883173931823563e+01 3.085198981682015784e+01 3.575693459541514585e+01 4.374442818753319528e+01 5.088750077006177719e+01 4.758381025192957736e+01 5.249806235999133008e+01 5.593248498289583637e+01 4.580325131076732248e+01 3.876225793758776916e+01 3.406871703684446828e+01 3.956625683270868166e+01 3.774420642617747035e+01 4.767345142740358455e+01 4.195303032629036011e+01 3.685833934625271269e+01 3.078309081835738326e+01 2.048937812481699083e+01 2.737713599502939488e+01 2.414409943623733312e+01 3.484958528735727867e+01 3.314912002942953251e+01 3.991226770523520173e+01 3.517942688683396568e+01 2.517287773399208461e+01 2.528625369947531354e+01 1.573149125336658649e+01 2.538907644451296619e+01 2.816294906214242744e+01 3.267120297247571159e+01 3.486913119456307442e+01 4.453646139661034908e+01 4.263081200817816097e+01 4.634022370128849388e+01 4.249600902949529768e+01 4.249600902949529768e+01
4.365740680596539391e+01 4.476948133574561695e+01 4.057684307311325966e+01 4.476965080651807938e+01 5.028184419736006561e+01 5.406553391607300796e+01 5.029094920622406306e+01 5.230608774100630143e+01 5.644956971151459157e+01 5.000992995353755788e+01 4.582240172580308268e+01 3.956625683270868166e+01 3.018455799686920571e+01 3.956625683270467420e+01 4.811290817264733022e+01 4.439690205746776996e+01 3.432898255790117048e+01 2.700875709198271934e+01 2.904020859589353165e+01 1.891252515182690885e+01 2.744728228209007170e+01 3.139093216474385883e+01 2.616222159367911004e+01 3.519811632193607664e+01 3.263476369544202527e+01 2.224240135979021105e+01 1.520493046935103187e+01 1.520493046935103187e+01 2.526408896483645705e+01 1.852020693917248906e+01 2.454627814297227673e+01 3.305300596185537643e+01 3.491379871690551795e+01 3.340117757049041813e+01 4.081214866242674333e+01 4.549934076242547576e+01 4.943590168062744539e+01
4.856515647722281415e+01 4.958137563936215031e+01 4.958027445527036292e+01 5.362224491924699521e+01 5.089900519558642600e+01 4.919183060205499203e+01 4.114689843066433639e+01 4.246011445293049036e+01 5.233381744169179939e+01 4.582240172580308268e+01 3.583662397317257131e+01 3.733502284870670707e+01 2.811789501594175178e+01 3.527306415736645562e+01 3.691742244168051457e+01 4.257286229072172290e+01 4.142800501522371803e+01 3.727780771639308455e+01 3.324101810517650790e+01 2.445875255565077211e+01 1.747570879958107426e+01 2.593843965893887571e+01 2.119377724949163166e+01 3.116686432360863179e+01 3.345758795027749954e+01 2.873537876942742741e+01 2.450259887040051865e+01 1.520493046935103187e+01 1.651203734598084694e+01 2.684722635727940698e+01 2.079649821877527671e+01 2.253705456311273636e+01 2.450097507565807931e+01 2.660836074354922687e+01 3.682611550617325236e+01 3.590259455815603218e+01 4.148396223530136950e+01
