output/example/elevation_000280.asc
nrows	75
cellsize	13.33333333
xllcorner	0
ncols	75
yllcorner	0
NODATA_value	-9999
[rows 34 to 50 of 75, columns 0 to 36 of 75]
4.159999999999999636e-03 1.000415999999996330e+01 1.980238011189593905e+01 1.994969808511300258e+01 2.408520093094049130e+01 2.308310645474314526e+01 2.723021158232512562e+01 2.259590716599310056e+01 2.552922928412793269e+01 2.508254268110129459e+01 2.378299633024488102e+01 3.086486056354818430e+01 4.086940471038995781e+01 3.619152565988302683e+01 2.601015522604535946e+01 1.892833072953087736e+01 1.489982853530341345e+01 1.489982853530341345e+01 1.716014663053042355e+01 2.065047567371170700e+01 2.065047567371170700e+01 3.075585366952319077e+01 3.199125161987230470e+01 2.160778082603368233e+01 3.035484728185520709e+01 2.579398726502853734e+01 1.836342361015602620e+01 2.794220463273121169e+01 3.295585922399209267e+01 3.709807939601752480e+01 4.204156425532769248e+01 3.501225278894541759e+01 3.501225308394197100e+01 3.168332835721446727e+01 2.640272950826432918e+01 1.631274943763370899e+01 2.487167883375360233e+01
3.329999999999999627e-04 1.000033299999996217e+01 9.786355299210450553e+00 9.931252667623910568e+00 1.569210934722577022e+01 1.306102351064042466e+01 1.919050764597516689e+01 1.550683037018056964e+01 2.374114129919687599e+01 1.799240643881773138e+01 2.801462914237938051e+01 3.793801267929769949e+01 3.724933094672903877e+01 3.712980097875480112e+01 2.694019592595747525e+01 1.984263407788670008e+01 1.489982853530341345e+01 2.277887414737963923e+01 2.697641878788367364e+01 3.075585353252516541e+01 3.075585366952319077e+01 3.498649592697433519e+01 2.837984360336389855e+01 1.801014683465603383e+01 2.559106157000990933e+01 1.545787547642883197e+01 2.009152882717805255e+01 2.361395000583959813e+01 2.348719146445220574e+01 2.805934641919470707e+01 3.785237531832850522e+01 4.507277580409883200e+01 4.021693884940476948e+01 3.226588294029288306e+01 2.064726623151509344e+01 2.222177286628527071e+01 1.482898776930513840e+01
1.129999999999999928e-03 1.349529725058032481e+00 2.710357390077740902e+00 4.153733802639492545e+00 5.678727729482845987e+00 7.280063343713380597e+00 9.170232376758839621e+00 1.135391178197414952e+01 1.371487228273280046e+01 2.374114129919687599e+01 3.215891608131823176e+01 3.438542613061152764e+01 2.740708697614686784e+01 3.438544026128298725e+01 3.415076483940697472e+01 2.909207669561964238e+01 2.277887414737963923e+01 1.282002052877370168e+01 2.080672725846778448e+01 2.499412866836454938e+01 2.609410020928380902e+01 3.028353233368061481e+01 2.514417165389571451e+01 1.489340717728077479e+01 2.100671518116498859e+01 1.354385637255547081e+01 2.257196994146914548e+01 1.897260931730531297e+01 2.989495198764680950e+01 3.709791065748309080e+01 4.204160240592264586e+01 4.326326306135633359e+01 3.289387113934263596e+01 2.587221991508377883e+01 2.650051104487111786e+01 2.627440215326810957e+01 2.341593348933567498e+01
3.329999999999999627e-04 1.000033299999996217e+01 8.379658838011470934e+00 1.414910363927071302e+01 1.275802136926490604e+01 1.436169484274366503e+01 1.361340953882815263e+01 1.844297708181209927e+01 2.374114127276220643e+01 2.190311230843817469e+01 3.191943244051586248e+01 3.027601411612538485e+01 2.040159782764768792e+01 3.027601411612538485e+01 3.838008597834257785e+01 3.288678954119322384e+01 2.277887414696078849e+01 1.786538415320351803e+01 1.086421020640257140e+01 1.894432317745823369e+01 1.613800710699479524e+01 2.589648727623180235e+01 2.658067264510961891e+01 2.100671082886640662e+01 1.092306312163854365e+01 1.251373955458665321e+01 1.481786070352580786e+01 2.120206615671996886e+01 2.534532805665928734e+01 3.405300427569363109e+01 3.615781864797409639e+01 4.036703238131746474e+01 4.021693884945728570e+01 3.591026002191316735e+01 3.320309086872160265e+01 2.618160550618172522e+01 1.607316587518583262e+01
4.329999999999999539e-04 1.000043043992571690e+01 1.791914049206212667e+01 2.209585652640052089e+01 2.277829732748566727e+01 2.438284549743820406e+01 2.070127006783607371e+01 2.363511373067893118e+01 3.260745595618296733e+01 3.191943244051586248e+01 3.264427162611280409e+01 2.652235067155942971e+01 1.662987077411341374e+01 2.652235067155942971e+01 2.853078907166974787e+01 3.548324475963216429e+01 3.212287194020652947e+01 2.499412818333351183e+01 1.894432317745823369e+01 9.005445163833199373e+00 1.424545064306975206e+01 2.223271478256818767e+01 1.718300362472509590e+01 1.757179855741894414e+01 9.384248080564434602e+00 1.930247031603022734e+01 2.354372927983304464e+01 1.866436824702203978e+01 2.753850451585303816e+01 3.444845798230668521e+01 2.586952347721568657e+01 3.444845798230668521e+01 4.353919452800595735e+01 3.349033755777232102e+01 2.640115517455331329e+01 2.049072947481145590e+01 2.618160593019971216e+01
5.329999999999999452e-04 1.000053299999996348e+01 1.504230825480880007e+01 1.979962568745384743e+01 2.433148613332260624e+01 3.011929230159705284e+01 3.071806706745363513e+01 3.364880991595769189e+01 3.007587920075563304e+01 3.425104681640601001e+01 2.858756869692028602e+01 1.872074565721210249e+01 1.346977761114351146e+01 2.339362887488713127e+01 2.152129228747148915e+01 2.741579782712400615e+01 3.150040895748942660e+01 2.346709740007777967e+01 1.348967095849554276e+01 7.778988247752198326e+00 1.602472804565737619e+01 1.555381545984911185e+01 1.596210894213283638e+01 7.652321359378809973e+00 1.757179855741895835e+01 1.943942794498148885e+01 2.856702922224595298e+01 2.753868672896889080e+01 3.191968923753845644e+01 3.021785836970114758e+01 1.972090221597798632e+01 3.021780742495550953e+01 3.594883924335533010e+01 3.698684450795665413e+01 2.695374728567912470e+01 3.063917232707346372e+01 3.314654490895366479e+01
3.709999999999999756e-03 2.777181679919154877e+00 5.664450167267133018e+00 1.014530881932295969e+01 1.594212045919157106e+01 2.597270541066668414e+01 2.816135780822562040e+01 2.366087302068454079e+01 1.998615795974924936e+01 2.873575083102858940e+01 2.749064326413319037e+01 2.042047575528832226e+01 1.058368784864749479e+01 1.447759695452317885e+01 2.039857294364466256e+01 1.749273287353510398e+01 2.741579782715244207e+01 2.766724881563844463e+01 2.187666916254806537e+01 1.311460012292745958e+01 6.124102304277006859e+00 1.272082109690263430e+01 6.064506953591052074e+00 1.597309902951880467e+01 1.309905409377967977e+01 1.803546826432523886e+01 2.696300290980251546e+01 3.268729200594746231e+01 2.665291257740306463e+01 2.235744731134657215e+01 1.592821859609017210e+01 2.128606322191587452e+01 3.172696548460061905e+01 4.117398196390417553e+01 3.404171910066809659e+01 3.477470712309494871e+01 2.539735841200951327e+01
6.660000000000000121e-03 1.000665999999996281e+01 1.569320344976801529e+01 1.385235617519391305e+01 2.388403451602133742e+01 2.919855374438199647e+01 2.273096438958483390e+01 1.279607390184278692e+01 1.536162294390743099e+01 2.382006761571115661e+01 2.361443483848230329e+01 1.390504212502757042e+01 8.158471017510624534e+00 1.541758836414074452e+01 1.043586300215768148e+01 1.749273287353510398e+01 2.741579782679727728e+01 2.837744284384773508e+01 2.727947474296842856e+01 2.019689186572928463e+01 1.447766037869539169e+01 4.579144192278066683e+00 1.330110692988505505e+01 1.925152338736573299e+01 2.161728821017098312e+01 2.559892542128520887e+01 3.170165673039379328e+01 2.843515606644455573e+01 1.790847206196429298e+01 1.182574841827331547e+01 2.235704501096842733e+01 2.869015741268360031e+01 3.594761243412651908e+01 4.380830365341926580e+01 4.409700620912227009e+01 3.844352049478720801e+01 3.290997320731681697e+01
1.030000000000000013e-02 7.081367811865485251e+00 1.708136781186686193e+01 2.388403451602110650e+01 2.103357378142578327e+01 1.919853640973684605e+01 1.962829769113078981e+01 1.253459921848050840e+01 9.073039869370109756e+00 1.957108107945735043e+01 2.178279620871951039e+01 2.209482909247552840e+01 1.541758836414136091e+01 5.436838565348312002e+00 1.250277419168534720e+01 2.245457199123512382e+01 2.489491393947801612e+01 1.699788912382592443e+01 2.489333764656565862e+01 2.076203110567157850e+01 1.076458895213334976e+01 3.848255964119208450e+00 1.366100971850729806e+01 1.238347732359495801e+01 1.802123829227657836e+01 2.796514913060192598e+01 3.592180338908954695e+01 2.602065840728322499e+01 2.235733525541695599e+01 1.182574841827331547e+01 1.386786534195752729e+01 2.441940737263334427e+01 2.936968727064227025e+01 3.820051001537334656e+01 4.406991437181064697e+01 3.758985943946996144e+01 3.285201069433357901e+01
1.349999999999999985e-02 7.084567811865484899e+00 1.708456781186555062e+01 1.810463109204907894e+01 1.103354745329103004e+01 1.212744855183537496e+01 1.551311329827862018e+01 7.155188198945506173e+00 6.184040800490457457e+00 1.717701480475368925e+01 1.193896582757294311e+01 1.892483201597072906e+01 1.383949293365919253e+01 3.855690287409259565e+00 1.165601723979061433e+01 1.592370509377830778e+01 1.992499705553958123e+01 8.919413410169156009e+00 1.992501472658842232e+01 2.004179038871650320e+01 1.000862835739473766e+01 3.085220039650931945e+00 6.292132653588070390e+00 1.687288797644363214e+01 2.633041090271274953e+01 3.206481916009528277e+01 2.870930368083893569e+01 2.438739221456416573e+01 1.565853211546406598e+01 9.673017092127729200e+00 2.011198606485462292e+01 1.886777614572034878e+01 2.364439116761167625e+01 2.969003541708428173e+01 3.989046571144523767e+01 3.365691363985141038e+01 2.418974075615211561e+01
1.339999999999999872e-02 1.001339999999996344e+01 1.018282788625661794e+01 1.018282801958995165e+01 3.962449069418183534e+00 1.018282828625661729e+01 1.018282841958995100e+01 2.478351141209775399e+00 1.018282868625661663e+01 1.018282881958995034e+01 5.085670167986239498e+00 1.018282908625661776e+01 1.018282921959024101e+01 1.012764558643333324e+01 1.673509958305297918e+00 1.030826399864283616e+01 1.069013613708911770e+01 5.045175901527067630e+00 1.430210877267468206e+01 1.673365623110636236e+01 1.132986901736360252e+01 2.364100491902381140e+00 1.219102220490221455e+01 1.596819324397580075e+01 2.595788551591225612e+01 2.898737657357959563e+01 2.358694390047829970e+01 1.360990120587578822e+01 1.628000195969348241e+01 8.070561729493448411e+00 1.536898185536303352e+01 2.587173194387619901e+01 3.359822770331830100e+01 3.055377649383373040e+01 3.473374761857611048e+01 3.758985943946996144e+01 3.285201069433357901e+01
1.369999999999999864e-02 1.828030496268434335e-01 1.828030496268434335e-01 1.828030496268434335e-01 1.828030496268434335e-01 1.828030496268434335e-01 1.828030496268434335e-01 1.828030496268434335e-01 1.828030496268434335e-01 1.828030496268434335e-01 1.828030496268434335e-01 1.828030496268434335e-01 1.828030496268434335e-01 1.828030496268434335e-01 1.828030496268434335e-01 1.828030496268434335e-01 3.565448934519190316e-01 5.700227596404006114e+00 4.670895157724227253e+00 1.091898315916061080e+01 9.526647873063471827e-01 9.099527413426944378e+00 1.010206491919338667e+01 1.506132396239319604e+01 1.834713275668111265e+01 2.199878974798161124e+01 1.739279761902246335e+01 1.139198146254216581e+01 6.002360752469267702e+00 1.627999954686414696e+01 1.536877937738919364e+01 2.586154917123123553e+01 2.889629523217618967e+01 2.044986920004656028e+01 2.889723935036818503e+01 3.391816662839680419e+01 3.351566025552924089e+01
1.290000000000000001e-02 1.001289999999996283e+01 1.828030496268434335e-01 1.828030496268434335e-01 1.828030496268434335e-01 1.828030496268434335e-01 1.828030496268434335e-01 1.828030496268434335e-01 1.828030496268434335e-01 1.828030496268434335e-01 1.828030496268434335e-01 1.828030496268434335e-01 1.828030496268434335e-01 1.828030496268434335e-01 1.828030496268434335e-01 9.267032860685981532e+00 6.220322287361350178e+00 6.026794809580899859e-01 6.026794809580899859e-01 7.792529281251814322e-01 9.526647873063471827e-01 9.526647873063471827e-01 9.526647873063471827e-01 1.088252130379258809e+01 6.863420358747732486e+00 1.632628446826350199e+01 1.629244316751109523e+01 1.204180802985543153e+01 4.702944268746807488e+00 1.548243515922548674e+01 2.586067958442325931e+01 3.013680529836074484e+01 2.467841755193775555e+01 1.441014214807505489e+01 2.370622535188079993e+01 2.370622771486749514e+01 2.920070059455736811e+01
1.349999999999999985e-02 1.001349999999996321e+01 1.018282788625661794e+01 7.253886248440110762e+00 5.956316164136308267e+00 1.018275404600012912e+01 1.018282841958995100e+01 2.764794302071374332e+00 1.018282868625661663e+01 1.018282881958995034e+01 1.763936145964175140e+00 1.018282908625239180e+01 7.253887448440109686e+00 1.018282935240377363e+01 1.018280698051326461e+01 1.191087140324023430e+01 2.192286915029097560e+00 1.069855040954536562e+01 6.026794809580899859e-01 9.728118898821096039e+00 3.202577444439403731e+00 1.075295985678844879e+01 9.526647873063471827e-01 9.526647873063471827e-01 9.526647873063471827e-01 1.005498766055335835e+01 1.136789056631244677e+01 2.942068384058734054e+00 1.258623092748269912e+01 1.499400835360242823e+01 2.562656597305452877e+01 2.340860794265428524e+01 1.963809187417464486e+01 1.035272392468346148e+01 1.329748242372017408e+01 2.370622771487654745e+01 2.600825007719522475e+01
1.319999999999999993e-02 7.084267811865485598e+00 1.708426781186555132e+01 1.725391896690097582e+01 1.302741175569080667e+01 1.778588858017718266e+01 7.766314158328272654e+00 7.240264623982850090e+00 1.692695753995123198e+01 1.336050258425251869e+01 3.365216306440728999e+00 1.336050258425237125e+01 1.725392016675141704e+01 1.761668357020258568e+01 7.856479155777808643e+00 2.192286915029097560e+00 1.196711982420142206e+01 1.523013452343870711e+01 1.149973180966524389e+01 6.623912023008176497e+00 1.434772163939383383e+01 1.423447163962085682e+01 6.720317462046527801e+00 1.060628787481417135e+01 9.526647873063471827e-01 1.005498766055335835e+01 1.220871953057945269e+00 1.036039739456008846e+01 1.414364888709743617e+01 1.724744811475590112e+01 2.127603282731958245e+01 1.541773075149296623e+01 9.599036503602905057e+00 7.107384676400164913e+00 1.710471682512939395e+01 2.285735201033774189e+01 1.645756168133268460e+01
1.359999999999999924e-02 1.001359999999996298e+01 1.731741328389942680e+01 2.231741328389944456e+01 2.302743550216223767e+01 2.187922690544143833e+01 1.185266251401586501e+01 1.306712255047785476e+01 2.155038881426692399e+01 1.745469884302506358e+01 1.038989396569024493e+01 5.827054660685790033e+00 1.583553287863463588e+01 2.163694021508977627e+01 1.316719964436722279e+01 3.348646246379505254e+00 9.068288029617448842e+00 1.882181428575632154e+01 1.944965790668189953e+01 1.101522071174193051e+01 1.925743570352340583e+01 1.961201475337217204e+01 1.594472896500006343e+01 1.153014853324999223e+01 9.709012198959513285e+00 1.220871953057945269e+00 1.032926762154492373e+01 1.486375318859458838e+00 1.675424992311092431e+00 8.938710889644649882e+00 1.552524733190353068e+01 8.584217090697393360e+00 9.196063306296290207e+00 5.178005665753159903e+00 1.413427310880720356e+01 1.348014581819576385e+01 9.401361018650693069e+00
1.299999999999999940e-02 3.175277660168381200e+00 8.175277660168397631e+00 1.524634547203389623e+01 2.524634547203396195e+01 2.187923257165667579e+01 1.894159763158200960e+01 2.346808100304888001e+01 2.762970340887056508e+01 2.328496282726327848e+01 1.760570228453640595e+01 7.623100383992960083e+00 1.761470279875073786e+01 1.993564383326982181e+01 1.033109641388905509e+01 4.570362525275153409e+00 1.441815417659736553e+01 2.293760101374279259e+01 2.374270307982957107e+01 1.719855132243397833e+01 2.347482089118592796e+01 2.197399722575964276e+01 1.633845026050593674e+01 1.090949559113410317e+01 1.220871953057945269e+00 1.111995799100860971e+01 3.591302578859090211e+00 1.027051640748832817e+01 2.203807636767040279e+00 1.974736730370700855e+00 1.128545170661879737e+01 7.236064242396241575e+00 4.325306226426998357e+00 3.782353281744581519e+00 7.500579788389929448e+00 9.487500691769337635e+00 4.088804637793081120e+00
