output/example/elevation_average_000063.asc
nrows	75
cellsize	133.333333333
xllcorner	0
ncols	75
yllcorner	0
NODATA_value	-9999
[rows 0 to 16 of 75, columns 0 to 36 of 75]
4.840509446848720865e-01 9.890261377138172350e+01 1.350014449214740750e+02 1.540922379819149342e+02 1.363509611144868927e+02 2.045674498914066248e+02 2.995422723984896720e+02 3.417106423673238282e+02 3.669114261991388730e+02 3.651841361431535802e+02 3.370070440545459292e+02 3.400605963223201229e+02 3.399010592951187277e+02 3.734839186701665881e+02 4.338291239714103540e+02 4.283405925028942534e+02 3.931180451335612247e+02 4.287683942010893929e+02 4.238208178590471107e+02 3.989187260878811685e+02 4.089114245743914466e+02 4.465649790356882818e+02 4.409053488606235760e+02 4.460860097438425100e+02 4.837898803416555324e+02 5.056951503622206587e+02 4.915080943590876927e+02 4.973452517283137695e+02 4.789493221525474382e+02 4.688315492036147702e+02 4.636639496502373277e+02 4.887752285321826093e+02 4.904581746007872880e+02 4.714321946957218188e+02 5.011541113678636634e+02 5.088803112279166498e+02 4.843870472191893555e+02
6.497923401133355314e-01 1.887500290233749212e+01 3.732590914923511605e+01 5.674041021860053746e+01 1.542197746050368892e+02 2.249255370156231777e+02 2.690711032506133620e+02 2.510594471816833106e+02 3.163000445655001727e+02 3.190264951901494328e+02 2.428086642007963576e+02 2.518743983783772933e+02 2.452505188482742824e+02 3.112882152673693668e+02 3.917400863343381161e+02 3.688170123381509029e+02 3.001333717233066523e+02 3.825528713055760477e+02 3.309513431983764917e+02 3.056060830321861204e+02 3.157647118353492033e+02 3.937918912553317909e+02 3.483914456352983393e+02 3.538466102885482769e+02 4.399422755884866092e+02 4.233460312315499436e+02 4.003632234274670623e+02 4.899773396483794841e+02 4.387433319874327822e+02 3.810384100465561232e+02 3.724646892911695204e+02 4.301725077841319944e+02 4.260739922156674879e+02 3.805373442138792370e+02 4.495571170801360381e+02 4.519954381124121596e+02 3.951838829174681678e+02
6.883992401879653888e-01 9.909691998403827995e+01 1.350047739259414641e+02 1.539689002991223106e+02 8.876436008346325934e+01 1.857064009278360288e+02 1.736586464800037106e+02 2.533081248060623807e+02 2.804715419434706973e+02 2.988496413486076335e+02 2.757179888050943077e+02 1.850333382843897425e+02 2.795621964936426593e+02 3.117840395751166511e+02 3.618003748918391125e+02 3.422479951092068404e+02 2.508777125640368411e+02 3.414754860390704039e+02 3.320572876187051179e+02 2.383976996680502509e+02 3.140448524717416490e+02 3.009039153225261884e+02 2.830465155082089836e+02 3.748787480579281350e+02 4.032124653636117841e+02 3.476153349122322993e+02 4.398831872027864733e+02 4.577903510947589325e+02 4.410098501260992521e+02 4.087450823299507192e+02 3.395796733427116578e+02 4.199547938654169457e+02 4.167624859975878735e+02 3.464540210162600715e+02 4.272597808265813910e+02 4.292900912665796795e+02 3.415111841641162300e+02
9.527043435140133409e-01 9.935641218926991769e+01 1.869277525174211689e+02 2.244702863237753547e+02 1.856691978636408749e+02 1.261228986760669386e+02 2.224050539361080041e+02 2.553359448134078775e+02 2.004974374240763666e+02 2.130862867819927828e+02 2.508039838586311987e+02 1.648953680195995446e+02 2.532182572398931484e+02 2.298492059190804184e+02 3.091198728076283828e+02 3.088356239018694396e+02 2.175383274489309997e+02 2.718923762480118285e+02 2.832800017665313703e+02 2.063753007734334801e+02 2.202193614259557819e+02 2.348260167710562882e+02 2.520571467314044583e+02 3.461510658560718525e+02 3.102085464974530851e+02 4.022395073589905792e+02 4.537256705299685109e+02 4.440923677093144875e+02 3.894454175898234780e+02 3.552820056434573530e+02 3.229704606802841909e+02 4.029250213159386362e+02 3.950870745461051001e+02 3.174730836323171843e+02 3.928376703634285150e+02 3.914913793230452939e+02 3.039476910034480852e+02
6.729967576641545657e-01 4.980257674102889354e+01 1.183381035982449703e+02 2.144269421092481025e+02 2.610205797142655797e+02 2.224027184867146332e+02 2.610023737962304153e+02 2.111960857837506467e+02 1.294386265490868198e+02 1.414283285221608253e+02 2.136155604308101204e+02 1.341818319325197990e+02 2.261775126994399443e+02 1.756575583162428984e+02 2.370611601075142687e+02 2.416884441369546437e+02 2.563464977582640927e+02 1.763712210487160803e+02 1.885486447740981077e+02 2.838526818811807289e+02 2.757214954313561748e+02 3.290616688088338151e+02 3.460980190560467804e+02 2.779885685072358683e+02 3.716004652390706156e+02 4.408130585284766312e+02 4.582344074622855032e+02 4.219018656469438042e+02 4.074257534286196574e+02 3.742233316985433476e+02 2.971549070727422759e+02 3.753888254186546760e+02 3.679502599198589223e+02 2.809695366757624129e+02 3.607719060726378189e+02 3.516221738366620571e+02 3.253603185498938615e+02
6.149197931285226293e-01 9.902720583181954339e+01 1.453225872234848168e+02 1.909183112573893197e+02 1.794490970526811680e+02 1.400155040298751317e+02 1.795809875782686333e+02 1.612389102126446119e+02 7.471687352739192534e+01 8.251593690128649428e+01 1.796166427154078917e+02 1.054901327626433698e+02 2.022174393453233563e+02 1.313597193622870805e+02 1.409940663188545784e+02 1.507640127963983332e+02 1.606297281396754784e+02 2.564213962900030310e+02 2.837243750487146485e+02 3.207244411536898383e+02 3.691005474389365304e+02 4.074721511585223084e+02 4.094447612412816397e+02 3.455668687945673696e+02 3.738523819710479756e+02 4.081683173116979333e+02 4.301044389716107617e+02 3.771057928559138190e+02 3.364860199446414413e+02 2.981728626260043598e+02 2.611009977661063317e+02 3.215695720268025184e+02 3.364048488784222855e+02 2.486348996952297057e+02 3.243930563185291476e+02 3.011337940189363849e+02 2.309277737651920859e+02
5.036282395543789647e-02 7.217859251645183605e+00 1.055327061906737498e+02 9.498790783615166333e+01 1.293597333027734635e+02 4.225575375714137749e+01 1.399410352124332348e+02 6.383348153761806998e+01 1.612349432282675252e+02 1.795627446795181470e+02 9.371310543619611622e+01 1.906371911593523407e+02 1.180535222230279686e+02 2.145731706123442848e+02 2.370566530504634954e+02 2.466481785743669661e+02 2.563551023471060262e+02 1.936179991980802413e+02 2.888367766686823188e+02 3.563643844744818239e+02 3.917717317602405842e+02 4.380499042315599354e+02 4.654865608212727466e+02 4.305477417885472278e+02 3.915235066506053840e+02 3.331236510719303396e+02 3.961005226988608570e+02 4.160109587593551623e+02 4.006997219829698338e+02 3.637423618897354913e+02 3.165514895214465128e+02 2.325464321512867514e+02 2.881583619560076954e+02 2.194559513103862116e+02 2.770829256287714770e+02 2.057192407876393077e+02 3.011866134549051708e+02
2.473071933081959495e-01 9.866984993710508434e+01 1.730080765152929700e+01 2.441416399508559110e+01 3.156404012174375140e+01 1.294921730743512569e+02 5.302202575425094722e+01 1.506134703084478019e+02 2.000822790295301843e+02 2.158199115564682700e+02 1.198703655623596376e+02 2.157304987168041066e+02 2.145493218785515808e+02 1.593750609680987509e+02 1.958432678939008440e+02 2.910079677831816980e+02 3.272190481771596069e+02 2.888332785990025400e+02 2.312893560260175434e+02 2.626299305539155853e+02 3.084934026511704701e+02 3.822101094622551614e+02 4.049109296734691839e+02 4.212037089450907388e+02 3.818068884339180045e+02 3.034969454516011638e+02 3.643849922259285563e+02 4.200016695525044383e+02 3.907851261422343896e+02 3.993292065847447248e+02 3.508875005226645953e+02 2.867059573565522328e+02 1.940267469094261230e+02 2.578208108464403381e+02 1.817645274046568602e+02 2.776454376574501453e+02 2.610064059223602726e+02
7.088201712286245071e-01 9.912436520399869266e+01 1.152878755138397366e+02 9.507169887251924933e+01 1.293265581927114454e+02 6.461989883172017812e+01 1.501223662745169918e+02 1.900479632179085456e+02 2.670895999016750579e+02 2.536988400584052101e+02 2.162495982924107807e+02 1.651158317266175857e+02 2.608656954459936514e+02 2.551863872573498497e+02 2.548282653372675668e+02 2.574925911892792101e+02 3.514983985980795183e+02 3.640062317348208580e+02 3.243902605957536593e+02 3.462358373602771735e+02 3.911121767837129823e+02 3.948898600112420922e+02 3.542420268640565837e+02 3.948944110520849335e+02 3.231757102888200848e+02 2.761832516996555000e+02 3.425681869167971740e+02 3.688524856008431243e+02 3.189468249323970213e+02 3.646827663025321158e+02 2.789802111678807250e+02 2.890563416903664233e+02 2.576413620195995691e+02 1.626398386368421711e+02 2.586860865304311687e+02 2.507377783942436622e+02 1.648676941311675535e+02
5.819734946149275334e-01 4.418989721731229992e+01 1.418984657681727981e+02 1.906518661687263716e+02 2.012365365606470675e+02 1.619905646642031911e+02 1.006086845066385962e+02 1.333831131048312102e+02 1.952737263544072448e+02 2.804778113969388187e+02 2.938494530038483958e+02 2.274659293869004841e+02 2.376459529765886316e+02 3.321117568935911777e+02 3.490507453516993337e+02 3.476009541646645289e+02 3.700113309443267440e+02 3.734198489975917710e+02 3.329701560930113260e+02 2.958261918142432592e+02 3.278981060669337353e+02 3.607956704150325322e+02 2.950860713486052305e+02 3.680710769629776564e+02 3.249428050756496873e+02 2.422886009123997155e+02 3.215697520482029290e+02 3.485953894898956946e+02 2.707407651764449383e+02 2.949891008242020689e+02 2.876270762188210597e+02 1.947938310194495557e+02 2.332717526018604417e+02 1.518604921344434615e+02 2.403530606317112017e+02 1.544355946865289582e+02 2.507422039991596421e+02
6.201706420557316912e-01 9.903229453673823457e+01 1.225121579925559416e+02 1.913980657949785780e+02 2.863019088718761509e+02 2.362692615107741858e+02 1.695770638616172903e+02 1.960782127811362159e+02 2.038609570609019102e+02 2.954326285428884376e+02 3.362873418772960576e+02 3.154557358382432426e+02 3.304428548641108705e+02 3.355742073959598315e+02 3.246777880122651823e+02 3.566625054678399920e+02 3.759820788130504639e+02 3.260181008156756661e+02 2.644327377635806897e+02 2.130879734816481630e+02 2.909909391231443578e+02 3.263401637307596843e+02 2.390931752124879495e+02 3.194620697145920758e+02 2.933955206157405087e+02 2.042770300234943761e+02 2.669796110419139836e+02 3.524773805883958744e+02 2.957296410897990881e+02 2.053319871898494284e+02 2.371655913282463644e+02 2.331150638243573781e+02 1.366848649477708761e+02 2.301170262390568837e+02 1.439978352543706990e+02 2.404654997121090219e+02 2.897059076951074985e+02
9.933278572681448759e-01 7.090558403266747689e+01 1.681858192296819823e+02 2.205459309599469861e+02 2.206369623293499558e+02 2.596776108404355341e+02 2.651748868047801011e+02 2.912578935545229228e+02 2.986280413576282626e+02 3.374059669343409951e+02 3.045178980104143420e+02 2.690471718921187971e+02 3.109189045960857243e+02 3.128820090995308192e+02 2.429909553299750655e+02 3.082900650785669541e+02 3.423988275666129653e+02 2.718757664497762789e+02 1.998703031097862777e+02 1.574330439180450298e+02 2.501455149499148547e+02 2.511199280025531380e+02 1.988604620614722478e+02 2.935506334882975921e+02 2.646473927429414630e+02 1.715047752964417498e+02 2.548654516330487354e+02 2.986020388643966044e+02 2.598096009876178982e+02 2.353841273325142538e+02 1.463882774445979749e+02 2.148801731835419275e+02 1.264152664440057379e+02 1.336573720115076469e+02 2.267718352968495310e+02 1.986626190771500262e+02 2.520026897708119122e+02
1.405461526419654605e-01 9.856080909278486502e+01 1.340311927282271824e+02 1.268913255190756360e+02 1.246354455901004457e+02 2.210544543083308042e+02 2.867455917082983774e+02 3.253735727662212298e+02 3.738073426514042694e+02 3.061950345130632627e+02 2.686934318167899391e+02 1.897308809408573609e+02 2.685816617569867049e+02 2.730761705178826446e+02 1.861966666525645167e+02 2.140753331754321493e+02 3.018662162597314591e+02 2.711567630810223477e+02 2.117046360815487560e+02 1.203217225933915557e+02 2.129060449945843061e+02 1.549302367902701292e+02 2.499547211740197383e+02 2.478981710307569131e+02 2.088398552770094909e+02 1.444242649287267284e+02 2.403856875070113404e+02 2.434280127453004923e+02 1.637191445003332717e+02 2.073307409429170889e+02 1.148822906518869473e+02 1.180574062798020663e+02 2.149078781067902355e+02 2.301117559046643919e+02 2.670928596291664121e+02 2.929672537935817900e+02 3.327159703912404893e+02
4.026185890239118992e-01 1.828796838098816124e+01 3.635430405790377506e+01 5.526398634976104773e+01 1.528027371297312698e+02 2.081458091801661396e+02 1.915469197404496526e+02 2.787695475031461569e+02 2.801744501453508178e+02 2.644232412852592802e+02 1.829801268252934392e+02 1.394100265476920129e+02 2.252389073728728022e+02 2.304534209381314440e+02 1.410428997909506563e+02 2.162362157364619577e+02 2.673198815547005438e+02 2.035173594575341269e+02 1.356876371633982217e+02 9.199390589156857345e+01 1.165912324079090041e+02 2.133193302773349842e+02 2.240071946149524820e+02 1.846901090499748364e+02 1.119122209958702001e+02 1.893829765282161475e+02 2.299675156976298354e+02 1.997847717561377010e+02 1.072210438074327072e+02 1.103995646925344829e+02 2.073690507373313494e+02 2.148738174713177784e+02 1.234251564886683923e+02 1.921922264331685710e+02 2.878463543250181260e+02 3.073263577939678157e+02 3.105424053335404437e+02
7.903750024369222693e-01 9.920545993350948777e+01 1.340126667103614011e+02 1.526434321664138167e+02 8.748846682999136704e+01 1.122702444591519537e+02 1.453544050046904772e+02 1.904852094519137609e+02 2.827825261908154744e+02 2.664236413682002649e+02 1.916994680995985902e+02 9.935403447617157724e+01 1.849496616915527909e+02 1.602368760535470074e+02 1.084739909264222462e+02 2.046219363680962999e+02 1.992624888596417350e+02 1.319081197294494245e+02 6.646495558180532726e+01 1.640413397915626774e+02 2.077145898530411614e+02 2.193818823564371598e+02 1.802665424919652537e+02 8.740914595016492683e+01 9.055779598347707804e+01 9.372742077060151189e+01 1.909176272223800481e+02 1.027198372882782564e+02 1.997828839762430562e+02 2.073176303939485763e+02 2.368829783248702086e+02 2.236591225750385092e+02 1.271978045715486019e+02 2.238455884179022917e+02 2.682094499786541633e+02 2.127783492144860702e+02 2.154187268439276011e+02
1.870836446472545767e-01 5.701790359809181297e+01 1.537783402580629399e+02 2.228999291298318610e+02 1.844633985010026436e+02 1.826040124088534924e+02 2.393208943742664871e+02 2.788692016335855897e+02 2.456504336754996132e+02 2.084842468809355012e+02 1.363805827276844695e+02 6.778430558087924851e+01 1.345163257378116555e+02 7.080630010774400773e+01 1.453166833620448699e+02 1.862854109541820833e+02 1.555191263379434758e+02 6.216588229621829953e+01 1.597699882099333308e+02 7.082815703421387354e+01 1.683435670179935357e+02 1.756446600148928496e+02 8.291712509403475906e+01 1.802611973258380260e+02 1.876851335045055578e+02 1.908731229096519257e+02 9.819042896945862253e+01 1.953237158020481559e+02 1.997941198254329436e+02 2.952686315537679320e+02 2.910156318472435828e+02 2.013004706770315693e+02 2.239252475915601224e+02 1.324485679588640608e+02 2.291019719849022351e+02 1.428808621605948304e+02 1.465453001412858214e+02
2.797522905802692916e-01 9.869722449546222265e+01 1.939859391618245184e+02 2.272764028364637170e+02 2.661768774473326289e+02 2.755347507552929187e+02 2.580193655893911568e+02 2.231496266617826905e+02 2.079578796366460267e+02 1.171784596526517390e+02 1.306849795363820306e+02 3.985126665754431485e+01 4.295911561805289836e+01 4.605019530628965896e+01 4.913646466868677010e+01 1.469464331839894555e+02 5.782643548934287736e+01 1.555126963529737054e+02 1.993042518005172781e+02 1.683257924128603520e+02 7.513313871873739913e+01 7.836381520373160470e+01 1.757562687078238923e+02 1.802974715159106722e+02 2.760469590570050968e+02 2.346161224758628236e+02 1.673095423698784998e+02 1.320371899080794549e+02 2.286054412542295040e+02 3.045091832319887999e+02 3.320909280391322227e+02 2.968984154352544351e+02 2.237693786463612753e+02 2.228202131416475993e+02 1.376387224007222301e+02 2.317838892601963323e+02 2.428947785575800253e+02
