output/example/elevation_000015.asc
nrows	75
cellsize	13.33333333
xllcorner	0
ncols	75
yllcorner	0
NODATA_value	-9999
[rows 51 to 67 of 75, columns 37 to 73 of 75]
1.813842060942502243e+01 2.815820181464500749e+01 3.206540915654210266e+01 2.434855378484879651e+01 3.440302660481465580e+01 4.180333652660750232e+01 4.988737440667009793e+01 5.410950851309449661e+01 5.253941805641024843e+01 4.675615080381744804e+01 4.261043557186707176e+01 4.391102236545903281e+01 4.215339585770492192e+01 3.964414874635568253e+01 4.000780328966115462e+01 3.289169812845715057e+01 2.696917999423834900e+01 1.687957844076273872e+01 2.527577888697474151e+01 2.944369561904095178e+01 2.799340229892051468e+01 1.790039634885323494e+01 1.512161075730332804e+01 2.518556964289737010e+01 2.999357645662642824e+01 2.751070665820911287e+01 1.843736591756084664e+01 2.852978665054927987e+01 3.095043969552249408e+01 2.287665453191658216e+01 3.296878876321920160e+01 3.927486875899815999e+01 4.449887896161726530e+01 4.862858127288422594e+01 4.760088894711626040e+01 4.056214196879595590e+01 4.056214196879595590e+01
2.815820181465043603e+01 3.234551971205988963e+01 3.860747673790590540e+01 3.440302660481465580e+01 2.751101716360527760e+01 3.759041070823860053e+01 4.550532004498074912e+01 5.138470453541015814e+01 5.045535147640023155e+01 4.544788123021876913e+01 4.130212539895797619e+01 3.795878341954772850e+01 3.211640741230798568e+01 2.958984808231016572e+01 3.474964168512478579e+01 2.577559296725315363e+01 1.862485083220074600e+01 2.696917999423834900e+01 3.113557062318649926e+01 3.250707573349779977e+01 2.241419510554805683e+01 2.799340229892051468e+01 2.519407002588051725e+01 1.577535128691901889e+01 2.585176050733991460e+01 1.742422660387776645e+01 2.751074891043384696e+01 3.268608159988493611e+01 3.711055634442631401e+01 3.296878876321920160e+01 2.507860816007563187e+01 3.513819963143212277e+01 3.451187346223686347e+01 4.449887896161726530e+01 5.120284690042525000e+01 5.051718370670923974e+01 5.051718370670891289e+01
3.082688192702737240e+01 3.307335803551578834e+01 3.727405081092366146e+01 4.180333652660750232e+01 3.759041070823860053e+01 3.116759953038684117e+01 3.698321253222480465e+01 4.716046774537439745e+01 4.631216399217480273e+01 3.629208680574115675e+01 3.127209946072723312e+01 2.790384689601189905e+01 2.497021847106161019e+01 2.242707517399852080e+01 3.058947412446345737e+01 2.047850643504718349e+01 2.577559296725315363e+01 3.289169812845715057e+01 3.788512687384797317e+01 2.782371448597833208e+01 3.250707573349779977e+01 3.407992367615540275e+01 2.400242234677491737e+01 2.585134959072260585e+01 1.643402539028590326e+01 2.651493942775143609e+01 2.324971316813376987e+01 2.830725138435826693e+01 3.835560561604317797e+01 3.927486875899498386e+01 3.513819963143212277e+01 2.741626166152261490e+01 3.743699964925802703e+01 3.709201083234827223e+01 4.415075767936345130e+01 5.413913115072669058e+01 5.613232607561706544e+01
2.079300739672450504e+01 2.302681145870546331e+01 3.011332738717514701e+01 4.021950417177981763e+01 4.550532004498074912e+01 3.830185090585119667e+01 3.654867424851055802e+01 4.672306999345635603e+01 5.045535147640023155e+01 4.544788123021876913e+01 4.130212539895797619e+01 3.795878341954772850e+01 3.505617326527372057e+01 3.253468443338738325e+01 2.242707517399852080e+01 3.058947412446345737e+01 3.474964168512478579e+01 4.000780328966115462e+01 3.788512687384797317e+01 3.494667119002092903e+01 4.203819819927081625e+01 3.822913382330180099e+01 3.328189654996810987e+01 2.714604169681996382e+01 1.706025281516025771e+01 2.714654743879689391e+01 3.232061262015341896e+01 3.748085630789347533e+01 3.835560561604292218e+01 4.836720008937997761e+01 4.157022736640148963e+01 3.743699964925802703e+01 3.002598045925388348e+01 4.001633689495523782e+01 4.590552596391024309e+01 4.906476925183449822e+01 4.613729136258126573e+01
2.656828288747028566e+01 3.307335803551578834e+01 2.680644504701857045e+01 3.391072447028559367e+01 4.405287781643651357e+01 4.848568450460558665e+01 4.161718631224241705e+01 5.094760390418445439e+01 5.307653247993428636e+01 4.305565270471894479e+01 3.727064543242720873e+01 3.278365981291778297e+01 2.897299259432788787e+01 2.591441993682119715e+01 3.253468443338738325e+01 2.242707517399852080e+01 2.958984808231506847e+01 3.964414880210400582e+01 4.791474670519342283e+01 4.497918643817553175e+01 4.114820536101287729e+01 3.534688098879469464e+01 2.912784088426822393e+01 1.902515079187302405e+01 2.714654768266078122e+01 1.806290951023215996e+01 2.815866646070259094e+01 3.334521924990691133e+01 3.500739460692965110e+01 3.880397218439104279e+01 4.294865911703760020e+01 4.414742886681118250e+01 4.001633689495523782e+01 3.304678938273472255e+01 3.592524619557453036e+01 3.907436477939470620e+01 4.483858360008341037e+01
3.664423639948140021e+01 4.085312810544076711e+01 3.688129240953937682e+01 3.128754591759723880e+01 3.710605665601827496e+01 4.728155521715910226e+01 4.883669941131834236e+01 5.605057873192734519e+01 5.721340880003407392e+01 5.143352907731736678e+01 4.695483202193731387e+01 3.902024242651680908e+01 3.902024242651680908e+01 3.044087138180585583e+01 3.572194866567849658e+01 2.564293452777024740e+01 3.253468456872737136e+01 4.257924605166296317e+01 4.640198854149810614e+01 4.139474561157096133e+01 3.700193413326251601e+01 2.693792081667251992e+01 2.108178028999176590e+01 2.912784088426822393e+01 3.232095048929300418e+01 2.815866671950493583e+01 1.907910540613970696e+01 2.918475004490447944e+01 2.492376132949513590e+01 2.875917247913966079e+01 3.587014394293861841e+01 4.588686022846505352e+01 4.715338629672048398e+01 4.009911264808869191e+01 3.880330282290162103e+01 4.878705010858021041e+01 5.318935872417965527e+01
3.040202284736916027e+01 4.051251878903171644e+01 4.562636963143282287e+01 3.710605665601827496e+01 4.140672838374579356e+01 5.150451607423180889e+01 5.905289449932332246e+01 6.067917005834070920e+01 5.489587475978218123e+01 5.075234003712611042e+01 5.205335018941748615e+01 4.903979970358555818e+01 4.462730877098386628e+01 3.624473398970593507e+01 3.987249999132782818e+01 3.147970927716166756e+01 3.278296822316237780e+01 4.281727511264086417e+01 4.226013476327589302e+01 3.223936681829863460e+01 2.719498040152045348e+01 2.335162831718752230e+01 3.119147333580130521e+01 3.119147333580130521e+01 3.348911917235965774e+01 2.339447877660307284e+01 2.918475004490448654e+01 2.013917442081597997e+01 3.025392429394825200e+01 3.552024339072170989e+01 3.880397221774758520e+01 4.881740667390198496e+01 4.708867850449945536e+01 5.008688882371435369e+01 4.878705010601441217e+01 4.695616051969408034e+01 5.401665859359329858e+01
2.831690936155580829e+01 3.412192452959531153e+01 4.426697583643918676e+01 4.728155521715910226e+01 5.150451607423180889e+01 5.581348475994781921e+01 5.445906140722448185e+01 5.654332127539463215e+01 4.651304754503539129e+01 4.071166560174101079e+01 4.201526764056154661e+01 4.910519561943002742e+01 5.041042991621012703e+01 4.626769563549748909e+01 4.566266908769624422e+01 4.151695544146924988e+01 4.281727511264086417e+01 4.696203175949329989e+01 4.640198854149810614e+01 4.139474561157096133e+01 3.523089002691877880e+01 2.515328774710378212e+01 3.523089002691877880e+01 4.123652731727440823e+01 3.684334714648647235e+01 2.678066322410605338e+01 3.441215469240617608e+01 3.025392429394825200e+01 2.124459649067201283e+01 3.136477117386562696e+01 3.664504488380636360e+01 4.375750712707476708e+01 3.707787270214930686e+01 4.415378070714131553e+01 4.560790134775305660e+01 4.975335233774945465e+01 5.093538921585999901e+01
3.412192452959531153e+01 4.262215361311107387e+01 4.848644422009004984e+01 4.667904954227874725e+01 5.081211751660331544e+01 5.151210889084180877e+01 4.442677725321834004e+01 4.681217072598037987e+01 5.095975893090526654e+01 4.495535394901112625e+01 3.491467886548367971e+01 4.495535394901112625e+01 4.817864098251152427e+01 4.524158914860596070e+01 4.633901174574004500e+01 5.048649310489719966e+01 5.105302820997759738e+01 5.519608183709417659e+01 4.865592302084557019e+01 3.950866659101150447e+01 2.947639128439960388e+01 2.778055935451422442e+01 3.339168824494410615e+01 4.341439949072373139e+01 4.063429268518731163e+01 3.060439355599510947e+01 4.063429268518731163e+01 3.552024339072170989e+01 3.136477117386562696e+01 2.237402232384598122e+01 3.249255243127077364e+01 3.373188492940609251e+01 2.998496615658509512e+01 3.743328170683824396e+01 3.559608651641762833e+01 4.379155930095897276e+01 4.085526365304458096e+01
4.426697583643918676e+01 4.848644422009004984e+01 4.505734153317080626e+01 3.671585277317039697e+01 4.505734153317080626e+01 4.736516525113638920e+01 3.732578549167738657e+01 3.677239582462502909e+01 4.516779219657629341e+01 4.205686071785104474e+01 3.202151749690476379e+01 3.839247148157183176e+01 3.814435628757645702e+01 3.520458618121802630e+01 3.630264950053309292e+01 4.395409904736359152e+01 4.101362630988295166e+01 5.105302820997759738e+01 4.451519133317552246e+01 3.450214184884750068e+01 3.950866659101150447e+01 3.048305569268937987e+01 4.050173237805081072e+01 4.755488002463927444e+01 4.477775854143468592e+01 3.640166110500026520e+01 4.264294136467880492e+01 3.540189878310562932e+01 2.532362738671933400e+01 3.249255243127077364e+01 2.362558572680550739e+01 3.373188492940609251e+01 2.491262379527109871e+01 2.739140651013928718e+01 3.043998968749653855e+01 3.378239649380910237e+01 4.085288663779764562e+01
4.581554581996061160e+01 4.843939914160218052e+01 4.092679520564485074e+01 3.095091667272010838e+01 4.092679520564485074e+01 4.778047969416214613e+01 4.101570398407963580e+01 3.098260216369902054e+01 4.101570398407963580e+01 4.620856851663130982e+01 3.839247148157183176e+01 2.836529966258005331e+01 3.505008087524124250e+01 2.811775798917383540e+01 3.089386947710371345e+01 3.391455852564670437e+01 4.101362630988295166e+01 5.105302820997759738e+01 4.865592302084557019e+01 3.950860272746612623e+01 4.464423276794335038e+01 3.496896221659959281e+01 3.627097607570990334e+01 4.628105296426959825e+01 5.055641097974128684e+01 4.641617494858309101e+01 3.849888892000758034e+01 2.846349390861353967e+01 3.540189878310562932e+01 3.788128716561265463e+01 3.373188492940609251e+01 2.491262379527109871e+01 3.499746294054310880e+01 3.743328170683824396e+01 4.045290715864879871e+01 4.379155930095876670e+01 4.707988835220700707e+01
4.079836786670490056e+01 3.840268139475274722e+01 3.739978952618264429e+01 2.741576102492087585e+01 3.739978952618264429e+01 4.363137067753211085e+01 3.359875144084939080e+01 2.809315607316222341e+01 3.811939696567779379e+01 4.108742325163103715e+01 3.704206622958827211e+01 3.288947848364010440e+01 2.503177972515851479e+01 3.505008087524124250e+01 4.092706368571823106e+01 4.395409904736359152e+01 4.395409904735697637e+01 5.398671418428662605e+01 5.365875861083339515e+01 4.658970666747588041e+01 4.911880637593706211e+01 4.074533586080811176e+01 4.204854758107875767e+01 5.042092538265331569e+01 5.061166144737743622e+01 4.059864021388413846e+01 3.481926195708798133e+01 3.126322643336251161e+01 4.127590680285718605e+01 3.778144696034582495e+01 2.774364982687479397e+01 3.499746294054310880e+01 2.657551890122621430e+01 3.662822763804318527e+01 4.243113629576637180e+01 4.000384545728441310e+01 3.707285252227371330e+01
3.554889772969482209e+01 3.130778316754648927e+01 3.438949166846450112e+01 2.440235835193245606e+01 3.146758415745129156e+01 4.144360040955236713e+01 3.543977137303094338e+01 2.542091338541483125e+01 3.227153029356716729e+01 3.106168778164152755e+01 3.106168778164152755e+01 2.287825650481163819e+01 3.288947848364010440e+01 3.920318532258246336e+01 4.476456322195923576e+01 4.978069808266544527e+01 5.367732234556132909e+01 4.954214226271730581e+01 5.367732235642609595e+01 5.660043099659230137e+01 5.489564650662396161e+01 5.075954217702200566e+01 5.206276283936267646e+01 5.619701165250073416e+01 5.474949202408174642e+01 4.897243096396110928e+01 4.127590680285718605e+01 3.460499694183064889e+01 4.461136173337047239e+01 3.982555257564595053e+01 2.981152109995962007e+01 3.982555257564595053e+01 3.662822763804318527e+01 2.826235527795950730e+01 3.828762151207534004e+01 2.999662683611553859e+01 3.577512568937056159e+01
2.552567583282285568e+01 2.552567583282285568e+01 3.181082493437903835e+01 2.182295636581061160e+01 2.888772845908444964e+01 3.886780408916025920e+01 3.959265506953791203e+01 3.227153029356716729e+01 2.226219225193004547e+01 2.931993753221794208e+01 2.105609435920422001e+01 3.106168778164152755e+01 2.679789861591945055e+01 3.058058716051501946e+01 3.559292618125896013e+01 4.563200975217340982e+01 4.864095360137136481e+01 3.943232038004697415e+01 4.864095360137136481e+01 5.329154654847407357e+01 5.959300873082835892e+01 5.833480817007729513e+01 5.748751522192567620e+01 5.330532051737814214e+01 5.748751522192567620e+01 5.542180856055318827e+01 4.839555183493438761e+01 3.838352591240398937e+01 4.778718965298193666e+01 3.777784783678087166e+01 3.200571813143569955e+01 4.200829346098727513e+01 4.243113629576637180e+01 3.828762151207534004e+01 2.999662683611553859e+01 4.000384532395108295e+01 4.414713794058350516e+01
1.845279542193862810e+01 2.529640786819884823e+01 2.942262291221157611e+01 1.952997108379518565e+01 2.636303076117376420e+01 3.050036615268852458e+01 3.430042485092042881e+01 3.201101021447643546e+01 2.786086374065090610e+01 1.931703158073655757e+01 2.638535301806217959e+01 3.521352625695691074e+01 3.388167625285793605e+01 3.497942228685991495e+01 4.476456322195923576e+01 4.978069808266544527e+01 4.448723132137896386e+01 3.436886311025008212e+01 3.905648703785099229e+01 4.915635822638810737e+01 4.959345995896845238e+01 4.828204806736507493e+01 4.828337038555310556e+01 4.326142025372805477e+01 4.905263173390119391e+01 5.911460142999678880e+01 5.253673064949672522e+01 4.338544073551186386e+01 5.192900539037071184e+01 4.450875664749599991e+01 3.450690390146105813e+01 4.450875664749599991e+01 4.333728016830562524e+01 3.333697563524200547e+01 4.000384532395108295e+01 3.232960979414089309e+01 4.232855221717802152e+01
2.529640786819884823e+01 1.528883884606030463e+01 2.325212671896247230e+01 2.376742453085070039e+01 1.636631657237785475e+01 2.428554557605438191e+01 2.428554557609431797e+01 2.644612174079290767e+01 1.785712712336064101e+01 2.492726963689334951e+01 3.347086685633905034e+01 4.055638069461592465e+01 4.391638167744127230e+01 4.501384642434076255e+01 4.916212119966497340e+01 4.705450172492889038e+01 4.090984793307324452e+01 3.081087565819457197e+01 3.840077319110379506e+01 4.958612402027775090e+01 4.250651607383341712e+01 4.435002721829036432e+01 3.825636540873227176e+01 4.828337038555310556e+01 5.748751522192567620e+01 6.330672403662801173e+01 5.754173729708472251e+01 5.047339114500481116e+01 5.268590380409175111e+01 4.267098476143679164e+01 3.766448830826472971e+01 4.767406167067156986e+01 4.583827128623671143e+01 3.583430681451226008e+01 4.583827128623671143e+01 4.232855221717802152e+01 3.475333179473081202e+01
2.254901359917174020e+01 1.324665338221582189e+01 1.324665338221582189e+01 1.376169742897936921e+01 1.427949424457222882e+01 1.427949424457222882e+01 2.428554557609431797e+01 1.644051957226731275e+01 2.644612174079290767e+01 3.201101021447643546e+01 3.909475079205957115e+01 4.172631986233256640e+01 4.257909891628988674e+01 4.673720432767394328e+01 5.000921450724636941e+01 3.997601294678837291e+01 3.288011227726082097e+01 2.822317716385444797e+01 3.827787676170062525e+01 4.358520964453340696e+01 4.109966126507094941e+01 3.433472771272668922e+01 4.435002721829036432e+01 4.870059874038342684e+01 5.284710650453801151e+01 5.767812801969672165e+01 6.177324910711591599e+01 6.048479325677479324e+01 5.682320415265016322e+01 5.121666542606143224e+01 4.119666887208903461e+01 5.121666542606143224e+01 4.861519335522976348e+01 3.860285844750781337e+01 4.861519335522976348e+01 4.655111159883486494e+01 3.654573612393308935e+01
