output/example/elevation_average_000054.asc
nrows	75
cellsize	133.333333333
xllcorner	0
ncols	75
yllcorner	0
NODATA_value	-9999
[rows 34 to 50 of 75, columns 37 to 73 of 75]
2.584717034133213360e+02 2.310656117162480996e+02 2.960435537452238464e+02 2.744215543283597185e+02 1.848879445809033939e+02 1.891804186416050300e+02 2.844024347286108423e+02 2.940335459530552953e+02 2.980851228302054210e+02 2.624194630626726621e+02 3.059198879962680735e+02 3.098422509086920513e+02 2.208408925920112154e+02 3.154572316374375873e+02 3.589983009874808886e+02 3.809054045231117698e+02 3.635372925664549371e+02 4.553865363466554186e+02 4.812109760389922712e+02 4.453227588236222232e+02 3.780902511437498106e+02 4.679661367555614788e+02 4.496166575260623972e+02 3.890149363325865579e+02 4.803340930536289193e+02 5.529299696676500844e+02 5.445292178551216011e+02 4.937562466453526895e+02 4.540498026843864068e+02 3.797456080110889616e+02 4.700280361608865860e+02 4.986211370700622751e+02 4.281672392260589959e+02 4.435451001882903483e+02 5.338533661451637045e+02 5.446310529658159112e+02 6.073679947141624780e+02
3.296379747320711431e+02 3.026442423528677068e+02 3.325080868476762816e+02 2.407676380375906717e+02 2.801700915040965469e+02 2.105891556552420809e+02 2.178605818385752571e+02 3.125198183734723330e+02 3.806558573843023510e+02 3.562161385693894999e+02 3.940145830098049942e+02 3.535907922712978007e+02 3.124840393911920273e+02 2.267436653761133698e+02 3.212774493870957144e+02 2.875627514207585023e+02 3.809121069456986675e+02 4.506796216640471471e+02 4.267147297514483739e+02 3.550881332136664241e+02 3.425435304650957278e+02 4.221643507029364741e+02 3.576556045388390999e+02 4.495935605061378624e+02 5.164274764256653043e+02 5.321791555676506960e+02 4.805646831749509147e+02 4.172350796748571611e+02 3.649079782752437495e+02 4.567934879638701204e+02 5.081841752526313485e+02 5.548656818254204381e+02 4.962073423314687943e+02 5.027366264140893009e+02 4.790102006237954129e+02 5.686286443626846676e+02 6.041530981072100985e+02
3.557833522230041012e+02 3.833778309335065728e+02 3.728933206528482174e+02 2.962931354423656103e+02 3.268273631956059830e+02 2.333096365523011002e+02 3.122903653962472390e+02 2.487065561175436130e+02 3.426381082032655172e+02 4.141992832024861286e+02 4.668789026493913639e+02 3.902143416910690803e+02 2.975425563423063409e+02 3.202610128072914222e+02 2.326966037067930131e+02 3.271190409745698275e+02 3.266074350623078431e+02 4.054272020406841648e+02 3.695868642742647694e+02 2.960137995314829027e+02 3.126279573649497934e+02 3.298679568791167185e+02 4.223843453614339296e+02 4.495955874287864162e+02 5.396958412971914640e+02 4.678533396148685028e+02 4.045570651380127174e+02 3.513362434245478312e+02 4.434847266108054669e+02 4.028087978293539777e+02 4.676191356847679117e+02 5.574382696315473140e+02 5.841643990615160646e+02 5.917456620336381548e+02 5.398178138516715308e+02 5.196933811031271944e+02 5.854349409477736117e+02
3.193571218855865936e+02 3.830006248477337181e+02 4.257031193219425518e+02 3.894316924374152791e+02 3.276057430953463268e+02 3.276428307013079007e+02 2.707207579591285480e+02 3.427667257222260560e+02 2.832493124250254937e+02 3.374204354497206850e+02 4.295568558759100597e+02 4.282163178729544484e+02 3.884566554027071561e+02 3.225610494354663729e+02 3.271227121707541414e+02 2.387145982934443111e+02 3.330079687934855315e+02 3.512922793468230793e+02 2.760083341034446676e+02 3.695921768024784910e+02 4.052693639529922507e+02 4.217122720136595149e+02 4.047941580187590489e+02 4.957733497649683159e+02 4.554300495328636771e+02 4.181438029254717890e+02 3.382602300063355756e+02 4.306609319547567907e+02 4.267561671127260183e+02 4.938524695634435489e+02 4.487161495130646927e+02 4.863382580818728229e+02 5.499624964151507811e+02 6.380789134991910032e+02 6.281434634067367142e+02 5.817982162654928970e+02 5.833307137481501741e+02
2.511690230156727921e+02 3.451659586897461054e+02 4.018705508728676250e+02 4.404017947244028619e+02 4.200875387647466255e+02 3.382868764395144581e+02 3.643578547243258754e+02 3.208474566383471256e+02 3.766279748196636774e+02 3.275182396754765932e+02 3.973579871875732579e+02 4.877548079076416343e+02 4.523734073627034036e+02 3.794316479337308010e+02 2.887891602540979079e+02 3.330004249670826653e+02 2.447675552033321651e+02 2.575212319084629371e+02 3.514623305246602172e+02 3.409011946204101378e+02 4.038515419396423454e+02 4.948072649414002626e+02 4.957506370392696340e+02 4.840183584568491142e+02 3.935740967334620564e+02 3.254910566528072309e+02 4.180645674712358186e+02 4.678520502695824348e+02 5.173670631147120957e+02 5.538547705794559306e+02 5.389084004481313741e+02 5.739348750120519753e+02 5.757594789815750573e+02 6.633303041462405645e+02 6.532843479351263341e+02 6.693187430209515014e+02 6.706174513470873535e+02
3.451557726977503648e+02 2.807955391586538099e+02 3.102189784365257879e+02 4.031067713419720349e+02 4.677344245399334000e+02 4.053497442346600224e+02 4.476725922762566370e+02 3.605604882674085729e+02 4.497750638744157641e+02 3.973654050069866912e+02 3.912121098993512760e+02 4.822830513507517480e+02 4.439604890141023930e+02 3.522268154293424800e+02 3.804221669804010162e+02 3.213017128256917090e+02 3.389683135021999192e+02 2.512432856001621815e+02 3.181511369989809737e+02 4.109000109791452360e+02 4.703075718425427567e+02 5.036437229276651237e+02 4.676645512674562042e+02 4.366308089323969739e+02 3.991751331360202926e+02 3.166481603060132670e+02 4.094656467543818508e+02 4.414362941204952335e+02 4.423326984949838447e+02 5.326505005609429872e+02 5.464069088340526150e+02 5.827930344671465264e+02 5.808492705220446624e+02 6.140462063803269075e+02 5.659410762294727419e+02 6.202915435373975015e+02 6.561898349452205821e+02
3.981572014855672137e+02 3.139642458350973016e+02 4.004772417039912966e+02 3.654229997568209001e+02 4.572351968954777703e+02 4.962671245572103089e+02 4.894140459829996530e+02 4.524345275924286511e+02 4.894015369280658661e+02 4.877656582884090994e+02 4.823942343849745953e+02 5.186965953637823077e+02 4.814378027339215009e+02 4.247800621837271251e+02 4.512812600123145899e+02 4.131753248810547348e+02 3.496982187760199849e+02 2.558289775734156706e+02 3.497831995127887126e+02 3.924746135223912802e+02 4.210235174875238044e+02 4.584930077417271832e+02 3.759526520900691935e+02 3.890023416812626351e+02 3.061514562099467867e+02 3.991796587404445518e+02 3.361352002627155002e+02 3.501592109014656558e+02 4.423320823408707270e+02 4.763198053391652138e+02 4.565170492455631575e+02 5.109220474255997146e+02 4.915974835638947411e+02 5.510708232345490387e+02 5.008880859610599714e+02 5.331036750801121116e+02 5.710020852551130019e+02
4.399816352177241470e+02 3.564693226335027134e+02 4.399737853706483293e+02 4.335808284704716584e+02 4.571935887044496667e+02 5.471517338284407970e+02 5.510450354305161227e+02 5.140863204956593790e+02 5.008798566954507692e+02 5.097358695637393566e+02 5.460988829635339243e+02 5.518611376069630978e+02 5.334667887118447425e+02 4.879902135230244653e+02 4.014436037489231239e+02 3.414114120353723933e+02 2.965817950618401255e+02 3.497906022312826053e+02 2.623988263675432790e+02 3.562590973468989546e+02 3.286435033461823423e+02 4.049975892605196464e+02 3.813978990991020055e+02 2.957747255358774510e+02 3.889945252103337907e+02 4.362866151781793178e+02 4.285715740071312894e+02 4.420151621056560316e+02 3.712545358857859696e+02 3.867628514641431252e+02 4.033692912416213403e+02 4.213233251510300761e+02 4.404907893187054242e+02 4.618534233584985600e+02 5.142383266647734672e+02 6.031391955035692263e+02 6.561656427183147571e+02
4.826529527343760719e+02 4.147438074142663709e+02 4.795804223938565087e+02 5.191517378312227038e+02 5.377801794537390379e+02 5.009908112408563738e+02 4.964785910659175556e+02 4.242718433624287968e+02 4.102595938118112713e+02 4.192819707049043814e+02 4.914605233615458246e+02 4.629155717687233960e+02 5.092069303996161693e+02 5.139780035025046345e+02 4.710088337584321039e+02 3.978562663194818469e+02 3.436688085592469974e+02 3.507883057179735147e+02 3.562648576289681159e+02 2.689724493624693196e+02 2.736517563886393418e+02 3.673109012686419987e+02 2.880275777087036317e+02 3.813942157815533278e+02 3.076060863967453543e+02 4.005966055774043753e+02 4.473534838824037365e+02 4.992638765674824413e+02 4.630189353063938142e+02 4.411458491945100491e+02 4.941112829343913404e+02 5.117006552828084409e+02 5.303662562737936241e+02 5.276586226805102342e+02 5.879863621858866054e+02 6.388791006103591599e+02 6.711572602180428930e+02
5.193483215102247641e+02 4.795763806926640314e+02 4.986936635380503162e+02 4.803496903787562928e+02 5.001499362635225339e+02 4.107988135830498209e+02 4.060058968018012706e+02 4.348278926769926898e+02 3.466378927485258714e+02 3.659978335762860979e+02 4.318242100636846317e+02 3.966230574075770505e+02 4.873543488659582295e+02 5.608578135521938748e+02 5.183790137533202369e+02 4.732284251926035381e+02 4.029667641795596751e+02 4.368411590497491375e+02 3.918347247242226672e+02 3.039248399710317017e+02 3.672851105034602597e+02 2.802880851283053971e+02 3.738040089455151360e+02 4.189002706278474193e+02 4.006010292469957790e+02 3.194572059558722685e+02 4.122156498709773587e+02 4.586561802520143942e+02 5.090061190380905600e+02 5.293515777491960534e+02 5.678871228379903187e+02 5.675826838465449100e+02 6.001576104125958864e+02 6.154048114019094555e+02 6.443577947835553914e+02 6.086874192473229641e+02 5.837417059633445433e+02
5.379605607373588327e+02 4.776085706074781569e+02 4.581097913572185121e+02 3.931333012209663593e+02 4.552811041235514153e+02 4.281798739956000190e+02 3.414622586755068028e+02 3.854818418469499761e+02 3.108435742145864538e+02 3.249509963603658775e+02 3.402478206605633204e+02 4.318004734153323625e+02 4.759413491287935472e+02 4.719601189793637559e+02 5.362371771416453612e+02 5.219654687957648775e+02 4.905623480607291640e+02 4.356820374066572299e+02 3.655909363835791055e+02 3.969614506454685738e+02 3.093795627871969600e+02 3.738209249788764055e+02 2.945819323463661590e+02 3.878093584548759623e+02 4.393681678279136804e+02 4.121941845391354491e+02 3.314449767257049757e+02 4.239572426948818702e+02 4.184969700202885861e+02 5.092760019535630249e+02 5.051894026139222547e+02 4.780301506309575075e+02 5.675880656860472300e+02 6.067767430025860449e+02 5.708729269941868552e+02 5.199798199283713984e+02 5.711047077893022106e+02
4.503580637032613936e+02 4.562055805602693113e+02 3.821174665441020011e+02 3.337222252215966591e+02 4.176421004494281988e+02 3.945385833501895831e+02 3.698161469971650490e+02 2.924823850618952292e+02 3.854910973047108200e+02 4.168604779077603553e+02 4.320647546431428054e+02 3.650896503220645286e+02 3.867297032909540349e+02 4.099279863428518524e+02 4.944961584509903219e+02 5.705862713986036852e+02 5.542619388675225309e+02 4.944832045545070969e+02 4.574964536893547233e+02 4.223243993448427318e+02 3.306325938071205428e+02 4.193596957197705137e+02 3.878212798236114054e+02 3.089784045125451257e+02 4.015819655907868082e+02 4.610677864649406388e+02 4.239543318247760340e+02 3.436581582127362253e+02 4.359315339205326154e+02 4.570910956137843755e+02 4.143437817501813925e+02 5.051920721004163397e+02 5.741939413367775842e+02 5.392058764532645228e+02 4.813593282802021918e+02 5.708576596122437650e+02 6.443681691357467116e+02
4.628886925748647059e+02 4.584154981315265900e+02 3.837182255316915303e+02 2.927132948467370284e+02 3.815874975957177071e+02 3.548363593416464141e+02 2.765026160164376847e+02 3.676980706895876665e+02 3.430408814351035858e+02 4.350417518984270941e+02 4.933692710457381736e+02 4.204114750999447665e+02 4.252114138610388636e+02 5.000869744306933740e+02 4.526423573386664998e+02 5.420995508712488800e+02 5.341921328750464681e+02 4.748401582113230006e+02 4.134479975341453724e+02 3.650163442328060341e+02 4.232723971308128625e+02 4.604250198168448946e+02 4.119141921481053146e+02 3.193005091240607385e+02 4.118738438094670187e+02 4.641813825089077454e+02 4.730789997659099981e+02 4.359444347087685401e+02 3.562423204694171091e+02 3.653026629353771000e+02 4.571524924676119213e+02 5.040177303496531636e+02 5.107232528166792918e+02 4.490339966215944401e+02 5.392056142199489841e+02 6.068588070683661044e+02 6.338603510723955878e+02
4.310027896057486032e+02 3.924490292932375723e+02 3.304614903233443215e+02 2.627092411930931348e+02 3.400961372607795283e+02 2.612091861107845716e+02 3.510156892736407599e+02 3.551730117183291213e+02 4.343391072361092711e+02 4.086126706491187974e+02 4.993138322980094017e+02 4.886734694893602864e+02 4.900066399555393559e+02 5.142288871742711081e+02 5.240932719091032368e+02 5.250553704869955709e+02 5.551663429196894413e+02 5.072117079608756285e+02 4.650358139008685612e+02 3.976792682457563615e+02 4.843791341205899244e+02 4.802064932300445435e+02 3.889848806517421167e+02 4.120509111685797166e+02 3.345188407762045131e+02 4.269820234477610370e+02 4.808935087685684380e+02 4.853023795947451617e+02 4.217120089976592112e+02 4.571096123603775254e+02 3.788016477448276760e+02 4.703929229051998391e+02 4.199821245530184797e+02 5.107264482741281881e+02 5.688284431253928233e+02 5.456251739827256415e+02 6.337749026422576435e+02
3.952501400248684149e+02 3.068650695443761833e+02 3.107798744841524012e+02 2.359716436637997958e+02 2.462698943276140824e+02 3.378308207941283285e+02 3.925393434734581888e+02 4.458705428652155547e+02 4.839231054610214642e+02 4.992858157350864303e+02 5.357926857519152009e+02 5.749645525944408746e+02 5.788569045176391228e+02 6.026927537553144703e+02 6.066213825887235771e+02 6.127058581276733094e+02 5.705270372184878624e+02 5.659386100971803444e+02 5.192069841591151089e+02 4.393992535051407913e+02 5.079181431505809883e+02 5.006303526682120264e+02 4.611364316938158936e+02 3.715721258751395908e+02 4.269896548856481786e+02 3.516954752461176099e+02 4.438054232610379017e+02 4.983051029136067882e+02 5.124256424846876143e+02 5.072362342902108026e+02 4.703944995467317085e+02 3.926500178635156431e+02 4.839582900035583748e+02 5.206432039560922931e+02 4.814965379053251695e+02 5.681236601132216038e+02 5.632179588327019246e+02
3.420709002102560703e+02 3.039521292790624329e+02 2.224905795904241756e+02 3.168654093161005108e+02 3.399304552115284537e+02 3.780309614396069833e+02 4.198677410064238416e+02 4.576432287599310484e+02 5.098500164369228855e+02 4.731960956735921968e+02 5.038872971494454305e+02 5.583502309092049245e+02 5.631223525394126455e+02 5.720514029139324066e+02 6.079416730526539823e+02 5.983564976096399732e+02 6.206049533159041403e+02 5.518200934200840493e+02 4.947686363108902583e+02 5.079033906283430611e+02 5.447759863420726560e+02 4.997450503578635335e+02 4.127021712422394444e+02 4.633485691748480804e+02 4.726158331146133378e+02 4.438200256312105694e+02 3.696144964837860698e+02 4.613783807581694418e+02 5.176344015998178065e+02 5.686152170544628461e+02 5.206982162230758604e+02 4.575944601886910164e+02 4.092548876153852575e+02 4.306647238510732336e+02 4.594776212908789148e+02 4.899922896897047053e+02 5.535560768783951744e+02
2.939678374352909032e+02 2.093062934313410892e+02 2.204700849804671918e+02 2.317666885033549420e+02 3.259431309281032441e+02 3.530808479680045480e+02 3.281182678832165038e+02 4.200322502602501231e+02 4.256513783759882585e+02 3.819856326922738390e+02 4.339923548140847629e+02 5.231085122794333984e+02 4.744546874564938435e+02 4.829034196699996073e+02 5.329713911936344175e+02 5.096925273103350378e+02 5.983060617208741405e+02 6.010871472985035098e+02 5.769336965629745464e+02 5.842436698547418246e+02 5.648908413818473946e+02 4.796862156415155596e+02 4.583586260067878584e+02 5.377589374305495085e+02 5.078945715959508789e+02 4.202162591607463469e+02 4.610662140473997397e+02 3.895194809939298466e+02 4.419986324825204065e+02 5.322841906543384312e+02 5.837851231330713517e+02 5.368343185339604133e+02 5.001370734840746195e+02 4.297425222618194312e+02 5.203120298013739102e+02 5.777758596712029657e+02 5.793370910332849917e+02
