output/example/elevation_000046.asc
nrows	75
cellsize	13.33333333
xllcorner	0
ncols	75
yllcorner	0
NODATA_value	-9999
[rows 51 to 67 of 75, columns 0 to 36 of 75]
1.369999999999999864e-02 5.787202685931466029e+00 1.285826946410421812e+01 2.285813003982346103e+01 2.541979256399374520e+01 2.127768686062578851e+01 2.541979256399374520e+01 1.725703941511704187e+01 1.725703941511704187e+01 1.093253490973677167e+01 9.326977313073023801e-01 9.326977313073023801e-01 9.326977313073023801e-01 1.111635532635357970e+00 1.111143545992948134e+01 1.136459916024785066e+01 6.364676290446675821e+00 1.136459940996473250e+01 1.620047984489217496e+00 1.161971824617931048e+01 1.557366484056641909e+01 1.971342355849286321e+01 2.367718467859743470e+01 2.781883085413627654e+01 2.791373784823511528e+01 2.221997059921295659e+01 1.199318211977547577e+01 1.631553151766436116e+01 7.065314016629274718e+00 7.065314016629274718e+00 7.065314016629274718e+00 1.725561919920905751e+01 2.735127662973555829e+01 3.180383012648103147e+01 2.570959732718134916e+01 2.151393045979964569e+01 1.280831352914920807e+01
1.290000000000000001e-02 1.001289999999996283e+01 1.448914413880022956e+01 1.897875706461652712e+01 2.312075974365571795e+01 2.370099481030885258e+01 2.784292710128228165e+01 2.725698232989368108e+01 2.093246338008890106e+01 1.093253490973676989e+01 5.015073446562294812e+00 8.002696151378918543e+00 1.093253504307010537e+01 1.111143545992948134e+01 1.364875730589013347e+00 1.364875730589013347e+00 1.364875730589013347e+00 1.364875730589013347e+00 1.130728326818540808e+01 3.884461358918629870e+00 5.574691477108794757e+00 1.557384666747914359e+01 2.229501103921823102e+01 2.676961836693377350e+01 3.051518016589739091e+01 2.035566479198217138e+01 2.221997059921295659e+01 1.725561906587572381e+01 7.065314016629274718e+00 7.065314016629274718e+00 7.065314016629274718e+00 1.293033737267797356e+01 2.316406405277767888e+01 2.461183652840369263e+01 1.741984293032633602e+01 1.122911457707981597e+01 2.151393045979964569e+01
1.329999999999999932e-02 3.442516984851512474e-01 1.034447902953935916e+01 8.978526776898531736e+00 1.662977829554768405e+01 1.370078451265701069e+01 2.370099481030885258e+01 2.515408467328216702e+01 2.318198558615240756e+01 1.318012442053882971e+01 1.208611077072464646e+01 1.797299584023556562e+01 1.996387919703200708e+01 1.136459916024785066e+01 1.364875730589013347e+00 1.364875730589013347e+00 1.364875730589013347e+00 1.136459929358118437e+01 1.135972578098509445e+01 9.657798101109470679e+00 1.557350130420112144e+01 8.156627675490977225e+00 1.262866747916664067e+01 1.969909621551817480e+01 2.969703469640212745e+01 3.051518016589739091e+01 2.372456409230546726e+01 1.349626392133740538e+01 9.498932316738361692e+00 1.725561906587572381e+01 7.804575536047300588e+00 1.801077446814609928e+01 1.909213014487328763e+01 1.909213027820662134e+01 1.015064563060656333e+01 1.015064563060656333e+01 2.041128250548953815e+01
1.369999999999999864e-02 1.001347853793571829e+01 8.130608911309304965e-01 1.081360322376114524e+01 6.629322916800406418e+00 1.662977829554768405e+01 1.882936633166735163e+01 1.515382691400930071e+01 2.222490997977500626e+01 2.318198558615240756e+01 2.208699464991648753e+01 2.161351524220006581e+01 1.161029318429046775e+01 5.836823675653333154e+00 1.136459916024785066e+01 3.790093696169696713e+00 1.136459929358118437e+01 1.550668136367450245e+01 2.133935025833695676e+01 1.672932730323389450e+01 2.023560631217853611e+01 1.024173170036435820e+01 2.023918244900919206e+01 2.675335687543169882e+01 3.148454057395300154e+01 3.200682757150468660e+01 2.186316785184158462e+01 2.223433070813711154e+01 1.203131738060790568e+01 2.217219674016103781e+01 1.801077446814609928e+01 8.862026267098608301e+00 8.862026267098608301e+00 8.862026267098608301e+00 1.909213027820662134e+01 1.015064563060656333e+01 1.213709459889605569e+01
1.319999999999999993e-02 1.001319999999996213e+01 1.081360322375977390e+01 1.283436781339508004e+00 1.128431004712012253e+01 1.175792569161133905e+01 8.828839261545669004e+00 8.082275740131549924e+00 1.808283459808693650e+01 2.508301921876829965e+01 2.430950550620878658e+01 2.576034852582099788e+01 1.998361262267209781e+01 1.083675429878515750e+01 1.793199777027053798e+01 1.378991113239101196e+01 7.569638002956097900e+00 1.756950595186053476e+01 2.671153847984158602e+01 2.675629199035708794e+01 2.437906875617212421e+01 2.024012150108545072e+01 1.357499560728362376e+01 1.735454825614791474e+01 2.442434725634512560e+01 3.441743376181243974e+01 3.200682757150468660e+01 2.495658622643914981e+01 1.477083875769812593e+01 2.495658622643914981e+01 2.329725932685893852e+01 1.909213001153995393e+01 8.862026267098608301e+00 8.862026267098608301e+00 1.138587038912096006e+01 2.041128250548953815e+01 2.242985984554743339e+01
1.349999999999999985e-02 1.001349999999996321e+01 1.542648081489646650e+01 1.128431004712012253e+01 1.756742122275649187e+00 1.756742122275649187e+00 1.756742122275649187e+00 1.175792582494467275e+01 1.930931363465418116e+01 1.508266803007862400e+01 1.430912229643292477e+01 2.138028989651977696e+01 2.498619555315485741e+01 2.083955028981955593e+01 2.498619555315485741e+01 2.171159467297022161e+01 1.334305502923090891e+01 1.256956179427987230e+01 1.834299389857603657e+01 2.834289666146554865e+01 3.063981092403604833e+01 2.064537401735664801e+01 2.064540623506729489e+01 2.064537983852614644e+01 2.551760805301743673e+01 3.551074629256852688e+01 3.318320369040389295e+01 2.310769614251260151e+01 1.841153402252457028e+01 2.853619413934578475e+01 2.456942916975267011e+01 1.432234099174785058e+01 1.909213014487328763e+01 1.091648812182073414e+01 2.118899746785235649e+01 1.514912281466425981e+01 2.540626081245881807e+01
1.369999999999999864e-02 7.084767811865485321e+00 1.708476781186555371e+01 1.590013140495658206e+01 8.828838994879001589e+00 1.756742122275649187e+00 1.756742122275649187e+00 1.175792582494467275e+01 9.308657739874670156e+00 8.010978703088385444e+00 7.237397879505891751e+00 1.638002247110998155e+01 2.328600187151189260e+01 2.539468534990729864e+01 2.619424906383759222e+01 2.748503300560083318e+01 2.334294528002078906e+01 1.964054677244862290e+01 2.671153847984158602e+01 3.248498021886143050e+01 3.477366873042463880e+01 3.063982987664393320e+01 3.064331856201540916e+01 2.771400525226439626e+01 3.477793308344483592e+01 3.964953071027506581e+01 3.733600295732141916e+01 3.269120357606377780e+01 2.351000113919639389e+01 3.269120357606377780e+01 2.875064625569709875e+01 1.948240927825953506e+01 2.118899746785235649e+01 2.118899746785235649e+01 1.424870520563024456e+01 2.452213978140432360e+01 1.922256846030102295e+01
1.379999999999999977e-02 1.001310013333329607e+01 1.415523575706423109e+01 2.297142381503415365e+01 1.590013153828991221e+01 7.531181731180013550e+00 1.175792582494467275e+01 2.236335152108896551e+00 2.236335152108896551e+00 2.236335152108896551e+00 2.236335152108896551e+00 8.077560682187092667e+00 1.836055341155206833e+01 1.485408058217468152e+01 1.592711467416570592e+01 2.619424906383759222e+01 3.064050563318028964e+01 2.964044826848851955e+01 2.984182663164368776e+01 2.569979988711200747e+01 2.625087002763966026e+01 3.039287981863792254e+01 3.746390185827489461e+01 3.770552700608676844e+01 3.852137928271743306e+01 3.852137928271022815e+01 4.269789058731171139e+01 3.771256992564788391e+01 3.356238713949519337e+01 3.771256992564788391e+01 3.381961337612533214e+01 2.670621395989978808e+01 3.135338050012402178e+01 2.700393518748524713e+01 1.677123058704090397e+01 2.700393518748524713e+01 2.939700196464267634e+01
1.309999999999999880e-02 1.309999999999999880e-02 1.001310013333329607e+01 1.769076966299691733e+01 2.167385284178848082e+01 1.753176531685298301e+01 1.223778203514237006e+01 2.236335152108896551e+00 2.236335152108896551e+00 2.236335152108896551e+00 2.236335152108896551e+00 1.189554115482688523e+01 1.275842552945177388e+01 7.728617845372945716e+00 1.781116893874502338e+01 2.771122314493278438e+01 2.064007477112320998e+01 2.771122314493278438e+01 2.406806259671278880e+01 1.569905085083001062e+01 1.625015856515194201e+01 2.332185777900092560e+01 3.284803284623689734e+01 3.545843038757561061e+01 2.821897028948541220e+01 2.821897028948541220e+01 3.852137928271407930e+01 3.842248043535182944e+01 3.747797613767873059e+01 3.316223659019398440e+01 3.747797613767873059e+01 3.677894665510455496e+01 3.523736195911104829e+01 2.515351474658415398e+01 2.044776144130785056e+01 2.515351474658415398e+01 3.523736195911104829e+01
1.349999999999999985e-02 1.309999999999999880e-02 3.548634039266067575e+00 1.061970185113151643e+01 2.061970185113144538e+01 2.160358914509729189e+01 1.160307404643559614e+01 4.531208042033322947e+00 1.223778203514236296e+01 1.223778216847570377e+01 1.223778230180903748e+01 2.728911269536012263e+00 2.728911269536012263e+00 1.275842552944810215e+01 2.204408321678841176e+01 2.356913315583249613e+01 1.356814908187852176e+01 1.779506230857400695e+01 1.649541835565062797e+01 9.924480819581425806e+00 1.370493446183496111e+01 1.870563392357539456e+01 2.870608379216207595e+01 3.123647602104579235e+01 2.065194819808019133e+01 2.624688175486355846e+01 3.052293636546562894e+01 2.767745394475909748e+01 2.767745394475909748e+01 2.219267129932421057e+01 2.864465929632877206e+01 3.933336193717361340e+01 3.939082131846929258e+01 3.058962567383017728e+01 2.556247137483573084e+01 3.474529090177229307e+01 3.939082131846929258e+01
1.369999999999999864e-02 1.001310013333329607e+01 1.354863403926603027e+01 1.171359984854329639e+01 2.171359984854322533e+01 2.269750442221136311e+01 1.269703717045812574e+01 7.305125129160010999e+00 1.730586263073566045e+01 1.980221947856684395e+01 9.801412998713226798e+00 2.728911269536012263e+00 2.728911269536012263e+00 1.268787892245250681e+01 1.737305795677097109e+01 1.425895582505885706e+01 1.425895595839219077e+01 7.793443568856120329e+00 6.493655649436224309e+00 1.649541835565062797e+01 2.370585885786873348e+01 2.784793975600727478e+01 3.284803284623689734e+01 3.250629136712192491e+01 2.624688175486355846e+01 1.552309394363825312e+01 2.624688175486355846e+01 2.351190540590901890e+01 1.665644843679330833e+01 2.767745394475909748e+01 3.747797613767873059e+01 4.357206330547683848e+01 4.477795425575244082e+01 3.976754166728270690e+01 3.561677997282464503e+01 3.976754166728270690e+01 4.152951928487278366e+01
1.290000000000000001e-02 1.001289999999996283e+01 1.688246723926614123e+01 2.102460286299712067e+01 2.585573547227414792e+01 2.683949081530222358e+01 2.032115163168721494e+01 1.032056938104532762e+01 2.032115163168721494e+01 1.980221947871118360e+01 9.801412998713230351e+00 9.801412998713230351e+00 1.273058139939301014e+01 3.228860671160879825e+00 1.323072867191616453e+01 4.256656405503568052e+00 4.256656405503568052e+00 4.256656405503568052e+00 4.256656405503568052e+00 1.132965773040137769e+01 2.133090837910004112e+01 2.472681136772950339e+01 2.792618493280063419e+01 2.646251697016268523e+01 1.948681930796535156e+01 1.269247112616006312e+01 1.978937189638590155e+01 1.265894849541952816e+01 2.351190540590901890e+01 3.207380478582671657e+01 3.981045135572998817e+01 4.404743503213839517e+01 4.277547965611727676e+01 3.780445139861267023e+01 3.368631675221605093e+01 3.780445139861267023e+01 3.162392031876327536e+01
1.359999999999999924e-02 3.346933333333330207e+00 6.882467239266072845e+00 1.395353505113157055e+01 2.395353505113163806e+01 2.739237143614783676e+01 1.739215648615841303e+01 1.739215648615841303e+01 2.032115163168721139e+01 2.394433366415822562e+01 1.980221947871484645e+01 1.980221947870534649e+01 1.737305797589336009e+01 1.323072867191427093e+01 3.730397700866586064e+00 1.373245616227366739e+01 4.256656405503568052e+00 4.256656405503568052e+00 4.256656405503568052e+00 1.425895622505885818e+01 1.480269427938155502e+01 1.423105846486465964e+01 1.970431095939159150e+01 1.901230454090736188e+01 1.497109536939143837e+01 1.748276324680217542e+01 9.165079305437149770e+00 1.209048686561894925e+01 2.291379054189558673e+01 3.226449313386854101e+01 2.913885489727277545e+01 3.981045135572998817e+01 3.764536270932602235e+01 2.875221202976367607e+01 2.381810730731129055e+01 3.285953202312884969e+01 2.586845118876930272e+01
1.379999999999999977e-02 1.001379999999996251e+01 1.688246723926614123e+01 1.688246723926614123e+01 2.688246723926620874e+01 3.153425177591574879e+01 2.739237143614783676e+01 2.739237143614783676e+01 3.032125850859823757e+01 3.182824490713047538e+01 2.735603691765832934e+01 2.321399315543513353e+01 1.373245629560756420e+01 3.730397700866586064e+00 1.080320538562915011e+01 1.787482178775024266e+01 1.132965746373471028e+01 1.132965759706804398e+01 1.425895622505885818e+01 4.800111063227633146e+00 4.800111063227633146e+00 1.480269053386899891e+01 1.509782889777422099e+01 1.034230198528203104e+01 1.537094748427371371e+01 7.120158058277350932e+00 1.748276324680217542e+01 2.291379054189558673e+01 1.709256735366455615e+01 2.126001463341486186e+01 3.226449313386854101e+01 3.678229301796358897e+01 3.352632582550522500e+01 2.363840572919473004e+01 1.885419456361612944e+01 2.875221202976367607e+01 2.138843838893400928e+01
1.349999999999999985e-02 1.001349999999996321e+01 1.578710269189620874e+01 2.578710269189613769e+01 2.901623785858842552e+01 3.074613678480877255e+01 2.660398574469724409e+01 3.074613678480877255e+01 3.475751113946920867e+01 2.475735007292632872e+01 1.768588149397404763e+01 1.321316178125613661e+01 1.496357369345755650e+01 4.961928672708844523e+00 1.496357369345730604e+01 2.494643816154208338e+01 2.133090811243337370e+01 2.133090824576670741e+01 1.480269230692472249e+01 4.800111063227633146e+00 4.800111063227633146e+00 4.800111063227633146e+00 5.194718623333215213e+00 5.194718623333215213e+00 5.194718623333215213e+00 1.537094748511506204e+01 2.186604018381077097e+01 2.857384982226242798e+01 2.810519121670319009e+01 3.083136149576760943e+01 2.696072717206164526e+01 2.696072717206164526e+01 3.222866880240541576e+01 2.545287287438115698e+01 1.553872153372467224e+01 2.170567588757619859e+01 2.182940674837783845e+01
1.359999999999999924e-02 5.787102691896246043e+00 1.525267822362789971e+01 1.901623682189682185e+01 1.901623682189682185e+01 2.574613117687335517e+01 1.660398529944117030e+01 2.574613117687335517e+01 3.151964094276350892e+01 3.182824490713047538e+01 2.735603691765832934e+01 1.849955603397939896e+01 8.498286564482492977e+00 6.421016753352171591e+00 1.642242977755976696e+01 2.503673926698509433e+01 3.081009691157796127e+01 2.480385155613949522e+01 1.480269230692471538e+01 1.480269230692421090e+01 7.037183646387934921e+00 1.480269244029566522e+01 1.221224038934424350e+01 1.518234307286292228e+01 5.611293105510558377e+00 1.561949674178781500e+01 1.436925406604854416e+01 2.440816005359500807e+01 2.476214286810937537e+01 1.990114170373198732e+01 1.734801343831705367e+01 2.255799443081270184e+01 2.255799443081270184e+01 2.569412247143974781e+01 2.170567588757619504e+01 1.177668331235787491e+01 1.185105297243856270e+01
1.290000000000000001e-02 1.110542599896902960e+00 1.111054259989693449e+01 9.016236750319629678e+00 1.901623676893474979e+01 1.713184946750688553e+01 1.160398529944016666e+01 1.737748799135705013e+01 2.737748851805417516e+01 3.189583074487955017e+01 2.189554782147091316e+01 1.482384895756021059e+01 1.642243714784407516e+01 6.421016753352171591e+00 1.089397356997731414e+01 1.666831658435876662e+01 2.666883107281958232e+01 2.634927749808524666e+01 1.634845601090514577e+01 1.057373637273584244e+01 1.703921360472106272e+01 1.703921360472101654e+01 2.206428104578170846e+01 1.978020681855791096e+01 1.561949773618784754e+01 6.202493595511300306e+00 1.621142789231648607e+01 1.682468989835639306e+01 1.711260960004919696e+01 1.078994328519368828e+01 1.726803419780284088e+01 1.271142627658646163e+01 1.817109127539775670e+01 1.571572497289798243e+01 1.863833006817929316e+01 9.352467336819357158e+00 9.352467336819357158e+00
