output/example/elevation_000064.asc
nrows	75
cellsize	133.333333333
xllcorner	0
ncols	75
yllcorner	0
NODATA_value	-9999
[rows 51 to 67 of 75, columns 37 to 73 of 75]
1.789638993669020408e+02 2.789638993676476275e+02 3.010143839450794871e+02 3.127994969649813584e+02 2.298246275790891104e+02 2.422281010380100952e+02 3.422281010394787586e+02 3.748273221773739579e+02 3.219677742543800605e+02 4.077161309580246211e+02 4.256766611613607552e+02 4.445748848126760890e+02 4.023099117271233922e+02 4.946483362945488125e+02 4.417887883656144368e+02 5.124994664843371766e+02 6.124994665360284216e+02 6.082181666704922236e+02 5.667968092758624152e+02 5.930180137049328550e+02 5.996733373410394279e+02 5.582519810765811599e+02 4.952763298767923175e+02 5.689241402179914076e+02 4.689241402178778344e+02 4.982134620992544569e+02 4.825499104705233435e+02 3.825499104704996398e+02 4.825499104705233435e+02 5.102849202817945411e+02 6.102849202824779695e+02 5.433214049283305940e+02 4.433214049282838118e+02 5.099880715949805676e+02 4.424323558211029876e+02 5.424323558211490308e+02 5.777876948805023858e+02
2.789638993676476275e+02 2.181871263945393764e+02 3.181871263957659153e+02 3.712459839901414966e+02 3.005353056977457982e+02 3.422281010394787586e+02 2.609598172696444749e+02 2.748273221752755830e+02 2.910494642883522829e+02 3.077161309550193664e+02 3.256766611576973105e+02 3.445748848081591973e+02 3.688284473117931270e+02 3.946483362865099593e+02 4.946483362945488125e+02 5.832101455155736858e+02 5.602993825470045977e+02 5.188780255415765623e+02 4.667968092485143643e+02 4.930180136517049618e+02 5.637286925900335746e+02 6.366976861497151958e+02 5.952763298769278890e+02 6.103454964850209308e+02 5.689241402179914076e+02 5.325499104705484115e+02 4.325499104705010041e+02 4.825499104705233435e+02 4.102849202817618561e+02 5.102849202817945411e+02 5.841505607651890841e+02 5.683214049283465101e+02 4.683214049282844940e+02 5.683214049283465101e+02 5.424323558211490308e+02 4.777876948804313315e+02 5.777876948805023858e+02
3.596084827966547550e+02 3.181871263957659153e+02 2.653275784736438254e+02 3.653275784759642875e+02 4.005353057021329732e+02 4.023811737264762201e+02 3.186948441886086698e+02 3.325623490942397780e+02 3.910494642908565766e+02 3.654511578739835613e+02 4.256766611613607552e+02 4.023099117271233922e+02 4.688284473177563996e+02 4.653590144051873949e+02 5.360696931322531782e+02 5.220816025304745835e+02 5.025643553086646875e+02 4.188780255273867397e+02 4.090617823295501694e+02 4.223073355329181595e+02 5.223073355486402534e+02 5.911636673138658580e+02 5.911636673138658580e+02 6.325850250064767124e+02 6.032605885893187860e+02 5.032605885891577486e+02 5.032605885891576918e+02 5.517062765344553554e+02 4.809955984004185439e+02 4.427292045079152558e+02 5.427292045079635727e+02 6.097427611894697748e+02 5.683214049283465101e+02 5.109615481994077868e+02 6.109615481995160735e+02 5.777876948805023858e+02 5.204278381515557612e+02
3.759068622872273409e+02 4.067489349581621241e+02 3.230626053926080203e+02 3.469772365664913991e+02 4.469772365787282524e+02 4.601162007968882790e+02 4.186948441928843749e+02 4.325623490992038569e+02 4.739837057428509866e+02 4.654511578810941614e+02 5.068725146379547368e+02 5.023099117378099550e+02 5.437312686607622254e+02 5.653590144325567053e+02 4.927922810816886567e+02 4.220816025095828650e+02 4.578429956122754447e+02 3.611429986084225447e+02 3.590617823295488051e+02 4.590617823353289850e+02 5.403018547647474179e+02 4.911636672714577116e+02 4.911636672714577116e+02 5.911636673138658580e+02 6.446819448647295303e+02 6.032605885893187860e+02 6.032605885893186723e+02 6.224169546684964871e+02 5.427292045079635727e+02 4.805256518088390294e+02 4.961814528904016584e+02 5.961814528905056250e+02 6.442948815329053787e+02 5.442948815327429202e+02 6.442948815329053787e+02 6.618491944260792934e+02 5.781628650705215478e+02
4.173282188304695524e+02 4.644839620476745381e+02 4.230626053980975030e+02 4.469772365787282524e+02 4.299393237102021885e+02 4.299393237102021885e+02 4.713606803960126967e+02 4.465284019562222397e+02 4.051070453921744274e+02 4.290216765710044911e+02 4.704430332623004460e+02 4.850608122619553910e+02 5.264821691584172640e+02 4.687815995977605326e+02 4.273602429653522563e+02 3.513709243909071347e+02 4.164216390617409616e+02 3.164216390584255123e+02 4.153018546982364683e+02 4.403018546993265545e+02 4.403018546993265545e+02 4.204529891527477616e+02 5.204529891652236984e+02 5.599844348605224695e+02 5.849844348693474103e+02 5.959234148626024989e+02 6.373447726578281163e+02 6.841505608132707721e+02 6.213504808553589100e+02 5.213504808552276018e+02 5.961814528905056250e+02 5.668921310090603356e+02 6.668921310094145838e+02 6.150055596514016543e+02 6.150055596514016543e+02 7.150055596519553092e+02 6.488735431891802818e+02
4.777833159779656285e+02 4.122815595029520637e+02 3.708602030092745849e+02 3.799393237063488868e+02 3.299393237024984273e+02 3.299393237024984273e+02 4.299393237102021885e+02 3.887933749022278107e+02 3.051070453881569051e+02 3.290216765620135106e+02 4.143501341340472663e+02 3.850608122488695813e+02 4.850608122619553910e+02 4.273602429653522563e+02 3.273602429595654826e+02 3.013709243909057705e+02 3.713937604583892949e+02 2.934800656713687204e+02 3.153018546949685401e+02 3.403018546949692222e+02 3.704529891527463974e+02 4.704529891589844510e+02 5.306951135138943982e+02 4.599844348340368470e+02 4.849844348340499209e+02 4.959234148085957372e+02 5.854035373746331743e+02 6.268248948042572692e+02 6.627718371308404812e+02 5.920611589738863358e+02 6.627718371308404812e+02 6.668921310094145838e+02 7.083134873105593670e+02 7.150055596519553092e+02 7.150055596519553092e+02 7.564269159781590588e+02 7.488735431901801576e+02
4.363619592799457223e+02 3.545465324781574736e+02 2.708602030064110977e+02 2.799393237024940504e+02 2.592286455838387269e+02 3.592286455860999581e+02 3.554600415227610029e+02 3.140386851369909209e+02 2.473720184691927102e+02 2.789947950708773874e+02 3.143501341302057313e+02 4.143501341340472663e+02 4.317762266407553398e+02 3.791726976014157913e+02 3.377513411918234283e+02 2.566495648409087380e+02 2.713937604563988089e+02 3.713937604583892949e+02 3.730368816139327350e+02 4.403018546993265545e+02 4.704529891589844510e+02 4.990723367867160505e+02 4.576509801189947098e+02 3.892737567153591840e+02 4.142737567153598661e+02 4.476070900486940900e+02 4.854035373496178636e+02 5.561142154684165462e+02 6.561142155533345885e+02 6.920611589743343757e+02 6.463871540821725148e+02 6.049657963969696084e+02 6.463871540821725148e+02 6.843305620732093075e+02 6.429092039828999532e+02 6.843305620732093075e+02 7.343305643099770350e+02
3.399074908929818548e+02 2.984861345133838313e+02 2.131251760874469028e+02 2.092286455838373627e+02 3.092286455849680920e+02 3.259716502605890582e+02 2.845502939056771083e+02 2.140386851358589126e+02 3.140386851369909209e+02 3.789947950733607058e+02 4.143501341340472663e+02 4.144988580921292396e+02 3.610655483706769928e+02 2.903548701005996691e+02 2.377513411904469081e+02 3.377513411918234283e+02 3.713937604583892949e+02 4.128151169174832944e+02 4.730368816216644063e+02 5.144582383811543878e+02 4.702048232382904871e+02 4.287834666579767600e+02 3.576509801136745068e+02 4.576509801189947098e+02 5.142737567257337332e+02 5.476070900642548622e+02 5.854035373746331743e+02 6.268248948042572692e+02 6.181029056395561838e+02 6.049657964967366297e+02 5.963871535576570295e+02 5.049657963613109928e+02 5.963871535576570295e+02 6.343305614006934547e+02 5.429092039337430151e+02 5.929092039583190399e+02 6.790519215193712625e+02
2.821724639154556371e+02 1.984861345122233161e+02 1.684038165374504956e+02 2.489858644911191163e+02 2.531525311578090225e+02 2.573337412078689113e+02 1.845502939048790836e+02 2.845502939056771083e+02 3.554600415227610029e+02 3.344594108250518047e+02 3.758807672464639040e+02 3.437881798405502423e+02 2.730775015889722681e+02 2.196441919819429813e+02 3.196441919830701295e+02 3.791726976014157913e+02 4.657561600589909858e+02 4.633522225384208468e+02 4.219308659490121727e+02 4.448047977759670175e+02 4.033834412569765959e+02 3.287834666541924094e+02 3.865184935731566043e+02 4.865184935821095564e+02 5.544634414399163234e+02 5.130420845212756831e+02 5.544634414399165507e+02 5.856586213832074463e+02 5.181029055464887279e+02 5.049657963702234156e+02 5.049657963702234156e+02 4.549657963613096285e+02 5.549657963791396469e+02 5.536859769210409468e+02 4.929092039337402866e+02 5.376305634837385696e+02 5.953655904027141332e+02
2.350015118479614671e+02 1.407511075932599454e+02 1.448335904978985980e+02 1.489858644905856409e+02 1.531525311572523549e+02 1.573337412072878578e+02 2.573337412078689113e+02 2.678376597630783067e+02 2.722744423101889311e+02 2.344594108233747818e+02 2.812054910546357860e+02 2.857001568044256601e+02 2.023668234703155520e+02 3.023668234712476988e+02 3.610655483706769928e+02 3.657561600211685686e+02 3.657561600211685686e+02 4.056171954739544958e+02 3.219308659447046352e+02 3.798132152167590903e+02 3.033834412541536381e+02 4.033834412569765959e+02 4.702048232382904871e+02 5.279398503965027203e+02 5.044634411951462312e+02 4.130420845102950125e+02 5.044634411951461175e+02 4.856586213197874144e+02 4.473922274266399199e+02 4.657425693390887886e+02 4.049657963613082643e+02 5.049657963702234156e+02 5.203526435827271825e+02 4.536859769061023826e+02 5.243966550248150043e+02 6.243966550756200604e+02 6.689261544649398274e+02
1.350015118474992164e+02 2.350015118479614671e+02 2.448335904984099898e+02 2.196965426092413622e+02 2.238632092759080763e+02 2.573337412078689113e+02 1.634139202103927460e+02 1.678376597624308886e+02 1.722744423095114996e+02 1.767243839044114111e+02 1.812054910538936667e+02 1.857001568036486674e+02 2.857001568044256601e+02 2.975476901463093213e+02 3.025106068162100428e+02 2.657561600186555211e+02 3.657561600211685686e+02 3.433443976214732061e+02 2.641958390257404403e+02 2.798132152146014278e+02 3.798132152167590903e+02 4.448047977759670175e+02 4.724196670356447498e+02 5.138410238329558979e+02 4.630420845157840404e+02 3.630420845102936482e+02 4.630420845157840404e+02 4.149479432004082469e+02 4.332982851111775062e+02 3.657425693336703603e+02 4.657425693390887886e+02 4.902015091219470833e+02 4.203526435727681587e+02 5.203526435827271825e+02 5.951073340320137959e+02 5.982154762833279165e+02 5.689261543759043889e+02
2.293218935054645158e+02 1.884537602299848515e+02 2.884537602309781050e+02 3.196965426110612611e+02 3.238632092778070160e+02 2.819834540288576932e+02 1.819834540280981798e+02 2.678376597630783067e+02 2.722744423101889311e+02 2.344594108233747818e+02 2.812054910546357860e+02 2.857001568044256601e+02 1.926090421621834423e+02 1.975476901454314600e+02 2.025106068152861951e+02 3.025106068162100428e+02 3.233443976211848963e+02 2.433443976200323959e+02 3.433443976214732061e+02 3.798132152167590903e+02 4.212345716889971072e+02 4.017089889100639084e+02 3.724196670258498330e+02 4.724196670356447498e+02 4.297087511806197995e+02 3.297087511769594244e+02 4.091801212085052839e+02 4.189391219382966369e+02 3.332982851075169606e+02 4.332982851111775062e+02 4.619172378725170347e+02 3.902015091149909836e+02 4.902015091219470833e+02 5.617740004892349361e+02 5.510750241918598249e+02 4.982154762571011020e+02 5.689261543759042752e+02
2.707432498205022853e+02 2.884537602309781050e+02 2.591644383486415677e+02 3.591644383520269912e+02 3.526941321493451369e+02 2.526941321467539012e+02 2.819834540288576932e+02 2.121345884858749571e+02 3.121345884869625138e+02 3.344594108250518047e+02 3.758807672464639040e+02 3.279643812228024444e+02 2.279643812215113030e+02 2.682583682640881761e+02 3.025106068162100428e+02 2.096083412251630591e+02 2.233443976200321401e+02 3.233443976211848963e+02 3.847657540371502023e+02 3.445263259092565136e+02 3.526642104970950982e+02 3.017089889071897346e+02 3.693357024099453838e+02 3.779106316672454682e+02 3.866476722340501624e+02 2.995576167191822492e+02 3.091801212056762438e+02 3.189391219351618361e+02 4.189391219382966369e+02 3.499649517741840441e+02 3.619172378675282857e+02 4.619172378725170347e+02 5.006702097568486352e+02 5.186307399612084055e+02 4.510750241779966245e+02 5.510750241918598249e+02 6.396368337749288457e+02
2.531534304870992003e+02 3.270190710730103092e+02 3.591644383520269912e+02 4.005857948477815285e+02 3.941154886140864164e+02 3.526941321493451369e+02 2.828452666045316732e+02 3.121345884869625138e+02 2.486494256528865492e+02 3.486494256545998383e+02 3.912099344283928986e+02 2.912099344248806574e+02 3.279643812228024444e+02 3.682583682670824601e+02 3.096083412261575063e+02 3.096083412261575063e+02 2.172779911136368867e+02 3.172779911147140410e+02 3.330930868995918672e+02 2.445263259078224962e+02 2.526642104955342063e+02 2.608841598608022991e+02 2.693357024080876840e+02 2.779106316652133160e+02 2.866476722318238899e+02 3.866476722340501624e+02 4.091801212085052839e+02 3.896498000538219912e+02 4.005887800280322608e+02 4.499649517785765056e+02 4.619172378725170347e+02 3.840035430824981972e+02 4.006702097491652808e+02 4.186307399518432248e+02 5.186307399612084055e+02 5.045272725604830271e+02 5.545272725604858124e+02
1.855977147126688465e+02 2.855977147135326391e+02 3.642189910623253581e+02 4.056403475333369784e+02 4.633753746151497239e+02 4.242666231342508354e+02 3.535559447232139973e+02 3.900707820872564753e+02 3.063844525718507157e+02 2.957898777319909982e+02 3.957898777352319826e+02 3.912099344283928986e+02 3.912099344283928986e+02 4.510296979359615648e+02 3.644184431947790017e+02 2.644184431927413357e+02 3.172779911147140410e+02 2.250866792080672951e+02 2.330930868983217579e+02 3.330930868995918672e+02 3.526642104970950982e+02 3.608841598625029405e+02 3.400463805267448265e+02 3.356456585841775109e+02 3.866476722340501624e+02 3.400999206143102924e+02 4.400999206190937230e+02 4.896498000645065076e+02 5.005887800445818243e+02 5.420101369990111380e+02 5.254248998264143893e+02 4.417385700014623922e+02 4.584052366681294757e+02 5.186307399612084055e+02 4.686307399518445891e+02 5.393414180705906347e+02 6.045272725902651700e+02
2.855977147135326391e+02 2.233941620135920800e+02 2.642189910599794871e+02 3.219540179789436820e+02 4.219540179844939303e+02 4.894616471621104665e+02 4.535559447357819067e+02 4.478058091421721087e+02 4.063844525759038220e+02 3.665005558506534271e+02 3.590354309353603526e+02 4.590354309441754594e+02 4.912099344796960736e+02 4.221534701165261936e+02 3.221534701117055306e+02 3.644184431947790017e+02 2.957973573267240113e+02 3.250866792092355695e+02 2.360631052070364717e+02 3.360631052083488157e+02 3.887353406373402436e+02 4.403968813274696004e+02 4.400463805330791160e+02 4.356456585889852136e+02 4.770670152092373542e+02 4.108105987329782920e+02 4.217495787072680287e+02 5.217495787323244940e+02 5.809360421185924679e+02 6.102253641092789849e+02 5.831599270948847789e+02 5.417385700166106517e+02 5.584052366863076031e+02 5.998265938759236633e+02 5.186307399518473176e+02 6.100520972067656658e+02 6.807627763429403558e+02
3.648155184188086650e+02 2.811291889325562465e+02 3.050438201064031318e+02 4.050438201137591250e+02 4.601723256177814392e+02 3.894616471478332187e+02 4.187509690333600361e+02 5.187509690951171706e+02 5.030591900873674263e+02 4.665005558616928738e+02 4.590354309441754594e+02 4.590354309441754594e+02 5.590354310617353804e+02 4.635748267225941390e+02 3.798884970306697255e+02 4.372187138760119751e+02 3.665080354454079838e+02 2.993086584104058261e+02 3.360631052083488157e+02 2.473139842162968591e+02 3.473139842177755554e+02 3.403968813186152147e+02 4.403968813274696004e+02 5.121208662973601804e+02 5.225356504851572481e+02 5.108105987492643862e+02 5.217495787323244940e+02 5.516467208462509006e+02 4.809360420869471113e+02 5.102253639775611873e+02 5.452449039093434067e+02 5.452449039093434067e+02 6.452449041318607215e+02 6.600520977633168513e+02 6.186307399893081538e+02 6.600520977633170787e+02 7.037828726524112426e+02
