output/example/elevation_000175.asc
nrows	75
cellsize	13.33333333
xllcorner	0
ncols	75
yllcorner	0
NODATA_value	-9999
[rows 34 to 50 of 75, columns 0 to 36 of 75]
4.159999999999999636e-03 1.000415999999996330e+01 1.259526274743855545e+01 1.393746314450775436e+01 6.269123747830465554e+00 7.990536143098257327e+00 9.816473347610459754e+00 1.181169070956395295e+01 1.404117390489894390e+01 1.692221400116616081e+01 2.045480537129474641e+01 2.752431868084239852e+01 3.751881884760049957e+01 3.490176935170856609e+01 2.434293005687670686e+01 1.828159526581665517e+01 1.828159526581665517e+01 2.489267490858517462e+01 2.782464231118128595e+01 2.350925081287076068e+01 1.539669786565262122e+01 1.539669786565262122e+01 2.271269667771614564e+01 3.319196455142006386e+01 3.239283517103193333e+01 4.079866630906401781e+01 3.955844044735565035e+01 4.369671456229090722e+01 3.635723479516015999e+01 2.940588501927687659e+01 2.415419542940878017e+01 1.403548698969872888e+01 2.242539085457352854e+01 2.671973527111411784e+01 2.775735627215079759e+01 2.352753341371174756e+01 1.502942315959210084e+01
3.329999999999999627e-04 1.280708386735308846e+00 2.573825658893458712e+00 3.929393668443339482e+00 1.392979374339036447e+01 1.795520049918000893e+01 1.979998446070868567e+01 1.757406399456697699e+01 2.403192093765533244e+01 2.219778667474195544e+01 3.045165196233013916e+01 3.459009150830838308e+01 3.158662647065023776e+01 3.576902818481569568e+01 3.313454575115024880e+01 2.880556475410422124e+01 2.489266638792303965e+01 1.445562915540971538e+01 2.136156901992834278e+01 1.312419745991475217e+01 2.350925114415597861e+01 2.308107476753177778e+01 3.010402537769940423e+01 3.086427747957388590e+01 2.662787249537220546e+01 3.665139294889389276e+01 2.951030925954325568e+01 3.790513610700506320e+01 3.498976616909532567e+01 2.070126100599281571e+01 1.403548698969872888e+01 2.242559630333406417e+01 1.244459424700436934e+01 2.077943838221915840e+01 2.188724239002902650e+01 1.352735582963933147e+01 1.394215413349202315e+01
1.129999999999999928e-03 1.000112999999996255e+01 6.938207811597285612e+00 1.263993587782584704e+01 7.725339274204851669e+00 1.771864095517499749e+01 2.576984379643632650e+01 2.756782001183627528e+01 3.170670093387353816e+01 3.219288252739151801e+01 3.633108688886936477e+01 2.988853001887565952e+01 2.136480824497000341e+01 2.988853001887565952e+01 3.645245963458090444e+01 3.472219040032587856e+01 2.429892204344903561e+01 1.696471259718384772e+01 1.100995733741553195e+01 2.136156997628789256e+01 2.782317641648362283e+01 3.456435324615302562e+01 3.086432177404194022e+01 2.095833148945513003e+01 2.619460281526229295e+01 2.800470830185815529e+01 2.379309782757835023e+01 3.375708230982626645e+01 3.954328982361796108e+01 3.160795478732635644e+01 2.645068833089965921e+01 2.672047712084517457e+01 2.077943838221915840e+01 1.094502867024494286e+01 1.199024936140446940e+01 2.188703489202742603e+01 2.755456840325911116e+01
3.329999999999999627e-04 8.761917866194689708e+00 1.610842626995711413e+01 2.029860082553043199e+01 1.771866518221531095e+01 1.198848817093244890e+01 1.576186164389172717e+01 2.283339361229839071e+01 3.287724038865481191e+01 3.583016032563291020e+01 3.162636586331650079e+01 2.568505696644632863e+01 1.556104013791088647e+01 2.187921464778132830e+01 3.196190121436054454e+01 3.387019941845078819e+01 2.352423153865349192e+01 2.010253512859350167e+01 9.847331595690198114e+00 1.837546245949478418e+01 2.506708827466406575e+01 2.926535328226166399e+01 3.399173100172919959e+01 2.619460281526223611e+01 1.641939002037013751e+01 1.817880881148747108e+01 2.800204783500403138e+01 2.910832399881256904e+01 3.832776442154954566e+01 4.060474910029684281e+01 3.546493707368232151e+01 3.122875320182078340e+01 2.505060705947116517e+01 2.076180198829551671e+01 1.094502867024494286e+01 1.969691158085457161e+01 2.391506138822060379e+01
4.329999999999999539e-04 1.000043299999996194e+01 1.544664640025042779e+01 1.860892406041885039e+01 2.275105968414770174e+01 2.197915436046470106e+01 2.197915436046469750e+01 2.393142221769721090e+01 3.397889716676699123e+01 3.162636586331650079e+01 2.141610426290463920e+01 2.186706158362004970e+01 1.193750383523338243e+01 1.756584297776838710e+01 2.774263546644371914e+01 3.088137162030335148e+01 2.048860983703627525e+01 1.320275262558567775e+01 8.728783035115657896e+00 8.728783035115657896e+00 2.161335277564115742e+01 1.987444192627439321e+01 2.504341304147369485e+01 2.093427145464328021e+01 1.366311678719446476e+01 1.688359855619953720e+01 2.021799726760606220e+01 2.562490793434945857e+01 3.546086994840432993e+01 3.639034577977377438e+01 2.606716534812365893e+01 2.093157762045539627e+01 1.757906439239381058e+01 1.463528925738228104e+01 1.969634525810550585e+01 9.974773043025596309e+00 1.865787443307286253e+01
5.329999999999999452e-04 2.673145419124245414e+00 5.446646400250394926e+00 8.608924060418784663e+00 1.567999187228428326e+01 2.567999187228435076e+01 3.198069271982859973e+01 3.397889716676699123e+01 3.297664681471604098e+01 3.162636586331650079e+01 2.141610426290464275e+01 1.436090905348768665e+01 1.193750383523338243e+01 2.186013393383079517e+01 2.919409358759218875e+01 3.101673807800019844e+01 2.093204164811805157e+01 1.373675817297083768e+01 8.728783035115657896e+00 1.729754883015062816e+01 1.829531846516151816e+01 1.370269876837295797e+01 1.889137711226328165e+01 1.119832424984518759e+01 2.093428313038067756e+01 2.582562453802128033e+01 2.975450909387678777e+01 3.389120943337050562e+01 3.959411387969576879e+01 4.060474910029684281e+01 3.546493707368232151e+01 3.122860671511909914e+01 2.779568516931050226e+01 2.471328805496338532e+01 2.379121055284560526e+01 1.864786414638004786e+01 9.032544876826847258e+00
3.709999999999999756e-03 1.000370999999996258e+01 1.544664640025042779e+01 1.860892406041885039e+01 1.567999187228428326e+01 2.567999187228435076e+01 3.147410172313865573e+01 2.733851541087367920e+01 2.320984910281950064e+01 2.761118128397829352e+01 2.862313229426877115e+01 1.938376485073216671e+01 9.705173030045429527e+00 1.512512222394698647e+01 2.508085852824297746e+01 2.766907367858427591e+01 2.803713894852681676e+01 2.300694512637176814e+01 1.729754882978079067e+01 7.280075553426656576e+00 6.198205179339551840e+00 1.640726329513823600e+01 9.169179397347598126e+00 1.889139480351764533e+01 1.119832424984518759e+01 1.559741070642719230e+01 2.461649159553807920e+01 3.582569948385162206e+01 3.915592599105364258e+01 3.492441965916142976e+01 3.452356764847706927e+01 3.151642718198158022e+01 2.879959099644716503e+01 2.453300272179546937e+01 2.107914425652942114e+01 1.705862627649015195e+01 8.364312451648151736e+00
6.660000000000000121e-03 4.478795954999571727e+00 1.025229864689580772e+01 2.025229864689573844e+01 2.567999187228435076e+01 2.982212749602022583e+01 2.733851541087367920e+01 1.772873644457568076e+01 1.649687645608403130e+01 1.799958213606288027e+01 2.486307327264741573e+01 1.758231510159111366e+01 8.133201681234417890e+00 1.521985568151672474e+01 1.928012408291369084e+01 1.763635471143539490e+01 2.766907367858427591e+01 2.727565360716326381e+01 1.715220560491345481e+01 1.606696792897806247e+01 6.198205179339551840e+00 7.181661593794272491e+00 1.697385478630643618e+01 2.299542152648643878e+01 2.311729567066391766e+01 2.750870160988951341e+01 2.583283953442649405e+01 3.676670777792085687e+01 3.492441965916142976e+01 2.473176155976712209e+01 2.438209613671002529e+01 2.141988790096644735e+01 2.182273938497169397e+01 1.459883141187886757e+01 1.641208652805169166e+01 7.519370188806687949e+00 1.655807643260867223e+01
1.030000000000000013e-02 1.001029999999996356e+01 1.862093157873042415e+01 2.439443427062665748e+01 2.042604642434864459e+01 2.457169510757972830e+01 2.390755308009232394e+01 2.054337553810051631e+01 1.097595897056676506e+01 1.124989872112368161e+01 2.005309765698997992e+01 2.174243370683159426e+01 1.521977943107647668e+01 5.967208089809560079e+00 9.712680383436529397e+00 1.947719235972956398e+01 2.431661972427096430e+01 2.831132516994409798e+01 1.936730616618957157e+01 1.107760398816154535e+01 5.072157753663322666e+00 1.498861528203448046e+01 2.096904706083791581e+01 2.675910107882495836e+01 3.074482223644856660e+01 3.597440809430242581e+01 3.676666154288542288e+01 3.442883333829924908e+01 3.492441965916142266e+01 2.473176155976711854e+01 1.771204441260262641e+01 1.450381214887271675e+01 1.208705339165606141e+01 1.641060388744554288e+01 6.901639391575407956e+00 6.901639391575407956e+00 6.901639391575407956e+00
1.349999999999999985e-02 7.084567811865484899e+00 1.708456781186555062e+01 1.725078101759313398e+01 1.042543966516442566e+01 1.879502603455214071e+01 1.468091424757751540e+01 1.663439429965570326e+01 1.260962767511105476e+01 6.346814091286900883e+00 1.603090415574463634e+01 1.795515452877589269e+01 1.299430606927442788e+01 4.389692135262908579e+00 1.093182833884964289e+01 2.047029732666659285e+01 1.490348799648149125e+01 2.283770265423131107e+01 1.583368815542562658e+01 3.737181962209851438e+00 6.437546062162268434e+00 1.496700308054239592e+01 2.141108852133067586e+01 1.733596537105463753e+01 2.272409257160733631e+01 3.205083891972271459e+01 3.086078665494494544e+01 2.315618984548809678e+01 3.087576552369111482e+01 3.194384377541040365e+01 2.771712199876373006e+01 2.438209613659740427e+01 1.848406920157171385e+01 8.953224134082521601e+00 6.901639391575407956e+00 1.641117229233203290e+01 1.763706450273375026e+01
1.339999999999999872e-02 1.001339999999996344e+01 1.017980990464848823e+01 7.250917959080249275e+00 4.652025237302965799e+00 1.017981030464848757e+01 8.094005029286876152e+00 1.249970956642555997e+01 2.820331790700300267e+00 1.056904495101647434e+01 1.260321144291369500e+01 1.042481276780553934e+01 6.324282003203691715e+00 2.676115745589911832e+00 1.121029553412469326e+01 1.481855078355189903e+01 9.473144007587828597e+00 1.859019524671816015e+01 1.322585258055220692e+01 2.833122871149528876e+00 1.322569484906663462e+01 9.686599699457461909e+00 1.218102466801680528e+01 2.141321458703162506e+01 2.488146830252972208e+01 2.992306104864714911e+01 2.605336833151510945e+01 1.589283040841009687e+01 2.605348259869946048e+01 3.490046036138880226e+01 2.450294539844444230e+01 2.450294539725791410e+01 2.263550850209424681e+01 1.583870182269723159e+01 6.322329922222884591e+00 1.537923513682055265e+01 2.164817812902576932e+01
1.369999999999999864e-02 1.799517391370652475e-01 1.799517391370652475e-01 1.799517391370652475e-01 1.799517391370652475e-01 1.799517391370652475e-01 8.722563787269393742e+00 9.254287254749534952e+00 5.844541357481664035e-01 5.844541357481664035e-01 7.538866496698741759e-01 7.538866496698741759e-01 5.412789732501898321e+00 9.915290279112460858e-01 1.172814659902872814e+00 1.039694441983260198e+01 5.104080034010462619e+00 1.377665302834004635e+01 1.151736715370464914e+01 2.065122416894875634e+00 1.244719945755940138e+01 1.853113647598025082e+01 2.141256023767004635e+01 2.238782823287566259e+01 1.400370950343558896e+01 2.254772055542204257e+01 2.161006493400794071e+01 1.154345660110884708e+01 2.161006606351648784e+01 2.826795153561448970e+01 2.450294539844207975e+01 1.432273145552718852e+01 1.806273394366189677e+01 1.478391817466387614e+01 5.739511549515334821e+00 7.698320008896267552e+00 1.737194011152493545e+01
1.290000000000000001e-02 1.001289999999996283e+01 1.799517391370652475e-01 1.799517391370652475e-01 1.799517391370652475e-01 1.799517391370652475e-01 1.799517391370652475e-01 3.474553604211592095e-01 9.666577199344793314e+00 9.508539783005261370e+00 9.850645159352405811e-01 1.003759579368468380e+01 9.915290279112460858e-01 3.003331537846803734e+00 6.436798398408365429e+00 1.172814659902872814e+00 1.172814659902872814e+00 8.659924784645605556e+00 1.379852706609818513e+00 1.379852706609818513e+00 1.170631962693016170e+01 1.349155988075434642e+01 1.792626533865113458e+01 1.489574290765689923e+01 8.770090415176099441e+00 1.793797180631823451e+01 1.841527475988599605e+01 8.487847216259483574e+00 1.367458632501405980e+01 2.384431420421904235e+01 2.525446600528543328e+01 1.505308757302356248e+01 8.137560262736117878e+00 4.937637876363297096e+00 1.001967795011280060e+01 1.484913837614167775e+01 1.059920638765484036e+01
1.349999999999999985e-02 1.001349999999996321e+01 1.017980990464848823e+01 4.263699019209470364e+00 1.017981017131515387e+01 1.017944379481699357e+01 1.799517391370652475e-01 1.799517391370652475e-01 1.072683708281294379e+01 3.252915893866411778e+00 1.092102228628877114e+01 1.074440125656695599e+01 1.288253852100853969e+01 9.318495009332753654e+00 1.257778705192262514e+01 5.782593416889183935e+00 1.078303155331346552e+01 1.379852706609818513e+00 8.521278319801130152e+00 5.223162972202126220e+00 1.714706350371627330e+00 2.188872565557234751e+00 1.188404482679190899e+01 4.718089941453369462e+00 8.667672034989632124e+00 1.214484820434357815e+01 1.221524436134430402e+01 5.648137923334993538e+00 1.341283529204428149e+01 2.418177990602313088e+01 2.701347651545081163e+01 1.902613494317821363e+01 8.795089698177221749e+00 4.411257947118682132e+00 1.391373402917588642e+01 1.981646672135228116e+01 1.978955967902125579e+01
1.319999999999999993e-02 1.001319999999996213e+01 1.851678566502718937e+01 1.008158280003404172e+01 1.849589592163227536e+01 1.263743315569996994e+01 2.597921408661055587e+00 1.199233548883141687e+01 1.636819379543451092e+01 1.223099431596861209e+01 5.180588277329365887e+00 8.324646688728975619e+00 1.760676547399770087e+01 1.991892145228921507e+01 1.528526694662848051e+01 1.262716931113171270e+01 1.459515184798521048e+01 1.140766822755992216e+01 3.136795837988350932e+00 8.791314788188380192e+00 1.714706350371627330e+00 7.380504206682712010e+00 2.188872565557234751e+00 2.567582973931208823e+00 2.567582973931208823e+00 2.567582973931208823e+00 2.567582973931208823e+00 1.190879097041367096e+01 1.386653740029698056e+01 1.703661777901461605e+01 1.706039673752255226e+01 1.794265407708050120e+01 9.422715083314898266e+00 3.919034294516832606e+00 1.283838225024654456e+01 1.873105117951523724e+01 1.602636336438899534e+01
1.359999999999999924e-02 7.084667811865485554e+00 1.708466781186555394e+01 2.044502384027437358e+01 2.468058513325545533e+01 1.598271975615707063e+01 5.471991362888227073e+00 1.099245900730948122e+01 2.162350860664405872e+01 1.662338789392851979e+01 6.681377287943906396e+00 1.636172270455823963e+01 1.490991352727173869e+01 2.422673166731868832e+01 2.462117984714109298e+01 2.218197066501521064e+01 1.907867277451367372e+01 1.383794990947263059e+01 4.321807484130422594e+00 1.348700488125092711e+01 1.207058143440269760e+01 8.232104344161593090e+00 8.244874748242471796e+00 3.842110463619205607e+00 1.195168541417859664e+01 2.567582973931208823e+00 2.567582973931208823e+00 2.567582973931208823e+00 1.215460635729532513e+01 7.262576986616981145e+00 1.215923772493412081e+01 1.137816540436427992e+01 1.215647565470697344e+01 7.249557331816865791e+00 3.291527628385456872e+00 1.249150599383009741e+01 7.107751233937369406e+00
1.299999999999999940e-02 7.084067811865485176e+00 1.708406781186555179e+01 2.460008241121067840e+01 2.863026843894242646e+01 1.937352718103426596e+01 8.663445943224948209e+00 1.935498509699726100e+01 2.578674566465898721e+01 1.910465142886321388e+01 8.577730433403107924e+00 1.910465142370432901e+01 2.422673171997223207e+01 2.804410073762175770e+01 2.624758688399251838e+01 1.698020496122859413e+01 1.538755404133645577e+01 5.970453513637451692e+00 1.110939680621845405e+01 1.769269866683622539e+01 1.707682116972034336e+01 1.708844264984857730e+01 1.203537418716642016e+01 1.687665768299672919e+01 1.236892603305289384e+01 1.113872397999923258e+01 2.567582973931208823e+00 1.215679883151909735e+01 2.567582973931208823e+00 2.567582973931208823e+00 2.567582973931208823e+00 2.567582973931208823e+00 2.567582973931208823e+00 5.023200068824714037e+00 2.646160338490223918e+00 2.646160338490223918e+00 2.646160338490223918e+00
