output/example/elevation_000035.asc
nrows	75
cellsize	13.33333333
xllcorner	0
ncols	75
yllcorner	0
NODATA_value	-9999
[rows 0 to 16 of 75, columns 0 to 36 of 75]
1.369999999999999864e-02 1.001369999999996274e+01 1.976877366614450082e+01 2.086262373814101423e+01 2.500411180131636257e+01 2.600176724549206853e+01 2.185978386245870198e+01 2.394492603789966267e+01 2.808688232335832069e+01 3.544316490793921304e+01 3.958478049880086047e+01 4.069768246587963034e+01 4.483910260165986728e+01 4.302994426987636700e+01 3.878670570149395758e+01 3.744009118573838890e+01 4.169193111060152290e+01 4.107499543787616858e+01 3.687720601203633208e+01 3.557154740060382636e+01 3.976471359904019920e+01 4.485536383330982346e+01 4.456612445855313354e+01 4.024873004986874037e+01 4.456612445855313354e+01 4.666464465310975385e+01 4.230566975342417635e+01 4.478672675450084029e+01 4.050686223185770274e+01 4.478672675450084029e+01 4.254651839579529593e+01 3.827686848939776354e+01 4.254651839579529593e+01 4.283382520032055396e+01 5.322489840206329603e+01 5.649821711362002929e+01 5.219288095804218131e+01
1.279999999999999888e-02 1.001279999999996306e+01 9.768773746337540587e+00 1.086267109350082016e+01 1.726056716614656850e+01 1.908628494849558876e+01 1.185979126648287618e+01 1.394493540705361667e+01 2.394492603789700524e+01 2.544323294650297029e+01 3.362668536902439342e+01 3.069778247201284671e+01 4.069768246587963034e+01 3.878670570149395758e+01 2.828323017391609895e+01 2.690841816104875406e+01 3.565658722189622409e+01 3.687720601203633208e+01 2.702822266070033663e+01 2.577052260497485392e+01 3.405160904928823840e+01 3.478441655936592980e+01 3.924970710292431875e+01 2.952902568854932497e+01 3.924970720373236333e+01 4.230566975342417635e+01 3.169618952808486867e+01 3.480363434122217825e+01 3.052297329776239465e+01 3.809458062586511318e+01 3.389033251542122116e+01 2.846827586583797043e+01 3.264416022417331220e+01 3.978779971079823241e+01 5.018758124845953716e+01 5.040686880773561995e+01 4.157752191863644953e+01
1.299999999999999940e-02 1.349306209562120884e+00 2.697705934488603852e+00 1.269770592638944784e+01 7.260548427006190408e+00 9.086290285356739105e+00 1.908628494849356727e+01 2.394492603789257146e+01 1.727826874038692750e+01 2.029338218616434375e+01 2.362671551949313553e+01 3.362668536902912564e+01 3.660093529691533121e+01 3.096592980893995772e+01 2.664769466196476344e+01 2.082342607340139651e+01 3.135962692991671830e+01 3.634883682305099484e+01 2.991292309650845027e+01 2.034021497634302023e+01 2.966404584952650225e+01 2.785033611202353754e+01 3.488887786836593108e+01 2.437991059137419114e+01 3.488887786920901135e+01 4.107954502479388736e+01 3.074463972394766031e+01 2.486116864870562537e+01 2.605057867367786173e+01 3.050641471609166189e+01 2.462309196431140279e+01 3.389033251542122116e+01 4.254651839579529593e+01 4.200588377092019243e+01 4.610617680388678252e+01 4.565394829776099783e+01 3.537681445678694558e+01
1.369999999999999864e-02 1.001369999999996274e+01 1.269770592639589779e+01 4.760548427006193961e+00 7.647299772954316843e+00 1.764728374648984399e+01 2.322829902908393862e+01 3.142015419917112595e+01 2.434933629161819368e+01 3.029336165558655125e+01 3.362668478325281285e+01 3.776844253683637476e+01 3.231463151126042277e+01 2.185287763688697993e+01 1.628155180373882160e+01 2.632357298700690507e+01 3.063155493400808282e+01 2.742110590586037233e+01 2.688576699292600836e+01 1.722831825741080181e+01 1.986368711348064053e+01 2.966404584952650225e+01 3.138588877645371511e+01 2.136746669591498105e+01 3.138588877635812580e+01 3.688473433107196087e+01 3.070887799885334246e+01 2.161172738513309355e+01 2.234220638710414875e+01 2.165984310153946879e+01 3.050641471609166189e+01 3.809458205451034729e+01 4.056684318982702564e+01 3.253763593439335722e+01 4.056684318894319574e+01 4.128460091514863706e+01 3.042795100674354458e+01
1.290000000000000001e-02 1.001289999999996283e+01 1.890268929264997055e+01 1.476054864877248463e+01 1.764728374648984399e+01 1.236134498082263455e+01 1.943241237363823615e+01 2.943231039299435636e+01 3.434928908046151008e+01 3.088450765621450955e+01 3.511908421388102397e+01 3.176368737147465282e+01 2.753252240831624675e+01 2.377266359542633722e+01 1.354035852270602724e+01 1.599760800468933297e+01 2.465742395281353438e+01 2.209608328082071438e+01 2.299212090196094849e+01 1.414728851773094043e+01 2.409790167935071636e+01 3.120878916561215632e+01 2.702137747848481197e+01 1.893533432071916423e+01 2.847130627824832416e+01 3.266809443745641772e+01 2.341581316004743485e+01 1.911874338082177971e+01 1.893771339316370828e+01 2.763621193449565183e+01 3.461235295722418215e+01 3.803591681910773303e+01 3.653938833374706974e+01 2.712488205998850432e+01 3.653938833374235884e+01 3.716499064838528454e+01 3.290195516263848674e+01
1.299999999999999940e-02 1.001299999999996260e+01 1.862727157873063177e+01 2.440077427062690774e+01 2.650279971549066005e+01 2.236131465718204936e+01 1.943241237361545615e+01 2.943231019253351377e+01 2.954524314425191278e+01 2.146613240179275905e+01 2.954524586848279455e+01 2.753252240831624675e+01 1.780221666969363881e+01 2.065215708842400133e+01 2.035777544360287550e+01 1.023632069176994897e+01 1.974017251358632663e+01 2.037267749867559630e+01 1.627147348755001133e+01 1.178817165046843662e+01 2.209386816053418912e+01 2.487915776838229576e+01 2.126116911188898939e+01 1.668189860254728529e+01 2.588987488477333798e+01 2.916925620639453953e+01 2.490837315216263192e+01 1.644181729084501953e+01 2.386812249783203299e+01 2.838237217687952096e+01 3.191016468444386689e+01 2.875519312762400403e+01 2.895321860593279339e+01 2.389784337299029460e+01 3.313493363466504604e+01 2.985543424290443681e+01 2.445689104639484412e+01
1.299999999999999940e-02 4.485135954999584840e+00 1.025863864689586080e+01 2.025863864689592830e+01 2.403691255179172259e+01 2.817904815192272494e+01 2.943231022299151434e+01 3.357318052398053965e+01 2.544419875352608074e+01 1.620578582452692018e+01 2.544419798557190049e+01 2.030009166599173653e+01 1.546893417548663585e+01 1.094590576712878160e+01 1.580917541492900291e+01 6.234966395930364058e+00 1.504167708504896339e+01 1.222680076365550050e+01 1.762300947017014252e+01 1.459903555936232777e+01 8.898040551207227367e+00 1.886887763149250219e+01 2.278438269767615765e+01 1.442332162861106681e+01 2.078955379095056699e+01 2.029285290555484522e+01 1.909111349585619877e+01 2.178124305414493378e+01 1.432830689079149522e+01 2.323411689829771021e+01 2.537511903142189595e+01 2.681087046068616075e+01 2.005038723078995488e+01 2.893290416090413686e+01 2.935981990684907572e+01 2.157243640204104906e+01 2.985540678932663283e+01
1.290000000000000001e-02 1.001289999999996283e+01 1.493885625035697373e+01 1.771235723147679408e+01 1.403691255182619990e+01 2.110798036369162389e+01 3.110798036357394381e+01 2.880365807607584472e+01 2.217132454152826426e+01 1.285331288329964039e+01 2.216746173719954882e+01 1.541095205986143313e+01 5.192681587578427127e+00 1.401002465125499974e+01 5.797522201197567782e+00 6.234966395930364058e+00 6.691379372512264112e+00 7.150207771429458958e+00 1.255860327292742085e+01 1.569981447282074605e+01 8.898040551207227367e+00 9.370563192349267823e+00 9.370563192349267823e+00 1.781315139463191954e+01 1.127165944072951476e+01 1.179785518691695501e+01 1.232973699113198762e+01 1.232973699113198762e+01 1.286657004707239338e+01 2.050527404210610527e+01 2.266824846611196165e+01 1.912623592436149877e+01 1.783683253153929016e+01 2.518987518583456975e+01 2.456174667631952246e+01 1.988851614731301254e+01 2.684369862755498914e+01
1.349999999999999985e-02 2.438856250363327760e+00 4.938856250363324207e+00 7.712357231489464837e+00 1.271235723148944707e+01 1.978342504335487106e+01 2.978342504296651683e+01 2.473286107339122353e+01 1.542892133163344681e+01 9.937276070667447669e+00 1.600722521751396954e+01 1.455620139016353143e+01 5.192681587578427127e+00 5.192681587578427127e+00 1.524657962266803857e+01 8.340379036749212105e+00 1.400236879585171046e+01 1.699043651833268953e+01 7.796447695027260316e+00 8.251113496698790684e+00 1.579596899204018534e+01 1.905290833763591252e+01 1.004105060271874805e+01 1.054885650584559542e+01 2.025952386455393039e+01 1.640457401974597573e+01 2.177138993450892457e+01 2.178079645532325870e+01 2.162986244542533854e+01 1.368584712721213315e+01 1.427203164644283717e+01 1.485987699839183485e+01 1.545298755598306784e+01 1.609994927066290771e+01 1.675241251663086572e+01 1.741087694565652910e+01 1.741087694565652910e+01
1.379999999999999977e-02 1.001379999999996251e+01 1.493885625020303820e+01 1.771235723146640950e+01 2.185449283926180541e+01 2.685449279806480760e+01 2.942858622309097782e+01 2.549798890406525587e+01 2.264546266861221824e+01 1.571997254745070194e+01 6.410791911000238485e+00 4.623460665737118447e+00 1.447812956931497297e+01 1.529063307336182653e+01 7.876320592937345211e+00 1.775984632544399133e+01 2.232041949060246111e+01 2.405380347529228047e+01 2.028737908206861462e+01 1.419335513351648537e+01 1.345074332786768956e+01 2.048561109170094596e+01 1.004105060271874805e+01 1.738340342927024906e+01 2.291682204754370389e+01 2.506442423965363986e+01 2.505865898005901116e+01 2.861439068082519910e+01 1.914303794403458170e+01 2.371309293808078067e+01 2.395921734042020290e+01 2.071699161310104031e+01 1.729847602849373800e+01 2.406783779557416381e+01 2.588573852163757749e+01 1.941079243721762282e+01 2.684791922981226620e+01
1.290000000000000001e-02 1.001289999999996283e+01 1.816482365919076969e+01 2.367666831029480079e+01 2.502323959094184858e+01 2.077706488610223090e+01 2.462886574149865737e+01 1.570639925565055250e+01 1.702201770830376049e+01 5.670375415062572699e+00 4.058337202457908965e+00 1.275128847180432068e+01 1.003008251558049402e+01 1.919645562072891565e+01 1.789711048267929883e+01 1.065023070781353454e+01 1.559637656664902572e+01 2.269152516247470430e+01 2.885377501229564601e+01 2.456813576314864989e+01 1.717662875051246019e+01 2.489218796373161524e+01 2.061423049093092175e+01 1.202579953797937584e+01 2.206134584947341892e+01 2.848720168563617960e+01 3.475839301901429934e+01 3.285345960538242593e+01 2.570791317173505419e+01 3.285327730260607382e+01 2.805164021281919062e+01 1.968515172327825624e+01 2.698839745479669716e+01 3.136812304329843570e+01 2.817790498743001848e+01 2.817802949887078157e+01 2.205351394774555374e+01
1.359999999999999924e-02 4.095463914025543772e+00 9.847473179724113734e+00 1.964661622658848117e+01 2.026733151763280461e+01 1.091694013857124723e+01 1.704898815125475409e+01 1.554517053032214235e+01 7.725960309649474667e+00 1.307875159492601824e+01 3.660261205684512298e+00 1.363384855862170930e+01 1.455128398774164289e+01 2.107402050412662931e+01 2.274319945469930104e+01 1.281556527580199045e+01 2.274319798078298405e+01 2.970997752520916890e+01 3.658004805097635170e+01 3.067010797987818904e+01 2.214358652401411831e+01 2.848084610698104768e+01 1.833070688380902524e+01 2.206134584971803037e+01 1.417991191376674820e+01 2.422847458938668908e+01 2.878925149806825701e+01 3.307618507848336264e+01 3.566908328840147391e+01 3.604337324639360673e+01 2.613418041356829136e+01 2.166508985546221666e+01 2.312750815451140696e+01 3.244300980348053542e+01 3.823828122465347690e+01 3.512903021399259984e+01 2.494245657546619199e+01
1.349999999999999985e-02 1.001349999999996321e+01 1.816482366007859994e+01 1.698669114745933584e+01 1.194603382984192486e+01 8.453937336272451475e+00 5.418772851028816007e+00 2.756520568947531835e+00 3.094095198384286149e+00 3.094095198384286149e+00 1.306831073943463117e+01 1.775106372922260434e+01 1.934189494106588114e+01 2.459128022990982387e+01 2.685449182974769400e+01 2.274319946352520105e+01 1.630104044496859572e+01 2.614140662850006791e+01 3.400453491325905730e+01 3.684975926962523118e+01 3.211963733098446738e+01 3.275680129909356708e+01 2.546313110638422117e+01 2.742709949509323053e+01 1.731215941195427277e+01 1.673862611330316952e+01 1.863708309066979396e+01 2.878925407815603421e+01 3.617941534491777134e+01 4.046638360258805989e+01 3.378481474669808193e+01 2.392443808941884242e+01 3.244300980364294418e+01 2.804188562298705278e+01 3.845505723962884304e+01 3.320187324849136701e+01 3.068458893591063230e+01
1.319999999999999993e-02 1.001297737050359693e+01 1.369565374821543990e+01 1.159321732790440329e+01 1.609211818253087678e+00 1.944495332624989858e+00 2.279913397372309358e+00 4.793453421960603755e+00 1.259734222810625859e+01 3.094095198384286149e+00 1.092040602347091927e+01 1.755009642417289584e+01 2.306366611332816419e+01 2.486405805914598943e+01 3.177325221467292238e+01 3.020294348303222165e+01 2.565584408580400932e+01 2.031090203794918381e+01 2.606521679060428553e+01 3.291501204043510143e+01 4.198795667149712330e+01 4.005047147975486155e+01 3.393541670310086289e+01 2.364486364743896374e+01 2.308185351439771438e+01 2.382226961112380437e+01 2.878925407815603421e+01 2.162397520336613255e+01 2.883674892487058017e+01 3.923469261129633878e+01 3.753374373930734009e+01 2.693040427475551724e+01 3.753374373930734009e+01 3.385475661170985262e+01 4.291327872911581665e+01 4.064141076713962519e+01 3.813068401270056995e+01
1.299999999999999940e-02 1.001299999999996260e+01 8.075133383725716651e-01 1.137205535566851777e+00 9.789623556068088206e+00 2.408177161467392136e+00 7.477773390468566816e+00 1.148418830571170091e+01 1.654802195774585272e+01 1.308197586839608917e+01 3.985770766186272684e+00 1.395923306417832777e+01 1.194024333944169491e+01 1.598065684012027887e+01 2.379488719738158409e+01 3.204478873366795710e+01 3.287172506728365562e+01 2.654464898495364977e+01 2.719045613886228807e+01 3.660987649434215285e+01 4.228559280631686335e+01 3.816034854552290057e+01 3.822704270079837841e+01 3.089130307127062025e+01 3.031897805942351454e+01 3.410997204280974415e+01 2.883674892487058017e+01 3.188223612022884268e+01 2.557972095657351730e+01 3.594966140491096951e+01 4.202340089719393745e+01 3.287777433211162759e+01 4.202340089719458405e+01 4.473918476241170339e+01 4.916273455486911814e+01 5.109738752408053131e+01 4.861093637491712371e+01
1.349999999999999985e-02 3.417660825899907495e-01 4.636500766179692867e+00 9.477019064454253794e+00 4.404382842949654986e+00 1.378856493120060733e+01 1.606053907287311233e+01 1.878434891194376277e+01 2.067366873738018995e+01 1.101752182057068552e+01 1.389808041715596865e+01 4.885045191419413513e+00 4.885045191419413513e+00 7.879377867959302506e+00 1.399934612086916985e+01 2.669550439398402375e+01 3.616679411085888063e+01 3.357457206876201639e+01 3.635932694322816161e+01 4.046048318612532313e+01 3.650134172848648006e+01 2.811712912579378099e+01 3.650134172848648006e+01 4.128455711871108491e+01 4.071129046607082813e+01 4.352208176496495895e+01 3.618397080048571013e+01 3.289395720973936221e+01 3.289395720973936221e+01 3.211385937252180867e+01 4.255015311845464510e+01 4.389391622877985100e+01 4.833294990271177483e+01 5.435494748121098496e+01 5.834395603735529789e+01 5.130749449794180350e+01 4.196545529332954771e+01
1.369999999999999864e-02 1.001369999877795358e+01 4.984383390196504671e+00 1.008253951925625813e+01 1.392594071059827421e+01 7.935791696888976787e+00 1.743370226284113400e+01 2.512029831434268345e+01 2.469876887926476527e+01 2.002791876888606026e+01 1.671240758941958049e+01 8.906426190223321271e+00 4.885045191419413513e+00 1.637452530566290321e+01 1.528576013970702618e+01 2.197296533677734587e+01 3.355491919464415673e+01 3.759006552289645953e+01 3.424373446008939936e+01 3.346288463434282789e+01 2.931369237592728183e+01 2.231340029220803345e+01 3.236189311000878632e+01 3.554388705248813807e+01 3.909574203624860900e+01 4.321697218829475418e+01 4.659978658198269841e+01 3.892704434206662256e+01 4.332678391549461594e+01 3.950305214484756533e+01 4.682781683179191390e+01 5.267406373151523979e+01 4.863956404878977224e+01 4.445561299152004153e+01 5.267406373151736432e+01 4.712876831652949505e+01 3.540417306411397647e+01
