output/example/elevation_000005.asc
nrows	50
cellsize	20.0
xllcorner	0
ncols	50
yllcorner	0
NODATA_value	-9999
[rows 17 to 33 of 50, columns 0 to 36 of 50]
9.098509734387574266e-01 8.181634219160038413e+00 -6.027267443556109328e+01 1.913698268550351467e-01 3.836114827096821056e+00 9.214754385387569968e+00 1.399370527293662470e+01 1.770525901016687698e+01 2.238200136558073439e+01 1.626184709948678275e+01 1.351754459201509384e+01 8.946822553297177905e+00 4.419466752361167039e+00 2.728529538927236597e+00 6.004800449586838340e+00 -2.412903038663142041e+01 1.087351119427006196e+01 -1.521019224675803194e+01 -1.021838765092648948e+01 -9.817868039471280284e+00 1.028688790665196073e+01 1.291484394936303737e+01 9.263073943117301923e+00 -7.694709141306643296e+00 2.293613552384486276e+00 9.326858544158120878e+00 8.025547843420570260e+00 1.171981567037360783e+01 8.288590813318473138e+00 1.162267377230745247e+01 1.674604146759364198e+01 1.820918331880118046e+01 9.164193143687748844e+00 -4.186541528222591069e+01 1.153207823840575941e+01 -6.557851902291649537e+01 1.113020869916186051e+01
6.729603419142361487e-01 1.058835337519315267e+01 6.522197679650734159e+00 9.098508777719676033e+00 -5.528851443992514447e+01 2.374866571178087526e-01 4.177415882731804864e+00 1.417956337474319106e+01 1.591191672455653361e+01 9.547843623904306298e+00 8.161535277105079089e+00 1.025280477147606462e+01 4.928373658343040198e+00 2.276212454248947026e+00 4.601017817485883121e+00 1.383990251123947690e+00 1.715253108336996846e+00 8.140132371217873697e+00 1.308863594219705329e+00 1.285833976894275033e+00 1.917309212330210677e+00 -2.829354186826883666e+00 8.737552059286889161e+00 -8.460305672126247956e+00 -3.183499566019117877e-01 9.802811480796767896e+00 1.407855992009977442e+01 1.458897120317023877e+01 1.505540470233043315e+01 1.470696619381710946e+01 2.269477258357463612e+01 2.137214421975905765e+01 1.072040543337499585e+01 7.000178372825121897e+00 1.426676870951811438e+01 1.106243345716204196e+01 7.896146386503471781e+00
9.500813129397378543e-02 1.003466481276447020e+01 1.636341427459053932e+01 9.925573631257247342e+00 -9.428596200230262525e+01 3.572428906880924515e-01 9.368401536013719166e+00 1.407758367098885621e+01 1.056517951282058831e+01 2.142789460301909976e+00 9.346446736876583117e+00 -1.741177402003278374e+01 8.154403541784157383e+00 1.049963829053873976e+00 1.431512426931189630e-01 -8.003915325792931412e+01 8.930001181418464995e+00 9.123852770615513919e+00 6.681478659943398846e+00 2.976667104358793114e+00 2.584565191144004181e+00 4.313878014121596216e+00 -3.741485420951975449e+00 -1.557681959376975067e+00 2.993325571793504558e+00 3.836713658475589650e+00 1.046753386177000777e+01 1.811207311648400520e+01 2.310503923004705484e+01 2.269127808319543149e+01 2.437696021571917981e+01 2.571553827430871664e+01 1.821392604185361108e+01 1.125702511357967950e+01 1.715990045671382092e+01 1.959124059027618969e+01 1.048777846558456872e+01
5.074168083889973868e-02 7.185455358699871731e+00 1.725203289620452907e+01 1.395251243986972511e+01 5.519919131531665357e+00 9.986775848886308538e+00 -4.620650579764528487e+01 6.700286190791953089e+00 5.280499680967267739e-01 5.030019576441983276e+00 9.375175541947573521e-01 9.875859911006583669e-01 1.559030516969516666e+00 1.851564208156688762e+00 2.115103779178850729e+00 8.203077528503866844e+00 1.514812298299621851e+01 1.579266075902895494e+01 8.343589567312047706e+00 -3.396601050114226861e-01 3.460114408959058530e+00 5.765713362147875998e+00 8.227043918731411054e+00 7.500247798625439444e+00 2.507178109748155137e+00 2.684094013203782936e+00 1.028850842496853524e+01 1.657068700617439561e+01 2.096219252234720543e+01 2.460250436111745742e+01 2.948005161346911507e+01 3.140959038962818894e+01 2.561006872153931369e+01 1.914985525252408038e+01 2.143585993316769844e+01 2.336901548499456283e+01 1.431226994230028282e+01
2.528005767708579876e-01 7.321907782138533882e+00 1.716065668579073389e+01 1.879741088614706968e+01 1.517148669495479929e+01 9.096627884982325440e+00 4.241345984094817001e-01 5.421724293825036511e-01 5.303348926778900241e-01 1.040016344176498908e+00 1.286805865227973023e+00 -5.312067118627197715e+01 8.793364676608300456e+00 5.341639093265553306e+00 8.906037339551708953e+00 1.707926656697220480e+01 2.097164015662870540e+01 1.618422787002891994e+01 7.633608213002462506e+00 4.590389386373407987e+00 1.191947472242143391e+01 1.298634046554664856e+01 9.757117233204530393e+00 1.052837671482918758e+01 6.304321623161086130e+00 3.140809597947366250e+00 4.723879799888822895e+00 1.159472338405040226e+01 1.184470696816596025e+01 1.769041507622400644e+01 2.661461269724691903e+01 2.861421031783345370e+01 3.160425516678542479e+01 2.984101530002851277e+01 3.043362675421121111e+01 2.757376452053502192e+01 1.929705938291449385e+01
9.791283598286071310e-04 7.071427840139647536e+00 1.693267438829299465e+01 2.204441091814332410e+01 1.618041918680869529e+01 6.742272732583158401e+00 -1.145057941713274090e+02 4.296569706427097124e+00 -1.051085219365923678e+02 7.623097029729109408e+00 9.772062908598055486e+00 3.120112151252064425e+00 7.036272313868825456e+00 1.636038452013098166e+01 2.135205822089897154e+01 2.517340640522139594e+01 2.120078716249643946e+01 1.402908043945531347e+01 7.559470762376669484e+00 8.526653886420403339e+00 1.838109615541075925e+01 1.695571202887733264e+01 1.256882079829409626e+01 1.156541890101148518e+01 6.434301583937731550e+00 3.919183052666360467e+00 2.042390326225669295e+00 5.831455565673554275e+00 1.112552002396856921e+01 1.843227343242409333e+01 1.991085337707578873e+01 1.869534314535336250e+01 2.862946049299840467e+01 3.064454255254815962e+01 3.350688234425263801e+01 3.224483666122144143e+01 2.658627900094165852e+01
4.600753433092569233e-01 7.527030629129344064e+00 1.734557495571650776e+01 1.912403314057780435e+01 1.069811123993407342e+01 7.867943749277765519e+00 2.444139085998212835e+00 3.482160417976366773e+00 3.749320428863298638e+00 1.331411637632866629e+01 1.499823410544532720e+01 5.309120277231819784e+00 5.914873509773099336e+00 1.120434480655990228e+01 2.037248995147648500e+01 2.585650471363217306e+01 1.700068680173363234e+01 1.069951032658230261e+01 9.833534609900970835e+00 1.852019013077874021e+01 2.259263292137999102e+01 1.968838736484143226e+01 1.515230897242944330e+01 6.291513235753852129e+00 5.151618682516761361e+00 8.323580252309376704e+00 3.333000935397754105e+00 3.395610617322272873e+00 -4.957727642368233489e+00 1.083786494438274950e+01 1.079204709399603601e+01 2.011052359430206238e+01 2.543937451489447454e+01 2.146652373693548199e+01 2.866690040433426034e+01 3.359807188223730634e+01 3.556254576180571547e+01
5.979472710492108600e-01 7.663830051508403685e+00 1.746681279671812348e+01 2.227458560419003675e+01 1.280958116306491590e+01 4.483964241878076074e+00 4.645622626407192257e+00 1.391201118582831420e+01 7.265218493279578915e+00 1.498506888231832157e+01 1.830888338409691585e+01 9.961517393261917874e+00 8.588848940799255871e+00 1.546441686360751788e+01 2.374419920864060884e+01 2.465183688602508383e+01 1.659727015665593441e+01 1.241203541809137079e+01 1.196726914472365877e+01 2.172695198143764728e+01 2.421167233978683697e+01 1.450640288678982337e+01 7.293486603544834246e+00 6.444105490305796380e+00 1.259121159984675486e+01 1.591455216527892169e+01 1.342811507111339964e+01 4.039914511109008011e+00 8.386476794402650370e+00 4.756114221866462266e+00 1.323125438076747429e+01 1.850556866643503184e+01 1.581062331941746990e+01 1.612243404989004958e+01 2.153894049697554536e+01 3.067703400905373812e+01 3.533886527525091026e+01
1.534601171854249602e-01 7.220274454599995728e+00 1.699721247549902969e+01 2.395028086245679333e+01 1.597772445251561102e+01 5.822815173815840240e+00 6.604049961998048168e+00 1.429213603237892016e+01 1.419782297594502829e+01 1.311384333492551590e+01 2.294993627717180118e+01 1.966298070495184191e+01 1.159807161253410079e+01 1.318144423475528804e+01 2.275786384261126472e+01 2.555821524605374151e+01 1.664465468797833836e+01 1.490953880621637317e+01 1.880386675848189881e+01 2.552038897500022330e+01 2.344591310902650250e+01 1.304232133934351978e+01 4.464380051416195760e-01 7.492378163053822426e+00 1.050128049672625963e+01 6.226256878532237415e+00 1.891468829786801464e+01 1.042416803019055749e+01 4.310798414700300896e+00 4.851557052583691743e+00 -2.053219594396198389e+00 1.423819915503757372e+01 1.131729018327395764e+01 1.717307180419270551e+01 2.274427681378411847e+01 2.280143977067749006e+01 3.242474911203677124e+01
1.123418600940028211e-01 8.546604808868929481e+00 1.115972508794644469e+01 2.051429048105686448e+01 2.012401949350474339e+01 1.596301282690466650e+01 9.580409878972858451e+00 1.236672361116826302e+01 2.231332668339752701e+01 1.907985893828223567e+01 2.671277637962232632e+01 2.486299630208934630e+01 1.683608731685416515e+01 1.930702410938440750e+01 2.634001447257267614e+01 2.905903698410979885e+01 2.111401916226358466e+01 1.899011046695220628e+01 2.751343855710350539e+01 3.148959856525764067e+01 2.698296778916156669e+01 2.121364684640433751e+01 1.661915498147443060e+01 1.029336931979906389e+01 9.104298736551953652e+00 1.951949392198800481e+01 2.084846870459591628e+01 1.041338037305044040e+01 1.043185843263224655e+01 5.374612096517918935e+00 8.611437222758866028e+00 8.962286823554034498e+00 1.414511636001101280e+01 1.185861334013682367e+01 1.383804368203825774e+01 2.386484716880977075e+01 2.725023023617843876e+01
2.368195578726151052e-02 3.185957961217022127e+00 8.758788330534066802e+00 1.592352245819689749e+01 2.574431927118137864e+01 2.321250520245767746e+01 1.515564963962794742e+01 1.673621540483687298e+01 2.567677202960670257e+01 2.897500085636461620e+01 3.201860735446705775e+01 2.951148486403321058e+01 2.629898846831766335e+01 2.923533750610635806e+01 3.255449454951876476e+01 3.333018132850651227e+01 3.044478198590077511e+01 2.477268701456192801e+01 3.199495618507796380e+01 3.358091932191049978e+01 2.487726750980255019e+01 1.167770378690945954e+01 1.227877409892045613e+01 2.387387874179053071e+00 1.888406201496053782e+01 2.258657133729263577e+01 2.443915357789219911e+01 1.615259163150832578e+01 2.014618502338227657e+01 8.968312460230009719e+00 5.744102169254301060e+00 1.025680705884952282e+01 9.466325356407551794e+00 1.433801163431760273e+01 1.473281147634184052e+01 1.800727991285413410e+01 2.283807550686294618e+01
6.540601710037032834e-01 9.334553887721821042e+00 1.118165698549110942e+01 1.816159160539828576e+01 2.735935603678147032e+01 2.846117492313027952e+01 2.512796205186475618e+01 2.404063432651116017e+01 2.992644427088759329e+01 3.386030772793913712e+01 3.377049355287729071e+01 3.159293077022066853e+01 3.074716795402999381e+01 3.183808241682960016e+01 3.275888551951569383e+01 3.034642256345126299e+01 3.304190776038992539e+01 3.441289235570845761e+01 3.698368312172297578e+01 3.059856958970525653e+01 2.052934133538553496e+01 1.488230282350374623e+01 1.070182196245698236e+01 1.237207296038770998e+01 2.127863490627186138e+01 2.740867531216332864e+01 2.928743172895924118e+01 2.381188264764383078e+01 2.486076009440813550e+01 1.824664794851897298e+01 6.068843981022792100e+00 6.570419172394231566e+00 1.312556920755496037e+01 2.047824611875709522e+01 2.149048957661762671e+01 2.403594690789608279e+01 2.444865993117784342e+01
4.909850854147627119e-01 3.572013080325552092e+00 1.311411107136113685e+01 1.878488261486814537e+01 2.172982267400720247e+01 2.415033677895771191e+01 3.321991669321239016e+01 3.348636502555577721e+01 3.386336749609430541e+01 2.640089518725073958e+01 2.606716759141527717e+01 2.475238071864294298e+01 2.343870169944054282e+01 2.470670320347306159e+01 2.453792805035234892e+01 2.263454229508109350e+01 2.953747185159725674e+01 3.305986593071498447e+01 3.718184652158765857e+01 3.263219425055811485e+01 2.311624926939442304e+01 1.848078957896564134e+01 1.273544716895991158e+01 7.829648751827099851e+00 1.638389659840854762e+01 2.428789124500599073e+01 2.864717983721804018e+01 3.244582084830896918e+01 2.419401255013745811e+01 1.224987452179403391e+01 6.945426707477180273e+00 7.478571490201517236e+00 7.992904525164684415e+00 1.640286685930248467e+01 1.774187481402605826e+01 2.498251652714046145e+01 3.194853945091808356e+01
3.962370847149454534e-02 7.143217968393450690e+00 5.936466685433016366e+00 9.046774587143341151e+00 1.370661997544661226e+01 2.177512132412108059e+01 3.198599949765898387e+01 3.160294468550624813e+01 3.073277577111307934e+01 2.683738851492382693e+01 1.902556090345681028e+01 1.999624869275097794e+01 1.663173163360329099e+01 1.955562421462974143e+01 1.604962462839796089e+01 2.158664007341656443e+01 2.069588599118662486e+01 2.561622655726087672e+01 3.472659162810575850e+01 3.538211541620279377e+01 3.033743826067110660e+01 1.924091841407102166e+01 1.228835249944162022e+01 1.193160239529461641e+01 1.581706693865506175e+01 1.467514588054408442e+01 2.528306194853718480e+01 3.050875356321148857e+01 1.937757825554091440e+01 1.272795371839461964e+01 1.207906758613412634e+01 1.167150308930978397e+01 9.048709032783190054e+00 1.268531517480012916e+01 2.111266129001841207e+01 2.465272660094749924e+01 3.198287841244135521e+01
2.605283927408929001e-01 2.496883555863683934e+00 8.929076712356296852e+00 8.503578398852653208e+00 1.502040587497803514e+01 2.538311773178622133e+01 3.159185624564376482e+01 2.369167804972941482e+01 2.236144014382620782e+01 2.569543147618528423e+01 2.109096576793207234e+01 1.239652143026581932e+01 1.397135526773068470e+01 1.275067504538963803e+01 1.629990864611264456e+01 1.677320656261041520e+01 1.956531903606326850e+01 2.498631017939987942e+01 3.160259093450929058e+01 3.984710541477694790e+01 3.380679949102434989e+01 2.394532848033535188e+01 2.069591176724940595e+01 1.503449278702176883e+01 1.395680056570684435e+01 2.015864930863965299e+01 2.553048350659224752e+01 3.352116820897488481e+01 2.772514706626970948e+01 1.932581322387597567e+01 2.351290030456589975e+01 1.939054270409635450e+01 9.376041930513821399e+00 9.664189837140920503e+00 1.955510629440185610e+01 2.266162785594176299e+01 2.346231587880535585e+01
3.048053885361223792e-01 8.699280006879325455e+00 1.434085659073915053e+01 1.723119000594943273e+01 1.626800855118521127e+01 2.634701689005172298e+01 3.036756639400782376e+01 2.413790117929894663e+01 1.645219084447241187e+01 1.684106957043438868e+01 1.855527390106725960e+01 1.064887242718484828e+01 1.053640054616800548e+01 1.570999903972227862e+01 1.469120502769108683e+01 2.363053996093539766e+01 2.415351662105507913e+01 3.265809774361718354e+01 3.756300896673400302e+01 4.166282968458280322e+01 3.750057906549450593e+01 3.417798796366240310e+01 2.527011260628997391e+01 1.575210830263888262e+01 1.647955037472403106e+01 1.622942888449140852e+01 2.393201463314427713e+01 3.263829829976158692e+01 3.331219830808208116e+01 3.001548953698297950e+01 2.766327602147738318e+01 1.644391884785484592e+01 1.002546429559415664e+01 1.071792262030726839e+01 1.390117275732712798e+01 7.180114139784372185e+00 1.927436516604118566e+01
5.470844782054917754e-02 4.542214492930233938e+00 1.051899638285761185e+01 2.086504829789960169e+01 2.636165374866489230e+01 2.945905402221283609e+01 2.615998090130620923e+01 1.922486521415475025e+01 1.710008959673371720e+01 1.130326126786249752e+01 9.518043649889246893e+00 8.834918512866329010e+00 1.293076347982789365e+01 1.424954129764093658e+01 2.261642850506483882e+01 2.906141259891859008e+01 3.295654478380609476e+01 3.557175747141540967e+01 3.761166018966903124e+01 3.971167352301162623e+01 4.183597585858416323e+01 3.837628305860324218e+01 3.222959514306876372e+01 2.700587992087578471e+01 2.038182690937964381e+01 1.811090010019005803e+01 1.928535323571897564e+01 2.496546999815446100e+01 3.523233794009014730e+01 3.294090309449561715e+01 2.249097783547563978e+01 1.548003927649080325e+01 1.882789163549199429e+01 1.364645721401555001e+01 1.240419628379620676e+01 1.604536691199383824e+01 1.478962725345728479e+01
