output/example/elevation_000201.asc
nrows	75
cellsize	13.33333333
xllcorner	0
ncols	75
yllcorner	0
NODATA_value	-9999
[rows 0 to 16 of 75, columns 37 to 73 of 75]
4.851791684152686202e+01 5.269567523436567313e+01 5.054658189223780340e+01 4.613524056326295408e+01 4.525553978960219581e+01 4.548750434455275382e+01 5.005690887015897772e+01 5.122392947783600903e+01 4.708889926751338351e+01 4.870115279215213633e+01 4.870115279215213633e+01 5.277242189748313450e+01 5.502076882708592365e+01 5.105194468828607768e+01 5.519905415416231875e+01 5.493905262674517331e+01 5.080121392461617802e+01 5.493905262686780588e+01 5.555670857180600564e+01 5.586131690670367789e+01 5.996011855711883243e+01 6.468716025652750545e+01 6.056809698267892372e+01 5.926911654752257874e+01 6.339245773679536455e+01 6.257966514154379212e+01 5.965097649386800072e+01 5.965097649386800072e+01 6.378292748679054114e+01 6.643213593548391316e+01 6.242623467866720688e+01 6.242624392019668988e+01 6.526688829569457084e+01 6.291401533783890443e+01 5.889256162621044410e+01 5.889055170080300172e+01 5.890213663201421923e+01
3.802730815842978274e+01 4.851791684172901142e+01 4.442434246323121982e+01 3.555021920802261093e+01 3.460600547885599809e+01 3.463699943042824714e+01 4.534437113979103628e+01 4.500392390384724450e+01 3.700540847716011683e+01 3.876663975032140286e+01 3.876663975032140286e+01 4.870115279215213633e+01 4.476236225616607811e+01 4.071577883024481537e+01 4.928628176279358541e+01 4.979007838739391190e+01 4.037298041585450648e+01 4.532563774554842695e+01 4.532349357770452514e+01 4.560865536998039715e+01 5.586131690670367789e+01 6.056809698267892372e+01 5.042103286960831099e+01 4.909145192708643890e+01 5.755409656306790822e+01 5.245146716014403410e+01 4.946937028189962149e+01 4.946937028189962149e+01 5.965097649386800072e+01 6.242623467866720688e+01 5.242936380542239050e+01 5.242936381305894145e+01 5.535602722892625138e+01 5.889270493188042366e+01 4.875989038332481584e+01 4.875988049691420656e+01 4.876013361372511667e+01
3.802730815842976142e+01 4.851791684119973525e+01 4.002397563443699369e+01 2.970149541928283909e+01 2.746753534774985539e+01 3.771821723506842972e+01 4.052426239417080467e+01 3.968798820009540407e+01 3.161839826104883500e+01 3.209746190876027327e+01 4.167639125248742715e+01 4.776697997661987927e+01 3.746212293293157813e+01 3.478709398290230581e+01 4.469565151919197632e+01 4.549037688218207620e+01 3.507579108407390578e+01 3.498225428561724470e+01 3.821739384839573006e+01 4.426097636572742999e+01 5.455463971387860767e+01 6.056809698267892372e+01 5.042103286960831099e+01 4.301336168653330105e+01 4.915555356357779715e+01 5.245105895602982571e+01 4.203489682060191512e+01 4.915748024474743971e+01 5.937686511358599262e+01 6.242617407615165348e+01 5.242936249333353516e+01 4.508056903356505529e+01 5.097262265925235880e+01 5.477972375909016733e+01 5.173085821579195454e+01 4.131255981467059968e+01 5.173085821579195454e+01
3.828206564224512931e+01 4.471403876400562183e+01 4.190410893265455883e+01 3.406435679720610210e+01 2.403054263409338986e+01 3.058798298711920793e+01 3.052820198833403254e+01 3.664610424407990763e+01 2.780852431409394754e+01 3.688692658062385732e+01 3.760973074962208784e+01 4.179130800005751922e+01 4.048034568012129597e+01 3.037389657243484109e+01 4.044549470223284970e+01 3.872550525407134359e+01 3.123343899574297566e+01 4.141810069593460497e+01 4.861151710702713302e+01 5.278438696354913162e+01 5.866467044969286349e+01 6.392789187553670160e+01 5.755409656306790822e+01 4.915555356357779715e+01 3.867123387417054658e+01 4.532733942444886566e+01 3.867123416510285949e+01 4.614460378544310970e+01 5.643229101298941686e+01 6.312880848794726774e+01 5.317452419470977532e+01 4.585267728234529727e+01 4.053411387144441846e+01 4.447958552882390393e+01 4.835071578092681932e+01 4.131255981467059968e+01 4.662184493040086153e+01
4.199812468878928939e+01 3.560043537593929841e+01 3.299003849577134417e+01 3.811807838609039578e+01 3.058734548169669409e+01 2.066990045750277716e+01 3.040570139372858449e+01 3.445796047973917808e+01 2.572885502482254338e+01 3.180565924929758026e+01 2.764858312768053850e+01 3.287134631124066431e+01 3.392089997712563587e+01 2.774080378920315937e+01 3.619530861098667884e+01 2.874000391376307206e+01 3.874685701398406934e+01 3.704350190650000485e+01 4.303475075670753824e+01 5.334864132492987920e+01 6.119595880969987434e+01 5.390583783964285658e+01 5.392024025409266130e+01 5.242632468262208789e+01 4.227134898419486575e+01 3.484860505283742782e+01 4.227900472964600453e+01 5.251605616168473745e+01 5.807030008103340890e+01 6.225862951196805284e+01 5.999342601047720791e+01 5.506452289962356161e+01 4.749642616931004824e+01 3.699980154133785959e+01 3.786493417994373800e+01 4.835071578092681932e+01 5.581806045830588658e+01
3.970576375750562903e+01 3.560029493735653716e+01 2.711580826230869690e+01 3.560029497504340412e+01 2.849977926915629922e+01 1.858946825511501544e+01 2.846937241355715287e+01 3.182845348193068347e+01 2.954466438829216557e+01 2.278776600193584301e+01 2.208209080706849647e+01 2.312377513925692440e+01 2.416521768202069254e+01 2.530790486166662845e+01 2.644792346211059453e+01 3.630327642684620315e+01 4.299200888131671405e+01 4.739391380082810912e+01 5.158876152694934802e+01 5.749016006400761114e+01 5.710367488291754512e+01 4.686286483995161234e+01 4.357330633518123619e+01 5.285066129542423141e+01 4.357373145119855451e+01 3.316080866832876950e+01 4.053117086439180383e+01 5.091912360964241202e+01 4.789079042302820710e+01 5.621560536530816421e+01 5.858433911161730379e+01 4.842161442530086646e+01 4.525833724291960181e+01 3.479212542418062526e+01 4.524795819115301754e+01 5.249623325862874168e+01 5.197507447518623280e+01
3.245269066400386748e+01 3.244810697488973972e+01 2.377559471658894807e+01 2.844947480749576840e+01 3.065228072890229072e+01 2.739980310131220875e+01 1.858946825511501544e+01 2.846937241282223496e+01 1.979611411725673520e+01 2.072713843520126531e+01 2.770439428252396041e+01 2.558163043194931419e+01 3.388690628176632913e+01 3.507817601887299475e+01 3.617466232554394878e+01 2.881414873678788879e+01 3.882998020322839494e+01 4.592396054051672394e+01 4.899057870640167067e+01 5.322348791894972919e+01 5.602210649942905007e+01 4.573360520644453686e+01 3.830005924671234396e+01 4.428868188620276669e+01 4.192807782176888054e+01 3.159360678063662675e+01 4.192808014455422949e+01 5.160382828628756613e+01 4.183738658210999262e+01 5.160382828732578986e+01 5.740145421893156197e+01 4.842263570827069685e+01 3.796982020277602032e+01 3.333246925870763988e+01 4.176320565440603616e+01 4.465514301858577539e+01 4.162312880038284391e+01
2.820560259684453541e+01 3.427779533466142681e+01 2.838970787822835007e+01 1.931081216863712058e+01 2.577064940856866571e+01 1.749354173250461741e+01 2.740015521914975238e+01 1.858946825511501544e+01 2.847084186035635156e+01 2.512437708345593279e+01 3.478859269066802540e+01 3.507291957843916208e+01 2.917453326987211426e+01 3.913779089607465522e+01 3.876886916423516283e+01 3.882960667933971877e+01 3.145474521680074886e+01 4.166069393254761621e+01 3.862455689259500957e+01 4.899057884835233523e+01 5.527025922085199738e+01 5.012757861200179121e+01 4.428868200703698932e+01 3.388207169044139988e+01 4.035279797520366429e+01 3.011929256310807190e+01 4.035279810959952584e+01 4.308373056150026770e+01 3.713749622591218724e+01 4.320026645728480474e+01 5.340933940355706966e+01 5.259412889101140820e+01 4.795003380038993868e+01 4.176320571691549333e+01 3.143961367704123688e+01 3.425108266892090825e+01 4.162312880022642503e+01
2.624611456659189201e+01 2.907448850418368735e+01 2.179678227501950971e+01 1.637974262663250258e+01 1.637974262663250258e+01 2.638982532716649843e+01 3.152759129073232103e+01 2.847433327799314995e+01 3.266204629559135952e+01 3.090466920000563178e+01 3.974825494780096591e+01 4.243185243026128006e+01 3.203117989499315854e+01 4.243185120518002407e+01 4.878291739134648708e+01 4.166069432536158246e+01 3.145474521680074886e+01 3.145474521680074886e+01 3.727609375897892363e+01 4.765017148888173182e+01 5.110363629742398928e+01 4.072467460734834077e+01 3.550981747270277822e+01 4.035279797520366429e+01 3.011929256310807190e+01 3.865923709131061514e+01 4.278848847361271623e+01 3.272978075221375605e+01 4.308373055354000769e+01 5.035805769391303954e+01 4.860207612330567173e+01 4.436797620822846966e+01 4.295383322823323624e+01 3.871411198446368473e+01 3.017245922357169974e+01 4.040825136020770714e+01 4.162312880022642503e+01
2.270542458772864336e+01 2.456263669533414529e+01 1.539473806114671106e+01 2.532676645448000485e+01 2.639188773450003822e+01 1.821493128379128379e+01 2.816446711944621839e+01 3.166706538537638238e+01 3.595250521002148503e+01 4.139041244007736253e+01 4.584942661298083522e+01 4.674355403091559680e+01 3.932270820421811663e+01 3.932270816521235446e+01 4.993798241049674402e+01 4.166069472275632535e+01 3.145474521680074886e+01 4.166069447939273829e+01 4.592405100366598703e+01 5.189030254034091882e+01 5.527025922085199738e+01 5.012762779275167446e+01 4.035280833549715140e+01 3.011929256310807190e+01 3.865923709131061514e+01 2.856496599625173971e+01 3.704291285083310470e+01 2.999140743944088783e+01 3.591030350896308931e+01 4.627653176913387512e+01 4.436721340471764563e+01 3.407097641869269466e+01 3.708335621151088901e+01 2.861045515154825125e+01 3.871411199090496780e+01 4.465485562393474339e+01 5.197507416454018880e+01
1.359370458303750873e+01 1.434973220681798090e+01 2.015154637272624782e+01 2.861149001978367323e+01 3.235817731205987968e+01 2.816805449959696261e+01 2.006080025400660105e+01 2.173666478215561071e+01 3.167879102461021290e+01 3.854255551088872522e+01 4.585150362862072626e+01 5.126350494343510178e+01 4.993801324474954129e+01 4.993797869027837777e+01 5.416409269159936457e+01 4.557602941183515810e+01 3.521234007297500312e+01 4.166538278506990878e+01 5.203249951218001002e+01 5.588920879211298853e+01 5.477690517524064262e+01 5.055026391390616425e+01 4.460317431929772169e+01 4.034390727341668281e+01 4.286091583126384563e+01 3.704291285081865936e+01 2.710657863989200678e+01 2.772350821953384781e+01 4.358502776082774233e+01 4.921545092847305369e+01 4.435993686488098575e+01 3.407088703965683152e+01 2.712949396181130268e+01 3.661950830094784237e+01 3.993255825910032542e+01 3.792478412468580018e+01 4.582600250677108988e+01
1.692954904145442541e+01 2.456160878521503577e+01 2.815409786333012221e+01 3.374483651024011266e+01 3.795747261631111513e+01 2.776889497850360300e+01 2.212291865112589306e+01 3.167108090053375946e+01 2.425622273135869023e+01 3.123360576169471159e+01 3.646472360189564199e+01 4.271367985527962219e+01 4.625704489307285172e+01 5.052819474319068149e+01 5.577407141221390674e+01 4.982029601104833461e+01 4.118813513527359760e+01 4.982017706935444323e+01 5.284154910351956147e+01 4.570695100707329317e+01 4.877954082581501183e+01 4.017307396658381435e+01 4.832839581254135908e+01 4.833739414683464020e+01 3.811478836955839711e+01 3.092969716373801603e+01 2.612994215463533720e+01 3.461649479992800593e+01 3.878904565027595197e+01 3.915563627999394214e+01 3.889170758060424760e+01 3.467414979092339422e+01 2.615009311271696291e+01 2.615009311271696291e+01 2.846402358530995258e+01 3.993541195761903850e+01 4.904559953308055498e+01
2.660134673235174319e+01 2.206031024330361134e+01 2.755746724451324425e+01 3.763664843325580733e+01 4.223092108818782009e+01 3.437887851549449181e+01 2.435980201395310374e+01 3.433035044962660010e+01 3.426010000747227480e+01 2.698694737157148538e+01 2.926466450376978301e+01 3.223342917043229505e+01 3.562695947775787175e+01 4.093724999036337664e+01 5.157686156648362186e+01 5.577602713852083127e+01 5.157002769462596348e+01 5.516034714939762296e+01 4.869331373359047888e+01 3.836547584143971079e+01 4.211137733906910796e+01 3.428909801688062231e+01 3.807093830499443499e+01 4.832839580454601958e+01 4.522398080642716423e+01 3.958986272680671448e+01 2.592832475891861677e+01 2.495129414260405909e+01 2.915062933623393704e+01 3.750470127927867026e+01 3.338412115253348844e+01 2.493425473300360906e+01 3.467414979092113470e+01 3.245982696141344093e+01 3.993344965938132418e+01 3.345417863265861769e+01 4.022184449625103753e+01
3.599446878641045799e+01 3.181743070204401747e+01 3.600534443435251575e+01 4.183348972008923994e+01 4.170869385169407906e+01 3.134566376848434288e+01 2.923517356880834228e+01 2.923516811651384373e+01 3.952134256583659067e+01 3.098197892865711012e+01 3.955376341341629143e+01 3.762058350211699320e+01 4.625704489321606871e+01 5.052825807973462702e+01 5.577326837650438307e+01 6.359292004366852069e+01 5.819305902372349237e+01 4.804839056161242183e+01 4.066541024227375800e+01 3.603807140073621440e+01 3.203051906812897442e+01 3.007806546040648144e+01 3.740354187298801492e+01 4.151346930901166132e+01 4.328640679464626118e+01 4.654371878962346187e+01 3.852360017074947507e+01 3.338739064911612076e+01 2.376111383304695224e+01 3.213978609606807879e+01 2.375429503695511002e+01 3.338412303006598592e+01 3.889198681371544808e+01 4.373738699151265052e+01 4.805681930429035020e+01 4.163671870669111996e+01 4.163671870669111996e+01
3.160527961203739267e+01 3.452918843892769729e+01 3.800612798128947389e+01 4.214196165453567744e+01 4.600757670021718582e+01 4.170664724737712703e+01 3.507450799090096893e+01 3.371510708930616573e+01 4.377734952622095221e+01 3.607996728265842279e+01 4.566709683513990825e+01 4.815543507956488867e+01 5.239311602392676548e+01 5.669061682409002856e+01 4.978776516255896212e+01 5.465801648339172658e+01 5.871317249676949501e+01 5.516034712435394738e+01 4.769345256800821176e+01 3.734752709402365412e+01 4.216332267780593668e+01 3.740354187865607827e+01 2.788633056187751080e+01 3.517682709631500160e+01 3.360629160927197745e+01 3.885242230779043382e+01 3.744081295804105025e+01 3.373140174760948895e+01 3.214099482402187391e+01 2.260639510684159248e+01 3.211925627543691775e+01 3.337546916017672061e+01 4.346165899431320412e+01 4.651516362792757064e+01 5.070460805043327213e+01 5.227783030072195913e+01 5.227783030072195913e+01
2.198321692219139933e+01 2.483167993892402947e+01 2.817185786857043794e+01 3.379583924802744832e+01 4.375748934819166180e+01 4.979385864002450290e+01 4.558256755197089660e+01 3.974522099889849613e+01 4.843534859858070973e+01 4.357674024617160313e+01 5.091047661192390450e+01 5.533015335534024359e+01 5.751784289621451762e+01 4.772488384613583179e+01 4.280908308995879707e+01 4.485309180425387154e+01 5.465801757295560748e+01 5.493360857803109099e+01 4.469448175495932674e+01 4.769345254062723427e+01 4.079116815937491225e+01 3.368880476385035649e+01 3.524814336050902597e+01 2.601837358258960364e+01 3.332115908235682156e+01 2.930343652414488176e+01 3.298778506890857898e+01 2.769433075938151489e+01 3.114424073489519174e+01 2.260639510684159248e+01 2.415599870385523928e+01 3.382204003306564033e+01 3.834677662909975027e+01 3.614161535830628935e+01 4.340068498283189768e+01 4.654613476253295801e+01 5.074012207901666471e+01
2.501854461537923768e+01 3.452918843892769729e+01 3.800612798128947389e+01 4.214196165651856774e+01 4.789993438172412965e+01 4.597360474963938515e+01 5.010756545477991608e+01 5.028651662661775390e+01 5.440271072576303624e+01 5.409296914351759256e+01 5.245609362296339384e+01 4.552255728379272171e+01 5.042635525008303432e+01 4.772488384653442495e+01 3.775562816319668968e+01 4.772488384653441784e+01 5.472546779312898479e+01 5.904149562021421360e+01 5.493360857803167363e+01 5.521153393682428856e+01 4.800135554612354127e+01 4.379655239053482774e+01 3.939631411114309856e+01 3.332115908235681445e+01 2.424610766393890060e+01 2.307563414641638744e+01 2.661980962820759089e+01 2.645265067631693512e+01 2.182714032634442347e+01 3.132691150159461202e+01 3.382203903953993773e+01 2.648740274692158891e+01 2.829221179141369547e+01 3.031013009710247275e+01 3.304018118508354007e+01 3.611385871659034308e+01 4.217378505214879425e+01
