output/example/elevation_000492.asc
nrows	75
cellsize	13.33333333
xllcorner	0
ncols	75
yllcorner	0
NODATA_value	-9999
[rows 34 to 50 of 75, columns 37 to 73 of 75]
2.892977696650340391e+01 1.875790973172092180e+01 2.294292109648699096e+01 3.290538470636540325e+01 3.828664271631465965e+01 3.259709197738626330e+01 3.954436784237276470e+01 3.594532826869397724e+01 2.563716307531763761e+01 2.739403169958489670e+01 3.597365544705945695e+01 3.338875850632662434e+01 2.340905639113840309e+01 1.633543301045390805e+01 1.226666053598247608e+01 1.934326730692784224e+01 2.922079365944906826e+01 3.474255399922181198e+01 3.605496278039488800e+01 3.423882618946105794e+01 2.957667339933245643e+01 3.588439774619387634e+01 4.598145492640828991e+01 4.998533618767251596e+01 4.555893343116967031e+01 4.126074584893498098e+01 3.843497513370506624e+01 2.813798946175191418e+01 2.458471546832343435e+01 1.472902130110614394e+01 2.456114252037727042e+01 3.272890632655852983e+01 2.412824592530035872e+01 3.279222704359230534e+01 3.315881863456042566e+01 2.639743728519297505e+01 3.384870699544532613e+01
2.478070024430676455e+01 1.750245416848564872e+01 2.556186206623223356e+01 2.551886007957006797e+01 2.908928839672807953e+01 2.555523182328459697e+01 3.545953267253808150e+01 3.900242636147343944e+01 2.873289255163341949e+01 2.135430543270967974e+01 2.845748589586547794e+01 3.270991373917615874e+01 3.046651144184998472e+01 2.164544836495781510e+01 1.155714599846998780e+01 2.162658721298148023e+01 2.486391370507715592e+01 2.902144464314578798e+01 3.486541245020750779e+01 4.037224924789146030e+01 3.749079745388334572e+01 4.201392722654548351e+01 4.871715449200831216e+01 4.343629414405092604e+01 3.500732641331564565e+01 3.042683287863188824e+01 3.572712689093589233e+01 2.515142998639505123e+01 1.803213744574269128e+01 1.433034107114802325e+01 2.410708938025796044e+01 2.851801050006716309e+01 1.836144615380323586e+01 2.851848684813961299e+01 2.269812687453523381e+01 3.315881450764472760e+01 3.685674052972913017e+01
3.018955997257466350e+01 2.568627554579324013e+01 1.580837872144770628e+01 2.409687943815233524e+01 1.934624401881210431e+01 2.711161349791434105e+01 2.803394449991329296e+01 3.215028355739114119e+01 3.597365060843536355e+01 2.845748589586547794e+01 1.802854920128239158e+01 2.550915253846244113e+01 2.935168409798379585e+01 2.095762332240279591e+01 1.084421321780953917e+01 1.291796010895164848e+01 1.493924289441983966e+01 2.055067324965467890e+01 3.075682432982602776e+01 3.791752878848842556e+01 4.194321990378056597e+01 4.683667684988488844e+01 4.447501000814822447e+01 3.378062584184905859e+01 2.821355834042481803e+01 2.407192231371502089e+01 3.071856111781311682e+01 3.155341682417068583e+01 2.363541784622438158e+01 1.392216505446897301e+01 2.363555725262141038e+01 2.630100256799198633e+01 1.836144615380323586e+01 2.000977531051982083e+01 3.031177369706757574e+01 2.795220801756531515e+01 3.536400168196531268e+01
2.235919492330545921e+01 1.942727731988592765e+01 2.430111155250003563e+01 1.432863511420460512e+01 2.286751720839980706e+01 1.755158524745816351e+01 1.971478460696883772e+01 2.693315640134900235e+01 3.218218335379037853e+01 3.255035570252705668e+01 2.550906548541779628e+01 1.511412287573096691e+01 2.275372415014982863e+01 2.003485221883421730e+01 1.016500505432174073e+01 2.031258347246676621e+01 2.486390852866451695e+01 1.828280460014580200e+01 2.846390740297220745e+01 2.780389133366790233e+01 3.299889007045390343e+01 4.283630062095504343e+01 4.871715449200831216e+01 4.343629414405092604e+01 3.705079853159072201e+01 2.611008164797086195e+01 2.004101678024314026e+01 2.675179985261544502e+01 2.216077779160166372e+01 1.392216505446897301e+01 1.511599910651736423e+01 1.635634126762978369e+01 2.328238246601040373e+01 3.031177500844000861e+01 2.840632127102404070e+01 3.836542301229290075e+01 3.536400168196531268e+01
2.684903892231623246e+01 2.581388811295736119e+01 1.879343940738530705e+01 2.288566528323495319e+01 1.295658132338185098e+01 2.154756462920981974e+01 1.560497821414102404e+01 1.952517615210860313e+01 2.800161482461966500e+01 3.408608318541413951e+01 2.942275977343554061e+01 2.281070707870424386e+01 1.268118278071066563e+01 1.113886327541943722e+01 9.487797231896289318e+00 1.669331244373522338e+01 2.683440572363058152e+01 2.846390740297220745e+01 2.219224801981508222e+01 2.824649196102257420e+01 3.833822852202433751e+01 4.683383851102359330e+01 4.729654389841279993e+01 4.305875343349166684e+01 4.150841272589381248e+01 3.514013744547444418e+01 2.725410305166798253e+01 1.700346346770220407e+01 1.522651320599376312e+01 1.351868011310778250e+01 1.823745361564500200e+01 2.604385772014290623e+01 3.055991559995476692e+01 3.783696163515919864e+01 3.879009192746470092e+01 4.302050552614235102e+01 4.561149569586204677e+01
3.617696767969241733e+01 3.010452678460874054e+01 2.578299034902290643e+01 1.861820518331729701e+01 2.154750991662769977e+01 1.163074343808410482e+01 2.027992237664011554e+01 2.026617089363617552e+01 3.018971557665152261e+01 2.997309349517919230e+01 2.018063914406244663e+01 2.222258455491437346e+01 2.233150115737556973e+01 1.820729499451649858e+01 8.816393680949538236e+00 1.903216971333792884e+01 2.571763122177221916e+01 3.007631518068745535e+01 3.251149184243074330e+01 3.659733466477491248e+01 4.236050614456136287e+01 5.042029251443874216e+01 4.000933188188911060e+01 3.258554383374097796e+01 3.701275855471261877e+01 4.129587115840850942e+01 3.167467980162411223e+01 2.628784876599205589e+01 1.867303215137227923e+01 1.351868011310778250e+01 2.139556203394245060e+01 2.956712039153930505e+01 3.601519966946480622e+01 4.024019655622651470e+01 4.300970103009812817e+01 3.884129550178916190e+01 4.012694109537064691e+01
3.852279721612475782e+01 3.564756827420449525e+01 2.572904103122836617e+01 2.863411036275903854e+01 2.512978342126528730e+01 2.027992237664012976e+01 1.033069184726439005e+01 1.906432189306995539e+01 2.304423283611905404e+01 2.156565248293758330e+01 1.683045007652519232e+01 1.152103699014013038e+01 1.738740654742949943e+01 7.971723270394091898e+00 1.820728131407823014e+01 1.176545668419247370e+01 2.161464941814277552e+01 2.118190395869700282e+01 2.437764553182974581e+01 2.930415859939625634e+01 3.645151060628045769e+01 4.685244086809537123e+01 4.729654389841279993e+01 3.701275969480082750e+01 2.674050906196798394e+01 3.263296538955176374e+01 3.690946071419183738e+01 2.997633420942901950e+01 2.217870481349824630e+01 1.310479633255416765e+01 2.234796931666495112e+01 2.857848342052562529e+01 2.579202568929725459e+01 3.601203062275416755e+01 3.726901612492115845e+01 2.895779171458282875e+01 3.023655534022241653e+01
3.278191478387178392e+01 3.967534298450421915e+01 3.564756827420449525e+01 3.164388268245982871e+01 1.913978971885245173e+01 1.033069184726439005e+01 1.906432236262874014e+01 9.063534584547545236e+00 1.786458511337795585e+01 1.674042001698183668e+01 6.575572155141587771e+00 6.575572155141587771e+00 7.144211781672633599e+00 1.738740603886127545e+01 2.235758451904880673e+01 2.161465000838986228e+01 1.491646337574722736e+01 1.787592130523648137e+01 2.483683069781247710e+01 3.462757443329376628e+01 4.378663817395342051e+01 4.585574199985982347e+01 4.172609807302617213e+01 4.129587115840850942e+01 3.263296538955176374e+01 2.267080827626082851e+01 2.911099508128658186e+01 2.729577781281300020e+01 2.098751424561925560e+01 1.267225939679675228e+01 1.416801612793341825e+01 1.818697530190539524e+01 2.878730876025906582e+01 3.304475569488313624e+01 2.891884195087904175e+01 2.325024787973379503e+01 3.023655534022241653e+01
2.864554246866748954e+01 3.426155866584613818e+01 3.565854846919639698e+01 3.476087001346790828e+01 2.278531728701429415e+01 2.280192292933207909e+01 2.314332624785274461e+01 1.786457883625011789e+01 7.813390079012959788e+00 1.785081573302606017e+01 1.590778441138517252e+01 6.575572155141587771e+00 1.668680001523058465e+01 1.242722322265545820e+01 2.211753880704750586e+01 2.836769126706758470e+01 2.058202278869606516e+01 2.803579397299978737e+01 2.586669738005721442e+01 3.646800622899998245e+01 4.826108108542191388e+01 3.972988098636070475e+01 3.227903902156899107e+01 3.554263078458239278e+01 3.690946388689950908e+01 2.911099508147067638e+01 1.929021384407457873e+01 2.377203590775086894e+01 1.350502259313481623e+01 1.224206213814059829e+01 2.166067352108506583e+01 2.816961034231712446e+01 2.990030886341972405e+01 2.582808141923906575e+01 1.914274957326560411e+01 2.344029883980969231e+01 3.037164770707715533e+01
2.030157944356355770e+01 3.012332350667040615e+01 2.605205791259990278e+01 3.288619857451880080e+01 3.273017694601323768e+01 2.284153972229332652e+01 1.579607344145058256e+01 1.080905538498268825e+01 6.955181054826548248e+00 1.575998979878681183e+01 5.805945983406594735e+00 1.590778622088075522e+01 6.575572155141587771e+00 1.669761410000062085e+01 1.946934688541188763e+01 2.914027660347460014e+01 3.039354270891517373e+01 3.461761081197587941e+01 3.816184408424543761e+01 4.398605564093858078e+01 4.310018707652736936e+01 3.881594794078990418e+01 3.554263078458239278e+01 2.593214915938463605e+01 3.554263078458239278e+01 3.335110621859114843e+01 2.600554962037602280e+01 1.610640638922240697e+01 1.952092832875765538e+01 1.183041186024365210e+01 2.012856611726521905e+01 2.178830609804941076e+01 2.306283944808607700e+01 1.625545105631836762e+01 2.581899245731614911e+01 3.299416271461594619e+01 3.326366301466346442e+01
2.210390306039647612e+01 2.802617688706229515e+01 1.913998140686207705e+01 2.802617688706229515e+01 3.430588813894760136e+01 2.972782125220741278e+01 2.075122256315992075e+01 1.518102540037078718e+01 1.593156873697509468e+01 5.805945983406594735e+00 1.487785281242656943e+01 1.557858746027615204e+01 1.674424445406763695e+01 2.111264256435605446e+01 2.914013354398900546e+01 3.296184044991603912e+01 3.795463317519406132e+01 3.344630552072261054e+01 3.650285290199485644e+01 4.074078758701582359e+01 3.692178573892890370e+01 2.797223883641339270e+01 3.227923539073388781e+01 2.262579076814633439e+01 2.810150617359077430e+01 3.129119421508405097e+01 2.924156746926979977e+01 2.594033933085010801e+01 2.146585544092738473e+01 1.141676037750998596e+01 1.496717187477547562e+01 1.253234446862374618e+01 1.370641386974875076e+01 1.523255441867213555e+01 2.473956870072495207e+01 2.959895107230164157e+01 3.411148807410491202e+01
1.966303443803112216e+01 2.400285763004228201e+01 1.405527694955663343e+01 2.048586079381844272e+01 2.969559236536974822e+01 3.456983372608161886e+01 2.916979095650907183e+01 2.511094865426638378e+01 2.008866712141255206e+01 1.519687740207494819e+01 5.134228332272023465e+00 1.143007127749412533e+01 1.393863551731117312e+01 2.046568193636791477e+01 2.864004846426670170e+01 3.847025800654272132e+01 3.308961184140577672e+01 2.486742286940538449e+01 2.635093344873551757e+01 3.654072960253350999e+01 3.255522887371153473e+01 2.197609864147725034e+01 2.644732575911784167e+01 2.810150617359077430e+01 1.848622082876946493e+01 2.157730227272021750e+01 1.935936867065056433e+01 2.398057656034352192e+01 1.480193279630144154e+01 1.484050982046426626e+01 1.081472475255306875e+01 1.955208394720712306e+01 1.970618634324340235e+01 2.472169531381493712e+01 1.752837459650942975e+01 1.937190478530121851e+01 2.520919656371050976e+01
2.299880206545560313e+01 2.048585787645832923e+01 1.040673975629000125e+01 1.575999805171447044e+01 2.565773682645175313e+01 2.708728934353182183e+01 2.824896052684838210e+01 2.778790986256316486e+01 1.764092105012309020e+01 1.448298284293880656e+01 4.638067166029328448e+00 7.263817287814095636e+00 1.882494745068615316e+01 2.575443452106060249e+01 3.188127322808978548e+01 3.715460394338909822e+01 2.912133355758922093e+01 1.925366588381619692e+01 2.604778589699605718e+01 3.596106622541002906e+01 3.255527653183850134e+01 2.197609865802569118e+01 1.666567177814156864e+01 2.245396030728672798e+01 2.442606273958689300e+01 1.493521709663435004e+01 1.271411490632800145e+01 1.931586651238289321e+01 1.655408871716615948e+01 1.022110377736565034e+01 1.179036526065307200e+01 2.608005977773152750e+01 2.853577080243435304e+01 2.705566247176610517e+01 2.438244003841987606e+01 2.704246401236603958e+01 2.261755898678593724e+01
1.107352706220820160e+01 1.411401822794462468e+01 7.461866586718543637e+00 1.757221081753638003e+01 2.413091026382281967e+01 1.723996082147209918e+01 1.896015595108173457e+01 2.770936326703689190e+01 1.643970205439759269e+01 7.988742699722105378e+00 4.154941741722355530e+00 1.078877160662974788e+01 1.180488099418762182e+01 1.713472505741802365e+01 2.774105682023747121e+01 2.708793357601895124e+01 2.609465159746761742e+01 1.614373827622394586e+01 2.316502603654168979e+01 3.316739335935415056e+01 3.692105331049007333e+01 3.081936893667526789e+01 2.245396030728673864e+01 1.353147011821418211e+01 1.925141142362550539e+01 2.267446372702496760e+01 1.893078702923096301e+01 9.619977880248697488e+00 9.619977880248697488e+00 1.493619587289768802e+01 1.896753721705178108e+01 2.907517952394451299e+01 3.758407807872092121e+01 3.678160947397876868e+01 3.432056248235422657e+01 3.368853015664375050e+01 2.511029896413308649e+01
1.934838697469269064e+00 4.047192948015247538e+00 1.198955059893018138e+01 1.204547817051534331e+01 1.513480533146521267e+01 1.041291959243639731e+01 2.010958462084785126e+01 2.331266120786036211e+01 1.719298421215729533e+01 1.333792327550909995e+01 3.688658535777830316e+00 1.374975720123886980e+01 2.045897706936893101e+01 2.542279306033683994e+01 2.861139623780539765e+01 2.443858857217929526e+01 1.707004745252357480e+01 1.369119722016029073e+01 2.362814569598232595e+01 3.123205446544987396e+01 3.168213590212922526e+01 2.748460114532919008e+01 2.443922433973415664e+01 1.809301549148354837e+01 1.071583542266666988e+01 1.836047015272173866e+01 9.044180557184187563e+00 1.891656900341638092e+01 9.619977880248697488e+00 1.933734117642891803e+01 2.404319737863574602e+01 2.373803042766865445e+01 3.117094397956046237e+01 4.001444793326276539e+01 3.955295915010581353e+01 3.141754480427532314e+01 2.814312973883286517e+01
1.934838697469269064e+00 1.127336132110361255e+01 2.158214187056403777e+00 2.158214187056403777e+00 5.309435225271921688e+00 1.204180946462139268e+01 1.334854767480907434e+01 1.620478488713690268e+01 4.394764808653821575e+00 4.428897291362523525e+00 3.349833217413699771e+00 1.717748311083649426e+01 1.891150719837930083e+01 2.373690089977647943e+01 2.282086941389241375e+01 1.442760529949392989e+01 1.135426036249969783e+01 1.135426036249969783e+01 1.707002128116624107e+01 2.708286755012036551e+01 2.748541696365210640e+01 1.715534454482340010e+01 1.876958235547789400e+01 7.547587681422422534e+00 1.764116630952347720e+01 8.480667814039046348e+00 1.827866352362000413e+01 1.878849874679804088e+01 1.933734117643015793e+01 1.243683657479492233e+01 1.459744016257834431e+01 1.692810839212541651e+01 2.689820550522371789e+01 2.970878364940855576e+01 3.996485657458722329e+01 3.846526684130036955e+01 3.123371157108869411e+01
1.055604476668655956e+01 2.158214187056403777e+00 1.153518674456108428e+01 2.158214187056403777e+00 2.158214187056403777e+00 2.211688667580705481e+00 2.543960686120422920e+00 5.687500318554306489e+00 1.280287329855836198e+01 3.102236636675917758e+00 3.102236636675917758e+00 1.408799188581122763e+01 8.953659691324828529e+00 1.687488476551917671e+01 1.624651101243444273e+01 8.667606869289420146e+00 1.865874842433052549e+01 2.130410446070081676e+01 2.546267203224510212e+01 2.683450522096021729e+01 2.684023329134098645e+01 1.659021827761170087e+01 1.087419996766249142e+01 7.547587681422422534e+00 7.930245662650449390e+00 1.777229568495540590e+01 2.210880552062021920e+01 2.811594614572242179e+01 2.614775462164806896e+01 1.714828327686668530e+01 2.433578224326462802e+01 2.689820550522371789e+01 2.128101290630668885e+01 2.711970607189286042e+01 3.742250192558010013e+01 4.159273208495103091e+01 3.408344943726568488e+01
