output/example/elevation_000008.asc
nrows	75
cellsize	133.333333333
xllcorner	0
ncols	75
yllcorner	0
NODATA_value	-9999
[rows 34 to 50 of 75, columns 0 to 36 of 75]
3.337042190676853259e-01 3.196191483596880190e+01 6.536468355857131485e+01 1.163039335228063038e+02 2.215514182129336120e+02 2.306096659744246153e+02 1.454685399310132539e+02 1.693431417517865327e+02 2.419520678866552998e+02 2.031206126290108500e+02 2.031635592994404078e+02 1.288416139578602042e+02 1.521849057083909713e+02 1.769686149098649821e+02 2.477402596710748242e+02 3.497253637581617909e+02 4.115710827982747446e+02 3.499606398357279318e+02 3.034934883461127697e+02 2.164581721925636373e+02 2.295481507425828340e+02 3.380186524253181233e+02 3.767710806261620178e+02 4.254003087906934866e+02 5.103849156314126958e+02 5.028695796701026097e+02 5.168616210222772906e+02 5.599868130740311472e+02 6.353124810044031392e+02 5.604837252660090599e+02 4.598735220816795959e+02 2.776769258807478309e+02 4.539871899627200378e+02 4.106362334734550359e+02 2.016377971910683016e+02 3.931665877846173203e+02 2.659990783967146513e+02
7.136489310454718904e-02 1.000392896816375981e+02 1.674973509595481005e+02 2.094818666773624898e+02 2.604182379424458418e+02 2.883285633164354067e+02 2.519527590762436091e+02 2.724745778366685158e+02 3.150410564112972338e+02 3.058040045279749393e+02 2.295633328109238960e+02 2.294899209687391135e+02 1.819618803076045026e+02 2.782071712160407628e+02 2.215565550825070034e+02 2.716323655207795582e+02 3.419857865116560447e+02 4.391375130152198949e+02 3.705516781917606295e+02 3.233943894583231895e+02 3.378444297619587928e+02 2.492408094740841022e+02 2.638406160990705303e+02 3.404153936968584730e+02 4.220320315661873565e+02 4.427709005275914365e+02 4.905925847876336547e+02 5.764415623569875606e+02 5.565996918020449584e+02 5.956685809519669874e+02 5.381983454677182408e+02 4.039023382285736830e+02 5.328710174218123257e+02 4.436524746722254804e+02 2.277768571575163605e+02 4.436526648364912262e+02 4.870194020684618295e+02
9.059049790830050464e-01 7.161499917530180426e+01 1.714633307726288365e+02 2.174740474424162358e+02 2.118375935064796920e+02 2.911613009828398049e+02 3.051597522278696033e+02 2.647508058153688353e+02 2.716472339472406929e+02 3.133807236231178877e+02 3.331569834297738453e+02 3.268956299368557552e+02 2.535399370542600366e+02 2.649260022846982565e+02 3.234210623408848164e+02 2.944296318828476160e+02 4.002482926079619574e+02 4.276193867928523105e+02 3.859393021824515699e+02 4.090744167271935225e+02 4.076050490383580041e+02 3.309031433517629921e+02 3.767654875548677182e+02 2.862948426012835625e+02 3.030213913514335218e+02 3.207892645659527489e+02 4.047229339460099595e+02 5.014918796235610330e+02 4.314423871433500040e+02 5.563887742186855121e+02 6.286767199509735065e+02 5.840544785554002374e+02 6.030017228539228427e+02 4.126095673615336068e+02 2.883280970365601661e+02 2.830136356403936588e+02 5.080682919698680848e+02
3.236511337782697062e-01 1.002915799594340882e+02 1.682948330366075993e+02 1.230587032797536438e+02 1.922130997955116243e+02 2.916432547189082243e+02 2.424893928837490762e+02 1.573515454986190605e+02 1.699990333655556185e+02 2.716475036155415523e+02 3.215008401647358482e+02 3.784101465693435102e+02 3.589965912328701734e+02 3.700104665327955900e+02 4.115307458701954033e+02 4.015358352164390681e+02 4.424128071125251722e+02 3.647868733325749986e+02 2.742553494776178695e+02 2.993684001601122873e+02 4.090510404807254758e+02 4.627440474146002884e+02 4.508514009625412768e+02 4.028642070983929102e+02 4.220073170049128066e+02 4.427315494679072003e+02 3.497145738261211250e+02 3.717597512766128602e+02 5.020134052626993366e+02 5.009516307861678683e+02 6.193865334508823253e+02 7.002571489534689135e+02 6.421197447177314643e+02 5.120096538414919678e+02 3.680204346936278625e+02 5.080925548086019603e+02 3.506048220702884350e+02
7.051176975622763798e-01 1.006728702536588003e+02 7.053335877576505197e+01 1.682916069827874708e+02 2.499936940648827886e+02 2.753711557113566641e+02 1.999850211821311063e+02 9.937000898581180763e+01 1.770930544139992264e+02 1.771074181544201451e+02 2.454002526696364157e+02 2.633164836313624733e+02 3.218694489911390519e+02 3.555956233317166379e+02 3.648456187062687945e+02 4.080920861698638191e+02 3.421939004951007064e+02 2.977071654687993600e+02 2.170884914259260370e+02 3.192170943079794370e+02 3.529878555715475272e+02 3.824655163379883902e+02 4.052028522934859893e+02 4.294998205290219175e+02 4.579260709659500321e+02 5.037395025982815469e+02 4.766325461855989829e+02 5.014051614973321875e+02 4.217992013198046948e+02 5.615119899608155265e+02 5.892316224824124902e+02 6.811482853475326920e+02 6.959131868353898653e+02 5.907221397437358519e+02 4.713568397813907609e+02 6.088077624887354204e+02 5.732531148667089838e+02
2.762602726440547274e-01 2.800908910162288379e+01 1.273657111725006814e+02 2.061688624396857961e+02 2.074947255151229228e+02 1.976960909430833624e+02 1.270102476625775410e+02 6.797836102976206973e+01 7.694898734545915886e+01 1.394026541905485885e+02 1.981731560752741927e+02 1.672424888264945366e+02 2.744178834221292504e+02 2.463942882462276316e+02 2.575961003787572281e+02 3.218956933278575434e+02 2.777909584375659051e+02 1.958092217410731450e+02 2.977069975548592424e+02 2.409626294438429568e+02 2.582900628735669670e+02 2.764596691549864431e+02 2.965061953844389677e+02 3.180582701277219257e+02 3.432769603585182381e+02 4.588385976745928474e+02 5.513399106623867283e+02 5.999561626964273273e+02 5.615069904078593481e+02 5.026952518253246467e+02 6.334569916158914111e+02 6.937003051779521456e+02 7.307634885576264878e+02 6.819715476504367189e+02 5.992261609985388304e+02 6.816942505450857652e+02 6.369126932554314635e+02
1.850613594792993588e-03 8.007136400100645091e+00 1.079539084717966375e+02 1.274109238204157748e+02 1.062236020471206785e+02 1.438633435823297759e+02 5.581701781077275371e+01 1.557429219566214726e+02 1.770931883541041145e+02 9.000337353459308076e+01 9.948095635206661314e+01 1.970003729627970017e+02 2.241602720335429524e+02 1.748436218654839820e+02 2.469110507665298826e+02 2.587929965586717458e+02 1.764060343322614699e+02 2.777370729560464042e+02 2.573482386859049029e+02 3.444889872143553475e+02 3.633004072863788565e+02 3.343904833960282872e+02 4.014194233602808595e+02 3.788432935751251875e+02 4.578388239629967416e+02 3.892697945582999068e+02 4.729520036809319663e+02 5.928520215476785324e+02 6.599839806690619071e+02 6.334573523544745512e+02 6.157773911841079553e+02 7.099641119074088920e+02 7.145900765259548280e+02 7.335604701401808825e+02 7.219587785623274385e+02 7.390213910980424998e+02 7.406187252470610929e+02
5.933543570421615510e-01 1.005610937928851740e+02 1.938978047321403508e+01 2.748174793115137859e+01 3.564309998851103245e+01 4.390447055498999873e+01 1.143890407253087318e+02 1.977456058656782716e+02 2.327100833043532759e+02 1.403312284197148188e+02 1.998758657172471658e+02 1.134656674704218773e+02 1.236023889779582561e+02 1.345611737620322401e+02 1.460752231320084036e+02 1.577986570959986352e+02 2.588315043216466051e+02 3.219404610003848006e+02 3.603006754596721635e+02 3.373867307565742522e+02 4.400060785289746264e+02 4.488965036024814594e+02 4.922191091714684603e+02 5.009435826138328025e+02 5.436060847249186736e+02 5.093699371352671506e+02 4.599207134228644236e+02 5.305826449300534478e+02 6.181753599317896715e+02 6.984852086381281424e+02 7.099787880840740399e+02 6.761724728343555171e+02 5.970510164483574727e+02 6.766072185048406027e+02 7.137573767702017449e+02 7.475549562923691838e+02 7.751401181205428657e+02
5.242591108685094037e-01 1.004767222695470679e+02 1.193217880767287653e+02 1.274112566631952888e+02 1.355826271668544791e+02 1.438651036690213232e+02 1.855748443139722497e+02 2.568414957658204116e+02 2.891159947933989542e+02 2.200753891178649724e+02 2.567683566354688764e+02 1.710790574953933003e+02 1.521205760164278047e+02 2.352735818301910058e+02 2.466801666948983609e+02 2.587741932237774449e+02 1.996672486711323984e+02 2.563066962712161967e+02 3.250433714027254268e+02 4.248992290418015045e+02 4.659450339606394778e+02 4.997350080894570397e+02 4.983090944279610994e+02 4.498940176962124724e+02 4.990678162215155567e+02 5.574933344102087176e+02 5.772917342887176346e+02 6.091355702926371123e+02 5.900681110297334726e+02 5.905569426025302846e+02 6.261763917846684535e+02 5.908717841431229090e+02 4.901767149461775830e+02 5.548624789831478665e+02 6.295863654356849111e+02 7.070117400556284792e+02 7.678730026608228627e+02
2.245761403057450201e-01 1.001924560955336858e+02 1.414565516000729986e+02 1.634305060167514227e+02 1.871118804134551397e+02 2.129830353152403006e+02 2.418108051763122717e+02 2.749943495313375479e+02 3.035012482054861493e+02 3.347825848931471455e+02 3.224859507448426825e+02 2.767597179473038977e+02 2.099723755018302995e+02 2.019231563584028777e+02 3.057119496352845545e+02 3.457034612129559719e+02 2.706495133227999759e+02 2.718015196509006728e+02 3.813023108619649975e+02 4.222410572734388552e+02 3.805971683458162715e+02 3.583381715569461221e+02 4.315733056813917301e+02 3.125044422893278693e+02 3.809360008314288848e+02 4.970521206897477668e+02 5.362549158720380547e+02 5.320526530883848864e+02 4.296535395486693574e+02 4.538373302322731888e+02 5.393631604713277738e+02 4.261413850484096315e+02 5.908950069448441127e+02 6.761259958261617840e+02 7.137603963154767825e+02 7.475614269381198937e+02 7.584763353663520320e+02
6.918070203250719086e-01 2.110348587674570808e+01 4.194891547658912856e+01 6.428172027019479629e+01 8.844770744804117157e+01 1.149635544128542790e+02 1.446902849494993859e+02 1.792426823358724732e+02 2.342933725209148577e+02 3.004559438404125444e+02 3.933284417620796489e+02 3.635920423017891494e+02 3.177938888514639189e+02 2.618598751767792123e+02 2.854320166725686931e+02 3.898829548054806651e+02 3.780973045300316357e+02 3.827702408570601165e+02 4.270230205387886713e+02 3.526673667324615167e+02 2.507754095221627608e+02 2.627294419324269938e+02 3.272015193710017229e+02 2.552692241603661785e+02 3.220292873207149000e+02 4.564106839309738461e+02 3.845927002397534693e+02 4.454625031739453789e+02 3.321832539602125394e+02 3.537801818058567846e+02 3.791532869308082354e+02 4.986262145286685268e+02 5.837072903320953401e+02 6.975799649633050876e+02 7.025746632044911166e+02 6.758533885239048686e+02 6.766463481625156646e+02
7.517111381045206153e-01 1.007195080173539878e+02 1.414570432608257704e+02 1.634304100097685080e+02 1.871119604758799539e+02 2.129844141660070989e+02 2.418216675495635570e+02 2.750012517013093998e+02 3.130094984487677721e+02 3.185398357896068546e+02 3.513169764445126475e+02 3.969492792384663176e+02 4.098332968211318530e+02 3.764446671600805985e+02 3.901112900022298504e+02 3.630961782472717232e+02 3.155391187558187198e+02 3.401710397721473100e+02 3.347577636394671572e+02 2.849163705034358713e+02 1.891092325176601037e+02 1.999008858660617136e+02 2.110408445639408512e+02 3.275739837163415586e+02 4.010221946820222456e+02 3.969152531875468526e+02 2.890635126332506388e+02 3.054828118744186440e+02 4.468062979619527937e+02 5.089645914367678188e+02 5.396293411661937398e+02 5.866393143128020711e+02 6.743811515637083858e+02 7.009967878162937041e+02 6.390264505544987514e+02 5.066590998450986945e+02 6.347034737227373853e+02
8.558244295687547076e-01 1.008235621213421638e+02 1.371213136331233500e+02 1.561909627286748616e+02 1.762541597948282117e+02 1.975006158875897029e+02 2.201919560992545541e+02 2.447027609500017604e+02 2.720418618297890134e+02 2.337128848062697557e+02 2.867731823083732934e+02 3.483875120063794384e+02 3.496215895313762303e+02 3.750102072661932766e+02 3.305853197940077735e+02 2.962027225508596189e+02 2.003984925530408816e+02 2.241477500243228178e+02 2.689227261717222746e+02 1.742915198699635084e+02 2.849192691231746153e+02 3.143341404248743629e+02 3.274177589902179193e+02 2.285778700310306704e+02 3.485000859732058984e+02 2.671920056137856818e+02 3.969370936963660483e+02 4.462552964012102734e+02 4.196190920358992003e+02 5.408986586999250221e+02 5.991171283638427667e+02 5.640133971156772077e+02 5.969308548708384023e+02 5.609444447966826601e+02 5.482158303101972479e+02 3.998665117731392229e+02 4.510697785074398780e+02
8.802730031229742957e-01 1.970240071370733048e+01 3.870523750506093563e+01 5.864163192659624002e+01 7.970479565514514775e+01 1.021514948270046546e+02 1.263236683622828167e+02 1.527275172968663242e+02 1.822331867464750133e+02 2.715653061385322076e+02 3.507778604711523940e+02 3.063600102879917131e+02 2.201254433979912335e+02 2.873829023227187349e+02 2.139684003474119436e+02 2.340231692153009817e+02 1.415063310432848311e+02 1.508034264131472639e+02 1.603135026349613668e+02 2.622651710702016885e+02 2.295317622342178367e+02 3.486805780830773642e+02 4.005741424637465684e+02 3.486432913678838190e+02 2.469635654487850047e+02 3.683062107437544341e+02 3.807212780960581995e+02 5.148284082510448343e+02 5.450898904374076892e+02 5.233102111249613699e+02 5.011334657895463351e+02 3.619441853251535690e+02 4.135799134401049173e+02 4.997786987773375813e+02 3.428562709753055060e+02 5.482334316556041358e+02 6.347739251403681919e+02
1.825126015476009611e-01 1.001498206675393874e+02 1.371220470988463944e+02 1.561910156341200206e+02 1.762541348758556410e+02 1.972489328680514973e+02 2.201909584233746671e+02 2.357806147155223755e+02 2.720299963806562573e+02 2.567525121032613811e+02 2.481467415919623249e+02 2.484630322391595882e+02 1.466357366404360789e+02 1.791238515103821669e+02 2.203458566614411325e+02 1.286405313527170620e+02 2.340232666846530094e+02 2.287925919314859868e+02 2.196129987351708053e+02 2.690456929520528888e+02 3.464500525168824652e+02 3.129921575259714359e+02 4.489625776997337425e+02 4.239415390674590185e+02 3.127045322660666216e+02 3.347553851080155027e+02 4.711915109716426286e+02 5.479295285252987924e+02 4.441743068852921397e+02 3.198807678480325194e+02 4.026102514703224529e+02 2.509506935758188888e+02 2.730274668032286627e+02 2.984434266643381193e+02 5.008699045033995958e+02 5.965364067775897183e+02 6.226692939406711957e+02
2.234715563764334556e-01 9.984870464786183675e+01 1.644503707614709640e+02 1.231312876004834749e+02 1.298687139896680094e+02 1.719282143473093072e+02 2.449335049735369978e+02 2.971288707513894565e+02 2.211175485298645071e+02 1.474777159433460554e+02 1.481441260496914651e+02 1.920985425455621680e+02 9.989788968884408860e+01 1.074178349019601200e+02 1.161437641178795701e+02 2.204278305062690890e+02 2.812708715505629584e+02 3.550406307866309703e+02 3.365868557190854062e+02 3.865153549877972523e+02 4.371963014122247841e+02 4.481868583116465174e+02 4.970808786507568584e+02 5.010330414410323101e+02 4.516375438529398707e+02 4.715159611002428619e+02 5.161740563537430262e+02 4.132819521732752719e+02 3.208481878682767388e+02 2.063102357722637237e+02 2.234610620009426043e+02 4.030570920566021300e+02 4.688189494991655693e+02 4.999021918534386373e+02 5.291307408966183630e+02 4.685743056574942216e+02 4.334541074653970441e+02
8.205654311753158847e-01 1.007883231934021637e+02 1.136618046789821506e+02 2.277982540181197990e+01 2.938064196549291651e+01 1.002251751190738531e+02 1.820323355952184841e+02 2.101987212463644141e+02 1.426994848198073953e+02 7.508638197695610472e+01 8.222057091845155696e+01 8.946443597963586569e+01 1.921163211503288721e+02 2.109704557241305451e+02 1.292438841822572044e+02 2.333237034419616123e+02 2.342530934647004415e+02 3.078343385127745933e+02 4.195726463035910001e+02 4.185284683366760987e+02 4.632326607572608737e+02 4.800488372478163228e+02 5.208876469720933073e+02 5.809384912075466900e+02 5.063029070167481223e+02 4.500094823459798477e+02 3.842937957553177171e+02 3.028930027655247272e+02 1.838978252978813543e+02 2.937476893794784587e+02 4.022334608754818532e+02 4.670846790437695972e+02 5.237455884840368299e+02 4.650495725662565292e+02 4.465303498106421216e+02 2.465042516492582934e+02 3.947571553034038061e+02
