output/example/elevation_000044.asc
nrows	75
cellsize	13.33333333
xllcorner	0
ncols	75
yllcorner	0
NODATA_value	-9999
[rows 51 to 67 of 75, columns 0 to 36 of 75]
1.369999999999999864e-02 3.551583107799211270e+00 9.348942855098350435e+00 1.643571152064190244e+01 2.620627667121019044e+01 2.511685381253216676e+01 2.887079292318574986e+01 2.039064610395312016e+01 1.254001193054753394e+01 1.819821104066601691e+01 2.204039152565006177e+01 1.789119891866043943e+01 1.157925944381891625e+01 2.154716647439513721e+01 2.239077900940780097e+01 1.215184180301473837e+01 5.788619875090486921e+00 1.333956716267723408e+01 2.337884515148844145e+01 2.113771175696478011e+01 1.929383509373200312e+01 1.999616779075712003e+01 9.782309125843561048e+00 1.467321552543820218e+01 1.587308504613483073e+01 1.180150511394205814e+01 1.158577402655068056e+01 2.685967342511937694e+00 1.264241271438312175e+01 1.058735721808700347e+01 2.053464614420762757e+01 1.613826397488595532e+01 1.553683591587358848e+01 2.487634099220630191e+01 2.392595270649238159e+01 1.995626251922530869e+01 1.165074285191206727e+01
1.290000000000000001e-02 1.001289999999996283e+01 1.738720055031162914e+01 2.142907801534844126e+01 2.573568328732801191e+01 2.580611965652842343e+01 2.992102459248960145e+01 2.611839380275796429e+01 1.617865062484406735e+01 2.356474726532123753e+01 2.710506643669711124e+01 1.637465797075065765e+01 1.698002955373885925e+01 1.929762531399321901e+01 2.636468541695928636e+01 1.781827629942072377e+01 7.315535004652419460e+00 1.483902207132630480e+01 2.460900535038118164e+01 3.061664568028529132e+01 2.778046192455311925e+01 1.768750635476995825e+01 2.001841904983612253e+01 2.417874797482032889e+01 1.947234829672156309e+01 1.318823218283765719e+01 2.685967342511937694e+00 1.222139572698105781e+01 3.375598863316051190e+00 1.326037371948710053e+01 1.456597738970150857e+01 9.235867866530597325e+00 1.624357102290856147e+01 2.549438194332033447e+01 1.993773469027642875e+01 9.991397570888681301e+00 1.995626226321914842e+01
1.329999999999999932e-02 1.001329999999996190e+01 1.219260466730027304e+01 1.135702325321539874e+01 1.767017532780707612e+01 1.583936072691661323e+01 2.446853118503452862e+01 3.043102901548977357e+01 2.195033403463428456e+01 3.023300527909288249e+01 3.007021559144090617e+01 2.024333244006643184e+01 2.317697662727657359e+01 2.806662284575180166e+01 2.642178041924680088e+01 1.644558020622417516e+01 8.985457717864701266e+00 1.931835297519038974e+01 2.415860475440283039e+01 3.338861483778303096e+01 3.228773526240208014e+01 2.812598519322978774e+01 2.775408729312263745e+01 1.736205308839091899e+01 1.521423371569455085e+01 4.503847946020697712e+00 1.319006726052121081e+01 1.494467242521113803e+01 9.247610365704973745e+00 4.108773932638763782e+00 4.692591538909292481e+00 1.453893510644964771e+01 1.947694703905435887e+01 2.375782743568234423e+01 1.887243275637966633e+01 8.859311922163302100e+00 1.888201627358551704e+01
1.369999999999999864e-02 1.781464845992007717e+00 3.577506802991908597e+00 5.467363571189521210e+00 7.787817858000224192e+00 1.046272160105315940e+01 1.742167743794151136e+01 2.739573567696396594e+01 3.207472111891104305e+01 3.628184308518564904e+01 3.011897432308632361e+01 2.714819263594727161e+01 3.223343549555686138e+01 3.348677521254457190e+01 2.775723795239231606e+01 2.111638889579626266e+01 1.094521765812896419e+01 1.463257846241127247e+01 2.149798023912391187e+01 3.129839973018011889e+01 3.565254529698960084e+01 2.989606001224676390e+01 2.579182514522134895e+01 1.736205308839094030e+01 6.516096907880541522e+00 1.521423371569455085e+01 1.949779510550247608e+01 2.156943247214539028e+01 1.523638273681796207e+01 4.108773932638763782e+00 1.461621299332435520e+01 5.541853723705307821e+00 1.559409053142832846e+01 1.441098659980211671e+01 1.742048138499932364e+01 8.859311922163302100e+00 1.473579658486942279e+01
1.319999999999999993e-02 1.001319999999996213e+01 1.358723887649695250e+01 1.353467965275990714e+01 9.595404031811817447e+00 1.978797821412812041e+01 1.507328643035823212e+01 2.004960430420226558e+01 2.711311761218202321e+01 3.709096496653160102e+01 4.028973120330768154e+01 3.729107576438615013e+01 3.716478917199457044e+01 2.937495975242455870e+01 1.945233250500698929e+01 1.367383248512203053e+01 1.094521765812896419e+01 2.246715450153156013e+01 2.436930566624217320e+01 3.428648145467406039e+01 3.158340611078302729e+01 2.155209363752974028e+01 1.531278261112111849e+01 1.974174675991967121e+01 1.736205308839094030e+01 6.516096907880541522e+00 1.736205323136955414e+01 2.367866555586534716e+01 1.710550666610059523e+01 5.951811135170110845e+00 1.710289515068906852e+01 1.559409029092850751e+01 6.377911145423714068e+00 7.361485204742512778e+00 7.361485204742512778e+00 1.742048147011782433e+01 2.295692877369501872e+01
1.349999999999999985e-02 7.084567811869327159e+00 1.708456785223209451e+01 2.264856089452708332e+01 2.185532527267429970e+01 2.638766671907340111e+01 2.082249154391042367e+01 2.917833535187358507e+01 3.417100433502607615e+01 3.954547761310389831e+01 3.539561825177972310e+01 3.954547761310389831e+01 3.305697882062865034e+01 2.310225373464199095e+01 1.816603564818113625e+01 2.364612824004609948e+01 1.440271492068455927e+01 2.078571833630761745e+01 3.231504409914704468e+01 3.673509953207748424e+01 3.111151016370200395e+01 2.708413951312547496e+01 1.974174707837826404e+01 8.836619988381167801e+00 8.836619988381167801e+00 1.736205323143003199e+01 2.161158921525496268e+01 1.962672580489543961e+01 9.084176679782025587e+00 1.710550706930403564e+01 2.120352144291530294e+01 1.641410578963673217e+01 1.644002493871136750e+01 7.436941197880355681e+00 1.741086745647345424e+01 1.436303095734907664e+01 2.269120298220413190e+01
1.369999999999999864e-02 1.001369999999996274e+01 1.479612180887977679e+01 1.893823458273709548e+01 2.471168296652275131e+01 3.096876508855213572e+01 3.080733483228601344e+01 3.494301485369106786e+01 4.032195064527507355e+01 3.450962058513035657e+01 2.530192299883979246e+01 3.450962058513035657e+01 3.716478919733558683e+01 3.219293208323075106e+01 2.310225373464199095e+01 3.022243271718939184e+01 1.890714176908783983e+01 2.615633185809617345e+01 3.662039771004416622e+01 3.271757333945953405e+01 2.296017981522863494e+01 1.687043166515533699e+01 1.345028557446132034e+01 1.155950562519643121e+01 1.669888141710676521e+01 2.394249215980892487e+01 2.829629352564747080e+01 1.857403001883255200e+01 1.130186203479155793e+01 1.728898529390778904e+01 2.686361941529615294e+01 2.615052642383630399e+01 2.120516394811351901e+01 1.747532955197750226e+01 8.534266555678609478e+00 9.391651313796703704e+00 1.938499921484202915e+01
1.379999999999999977e-02 2.370822603955156538e+00 4.796178854318482898e+00 1.056968154465621623e+01 2.056967297158960406e+01 2.096881321121960440e+01 3.096876508855213572e+01 3.950985697721250034e+01 3.617358879278306460e+01 2.608470778186908134e+01 2.026029992080215791e+01 3.034877062530975778e+01 3.831872690869843723e+01 3.716478916495645279e+01 3.014611176541762205e+01 3.458950213801039553e+01 2.497641752792760883e+01 3.458950213801039553e+01 4.119194629937775431e+01 3.324675463847365364e+01 2.350280464565454608e+01 2.622008889784133956e+01 1.599734893206394304e+01 2.008286772734642511e+01 2.616850496111321434e+01 3.118607079765638801e+01 3.019109878986387230e+01 2.051820608619220465e+01 1.350800266828064977e+01 2.324190636909462171e+01 3.059457174779593558e+01 2.863215373677748943e+01 2.146891576036307470e+01 1.161354996875599532e+01 1.856580847266400269e+01 1.937184380131771633e+01 1.064168290481437573e+01
1.309999999999999880e-02 1.001309999999996236e+01 1.479617522939926921e+01 9.268314809310549407e+00 1.280384871521499868e+01 1.987491628075081351e+01 2.987488248817279768e+01 2.944890206726074311e+01 3.124060212472964793e+01 2.707563842579289215e+01 2.026029992080215791e+01 2.406635559722496609e+01 2.991078445056908564e+01 3.997902643536095724e+01 4.008443354348851528e+01 3.984707269122956319e+01 3.569324372649619903e+01 3.984707269122956319e+01 4.393938522387596635e+01 3.726708574736500879e+01 3.043058709258702166e+01 2.962815659427106141e+01 1.942597836451670901e+01 2.590352330134170344e+01 3.215105980708073474e+01 3.535140348803795263e+01 2.569735739347403580e+01 1.884598421275265778e+01 1.615058618202541751e+01 2.585769565390826585e+01 3.150213615021953473e+01 2.178754589916531970e+01 1.489745526012449339e+01 2.147352888034804508e+01 2.548337163796200855e+01 2.427599860058847270e+01 1.452951757765513463e+01
1.349999999999999985e-02 7.084567811865461806e+00 1.708456781167312144e+01 1.926830825177646389e+01 2.280383857126770408e+01 2.694582958715320942e+01 3.165008686001928595e+01 2.231667402961516800e+01 2.416620746876082038e+01 1.699707394840630670e+01 2.707563842579289215e+01 3.416612421517508125e+01 3.831872690869843723e+01 4.411934916214411118e+01 4.024818250696172584e+01 3.615244444229804088e+01 4.024818250696172584e+01 4.098829923758157889e+01 3.398077815653931566e+01 4.004523712580751749e+01 4.004558452166810412e+01 3.431655039844624611e+01 2.525589119794880588e+01 2.603160286676024526e+01 3.458068504758171713e+01 3.535140348811438571e+01 2.569735739347403580e+01 2.303033525923380509e+01 2.585769565390826585e+01 2.103088134306156931e+01 3.068450996475496595e+01 2.713752193369494492e+01 1.743709807701577574e+01 2.713752193365636600e+01 3.111243703934785287e+01 2.152630651431647024e+01 2.433019743776178245e+01
1.369999999999999864e-02 1.001369999999996274e+01 1.793468033353894242e+01 2.293468035461682319e+01 3.055316789590283477e+01 2.638583154331067604e+01 2.158583077903342584e+01 2.159055545118372166e+01 1.402585533520258743e+01 2.416620746876082038e+01 3.124060212500499745e+01 3.713146360379719368e+01 4.112804489067035263e+01 4.101520236454476986e+01 3.526234908452504158e+01 2.614611601547567687e+01 3.526234908452504158e+01 3.449136507674560903e+01 2.689125516709903962e+01 3.006256675711859927e+01 4.004523712580751749e+01 4.042881601203184516e+01 3.575301298820824769e+01 3.472869228742470682e+01 3.855682683268125999e+01 3.943542837247742483e+01 3.535140348811438571e+01 2.860126479913012432e+01 3.473337367643438967e+01 2.586548539690923576e+01 3.473337367643438967e+01 2.993956002658290672e+01 2.023301534333218754e+01 2.993956002658289606e+01 3.494988887358339014e+01 3.111297174167093971e+01 2.684101183465574536e+01
1.290000000000000001e-02 3.792544730092268335e+00 8.792544730092251015e+00 1.879254473006517401e+01 2.638641134102953956e+01 1.620774741274917830e+01 1.917024407199536640e+01 1.125985345108581015e+01 2.159055545118281572e+01 2.833315410891030339e+01 3.049216209874477812e+01 2.774207337066794565e+01 3.713146360379719368e+01 3.692435718141159384e+01 2.692156509013178578e+01 2.117846910545542372e+01 2.669027273743430939e+01 2.450725314218237472e+01 2.191509778617700732e+01 2.896772837532817135e+01 3.896008169020764456e+01 3.962487150033059180e+01 4.073162958839175474e+01 3.654595258847950134e+01 3.708206512244446884e+01 4.126544414047776144e+01 4.236721074427283895e+01 3.826004929070085581e+01 3.958338282337054181e+01 3.550353453260068903e+01 3.958338282337054181e+01 3.399391920195528627e+01 2.582847933350669578e+01 2.636348475399282520e+01 3.609312452350697953e+01 3.132604672508637123e+01 2.181643475056603165e+01
1.359999999999999924e-02 1.001359999999996298e+01 1.793468033824391483e+01 2.293468036296397727e+01 2.781728219955923720e+01 1.918860124214987550e+01 8.599495901575739509e+00 1.918860124219510865e+01 2.576348738995678644e+01 2.544353375855358124e+01 2.104704333766846247e+01 3.049216209874477812e+01 3.445507871313523651e+01 3.028480754511715034e+01 3.374543511125473572e+01 2.376725469862075357e+01 1.675430057702476816e+01 1.749067468859331242e+01 2.742398981797137480e+01 3.457030315868126280e+01 3.662928293312960193e+01 2.945506108588583416e+01 3.486481539678685948e+01 2.636092840324081976e+01 2.689993903598089275e+01 3.540075123991703521e+01 4.126544414069277877e+01 4.555205824867383058e+01 4.150796124849461677e+01 4.150796124849461677e+01 4.258613698800045455e+01 3.962723941655312387e+01 3.555540069033278172e+01 3.323153721654749404e+01 4.016707034442572422e+01 3.490112437337617735e+01 2.546925760598738364e+01
1.379999999999999977e-02 5.787309105226945860e+00 1.285882657810432406e+01 2.287509701823395147e+01 2.358798152405183401e+01 1.325876917177395242e+01 6.943899890073573999e+00 1.758811232217363951e+01 2.131180123921597414e+01 1.575376209651553872e+01 2.268110637426075016e+01 3.211262341478418847e+01 2.868888678861283736e+01 2.033085073909842322e+01 2.867834528046335762e+01 2.403434776073179435e+01 1.396312009929353515e+01 1.473333421910718144e+01 2.056319058889784301e+01 3.051718048395528982e+01 3.243372959177954584e+01 2.219015005466176760e+01 2.595512105020567972e+01 2.039921911969502943e+01 2.094522824539709305e+01 2.689993903598089275e+01 3.708206512244446884e+01 4.150796124849461677e+01 3.138675836189071688e+01 3.138675836189071688e+01 3.250042796392647659e+01 4.258613698800045455e+01 4.200991942431387116e+01 4.300160740988317798e+01 4.500150173241914331e+01 3.873355876625302585e+01 3.221229108646750916e+01
1.349999999999999985e-02 7.084567811865484899e+00 1.708456781188612084e+01 2.556348795664652940e+01 1.843373661209743020e+01 1.417528710877798837e+01 5.499741878593614075e+00 8.202474613617164678e+00 1.122525872451826956e+01 2.131180123921597414e+01 2.354783332862730205e+01 2.761822502231065002e+01 2.453698660066344317e+01 1.475783393213343331e+01 2.453518039817693364e+01 2.151167026378800884e+01 1.101914315166376390e+01 2.151041595958240649e+01 2.886398468813102980e+01 3.092376020867531494e+01 2.848035179285583496e+01 2.595512065868114604e+01 1.562094568636215719e+01 1.574177182236056183e+01 2.607434933997750193e+01 3.026147155947541378e+01 3.045295882635210205e+01 3.481248552182030664e+01 3.435119005361214306e+01 2.386413667949052098e+01 2.987949547026240893e+01 3.406575345243077635e+01 3.191961231161902646e+01 3.837225337354872323e+01 3.624796437822501360e+01 4.243994479568866041e+01 4.144877957616404274e+01
1.359999999999999924e-02 1.001359999914140175e+01 1.624828431862413680e+01 2.025546758424145111e+01 1.120454385736479708e+01 3.835249941287921960e+00 1.318004522963379443e+01 1.742604757227349666e+01 1.802558929029962798e+01 1.698407314595655393e+01 1.420808803811924115e+01 2.072712360289023437e+01 1.673447736422923171e+01 1.144604034194996700e+01 2.090893660286411304e+01 1.918416600273370065e+01 9.026518288348759356e+00 1.764148942881418236e+01 2.170317996346240008e+01 2.136500695613675305e+01 1.851143602785923292e+01 1.943133429678149326e+01 1.215358024522160107e+01 2.230143824300296984e+01 2.592071572354877773e+01 1.976600996819945522e+01 1.979399957427020951e+01 3.032663270715435999e+01 3.018094776056728179e+01 2.591929069431570909e+01 1.903475530525706105e+01 2.987884539091015768e+01 2.468773485965861170e+01 3.162509808846570891e+01 2.963076780476930239e+01 3.881181610989866471e+01 4.207327809473645175e+01
1.290000000000000001e-02 1.001289999999996283e+01 6.167893691586075811e+00 1.085614054449704291e+01 1.105792664869584740e+01 2.703867959010424205e+00 6.350019280709299885e+00 1.211974828810066818e+01 1.137184435738962840e+01 7.009621571648043670e+00 1.204838416170619375e+01 1.375009303333746757e+01 7.182620406714272931e+00 1.459072285891111598e+01 5.395765267165884893e+00 6.831628676399143174e+00 1.587997150292954807e+01 8.386180589192814949e+00 1.564954591753530444e+01 1.683904729490366137e+01 1.253878386470735329e+01 9.649844318009538569e+00 1.829568373325624719e+01 1.884330953651613783e+01 1.810039667823876286e+01 1.302142622429357921e+01 2.273632365608287387e+01 2.719249182978671087e+01 2.588813920821995751e+01 1.492464868285282620e+01 2.316763989100354237e+01 2.562472873515524086e+01 1.962197800641516210e+01 2.340202910765368216e+01 3.300204503370250819e+01 3.337388707181970204e+01 3.048005342596542988e+01
