output/example/elevation_000035.asc
nrows	50
cellsize	20.0
xllcorner	0
ncols	50
yllcorner	0
NODATA_value	-9999
[rows 17 to 33 of 50, columns 0 to 36 of 50]
9.098509734387574266e-01 7.522175624037233277e+00 -6.043751698120164519e+02 3.577720733376701934e-01 4.542274128044556214e+00 9.579805403153196508e+00 1.312948484069503863e+01 1.743205659249507633e+01 2.315490117154232763e+01 2.156426056654196799e+01 1.154400717286368661e+01 4.905891304591239788e+00 4.751732217679437653e+00 1.385294083457435121e+01 1.303964368392313844e+01 6.045761256958503971e+00 9.478612492780037257e+00 1.308236935155047131e+00 2.091214781568952574e+00 1.042008588808927882e+01 1.168194317483414402e+01 1.616898166801982129e+01 1.214403522984972916e+01 -2.252985020302705834e+02 1.203392332167947743e+01 1.665114918322803916e+01 1.318167012318290965e+01 -9.861971908194423975e+01 6.344199351320449765e+00 1.497767814772308448e+01 1.932907100269838097e+01 2.344996292872583155e+01 1.664023495893485105e+01 6.969369134148914569e+00 5.717346956454401941e+00 1.053803993630734226e+01 2.047133176236515695e+01
6.729603419142361487e-01 1.067296034191419984e+01 6.001765768113616062e+00 1.011798540219644771e+01 -4.544173402404580884e+02 -1.111071401494069466e+00 3.292376073283270976e+00 9.136852236852316622e+00 1.900021458196696500e+01 2.098813968433725563e+01 1.522769171771503061e+01 8.412639701894580213e+00 3.278417235020586684e+00 1.093802093082100413e+01 1.087681089259833378e+01 1.570148297327186304e+00 1.824566898836370799e+00 -3.499430393637608177e+02 8.233626338185745297e+00 -6.189924709155200162e+02 9.291337890513322595e-01 8.803212212407915516e+00 9.901979357803442738e+00 -2.122843697948185309e+02 9.268170306542824477e+00 1.935283611764945633e+01 1.754629215635974759e+01 9.062233732985726320e+00 1.174581023451728257e+01 1.361463627532060450e+01 2.403855462771463891e+01 2.522307247903014371e+01 1.530147395693253998e+01 1.013405386418987675e+01 8.716937346310878354e+00 9.285697030808320207e+00 1.605883020348084855e+01
9.500813129397378543e-02 1.009500813129393748e+01 1.618007883632299126e+01 1.001764189159027829e+01 -7.263170061590242312e+02 5.540451150296558103e-01 6.459352970878123656e+00 1.410032174749853340e+01 2.000492975391313877e+01 1.684683048295115171e+01 6.862506198036070870e+00 -7.294623794719343550e+02 6.346932213791876443e+00 -5.681360456201924762e+02 8.071150439366878260e+00 -8.680970096673009095e+01 1.848824846139258460e+00 7.854060005560138613e+00 1.188863724398811605e+01 -3.787403425759041511e+02 2.323654979803686960e+00 7.805532112827422431e+00 1.061235354255663843e+01 2.622885294797055344e+00 1.224057010333959639e+01 1.642914603122024531e+01 2.322818017836838678e+01 1.958090029090948292e+01 2.178808118330652022e+01 2.403877422236868711e+01 2.826821590295745779e+01 2.694741095445424151e+01 1.709169011119839610e+01 1.440885462559805319e+01 1.701037906541002087e+01 1.201329962793592365e+01 1.672391389178970300e+01
5.074168083889973868e-02 7.121809492704385569e+00 1.712180949270445396e+01 1.444901117068284613e+01 5.233197988470789319e+00 1.025755598382475142e+01 -8.170353918957307826e+01 1.028595688170838329e+01 9.990724779668271438e+00 1.073972615302268885e+01 9.358582507748440804e+00 1.255988776290807074e+00 1.244318504435068418e+00 1.437256215539187032e+00 1.497432474135952152e+00 7.209788402917006067e+00 1.292930980630069726e+01 1.513809601076350653e+01 1.531779135731371255e+01 5.231867390011232466e+00 3.673153716920546596e+00 -4.501173275689406950e+01 -1.119785988568595592e+01 2.143430356512005197e+00 -1.065333917496356264e+01 1.139513768934661009e+01 1.773256737577027309e+01 2.597683880707062443e+01 2.512574771232400650e+01 2.938963806859496941e+01 3.510937330918348209e+01 3.106261238406473879e+01 2.694741095462247316e+01 2.009043693489970295e+01 2.526272213202033257e+01 1.561779875243646387e+01 1.553235892348233449e+01
2.528005767708579876e-01 7.323868388636320503e+00 1.732386838863624945e+01 1.967195338903054846e+01 1.550839717877815538e+01 1.386291546441230871e+01 8.511228802859337250e+00 -1.871309862287017438e+02 7.581363959305118527e+00 -3.683008321380684151e+02 8.954756569667289057e+00 -3.476370637428208852e+02 5.911669816734717031e+00 -9.318156563773721928e+02 9.679289393197869629e+00 1.566981796474569677e+01 2.233639901489410562e+01 2.066513646964464357e+01 1.066891799604584179e+01 6.199887769901823553e+00 8.999564769508840101e+00 7.863767408268007131e+00 1.083088914769671973e+01 2.796265915398277180e+00 4.936729965287419475e+00 8.541798765808467309e+00 1.691176570427760595e+01 1.715267887905612199e+01 1.515130662251661242e+01 2.109894050600643212e+01 3.106902434814614722e+01 3.294684802602519369e+01 3.408684945598283633e+01 2.996383002932900652e+01 2.955609979694877154e+01 2.118829402756029268e+01 2.118340486319299742e+01
9.791283598286071310e-04 7.072046940225290790e+00 1.707204694022522062e+01 2.201696943024463948e+01 1.201717928761389231e+01 4.941823681406125601e+00 -3.981143186051875205e+02 5.408552215362456561e-01 7.213358064346615528e-01 7.506717115767165271e-01 7.527926815058761933e-01 7.289076558046017063e+00 1.515764805365325962e+01 9.685266638937758188e+00 8.324524555977836471e+00 1.831585062773455164e+01 2.540583513958881312e+01 1.532532963160191386e+01 8.558589443227257121e+00 7.979471310954686203e+00 1.809433644077330783e+01 1.500253941520804624e+01 1.353977946795464504e+01 2.912716115476728262e+00 2.810111209027352785e+00 4.211838297118725705e-01 1.092357730192442844e+01 8.979105817365391928e+00 1.408348996383321783e+01 2.430729802532848893e+01 2.358769200222511486e+01 2.291069297704838448e+01 3.294684802602519369e+01 3.572473718528882358e+01 3.519606280101923090e+01 3.107452756117926640e+01 2.814933228561797662e+01
4.600753433092569233e-01 7.531143155174719439e+00 1.753114315517465016e+01 2.494533612054893013e+01 1.494605000994647526e+01 1.278454086677129098e+01 6.412355832189470028e+00 -4.339813887277607591e+02 7.977044118459239108e+00 -8.202405117411068431e+02 7.273212371947991528e+00 4.270805651360709554e+00 9.105741313079757759e+00 1.910285228762580090e+01 1.831585062774078665e+01 2.245846792551236959e+01 2.525256288906653168e+01 1.516155325534646181e+01 1.076899313678244496e+01 1.508732208688254950e+01 2.223736866843003668e+01 2.506696161549212931e+01 1.798238376501042168e+01 8.198135507365648778e+00 3.398206812534491306e+00 4.776990709249977485e+00 3.711468344527836472e+00 1.024345499798907611e+01 1.797454539467348766e+01 1.690338513674885590e+01 1.476311310461439774e+01 2.358769200222516460e+01 2.559561171064588336e+01 2.559560453210639608e+01 3.059953004354860795e+01 3.478413300894249716e+01 3.808356104894966165e+01
5.979472710492108600e-01 7.669015082914673265e+00 1.766901508291460132e+01 2.444954764021409233e+01 1.444442367368752222e+01 7.394981690465219692e+00 3.632310326605181494e+00 4.427478292646422453e+00 5.185941817698770606e+00 8.699792543247946597e+00 1.488222289013486233e+01 8.989453767349051105e+00 8.033733016680644212e+00 1.308993921179816056e+01 2.309126970943024304e+01 3.086855366731370864e+01 2.085065798112037072e+01 1.403394849872665517e+01 1.356048321833874581e+01 2.345644494631558885e+01 2.920618821482300831e+01 2.901575810428319357e+01 1.881335167484041193e+01 1.672718207574216009e+01 1.327857689037869982e+01 -8.239692311324613883e+00 3.660632740494969894e+00 3.870927004604456378e+00 8.888121069844606481e+00 8.949570889648573058e+00 1.470938572860494808e+01 2.470254030865624273e+01 1.555452986530268156e+01 2.089991608125636446e+01 2.046934215221268616e+01 3.059953004358787965e+01 3.700576812975766927e+01
1.534601171854249602e-01 7.224527929050887032e+00 1.722452792905081509e+01 2.537558510376501175e+01 1.884225187793659728e+01 8.860530013938538119e+00 6.155182561201060665e+00 1.200031119164202309e+01 9.960157702516363898e+00 1.096345687608217290e+01 2.076264442740945881e+01 1.879218120093995381e+01 1.109532474709295080e+01 1.301701993341522900e+01 2.283058055229018990e+01 3.103586026934906172e+01 2.104403811629989818e+01 1.763156801213603586e+01 2.052996174718920486e+01 2.773608653899648502e+01 2.941585909207979554e+01 2.520805137811321828e+01 2.610124881365544880e+01 2.567494062802191479e+01 1.749383095433388391e+01 9.556556960930651101e+00 4.443193084725256981e+00 3.976909301131777763e+00 4.450876760085567874e+00 1.002773525364461626e+01 1.920466047017441724e+01 2.125289425915511643e+01 1.635816083836833101e+01 1.343376558883259797e+01 1.938317116884354974e+01 2.268764222470711900e+01 3.282675220207114819e+01
1.123418600940028211e-01 8.544383976203807407e+00 1.124546474837169896e+01 2.123737056626862341e+01 2.297976489335048456e+01 1.867809687426061416e+01 9.311377376817253193e+00 1.626320076986007734e+01 1.995121253755074164e+01 1.673753288871684575e+01 2.510486358849948019e+01 2.524745880671742171e+01 1.688215487378808177e+01 1.881004438915502064e+01 2.717505802135064386e+01 3.518100457445138574e+01 2.582755886296682135e+01 2.457051917413307152e+01 3.054724914586349271e+01 3.203078087061391699e+01 2.503968110464516172e+01 1.503530646527260473e+01 1.593261552856955099e+01 2.147528273215355554e+01 1.135834025371393352e+01 5.446835826202529596e+00 5.901559854173864750e+00 4.418700526499383940e+00 4.525455455279018047e+00 4.963796060575451641e+00 1.445754619194611834e+01 1.219757399319905034e+01 1.074298763937287760e+01 1.552297140334779257e+01 1.451591767370903341e+01 1.979661345019957253e+01 2.988283937113019562e+01
2.368195578726151052e-02 3.185959615955637592e+00 8.754724636601304510e+00 1.582905561945876904e+01 2.582300404390411686e+01 2.346313992072014543e+01 1.396365098618944600e+01 1.564227288942327831e+01 2.551976561853755143e+01 2.673624616241337293e+01 3.087746787319468567e+01 3.101866482864746999e+01 2.687790606316156428e+01 2.880431537522246188e+01 3.294606376654115820e+01 3.997511130728639728e+01 3.583405683098768435e+01 3.459984965942331314e+01 3.487011162709656986e+01 2.476663818019005703e+01 1.767731261789614550e+01 1.375809158668983301e+01 1.117399751887839088e+01 1.422371899564608277e+01 8.686637538923150714e+00 6.294522786455955199e+00 5.776199782941425553e+00 1.408948416598857456e+01 1.014212072411975285e+01 5.535539594533488206e+00 6.356287709752812987e+00 8.140727060349368216e+00 1.203180627216442211e+01 2.040921290971054702e+01 1.996612270157582714e+01 1.983081149046737934e+01 2.615657892240968252e+01
6.540601710037032834e-01 9.353645781016167504e+00 1.119098810900919183e+01 1.826709123668773316e+01 2.827711786209470546e+01 2.812618462987410339e+01 2.397933424055411322e+01 2.271904109736144051e+01 2.979035427346079956e+01 3.323122944238551923e+01 3.121281684267111700e+01 3.193117567390373068e+01 3.486533807581008659e+01 3.656126000806079190e+01 3.339269154653320015e+01 3.454280447603287740e+01 3.868771061878998552e+01 4.220707027549522650e+01 3.210554251095155109e+01 2.496594058666400429e+01 1.911159210797002928e+01 2.061848247562364733e+01 1.418635076379378646e+01 7.820018658443411930e+00 7.395303346052925164e+00 7.036053204451847343e+00 1.540890068988417916e+01 2.003542141079058325e+01 1.680430076222012659e+01 7.413948098563549749e+00 6.238308784375893978e+00 6.847331614883579221e+00 1.367878737335658990e+01 2.382476020335224831e+01 3.013962236436606190e+01 2.863475945994334992e+01 2.810317604724745522e+01
4.909850854147627119e-01 3.339429305246232271e+00 1.281144365983009692e+01 1.812705736410563162e+01 2.016450998700202746e+01 2.618036088499838243e+01 3.087377184875462532e+01 3.272009632818654268e+01 3.323122944238551923e+01 2.311905536909806713e+01 2.108135186210043699e+01 2.181202685869579483e+01 2.477585692670585260e+01 2.648287364322587578e+01 2.327923252153330935e+01 2.444478619850168855e+01 3.339238752067304716e+01 3.919213812547041442e+01 3.917573804807545201e+01 2.907036246386054401e+01 2.810702009109964550e+01 2.452743169189679762e+01 1.868920116056954939e+01 9.038224737182622093e+00 8.453937753898904006e+00 1.398656786325395807e+01 2.126624489545191210e+01 2.650863232397697544e+01 1.681844367776965399e+01 1.181441097601073231e+01 6.603476528774320009e+00 7.082603150355599730e+00 1.618756424757998857e+01 2.130353462269574294e+01 2.425714613755778615e+01 3.433513147100048712e+01 3.825098339400344827e+01
3.962370847149454534e-02 7.119161416411080801e+00 5.636963978912254092e+00 8.482969905627953722e+00 1.225371945134065932e+01 1.672982212045295114e+01 2.380355064820983557e+01 3.380195753923932500e+01 3.121214422907186403e+01 2.106593128907961798e+01 1.479318330368888113e+01 1.458466111542530896e+01 2.365282743428811330e+01 2.131009652996059245e+01 1.628595597093219283e+01 1.905072745904263343e+01 2.498417201839903612e+01 3.505751990269009610e+01 3.575843722175891060e+01 3.003946200171079539e+01 2.572658339409286654e+01 2.015939768855549019e+01 1.071282110602807691e+01 1.019197200733592723e+01 1.688408080147335255e+01 2.245441113413817646e+01 2.800928937625792514e+01 2.734716208239559876e+01 1.730966451972615516e+01 1.168200543571478889e+01 1.248350200944725330e+01 7.824866130754788429e+00 8.480198021848291745e+00 1.427906808831242991e+01 2.399694688338871984e+01 2.828779687196184511e+01 2.916178057762424913e+01
2.605283927408929001e-01 2.392535556296998323e+00 9.317860189790554415e+00 7.681328006277388099e+00 1.233493790277141677e+01 2.219265607522962114e+01 3.087377184927822782e+01 3.415903677725132326e+01 3.000336969080265703e+01 2.471769307982429353e+01 1.452269368461094601e+01 1.122105936299350759e+01 1.498123749946665839e+01 1.412342135393467224e+01 1.648254933611513096e+01 1.862776581078939131e+01 2.471350160273609120e+01 3.481774289930482524e+01 3.162406721653702846e+01 2.176004492641089527e+01 1.605357716688262570e+01 1.301697023157994515e+01 1.080985910385451909e+01 1.148130643995921574e+01 1.477853962059628401e+01 2.464844697298159915e+01 3.014281636330534297e+01 3.152633770257819279e+01 2.582646755054210175e+01 1.728044399723738422e+01 1.953364320163843360e+01 9.039788062920818490e+00 8.800287609850750314e+00 9.792951321638653894e+00 1.984202831160817482e+01 1.819403293041896674e+01 1.903266697327767076e+01
3.048053885361223792e-01 8.943724610198453107e+00 1.653467130982214783e+01 1.601416287940676852e+01 1.474053418085991218e+01 2.473953592360498277e+01 3.455207364937667336e+01 3.000336968632508672e+01 1.987883188004888524e+01 2.127002079248236299e+01 1.962025634416869480e+01 1.039768992567612216e+01 1.129308238270010989e+01 1.723033140900962934e+01 2.647125537255728034e+01 2.709155013986388028e+01 2.585057730717216629e+01 3.591767745873458040e+01 3.065925372150089956e+01 2.078373585376941435e+01 1.520344857559698859e+01 1.464149216713864732e+01 1.722339091434835723e+01 1.483989291527107568e+01 1.363766690966035533e+01 1.628424499555471172e+01 2.593122854592959570e+01 3.276190793853845662e+01 3.151523906252451468e+01 2.733331753520675989e+01 2.377319465386131370e+01 1.719805820219177050e+01 9.360036387526820434e+00 1.012771164871161034e+01 1.241603443363863057e+01 -1.146914121673505207e+02 1.353934912072889851e+01
5.470844782054917754e-02 4.526844402820135116e+00 1.030034709471641108e+01 2.030034709471647858e+01 2.473953592360498277e+01 2.887759331868415202e+01 2.824466301908820398e+01 2.042166899379251888e+01 1.864936214210934651e+01 1.273897273023607113e+01 9.751233777462696040e+00 9.003725344720230339e+00 1.804936139833980491e+01 2.559354213844117609e+01 2.548258150963896540e+01 2.965373401672618670e+01 3.591767745873884365e+01 4.005648372204387897e+01 3.482200911213746508e+01 2.920895595303866799e+01 2.069230394510245574e+01 1.956259234187400509e+01 2.691489957295610580e+01 2.455144195584396982e+01 1.612279350594665672e+01 1.600603072131953297e+01 1.876625262908529734e+01 2.579520081256941921e+01 3.560749230993401682e+01 3.232970387522798461e+01 2.221426838378958024e+01 1.517182487276532221e+01 1.747908567770306476e+01 1.230064427685156048e+01 1.147428933484335012e+01 1.227408799736589451e+01 1.309603004873933330e+01
