output/example/elevation_000017.asc
nrows	75
cellsize	13.33333333
xllcorner	0
ncols	75
yllcorner	0
NODATA_value	-9999
[rows 34 to 50 of 75, columns 0 to 36 of 75]
4.159999999999999636e-03 1.000415999999996330e+01 1.194494353944717346e+01 2.194494356646584166e+01 2.693669434804815310e+01 2.279489942102781086e+01 1.887836223544105962e+01 2.021466789227938321e+01 2.158827285888091652e+01 2.158827285888091652e+01 2.637276637004948299e+01 2.002425754047878215e+01 3.002424579958083228e+01 3.715301057999374734e+01 4.129434355854906613e+01 3.924968213593705002e+01 3.431519598828609219e+01 3.020983687409025720e+01 2.368251442443052568e+01 1.385849948249701846e+01 1.574451507592842781e+01 2.364584663821371180e+01 2.773140182742864113e+01 2.554322955643140602e+01 2.145609188855447513e+01 1.884774826355792854e+01 1.475992865749934069e+01 5.149054822770469997e+00 1.504408444613270746e+01 2.310648825923454197e+01 2.867904455185707135e+01 3.079471939965327110e+01 2.117207537342415336e+01 1.130469195530308291e+01 2.117207537342354229e+01 2.409177656234876963e+01 1.429193665026366133e+01
3.329999999999999627e-04 3.779977730092274335e+00 1.085104554196936277e+01 2.085104562845638299e+01 2.116342138837167397e+01 1.279491352169764617e+01 8.878364212452680704e+00 1.021467042201479813e+01 1.158827606150168421e+01 2.158827285888091652e+01 1.637277382377833490e+01 1.953505148394669177e+01 2.307058538987666196e+01 2.715306829425593804e+01 3.715295715186257297e+01 4.072808905410990121e+01 3.502258673456736915e+01 3.062637814223797150e+01 2.653614410538999735e+01 2.065114585935950586e+01 1.077429171458357793e+01 1.380285747466687951e+01 2.204509740676355989e+01 2.145608834590719027e+01 1.158416478332190813e+01 1.447558070967905941e+01 4.861837383962494208e+00 1.317908421892839499e+01 1.085219627725748737e+01 1.653358725329557899e+01 2.633460943332410054e+01 2.810411075015857918e+01 1.830073230553067631e+01 1.830073230553067631e+01 1.661142199704575262e+01 2.640921746413911464e+01 2.409177656234876963e+01
1.129999999999999928e-03 1.000112999999996255e+01 1.792211431157860346e+01 1.947320852830637961e+01 1.533110147210023300e+01 7.021410830682168758e+00 1.702140954664230321e+01 2.021466789227938321e+01 2.158827285888091652e+01 1.365111855401926455e+01 2.365111402289888076e+01 2.953503666041075704e+01 3.307055675818336482e+01 3.715301057999374734e+01 4.129434356036659892e+01 3.660358517116432608e+01 2.675389415893667788e+01 2.112132863388147541e+01 1.674490003397143667e+01 1.361239033945239463e+01 1.072521767001248705e+01 8.054227224863563350e+00 1.589686750637898172e+01 1.816638240933937709e+01 1.419326401643827928e+01 4.634446681746360319e+00 1.447556922652159628e+01 1.848230997462818337e+01 2.065672877883334380e+01 2.475942933237109500e+01 3.043442090785787002e+01 3.219861840058346303e+01 2.810411075015857918e+01 2.810411075015857918e+01 2.150821508757451994e+01 3.049851273374521199e+01 2.606571973059309144e+01
3.329999999999999627e-04 1.000033299999996217e+01 1.260046622178995079e+01 1.369810862807041474e+01 5.331102321225139384e+00 1.533110147210023300e+01 1.279491352201839582e+01 2.279491048527248154e+01 1.365111855401926455e+01 2.365111402289888076e+01 1.743076328411113707e+01 2.059304094427746890e+01 3.059303029110914451e+01 4.008015440538614627e+01 4.585348681558480877e+01 3.821750429635925173e+01 3.410658844312645499e+01 3.062637814223700161e+01 2.653614410538999735e+01 2.343987772297075267e+01 2.060292413161842973e+01 1.589686750637898172e+01 5.991401083967446972e+00 1.360589639611270840e+01 4.248821662783635489e+00 1.419331372934593283e+01 1.856330890336279182e+01 1.799160157382673120e+01 2.199487339008588194e+01 2.616967577353626240e+01 3.014738019510661005e+01 3.876020208034609027e+01 3.477948891116888319e+01 3.541548662945393744e+01 3.131022027984242584e+01 3.541549899340832042e+01 3.589971069737266873e+01
4.329999999999999539e-04 1.000043299999996194e+01 2.600466559472788930e+00 3.698109159369690868e+00 1.076917696538682812e+01 1.947321879775312325e+01 1.986598124845751201e+01 2.279491048527248154e+01 2.365111415623221447e+01 2.779316690305252635e+01 2.320426596733832270e+01 3.059303029110914451e+01 2.593826577619335438e+01 3.171176829512551976e+01 4.171171458642407970e+01 3.410658844312645499e+01 2.427643396043498214e+01 2.715561954830397795e+01 3.124696912839710805e+01 3.210578936530799865e+01 2.921422394487458973e+01 1.990003853747282037e+01 1.391432802668130186e+01 4.035439555471817208e+00 1.391543463213598919e+01 5.560457771445826758e+00 1.544937402589888897e+01 8.113751196979714919e+00 1.799160122611885981e+01 1.648359780070161307e+01 2.616967577353626240e+01 3.324077168230635237e+01 2.524036935197638343e+01 3.265042664522766813e+01 3.662269301223503248e+01 4.213710948369718778e+01 3.706463302719336639e+01
5.329999999999999452e-04 1.066536581778050774e+00 1.106653645910899719e+01 9.471611851082062827e+00 1.784023396799889127e+01 2.491129069347376657e+01 2.986597117202226670e+01 3.279488265074224529e+01 3.010917790770384883e+01 3.303820533846053564e+01 3.320424875290956379e+01 3.734620001865960148e+01 3.593824290326104887e+01 4.008015440538614627e+01 3.527902734848428423e+01 3.088004663470313105e+01 2.678976159799532653e+01 1.734766022029184995e+01 2.715561954830397795e+01 2.225958156779619657e+01 1.937887437375567501e+01 1.892373436502407813e+01 1.011278460036647786e+01 3.808901146521646019e+00 1.372748152471470640e+01 1.544937390989234061e+01 6.807984739033134503e+00 1.672442672573933820e+01 9.464584843889269905e+00 1.932058435584323774e+01 2.467543748577843488e+01 2.550519812424655086e+01 1.966838419608944832e+01 2.309500769252032271e+01 2.862960289941601744e+01 3.814297402614610633e+01 4.118841522395183574e+01
3.709999999999999756e-03 1.000370999999996258e+01 1.520866920959673863e+01 1.947161063657462066e+01 2.361372744632701171e+01 2.672327466547640284e+01 3.086683756062524964e+01 2.718049786959960556e+01 2.010932881108957559e+01 2.303821680064572774e+01 2.749043458147922081e+01 3.163292237224470327e+01 3.740666926989014485e+01 3.814902066253532098e+01 2.828750162503517629e+01 2.136822890978259082e+01 1.698107413205720562e+01 1.384740296550431005e+01 2.049527675303313856e+01 2.225958156779619657e+01 1.239216945886438559e+01 1.656262789490296683e+01 1.353359073446882022e+01 3.617353136092763766e+00 1.353359484400093748e+01 2.075356407348636623e+01 1.383756714791278419e+01 1.672429767532446121e+01 1.932058435584323774e+01 1.087354249402236839e+01 2.068822782351508138e+01 1.582791641227171553e+01 2.550519812424655086e+01 3.265042664522766813e+01 3.662269301223503248e+01 3.785302904946387770e+01 4.183595425372011789e+01
6.660000000000000121e-03 7.077727811865485386e+00 1.707772781186555378e+01 2.380730969866078794e+01 1.966953604056822158e+01 1.674778183669631559e+01 2.672327466547640284e+01 2.303821680064572774e+01 1.303853221648137151e+01 2.214535374807172730e+01 1.749070511450908683e+01 2.326393546668142776e+01 3.326393974136544784e+01 4.030825157792286006e+01 3.527902734848428423e+01 3.088004663470313105e+01 2.678976159799532653e+01 2.049527675303313856e+01 1.061034029814040203e+01 1.758036801828065876e+01 1.656262853049944539e+01 6.654613664076563850e+00 1.325995355261646580e+01 3.617353136092763766e+00 8.578379963930540697e+00 1.548683260459738875e+01 2.369393419255674260e+01 2.657644072048431383e+01 2.467542877731079898e+01 2.068822782351508138e+01 1.231502349092654924e+01 2.208376239240810435e+01 2.380152153455513186e+01 3.338558350722270518e+01 3.000413212000549734e+01 2.822646874150246177e+01 3.403644161029340154e+01
1.030000000000000013e-02 1.001029999999996356e+01 1.416572341375937150e+01 1.468259157097380729e+01 9.696359222334416827e+00 1.966953604056822158e+01 2.023864673423185323e+01 1.609648817065321325e+01 9.258927615954936741e+00 1.214566271519285401e+01 2.214535374807172730e+01 3.163285785462005961e+01 3.030804630271579470e+01 3.030804630271579470e+01 3.498765300543337275e+01 3.006667251717462364e+01 2.597794811990770114e+01 2.457758769944377519e+01 1.758036801828065876e+01 7.669699348030889929e+00 1.325995691024753498e+01 3.341127971337955582e+00 3.341127971337955582e+00 1.325994075990018928e+01 1.748203049274179932e+01 2.226695241483290033e+01 2.904961735554535096e+01 2.889061788398264596e+01 1.926449305419524194e+01 1.231502349092654924e+01 2.208376239240810435e+01 1.408440843167550405e+01 2.380152153455513186e+01 2.558178392666360779e+01 2.028905756196951060e+01 2.739650967177055563e+01 2.515576228090005628e+01
1.349999999999999985e-02 1.890196492081850643e-01 9.597288332335356387e+00 4.700891506484276228e+00 1.468294763145131832e+01 1.741023972260839159e+01 1.326810669931525233e+01 6.096650045575513488e+00 1.609648817065321325e+01 2.214535374807172730e+01 2.628758837453026587e+01 2.398356098259224112e+01 2.030815584768101800e+01 3.030804630271579470e+01 3.088687792771982288e+01 2.106901831209556164e+01 1.615917342453182926e+01 2.106856077221975809e+01 1.563672598203618591e+01 5.725155130502628253e+00 1.298774724695234006e+01 3.341127971337955582e+00 3.341127971337955582e+00 1.325995691024753498e+01 2.077518115314816427e+01 2.485948795898027797e+01 2.978273910633324917e+01 3.167533013333434866e+01 2.207788525421045023e+01 1.546151241805578458e+01 2.512882649106560962e+01 2.380152153399676251e+01 1.591248472642019074e+01 1.591248472642019074e+01 1.591248472642019074e+01 1.777385005852463706e+01 1.969027220710422910e+01
1.339999999999999872e-02 1.001339688098810754e+01 4.373567024514910528e-01 1.043725373841442838e+01 1.068614680833103669e+01 1.068614722245530579e+01 3.268221024020693033e+00 1.326810669931525233e+01 2.023864673423185323e+01 2.386175793624850172e+01 1.971965950454853811e+01 1.398382479164599523e+01 1.975712034581567167e+01 2.975698626001591407e+01 3.498765300543337275e+01 3.006667251717462364e+01 2.106856077221975809e+01 1.130100168173079034e+01 1.707312803117560662e+01 1.298774008531669288e+01 3.066845047583721673e+00 1.292209787119766418e+01 1.325995691024753498e+01 7.580327885512565977e+00 1.089587219347603053e+01 1.585768201922379284e+01 2.569268351540926432e+01 3.188341704460203729e+01 2.233098347586334143e+01 2.233098347586334143e+01 2.512882649119859479e+01 2.955138637074448482e+01 2.027991345316477734e+01 2.558178392666360779e+01 1.591248472642019074e+01 2.558178405999694149e+01 2.528744661619391110e+01
1.369999999999999864e-02 1.001369999999991833e+01 1.043725373841442838e+01 6.862315318459113467e-01 6.862315318459113467e-01 6.862315318459113467e-01 1.068614722245530579e+01 1.741023972260839159e+01 2.032629586840563363e+01 1.618419679449404924e+01 9.719860275248059622e+00 1.971965950454853811e+01 2.812566110430994826e+01 3.389910020600773777e+01 3.438687326734814320e+01 3.026333961435065234e+01 2.514962905829788653e+01 1.708097147152287931e+01 7.474847708397954982e+00 5.189306003984749616e+00 2.873892028058655068e+00 2.873892028058655068e+00 1.331648702179146504e+01 1.748207744999783131e+01 2.077518276731653302e+01 2.485948795898080732e+01 2.978273910633324917e+01 3.585625685445964450e+01 3.188341704460203729e+01 3.188341704460203729e+01 3.467930677138070905e+01 2.987108692733027127e+01 2.707959176027321391e+01 2.824804972060978869e+01 1.863469216726132416e+01 2.824804972060978869e+01 3.484927318069933477e+01
1.290000000000000001e-02 1.001289999999996283e+01 1.482823735106797791e+01 1.068614667499770299e+01 6.862315318459113467e-01 6.862315318459113467e-01 1.068614694166437040e+01 1.093683280373316613e+01 1.302195945032216606e+01 6.184323795468444906e+00 1.618419679449404924e+01 2.386175793624850172e+01 2.581693218265853673e+01 2.995914281349017472e+01 3.026333961435065234e+01 2.086051202980129915e+01 2.361453646698787878e+01 2.115187468641396862e+01 1.707304690050414209e+01 1.279888847006746211e+01 2.873892028058655068e+00 1.279013883361335857e+01 3.751628395578336939e+00 1.423322299798453017e+01 1.928509650335534786e+01 2.635854120127754641e+01 2.637390777572485590e+01 3.045349156770156185e+01 2.890938749342271308e+01 3.299321127123762665e+01 3.867587473544843135e+01 3.941459830580179613e+01 3.661035241893835490e+01 3.221463363235553601e+01 2.347287188397509183e+01 2.474079210725761868e+01 3.149406360973143393e+01
1.349999999999999985e-02 7.084567811865461806e+00 1.708456781186539075e+01 1.482823748440131162e+01 6.459720714718834245e+00 1.068614694166437040e+01 9.368985186548184352e-01 9.368985186548184352e-01 3.022042918369250764e+00 1.302195945032216606e+01 1.671025785641396411e+01 2.085238701812129847e+01 1.581710717295711710e+01 2.418568093956353948e+01 3.026333961435065234e+01 2.086051202980129915e+01 1.461241602668868289e+01 1.937089619472549273e+01 1.697580445697455076e+01 1.263298455595975867e+01 2.690490617822631769e+00 1.263205517959530333e+01 1.423322288744595809e+01 4.648568852298798681e+00 1.221165180543316708e+01 2.020555935053242891e+01 1.653870975477370919e+01 2.366930228674256753e+01 1.910608573297288970e+01 2.475624886817540826e+01 3.458268036094890618e+01 3.939921452415496361e+01 4.048089970531315629e+01 3.699566188886528550e+01 3.023602629828250343e+01 3.428319559589754562e+01 3.826109843942492006e+01
1.319999999999999993e-02 7.084267811865462505e+00 1.708426781186539145e+01 2.060166003626704878e+01 1.645955221942272573e+01 1.093683280373316613e+01 9.368985186548184352e-01 9.368985186548184352e-01 9.368985186548184352e-01 1.093683293706649806e+01 6.710393024300118192e+00 1.427013291012099749e+01 1.004371252632532041e+01 2.004353052145826908e+01 2.824380477328739758e+01 2.762369264857473183e+01 1.937089619472549273e+01 1.041765719038895455e+01 7.881349121233864885e+00 1.236463341791162485e+01 2.507181726193888238e+00 1.238324654159980120e+01 1.905771118516105744e+01 1.515861496017678078e+01 5.594046112180929065e+00 1.609403191585804294e+01 1.066322677345914904e+01 1.380649350881230752e+01 2.366930228674256753e+01 3.299321127123762665e+01 3.651752435117236928e+01 2.953907666902834350e+01 3.061698145987312003e+01 4.048089970531315629e+01 3.975212663769376320e+01 3.885498099970872943e+01 3.475615152132906616e+01
1.359999999999999924e-02 5.787102691896265583e+00 1.285817050376176418e+01 2.285817050376182991e+01 1.671025745641396654e+01 6.710392624300118847e+00 8.007941420002534727e+00 1.093683280373316613e+01 1.093683293706649806e+01 9.368985186548184352e-01 9.368985186548184352e-01 4.270233790957480124e+00 1.427013291012099749e+01 1.410176254293033082e+01 2.410161523927895644e+01 2.313844639406150705e+01 2.328660044127937923e+01 1.935481361322355554e+01 1.376965805621470018e+01 4.419325769451707409e+00 2.323965156159854217e+00 5.884947342239023271e+00 1.631162432717205135e+01 2.020555935053242891e+01 1.609403191585804294e+01 6.605665314392640930e+00 1.703226576398865078e+01 2.208387781707033426e+01 2.774437118555440662e+01 3.160253008811524822e+01 2.752143272146523856e+01 2.261582125956971367e+01 3.242704418336074923e+01 3.770757178322229208e+01 4.180670302929636506e+01 3.317377576337143807e+01 2.493892704665444171e+01
1.299999999999999940e-02 1.001299999999996260e+01 1.823831852836947576e+01 2.323831852836945444e+01 2.085238661812128669e+01 1.248383581958630373e+01 1.800780210505332946e+01 1.726130092048329345e+01 7.261439223097248430e+00 1.093683307039983177e+01 9.368985186548184352e-01 9.368985186548184352e-01 5.936896971203585061e+00 1.525848841201998418e+01 1.904373769069568212e+01 1.298424949579357346e+01 1.761936890748280859e+01 1.349825570390320273e+01 1.113231812437666335e+01 2.065248314259155116e+00 1.201842481585018163e+01 1.627849783286822216e+01 1.248931171871520895e+01 2.289539537849815432e+01 2.112972243203983069e+01 1.412209307664377889e+01 7.708585121620936675e+00 1.799809117394801561e+01 2.303760173056025451e+01 2.352242593791006797e+01 1.772590662382652482e+01 2.752143272146523856e+01 3.074909503939036526e+01 2.786679959863739953e+01 3.770757178322229208e+01 2.908817432818068127e+01 1.933836285225077134e+01
