output/example/elevation_000002.asc
nrows	50
cellsize	20.0
xllcorner	0
ncols	50
yllcorner	0
NODATA_value	-9999
[rows 0 to 16 of 50, columns 0 to 36 of 50]
2.590084917154735766e-01 8.899759456929068335e+00 1.277028424667865636e+01 1.501357989379820879e+01 1.565944909399215312e+01 9.772613384098004730e+00 9.499946944735052412e+00 1.181562164268645709e+01 1.605688809077708967e+01 1.838139615848191966e+01 1.966289098284695314e+01 2.010088409441393864e+01 2.003990313516609945e+01 1.913729379879766768e+01 1.801590798068031773e+01 1.427020367599328310e+01 1.224249302031999243e+01 1.009096298763270205e+01 8.235335403887058092e+00 1.116255087179843919e+01 1.258902056480759768e+01 1.663135774347303908e+01 1.907408470767893149e+01 1.863458308504163341e+01 1.862937469826767156e+01 1.854960152783272420e+01 1.832788536102882659e+01 2.010427955211121898e+01 1.989362940809403923e+01 2.012837077822065979e+01 1.997885269486051740e+01 2.010537490600805199e+01 2.004433634981418066e+01 2.020515169881078421e+01 2.022217259472035167e+01 1.999789098461137726e+01 2.022811917315532426e+01
6.054987779269863646e-01 8.525513198366819978e+00 1.103582990165987887e+01 1.289317115378953460e+01 1.037473404948464939e+01 6.656391372930865025e+00 9.349354547659366688e+00 1.455272866335669768e+01 1.658746658759977777e+01 1.858283101910312851e+01 1.954864301539305416e+01 1.995763111349780772e+01 1.994043887607336885e+01 1.906410943148569004e+01 1.682796041829045564e+01 1.497510093747024307e+01 1.441021772103929521e+01 9.819603536911412078e+00 1.125718517695490206e+01 7.910986892059222342e+00 1.374319445610898605e+01 1.589931934304977368e+01 1.842120844409544489e+01 1.901849408955247966e+01 1.928127810728872049e+01 1.967065019684640603e+01 2.003185375731932183e+01 2.017034755617192587e+01 2.010133274613033905e+01 2.031490168383691852e+01 2.025016330406599607e+01 2.024049873123349741e+01 2.011381823370895816e+01 2.022377793535329715e+01 2.025839704063862712e+01 2.007086161304524907e+01 1.952686420410627477e+01
3.430590528629120506e-01 1.353050265480443493e+00 3.533906310362321612e+00 6.078675965732823983e+00 4.462133732509860451e+00 5.234059628083687521e+00 6.548368487237543611e+00 9.904724421476084117e+00 1.314349516281168562e+01 1.605872220791499672e+01 1.870020920459106506e+01 1.997783271385950243e+01 1.976191143407961093e+01 1.890596742636108374e+01 1.847116320775476339e+01 1.812048525128673759e+01 1.688737788129445150e+01 1.427857495841424296e+01 4.542891684901759319e+00 7.609895027259503841e+00 7.214930073361431440e+00 1.279971472628339058e+01 1.459886051787510652e+01 1.722909396041426078e+01 1.672358309286272871e+01 1.913719525773229790e+01 2.016190478985904733e+01 2.016550649102359571e+01 2.028986252767004927e+01 2.020219932148195241e+01 2.019752751743190089e+01 2.016670150173338527e+01 2.016596903305120136e+01 2.018482705812267497e+01 1.989494828370905211e+01 1.979533930374556761e+01 1.792495263172350306e+01
8.235039275605838816e-01 2.307634896843242078e+00 2.643387866369783179e+00 3.588739731793000320e+00 4.653279001813795723e+00 6.435190275064394783e+00 9.212559411345237592e+00 1.072500089443793847e+01 1.609394264123720575e+01 1.828019775343121367e+01 1.884825010031934056e+01 1.992052002778913078e+01 1.988103667996187340e+01 1.996448453716140037e+01 1.964306676519666084e+01 1.934053053781811116e+01 1.689374709390768814e+01 1.325871407370828869e+01 1.277590966433978004e+01 6.585084506959773876e+00 7.908730899373360934e+00 7.620074825222529213e+00 1.318642454467926051e+01 1.249556242683715368e+01 1.654240518220391465e+01 1.928049864922571643e+01 1.961446583796449517e+01 2.024005038710195592e+01 2.036973670933485892e+01 2.033606825524911699e+01 2.021615328129010791e+01 2.032324138499926036e+01 2.023284678503828360e+01 2.009548012970070729e+01 1.987963422992738316e+01 1.818738549156887885e+01 1.762167742130114334e+01
7.161369641965544819e-01 9.059309426985178604e+00 3.681096842110848755e+00 1.049601880256267528e+01 7.920919408838082987e+00 1.157843052160884234e+01 1.018018857041339942e+01 1.465930013120571118e+01 1.517513549912701443e+01 1.873822212498201978e+01 1.947848067341482192e+01 1.995754096147818757e+01 2.017786513300330498e+01 1.969520787520568561e+01 1.942006831590017413e+01 1.834027469707734781e+01 1.746148477572494784e+01 1.694179220075000813e+01 1.305637670190150246e+01 9.862079074047386484e+00 7.402767697365611355e+00 7.852274734090928909e+00 8.497658943235396833e+00 1.345518398611405608e+01 1.741840643465467764e+01 1.767543037110068127e+01 1.983242386286547188e+01 2.021507425605286912e+01 2.032094046752871108e+01 2.024025440961218791e+01 2.027341758064206800e+01 2.033917776005799993e+01 2.012585070156188749e+01 1.975816880406450693e+01 1.745643642353924818e+01 1.565466163362792074e+01 8.130904020874595517e+00
6.490390650280113416e-01 9.246884754606515600e+00 1.168525196575951242e+01 1.002481662974915189e+01 1.412022045122263947e+01 1.313178860707889228e+01 1.556905705943250240e+01 1.397303307622941482e+01 1.746789154848028858e+01 1.738811070675005510e+01 1.967795906284004204e+01 2.007204642473140410e+01 2.010342836172432968e+01 1.916209279796278508e+01 1.694808134955487589e+01 1.713528195179376112e+01 1.158285924365868880e+01 1.501771576874105385e+01 1.347028435136211222e+01 4.451022567256410767e+00 7.462686260887430478e+00 5.126632446964872081e+00 1.126134080897221423e+01 1.095076849702168431e+01 1.333773544993779403e+01 1.813675020424756212e+01 1.925769846486670644e+01 2.009407783128983382e+01 2.033229081708909902e+01 2.023062241528541705e+01 2.013993875551303603e+01 1.962878358470764439e+01 1.955622169970564528e+01 1.863007911238866399e+01 1.756566481812313896e+01 8.686379670775401962e+00 7.445933578568224576e+00
9.330058981412470143e-01 7.577656027928158622e+00 1.436439112899787141e+01 1.582935025702682452e+01 1.596318989713546621e+01 1.703318309465285196e+01 1.830807287757022550e+01 1.768908049291270501e+01 1.677010280811652976e+01 1.896935950506059854e+01 1.967810665748851306e+01 2.024746632778087019e+01 2.008297065172123297e+01 1.958586846722149133e+01 1.724256803277538808e+01 1.273285084980224013e+01 1.349888796469665131e+01 8.108019168390603326e+00 1.032629950283299003e+01 6.943551260637529587e+00 7.745200777254463098e+00 1.304594744887828917e+01 9.429492519677607376e+00 1.440504506714514754e+01 1.432455438112366863e+01 1.672089141654327804e+01 1.884657128025011730e+01 1.986763352935875204e+01 2.024020407961760171e+01 2.005305993638545203e+01 1.985722419418646822e+01 1.896103459369009769e+01 1.669729996197321498e+01 1.668319541146846774e+01 1.213708009219733164e+01 7.774327242743708233e+00 1.242611527208014444e+01
5.188205228764638521e-01 7.901863269649547661e+00 1.341271995437215026e+01 1.499520064994678314e+01 1.849893147034863361e+01 1.922822832585679009e+01 1.961728940494414530e+01 1.950436084467198228e+01 1.883190390167988326e+01 1.954814053450053279e+01 2.014552069955988145e+01 2.026479203969394050e+01 1.973101743928209117e+01 1.833285544435868886e+01 1.603251478241639205e+01 1.516194687953503895e+01 9.728491565042874711e+00 1.011133896826303769e+01 6.893503853032369122e+00 6.431910953242599760e+00 9.303055581767178950e+00 9.353125151162172912e+00 1.550754498066213749e+01 1.664312865042451151e+01 1.776106978878640419e+01 1.791323365015298563e+01 1.957685927818235072e+01 2.009860304185166413e+01 2.013790960546304376e+01 2.018175529029413084e+01 2.004168473552531182e+01 1.954300009120971637e+01 1.744357842963788130e+01 1.139611133510914875e+01 6.584703132019773086e+00 7.257844889232050178e+00 8.452969794840944573e+00
7.467319160170617920e-01 4.082095814424254954e+00 8.118090476999462624e+00 1.384543531317363119e+01 1.809597534076174696e+01 1.932783832378728306e+01 1.959624345157941860e+01 2.007980380961845412e+01 2.002845874681769089e+01 2.003501438568192228e+01 2.017255696106946061e+01 2.025994673497089948e+01 1.987528125005041346e+01 1.852047511306388117e+01 1.815502293497258890e+01 1.423709274334030539e+01 1.240433757396758452e+01 7.450546097022297864e+00 -7.491893183287293700e-01 5.783408647112997514e+00 5.632873668879374129e+00 1.249359312605345984e+01 1.531562753522372944e+01 1.749750330561936806e+01 1.857310158058234961e+01 1.960667953346255388e+01 1.981202700224315905e+01 1.989998025384848290e+01 1.945986236583632589e+01 1.986419519892334051e+01 1.988310379137999462e+01 1.948037014002295919e+01 1.571191262010671430e+01 9.901401543032825714e+00 7.215920905206350433e+00 1.224769814268665336e+01 1.670295928976782207e+01
7.351574092455022136e-01 8.070918175880544609e+00 1.369439576352481680e+01 1.598547364057238518e+01 1.756410221899981394e+01 1.725987830071515816e+01 1.929890885679197865e+01 1.984586796168143152e+01 2.015609410506354493e+01 2.019119173255374733e+01 1.998406283182232812e+01 2.017815939749497289e+01 1.968597066152421604e+01 1.990952146550623070e+01 1.865192813661764148e+01 1.829766554365871656e+01 1.560459118463215056e+01 1.032362739294032750e+01 7.405688361949087195e+00 6.279781345607663212e+00 5.213175901339796248e+00 5.197096151965532762e+00 1.046024742256345874e+01 1.385498394542277367e+01 1.758442279934911667e+01 1.967568812278145529e+01 2.010985721694371620e+01 1.959197286184533127e+01 1.784148340343249473e+01 1.807075012549013948e+01 1.851256781858899814e+01 1.935471464981106493e+01 1.531419336969867118e+01 6.628943978426451444e+00 7.474003448323214727e+00 1.050784534388046687e+01 1.694227347734387834e+01
5.269872374626074496e-01 7.182316611740737322e+00 1.396218226459740208e+01 1.535573591029092277e+01 1.411468462767602894e+01 1.736564450184078012e+01 1.784975445857301679e+01 1.915815940395633277e+01 2.007728918269392793e+01 2.000918811941865627e+01 1.951551660763837148e+01 1.995352666288919607e+01 2.015053100793033636e+01 1.985874282878667785e+01 1.964271242759362224e+01 1.806067391692829815e+01 1.500832025153528981e+01 1.295886855414516248e+01 1.308506576096894669e+01 1.096017266707521109e+01 5.540411461875035748e+00 5.002849944351688727e+00 7.549867159333676803e+00 1.493905811112454529e+01 1.750495889793689486e+01 1.933630755712491123e+01 1.947429876198257048e+01 1.894766239894337190e+01 1.782589204616766665e+01 1.466945260734829937e+01 1.717430146432564086e+01 1.769774750753693837e+01 1.637345889428726409e+01 1.007093367680174545e+01 7.071800916933419501e+00 1.177887947502729027e+01 1.602505166141354209e+01
1.383962708379395945e-01 8.916431212035114129e+00 1.439790899192325035e+01 9.899151170030595637e+00 1.351879155018577805e+01 1.365544174594676186e+01 1.634380745224475717e+01 1.867302572218125079e+01 1.951158670695449970e+01 1.893730792144135222e+01 1.848474471333740965e+01 1.977513540858307906e+01 1.982975080103849308e+01 1.934415179756436132e+01 1.919507190165582244e+01 1.898371311040698473e+01 1.827089339195513773e+01 1.733802724319340882e+01 1.351034795595580817e+01 9.137982886589719911e+00 5.732190881791348502e+00 4.704670793585923327e+00 5.588017087141269990e+00 1.083618651779838338e+01 1.595501176877895588e+01 1.813396529792808209e+01 1.805097200849973760e+01 1.768482954282639241e+01 1.599857285252513783e+01 1.181192193368418941e+01 1.124088302430336483e+01 1.638886542563977855e+01 1.522460941822144953e+01 6.470428220320989077e+00 6.812032566615491724e+00 6.576311073195239665e+00 1.228600218201248673e+01
6.756183529128325649e-01 9.175465121416010561e+00 7.538288530869944104e+00 7.363045405582030689e+00 9.920202549095797906e+00 1.378203696173013171e+01 1.790892284100666032e+01 1.897128410188303604e+01 1.879168994478861876e+01 1.645265178836071129e+01 1.846004464798476619e+01 1.853282313276839943e+01 1.959751019314552778e+01 1.760905557329502713e+01 1.639257922968383596e+01 1.721919190160830127e+01 1.802044261824752169e+01 1.672473435681667553e+01 1.291397099560467154e+01 1.326861502113423619e+01 8.535119073944089862e+00 4.346868417230187909e+00 4.186120738928710061e+00 1.130450979174414705e+01 1.464225617340974672e+01 1.506493685870980492e+01 1.479417767404046558e+01 1.602279896935091230e+01 1.491291721832600636e+01 1.204065871480409378e+01 7.518599052671811833e+00 1.375580732752073487e+01 1.583881476126552279e+01 1.488656394071114875e+01 9.828411340519380701e+00 8.378446163458344031e+00 5.587868481076006866e+00
1.053743069371424479e-01 5.902875675258879795e+00 4.453701466901915929e+00 6.889842206276494352e+00 1.271026499619892469e+01 1.649047467116972499e+01 1.728107406618434183e+01 1.657835749835575712e+01 1.722851793850974289e+01 1.446268902685532431e+01 1.489319613133583253e+01 1.774874146451208645e+01 1.844269923579863146e+01 1.732228704399217278e+01 1.348218552378220991e+01 1.166041253373645681e+01 1.618890381821836044e+01 1.735919907761299896e+01 1.668403295840148814e+01 1.499249231408068361e+01 1.155911347579697690e+01 4.780818645910319908e+00 3.690348042798785144e+00 3.272073083207190702e+00 8.985398456967370606e+00 1.402851948010211558e+01 1.497379497494508094e+01 1.141198392624904123e+01 1.317020143052376469e+01 6.285387088290891988e+00 4.540346910624340815e+00 8.350981330425508276e+00 1.232683562454823445e+01 1.281351417067451770e+01 1.505763107763042541e+01 1.377047492602340029e+01 4.524188933517670819e+00
4.388850927889174081e-01 1.782648136599925159e+00 4.713989082146111897e+00 1.158603623610699884e+01 1.447470486063231121e+01 1.544170596616064195e+01 1.293526325078888384e+01 1.316688399494926465e+01 1.658067686791801520e+01 1.512844993787762071e+01 1.136675340187733241e+01 1.652176857159303935e+01 1.716020553942939131e+01 1.307300967487909560e+01 1.008589604698503273e+01 7.661970402491249388e+00 1.328431007534344310e+01 1.687015434869108788e+01 1.753462334188695948e+01 1.641988797312205861e+01 1.193069716075285847e+01 7.824766267574701395e+00 3.912565072112011322e+00 2.920258548913994723e+00 1.075206565560143979e+01 1.337909531732151081e+01 1.255920782184348994e+01 8.422311631879521698e+00 9.771169627473279107e+00 -1.685602931578829455e+01 5.006362031141202706e+00 3.553050845909716760e+00 1.301167346179035400e+00 4.582214016867277806e+00 1.157739641848308132e+01 1.228970223314929910e+01 1.293286333483111861e+01
8.953435393330821945e-01 -5.548953216540620792e-01 5.826442711143802633e+00 7.356722963659317216e+00 9.896161705285848598e+00 9.498111322612261986e+00 8.572358604706751706e+00 1.401202940877524661e+01 1.633456397793334247e+01 1.349453341616399982e+01 9.252733195362786489e+00 1.179755573374185040e+01 1.457693890820405258e+01 1.038433560241736053e+01 3.509667985153417824e+00 4.377936899079434063e+00 9.537827598118523653e+00 1.494731915764173813e+01 1.322810027947930323e+01 1.543819206735283167e+01 1.476263565590321569e+01 1.100060720536928649e+01 6.096523868283209246e+00 3.158434385969933089e+00 3.037519155319010622e+00 1.161589261358942338e+01 1.439241873934396621e+00 8.653683193499961845e+00 4.468745353932461306e+00 2.856048880759107345e+00 2.734669300462581276e+00 4.078149934989975023e+00 3.698072161888208864e+00 3.836919485207725522e+00 5.091837866020406445e+00 -8.894833496843512766e-01 9.938327524508695276e+00
1.994484013391750743e-02 -2.607242563978596994e+00 -4.515962562090167332e+00 1.499574585494533596e-01 5.462957044312361177e+00 4.168938887887155609e+00 9.071886513304168176e+00 1.478638711531207584e+01 1.483854130506325930e+01 8.787935562330849493e+00 1.084385029401960310e+01 6.958639943770282166e+00 9.043014062975309741e+00 1.014290942228190850e+01 -1.107424217513293740e+01 5.252761253739063996e+00 9.711349055050332524e+00 7.981937582307572221e+00 7.736499410800857568e+00 1.441410303383067060e+01 1.358948209587451572e+01 1.150236611373385820e+01 8.671660196934920961e+00 3.535086125629913756e+00 2.590706028513868553e+00 6.966367003704941219e+00 3.295734758237211182e+00 2.663249991468767064e+00 7.088411912793133318e+00 3.220023009760689670e-01 7.860177770225174498e+00 6.197914348562670206e+00 9.450246782742544482e+00 5.267969756123765279e+00 4.053932848079965900e+00 3.974304865228870387e+00 4.205377106298497480e+00
