output/example/elevation_000043.asc
nrows	75
cellsize	13.33333333
xllcorner	0
ncols	75
yllcorner	0
NODATA_value	-9999
[rows 51 to 67 of 75, columns 0 to 36 of 75]
1.369999999999999864e-02 7.084767811865485321e+00 1.708476781186555371e+01 2.448661789552016188e+01 2.541919359890857066e+01 2.127695530430763071e+01 2.541919359890857066e+01 1.725589571313888371e+01 1.725589571313888726e+01 1.093124530896723634e+01 9.324925395870568012e-01 9.324925395870568012e-01 9.324925395870568012e-01 1.111264402226409542e+00 1.110999258616678276e+01 1.136294025211577363e+01 6.362912655942229101e+00 1.136283376980320092e+01 1.619194810079620961e+00 1.161785231745767888e+01 9.633201346191400560e+00 1.664779300893442482e+01 2.117681750108204497e+01 2.662443315828351231e+01 2.802723614272459685e+01 2.240005400516342604e+01 1.242959823087054438e+01 1.664360867993216431e+01 7.641532140583420230e+00 7.641532140583420230e+00 7.641532140583420230e+00 1.755421844470131276e+01 2.745383421176273231e+01 3.179000075671295633e+01 2.574190012826510809e+01 2.158206798400731685e+01 1.292663259442845991e+01
1.290000000000000001e-02 1.001289999999996283e+01 1.034444102407488053e+01 1.897878660529654482e+01 2.312096154630134848e+01 2.370108764308518445e+01 2.784328079801739264e+01 2.725656729641353238e+01 2.093158749618616810e+01 1.093124530896723634e+01 5.013895967464408798e+00 8.001679527945412929e+00 1.093124544230057005e+01 1.110999258616678276e+01 1.364246610506971935e+00 1.364246610506971935e+00 1.364246610506971935e+00 1.364246610506971935e+00 1.136294007729999578e+01 4.009087520743222832e+00 1.400251645444984483e+01 1.650961177425686444e+01 2.065178222949299069e+01 2.642554205693243219e+01 3.055528550648548602e+01 2.056720755023015457e+01 2.240005400516342604e+01 1.755421831136797906e+01 7.641532140583420230e+00 7.641532140583420230e+00 7.641532140583420230e+00 1.333558797407499341e+01 2.331697483675595350e+01 2.467291572963429758e+01 1.755583070040786353e+01 1.147987116491862203e+01 2.158206798400731685e+01
1.329999999999999932e-02 3.444330892662612054e-01 1.034444102407487698e+01 8.978731899406319883e+00 1.662992983768332067e+01 1.370096037300550407e+01 2.370108764308518445e+01 2.515428583672112950e+01 2.318039938916598075e+01 1.317850222689747319e+01 1.208443639112987178e+01 1.798093663701498457e+01 1.996681344960098770e+01 1.136294025211577363e+01 1.364246610506971935e+00 1.364246610506971935e+00 1.364246610506971935e+00 1.136294038544910734e+01 1.136294048144698188e+01 1.400926780076812328e+01 6.508236280301892052e+00 6.508236280301892052e+00 1.228277658232597780e+01 2.228357602404453175e+01 3.034776962306018433e+01 3.055528550648548602e+01 2.386738638544193236e+01 1.388539120267577509e+01 9.930911576767366356e+00 1.755421831136797906e+01 8.335961078100861954e+00 1.828788213258322060e+01 1.933702957666539390e+01 1.933702970999872761e+01 1.054745181350531347e+01 1.054745181350531347e+01 2.051123726284321336e+01
1.369999999999999864e-02 1.001369999999996274e+01 8.137563437301937874e-01 1.081377612884695871e+01 6.629864875272682312e+00 1.662992983768332067e+01 1.882961103711662787e+01 1.515409692341149395e+01 2.222530556664249346e+01 2.318039938916598075e+01 2.208590829747071638e+01 2.161148788194219250e+01 1.160815655438145200e+01 5.835111831195619381e+00 1.136294025211577363e+01 3.788976214630989325e+00 1.136294038544910734e+01 1.550522234161756252e+01 2.136334567006998597e+01 2.065178209615881144e+01 1.228277644899264409e+01 1.004426737863884966e+01 1.043118233760598024e+01 1.620597701934825707e+01 2.620584819951099931e+01 3.202344676929983081e+01 2.203435364340974800e+01 2.232720306439591695e+01 1.234149210408033959e+01 2.232715715008215085e+01 1.828788213258322060e+01 9.356334968073232616e+00 9.356334968073232616e+00 9.356334968073232616e+00 1.933702970999872761e+01 1.054745181350531347e+01 1.235110411392355090e+01
1.319999999999999993e-02 1.001319999999996213e+01 1.081377612875297700e+01 1.284637953078205497e+00 1.128467016946272139e+01 1.175846319626495884e+01 8.829498047600781163e+00 8.082980415045739164e+00 1.808308444297335882e+01 2.508330733135855084e+01 2.430978060609488978e+01 2.575751097927489042e+01 1.998106122414486308e+01 1.083453107085001399e+01 1.793046804982420284e+01 1.378807886265728477e+01 7.567196790802375617e+00 1.756804369089782014e+01 2.671086718725645781e+01 2.642554192359909848e+01 2.228357589071119804e+01 1.382517338969388199e+01 2.043241988178245450e+01 1.543245468674032850e+01 2.120610397890426313e+01 3.120559242011773904e+01 3.202344676929983081e+01 2.499583264629848856e+01 1.501073505860926538e+01 2.499583264629848856e+01 2.347383164221756502e+01 1.933702944333206020e+01 9.356334968073232616e+00 9.356334968073232616e+00 1.184656370635260458e+01 2.051125531027559745e+01 2.250200564978032247e+01
1.349999999999999985e-02 1.001349999999996321e+01 1.542685381571735981e+01 1.128467029193586413e+01 1.758417322757340528e+00 1.758417322757340528e+00 1.758417322757340528e+00 1.175846332959829432e+01 1.930966612413832806e+01 1.508306764671991829e+01 1.430955217551509762e+01 2.138079494033543781e+01 2.498346467217098521e+01 2.083759262351394881e+01 2.498346467217098521e+01 2.171039741263058076e+01 1.334104373040360336e+01 1.256740284023118370e+01 1.834193705810377395e+01 2.834252897935370541e+01 2.796724927832685026e+01 1.882560672660676460e+01 2.796724927832685026e+01 2.120610397890426313e+01 2.957430669544672952e+01 3.534751258269544394e+01 3.315328592963082599e+01 2.316248685725306444e+01 1.854003761282588414e+01 2.852662419171966590e+01 2.467512975819274601e+01 1.468845877041716541e+01 1.933702957666539390e+01 1.138799042142535178e+01 2.137577839231417798e+01 1.549486365939770849e+01 2.547985258962048505e+01
1.369999999999999864e-02 7.084767811865485321e+00 1.708476781186555371e+01 1.590066961757179698e+01 8.829497780926645945e+00 1.758417322757340528e+00 1.758417322757340528e+00 1.175846332959829432e+01 9.309517762816298614e+00 8.011942199984771307e+00 7.238436073867879017e+00 1.638071601210899075e+01 2.540371305145019321e+01 2.954593682020550105e+01 2.891131962956306012e+01 2.748439734874389373e+01 2.334223301872874146e+01 1.963960682656587764e+01 2.671086718725645781e+01 3.248457491497268990e+01 3.296697960828959140e+01 2.882505315276461388e+01 3.296697960828959140e+01 3.120559242011773904e+01 3.534751258269544394e+01 4.316280229944527491e+01 3.729176875930878765e+01 3.266561952865913554e+01 2.353026491960451949e+01 3.266561952865913554e+01 2.881204596749386582e+01 1.968113427973134932e+01 2.137577839231417798e+01 2.137577839231417798e+01 1.463039169673367113e+01 2.461531542718701360e+01 1.941004351477054968e+01
1.379999999999999977e-02 1.001310013333329607e+01 1.415523575706423109e+01 2.297182566434177531e+01 1.590066535353445509e+01 7.531924822277792586e+00 1.175846332959829432e+01 2.238432950161327373e+00 2.238432950161327373e+00 2.238432950161327373e+00 2.238432950161327373e+00 1.223849367164264379e+01 1.540347291796314622e+01 2.074611400663495431e+01 1.891102591902409813e+01 2.891131962956306012e+01 2.997457028955766845e+01 2.964010368635884873e+01 2.917608624564658371e+01 2.503372634430431276e+01 2.558481013943897153e+01 2.972716933622735880e+01 3.679862883456978295e+01 3.981131614691833676e+01 3.690620441613475577e+01 3.327025244192046216e+01 4.028182684612298914e+01 3.766191086858479764e+01 3.352298346383478389e+01 3.766191086858479764e+01 3.380590739307843506e+01 2.674253237001091676e+01 3.136371191714252049e+01 2.703688607244999886e+01 1.705249452213555372e+01 2.703688607244999886e+01 2.939709741381524566e+01
1.309999999999999880e-02 1.309999999999999880e-02 1.001310013333329607e+01 1.769076966299691733e+01 2.167424227805118164e+01 1.753202198520119381e+01 1.223849340497597638e+01 2.238432950161327373e+00 2.238432950161327373e+00 2.238432950161327373e+00 2.238432950161327373e+00 7.238436073867877241e+00 1.540079921228077708e+01 1.074594587547683311e+01 2.074611400663495431e+01 2.704548780464516611e+01 1.997405390915983148e+01 2.704548780464516611e+01 2.340233187343976695e+01 1.503333413357645476e+01 1.558440282279706146e+01 2.265570983788518333e+01 3.218238175312573901e+01 2.996740628202683610e+01 2.709326198831020349e+01 2.636416716660057702e+01 3.616771321196346634e+01 3.904273512230054166e+01 3.815783159267910207e+01 3.396330272029156561e+01 3.815783159267910207e+01 3.673454542684862645e+01 3.519482163949464137e+01 2.520343189261367911e+01 2.058007278059844580e+01 2.520343189261367911e+01 3.519482163949464137e+01
1.349999999999999985e-02 1.309999999999999880e-02 3.548634039266067575e+00 1.061970185113151643e+01 2.061970185113144538e+01 2.160527311460547395e+01 1.160348471821285266e+01 4.532590423633125809e+00 1.211851938528462114e+01 1.223849353830931008e+01 1.223849367164264379e+01 2.238432950161327373e+00 5.400711211429161551e+00 1.540079929850222129e+01 2.488835748411179338e+01 2.290313734161122028e+01 1.290281160424712148e+01 1.712944658516010676e+01 1.582995286365762233e+01 9.259785420720826110e+00 1.303943968281602750e+01 1.803951419078507357e+01 2.804001548083826378e+01 2.996740628202683610e+01 2.022025254370204905e+01 2.598814743146729001e+01 3.006314469652954458e+01 2.881736187773522317e+01 2.881736187773522317e+01 2.367142103517887364e+01 2.964752846974097622e+01 3.985875998354242711e+01 3.933036739266697168e+01 3.056823452187089529e+01 2.557105808236379474e+01 3.470554557831616904e+01 3.933036739266697168e+01
1.369999999999999864e-02 1.001310013333329607e+01 1.354863403926603027e+01 1.171359984854329639e+01 2.171359984854322533e+01 2.271771040030361632e+01 1.269869550253573465e+01 7.306091497954467329e+00 1.728173708291837940e+01 1.887297073104372203e+01 9.243059406439659398e+00 2.238432950161327373e+00 2.591545892601219592e+00 1.259161807531593880e+01 1.723421207298913060e+01 1.359385316971557600e+01 1.359385330304890793e+01 7.129279021090005664e+00 5.829812812270223965e+00 1.582995286365762233e+01 2.303976483581166690e+01 2.718212297374851261e+01 3.218238175312567506e+01 3.405766021989897041e+01 2.598814743146729001e+01 1.621565172248715569e+01 2.598814743146729001e+01 2.492461542141280617e+01 1.851812283727811703e+01 2.881736187773522317e+01 3.815783159267910207e+01 4.402907225878924180e+01 4.469389804254251430e+01 3.970136267833888155e+01 3.556541096137798519e+01 3.970136267833888155e+01 4.231683865528231081e+01
1.290000000000000001e-02 1.001289999999996283e+01 1.688246723926614123e+01 2.102460286299712067e+01 2.585573547227414792e+01 2.690018643043705282e+01 2.032779728364825189e+01 1.032120600333115057e+01 2.032779728364825189e+01 1.932358877318152679e+01 9.314967082609614479e+00 9.309518296158211470e+00 1.259161807050474735e+01 3.091858685875481960e+00 1.309194859983667492e+01 3.593744299103979856e+00 3.593744299103979856e+00 3.593744299103979856e+00 3.593744299103979856e+00 1.066484401602189003e+01 2.066510815856487682e+01 2.662027875678097999e+01 2.954794688100428957e+01 2.441649573988192401e+01 2.034769529278139899e+01 1.380714772529435663e+01 2.141062399266058591e+01 1.467965793143635977e+01 2.492461542141280617e+01 3.303611202254871415e+01 4.032971800522732053e+01 4.449941972568628756e+01 4.315757061433904340e+01 3.811760046291485082e+01 3.394235248156394391e+01 3.811760046291485082e+01 3.239062346048953600e+01
1.359999999999999924e-02 3.346933333333330207e+00 6.882467239266072845e+00 1.395353505113157055e+01 2.395353505113163806e+01 2.741296205878117576e+01 1.739302594214006348e+01 1.739302594214006348e+01 2.032779728364825189e+01 2.348990764858965363e+01 1.934082946519038515e+01 1.930966670772506788e+01 1.723421173247225013e+01 1.309194859983667492e+01 3.593744299103979856e+00 1.359385302802056650e+01 3.593744299103979856e+00 3.593744299103979856e+00 3.593744299103979856e+00 1.359385356971434966e+01 1.828012701561932829e+01 1.661994482785162219e+01 1.954885320254836500e+01 2.034769527724372296e+01 1.048295940491198053e+01 1.882554075105613833e+01 1.123314109297589880e+01 1.412975610352841649e+01 2.436539982024962470e+01 3.311315865999416275e+01 3.012396190552830788e+01 4.032971800522732053e+01 3.797564825888771622e+01 2.900438192249213287e+01 2.406641136342032539e+01 3.314975491492133131e+01 2.675307585251388076e+01
1.379999999999999977e-02 1.001379999999996251e+01 1.688246723926614123e+01 1.688246723926614123e+01 2.688246723926620874e+01 3.159230532951768211e+01 2.741296205878117576e+01 2.741296205878117576e+01 3.036176848845770238e+01 2.529411819895505076e+01 2.082183281265260177e+01 1.667952018922405699e+01 1.359385316135389843e+01 3.593744299103979856e+00 3.593744299103979856e+00 1.359385316135389843e+01 1.066484374935522439e+01 1.066484388503792680e+01 1.359385139684056298e+01 4.137673125657738815e+00 1.413780610203233756e+01 9.548885886253566824e+00 1.547218917467089305e+01 1.586885797502761974e+01 8.351205447165865436e+00 8.691588548368232026e+00 1.882554075105613833e+01 2.436539982024962470e+01 1.892227944482597835e+01 2.281178715779600807e+01 3.311315865999416275e+01 3.690275726484358643e+01 3.380879662646816541e+01 2.397001235598845525e+01 1.931762488242372910e+01 2.900438192249213287e+01 2.241171605641823561e+01
1.349999999999999985e-02 1.001349999999996321e+01 1.578710269189620874e+01 2.578710269189613769e+01 2.901623675031800786e+01 3.085937128799292495e+01 2.671723566426200236e+01 3.085937128799292495e+01 2.822318218339709261e+01 1.822270132250415742e+01 1.115151003195331469e+01 6.679367867775005685e+00 1.485375041124385831e+01 4.853626009134759833e+00 1.359385316135389843e+01 1.175876570474607696e+01 2.066510789189657515e+01 2.066511089697911885e+01 1.827999208519725727e+01 1.413778857419579538e+01 4.683624216090357173e+00 5.076764783075735643e+00 5.472049490598488219e+00 5.868575283516008767e+00 6.266039601209520526e+00 1.629016086109991690e+01 2.089509797003059788e+01 2.664780297886256122e+01 2.921960620889358395e+01 3.114858238155291303e+01 2.705040896206877932e+01 2.705040896206877932e+01 3.121451643283847233e+01 2.577546290913600302e+01 1.613549960353869395e+01 2.213189925850762663e+01 2.285133623453722507e+01
1.359999999999999924e-02 5.787102691896246043e+00 1.525267822362789971e+01 1.901623675031794036e+01 1.901623675031794036e+01 2.585937128799296048e+01 1.671723566426207341e+01 2.585937128799296048e+01 3.163287397988917604e+01 2.529411819895505076e+01 2.082183281265260177e+01 1.667952005589072328e+01 6.679367867775005685e+00 1.485375041124385831e+01 1.883621749612852625e+01 2.175905597664046098e+01 2.590138778196692471e+01 2.615190938596401082e+01 1.775444711387459407e+01 1.201095166636586242e+01 6.917581609434764189e+00 1.295993335245786504e+01 1.402046712998229516e+01 1.586885801894417547e+01 1.492608677312666821e+01 6.856836039480602274e+00 1.261615523717562581e+01 2.251354428720990342e+01 2.477108874844205388e+01 2.705040896206418211e+01 1.725449713915904937e+01 2.139473770787264328e+01 2.139473753848771409e+01 2.636899464897967604e+01 2.211747501876637756e+01 1.243607959885716774e+01 1.302008278815189968e+01
1.290000000000000001e-02 1.110542599896902960e+00 1.111054259989693449e+01 9.016236750317872861e+00 1.901623675031794036e+01 1.724509970926247604e+01 1.171723566426210894e+01 1.749073835615832451e+01 2.749073835615825345e+01 3.007571306600583583e+01 2.007519651090081325e+01 1.300395646459075571e+01 1.667952005589072328e+01 8.836023351500237766e+00 8.836023351500237766e+00 1.883621761727647126e+01 2.855472448844310662e+01 2.594216258863105296e+01 1.603219753358423105e+01 1.040882537659300233e+01 1.758136665268688503e+01 1.682425063739701798e+01 2.469273317971035553e+01 2.116398588613343890e+01 1.509281566923744577e+01 6.856836039480602274e+00 1.677579816988543726e+01 1.737878473173771710e+01 1.494085487581529392e+01 1.782006384979304769e+01 1.782006278530973020e+01 1.153787016250423036e+01 1.874062711297769113e+01 1.636662013181499020e+01 1.892385650536264663e+01 1.001488687074366801e+01 1.052131170615352751e+01
