output/example/elevation_000032.asc
nrows	50
cellsize	20.0
xllcorner	0
ncols	50
yllcorner	0
NODATA_value	-9999
[rows 0 to 16 of 50, columns 0 to 36 of 50]
2.590084917154735766e-01 1.018088029278575135e+01 1.488920081259630024e+01 1.468691883640876128e+01 1.883228601422255366e+01 2.116409154039340024e+01 1.112071120285655468e+01 8.956331557514420894e+00 1.442045397598628576e+01 2.274179008629222665e+01 2.371508562002056664e+01 3.381139331996774899e+01 3.904767445805296688e+01 2.914854728420238317e+01 2.223733590080723133e+01 1.666137677394960193e+01 1.445982881102983875e+01 2.023413551246651920e+01 2.106911376264635294e+01 1.054482571631406707e+01 8.090739874958277511e+00 7.158087784769159967e+00 1.087851439237837958e+01 2.061116230838306862e+01 2.728532876999627277e+01 2.876313168874615300e+01 2.955717556484776409e+01 2.579792922692729462e+01 2.689824387917885318e+01 3.681423504548934034e+01 3.349715932838893906e+01 3.857660090425304844e+01 4.277003356689674263e+01 3.500648962425165678e+01 2.524753256395073109e+01 1.940443793719290966e+01 1.901012153240082014e+01
6.054987779269863646e-01 1.060549877792676376e+01 1.468691883638574325e+01 -7.232898106046862097e+01 1.468453982708668626e+01 1.773305405967692749e+01 7.848417215599208241e+00 8.003582013503290682e+00 1.025453810295701906e+01 1.367270581411556485e+01 2.349208745081164906e+01 3.133118354960652141e+01 3.730811584330382402e+01 3.348865660337477124e+01 2.360551370587891640e+01 2.020173371147065922e+01 2.146445835697419113e+01 2.871342586909864636e+01 2.524749968880202644e+01 1.947023145409725586e+01 8.547655052277942644e+00 6.795024114644498070e+00 6.864882375560489969e+00 1.731411786246025031e+01 2.632252347436463680e+01 3.046466806664762217e+01 3.624057738349788593e+01 3.568677947860010136e+01 3.681423488032358193e+01 4.098449399922851910e+01 4.348867492944091140e+01 4.124283392477858712e+01 3.711935780857191247e+01 3.603306019116768510e+01 2.989253864832787855e+01 2.010673724822614972e+01 1.575949135786110489e+01
3.430590528629120506e-01 1.034305905285522442e+01 1.173783755760736902e+01 6.637550617699275790e+00 4.622604614086454511e+00 8.784836727278220181e+00 6.436391217769678263e+00 9.774451642969077980e+00 1.608640681351472423e+01 1.328544030196376724e+01 1.657106379619033731e+01 2.266786766860569458e+01 3.304520934399053544e+01 3.761496624024629654e+01 3.018369653190248769e+01 2.728355780483138915e+01 3.146108894362731689e+01 3.230636817471637556e+01 2.760818753249116853e+01 2.316024765019919585e+01 1.651268246205421164e+01 6.590539358582018004e+00 6.283844634425720166e+00 1.517891708814449458e+01 1.609683638930351179e+01 2.233601325052610775e+01 3.068767705854268613e+01 3.481298553037755283e+01 4.017916478227866151e+01 4.382295080178867863e+01 3.971268976646190652e+01 3.711935780857199774e+01 2.720641308041480144e+01 2.612100172148408461e+01 3.049747334161616052e+01 2.638362845939867896e+01 1.649013857444488451e+01
8.235039275605838816e-01 9.084391913095181792e+00 2.131074552832772362e+00 3.122595117745625259e+00 6.628691638912545869e+00 -1.089658131554210456e+02 5.378780626607198023e+00 1.519555544978558537e+01 2.362817852345466818e+01 2.036516284792247689e+01 1.851145816542927847e+01 2.503789099370344218e+01 3.597030883682226943e+01 4.176958444582101748e+01 4.009543741485975943e+01 3.718516759269839156e+01 3.549478499727844394e+01 2.510042247556022588e+01 1.792702681596693637e+01 1.720089794218613832e+01 1.556080650722003966e+01 4.670559961814979566e+00 8.742955373270278940e+00 8.205883716366777492e+00 1.209277781390135864e+01 2.016715364677787292e+01 2.133095225514303195e+01 2.691625598455001978e+01 3.622803832215343078e+01 3.810279922939115949e+01 2.981150328304568831e+01 3.286119155997590013e+01 2.842760406911852300e+01 2.012276359457493768e+01 2.054362802248301634e+01 2.603704174452525422e+01 2.204267359132980530e+01
7.161369641965544819e-01 1.665575066614779498e+00 2.051462048484649525e+00 2.544657656899209197e+00 1.209381711178480501e+01 1.404402021845426951e+01 7.163346442970679462e+00 1.121371893181183310e+01 2.098520062850536050e+01 2.586484614259746451e+01 2.866089128919080409e+01 3.314818403054516693e+01 3.892866070142937218e+01 3.299545693411027258e+01 3.489805774396279503e+01 3.640407224706040523e+01 3.463437977934936640e+01 2.383314882535700008e+01 1.641064355535331387e+01 1.192775820977438705e+01 8.984894948570442352e+00 6.193781608573865505e+00 6.246100813709846378e+00 1.120114626640911126e+01 1.219144806801563163e+01 1.548912272063994067e+01 1.957283885520427447e+01 2.638074520974022619e+01 3.561852609995694507e+01 3.379560960186196894e+01 2.409402814368500856e+01 2.294842524963867447e+01 2.904732345307965957e+01 2.274314188552854077e+01 1.498314811850848116e+01 1.585517777995755928e+01 1.767994932362829275e+01
6.490390650280113416e-01 9.798734490459917623e+00 1.191500658924802813e+01 7.705015899305780458e+00 1.659613171189447911e+01 1.934748064759070019e+01 1.025984630283265631e+01 9.544213855818174608e+00 1.187460067268866837e+01 1.733406743709381459e+01 2.466619304888405395e+01 3.472732935609057847e+01 3.543515682922401311e+01 2.692555151479792741e+01 2.610122139679183917e+01 2.745037946005421148e+01 3.379077613385469903e+01 3.075143337001909671e+01 2.040370876689039292e+01 1.342431242345168130e+01 9.824676241351928851e+00 -3.937143627991054551e+00 9.176962807332921912e+00 1.165384890520940075e+01 1.516059827322903075e+01 1.992241487578927206e+01 2.300386196560545216e+01 2.530366582599120662e+01 3.636165305293746286e+01 3.388010802826986634e+01 2.398595185434781385e+01 1.833681248145965625e+01 1.907068008394749725e+01 2.536706183037202322e+01 1.808455957401629632e+01 1.085951799656776728e+01 9.263754335838557452e+00
9.330058981412470143e-01 8.004073710006696984e+00 1.800407371000639145e+01 1.780495913867749636e+01 2.194692136363009993e+01 2.029786703863198127e+01 2.011779527246145705e+01 1.194148562705095173e+01 1.312178759853764731e+01 1.770463773966993415e+01 2.453017643432025352e+01 3.494782272141223700e+01 3.416989511558172410e+01 2.547618749805213412e+01 2.061490527797199235e+01 2.072945095791953563e+01 2.719040633476964075e+01 3.103946044819906191e+01 2.538616056426980450e+01 1.687563041013789089e+01 5.704625020032564997e+00 5.803442331989256964e+00 1.297732816685097212e+01 1.349995683847876471e+01 8.051437674863274552e+00 9.963409549537923127e+00 1.437723779572671035e+01 2.215952850793897966e+01 3.406139287482972833e+01 3.366188071830594453e+01 2.378782519811521468e+01 1.805146107808432276e+01 1.464584734762723706e+01 1.538306406479819621e+01 2.084660399057900548e+01 9.821381006560660154e+00 7.549787112284272794e+00
5.188205228764638521e-01 8.302633900634077690e+00 1.542048518130646251e+01 2.123487751028664761e+01 2.591165114262950908e+01 3.032803494942817224e+01 2.614444756693450245e+01 1.767859371620821918e+01 1.796792843214868540e+01 2.285693854626622468e+01 3.205112916405003887e+01 3.763528162277151523e+01 2.920848883771665072e+01 2.373803975730741911e+01 1.917397566321229263e+01 1.662465808473046636e+01 1.763687361922871588e+01 2.428938556912764568e+01 2.099532606555575498e+01 5.736668350996372290e+00 8.147448040583000761e+00 -3.842894152190974921e+01 1.188271124265603973e+01 6.550292483951281497e+00 7.869889431294806670e+00 9.660616606535114670e+00 1.448436113350887666e+01 2.189246030492316564e+01 3.349671240877935219e+01 3.776780138402585152e+01 3.206050001001053573e+01 2.480033989862225852e+01 1.504340624622961720e+01 1.140751975096358883e+01 1.175400612235202757e+01 -1.502946025145436515e+01 7.075654584627287136e+00
7.467319160170617920e-01 3.761845361794700526e+00 7.297379267727443164e+00 1.176951522272703698e+01 1.884058303459276473e+01 2.884058303758674668e+01 3.183809055836854185e+01 2.769321510032998646e+01 2.506579207161503575e+01 3.213974450682759709e+01 3.700288250426739012e+01 4.144726294737308336e+01 3.630646961460710287e+01 2.905253100772952735e+01 1.979161684285024592e+01 1.486236687481522623e+01 1.310653609512514706e+01 1.461994666878222304e+01 1.933986514916029265e+01 1.108152554720664007e+01 6.392434605506275958e+00 7.365824825011213051e+00 4.993180114928333246e+00 1.335237987932083215e+01 1.690992967030237892e+01 1.956889139648462006e+01 2.408120109557097166e+01 2.973034011764473661e+01 3.427658353174852124e+01 3.172649176750343258e+01 3.572123001606723136e+01 2.909826080972647588e+01 2.158162020348321519e+01 1.153839920957079457e+01 8.613240078302295544e+00 1.000503709031151978e+01 6.890668608566419273e+00
7.351574092455022136e-01 8.510713446891703171e+00 1.542269852414347220e+01 2.118415198752214934e+01 2.591165106617481939e+01 2.904723828618514858e+01 3.094472974230557583e+01 3.509085089024424065e+01 3.506823566845251605e+01 3.895113113939404315e+01 3.480940647095334839e+01 3.895113113938441529e+01 3.545716605918538278e+01 2.645410615114990094e+01 2.085450373323660145e+01 2.077242996881159343e+01 1.274613011418988506e+01 1.087942046734166190e+01 9.822102790009804352e+00 8.274403397304155305e+00 8.758095935823385858e+00 1.871955221430975591e+00 4.334298857066545274e+00 4.379699195672776213e+00 1.060251795953953113e+01 1.872099765928468074e+01 2.945627117097629011e+01 3.445325831238601921e+01 2.493801716749351982e+01 2.200029214536365529e+01 3.079572229817603457e+01 3.149603492416271777e+01 2.158162007745153588e+01 2.040379863927330817e+01 1.139533551132073619e+01 -1.959896620705437442e+01 6.560093603833561993e+00
5.269872374626074496e-01 7.598055049328070076e+00 1.759805504932776898e+01 2.685668151317988617e+01 2.399454197596222116e+01 1.903868784901302647e+01 2.094393368874693806e+01 3.094472974226247430e+01 3.489000223623842345e+01 3.075333404929045855e+01 2.481454296141260230e+01 3.395309245762501149e+01 3.921261351955544683e+01 3.399378841793628681e+01 3.006015299656119666e+01 2.669226275459829978e+01 1.996716164762466050e+01 1.652204849266175657e+01 9.428672510883302493e+00 1.446294968021975791e+01 1.262602844364306520e+01 1.236573571553565998e+01 6.438349667713271884e+00 4.155933730394245629e+00 7.503914605675741534e+00 1.792445073650635834e+01 2.294825023418388454e+01 2.992265608060269955e+01 2.354279317511098313e+01 1.695048111357778353e+01 2.508324882713744231e+01 2.934379109586256007e+01 2.591571141665811595e+01 2.544423926934540603e+01 2.008875308729921727e+01 1.565915301841667606e+01 6.478743320793471483e+00
1.383962708379395945e-01 7.209464082703442855e+00 1.720946408375866454e+01 1.684533889952956187e+01 1.400484218813408610e+01 1.387879030312992690e+01 1.867635680969468837e+01 2.864738092056271412e+01 3.002576369440233606e+01 2.074454385802357237e+01 1.981827360243106639e+01 2.766438899738853863e+01 3.344075599421351086e+01 2.928195432400768183e+01 2.813729799206144477e+01 2.953511797598395461e+01 2.906789419125772156e+01 2.369252046304865544e+01 1.959757213489314154e+01 1.635066241111557162e+01 2.009156568524400654e+01 1.335270086891772223e+01 9.105815838281140273e+00 4.046178392884017150e+00 3.625660340723635855e+00 9.114235438205401607e+00 1.747242787623594396e+01 2.585460722174015302e+01 1.596377068832695656e+01 1.342912997896379856e+01 1.527804671768822686e+01 2.073280635813187445e+01 1.591050597891032758e+01 2.298569107819416502e+01 1.873182258503169706e+01 8.656179212663557720e+00 6.161367043391638987e+00
6.756183529128325649e-01 1.067561835291273376e+01 1.699549269586912459e+01 9.729756886506631730e+00 9.418534664379489385e+00 1.354792542086615903e+01 2.355836370989155171e+01 3.279774908171219039e+01 2.568115150221041532e+01 1.588739622110376715e+01 1.575449894368284376e+01 2.541643612527928298e+01 2.928332856756479430e+01 1.921927852782507884e+01 1.809282478647246961e+01 1.855733093936934708e+01 2.544294605455089098e+01 2.499715490751250968e+01 2.914154709591287684e+01 2.655041004314425734e+01 2.597950066516612111e+01 2.003660508016203323e+01 1.353020715374950811e+01 -6.345305748972019266e+00 3.113239253461512757e+00 3.051072758667939144e+00 1.262484644576896287e+01 1.750246139715364535e+01 1.566685769965129538e+01 1.050208415885084179e+01 1.073913309076666245e+01 1.071717432623351840e+01 8.797388777484023592e+00 1.534729580916352987e+01 1.937770528367197542e+01 1.484754281306235058e+01 -3.283401364343702511e+01
1.053743069371424479e-01 1.010537430683532278e+01 7.250563528500328481e+00 5.918329508713833675e+00 1.060639479771666771e+01 2.060372637098997473e+01 2.771038177490298793e+01 3.200324263636947819e+01 2.797754883496721590e+01 1.797277591769459804e+01 1.307953306901133139e+01 1.982926841434433385e+01 2.421735024299342598e+01 2.048063182916381209e+01 1.208519489223964527e+01 1.100319306254589513e+01 1.706433052443940568e+01 1.499325656826756870e+01 2.336559359757810128e+01 2.235364951506298681e+01 2.654326598005325977e+01 2.285597223481738638e+01 1.324845169756353158e+01 1.141253301698360367e+01 8.302271473872773200e+00 -4.207092775501831028e+01 -7.939821271869206498e+01 1.296971218919131275e+01 7.105064082274378023e+00 1.131535447916509085e+01 7.875140056431315649e+00 -4.761575431330798835e+01 -2.138801948008204779e+00 6.465557712580353389e+00 1.544345172436366198e+01 9.044198793049607943e+00 5.353522452089857886e+00
4.388850927889174081e-01 6.006678913896643657e+00 2.903995960444558211e+00 7.203501745213865881e+00 1.724260530952743409e+01 2.050461136816177898e+01 2.198597492131710496e+01 2.198597492131760234e+01 2.753189302206027378e+01 1.752339681500188462e+01 1.077637036865234066e+01 1.007023064688284819e+01 2.007960552040275815e+01 2.188416693944973801e+01 1.176257118677003533e+01 7.127593620810804609e+00 7.110971739656831936e+00 9.216577332280166956e+00 1.864579545875086808e+01 1.220915366922632650e+01 2.063903823841917529e+01 2.260553671482279015e+01 1.258316969003614183e+01 1.030633498586827379e+01 1.222079809000172368e+01 -1.785196776985995371e+02 3.364265919297021235e+00 7.503740321218321796e+00 1.085015826414614715e+01 -1.434973903681755303e+02 3.902597444981428243e+00 1.348127895681172994e+01 4.334384307248006607e+00 4.129062460916394173e+00 6.504224178894035369e+00 4.495832432492657738e+00 5.313264024448926648e+00
8.953435393330821945e-01 -2.889506414943190382e-01 5.776190091705467822e+00 9.466980300544621585e+00 1.208365425529627046e+01 1.047520090066488763e+01 1.194558211751078858e+01 2.103681567866104274e+01 2.826219075003451664e+01 1.825497531945505614e+01 1.115401798009024148e+01 8.060862675809117306e+00 1.532179269825093648e+01 1.974240713904018563e+01 1.833812292614671691e+01 8.364757565461733435e+00 3.449470290878505985e+00 4.740004753397706772e+00 1.314392042159199292e+01 6.399531130479727992e+00 1.593956910458924270e+01 2.184905101690753071e+01 1.255330947837411948e+01 -1.234345259657185068e+02 2.637658612415480164e+00 9.069747647550283176e+00 1.270924741897322363e+01 -3.890023683138494892e-01 1.137575360105703837e+01 -1.451795578405264848e+02 -3.414334205769203834e+01 1.031868318209309976e+01 1.033061487932101308e+01 3.943275154049265652e+00 4.421699703236719792e+00 4.985698370674113811e+00 1.354530207737799508e+01
1.994484013391750743e-02 9.256757755892330852e-01 -4.797087239408927530e+02 -1.969644678624638630e+02 2.339316265646549375e+00 5.629215400629778543e+00 1.145259217324640488e+01 2.148277746532256316e+01 2.882989071560741223e+01 1.884686708778637154e+01 1.176458414321429302e+01 6.310663026204503367e+00 5.538892496239962604e+00 1.559984043192891257e+01 1.574634992521318289e+01 1.160079512868717622e+01 8.087422212581206082e+00 -7.017140419627337451e+02 9.925692517238069001e+00 -9.205145157020905344e+01 7.648764691851762443e+00 1.769407218723766917e+01 1.251842005922062206e+01 -8.482190822969246824e+01 1.901864100087888865e-01 9.805074364476039861e+00 1.193043129828770077e+01 3.508515175604264957e+00 3.696469256738861286e+00 1.347770130668266653e+01 9.233340798338513622e+00 1.770220942017518695e+01 1.408976721685812805e+01 -1.049285703652096657e+02 9.387434286178443443e+00 1.461957302869413056e+01 1.922655856287902765e+01
