output/example/elevation_000089.asc
nrows	75
cellsize	133.333333333
xllcorner	0
ncols	75
yllcorner	0
NODATA_value	-9999
[rows 34 to 50 of 75, columns 37 to 73 of 75]
2.354837243840668179e+02 1.968318981706784427e+02 2.805182274890285612e+02 2.494465465846829773e+02 1.548071092588705824e+02 1.586195735171857280e+02 2.586195735171885417e+02 2.681390408327613954e+02 2.720949796934075948e+02 2.337983855630309336e+02 2.800506197582149071e+02 2.840474235931020530e+02 1.897875393724022217e+02 2.897875393724050355e+02 3.371638089514699459e+02 3.594750810721641301e+02 3.411247391649362157e+02 4.411247391649390011e+02 4.675013384311237132e+02 4.260799821938130094e+02 3.561414025757711670e+02 4.561414025757739523e+02 4.350261537530096234e+02 3.693258707815095363e+02 4.693258707815123216e+02 5.515720560652143831e+02 5.366844828228745428e+02 4.804075614339549247e+02 4.389862051966442209e+02 3.547975934974837173e+02 4.547975934974865027e+02 4.848313218780298826e+02 4.069176270929970087e+02 4.233575258235331944e+02 5.233575258235388219e+02 5.393069009448130373e+02 6.100175790634717714e+02
3.310340153104692149e+02 2.675425762893351589e+02 3.125421361778367668e+02 2.125421361778339531e+02 2.548071092588719750e+02 1.815611469042422073e+02 1.887707079749625052e+02 2.887707079749653190e+02 3.626363484384289677e+02 3.337983855630337189e+02 3.752197418003444227e+02 3.312088956097157393e+02 2.897875393724050355e+02 1.957424527141564283e+02 2.957424527141592421e+02 2.594750810721613448e+02 3.594750810721641301e+02 4.492192357186672780e+02 4.097663115121595183e+02 3.260799821938102241e+02 3.183449552748473934e+02 4.048750192952324483e+02 3.350261537530068381e+02 4.350261537530096234e+02 5.107472270188230254e+02 5.228169779172435483e+02 4.659738047042139328e+02 3.952631265855571314e+02 3.389862051966414356e+02 4.389862051966442209e+02 4.962189497347972065e+02 5.483389833303144769e+02 4.776283052116536965e+02 4.940682039421898821e+02 4.598723629905452981e+02 5.598723629905508687e+02 6.025125062616741616e+02
3.389372998561213421e+02 3.675425762893379442e+02 3.539634924151474706e+02 2.702771630967981196e+02 3.051313729437969187e+02 2.051313729437941049e+02 2.887707079749653190e+02 2.212149922011154501e+02 3.212149922011182639e+02 3.991511856054410146e+02 4.568862125244052095e+02 3.664531308328159298e+02 2.664531308328131445e+02 2.957424527141592421e+02 2.017400541531971498e+02 3.017400541531999352e+02 3.077978794813537888e+02 3.884462398765979287e+02 3.470248836392872249e+02 2.683449552748460292e+02 2.863054854775239733e+02 3.048750192952296629e+02 4.048750192952324483e+02 4.350261537530096234e+02 5.350261537530152509e+02 4.521062997985828815e+02 3.813956216799260801e+02 3.245524484669004437e+02 4.245524484669032290e+02 3.798110342430288711e+02 4.505217123616855588e+02 5.505217123616911294e+02 5.776283052116592671e+02 5.940682039421955096e+02 5.305830411092040322e+02 5.025125062616685909e+02 5.732231843803273250e+02
2.975159436188106383e+02 3.656634240473641171e+02 4.116985193341116087e+02 3.702771630968009049e+02 3.051313729437968618e+02 3.051313729437969187e+02 2.443545999714314405e+02 3.212149922011182639e+02 2.577298293681275254e+02 3.154648562870917203e+02 4.154648562870945057e+02 4.078744870701266336e+02 3.664531308328159298e+02 3.017400541531999352e+02 3.017400541531999352e+02 2.077978794813510319e+02 3.077978794813538457e+02 3.274132701254685571e+02 2.470248836392844112e+02 3.470248836392872249e+02 3.863054854775267586e+02 4.048750192952324483e+02 3.865246773880045339e+02 4.865246773880073192e+02 4.386223025493176806e+02 3.972009463120069768e+02 3.106849435612693924e+02 4.106849435612721777e+02 4.062021065596753147e+02 4.798110342430316564e+02 4.298110342430302353e+02 4.706358632894176708e+02 5.413465414080764049e+02 6.413465414080819755e+02 6.305830411092096028e+02 5.732231843803273250e+02 5.732231843803273250e+02
2.242420678100506279e+02 3.242420678100534133e+02 3.845443367256073657e+02 4.259656929629180695e+02 4.051313729437996471e+02 3.150652780900881567e+02 3.443545999714342543e+02 2.978068483539178146e+02 3.577298293681303107e+02 3.048702814472320028e+02 3.755809595658886906e+02 4.755809595658914759e+02 4.431614103905134243e+02 3.577978794813552099e+02 2.577978794813524246e+02 3.077978794813538457e+02 2.139292728762007698e+02 2.274132701254657718e+02 3.274132701254685571e+02 3.177355617579411273e+02 3.884462398765978151e+02 4.884462398766006004e+02 4.865246773880073192e+02 4.679116244306636645e+02 3.679116244306608792e+02 2.972009463120041914e+02 3.972009463120069768e+02 4.521062997985828815e+02 5.062021065596781000e+02 5.476234627969927260e+02 5.298110342430358060e+02 5.706358632894232414e+02 5.706358632894232414e+02 6.706358632894288121e+02 6.555008558500601339e+02 6.732231843803328957e+02 6.732231843803328957e+02
3.242420678100534133e+02 2.543932022678274052e+02 2.845443367256045804e+02 3.845443367256073657e+02 4.564866343274016458e+02 3.857759562087448444e+02 4.386316774003080354e+02 3.386316774003052501e+02 4.386316774003080354e+02 3.755809595658886906e+02 3.755809595658887474e+02 4.755809595658915327e+02 4.210434326847245643e+02 3.210434326847217790e+02 3.577978794813552099e+02 2.955789309689756692e+02 3.139292728762035836e+02 2.204387184252420582e+02 2.911493965438987743e+02 3.911493965439015597e+02 4.591569179952546165e+02 4.891960063255526165e+02 4.477746500882419127e+02 4.183611096414955455e+02 3.769397534041848417e+02 2.879161794031513750e+02 3.879161794031541604e+02 4.230727895418378921e+02 4.230727895418378921e+02 5.230727895418434628e+02 5.372860644960037462e+02 5.787074207333156437e+02 5.769434879921855099e+02 6.183648442294974075e+02 5.555008558500545632e+02 6.201455167907307668e+02 6.609703458371193392e+02
3.860159788695148677e+02 2.860159788695120824e+02 3.845443367256073657e+02 3.422793636445687753e+02 4.422793636445715606e+02 4.857759562087476297e+02 4.800530336376187392e+02 4.386316774003080354e+02 4.800530336376187392e+02 4.755809595658914759e+02 4.755809595658915327e+02 5.170023158032062156e+02 4.624647889220352681e+02 3.917541108033784667e+02 4.370002872062891583e+02 3.955789309689784545e+02 3.250562893906410409e+02 2.250562893906382271e+02 3.250562893906410409e+02 3.731295466803292129e+02 4.009233613961565084e+02 4.423447176334672122e+02 3.477746500882391274e+02 3.661249919954670418e+02 2.769397534041820563e+02 3.769397534041848417e+02 3.083285939263450359e+02 3.230727895418351068e+02 4.230727895418378921e+02 4.618733680473725940e+02 4.372860644959981755e+02 4.987960465500248119e+02 4.769434879921799393e+02 5.421500344602781070e+02 4.847901777313958291e+02 5.201455167907251962e+02 5.609703458371137685e+02
4.213713179288432116e+02 3.213713179288404262e+02 4.213713179288432116e+02 4.129900417632254630e+02 4.422793636445715606e+02 5.422793636445771881e+02 5.589804953776831553e+02 5.175591391403713715e+02 5.066201591662503461e+02 5.161867964044948849e+02 5.576081526418067824e+02 5.648364997718110772e+02 5.331754670406959349e+02 4.667359028872401154e+02 3.667359028872373301e+02 3.090008759682731352e+02 2.642795164182761027e+02 3.250562893906410409e+02 2.317081904430157238e+02 3.317081904430185091e+02 3.009233613961537230e+02 3.846096907145030173e+02 3.580404711609223796e+02 2.661249919954642564e+02 3.661249919954670418e+02 4.183611096414955455e+02 4.083285939263478213e+02 4.230727895418378921e+02 3.454334693168336230e+02 3.618733680473698087e+02 3.795510375770339806e+02 3.987960465500220266e+02 4.192084610732157444e+02 4.421500344602725363e+02 4.998850613792367312e+02 5.998850613792423019e+02 6.609703458371193392e+02
4.627926741661539154e+02 3.791063448478046212e+02 4.627926741661539154e+02 5.129900417632310337e+02 5.400420172115979085e+02 4.986206609742832256e+02 4.986206609742831688e+02 4.175591391403657440e+02 4.066201591662475607e+02 4.161867964044893142e+02 4.998731257228386085e+02 4.648364997718054497e+02 5.355471778904661733e+02 5.081572591245508193e+02 4.504222322055866243e+02 3.642795164182788881e+02 3.090008759682731352e+02 3.317081904430185091e+02 3.317081904430185091e+02 2.384046857448400658e+02 2.431883344771895281e+02 3.431883344771923134e+02 2.580404711609195942e+02 3.580404711609223796e+02 2.785764481227583929e+02 3.785764481227611782e+02 4.325966201270464353e+02 4.868548255541471121e+02 4.454334693168364083e+02 4.196083949663340036e+02 4.795510375770367659e+02 4.987960465500248119e+02 5.192084610732213150e+02 5.128607125789312704e+02 5.835713906975900045e+02 6.413064176165541994e+02 6.794841898990539448e+02
5.205277010851220894e+02 4.791063448478074065e+02 5.068913145024445157e+02 4.654699582651338119e+02 4.986206609742832256e+02 3.986206609742804403e+02 3.986206609742803835e+02 4.359094810475936583e+02 3.359094810475908730e+02 3.584517694855251193e+02 4.308802684497821929e+02 3.941258216531487619e+02 4.941258216531515473e+02 5.834301166018834692e+02 5.057008726555923772e+02 4.504222322055866243e+02 3.667359028872373301e+02 4.317081904430212944e+02 3.737600248041711666e+02 2.737600248041683813e+02 3.431883344771923134e+02 2.500082778718943644e+02 3.500082778718971781e+02 3.994618273982330834e+02 3.785764481227611782e+02 2.911752638897329462e+02 3.911752638897357315e+02 4.454003081203363763e+02 4.987030189850131592e+02 5.196083949663395742e+02 5.610297512036514718e+02 5.644131432662222778e+02 6.058344995035341753e+02 6.128607125789368411e+02 6.501948680177071083e+02 6.087735117803953244e+02 5.794841898990483742e+02
5.794851904517929597e+02 4.930094983753314182e+02 4.491562875834803208e+02 3.654699582651310266e+02 4.491562875834803208e+02 4.279099828556264811e+02 3.279099828556236957e+02 3.779099828556251168e+02 2.981130337466670994e+02 3.137304099355280869e+02 3.308802684497794075e+02 4.308802684497821929e+02 4.849844286719617230e+02 4.834301166018778417e+02 5.541407947205385653e+02 5.081572591245508193e+02 4.667359028872401154e+02 4.077162561261944234e+02 3.370055780075377356e+02 3.737600248041711666e+02 2.772248305694859596e+02 3.500082778718971781e+02 2.649153977218933278e+02 3.649153977218961131e+02 4.214987148307852749e+02 3.911752638897357315e+02 3.039789518830228872e+02 4.039789518830256725e+02 3.987030189850103739e+02 4.987030189850131592e+02 4.937024651475627479e+02 4.644131432662167072e+02 5.644131432662222778e+02 6.075547247465838154e+02 5.661333685092720316e+02 5.087735117803896969e+02 5.665085386993555403e+02
4.794851904517873322e+02 4.515881421380207144e+02 3.515881421380179290e+02 3.077349313461668316e+02 4.077349313461696170e+02 4.020539705813081923e+02 3.606326143439974885e+02 2.779099828556223315e+02 3.779099828556251168e+02 4.137304099355308722e+02 4.308802684497821929e+02 3.591645396972421054e+02 3.849844286719589377e+02 4.127194384832211540e+02 5.127194384832267815e+02 6.075930431030250247e+02 5.491376123635118347e+02 4.784269342448512248e+02 4.370055780075405210e+02 3.968364440833076969e+02 2.968364440833049116e+02 3.968364440833076969e+02 3.649153977218961131e+02 2.800773585934717858e+02 3.800773585934745711e+02 4.454003081203363763e+02 4.039789518830256725e+02 3.170533608922355029e+02 4.170533608922382882e+02 4.402502167650763454e+02 3.937024651475599626e+02 4.937024651475627479e+02 5.721993856872554716e+02 5.307780294499436877e+02 4.661333685092664041e+02 5.661333685092720316e+02 6.501948680177071083e+02
4.794851904517873322e+02 4.543355085899510186e+02 3.699384840452458434e+02 2.699384840452430581e+02 3.699384840452458434e+02 3.441927156134613597e+02 2.606326143439947032e+02 3.606326143439974885e+02 3.313622312381087340e+02 4.313622312381115194e+02 5.005858959345555945e+02 4.168995666162063003e+02 4.224100929006114598e+02 5.127194384832267815e+02 4.661716868657075565e+02 5.661716868657131272e+02 5.262569700410813311e+02 4.262569700410757605e+02 3.685219431221115656e+02 3.276971140757241301e+02 3.968364440833076969e+02 4.382578003206184007e+02 3.909882531052744525e+02 2.909882531052716672e+02 3.909882531052744525e+02 4.485260686230931810e+02 4.584747171295489920e+02 4.170533608922382882e+02 3.305373581415007038e+02 3.402502167650735601e+02 4.402502167650763454e+02 4.961810980045876249e+02 4.991552528482561684e+02 4.307780294499380602e+02 5.307780294499436877e+02 6.075547247465838154e+02 6.347318917081585141e+02
4.151933729662195560e+02 3.737720167289088522e+02 3.129141523526375295e+02 2.422034742339808133e+02 3.281799002329524342e+02 2.441927156134585459e+02 3.441927156134613597e+02 3.422822724367695741e+02 4.313622312381115194e+02 4.020729093567654786e+02 5.020729093567682639e+02 4.876102447348629880e+02 4.931207710192681475e+02 5.224100929006170873e+02 5.368823649843662906e+02 5.661716868657131272e+02 5.676783262783932287e+02 4.685219431221143509e+02 4.251339163856239907e+02 3.544232382669673029e+02 4.544232382669700883e+02 4.726379111980493235e+02 3.726379111980465382e+02 3.909882531052744525e+02 3.071047123857796919e+02 4.071047123857824772e+02 4.669375609810601304e+02 4.719587143788141930e+02 4.012480362601573916e+02 4.402502167650763454e+02 3.547597417672741358e+02 4.547597417672769211e+02 3.991552528482533830e+02 4.991552528482561684e+02 5.640212135894998937e+02 5.347318917081529435e+02 6.347318917081585141e+02
3.737720167289088522e+02 2.737720167289060669e+02 3.030613386102521645e+02 2.172034742339804723e+02 2.281799002329496489e+02 3.281799002329524342e+02 3.856140718507720635e+02 4.422822724367723595e+02 4.837036286740830633e+02 5.020729093567682639e+02 5.434942655940828899e+02 5.876102447348686155e+02 5.931207710192737750e+02 6.224100929006226579e+02 6.368823649843718613e+02 6.661716868657186978e+02 6.099432993594317622e+02 5.665552726229414020e+02 4.860460148686547655e+02 3.860460148686519801e+02 4.860460148686547655e+02 5.140592674353639495e+02 4.449011596867062508e+02 3.449011596867034655e+02 4.071047123857824772e+02 3.255162047437466413e+02 4.255162047437494266e+02 4.861825699540481764e+02 5.012480362601601769e+02 4.961810980045876249e+02 4.547597417672769211e+02 3.696668616172731276e+02 4.696668616172759130e+02 5.105689652070106490e+02 4.640212135894942662e+02 5.640212135894998937e+02 5.571747332348039663e+02
3.308109763070694385e+02 2.893896200697587346e+02 2.030613386102493507e+02 3.030613386102521645e+02 3.281799002329524342e+02 3.696012564702631380e+02 4.129387791566696251e+02 4.543601353939803289e+02 5.168413788741838744e+02 4.754200226368692483e+02 5.168413788741838744e+02 5.745764057931480693e+02 5.730205898457857074e+02 5.839595698199038907e+02 6.253809260572156745e+02 6.124994664842787415e+02 6.539208227215906390e+02 5.567566929873142954e+02 4.567566929873087247e+02 4.567566929873086679e+02 5.274673711059693915e+02 4.875413029578295436e+02 3.875413029578267583e+02 4.449011596867062508e+02 4.669375609810601304e+02 4.255162047437494266e+02 3.447612137167346873e+02 4.447612137167374726e+02 5.077491245947364291e+02 5.654841515137045462e+02 5.110882178545866168e+02 4.403775397359298154e+02 3.876273918199510717e+02 4.105689652070078637e+02 4.421917418086925409e+02 4.755250751420267648e+02 5.462357532606854420e+02
2.789638993669048546e+02 1.893896200697559209e+02 2.010143839441379896e+02 2.127994969639139242e+02 3.127994969639167380e+02 3.422281010380128805e+02 3.129387791566668398e+02 4.129387791566696251e+02 4.219677742543828458e+02 3.754200226368664630e+02 4.331550495558306579e+02 5.331550495558362854e+02 4.730205898457800799e+02 4.839595698198982632e+02 5.417887883656200074e+02 5.124994664842731709e+02 6.124994664842787415e+02 5.981780492246261929e+02 5.567566929873142954e+02 5.567566929873142954e+02 5.582519810764890735e+02 4.582519810764835029e+02 4.375413029578281225e+02 5.289626591951441696e+02 4.982134620992238752e+02 3.982134620992210898e+02 4.447612137167374726e+02 3.663277683574229400e+02 4.240627952763871349e+02 5.240627952763927624e+02 5.817988959732472267e+02 5.290487480572685399e+02 4.876273918199538571e+02 4.099880715949495880e+02 5.099880715949523733e+02 5.755250751420323923e+02 5.755250751420323923e+02
