output/example/elevation_000001.asc
nrows	100
cellsize	10.0
xllcorner	0
ncols	100
yllcorner	0
NODATA_value	-9999
[rows 17 to 33 of 100, columns 0 to 36 of 100]
9.042962687953216561e-01 1.090429624924941976e+01 1.787477044854369268e+01 1.354187180835231530e+01 3.539063474433107093e+00 1.354187180847590710e+01 1.569102323596407089e+01 1.016187661482980253e+01 2.016421750266698965e+01 2.521736996235279094e+01 3.521724238517424510e+01 3.046672750847508837e+01 2.046408890015279525e+01 3.046672737032791289e+01 3.736840476500719177e+01 3.761706960332621463e+01 2.760694269541089696e+01 2.052834488183500028e+01 1.698971738394491737e+01 2.422335337651197307e+01 2.054417969791113308e+01 3.055432601244006818e+01 3.319716741429631668e+01 2.624635862305912326e+01 1.623685702852839441e+01 1.957282688194236187e+01 2.535238606081066237e+01 3.536242064075771907e+01 3.282368990972556588e+01 2.279638610108096586e+01 1.569669608622883850e+01 2.486938074015232658e+01 2.302883212219233400e+01 3.024124866969535930e+01 2.606181479903006704e+01 1.746481752904707108e+01 2.761769070911046953e+01
4.727888214371316344e-01 1.047278880356594932e+01 7.873602498859404442e+00 1.105380688481264073e+01 1.406357036172315000e+00 1.140926590578725452e+01 5.687934588328298346e+00 1.569102323643536323e+01 1.521514918265911120e+01 2.521745653323538860e+01 2.805745020363205811e+01 2.391436815042527897e+01 1.744822608569143085e+01 2.322324099028714528e+01 3.322579466513593616e+01 3.468853358365993955e+01 3.468504889077194520e+01 3.053883765279865159e+01 2.422335336933285532e+01 1.421379816228629522e+01 2.422335210695753105e+01 2.743740758588248951e+01 2.318751053264362483e+01 2.318751053263860840e+01 1.493391397141707699e+01 2.494324648485024198e+01 3.372854271977897156e+01 3.950723625284710749e+01 3.575957464914053219e+01 2.573331517186188577e+01 2.486938073980417130e+01 1.482948059630361470e+01 2.486938073930614834e+01 2.454826616885715040e+01 1.595546462461957482e+01 2.606181479821315605e+01 1.883198800933970318e+01
3.217974216344505756e-01 1.032179740386565392e+01 8.013975480353578984e-01 1.051758336106876524e+00 1.105380688431059433e+01 1.763668152598905969e+00 1.176748149353567996e+01 8.141739129437908673e+00 1.367130942223334067e+01 2.367407583765573875e+01 2.082754626658577024e+01 1.391192177097889271e+01 2.391436815186660425e+01 3.159384908431005812e+01 3.175731769368150381e+01 2.468110470737215678e+01 3.175731759473083216e+01 2.831069019990814084e+01 1.830071724446154136e+01 1.252133606872852489e+01 2.029310466372274036e+01 1.742743269831249009e+01 2.150756173395418713e+01 1.317797087669393186e+01 2.318751053281317454e+01 2.201139605962902124e+01 3.202136115460334054e+01 3.880491312025093009e+01 3.465230718963057654e+01 3.136034957082937780e+01 2.132750914463873571e+01 1.422410450712602348e+01 2.341724641054572942e+01 1.448239973365707023e+01 1.570268829999012716e+01 1.694696528698347748e+01 2.702641967874288298e+01
8.939844080046296382e-01 4.476468685538591563e-01 1.044836272882527517e+01 1.105380688468551043e+01 1.519650593129993688e+01 1.176748149435857194e+01 2.122856152778577421e+00 3.666802425374905638e+00 1.367130942298728691e+01 1.799843384576536209e+01 1.082512315708044781e+01 2.082754626557162680e+01 2.805745034182086428e+01 2.929218214609778315e+01 2.728190380137243665e+01 1.760480319686813289e+01 2.728190376349679269e+01 3.245684731963152103e+01 2.667763602187321936e+01 2.029310466278004554e+01 1.028120768514820327e+01 1.034747058385931773e+01 1.149704633691141353e+01 2.150756173396264259e+01 2.733330464557097272e+01 3.202136109817077880e+01 3.616671620969506762e+01 3.465230718919340802e+01 2.462552805344340001e+01 2.756230366710863322e+01 2.689724102001283867e+01 2.274200191283539141e+01 1.337270891434375386e+01 2.309537528481212831e+01 2.577771115030319393e+01 2.408323755941554367e+01 2.408323755961673740e+01
9.420931065171989083e-02 1.009420929339223427e+01 1.459070231286971087e+01 1.826874379734438492e+01 8.264790551866830981e+00 2.487315766697108632e+00 1.212758135829660944e+01 1.367130943124093001e+01 6.168707302488137145e+00 7.995611572068838768e+00 1.799843384677039282e+01 2.497064753701112494e+01 2.636099797360435204e+01 1.928472983372554950e+01 2.313676323728024542e+01 1.312919183765381526e+01 2.313676323697927373e+01 2.979968192060853482e+01 2.565367716702368028e+01 1.876630466246162854e+01 8.752194841141877291e+00 1.876630466338449921e+01 2.150756173291975060e+01 2.565359197142037928e+01 3.089331871544634467e+01 3.007254016143632569e+01 3.421996511256190132e+01 3.400080791615181397e+01 2.756230366431489287e+01 1.753152716677491441e+01 2.220062809206015686e+01 1.270123862370719792e+01 2.274200191221164502e+01 2.757320778312243803e+01 3.335006271878588535e+01 3.413188995574407869e+01 3.413189050433889093e+01
9.229537852382663221e-01 1.092295376612519142e+01 1.891016175287305146e+01 2.241210964317238918e+01 1.275168101824439582e+01 2.745406637817379814e+00 1.275168101821730282e+01 1.726210255812230443e+01 1.617217674851522702e+01 1.799843384563433446e+01 2.214154667478567262e+01 2.182473821407289094e+01 2.221584475098050859e+01 1.220737518440223468e+01 1.588593280302394994e+01 9.963087921015757686e+00 1.997209130845553204e+01 2.389519129259457841e+01 1.564339201848140348e+01 1.748031356964526495e+01 7.855186360666833956e+00 1.787062001365637087e+01 1.857198957646712856e+01 1.673477587600604721e+01 2.674665311387520461e+01 2.005927189234756369e+01 2.843888637011001563e+01 2.984940165311223126e+01 1.982412867477206220e+01 2.166380055590112619e+01 1.216489532707723420e+01 2.220062809258192260e+01 1.360096260019719416e+01 2.365749190312737582e+01 2.285638967537435917e+01 3.335292810745713865e+01 3.262543939520567449e+01
6.855593863422395629e-01 4.768042290980851305e+00 1.183911010284592180e+01 2.183911004026922953e+01 1.689536139942908122e+01 1.275168101774995577e+01 3.111084449327767842e+00 1.311821398286978813e+01 1.762985895652412438e+01 2.119073580214703156e+01 1.889354776818765203e+01 1.181780948999798220e+01 1.889354770633816472e+01 1.550335681275781674e+01 5.873266701754178420e+00 1.588593280210409198e+01 1.654410584325004052e+01 1.388564484533339893e+01 1.709105842795820962e+01 7.465345025934295720e+00 1.748031356905487499e+01 8.265247239637634635e+00 8.555584569867447087e+00 1.857198956850529825e+01 2.313155206984711398e+01 1.427700143128631893e+01 2.396050494730873837e+01 2.528120934187243662e+01 2.113065260727978156e+01 1.163288787744431296e+01 2.166380055587806197e+01 2.635428752782626916e+01 2.365749190264121182e+01 1.450625908717537271e+01 2.458033127528774031e+01 2.624173425500168122e+01 2.253191518265630577e+01
6.228881756737364439e-01 1.062288815734805603e+01 1.476804220027762860e+01 2.476804052368895626e+01 2.019261764154266814e+01 1.018790004232670121e+01 1.311821398269742822e+01 3.477810427178924968e+00 1.348576462947482746e+01 1.118462642235021320e+01 1.437697641294588990e+01 4.738182930093994827e+00 1.474877106368900215e+01 5.491354758699004357e+00 1.550335681233195295e+01 6.258063490342365753e+00 6.530395462506750626e+00 6.803269048107406292e+00 7.076583487942480488e+00 1.709105842838311062e+01 2.162654410614515754e+01 1.534893937998980817e+01 1.857198957672918738e+01 8.967412762557232853e+00 1.898439754247531042e+01 9.794605328337940620e+00 1.981281211081445193e+01 2.060184364448252836e+01 1.110437101112152369e+01 2.113065260737135631e+01 1.982412789910091178e+01 2.984934455504388850e+01 2.874731536400731713e+01 2.458033127608590718e+01 1.542568152994785535e+01 1.613195805379274361e+01 2.624173426087569894e+01
6.856731372150997039e-01 1.068567311831602673e+01 1.830880484033016842e+01 2.278093667317434168e+01 2.433630468254632007e+01 2.019261764115112356e+01 1.348576463040910944e+01 1.348576462561690903e+01 3.845337781748050521e+00 4.106039563919068769e+00 4.367123791913867237e+00 1.437697641237772039e+01 5.110074107814385869e+00 1.512136346128205666e+01 1.964852617989954808e+01 1.627135659136651924e+01 1.231363812385322731e+01 1.681737312301680731e+01 1.709105842823322163e+01 1.134909327941899271e+01 2.135951766784998540e+01 2.536047798274324094e+01 2.313155192703550256e+01 1.898439743149436865e+01 9.380124294481747782e+00 1.939770677977089264e+01 1.021052163757553721e+01 1.057998469599927382e+01 2.060184364441180094e+01 1.646559238456936924e+01 2.648767724750310393e+01 3.399877366691853098e+01 3.434822025064951845e+01 2.427381189820393459e+01 1.713181493981849002e+01 2.624173425613599520e+01 1.715628305890178495e+01
6.311464542807821987e-01 4.166680360213534051e+00 8.638816315213151853e+00 1.570988412715024296e+01 2.570988424180441001e+01 2.763458809120400517e+01 2.092922501328492046e+01 1.092347386429262457e+01 8.851037622418894912e+00 1.411534800586967364e+01 7.386873733347199433e+00 1.741586880885045829e+01 1.512136346213929095e+01 6.841170145632064603e+00 1.685076203409973772e+01 2.003509194686689199e+01 2.232303221816752270e+01 2.646854732170826452e+01 2.135951766934667972e+01 1.842792342930768967e+01 1.768072847653134261e+01 2.768982760454168712e+01 2.517897997694553425e+01 1.516552185242054840e+01 1.646488323164742695e+01 2.071133571835813569e+01 1.069699772537721039e+01 2.060184364486289610e+01 2.475088167738817901e+01 2.648767725648658455e+01 2.355295866044632547e+01 3.357267926195297747e+01 3.482232943739146691e+01 2.475114679736930867e+01 1.892044302324920224e+01 2.900770901120639067e+01 2.432985193338160812e+01
3.848358526059494356e-01 1.038483583456386583e+01 1.830879821455218348e+01 2.278094179841722422e+01 2.561216317750152527e+01 2.853236629715260619e+01 2.507330474893869621e+01 2.092922501428514437e+01 1.462856535043140305e+01 2.079235057216212823e+01 1.072488521880834966e+01 2.079235057051772273e+01 2.099562396377537254e+01 1.685076203336714684e+01 8.626170914184520200e+00 1.002849004177284087e+01 2.003509194735772070e+01 2.624423526524649120e+01 3.136855432932788901e+01 2.843701225067757576e+01 2.768982760546092337e+01 2.768982705015703871e+01 2.932627065505691277e+01 2.094717042657244122e+01 2.647816892616275197e+01 2.071133535348414867e+01 2.071133571835839504e+01 1.138884234140848584e+01 1.846604148284452407e+01 2.847107480798934631e+01 3.357267928297678594e+01 3.772002897612766503e+01 3.899309946679299088e+01 3.094751295018498993e+01 2.086800662608385792e+01 3.094751294366028915e+01 3.444171693306668658e+01
2.521073052285498495e-01 7.323175117091138553e+00 1.732317505577369587e+01 2.030390120620890571e+01 1.564250828973377416e+01 1.856255259995133500e+01 2.637433983032671847e+01 2.877754292507795597e+01 2.463348859417223125e+01 2.497545731828963866e+01 1.574987697054964819e+01 2.497545724176745807e+01 2.310883883194726351e+01 1.310253251063407909e+01 1.863388260446889433e+01 2.003509194707942953e+01 1.209319728185921328e+01 2.209917531276965974e+01 2.719781537385079773e+01 3.036229607605300984e+01 3.450774735523891223e+01 3.769874082354606770e+01 3.510707017203492342e+01 3.095974114674896782e+01 3.486847764323940169e+01 2.672535187722213124e+01 2.188236832909320029e+01 1.187967189428634107e+01 2.188236832873457871e+01 2.854873044997502873e+01 3.188322152659355524e+01 3.602773012666777674e+01 4.103145857663676566e+01 3.511772284328700522e+01 2.669271694083003155e+01 2.406210526744839129e+01 3.413185059119123821e+01
5.879213224934537463e-01 1.058792130398926190e+01 1.738086697170659534e+01 1.032509968703442027e+01 8.588265521460975549e+00 1.227198546238936494e+01 2.224417215422135286e+01 2.443264419963832168e+01 2.855842793333096097e+01 3.026019163900809517e+01 2.307943896981746335e+01 2.888607395700199021e+01 1.887960919237770696e+01 2.310883883178227549e+01 2.725374421657347668e+01 2.209917530952505516e+01 2.209917531276965974e+01 1.430307509685119349e+01 1.719121622870558497e+01 2.035532943369980430e+01 3.036229610763038878e+01 4.028551049296630282e+01 4.013330324973469487e+01 3.436086637016505563e+01 2.989152198687367701e+01 2.258411011187883943e+01 1.258899132427423062e+01 2.188236832908340546e+01 1.566232121304009617e+01 1.854820556735046466e+01 2.187975738604895071e+01 2.688040185511966840e+01 3.688608458533185797e+01 4.093011713085752490e+01 3.675967242672719948e+01 3.413185059109843422e+01 2.751972981578089872e+01
4.097004100245241753e-01 1.040970039128906066e+01 1.205666704132177003e+01 3.266162273476109768e+00 4.125404489226383475e+00 1.410191581361291213e+01 1.868263882326895953e+01 1.447334272180908599e+01 2.151618154086792956e+01 3.147360797081946160e+01 3.404059364171828150e+01 3.303104221647748773e+01 2.888607395699758840e+01 2.888607395637973951e+01 3.625129384915522479e+01 2.857600893036288525e+01 1.856932550336710719e+01 2.430915903475066742e+01 1.784038399843358036e+01 2.784712920370719047e+01 2.613293494416142693e+01 3.613971086186179349e+01 3.599169214394493821e+01 2.599381994242497029e+01 2.022758933453347652e+01 1.576426247355790800e+01 1.309228712889703417e+01 2.308188533500366901e+01 2.566182694743483594e+01 2.854873045550174382e+01 3.188322152305371304e+01 3.602589953350977936e+01 4.103123045033477467e+01 4.254913960997464528e+01 4.669581339336009052e+01 4.175417098297243967e+01 3.758380595466601903e+01
1.365314538817242740e-01 1.013653143554613223e+01 2.067868197756867588e+00 1.205666704085018814e+01 1.410191581357633162e+01 5.392184815431940059e+00 8.716591043745388845e+00 1.868263883573137107e+01 2.855843726406341787e+01 2.618660018043580351e+01 3.050287629323290162e+01 3.282896409075159738e+01 3.692763188160681409e+01 3.889271465025976937e+01 3.392480346726201645e+01 2.391807518791543430e+01 2.564509934274213165e+01 3.052169259518231215e+01 2.051456115764327848e+01 3.052169305353265472e+01 3.613971080820348192e+01 3.613971086236065133e+01 3.729297831474181635e+01 2.729476502350599532e+01 2.152731691947255399e+01 2.575093614023196409e+01 2.308188533426699607e+01 1.381942009291045892e+01 1.880909125260468784e+01 2.586557331196221199e+01 3.585727941785484063e+01 4.134470831371246646e+01 3.719800992723483546e+01 3.253809216602077470e+01 3.831566608797395190e+01 4.833217073929582597e+01 4.456483164531979213e+01
6.087457894407921621e-02 8.856401288407357297e-01 7.953865406105544267e+00 1.619321506103334940e+01 1.948679556239743249e+01 1.536062291125284496e+01 6.724144300460911161e+00 1.668297121711182740e+01 2.216223176748242452e+01 1.673163015486764138e+01 2.503411623668976205e+01 2.295016101672690212e+01 3.122133906892879196e+01 3.616274269666524077e+01 3.806934020304002075e+01 2.892157820050016426e+01 3.565184853943622301e+01 3.430503499266382050e+01 2.429688922415004271e+01 2.759061044173378363e+01 3.759795332240597077e+01 4.614724912475441698e+01 4.143446659291504375e+01 3.566196345809060375e+01 3.152050724246012336e+01 3.136979432062922868e+01 2.138827153236672629e+01 1.433675213382763580e+01 2.431179187083717963e+01 3.293132569452789227e+01 3.101011987711231299e+01 3.293417842062577705e+01 2.719636084227190409e+01 3.719800992765493675e+01 4.669581335430117264e+01 5.247709345974038087e+01 4.812480337194180180e+01
4.733752554537166146e-01 1.047337523644571000e+01 1.502117233217749082e+01 2.208847865423702928e+01 2.371867517239762080e+01 1.376868724058413207e+01 1.668297121318574838e+01 8.098973992569016289e+00 1.804658488976019015e+01 1.101366885458648426e+01 2.093169922766286817e+01 1.723994218838760162e+01 2.218631135167304791e+01 2.916944018066580213e+01 3.905398637143214557e+01 3.892794716611513195e+01 3.892780607968623485e+01 3.846455713851857894e+01 2.930051799786598110e+01 3.759795333464009559e+01 4.174706887319062787e+01 4.495473120628897590e+01 3.997117041237497403e+01 3.584243232012331504e+01 3.475208308129722923e+01 3.188061915694827775e+01 2.190301186264452227e+01 1.485656141880352799e+01 2.482538537926419764e+01 2.838755863143511604e+01 2.103154546406315362e+01 2.294492138630366185e+01 3.293417843113769550e+01 4.021797324791636186e+01 4.424808456602242757e+01 4.908138929216114121e+01 5.231190401435284087e+01
