output/example/elevation_000018.asc
nrows	75
cellsize	13.33333333
xllcorner	0
ncols	75
yllcorner	0
NODATA_value	-9999
[rows 51 to 67 of 75, columns 37 to 73 of 75]
1.888360785294462474e+01 2.889755679238382413e+01 3.275597851402551441e+01 2.504099363335949491e+01 3.505285764688269978e+01 4.230225037392709453e+01 5.036215177275153820e+01 5.451590457047718274e+01 5.105165207260815663e+01 4.517849781225846328e+01 4.096356856794020018e+01 4.228354752302253416e+01 4.022768423157306472e+01 3.769836710033859362e+01 3.822999544508549974e+01 3.108933106318660222e+01 2.519288611212325080e+01 1.503619091873772362e+01 2.353430473186342908e+01 2.772470272900713084e+01 2.537838683036067167e+01 1.523113779708581284e+01 1.300790925417193300e+01 2.323117835607430237e+01 2.808436289910629213e+01 2.589768758226701451e+01 1.685981462594210711e+01 2.692494435490577942e+01 2.935257526434951103e+01 2.136449447603380136e+01 3.137489704930595380e+01 3.772739136883436828e+01 4.299722467045302210e+01 4.717591281189363173e+01 4.615256236538967727e+01 3.901883081047234469e+01 3.901883081047234469e+01
2.889755679238382413e+01 3.304881016452810627e+01 3.920799693649043860e+01 3.505285764688269978e+01 2.812260358474553712e+01 3.814620963974072509e+01 4.584947322670043945e+01 5.164380224930967245e+01 4.865642610124280054e+01 4.356995504677668407e+01 3.935355835033646343e+01 3.598200633633834400e+01 3.011041570663515188e+01 2.760399713412430955e+01 3.288567810286959769e+01 2.394866668128770471e+01 1.679734249995747675e+01 2.519288611212325080e+01 2.938111159100321501e+01 2.987995020971920468e+01 1.981414848844982757e+01 2.537838683036067167e+01 2.323117835607430237e+01 1.368636988613106098e+01 2.389575255849617363e+01 1.579333220334785359e+01 2.589768758226701451e+01 3.108674880998919576e+01 3.554032307818489045e+01 3.137489704930595380e+01 2.355006745383984423e+01 3.355889540387672554e+01 3.294249751444127838e+01 4.299722467045302210e+01 4.981946101043968866e+01 4.909874303274053631e+01 4.909874303274053631e+01
3.160110133709702041e+01 3.383891687302468654e+01 3.799335145668196390e+01 4.230225037392709453e+01 3.814620963974072509e+01 3.166058686182707760e+01 3.745065274211750506e+01 4.748889832722404947e+01 4.443740329911837961e+01 3.426971340155451173e+01 2.923890230834208381e+01 2.590732051375710299e+01 2.302119343017788111e+01 2.051027638176966406e+01 2.869427692977591704e+01 1.862761652801993506e+01 2.394866668128770471e+01 3.108933106318660222e+01 3.525386418495598662e+01 2.520019172428978749e+01 2.987995020971920468e+01 3.049582610441285269e+01 2.026560145807418678e+01 1.433486614728201225e+01 1.473793577172582481e+01 2.488977926470908741e+01 2.165791741783728241e+01 2.667365813676678243e+01 3.670498452940390877e+01 3.772739136883436828e+01 3.355889540387672554e+01 2.587137345366393859e+01 3.588745891545658395e+01 3.557359103237205034e+01 4.268778053448498611e+01 5.276824930024918814e+01 5.484418494358006768e+01
2.159710784242501447e+01 2.383110155414593834e+01 3.090204843526010237e+01 4.092914448638139646e+01 4.584947322670043945e+01 3.875319733756368379e+01 3.667424813428300467e+01 4.671238100064176990e+01 4.865642610124280054e+01 4.356995504677668407e+01 3.935355835033646343e+01 3.598200633633834400e+01 3.307369505050425573e+01 3.056056951208930883e+01 2.051027638176966406e+01 2.869427692977591704e+01 3.288567810286959769e+01 3.822999544508549974e+01 3.525386418495598662e+01 3.230202705023909715e+01 3.943843390118585290e+01 3.483813150988768115e+01 2.541651576768552445e+01 1.433486614728201225e+01 1.507502536504333968e+01 2.524906399901811582e+01 3.044394414984273212e+01 3.585668918291644047e+01 3.670498452940390877e+01 4.677152899540836017e+01 4.005920516316745505e+01 3.588745891545658395e+01 2.848910575656408639e+01 3.852205639991898067e+01 4.453174380385774356e+01 4.771819103820514130e+01 4.476650771721082123e+01
2.736678625944123766e+01 3.383891687302468654e+01 2.760550828688428382e+01 3.468756925400386848e+01 4.472168300080615211e+01 4.879138535304011981e+01 4.116276366482279059e+01 5.086757624056176752e+01 5.108935864414657857e+01 4.089474431848533698e+01 3.502972841732115228e+01 3.052371690418784667e+01 2.674021582907001005e+01 2.385431189916151240e+01 3.056056951208930883e+01 2.051027638176966406e+01 2.760399713412430955e+01 3.769836710033859362e+01 4.534255369936374791e+01 4.238022942950603777e+01 3.875037948800214593e+01 3.265847347630839437e+01 2.619727200576531345e+01 1.578770656095062641e+01 2.524906399901811582e+01 1.612075613804894658e+01 2.625167338151434038e+01 3.145471979127880857e+01 3.470094914282115894e+01 3.889545507034165439e+01 4.604248647278587470e+01 4.269652602140586595e+01 3.852205639991898067e+01 3.156991623488077892e+01 3.446162447122326711e+01 3.764176013372308915e+01 4.345965515928153167e+01
3.738528330080229978e+01 4.154049583704402693e+01 3.762649312724511930e+01 3.208090609657075021e+01 3.787053513504370983e+01 4.790823736111146047e+01 4.695969378294754648e+01 5.535582062183274132e+01 5.530562620719800293e+01 4.942240831205442220e+01 4.487104330194745216e+01 3.496083580624604537e+01 3.682489420736898467e+01 2.832882706249956684e+01 3.315626705320559608e+01 2.310317425869267538e+01 3.019274081974394974e+01 4.031085227106466817e+01 4.427045431694764233e+01 3.898197308095503644e+01 3.441777856944999314e+01 2.382831819835904241e+01 1.787642288125631396e+01 2.619727200576531345e+01 3.024428047428106936e+01 2.625167338151434038e+01 1.716096671687893505e+01 2.726176369838149327e+01 2.459576704451111340e+01 3.173284797054515494e+01 3.631725938265918785e+01 4.054409917626014703e+01 4.580037781688089638e+01 4.161269679450004588e+01 3.736734364390466112e+01 4.744047701147122353e+01 5.189581500722451324e+01
3.123680846740291273e+01 4.125271214009538312e+01 4.626887201587626919e+01 3.787053513504370983e+01 4.211296727884593594e+01 5.206286740125015911e+01 5.699737237485481955e+01 6.114830393139192211e+01 5.816720835945366019e+01 5.406294918761361146e+01 4.933615450176211681e+01 4.511900296587549519e+01 4.264573339617000158e+01 3.413832187258419992e+01 3.735902011462038530e+01 2.810626807711211228e+01 2.888432503753633540e+01 3.899184847227959239e+01 3.997940385854275291e+01 2.931237054035490175e+01 2.400282087773784667e+01 2.012240103842282224e+01 2.830395077362777911e+01 2.830395077362777911e+01 3.156497527055827490e+01 2.147304958256201246e+01 2.726176369838149327e+01 1.822658589952063934e+01 2.831022213017706335e+01 3.358051621912825624e+01 2.619876142331510138e+01 3.468104911724044115e+01 3.925127899542023613e+01 4.518542480421503882e+01 4.744047701147122353e+01 4.559059481482841392e+01 5.271579002946171499e+01
2.916485945188114570e+01 3.493838745909975074e+01 4.496453972409882738e+01 4.790823736111146047e+01 5.206286740125015911e+01 5.630211359594542841e+01 5.456370786939175588e+01 5.325112694351673781e+01 5.406294891315342710e+01 4.411392817550019174e+01 4.702792903655157630e+01 5.114057864384843555e+01 4.851497915381889925e+01 4.429716474199246079e+01 4.241951611118068399e+01 3.522993161243850579e+01 3.469764082254343407e+01 4.320570661622011244e+01 4.427045431694764233e+01 3.898197308095503644e+01 3.246467143234513486e+01 2.188614442456256626e+01 3.246467143234513486e+01 3.886693795267205331e+01 3.493498467162821441e+01 2.482495646841841008e+01 3.250451520729899357e+01 2.831022213017706335e+01 1.930696892409203969e+01 2.938450622837660120e+01 2.039593695260133543e+01 2.488626399929371757e+01 3.070952167690487755e+01 4.089569712407939761e+01 4.715845904102997821e+01 5.134938550199206020e+01 5.248528040268567452e+01
3.493838745909975074e+01 4.332969256076215459e+01 4.911883673611186651e+01 4.621862834946419696e+01 5.030099676401169972e+01 5.164163365181450871e+01 4.461354904267416543e+01 4.329022324701001878e+01 5.032359034311094348e+01 4.702792904299220567e+01 3.699129721951303651e+01 4.702792904299220567e+01 4.926383336678344449e+01 4.634993980986834572e+01 4.912665663325826415e+01 4.539177271245389989e+01 4.485784549773381968e+01 4.907543785040391526e+01 4.612592523182330240e+01 3.683165360004163347e+01 2.613477559644379156e+01 2.453667497850587864e+01 3.051573688012564034e+01 4.113643573180151236e+01 3.876517977367250012e+01 2.863143606080564751e+01 3.876517977367250012e+01 3.358051621912825624e+01 2.938450622837660120e+01 2.039593695260133543e+01 3.047449378373525164e+01 3.467024812335125006e+01 3.633497115385615928e+01 3.887491383089545138e+01 3.701322952797735155e+01 4.532186964224857206e+01 4.235468775242615891e+01
4.496453972409882738e+01 4.911883673611186651e+01 4.466085060160031617e+01 3.648551659138709624e+01 4.466085060160031617e+01 4.752788308913655158e+01 3.749006606375517237e+01 3.615111609999114961e+01 4.531286022879783104e+01 4.368238512118279004e+01 3.357603440845817033e+01 3.955648473825942801e+01 3.923445230240012904e+01 3.628712087391048158e+01 3.911506162234193340e+01 4.540201598006485284e+01 4.951836309036371375e+01 4.922308481484057552e+01 3.879894894321602550e+01 3.120211651625900018e+01 3.683165360004163347e+01 2.735278981170976209e+01 3.809520128421851837e+01 4.542330333312756352e+01 4.296849624696864822e+01 3.447581898439854342e+01 4.071765788203786229e+01 3.338921365155194820e+01 2.329232784977403270e+01 3.047449378373525164e+01 2.162738703783169925e+01 3.171101841143435252e+01 2.621929226641534783e+01 2.873313355011185877e+01 3.178139631142456878e+01 3.516701828079967385e+01 4.235468775242615891e+01
4.865472396329878535e+01 4.985608311222836875e+01 4.059921365588567710e+01 3.069339331793261394e+01 4.059921365588567710e+01 4.810910339253992163e+01 4.117941018189229396e+01 3.101348092723254268e+01 4.117941018189229396e+01 4.780556364215907905e+01 3.955648473825942801e+01 2.934779779671110234e+01 3.582879933811096151e+01 2.901749338685391422e+01 3.190519909255766606e+01 3.533813774309299305e+01 4.248334429100381726e+01 5.244831275591050002e+01 4.612592523182330240e+01 3.661109631145675536e+01 4.240343196350280408e+01 3.221286928179713271e+01 3.361901054537498368e+01 4.420979154566344249e+01 4.882757686816933784e+01 4.462455557781760973e+01 3.651340576745771216e+01 2.638986626986007167e+01 3.338921365155194820e+01 3.590936866810362460e+01 3.171081012976315705e+01 2.287651552251586651e+01 3.296748526121540834e+01 3.878697391962261065e+01 4.193691918843228450e+01 4.532186964224857206e+01 4.516032506612897635e+01
4.301596010055188657e+01 4.013273964630977986e+01 3.709697728879453393e+01 2.703379030141778117e+01 3.709697728879453393e+01 4.398045088518721712e+01 3.385877273900417350e+01 2.812067575782815254e+01 3.835988870239890502e+01 4.162266734277625346e+01 3.761403456463210659e+01 3.343295869289942601e+01 2.552389905260130831e+01 3.582879933811096151e+01 4.204738991465485043e+01 4.540201598006485284e+01 4.357486493188025634e+01 5.353190582860016633e+01 5.132975796411627556e+01 4.408089243884604969e+01 4.711631545179269409e+01 3.845120328886783057e+01 3.982225030652413267e+01 4.846378627912613268e+01 4.879417597232381354e+01 3.864272237864959436e+01 3.278259574763229267e+01 2.918206142769258449e+01 3.932714595703025395e+01 3.557931661050372441e+01 2.546367417508952258e+01 3.296748526121540834e+01 2.448047594707283281e+01 3.458571059254630597e+01 4.045554666704686042e+01 3.797690211439215346e+01 3.500143090352059261e+01
3.729230857874363636e+01 3.312816022749862555e+01 3.406281224949312048e+01 2.388239653331281787e+01 3.115636906720273203e+01 4.107894113680077197e+01 3.571613528557789863e+01 2.541269522235965539e+01 3.253642464757356123e+01 3.143998927592550174e+01 3.143998927592550174e+01 2.307718580994014346e+01 3.343295869289942601e+01 3.999268788499698957e+01 4.543419356726167280e+01 5.044513344993385573e+01 5.353190582858835000e+01 5.295339932996285626e+01 5.705689467312929963e+01 5.436527629505691550e+01 5.309435855700773033e+01 4.886858730901916203e+01 5.020328433847964789e+01 5.442556421900262364e+01 5.299762069943724185e+01 4.713725800019310697e+01 3.932714595703025395e+01 3.255515960403418774e+01 4.271313913352829417e+01 3.749476068753273239e+01 2.735920144009922339e+01 3.749476068753273239e+01 3.458571059254630597e+01 2.612623095104096649e+01 3.625005623873639848e+01 2.783397343708116622e+01 3.368253306566315075e+01
2.725052963386499627e+01 2.725052963386499627e+01 3.143370770569650219e+01 2.118765122403882373e+01 2.850021333528704659e+01 3.851569232713389823e+01 3.988167115367989624e+01 3.253642464757356123e+01 2.217241528344658263e+01 2.954459284762675253e+01 2.105847546715473229e+01 3.143998927592550174e+01 2.719548112964601572e+01 3.113522350261112237e+01 3.627205516531136453e+01 4.632902307536512865e+01 5.131978903318577778e+01 4.300391307145984143e+01 5.131978903318577778e+01 5.567325585470170779e+01 5.942750624841374218e+01 5.812883972133293042e+01 5.728363751836269557e+01 5.318239518720470471e+01 5.728363751836269557e+01 5.368304349907953821e+01 4.655197895522950802e+01 3.639536346399658839e+01 4.539100644957896691e+01 3.523141801176386423e+01 2.937236514998947712e+01 3.952536573196726977e+01 4.045554666704686042e+01 3.625005623873639848e+01 2.783397343708116622e+01 3.797690198105881620e+01 4.218294433527128007e+01
1.992163146852642797e+01 2.685964882402567255e+01 2.591711427734185236e+01 1.878176312111583712e+01 2.906749290975689348e+01 3.178813595404299264e+01 3.448093311017414919e+01 3.220740976832225044e+01 2.798853468229787467e+01 1.916439018461113619e+01 2.653553758581672284e+01 3.563582054479425665e+01 3.449965753603022023e+01 3.560766466009216913e+01 4.543419356726167280e+01 5.044513344993385573e+01 4.720906076040333232e+01 3.719211281013864578e+01 4.159298686563196412e+01 5.156568083976549133e+01 4.951845113276898758e+01 4.820986546366772529e+01 4.820986546366772529e+01 4.323733574013077430e+01 4.899765205444245453e+01 5.889886061487044344e+01 5.075470847177159328e+01 4.147946321950631443e+01 4.959366530560964037e+01 4.179812992970271068e+01 3.163404567659203437e+01 4.179812992970271068e+01 4.136433897625295231e+01 3.120200308086395324e+01 3.797690198105881620e+01 3.014752817383426020e+01 4.030783672087358838e+01
2.685964882402567255e+01 1.629897660122248126e+01 1.522480962478778643e+01 2.309571648528092780e+01 2.352602303134709416e+01 2.122644148150449794e+01 2.421359988742441871e+01 2.648639189972978514e+01 1.763572999914923400e+01 2.497285746211957758e+01 3.375389384443679575e+01 4.097225010305687931e+01 4.460147360356365454e+01 4.569328763745184574e+01 4.981557246618186952e+01 5.188757527715171136e+01 4.342301030718542876e+01 3.332567021645572680e+01 4.049953064808398295e+01 5.048091454972018965e+01 4.245922619230779560e+01 4.428719916938779022e+01 3.820898947374465138e+01 4.820986546366772529e+01 5.728363751836269557e+01 6.300012189169139987e+01 5.582750854497812298e+01 4.865388267260438937e+01 5.008791938427682311e+01 3.993504226487112874e+01 3.434911242326926128e+01 4.451512026976853775e+01 4.390596685797257948e+01 3.373942728472630392e+01 4.390596685797257948e+01 4.030783672087358838e+01 3.257040510947828693e+01
2.129174246501251488e+01 2.180473969245575105e+01 1.222925220699132787e+01 1.274044013113993223e+01 1.332511415158904100e+01 1.394038466399460141e+01 2.421359988596547197e+01 1.617575143227360357e+01 2.648639189972978514e+01 3.220740976832225044e+01 3.944196207452491620e+01 4.227943092723137397e+01 4.316822879882409580e+01 4.729979625028938983e+01 4.649175124655221225e+01 4.227544177186085506e+01 3.778792680887593036e+01 3.054724725640351579e+01 4.072438265457252982e+01 4.514829248438724818e+01 4.101803594233238925e+01 3.421096138196200087e+01 4.428719916938779022e+01 4.877137709053967285e+01 5.287804397959465774e+01 5.775259479563105458e+01 6.185398887359387743e+01 5.879618651419773556e+01 5.429014010727598105e+01 4.451512301061791277e+01 3.756991000342930676e+01 4.772713264309540193e+01 4.672424570586057513e+01 3.656276252140983729e+01 4.672424570586057513e+01 4.453608410288698138e+01 3.436723802186327248e+01
