output/example/elevation_000027.asc
nrows	75
cellsize	13.33333333
xllcorner	0
ncols	75
yllcorner	0
NODATA_value	-9999
[rows 34 to 50 of 75, columns 0 to 36 of 75]
4.159999999999999636e-03 1.000415999999996330e+01 1.194494353936955910e+01 2.194494353936962483e+01 2.723486776460081060e+01 2.309273520072583707e+01 1.929952760856384586e+01 2.072809902947708238e+01 2.220251858153651980e+01 2.119808733334527062e+01 2.616826090621110268e+01 2.009058367665431888e+01 3.009058356529665446e+01 3.742336226309344482e+01 4.319685312099243646e+01 3.824235773989932596e+01 3.250598384439434341e+01 2.838848324258041700e+01 2.229257361313716146e+01 1.245519792472493315e+01 1.446621116608232249e+01 2.349077442151856943e+01 2.470796865921574792e+01 1.817573716686261065e+01 1.390942201255111854e+01 1.385333548295693973e+01 4.167820748112417206e+00 4.167820748112417206e+00 8.190109851176794464e+00 1.607255208670972380e+01 2.632254428697108750e+01 3.073745257143247045e+01 2.405902664087057374e+01 1.411065859093750419e+01 2.105950493351773645e+01 2.223118184273927511e+01 1.416783684958663692e+01
3.329999999999999627e-04 3.779977730092274335e+00 1.085104554195777204e+01 2.085104554195783777e+01 2.146136633795791937e+01 1.309273524009500100e+01 9.299527634152223499e+00 1.072809906272364699e+01 1.220251862427261358e+01 1.412701952157136098e+01 1.616826097389066419e+01 1.950159430722397502e+01 2.328123903731622235e+01 2.905474172920485287e+01 3.905474130114415487e+01 3.485992507122556106e+01 3.074022431425823498e+01 2.723523339961705858e+01 2.425908234672227692e+01 1.939168978327690240e+01 9.537360115746569278e+00 1.684731280391803665e+01 2.033553023546935989e+01 9.830062133258060442e+00 3.880858736822465183e+00 3.880858736822465183e+00 1.281175039673387595e+01 1.250855043969750646e+01 1.899509445837361099e+01 1.607326075560394330e+01 2.632966173129596044e+01 3.111474720714714692e+01 2.113645149000404189e+01 2.113645149000404189e+01 2.222789441920886233e+01 2.568429633822569258e+01 1.572876136983430229e+01
1.129999999999999928e-03 1.000112999999996255e+01 1.792211335382312498e+01 1.969359997254874273e+01 1.555146558431564507e+01 7.319232548198881361e+00 1.731923253155937914e+01 2.072809902947708238e+01 2.220251858153651980e+01 1.573805253020533890e+01 2.573805243368719431e+01 2.950159420282433942e+01 3.328123886507436424e+01 3.742336226309344482e+01 3.648058217018475347e+01 2.653799078781203846e+01 2.082661298660238458e+01 1.736445704758467201e+01 1.441961390999122017e+01 1.179353728852275118e+01 9.314328196393642401e+00 6.962007509187913001e+00 1.487662809470938541e+01 1.357452114926842057e+01 3.880858736822465183e+00 3.880858736822465183e+00 1.385350142636815818e+01 1.928611276532211249e+01 2.770154479081845622e+01 2.632966173129596044e+01 3.043643890057878565e+01 3.524848904038951503e+01 3.111474720714714692e+01 3.111474720714714692e+01 2.928311524662814946e+01 2.982384989369332118e+01 2.275882326258679100e+01
3.329999999999999627e-04 1.000033299999996217e+01 1.799108738200558477e+01 1.384895252714710345e+01 5.551465595232516037e+00 1.555146558431564507e+01 1.266445738644734931e+01 2.266445735070021783e+01 2.988017920204567091e+01 2.573805243368719431e+01 1.982053543484393998e+01 2.360018016493618731e+01 3.067124797596759933e+01 4.067124753263036752e+01 4.060122556069143229e+01 3.485992507122553974e+01 3.074022431425823498e+01 2.723523339961705858e+01 2.425908234672227692e+01 2.162937377613038947e+01 1.917041466391350113e+01 1.487662809470938541e+01 4.961999740749657661e+00 3.601141886434518824e+00 1.357452114926842057e+01 1.385350142636815818e+01 5.205402572843413900e+00 1.517398207496501250e+01 2.065187526414511510e+01 2.494595638496096512e+01 2.907844543248163305e+01 3.722623308668381981e+01 3.309156346419830896e+01 3.722623308668381981e+01 3.926048184152232068e+01 3.689460441266604107e+01 3.220591779183185821e+01
4.329999999999999539e-04 1.000043299999996194e+01 1.221595936856701137e+01 3.848952533715022550e+00 1.092002034557269496e+01 1.969359997254874273e+01 1.973552519822234430e+01 2.082942319440210355e+01 3.082942300680544534e+01 3.396265340309786041e+01 2.559403812673450318e+01 3.360017975388057465e+01 3.176514595223718374e+01 4.176514234864976061e+01 3.805440132128802588e+01 3.392446052393359679e+01 3.222909051221860466e+01 2.809729162823564153e+01 3.222917738100439777e+01 2.758841099689266585e+01 2.212428533885962523e+01 1.651915320674279997e+01 1.076107321469475764e+01 3.405509501004066575e+00 1.342284861715974742e+01 1.930211800959250112e+01 1.517398207496501250e+01 6.559967853329661480e+00 1.652363077948962911e+01 1.498790745301693761e+01 2.494595638496096512e+01 3.223501030328782946e+01 2.310892318047544691e+01 3.162940771738297840e+01 3.576420593280174387e+01 4.152781241229189391e+01 3.763136537809164395e+01
5.329999999999999452e-04 1.104848260748463984e+00 2.215959371859573146e+00 9.287027183721338730e+00 1.799108738200558477e+01 2.506215441843848879e+01 2.973552507648291154e+01 3.082942300680544534e+01 3.010783801032640383e+01 3.303674319343297583e+01 3.559403762360300050e+01 3.973614391452083794e+01 4.176514257681576225e+01 3.842656482211609159e+01 3.343641617364024654e+01 2.393973653700635396e+01 2.577196678084807857e+01 1.810610484268880072e+01 2.723592836572379738e+01 2.360297892601085579e+01 1.420409899810980825e+01 8.765699406320736742e+00 1.080782807811396928e+01 3.405509501004066575e+00 1.440509437678152516e+01 2.421903800436719578e+01 2.065187526414511510e+01 1.652363077948962911e+01 7.946583815821533392e+00 1.790455245779589433e+01 2.348552336521365191e+01 2.433232135714308697e+01 1.813125884293634016e+01 2.164742341474610399e+01 2.740991745934211465e+01 3.739333860088774486e+01 4.176351044018584702e+01
3.709999999999999756e-03 1.000370999999996258e+01 1.221595936856701137e+01 1.635809459363374430e+01 2.342916200354615697e+01 2.676822734252859703e+01 3.090724493478444757e+01 2.717890537208473845e+01 2.010787662628930761e+01 2.303679750407015803e+01 2.748911697267973508e+01 3.163121694691212937e+01 3.740467955256980304e+01 3.429794621559906886e+01 2.431244451142504914e+01 1.931171832658486309e+01 1.578073771199818864e+01 1.311406332706638445e+01 1.994333076092213020e+01 2.407817709721349431e+01 2.205238189252378689e+01 1.312094601653023140e+01 3.129484022349579675e+00 1.312094601977450559e+01 8.906980315035507800e+00 1.979213540805092109e+01 2.603687087903792374e+01 1.607685560021739946e+01 1.790455245779589433e+01 9.404465111182048531e+00 1.935615557245306562e+01 1.438094726356563591e+01 2.433232135714308697e+01 3.162940771738297840e+01 3.576420593280174387e+01 3.722881676919154614e+01 4.136376875154558519e+01
6.660000000000000121e-03 7.077727811865485386e+00 1.707772781186555378e+01 2.383916841343660664e+01 1.969918507308215894e+01 1.677109189208875861e+01 2.676822734252859703e+01 2.303679750407016158e+01 1.303681148414481683e+01 2.214390587548730593e+01 1.748914267984169868e+01 2.326264211966908846e+01 3.326258899034837668e+01 3.842651729855291620e+01 3.343641617364024654e+01 2.930519449150705213e+01 2.577196678084807857e+01 1.994333076092213020e+01 9.957813508515815926e+00 1.711899991734868820e+01 1.699485858965275753e+01 1.270933921205113037e+01 3.129484022349579675e+00 8.693567098490630585e+00 1.763364782095326788e+01 1.659657421695141011e+01 2.750690257552581031e+01 2.603687087908816622e+01 2.250201740707743170e+01 1.255392880544371081e+01 1.097296665519451153e+01 2.091902820259839046e+01 2.271966195791294041e+01 3.269296191161400600e+01 2.907764657160710087e+01 2.724571287386003249e+01 3.437367146970944276e+01
1.030000000000000013e-02 1.001029999999996356e+01 1.431707212849730659e+01 1.469971203514127822e+01 9.700259526318845360e+00 1.969918507308215894e+01 2.023700097347616733e+01 1.609488314642464246e+01 9.257166749923602111e+00 1.214391809825898072e+01 2.214390587548730593e+01 3.163121694691212937e+01 3.150554574466294966e+01 3.564727680666134546e+01 3.497191642335226192e+01 2.994820432772913321e+01 2.577799484679961139e+01 2.407817709721349431e+01 1.711899991734868820e+01 7.132029505043933071e+00 1.292629911965259737e+01 2.934821929972566856e+00 2.934821929972566856e+00 1.292629911274594967e+01 2.145134224465792272e+01 2.750690257552581031e+01 3.184167201952356407e+01 3.247425653610707030e+01 2.250201740707675668e+01 1.660715864060798452e+01 2.091902820259839046e+01 1.277533564387985976e+01 2.271966195791294041e+01 2.461706433480779666e+01 1.910348176903818995e+01 2.657085618391473858e+01 2.438617765499727241e+01
1.349999999999999985e-02 1.885618296273103289e-01 1.017147055891885721e+01 4.700264757602040433e+00 1.469972229970050570e+01 1.740857859662504836e+01 1.326645770255495194e+01 6.094889089220536071e+00 1.609488314642464246e+01 2.214390587548730593e+01 2.628601529930149638e+01 2.443451187921757750e+01 2.150559291853997124e+01 3.150554574466294966e+01 3.079327682842298941e+01 2.076271286517622272e+01 1.573687505349624161e+01 2.075743495014792828e+01 1.523163987840916356e+01 5.242604906833629563e+00 1.265248209530932577e+01 2.934821929972566856e+00 2.934821929972566856e+00 1.292629911965259737e+01 1.971413816209307868e+01 2.324633968583812660e+01 2.738306287688819296e+01 3.315114762680169491e+01 3.070302751002893871e+01 2.157971449032104871e+01 2.685190143628240733e+01 2.271966195791294041e+01 1.466700137371149815e+01 1.466700137371149815e+01 1.466700137371149815e+01 1.660843409968919104e+01 1.863045562625055140e+01
1.339999999999999872e-02 1.001339997258985903e+01 4.362505319363472744e-01 1.043624712105940766e+01 1.068446977216615323e+01 1.068446990549948694e+01 3.266461964448348354e+00 1.326645770255495194e+01 2.023700097347616733e+01 2.410447854441667914e+01 1.996238350543915274e+01 1.443452846380631982e+01 2.020803011508260738e+01 3.020799333765761574e+01 3.497191642335226192e+01 2.994820432772913321e+01 2.075743495014792828e+01 1.078199804988633659e+01 1.667489514781804516e+01 1.264890345753694945e+01 2.660772226779969163e+00 1.265248209530932577e+01 1.292629911965259737e+01 6.713401228873535409e+00 9.725934641849125484e+00 1.325576508613017879e+01 1.902228327051665602e+01 2.901650805635203412e+01 3.569273324788940727e+01 3.155802226378050790e+01 3.569273320581655184e+01 2.838616382982374731e+01 1.841406354663053691e+01 2.461706433480779666e+01 1.466700137371149815e+01 2.461706446814113036e+01 2.438617765499727241e+01
1.369999999999999864e-02 1.001369999989358384e+01 1.043624712105928509e+01 6.844728003095307267e-01 6.844728003095307267e-01 6.844728003095307267e-01 1.068446990549948694e+01 1.740857859662504836e+01 2.045301345369601265e+01 1.631090316674609397e+01 9.962392505695341072e+00 1.996238350543915274e+01 2.857657628142660755e+01 3.435001911398882868e+01 3.383008896606327909e+01 2.968951270463961123e+01 2.492374067798664328e+01 1.668497988898599260e+01 6.970619690556612902e+00 4.751525338768691320e+00 2.468215112994627702e+00 1.246331404176602931e+01 2.081589848352293615e+01 1.670258148878276927e+01 1.971413816209314973e+01 2.324633968583812660e+01 2.738306287688819296e+01 3.263787407650900008e+01 2.854391223042126668e+01 3.263787404295191408e+01 3.653763433244454717e+01 2.655416264009916105e+01 2.546189554978648317e+01 2.776971907108108084e+01 1.780014196701556273e+01 2.776971907108108084e+01 3.437367146970944276e+01
1.290000000000000001e-02 1.001289999999996283e+01 1.482659289948424153e+01 1.068446963883281953e+01 6.844728003095307267e-01 6.844728003095307267e-01 1.068446990549948694e+01 1.093447030135775044e+01 1.306647663233364831e+01 6.310908786585915919e+00 1.631090316674609397e+01 2.410447854441667914e+01 2.681214887584473416e+01 3.095425304385462084e+01 2.968951270463961123e+01 1.969298546711750575e+01 2.262090050667170260e+01 2.084137122141457965e+01 1.666174113107006249e+01 1.224611523712552241e+01 2.276368039759933737e+00 9.342750090865639123e+00 1.927282667890736789e+01 2.204560914032335361e+01 1.873157626287614619e+01 2.284801521963129645e+01 2.470729629612263167e+01 2.774133502180724520e+01 1.878837029462953723e+01 2.774133502180724520e+01 3.339935392960361327e+01 3.653763433245850223e+01 3.544597197153042600e+01 3.190481348916843629e+01 2.354960488068985569e+01 2.593768645399847728e+01 3.592132940923434603e+01
1.349999999999999985e-02 7.084567811865461806e+00 1.708456781186539075e+01 1.482659303318766142e+01 6.457975594259896646e+00 1.068446990549948694e+01 9.344730669761986963e-01 9.344730669761986963e-01 3.066480363865648595e+00 1.306647663233364831e+01 1.670796946431422469e+01 2.085008759595854855e+01 1.681217501272378456e+01 2.518077386403890117e+01 2.968951270463961123e+01 1.969298546711750575e+01 1.262310043002541882e+01 1.790789235257571832e+01 1.523571195309725468e+01 1.208167295131133478e+01 2.084662029332584599e+00 1.208181023421834510e+01 1.311038994053602025e+01 1.326927949888776759e+01 9.220536267066266944e+00 1.485231669127785281e+01 1.485618447970721512e+01 1.948945445527317943e+01 1.387094245026086270e+01 1.954009465048313388e+01 2.930242575173762987e+01 3.175805646821558526e+01 3.175812098603832823e+01 3.578536822804912276e+01 3.061108851085165838e+01 3.592132940923434603e+01 3.004021526678004861e+01
1.319999999999999993e-02 7.084267811865462505e+00 1.708426781186539145e+01 2.060008503655920720e+01 1.645796818813311901e+01 1.093447030135775044e+01 9.344730669761986963e-01 9.344730669761986963e-01 9.344730669761986963e-01 1.093447043469108237e+01 6.707976269437551764e+00 1.471411366983962310e+01 1.103867347429807744e+01 1.800553232079623456e+01 2.214764872471318924e+01 2.676153721659040130e+01 1.790789235257571832e+01 7.909546162034853722e+00 5.237026842876971067e+00 1.163499012506158614e+01 1.893061613024212608e+00 1.188276634982988433e+01 3.159532852338055697e+00 3.765282948402815855e+00 4.366710247564912883e+00 4.961882803095615913e+00 1.485618192124788983e+01 9.580353992912968408e+00 1.948945445527317943e+01 2.774133502180724520e+01 2.894130689116892086e+01 2.209804734405265592e+01 2.209804752932666361e+01 3.175812098603832823e+01 4.059214173965021644e+01 3.522333610788199110e+01 2.597794303824101902e+01
1.359999999999999924e-02 5.787102691896265583e+00 1.285817050376176418e+01 2.285817050376182991e+01 1.670796906431422713e+01 6.707975869437554195e+00 8.005540788667424579e+00 1.093447030135775044e+01 1.093447043469108237e+01 9.344730669761986963e-01 9.344730669761986963e-01 4.714118330622650177e+00 1.093447096802441543e+01 8.005541455334091339e+00 1.800553232079623456e+01 2.618775018368409491e+01 2.204872495440206492e+01 1.790789235257571832e+01 1.170108793790985757e+01 1.701531362563839966e+00 1.701531362563839966e+00 2.301270356477158163e+00 1.225395846326708238e+01 1.363712006243523334e+01 1.424136815020358426e+01 1.068069125751691395e+01 5.796374572694118932e+00 1.574416652102000036e+01 2.074489975555616539e+01 2.498148309194857219e+01 2.096614577748924546e+01 1.522435839257969192e+01 2.084600504168292900e+01 3.050268567102484596e+01 3.394802305448887836e+01 2.832305104775757698e+01 2.142276598763316642e+01
1.299999999999999940e-02 1.001299999999996260e+01 1.747490261277337709e+01 2.205394699176305551e+01 2.085008719595855098e+01 1.248147824725957555e+01 1.800553165412956957e+01 1.725902102190504195e+01 7.259028716447809337e+00 1.093447056802441608e+01 9.344730669761986963e-01 9.344730669761986963e-01 9.344730669761986963e-01 1.093447096802441543e+01 1.825883997370794276e+01 1.618777568813791490e+01 1.618777568768027919e+01 1.558613661017945873e+01 1.144413893459297960e+01 1.701531362563839966e+00 1.701531362563839966e+00 1.170108793790985757e+01 8.021608653615910356e+00 1.803546891731794943e+01 2.056000410723851601e+01 1.982287881647325278e+01 1.574416652102000036e+01 6.676328452257813240e+00 1.667006871165260407e+01 1.759712451816622547e+01 1.114385079175621662e+01 2.096614577748924546e+01 2.894130689116892086e+01 3.452623903007604866e+01 2.986546957638885402e+01 2.016971182055806366e+01 1.455206602119665682e+01
