output/example/elevation_000274.asc
nrows	75
cellsize	13.33333333
xllcorner	0
ncols	75
yllcorner	0
NODATA_value	-9999
[rows 0 to 16 of 75, columns 0 to 36 of 75]
1.369999999999999864e-02 4.096182904638623334e+00 9.096182904638604683e+00 1.616725071650402867e+01 2.616725071650395762e+01 2.732822817877126198e+01 2.840564440356485321e+01 3.251268468603479533e+01 2.907325744601094897e+01 3.321224595297736926e+01 3.537521198824205726e+01 3.431688553227018446e+01 3.432039123380006629e+01 3.847404155231167522e+01 4.624768116009838081e+01 4.206620563780925437e+01 4.206833812193286803e+01 4.502189199789585672e+01 4.583479627025491254e+01 4.287637511248279054e+01 4.287637511248279054e+01 4.706375357661723768e+01 4.696781672901740734e+01 4.275693934712796107e+01 4.275693934712796107e+01 4.398744562633655164e+01 4.398744562633655164e+01 4.820289989390256125e+01 4.994436652600172977e+01 4.575579199723327406e+01 4.575579199723327406e+01 4.872207656204607673e+01 4.597149916373808054e+01 5.015974635976432694e+01 4.859358614446400537e+01 4.436699897469933518e+01 4.436699897469933518e+01
1.279999999999999888e-02 1.001279999999996306e+01 1.823831852836947576e+01 2.323831852836945444e+01 2.435053821776013550e+01 1.723260006043544834e+01 1.833789573226807335e+01 2.739560206187664093e+01 1.902445195554141932e+01 2.741477923417740215e+01 2.533887837457924164e+01 2.427486071860136718e+01 2.427489262888395061e+01 3.432071642476525852e+01 4.206619239674749622e+01 3.205323635159691520e+01 3.205325192555315539e+01 3.498607661729990070e+01 3.579009252732027591e+01 3.285485817373770345e+01 3.285485817373770345e+01 4.287637511248279054e+01 4.275693934712796107e+01 3.266064492035349787e+01 3.266064492035349787e+01 3.389435186319573745e+01 3.389435186319573745e+01 4.398744562633655164e+01 4.575579199723327406e+01 3.558562675722889423e+01 3.558562675722889423e+01 3.856439919023843999e+01 3.580256268707407941e+01 4.429845066951284593e+01 4.436699897469933518e+01 3.390419137946975781e+01 3.390419137946975781e+01
1.299999999999999940e-02 7.084067811865462083e+00 1.708406781186539192e+01 1.392827443546220145e+01 1.510354136219247323e+01 9.919228275137552231e+00 1.630866282222163832e+01 1.765865821792750978e+01 1.309740584965402732e+01 2.076999442582193112e+01 1.821493980976614679e+01 1.714592064954281625e+01 2.427489012700975124e+01 3.432065063154620077e+01 4.184722464049700363e+01 3.183735535141646977e+01 2.502923393647147421e+01 3.498595912935326169e+01 3.172233601127488356e+01 2.582616466512764930e+01 3.285485817373770345e+01 4.287637511248279054e+01 4.190341961031738549e+01 3.179915163780705711e+01 2.551463720528917634e+01 2.674775269234606512e+01 3.685055058326803845e+01 4.303740881554553965e+01 4.575579199723327406e+01 3.558562675722889423e+01 2.836184240800373146e+01 3.421401436097599458e+01 2.990483638062501015e+01 4.010046095156393875e+01 4.231735272324115726e+01 3.696867677386237006e+01 2.631323165288810983e+01
1.369999999999999864e-02 1.001369110583236832e+01 1.229463521101743062e+01 3.726186185695121722e+00 4.857786889033075539e+00 6.012205319105859758e+00 6.012205319105859758e+00 7.317295368470217554e+00 8.781519255642461275e+00 1.048923590649399884e+01 1.227772914583714758e+01 2.246939663647608398e+01 2.913126678053918894e+01 3.327836626732616310e+01 3.829195746703589265e+01 3.183743191556095198e+01 2.192325170512322430e+01 2.821718814270769826e+01 2.180926583457572221e+01 3.172233601127488356e+01 3.995930587517745636e+01 3.978061740551954273e+01 3.263776262632273983e+01 2.845261494547698788e+01 2.175954156034638842e+01 3.059603229137477243e+01 2.874495606989505703e+01 3.883237695195862216e+01 4.045947052444233805e+01 3.625449903495712789e+01 3.421392011774798902e+01 2.402783205931794441e+01 3.421401436097599458e+01 3.941836969068476293e+01 3.490810990957195514e+01 2.749887042185828534e+01 2.345587176203210689e+01
1.290000000000000001e-02 1.072750979314781805e+00 2.137439409958777237e+00 1.229463521085124711e+01 1.510354136219125820e+01 1.199000308057134312e+01 1.630866282221046148e+01 1.128633268750044749e+01 1.403771781687721543e+01 2.068454944648754079e+01 2.246939663647608398e+01 1.549651799453609158e+01 1.908865897169794223e+01 2.411138012580281753e+01 3.415119918039997060e+01 3.599328254399067362e+01 2.821725291832430571e+01 1.836705674357239815e+01 2.821563722361878845e+01 3.586292669692758039e+01 3.682543643363737829e+01 2.971764894640745069e+01 2.845260864466044026e+01 1.851355025701056434e+01 2.059973247227805970e+01 2.059973247227805970e+01 2.764216557234102822e+01 3.772729738590852833e+01 3.625454353801482910e+01 2.608647252563094909e+01 2.906437860558044051e+01 2.185832922664348033e+01 3.199135181703461939e+01 3.207487830570922682e+01 2.470263079370327830e+01 2.037000933393940727e+01 3.058783431319128354e+01
1.299999999999999940e-02 5.229919506877084956e+00 1.159524478136041026e+01 7.972271276973045495e+00 1.819907233132653701e+01 1.925697675047874569e+01 1.781420679914653959e+01 2.150561999545523406e+01 2.122035293024350722e+01 2.808098605819482785e+01 2.055978133329443125e+01 2.558179112625832374e+01 2.374123546784445793e+01 3.327836626732616310e+01 3.829195746725391558e+01 3.357070889649356360e+01 2.364500931411192397e+01 1.672157924965945597e+01 2.364465400750414403e+01 3.355648906251136765e+01 3.266502416921502316e+01 2.264894997066338789e+01 2.633030241789749937e+01 1.644740776842238716e+01 2.633359564254454810e+01 3.059603228662747654e+01 3.059603229137477243e+01 4.068955876006783257e+01 3.625446188584601970e+01 2.608647218190336758e+01 1.901964574950914155e+01 2.906460747272631906e+01 3.610705021838640505e+01 2.771693761403485823e+01 1.798561914731724443e+01 2.772266289730933408e+01 3.057680326662761416e+01
1.299999999999999940e-02 1.001299999999996260e+01 1.636351672167445059e+01 1.390265143015422922e+01 2.236050777237515774e+01 2.932937959614903889e+01 2.780032972593126672e+01 2.597593683865115821e+01 3.134696600202408234e+01 3.474017232138862710e+01 2.635788748502295675e+01 2.875883191514396842e+01 3.381730804325722772e+01 3.806682708732338227e+01 3.903028889701100468e+01 3.200130084114375251e+01 2.209688049623136763e+01 1.516688814128124463e+01 2.499633363155324162e+01 3.456781098917819151e+01 3.343558075362573589e+01 2.339571603120030119e+01 1.644740776842238716e+01 2.424675138653382689e+01 2.424675136959972122e+01 3.424551571636780523e+01 3.235214138689565289e+01 3.661868265416453028e+01 3.543253626175145143e+01 2.731535643473013764e+01 1.732267215432912977e+01 2.731535642534312203e+01 3.559000077966339859e+01 1.664272882853451208e+01 1.647708587555644044e+01 2.302359559620720830e+01 3.330774062489326326e+01
1.290000000000000001e-02 1.001289999999996283e+01 1.608013652128272142e+01 2.405687051019163647e+01 2.817991078159453977e+01 2.754721261174819347e+01 3.168996901821132184e+01 3.569806522034326690e+01 3.964737863152183905e+01 4.052309343421470800e+01 3.639741120711881450e+01 3.877662673749329514e+01 4.285549456541706093e+01 3.754421552583400512e+01 3.256272207132609964e+01 2.492742712686900575e+01 2.351575282232702335e+01 1.366241588790536099e+01 2.351552227629772673e+01 2.466179442124600385e+01 3.456785797421049722e+01 3.048551895097239139e+01 2.424675240507468743e+01 1.437530281665985399e+01 2.227243762687281148e+01 2.492452577994217222e+01 2.184791236718773533e+01 3.235214138689565289e+01 3.119269474491095906e+01 2.074081971346631548e+01 1.568751773923966297e+01 2.346390971231993561e+01 2.762989488000712157e+01 2.154562390468779753e+01 1.495529100879103801e+01 2.332799532769974604e+01 2.667850858650942669e+01
1.349999999999999985e-02 1.938000897298753911e+00 1.193800089729882785e+01 1.695677960913003446e+01 1.938214296171198470e+01 1.754708543330426096e+01 2.573062107261257481e+01 2.987323037926400460e+01 3.487352149472232554e+01 3.783246507224708211e+01 3.348699763857924694e+01 3.214313304739158639e+01 3.647999004541868828e+01 3.338075429007745498e+01 2.345461847580074277e+01 1.854581111012733530e+01 1.505662166455164197e+01 1.217598519497770404e+01 1.662971686002161675e+01 2.648127479321989597e+01 3.121110448224798617e+01 3.038698908343992144e+01 2.623261390972186291e+01 2.227230504549218182e+01 1.235955253178086188e+01 1.525465270126981387e+01 2.184791236718773533e+01 3.235214138689565289e+01 3.491557480579882622e+01 2.984041732851344975e+01 2.346390971341102372e+01 1.352527288273518913e+01 2.140397210598049327e+01 2.347371401434819305e+01 1.684497814587118469e+01 1.279131611270544155e+01 1.731536006936693894e+01
1.379999999999999977e-02 1.001379999999996251e+01 4.824752243246887673e+00 6.956759406802995649e+00 9.382115657166332667e+00 1.239722910294403668e+01 1.573056243628622930e+01 2.073056247213261472e+01 3.073067967309714632e+01 3.348699763857924694e+01 2.355175691944405969e+01 2.230263968101970917e+01 3.069211099584556024e+01 3.754421552583400512e+01 3.256279071670176961e+01 2.841766903855956983e+01 2.072300051983007307e+01 1.074395500336594900e+01 1.899735211419058700e+01 1.718896927699678656e+01 2.709495957912937669e+01 2.623270370738323720e+01 1.624049956455890609e+01 1.916691891532253322e+01 1.093320601198670872e+01 2.095236011822442634e+01 2.533121141801995790e+01 2.775361949537300887e+01 2.737766546101669718e+01 3.228665461210601251e+01 2.764197227889289721e+01 2.140392653993823302e+01 1.140602948764748170e+01 1.997412769410695432e+01 1.063378897351947572e+01 1.121026429848502914e+01 1.178378561995641149e+01
1.290000000000000001e-02 1.001289999999996283e+01 1.482475224324711682e+01 1.273026210210577780e+01 1.938213655389209933e+01 2.239726819383801626e+01 2.573062107261488407e+01 2.987323037926400460e+01 3.487352149472232554e+01 3.376714098294997513e+01 2.646172155335804987e+01 1.720177799155360177e+01 2.646172155335682419e+01 3.335180175633744426e+01 2.903328509184517614e+01 3.072720309636716607e+01 2.073315821185214247e+01 1.900536921079336139e+01 8.941065546083438065e+00 1.737481604921962486e+01 2.135740324635010268e+01 2.161851330370803836e+01 1.746936918800292560e+01 9.065325239850468009e+00 1.916707266229613893e+01 2.223005437912098614e+01 1.511608167759790966e+01 1.798376396920668085e+01 1.887116142573785993e+01 2.610189023274608999e+01 2.345633399512642114e+01 1.931324619763401884e+01 9.790355194221550761e+00 9.790355194221550761e+00 1.797577004262614864e+01 1.646479759248612851e+01 1.711395508473676941e+01
1.359999999999999924e-02 7.084667811865485554e+00 1.708466781186555394e+01 2.273017724147693741e+01 2.687095926971900539e+01 2.924871141176157607e+01 2.533048642600612155e+01 2.914210337554910524e+01 3.023660226626578407e+01 2.932354119351716903e+01 1.956035014227691704e+01 1.462554803099862610e+01 2.366974351930703691e+01 2.767607168142322038e+01 1.941710202492467729e+01 2.767607132978134743e+01 2.881002786095243096e+01 1.898498457515719551e+01 1.736598349486326498e+01 7.270515315711748805e+00 1.597863506467399652e+01 1.625979692141402566e+01 7.323598930555426989e+00 1.704877603064289815e+01 1.989958714182068178e+01 1.750217003675710359e+01 7.711296870846391371e+00 1.400683155561709725e+01 1.836705194714335221e+01 1.107946674378088581e+01 1.882062235843407194e+01 8.999952443944081892e+00 1.885057001245088415e+01 1.998303807336356996e+01 2.292312579972821851e+01 2.504983204281521481e+01 2.609108455549606731e+01
1.349999999999999985e-02 5.536282891328467848e+00 1.247658753078175842e+01 2.223174758831177300e+01 2.370972634387863565e+01 2.481463212859163292e+01 1.693342164198260846e+01 2.434654326053047768e+01 2.181557220854269730e+01 2.799013131920338537e+01 2.132045715429956090e+01 1.213328186235286132e+01 1.832812293199731002e+01 2.233179578699075662e+01 1.420961817338672972e+01 2.347972886344997789e+01 2.496076681173908440e+01 1.949544000200903682e+01 1.568523337697502562e+01 6.156667855608656481e+00 6.156667855608656481e+00 6.156667855608656481e+00 6.156667855608656481e+00 6.156667855608656481e+00 1.430808892162114532e+01 7.188426884493763325e+00 1.747211600780309126e+01 7.711296870846391371e+00 8.089509153466099889e+00 8.482761000537145435e+00 8.482761000537145435e+00 8.482761000537145435e+00 8.482761000537145435e+00 1.900103240471048238e+01 2.051446092968983237e+01 2.469878909371190545e+01 3.050528787561227873e+01
1.319999999999999993e-02 1.001319999999957489e+01 1.874833653068587935e+01 1.538889767102932105e+01 1.401630605281757802e+01 1.720036771481896665e+01 1.297723184179537448e+01 1.892822428826491787e+01 1.559457034046706880e+01 2.432427512297878280e+01 2.501847234022213229e+01 1.830894942313146245e+01 9.034899763229812919e+00 1.559251804711753309e+01 1.069226103400129801e+01 1.994245748595804457e+01 1.850496062866292846e+01 1.208341939059960168e+01 5.696653503549158337e+00 1.557779077912086763e+01 1.623297295992330902e+01 1.622798604899306696e+01 6.156667855608656481e+00 9.207771535512764061e+00 6.669229755494704648e+00 1.703635044090547979e+01 2.161836386490031359e+01 1.808458813161398382e+01 1.517758338836990362e+01 1.370338214530953991e+01 1.832583421573692206e+01 1.883558890958378385e+01 9.256392177718776537e+00 1.953976587501940898e+01 1.040359476765485525e+01 1.628704609137220416e+01 2.628969914457094603e+01
1.299999999999999940e-02 1.001299891601148673e+01 1.101239134621788196e+01 5.975295696717812355e+00 1.151211869322040471e+01 8.592888751294427863e+00 1.502461584407875606e+01 9.019205454905222297e+00 1.576271412844594089e+01 1.779071852535615150e+01 1.770616227600478965e+01 1.731234479329315690e+01 1.382517601801691853e+01 6.112272216175086648e+00 1.551222536247029993e+01 1.706150211527229388e+01 1.474469362717782239e+01 5.239109373695299610e+00 1.524598534550596440e+01 5.696653503549158337e+00 1.662233024868280751e+01 2.016749927469534143e+01 1.126243858629826100e+01 9.170824949189396946e+00 1.716424200262901678e+01 9.541662357382318049e+00 1.998376187720742436e+01 2.682545776095020074e+01 2.440280523408821978e+01 2.087016055633156597e+01 2.653040817374168370e+01 2.372414848009266919e+01 1.953976586660773407e+01 1.040359476765485525e+01 2.051446335866933524e+01 2.469936068312002675e+01 2.447038876462565682e+01
1.349999999999999985e-02 9.988708899811081565e+00 6.827417230184464891e-01 6.204471820991055431e+00 1.354236683349947734e+00 1.080920047806129780e+01 8.337407675463635925e+00 3.243717605302177454e+00 6.014538801708442683e+00 1.095326646965959405e+01 8.437415006093727854e+00 3.453518834225977052e+00 3.734071451903811401e+00 1.089748016818615817e+01 1.166787455179710165e+01 7.490541077289344152e+00 4.741550788914944192e+00 1.377798440109917344e+01 1.928000040148170058e+01 9.746775147732510192e+00 2.117435844355439301e+01 2.155214819822542793e+01 2.179552965717859436e+01 1.907619805479650665e+01 1.236332764017185504e+01 1.997987305679388470e+01 1.263907991520762408e+01 2.199753902914085302e+01 3.206774825370888493e+01 3.226775954303820981e+01 2.760346866300479363e+01 1.757810221054933919e+01 1.040359476765485525e+01 1.040359476765485525e+01 1.128175222496314056e+01 2.144505969488892561e+01 1.243228115252062871e+01
1.369999999999999864e-02 2.905182568412461586e-01 9.512406171220314732e+00 1.075986773543661679e+00 1.354236683349947734e+00 1.633877663532118607e+00 1.914656612603649721e+00 2.195929330997432594e+00 2.479226071904944817e+00 2.764680752159135224e+00 3.050586328095082234e+00 4.168725368710600065e+00 1.135731627902518426e+01 4.087892555799199634e+00 4.286701221213984780e+00 4.412518479503810376e+00 9.826384735891641853e+00 1.811028424771106060e+01 2.468369873448790841e+01 1.670112012224310050e+01 2.627150569879421482e+01 3.186896027232085871e+01 2.559926982522093653e+01 1.579201216503128968e+01 2.175018241587663681e+01 2.559115237302722434e+01 1.520647533522170214e+01 1.983812039390950943e+01 2.605237166900209544e+01 3.440434578680678612e+01 2.926656646994112521e+01 2.229253476359794206e+01 1.234210051254288132e+01 2.137183463374652348e+01 2.144505969521097555e+01 1.243228115252062871e+01 2.255073203029246542e+01
