output/example/elevation_000011.asc
nrows	75
cellsize	13.33333333
xllcorner	0
ncols	75
yllcorner	0
NODATA_value	-9999
[rows 51 to 67 of 75, columns 0 to 36 of 75]
1.369999999999999864e-02 2.790045904795988019e+00 5.692392314962182454e+00 9.079001212959264322e+00 1.431728112765733307e+01 2.484875291523823648e+01 2.997109237494775869e+01 2.010400312554843083e+01 1.014207909225374138e+01 1.646642442509602589e+01 1.763967405775243336e+01 1.323512913653222256e+01 6.668815279507853688e+00 1.361850006653084932e+01 3.538917923699343326e+00 1.222526639350113875e+01 5.020262322175525149e+00 1.245979806615979868e+01 1.630086662385573959e+01 2.100582216744968633e+01 2.462967748765987253e+01 1.503812836484652316e+01 2.482166039109782574e+01 1.789058530030292360e+01 1.093852588002095594e+01 4.626982100537126996e+00 1.436455459041695804e+01 1.874244499692647992e+01 1.801118185127820226e+01 1.114218318844278777e+01 1.683689093799285885e+01 2.394532085512101816e+01 3.377105665790599431e+01 3.155355397801814377e+01 2.594081245561428517e+01 2.184820300294466833e+01 2.280352883541893760e+01
1.290000000000000001e-02 1.001289999999996283e+01 1.581423910271642264e+01 1.929485160587325154e+01 2.347270410026704113e+01 2.907678299667474064e+01 2.585543262112751961e+01 1.589365387622525994e+01 1.459406302181536930e+01 2.422416890053619198e+01 2.017187982719066852e+01 1.040054969876680424e+01 1.647866418854991721e+01 1.561222424932823039e+01 5.621645552985668814e+00 1.557285502436000435e+01 1.072358044260973209e+01 7.387691967432607143e+00 1.640591823336520250e+01 2.359110957013378496e+01 2.934254879714383790e+01 2.222698608336487069e+01 2.934254863677504588e+01 2.455747256501735620e+01 1.838489271586482232e+01 1.436904894590999682e+01 5.373442069419912315e+00 1.504331657635546549e+01 8.442572403838234152e+00 1.801241820149281025e+01 2.267426605099647929e+01 2.559713282992219874e+01 2.538193252659647925e+01 2.459351673232764668e+01 1.765577007303918933e+01 1.220825614404199833e+01 1.310403828379686253e+01
1.329999999999999932e-02 1.001329999999996190e+01 1.545981776084014392e+01 1.862210662812523054e+01 2.276463493142650307e+01 2.723743929169895850e+01 2.997109247653299491e+01 2.294527517075012923e+01 2.035968703224727250e+01 2.867785495422257114e+01 2.298147959878296120e+01 1.324874049211944360e+01 2.298147959878296120e+01 1.761470722421217872e+01 7.602869675551398032e+00 1.761438744173940663e+01 1.942056169647243635e+01 1.640591823336520250e+01 9.993631281153689372e+00 1.948552660197139375e+01 2.731583909931179477e+01 3.234661233972402528e+01 3.073732329892763104e+01 2.495476826980017293e+01 1.387130248069558824e+01 5.373442069419912315e+00 1.510227323422740220e+01 6.125183381070971933e+00 6.645606565532699683e+00 1.639031665211000899e+01 1.314305420245841560e+01 1.776637412060516397e+01 1.593212558956887825e+01 1.923595581233132989e+01 1.092215716780178880e+01 2.052280042479666022e+01 2.280339444820469552e+01
1.369999999999999864e-02 2.686312419124245565e+00 5.459813400250395077e+00 8.622091060418783925e+00 1.309422701546535706e+01 2.016529596872630137e+01 3.016560221802286179e+01 3.288111079710852636e+01 2.739445105836328764e+01 2.983541143215045821e+01 2.014248807782150053e+01 2.014248807782150053e+01 2.120037973307532297e+01 2.176776557268727430e+01 1.761470722421584867e+01 1.072132201842621235e+01 2.080281525659274067e+01 2.359110957519347096e+01 1.948552660197139375e+01 1.338206208430242583e+01 2.028620146704106375e+01 3.021482681455583830e+01 2.658624153539316382e+01 1.584676510080882039e+01 9.414564490394397467e+00 1.711757445127521038e+01 1.561418006004565839e+01 1.588468953604400369e+01 1.639503996061572266e+01 7.392424668031735813e+00 7.933712816032519655e+00 8.482257955802062099e+00 9.048554095964361110e+00 9.632756539752465486e+00 1.842419426955517636e+01 2.153571823951285680e+01 2.609938129905127369e+01
1.319999999999999993e-02 1.001319999999996213e+01 1.545981776084014037e+01 1.862208876819584447e+01 2.276399858950120603e+01 2.723741176438928235e+01 3.076241406698900249e+01 3.481013681374090396e+01 3.732011423392459903e+01 3.391946517973762809e+01 2.983541143215049374e+01 2.983541143215033031e+01 2.803869889044233332e+01 2.660371339775719335e+01 1.655626308796926693e+01 2.080281525659274067e+01 1.503060296097721782e+01 2.509402465208239263e+01 2.731583911717254054e+01 1.899950569353515206e+01 1.899950559827724206e+01 2.892461952683737181e+01 3.074032497652178364e+01 2.452365137088308344e+01 1.325190831816562387e+01 2.452365307359214341e+01 2.582702048274854079e+01 2.061538603010975024e+01 1.056263245327118128e+01 1.722544566710313418e+01 1.563723818544901434e+01 1.118279635449401432e+01 1.576064033378853679e+01 1.923595581136275712e+01 1.076415120638931811e+01 2.036146633164480946e+01 1.707666584230968354e+01
1.349999999999999985e-02 5.787006997761262816e+00 1.285840185372500954e+01 2.287140587568941541e+01 2.991921843712449558e+01 2.921039109285197100e+01 2.109778997975886838e+01 2.921209466048302872e+01 3.522662585801745649e+01 3.239230279045688121e+01 3.239230279125814604e+01 3.639631586849825595e+01 3.782986545720989824e+01 3.074060682133512401e+01 2.237921102913423255e+01 2.923348776066587007e+01 2.086596214981038599e+01 2.141815055969171055e+01 3.142080831868418400e+01 2.601137207663798989e+01 2.472245479212998021e+01 3.305650046969014966e+01 3.163463147718806567e+01 2.095288340728691878e+01 2.020100601561080467e+01 2.869877879916499097e+01 2.856341331558131813e+01 1.872004616176630520e+01 1.331505630828962161e+01 2.351800210606110397e+01 2.221971148222920434e+01 1.948236940504057557e+01 2.354979568628252551e+01 2.443940803991342037e+01 2.036175063847392153e+01 1.189400636311013315e+01 1.934797879889125127e+01
1.369999999999999864e-02 7.084768162403259240e+00 1.708487494910122706e+01 2.448312847449208718e+01 2.035785225533041398e+01 2.035820171454725624e+01 1.560561199606106975e+01 2.518254074861012271e+01 2.556406144745979603e+01 2.273571127603372233e+01 2.273571127603375075e+01 3.239230279104170762e+01 4.079137353138929001e+01 3.650911675998193573e+01 3.237449095252839726e+01 3.500622651912884464e+01 3.086966543898453352e+01 2.849776891335604390e+01 3.556459191357306082e+01 3.595948703146957115e+01 3.466577830942291882e+01 3.881371684187880788e+01 3.579517373236131306e+01 2.984559558365345566e+01 3.042849598625641860e+01 3.456127320399037472e+01 3.262726916091849461e+01 2.672211064965445715e+01 1.637908849221923191e+01 2.675410749541759614e+01 3.361359780467022773e+01 2.982326204353094212e+01 3.144751800465068570e+01 2.432094982458593080e+01 1.455323544663173507e+01 2.129560849295064529e+01 1.313539763697050944e+01
1.379999999999999977e-02 1.001376891269741698e+01 1.403360313816232718e+01 1.555274389531694190e+01 1.658736178199059808e+01 1.078607525323401184e+01 2.035804876046556799e+01 2.898113657045959357e+01 2.556406144745883680e+01 1.587970076069194647e+01 2.556406144745927023e+01 2.750673086421363323e+01 3.414905238242484131e+01 3.612372135400174500e+01 4.034576274471622526e+01 4.463018481811153748e+01 4.056980805276147350e+01 3.848438507439213652e+01 3.959795067589585216e+01 3.544825597516101112e+01 3.673493847853521288e+01 4.088276513123836509e+01 4.546657654052540920e+01 4.129111694957032341e+01 3.825875633836602674e+01 3.418941272920705643e+01 3.826351043412441300e+01 3.116406349525571784e+01 2.190366918797075613e+01 2.509561630524271081e+01 3.767672972598196424e+01 3.301200054291863495e+01 2.322173606452204098e+01 1.751565852814158220e+01 2.432094982458608001e+01 2.678639133623954649e+01 2.283710328376596976e+01
1.309999999999999880e-02 3.585442425345387596e-01 6.102651800375566538e+00 1.429435273438243037e+01 6.923702753701777013e+00 1.656315033221151367e+01 1.856045488305058200e+01 2.723534704878278134e+01 2.264411683518747509e+01 1.290498150646927478e+01 2.264411683529456809e+01 2.083543154836267064e+01 2.887554811552510969e+01 2.601983753629466634e+01 3.612372135449880517e+01 3.898060923444950987e+01 3.078084627643422522e+01 3.898060771504685107e+01 3.388289054560587488e+01 2.559563043243789338e+01 2.687061333079246594e+01 3.673516757207364236e+01 4.005959873767177015e+01 3.295576174501032085e+01 3.338532014535756076e+01 2.447727525662284620e+01 3.338594486716633014e+01 3.647066246722980765e+01 3.226972746294833172e+01 3.659734029312230064e+01 4.273967760477086131e+01 3.712247148175794820e+01 2.981767369378758303e+01 1.998849221121044906e+01 2.981767368774978522e+01 2.421146487756465504e+01 1.439856996799501943e+01
1.349999999999999985e-02 9.601777020471992330e+00 8.485332029345373783e-01 1.078956959293722839e+01 4.492569356557381433e+00 9.207018374649670989e+00 1.856830798761569312e+01 2.107984058143290085e+01 1.709135376419154539e+01 1.024750654053119980e+01 1.399557398273851483e+01 2.369827638793874414e+01 1.928320771064417727e+01 2.887734478877137789e+01 3.332217556003836734e+01 2.925836762417673498e+01 2.511421895590054731e+01 2.984161661255937759e+01 2.572710558412284598e+01 1.988122276538983613e+01 2.687063301596239029e+01 3.673762832175303572e+01 3.567769692455656383e+01 2.681427465996311810e+01 2.933289095565470461e+01 1.951927797328723457e+01 2.933292694838328885e+01 3.180963456325359218e+01 3.517324338060198841e+01 3.508930974811267589e+01 4.384515965924896364e+01 3.781097555561380830e+01 2.802122141881661577e+01 2.313702419528119592e+01 3.044904863312080323e+01 2.058828540232233451e+01 2.004414594765118096e+01
1.369999999999999864e-02 9.590157023790320423e+00 9.738409265160537842e+00 1.339665536117254252e+00 1.029933091661249378e+01 2.864880644766266027e+00 1.576929816187684175e+01 1.676947813783790764e+01 7.238656772240310566e+00 1.709135317104846052e+01 2.367623811702198111e+01 2.068982912090178061e+01 1.575170975949766294e+01 2.517955083833372498e+01 2.484048800386212363e+01 1.937935276851521493e+01 2.925836762417673498e+01 2.572710558412284598e+01 1.573985032079389512e+01 2.572710558412284598e+01 3.388289054560505775e+01 3.765524610569455888e+01 2.790946466143893545e+01 2.220111359612716839e+01 2.606161821881303808e+01 1.611575023859889200e+01 2.606160870733190293e+01 2.237248785702551501e+01 2.564205033122627597e+01 3.105792210912677120e+01 4.064912503930136722e+01 4.195747532176871175e+01 3.294554988442187238e+01 2.685329563787660945e+01 3.457785352058023420e+01 2.756189824593285920e+01 2.702113750990600138e+01
1.290000000000000001e-02 1.001289999999996283e+01 1.516667681362574704e+01 1.132777078931366255e+01 1.837195791655436894e+00 2.191086947310709743e+00 1.205792185523014837e+01 1.176088672792010037e+01 5.315721676316881528e+00 1.540684518311022799e+01 1.682543795836494738e+01 1.122878949213785837e+01 2.068447626506071657e+01 2.483373940095036048e+01 1.478382287616642721e+01 2.089506405116584276e+01 2.428394701369203901e+01 2.016718680805134412e+01 1.313757005600883865e+01 2.040157467629747501e+01 3.031401074754796099e+01 3.478507322908193089e+01 2.506149663308565323e+01 1.819133473479186236e+01 2.384436222703185848e+01 1.611575023859889200e+01 1.809836244524900906e+01 2.794894446182323833e+01 3.517324326136132839e+01 3.915078336081611354e+01 4.466504343401686583e+01 4.731804660988099442e+01 4.069849972737902277e+01 3.169524663293839239e+01 4.069850583471772865e+01 3.742160665778031614e+01 3.686430279229732321e+01
1.359999999999999924e-02 5.008104416572601636e+00 1.197190791778981556e+01 1.684209938855186905e+01 1.233909467708604168e+01 1.206570633390742309e+01 2.692346480686040877e+00 2.692346480686040877e+00 1.176667679085515061e+01 1.249726412534703535e+01 7.183237723084738846e+00 1.636151731542314991e+01 2.001965020430781550e+01 2.054673945388119805e+01 2.085163014586735031e+01 1.057761648852111591e+01 1.726800113971886574e+01 9.759847949316222682e+00 2.016718598052172595e+01 2.742346570476905399e+01 2.961918102417129717e+01 3.124641751070293694e+01 2.603100230693027228e+01 2.194072479379934393e+01 1.380512663055114153e+01 2.384436128782728304e+01 2.794894434750262135e+01 2.203964679564151652e+01 3.176001061888670307e+01 3.995145869291101803e+01 3.993250982994840115e+01 4.958633197258757264e+01 4.562245891789891772e+01 4.145987642043109389e+01 4.562276407360214847e+01 4.534657079876293295e+01 4.135639929683822658e+01
1.379999999999999977e-02 1.001379999999996251e+01 1.898240414222269123e+01 2.546467345791349857e+01 2.088520069185743466e+01 1.028931858904656771e+01 9.269977177623994535e+00 2.692346480686040877e+00 3.056663954099414049e+00 3.421222375032459073e+00 1.342808406349942985e+01 7.418824416798740273e+00 1.248357443488812457e+01 1.148498171962931558e+01 1.546726213375004022e+01 1.558577209458336732e+01 7.041916628878029272e+00 1.690743456110311627e+01 2.218624892993294395e+01 2.466133539140691511e+01 1.932597486862086456e+01 2.350809401688584188e+01 1.718179567850021883e+01 1.182981406341080621e+01 2.022894473276506133e+01 2.712972048080904131e+01 3.579479526928645328e+01 3.176001061888670307e+01 2.665459451383683387e+01 3.030532558630687490e+01 3.995136593009699055e+01 4.118928505000809537e+01 3.706747952328711193e+01 4.119255107287898454e+01 4.221625406061463082e+01 4.135638713550143564e+01 3.216716269684420126e+01
1.349999999999999985e-02 1.001349999999996321e+01 1.464790988567182417e+01 2.482291386791057519e+01 2.536322126648492770e+01 2.065709128408042261e+01 1.064859651619619640e+01 1.583820082041770760e+01 1.352394719887784369e+01 1.347524265340122973e+01 3.943257251575175815e+00 4.313755111615521720e+00 4.686479429915792139e+00 5.059916362222493191e+00 5.429560858842436666e+00 5.429560858842436666e+00 5.796445785227926528e+00 1.245876128588862741e+01 1.684693374405257416e+01 1.668771023381780694e+01 1.258287657616778787e+01 1.707960640556258269e+01 9.949189016401826180e+00 2.010427804706696620e+01 2.562926480096887971e+01 2.923144661909953257e+01 3.305170234834645981e+01 3.420693431732424727e+01 3.630813683817864757e+01 3.995145869291101803e+01 4.399813761765997100e+01 3.632498033222399414e+01 2.742900756016628350e+01 3.632498048439465066e+01 3.268059643252950508e+01 3.268060568854004799e+01 3.485863127082210156e+01
1.359999999999999924e-02 4.496296656343321985e+00 1.464790988567182595e+01 2.328374354930970114e+01 2.727213831833017110e+01 2.552868666593393598e+01 2.133690612001502629e+01 2.553432365993628750e+01 2.110619505564299203e+01 1.108089780545938829e+01 1.401722387137986736e+01 6.090772820304702684e+00 1.467225804252078269e+01 1.462794066145923999e+01 6.692811779843316877e+00 1.504095139309263018e+01 1.470123926198446362e+01 6.326193601133833333e+00 6.736955387412296936e+00 7.197374213347372596e+00 7.668417679916692542e+00 8.118478159972919883e+00 1.832222945652516088e+01 1.649687366906545449e+01 2.223979341802795773e+01 2.102232073073502505e+01 2.625781230028056967e+01 2.447602740755997175e+01 3.420608887553477473e+01 3.327846171078949311e+01 3.597514799221926296e+01 3.224580385001617344e+01 2.254540007318635020e+01 3.224574811210163716e+01 3.267849135398390104e+01 2.308106814494634307e+01 2.661167656225252998e+01
1.290000000000000001e-02 1.001289999999996283e+01 1.829571879888314001e+01 1.378053796872327297e+01 2.207934674762342908e+01 2.370796951779252026e+01 2.370796878650432760e+01 3.369653732397644319e+01 2.531364681923648163e+01 2.110618997109744654e+01 1.601190553575753839e+01 1.793389877993799786e+01 1.840335273312744491e+01 8.574372480917993755e+00 1.663792371697749317e+01 2.052699290399340271e+01 2.108406758212440479e+01 1.439729754216050495e+01 1.701049760794469279e+01 1.084034198549783490e+01 1.778743622307633032e+01 1.830596952581504766e+01 8.779720637021611651e+00 1.586850110766442690e+01 1.430829020370491556e+01 2.007378409260616081e+01 1.630143025251739886e+01 2.621889256979476457e+01 2.954078550852601026e+01 2.352091035664356511e+01 2.632086953121850925e+01 2.888721637491941863e+01 1.920786748089294349e+01 2.481770460357132180e+01 2.532427919614353939e+01 2.584069500602668867e+01 1.679855140560263038e+01
