output/example/elevation_000263.asc
nrows	75
cellsize	13.33333333
xllcorner	0
ncols	75
yllcorner	0
NODATA_value	-9999
[rows 51 to 67 of 75, columns 0 to 36 of 75]
1.369999999999999864e-02 1.001369999999996274e+01 1.024634547203388024e+01 1.731741328389940193e+01 2.731741328390079815e+01 3.151255735983944106e+01 2.860947666946552204e+01 2.848058910507923258e+01 1.982766809801481855e+01 9.772756257671726843e+00 1.587542985300448706e+01 9.068956054998178473e+00 1.914430450866102618e+01 2.250276635430415340e+01 1.196098798009541575e+01 4.712900938702814457e+00 1.060227392480420860e+01 2.110440476740420124e+01 2.308801761795908902e+01 1.466816574303382303e+01 2.204790102949887398e+01 1.258377316870731732e+01 2.542656942628778616e+00 1.257454795795925584e+01 1.852598009481085128e+01 1.395893717761935449e+01 3.916258842504601656e+00 1.395859400191162258e+01 1.115422544843594999e+01 5.220047088103857647e+00 1.115422573654227989e+01 1.204647999331691421e+00 1.115422437667109712e+01 8.216762079668075813e+00 8.220731743219683807e+00 1.134363532189073709e+01 7.047857265623857614e+00
1.290000000000000001e-02 1.001289999519827134e+01 1.862756924155808846e+01 2.438848109714275836e+01 2.976730635367459854e+01 3.390949633218342996e+01 3.019657365532070514e+01 2.033431344609373781e+01 1.461131444108877098e+01 1.982785616223676328e+01 1.286870989494661188e+01 1.914430450957874541e+01 2.324738622586655623e+01 2.394963545352406697e+01 1.343115538347755766e+01 6.139219877655418323e+00 1.653087539600982225e+01 2.540312993174246614e+01 2.889685615362067495e+01 2.473228467782002582e+01 1.789330977652008059e+01 7.769834048470066534e+00 3.299492809459807052e+00 1.331355990868421380e+01 2.246086074697887369e+01 1.721994971465748847e+01 7.053100975408058027e+00 1.717645027718223716e+01 1.340424619973265230e+01 1.230997784157705688e+01 1.115422910167972326e+01 1.204647999331691421e+00 1.204647999331691421e+00 1.204647999331691421e+00 1.204647999331691421e+00 1.401612501674541322e+00 1.401612501674541322e+00
1.329999999999999932e-02 4.485435954999571706e+00 1.155650376686320513e+01 2.155650376060862428e+01 1.976730369370597629e+01 2.813597036433481691e+01 3.441798243634093524e+01 2.866844128510484779e+01 2.033431344630708892e+01 2.685985662926222872e+01 2.275384547264894408e+01 1.696909769747954044e+01 2.674473072796360285e+01 2.532344733551295235e+01 1.495042895107644121e+01 7.654981650398569037e+00 1.224228630612572033e+01 1.968907314358337857e+01 3.036983888059815939e+01 2.794802665823041821e+01 1.789101790879099241e+01 1.340100319848241028e+01 3.299492809459807052e+00 8.330478147978322312e+00 1.854971163363867959e+01 2.157943449135679259e+01 1.158289787402297577e+01 2.149074060833135746e+01 2.048307299111784374e+01 2.232899078319762864e+01 1.530560046847076450e+01 1.115422784408737478e+01 2.905260716589715742e+00 1.204647999331691421e+00 1.204647999331691421e+00 1.084639524555883838e+01 1.071831794590739406e+01
1.369999999999999864e-02 1.001369999999996274e+01 1.862756902363942046e+01 2.366382337502436428e+01 1.399380100117471315e+01 2.366382177427031053e+01 2.520782577293045890e+01 2.879294115063080639e+01 3.019658214329116674e+01 3.441820134141998011e+01 2.982464169944114118e+01 2.008509983956187384e+01 2.982464626604941671e+01 2.601133568652161188e+01 1.530778857089467238e+01 9.340881148411863677e+00 1.981301005384862890e+01 2.281739699911200958e+01 3.341622103913802988e+01 2.681259477073931663e+01 1.813055954780013934e+01 1.365443674754427406e+01 4.076692656754568489e+00 1.402980564612052561e+01 2.163445921911101522e+01 2.613808115865102621e+01 1.893502803552125613e+01 2.653977059595245436e+01 3.036909708544096631e+01 2.238567376317043767e+01 1.544889928227689957e+01 5.385584757935006017e+00 1.289281431445638049e+01 1.116322032724608349e+01 1.115747873150695035e+01 4.917281740307026361e+00 1.488595193537171646e+01
1.319999999999999993e-02 1.001319999632331736e+01 1.297863172767477735e+01 1.452166535541101844e+01 9.521665046170346258e+00 1.753760391709257860e+01 1.469438569556928087e+01 2.285053519071722405e+01 2.972705316683648391e+01 3.518929381168531734e+01 3.350932897949267186e+01 2.376057488178314969e+01 3.350932897949318345e+01 3.039677589159686733e+01 2.167433944389041756e+01 1.114620304115272376e+01 1.713927033776520048e+01 2.474617228710564731e+01 3.540939873016974815e+01 2.819335864772121170e+01 1.679136341054776693e+01 9.006054533581494326e+00 4.861502141077751027e+00 1.166168535273882867e+01 2.110673485890880485e+01 2.705055191936750347e+01 3.014629775028694780e+01 3.063353039610047901e+01 2.563534870741630911e+01 1.824079620598691420e+01 8.174471208041676817e+00 1.251112801078738102e+01 1.959862518306319856e+01 1.995139837225143964e+01 9.922857503620473807e+00 1.069921120189489727e+01 1.907785720526019091e+01
1.349999999999999985e-02 1.487919561548972203e+00 2.978631546548833775e+00 4.521665046169755620e+00 6.378618427940277336e+00 8.303119325239036286e+00 1.232970674524731081e+01 1.656370594841697397e+01 2.180964524426422457e+01 3.114056174725626391e+01 3.770886189080097495e+01 3.059658861970924093e+01 3.770886189080097495e+01 3.132281418533100492e+01 2.056765141969171395e+01 1.309981157882430836e+01 1.915899971723579043e+01 2.994515582672361731e+01 3.536630740160926223e+01 3.038730391652469365e+01 2.306093514009973688e+01 1.561795940484162593e+01 5.687058819552364142e+00 8.939558434943146281e+00 1.232231802184466751e+01 1.943039303090338876e+01 2.993678093040317023e+01 2.648797482313475626e+01 1.649653631185380220e+01 1.147058803606166322e+01 1.401055084132220330e+01 2.238570227380800404e+01 2.668621153797052870e+01 1.811293854835942341e+01 1.572901960335234151e+01 2.069629137881790015e+01 2.485847539268383244e+01
1.369999999999999864e-02 1.001369999999996274e+01 1.297863172767968898e+01 1.029516773827727327e+01 1.637861892679195819e+01 1.520743593729451248e+01 1.218468114890475640e+01 1.511508691300582186e+01 2.478824224194243442e+01 3.384005123527003178e+01 3.883299649496561301e+01 4.054130627418504673e+01 3.609891156367075382e+01 2.541923315864235278e+01 1.774820888386012641e+01 1.619137538387143138e+01 2.696662594588545758e+01 3.424655804192958897e+01 3.120220077569216954e+01 2.128355889019024971e+01 1.632812676749079728e+01 1.681870971409470528e+01 6.579476606730906063e+00 1.360904208693753858e+01 2.185622785761640685e+01 1.945699557537740887e+01 3.015949552943691714e+01 3.063353039610047901e+01 2.426365127923943277e+01 1.427124732243311200e+01 2.401941883836026292e+01 2.816370206593112613e+01 3.236857988332217673e+01 2.813160531152292165e+01 2.583376655938236510e+01 2.980840129092094415e+01 2.901142298816502674e+01
1.379999999999999977e-02 5.787302691896245577e+00 1.578730269189532009e+01 2.029517233883492011e+01 2.443737932558305914e+01 2.473037673969418648e+01 2.340178135568806184e+01 2.478772034433900728e+01 1.988250158834565440e+01 2.471081486917172754e+01 3.467715092238915275e+01 4.079088576739364669e+01 3.032618262877207016e+01 2.400717066862198479e+01 2.854723854254616100e+01 2.096986784173004637e+01 2.382088543740161768e+01 3.456111534555766696e+01 3.536630740160926223e+01 3.038730391652469365e+01 2.094339336267956853e+01 1.095469228788800287e+01 7.513330837781931670e+00 1.761354225959711428e+01 2.649388502868962902e+01 3.015949552943691714e+01 3.464226382540795868e+01 3.242667809750785324e+01 2.242908751158920566e+01 1.780858846686093955e+01 2.779403641497340161e+01 3.540965100912888630e+01 3.036461422701993129e+01 2.617031050106348289e+01 2.825445113907388972e+01 2.626157817881126277e+01 1.946030628427703135e+01
1.309999999999999880e-02 1.001309999999996236e+01 1.992943831417519007e+01 2.391144905848284097e+01 2.634420019428779014e+01 1.631784671801246134e+01 2.634420019428779014e+01 3.236636394789424287e+01 2.969398289565273430e+01 3.384005123527003178e+01 3.883299655132697126e+01 4.495364371022467509e+01 3.898200772989497409e+01 3.474908659332096050e+01 3.609276880848527469e+01 2.732715627440494544e+01 3.456111534547373054e+01 3.880009075901214288e+01 3.053583316851966245e+01 2.587004779707827140e+01 2.379065380422017029e+01 1.761386999035752510e+01 7.513330837781931670e+00 1.761387159899781096e+01 2.354735816929457926e+01 2.829553233720579186e+01 3.245569126778739388e+01 3.657718801752927362e+01 3.194075386378376535e+01 2.279314060117012986e+01 3.194075109175589589e+01 3.120049325956115283e+01 2.114012768875503667e+01 1.628480445789307751e+01 1.829632056353263891e+01 2.127318052795920167e+01 1.286326842534029247e+01
1.349999999999999985e-02 1.001349999999996321e+01 1.473114899343459250e+01 1.389066493877466435e+01 1.925450010774920173e+01 1.631784671801246134e+01 1.818280742981144371e+01 2.397149341900885133e+01 3.401032472461994871e+01 4.190406802651583007e+01 3.777884744829103170e+01 3.777884744829103170e+01 3.901728803348418495e+01 4.010871864256954211e+01 4.214014613559798761e+01 3.795285542522971411e+01 3.694564635299620647e+01 3.272805287784812833e+01 2.585238867264803631e+01 1.547111117983874351e+01 1.965867039992872733e+01 9.641251970398473148e+00 1.761387271580573355e+01 9.390446433960061512e+00 1.941449117857782980e+01 1.837868283519368262e+01 2.829553246357303919e+01 3.468583201664358739e+01 3.694375156505283542e+01 3.279493233343345793e+01 3.694375274518854013e+01 3.540965100910506891e+01 3.036461422616183370e+01 2.122755748384702201e+01 1.151450774369250318e+01 1.048639383565059191e+01 1.617241989117983181e+01
1.369999999999999864e-02 1.001369999999996274e+01 4.731149489792321639e+00 6.816293693496813688e+00 9.241653463883764630e+00 1.240406199428803369e+01 2.242265849908535458e+01 3.236636394789424287e+01 3.815796790417085305e+01 3.777884744829103170e+01 2.778129729885850097e+01 2.778129729885850097e+01 2.902125214257462105e+01 3.011517358294375057e+01 4.010871864256954211e+01 3.999500353315622903e+01 2.971798335932344770e+01 2.275554129632272549e+01 1.960061458565941805e+01 2.178316659194799598e+01 1.181839617127189612e+01 1.965867039992617649e+01 2.354760593386964729e+01 1.941450045395614055e+01 1.130832395640333310e+01 2.128326592765100855e+01 2.060218809411574270e+01 2.758187343230401822e+01 3.758996139698509609e+01 3.535889057756219245e+01 3.117065608314675984e+01 2.811939499798315012e+01 2.254234377893170915e+01 1.906189237203891551e+01 1.729967544886652320e+01 7.423659492852032749e+00 7.423659492852032749e+00
1.290000000000000001e-02 1.902722365046135788e+00 1.190272221365664684e+01 1.258903490244217416e+01 1.924972450462225737e+01 2.242265849908535458e+01 2.657595124668936748e+01 3.010296130934511538e+01 3.433529088620515068e+01 3.459793775545273320e+01 3.046559391288884910e+01 2.071266551610778706e+01 2.195118072517737318e+01 2.786742114277282312e+01 3.785969545470381092e+01 4.111113447396691356e+01 3.084399828269764399e+01 3.272805092282786887e+01 2.820395199378499385e+01 2.156072969888066027e+01 1.376510055406841104e+01 2.371292738412963885e+01 3.122692406944485910e+01 2.128323166035261949e+01 1.467308030689950726e+01 1.357112799716505869e+01 2.350504997498229187e+01 3.008995875246727181e+01 3.596735943139049141e+01 3.117065608314675984e+01 2.125802482336058929e+01 2.294980762693775844e+01 1.405654362350740705e+01 9.475023824508097547e+00 8.467622778653357329e+00 7.423659492852032749e+00 1.730008776977836860e+01
1.359999999999999924e-02 1.001359999999996298e+01 1.604485105273811030e+01 2.252053806297438143e+01 2.657513538978416889e+01 2.779806650502803933e+01 2.377569808197486623e+01 2.025161780578416781e+01 2.950641407642453018e+01 3.046559391289141416e+01 2.047881267961681218e+01 1.695467067813431328e+01 1.788662443212166053e+01 2.786742114253369706e+01 3.131075914094691370e+01 3.544260530340915238e+01 4.111113447395863574e+01 3.247356764288085174e+01 2.256461483906830878e+01 1.686520286731071394e+01 2.079934633492272766e+01 2.792506880267374569e+01 2.987625876350421095e+01 1.998355326077011540e+01 2.458837329763440849e+01 2.350504997477348113e+01 1.605185306813010726e+01 2.175653585279290070e+01 3.168631010432390838e+01 3.010057884259276051e+01 2.414484024286011987e+01 1.454811393834493494e+01 1.080085035114091951e+01 1.904457045232802415e+01 1.406219456677463775e+01 1.730028110295798882e+01 1.157429848800530792e+01
1.379999999999999977e-02 5.013800000011536362e+00 1.208486787856312361e+01 2.208489158537967612e+01 2.508446385630198705e+01 2.345270293750204615e+01 1.502290716988209240e+01 1.509373411913592378e+01 2.579687023607950636e+01 2.491050312916178200e+01 2.340387318061628363e+01 1.346152529133905773e+01 2.137440876762739350e+01 2.424700030216957103e+01 2.132109607841290000e+01 3.131075914094691370e+01 3.745212029970971201e+01 3.662638340823686178e+01 2.914519644835561607e+01 1.928050745202481409e+01 2.914524017798109057e+01 3.492922728543200606e+01 3.404726173793457633e+01 2.566017839541680701e+01 3.404647463964754905e+01 2.780271802942390025e+01 1.794586292363143443e+01 2.780279211266373096e+01 3.176716607187520935e+01 2.181571149392917874e+01 1.622850849262457729e+01 1.208815551548328493e+01 2.033485682532147720e+01 2.447530797865655572e+01 2.086479431103566995e+01 2.537225625879759505e+01 1.581558440603825311e+01
1.349999999999999985e-02 1.001349996360615080e+01 1.915612297736052838e+01 2.215485768980415671e+01 1.509000876644993561e+01 1.983368772278749859e+01 9.892045954900259730e+00 1.983059909209617189e+01 1.850669326947110349e+01 1.494215864044586439e+01 1.928084131668346046e+01 1.144380514669864723e+01 1.144380514669864723e+01 1.429595892925781975e+01 1.833888299942922728e+01 2.332368748012186899e+01 3.332221138404699445e+01 3.543849661173600651e+01 2.548798449545886058e+01 2.298760081124231291e+01 2.914524017801443634e+01 3.913315664534523819e+01 3.983558639086224673e+01 3.563564432208549704e+01 3.709410742093125180e+01 2.977111350832865000e+01 1.992950278710019063e+01 2.977111350850960036e+01 3.574873676344122231e+01 2.717682427239664023e+01 2.167746863039739225e+01 1.208815551548328493e+01 2.167748467149496250e+01 2.584238369448254247e+01 3.083302492247207383e+01 2.980876870071394080e+01 2.139189511563736090e+01
1.359999999999999924e-02 1.001358105458479031e+01 1.644386633631930650e+01 1.245419098729616003e+01 8.019875680799549045e+00 1.372081291694147964e+01 7.106406658672437260e+00 1.515872701032776426e+01 1.198446600540081519e+01 7.899325835522329697e+00 9.345239844465726975e+00 1.928084118569243088e+01 1.144380514669864723e+01 1.716073135349472523e+01 2.713452757357759637e+01 3.245696445622436954e+01 3.745212085087619158e+01 3.960119021403966855e+01 3.249420509558029124e+01 2.994830237223135683e+01 2.994830237223137459e+01 3.998088279092229413e+01 4.590369250227014675e+01 3.572400039303416719e+01 2.864545379914207857e+01 2.301126568455861232e+01 2.977111350840440451e+01 3.394513293551789701e+01 2.924021949909774776e+01 2.303374140178254237e+01 1.334955209481155691e+01 1.208815551548328493e+01 1.208815551548328493e+01 2.167748480480339879e+01 2.830737825381644868e+01 3.279997236083355716e+01 3.141803621189611917e+01
1.290000000000000001e-02 1.001289999999996283e+01 1.119157371571028570e+01 2.328214711567596851e+00 3.019929175433670121e+00 3.721791581777265101e+00 4.430672786785600614e+00 5.169894055298821733e+00 5.934613130618505927e+00 1.594179264907053017e+01 1.311846462694118820e+01 2.248243892668697441e+01 2.139564579983725778e+01 2.553800292540188366e+01 3.128641150818070926e+01 3.648910004701605914e+01 3.648910004742992186e+01 4.061295266821198169e+01 4.254664512493802420e+01 3.998088279020067404e+01 3.998088279089783725e+01 4.414598729483722650e+01 4.691167579645198771e+01 3.682448723162036686e+01 2.681227369329956289e+01 3.289737398535459079e+01 3.709410719072896967e+01 3.218020577857014786e+01 2.207859546553983776e+01 1.522277018588912512e+01 2.167748493837504142e+01 1.208815551548328493e+01 2.167748480482829621e+01 1.436326286246581851e+01 1.859314262610903867e+01 2.560123236691253013e+01 3.578260479261675897e+01
