output/example/elevation_000022.asc
nrows	75
cellsize	133.333333333
xllcorner	0
ncols	75
yllcorner	0
NODATA_value	-9999
[rows 51 to 67 of 75, columns 0 to 36 of 75]
5.882205962523524567e-01 8.257858228584531446e+00 1.595004433279840939e+01 1.157942139878971517e+02 1.345924666329467811e+02 4.640355674485068960e+01 1.458492795228168575e+02 1.655023149940874134e+02 7.859727470616759604e+01 1.775420150355067506e+02 1.698017705380920574e+02 1.585259816357313412e+02 2.485126043507277700e+02 3.038125720407202834e+02 2.231599568038390942e+02 2.103226668068223830e+02 2.827752747273228238e+02 3.849072370081946133e+02 4.041549157587905938e+02 4.477491520002548100e+02 3.818515904692010281e+02 2.766905499943526934e+02 2.193876837953143308e+02 2.605406943150403549e+02 2.742511612737025075e+02 1.725446103197981813e+02 2.252841107702573993e+02 1.406408959643999026e+02 2.411880525090707579e+02 2.993500996244949874e+02 3.703584433857662930e+02 3.405000102298192246e+02 2.912799403262391138e+02 2.076624560849546697e+02 2.565601272703621021e+02 1.663431509754007322e+02 1.733458404582138996e+02
9.768667279832560224e-01 1.009768667030065501e+02 1.157942139833810273e+02 9.747841754109704482e+01 1.870248897727915960e+02 1.458492795862793230e+02 5.799730922708944547e+01 6.635731833403629309e+01 1.655023150035752053e+02 2.185237713235893295e+02 2.684041835004541099e+02 2.281000426611007583e+02 2.978217837889086468e+02 3.597616351719210002e+02 3.195654169632614980e+02 2.766722160614800146e+02 2.917695473755057378e+02 3.379819066469066797e+02 2.772564676094563083e+02 3.811091030667437280e+02 3.365820793055608533e+02 2.325587740804262751e+02 1.741626806666702691e+02 1.893174039321793032e+02 2.519266659616085064e+02 2.105206824795141358e+02 1.248399024142910889e+02 2.252841237775455738e+02 2.411880525017954255e+02 3.415354716169676408e+02 3.313707478772034278e+02 2.405651932964191246e+02 2.405651929143518259e+02 1.499376239496675112e+02 1.566255585288642749e+02 2.565600912236086515e+02 2.732303930288833840e+02
2.138324179527880675e-01 7.092451053660575155e+01 1.709245104514540685e+02 1.972901615637351540e+02 2.386320291144038492e+02 1.983799762716032831e+02 1.076552252087283676e+02 1.364694482450164514e+02 1.290713055230126827e+02 1.991475238348470782e+02 2.983103504722341768e+02 3.267445006291134177e+02 3.279661276840220694e+02 2.855395335771019631e+02 3.279771714632320823e+02 3.699402724789682679e+02 3.685009854035064905e+02 3.158882085933574899e+02 2.012540951730640870e+02 3.175278392380162700e+02 3.309553626173640737e+02 2.896075196329259711e+02 2.319678232633998505e+02 1.313335484084282143e+02 1.960844324051728051e+02 1.102039793421128735e+02 2.105207051239837597e+02 2.668407450245843506e+02 2.680583356195941747e+02 3.094871648978128178e+02 2.314123486268729835e+02 2.314123470547728516e+02 1.405799918590245738e+02 2.405651929151602531e+02 2.565601215620173434e+02 2.066087427834989398e+02 3.064824621071689990e+02
1.069909363418946047e-01 1.001069909114615655e+02 1.593913352236801586e+02 1.947466583026563569e+02 2.361668865680615568e+02 2.480005141261010522e+02 1.778103653611818515e+02 2.355938559727704842e+02 2.281914969827145399e+02 2.692566355035498304e+02 2.863719966433036461e+02 3.271018050466239515e+02 2.770417412957945089e+02 1.840898606039241088e+02 2.766585727378612205e+02 3.342551797066844301e+02 3.379368128499894510e+02 2.686054676695930539e+02 1.585782793681154885e+02 2.686081486467202808e+02 2.739071518619021504e+02 1.904243583586216175e+02 2.457244001124862223e+02 1.960845665636812498e+02 9.588885068285979685e+01 1.925957305721736930e+02 1.984664466091275301e+02 2.043670081624349564e+02 1.680321548418906730e+02 2.163230628678402070e+02 2.223696844318641865e+02 1.313968200579282950e+02 2.314123470853664912e+02 2.112936253453020186e+02 3.112330153629279721e+02 2.772712378664534754e+02 2.772730155532350977e+02
3.726996606557795300e-01 2.924021312013702101e+01 5.939134757791327957e+01 9.474668663724040130e+01 1.524817135491252316e+02 2.524815127899939853e+02 2.770848289715959254e+02 2.614075324463826746e+02 2.200174247491109156e+02 2.157233404974329858e+02 1.864448952883579693e+02 2.863719758560580431e+02 2.347877743287924943e+02 1.339230646342615785e+02 1.975375930046003532e+02 2.845148263749878765e+02 2.911852795980201449e+02 1.836379084376151525e+02 1.275067720364802000e+02 2.323377031279323717e+02 2.326152576566376240e+02 1.326535418777203859e+02 1.456439216683347126e+02 1.797625609815412702e+02 8.663116114016709446e+01 9.248070359728632184e+01 9.836111989645399944e+01 1.042732141304322653e+02 1.102281850421571789e+02 1.162594125317717726e+02 1.223245207056223620e+02 2.223696850908296199e+02 2.728189390666810823e+02 3.112330142796906216e+02 3.526311450009595774e+02 3.775853876977995469e+02 3.777377823454364147e+02
9.622267309149505898e-01 1.009622267058593224e+02 1.593913352321148693e+02 1.947466583036054146e+02 2.361668865624872353e+02 2.938992559841096295e+02 2.206252074899533397e+02 1.791918908035163440e+02 1.200010034151274283e+02 1.157169850656595145e+02 2.157233404973397342e+02 2.045220452938372659e+02 1.989553740809729447e+02 9.853718602196146037e+01 1.503657302526693513e+02 2.447152273777846574e+02 2.637598260993719919e+02 2.018912348475144825e+02 9.948791411956757713e+01 2.018911447095152596e+02 2.096866980404224421e+02 1.682318897616233642e+02 7.484681627705835183e+01 7.964692707951094519e+01 1.797625611024809302e+02 1.925957307002352934e+02 1.984664476336533028e+02 1.750663675350934056e+02 1.680321548419074134e+02 2.163230637774762215e+02 2.223696847140711270e+02 1.506485155979160311e+02 2.505847096797633071e+02 3.085137949326787634e+02 3.414219096513745058e+02 3.783662934462473686e+02 4.187922653932074581e+02
2.536103556318918262e-01 7.096428847428485653e+01 1.709642883891049792e+02 1.764691654612801699e+02 2.178922848480329435e+02 2.300281618409038060e+02 1.628726232426919580e+02 7.916219456996647352e+01 6.224618763698136092e+01 1.622729132430832237e+02 1.312072160054181893e+02 1.044758981536224383e+02 1.363537663275619423e+02 6.965042361866980514e+01 1.403868368674569069e+02 2.403214276202725159e+02 1.929949202431172353e+02 1.222338627271851550e+02 7.647835208700084308e+01 1.568316479960029426e+02 1.615443678554779297e+02 6.812800687180242676e+01 1.682318888073555172e+02 1.797625608934843342e+02 1.113158280786481384e+02 2.114174782515003983e+02 2.745535220206066924e+02 2.751051934202458824e+02 2.680583395971664231e+02 3.094876424253080813e+02 2.919175960924944206e+02 2.083864920521513397e+02 1.831101315102845604e+02 2.089302647798660928e+02 2.422323844210432071e+02 2.799078793564881948e+02 3.370764060880346733e+02
9.431841708974398886e-01 1.009431841458066970e+02 1.057535748080253342e+02 7.646221639598626041e+01 1.764691654618910093e+02 1.593001189260521642e+02 8.857291279251623450e+01 2.140781592217864571e+01 1.214397131003647843e+02 1.275730972896917592e+02 3.115922126809749670e+01 3.372644023647581690e+01 3.629714342365285518e+01 1.363537663488340854e+02 1.426203295094325370e+02 1.452208920788991975e+02 1.478242150184485695e+02 5.146034555551629808e+01 5.408963313755929647e+01 5.673930302007617144e+01 6.144736059492190350e+01 1.615443678532889464e+02 2.096867246756999066e+02 2.528711397836954689e+02 2.114174782383108209e+02 1.467216254827812634e+02 1.744896625604451401e+02 2.745535218062283320e+02 3.595375991309686015e+02 4.010063236108599654e+02 3.495486213980004209e+02 3.082286233817073366e+02 2.407857947656656279e+02 2.794353412150940130e+02 3.084854712748856400e+02 3.785783474734116112e+02 3.816727768723137046e+02
7.631321084887311423e-01 3.253908688222127310e+00 5.745724554544626272e+00 1.057535748146657966e+02 1.117972357385920645e+02 1.143057393465958711e+02 1.784304912396477860e+01 1.178692223342888639e+02 2.499330033079719016e+01 2.753117129040693101e+01 1.275730973045358070e+02 1.337787333804794230e+02 1.363537663267096036e+02 3.995951322190880717e+01 4.255274911130446469e+01 4.514867691100788960e+01 4.774731641494602030e+01 1.478242150683027489e+02 1.541781763925054065e+02 1.568316483944873596e+02 6.128055515948845056e+01 1.613798153228114245e+02 1.659376846223999564e+02 2.660199302037464690e+02 2.882538702292256971e+02 2.468008063428802075e+02 2.745535220036512669e+02 2.216653300377325877e+02 2.594807054728984781e+02 3.302258855402855602e+02 4.303024502597834839e+02 3.815397484962724661e+02 3.403750702461678657e+02 3.787138431774417313e+02 4.075099119543369284e+02 3.461798207290009373e+02 2.726149605277979049e+02
7.628124041380348608e-01 1.007628123791735675e+02 1.057535748109484643e+02 9.278902316238996306e+00 1.178045215002008028e+01 1.428515924642043444e+01 1.143057393502938481e+02 1.593001197234216022e+02 9.573182639546415373e+01 1.275730972932429381e+02 5.380350634669023435e+01 7.806884453830765835e+01 1.781093589048468004e+02 9.773359938198140640e+01 1.426203294156713071e+02 1.452208921675926376e+02 6.700775765627099645e+01 1.670838694426712721e+02 2.394127011943888590e+02 2.028353546159495409e+02 1.613798153392217785e+02 6.583219278453208290e+01 1.659376846393968492e+02 1.705124421456467019e+02 2.705986281800811071e+02 2.394802759183939713e+02 2.809469456365761175e+02 3.217195038522793311e+02 3.595373801758179866e+02 4.010007142852230686e+02 3.854766996566150397e+02 3.439751751179118742e+02 3.854757235414556362e+02 3.614055684132867441e+02 3.198978073803083362e+02 3.020133682438412848e+02 1.998924143864176699e+02
2.106757229907613160e-01 1.002106756528736184e+02 1.507180527543457913e+02 7.999917381134628158e+01 8.250340928394550133e+01 1.143057393416128207e+02 5.901601702709486830e+01 1.590360499782323984e+02 1.957656924454769296e+02 1.840088796385883541e+02 8.396933715047627800e+01 1.781094102576748526e+02 1.158835265603257625e+02 1.977902531961852901e+02 2.392331449244454689e+02 2.085315868325325539e+02 1.247918801011449546e+02 9.789654777550170195e+01 1.979659532563233029e+02 2.747891093470768737e+02 2.073953292110750226e+02 1.366234976491958548e+02 7.040119460713162880e+01 1.705124426235119870e+02 1.783930876589907371e+02 1.393800024159332054e+02 1.849924869057115302e+02 2.264592091620702945e+02 2.604643976270684789e+02 3.019465243796253162e+02 3.112019230400862284e+02 2.438773131063863957e+02 3.354121699297236319e+02 3.035928414394149968e+02 2.197915891932375985e+02 2.723075306543928491e+02 2.306381741494319613e+02
4.089467787567467871e-01 7.111962489730693449e+01 1.711196237855099582e+02 1.800110609909952757e+02 1.825187888022569496e+02 2.004639826073286883e+02 1.167637981604623008e+02 1.297418038288425919e+02 2.297584436830945549e+02 2.173543634210024891e+02 1.173186881627904370e+02 2.173544467440655978e+02 1.866202543251898192e+02 1.585410361277729123e+02 2.585762945721270398e+02 2.663045516804656359e+02 2.248558179141748212e+02 1.686600176862794456e+02 1.332820549727051684e+02 2.333427426593883922e+02 2.781729031570638995e+02 2.119722203981822304e+02 1.411971428611841759e+02 7.498759043639118715e+01 7.827390955129297367e+01 8.156511548873365314e+01 8.486682143517143118e+01 1.849924223730627943e+02 1.603597958000027859e+02 2.604643865892807639e+02 2.111014840017158178e+02 1.938257970386113129e+02 2.939261510421004004e+02 2.621011147387019946e+02 1.619864521231446588e+02 2.251543544969861443e+02 1.306913508605195773e+02
7.605404438924017185e-01 1.007605404189585840e+02 1.795789893392211809e+02 2.243003172372227141e+02 2.820352095654047844e+02 2.582087397974044620e+02 2.167810210080978663e+02 2.297585276803131933e+02 2.711833877929523737e+02 2.588157069613480985e+02 1.673382572490877749e+02 2.588203566405493348e+02 2.866568585148010584e+02 2.032769950767115859e+02 2.292736434678047885e+02 3.293190951820593000e+02 3.101652761476859723e+02 2.333427456235360182e+02 1.780347411613196300e+02 1.910555052953579036e+02 2.911081104041815593e+02 2.827485489747592169e+02 1.959770244245122228e+02 9.579022766444580839e+01 1.783930298271730237e+02 1.523693834055081879e+02 1.849924868976411005e+02 8.954912235565230105e+01 1.896796502260469026e+02 1.977299199649192190e+02 1.403026253481149581e+02 2.404202170945917487e+02 2.571870153198470916e+02 2.157081434968020801e+02 1.210923206367911575e+02 1.250191101456515099e+02 2.251543547760527986e+02
3.612262887922438326e-01 3.815767358971483958e+01 8.287903313971031594e+01 1.406140600586720950e+02 2.406140593259691798e+02 2.684860940537333249e+02 2.271287487955248423e+02 2.271287487960349836e+02 3.270452748102741793e+02 3.088521024993424362e+02 2.673729492411642354e+02 3.088583575186755183e+02 3.448563452014175255e+02 2.610278533926991713e+02 3.293190894319449171e+02 3.708444818019146965e+02 3.748505597568349117e+02 3.195361615868027343e+02 2.358012528263278682e+02 2.618033693546693144e+02 2.911080498223330437e+02 2.756037791525849343e+02 1.755199062364327744e+02 1.176295120418384528e+02 2.178202241709227280e+02 2.524673651490283817e+02 2.311486864723298993e+02 1.896796617642886247e+02 9.425239845662193261e+01 9.759120008461906082e+01 1.977299166090566587e+02 2.063458326584983524e+02 2.102034822140271331e+02 1.155686982043497153e+02 2.157081357871431635e+02 2.251543544921031526e+02 1.545604320422393130e+02
2.027203060114903810e-01 7.091339842466122434e+01 1.709133982940937244e+02 2.172629499201369185e+02 1.758665251783227745e+02 1.962756660557250257e+02 1.271451331878901811e+02 2.271287487832038607e+02 2.913454695361596123e+02 3.229372136775662057e+02 3.606734355301340997e+02 4.016232247983570005e+02 4.026422895118697056e+02 3.611021481332153371e+02 4.010295802066175384e+02 3.598590632210255080e+02 4.010353654788514177e+02 3.773056842122472858e+02 3.358524653873355419e+02 3.618560308100953762e+02 3.911618990727171195e+02 3.170819906630214291e+02 2.178216913096508165e+02 1.624941803118830705e+02 1.647060025781925106e+02 2.649976633474875030e+02 2.651748912679533987e+02 1.650667686882621581e+02 1.650667682096083979e+02 1.977299201817300229e+02 1.023531378819659921e+02 1.062031955307883919e+02 1.100619905117912509e+02 1.434554115077508811e+02 2.435775174794373754e+02 2.961619823741777395e+02 2.546771748913926103e+02
4.264044037055534364e-01 1.004264043788686251e+02 1.933713844622120064e+02 1.519644788283224273e+02 7.587204904401919237e+01 9.628446356480861823e+01 1.962756661080798892e+02 1.636599564747633337e+02 1.913949294771867073e+02 2.230175294854200274e+02 2.608128934033230166e+02 3.314878070559667549e+02 4.311359377071439098e+02 3.973888960643849941e+02 3.513413572296004759e+02 2.604959557457281676e+02 3.513444192786809595e+02 3.861388960325315338e+02 4.151953137917176377e+02 4.013037577415460646e+02 4.121380039420154162e+02 3.594766768960772083e+02 3.040644629897456070e+02 2.202827059240893846e+02 2.024765417541646002e+02 3.028678693520362231e+02 3.066541445917445685e+02 2.651748831727196034e+02 2.651743477215893563e+02 2.094963383367198730e+02 1.093163060768397941e+02 2.063458326585092664e+02 2.102034819669369483e+02 2.435775035292600421e+02 2.012684679805950623e+02 3.013727588919480240e+02 3.286463801769811539e+02
2.601976539121070298e-01 1.002601976290968793e+02 1.296054609543542995e+02 5.196747685781950565e+01 1.519644788183605328e+02 1.258720166424919853e+02 2.258610022447274162e+02 2.636277171282451377e+02 2.913454695338887745e+02 3.229378031232957369e+02 3.606734091097101214e+02 4.010727865141888628e+02 4.155603256842999258e+02 3.561882714065936284e+02 2.568485627341925124e+02 2.108979972592825902e+02 3.101774303449832928e+02 2.870010446091943663e+02 3.160378595497319907e+02 3.022860050343077205e+02 3.131154076828069037e+02 4.121374206179098110e+02 3.618914805447099639e+02 3.203632024059127161e+02 2.523234866441162865e+02 3.445020715826548212e+02 3.712196944399045719e+02 2.762168132671939134e+02 2.015481370595996111e+02 1.387715067363560877e+02 2.094963388568693006e+02 1.198792873858658226e+02 2.200323402752302400e+02 2.721625246484492209e+02 3.013727573462376768e+02 2.830018482858194488e+02 3.831139221282426206e+02
