output/example/elevation_average_000100.asc
nrows	75
cellsize	133.333333333
xllcorner	0
ncols	75
yllcorner	0
NODATA_value	-9999
[rows 51 to 67 of 75, columns 0 to 36 of 75]
5.882205962523524567e-01 8.876962886358834126e+00 1.715752700695258071e+01 1.159909146560360682e+02 1.361716027128664734e+02 4.984764702371086997e+01 1.480827657501582451e+02 1.694050195651442152e+02 8.430077486512584528e+01 1.817800566961872732e+02 1.762902787454683278e+02 1.696405467523011055e+02 2.547366278879966615e+02 3.216099625885831870e+02 2.526201762136531954e+02 2.494397039017414670e+02 3.447069710077386162e+02 3.397168340234402422e+02 2.757624389178818660e+02 3.441109282044458837e+02 3.490642613459091876e+02 2.630049233864991720e+02 2.186618125971689324e+02 2.930048712377800939e+02 2.720487848607114643e+02 1.777585066513365462e+02 2.301487763711611763e+02 1.490220167071075821e+02 2.466520341354946027e+02 3.024682346306570935e+02 3.705895189510746377e+02 3.446546847064006442e+02 2.970470018508099201e+02 2.163097539261743805e+02 2.637577560301838275e+02 1.760027244318980593e+02 1.829295533137274106e+02
9.768667279832560224e-01 9.997662110399596713e+01 1.159054574241217495e+02 9.756696435539760159e+01 1.877305532778173074e+02 1.483362689634284948e+02 6.224367957749373659e+01 7.117959652086891253e+01 1.694574746850023246e+02 2.225119466613076611e+02 2.732554643175249680e+02 2.418129925184639148e+02 3.057030548002347814e+02 3.455849169281485729e+02 3.465607314107780894e+02 3.359529177467419458e+02 3.341039845281986800e+02 2.690528090694780303e+02 2.166502924215928658e+02 3.051207047850815570e+02 3.247467897222239799e+02 2.444127419550936224e+02 1.847237011136548404e+02 2.331464596350645593e+02 2.528742128451879978e+02 2.155702716808629305e+02 1.333798720617905644e+02 2.311533006135848325e+02 2.466456952965454263e+02 3.432747302051188854e+02 3.357059853276891204e+02 2.480568590893130647e+02 2.480055714033808556e+02 1.597250650523587865e+02 1.663789983330390783e+02 2.621938372633374570e+02 2.797734387080910778e+02
2.138324179527880675e-01 7.042450393263709429e+01 1.687220272492897948e+02 1.955477405576191359e+02 2.353826272600285847e+02 2.006499622098377529e+02 1.136468992547227970e+02 1.411240214995484337e+02 1.349330021468537382e+02 2.063226289479671891e+02 3.017258940339951323e+02 3.290666520631461935e+02 3.097907279940615126e+02 2.635258231234441268e+02 3.081104007427337592e+02 3.435956290001838624e+02 3.244331738753683680e+02 2.755115185672565872e+02 1.999267189564415332e+02 2.842344098656349161e+02 3.320132450206611452e+02 2.944907806137668445e+02 2.384721651030305907e+02 1.442517654777151677e+02 2.011675616427965565e+02 1.189217660256300775e+02 2.168370659045784805e+02 2.709759523091603342e+02 2.736265598198667703e+02 3.130640322740990200e+02 2.390418756630658663e+02 2.388985520536110698e+02 1.504017331882857604e+02 2.480072614243858595e+02 2.633726897702657084e+02 2.179650500715713406e+02 3.109278984766590952e+02
1.069909363418946047e-01 9.911060399561009149e+01 1.567197958814120682e+02 1.910970984088149862e+02 2.310825148307959580e+02 2.484596932550237511e+02 1.843925309608681289e+02 2.384550526380713507e+02 2.325723950748483162e+02 2.719454434153581133e+02 2.770815352380049035e+02 3.060011108363400467e+02 2.678436463700516583e+02 1.941563705732953622e+02 2.310364100557937377e+02 3.099207277938004381e+02 3.072035912390510362e+02 2.231949509000041587e+02 1.717609552455880078e+02 2.596934883897062605e+02 2.815692740121125439e+02 2.027881680464357146e+02 2.462361825441142003e+02 2.026155046723471855e+02 1.046988850802033113e+02 1.995029948885650981e+02 2.052946578095002224e+02 2.115578324721848560e+02 1.763080957917997580e+02 2.233999061654454579e+02 2.296867048077369020e+02 1.411988040156628585e+02 2.389053600800104391e+02 2.198111539135284715e+02 3.167150824833721572e+02 2.905426008936610742e+02 2.952968334249843565e+02
3.726996606557795300e-01 2.888288448690396493e+01 5.858562524932649751e+01 9.317937940849125766e+01 1.484978021917510205e+02 2.429054248486880283e+02 2.758810982861039633e+02 2.589188078320815976e+02 2.189435744010790188e+02 2.121157489303585635e+02 1.799390580074527577e+02 2.749857988149763628e+02 2.318377821246415920e+02 1.428297309300656650e+02 2.170569858633961928e+02 2.885934972593838097e+02 2.946332497925845928e+02 2.050139780274366217e+02 1.366069977763188206e+02 2.294479107482112852e+02 2.411260711387770641e+02 1.445740173140332843e+02 1.512038812347101384e+02 1.864371657978443579e+02 9.548811230216462320e+01 1.015814395228913440e+02 1.076679996639079206e+02 1.137231492159286006e+02 1.197929060019158101e+02 1.259019144704578679e+02 1.320125160014059702e+02 2.298034532905479921e+02 2.787454946923226657e+02 3.166007233102937448e+02 3.562514734785598876e+02 3.833328797007089292e+02 3.882921716601031790e+02
9.622267309149505898e-01 9.995882485302273324e+01 1.568731962999287646e+02 1.911153320465149648e+02 2.310800626585434543e+02 2.857698272398559993e+02 2.206379952411252532e+02 1.803027828504128252e+02 1.224033983529774900e+02 1.142641074529155816e+02 2.121145702404326698e+02 2.065941385428483841e+02 2.007727417275768858e+02 1.060389728631478903e+02 1.512767682918765217e+02 2.421550444159607025e+02 2.668421644443189393e+02 2.041701266824801735e+02 1.077403498295655737e+02 2.007637202122535882e+02 2.147170455774562470e+02 1.747130065318546883e+02 8.333465642983520638e+01 8.828282473247256235e+01 1.865013264794258987e+02 1.995557641008917926e+02 2.055887085142142894e+02 1.849244695436077279e+02 1.765465343615683196e+02 2.235542056672239539e+02 2.297443177285640559e+02 1.592269414569647665e+02 2.562090182581846989e+02 3.115904808658396519e+02 3.416364703619601642e+02 3.719552717907636179e+02 4.126108736011679525e+02
2.536103556318918262e-01 7.046353322773472883e+01 1.687617668016193022e+02 1.744898612910457132e+02 2.125925848084436609e+02 2.290906051408469750e+02 1.635480668656510659e+02 8.354116328066218955e+01 6.371469442023964547e+01 1.620935792213035427e+02 1.343475148119186997e+02 1.097409934910952103e+02 1.401534455400596642e+02 7.424599818896214742e+01 1.420029528531659082e+02 2.396275716606823778e+02 1.972520190620216169e+02 1.303823928981413474e+02 8.361421189881832561e+01 1.625325260939315797e+02 1.677388751467605914e+02 7.638809103537855094e+01 1.743375143449256086e+02 1.863907137686593103e+02 1.192364555243582203e+02 2.171373561539008392e+02 2.777463692990555728e+02 2.806674651594337320e+02 2.738466270431765111e+02 3.136109580338523983e+02 2.965247693516270147e+02 2.167509118976309992e+02 1.901816732362602806e+02 2.148852080603045920e+02 2.462007881547474426e+02 2.820386453754287572e+02 3.361919256062535055e+02
9.431841708974398886e-01 9.993837337932626497e+01 1.053882355918577929e+02 7.626026010837604474e+01 1.745045204061247546e+02 1.595369433054542867e+02 9.196673083168001028e+01 2.442970258569075526e+01 1.232245373184897517e+02 1.301369606219589343e+02 3.570304432957492224e+01 3.865141677445739532e+01 4.156371187324700145e+01 1.402105467264945275e+02 1.471445256261353904e+02 1.498840350674582567e+02 1.529229119975891535e+02 5.860201737123017551e+01 6.152742744114699036e+01 6.446979827804409524e+01 6.941801100487874976e+01 1.677282869118434974e+02 2.148618322522912649e+02 2.569312253181130359e+02 2.171298380860209818e+02 1.536610348582545384e+02 1.805943831719358172e+02 2.777120109111536976e+02 3.592050060415422763e+02 4.000101437937767059e+02 3.531712887637503968e+02 3.127353059251788636e+02 2.467274492510224206e+02 2.808601168525337926e+02 3.103584216616843605e+02 3.777033545218654922e+02 3.770403480663157438e+02
7.631321084887311423e-01 3.682040873468405362e+00 6.571321252634327870e+00 1.055241969061688820e+02 1.123305338242725924e+02 1.151515570227105911e+02 2.038925807810734625e+01 1.191737304795055223e+02 2.857026036480131026e+01 3.148437339815512104e+01 1.302215654140675554e+02 1.372424346793227699e+02 1.401496929548380308e+02 4.570686641096489922e+01 4.862203014539542778e+01 5.152701146226841189e+01 5.445920052571975134e+01 1.529971693092539908e+02 1.599230924063180908e+02 1.628344239707815575e+02 6.958091706763930517e+01 1.679697922354916670e+02 1.729675191667835463e+02 2.703263607638739927e+02 2.909649676554907956e+02 2.512068095487553592e+02 2.777344272573311628e+02 2.261819851166665103e+02 2.642409135149983967e+02 3.324649219940061471e+02 4.281789626976058685e+02 3.827192136133014060e+02 3.433068347805061649e+02 3.737758181989112813e+02 4.046582117728730168e+02 3.565117615138947258e+02 2.928629493090741107e+02
7.628124041380348608e-01 9.976305864127124323e+01 1.054445624365996110e+02 1.063458324524835064e+01 1.348824478095158774e+01 1.633516935586476748e+01 1.151943541143459271e+02 1.595705770828948573e+02 9.990331782507173841e+01 1.301643281986823126e+02 5.802379945173051823e+01 8.215277325086726989e+01 1.799527194624784272e+02 1.026629021651387603e+02 1.470000616768550117e+02 1.500107029930651095e+02 7.275303690275308099e+01 1.710831487988838262e+02 2.399849227317004079e+02 2.080990764821873142e+02 1.679810286386901907e+02 7.462989019876644647e+01 1.729862925448779265e+02 1.778036273056041807e+02 2.751126983193211686e+02 2.464196269244880853e+02 2.863058071990204212e+02 3.229802233395940334e+02 3.552148499397978867e+02 3.974086348334641343e+02 3.888605606950838478e+02 3.515070469553732551e+02 3.897105426549400136e+02 3.664473048598600826e+02 3.305817878629647453e+02 3.149513003228836965e+02 2.227471420458376770e+02
2.106757229907613160e-01 9.873301293887689667e+01 1.495166222733224402e+02 8.159030246354672045e+01 8.343864566445100195e+01 1.150847571131299674e+02 6.015687019191124563e+01 1.585779832547060266e+02 1.966784132376039054e+02 1.865205395339393988e+02 9.176708663382193265e+01 1.776355184181573463e+02 1.193897044527075195e+02 2.005227739023766560e+02 2.400104469307237309e+02 2.112180406840112994e+02 1.309849250079696503e+02 1.018884725319986302e+02 1.995003108301496013e+02 2.722051624607701683e+02 2.130777947545804523e+02 1.464730944279712048e+02 7.965876427282262284e+01 1.779558596459584408e+02 1.861165282494976339e+02 1.488349262333166223e+02 1.935478943864642929e+02 2.336727167608355273e+02 2.691913094068642636e+02 3.086986745278522335e+02 3.179857655673130807e+02 2.551672123530735803e+02 3.417073003445509585e+02 3.124675794067395600e+02 2.341224041624309109e+02 2.815654190413757192e+02 2.373706865124053422e+02
4.089467787567467871e-01 7.008206487260700612e+01 1.675111706136469820e+02 1.792503928242780944e+02 1.816080803225223121e+02 1.986118815275181646e+02 1.181729998230276664e+02 1.281605170825377229e+02 2.220759345389914188e+02 2.161443610146488936e+02 1.284070861097437160e+02 2.210072087467073061e+02 1.884064265231176876e+02 1.612161169227769904e+02 2.586722694119729340e+02 2.684155703167611478e+02 2.278429647692584012e+02 1.711740529568487830e+02 1.348408512379460831e+02 2.325753033471871163e+02 2.821556026058178190e+02 2.180898725620253344e+02 1.505838519469832875e+02 8.464838494569517025e+01 8.826937112088492654e+01 9.186834522927399860e+01 9.543687238666652206e+01 1.915875085485834290e+02 1.731103052170456920e+02 2.694541706085727810e+02 2.213632299902589864e+02 2.049994349800447537e+02 3.020433101776227431e+02 2.709646908687568043e+02 1.753132870840436226e+02 2.357092435320684274e+02 1.439639293033219474e+02
7.605404438924017185e-01 9.976201191336966190e+01 1.767940691385676644e+02 2.204055310317001783e+02 2.756416422440507858e+02 2.556444404188308397e+02 2.155019231916949707e+02 2.258705922089829983e+02 2.647894936292813099e+02 2.585318286894199673e+02 1.791839379497100992e+02 2.637232032650978226e+02 2.855684918465424289e+02 2.065186277440562037e+02 2.307189525017065534e+02 3.274730436805523368e+02 3.082511133713391587e+02 2.477464430470270429e+02 1.690550964199255475e+02 2.048878660075550329e+02 3.002712030445792379e+02 2.870185138049924376e+02 2.007008496805595712e+02 1.029203573353720884e+02 1.831861588876807048e+02 1.633107788559796631e+02 1.935498086027992315e+02 1.004649141790768141e+02 1.975114029644569484e+02 2.069499537387283397e+02 1.516938964343591465e+02 2.490992306420035334e+02 2.658139064758673271e+02 2.258704184645024213e+02 1.338340491949254840e+02 1.379689210822451173e+02 2.357356558426435527e+02
3.612262887922438326e-01 3.794521909220225098e+01 8.214949802465335438e+01 1.388815371460541712e+02 2.364807335341969008e+02 2.614846029715868667e+02 2.216968669163726133e+02 2.216982636523099757e+02 3.184327190115158146e+02 3.058359645590120977e+02 2.708250322832426491e+02 3.038425416691301280e+02 3.331857091243911100e+02 2.545113712056233624e+02 3.264303180988965210e+02 3.669685915350390815e+02 3.525805787104889077e+02 2.739015663418991835e+02 2.124677285178755994e+02 2.803351655232593203e+02 3.248152971921184644e+02 2.757762155448426711e+02 1.809078859731503712e+02 1.218780934873955601e+02 2.192952197506724303e+02 2.579883099968049578e+02 2.386296156802790733e+02 1.985837062266359965e+02 1.054605851881240284e+02 1.089908590557796657e+02 2.064673378582806720e+02 2.160093449538022696e+02 2.200677421278132613e+02 1.280128569492165127e+02 2.252030978725301225e+02 2.357049187908777981e+02 1.670346683887632366e+02
2.027203060114903810e-01 7.025667357266743807e+01 1.685566228358365493e+02 2.125246931542053801e+02 1.726775333449199934e+02 1.919112713876598377e+02 1.239697681467102655e+02 2.216303360142192389e+02 2.819873962979917792e+02 3.091658721521146163e+02 3.461015298971206562e+02 3.756232322333786442e+02 3.694429873682884704e+02 3.426453147576277161e+02 3.815475273713698812e+02 3.943933031121648582e+02 3.909311210624699697e+02 3.483026195523370916e+02 2.773508154966208963e+02 3.410565502379590157e+02 3.767556815264296688e+02 3.158370334619872324e+02 2.362919748447160657e+02 1.505737387342426814e+02 1.977384492449528466e+02 2.946243729311757988e+02 2.729065060452539910e+02 1.763100348013510086e+02 1.732025059234547939e+02 2.069986725825305598e+02 1.139971902389567333e+02 1.180983843789305467e+02 1.221917998218200410e+02 1.552127463690256093e+02 2.524762151383517335e+02 3.040392720877708257e+02 2.645050468170167619e+02
4.264044037055534364e-01 9.943175629569405771e+01 1.896305154248535132e+02 1.496226448367480089e+02 7.443202232991204426e+01 9.424379185760643907e+01 1.922879966018712992e+02 1.587467903120652011e+02 1.849851916512636478e+02 2.146457410194393276e+02 2.497727058154626150e+02 3.205502069699167578e+02 4.136355024155486149e+02 3.945637608442779651e+02 3.573843216523102342e+02 2.999045838173097422e+02 3.730408998469188191e+02 3.792882882101523023e+02 3.633348725072565912e+02 3.876498641571281496e+02 3.534893476726683161e+02 2.770981172754399608e+02 2.292652100298762434e+02 1.866843119398096746e+02 2.183797382044816402e+02 3.064598015164494313e+02 3.133039130010662348e+02 2.728800976270341607e+02 2.677170796522439105e+02 2.188189488108468765e+02 1.209811454316564436e+02 2.160075177902784560e+02 2.200305757076646103e+02 2.514017339427377067e+02 2.117412371096183961e+02 3.087239054097745452e+02 3.356565401910962123e+02
2.601976539121070298e-01 9.926642074516526293e+01 1.278599176978298004e+02 5.114086977403685097e+01 1.495101014930444023e+02 1.232206609144221972e+02 2.209666048439815711e+02 2.559995549705356837e+02 2.819784376661119722e+02 3.097775300370869900e+02 3.445222080910200475e+02 3.787998866091516561e+02 4.149348265528155366e+02 3.629673038631443092e+02 2.723224043776364738e+02 2.412554033893771930e+02 3.298828225426322547e+02 3.311287508541747684e+02 3.669955989408724690e+02 3.656966716785107110e+02 3.529916242188619435e+02 3.419367046722530858e+02 3.046955430348329514e+02 2.270770756059900748e+02 2.842418875958597368e+02 3.528727888654290155e+02 3.473874536586465069e+02 3.004711787154047897e+02 2.404471715980314173e+02 1.493751933036128605e+02 2.189109599509742452e+02 1.317612834129284636e+02 2.295795427485664959e+02 2.802265334614314725e+02 3.085900187528469019e+02 2.909451059596301548e+02 3.871332773690086242e+02
