output/example/elevation_000004.asc
nrows	50
cellsize	20.0
xllcorner	0
ncols	50
yllcorner	0
NODATA_value	-9999
[rows 17 to 33 of 50, columns 0 to 36 of 50]
9.098509734387574266e-01 7.434970183487214612e+00 -4.173822872530836747e+01 4.087231069591255039e-01 3.145107255503786892e+00 8.527037843897112168e+00 1.360501492623301267e+01 1.695875088252039475e+01 2.046035920236038663e+01 1.242915112795694377e+01 8.391333000365870376e+00 6.646874032752842609e+00 4.482520056492035998e+00 3.207638674309890803e+00 7.175461338930809951e+00 -5.409659144500745143e+00 1.031135983202751660e+01 -2.342523345246647182e+01 1.270532483136113333e+00 6.716115101050589509e+00 1.284901164248405081e+01 1.252652851535441947e+01 8.205643253759539846e+00 5.275827192940689692e+00 7.458731004505982920e-01 6.123095774814076186e+00 3.640104201542567974e+00 1.014665724581266737e+01 7.411150255478524684e+00 1.089423667351725555e+01 1.614348600774375697e+01 1.741470929187283900e+01 8.145431830502324999e+00 -2.616060412113093747e+01 1.111956728169202790e+01 -5.079870648634406649e+01 1.046386301190486989e+01
6.729603419142361487e-01 1.044003244938570241e+01 7.383335962682354925e+00 7.323854892336141731e+00 -4.036185622772799064e+01 -4.609467810525838538e-01 4.538764479638357052e+00 1.400280408609567040e+01 1.581817014674014921e+01 1.020766910010209649e+01 5.630802586602025706e+00 8.978163988996136879e+00 6.996508871739704816e+00 2.576875915889178081e+00 4.846001619109210345e+00 1.377278421152275723e+00 1.517993420700856078e+00 2.880012097768802182e+00 6.836996210468280211e-01 2.191810340686457081e+00 2.991939107787115137e+00 7.620494257159672991e+00 4.692575254789336903e+00 8.937849372885420252e-01 5.217530081600251890e+00 7.912301873693133203e+00 1.084759074881271523e+01 1.042068010320491389e+01 1.406864317276143694e+01 1.277320913916877387e+01 2.039400826184784421e+01 2.101473602539822494e+01 1.351219685873304144e+01 6.878574726494749214e+00 1.382895222811657909e+01 1.109956425982317363e+01 7.335016935793799320e+00
9.500813129397378543e-02 9.928879471232315623e+00 1.553570093675265618e+01 9.605411266700011552e+00 -6.927441235669508046e+01 6.542895607546379555e-01 9.689320392576119545e+00 1.368045754448461437e+01 1.045162865906227978e+01 2.699918031879561919e+00 9.586280023315415733e+00 -2.588104701081643100e+01 4.651909675556557211e+00 1.685251014830881910e+00 1.665088766328304049e+00 -6.841296194385010665e+01 9.373576866947479047e+00 7.678101991917624325e+00 3.022557451293378605e+00 2.769089629096847638e+00 2.531658278138716245e+00 2.777953518709171288e+00 -5.611015876589144469e+00 -7.921641492640717708e+00 2.942545985751325421e+00 3.558550405734802524e+00 8.845658462933032595e+00 1.521704031537510637e+01 2.012428828267583114e+01 2.038438769937748063e+01 2.049932000434384705e+01 2.538060769535579908e+01 2.048045499513905909e+01 1.245770157138855971e+01 1.494167139137563893e+01 1.895085247563616093e+01 1.013842325342724315e+01
5.074168083889973868e-02 7.390390688190115576e+00 1.725493006721142919e+01 1.344180309253687966e+01 5.345958989957271257e+00 9.587407249583577595e+00 -3.445211535524763491e+01 5.296089122154198137e+00 -2.809308115671631523e+00 5.338977006403141878e+00 7.764613497154174704e-01 2.430674053072020335e+00 1.251247099095370574e+00 -1.015076519128709887e+00 1.363183569913751558e+00 8.125760435214715471e+00 1.469699862813542701e+01 1.395499992752661811e+01 4.441234726135916411e+00 3.602713185380558070e+00 5.572036125339089985e+00 2.821120446800386539e+00 3.113231911528772322e+00 5.555155678607841985e+00 3.116061521558032510e+00 3.300451430261365005e+00 7.384173860155705427e+00 1.468500735499593723e+01 1.931944395313655960e+01 2.295892981726097304e+01 2.714445931060367201e+01 2.957571746293843162e+01 2.548945547142519885e+01 2.093046215124124032e+01 2.122667754389318162e+01 2.266610576074932482e+01 1.442365621665218178e+01
2.528005767708579876e-01 7.315594763494784658e+00 1.688148027846266430e+01 1.802651357241521524e+01 1.476695630211130350e+01 8.488880971147459320e+00 6.789362400376522944e-01 8.056149535222241198e-01 4.428285357797695498e-01 8.291392195215961936e-01 1.798984028224574594e+00 -4.002623808141343176e+01 9.502916161151992114e+00 1.047774722795635149e+01 1.548476078787314059e+01 1.840305760920591993e+01 1.953570267919043957e+01 1.487566545003847374e+01 5.880017335322169636e+00 5.042124425814974664e+00 1.273003499328672206e+01 1.116774262465972889e+01 3.812035416390810116e+00 4.936355778956252216e+00 1.261367666950770605e+01 3.094816729452272597e+00 3.207062398722442698e+00 1.046167089953784846e+01 1.209628386585353077e+01 1.721424836147436110e+01 2.490048770517469379e+01 2.774962616875000165e+01 2.987163067529278138e+01 2.986604989667741350e+01 2.866233388894946188e+01 2.698062750155627754e+01 1.985956237217658682e+01
9.791283598286071310e-04 7.069434380265128048e+00 1.669053865882139931e+01 1.997047120809191512e+01 1.495377249015696641e+01 7.809419070595515322e+00 -8.668070684799432968e+01 5.093068804963778895e+00 -8.450401708110123877e+01 8.962901971545132795e+00 9.296954970522193662e+00 2.918177081556744046e+00 6.486369454156048597e+00 1.631190380216599678e+01 2.225201711751254408e+01 2.513418970112993733e+01 1.783023002205408858e+01 1.295093822105632420e+01 7.691510116103528638e+00 1.003022618448517456e+01 1.751206224207431816e+01 1.273191890364822854e+01 6.086490639487278642e+00 4.987309467301535904e+00 8.357564771627227884e+00 4.211576395901364123e+00 3.987030907852257666e+00 6.542984440039544047e+00 1.246025336498665936e+01 1.894921909722602749e+01 2.033182198927542927e+01 1.947358204638281975e+01 2.779161078656017381e+01 2.960992867255398409e+01 3.157567243198929674e+01 3.082024173541442735e+01 2.683375722047643208e+01
4.600753433092569233e-01 7.513788576924286922e+00 1.703482700273690398e+01 1.770446814116044010e+01 8.928722929847346279e+00 4.910436254705367709e+00 2.400341989895650840e+00 6.178363593378571217e+00 3.705732523507059284e+00 1.321878916004135007e+01 1.456502672615737382e+01 5.307050244974046649e+00 5.783773503266287364e+00 1.015638747721590107e+01 1.951387914936585233e+01 2.461624083243938088e+01 1.600552291482243916e+01 9.760774910934264526e+00 9.813681748148006534e+00 1.775496342140662875e+01 2.193578042886028001e+01 1.789486586873389484e+01 1.378202190925385828e+01 6.030228612905233376e+00 6.821502457002221576e+00 1.413474258057321542e+01 4.195831789803602163e+00 4.641666182449930567e+00 2.207448967966645359e+00 1.232302927206274212e+01 1.221498990583459232e+01 2.068537154583307114e+01 2.496155621382032308e+01 2.086151496190666066e+01 2.719171733572856553e+01 3.170574993280254716e+01 3.351757357788276437e+01
5.979472710492108600e-01 7.647134605495640614e+00 1.713070243604919796e+01 2.074643665020319716e+01 1.365609903747003351e+01 3.758441656066354941e+00 4.106070347424945588e+00 1.361395020476795992e+01 7.316757748695420283e+00 1.483604476663323979e+01 1.707947760645999224e+01 1.168272029693120118e+01 8.146953342348012939e+00 1.498190886230853458e+01 2.245750335607127823e+01 2.258612494732837916e+01 1.464982259919543672e+01 1.128277517839263666e+01 1.221593109842903502e+01 2.151790134217164407e+01 2.357775620781052339e+01 1.449181456381502819e+01 7.718858332990226501e+00 7.097735903458123552e+00 1.506916500003622872e+01 1.857212099470411459e+01 1.439441012355926475e+01 5.536854613151211524e+00 7.670522975348736061e+00 6.348379000962673935e+00 1.402810559815452329e+01 1.760068763694055605e+01 1.542799591234092382e+01 1.549187782310183259e+01 2.091144836547106678e+01 2.960341356068770580e+01 3.326579877970803523e+01
1.534601171854249602e-01 7.206578558182525462e+00 1.661377830885863105e+01 2.260974530874673505e+01 1.643575113809482247e+01 5.804117570911797586e+00 6.511323297288831746e+00 1.406013196036853152e+01 1.470612196970499852e+01 1.343499142330887430e+01 2.299841400068546449e+01 1.935577370888502458e+01 1.118883071814571650e+01 1.277737970996914108e+01 2.306471206145710795e+01 2.486177474307543278e+01 1.570304002912135743e+01 1.384952549815692713e+01 1.895694963057895066e+01 2.502153112520520040e+01 2.414155968473388114e+01 1.348867565043100036e+01 4.081464770976385381e+00 8.229715658805055511e+00 1.155337639271959560e+01 9.855697712506614749e+00 1.911129840089203569e+01 1.206412680037199436e+01 5.786488250131923472e+00 6.214621094737806217e+00 6.426355980546583080e-03 1.405125834941167362e+01 1.134005631382158619e+01 1.640896201219717909e+01 2.252702803403284904e+01 2.345268719751285857e+01 3.111253697654829509e+01
1.123418600940028211e-01 8.511753824622761755e+00 1.098556839302957044e+01 1.948809568965106820e+01 2.040194760553474751e+01 1.680761417794792578e+01 9.535343132183371040e+00 1.241671290795505911e+01 2.220178598621286170e+01 1.961248616315033999e+01 2.603551592772405954e+01 2.420399247830106759e+01 1.652222023449298760e+01 2.058784704156319734e+01 2.579120747407795733e+01 2.777318377996401466e+01 2.101437677953360961e+01 1.903231617136916043e+01 2.670446842625436190e+01 2.987617967757144655e+01 2.698141569653691363e+01 2.157380871369322506e+01 1.707479792427281851e+01 1.077309314900052861e+01 9.814552717672453852e+00 1.964937763087306877e+01 2.107759805681972409e+01 1.165087910204390909e+01 1.174453232075632414e+01 6.925661686419896768e+00 9.913523900788868914e+00 1.023646520942458338e+01 1.419009583697501320e+01 1.227451764446595917e+01 1.482704477254495501e+01 2.369389831949710867e+01 2.572053570910716758e+01
2.368195578726151052e-02 3.185915007390828890e+00 8.819384203175109960e+00 1.615223009288390443e+01 2.529239836514900119e+01 2.269912941706308729e+01 1.531399861646989713e+01 1.705637338133136183e+01 2.502009972851142550e+01 2.844676512691967218e+01 3.054817985096628874e+01 2.833888340926189642e+01 2.593680509024081715e+01 2.832711566434556971e+01 3.100100845872120914e+01 3.152156373322474181e+01 2.959560781809828356e+01 2.571832493847741219e+01 3.101144535707066296e+01 3.223742267522928273e+01 2.723487050474340876e+01 1.629462150659321651e+01 1.351615492843788502e+01 6.027470005973375677e+00 1.791566816981595522e+01 2.152655715811086523e+01 2.393021526378064223e+01 1.681129591152667047e+01 2.045594398446640483e+01 1.222269751134480131e+01 7.626420759559011664e+00 9.466343588633813866e+00 5.774313179377330130e+00 1.575282576448713989e+01 1.530610762999541308e+01 1.799418252064531742e+01 2.201664352385976287e+01
6.540601710037032834e-01 9.287299145178959492e+00 1.113500981962276803e+01 1.790631481806607539e+01 2.610551947671569195e+01 2.755578204885999583e+01 2.502617576831145740e+01 2.451035226920530619e+01 2.882692351345110637e+01 3.091348371309178233e+01 3.040176519199911809e+01 2.846674089383174788e+01 2.783490809166760016e+01 2.846827453483421166e+01 3.000556788997268498e+01 2.825173536684724240e+01 3.036207954490847527e+01 3.332035453346009035e+01 3.467560470238063886e+01 3.038293470725377787e+01 2.093321613245457868e+01 1.486892200599810110e+01 1.122767028196062000e+01 1.209003958057755135e+01 1.929498368902009631e+01 2.497639290626714015e+01 2.793025899197241557e+01 2.337286806688515028e+01 2.512648442250956293e+01 2.010336201293208447e+01 9.469997009101074781e+00 8.842888139136823256e+00 1.111039379237339908e+01 2.055870134943027239e+01 2.104389176232837144e+01 2.318241455493075875e+01 2.294881650946735618e+01
4.909850854147627119e-01 3.724293013708219746e+00 1.315065383165379309e+01 1.869006449230029077e+01 2.186592137107638578e+01 2.428952368781751758e+01 3.134716697900513793e+01 3.219589520111515668e+01 3.092190743250436924e+01 2.416540450058210610e+01 2.463606584376565678e+01 2.137970194466858942e+01 2.045457368380256469e+01 2.195726370338618949e+01 2.406168041577570804e+01 1.994507831487858951e+01 2.811470007670345694e+01 3.125864606088359920e+01 3.436973774230414591e+01 3.164545337621649068e+01 2.332201759673990438e+01 1.737554652977195957e+01 1.235047195960453692e+01 9.785536134542430986e+00 1.433630273552724432e+01 2.293453626163587344e+01 2.763461501440164625e+01 3.060482185078285156e+01 2.584749050332606402e+01 1.504525420289953175e+01 6.193767477647223352e+00 9.788733864201308421e+00 1.033125196067289231e+01 1.435473381067496135e+01 1.228568482306975795e+01 2.413490474069947922e+01 2.924178377543222496e+01
3.962370847149454534e-02 6.965499288984143611e+00 6.080263845206309803e+00 9.544892260716075327e+00 1.485498408127213388e+01 2.392951323957956333e+01 3.094390170223762482e+01 2.910636374977934793e+01 2.851104915165496578e+01 2.459689698222822329e+01 1.793408368904383110e+01 1.835154136339215825e+01 1.610232364911331615e+01 1.862166226936309243e+01 1.627911125046800578e+01 1.942358542169537827e+01 2.080126865660597346e+01 2.571417487207227026e+01 3.295557803065249658e+01 3.334197053675583788e+01 3.001593640000870877e+01 2.190070943588527541e+01 1.400040425635037877e+01 1.212937178645470304e+01 1.577652764444214561e+01 1.656945670345689337e+01 2.502533600696466465e+01 3.040260686993356742e+01 2.186926237712109966e+01 1.519485876137610880e+01 1.447664012132370281e+01 1.880845740310619263e+01 1.185571557058430514e+01 1.175279146130496066e+01 1.959174332017799358e+01 2.257204255543592097e+01 2.988432686262657612e+01
2.605283927408929001e-01 2.529542045839115794e+00 8.364883521302607150e+00 9.989100166990802165e+00 1.633330181809923687e+01 2.502522115344354958e+01 2.907583663092976423e+01 2.186360257317224054e+01 2.139164243365100049e+01 2.371259078951528210e+01 1.951654273609210932e+01 1.384027538621076481e+01 1.512225254321161927e+01 1.293633583854581204e+01 1.486497494558405386e+01 1.720668323466989591e+01 2.257628469305258534e+01 2.678051127540188858e+01 3.144649874255042832e+01 3.633760565259716913e+01 3.271566161475823264e+01 2.643077822942428767e+01 2.226621696253950589e+01 1.648746457807622789e+01 1.409595793057853008e+01 2.097217516001260762e+01 2.727212149632766014e+01 3.221975470416762022e+01 2.762268434435672759e+01 2.163228184646850139e+01 2.449827493152569247e+01 1.926916289138478788e+01 8.727984293715119080e+00 1.390417472540652533e+01 1.710573830067263046e+01 2.209136496012500217e+01 2.471096155663277116e+01
3.048053885361223792e-01 8.383317616451758880e+00 1.194273053450535294e+01 1.772753045043676323e+01 1.736058704946110254e+01 2.562723670915153562e+01 2.772087484705536298e+01 2.237451563063709159e+01 1.575844898242843328e+01 1.681393578354392915e+01 1.737857263717311440e+01 1.255663679634290553e+01 1.093159218851515924e+01 1.672115443540373647e+01 1.676546107774850825e+01 2.407704358578708437e+01 2.378164689825899814e+01 3.121655457366290776e+01 3.484148816264244886e+01 3.715866306258828899e+01 3.560332340727445910e+01 3.304450494366149371e+01 2.773028740915984969e+01 2.080556290236273043e+01 1.633303315057988314e+01 1.543831741681547420e+01 2.504660069456401317e+01 3.207559252163601826e+01 3.190501378015000356e+01 2.922429447894354837e+01 2.734063773711851653e+01 1.895671511976830814e+01 1.344288070728077500e+01 1.268292833498641237e+01 1.581355390233537150e+01 1.262036762706111048e+01 1.768953796742677653e+01
5.470844782054917754e-02 4.680301782629281426e+00 1.136781148185201573e+01 2.100635934786825842e+01 2.566753283087923165e+01 2.792999279102733468e+01 2.461901876225813623e+01 1.799891200362660371e+01 1.601349084927029764e+01 1.116684940569703066e+01 1.027187822129464045e+01 8.936293692889321960e+00 1.304025793663370791e+01 1.185730016758238214e+01 2.254849046211540653e+01 2.911588458475132768e+01 3.124882566557521102e+01 3.297483262257661352e+01 3.489951311283269320e+01 3.597941161006182398e+01 3.732381022499613721e+01 3.588186738982904700e+01 3.250502936982112345e+01 2.773382186651928549e+01 1.821277522453615916e+01 1.855567656029440826e+01 1.904162939445678404e+01 2.687891831285752176e+01 3.486127467036152439e+01 3.230587603578468503e+01 2.397187786398986376e+01 1.791595175967303533e+01 2.036424935904206279e+01 1.598203923728654630e+01 1.398343043634718974e+01 1.729158854213405050e+01 1.550243968676709727e+01
