output/example/elevation_000028.asc
nrows	50
cellsize	20.0
xllcorner	0
ncols	50
yllcorner	0
NODATA_value	-9999
[rows 17 to 33 of 50, columns 0 to 36 of 50]
9.098509734387574266e-01 7.920088093794787731e+00 -4.723992965735335474e+02 1.942438816919002387e-01 4.049609408817239853e+00 9.598047447069992799e+00 1.304492353689439099e+01 1.738655392915599407e+01 2.318060987726160249e+01 2.159256353103861414e+01 1.160359761899074904e+01 4.848912691798591190e+00 4.620238000545276336e+00 1.389556544580869435e+01 1.161474223575121556e+01 -4.301514404679481629e+01 1.095917740581829314e+01 1.846041658253271711e+00 2.150402972166236548e+00 9.933509988559215742e+00 1.144777686242517767e+01 1.583600053103756977e+01 1.195568615611593621e+01 -2.935817952911538669e+02 8.144069054942100649e+00 1.398816741678517594e+01 1.291602690470344506e+01 4.107724344460645938e+00 6.909811304194192871e+00 1.530262036616691823e+01 1.637773864999111240e+01 2.260973340985890445e+01 1.639214344499679399e+01 6.641449089973724185e+00 5.390267062993627789e+00 9.921289747847628959e+00 1.998623221247847681e+01
6.729603419142361487e-01 1.067296034190775345e+01 6.333503778938140982e+00 1.010422351525747153e+01 -3.622724561890447035e+02 5.292446943611508470e-01 2.922330324930088707e+00 8.988153049035545905e+00 1.902291397346752433e+01 2.097551250912532694e+01 1.520443198436240273e+01 8.314796911455719197e+00 3.189489639975399360e+00 1.094256922826136602e+01 9.956344311982705975e+00 1.821910940893287645e+00 2.021027123343833942e+00 -2.639077136374892802e+02 9.553235706586482578e+00 -4.715011674187105086e+02 1.289599030886711128e+00 8.056335629920523544e+00 7.931676452069268635e+00 -2.817936945768477131e+02 1.164514070822384184e+01 1.852364457403740161e+01 1.945304459438516886e+01 1.574521714885081280e+01 1.356105864365168046e+01 1.489376340335469351e+01 2.544323912564717105e+01 2.505110046046656080e+01 1.489528822214170489e+01 9.648956016246804879e+00 8.008315467114087483e+00 8.680734765699677169e+00 1.541861888771601130e+01
9.500813129397378543e-02 1.009500813128935448e+01 1.626555844785779215e+01 1.006621162178361395e+01 -5.806684292289849054e+02 5.464790768915928076e-01 6.476703102820685842e+00 1.409756710422822401e+01 1.994764314784923798e+01 1.683048857866277004e+01 6.822198959440338051e+00 -5.611421334922775941e+02 6.351628032281056768e+00 -4.307483807962520359e+02 8.836074318692112683e+00 -8.793132972635567057e+01 7.593209472908969637e+00 5.449311064455716114e+00 1.194808077999735474e+01 -1.583807691560016906e+02 2.242910647820165249e+00 8.088413341514481658e+00 9.522939514401837613e+00 2.598674008233058164e+00 1.230786663890850896e+01 1.646114617408001379e+01 2.025305619905360999e+01 2.450175798777646818e+01 2.440060136797159629e+01 2.570646547919713498e+01 3.008866738148647357e+01 2.684425649170227146e+01 1.662201006778016321e+01 1.384433585317576387e+01 1.678731775707210261e+01 1.119330480442483555e+01 1.569460984292778960e+01
5.074168083889973868e-02 7.121809492704385569e+00 1.712180949272613617e+01 1.444144374362975825e+01 5.907927630245419337e+00 1.024972354547671571e+01 -1.512762884570658457e+02 1.026913454601699272e+01 9.976536711509481847e+00 1.072903703128128150e+01 9.897960117057122531e+00 5.589195307613058494e-01 1.137069632858511259e+00 9.088189369403061324e-01 1.702676668624873990e+00 8.468042377054995740e+00 1.561869840118897557e+01 1.348913300537680904e+01 1.567323755109358530e+01 5.498145546138886175e+00 3.772348190856067873e+00 -1.146147404664200735e+02 -3.951547521992281986e+01 2.015325863925121030e+00 -3.415496440920854582e+01 7.955320286854687062e+00 1.042095875465038901e+01 2.034055481359024142e+01 2.416260610061603842e+01 2.850764938281009364e+01 3.431642194298378001e+01 3.104144931720077238e+01 2.684425669335437092e+01 1.974365302299186808e+01 2.479460704449668285e+01 1.477612632080514210e+01 1.457995237153068402e+01
2.528005767708579876e-01 7.323868388636320503e+00 1.732386838862345257e+01 1.977541066401985148e+01 1.567737343072704803e+01 1.384213443524723530e+01 8.480653142631368269e+00 -9.029733785352432562e+01 8.084687148263505208e+00 -2.707909710591453063e+02 9.221109799802626128e+00 -2.832386217403770274e+02 8.507411846829263879e+00 -6.950326674936814015e+02 9.661409773841377557e+00 1.566197309359824175e+01 2.260341603348696538e+01 2.069851278241318226e+01 1.059144917036631384e+01 6.327204499172244923e+00 9.164615688912169489e+00 7.969749170853329012e+00 1.125344927765277170e+01 2.872407994968389833e+00 4.743675786626960544e+00 3.461278995952436599e+00 1.213509178143129752e+01 1.646668063291255990e+01 1.433562167552788580e+01 2.008789315048067436e+01 3.013084751277203566e+01 3.216467943630241422e+01 3.418983100030191480e+01 3.001107298502882514e+01 2.934583644145742554e+01 2.060822140433129235e+01 2.056603405374691107e+01
9.791283598286071310e-04 7.072046940225290790e+00 1.707204694021449853e+01 2.201133360910997183e+01 1.200714701308727861e+01 4.930335783619387513e+00 -4.559250009899286624e+02 1.886330693561530936e-01 7.435830280440687279e-01 -3.054859387911879054e-01 9.807496678462038764e-01 7.246204832692930253e+00 1.514471727749324792e+01 9.697503618408118697e+00 8.321587316766892783e+00 1.831376654519923264e+01 2.544812823639732713e+01 1.539450762875187628e+01 8.617445573029575812e+00 8.066728188544759703e+00 1.808319644304635077e+01 1.504004676169559396e+01 1.718300064378744807e+01 8.366926751387417482e+00 3.185202047672062164e+00 3.334389210566323314e+00 9.558918045336534774e+00 8.586390256077779171e+00 1.333028501891145190e+01 2.332278371074848167e+01 2.287138155683508955e+01 2.219914641164371361e+01 3.216467943630358661e+01 3.552504152471762922e+01 3.527545359003424608e+01 3.094623405662828830e+01 2.800434311071783355e+01
4.600753433092569233e-01 7.531143155174719439e+00 1.753114315515974297e+01 2.494113532103840214e+01 1.493730542492272129e+01 1.275795837737673821e+01 6.441753770302447002e+00 -2.200745966078448248e+02 7.983055410740734992e+00 -6.062152766617462021e+02 7.228556488707292615e+00 4.243098643553958382e+00 9.155219063003421809e+00 1.912417853476272001e+01 1.831376655265367148e+01 2.245704335273135399e+01 2.522632339543702074e+01 1.521008287040382712e+01 1.079724130996145171e+01 1.500782144097529347e+01 2.224028575883730952e+01 2.504769309627959117e+01 1.942409797767264479e+01 9.472681528054335942e+00 7.970530727305377816e+00 3.440779542330500540e+00 4.162879091423031142e+00 1.114630359997105380e+01 1.825297547912102303e+01 1.661811523610697350e+01 1.441305948559977423e+01 2.287138155688838026e+01 2.557492371019423061e+01 2.556631885237961299e+01 3.051171918663394322e+01 3.469116028475836089e+01 3.841207055556608907e+01
5.979472710492108600e-01 7.669015082914673265e+00 1.766901508289822686e+01 2.446629910375058969e+01 1.444858105127979009e+01 7.371598210030912313e+00 3.620922339115153488e+00 4.433227165950536452e+00 5.174478696370194086e+00 8.694568865726537865e+00 1.487286874018611016e+01 8.984460100826494156e+00 8.019193869916247053e+00 1.303115553507077173e+01 2.303065502943750431e+01 3.094569518703478295e+01 2.088105073464231154e+01 1.404775384345900768e+01 1.351587045920664920e+01 2.343510196310655402e+01 2.921899147448896983e+01 2.935394146091725176e+01 1.942409881419903428e+01 1.846362215901629256e+01 1.346856821259578219e+01 -2.035023311203520180e+01 6.548761951234144618e+00 2.355669881355450634e+00 1.222500959618453997e+01 9.078439740774326694e+00 1.404948969650965118e+01 2.330587912121922400e+01 1.565685152302179262e+01 2.091233192332689228e+01 2.052970625969521024e+01 3.051171923369575723e+01 3.689757281483814211e+01
1.534601171854249602e-01 7.224527929050887032e+00 1.722452792903268914e+01 2.536832959555604816e+01 1.881846095684305453e+01 8.851793113533272361e+00 6.143034849816556786e+00 1.194042190810386828e+01 9.933795715847752561e+00 1.095298624125571685e+01 2.076945958915390733e+01 1.879094208501733476e+01 1.109100819189190190e+01 1.303193438126064407e+01 2.282770906696740099e+01 3.106843791120275711e+01 2.100450034621622208e+01 1.761213697184726001e+01 2.050909222980552471e+01 2.776906464651233009e+01 2.996111369090721155e+01 2.571116067466174471e+01 2.715950846208356495e+01 2.387641713792458376e+01 1.710510417270776884e+01 1.221462903125039645e+01 4.506427888178578200e+00 4.322063130999977965e+00 4.918890380429375320e+00 7.753755658798940686e+00 1.592349629541441303e+01 2.124343669223891595e+01 1.646876363990495307e+01 1.355444527201845517e+01 1.946383228800721810e+01 2.271230488763747957e+01 3.271451568074092364e+01
1.123418600940028211e-01 8.576861277762402480e+00 1.122077700863350813e+01 2.122444257330523598e+01 2.294099267813775000e+01 1.863063429687047190e+01 9.297093417916697078e+00 1.629132844373210176e+01 1.992128674313969583e+01 1.672946924484127607e+01 2.510407794144825289e+01 2.525184234694487273e+01 1.687212934120237051e+01 1.879789762117383489e+01 2.716871636273673118e+01 3.523803090591052722e+01 2.584102227468284596e+01 2.460414083538170260e+01 3.060067828115534283e+01 3.250143835753139854e+01 2.557592370789678782e+01 1.566309725546414988e+01 1.674027379754156186e+01 2.123670228134201565e+01 1.202871640040030599e+01 6.504782477926762674e+00 5.483739045134272239e+00 1.010615320154271224e+01 5.100040706826300507e+00 5.558840185814954538e+00 1.453597336696912734e+01 1.213167909464848293e+01 1.086575932970032632e+01 1.559543418760031130e+01 1.463493472492106129e+01 1.990401232076704119e+01 2.986583655599434195e+01
2.368195578726151052e-02 3.185959615955637592e+00 8.784214724933866236e+00 1.586674954964082929e+01 2.585333410644933139e+01 2.347999989664532450e+01 1.397495080103515264e+01 1.563681362493538529e+01 2.548354890485230229e+01 2.673441297136824701e+01 3.088170330418483900e+01 3.103298909261496163e+01 2.689090439640953889e+01 2.880019303328790414e+01 3.294372714214213005e+01 4.007471249281266523e+01 3.591211280303657816e+01 3.468957588192447616e+01 3.544759050195121830e+01 2.517806564244120437e+01 1.814229550415496917e+01 1.444685153339496786e+01 1.207946504353223993e+01 1.506214788958945228e+01 1.026068456368087389e+01 6.474062259679746134e+00 7.434173416995332850e+00 1.712465808108422749e+01 1.383462120402505668e+01 6.050201764692751283e+00 6.755016375592227007e+00 8.350100077969411672e+00 1.234201190780101420e+01 2.050611660556622340e+01 2.002625413262967768e+01 1.990445701371516307e+01 2.611448979928808711e+01
6.540601710037032834e-01 9.286690973972792307e+00 1.121583737326249697e+01 1.828566305215653998e+01 2.827760538973009474e+01 2.816210279719994247e+01 2.399638999193545530e+01 2.271535488802821945e+01 2.982527289791712732e+01 3.312608203758792058e+01 3.112567459372225542e+01 3.184973612083741301e+01 3.474143798834639085e+01 3.629357105033887620e+01 3.316987126290246835e+01 3.435389104881136291e+01 3.842215798587950104e+01 4.249798568453419279e+01 3.255409224558231074e+01 2.536860660895162312e+01 1.953293995399515026e+01 2.108882611784506977e+01 1.491588987507962827e+01 9.036336226117883896e+00 7.479688776561016716e+00 7.516269754307019824e+00 1.772345619811396489e+01 2.316143241262183849e+01 1.669190892767726453e+01 6.524812507235501435e+00 6.558700996134112948e+00 6.807040413886392471e+00 1.429537602192066359e+01 2.411664270633223595e+01 3.001584812348355769e+01 2.857513789197187748e+01 2.803498481835601197e+01
4.909850854147627119e-01 3.339429299269134788e+00 1.281185787035987822e+01 1.814528632115068163e+01 2.016300528121705682e+01 2.617931786369979719e+01 3.087410144139637680e+01 3.274241343023920336e+01 3.312608203758816927e+01 2.322597286477498102e+01 2.121423706931264519e+01 2.195592886579969871e+01 2.485375776497528832e+01 2.647806906254261250e+01 2.334086000020888818e+01 2.455987002324403790e+01 3.316190657590671975e+01 3.863349060914396205e+01 3.882646654859554758e+01 2.928614074888702490e+01 2.857767654137618862e+01 2.611870482913955982e+01 1.819445309991661119e+01 8.342485774157568201e+00 7.905894201430584189e+00 1.450067395168468032e+01 2.204770964618643347e+01 2.674112648474269704e+01 1.670770892367648486e+01 1.196213348008180866e+01 6.926055699726602732e+00 7.471947472643808652e+00 1.643814496761771693e+01 2.147174692344742297e+01 2.436347927389192236e+01 3.449216330150679255e+01 3.808817700890110558e+01
3.962370847149454534e-02 7.119161550365680213e+00 5.636963978912254092e+00 8.485551661883585339e+00 1.224997499204273588e+01 1.672674051978868803e+01 2.380177477698169142e+01 3.380299983648173168e+01 3.112837898882936827e+01 2.122669024842067031e+01 1.504634701451240808e+01 1.486441090671546306e+01 2.374182618529386701e+01 2.145020927859297899e+01 1.654857944866292030e+01 1.929184364091679527e+01 2.500422590183077176e+01 3.466065102729646696e+01 3.847461989017057249e+01 3.119170864262663301e+01 2.621716440339612575e+01 2.155033436381586043e+01 1.077126463692064995e+01 9.582582277668871384e+00 1.608808271947893687e+01 2.243675707398610442e+01 2.866348901600654031e+01 2.737419783970223364e+01 1.745907983842785782e+01 1.191130774376308210e+01 1.254092101713487573e+01 8.224870166743061262e+00 8.965329791892909128e+00 1.447913041189388217e+01 2.388484332847554370e+01 2.824638953363802329e+01 2.918800197772767646e+01
2.605283927408929001e-01 2.392535556296998323e+00 9.289552788221328683e+00 7.679567308085488264e+00 1.239967520932734146e+01 2.219710469029459432e+01 3.087410151864348151e+01 3.413064148569777245e+01 3.001810625663608079e+01 2.474313341151229295e+01 1.471860896134023022e+01 1.144109102173976567e+01 1.535331123907424811e+01 1.440317552072620444e+01 1.680468683530706286e+01 1.889256553956921181e+01 2.479341630932574603e+01 3.405975536389151870e+01 3.396426920676896088e+01 2.213687121708856864e+01 1.602307199721239783e+01 1.282407250065760351e+01 1.030351241069240764e+01 1.087828620008058955e+01 1.445915853655064787e+01 2.488651464567946903e+01 3.047489498503147587e+01 3.155888192379890711e+01 2.588917252999664598e+01 1.739697275105744367e+01 1.932519201772731066e+01 9.698831376319091646e+00 9.227043162873151516e+00 9.965995023236061456e+00 1.970500653701979488e+01 1.831342907009912935e+01 1.925977236946870619e+01
3.048053885361223792e-01 8.947206421611062055e+00 1.653469032834724572e+01 1.593803875828655769e+01 1.472819302325018853e+01 2.471498487153688117e+01 3.458869035877724230e+01 3.001810088939822663e+01 2.005655530607705828e+01 2.141354111830253970e+01 1.967346340049559927e+01 1.056849509890076000e+01 1.152700914010466171e+01 1.731866018895847503e+01 2.655823408204827984e+01 2.712344936392471695e+01 2.592843964789470235e+01 3.574344829694983616e+01 3.471507643710884139e+01 2.226723256934873163e+01 1.573276518391506329e+01 1.484719206391841873e+01 1.576064158353054978e+01 1.442535139518646403e+01 1.322390567659716254e+01 1.610478859867015800e+01 2.617905548063493271e+01 3.275327015765311245e+01 3.151847065970711625e+01 2.732945334771119050e+01 2.347024433006599509e+01 1.706400193440679303e+01 9.721153697848052389e+00 1.046409878417623496e+01 1.243192403855957551e+01 -8.484128259892563051e+01 1.371234159751707260e+01
5.470844782054917754e-02 4.526844402820135116e+00 1.030034709471641108e+01 2.030034709478479371e+01 2.471498487153800028e+01 2.885742162863582294e+01 2.834729673113772819e+01 2.057167187902906136e+01 1.884726590927386169e+01 1.293625371310261940e+01 9.834817146363047158e+00 9.124715570918224827e+00 1.846300240780677981e+01 2.568463982732759376e+01 2.558392723589544815e+01 2.969799530290166345e+01 3.574344830205523493e+01 3.980457060233773348e+01 3.927200673735787007e+01 3.217223901110858009e+01 2.663311573645552599e+01 1.935370412735080947e+01 2.511465043907204731e+01 2.268978573035716551e+01 1.611963305285760129e+01 1.581168385422598632e+01 1.873285262970566833e+01 2.571060608510875767e+01 3.563593777106439120e+01 3.225089904792854156e+01 2.223969691606402677e+01 1.526873443069148628e+01 1.756909282522031646e+01 1.274097930905116272e+01 1.171280315785437232e+01 1.242742578834819689e+01 1.328078429298044583e+01
