output/example/elevation_000003.asc
nrows	75
cellsize	133.333333333
xllcorner	0
ncols	75
yllcorner	0
NODATA_value	-9999
[rows 51 to 67 of 75, columns 37 to 73 of 75]
3.000266430332097798e+02 3.000545893481053668e+02 3.000429425706534516e+02 3.000382401215435380e+02 3.000090814526629401e+02 3.000118705136278550e+02 3.000566264079796497e+02 3.000551697217502465e+02 3.000181766754756723e+02 3.000959142032918976e+02 3.001511822389150552e+02 3.002452663571634730e+02 3.001682660985459279e+02 3.000763200209396473e+02 3.000595951958908927e+02 3.000941759942874114e+02 3.000987583971518120e+02 3.001224531143699892e+02 3.001060986003167272e+02 3.000521907700445468e+02 3.001349387740773409e+02 3.001387696610333364e+02 3.001208118531934019e+02 3.001385709919589999e+02 3.001506945683855747e+02 3.001497088414621999e+02 3.000522241233507543e+02 3.000172061388259408e+02 3.000187461890259328e+02 3.000158093941283255e+02 3.000490668431600056e+02 3.000402264169999853e+02 3.000045066040024722e+02 3.000229913607633989e+02 3.000478801161210072e+02 3.000024257175257389e+02 3.000036523101957187e+02
3.000750895438102930e+02 3.000316185799065920e+02 3.000605107340381892e+02 3.000275695717697317e+02 3.000372797642378373e+02 3.000333510298443684e+02 3.000127107927781367e+02 3.000125144515576494e+02 3.000144356011572881e+02 3.000245851526631213e+02 3.001031791953742527e+02 3.002102682699461980e+02 3.001736204276908779e+02 3.000934630485244838e+02 3.000437656542899276e+02 3.000763797638471715e+02 3.000537114457362122e+02 3.001185546535289177e+02 3.001561781729851077e+02 3.000733098984799767e+02 3.001287909415669901e+02 3.001480568322494946e+02 3.001037965824460798e+02 3.001312270013743841e+02 3.000955590900456400e+02 3.000775866385480981e+02 3.000322108839292810e+02 3.000373764253988043e+02 3.000158347075672509e+02 3.000430758146389962e+02 3.000844188383995856e+02 3.000437541489019964e+02 3.000070747979836483e+02 3.000607518516898153e+02 3.000306927065506102e+02 3.000365749563035820e+02 3.000115867227605690e+02
3.000298004570378225e+02 3.000734693513072671e+02 3.000306002402376180e+02 3.000635871152421146e+02 3.000848172913742360e+02 3.000378375181133492e+02 3.000124478315395322e+02 3.000268833219693079e+02 3.000649452262032355e+02 3.001030788491926273e+02 3.001363981041688476e+02 3.001033693143859864e+02 3.001025324082626753e+02 3.000439252997052790e+02 3.000437096808288402e+02 3.000756681836728603e+02 3.000339734402271006e+02 3.000813215292929499e+02 3.001238679002909180e+02 3.001469745463729168e+02 3.001369870800223225e+02 3.001490592111558726e+02 3.000673131631963884e+02 3.001003203032046827e+02 3.001027103562966545e+02 3.000626066824918325e+02 3.000875372102065626e+02 3.001263876347488804e+02 3.000623881253190461e+02 3.000362568588716954e+02 3.001075635999359292e+02 3.001022831242538018e+02 3.000367228798592123e+02 3.000166924588888264e+02 3.000395819110470370e+02 3.001097146110986955e+02 3.000582434808920880e+02
3.000336658808770949e+02 3.000617781608637529e+02 3.000299282973310255e+02 3.000039237073422669e+02 3.000369443127260070e+02 3.000548440478441421e+02 3.000317784868337867e+02 3.000136097169095137e+02 3.000333936352297997e+02 3.001212132144895577e+02 3.001222354873045788e+02 3.000738292501735600e+02 3.000495805047293629e+02 3.001017272140063028e+02 3.000738782907292830e+02 3.000581591872008289e+02 3.000339541975066595e+02 3.000540543723674318e+02 3.001465829539210972e+02 3.001294291167901633e+02 3.001016660234531059e+02 3.001074459501095930e+02 3.000857011984973042e+02 3.000574751603897425e+02 3.000758958765391071e+02 3.001145946846783090e+02 3.000738086423369850e+02 3.001382731646814932e+02 3.001285840720264559e+02 3.001410329518193976e+02 3.001242447559406514e+02 3.001699715947631262e+02 3.001140627210425009e+02 3.000326433605569036e+02 3.000334447139318286e+02 3.000998122414359273e+02 3.000580661088237093e+02
3.001005393908013161e+02 3.000708366179571840e+02 3.000078035453854000e+02 3.000438259783054491e+02 3.000034525182805396e+02 3.000411612177813936e+02 3.000763357491900365e+02 3.000622547772379676e+02 3.000554269584987424e+02 3.001501313691588280e+02 3.001129681549831503e+02 3.000745193021159025e+02 3.000962946769859059e+02 3.000741963867768050e+02 3.000725925209530942e+02 3.000540123456821675e+02 3.000343249006807582e+02 3.000777779768704363e+02 3.001104766773119081e+02 3.000771321149509276e+02 3.000224681954657058e+02 3.000764021761034996e+02 3.000537999176400490e+02 3.000509119046866431e+02 3.000909108656080662e+02 3.000799552078132706e+02 3.000385751522937312e+02 3.000881808234790356e+02 3.000585359867160946e+02 3.001271362249820527e+02 3.001449614086339466e+02 3.001507887480665318e+02 3.001666426598787893e+02 3.001120566653903552e+02 3.000526084926152066e+02 3.001464744473313431e+02 3.000872077261602726e+02
3.000940138055744342e+02 3.000257126949950361e+02 3.000700596845927066e+02 3.000412517405614494e+02 3.000034405414836556e+02 3.000034256428048138e+02 3.000094449141124642e+02 3.000617641631602623e+02 3.000415402242150549e+02 3.000721783515924699e+02 3.000765042534792428e+02 3.000417124973041041e+02 3.000944533009768520e+02 3.000978829239479637e+02 3.001042541361459826e+02 3.000400252524845541e+02 3.000442299751732662e+02 3.000487639436947802e+02 3.000694138066646133e+02 3.000202514412366668e+02 3.000181065381819394e+02 3.000371196613471056e+02 3.000336153637413759e+02 3.000556035563173509e+02 3.000890705870342003e+02 3.000385559256641841e+02 3.000381125993158662e+02 3.000393201773039777e+02 3.000902476392466269e+02 3.001483448598252153e+02 3.000918630596238472e+02 3.001442655778884046e+02 3.001220979973056728e+02 3.001428458062558207e+02 3.001551826805798555e+02 3.001607540461520216e+02 3.001260958309293869e+02
3.000683263152834002e+02 3.000835943340553058e+02 3.000967250881551536e+02 3.000426700846718973e+02 3.000046564538180860e+02 3.000508603526062075e+02 3.000777670987621377e+02 3.000280784510601393e+02 3.000643606125611313e+02 3.000503561786043178e+02 3.000366874915018798e+02 3.000575151032016947e+02 3.000562110928900097e+02 3.000843034609192728e+02 3.000411358035716489e+02 3.000380947336522581e+02 3.000380294245538835e+02 3.000642177466328349e+02 3.001110197451715749e+02 3.000599841979073403e+02 3.000181615280940832e+02 3.000187313895909824e+02 3.000650813380008799e+02 3.000575619392397471e+02 3.000893223263511231e+02 3.000391749896759848e+02 3.000381122784114041e+02 3.000769293345777555e+02 3.000880688737610171e+02 3.001153325444176403e+02 3.000877176719317276e+02 3.001050223962784571e+02 3.000886555406073057e+02 3.001469612280861838e+02 3.001782648058886025e+02 3.001245932216897927e+02 3.001480706316341411e+02
3.000411426905514531e+02 3.001287792940100871e+02 3.001125217043827433e+02 3.000386168075527280e+02 3.000696319915225558e+02 3.000805755949548370e+02 3.000437770308126915e+02 3.000685852166293444e+02 3.000814359230544710e+02 3.000480327697993062e+02 3.000787709097027118e+02 3.000305904221798983e+02 3.000356188547137322e+02 3.000818693375779276e+02 3.001126777428581249e+02 3.000875309261428470e+02 3.000430907086930574e+02 3.000695287902347559e+02 3.000808829291872826e+02 3.000730615659579144e+02 3.000257687499615713e+02 3.000494061284008467e+02 3.001308453649868397e+02 3.000826376445465371e+02 3.000821847725347880e+02 3.000385391137413080e+02 3.000717367054896840e+02 3.000508842192754173e+02 3.000860305685831122e+02 3.001166377516620969e+02 3.001023758083927646e+02 3.000869108543784023e+02 3.000869180274982000e+02 3.001140720752245556e+02 3.001625792768776364e+02 3.001135260305867973e+02 3.000660004179185307e+02
3.000743515756795432e+02 3.000465902053437617e+02 3.000698894315117400e+02 3.000593214095763415e+02 3.000601942647774081e+02 3.000392254126790590e+02 3.000253883764720513e+02 3.000928758650453574e+02 3.001341870639509466e+02 3.000852352576641806e+02 3.000706447707206053e+02 3.000249369899979683e+02 3.000487787776357322e+02 3.000817502074452818e+02 3.001755374379039267e+02 3.001351212078793651e+02 3.000943176816942923e+02 3.000555654690873553e+02 3.000832571088390637e+02 3.000991779208050048e+02 3.001049213510905247e+02 3.000956148451883223e+02 3.001563296759027253e+02 3.001835084673208485e+02 3.001331836854016046e+02 3.000428442699716811e+02 3.001073977184152000e+02 3.001099350383146316e+02 3.001394188631121551e+02 3.001615987271226231e+02 3.001495444219833644e+02 3.000959687652080561e+02 3.000868555182695445e+02 3.001089135026850272e+02 3.000528693565870526e+02 3.000787199158800718e+02 3.000161243824234703e+02
3.000303062446137119e+02 3.000042503766958362e+02 3.000058251456076164e+02 3.000411607724936971e+02 3.000152844607171687e+02 3.000152911017567021e+02 3.000560499207114162e+02 3.000758315141250137e+02 3.001241469223519971e+02 3.000765638194656049e+02 3.000625410952504240e+02 3.000224873955472731e+02 3.000227560288957420e+02 3.000273980807028238e+02 3.001014913229399781e+02 3.000924017128574519e+02 3.000665335367660305e+02 3.000641267589353447e+02 3.000636912169514403e+02 3.000964710772045123e+02 3.001237081417343120e+02 3.000872200439619633e+02 3.001291438835268650e+02 3.001697579203139412e+02 3.000902695753733269e+02 3.000920883959796015e+02 3.001436937311218571e+02 3.001461795846933001e+02 3.001178983461081202e+02 3.000766325261313909e+02 3.001232447724403301e+02 3.001277329065108006e+02 3.000877712514254654e+02 3.000939443003444467e+02 3.000540852268145500e+02 3.000098160018944782e+02 3.000093619914841838e+02
3.000061814580074611e+02 3.000042623528799481e+02 3.000461274809632073e+02 3.000982030721473279e+02 3.000353740242960612e+02 3.000493504092372632e+02 3.000162107019168616e+02 3.000332242469036146e+02 3.000542766601199673e+02 3.000586147118756344e+02 3.000869375970583519e+02 3.000552547046656287e+02 3.000823001805388799e+02 3.000800722293938634e+02 3.000636886339798366e+02 3.000783104550899338e+02 3.001007100984440967e+02 3.001106949576122247e+02 3.000656368844810800e+02 3.001045382139963067e+02 3.001466166162135210e+02 3.001127637397386820e+02 3.001051216467815266e+02 3.001378656582198801e+02 3.000794196302051660e+02 3.000802390047151675e+02 3.001188748147981755e+02 3.000414816207140234e+02 3.000626851647463127e+02 3.000236863624633656e+02 3.000362074841062281e+02 3.001385156913544847e+02 3.001086054129115723e+02 3.000950563478332356e+02 3.001186675572802756e+02 3.000506439365849474e+02 3.000094111801070085e+02
3.000515171994683783e+02 3.000076674222585780e+02 3.000682567969807337e+02 3.000623189324918485e+02 3.000933085612962259e+02 3.000314446178878143e+02 3.000194037252284716e+02 3.000761093389767780e+02 3.001031748282420608e+02 3.000579578906152847e+02 3.000903050358578525e+02 3.001237809806257246e+02 3.000369851959540597e+02 3.000205797420929912e+02 3.000116105584559705e+02 3.000354182685438786e+02 3.000605701476562786e+02 3.000958413565807064e+02 3.001043116899617189e+02 3.000978417652821690e+02 3.000810593458165272e+02 3.001005107047784009e+02 3.000585633930841709e+02 3.001020311514271270e+02 3.001029429852565613e+02 3.000334033560291118e+02 3.000559841622734893e+02 3.000211879968486528e+02 3.000212045490593482e+02 3.000396726667113967e+02 3.000320392059545043e+02 3.000780858672370073e+02 3.000758401907768871e+02 3.000325415240788516e+02 3.000631361643702917e+02 3.000114951338348419e+02 3.000129351194049150e+02
3.000890104836803971e+02 3.000544809861010549e+02 3.001116468143284237e+02 3.000777071774214733e+02 3.000916008949436673e+02 3.000284949936507246e+02 3.000309554886606520e+02 3.000278508064932339e+02 3.000628133122378358e+02 3.000504948423679252e+02 3.000838762252685683e+02 3.000916824833907413e+02 3.001112147683123226e+02 3.000568009718292615e+02 3.000272262905972411e+02 3.000061273569880314e+02 3.000080784651559043e+02 3.000201868649015182e+02 3.001184420700721489e+02 3.001251673289395967e+02 3.001168263963796221e+02 3.000589272711490594e+02 3.000575945199800003e+02 3.001043312955816873e+02 3.000998008904560947e+02 3.000620909231231508e+02 3.000218663388874916e+02 3.000211983080366167e+02 3.000556060374267418e+02 3.000406697836379522e+02 3.000196459110966885e+02 3.000493029664925757e+02 3.000622956546777118e+02 3.000612205077665635e+02 3.000174794965765273e+02 3.000718126275848476e+02 3.000486204073559975e+02
3.000961610436038427e+02 3.001343616552853177e+02 3.000840470897493901e+02 3.000640178600594368e+02 3.000644716023378464e+02 3.000646354115537520e+02 3.000180427228239637e+02 3.000182487752358611e+02 3.000196636617919808e+02 3.000712173997737295e+02 3.000926441549211745e+02 3.001120424699922751e+02 3.000582429759438128e+02 3.000655375165313217e+02 3.000172449917972131e+02 3.000058952642554573e+02 3.000113081027756152e+02 3.000855759749044296e+02 3.000863245893024214e+02 3.000554227964206007e+02 3.000778332847586967e+02 3.000573942174187891e+02 3.000941821486310914e+02 3.001443818631681211e+02 3.001200049890072705e+02 3.001228500624563367e+02 3.000895776665614676e+02 3.000231207536613169e+02 3.000791481874945248e+02 3.000759642144873283e+02 3.000198629638991861e+02 3.000402480193781685e+02 3.000834489396845015e+02 3.000290413131813807e+02 3.000775204358870383e+02 3.000318850926593655e+02 3.000660982492996709e+02
3.000357516204434205e+02 3.000634970769793881e+02 3.000327977289834962e+02 3.000761521877238920e+02 3.000608123607275957e+02 3.000198742081827845e+02 3.000584531877591417e+02 3.000617983714718662e+02 3.000337758112183906e+02 3.000990747260809144e+02 3.000993290361266190e+02 3.000693117094066338e+02 3.000443295993291599e+02 3.000664796775230911e+02 3.000159665070712549e+02 3.000058993238253606e+02 3.000331027032003135e+02 3.000346001638644111e+02 3.000424697697923762e+02 3.000441667909828425e+02 3.000899383197908605e+02 3.000922824441872194e+02 3.001302622477882664e+02 3.001511441259027038e+02 3.000718789381931515e+02 3.000463552053004719e+02 3.000589826065756824e+02 3.000535117765912787e+02 3.000835338363749543e+02 3.000515368906583262e+02 3.000241762761068003e+02 3.000742234385092502e+02 3.001000826327212962e+02 3.000394911896373173e+02 3.000906160295501195e+02 3.000512289459258568e+02 3.000411637630967334e+02
3.000616820457410086e+02 3.000326862054223511e+02 3.000725386431311676e+02 3.000351871239337811e+02 3.000670621985552202e+02 3.000409243683444060e+02 3.000875202859016895e+02 3.001484732943222866e+02 3.001106246939079369e+02 3.001436216424240229e+02 3.001067807050768579e+02 3.000452418306604727e+02 3.000793646854999679e+02 3.000648129308087846e+02 3.000104041594566979e+02 3.000442062218641581e+02 3.000345997837988534e+02 3.000478377083443888e+02 3.000737882549489655e+02 3.000541787708661445e+02 3.000920782236580067e+02 3.001110208475139416e+02 3.001335728064798332e+02 3.001250362212371101e+02 3.000925897995510354e+02 3.000433499075291479e+02 3.000440188301380999e+02 3.000761281618674161e+02 3.001012276046155307e+02 3.000663632706235262e+02 3.000893658445927485e+02 3.000857133967999744e+02 3.001027642706069969e+02 3.000837670533545065e+02 3.000623635908107190e+02 3.000102940522122026e+02 3.000026989961046979e+02
3.000698394488531449e+02 3.000729533839950705e+02 3.000844777584781582e+02 3.000410077360089645e+02 3.000896472717583379e+02 3.000685668054890698e+02 3.000339051076650776e+02 3.000532796545820702e+02 3.000970060154442649e+02 3.001589945250724440e+02 3.001334762773980174e+02 3.000494406613215119e+02 3.001394440230778287e+02 3.001498028883157758e+02 3.000782724004435522e+02 3.000803831500430761e+02 3.000234917512153174e+02 3.000181695899473198e+02 3.000238748231840304e+02 3.000494836555005236e+02 3.001025528991412443e+02 3.000895772863902948e+02 3.001266371035267753e+02 3.000697550921645984e+02 3.000879376198761292e+02 3.000430291730289127e+02 3.000702897274322254e+02 3.000616894573394120e+02 3.000772893935930483e+02 3.000311652316397613e+02 3.000427978490942564e+02 3.000777812941688580e+02 3.000547885463880107e+02 3.000687172788975090e+02 3.000483151400380848e+02 3.000260227994208435e+02 3.000026158211147163e+02
