output/example/elevation_000279.asc
nrows	75
cellsize	13.33333333
xllcorner	0
ncols	75
yllcorner	0
NODATA_value	-9999
[rows 51 to 67 of 75, columns 0 to 36 of 75]
1.369999999999999864e-02 1.001369999999996274e+01 1.024634547203388024e+01 1.731741328389940193e+01 2.731741328389946943e+01 3.188196085717331130e+01 2.897275582471653976e+01 3.207416371265210131e+01 2.758347114960721314e+01 2.033367809687890215e+01 1.037307365590169184e+01 1.323032407671066579e+01 2.160629337363649327e+01 2.046899231878648351e+01 1.051873188709476281e+01 4.790786275247110204e+00 1.472853956915481355e+01 2.422664908572228981e+01 2.774842887718513751e+01 2.366890608357437031e+01 2.505747426287407720e+01 1.838930154286251195e+01 8.628603257926567238e+00 2.271664543089932931e+00 1.147336975276879834e+01 1.563899633800443212e+01 1.145866963440729691e+01 9.613283672943540026e+00 1.510647277014244505e+00 1.075854872145563057e+01 1.913540895168781564e+00 1.913540895168781564e+00 2.097189539665299307e+00 3.617925505900374539e+00 6.977513772409885462e+00 2.614492728755892337e+00 2.614492728755892337e+00
1.290000000000000001e-02 1.001289999999996283e+01 1.992893831562709650e+01 2.438848109576492718e+01 2.413303710714132677e+01 2.828205709189118267e+01 3.501627387479433651e+01 2.499561973601228004e+01 1.787334747712599281e+01 1.339005890375819874e+01 2.033366198848460371e+01 2.323397443765269088e+01 2.738465762995292607e+01 2.462909481305145221e+01 1.610846288167989471e+01 6.155581807565218888e+00 1.610864458901323104e+01 1.426997654575211527e+01 2.422664909486761786e+01 2.505752523797639242e+01 1.485404055246399047e+01 1.670543496978942954e+01 1.223404413813419289e+01 2.877603599005511992e+00 8.433104360151009615e+00 1.818812955517301688e+01 1.389321706544971136e+01 1.510647277014244505e+00 1.196577820679062931e+01 1.114149855965380986e+01 2.518641430241603807e+00 1.000773274070144403e+01 1.464644090397429643e+01 1.146758124232069775e+01 1.228279856166911443e+01 4.656791963047262506e+00 1.227908091477364572e+01
1.329999999999999932e-02 5.786802691896245854e+00 1.578680269189620944e+01 1.835880748594228251e+01 1.413212428051649994e+01 2.120326308164506202e+01 3.120649456500927954e+01 3.207416371265210131e+01 2.343286083534010089e+01 1.339005890375819874e+01 1.840575188039615639e+01 2.845864976037915639e+01 2.687011704118564381e+01 1.684714969625413161e+01 1.113247345282016632e+01 6.155581807565218888e+00 6.155581807565218888e+00 1.318527112569576154e+01 2.316629469263801866e+01 2.264164197883707175e+01 1.241161334828305307e+01 6.646748787926243018e+00 3.639485618561149494e+00 1.231291501906722807e+01 1.658465373663387510e+01 2.226297084401920046e+01 1.096083161551975138e+01 9.153142677594308552e+00 1.834487548511917154e+01 1.671895985830261822e+01 1.264453098938224684e+01 4.273531923070872374e+00 1.448705216065339307e+01 1.671254247425956763e+01 7.337315471872950745e+00 1.437024394939203553e+01 1.721538866851439309e+01
1.369999999999999864e-02 1.001369999999996274e+01 1.364457514412650241e+01 8.358620240194737150e+00 1.835880669100925999e+01 2.827401353062787237e+01 2.718703784741956042e+01 3.133042814137094112e+01 2.699061691131070262e+01 1.692776467773328264e+01 2.699061684147039131e+01 2.845635865897950723e+01 3.108315776114183038e+01 2.282091968157394035e+01 1.285577622400364994e+01 7.906059438103038239e+00 1.610864478587406978e+01 1.318527130257010427e+01 2.316635798204551477e+01 2.689576962266461990e+01 2.096117392219423081e+01 1.415390477509693490e+01 4.236547893436920731e+00 9.177061263375101419e+00 1.627968562611651393e+01 2.605831234703235566e+01 2.057330607613577556e+01 2.268791593765975279e+01 2.598288238842912179e+01 1.696955139770086518e+01 6.636451898532373939e+00 1.448765858878676127e+01 1.448764057860662469e+01 1.907699443609646650e+01 9.638868030324077907e+00 1.263427417451410939e+01 1.263427417451410939e+01
1.319999999999999993e-02 1.001319999999996213e+01 3.644575025617737829e+00 1.364453816237051065e+01 1.807355165632910854e+01 2.011573800165527359e+01 1.718671676232728274e+01 2.718704426515860106e+01 3.113543571643264585e+01 2.275152139839723375e+01 3.113543462086913038e+01 3.844032750510302066e+01 3.294446608275493560e+01 2.282091971958162802e+01 1.971563100146345704e+01 9.783833722665585597e+00 1.971563061793329297e+01 2.316635766352422721e+01 2.737035486885400815e+01 2.976181608121735422e+01 2.276990680547462276e+01 1.206539786882454912e+01 4.926281482927516997e+00 1.496060975186867381e+01 2.303823967007123841e+01 2.936892404676974522e+01 3.259528637182696542e+01 2.970261596704709461e+01 1.923331332646533198e+01 1.192575675005575775e+01 8.622009538709972887e+00 1.905582930576883882e+01 2.495220259192446477e+01 2.317323217467102481e+01 1.907700898367955489e+01 1.331887359376725222e+01 2.229513510295037548e+01
1.349999999999999985e-02 1.487919561548970870e+00 1.148791835967492148e+01 6.184577565621544259e+00 8.074399930667675918e+00 1.011564138298698445e+01 2.011573930393777232e+01 2.681412858878367800e+01 3.035003177156854903e+01 3.278133062396031505e+01 3.691956695382731368e+01 4.017236558218740328e+01 3.424133332551532760e+01 2.970519090968465292e+01 2.170541464638806062e+01 1.175676858583012141e+01 1.876025541771382521e+01 2.881565786019636022e+01 3.275623691752952737e+01 2.279752323931294455e+01 1.561180808732770586e+01 1.494263372903484566e+01 4.926281482927516997e+00 1.497063191971438378e+01 1.486494864339538680e+01 2.078922719874069003e+01 3.105339037837859806e+01 2.970261596699729978e+01 1.923331332646533198e+01 2.125476183482104275e+01 1.070649685562253950e+01 1.676585295694360056e+01 2.738669531534246460e+01 2.843226731129967533e+01 1.836198106252732387e+01 1.879191270505194922e+01 2.716949362056907802e+01
1.369999999999999864e-02 1.001369999999996274e+01 1.562380119322835803e+01 1.325566451840516535e+01 1.514530286416464122e+01 2.011571547643412217e+01 1.365117529129425300e+01 1.681345296928248345e+01 2.034898711990979692e+01 2.742021188805367515e+01 3.742324272584060907e+01 3.589250863999124874e+01 2.566605860564805397e+01 1.991318970210936001e+01 1.549240688397307686e+01 2.170541445265836344e+01 1.746692019147279140e+01 2.749530580400645263e+01 3.338983449336191711e+01 2.824384575798579533e+01 1.865638890314201959e+01 8.452824872379235188e+00 5.701829828269636913e+00 9.014748330997917947e+00 1.920236015354538139e+01 2.936892404678332724e+01 3.528803930148667689e+01 3.391390977513335514e+01 2.970261596699637607e+01 2.376629481795538723e+01 1.310760898771894567e+01 2.376629362507701870e+01 3.160456885211206313e+01 3.252116036323037207e+01 2.336339329304338719e+01 2.886540826735457799e+01 3.294916950809873413e+01
1.379999999999999977e-02 7.084871052838061622e+00 1.708548195112556556e+01 2.325755131055473157e+01 2.513712893193240561e+01 2.778948874438700400e+01 2.365163732448715805e+01 2.181626903451688193e+01 3.035003176362794974e+01 2.851432070607190994e+01 3.851800933863603404e+01 3.948702562188985610e+01 3.377039516389017137e+01 2.361788147462675269e+01 2.251285333246239162e+01 2.548090221448821779e+01 2.320451399807923210e+01 3.172705355539574512e+01 2.918305597982257638e+01 1.897918588901166359e+01 1.385611471748023149e+01 1.669486275751956228e+01 6.585147909802438804e+00 1.672021037501361107e+01 2.344547681900874636e+01 2.768545691628589012e+01 3.775044445775824897e+01 3.629739446783676726e+01 2.606252321693590090e+01 1.845168970216576199e+01 2.376629481795601606e+01 1.928962622084478440e+01 2.988153921172856897e+01 3.752970948517484118e+01 3.350114132955597057e+01 3.752970948517484118e+01 3.544478724652481816e+01
1.309999999999999880e-02 1.001309999999996236e+01 1.462222230891919850e+01 1.875420778328999205e+01 2.167336638475736876e+01 2.560739553924217304e+01 2.967373526806956718e+01 3.181808968461408682e+01 3.596384028635529972e+01 3.851800933701117202e+01 3.649430989905204825e+01 2.929175622852163841e+01 3.303897107361508034e+01 3.377039516017786269e+01 3.264640740162760579e+01 3.565603426179978896e+01 3.335663598924864459e+01 3.760672225421321002e+01 3.339037286554421513e+01 2.829364132673629229e+01 2.336617564680282655e+01 1.674689570298540886e+01 7.492700190782338510e+00 1.765244658803243638e+01 1.748029721908023504e+01 2.747787772562522690e+01 3.177051532475461570e+01 3.855278802877266031e+01 3.324998968477083849e+01 2.470532331705092233e+01 3.324998968477083849e+01 2.552280117746729360e+01 3.406230201426707538e+01 3.643374728909518012e+01 3.238443895026031782e+01 3.241573652212527179e+01 3.370768982313502704e+01
1.349999999999999985e-02 1.001349999999996321e+01 4.643160349825885547e+00 1.462222230891919672e+01 1.180504926801611987e+01 1.584496217654181294e+01 2.145387950009634537e+01 2.807302351169117216e+01 3.721159907292061320e+01 4.144850726558823339e+01 3.227788149781478211e+01 2.213981060284191216e+01 2.289486159235898910e+01 3.007478265749809054e+01 3.303897109346659278e+01 3.725470374894982228e+01 3.872680464352459495e+01 3.419152596190695448e+01 3.001515528929202858e+01 2.676943929287656232e+01 1.978084742450289468e+01 9.574608033132218310e+00 1.765244775771700958e+01 9.180151075852732490e+00 1.925983839820816712e+01 1.739132266111737124e+01 2.461933917694209839e+01 3.088589048848717411e+01 3.488481380875209226e+01 3.503836544886631543e+01 3.913586545434259989e+01 3.583568942827058379e+01 3.995361045810569323e+01 3.238362320602925593e+01 2.255481077890766528e+01 2.255565627749630053e+01 2.810799654198553910e+01
1.369999999999999864e-02 1.001369999999996274e+01 4.643160349825885547e+00 6.824779625584194598e+00 1.059813605731154418e+01 1.505082584954272562e+01 2.078849257039638943e+01 3.074537142444313886e+01 3.660439496652995217e+01 3.165388551249782267e+01 2.801081158669525450e+01 2.586600247613961656e+01 1.580485122185804769e+01 2.586600247611718828e+01 2.289486159236078322e+01 3.303897109348024230e+01 3.457015593158264011e+01 2.438499417046117301e+01 1.975119333151361189e+01 1.647801202637555207e+01 1.352900642377708174e+01 1.139912115101830103e+01 2.163722704826754040e+01 1.937647382278726482e+01 1.094506643297853010e+01 2.118827331375404555e+01 2.534020118610623484e+01 2.078916577008425648e+01 2.672688478420002056e+01 3.658832350391450206e+01 4.088273630730763841e+01 3.686162372296257672e+01 3.712747113501720975e+01 3.237969275034379990e+01 2.255483197345179391e+01 1.544647690487456160e+01 2.078518318556270827e+01
1.290000000000000001e-02 1.869852127259881591e+00 1.186333961697387096e+01 1.387324153776395796e+01 1.496152531156814902e+01 2.467635642277580743e+01 2.912792651969037294e+01 3.488128489343185379e+01 3.045918041884484140e+01 1.897306344379374821e+01 1.996838696211165498e+01 1.930144548814006100e+01 1.580485122185804769e+01 1.580485122185804769e+01 2.158333463220060011e+01 3.171623554718615523e+01 3.457015593158269695e+01 3.419152599479971144e+01 3.001520846270435072e+01 2.450658623081890397e+01 1.419935058821691420e+01 2.166446759434715830e+01 2.600285054541188856e+01 2.545142054285378919e+01 2.118827331375404555e+01 1.285499173157898056e+01 1.524757836036208403e+01 2.554588514465971016e+01 3.488481453431132451e+01 4.054982386018519236e+01 3.685364347725607814e+01 2.703445838256908473e+01 2.991475228104441797e+01 2.314262699573904314e+01 2.314217604190073985e+01 2.080115434040709488e+01 1.057922110280464700e+01
1.359999999999999924e-02 1.001359999999996298e+01 1.600167987538168290e+01 2.382418725597689146e+01 2.491382351437082932e+01 2.904474368020714081e+01 3.215691117924256304e+01 2.797996930925234338e+01 2.704741177806651464e+01 1.745907166433037716e+01 1.083998399846534433e+01 1.281998943298557947e+01 2.283245114063037917e+01 2.586600247616914316e+01 3.007478272241953121e+01 3.593301546180171613e+01 4.463656255285458485e+01 3.822481566052151436e+01 2.801539821212956483e+01 2.072982312275646422e+01 1.654934978263320389e+01 2.687565341594212498e+01 3.275641683539512172e+01 2.259927298304702958e+01 1.528211565049923237e+01 2.315300254390407630e+01 2.554571486972523431e+01 2.079143575604662786e+01 2.806557279604280453e+01 3.811030067632800922e+01 3.822514045536561156e+01 2.991441564038029455e+01 1.998215916299235673e+01 2.314127820101780486e+01 1.294538592976085134e+01 1.191348263884697722e+01 2.080179472668339713e+01
1.379999999999999977e-02 5.014782947871005980e+00 1.210701411348536283e+01 2.222453610621824538e+01 2.789933407719115976e+01 3.180044007824736241e+01 2.797623793870735298e+01 1.796656384076286272e+01 2.089715005022477001e+01 1.894355994456050496e+01 1.083998399846534433e+01 1.314065842257477357e+01 2.315382337005493696e+01 2.971265140116054582e+01 3.304958342349109301e+01 3.719211594966224510e+01 4.219334247563833884e+01 4.120785494759408607e+01 3.100567465164380465e+01 2.937504381851253399e+01 1.906979318904001275e+01 2.937504381852080115e+01 3.275641683528046855e+01 2.259927298304702603e+01 2.557423153987894437e+01 1.809802974364777839e+01 2.837269345389486475e+01 2.675051805905129498e+01 3.513356181376114051e+01 4.007586223981491713e+01 3.418813739007291019e+01 2.433180144819073831e+01 2.460583586429878977e+01 1.445939320017521723e+01 2.214087680498049338e+01 1.191348263884697722e+01 1.919407944658861354e+01
1.349999999999999985e-02 1.001349999999996321e+01 1.916183348239007245e+01 1.998322165088600499e+01 1.820412652794453479e+01 2.462173009845974292e+01 2.186158498395754179e+01 2.089649455557577440e+01 1.088650012008922907e+01 8.927912703568752661e+00 1.601243592269099736e+01 2.315382336931149965e+01 1.668143914404725336e+01 1.969988203316097497e+01 2.303878735636793351e+01 2.804773771440242314e+01 3.805142913275563643e+01 3.942730483879328318e+01 2.924890604316566822e+01 2.332232291330022989e+01 2.937504381852080115e+01 3.359696394929558494e+01 3.685614664413646580e+01 3.275641683528046855e+01 3.042091334380572221e+01 2.018804987857343747e+01 3.042091328589184585e+01 3.682889160367966497e+01 4.089365830401349200e+01 3.603359339402101114e+01 2.620292727278876654e+01 2.614105189796966044e+01 1.607426942104723011e+01 2.460641487326390475e+01 2.215802937283472218e+01 2.221878087646404154e+01 1.656927871630264804e+01
1.359999999999999924e-02 1.001359999999996298e+01 1.406340560417958407e+01 1.003702265226125334e+01 1.996985040962481150e+01 1.466784635185508634e+01 1.175280133694950990e+01 1.541330212209531147e+01 7.099085533149321670e+00 1.711234992359172580e+01 2.308744950334544299e+01 3.016246226889438731e+01 2.669368784474757206e+01 2.485717858188830576e+01 3.304958342357887346e+01 3.719211595031102036e+01 4.219334247563833884e+01 4.364310014077013022e+01 3.355080355421832650e+01 3.056936179945160248e+01 3.056936179945160248e+01 4.074864067400158518e+01 4.072938124987747699e+01 3.662692368357056694e+01 3.265162238984451903e+01 2.242153027227601925e+01 2.836220889841815662e+01 3.821475430884784430e+01 4.228464906079710772e+01 3.402750110432374697e+01 2.800700492787262519e+01 1.805091487530891214e+01 1.822431950344191520e+01 2.816520978285230825e+01 3.223865396686458951e+01 3.087246279321890086e+01 2.114480164594705158e+01
1.290000000000000001e-02 6.722804733957861156e-01 4.214507390233057649e+00 1.228420773890891837e+01 1.289275318018124850e+01 1.365221746959138294e+01 4.674939241379258981e+00 5.394969672886348988e+00 6.304815130308224269e+00 1.681527116934299926e+01 2.171517130262466466e+01 2.598952009287379639e+01 3.009761569636924960e+01 3.486521697955681987e+01 3.900799920662704778e+01 4.162739346702564802e+01 4.162739346702564802e+01 4.568978347443412957e+01 4.373092385483822397e+01 4.074864067400158518e+01 4.074864067400158518e+01 4.496402821618455903e+01 3.662692368357056694e+01 2.649185445822243423e+01 2.649185445822243423e+01 2.838682194498906242e+01 3.663588634661221022e+01 4.187457955887138183e+01 3.265244980652214224e+01 2.996673541606763180e+01 2.009582027586609598e+01 2.775506316582765010e+01 2.041622098574051236e+01 3.025457440569582346e+01 3.742267363678749348e+01 3.537488062565292068e+01 2.821286502197218482e+01
