output/example/elevation_average_000093.asc
nrows	75
cellsize	133.333333333
xllcorner	0
ncols	75
yllcorner	0
NODATA_value	-9999
[rows 34 to 50 of 75, columns 37 to 73 of 75]
2.488315831756818568e+02 2.167095382939449166e+02 2.895329330947473636e+02 2.639481639847335828e+02 1.722734007361654278e+02 1.763645803636442793e+02 2.735902671243727582e+02 2.831745599354982232e+02 2.871860305475960331e+02 2.504170757241051888e+02 2.950714851874220130e+02 2.990250652609424264e+02 2.078185186612286373e+02 3.046925219785963463e+02 3.498419011579237008e+02 3.719184946908244456e+02 3.541384798498108353e+02 4.494057827000489738e+02 4.754617733356346889e+02 4.372532073377417419e+02 3.688858952926159418e+02 4.630073772663448040e+02 4.434980591733374240e+02 3.807582314241379322e+02 4.757177417838929046e+02 5.523605223306838070e+02 5.412394905504954750e+02 4.881584110727177972e+02 4.477328101930096977e+02 3.692835374086843672e+02 4.636410763385608789e+02 4.928383113501886896e+02 4.192561115573217876e+02 4.350793431966623075e+02 5.294518847289373298e+02 5.423983440549053512e+02 6.084791107391665719e+02
3.302234111639415346e+02 2.879241888423325122e+02 3.241352688260767536e+02 2.289311372577147097e+02 2.695340021759977844e+02 1.984161197274059987e+02 2.056616024763923747e+02 3.025605140136185014e+02 3.730992891879957369e+02 3.468151453746295374e+02 3.861328754886575325e+02 3.442048356608560198e+02 3.029661522872294768e+02 2.137431568404415145e+02 3.105692249766372015e+02 2.757840509520035539e+02 3.719223864200691310e+02 4.500672019596973996e+02 4.196073286516984240e+02 3.429234247214160973e+02 3.323957408691792921e+02 4.149139859216182913e+02 3.481658348544738715e+02 4.434846480004779892e+02 5.140454365671497499e+02 5.282530813301990520e+02 4.744459278319957320e+02 4.080210348310005770e+02 3.540375573067374830e+02 4.493259177746450632e+02 5.031665002170041134e+02 5.521286794999349468e+02 4.884161332167678893e+02 4.991014815066230312e+02 4.709846558098098512e+02 5.649566554143087842e+02 6.034651080029323111e+02
3.487188787088707613e+02 3.767372402797836912e+02 3.649550056565817044e+02 2.853832115554746451e+02 3.177290447038765819e+02 2.214929453616196895e+02 3.024272832526477828e+02 2.371778357655115883e+02 3.336542208486078493e+02 4.078887907578885574e+02 4.626884198562217989e+02 3.802499629467505997e+02 2.845050553222238818e+02 3.099790359948157175e+02 2.197148248617118611e+02 3.164762400503627191e+02 3.187195569163088749e+02 3.983061534738751561e+02 3.601253885254075726e+02 2.844107358109529287e+02 3.015895014121842337e+02 3.193870475697077040e+02 4.150417247555840845e+02 4.434858249233056995e+02 5.377375852807717820e+02 4.612497424031005835e+02 3.948442017522993410e+02 3.401043294100448975e+02 4.355453841663820640e+02 3.931645743899526337e+02 4.604492484848685194e+02 5.545377778935657034e+02 5.814234565046874650e+02 5.927196312513896146e+02 5.359451672178665831e+02 5.124884981050151964e+02 5.803138817425257230e+02
3.101979180971887331e+02 3.757301858752583712e+02 4.198302226730192501e+02 3.813991478780754960e+02 3.181810072263074858e+02 3.182025419652530331e+02 2.596639820287605858e+02 3.337289019886492270e+02 2.725475937237670792e+02 3.282132570911596758e+02 4.236473076654485226e+02 4.196858728104796228e+02 3.792293709083465956e+02 3.138296643179780290e+02 3.164783717126626357e+02 2.257495226626099623e+02 3.224359958569889955e+02 3.412785012874048789e+02 2.638539839087674181e+02 3.601284732192080469e+02 3.973167697557581164e+02 4.146514886181668658e+02 3.971327629156428998e+02 4.918948742655344972e+02 4.483816396256453345e+02 4.093613146704418568e+02 3.266964002068421564e+02 4.222839045666036668e+02 4.181367223648296090e+02 4.879641257253592812e+02 4.407881979482357906e+02 4.797533828462521228e+02 5.463493539932438807e+02 6.394492091420939914e+02 6.291665121683645339e+02 5.782022351528145236e+02 5.790920724008119578e+02
2.398770740585172234e+02 3.363914238059144282e+02 3.946047191360507895e+02 4.343479457163689403e+02 4.138155982730567075e+02 3.285487868091074688e+02 3.559693930552177221e+02 3.111852660673997661e+02 3.687029460837289321e+02 3.180207088055504983e+02 3.882256852817486674e+02 4.826496457113243537e+02 4.485103120575486741e+02 3.703594224554340713e+02 2.757928167042354062e+02 3.224316155706902691e+02 2.318353722919213737e+02 2.448953124510686621e+02 3.413772406809866879e+02 3.311865743877311843e+02 3.973912539778024779e+02 4.921397383168951478e+02 4.918816862312580156e+02 4.772639216148391483e+02 3.828124148000449054e+02 3.136274619937300372e+02 4.093153069873378058e+02 4.612489937509996025e+02 5.126849845751104340e+02 5.512416418516961585e+02 5.350933759224093365e+02 5.725514185033596277e+02 5.736108659695322558e+02 6.663939259531042580e+02 6.542138513214770228e+02 6.709560894804498048e+02 6.717101781859519178e+02
3.363855093589484682e+02 2.697235914302797823e+02 2.994521932028660558e+02 3.953225245697244077e+02 4.630176094609400934e+02 3.971413815142621502e+02 4.438812408821057716e+02 3.513645353231456170e+02 4.451020308423285314e+02 3.882299924026979170e+02 3.846571113724580186e+02 4.794724967428074365e+02 4.343501105581910338e+02 3.391499129880087935e+02 3.709345625470492678e+02 3.105147397890108891e+02 3.284680706599588689e+02 2.383252413010307862e+02 3.068278264855450175e+02 4.026174952516677763e+02 4.656314913622126710e+02 4.975850032846274189e+02 4.593236249749518834e+02 4.289693222347522124e+02 3.898506190568052716e+02 3.045992650887023387e+02 4.004287733510875569e+02 4.337354696228069315e+02 4.342559624854131926e+02 5.286340411433643567e+02 5.425820386411495519e+02 5.810797129526233675e+02 5.792113617400451631e+02 6.158572485645451025e+02 5.615629192964507865e+02 6.202303065452794044e+02 6.581945653711844670e+02
3.930657210361209764e+02 3.022440048495294604e+02 3.937957009089610665e+02 3.557176039678894881e+02 4.509633958605103885e+02 4.918676023637035541e+02 4.854884603544784341e+02 4.466462355818185870e+02 4.854811970322587058e+02 4.826559459324150794e+02 4.795370546336462212e+02 5.179860913203687005e+02 4.734813777594403632e+02 4.109304696694535437e+02 4.452924651169797698e+02 4.057961919551314622e+02 3.393645064541861984e+02 2.429243018838731700e+02 3.394138501077931664e+02 3.843621662102866026e+02 4.125944197747534190e+02 4.517211442823992229e+02 3.641360706054379648e+02 3.794086143952352472e+02 2.939013872914310355e+02 3.898532468271162088e+02 3.244743653475072733e+02 3.388003890410071790e+02 4.342556047185087209e+02 4.702616219633245578e+02 4.484524427376018139e+02 5.058369502912386793e+02 4.854522596144465751e+02 5.473298473083393674e+02 4.941373502518512169e+02 5.276696087007047709e+02 5.667952267894789884e+02
4.321773086164383813e+02 3.417508045314845617e+02 4.321727506407174246e+02 4.249459824319537802e+02 4.509392362657202398e+02 5.451084818873773656e+02 5.543728257774922668e+02 5.155426683797676333e+02 5.032870837625971490e+02 5.124411003212256901e+02 5.509253656910898371e+02 5.573024260195179522e+02 5.333446219041678660e+02 4.790771155219333082e+02 3.868887614521148635e+02 3.278198969105288256e+02 2.830356782113453278e+02 3.394181484604670231e+02 2.495285596895068636e+02 3.459635557431729467e+02 3.170189276896607566e+02 3.964478254337253702e+02 3.716028486748593309e+02 2.833409663092230630e+02 3.794040757992137287e+02 4.287694677968203223e+02 4.200825823629738807e+02 4.340715865174159944e+02 3.604263466794872102e+02 3.763253261602535531e+02 3.933809913177399835e+02 4.118764018666930724e+02 4.315659419899567411e+02 4.535907118850348638e+02 5.082192154159839674e+02 6.017745586397566058e+02 6.581805182716904028e+02
4.743244489777528656e+02 3.997990650477427721e+02 4.725403991026125823e+02 5.165678007896551662e+02 5.387287060924724074e+02 4.999968806473676750e+02 4.973768818361102717e+02 4.214568386715393444e+02 4.087333793955501733e+02 4.179839944332418327e+02 4.949883976441238360e+02 4.637211227578482635e+02 5.202528529631040328e+02 5.115370464213690411e+02 4.623757429258964180e+02 3.837756937820754501e+02 3.291306432792302985e+02 3.427869670554084678e+02 3.459669004230836435e+02 2.561537097808874819e+02 2.608767730063948989e+02 3.571949861638084940e+02 2.754523394789837880e+02 3.716007099743469553e+02 2.954323671206062158e+02 3.913623460015770092e+02 4.411651217755926382e+02 4.940600811522748472e+02 4.556443850566200240e+02 4.321140135504895738e+02 4.880053735966114346e+02 5.062890451760699193e+02 5.256871808758891120e+02 5.214530474766905854e+02 5.861349228866699832e+02 6.398970083456167686e+02 6.746491985642370537e+02
5.198429003104985213e+02 4.793792688957574910e+02 5.021313982443184045e+02 4.741098046596338236e+02 4.995086306605283539e+02 4.056918464850372175e+02 4.029088625475376375e+02 4.352814630838320795e+02 3.421388813901592130e+02 3.628333550874576190e+02 4.314283645504370384e+02 3.955758295465701622e+02 4.901940013216335501e+02 5.703236257456900375e+02 5.130623742637104669e+02 4.636645379521908126e+02 3.877731771860329104e+02 4.346886238446192579e+02 3.842550118564014952e+02 2.912750787720194126e+02 3.571800108807993865e+02 2.675901014401651423e+02 3.638251539806046253e+02 4.107486654911695609e+02 3.913649145839196990e+02 3.075970367023066387e+02 4.033922622035020709e+02 4.530972662567574503e+02 5.046854641917208824e+02 5.252657269158099780e+02 5.650114511894008729e+02 5.662535216937524183e+02 6.025382418448458566e+02 6.143379312888871482e+02 6.468056003179416393e+02 6.087235225952267683e+02 5.819562960013269048e+02
5.553741291217497746e+02 4.840670344074353011e+02 4.543551022142329998e+02 3.815325445131580864e+02 4.527126386591997402e+02 4.280666949211929477e+02 3.357790462359695880e+02 3.823065466819790572e+02 3.055049604700097348e+02 3.202455891499740801e+02 3.363194923141542176e+02 4.314145819804267035e+02 4.797336101153774166e+02 4.767701183654830857e+02 5.437451587948959286e+02 5.161749294948730267e+02 4.805706129954373864e+02 4.239544517085049620e+02 3.536035280323409893e+02 3.872318204558339403e+02 2.958953202443371993e+02 3.638349761935251649e+02 2.821411275038099120e+02 3.782086652458552862e+02 4.318745263531310457e+02 4.033797984624320065e+02 3.199269663078114831e+02 4.155792497762172388e+02 4.101962808766937201e+02 5.048421704007047310e+02 5.003722998131996746e+02 4.723197927038092416e+02 5.662566466328144088e+02 6.071029938511471755e+02 5.688853702259344800e+02 5.152804003824570600e+02 5.691772820419884056e+02
4.625726676207445394e+02 4.542692377019146761e+02 3.693148467499452181e+02 3.228243277899703685e+02 4.134874819775231458e+02 3.976902013671740406e+02 3.659649885902075539e+02 2.863713776850362365e+02 3.823119208187431468e+02 4.155478695617515541e+02 4.315680355965745889e+02 3.626049265116146785e+02 3.859978139347163619e+02 4.110985953052401101e+02 5.021381816325187515e+02 5.861052610216920584e+02 5.521130281236978590e+02 4.877499300940008311e+02 4.489035058279150689e+02 4.116359019793939069e+02 3.164600148906380355e+02 4.099144611648364389e+02 3.782155873309269509e+02 2.968586110626680465e+02 3.925639045938915501e+02 4.544975537352294737e+02 4.155775595935754723e+02 3.325013077235680612e+02 4.280148807179937762e+02 4.500287915839768402e+02 4.056877457555967794e+02 5.003738498376157509e+02 5.733575151040450919e+02 5.356716180427564495e+02 4.749742483762749998e+02 5.688765052944834224e+02 6.468116241353425266e+02
4.698485166429722995e+02 4.567045418077025261e+02 3.779396247791648307e+02 2.831625677364205558e+02 3.767024279131152866e+02 3.503728962168167413e+02 2.698474540247257778e+02 3.647351378309695633e+02 3.381433829678355210e+02 4.334987282652003842e+02 4.963956061487362490e+02 4.189387393161095474e+02 4.240366664265231975e+02 5.053844618787978789e+02 4.583159472079118473e+02 5.521943229210213531e+02 5.308644839582805162e+02 4.544665631721467207e+02 3.946080392323405590e+02 3.493663444894438044e+02 4.121863523067314645e+02 4.511290891805602428e+02 4.031387983581385015e+02 3.074276275678291199e+02 4.031153702905410228e+02 4.576162510074045144e+02 4.669546233135768034e+02 4.280223714982588490e+02 3.454628201383564488e+02 3.547967984122680036e+02 4.500644413700701989e+02 5.007314008379548227e+02 5.058721560626752307e+02 4.413782684527573110e+02 5.356714657782532640e+02 6.071506439538555924e+02 6.342258359118050066e+02
4.243730394559448769e+02 3.846167344941069928e+02 3.231029292607819912e+02 2.541100485973568368e+02 3.350990059181534662e+02 2.540732468699749518e+02 3.481544426289422631e+02 3.497672179233784959e+02 4.330907410419189887e+02 4.058701902530376628e+02 5.004708682203315675e+02 4.882276017083744364e+02 4.913125667357324460e+02 5.176597189500084824e+02 5.294564413335597237e+02 5.422977020527526975e+02 5.604133040482245178e+02 4.909869678729479006e+02 4.483027601041252410e+02 3.795396427708735132e+02 4.718169842511964021e+02 4.770325717439246205e+02 3.821296999132601400e+02 4.032181835958326701e+02 3.230225933866316836e+02 4.186463768758945889e+02 4.750410146822892443e+02 4.797066491719268129e+02 4.131303430110170893e+02 4.500395432432888470e+02 3.687195581413527634e+02 4.638370727547908245e+02 4.112482751284538267e+02 5.058740114895809938e+02 5.668125081754474195e+02 5.410570233517203178e+02 6.341762206943041065e+02
3.862431858866660264e+02 2.929873377298525270e+02 3.075430693578516070e+02 2.281011209997254809e+02 2.386837677717943791e+02 3.337836608730008834e+02 3.896352008589637421e+02 4.443657863045900172e+02 4.838310761793691768e+02 5.004546005386344518e+02 5.390223950881955943e+02 5.802675939554942488e+02 5.848385360830404807e+02 6.109613340048988448e+02 6.193114869359770864e+02 6.351270385604300373e+02 5.870564381954869759e+02 5.661972108903443086e+02 5.053007712376302720e+02 4.170253147220978462e+02 4.987459603294506678e+02 5.062618333226162122e+02 4.543280918239003086e+02 3.603875271508788956e+02 4.186508080333777571e+02 3.407170714870163124e+02 4.361357509826781893e+02 4.932214602299206945e+02 5.077382592402285582e+02 5.026002095776337910e+02 4.638379882240673737e+02 3.830119200829162196e+02 4.779651103626642339e+02 5.164185231980970912e+02 4.741681760955247569e+02 5.664032793296693171e+02 5.606837029383228810e+02
3.373489989985356488e+02 2.978452707857019846e+02 2.143428333729311532e+02 3.110766057118867138e+02 3.350028034379423616e+02 3.744959270197368255e+02 4.169620485257731843e+02 4.562664546430979158e+02 5.127818888702983031e+02 4.741287123123748870e+02 5.093196647678939257e+02 5.651547739471041041e+02 5.672732340150877235e+02 5.770451602068587817e+02 6.152549370258290082e+02 6.042874310839177951e+02 6.345761570902022868e+02 5.538902803583130208e+02 4.788281439494508049e+02 4.864547754886091298e+02 5.375175350356731769e+02 4.946273498424283730e+02 4.021508393811225801e+02 4.556125587483726918e+02 4.702346223670892869e+02 4.361442297782634796e+02 3.591921520975483304e+02 4.544098913575153915e+02 5.134889630568161465e+02 5.673021899092359490e+02 5.166682171099490688e+02 4.503744612891101156e+02 4.001852926043504795e+02 4.222374702260780168e+02 4.522287040887081844e+02 4.839253932664245212e+02 5.504862637485514369e+02
2.876758635923126235e+02 2.009541400861147906e+02 2.123112426104266319e+02 2.238127049545320233e+02 3.204312846929245779e+02 3.485296963954057219e+02 3.217526758575879171e+02 4.170575700279952116e+02 4.241066421518786456e+02 3.792323123613221014e+02 4.336412269579388408e+02 5.273215810688717511e+02 4.738532921904391628e+02 4.833463223494632643e+02 5.366690131371420875e+02 5.108696315989918730e+02 6.042581457291489642e+02 5.998672034332112162e+02 5.684723725057826869e+02 5.727168731268063766e+02 5.621068032135216299e+02 4.706976656626538329e+02 4.496287808573125062e+02 5.340701758399961818e+02 5.038347514927868929e+02 4.109892797479371325e+02 4.542286332673915012e+02 3.797939240818662938e+02 4.344771523637772361e+02 5.288365087333399970e+02 5.829521895683155890e+02 5.335694021146583736e+02 4.948910779534803055e+02 4.214583977885749846e+02 5.159826279806389948e+02 5.768319823051471076e+02 5.777385037411986559e+02
