output/example/elevation_000101.asc
nrows	75
cellsize	13.33333333
xllcorner	0
ncols	75
yllcorner	0
NODATA_value	-9999
[rows 17 to 33 of 75, columns 37 to 73 of 75]
4.277804977952740018e+01 4.472072810720130320e+01 3.469829580921131651e+01 4.472072824347874587e+01 4.639058473728652388e+01 4.233380688531286040e+01 3.630073424362610979e+01 4.339690883739643112e+01 5.306061652006428631e+01 4.905577074878306121e+01 3.941391486903107477e+01 3.233345346346258253e+01 2.810993888197691604e+01 3.500545153153955624e+01 3.209888256048630950e+01 4.202227817980769942e+01 4.393000173405616238e+01 4.096408433016942752e+01 4.015749695819891940e+01 3.284809465460249811e+01 2.567487508233703153e+01 2.616188024923911826e+01 1.537121253617940475e+01 2.310893956079209843e+01 3.305585357696494242e+01 2.937514654378796308e+01 2.399828310807880172e+01 1.374736690227764235e+01 2.448436550074484330e+01 2.974087069555594098e+01 3.674186067142650103e+01 3.466501119519505636e+01 2.794032533509106386e+01 3.058406593892762260e+01 3.362166205667486452e+01 3.718452543597830129e+01 4.245565787735005614e+01
4.472072810821449451e+01 3.469829580921131651e+01 3.999610821324501586e+01 4.294226716031658952e+01 3.884861272429429846e+01 3.217280713676541382e+01 4.233380688531286040e+01 5.026302838814579133e+01 5.240105036901888980e+01 4.758192733653218909e+01 4.359431811517686128e+01 4.010922581510030938e+01 3.500545153150698496e+01 2.479482621306532053e+01 3.222647623774096814e+01 3.631826586513168564e+01 3.380365215705721482e+01 3.083770403850151354e+01 3.801931740507286150e+01 3.983119334672133505e+01 3.043830784924483268e+01 1.987726236271731395e+01 1.429769260202653314e+01 2.365186437018335752e+01 2.295680839423011577e+01 2.173282041280275578e+01 1.290814982868613647e+01 1.394281833263529791e+01 1.503227029282970406e+01 2.259404184956133577e+01 3.113393027823998693e+01 3.346300003743943563e+01 3.761641701116697334e+01 4.104345395384223849e+01 4.405542060796603465e+01 4.749086819395898118e+01 5.163031569767768758e+01
4.876873235245925287e+01 3.999610821324501586e+01 2.972267465790264751e+01 3.580199660653361349e+01 2.851703480301367577e+01 3.460819282517921636e+01 4.178701800820495293e+01 5.153157963566772537e+01 4.841812416466675728e+01 3.877051206644406989e+01 3.373698853173408452e+01 3.008513107368549910e+01 2.719840046415897916e+01 2.448343164573347153e+01 2.183258093187440707e+01 3.008288458346573080e+01 2.859712896795778647e+01 2.339613246536801938e+01 3.380365215705721482e+01 4.085284160707042389e+01 3.044680508894266424e+01 2.942796207345489634e+01 2.369571860523134532e+01 1.287942999350753048e+01 2.231626099829834686e+01 1.222598531353071039e+01 1.873133965366732667e+01 2.418099215981946770e+01 2.557913962182812639e+01 1.666414693503720201e+01 2.704046599583030996e+01 2.330818002014738255e+01 3.049588439600883660e+01 4.062625086011070152e+01 4.237995574256161291e+01 4.652518777998979260e+01 4.686890237324880104e+01
4.882536395921506056e+01 4.296260163142811450e+01 3.283597497109508367e+01 2.540104345421941190e+01 3.580198819272206379e+01 4.184936166690707182e+01 4.590683679442027199e+01 5.152968151918532413e+01 5.240105036901925217e+01 4.758192733653218909e+01 4.010922581893244399e+01 4.010922581893244399e+01 3.731273476501728936e+01 3.444087611128072979e+01 3.008288458346572725e+01 1.941271994958764324e+01 1.766096583891785343e+01 2.859712894719901044e+01 3.796201268756389169e+01 4.079369248025368222e+01 3.385442143777100199e+01 2.981767607508298568e+01 2.605729264611988683e+01 2.179307658102592882e+01 1.160457856129940701e+01 2.231172251787768346e+01 1.874249769172865854e+01 2.657405408095456778e+01 2.704046612916364367e+01 1.666414693503720201e+01 1.666414693503720201e+01 2.704046612916364367e+01 3.277328982320883455e+01 3.982868280813553241e+01 3.215364207429087884e+01 3.973587207948614974e+01 3.678127419099310202e+01
3.892927260385256005e+01 4.137053775755116192e+01 3.117363306499212783e+01 2.380037454880478265e+01 3.389910197792940494e+01 3.189736231527499655e+01 3.775658104061091791e+01 4.746073414107575417e+01 5.420449093819335218e+01 5.011016634058227481e+01 4.980056514648288157e+01 4.620327380188170707e+01 4.048234009154275981e+01 3.643175182108976173e+01 2.857423621222495314e+01 1.766096583891785343e+01 2.679203283375617417e+01 3.098733559914162328e+01 3.533057040119989267e+01 3.037719718241623212e+01 2.905536706790145729e+01 1.962790576649043928e+01 2.186701554366086242e+01 1.125651911187888032e+01 1.125651911187888032e+01 2.102550098498136677e+01 2.800481695623910383e+01 3.258144920387621823e+01 3.121738961426147085e+01 2.274860739537502141e+01 2.704046612916364367e+01 1.842822752013476517e+01 2.860087102243749868e+01 2.959420559590109434e+01 2.619975560681011473e+01 2.942658985802869154e+01 3.545619018746221229e+01
3.168334570503025915e+01 3.597129022913858876e+01 3.259980715711588317e+01 2.233910310806093236e+01 2.589750281161545331e+01 3.632314529733157826e+01 4.369264420667132498e+01 4.775119306861607527e+01 4.847948722439907243e+01 4.018115306385863761e+01 4.566342954929647391e+01 4.218387489473713714e+01 3.223602055161543234e+01 2.625244768507214843e+01 2.241208076241289504e+01 2.679203283415902348e+01 1.564518144050646775e+01 2.502949363439116226e+01 2.501691190677050258e+01 3.037611770511856335e+01 1.989022365437617879e+01 1.509846757843464360e+01 1.125651911187888032e+01 2.186699926174897612e+01 1.125651911187888032e+01 2.186742803597849516e+01 2.516869555143423653e+01 3.547299371077502883e+01 3.706828328500922964e+01 3.290459616635778417e+01 2.856892303953654988e+01 2.845682670661036440e+01 2.014598943152949317e+01 2.247688775365423908e+01 3.259181456939968768e+01 3.715196500489685150e+01 4.389276358752517382e+01
3.597129022913921403e+01 2.572086285771839087e+01 3.113942140877172093e+01 2.104553318699573694e+01 3.114014581885064814e+01 3.661833496336140570e+01 3.369018395577133163e+01 4.369264420667132498e+01 4.437764785247852473e+01 3.430456000908311864e+01 3.562041706352710690e+01 4.269258913146888545e+01 4.050070674796238279e+01 3.644043690369899480e+01 2.857118505614154813e+01 3.098768257785180325e+01 2.502949446742911377e+01 1.379692429669413301e+01 2.334563304474428946e+01 2.756883686439054060e+01 2.477633458927838461e+01 2.030258648663869891e+01 1.094578839283285632e+01 2.144378328981966320e+01 2.186742803594007967e+01 1.443526272351663842e+01 2.518722996088259336e+01 3.252912019283495226e+01 3.672836768849026612e+01 4.251233432445638272e+01 3.608954047608511218e+01 2.589896540974001482e+01 2.014598943152949317e+01 2.014598943152949317e+01 2.278372016255872623e+01 3.293172963986846469e+01 3.754079849430529947e+01
3.412258995067984557e+01 3.113942032019256700e+01 2.104553318699573694e+01 2.958189542170937969e+01 3.375057520828367075e+01 2.668909222599021192e+01 3.256578943473789423e+01 4.250730131848409599e+01 4.568955775557341781e+01 3.856194787452344741e+01 2.844781933178623134e+01 3.562025368351968524e+01 4.566059953476194977e+01 4.269134604873639915e+01 3.865434191974814127e+01 3.250172697239666064e+01 2.193439376180428368e+01 2.334563034307705109e+01 1.223126640224893258e+01 2.171506442821080896e+01 2.057560035797385822e+01 1.053876537384745227e+01 2.069766073159246744e+01 2.141625873777180900e+01 2.945167394677343964e+01 2.518722996088259336e+01 1.847025456896195905e+01 2.209637704312649120e+01 2.952372660315156594e+01 3.978478338629133049e+01 4.036153300370593655e+01 3.192144393645936873e+01 2.173066824944210396e+01 2.972132750855841010e+01 3.286101429395645823e+01 2.723460722213780727e+01 3.455089467406336468e+01
2.363148281515946536e+01 2.104553318699573694e+01 2.958189542170938324e+01 1.953964610338728392e+01 2.851469004475481128e+01 2.306460880027463745e+01 2.964810930836202729e+01 3.960975231625064907e+01 4.157947919365511780e+01 3.149098852121183967e+01 2.573591086354938184e+01 3.241522791750960408e+01 3.652166529597514710e+01 3.723273156177658905e+01 4.116460475652589679e+01 3.660972727300823948e+01 3.250172426908232381e+01 2.719076903748797847e+01 1.624102624523156990e+01 1.093514128747250602e+01 1.999389180411277778e+01 1.027747324731246081e+01 1.691086398115568201e+01 2.670161605439316688e+01 3.606928166795609059e+01 3.327957054844861773e+01 2.602371334661676627e+01 2.905153736318362689e+01 2.952372660315298702e+01 3.978478341066784196e+01 3.939763637669027929e+01 2.883405368824140780e+01 3.187455055712825569e+01 2.410066669417180663e+01 3.422341319680910487e+01 3.754079849391807500e+01 3.455089467406336468e+01
3.412259448393778172e+01 3.131964627831581538e+01 3.133409745446523331e+01 1.843495603433238372e+01 1.945591208518559512e+01 2.851433192679555617e+01 3.298063684781438099e+01 3.711777662267788003e+01 4.051991522646390109e+01 3.989301613861251639e+01 3.241522791750960408e+01 2.251780633900359518e+01 2.949555380356013146e+01 2.760139919875729930e+01 3.479370705773865069e+01 3.873421803266206354e+01 3.746461384881096279e+01 2.719090696516655470e+01 2.576567835656336669e+01 1.973407022270098565e+01 9.923641748342777902e+00 1.525181689677022234e+01 2.196284707272469916e+01 2.839070251006567602e+01 3.287055807146676756e+01 3.779419647190238152e+01 3.640147129044502350e+01 3.932517320515285775e+01 3.978478341365435256e+01 4.393301405479015642e+01 4.384568119603133596e+01 3.939763637830121468e+01 3.772087378924508982e+01 2.763435679463440309e+01 2.702764640151497133e+01 3.746766578795946145e+01 4.475906484732445278e+01
4.277998684521949713e+01 3.693776980887911776e+01 2.931141349162761500e+01 1.920349688913007569e+01 1.683436742299322120e+01 2.578639465287678689e+01 2.280880862775175544e+01 3.297185905486959712e+01 3.051742837565532795e+01 3.756341320860467192e+01 3.655608049450737695e+01 2.949594095043448405e+01 1.959755364277721768e+01 2.698043564977607289e+01 2.511265070556519063e+01 3.161755463485688367e+01 3.566215542480897227e+01 3.358101821165338663e+01 2.742229692261627960e+01 2.259683045195082585e+01 1.872281429741041947e+01 9.923641748342777902e+00 2.001770182902842876e+01 1.605747232561849103e+01 2.223311312929282124e+01 3.048366979389679443e+01 4.091092367589323686e+01 4.378544870172829917e+01 3.983549336541211972e+01 4.381098310062952095e+01 5.052143780212708890e+01 4.113881006189071599e+01 3.413754601124922061e+01 3.772087378924508982e+01 2.926482160334101579e+01 3.680722792851441483e+01 4.755024069953046961e+01
3.269220492191941219e+01 3.279052519257780318e+01 2.264707272084042344e+01 2.931139829140602870e+01 2.578518591521523362e+01 1.544654974564087979e+01 2.439451182594936185e+01 2.710222748303577944e+01 2.342143207940000948e+01 3.344708894552786660e+01 3.947120558393938694e+01 2.949518695155062531e+01 2.698037432124548118e+01 1.693643791514978147e+01 2.457720865589556425e+01 2.174505166544364343e+01 3.162028290796488861e+01 2.934590041804885985e+01 1.926226348781207776e+01 1.347932461179044594e+01 9.600615906687270495e+00 1.885125939209523693e+01 9.923641748342777902e+00 2.262292354367895086e+01 3.287055807148633590e+01 3.779419647032344898e+01 4.022783076578807027e+01 3.604926067738341544e+01 2.976928177344781545e+01 3.874011089253342277e+01 4.309813035296343742e+01 4.779796289512365348e+01 4.388691810168343466e+01 4.219705740956590034e+01 3.217624974575271324e+01 3.576931459524745094e+01 4.071857879882507802e+01
3.695592658468310532e+01 2.675320731401158625e+01 3.279062205894788917e+01 3.693473423333691130e+01 2.996281793879172639e+01 2.451863422937670123e+01 1.412421489829260146e+01 1.697580527279125562e+01 2.710630679800085829e+01 3.056207547012122916e+01 3.461478307056405868e+01 3.581783909405523048e+01 3.110150838716337063e+01 2.467623437063679859e+01 1.448558620453754564e+01 2.255134279949765030e+01 2.643299133325186645e+01 2.503707569904082320e+01 2.113129237103831315e+01 1.886415759667303149e+01 9.349107930639680930e+00 1.887707416172067809e+01 2.232512594757303148e+01 2.249821985957810355e+01 3.372857419562224379e+01 3.735135504978480014e+01 3.448345245596448194e+01 2.623725723727197945e+01 2.457636765969296277e+01 2.921176951418528489e+01 3.637286638842999764e+01 4.593249046440992345e+01 5.097714858806401139e+01 4.622553915335279839e+01 3.936502083681944697e+01 3.733926504015897763e+01 4.705484977896405496e+01
4.107220063108584185e+01 3.401320133937161216e+01 4.106959899704968109e+01 3.854702319865035065e+01 2.772992371406119005e+01 1.966279709924407015e+01 1.324417192405157984e+01 1.324417192405157984e+01 2.238062157252165107e+01 2.052271603475513118e+01 2.760339683876482653e+01 2.581056180022605773e+01 3.576939536482244364e+01 2.880642250056797238e+01 2.255134279949765030e+01 1.238761552409050282e+01 2.049447118630835618e+01 1.510305689294175657e+01 1.558549765716961666e+01 9.349107930639680930e+00 1.049446847866320986e+01 1.956682890130141672e+01 2.120647421014191991e+01 2.553366056125376105e+01 3.070577029090727805e+01 2.726750522572567803e+01 2.726750576712478491e+01 2.030650212953151268e+01 3.061587974015477798e+01 3.874010441714450792e+01 4.309627945073190602e+01 4.505347207023726241e+01 4.161056970009077105e+01 4.820934464251071461e+01 4.903419851254815853e+01 4.425562795517302561e+01 4.425562795517303272e+01
4.526911365887433192e+01 4.406034849724735381e+01 4.442371563994974082e+01 3.896291557817453111e+01 2.915315288318774023e+01 1.774646475115700639e+01 2.437745349660534799e+01 2.102773140074609870e+01 1.216804822743324799e+01 2.118180371901355130e+01 1.753829325171690456e+01 2.603365762802915029e+01 3.027602768083664131e+01 3.609074365592510958e+01 2.668497871439634039e+01 2.053416146426059541e+01 1.062148250336661981e+01 1.107865944714076001e+01 8.989829795942171131e+00 1.838835500295350300e+01 9.979115020302742778e+00 1.043382313790429095e+01 1.099901483253550083e+01 2.143022691107875133e+01 1.274964456682881853e+01 2.424046262190774570e+01 1.678810527639983263e+01 2.726750576712573704e+01 3.471012265166655908e+01 4.375957833580351775e+01 3.983291156608966332e+01 3.531281571065827762e+01 3.456946556166820272e+01 4.435397713985937429e+01 5.239680591959795919e+01 5.381276906970155238e+01 5.381276907026929734e+01
3.817268279798359032e+01 4.826536646501769212e+01 4.023171159457196921e+01 2.938935551791600176e+01 2.356193552576974426e+01 2.915315288318774023e+01 3.247231325807329227e+01 2.511612246222250988e+01 2.126637356780297239e+01 1.120370517845798375e+01 2.023358885425252396e+01 1.600084574064194243e+01 2.188383830624067627e+01 3.200518815865105182e+01 2.872766105902163858e+01 1.975385624879584512e+01 1.943921768952871076e+01 8.890964039610130598e+00 8.721044729208237811e+00 1.864039968272930992e+01 2.387410921565388122e+01 2.063615598592721057e+01 2.116035198208032853e+01 1.198702635394704608e+01 1.274964456682881853e+01 1.359512254730810632e+01 2.415408414865451903e+01 2.965145520487211783e+01 3.700765216790406953e+01 3.805609456766426746e+01 2.978725973715139830e+01 2.803566605074323803e+01 3.322987677567050468e+01 3.909356511860323025e+01 4.857653681225416875e+01 4.930420166613888711e+01 5.013468828357034113e+01
3.957665865856314724e+01 4.465315656968098779e+01 4.430239375193627183e+01 3.813353160577816681e+01 3.473786293297840899e+01 3.430099104972894253e+01 2.835766127099913447e+01 2.132712897454570822e+01 1.120370517845798375e+01 2.027728696008551879e+01 1.041532615940096207e+01 1.933478705665055486e+01 2.348177736941136118e+01 2.854480889082192974e+01 2.922662587110836085e+01 2.192509194966853059e+01 1.494882432719205312e+01 1.505352262281063425e+01 8.446667123091387452e+00 1.835532712631235341e+01 2.802626290750116667e+01 2.897097801060051481e+01 1.870886989209198248e+01 2.243777829620749031e+01 1.552867994404611096e+01 2.421120332927496577e+01 1.500118252248666018e+01 2.559709923584092905e+01 2.695797536016735307e+01 3.063434503354681482e+01 2.383199505813677632e+01 3.403315767627481847e+01 3.902595081651721642e+01 4.292413282129778196e+01 3.963443551314711044e+01 3.963443551250787067e+01 4.060437321839089009e+01
