output/example/elevation_000067.asc
nrows	75
cellsize	13.33333333
xllcorner	0
ncols	75
yllcorner	0
NODATA_value	-9999
[rows 0 to 16 of 75, columns 0 to 36 of 75]
1.369999999999999864e-02 1.001369999995107740e+01 3.728977552863357303e+00 1.371660987031130219e+01 2.009041518711810781e+01 2.715943761845343118e+01 2.912530081563560458e+01 2.572386945053622398e+01 2.848163519760399609e+01 3.260202714854192152e+01 4.020885621584705660e+01 4.432496693065685633e+01 4.524199633479265970e+01 4.108112923946691097e+01 4.108112923946691097e+01 3.925317660732383018e+01 4.341143839632809431e+01 4.197712462781241527e+01 3.782314243700682965e+01 3.782314243700682965e+01 3.875666972692709322e+01 4.291403361438143094e+01 4.419199533648988876e+01 3.998041593872185473e+01 4.419199533648988876e+01 4.792883431077306255e+01 4.387916606823607424e+01 4.320262431246392509e+01 4.426776314517182698e+01 4.832346203512464911e+01 4.672953364036130353e+01 4.268064689040359383e+01 4.226339883742321746e+01 4.226339883742321035e+01 5.200723872466749498e+01 5.262184039190861284e+01 4.859383217214830353e+01
1.279999999999999888e-02 1.520356701970147606e+00 1.151604057390714075e+01 5.993438753791910045e+00 1.596916241827851657e+01 1.722279774065845004e+01 1.917890849946411791e+01 1.577802598495976127e+01 1.853834573791953133e+01 2.848155494745088845e+01 3.025559330737287311e+01 4.020886282961549796e+01 4.108112923946691097e+01 3.108860082594927832e+01 3.108860082594927832e+01 2.926842919148587541e+01 3.763757906643656526e+01 3.782314243700682965e+01 2.788831355840916260e+01 2.788831355840916260e+01 2.882182987369685279e+01 3.716091552837848866e+01 3.914632919386721710e+01 2.992069635628237734e+01 3.914632919386721710e+01 4.227714181460889620e+01 3.408507151205424179e+01 3.339394270621166783e+01 3.446867237384520877e+01 4.232950019241138051e+01 3.994258641364908868e+01 3.286469766527418557e+01 3.244156153262883890e+01 3.941138014009982271e+01 4.914878105664298857e+01 4.859383217214830353e+01 3.893610453501832325e+01
1.299999999999999940e-02 1.001298165666052675e+01 1.555524340081601942e+01 1.596860042981714578e+01 8.383390878985744976e+00 1.017858275804882062e+01 1.213768949429394617e+01 1.711930690694736512e+01 2.706490733181824737e+01 2.322341245405529619e+01 3.025559430662694282e+01 4.020916835833416769e+01 3.822088952264407169e+01 3.401534463706934730e+01 2.404473754397557173e+01 2.351910752611617283e+01 2.903004109052329085e+01 3.901734203389975164e+01 3.079815756702248208e+01 2.078405125316278657e+01 2.303871702819462541e+01 3.302078726330879732e+01 3.495055614750211959e+01 2.491127864788641233e+01 3.495055614750211959e+01 3.822454293975584250e+01 2.835162297118771235e+01 2.636664919718358036e+01 3.626659063002188788e+01 3.250569606203487183e+01 3.008809930160107982e+01 2.711993107180150986e+01 3.701340596292342155e+01 4.631163118431173586e+01 5.016618447707165984e+01 4.796463843231382640e+01 4.176478746903681838e+01
1.369999999999999864e-02 7.085626299002765194e+00 1.710460590193792285e+01 2.243021295017231509e+01 1.543353531362253683e+01 1.706194209584805321e+01 1.794949107431557422e+01 2.621171754597465409e+01 2.706492008117601955e+01 3.317085734001389596e+01 3.729109542370709818e+01 3.822088952264407169e+01 2.823692109590754740e+01 2.973743912466362005e+01 2.559252453614934808e+01 1.900804419861796291e+01 2.903004109052292137e+01 3.441990787608216351e+01 2.724771370550609007e+01 1.714850307123564477e+01 2.433618240578597991e+01 3.431065000201449067e+01 3.160413031429687791e+01 2.151052050692673845e+01 3.160413031429687791e+01 3.842260319057279361e+01 3.252440993821541326e+01 2.262507850959830691e+01 2.902446774701266108e+01 2.549368593942554639e+01 2.307144121580087059e+01 3.008809930158072632e+01 3.994258629196216503e+01 4.744955250379636880e+01 4.084856576175157983e+01 4.394101205068994176e+01 3.422870869595269028e+01
1.290000000000000001e-02 1.001289999999996283e+01 1.692636895437077982e+01 2.121188025209030670e+01 2.536678294844691806e+01 2.585649689316276323e+01 2.819959548238761116e+01 3.254962410215659929e+01 3.701319919085743493e+01 3.573283817015812502e+01 3.176663720518530099e+01 3.573361733116106365e+01 3.006901343812119265e+01 2.005927989145172319e+01 1.546305816054340809e+01 2.272747881866857611e+01 2.688257227893323886e+01 3.042837678237108534e+01 2.061789063254947507e+01 1.475348963483327225e+01 2.487401177518008311e+01 3.264619676866480802e+01 2.869035614460678474e+01 1.856675213916366474e+01 2.413192382571212136e+01 3.422865853036964268e+01 3.659207248673689605e+01 2.902446556052208138e+01 1.917968678100483615e+01 1.981594285746633588e+01 2.967342157434462635e+01 3.704241869817612098e+01 3.985300658033386867e+01 3.991484625433218270e+01 3.407504140987975205e+01 3.703134300003131330e+01 3.300587715224141760e+01
1.299999999999999940e-02 3.346333932085705953e+00 6.881903917458642717e+00 1.266205574528310329e+01 2.288739769351487396e+01 3.018889494165060228e+01 2.646433516598595048e+01 3.147727371686734088e+01 3.407939882104894025e+01 3.010808623072290402e+01 2.212414974348687124e+01 3.092161870942982205e+01 3.008826453656468658e+01 2.425465639564057341e+01 2.008595444854538670e+01 1.250096317109824895e+01 1.980106835147518041e+01 2.998362142378083206e+01 2.272879327815240558e+01 1.265756573775240135e+01 1.848795465298017149e+01 2.851681800979817538e+01 2.598463831464204787e+01 1.591469082330930718e+01 2.598470916548247445e+01 3.525774251818429406e+01 3.254149556304312796e+01 2.676715707560322599e+01 1.692253612274761565e+01 2.674323121201558706e+01 3.073903994517634786e+01 3.018362439478219983e+01 3.018440208395973556e+01 2.997055973030464315e+01 2.921243553618563027e+01 3.300587715213067241e+01 2.328286195245574319e+01
1.299999999999999940e-02 1.001299999999996260e+01 1.692725509649156734e+01 2.119132132483406750e+01 2.718324587502239353e+01 2.534520208843443712e+01 1.578617806777511667e+01 2.534634689523958428e+01 3.010808623072290402e+01 2.040126292195519397e+01 1.715383580379527118e+01 2.694525681660081773e+01 2.593735291444215108e+01 1.580251105213805118e+01 9.821179365379983039e+00 1.766571945400803045e+01 2.184580619475572760e+01 2.358428583323398442e+01 2.080836958591589081e+01 1.070257055057976459e+01 2.074046948819565728e+01 2.501733966146641919e+01 2.200642998265415784e+01 1.375471208020575098e+01 2.369158473118455532e+01 2.593096494061924417e+01 2.280096970519213784e+01 2.395091818093917624e+01 1.538490270080498235e+01 2.342127076401560259e+01 2.109749687666946727e+01 2.038062182555727020e+01 3.017580347524701523e+01 2.305311721998160124e+01 3.114577074634866705e+01 2.719277395564031963e+01 2.779252351899975082e+01
1.290000000000000001e-02 1.001289999999996283e+01 1.519526834631694179e+01 2.474885684096511795e+01 2.405300326278140588e+01 2.088042087476858555e+01 1.083053650742856000e+01 2.088042087476858555e+01 2.626450585725403641e+01 2.324432564524543210e+01 1.334338715817565202e+01 2.324431824313870720e+01 2.131250328056167120e+01 1.638479735127552317e+01 1.766391234214243156e+01 7.425504225743945419e+00 1.604555980946574323e+01 1.350927362475528959e+01 1.689944570549109315e+01 9.148375251597656188e+00 7.829021510745442392e+00 1.707020114673419187e+01 1.083902138523331971e+01 1.662607537946167824e+01 2.253976487099799186e+01 2.080880206793260356e+01 1.682216668136554460e+01 1.316412157480896994e+01 2.241210679509150694e+01 1.321006518828107090e+01 1.387872355966736215e+01 2.390017990786006763e+01 2.547465059680219923e+01 1.957292300418864883e+01 2.609935478729421376e+01 1.725107424138311885e+01 1.798201894155839753e+01
1.349999999999999985e-02 5.135957805860764225e+00 1.483991353771639865e+01 1.648403728427234327e+01 1.269674792182325618e+01 1.442692309941324247e+01 7.467881844371645705e+00 1.721288032546006974e+01 1.686955205277190473e+01 1.709527295078463993e+01 1.062548904263428717e+01 2.059817014547888547e+01 1.638410455364275364e+01 5.262108028897015011e+00 1.537422066185540892e+01 5.840812399541769118e+00 5.840812399541769118e+00 6.280081622702361699e+00 6.722368080961810044e+00 7.166250725540933786e+00 7.626713730604318009e+00 8.088589654906652271e+00 1.438863431625827438e+01 1.913737312892640219e+01 2.001765228522627282e+01 1.051028228814232968e+01 1.106264771955871318e+01 1.163027469717111906e+01 1.227121387731078883e+01 2.241135723223104748e+01 2.389694444123734840e+01 1.483758023418493543e+01 1.551483383517256343e+01 1.621856787186489157e+01 1.621856787186489157e+01 1.860718650125762963e+01 2.776991313373988390e+01
1.379999999999999977e-02 1.001379998839892238e+01 8.367773995372212781e+00 8.148231104136607783e+00 2.952966874331210079e+00 3.630119069867428827e+00 9.678781269898234285e+00 1.288064993564726457e+01 1.372200810498743628e+01 6.951546216924196386e+00 1.709003570407247707e+01 2.012565332099509519e+01 1.893770674910845742e+01 1.482355031408606472e+01 5.262108028897015011e+00 1.542804189376219526e+01 1.604505256060346241e+01 1.152493286642428849e+01 1.586397376930101899e+01 1.577599526508046424e+01 1.236731568605449461e+01 1.430973375885988297e+01 8.763330424178091604e+00 9.250007318848039617e+00 9.741263568333694778e+00 2.003052471567670167e+01 1.220784120605858725e+01 2.189867116294564298e+01 2.255224961140161000e+01 2.603739000444223706e+01 2.474673145203461999e+01 2.490102810905027653e+01 2.547463019248585425e+01 1.672916924758464674e+01 2.609896800849479348e+01 2.836029030062104539e+01 2.210120375881711396e+01
1.290000000000000001e-02 3.361540919176180253e-01 6.595775572455178093e-01 9.859229707840081458e-01 1.312851682526767094e+00 1.641270886067608181e+00 1.973329885623421820e+00 9.300636631173777147e+00 4.068075613651412681e+00 1.387827574535451625e+01 1.440683853790829794e+01 7.416861082540868289e+00 1.422641677901584600e+01 4.776630598315907861e+00 1.483470221295788782e+01 5.262108028897015011e+00 1.595844056583570847e+01 2.179709716127766228e+01 2.350290198918217399e+01 2.396923956693704838e+01 2.185313743892817584e+01 1.273308884511063255e+01 2.060567084274857663e+01 1.068476129275831354e+01 1.947246460420630854e+01 1.146111558091142335e+01 2.175065177035353514e+01 2.760046220037739673e+01 2.563476417374001670e+01 2.952596896227710133e+01 3.407907223562312282e+01 3.035931268559501461e+01 2.028376286430115272e+01 2.768858046252572791e+01 3.171968714519974242e+01 3.374885853668678237e+01 2.470803436955272048e+01
1.359999999999999924e-02 9.999138495533156146e+00 2.285571935128687393e+00 1.059721096517863970e+01 7.993907370767654008e+00 6.949165183708439386e+00 1.090919478802476128e+01 2.444671768130008083e+00 2.778646540580008040e+00 1.212652030287093297e+01 3.802775849018097176e+00 4.142010223851603001e+00 4.409765612037538141e+00 1.425283498763913848e+01 1.904179742223007210e+01 1.596079728487943683e+01 9.818762073709599747e+00 1.755303734899252888e+01 2.888231468766000987e+01 2.739656597951618267e+01 1.725275682705056113e+01 2.286011661470362810e+01 2.235595719223537614e+01 2.652484796701374137e+01 2.469362429072160836e+01 1.472306559811021920e+01 1.340149617784725322e+01 2.367121372966490966e+01 1.542588661879197254e+01 2.140082172479550238e+01 3.143411538034294850e+01 3.224176730475556951e+01 2.255434671416884740e+01 2.945823779820964461e+01 3.925516919397635718e+01 3.722556391811492205e+01 2.763648984679796072e+01
1.349999999999999985e-02 1.001312975244341175e+01 4.890763301957195885e+00 1.527806744233878611e+01 1.709883357570295459e+01 1.326008623972087719e+01 1.634350522185895827e+01 7.562943734435548571e+00 1.289202948361875478e+01 3.257841906832867895e+00 3.870889455303115678e+00 1.340491971724498121e+01 1.140517336617817534e+01 1.499179104175808064e+01 2.591508729652651155e+01 2.545149106868385402e+01 1.755304709704972765e+01 1.755304006007903084e+01 2.888275558805814214e+01 3.095630744784443422e+01 2.088783814264382244e+01 3.095630744784443422e+01 3.264611621048705103e+01 2.984983220760713607e+01 1.984948278530495713e+01 2.484965908530584144e+01 2.367121372966490966e+01 1.542588661879197254e+01 2.563477237639989070e+01 2.978271560984212840e+01 3.562040646174703795e+01 3.426054601242440611e+01 2.465714928186129740e+01 3.426614132890193787e+01 4.167451033054879161e+01 4.092287841369343226e+01 3.129428772903947120e+01
1.319999999999999993e-02 1.001319996777524501e+01 1.540825767013419600e+01 9.631839900092698414e+00 1.968480981405200581e+01 2.345699140651737835e+01 1.807982065064439681e+01 1.749946131979575270e+01 1.004581806076293837e+01 4.673241897755493923e+00 1.123308466601580236e+01 4.740139774007507967e+00 1.452347152970080657e+01 1.738536150922438850e+01 2.119401149120776395e+01 2.565030487276274584e+01 2.888363243349649068e+01 2.888275973574200961e+01 3.335220596111602021e+01 3.510089420274762517e+01 2.674767572569960450e+01 3.510089420274762517e+01 3.687842456565605431e+01 2.693849394340885084e+01 2.693849394340438508e+01 2.563477250973322441e+01 1.542588661879197254e+01 1.542588661879197254e+01 2.140076557855153894e+01 2.849996772289499347e+01 3.846443328033029729e+01 3.824597865085087278e+01 3.019172051383826627e+01 2.812477246034177014e+01 3.770474864899873069e+01 4.482246909697741444e+01 3.695045707745455132e+01
1.299999999999999940e-02 5.786502691522635189e+00 1.578649507134598018e+01 1.968481792889043547e+01 1.469573740657900451e+01 2.464563037083177477e+01 2.834617801580957774e+01 2.468191831864083952e+01 1.528199047124141075e+01 2.186210697623689825e+01 1.816946288030555223e+01 1.459998712914716990e+01 5.613128512369094381e+00 1.551174343327036276e+01 1.203649391530553281e+01 2.020921343294289940e+01 2.625105016454152818e+01 3.206934706212408770e+01 3.648954129712240047e+01 3.748807403656201842e+01 3.670540532505182085e+01 4.086376425501880760e+01 4.101475514510631371e+01 3.687842456565605431e+01 3.687842452970119211e+01 2.978006316515141805e+01 2.270349363961175371e+01 1.715889650472613681e+01 2.677642722710877621e+01 3.431738074576982456e+01 3.941321278405958850e+01 4.380099807599329864e+01 3.983158576478241031e+01 3.127194895433163779e+01 3.594524602817121206e+01 4.553221684179860773e+01 4.637564096567044203e+01
1.349999999999999985e-02 1.001349568334290119e+01 1.992811443739455157e+01 2.873381792488560649e+01 2.462966834909429892e+01 2.172042148518745819e+01 3.150534620971052391e+01 3.214809075051984877e+01 2.745240197490766221e+01 2.593861720984797969e+01 1.820563958920013903e+01 8.987639744629985827e+00 1.551338292911770367e+01 6.524274627032383478e+00 6.524274627032383478e+00 1.224677768518738041e+01 2.211623311754395615e+01 2.094182703614277941e+01 3.206934706212422981e+01 2.775028628642678541e+01 3.465505299350900970e+01 3.531710138700218948e+01 3.817345177596322259e+01 3.748013365315572543e+01 4.147492625226689711e+01 3.685663269066728986e+01 3.088025815100264992e+01 2.083314721329398012e+01 1.996733823885861625e+01 2.510894992697350148e+01 3.227412754654417881e+01 4.235993412023504590e+01 4.402227854527030360e+01 3.458967370778231043e+01 4.402227854527030360e+01 4.950060198099384934e+01 4.835367645005997161e+01
1.369999999999999864e-02 1.001369999999996274e+01 1.689890434305602085e+01 2.110091372840206958e+01 2.697654564398515120e+01 3.160493571526259515e+01 3.556997686315651919e+01 3.700841717506872186e+01 3.094467782669982370e+01 2.172998424790743499e+01 1.248343986587553367e+01 1.820563958920013903e+01 1.998658946599504560e+01 1.599176967106938463e+01 6.524274627032383478e+00 1.659428457931476331e+01 1.332785862302410074e+01 2.420100219396339369e+01 2.981331170306491885e+01 2.096054059661246072e+01 2.981331150259381957e+01 2.563056706194712220e+01 2.846768722705920496e+01 2.780898944891675129e+01 3.589582686700744318e+01 4.072739849362841369e+01 3.502887884261340190e+01 2.535937604795138967e+01 3.016857091260795087e+01 2.319163945995172682e+01 2.918806340363699903e+01 3.944160855190242643e+01 4.796450393799400302e+01 3.978213553448259177e+01 4.796450393799400302e+01 4.835367645005997161e+01 3.839706919733284707e+01
