output/example/elevation_average_000080.asc
nrows	75
cellsize	133.333333333
xllcorner	0
ncols	75
yllcorner	0
NODATA_value	-9999
[rows 51 to 67 of 75, columns 37 to 73 of 75]
1.926232382111860488e+02 2.891409081759900914e+02 3.101774186773218958e+02 3.215905768438914833e+02 2.420557439123064398e+02 2.540213766770232837e+02 3.481312603272663182e+02 3.804727002889561049e+02 3.297274827976335132e+02 4.113244457841734061e+02 4.281092572249789896e+02 4.457019781796172992e+02 4.065096327000632641e+02 4.912467932020501280e+02 4.426265627737523118e+02 5.066546622473928210e+02 5.951541174634722893e+02 6.059388692853362954e+02 5.790195015625056385e+02 5.995785443924045239e+02 6.035288803333412488e+02 5.650005248014655308e+02 5.065925478953507195e+02 5.726758094510274759e+02 4.799914360400391047e+02 5.067934181958316344e+02 4.911037393513906295e+02 3.973322218187223598e+02 4.911584966722105037e+02 5.168682700056326667e+02 6.092483635419098391e+02 5.478987967540485897e+02 4.546885914514072624e+02 5.169485304233347733e+02 4.537439877393462098e+02 5.469543768575972535e+02 5.795894779845125413e+02
2.890815476832401032e+02 2.307128763987217894e+02 3.267429044562094873e+02 3.769082338249435224e+02 3.102339217089414660e+02 3.496543388571931246e+02 2.719819306336798377e+02 2.852535982193284667e+02 3.007066773330764704e+02 3.165779683115509897e+02 3.335932031013853134e+02 3.514248964466203233e+02 3.739016694781842034e+02 3.978160429795838127e+02 4.916222449293849195e+02 5.722021479141166083e+02 5.624812518716701106e+02 5.279446082967914435e+02 4.895454295819149024e+02 5.077849589025333330e+02 5.720042701664400511e+02 6.359395855192608451e+02 5.990773945472739115e+02 6.106202926197773877e+02 5.728723714644386291e+02 5.380006941286587789e+02 4.446565656800564170e+02 4.913056120396911979e+02 4.233807622547515166e+02 5.170090107946990656e+02 5.847041439227427873e+02 5.707185070318585076e+02 4.781617650716488015e+02 5.706138061829545904e+02 5.469566372658953242e+02 4.868189735569372942e+02 5.795933147747645080e+02
3.656556523911196450e+02 3.267453697384302131e+02 2.760733564585331123e+02 3.714013297423975359e+02 4.052227459001539955e+02 4.062964819499894134e+02 3.274690702921033107e+02 3.396341565756603131e+02 3.948628039868540327e+02 3.717564932954591654e+02 4.272746357734525873e+02 4.063219634439508354e+02 4.666945659243536966e+02 4.675546379121686300e+02 5.167794608041421043e+02 5.145601255416979711e+02 5.043967134762864930e+02 4.464130913002587135e+02 4.304979479304035976e+02 4.405526724803461320e+02 5.320910635698826354e+02 5.949855750870812017e+02 5.974296846302825088e+02 6.354504674577044625e+02 6.033926242094220243e+02 5.109275856792779109e+02 5.109235148951864289e+02 5.550656486298190657e+02 4.898484374606709366e+02 4.536069819642332277e+02 5.468108815556282707e+02 6.088147299266161099e+02 5.710636390525637580e+02 5.177783819063112105e+02 6.094420254185533850e+02 5.796042476992125785e+02 5.265398143184127093e+02
3.911113428165217556e+02 4.103062949854731301e+02 3.316869026634662418e+02 3.529375176409780011e+02 4.473571116934179486e+02 4.607571908809895831e+02 4.222378298041599578e+02 4.316187487678174648e+02 4.725776630281674784e+02 4.658515348036838759e+02 5.042129583211338399e+02 4.999515149720207319e+02 5.381240322951824737e+02 5.584381537922828329e+02 4.971070736755499979e+02 4.432617091331475194e+02 4.701763882648094750e+02 3.867128587443751258e+02 3.795277269793247683e+02 4.698083924129415436e+02 5.396166111236497045e+02 5.038557460190276061e+02 5.052080490192175830e+02 5.972524970393180865e+02 6.409521155309685128e+02 6.033968271819501297e+02 6.033837758217530336e+02 6.202713314482274427e+02 5.466557139325889239e+02 4.886676510992878661e+02 5.025854144036534308e+02 5.951403263166736224e+02 6.400473476885260879e+02 5.486959360993992050e+02 6.400335467773699065e+02 6.562699425236118032e+02 5.796062373636225402e+02
4.311498651122453225e+02 4.647367427286304746e+02 4.263881959966958561e+02 4.473588808432597830e+02 4.380264612708486993e+02 4.374415492499715015e+02 4.759300116643839260e+02 4.540821177166502025e+02 4.165200649820043850e+02 4.376526497884611331e+02 4.761153921430305331e+02 4.898330444823258176e+02 5.280211887301090883e+02 4.817781795986267639e+02 4.422489387468192490e+02 3.761618689525134300e+02 4.304311004787551269e+02 3.370005839985072953e+02 4.242398790187049826e+02 4.480068608984651632e+02 4.506109774539781938e+02 4.372951369160836634e+02 5.278162341716788433e+02 5.659004253716512949e+02 5.864501279681280721e+02 5.988128502379091742e+02 6.375806806238887248e+02 6.759821172499254089e+02 6.179048999359561094e+02 5.266827770403808699e+02 5.951315833453747928e+02 5.661258181350041241e+02 6.577965338228630117e+02 6.178234792775157302e+02 6.120445511283446649e+02 7.027574517707290624e+02 6.445882185936864062e+02
4.685667037933399683e+02 4.237028688817319448e+02 3.862084667131274500e+02 3.886117959918946667e+02 3.461336891553112878e+02 3.428307668211060673e+02 4.373288386096425597e+02 3.992348033723362732e+02 3.215860431871963101e+02 3.430068651540041174e+02 4.226946144577583482e+02 3.958983211387815686e+02 4.895580627769260786e+02 4.417257881046950843e+02 3.487687016121958550e+02 3.224183509776306664e+02 3.868631339220828522e+02 3.135922089878790189e+02 3.344136893621834474e+02 3.583197572044451817e+02 3.872556156632535931e+02 4.762390168104255395e+02 5.357966145274314158e+02 4.730343004651609817e+02 4.937659684568018861e+02 5.074247676808284382e+02 5.883118276267717874e+02 6.273535830433021374e+02 6.563851839949658142e+02 5.910193982964727866e+02 6.560820771856616602e+02 6.577933565554985762e+02 6.867118510131749645e+02 7.059236009680430470e+02 7.005062583765527506e+02 7.336593452971007991e+02 7.352248171665139580e+02
4.263659914478133715e+02 3.701079153656195331e+02 2.947525176296059044e+02 2.934491696930699618e+02 2.751633607438786839e+02 3.706814328398262433e+02 3.676793108284923051e+02 3.286192560677457095e+02 2.647025035391511096e+02 2.949437585786354816e+02 3.287943058316258202e+02 4.236201381880397321e+02 4.432446649871901059e+02 3.937747033657463476e+02 3.516833057269097367e+02 2.776495424171091599e+02 2.920886047612153220e+02 3.855013738765144922e+02 3.903927025791056735e+02 4.524563759546025494e+02 4.807796676022071551e+02 5.076694348383225019e+02 4.696344723931284761e+02 4.054668766577948418e+02 4.294309410334072936e+02 4.609033531594718056e+02 4.970091893042388733e+02 5.628148377287042194e+02 6.546088943373296161e+02 6.823653331569742022e+02 6.496407789391361121e+02 6.129545189063489943e+02 6.500368965197832267e+02 6.854204819938494211e+02 6.531652998679463735e+02 6.883530695310134888e+02 7.323489126444499107e+02
3.542943614356580042e+02 3.134129415132468921e+02 2.365645519048228209e+02 2.265800851204458297e+02 3.227226935087129505e+02 3.396055225767853472e+02 3.004223901180752705e+02 2.325526175858237252e+02 3.286262654287165219e+02 3.897844103541319214e+02 4.229513631802669238e+02 4.286388397485256974e+02 3.761874066831795744e+02 3.095108979772374482e+02 2.590630727840867848e+02 3.548392959396639981e+02 3.872268424813260594e+02 4.262178413082089605e+02 4.833032461789383092e+02 5.226060811470152885e+02 4.809765912021983354e+02 4.425207345705014745e+02 3.753603065789879452e+02 4.642805833469156482e+02 5.187219448254471672e+02 5.532491807090378870e+02 5.883207755180135337e+02 6.273554856419350472e+02 6.215438112756079363e+02 6.100847229954883915e+02 6.025502373315746354e+02 5.205360775569645284e+02 6.025499130281421003e+02 6.405527233222386485e+02 5.625077410806752596e+02 6.077626822133005362e+02 6.827454417232639798e+02
2.962782640654592115e+02 2.199676471975605807e+02 1.871716012225961663e+02 2.654891521046531579e+02 2.698690591782279853e+02 2.742155281876671893e+02 2.039791021629463899e+02 3.004315559392788941e+02 3.676945774859954668e+02 3.497825287130357879e+02 3.887627997489873337e+02 3.592829058383336474e+02 2.958158278614108667e+02 2.411568957227352712e+02 3.371675207981213589e+02 3.937780086302155382e+02 4.705215254984521493e+02 4.712682089886811809e+02 4.366191803875011033e+02 4.569334318837769615e+02 4.184771785396130781e+02 3.478825936497331099e+02 4.039623157217432663e+02 4.970438381783221189e+02 5.623442111439956079e+02 5.369419509831111554e+02 5.690777571241848136e+02 5.867830815427615789e+02 5.292773644652032772e+02 5.176502494849130471e+02 5.177118972993147281e+02 4.716746243263719407e+02 5.627759624726611491e+02 5.657042805024979089e+02 5.111575472082530496e+02 5.533354372474258298e+02 6.077590816713449158e+02
2.456223799748267425e+02 1.598346292986773278e+02 1.642328164261877248e+02 1.686814351288957710e+02 1.730949401311125087e+02 1.774965199459119276e+02 2.742892808129545301e+02 2.851570646152371182e+02 2.893830643891453747e+02 2.539849098051716396e+02 2.988549384153373012e+02 3.035952901127452606e+02 2.239567527916238134e+02 3.201769018649958980e+02 3.761996360840589659e+02 3.794542884139726766e+02 3.763367756837377556e+02 4.169766912614776402e+02 3.424627123102964106e+02 3.957100520698953687e+02 3.235375099568308315e+02 4.184826090060963111e+02 4.809981900999679283e+02 5.360524401010509337e+02 5.262645117621278814e+02 4.467863011440289824e+02 5.176199001695680408e+02 4.941071501280298435e+02 4.631438574851195540e+02 4.806688459903053854e+02 4.240240585857710585e+02 5.177123497859130339e+02 5.336176126488161344e+02 4.726230719363949220e+02 5.386788691222961916e+02 6.308665574942131116e+02 6.661454784978479893e+02
1.536953570719577726e+02 2.507537293544502575e+02 2.611037550440057089e+02 2.378102770494458298e+02 2.434951660103360780e+02 2.742261052947300186e+02 1.839018256060893748e+02 1.885694503479339801e+02 1.932200942136097694e+02 1.978734532293952952e+02 2.025586853778011402e+02 2.072262433561396051e+02 3.036600318246784127e+02 3.157151407492751787e+02 3.207523618287523846e+02 2.840258282266285619e+02 3.794493705139243502e+02 3.609860364319013115e+02 2.856393318266640335e+02 3.008189116612239786e+02 3.960748229173560730e+02 4.570945586402467029e+02 4.843451195075317059e+02 5.192978004222501340e+02 4.825313412794167789e+02 3.944226628505949748e+02 4.707128623496075761e+02 4.295773467059581776e+02 4.497926489538025407e+02 3.864806118209395436e+02 4.806421673725729988e+02 5.045980783889302757e+02 4.401298784409458449e+02 5.336276847760461806e+02 6.035333479053728070e+02 6.043644549011029312e+02 5.763226702382073654e+02
2.444839055539665083e+02 2.045340957651046949e+02 2.953520333013911454e+02 3.327580681520491908e+02 3.384937653714196699e+02 2.984421543219686441e+02 2.023106680373114159e+02 2.850907275741700460e+02 2.895280294208741338e+02 2.506253365646053055e+02 2.989416998924905329e+02 3.036136004438451437e+02 2.143877244911364244e+02 2.194892556271420005e+02 2.245937923452922576e+02 3.208156012422418826e+02 3.411867019603629956e+02 2.652809519963490175e+02 3.609817364990312853e+02 3.958202589125343707e+02 4.347871260811996308e+02 4.178951505155218911e+02 3.902500948734355575e+02 4.816835265113301716e+02 4.465858714519281989e+02 3.562701855944374074e+02 4.178595351778189411e+02 4.358447329838382416e+02 3.551995526621256545e+02 4.497867977365307297e+02 4.771292789122365434e+02 4.107213607031164884e+02 5.045935498412488869e+02 5.716080951876092513e+02 5.610106162132599366e+02 5.118343684717229394e+02 5.800277918618669446e+02
2.842666618775733127e+02 3.008863026015127389e+02 2.725913185083309145e+02 3.646268018732206997e+02 3.669997290434777710e+02 2.728541350924083417e+02 2.987886453966871727e+02 2.319631128334199559e+02 3.280656018318141491e+02 3.464118653004966859e+02 3.747264867875854861e+02 3.448108023021470103e+02 2.548585708965022150e+02 2.863731805916245889e+02 3.207542883078203317e+02 2.318795792187974882e+02 2.455709980387488258e+02 3.415327853266155671e+02 3.999051208941732511e+02 3.632292492347262396e+02 3.706365993044215088e+02 3.230226616211918440e+02 3.836959780266763573e+02 3.956303716027993573e+02 4.045766994794143443e+02 3.222137513696840756e+02 3.316336518912517022e+02 3.411924070807972385e+02 4.359000563889239288e+02 3.714179593596597329e+02 3.830245663045452602e+02 4.772556665228678412e+02 5.137268293006019348e+02 5.306775455176933747e+02 4.678895987420843880e+02 5.610128806878983596e+02 6.419541370973837502e+02
2.673476753102524981e+02 3.378480525876258298e+02 3.681002626243075042e+02 4.036983442875030619e+02 4.053076399630902529e+02 3.684380881379311177e+02 3.035600581530090949e+02 3.280616739979583372e+02 2.674546003378150658e+02 3.631061651746872485e+02 4.005651953777580729e+02 3.125319682608385392e+02 3.505619275087703386e+02 3.817716283208515620e+02 3.268251176097165853e+02 3.280071304709983337e+02 2.397265155303749395e+02 3.357712810626530313e+02 3.515359147724943227e+02 2.675289787978153981e+02 2.757436045978972743e+02 2.839864523336156026e+02 2.924251698314457713e+02 3.009357668501282319e+02 3.095494205255552060e+02 4.047131841834596457e+02 4.222295104298715387e+02 4.101938384430071665e+02 4.192513507512822457e+02 4.657714684580404310e+02 4.771267739899437288e+02 4.042591214849436483e+02 4.202308080813561446e+02 4.373803147040633803e+02 5.309008010788974161e+02 5.179721413071245024e+02 5.645138385563856218e+02
2.021951261335336483e+02 2.986311057228123218e+02 3.731402341205587732e+02 4.138928467772047384e+02 4.681639497883625722e+02 4.373090867411471550e+02 3.793429986843125903e+02 4.019881545890319217e+02 3.276487623882247817e+02 3.125388274490118192e+02 4.075900641810892466e+02 4.076375294750852731e+02 4.065177412476331256e+02 4.602792017787378427e+02 3.822180234580625893e+02 2.874147942910704501e+02 3.357637816319017361e+02 2.476522834921971139e+02 2.559078828401761712e+02 3.517442454589624390e+02 3.711715104417574480e+02 3.793264676961883310e+02 3.614183807177818153e+02 3.563682399671256462e+02 4.045097279869131626e+02 3.610062372334854217e+02 4.555058071991005590e+02 5.019803402257089147e+02 5.129052548333348795e+02 5.510845619166474307e+02 5.363890409836818662e+02 4.640031300565719903e+02 4.747480840794898995e+02 5.304270491260498375e+02 4.864659354193253193e+02 5.524107713011560463e+02 6.104234994834650934e+02
2.986306430907396816e+02 2.389392394187784703e+02 2.796413243269999498e+02 3.367796030636524733e+02 4.313800918000699198e+02 4.910709703768962413e+02 4.663028395289087484e+02 4.592887258459117561e+02 4.207781271451119665e+02 3.827366480176909249e+02 3.723730364054130177e+02 4.666231367880614584e+02 5.003868786033290235e+02 4.398451309977257324e+02 3.463293987048319309e+02 3.815711907945352550e+02 3.174446930831866780e+02 3.431736041385213980e+02 2.585469682378762286e+02 3.543292448749014625e+02 4.023856004548259193e+02 4.527454805176470813e+02 4.555020906076182428e+02 4.508366187238813723e+02 4.893535031980814551e+02 4.304668351895913929e+02 4.381667028108839190e+02 5.316529343656064839e+02 5.851199255295489365e+02 6.092595543290807427e+02 5.920286054427654108e+02 5.562017809952710650e+02 5.675621523412323768e+02 6.055584219844282643e+02 5.394977970630160371e+02 6.170957675172553536e+02 6.817891831651994607e+02
3.739224462505719657e+02 2.947378267014813673e+02 3.164372928627468013e+02 4.099691768957914064e+02 4.606446728340000050e+02 3.976429993249227550e+02 4.149050887083868702e+02 5.054372048945327265e+02 5.074535065092313175e+02 4.764537266008094321e+02 4.666365448208628095e+02 4.666131020818270940e+02 5.596349581721538016e+02 4.794584417856180494e+02 4.067706508671979009e+02 4.511446637808301148e+02 3.885394364831835787e+02 3.225170768245218369e+02 3.543378870216071164e+02 2.696034338053539727e+02 3.652670271086497564e+02 3.584917410482528339e+02 4.529967796630560315e+02 5.172311200322691320e+02 5.297924232862599183e+02 5.235206808085079047e+02 5.316509293791903019e+02 5.567543301972289100e+02 4.925917280669519869e+02 5.168782745054994621e+02 5.478291412289760274e+02 5.450536384497053177e+02 6.324429509294063791e+02 6.599596678776532599e+02 6.299529082204385304e+02 6.654076180139823009e+02 6.966498686107991034e+02
