output/example/elevation_000000.asc
nrows	50
cellsize	20.0
xllcorner	0
ncols	50
yllcorner	0
NODATA_value	-9999
[rows 17 to 33 of 50, columns 0 to 36 of 50]
9.098509734387574266e-01 5.979047693951673459e-01 1.142612763380582264e+00 1.201338357485662645e+00 1.437972664493627706e+00 7.611091884180505307e-01 1.427782957854207835e+00 8.986078459128035156e-01 1.088042948022905465e+00 8.945574306829355837e-01 1.018162824996681870e+00 8.946037037771797928e-01 8.945553959328196303e-01 8.965306679339327678e-01 9.631703678988627892e-01 9.054806349875967886e-01 9.025608371415485554e-01 9.046005254047277955e-01 9.672530831340159230e-01 1.469698862471402023e+00 1.346161903997111997e+00 9.076021708771111474e-01 1.132973031588223156e+00 9.035970978177494395e-01 9.015629401751201755e-01 1.469643845333467036e+00 8.975596460700745460e-01 8.974598220774876456e-01 1.060632471602158677e+00 1.086138002529591695e+00 1.010104702595004733e+00 1.445243183256327280e+00 1.011916171039504153e+00 8.640346621180178266e-01 8.472889704253175891e-01 1.080149161720124873e+00 1.242111230464095772e+00
6.729603419142361487e-01 1.355528872145703501e+00 9.110653087386824112e-01 9.278724469623804705e-01 7.631102672593720326e-01 1.328298202788415150e+00 1.188712262959338295e+00 1.023301840038164823e+00 1.277471203078823114e+00 1.409916321836137243e+00 8.925306679339327642e-01 8.925272920614222283e-01 9.672582222591283863e-01 1.212709637244472782e+00 8.966020345245027112e-01 9.424627108809802145e-01 1.162220357154724493e+00 9.045630736570530184e-01 1.168141951957386127e+00 9.085954852330284659e-01 9.123968485794358152e-01 1.137552488357011171e+00 1.361343648996415023e+00 1.010587142321479170e+00 1.163548521944278047e+00 1.162839302812284981e+00 1.146452974994474960e+00 9.511267932397013958e-01 8.995057905209131732e-01 9.015770017519573187e-01 1.384610331179100706e+00 1.273911161757292909e+00 1.150234816589121412e+00 1.251050195357407802e+00 8.494039764317020680e-01 8.494009581921524443e-01 1.031379656348902163e+00
9.500813129397378543e-02 1.049281226382887899e+00 9.987008199337030767e-01 1.468981901206264595e+00 7.650643477303527007e-01 7.652114507496949880e-01 1.455296796223603195e+00 9.602623006396626693e-01 9.579999746284812989e-01 9.264647119115430041e-01 8.905278459128035395e-01 8.905478459128035595e-01 1.055620448178511639e+00 8.945954852330284535e-01 9.989130540404788094e-01 1.469869719199824232e+00 1.469688862471401958e+00 9.065522715275604604e-01 9.065904597849283597e-01 9.086005254047277990e-01 1.106416566362145693e+00 9.144323501032314283e-01 9.164286977103901499e-01 1.412666303973455273e+00 1.058119636340899339e+00 1.387319024916150223e+00 9.036002761902013347e-01 9.015095374410080353e-01 1.076950723813576039e+00 1.190134305491133082e+00 9.035909662470259507e-01 1.001425080492679864e+00 1.061376335879492316e+00 9.987567872720719553e-01 8.514073149370563476e-01 9.462295834416898366e-01 8.514031955048118050e-01
5.074168083889973868e-02 7.469778927190909856e-01 7.511766871419346403e-01 1.361962458384886610e+00 7.670649691012767502e-01 1.174035146744871305e+00 1.442982602697867600e+00 1.199973548296011661e+00 1.469041901206264544e+00 1.146786261123643458e+00 8.860222887990265583e-01 1.469598862471402034e+00 8.925913883996928755e-01 1.053106722594615574e+00 9.147445521095293186e-01 1.044137725652362736e+00 9.085731245532535638e-01 1.457254907500384888e+00 1.469688862471401958e+00 1.197248749053778649e+00 9.966415771223966491e-01 1.448192078830429219e+00 1.444762173041777231e+00 9.184439873223533279e-01 1.382653824974354739e+00 9.055970978177494413e-01 9.035944183258250995e-01 9.035095374410080371e-01 9.035440620894277242e-01 9.838676808891325676e-01 1.451321455068341093e+00 9.055957100388912773e-01 1.145413419713750880e+00 1.002694483939165160e+00 8.534111043108758565e-01 1.469422951237879360e+00 1.412819683557532180e+00
2.528005767708579876e-01 9.797962518821337063e-01 9.808992449849477380e-01 1.203858712557329680e+00 7.690652806898998772e-01 7.806339277433209656e-01 1.230425365872088284e+00 7.834140565247875720e-01 7.771204739051105204e-01 1.120524993555608084e+00 8.466553188513684658e-01 1.087796466156238262e+00 1.466310411667515634e+00 1.468750122870812636e+00 1.289321353961994543e+00 1.470381287342640730e+00 1.291073209138096312e+00 9.105754195059323486e-01 1.430346544747661097e+00 9.146005254047278044e-01 9.165954852330284730e-01 1.005172724335948953e+00 9.176073472580131840e-01 1.102396515695719170e+00 1.044735343419468609e+00 9.056021708771111456e-01 1.241706313042078902e+00 9.055100152607359343e-01 9.880086276327746386e-01 9.055451362935222903e-01 1.435126832544695530e+00 9.076002761902013383e-01 9.076044183258251685e-01 1.211577160679405241e+00 8.554182787002280186e-01 1.325317577244656375e+00 8.554182787002280186e-01
9.791283598286071310e-04 1.467660668883637110e+00 1.465144429591369590e+00 7.756886387644430503e-01 1.030608042928816692e+00 7.711142375980621910e-01 1.008000051136467956e+00 7.751185882125235516e-01 1.180481923013342094e+00 7.791214295520387800e-01 1.063244076809989114e+00 8.281618881223402617e-01 9.812225416852600191e-01 1.447030012344177941e+00 1.022673639903928011e+00 1.469748862471401907e+00 1.218976198022365898e+00 9.125731245532535674e-01 9.125913883996928933e-01 1.315235592604046655e+00 1.274920293193757104e+00 9.186107748449916510e-01 1.307791565842968851e+00 9.155970978177494501e-01 1.066383887047143819e+00 1.389645976544244821e+00 1.415690641834802976e+00 9.075104952773709321e-01 9.076044183258251685e-01 9.075185016953588590e-01 1.104618643286740198e+00 1.462358079845062164e+00 1.152024835565258476e+00 1.261212012863062615e+00 1.319770307165224033e+00 9.745723902214976642e-01 8.757293316729053423e-01
4.600753433092569233e-01 1.148765735901119411e+00 1.126573041875522430e+00 1.410554522555996559e+00 1.181700024648383529e+00 1.345684019224709704e+00 7.731151392751469675e-01 1.348302742557866640e+00 7.772114507496949987e-01 1.311373937322243499e+00 7.811849726932955651e-01 1.107413619613701217e+00 8.309733777378023323e-01 8.329841833059308254e-01 1.240838716033331401e+00 9.186078459128035334e-01 1.179033426862659439e+00 9.145754195059323521e-01 9.146005254047278044e-01 9.146055984640896197e-01 1.069878349494859160e+00 1.157563819253285553e+00 9.176044183258251774e-01 1.364099682594971830e+00 9.135844183258251539e-01 9.115129294101741442e-01 9.095419614420940935e-01 1.110961863832901297e+00 1.153109075946654682e+00 1.384519951262834780e+00 9.095477100055044950e-01 1.140045414912179034e+00 1.189044595626963741e+00 9.295970978177494626e-01 9.296073472580131947e-01 9.426974714877895956e-01 1.098851431234664888e+00
5.979472710492108600e-01 1.080862744404319287e+00 1.040763726619359897e+00 9.055235277654941628e-01 1.001609204813021403e+00 1.245840542434779152e+00 1.370011691488886907e+00 8.680075446488380031e-01 9.477645916014600935e-01 1.367870478231260956e+00 7.832010979878909485e-01 1.102158921701199557e+00 8.329665439857059095e-01 1.302179713587052312e+00 1.174359829298324165e+00 9.186037037771798142e-01 9.165904597849283686e-01 1.438063088768821940e+00 9.166037037771798124e-01 1.080500293663933853e+00 1.079560358073143433e+00 9.196002761902013489e-01 9.176021708771111562e-01 1.222482837472162576e+00 9.135469646380089959e-01 9.271915231662454238e-01 1.299218360075353296e+00 1.435637612822975306e+00 9.135970978177494484e-01 9.115492263017730412e-01 1.273459117571487331e+00 9.498730796231222850e-01 1.390591203474261128e+00 9.275932051223894081e-01 9.295944183258251226e-01 9.315970978177494644e-01 1.396162467418513131e+00
1.534601171854249602e-01 1.193419077194165068e+00 9.002378636156349589e-01 1.003827657606984891e+00 1.318790840744109794e+00 1.194124839083004153e+00 8.711109354975732355e-01 1.244596622664976504e+00 1.182814775949925457e+00 1.087489600152359293e+00 1.000210032572262930e+00 1.412947242198315800e+00 1.098421720071955487e+00 8.349800864725952509e-01 1.336894627494990218e+00 1.158482601707090609e+00 9.185862231362018626e-01 1.271175363728837215e+00 1.428905254022743376e+00 1.231783930446207487e+00 9.766067967596374633e-01 1.325413764122452376e+00 9.176002761902013471e-01 9.155820146223330180e-01 9.155319562133128475e-01 1.017898693987097314e+00 1.141968771093639923e+00 1.157026885262656846e+00 1.017559044473255847e+00 9.135244183258250938e-01 1.231759047885645053e+00 1.057517288366007779e+00 9.255899234283972987e-01 1.076167760980881072e+00 9.581911824345670237e-01 1.292029908219862300e+00 1.200998598382405413e+00
1.123418600940028211e-01 1.459044769048635004e+00 6.085415944864190907e-01 1.142439829839698273e+00 1.247523312251630045e+00 1.052588632865444351e+00 8.731121487010088389e-01 8.731199012522948832e-01 1.390224075682091387e+00 9.580907809350112103e-01 1.061639280718220224e+00 1.452355141022460661e+00 9.825053441443909463e-01 1.311397793642382403e+00 1.098534221398797639e+00 1.328060904219400040e+00 1.122577249235068964e+00 9.206020345245027325e-01 9.226037037771798177e-01 9.240587242176470095e-01 9.220602333374219306e-01 1.090575888332521615e+00 9.180471795975704286e-01 9.175944183258251119e-01 9.175331779417787992e-01 1.469743845333467025e+00 1.017215366802924681e+00 1.017218295735112576e+00 1.161415069599983418e+00 9.155920576460501170e-01 9.155540030959571363e-01 1.440654632002301483e+00 1.165835721232376221e+00 9.235685925688754683e-01 9.255970978177494590e-01 1.224545565172950212e+00 9.295957100388912986e-01
2.368195578726151052e-02 6.048529869635708156e-01 7.063362257529708366e-01 1.197071266285676838e+00 9.923432950694653920e-01 1.061816468718244089e+00 1.291277265088364157e+00 9.013713560172422756e-01 1.164582566177596812e+00 8.949861796095832656e-01 9.819296507116183070e-01 8.949820374739594353e-01 1.173618894082637532e+00 9.861518634763144497e-01 1.160265956182467528e+00 1.397219922645924317e+00 1.430458285813503760e+00 1.310668704257136330e+00 1.204774896433840503e+00 1.459815186950843113e+00 9.299178442151698754e-01 9.200560447257226659e-01 1.302767309014836172e+00 9.195970978177494537e-01 9.195344183258250537e-01 1.445919951528534586e+00 1.015211224667300849e+00 1.017215366802924681e+00 1.402996494078036838e+00 9.175970978177494519e-01 9.175301568280933573e-01 1.198493932695064546e+00 9.215669841609226420e-01 1.219852717640073747e+00 9.255790629867657326e-01 9.275685925688754718e-01 9.296002761902013578e-01
6.540601710037032834e-01 1.194406194482462880e+00 6.085474523507953259e-01 1.267013535155061099e+00 9.903451897563751993e-01 1.229791260159706523e+00 1.251352727554156941e+00 8.966388064797576885e-01 8.946215238497119415e-01 9.108022283398813368e-01 8.929749664061474856e-01 1.065875803955306012e+00 1.224170209911850771e+00 1.457296170590104412e+00 9.881557561716742821e-01 1.047372580254779750e+00 1.139326290488022586e+00 1.262150672488211001e+00 1.163423838716612924e+00 1.455066926669567495e+00 1.339682748372827081e+00 1.461913624622643404e+00 9.422864100566910039e-01 1.046890286601949160e+00 9.215356782470849328e-01 1.011706171088988970e+00 1.015200871905496793e+00 1.017211224667300851e+00 1.430833650042024230e+00 1.375882123509086341e+00 1.318243975265314560e+00 9.195561088068766598e-01 1.079931314494914085e+00 1.354466607885631557e+00 9.275970978177494608e-01 1.084733245702971249e+00 9.295920576460501294e-01
4.909850854147627119e-01 6.517531008404915394e-01 1.372457691344763031e+00 1.314746550666812785e+00 1.467996073152123770e+00 9.873548886096037425e-01 8.986551420183890304e-01 1.153297875290660635e+00 1.335647691374118873e+00 8.909531679832478623e-01 1.257461879266995153e+00 9.813889853189536883e-01 9.841737598034565604e-01 1.470076753844254069e+00 1.197651262830150776e+00 1.468008457445068693e+00 1.273824860153494054e+00 1.327502175906991599e+00 1.057321535434467163e+00 1.243769266703169452e+00 9.296002761902013578e-01 1.265990017914318866e+00 1.186983627047629497e+00 9.235649208511420571e-01 1.081238756211428509e+00 1.460173961576162638e+00 1.182992662031204345e+00 1.017215366802924681e+00 1.461417031975467351e+00 1.279590117505402080e+00 9.215879608127144351e-01 9.216002761902013507e-01 9.215986069375243783e-01 9.430475907628474985e-01 1.336157557827235109e+00 9.295378270790690678e-01 1.440399483511095369e+00
3.962370847149454534e-02 1.280929657145028600e+00 7.465618297139666737e-01 1.468891478588929989e+00 9.046767647949907065e-01 1.442770644983582651e+00 9.006493482211229695e-01 1.054061095817946159e+00 1.048442849719595449e+00 1.293808059506363906e+00 8.889290975702581754e-01 1.280026304072747090e+00 1.298497791081742347e+00 1.157980594083087844e+00 1.047304793088325470e+00 1.049306894418315705e+00 1.051308369186563674e+00 1.470412480919010223e+00 1.055325724046166425e+00 1.380189191235052126e+00 9.295944183258251226e-01 9.275812520779215253e-01 9.255889232282571433e-01 1.215348961337861633e+00 9.255737981338019171e-01 9.745665481445966449e-01 1.029745561632109174e+00 1.451979632936623466e+00 1.332272426795807707e+00 9.236021708771111616e-01 9.235844183258251627e-01 9.285732585527571858e-01 1.274000285934393961e+00 9.236044183258251827e-01 1.192465904516215369e+00 9.275378270790690660e-01 1.104968456529678233e+00
2.605283927408929001e-01 6.601266863742166757e-01 9.723618155801636576e-01 9.132746536432951867e-01 1.291449860968596042e+00 9.026667647949907503e-01 9.026726226593669855e-01 9.026796937271788224e-01 1.206967025377629454e+00 8.869820374739594282e-01 8.869283563097518641e-01 8.869561796095831729e-01 1.039059841527144146e+00 1.045287683786395805e+00 1.244122517499353986e+00 1.049315077921356476e+00 1.342770625477929691e+00 1.053321535434467160e+00 1.055327393298843397e+00 1.271022796340260497e+00 1.367013723051414553e+00 1.305789940057751508e+00 1.178725646891396917e+00 9.900589895844361665e-01 9.275596460700745727e-01 1.424776143079936608e+00 9.644349549171261637e-01 9.644368496040359728e-01 1.185044950311658463e+00 1.044342035130487734e+00 1.404638236318457301e+00 9.255957100388912950e-01 1.324653684749504512e+00 1.244739852045030570e+00 9.255361578263920919e-01 1.411855868430888616e+00 1.198399504143736749e+00
3.048053885361223792e-01 1.236358812022605003e+00 8.977996798310758919e-01 1.015682925993884878e+00 9.046767647949907065e-01 9.046726226593669873e-01 1.189355501073785071e+00 9.071920695127588807e-01 1.066579787774414534e+00 1.407086777261411514e+00 8.849294712892625814e-01 8.869716847121553727e-01 1.341926174635615254e+00 1.186137348373218936e+00 1.302384900969514092e+00 1.051311535434467093e+00 1.051329287985753203e+00 1.350714317293443045e+00 1.466669334214983245e+00 1.211049329730797819e+00 1.466251343078445402e+00 9.458105837144570316e-01 1.165727182663041539e+00 1.430437336125055303e+00 9.295624568015981026e-01 1.110469897382633686e+00 9.624317765446741557e-01 1.023651181296972634e+00 1.377599881515126246e+00 9.371133267609712547e-01 9.276002761902013560e-01 1.011203889230520403e+00 1.085615680485606083e+00 9.235419692146928927e-01 1.302048328164521651e+00 9.235113490226696253e-01 9.770250305002653457e-01
5.470844782054917754e-02 1.096581179525039085e+00 1.027094184344599093e+00 1.343645154031633870e+00 1.136830134028731898e+00 1.238677314302020438e+00 1.169047605764118591e+00 8.956016247753677550e-01 1.227242024490447170e+00 8.829002629791169454e-01 1.466926406713948916e+00 1.114840850897638402e+00 9.375030611369055134e-01 1.175645393698070196e+00 1.053325724046166423e+00 1.053327393298843395e+00 1.130973524504074845e+00 1.463848110371626099e+00 1.088221065213023087e+00 1.385924235670286553e+00 9.437960888170291440e-01 1.455802121877921795e+00 1.425886841896184754e+00 1.257096892536776256e+00 9.315654285309694638e-01 1.405969770921945194e+00 1.064403126224961804e+00 9.599286568104218320e-01 1.314623810622131517e+00 1.080000117962016892e+00 1.328846872174546778e+00 1.065340333683731266e+00 9.215397217659788698e-01 1.434867331580083727e+00 9.215072478551428192e-01 1.015247894519149874e+00 9.255173281985413780e-01
