output/example/elevation_average_000009.asc
nrows	75
cellsize	133.333333333
xllcorner	0
ncols	75
yllcorner	0
NODATA_value	-9999
[rows 34 to 50 of 75, columns 37 to 73 of 75]
3.565943036690775898e+02 3.663383094108669980e+02 3.559745071032282908e+02 3.792011025600639869e+02 3.273913978608287039e+02 3.339429676309400747e+02 3.908987840239767593e+02 3.988977665462908817e+02 4.024172365642710929e+02 3.904493614887427952e+02 4.077299370681008099e+02 4.102658042999246391e+02 3.666246509417984498e+02 4.137102138327086891e+02 4.228613223606191127e+02 4.359011660295120123e+02 4.338347051992352590e+02 4.451742341278475124e+02 4.449717047335797133e+02 4.468204446885625885e+02 4.427662713564699288e+02 4.466687635831738135e+02 4.474889562182078748e+02 4.443513220287539411e+02 4.486410527271013393e+02 4.492591902786457467e+02 4.495028923786792348e+02 4.494139143354601629e+02 4.493712711181447048e+02 4.487366211133096954e+02 4.494202840749944130e+02 4.495300675754008921e+02 4.494857580765485636e+02 4.495204307538382977e+02 4.495477303019989108e+02 4.495522948538061883e+02 4.496374742149120607e+02
3.598702277695965108e+02 4.019127896600332974e+02 3.992271214289712589e+02 3.689399485794711495e+02 3.856228079323932434e+02 3.467557598315134442e+02 3.538738036743162638e+02 4.039198777685714390e+02 4.232965339450145166e+02 4.259022263990443662e+02 4.311465005372490396e+02 4.214342232220734559e+02 4.058653430492187795e+02 3.719188432363936272e+02 4.171864081074708679e+02 4.094030879638790452e+02 4.359251953702876108e+02 4.345673750328493838e+02 4.426491499059210355e+02 4.404889484320169686e+02 4.344653752281720926e+02 4.447996656347597764e+02 4.394304144764986404e+02 4.473504268141087437e+02 4.485421173210798429e+02 4.494351262479147522e+02 4.492583669308091316e+02 4.490717281483299530e+02 4.478774364080546775e+02 4.493951237141127422e+02 4.495430202186065003e+02 4.495974044438395936e+02 4.496162457630359768e+02 4.495652696045629568e+02 4.496169516504197077e+02 4.495391918292033324e+02 4.495855011059002777e+02
4.032366643155716019e+02 4.020356146047169545e+02 4.186949758233890293e+02 4.027798447852247250e+02 4.056204310070247061e+02 3.638477561510105147e+02 4.027109222620930495e+02 3.742778886180170161e+02 4.156628644828418260e+02 4.319505984043918261e+02 4.405238366661099576e+02 4.373165436093049152e+02 4.181966254784192074e+02 4.129791784718456711e+02 3.772696636589113268e+02 4.204734254711021322e+02 4.131267539514403779e+02 4.374904391587435839e+02 4.360486160193455021e+02 4.178589530422162284e+02 4.254367740212521767e+02 4.321236713987780149e+02 4.454262800151258830e+02 4.473635772718695307e+02 4.491821380210275834e+02 4.490197323594875911e+02 4.487120505147899507e+02 4.464391288483888616e+02 4.491417436119459126e+02 4.491599321383109782e+02 4.494878928807539751e+02 4.496272505618487116e+02 4.496867276000391485e+02 4.496358465022547080e+02 4.496738564212345182e+02 4.496165250718954098e+02 4.496717825297795343e+02
3.972557529916234103e+02 4.181565292565770733e+02 4.289358477165358750e+02 4.300832667196701209e+02 4.095736918623885003e+02 4.097704020260904372e+02 3.880090724123836594e+02 4.163089076636547361e+02 3.944463507832305709e+02 4.177990323536449182e+02 4.371577607140502550e+02 4.412353354076842038e+02 4.375699067469665806e+02 4.136578093114722492e+02 4.204954455472406494e+02 3.826673389981245919e+02 4.236119698761673931e+02 4.301588988325295304e+02 4.072228613144154679e+02 4.360804802910779472e+02 4.425050709511839386e+02 4.436210610655303981e+02 4.445754886098750376e+02 4.485708023473079038e+02 4.484927790419059761e+02 4.481235640396723738e+02 4.441970666057092672e+02 4.487635593308835382e+02 4.489556807093501902e+02 4.494646331826672849e+02 4.495841061382339490e+02 4.496442681288957601e+02 4.496541764208332097e+02 4.496136835538225114e+02 4.496920352790493212e+02 4.496650534103317227e+02 4.496809919069456214e+02
3.685120988486231113e+02 4.106072505023744270e+02 4.283401058656830287e+02 4.361332085051603826e+02 4.335229269124615143e+02 4.204463571320810615e+02 4.237421954567822127e+02 4.117143952187742002e+02 4.272480047289752747e+02 4.146831199871347735e+02 4.368288285697054789e+02 4.448009566383046263e+02 4.405510959614531998e+02 4.354597176135259815e+02 4.169074862881678882e+02 4.235666425928775993e+02 3.878648925522941227e+02 3.961213436424888528e+02 4.308849244649443335e+02 4.308205653313216885e+02 4.420083486478079067e+02 4.478029791384533951e+02 4.485139798447655721e+02 4.488106565838851907e+02 4.479108973630545734e+02 4.407938486840048427e+02 4.479482850758197969e+02 4.490119440309910033e+02 4.495216003372660794e+02 4.496003886470510906e+02 4.496727533871893456e+02 4.496064005200751694e+02 4.495994912999500457e+02 4.495430254035245525e+02 4.496411687907984174e+02 4.495905655004850701e+02 4.496033537436837264e+02
4.105461792957021885e+02 3.893578211475792159e+02 4.080856919570725267e+02 4.330322825831987075e+02 4.412443451154676950e+02 4.389469887636043381e+02 4.354253285856163416e+02 4.285499723411770674e+02 4.374946177171595423e+02 4.368611707651490974e+02 4.309585898384992788e+02 4.429998813783358855e+02 4.465434624341860399e+02 4.406305063589047109e+02 4.363914629065753843e+02 4.210704387119256467e+02 4.266779671039747086e+02 3.936109250181280004e+02 4.246420177068415569e+02 4.422408626137631131e+02 4.457727501551191835e+02 4.483122176922480548e+02 4.487014684630242414e+02 4.470156979004096911e+02 4.460653222740422734e+02 4.373932587958628915e+02 4.472860216634723542e+02 4.486412598947516699e+02 4.491786130088235041e+02 4.495729094423735432e+02 4.495862193084134901e+02 4.496342383346745351e+02 4.496513435181090586e+02 4.495839092427490300e+02 4.495740531013584018e+02 4.496428766217555903e+02 4.496534258846701277e+02
4.283097425861330976e+02 4.115462609533647651e+02 4.235798369441112641e+02 4.296064611295807936e+02 4.427113629891908886e+02 4.459999301150266433e+02 4.441935214332418127e+02 4.425498733488840344e+02 4.441327970838654551e+02 4.448702018445195563e+02 4.434243663835313782e+02 4.437206115306117908e+02 4.475778476175333935e+02 4.468895324545591166e+02 4.428807710260909971e+02 4.386411556701910968e+02 4.314248754825810011e+02 3.976129986187626741e+02 4.317803203018503950e+02 4.349820905726871274e+02 4.456601123148549277e+02 4.471497824653891939e+02 4.445133326412559427e+02 4.444355892454412356e+02 4.324607157030395115e+02 4.460924698988845876e+02 4.436465889505130917e+02 4.465253738649687989e+02 4.491748823676460916e+02 4.494927137335510565e+02 4.495165943871521677e+02 4.495376848553990499e+02 4.496397381566596323e+02 4.495617361282664888e+02 4.495151766428891165e+02 4.495444762774425840e+02 4.495880720649270188e+02
4.376410807271329304e+02 4.343588099779396430e+02 4.375926351499609268e+02 4.413811428864912045e+02 4.425006223294561778e+02 4.473267243058691633e+02 4.453543108618100064e+02 4.436132295091806554e+02 4.418434700873007728e+02 4.429818084679538401e+02 4.444200284648322281e+02 4.460288437701478301e+02 4.467090712279020295e+02 4.474469882835801968e+02 4.472985474697597397e+02 4.413176167438168704e+02 4.260505374573348263e+02 4.318147727658247277e+02 4.031266240584848788e+02 4.347109420918140472e+02 4.353375929268503910e+02 4.414151533443702533e+02 4.427756076354944526e+02 4.266838239782571236e+02 4.443886934270761344e+02 4.462795403259845557e+02 4.486498825547951128e+02 4.488816309088358594e+02 4.484304800483347435e+02 4.491232677681579730e+02 4.495042088872775139e+02 4.495037510333635851e+02 4.495636790052001857e+02 4.495490356894666206e+02 4.495159281759027863e+02 4.495746705394520291e+02 4.495369544889593953e+02
4.423305902496248905e+02 4.402218272276937796e+02 4.395794758258670072e+02 4.393171587614418172e+02 4.449989750077613166e+02 4.441296325285902071e+02 4.416503020645164383e+02 4.325671407195046640e+02 4.258581383324935814e+02 4.289969967893604235e+02 4.349010056601781002e+02 4.411079257315133759e+02 4.390476135618613398e+02 4.466751336019482892e+02 4.480968036707578221e+02 4.446347707197748491e+02 4.426817536348900148e+02 4.312223163139011035e+02 4.347455090411359038e+02 4.083580534356919429e+02 4.119602033771895435e+02 4.388670222710205167e+02 4.219508504324296041e+02 4.427632925844429792e+02 4.329489184835589413e+02 4.463856164033975347e+02 4.475479378258897896e+02 4.493505016869816018e+02 4.494835781186041572e+02 4.493767929019221583e+02 4.494992974925505109e+02 4.495851782054025989e+02 4.495708693272380287e+02 4.495491403749668393e+02 4.495180536877789450e+02 4.496037321219892533e+02 4.496051489859748358e+02
4.351520641549803372e+02 4.257445837166912384e+02 4.251252003946221976e+02 4.396192365791094971e+02 4.427142406725980095e+02 4.350848917466627199e+02 4.287103592624500834e+02 4.208424306928874898e+02 4.042178116278217885e+02 4.095170014605635629e+02 4.284171390356234497e+02 4.228929241712515363e+02 4.406445094225070989e+02 4.460467191966924929e+02 4.476531409126559993e+02 4.482734435352833771e+02 4.459771885983802235e+02 4.436659157837569296e+02 4.372329189248514467e+02 4.285396038300578994e+02 4.387644357795001611e+02 4.167920110224105770e+02 4.407957946398409490e+02 4.442759675861454411e+02 4.464263398396034290e+02 4.378424729688255184e+02 4.476813561841137243e+02 4.484082184964823341e+02 4.493801855050547260e+02 4.495482074653952509e+02 4.495822514199052193e+02 4.495520195632097966e+02 4.495208441086388120e+02 4.495311901520908577e+02 4.495438535931723436e+02 4.495269955081190574e+02 4.496139175223139546e+02
4.220502546825825902e+02 4.076327033030103735e+02 4.311392493221275117e+02 4.371705506735812605e+02 4.331504366551052385e+02 4.244127445786506314e+02 4.056980492001607672e+02 4.138729422499887391e+02 3.816796416618236094e+02 3.901902823585791111e+02 3.986347429200209262e+02 4.283433476430366795e+02 4.352792364507967022e+02 4.398345189499428898e+02 4.432456672944217075e+02 4.475937588350363399e+02 4.486435073730798990e+02 4.473557390952616970e+02 4.434573571336965188e+02 4.440804080564763012e+02 4.325690268205062807e+02 4.408915748632275040e+02 4.260623105825794141e+02 4.441011360332007598e+02 4.472515727011181070e+02 4.475669840547992067e+02 4.416428690002903750e+02 4.484057395607671310e+02 4.487362608956399299e+02 4.495243201886460724e+02 4.495039050527847735e+02 4.494666453600227101e+02 4.495805282210213250e+02 4.495902810736799324e+02 4.496351303687272321e+02 4.496299991607129982e+02 4.496409089358581923e+02
3.901952650816834307e+02 4.219953407770823333e+02 4.275881572723449722e+02 4.173102135504656189e+02 4.272234364292172586e+02 3.980256427017920373e+02 4.067436517195877173e+02 3.703114121599521695e+02 4.139284873148122301e+02 4.238252707677141871e+02 4.294482477622347005e+02 4.104254942777029100e+02 4.188857180416511596e+02 4.267363513223888845e+02 4.399702543034315454e+02 4.458321478752185385e+02 4.486798297782481768e+02 4.486608921352778907e+02 4.483196490223156729e+02 4.466470667994036603e+02 4.405884258973125611e+02 4.455476138875745278e+02 4.441687765386178057e+02 4.335527834410029868e+02 4.454280940483268409e+02 4.484277517494897438e+02 4.483962593800766854e+02 4.444851652593013682e+02 4.488669199456592764e+02 4.493492544234313186e+02 4.492176260312842828e+02 4.495173676511022336e+02 4.496289807941222421e+02 4.496022503174904728e+02 4.496475830067705033e+02 4.495435667784483371e+02 4.496001871707401278e+02
4.113703608597627976e+02 4.275437808880988655e+02 4.135991927821870036e+02 3.865534741124525908e+02 4.090413620275685389e+02 3.992656405420004262e+02 3.594110817995509706e+02 3.972931527225653667e+02 4.020476256399244903e+02 4.311184707130507832e+02 4.390744300655599659e+02 4.326668013145598479e+02 4.322228652031021738e+02 4.417341624440239229e+02 4.357365724782468988e+02 4.458210036948158290e+02 4.479423187031984526e+02 4.493435486246050345e+02 4.490196713589338060e+02 4.463604799956418105e+02 4.476487672547564216e+02 4.478416641241869911e+02 4.472196253335038136e+02 4.381083131695578459e+02 4.470757931751393244e+02 4.488043603783298749e+02 4.491261164645529220e+02 4.489443842001101075e+02 4.465503369602800490e+02 4.476676282698204545e+02 4.493740168350201429e+02 4.494656597166218148e+02 4.496458352184304204e+02 4.495786786178471743e+02 4.496005662392481668e+02 4.495865536919190504e+02 4.495229675483526535e+02
4.187199846073789331e+02 4.162473415272105512e+02 3.972242063827532093e+02 3.575234348040686427e+02 3.909474840389390806e+02 3.484924327462808833e+02 3.893708178004080764e+02 4.068780956623170368e+02 4.280046351708946872e+02 4.273832269193758293e+02 4.422557535099261372e+02 4.446766606654138627e+02 4.445081459855434218e+02 4.442640685352316723e+02 4.459581132674761648e+02 4.422427386424055840e+02 4.479089584689729122e+02 4.491365462631124501e+02 4.491578561564618326e+02 4.485496408417498060e+02 4.491248173241353925e+02 4.491451442836967090e+02 4.466854318617299668e+02 4.474925709581762021e+02 4.428269638380239712e+02 4.485213421763173187e+02 4.492464618604054749e+02 4.492717419579408329e+02 4.491328927716598400e+02 4.493657035412592222e+02 4.485983327546493911e+02 4.495235239739929511e+02 4.495345617424096645e+02 4.495510788881571784e+02 4.495798537026961981e+02 4.495856110312582814e+02 4.495234454735139025e+02
4.156138072763531568e+02 3.905510345861661676e+02 3.649992518782506750e+02 3.298357648907153248e+02 3.375998722148100910e+02 3.818185810655386945e+02 4.090839776764038334e+02 4.289675050524365929e+02 4.361050493354338187e+02 4.421344435783176436e+02 4.439007052227183294e+02 4.462055879038600210e+02 4.478037905950765207e+02 4.481948823442489811e+02 4.482050994125755210e+02 4.478700054965059394e+02 4.463588668523404976e+02 4.489111539868744671e+02 4.494470864340566436e+02 4.493477176254300502e+02 4.494842209565985627e+02 4.491649049999334125e+02 4.492093437890968062e+02 4.478124174416444703e+02 4.485605228399564908e+02 4.460779028167551701e+02 4.490378134282269116e+02 4.494377515457589425e+02 4.495292327943936357e+02 4.495135086028384421e+02 4.495288487767660968e+02 4.490950241403521090e+02 4.495110341240899174e+02 4.495278293495420030e+02 4.495996865556058424e+02 4.495677031768069014e+02 4.495103421277542566e+02
3.828935842334004178e+02 3.687313997983570744e+02 3.189583178056274164e+02 3.774205453213642159e+02 3.900679790264609323e+02 4.025670680228692504e+02 4.248814823019887967e+02 4.321050473265158871e+02 4.386364046253674474e+02 4.357098523832303840e+02 4.356238323178837959e+02 4.418115158013081896e+02 4.466592091107268629e+02 4.480399392099595275e+02 4.485477016727927548e+02 4.488354256834884382e+02 4.489629605981710938e+02 4.483819899400155009e+02 4.491441698965402907e+02 4.495473907177158139e+02 4.496102483936393810e+02 4.495216082637776367e+02 4.492381119794504798e+02 4.493955243881562751e+02 4.489318332818845079e+02 4.491169879199438242e+02 4.479662919342484315e+02 4.493662231339468462e+02 4.495067307018671841e+02 4.495914613776057536e+02 4.495563565266681962e+02 4.494608553419671466e+02 4.493524170136510065e+02 4.494512391823806752e+02 4.495336345135712008e+02 4.494992617942149877e+02 4.495286388938903883e+02
3.612750104415730448e+02 3.076841534216845844e+02 3.168247469090358095e+02 3.259686843808683534e+02 3.826480681417655205e+02 3.968295269915541894e+02 3.969078357735693316e+02 4.253581209181853069e+02 4.257308130841529987e+02 4.119257828013892322e+02 4.266134734784264992e+02 4.389967194306563556e+02 4.443234456159705701e+02 4.437475328796211897e+02 4.467899310158126696e+02 4.461105887364749378e+02 4.486696170472393987e+02 4.493688106237808597e+02 4.493344058968693275e+02 4.494644465363389259e+02 4.495797079525360118e+02 4.496199988765096123e+02 4.494888298088353054e+02 4.495847594741643434e+02 4.495596403675131683e+02 4.493918414107390049e+02 4.493436276115995724e+02 4.489856093777596016e+02 4.494291534182427199e+02 4.495050748955434301e+02 4.495411242848623488e+02 4.495795036998818546e+02 4.495385896342714886e+02 4.494798081082526551e+02 4.496004947121635382e+02 4.495040164163730765e+02 4.495135498789261419e+02
