output/example/elevation_000024.asc
nrows	50
cellsize	20.0
xllcorner	0
ncols	50
yllcorner	0
NODATA_value	-9999
[rows 0 to 16 of 50, columns 0 to 36 of 50]
2.590084917154735766e-01 1.018013823533891760e+01 1.474894711130398406e+01 1.472234168499730877e+01 1.886572397898373410e+01 2.198063218888630388e+01 1.393696382472580808e+01 9.548539859175001254e+00 1.415436287211349331e+01 1.853812259724752565e+01 2.538945517868822677e+01 3.512247169818839154e+01 3.959158785710824446e+01 2.939990913983920606e+01 2.228800157842768925e+01 1.634032977586934976e+01 1.413544567014524311e+01 1.728875445289070001e+01 1.863849510768032047e+01 1.040422961839584737e+01 8.659494144202202648e+00 8.663765431836635500e+00 1.645672965137629973e+01 2.358562241296740680e+01 2.805937206121661376e+01 2.950196048274374405e+01 3.017672132391916051e+01 2.481596713697742373e+01 2.709907689854518864e+01 3.731655732699827865e+01 3.441060608201993887e+01 3.960963524369578437e+01 4.384207279921604083e+01 3.620962209462198444e+01 2.598020662311087037e+01 1.979741798292130284e+01 1.941021033703272636e+01
6.054987779269863646e-01 1.060549877720420753e+01 1.472234160904623756e+01 -4.564854079992245772e+01 1.471996238746332253e+01 1.778807604301947976e+01 7.779462850233383797e+00 8.266076325775816969e+00 1.049147678828484054e+01 1.810491325726177791e+01 2.737751993053442234e+01 3.179643228938001798e+01 3.754236171957971635e+01 3.399823215452241243e+01 2.384243812226989689e+01 1.908289903151403877e+01 2.022332501967462903e+01 2.278010978216849480e+01 2.358415991314185689e+01 1.519888421459220673e+01 9.100566912793718544e+00 7.286700800995667748e+00 1.774573830604381541e+01 2.595728525082617466e+01 2.707711508987070559e+01 3.126269240667578941e+01 3.927667503906877045e+01 3.504395959873829014e+01 3.731601226863503484e+01 4.153952072068515378e+01 4.467735733197287828e+01 4.170491704091214302e+01 3.753891857701827206e+01 3.641378704310908887e+01 3.076987521633928324e+01 2.054238319525543588e+01 1.593051575312567181e+01
3.430590528629120506e-01 1.034305902749814443e+01 1.184708818108758877e+01 6.763215899614570148e+00 4.716184957212329110e+00 1.274498949559156280e+01 6.532708661334866385e+00 7.599799636069001885e+00 1.396337416977423729e+01 1.442100801357368667e+01 1.797709580811443786e+01 2.352382341783794217e+01 3.340248905010868441e+01 3.786309382862736328e+01 2.900039985118353059e+01 2.594046196427649775e+01 2.922165920823401564e+01 3.011451881676484632e+01 2.390639666798051977e+01 1.442528761741558441e+01 8.300798612852018366e+00 8.446786196610256425e+00 1.189848007684071085e+01 1.762768955895530354e+01 1.665970730458867877e+01 2.567101760654699305e+01 3.022117481977933551e+01 3.461405460592270344e+01 4.041888548565018624e+01 4.344403073512459912e+01 3.927410450264911645e+01 3.753891857729291814e+01 2.740654952820663937e+01 2.627773094679862353e+01 3.078469258734979164e+01 2.717706171900758250e+01 1.680322850625122300e+01
8.235039275605838816e-01 9.057746249014732243e+00 2.417667348249811887e+00 3.238735077410811236e+00 6.733333163056351545e+00 -6.926677580161832282e+01 5.524434243180032844e+00 1.530234853773451853e+01 2.098291129165117042e+01 2.074024625079787043e+01 1.803021896716331085e+01 2.498464209125321034e+01 3.523037880163397517e+01 3.863326676810430627e+01 3.911586052302599370e+01 3.611322103920619497e+01 3.503746353408912739e+01 2.883594013649713261e+01 2.133201106068050379e+01 1.062010059099913839e+01 9.479124115131631001e+00 7.535743701151981000e+00 8.858406538659245655e+00 8.323196569093775921e+00 9.904372851126165500e+00 1.905965178164656137e+01 2.049498216827527486e+01 2.619856101331209786e+01 3.621864509854040648e+01 3.760386334704330125e+01 2.914013173211800733e+01 3.231290238439565599e+01 2.863398514520726224e+01 2.020127635033198388e+01 2.062757993459135264e+01 2.630792762480341551e+01 2.196771740757203162e+01
7.161369641965544819e-01 1.678387412845930404e+00 2.055172173880511544e+00 2.414917236798874711e+00 1.212299424479133059e+01 1.266836432982566762e+01 7.256429796032247026e+00 1.117776922734700840e+01 2.078813858594235597e+01 2.587517189738771606e+01 2.778761781139415277e+01 3.229761947402773359e+01 3.559042185726510610e+01 2.852465248118190644e+01 3.069996177308232888e+01 3.140399215368364594e+01 3.125078480526625668e+01 2.043926599256478838e+01 1.537773288824263318e+01 1.215020292527321288e+01 9.557637579823351714e+00 7.233117084313325229e+00 6.951948316099150205e+00 9.218886058437155029e+00 1.126797678925691137e+01 1.442958582920039845e+01 1.841084120416363490e+01 2.562849652856942839e+01 3.566749299815987229e+01 3.323813488792173843e+01 2.320832048975853823e+01 2.202779318691612076e+01 2.831730622608787229e+01 2.290213830388480432e+01 1.514721352459099180e+01 1.613488121173627832e+01 1.778719082941222851e+01
6.490390650280113416e-01 9.707108453252494940e+00 1.198784109234020612e+01 7.841156789873218180e+00 1.661332636327354706e+01 1.935689050957867252e+01 1.033189768954447452e+01 9.631346495572516986e+00 1.201844378786789491e+01 1.781944827827775413e+01 2.517049577010716988e+01 3.552269327487450568e+01 3.126468639676641104e+01 2.145134671089031286e+01 2.074873680780880392e+01 2.123781231548389670e+01 2.839227676341067408e+01 2.757416660165742783e+01 1.783885287719332524e+01 1.329254772619542813e+01 1.390399119540803063e+01 -2.097447566148509779e+01 1.155674369401307366e+01 1.879034325372556680e+01 1.878466592461919760e+01 1.729397977057720581e+01 2.178412402917346569e+01 2.813098445396103742e+01 3.767202075243222481e+01 3.326569939844917201e+01 2.308800249655571335e+01 1.728436461980516725e+01 1.804652568777634514e+01 2.453192983936405014e+01 1.824804843199673243e+01 1.097217902017329827e+01 1.229908881213837191e+01
9.330058981412470143e-01 8.004073710006696984e+00 1.800407370902204462e+01 1.781782972714434266e+01 2.196024806432001242e+01 2.032497007938011535e+01 2.016881662523899266e+01 1.201691663852137282e+01 1.321531403600447341e+01 1.802360480023567391e+01 2.535975517342471264e+01 3.565015088747427541e+01 2.989334757763798578e+01 1.993741206781353981e+01 1.507225779354777018e+01 1.406429513715147372e+01 2.183078316022492515e+01 2.609354446612456613e+01 2.467546572277203865e+01 2.112806346940151414e+01 1.641772055627993510e+01 7.116898468940194178e+00 6.931105810406942958e+00 1.485852717878940332e+01 2.101812800849066321e+01 2.374892592779699640e+01 2.353391104434688685e+01 3.000688080496721000e+01 3.940719666915731523e+01 3.310259371975055842e+01 2.289876989277976094e+01 1.697672188478010469e+01 1.360719877025197100e+01 1.436206578160185110e+01 2.072428052427522971e+01 1.341505874429946488e+01 6.966708910139094435e+00
5.188205228764638521e-01 8.279949111939819417e+00 1.542424645969413000e+01 2.122168905330685362e+01 2.591174002450731706e+01 3.037387093608415611e+01 2.664066121499472573e+01 1.785033136882579186e+01 1.814767358681118381e+01 2.313420353379910210e+01 3.260186154840764061e+01 3.395650964378295811e+01 2.396536754725445562e+01 1.806416385977367156e+01 1.358882197296565053e+01 1.151056131751523637e+01 1.196552099350834553e+01 1.680112149138348698e+01 2.067403190262352197e+01 1.869687912995243195e+01 1.226694359502929998e+01 6.283968159064887260e+00 8.001877166798452734e+00 -7.114571657786458836e+00 1.144481004332686069e+01 2.206731272059159110e+01 3.248500051484766971e+01 3.670183084730983580e+01 3.788487994811019632e+01 3.727962079754065883e+01 3.140866438780120262e+01 2.390679423975874229e+01 1.398513396690590582e+01 1.036786228090617534e+01 1.065289886158005039e+01 8.061065096599076440e+00 6.532013888030239634e+00
7.467319160170617920e-01 3.761845361794700526e+00 7.297379267727443164e+00 1.176951522272776351e+01 1.884058306042800623e+01 2.884059285544595141e+01 3.255823778523468803e+01 2.829426049215709327e+01 2.547075342578867563e+01 3.270305082741970182e+01 3.765033319846170201e+01 3.806233162704908324e+01 3.230727009342027856e+01 2.411800649883231173e+01 1.803966649674027423e+01 9.901589946564156364e+00 8.168249174192627748e+00 6.743432616083648412e+00 1.275283045657472059e+01 1.508677724450578772e+01 5.564873440841313190e+00 1.081365575717136274e+01 1.740763788512944288e+01 1.501746529985272005e+01 2.052207592024244676e+01 2.701999880774106089e+01 3.566433838757122032e+01 3.494014608287435664e+01 2.785386095190099098e+01 2.912395871467481001e+01 3.327406791282692211e+01 2.832722366103845957e+01 2.058535972628244437e+01 1.041501627228997506e+01 7.302480388892447216e+00 5.083830000706749175e+00 6.038397320723183803e+00
7.351574092455022136e-01 8.533402377062099475e+00 1.541823526441053893e+01 2.119725488449922679e+01 2.591171700379303644e+01 2.898706918194018556e+01 3.095050975914285019e+01 3.509250923486352036e+01 3.574493527315479469e+01 3.893481739790468055e+01 3.480003445246187255e+01 3.893481739500814598e+01 3.759009878753141010e+01 2.672373147472352528e+01 1.691211907672434833e+01 1.614889361534269341e+01 7.419760995565094497e+00 6.362725758030124190e+00 -2.845665277351949385e+01 -2.396924381950068295e+01 5.401032988397168388e+00 5.138098558189494902e+00 6.750090260149396393e+00 1.104331031349445880e+01 1.611601002041477315e+01 2.189631704259586087e+01 3.166771862493854073e+01 3.063707806671092726e+01 2.068864286143431741e+01 1.898981047287214352e+01 2.856668003665972577e+01 3.076021678008463667e+01 2.058494381307097854e+01 1.677627282863936742e+01 9.482334390790216005e+00 6.653216495339147052e+00 5.906358611411398840e+00
5.269872374626074496e-01 7.598055049328070076e+00 1.759805504834965362e+01 2.687005865047813913e+01 2.400871915130297296e+01 1.898928103530496259e+01 2.095407184605124584e+01 3.095050961689153368e+01 3.487046324549159948e+01 3.073458637854762188e+01 2.481738338441392600e+01 3.394355072905801052e+01 4.035070881888115224e+01 3.187220450883832612e+01 2.753942141286415790e+01 2.238469205507512072e+01 1.332152310799917316e+01 1.266013800868716999e+01 1.259541761777538582e+01 1.407175412016710681e+01 9.483994686070200686e+00 6.036894489927212781e+00 4.640522926199126097e+00 1.284297748614774726e+01 1.668030013314519167e+01 2.220094656020771851e+01 2.646057339693888366e+01 2.802453709608929699e+01 2.097234235811928826e+01 1.423920088359895963e+01 2.286919974387911125e+01 2.710460497408288205e+01 2.937690266717499554e+01 2.356010524417635921e+01 1.645324184926278477e+01 1.522296143592589601e+01 5.653678028073279016e+00
1.383962708379395945e-01 7.209464085499784680e+00 1.720946755858008714e+01 1.684939267551650843e+01 1.396687492287267496e+01 1.388570702033507409e+01 1.868141780084149772e+01 2.868812089837311419e+01 3.001798092979855781e+01 2.073266699659841095e+01 1.982135999804387083e+01 2.768564161072167096e+01 3.408651491071878326e+01 2.628185014103580741e+01 2.612082818266079798e+01 2.764691729182461088e+01 2.348346112889377935e+01 2.260534413614082183e+01 2.306757943593062521e+01 1.660885313777851735e+01 1.359805248406587097e+01 -1.275270165276727852e+01 4.254185285119914894e+00 3.790692134923194345e+00 1.225257488873453227e+01 1.153284376837047098e+01 2.199572791322997389e+01 2.387187082073632638e+01 1.382420841051951399e+01 1.118750289214148985e+01 1.366514886630474024e+01 2.021829410400723148e+01 1.791030479579254475e+01 2.412314084623198696e+01 2.627488982602636014e+01 1.745526609189894174e+01 5.395181805669688302e+00
6.756183529128325649e-01 1.067561835259645697e+01 1.701351586608926425e+01 9.760712709220657146e+00 9.406768432508464173e+00 1.361590263639418019e+01 2.356742367867227372e+01 3.283299601953137170e+01 2.571075449313633854e+01 1.586641947520165807e+01 1.575565297539124998e+01 2.547916365531479244e+01 2.996982667265671196e+01 1.999247045445173754e+01 1.629504715148214800e+01 2.081542372317306189e+01 2.495350609873951342e+01 2.693505149843228708e+01 2.841961153307850907e+01 2.481448911745199482e+01 1.853817568748475608e+01 1.402476774764341627e+01 7.789025220619649303e+00 4.233727287720288501e+00 4.219012848258409498e+00 1.116972627496272352e+01 1.892555348891747258e+01 1.719383985552682859e+01 1.505301742054314751e+01 8.853787807994239145e+00 1.010562407622559356e+01 1.062431315647809171e+01 9.071807247071255631e+00 1.421031107825678319e+01 1.885930962902161312e+01 1.405344313794080158e+01 -2.969163631382993884e+00
1.053743069371424479e-01 1.010537397092635459e+01 7.193748754881303498e+00 5.946885673692794860e+00 1.068785554123000736e+01 2.064968654143028814e+01 2.770635508436126315e+01 3.186030056814556488e+01 2.803979037367850324e+01 1.803023779648155767e+01 1.309945012216815385e+01 1.985562670271169949e+01 2.426811158260357359e+01 2.155029839477373343e+01 1.195046643026489974e+01 1.081147763128634764e+01 1.824768234661172173e+01 1.691242638388227348e+01 2.400258939539838465e+01 2.411057648677835630e+01 2.523667269853341111e+01 1.636986270669246935e+01 1.296844564396103294e+01 4.521776116571598614e+00 3.727430990605810734e+00 9.441337624232085446e+00 1.613626641238832349e+01 7.338639173268620475e+00 6.271409948076887453e+00 8.373503565404330828e+00 6.979412566186199207e+00 -1.012090307256135873e+02 -1.509779942529441854e+01 -2.666460855007443342e+01 1.339753863163105052e+01 1.039899101156853156e+01 4.630063081046534634e+00
4.388850927889174081e-01 5.979883145347317353e+00 2.936128199072153055e+00 7.277957838603868801e+00 1.726658995891936499e+01 2.044049449605835633e+01 2.190313547272873862e+01 2.190313547436783992e+01 2.756385065969994841e+01 1.760826030312566104e+01 1.079724080301213007e+01 1.008251478190410744e+01 2.012562046055490939e+01 2.204979999378054245e+01 1.202733771540254182e+01 7.231639629546205761e+00 8.200871540818782890e+00 9.837357559004859198e+00 1.872686457186069120e+01 1.411288723642683962e+01 2.117986280721147097e+01 2.025601307102454740e+01 1.029576366975593515e+01 -1.074355950809021820e+01 3.438448704219438934e+00 -1.685184419014780133e+02 1.277109568548506147e+01 4.916047543239701945e+00 6.148443182088867864e+00 2.911641333912390550e+00 4.010360340250758604e+00 1.196162585816296087e+01 4.293994614583031222e+00 4.428180916855001925e+00 1.355772171834648709e+01 4.526824504865341048e+00 4.509104729679116019e+00
8.953435393330821945e-01 6.227348766735196772e-02 5.848064242292500658e+00 9.483487600723201183e+00 1.205242721372021641e+01 1.052263690124732243e+01 1.195918916327029358e+01 2.095967109446852561e+01 2.817986430157070288e+01 1.819961800879525526e+01 1.109467480893406233e+01 8.078960905340093035e+00 1.522619757504354787e+01 1.976040552911046788e+01 1.839827555539724102e+01 8.435010736820832022e+00 3.624159159603314695e+00 4.882139862115461248e+00 1.443954486189226571e+01 7.050925981564330591e+00 1.596898793001712136e+01 2.271199337916314320e+01 1.738467295150098835e+01 1.309264176714009231e+01 8.538408400122300179e+00 3.249486368068108533e+00 3.297374094556658974e+00 3.728325750727139010e+00 3.617036124241047368e+00 -3.840993619073093157e+01 -4.253210400190577900e+01 1.200452011850470058e+01 5.686441078583213127e+00 1.054403185033196344e+01 2.995458649236896420e+00 -1.203723443165828400e+01 -1.443406858171234397e+01
1.994484013391750743e-02 7.124428715546406998e-01 -3.538592027144068197e+02 -1.319263328947135392e+02 2.613061873219335585e+00 5.689855694612951709e+00 1.142803811460349195e+01 2.139752597831007463e+01 2.884638842714733542e+01 1.882829199435441225e+01 1.177953176368102817e+01 6.321052627012341496e+00 5.641208193728659559e+00 1.561554458391662337e+01 1.575162569227658160e+01 1.161162269638553468e+01 8.078612461805620981e+00 -4.684910424252952907e+02 1.001760639006308828e+01 -1.719798575677365022e+02 8.930136549737705209e+00 1.574705227855400480e+01 1.668252266064469325e+01 1.133025769230762769e+01 3.325385827130889815e+00 3.141788876225750204e+00 8.117609321842799375e+00 2.886386945547493088e+00 6.930738876141171900e+00 7.275577822452651944e+00 8.459357083185276238e+00 1.698438566794487414e+01 1.493500373730736541e+01 6.540701284653982484e+00 8.922929859280387177e+00 1.373616218888702356e+01 1.414214812173207214e+01
