output/example/elevation_average_000050.asc
nrows	75
cellsize	133.333333333
xllcorner	0
ncols	75
yllcorner	0
NODATA_value	-9999
[rows 51 to 67 of 75, columns 37 to 73 of 75]
2.008188415178175603e+02 2.952470942222961412e+02 3.156752152135639449e+02 3.268651972213277759e+02 2.493944137115043702e+02 2.610973420583093798e+02 3.516731179963481395e+02 3.838598730211386965e+02 3.343833029089074671e+02 4.134893572814157210e+02 4.295687208192978801e+02 4.463781190276806115e+02 4.090294254712150632e+02 4.892056741510119195e+02 4.431291529057964453e+02 5.031475670970372107e+02 5.847464003237693078e+02 6.045707484841623227e+02 5.863527474366397882e+02 6.035144129238620962e+02 6.058421902801504757e+02 5.690496485992059661e+02 5.133822786784515984e+02 5.749268081755220692e+02 4.866318134837360958e+02 5.119413909939809741e+02 4.962360360706770734e+02 4.062016086277210434e+02 4.963236477839889176e+02 5.208182789968381030e+02 6.086264220936877791e+02 5.506452306465204174e+02 4.615089033652466810e+02 5.211248049184206366e+02 4.605309668902743852e+02 5.496675882923426570e+02 5.806705460105479233e+02
2.951521174338980700e+02 2.382283262778606741e+02 3.318763397174601550e+02 3.803054824343417977e+02 3.160530817190706330e+02 3.541100436442327464e+02 2.785951986315874365e+02 2.915093637898861516e+02 3.065010049823141003e+02 3.218950702216703235e+02 3.383431269018267926e+02 3.555349000575981790e+02 3.769455933489441009e+02 3.997166448506646361e+02 4.898063969147475518e+02 5.655968675085566701e+02 5.637899711585552041e+02 5.333843036273303824e+02 5.031944724356492884e+02 5.166449400314742206e+02 5.769692034850246500e+02 6.354847043989311715e+02 6.013580298920827545e+02 6.107851529575091263e+02 5.752413073969796642e+02 5.412711631052984558e+02 4.519205588055532417e+02 4.965590323719579828e+02 4.312382674385640939e+02 5.210434642593421586e+02 5.850362821780985314e+02 5.721567666900333506e+02 4.840659811576314269e+02 5.719892453317831951e+02 5.496712049456280056e+02 4.922377407629078334e+02 5.806766848749507517e+02
3.692838581137638130e+02 3.318802841690098830e+02 2.825208212054532169e+02 3.750455225911908883e+02 4.080351198265248627e+02 4.086455389065778263e+02 3.327335981929927584e+02 3.438772308675514182e+02 3.971507432218467102e+02 3.755396749132954142e+02 4.282333264968556250e+02 4.087291546614345066e+02 4.654140880579656709e+02 4.688718914718216411e+02 5.052049753399480210e+02 5.100469644635738860e+02 5.054958650636411335e+02 4.629340689218218472e+02 4.433595991279541408e+02 4.514998070889574251e+02 5.379610370784151883e+02 5.972782828614371056e+02 6.011888581305582875e+02 6.371691086861811755e+02 6.034718416106752557e+02 5.155277838552815410e+02 5.155212706007300767e+02 5.570812629180259137e+02 4.951601408588099389e+02 4.601336484379669400e+02 5.492598865362077731e+02 6.082578972491294280e+02 5.727089779231570219e+02 5.218684821298978704e+02 6.085303089540392421e+02 5.806941775540644812e+02 5.302070000175062887e+02
4.002339526234408709e+02 4.124405679728196787e+02 3.368614658113208407e+02 3.565136513051444354e+02 4.475848768219199769e+02 4.611415740169036894e+02 4.243635214324230560e+02 4.310524744141641236e+02 4.717338046630582085e+02 4.660916046526125456e+02 5.026169312137160432e+02 4.985362587975738506e+02 5.347593134875814940e+02 5.542852688177880509e+02 4.996956956898630438e+02 4.559696919830897173e+02 4.775762396301484500e+02 4.020547616078151805e+02 3.918072819322454734e+02 4.762562189548955303e+02 5.392051411011666460e+02 5.114708194837225506e+02 5.136345042840270025e+02 6.009053579850126425e+02 6.387141957024698513e+02 6.034785663667187237e+02 6.034576841904055300e+02 6.189839396161104332e+02 5.490116183393429310e+02 4.935528506734758594e+02 5.064277913075515016e+02 5.945156476957831728e+02 6.374988231892775730e+02 5.513365688369631243e+02 6.374767417314266140e+02 6.529223696871018774e+02 5.804722606664061004e+02
4.394426820319681610e+02 4.648881799292391861e+02 4.283834341204924385e+02 4.475877074616669802e+02 4.428786119124430343e+02 4.419427526790395291e+02 4.786713714847529104e+02 4.586141602726689257e+02 4.233677848505550969e+02 4.428311037948675448e+02 4.795185708776056117e+02 4.926961783423097927e+02 5.289442624554984604e+02 4.895759084995949593e+02 4.511820419722552629e+02 3.910364191860576852e+02 4.388366922620018045e+02 3.493479497456513059e+02 4.296026097141455011e+02 4.526297540360949938e+02 4.567963405249158768e+02 4.474003707758865289e+02 5.322339303298718960e+02 5.694496696211382414e+02 5.873291290482463864e+02 6.005460602187000632e+02 6.377215833634295450e+02 6.710810143862161112e+02 6.158375479948948623e+02 5.298821547497747133e+02 5.945016589417059549e+02 5.656660301355171896e+02 6.523391670366925155e+02 6.195142305828642293e+02 6.102679455441902974e+02 6.954085738633660867e+02 6.420170224464397961e+02
4.630364801471669125e+02 4.305555069514192610e+02 3.954173582069087729e+02 3.938152012988390993e+02 3.558502841930389309e+02 3.505656084583106917e+02 4.417624156545132337e+02 4.054995464652996588e+02 3.314734335614334100e+02 3.513979540730666713e+02 4.277012081782022506e+02 4.024007779759841696e+02 4.922562076136701990e+02 4.503450009448565652e+02 3.616137621922310359e+02 3.350468044168118809e+02 3.961447066425987487e+02 3.256594946754794364e+02 3.458807890558732083e+02 3.691304948682836766e+02 3.973371788424660735e+02 4.797104805793366609e+02 5.388571978651627887e+02 4.808641046705964186e+02 4.990347327391391445e+02 5.143253970238680495e+02 5.900563956653865034e+02 6.276702101041381638e+02 6.525531697831726206e+02 5.903943415357065305e+02 6.520681988882811311e+02 6.523340834089069631e+02 6.737508320918752815e+02 7.004744125790701901e+02 6.918066644326823962e+02 7.199987512128493563e+02 7.270355593938448919e+02
4.203682768533064973e+02 3.794446557903733606e+02 3.090879015284563138e+02 3.015550684976177536e+02 2.847241874473130565e+02 3.775530494249683215e+02 3.750107852087916740e+02 3.373675694239940412e+02 2.751007942351520796e+02 3.045131351784874028e+02 3.374608030824811635e+02 4.291820461466523966e+02 4.501255594040310939e+02 4.025358055818425100e+02 3.600424489274929556e+02 2.902495289444924538e+02 3.045055112925882668e+02 3.939658905696899183e+02 4.008061716288632397e+02 4.597489781259148458e+02 4.869755218461872346e+02 5.128274423707280221e+02 4.768244349332215393e+02 4.151827263878124086e+02 4.385252109010510821e+02 4.688810305730638106e+02 5.039724356652366737e+02 5.668348979389036231e+02 6.537050710538662770e+02 6.765478269502011699e+02 6.515922983429682063e+02 6.177472888253082601e+02 6.522260864719977462e+02 6.860736475405529973e+02 6.593183838622497888e+02 6.907657876000025681e+02 7.311588782838643965e+02
3.629264006270453251e+02 3.223689967461727974e+02 2.506281771256804518e+02 2.369909486990844698e+02 3.308190931831330772e+02 3.477857769397722336e+02 3.099456272451585619e+02 2.436609770237469093e+02 3.373787844015464543e+02 3.962581164102855951e+02 4.281120061342159033e+02 4.371226797744138821e+02 3.852604333906167540e+02 3.210045067341295066e+02 2.718501117376837328e+02 3.650920332679002058e+02 3.967266403373885169e+02 4.342593454920692579e+02 4.894628985530059708e+02 5.274944945774819871e+02 4.874394503987085159e+02 4.507629986030676150e+02 3.859858947208378481e+02 4.682582124592809691e+02 5.213906259674841976e+02 5.566341277457689785e+02 5.900707122913694320e+02 6.276732542619508877e+02 6.236078308252842817e+02 6.131555907116506887e+02 6.062475980943499962e+02 5.298780603077243541e+02 6.062470792088610096e+02 6.442854175449409695e+02 5.742665959101265116e+02 6.166743486685601283e+02 6.849607892300366530e+02
3.047416946670516609e+02 2.328565540896543382e+02 1.984322720335171653e+02 2.753911109042421685e+02 2.798989616233018296e+02 2.843445853814274642e+02 2.156363871161034353e+02 3.099602925590828022e+02 3.750352118607960392e+02 3.589763580437466999e+02 3.964919118909762119e+02 3.685796639420272527e+02 3.094588176028629505e+02 2.540645179669421054e+02 3.476814889980449834e+02 4.025410940049925443e+02 4.733805459764626562e+02 4.760175985082930765e+02 4.454320686377892002e+02 4.642104465943270384e+02 4.275333482261330005e+02 3.593420677454366228e+02 4.144285787880764929e+02 5.033588573912438164e+02 5.670722972583354249e+02 5.512816398310435488e+02 5.778459708265332893e+02 5.874573279167362898e+02 5.359818060513390492e+02 5.252607136784877184e+02 5.253593501815299760e+02 4.816998305315597690e+02 5.674617373521131185e+02 5.729149487701690759e+02 5.221064044951752976e+02 5.627581081840629622e+02 6.151947662864409949e+02
2.519948889206266927e+02 1.712847423219037069e+02 1.758723519831509918e+02 1.804987775119081732e+02 1.850603855154313351e+02 1.895941871890490518e+02 2.844625895818855383e+02 2.955486908228215270e+02 2.996482201572709982e+02 2.657002078177438875e+02 3.094445876802755606e+02 3.143323500449305357e+02 2.369107103844524431e+02 3.308629248379201044e+02 3.852800004320237122e+02 3.876731065839810526e+02 3.826850862156051676e+02 4.237922657817433674e+02 3.547818122643677725e+02 4.052480985194346204e+02 3.356299507084501670e+02 4.275420369725061391e+02 4.874740086351398531e+02 5.409196741216617283e+02 5.393448959649147127e+02 4.670327879562184989e+02 5.255135174168490266e+02 4.991760967581743103e+02 4.725947393008829067e+02 4.896244749313936495e+02 4.354589883060656348e+02 5.253600741600902211e+02 5.415763595120866967e+02 4.839852529877967413e+02 5.472479700343026252e+02 6.347479766334112128e+02 6.644764062808767449e+02
1.649116642066111069e+02 2.602050479280250670e+02 2.708658405745094910e+02 2.486785150237235769e+02 2.552743371926929399e+02 2.843615087527256833e+02 1.961945688434780948e+02 2.010085246992100849e+02 2.057874853560673785e+02 2.105628948244129788e+02 2.153706019721587097e+02 2.201418952875982598e+02 3.144359367840213508e+02 3.266155884509469161e+02 3.316973909928411786e+02 2.949876256607153664e+02 3.876652379439042306e+02 3.715709825288760726e+02 2.985054274832776855e+02 3.134223294580215224e+02 4.058317318753713039e+02 4.644682494046786019e+02 4.915002176801303335e+02 5.225715670679426239e+02 4.942247582389993568e+02 4.132510022379648262e+02 4.753151919513046550e+02 4.383549286147423913e+02 4.596891728709525182e+02 3.989234317542020563e+02 4.895817891430217514e+02 5.132358459479369230e+02 4.519961856906106732e+02 5.415924749156492908e+02 6.085884792861219239e+02 6.080534070304599936e+02 5.807602406441117182e+02
2.535811015303663396e+02 2.141822967009113086e+02 2.994909719558348229e+02 3.405949429617729720e+02 3.472720568754158421e+02 3.083173548923850831e+02 2.145069964427986520e+02 2.954425515571145411e+02 2.998801642080362626e+02 2.603248906328382191e+02 3.095834060437208564e+02 3.143616465746868016e+02 2.274549338885728673e+02 2.326541949161640730e+02 2.378437036632635966e+02 3.317985740544268651e+02 3.518920548120648846e+02 2.784428846201753913e+02 3.715641026362839625e+02 4.054244294676564095e+02 4.429185205097510334e+02 4.276067742439534527e+02 4.009483197997988100e+02 4.872416688862078900e+02 4.567120496767623195e+02 3.722070450409016757e+02 4.230671105613495229e+02 4.459880187286596538e+02 3.683403128640065916e+02 4.596798109233176319e+02 4.862563754736666510e+02 4.230332600731601929e+02 5.132286002716455187e+02 5.775081695744262333e+02 5.669716668266353281e+02 5.200055454681663605e+02 5.866884352419695006e+02
2.923806635421075271e+02 3.083458028360276444e+02 2.806474388174846126e+02 3.679041527879459750e+02 3.755830311245692883e+02 2.849501323524280565e+02 3.088717406119336033e+02 2.438602274255492262e+02 3.376241817773977800e+02 3.535832965836860922e+02 3.740338111527446472e+02 3.549186216663783284e+02 2.709950846304086554e+02 2.972420625041061157e+02 3.317004733593515198e+02 2.452423220149619567e+02 2.589069582899532520e+02 3.524457881980683851e+02 4.089886361809262780e+02 3.744509662232482583e+02 3.814199923037632516e+02 3.358108638871472067e+02 3.923120954516146526e+02 4.062621631223142344e+02 4.153340583645612583e+02 3.358074321434610852e+02 3.451057702628361312e+02 3.545443780776637368e+02 4.460765361767968216e+02 3.842897627259500837e+02 3.956889610819551990e+02 4.864585956506767275e+02 5.215606094506631507e+02 5.379054012837557366e+02 4.779782763086410000e+02 5.669752899860555999e+02 6.433438988764822852e+02
2.758642071487217891e+02 3.443453697774251623e+02 3.734616899896834070e+02 4.055657295575941248e+02 4.120228011760819982e+02 3.778844056756947793e+02 3.159889252362557386e+02 3.376178972432300611e+02 2.787377047734716484e+02 3.717801649013212568e+02 4.061782728083012444e+02 3.253251819275620278e+02 3.641204219969769724e+02 3.898795202262095358e+02 3.371551577747788997e+02 3.390463783528269914e+02 2.531956301803687666e+02 3.468672272343421241e+02 3.626015787205934657e+02 2.813305705318064156e+02 2.895912410592685546e+02 2.978478278171490388e+02 3.062788502850686996e+02 3.147508479600183477e+02 3.232904694988759502e+02 4.155524338910339566e+02 4.300590709646336904e+02 4.225202270566299489e+02 4.304488435185577941e+02 4.752552654366538150e+02 4.862523675979981022e+02 4.164124606846029337e+02 4.319671521126801963e+02 4.486300323803141623e+02 5.382626101816852042e+02 5.260388887284165094e+02 5.705054807189818575e+02
2.121535729595535997e+02 3.064511180551731400e+02 3.784929213561637198e+02 4.188442098157318583e+02 4.710368754040432009e+02 4.451344022840975754e+02 3.948151916890140001e+02 4.091384633409649609e+02 3.404073398820932539e+02 3.225881928171863251e+02 4.146700968160383241e+02 4.174940073640240712e+02 4.157023462001005214e+02 4.658286886029163156e+02 3.928977199021704791e+02 3.012126039714247554e+02 3.468552281451392219e+02 2.611916460626599132e+02 2.695967604052852380e+02 3.629349078189424063e+02 3.822758501235006179e+02 3.903918085034054002e+02 3.742415646828904983e+02 3.688017797567969751e+02 4.152269039765595267e+02 3.735500191404446468e+02 4.647492249603788537e+02 5.093784712691868890e+02 5.202949199296253937e+02 5.565288568795290303e+02 5.429672323086227834e+02 4.773617976291149603e+02 4.845537023571060899e+02 5.375046070571282826e+02 4.971669510763933886e+02 5.602521194669836859e+02 6.139607808493689163e+02
3.064503778438571544e+02 2.482662855090679273e+02 2.888947220428055971e+02 3.456749378859506123e+02 4.370356196102856643e+02 4.920363512880152257e+02 4.739508090215035736e+02 4.661782877462511010e+02 4.294142392851970271e+02 3.924782647729774681e+02 3.803755688228608847e+02 4.711755978321976954e+02 5.058928019657143409e+02 4.504600207479765572e+02 3.608349444570160358e+02 3.918627876405266193e+02 3.304330862704313745e+02 3.540257289445949027e+02 2.720372860564362441e+02 3.652888948057494076e+02 4.105756492289726793e+02 4.601545065817601312e+02 4.647753919457938423e+02 4.599510830749511570e+02 4.967251761703619763e+02 4.422605161294998766e+02 4.480168984760265971e+02 5.375946760927984087e+02 5.876298567213349315e+02 6.086795657839375053e+02 5.973493639178885815e+02 5.648794174703452882e+02 5.730559716335699250e+02 6.089970224400890402e+02 5.520178229998487041e+02 6.213214456559376231e+02 6.824042429357232322e+02
3.793865052003379219e+02 3.029030030226236931e+02 3.232733573334493826e+02 4.129242823586887994e+02 4.609278810692201205e+02 4.025517584491801699e+02 4.125974612237376959e+02 4.974486562768935300e+02 5.100898672739963331e+02 4.824254515830431274e+02 4.711970506846799367e+02 4.711595423022228033e+02 5.599942802284930394e+02 4.889884017217756309e+02 4.228999001373691726e+02 4.595000601059130645e+02 4.017582344822880600e+02 3.364421216961474670e+02 3.653027222404805912e+02 2.829771035588150880e+02 3.760388146804512530e+02 3.693486341049128896e+02 4.605565852144144401e+02 5.202969558042231029e+02 5.341462107036729776e+02 5.311464872939677662e+02 5.375914681145304712e+02 5.598185357758841292e+02 4.995849982608538085e+02 5.208698040197072032e+02 5.493793822476618516e+02 5.449385778008310126e+02 6.247611586699910049e+02 6.599035132267935069e+02 6.367457104645251320e+02 6.686202334448597639e+02 6.923692792856131746e+02
