output/example/elevation_000096.asc
nrows	75
cellsize	13.33333333
xllcorner	0
ncols	75
yllcorner	0
NODATA_value	-9999
[rows 17 to 33 of 75, columns 0 to 36 of 75]
1.309999999999999880e-02 1.001309999999996236e+01 9.123330076998245275e+00 1.488837891380864953e+01 2.480224400111380589e+01 2.807089395702227819e+01 2.396635879047469686e+01 2.808355008427424693e+01 3.063282469412330400e+01 2.064872781526573675e+01 2.064872781526574030e+01 2.771377109746516254e+01 2.201443169454306314e+01 1.275340552759069723e+01 6.668773261680979836e+00 1.662163645621464880e+01 1.961211013909987244e+01 2.791369099284827016e+01 3.502974050942269457e+01 3.551077023765924423e+01 3.155804513179518977e+01 3.576258519782008705e+01 3.305898972785194445e+01 3.733066184474954241e+01 3.820826163656135321e+01 3.410359047202589977e+01 3.410361702840149434e+01 3.250724612059531893e+01 2.543775192009410446e+01 1.641939382025011440e+01 1.641939382025011440e+01 2.540767697269784620e+01 2.725560972164415219e+01 2.977427554948862465e+01 2.794574358504969069e+01 3.769682295428950169e+01 4.275518317586750783e+01
1.379999999999999977e-02 7.084867811865461995e+00 1.708486781186539005e+01 2.319657813582314532e+01 2.884667780790925562e+01 3.123086810290186932e+01 2.709095127403376679e+01 3.123086837811485239e+01 3.477881506084175101e+01 3.063282469412304110e+01 3.063282469424185095e+01 2.987193230128080046e+01 2.269950706024780729e+01 1.662163718664261225e+01 6.668773261680979836e+00 1.182292387822465862e+01 1.936503807215473216e+01 2.077713895895492158e+01 2.790343973778491815e+01 2.539281655839337049e+01 2.145272854022695341e+01 2.928725130846513736e+01 3.349141475012143587e+01 3.382382702334206215e+01 4.397762630280958973e+01 3.619370599480547668e+01 3.191941055928203141e+01 2.838101250846424151e+01 1.908340962593169010e+01 2.543775204111144461e+01 2.540767879433282772e+01 1.812550415608505361e+01 1.812550415608505361e+01 2.035029189428033192e+01 2.368974584035266773e+01 2.844903104221155132e+01 3.849310886094433215e+01
1.379999999999999977e-02 7.084867811865485088e+00 1.708486781186555348e+01 2.057041629110457492e+01 2.471236429096768461e+01 2.131303545686334999e+01 1.708292913345652053e+01 2.416028716842724577e+01 3.416743218603521370e+01 3.473648553265430650e+01 2.891421263768216576e+01 2.473087167339475911e+01 1.568535705219413323e+01 8.660416666496553617e+00 6.668773261680979836e+00 7.536259759407011316e+00 1.748975091297348428e+01 1.374399681276544349e+01 2.289728329776123772e+01 1.831362309163263191e+01 1.572193707176113442e+01 1.920811276941933343e+01 2.367973498630255946e+01 3.084971007510322849e+01 4.100398049586393512e+01 3.191941060001204633e+01 2.222910845921962775e+01 2.222910845921962775e+01 2.838101253266677659e+01 3.258806163775287246e+01 2.996556956209491318e+01 2.053637728196227386e+01 1.812550415608505361e+01 2.725628496119809441e+01 2.977498156808784557e+01 3.769682295428950169e+01 4.275518317586750783e+01
1.290000000000000001e-02 1.001289999999996283e+01 1.315003101033865995e+01 1.057219534236027236e+01 1.659718786345804276e+01 1.130913064907010934e+01 2.131303543768108355e+01 2.725156135340267483e+01 3.225540102267074616e+01 3.054465376609930871e+01 2.047488779740113429e+01 1.474373115581783722e+01 1.188563250849906971e+01 1.568535705219374243e+01 1.369597969866501685e+01 1.748975091297348072e+01 8.779435278399063236e+00 8.779435278399063236e+00 1.873405345959365320e+01 1.260011851993014886e+01 2.255815633781989504e+01 2.067482477668323426e+01 2.516555604025517212e+01 3.103330629830420051e+01 4.124791872152473360e+01 3.619370739093465517e+01 2.764492463501624542e+01 2.636344165089904479e+01 3.619366881656770829e+01 3.431931137478589733e+01 2.454536091139738474e+01 2.949343901807838719e+01 2.007897957695862701e+01 2.657662641561535111e+01 3.655418337893054570e+01 4.407560253182010257e+01 4.650581715238195812e+01
1.290000000000000001e-02 1.574637612090208361e+00 3.155776311937288803e+00 4.799764773499096471e+00 6.595805546178181267e+00 9.021008979246358805e+00 1.310235124164447384e+01 1.810240610012590068e+01 2.811300114596060595e+01 3.110191299814249533e+01 2.102841217213071801e+01 2.473087167339475911e+01 1.592649120365754101e+01 2.569006458472589571e+01 2.368479964642968127e+01 2.095915635047997938e+01 1.100701385744389071e+01 8.779435278399063236e+00 9.784590676431349721e+00 1.973966835694490030e+01 2.558128984351486679e+01 3.078572093968714896e+01 3.502283007129658898e+01 3.958156347045954959e+01 4.547898855725016887e+01 4.209149496102482146e+01 3.775846700908162035e+01 3.204872964742266106e+01 4.073987924732268340e+01 3.780907232841773435e+01 2.789134116117911688e+01 3.255896515081538922e+01 2.269020708520279683e+01 2.752285325793689452e+01 3.718158898033189530e+01 4.650581715238195812e+01 3.637858901582844595e+01
1.309999999999999880e-02 1.001309999999996236e+01 1.278945298050544643e+01 1.178653594620121581e+01 1.238740356289442879e+01 1.902303565594275980e+01 1.373388573818279923e+01 2.373993027022818580e+01 3.225539908893977525e+01 3.529395940313737867e+01 2.813971668362369982e+01 3.011857764211607247e+01 2.167199217417935131e+01 3.011857764211593391e+01 2.438007001488809777e+01 1.440512739934629849e+01 2.095915635047998649e+01 1.873405619310711856e+01 1.973966939321927327e+01 1.147212371430129885e+01 2.126855430939593461e+01 2.737552082071494652e+01 3.389761380167566784e+01 3.474572869455048618e+01 3.893993403603700187e+01 3.955634200308520576e+01 4.374985151687919682e+01 4.237773587281499488e+01 4.673581965079748812e+01 4.184692570288969193e+01 3.189666610741777220e+01 3.551836322898088838e+01 2.474820460918442322e+01 3.540372391814531028e+01 4.138418619829241862e+01 4.540285168945610650e+01 3.526913316637533313e+01
1.349999999999999985e-02 7.221951552334725299e+00 1.785924863969325216e+01 2.131195207585096441e+01 2.248187589604420111e+01 2.671456302541156447e+01 2.080808095170259620e+01 2.006065933009122304e+01 2.714033854566297777e+01 3.714648053509215231e+01 3.825328751506535241e+01 3.594585962875390805e+01 3.175353558042641566e+01 2.831842073584097719e+01 1.827585639383647376e+01 2.438007001488809777e+01 2.855893037021065339e+01 2.720353387441361903e+01 1.718777177459767458e+01 2.142093092990340253e+01 1.328958324827515014e+01 2.323772178292536950e+01 2.377723692320118332e+01 2.460226020265345070e+01 3.127871017209950111e+01 2.941835613272162675e+01 3.768651621731162038e+01 4.187630414503342280e+01 4.693062353595130531e+01 4.598843455425318183e+01 3.762320421625676659e+01 4.034266942482000218e+01 2.979069663400198209e+01 4.039603527925731896e+01 4.939108491410338786e+01 4.527131174162162353e+01 4.240965220438473438e+01
1.349999999999999985e-02 1.001349999999996321e+01 1.591546480327103730e+01 1.945099872481308267e+01 2.359313802196506060e+01 2.936664686168761307e+01 3.081804072186428911e+01 3.007106968085134469e+01 3.421253033942160471e+01 3.303093540391869709e+01 3.717136729362719194e+01 3.759041469972689242e+01 3.653734176969302183e+01 2.646288824511794857e+01 2.831842073584097719e+01 2.361425805484966389e+01 3.372035881702097981e+01 3.139129865152073506e+01 2.293797121110156567e+01 2.741791482157807280e+01 2.323772369467369359e+01 1.516896535221352593e+01 1.673374744429747452e+01 1.881455941604787796e+01 2.114169638437128640e+01 2.393164452099227191e+01 2.753802743694746269e+01 3.263484947351633991e+01 4.273818296110693638e+01 5.155841017583534835e+01 4.748634245826328026e+01 4.673161050409330386e+01 4.203707717655873921e+01 4.606584509432587282e+01 4.448124382907763419e+01 3.525445428545020121e+01 3.709258183377872342e+01
1.359999999999999924e-02 2.900351345948130266e+00 5.915464791725771221e+00 9.450998697658519632e+00 1.522450138955498034e+01 2.522450152937170387e+01 2.729591410833655019e+01 3.143938295040295472e+01 3.028533789532149356e+01 2.302979652639980301e+01 3.139809520343288796e+01 2.750536735364635277e+01 3.464407247890830632e+01 3.654860009909116059e+01 3.789984266461205920e+01 2.944785127574935402e+01 3.789984266461205920e+01 3.722323201698880979e+01 3.303040083400075133e+01 2.894286783705877752e+01 1.887856611843128718e+01 2.513891934177947007e+01 2.246501004507149446e+01 2.094200860761243632e+01 3.105260311885422553e+01 3.409848359961608111e+01 3.224085429378881429e+01 4.187630414503342280e+01 4.693062353595130531e+01 4.794657058182574616e+01 5.214196847927853895e+01 5.351825146400636868e+01 5.044978691554047856e+01 4.131464611349557003e+01 3.478418007010753854e+01 3.087106706694456904e+01 2.733578138336800478e+01
1.369999999999999864e-02 1.001369999999996274e+01 1.591546480327103730e+01 1.945099872481308267e+01 2.359313802196506060e+01 2.566487416875767025e+01 1.729478292023136632e+01 2.566487416874299043e+01 2.028351224327494151e+01 1.725615251058498956e+01 2.690290584401539320e+01 2.042987347323326119e+01 2.958349987563144623e+01 3.151929494416215860e+01 3.567182921851864563e+01 3.955671265625864663e+01 4.373085418500679822e+01 4.151747144299971382e+01 3.139323348136529290e+01 2.422673282231639647e+01 2.387687447864256640e+01 3.313798191838969842e+01 2.961597703629403711e+01 3.105260311885422553e+01 2.598139105801504201e+01 3.316031725447589196e+01 4.236398614178794730e+01 4.655739168427911778e+01 4.631099060162247838e+01 3.785904797752156981e+01 4.379841503630815680e+01 4.248657575919924057e+01 5.329158488469342814e+01 4.849388741823427296e+01 4.448124392171657604e+01 3.525445429421341714e+01 3.709258216938582109e+01
1.290000000000000001e-02 7.083967811865485409e+00 1.708396781186555202e+01 1.926700153431875506e+01 1.512233555865049972e+01 1.626858982295077638e+01 1.152125595694988114e+01 1.743907447270801825e+01 1.321228311992814319e+01 1.278400147062295744e+01 1.970391746334749428e+01 1.542980146119691476e+01 2.334886182126881593e+01 2.151286759446691477e+01 2.843248070071366840e+01 3.221404034455638055e+01 3.636663833798184697e+01 4.137501851435683875e+01 3.435855412597905456e+01 3.139323348136529290e+01 3.104328728051837771e+01 3.820304976499487992e+01 3.974647417536168348e+01 4.031688381412126887e+01 3.184672051487906330e+01 4.031688381412126887e+01 4.747345037377588994e+01 4.380061285620150358e+01 4.181787203999034830e+01 3.210250214967314975e+01 3.350343671854506766e+01 4.379841503630815680e+01 5.152297266017901478e+01 5.566712958798623134e+01 4.939114070960857106e+01 4.527131329581572317e+01 4.390584009984620195e+01
1.379999999999999977e-02 1.001379999999996251e+01 1.248766816420331338e+01 1.352979357196697485e+01 5.121282718749398555e+00 6.268361388102207776e+00 7.438772860063514791e+00 7.438772860063514791e+00 7.438772860063514791e+00 1.743907460389201347e+01 9.703327328366567528e+00 1.134731720145678935e+01 1.334731720179474301e+01 1.584731721271474392e+01 1.842930623304723881e+01 2.220895909951111591e+01 2.720918016667773998e+01 3.721890052243678326e+01 4.448218076321979453e+01 4.151747144299971382e+01 4.116838996130572781e+01 4.210052095887284196e+01 3.824169251820786997e+01 4.210052095983411391e+01 4.196643514622050475e+01 4.616043209773076939e+01 4.370057880493079239e+01 3.383262294396219971e+01 3.383387718190223836e+01 2.770806028921513331e+01 3.764144052881523095e+01 4.440016886455511980e+01 4.144980693028514196e+01 5.152297266017901478e+01 4.771324643043555369e+01 4.691600538853580105e+01 3.673777038775617854e+01
1.359999999999999924e-02 1.001359999999996298e+01 2.487596080112563612e+00 3.530168150397936966e+00 7.065702061433434267e+00 1.626825259072027663e+01 1.743907257994723281e+01 1.743907447270802180e+01 7.438772860063514791e+00 7.438772860063514791e+00 1.743907474023897208e+01 1.581945606145274041e+01 2.334908122583407319e+01 2.151286759446691477e+01 2.843247956270374388e+01 2.475415591936348036e+01 3.476207363354588153e+01 4.137501852356886900e+01 4.330891196031005563e+01 4.041077191982749639e+01 3.656079574338743754e+01 3.656079574338323113e+01 2.916444575118524440e+01 3.692294575839224535e+01 4.076671620039678601e+01 4.533816662405725140e+01 3.954209229274722759e+01 2.964714790094285135e+01 2.400665621307485864e+01 2.726365991743603701e+01 3.069790874741610054e+01 3.440401767057300475e+01 4.440016886455511980e+01 4.480384869730117714e+01 3.769415397100532772e+01 4.480384869729753916e+01 4.390584009984620195e+01
1.359999999999999924e-02 1.028946165133618473e+00 1.102897256269887549e+01 9.303673872738491113e+00 1.706515702206872831e+01 1.283920747926452499e+01 2.283739656887955150e+01 2.158220217502437777e+01 1.321228311992814319e+01 1.321228325326147690e+01 2.158220282331900819e+01 2.159309577526918034e+01 2.997107503510744309e+01 3.151929494416215860e+01 3.567182921851864563e+01 3.182783190763150216e+01 3.891837857732192418e+01 4.067593690208796886e+01 3.408534174400231365e+01 3.656079574338772176e+01 2.739263635137260877e+01 2.739263635137260877e+01 2.446124537618913664e+01 2.781662870375522090e+01 3.241836605561417173e+01 4.142951101197688502e+01 3.954712202006457744e+01 2.964715297376206138e+01 2.400665621307485864e+01 3.143714463419949112e+01 3.556023265719584714e+01 4.128025866826322243e+01 4.619198737245799435e+01 4.044939098071187544e+01 3.098442879229165214e+01 4.044939098070921801e+01 3.840254159448983984e+01
1.319999999999999993e-02 1.001319999999996213e+01 1.517121842039157720e+01 1.930489432904648694e+01 2.343817157552514274e+01 1.991021029201725057e+01 2.283740389052948672e+01 2.735659215996967220e+01 2.321297915257176925e+01 2.321297928669764588e+01 2.735659267992837584e+01 3.159874000610368583e+01 3.575102574016437984e+01 4.029601454003396555e+01 4.443457388462100965e+01 4.184614596469709369e+01 4.206664644522289365e+01 3.602648956336228991e+01 2.752549268634531998e+01 3.602655276182667876e+01 3.007792806629377225e+01 2.066022873038766150e+01 2.739263635137260877e+01 3.656079574338456695e+01 4.076671620038925425e+01 4.534370862061619789e+01 4.370663913837155690e+01 3.669273213407624468e+01 3.141652889259511738e+01 2.154337905232912931e+01 2.727122226505192870e+01 3.712801837636877167e+01 4.200658449257169735e+01 3.253568362346789655e+01 2.787638388186312710e+01 3.284225886191701704e+01 3.009147215692534161e+01
1.019999999999999900e-02 5.783702691896265513e+00 1.285477050376176322e+01 2.285477050376239205e+01 2.630989581919564202e+01 2.990427761867065470e+01 3.282391990465422538e+01 3.166433135399650922e+01 2.751713113998730975e+01 3.166433134935930127e+01 3.216040947842031983e+01 3.630484876284008067e+01 3.321895233962877825e+01 3.028744239432319674e+01 4.029589075417607091e+01 4.226594886643082560e+01 3.689784020832853173e+01 2.883105343904981410e+01 2.275130968096749129e+01 3.215617779997675996e+01 2.811414383865943734e+01 1.858710089053391101e+01 2.811414383865943734e+01 3.380157451644158328e+01 3.861777602469717152e+01 4.693011828910694305e+01 4.125474107619853470e+01 3.271387998247664797e+01 2.254474164745166220e+01 1.986862379620211883e+01 2.699286748523269708e+01 3.686746093346401665e+01 4.362151436563664930e+01 3.899992809856190235e+01 3.284225886067520861e+01 2.457689308021334895e+01 2.582571870803896985e+01
7.249999999999999500e-03 9.332757651525042775e+00 1.651954635081849432e+01 2.037040254542151985e+01 1.641651218304957993e+01 2.343623501408946197e+01 2.896609954074011384e+01 2.460579904793864614e+01 1.750115389606147431e+01 2.436987598900623553e+01 2.213789934115577296e+01 2.873780902129425741e+01 2.319878771410262175e+01 3.028744604043539468e+01 4.029677961540262743e+01 3.836047732665517884e+01 2.911817397759613613e+01 2.364785041532226728e+01 1.928240473622322426e+01 2.545508755665508360e+01 2.407030145297625268e+01 1.661205507348937971e+01 2.013832303042585536e+01 2.499550104050358712e+01 3.457666648766733886e+01 4.279968385342662884e+01 3.302834264300305023e+01 2.734155200378776129e+01 2.837047016348565975e+01 1.819907503532866855e+01 2.649435295528081014e+01 3.062971427283693870e+01 3.786742430674031112e+01 3.057907756190967064e+01 2.681525953315828659e+01 2.207724785000421264e+01 3.193654474992962378e+01
