output/example/elevation_average_000020.asc
nrows	75
cellsize	133.333333333
xllcorner	0
ncols	75
yllcorner	0
NODATA_value	-9999
[rows 17 to 33 of 75, columns 0 to 36 of 75]
6.278147767783714972e-01 9.546353942125341518e+01 1.514605097078272991e+02 1.192963054268033574e+02 1.928911418961584729e+02 2.123428203193382160e+02 1.992679124823490611e+02 1.466688219933506616e+02 1.758752543635397387e+02 1.235510942148784181e+02 5.237497642255595309e+01 1.460038889921976306e+02 1.558843100348257167e+02 1.405167206058964666e+02 1.640539850629282057e+02 7.698342043718056971e+01 1.656480634080427592e+02 1.262777238482360644e+02 2.137625140226286646e+02 2.320915554073888529e+02 1.972505286733397440e+02 1.175868767930270593e+02 2.088905614793641234e+02 2.477701774959283227e+02 2.963026610703043957e+02 3.311658766148601103e+02 2.892757979745175021e+02 2.553458360049122575e+02 2.001915382964808714e+02 2.553247382349319707e+02 3.389029790138191629e+02 3.857409129906262706e+02 3.589554918967010622e+02 3.001156053240143251e+02 2.157704428475134080e+02 2.355846574949653416e+02 3.184449835738304273e+02
9.333890302168857955e-01 3.011672001117316455e+01 6.019112150805157313e+01 1.519166030151649807e+02 1.956441542982946942e+02 1.511783196267955987e+02 1.647880209637893074e+02 8.585059459082674493e+01 1.336179402299747494e+02 4.621874380209349908e+01 1.391838154790783904e+02 1.033120232238860439e+02 1.844146805596200522e+02 2.270378058042800262e+02 1.957438517137227620e+02 1.073372914244447145e+02 1.824406397063048075e+02 2.135961329537293807e+02 1.781990361860189580e+02 2.651849202144950368e+02 2.437343483308481211e+02 1.837388041885433552e+02 1.306119706410760273e+02 2.210898018968539986e+02 2.121373675067585509e+02 2.974053818125267981e+02 3.478503091123081958e+02 3.204769807089501228e+02 2.873499481708557823e+02 2.451105341461862395e+02 2.839281466267281644e+02 3.436566702124428048e+02 3.905126606781409464e+02 3.229375025194527780e+02 2.526396045670868205e+02 3.213820618851876247e+02 2.974252941318270587e+02
9.343791665630089005e-01 9.593468899939101391e+01 1.514331334981090151e+02 1.857722243796559667e+02 1.539955583237227756e+02 8.063383111220903743e+01 1.228241603961053414e+02 3.537029134079560322e+01 3.987889188086416681e+01 1.338509847864984579e+02 1.759692510550933093e+02 1.941528960627593108e+02 1.733616637446176014e+02 2.593155714835126560e+02 2.336760615117286761e+02 1.614413137261504119e+02 1.716131701311757638e+02 2.502877440883466136e+02 2.448557382033415593e+02 2.510851461626006653e+02 3.047051641294311253e+02 2.556692942956295553e+02 1.959201271777694160e+02 1.437141338293764932e+02 2.289955945982217713e+02 2.308544199422033785e+02 3.157001272637511420e+02 3.417257388115339154e+02 3.452691843917787651e+02 3.292010576758479488e+02 3.591329235254083301e+02 3.961661618682633730e+02 4.090805097527713770e+02 3.472089189009146253e+02 3.195091530816983436e+02 3.721013893131607801e+02 3.646654518101258304e+02
4.696025931229614869e-01 7.076005007370223154e+01 1.612023367391337558e+02 1.493540991797493689e+02 1.134504993924933416e+02 2.403106063408997883e+01 2.884651024407262199e+01 1.231612827629631681e+02 1.335940460505880196e+02 9.768689947627275671e+01 1.575538872135927591e+02 2.403172756855374530e+02 2.597600187894523742e+02 2.940210542443730333e+02 2.793873063226549220e+02 2.350271371542079919e+02 2.415723319960678737e+02 2.936162532889512704e+02 3.267275089246361972e+02 3.346651832109672000e+02 3.664707899658962447e+02 3.159486074885957692e+02 2.677078957891985738e+02 2.124128818727562589e+02 1.572284000554790850e+02 2.461533683407872388e+02 2.614720760786278788e+02 2.594734922142903315e+02 2.625649132054346069e+02 3.452585524045700254e+02 3.809986877029288053e+02 4.343237461381652338e+02 4.386812775187564739e+02 4.017918705812255666e+02 3.778720366787148350e+02 4.136059315693127019e+02 4.347151371421534236e+02
4.671211237371231118e-01 9.222699426731628591e+01 1.041666946880280307e+02 1.081056639854782304e+02 1.895606588768726652e+01 1.134948230267043954e+02 3.121835562235262174e+01 1.254424433963514645e+02 1.682067165010684846e+02 1.884668144138291552e+02 2.232065921020453914e+02 2.470554934151275290e+02 2.659722088450411093e+02 2.554241037619854069e+02 2.823847572351527901e+02 2.893729027897261403e+02 3.175458385273328190e+02 3.227599016206435749e+02 2.901219063312640856e+02 3.020730681342196817e+02 3.341946538424097639e+02 3.549452272890732161e+02 3.292389925440327829e+02 2.799937547249710974e+02 2.278641575541053328e+02 1.710926626730087605e+02 1.812830040833530347e+02 1.915235248923631559e+02 2.781555361958525623e+02 2.671208866258626813e+02 3.245848382598626358e+02 3.756528596107432918e+02 4.075937786486392156e+02 4.093101856739828008e+02 3.618810613105123934e+02 4.015866990395441007e+02 4.482977057893236292e+02
3.248811761027110556e-01 9.535197680379367569e+01 9.899810558218680612e+00 1.367784036064649733e+01 1.082399199263149683e+02 1.497385322286498877e+02 1.254162731775978443e+02 3.817458784270098704e+01 1.319328295904301740e+02 1.747151235140404424e+02 2.158017390519224818e+02 1.634456090561213557e+02 1.794081140590966186e+02 1.692387191428739754e+02 2.210834615901161442e+02 2.958127686425127649e+02 3.157187004892291498e+02 2.740252329439622940e+02 2.037122832919683901e+02 2.163504959783482775e+02 3.004308198090882911e+02 2.732257028024982901e+02 3.309783263878308048e+02 3.367696479310714039e+02 2.891131412427296823e+02 2.091434516143989413e+02 2.683822347234190033e+02 2.780632694406968426e+02 2.065929086219634883e+02 2.922422109353247492e+02 2.877902546488381859e+02 3.654205034098716851e+02 3.317947177099622422e+02 3.648702059597511038e+02 3.096738859589298727e+02 3.604819179477922830e+02 4.245346006532162164e+02
1.190754202154438168e-01 4.302501109019106096e+00 9.594115118239143669e+01 1.080255188396934471e+02 5.914316724552124782e+01 1.502768506738897827e+02 1.673504305828392091e+02 1.321837674777169127e+02 4.496194366787009500e+01 1.373014399674737547e+02 1.492461846946540334e+02 8.969920543086558951e+01 1.179417810374253435e+02 1.809578093281401721e+02 2.673623503894875171e+02 2.854529729726286291e+02 2.437651024979282965e+02 2.382114293431787360e+02 1.506843380268803969e+02 2.288162973249047525e+02 2.533462084171725053e+02 2.135988618676956889e+02 2.672629551927544753e+02 3.411261499418852736e+02 3.244154570908791015e+02 2.640143234443816596e+02 3.281267602277501965e+02 3.249122025125672621e+02 2.717870012841833613e+02 2.225237318298941886e+02 3.070709177291986407e+02 3.341314738783104872e+02 2.715845600998350164e+02 2.857469234853876969e+02 3.652935331998082802e+02 3.377908423842148409e+02 3.594002369617693944e+02
3.133428407152799577e-01 9.534434780645133856e+01 1.356415117747405930e+02 1.847065915961860014e+02 1.301949600882928451e+02 1.232970141652021283e+02 2.116626037734360182e+02 1.744648900710272414e+02 1.259576488986325558e+02 5.161141095104081700e+01 5.629820060707032070e+01 1.497147557368690514e+02 1.920521065507688832e+02 2.422277315308648440e+02 2.370398061944619315e+02 2.388681361441142030e+02 1.704975013979977518e+02 1.873387071182619081e+02 1.202033361275571792e+02 1.425157532156839579e+02 1.660879676027063852e+02 2.112543001445658604e+02 2.722477744156499853e+02 3.482362527607216407e+02 3.664692662948618249e+02 3.456592631926175159e+02 3.659754257779117097e+02 3.809629674233480046e+02 3.392301224877861046e+02 3.070445941769651768e+02 2.392597121159327003e+02 2.521195174880822378e+02 3.112879477379509012e+02 3.649444624763622187e+02 3.305634684537019439e+02 4.049120825830597710e+02 4.292217531694196282e+02
9.928176626908779001e-01 4.369704054809409399e+01 1.103230251296796354e+02 1.995299979259355041e+02 2.172613527538122185e+02 2.121048023020080109e+02 2.423319115737373863e+02 2.269850909816866817e+02 1.526664947002729775e+02 1.009454247983294266e+02 1.495321582715883437e+02 6.311429397371899341e+01 1.563635265890889059e+02 1.672750571916178615e+02 1.484264631608018874e+02 1.498202167033756496e+02 1.808431267894087853e+02 9.509017812179071427e+01 1.873407284941714295e+02 2.281674428923164442e+02 2.537749331242112589e+02 2.879902602905429490e+02 3.295724345391919883e+02 3.354757134142499240e+02 3.498540532400451184e+02 3.168205084244971772e+02 2.827255463784342737e+02 3.400835069211753421e+02 3.868241581910363607e+02 3.542427547448127712e+02 3.073002011018105577e+02 2.794517804075355798e+02 3.588809303686065846e+02 4.201851010988797839e+02 4.069093373901286554e+02 3.884298187986791504e+02 4.539281710208376239e+02
8.098593596749129597e-01 9.580739409592074196e+01 1.332703057152852750e+02 2.178530534687556894e+02 2.290897416581001664e+02 2.367464763967828674e+02 2.696129761510820799e+02 2.473588397118533351e+02 2.186967843740147543e+02 1.614360711153501882e+02 1.920185812174727573e+02 1.401080454695267576e+02 6.981020181729795127e+01 7.452880209214983154e+01 7.921868374290937709e+01 8.389976367541176216e+01 8.856078255734261973e+01 1.809762685837963545e+02 1.022195455032666160e+02 1.942436235115883676e+02 2.360731420363393909e+02 2.970104425285732077e+02 3.045702208169050209e+02 2.569028547253197416e+02 2.982005586090506313e+02 2.328586468832395724e+02 2.218247115485948768e+02 2.718087805530532819e+02 3.535765094092566869e+02 3.670112173776799978e+02 3.674278714918508513e+02 3.595822047854799735e+02 3.287222417980368618e+02 3.838579423990396435e+02 4.401851465515328528e+02 4.327395100664225538e+02 4.347960469708249889e+02
5.647759371839101705e-01 6.878823965811531593e+01 1.602538051324007995e+02 2.006277366155279367e+02 1.429765042771231265e+02 1.496739408380542500e+02 2.117562954731063485e+02 2.143981520686384101e+02 2.349238047531204359e+02 2.222234824390814651e+02 2.455306424046387406e+02 1.749360880990783471e+02 1.382085488274779266e+02 1.404217435252066366e+02 1.387528863385100237e+02 1.761008335222600749e+02 1.298337891615193200e+02 2.121552538218474524e+02 1.942154903542854072e+02 1.091733298466088087e+02 1.751480030723377297e+02 2.346479361014347091e+02 2.584634288044408095e+02 1.869904429432948234e+02 2.294729611046464299e+02 1.755986831685079324e+02 2.644905669387925400e+02 3.106134785386146291e+02 3.111028665249884284e+02 2.873507822582247400e+02 3.392794038405392030e+02 3.977884200762132991e+02 4.018810938078291883e+02 4.071548184298385422e+02 4.387046545378640872e+02 4.287395988577136450e+02 4.271612073477957097e+02
7.582905442777093663e-01 9.575520684010987793e+01 1.113572690432312129e+02 1.195442980481207229e+02 7.503248594804102822e+01 1.643360353496709649e+02 1.243027504177468074e+02 1.949342235101647134e+02 2.770141888256480343e+02 2.953406035201916211e+02 2.752948507817512791e+02 2.348219430402418766e+02 2.254301509787364353e+02 2.296763082177772048e+02 2.243082390031016473e+02 2.507362936828208149e+02 1.926436506691262025e+02 2.514572919206324570e+02 2.359248480790907365e+02 1.883330538191004280e+02 1.160472053322455110e+02 2.043614897997922810e+02 2.187035830192184562e+02 1.348285174314073913e+02 1.396728883182825314e+02 2.304665149997096592e+02 2.414986798458790531e+02 2.269611158334220136e+02 2.249864390901576030e+02 2.186271558862492554e+02 2.931313129700452009e+02 3.465816219163097003e+02 4.071557582710619840e+02 3.917669864439110938e+02 3.933780967001712270e+02 3.625198597864950329e+02 3.663153900984086704e+02
3.106133300308140388e-01 9.051005493020241488e+00 1.767404279141373991e+01 2.624616707065147025e+01 1.198304768114644503e+02 7.945836024046137425e+01 1.700208608320143071e+02 2.122299904264757515e+02 2.952305599345074256e+02 2.831650233481063310e+02 2.470834006155945701e+02 1.955575077145088869e+02 2.267703430187313813e+02 2.395158240087272929e+02 2.671192779050469994e+02 2.909781640826899434e+02 2.604856755318509158e+02 3.030565700289021152e+02 2.842901114338740172e+02 2.100410452918962960e+02 1.992785625749093583e+02 1.228513117099518297e+02 1.277506817046297698e+02 2.189556804918518935e+02 2.301385166069876789e+02 1.466581872128296880e+02 1.514930031122217429e+02 1.560961231060936711e+02 1.605543701401974204e+02 2.501596199057358660e+02 2.307352629937758195e+02 2.937994203445054495e+02 3.368189252608304969e+02 3.146034867743196628e+02 3.107020742752922615e+02 3.009176939196358944e+02 3.855901243120803201e+02
9.522306102595711197e-01 9.595330965923976407e+01 1.114949902052694028e+02 1.194913110923621247e+02 3.903069588844246596e+01 1.319225905475401248e+02 1.414608876652807794e+02 2.262881611280982384e+02 2.353389187906227278e+02 1.997872071207636111e+02 1.993675544784704243e+02 1.291263828209509370e+02 1.422329997606493635e+02 1.555545929870820885e+02 2.283435822334746774e+02 2.643925408749728376e+02 2.544229682638805343e+02 3.043061537980192384e+02 3.083602394475761912e+02 2.821778380293884538e+02 2.334166767482190323e+02 1.584840173377938015e+02 2.186745820499015167e+02 1.541238291982457440e+02 2.442107620936884018e+02 2.372306227392216442e+02 2.025248836278082365e+02 2.460803521997445671e+02 2.504225143734580001e+02 1.667679717872533729e+02 2.566612295578584622e+02 2.918539689528920462e+02 2.520319440477251476e+02 2.512985934778786543e+02 2.544437126049551523e+02 3.378148358207821502e+02 3.750078829827946834e+02
5.499842727366835993e-01 9.553512422202547327e+01 1.752006965488670289e+02 1.663388643120576944e+02 1.319096898555518749e+02 5.204748461177759822e+01 1.442259652311419984e+02 1.651791592488033018e+02 1.495615986043948737e+02 1.831662018767466122e+02 1.111171405831204595e+02 1.993655784488553309e+02 2.275061614207587866e+02 2.394474576006786890e+02 1.749970449393838123e+02 1.899293572400076187e+02 2.034512965396264974e+02 2.784425752950994024e+02 2.938147498555690618e+02 3.187919955899407682e+02 2.755596157255026242e+02 2.076708561579791308e+02 2.479892794796787427e+02 2.441787335196140418e+02 1.826842361979572331e+02 2.716273356232237006e+02 2.899354671857524863e+02 3.200933791104226316e+02 2.907892152706710931e+02 2.523501437999012467e+02 1.729391239041916606e+02 2.625836371764206660e+02 1.851712366757518851e+02 2.129272983016570038e+02 2.559321099455963235e+02 3.179482516717098974e+02 3.452811527393844813e+02
1.082394608984237339e-01 4.727387551400624943e+01 1.115116133689344480e+02 1.982851939392944587e+02 1.782999656023177693e+02 1.442045131447846416e+02 6.509117985294588493e+01 7.461395775352754356e+01 8.416600534238918385e+01 9.379718886641285280e+01 1.833795506175892456e+02 1.992319440636898662e+02 2.828685571205355131e+02 2.891669027098176912e+02 2.575426004079112658e+02 2.482814105371075186e+02 2.833173435481970728e+02 2.268565573577950545e+02 3.012732991966728946e+02 3.281635789952611617e+02 3.144355052704727882e+02 2.739141788301067209e+02 3.180667158671561765e+02 2.519293059217887674e+02 2.716133629141938286e+02 2.163529398286705430e+02 2.731093409967670027e+02 3.556597161374181724e+02 3.252981801894860610e+02 2.419346101528754218e+02 2.577055972674977511e+02 1.790337497440106915e+02 2.684253398374885933e+02 1.913357565651450614e+02 2.802546813095177072e+02 2.905277560810525870e+02 2.609467064206210125e+02
1.058428616300536307e-01 9.513127989277927554e+01 1.561892555183071920e+02 1.931355296974824682e+02 2.381307934144809053e+02 1.855797915119323704e+02 9.854728807633985355e+01 1.640275753523115725e+02 1.476919616826347692e+02 1.831574619709653007e+02 1.164418379890913116e+02 2.049168105568055580e+02 2.463408085550767339e+02 2.679688352337959145e+02 3.007239033243205881e+02 3.259020306784476588e+02 3.310452720695744233e+02 3.023103766559619885e+02 2.504505713024811939e+02 3.066091600178826866e+02 3.217590290589587312e+02 2.990286575002642735e+02 3.539805453725954862e+02 3.192609539497211131e+02 3.370229946922369209e+02 2.713507559025284763e+02 2.679826404012000012e+02 3.471714298001440397e+02 3.599294650292050619e+02 3.192147071952621786e+02 2.775095453246476040e+02 2.019820757008966723e+02 2.877009655486821202e+02 2.802448142061747376e+02 1.974834467691352131e+02 2.021827447206346164e+02 2.068957794036044220e+02
