output/example/elevation_000008.asc
nrows	50
cellsize	20.0
xllcorner	0
ncols	50
yllcorner	0
NODATA_value	-9999
[rows 17 to 33 of 50, columns 0 to 36 of 50]
9.098509734387574266e-01 1.090985097343872212e+01 1.541117154009572943e+01 9.000119033290980397e+00 5.648151102510496457e+00 1.855749617684705699e+00 1.183180320354042081e+01 1.888246194703841851e+01 2.196712750906615952e+01 1.198834577333094309e+01 1.803970918556662184e+01 1.806602199115137353e+01 1.689584246832221126e+01 6.895850044362202169e+00 1.269228216177545399e+01 1.340742430232362281e+01 7.884734936928380122e+00 1.636163185904169382e+01 1.565079195133823475e+01 1.496015008864537243e+01 1.525502616133100808e+01 9.552459763064106824e+00 1.723148106930725731e+01 1.711567958365064257e+01 1.066230395528158148e+01 1.875776331052274415e+01 1.143422376762284109e+01 1.197418609061650230e+01 2.162866364198214697e+01 2.499667877474178823e+01 2.983471057091653833e+01 2.847504523541108057e+01 2.003698847113652803e+01 2.249381342826276153e+01 1.524047804612409607e+01 2.450303136765551670e+01 2.457434811864325397e+01
6.729603419142361487e-01 7.744028153779722423e+00 1.774402815377979081e+01 1.210010041695526617e+01 2.100122532706189205e+00 9.059186789867782252e+00 7.651470918094031681e+00 1.765146442813306393e+01 2.613048027805431417e+01 1.804311377991006182e+01 8.066029891719603384e+00 1.561938162171052724e+01 1.317811210654170040e+01 1.381949590066964184e+01 6.631912692355088623e+00 1.401926552975836948e+01 1.642490656320575226e+01 8.253841661387010475e+00 1.606067467643946856e+01 8.900956744732335224e+00 9.165966620546708299e+00 1.755105116388411801e+01 1.902568942240982253e+01 2.194776548437928554e+01 2.066156663065887145e+01 2.196759551159886570e+01 2.075998966108745947e+01 2.128457076141352644e+01 1.280602283288745546e+01 1.569247054213081860e+01 2.567639825721957081e+01 3.418431804450863609e+01 3.004113092841960508e+01 2.226903778700600611e+01 2.517005614754855358e+01 1.766608830361533222e+01 2.761842409142349197e+01
9.500813129397378543e-02 1.009500813129393748e+01 1.919287730456974117e+01 1.624223562959144473e+01 8.981849510286274096e+00 2.446385550316334534e+00 1.244637161494504873e+01 2.179360023091610898e+01 2.165035244409362747e+01 1.746343524025695615e+01 1.370349513454971913e+01 5.649425085428255500e+00 1.302049590521837175e+01 6.270835682392914556e+00 1.494858025286721315e+01 1.392958974753399382e+01 1.871467064091538290e+01 1.692506745069013263e+01 8.623696999880284153e+00 1.622494141820433455e+01 1.652105226236227864e+01 1.073740205356337540e+01 1.186972180214564609e+01 2.175014013997410700e+01 2.736539721746377651e+01 2.779591243581589666e+01 2.331186561559830750e+01 1.366276456076741397e+01 1.961195141865336922e+01 2.563302256622108644e+01 2.103728575406092816e+01 3.102851306391588082e+01 3.641110663941040571e+01 3.226784892837522278e+01 2.399083338870313753e+01 2.760766575880196783e+01 2.043984802926062727e+01
5.074168083889973868e-02 5.050741680838890524e+00 1.505074168083885411e+01 1.116101557178560455e+01 2.793063458915673092e+00 9.347101733232561216e+00 1.658850696214372178e+01 2.262742117510851969e+01 1.750821635643962892e+01 7.508201685451327378e+00 5.292058840996397784e+00 9.808832434407360523e+00 5.910348911045496756e+00 1.183905814677693158e+01 1.627082933180927427e+01 2.392958806987399356e+01 2.379518160530504645e+01 1.379509746674794712e+01 1.047950590403382165e+01 2.043035982134904316e+01 2.476021720160681028e+01 2.052898779268220508e+01 2.142721938237026436e+01 1.351372652976250954e+01 2.351375781527793052e+01 2.452371388470426439e+01 1.452449177469418906e+01 2.298375813671545487e+01 2.700009522815645724e+01 3.375283421093181602e+01 3.102802303190574662e+01 2.810916660761107977e+01 3.810925191452923144e+01 3.813273746094338890e+01 2.976419729979043183e+01 3.458173861973152441e+01 3.038288875616512641e+01
2.528005767708579876e-01 1.025280057677082191e+01 1.919287730456974117e+01 1.014553134164122916e+01 3.038353454673126119e+00 8.459396487478306526e+00 8.485292758034184146e+00 1.398458188674500491e+01 1.414471104298496940e+01 1.173621296785551671e+01 5.039893869196202303e+00 1.277145617372145026e+01 1.591033751378551742e+01 2.005247303247707436e+01 2.600766737674663887e+01 3.041296482245433808e+01 2.793732476408915844e+01 2.372476551924232879e+01 2.038625083237346303e+01 1.325302376787278469e+01 2.325303729089296212e+01 2.518130371783539445e+01 1.518127363976104682e+01 2.330334661224224391e+01 2.739571653737945311e+01 2.866601575127502599e+01 2.419482370970174756e+01 1.534053985001333054e+01 2.471172424587314254e+01 2.565498541797255783e+01 3.098505080458312122e+01 3.810925191452923144e+01 4.225132888756984784e+01 4.390617615053663059e+01 3.976404763918706209e+01 3.918470736129310694e+01 2.918595384120455449e+01
9.791283598286071310e-04 7.072046940225290790e+00 1.707204694022522062e+01 1.718048706144358562e+01 1.141664960037997645e+01 3.385782797659130150e+00 1.059789375633539521e+01 3.984598752660895027e+00 1.079629978404057589e+01 4.687060219486274271e+00 1.325566585445202605e+01 7.621899375384022512e+00 1.756122704574726612e+01 2.385681825287356617e+01 2.800880106499901956e+01 3.300879536906855805e+01 3.405791720160631542e+01 2.630843531431538551e+01 1.633909935199972097e+01 2.029062102040164106e+01 2.739517559589990725e+01 2.932344356174874633e+01 2.506362586113877455e+01 1.693539878760432771e+01 2.684742335634564370e+01 3.295073808143996530e+01 2.948286450811162496e+01 2.504353700904278313e+01 1.621684688340028302e+01 1.684141894127668948e+01 2.650933850437414208e+01 2.982320622442467339e+01 3.322951144878078367e+01 3.659170043579139531e+01 4.076879150299905774e+01 4.332681426300616323e+01 3.495932915309773392e+01
4.600753433092569233e-01 7.531143155174719439e+00 1.753114315517465016e+01 1.919479839216105077e+01 9.194802941695490617e+00 1.171765957455171758e+01 3.734049774002666133e+00 1.092788899450185625e+01 4.334612171777274980e+00 1.269542905190366255e+01 1.468705396220900816e+01 1.754347383289189111e+01 1.034354836483079509e+01 1.386688682838989628e+01 1.886667585586183549e+01 2.886666152189187784e+01 2.998592512459853765e+01 1.999058730595062983e+01 2.629143748229538247e+01 2.450407122199225896e+01 3.443249789307213149e+01 3.325923220568051164e+01 2.325997410030640467e+01 2.675305898797394022e+01 1.880857760966776837e+01 2.453361131382958149e+01 3.453308373071562443e+01 2.621768568399097177e+01 2.587804062002955874e+01 2.565115246735354049e+01 1.773369579029750298e+01 2.040474895750694273e+01 2.329275627248684088e+01 2.662711668741125592e+01 3.369725956450462689e+01 4.369651400085582083e+01 4.203033952153071340e+01
5.979472710492108600e-01 7.669015082914673265e+00 1.766901508291460132e+01 2.333693435473512778e+01 1.877317270618208411e+01 8.773178803052276820e+00 1.370632940700719615e+01 5.810869246415303557e+00 1.430434120733547410e+01 1.840192334330774671e+01 2.468705481781023181e+01 2.263479895466310410e+01 1.269650904319822793e+01 2.256683272335181201e+01 2.794255604478781407e+01 3.300879536906855805e+01 2.999059188189453096e+01 2.997308472003835433e+01 2.467969646695662078e+01 3.448605461358157243e+01 3.864621556569268535e+01 3.325998889335659214e+01 3.312201479428745898e+01 2.979922800870278721e+01 2.019515365738487489e+01 3.004301002158402056e+01 3.867484909950908190e+01 3.621828376279981399e+01 2.861623856368630214e+01 1.866204427231456009e+01 2.742315672698124374e+01 2.585631392656180694e+01 3.323084808251574174e+01 3.658412154038303044e+01 3.479189619336396788e+01 4.479124425680309685e+01 5.203034211074968596e+01
1.534601171854249602e-01 1.015346011718538932e+01 1.880461203210851195e+01 2.295443371719198211e+01 2.291530872860645118e+01 1.876164617574831439e+01 1.115608809618745489e+01 1.576577976599564224e+01 9.462347058945082878e+00 1.943115556246719322e+01 2.781102213294286329e+01 2.683858463486003032e+01 2.266471510951391721e+01 1.661874304403072244e+01 2.367345525097469405e+01 3.364552806193261603e+01 3.999059906503491391e+01 3.817862043227687252e+01 2.821523052868546699e+01 3.818358118924754763e+01 4.740212813628921396e+01 4.020209612926660725e+01 3.225153952819145076e+01 2.228034020001915749e+01 3.005943739579742413e+01 3.019518221374093514e+01 4.019517147765542830e+01 3.579862288133038817e+01 2.579873119384428293e+01 1.932143198826202024e+01 2.848113163359180433e+01 3.585692985523171217e+01 3.992422631191027449e+01 3.873756664469994604e+01 4.287956255703322483e+01 4.893338233172070773e+01 5.449928040035191401e+01
1.123418600940028211e-01 1.009756558939537463e+01 8.812298093461132353e+00 1.458580078535736924e+01 2.458580078535729996e+01 2.529822443337187821e+01 1.562822383191525510e+01 2.359788337948092973e+01 1.942928811607983519e+01 1.372636117443880543e+01 1.949417194195980230e+01 2.949420479891098879e+01 2.661880790937616936e+01 2.660182924308686481e+01 2.196406069732098487e+01 2.773754432883349708e+01 3.773744735768774206e+01 3.821523879303325089e+01 3.528630375031876554e+01 4.235737745506360596e+01 4.462122551556700500e+01 3.603102793033112050e+01 2.605997867907105814e+01 3.219935115538057602e+01 2.490646454460196679e+01 3.067635606914415902e+01 4.067608490051941317e+01 3.667783642757117946e+01 2.667765613146394088e+01 1.998676315682348914e+01 2.916483185647079779e+01 3.436619300252985454e+01 3.505554493133807625e+01 2.873853296865480189e+01 3.869796936461481351e+01 4.629236735985743678e+01 4.449917889715913333e+01
2.368195578726151052e-02 3.038795401564895027e+00 1.009927214502796566e+01 2.009931706563833131e+01 2.872793640908821899e+01 2.977036081973384185e+01 2.562822451119729550e+01 2.562822451119729550e+01 2.781102213294286329e+01 1.872584900294073762e+01 2.786849779494197676e+01 3.363634190111730504e+01 3.661874018100051842e+01 3.610611088894910381e+01 3.196274920659053720e+01 3.610611088894910381e+01 4.187956779113253702e+01 4.821524769019817569e+01 4.528631349646435922e+01 4.630494008459655220e+01 3.630502216353915657e+01 3.053210434504241633e+01 3.603049957034831152e+01 3.673017938403898341e+01 2.690476667763239504e+01 3.678222363007028406e+01 4.481818189074394354e+01 3.706009878246869960e+01 2.705999976316717692e+01 2.968437543202215423e+01 2.094725634783655366e+01 3.063128793695777574e+01 2.508634459848415332e+01 3.503683525216396077e+01 3.300219141296682324e+01 3.633491811893299683e+01 4.340062281368012975e+01
6.540601710037032834e-01 1.064854495077107188e+01 1.303879540156485817e+01 2.303879540156478711e+01 2.895333580893679581e+01 2.757875411138352462e+01 3.172842454397099132e+01 3.562822623386512788e+01 3.286797098661292438e+01 2.872583630982522251e+01 3.286797098661292438e+01 3.236561106832959211e+01 3.650776259216143416e+01 3.694996261579898800e+01 3.280783033586328656e+01 3.694996261579898800e+01 4.195036259276613322e+01 4.161425900899045871e+01 4.575639201315589588e+01 5.044707168973238254e+01 4.467422843787639408e+01 3.630489097970750834e+01 4.455067383011361670e+01 3.893464272965957917e+01 2.903676360870541728e+01 3.476744746994143043e+01 4.476740865230533473e+01 4.120210730824801715e+01 3.706009878246869960e+01 3.436619300252985454e+01 3.062141819041072210e+01 2.191907381373993502e+01 3.164285696540849457e+01 3.654596827579385376e+01 4.298158268066925558e+01 4.629937625595324846e+01 5.047644228214095108e+01
4.909850854147627119e-01 1.040655202775944410e+01 1.489027697006918238e+01 1.485034132814925911e+01 2.222510849544335443e+01 1.758628892024013979e+01 2.335979161213643351e+01 3.335979161213656852e+01 3.919097851389694398e+01 2.919104915060701089e+01 2.918638242962761353e+01 2.236561206312916994e+01 3.073425381520140220e+01 3.181168300368594970e+01 2.280787082964530299e+01 2.780820211828866562e+01 3.454583898587956270e+01 3.161422063118481773e+01 4.161349514654444448e+01 4.671978396018652546e+01 5.044705340509915459e+01 4.630490966674479836e+01 4.281633629265399321e+01 3.281638525217792335e+01 3.898673975483137610e+01 3.900244193367111478e+01 4.890954387698985073e+01 4.766804782507277594e+01 4.267919267580913356e+01 3.496498395742564469e+01 2.500188969961066476e+01 3.164375063211878114e+01 2.299801367465789781e+01 3.276468497584736639e+01 3.766134252754374501e+01 3.910921833772358269e+01 4.224421139681152226e+01
3.962370847149454534e-02 9.990592417355703247e+00 4.890982755637550028e+00 1.482686712310518296e+01 1.224106408199161500e+01 2.222398876961991476e+01 3.172842454397099132e+01 3.750192723586718557e+01 3.125417954362954021e+01 2.711204342803434386e+01 1.919121318599323445e+01 1.659273365926244637e+01 2.346904438351361932e+01 2.508196161996218621e+01 1.780821251748460909e+01 2.772638647051226002e+01 2.457338251081078440e+01 2.810546410764275649e+01 3.257760923816591259e+01 3.964871294453909201e+01 4.964871864733373030e+01 5.281632596657894396e+01 4.281633629265399321e+01 4.279129767038790533e+01 3.753039184308660481e+01 4.751974675844139995e+01 5.314455063476346908e+01 4.352587746564558557e+01 3.352671999948698556e+01 2.853815856564024145e+01 3.495358650165982084e+01 3.257829560503870425e+01 3.276559909470839926e+01 2.409627965343404199e+01 3.384781735792414281e+01 2.913215094359741286e+01 3.229407386521018708e+01
2.605283927408929001e-01 2.117481774511409398e+00 1.202868732486678383e+01 7.977049754879392829e+00 1.792838817238657256e+01 2.638319970572246476e+01 3.246441021685858175e+01 3.249565020317076858e+01 2.711204342803434386e+01 1.711203518586064476e+01 2.005409359263319402e+01 1.212537444510854989e+01 1.366688277910763460e+01 1.526819042279447913e+01 2.517039737641112751e+01 2.079375300870872323e+01 3.074961198043911637e+01 3.809346166090489305e+01 4.224648109757623615e+01 4.671978396018652546e+01 4.750619516725534197e+01 4.336406017748323194e+01 4.750619516725534197e+01 5.167250694135582023e+01 4.459447110501724154e+01 4.460144068067226186e+01 5.460143866026371029e+01 4.766804782507277594e+01 4.164756240106495966e+01 3.169716692193593843e+01 4.160193256739960788e+01 4.257772212939746481e+01 3.716725480718589836e+01 3.367021529653164436e+01 2.521144701536707089e+01 3.516944701658179895e+01 4.225457496922049216e+01
3.048053885361223792e-01 1.030408623061554607e+01 1.616003408544847275e+01 1.796127568685072262e+01 1.332227459312786344e+01 1.832227459312782969e+01 2.832227459312775864e+01 2.777192035110311252e+01 1.835351033142782384e+01 1.824280083591430213e+01 1.016423303193046124e+01 1.717459313758865846e+01 2.332105802783024018e+01 2.097253049838200312e+01 2.519566427992938529e+01 3.078191521556488297e+01 2.711829871068196240e+01 3.418938466930341491e+01 4.418940857854938287e+01 4.423792033377379340e+01 4.009583046298035924e+01 3.336416013086260790e+01 4.250623073024981835e+01 4.841431609661664481e+01 5.459441119738210091e+01 5.460143866026371029e+01 5.874357320203936439e+01 4.876670459100309074e+01 3.876713291014954166e+01 3.876028683359839278e+01 4.583803053251188686e+01 4.344964780685746319e+01 3.629273712600788571e+01 2.633971544410497856e+01 3.482730831661485382e+01 3.890269948826825441e+01 4.241133348847326090e+01
5.470844782054917754e-02 4.526844402820135116e+00 1.159791221468563371e+01 2.159791221468569944e+01 2.331230391026887006e+01 2.746441021685871320e+01 3.246441021685858175e+01 2.362978896211005519e+01 1.362979731545110518e+01 8.353541973091726192e+00 1.805967185048816503e+01 2.405985356891453009e+01 3.131728106685389079e+01 3.097245655831805067e+01 3.511460452552395139e+01 3.933781748513865750e+01 3.711762110827111627e+01 4.126046781171789490e+01 4.418886804410673363e+01 3.847031276383110310e+01 3.009617457270278251e+01 2.836417820963959002e+01 3.427223156043816488e+01 4.223944132804752627e+01 4.931041726052328045e+01 4.688459327753107431e+01 5.102671114779454342e+01 5.290892815487415390e+01 4.876670459100309074e+01 4.875986597460192939e+01 4.343974835838631066e+01 3.345122625306800757e+01 2.967330807545770810e+01 3.612311193601292558e+01 2.761014350995842292e+01 3.741041666980208902e+01 3.243887045571494809e+01
