output/example/elevation_000288.asc
nrows	75
cellsize	13.33333333
xllcorner	0
ncols	75
yllcorner	0
NODATA_value	-9999
[rows 34 to 50 of 75, columns 37 to 73 of 75]
2.475105786841780997e+01 2.870305345912685979e+01 3.311162354941047425e+01 3.869895261626036387e+01 3.603626639355776007e+01 2.597272004321150263e+01 2.891842072032155997e+01 2.207046989184820873e+01 1.200173741220658385e+01 1.200173741220658385e+01 1.510385460285454684e+01 1.860848586683271932e+01 2.667872533618895403e+01 3.735409850463044279e+01 4.062952876486038178e+01 3.587407812090427228e+01 4.293671113018900343e+01 4.741984106351793571e+01 4.890987704517396395e+01 3.889158268381249428e+01 3.167499732497234177e+01 2.710414115492993758e+01 2.394580107272105352e+01 3.009664389060812795e+01 3.426798033685721379e+01 3.421089541254364974e+01 2.745855930505873488e+01 1.706114334998731152e+01 9.706212353383913083e+00 1.053278817891577646e+01 1.227678113571542617e+01 2.309106080582891707e+01 2.721310204643724262e+01 2.902148994222693190e+01 3.100927815013190525e+01 2.558545614023300629e+01 3.287013004215247491e+01
1.473084232060473830e+01 1.924621939106494750e+01 2.501284737745726616e+01 3.475924534667380073e+01 3.603626639355776007e+01 2.597272004321150263e+01 1.892747117084161701e+01 1.540885177829344244e+01 1.200173741220658385e+01 1.531164941493224596e+01 2.511867928099731628e+01 2.980502119050271048e+01 2.524419262580572010e+01 3.170560568044989580e+01 4.195211518612781987e+01 4.583527321152908485e+01 4.579654622180131440e+01 4.982384670685286920e+01 4.802907881954664759e+01 4.596993807601069904e+01 4.144948078004490810e+01 3.728626348952380454e+01 3.406639369140393114e+01 3.823142439248173474e+01 3.421112510319571953e+01 2.407362517670030044e+01 2.573670248306237696e+01 1.931880518825831672e+01 9.303330732167221839e+00 1.652299823535064149e+01 2.221930919515681424e+01 1.529995503703127291e+01 1.721193978759916732e+01 1.899790895506496469e+01 2.088166783192441756e+01 3.100927814840692065e+01 3.503372004623339109e+01
1.368250014491749411e+01 2.239724633866030601e+01 2.648016571504443561e+01 2.811041338759748598e+01 3.210225810729364326e+01 3.079750144963608705e+01 2.666188464488733700e+01 2.132573019086576593e+01 1.127977241741549186e+01 2.134492039328755553e+01 2.020500620908110179e+01 3.008734305184971447e+01 3.603629016477062663e+01 4.013853360439277651e+01 4.595639327944341090e+01 4.402544632531918012e+01 3.562072444762925727e+01 4.402544632580235628e+01 3.796851775911013505e+01 4.500672335776459221e+01 4.308950067747935719e+01 3.727580674693011531e+01 3.312067262049735206e+01 3.442747361600298461e+01 3.310860368595687220e+01 2.295542531421065036e+01 1.587452464460927004e+01 1.233984163659116717e+01 8.928664349295329927e+00 1.502386370377134561e+01 2.404280902875434478e+01 2.549638778520762017e+01 2.721310204644007769e+01 2.468710892957744463e+01 3.090747318756717377e+01 2.477336616237638012e+01 3.203877338388370788e+01
2.239724633865801806e+01 1.230367900143163240e+01 2.107891069674226969e+01 1.815240187945979855e+01 2.808836122561966420e+01 2.669116292761551179e+01 1.668009717198206943e+01 1.944263464355247706e+01 1.057852623434294514e+01 2.071507425633755517e+01 3.008734305184971447e+01 2.642927640893031338e+01 3.344908857299611071e+01 4.346265732040003371e+01 4.485518268850479728e+01 3.992153278125751825e+01 2.949387152792877131e+01 3.434771338764415560e+01 3.053109894969039573e+01 4.091518787117068001e+01 3.895599928008479651e+01 2.884891702691816207e+01 2.301952730107210954e+01 2.433032390199499062e+01 3.145883905604675235e+01 2.849934075060011196e+01 2.439988025197368771e+01 1.872694326144646126e+01 8.569058415956579466e+00 1.885826003626437597e+01 2.299026546472172683e+01 2.543851491438906365e+01 2.975622458997138509e+01 3.466514511280836075e+01 3.860288003349109687e+01 2.895045135263940850e+01 3.503372004830257680e+01
2.648023081098567388e+01 2.107891512393442568e+01 1.098438961187015650e+01 1.972800123751356338e+01 1.898864684842945749e+01 2.260571589091161471e+01 1.867808370482990910e+01 9.605961173934124631e+00 1.962114797147136969e+01 2.054551362301910089e+01 3.085257390244621689e+01 3.638199495523304705e+01 4.054240462769352860e+01 4.188205017894023285e+01 3.511145810933323475e+01 3.488013756463704595e+01 3.066147909076035916e+01 2.392146831417147013e+01 3.434771338764415560e+01 3.732169605340190799e+01 3.321795327931337027e+01 3.322701023741793591e+01 2.728917352734219293e+01 1.723515110919283444e+01 2.300244782572467628e+01 2.492253227887677980e+01 1.517543043774009881e+01 1.737213097944764328e+01 8.213867065103565679e+00 1.026855531422846290e+01 1.253043029190884639e+01 1.501757153357989871e+01 2.543851496272176149e+01 3.329070902765449347e+01 3.762589259360579774e+01 3.923055464135769910e+01 3.625749973362889733e+01
2.056048150352810566e+01 1.606309821113264391e+01 1.985045722538857760e+01 9.779745522066329855e+00 8.960849211885390631e+00 1.769451432711281669e+01 8.705090001046787762e+00 1.867810648702330312e+01 9.605961173934124631e+00 2.248784498004672017e+01 3.013011875760970781e+01 3.427534876268721575e+01 4.003485743650150397e+01 3.796532896455855166e+01 2.783685347758206774e+01 3.062710682943824025e+01 2.033859170229594326e+01 3.066147909076035916e+01 3.853302731563102412e+01 3.321795327931334896e+01 2.336435173790857789e+01 2.336451963936533005e+01 3.033856560779909728e+01 2.300244782745747329e+01 1.299926615895456372e+01 1.921529347649039465e+01 1.732628345058551389e+01 7.716062291262399953e+00 1.789676469037147299e+01 2.069887545636488824e+01 2.298278479135948871e+01 2.543217933050287982e+01 1.903128399166894980e+01 2.270140168193453079e+01 2.877207403549205367e+01 3.946327922381289710e+01 4.640814412127645028e+01
2.989284884769926265e+01 2.581029949200577178e+01 2.414598794681808513e+01 1.987230890286227947e+01 1.777695829151616635e+01 7.815788166956712857e+00 1.519617976010823845e+01 2.046662770144922661e+01 2.248784497981724684e+01 1.557644910338747657e+01 2.020123962674091800e+01 2.591977961459850022e+01 3.590546007621090752e+01 3.427071537343104524e+01 3.006413807954329442e+01 2.130226185557125618e+01 1.806016983825997713e+01 2.536084224390704378e+01 3.563539388164068811e+01 3.192696081748476900e+01 2.209487740098839836e+01 1.644532515714251986e+01 2.224722234568346835e+01 2.632647871422523167e+01 1.922393043711911531e+01 9.241393009249547319e+00 7.215061771973658722e+00 1.734842077158313955e+01 1.386576534562830076e+01 1.914177554106297308e+01 2.645635073947579130e+01 3.325081367015177136e+01 2.460390128465130388e+01 3.329070892685083294e+01 3.762589267670625759e+01 4.373412399417244956e+01 4.650767689527468463e+01
3.039665812348913576e+01 2.872827943601572898e+01 2.684161958662562242e+01 2.055609378624991379e+01 1.648077918812702336e+01 7.815788166956712857e+00 7.815788166956712857e+00 1.567313793795497645e+01 2.767040677084984779e+01 2.018515250563746122e+01 2.992783913729333634e+01 3.427534662159279577e+01 3.737207141564113044e+01 2.705634110859163854e+01 1.967668742096944712e+01 1.701448378439596354e+01 1.583860068248923980e+01 2.330521018803348809e+01 3.414897559072731781e+01 3.603340324006835260e+01 3.034302389491173102e+01 2.224722234568584867e+01 1.182864697609374183e+01 1.867276625129456491e+01 1.703031641163961751e+01 6.862360256190409125e+00 6.862360256190409125e+00 1.703258751365796186e+01 2.249156270061144625e+01 2.757223789389755808e+01 3.223321709869011897e+01 3.814203796723563755e+01 3.559781996109995106e+01 3.993085072466366370e+01 4.352775795658368452e+01 3.946362326331446724e+01 3.655490851670394647e+01
1.979510079006622547e+01 1.858614515985825477e+01 2.013226546920511595e+01 1.333264351019833782e+01 7.122783260808618344e+00 1.604825980718318590e+01 1.383917428839288277e+01 1.798528729625031630e+01 3.121641070458588274e+01 2.706620639769800718e+01 2.813789777272447168e+01 3.796595950964196220e+01 3.314535742732348922e+01 2.847544495186450675e+01 2.350232360392929465e+01 1.287227033254488795e+01 2.349912342619341032e+01 3.052516230113283413e+01 3.348828012328132075e+01 2.930797365573577906e+01 2.921832034967752989e+01 2.630368488049049347e+01 1.867273552462435404e+01 7.502627471151398275e+00 6.862360256190409125e+00 1.696910432030007243e+01 1.703356801953626487e+01 8.434158851041416938e+00 1.571064083552919577e+01 2.590926129832634928e+01 3.268742017491217666e+01 3.420557059104855568e+01 3.583048294852476090e+01 3.881220469743768575e+01 3.470858995003837322e+01 2.937426137332371212e+01 3.650828201654160665e+01
1.490646667784687907e+01 1.121408554347641306e+01 1.599099532923819744e+01 6.429300671233833420e+00 1.617520387413541627e+01 2.090774982650890479e+01 2.393006870032641942e+01 2.941142773352066087e+01 3.441422011972193928e+01 3.688266445074928868e+01 3.796595950107068518e+01 3.350764072746510180e+01 2.743008450494695083e+01 1.776456525190550906e+01 1.966862506624801910e+01 1.121780791667927879e+01 1.881810684695203051e+01 2.922544443012864335e+01 2.930797365573612367e+01 1.943029330297382984e+01 1.870502463023129280e+01 2.369543570739475769e+01 1.849361144436029392e+01 6.402709679713153967e+00 9.337956901158994683e+00 1.717148046731519528e+01 1.662928670952714327e+01 9.596493289407211691e+00 1.989330649245898996e+01 2.582740501169537595e+01 2.264549741866564148e+01 2.415277132754651390e+01 2.574519803059887479e+01 3.062285927852936140e+01 2.464451195658138261e+01 3.340754232441153704e+01 3.343052530834775382e+01
2.462563661629460654e+01 1.777471575103407986e+01 6.828863164727548174e+00 5.950759094780099012e+00 7.902715625426523616e+00 1.770384243188603435e+01 2.307992807121333811e+01 2.574930017249454295e+01 2.720200845076899654e+01 3.312166539320526937e+01 3.821985782520244612e+01 2.916194849408723400e+01 1.862076242403848170e+01 1.239759664498699365e+01 9.055442057032044190e+00 1.770279246368260928e+01 1.773556436635265143e+01 2.821284824718219753e+01 2.874972564629640104e+01 1.902214941732819753e+01 1.143764285740912179e+01 5.976397890240521704e+00 1.573464400042813516e+01 6.402709679713153967e+00 1.015460660350083266e+01 1.970472370951227248e+01 2.338177094912249387e+01 1.989331412939252886e+01 1.136955562453075963e+01 2.165771970440180283e+01 1.550111643917656679e+01 1.708413272548177986e+01 1.871872870127888078e+01 2.062676291647450455e+01 2.334221642245145745e+01 2.334221642245145745e+01 3.044357351864935168e+01
2.699833093857013466e+01 2.163467075744039647e+01 1.515998216356219608e+01 5.496282464430198189e+00 1.433936004854607482e+01 1.088190500249505988e+01 1.341231772916144216e+01 1.637148039144287992e+01 1.977064466369818874e+01 2.432454123108601962e+01 3.401877887274184076e+01 3.099204289959785541e+01 2.009274614995664265e+01 2.307434198958395655e+01 1.774326333899239572e+01 7.300786343356739927e+00 1.774323479973689999e+01 2.685728301267070250e+01 2.675353579974986573e+01 1.907058712094290343e+01 1.056548710171544414e+01 1.536345338330412602e+01 5.976397890240521704e+00 1.478490250183662269e+01 1.621288118116413912e+01 1.667964694633906930e+01 2.659349170231329040e+01 1.980641252782927708e+01 2.165771970440180283e+01 1.329914341132952060e+01 2.350586623562568178e+01 2.413124173616845169e+01 2.569991410798854048e+01 2.401163144688558404e+01 3.335706988948796692e+01 3.341484412380975755e+01 3.044357351864935168e+01
1.906840803638837656e+01 1.358638164060757880e+01 1.428437056351978818e+01 5.057238370533434946e+00 1.478675621131066009e+01 2.060183181009658782e+01 2.307992808081943181e+01 2.574930017249472769e+01 2.906957452032072808e+01 3.312166539325378523e+01 3.780454815664902668e+01 3.481740200009873831e+01 3.099204263937551929e+01 2.391402460714296652e+01 1.338053831416261019e+01 6.186071833905540274e+00 1.200971839637484884e+01 2.255236246522876797e+01 2.271066955146158151e+01 1.374770560818253351e+01 1.391187086113570359e+01 5.600436229731012183e+00 1.440496662688273588e+01 1.049052882025851474e+01 2.017386241249493395e+01 2.599019538946234320e+01 3.076612869228404534e+01 2.694813710717687627e+01 2.640790696418999772e+01 1.634890327742497362e+01 2.636193264053729379e+01 3.394825760248676261e+01 3.543681023066748281e+01 3.112412772909031489e+01 3.112811994470186860e+01 4.126084368581318529e+01 4.058812591643366119e+01
2.699833093857013466e+01 1.802763536761328922e+01 7.983796763152530396e+00 4.621697579030101366e+00 1.167316006009239082e+01 1.940737136835113930e+01 2.442988523205777796e+01 2.443980473566335476e+01 3.465559717500407544e+01 3.692634143627834220e+01 3.246043674434709914e+01 3.063822443978132881e+01 3.082087668077752696e+01 1.905744223354743383e+01 1.092949609265049560e+01 5.130822561544373883e+00 1.218892017411736362e+01 2.267562225350367555e+01 1.837861307261869115e+01 1.174297235516461768e+01 5.244694930365485064e+00 1.490281234125025023e+01 1.835177009502314505e+01 2.012285531491853163e+01 1.609268041622127043e+01 2.164537596058703173e+01 3.138526031572078168e+01 3.700965661998734646e+01 3.056249742518798129e+01 2.640790696419117722e+01 2.173853743361336299e+01 2.751026240758772445e+01 3.758865182943962679e+01 4.122710634707098620e+01 4.126084368581317818e+01 4.538617350010466822e+01 4.470774733962797143e+01
2.512238939550066164e+01 1.995502559629554540e+01 1.073461691239976723e+01 4.197707994390863284e+00 4.758423548136418546e+00 1.018688391178756980e+01 1.428670849005786714e+01 2.143236497528372553e+01 3.170040659364101998e+01 3.304169253229488845e+01 2.333411769512468936e+01 2.280056220234228803e+01 2.963702708212636949e+01 2.273936451669931813e+01 1.219240253381731875e+01 5.130822561544373883e+00 1.368442580210427550e+01 1.556033309054118163e+01 1.502584229773298574e+01 7.564014192453469398e+00 4.956223294055916995e+00 1.016243215990995097e+01 1.626930754742638285e+01 2.596207074242949631e+01 2.576193543822429177e+01 2.981465589572992059e+01 3.545062424776894261e+01 3.731942301851216826e+01 3.856335957139849313e+01 3.592415661746404254e+01 3.176989098373825371e+01 3.592415950150552817e+01 4.172888984024112347e+01 4.356840052156915277e+01 3.938602384494335240e+01 4.014257888072225455e+01 3.451636943081508946e+01
2.069014049593137017e+01 1.835341891583153995e+01 1.131178928262045069e+01 3.775773040033105765e+00 6.694109506202106985e+00 1.673588441215817113e+01 2.442988523294151548e+01 2.863527493029684479e+01 3.166535660981648803e+01 2.877703593736049825e+01 2.587566597001953639e+01 1.632394558780526239e+01 2.148309774058968813e+01 2.526069779882313426e+01 1.955262191586445297e+01 1.368027898032909562e+01 3.738174086140666041e+00 3.738174086140666041e+00 1.324924819525421782e+01 4.509233493618522992e+00 8.691903396060034481e+00 1.415946999471615619e+01 2.398246126142348800e+01 2.974891742198840561e+01 3.220672144948350990e+01 3.482156393224583724e+01 3.465555505666564073e+01 2.805353504254179953e+01 2.927118558004879745e+01 3.589027711477671545e+01 3.559373504765392937e+01 3.146309349239369979e+01 3.559372447496873093e+01 3.766204966554133193e+01 2.910085479172571965e+01 2.987296652406845610e+01 2.853037168846708127e+01
1.657819499273855257e+01 1.493215181370541345e+01 3.165187622860967220e+00 6.946856926443382818e+00 1.390152091419770386e+01 2.024958444306855299e+01 2.010055172808911550e+01 2.431031267704182497e+01 2.178227710500117809e+01 1.888495313316643376e+01 2.171661818880337336e+01 1.762536930453883599e+01 1.146253763542929960e+01 2.147416029311364483e+01 1.800462871773861906e+01 1.365739330289794928e+01 3.738174086140666041e+00 8.811279092571524529e+00 4.047132362169001851e+00 8.955098736204240240e+00 8.650452053371283867e+00 1.756964776927752681e+01 2.030421129063701358e+01 2.402055769178160105e+01 2.243930485657377361e+01 2.530141228152206523e+01 3.003856583304828476e+01 2.159718094938746091e+01 2.280561480546539599e+01 3.199279154658123403e+01 3.061539410538847861e+01 2.151617763869591826e+01 3.060912198452808752e+01 3.303247192293970613e+01 2.328188415761606578e+01 2.273545276312519547e+01 2.853037168846708127e+01
