output/example/elevation_000026.asc
nrows	75
cellsize	133.333333333
xllcorner	0
ncols	75
yllcorner	0
NODATA_value	-9999
[rows 0 to 16 of 75, columns 0 to 36 of 75]
4.840509446848720865e-01 1.004840509442382199e+02 1.387929735501286359e+02 1.592053465119429916e+02 1.408550882317405808e+02 2.115657148311709648e+02 3.115643347830494463e+02 3.584926688904840262e+02 3.999092265794295145e+02 3.916754374987041274e+02 3.505471537773722162e+02 3.505461625684853857e+02 3.505475349106632734e+02 3.916809272487418525e+02 4.883720314605678254e+02 4.391571472030648238e+02 3.983863974590372550e+02 4.391570758060136654e+02 4.402481067364365117e+02 4.115302134652399104e+02 4.222596081533050096e+02 4.628242042062915402e+02 4.576388296031150276e+02 4.576554519222042359e+02 4.980545370654706971e+02 5.462918385461981643e+02 5.082441075948999583e+02 5.111672103142176411e+02 5.975443410440371963e+02 5.330683327302874659e+02 4.870211164993778539e+02 5.094259438785715588e+02 4.687645396629144443e+02 4.532010811220791879e+02 4.946713128395267631e+02 5.078900709962178439e+02 4.664205118591629571e+02
6.497923401133355314e-01 1.954801599057466532e+01 3.879302496356212515e+01 5.920543948675521051e+01 1.592053465120368116e+02 2.349221929388902481e+02 2.877807609486274600e+02 2.584928791503454590e+02 3.584901700539591616e+02 3.505470490545320104e+02 2.512635713132325179e+02 2.512635688397279807e+02 2.512635745509694232e+02 3.505473821584761822e+02 4.320122623269975861e+02 3.491381464951750786e+02 2.998898939167552271e+02 3.899186686100059660e+02 3.422448965180773826e+02 3.135459801758952381e+02 3.242620018347948303e+02 4.089038515750335137e+02 3.601702545099986423e+02 3.601704609184752144e+02 4.576540637461028496e+02 4.595698947456580186e+02 4.197924967949936104e+02 5.025832737169451434e+02 5.491637281600445704e+02 4.622907821841651526e+02 3.774089075872404919e+02 4.618483054487649611e+02 3.745652565989735194e+02 3.544391464337194861e+02 4.373437491460467186e+02 4.568637880195270213e+02 3.661617917530625732e+02
6.883992401879653888e-01 1.006883992397385725e+02 1.387929735501296307e+02 1.592053465118553106e+02 9.350515651525628869e+01 1.935049359961205084e+02 1.877822336660521785e+02 2.877783825034645702e+02 2.936560487000235184e+02 3.091066473451998036e+02 2.803427597008001726e+02 1.812007286144074101e+02 2.803427613033668422e+02 2.920460535461797917e+02 3.620384474217711954e+02 3.491381435017852368e+02 2.508219740746363868e+02 3.491381448819703905e+02 3.422448976328665822e+02 2.445489546112860069e+02 3.244637057934005497e+02 3.116398773886276672e+02 2.915379323535968865e+02 3.887181397533371410e+02 4.208946351421697045e+02 3.687146254302634816e+02 4.595698947456576207e+02 5.398669770903917424e+02 4.691592774076827936e+02 3.862351693698306576e+02 3.129592171253570996e+02 4.208844646031815273e+02 3.961615631493106662e+02 2.979834315279919679e+02 3.961616082915448942e+02 4.162584645866239725e+02 3.160198820849014965e+02
9.527043435140133409e-01 1.009527043430632887e+02 1.920943497069084174e+02 2.349221924699175759e+02 1.935049359960995616e+02 1.343299855612423244e+02 2.343294712959971378e+02 2.645282283054111758e+02 1.941758931475959855e+02 2.096844344452114797e+02 2.528456338108071009e+02 1.537425515103405189e+02 2.528456350789408020e+02 2.221479287804318972e+02 3.125834041473111711e+02 3.180478413570962175e+02 2.198451633025814544e+02 2.779567660008900702e+02 2.907783620248550278e+02 2.121334090565010229e+02 2.272282163915735964e+02 2.432507734044839367e+02 2.626900323824769430e+02 3.589194158236186354e+02 3.274974514903695990e+02 4.208946350723193746e+02 4.765376271102707619e+02 5.117906436058992767e+02 3.858682006377274547e+02 3.101118000513789070e+02 2.699559662501439448e+02 3.768709371288237548e+02 3.656663111643376283e+02 2.669229259054522458e+02 3.656992072820531803e+02 3.828458873483725711e+02 2.825600376602536699e+02
6.729967576641545657e-01 5.067299675766396660e+01 1.213836748763182101e+02 2.213836748595077211e+02 2.757424103153095416e+02 2.343294712959950346e+02 2.757424100802106750e+02 2.147969271630890375e+02 1.238826907395436479e+02 1.394411815850716891e+02 2.226098356532466482e+02 1.289606803895773908e+02 2.280698123433712112e+02 1.728027780741859658e+02 2.412462236782652951e+02 2.513683094570530727e+02 2.616390564533266456e+02 1.798600424274596890e+02 1.929034937485284047e+02 2.907783620325872107e+02 2.832398199985452720e+02 3.401278359141259102e+02 3.589194158222724127e+02 2.916715632987319964e+02 3.868628653553116123e+02 4.601231827772654128e+02 5.135768561114077784e+02 4.417353563949782824e+02 3.948483512908363195e+02 3.436084240557958083e+02 2.384183146035368850e+02 3.437444486072885752e+02 3.387054420154489662e+02 2.394587404994440192e+02 3.387063839075416922e+02 3.532002655264157625e+02 3.117051973513324583e+02
6.149197931285226293e-01 1.006149197926801548e+02 1.483394258494878102e+02 1.942996936608585372e+02 1.825710745310406082e+02 1.412658920637291544e+02 1.825710746592905878e+02 1.627030781105828794e+02 7.413952485236352175e+01 8.205217912270099134e+01 1.814370694569389002e+02 1.055719985276502086e+02 2.047095240631932995e+02 1.324865278619332685e+02 1.426125804252267528e+02 1.528825629531415586e+02 1.633036118526100040e+02 2.616390564538745593e+02 2.907783620309915591e+02 3.314471802684178670e+02 3.807765811275148735e+02 4.212483119526127098e+02 4.265632766406700398e+02 3.470132647537398043e+02 3.832047712831086983e+02 4.671955751404537409e+02 4.726490724167662165e+02 3.531464396371758312e+02 2.866943536331007749e+02 2.476939398535207602e+02 2.147906105139406634e+02 2.908784343909337622e+02 3.141934985051318563e+02 2.145488853749520217e+02 3.141930740615193258e+02 2.853501496702829741e+02 2.113466431852962444e+02
5.036282395543789647e-02 6.981920505126237408e+00 1.069363332897296601e+02 9.445709823216742507e+01 1.307451280929262509e+02 4.154035359072164368e+01 1.412658920636415587e+02 6.315042483321113309e+01 1.627030781105881090e+02 1.814370694567925000e+02 9.348947191929269707e+01 1.927613150628251049e+02 1.186409576691971779e+02 2.176117342019494174e+02 2.412462236782355660e+02 2.513683100444826835e+02 2.616390564533458587e+02 1.991500189310374367e+02 2.968814413614721843e+02 3.703585437580945836e+02 4.088168767616405148e+02 4.540139014496431287e+02 4.885015343041633287e+02 4.487380917572728549e+02 4.319251183477822451e+02 3.922398314113992797e+02 4.405860716048169934e+02 4.416551955066734081e+02 3.948379749130463665e+02 3.523437410699021939e+02 2.908151322242757146e+02 1.884489860281259723e+02 2.653643567260052123e+02 1.915919760151765843e+02 2.602579631305673615e+02 1.849799387080347515e+02 2.853501496789052112e+02
2.473071933081959495e-01 1.002473071928627490e+02 1.684651480703556103e+01 2.385160386510948172e+01 3.094143840489440933e+01 1.307451280930364419e+02 5.228549198418398447e+01 1.519272016650770070e+02 2.039390163572782342e+02 2.192790217068930758e+02 1.200452643913770885e+02 2.192790217063270575e+02 2.176117342018519878e+02 1.629001275216368470e+02 2.032661380343132009e+02 3.022285046644764179e+02 3.374074082658672182e+02 2.968814413614697401e+02 2.407846859889555446e+02 2.750293438968090527e+02 3.283944939758882242e+02 4.080358651655106996e+02 4.499301134973000558e+02 4.449238216014392151e+02 3.817086238535018197e+02 2.834295301651046657e+02 3.816936124555762149e+02 4.292944677777411471e+02 3.874341856683994934e+02 3.968237015624576998e+02 3.330383562116126086e+02 2.653641525346209278e+02 1.639682894100516535e+02 2.411838130347047127e+02 1.598698256028088736e+02 2.602579632317776941e+02 2.436372467914055449e+02
7.088201712286245071e-01 1.007088201707811947e+02 1.167385237567319791e+02 9.445709823216748191e+01 1.307451280928929975e+02 6.518009081380643011e+01 1.519272016636349178e+02 1.931982694370421143e+02 2.793118675731943199e+02 2.604009712372540548e+02 2.192790217093420324e+02 1.668153662827278083e+02 2.660480596254383840e+02 2.618478337467539632e+02 2.618478336282831833e+02 2.732456286711318967e+02 3.720339138233874223e+02 3.774825621817275305e+02 3.373951219530737262e+02 3.703585168304882700e+02 4.088168762619288259e+02 4.087842828552811056e+02 3.418619307145104926e+02 3.942639113387093062e+02 2.831561286665026955e+02 2.317564312522004002e+02 3.361533463600006257e+02 3.712511264383453522e+02 2.872994005145027927e+02 3.557487969553783387e+02 2.557948446861840068e+02 2.741642346980345337e+02 2.411838130091188646e+02 1.406965918430428815e+02 2.411838132126133019e+02 2.334318791320511650e+02 1.435872120074461691e+02
5.819734946149275334e-01 4.530333304461056088e+01 1.453033330116984700e+02 1.942996936633848293e+02 2.063126767225928972e+02 1.649742355158653311e+02 1.029053836069929417e+02 1.381811716696177825e+02 2.087334725134893745e+02 3.085504970697153908e+02 3.071198331459273732e+02 2.240832894049736410e+02 2.478189179688948229e+02 3.469188409348905680e+02 3.608278219006180052e+02 3.720284521350184264e+02 4.112185165759260030e+02 3.814890961711393516e+02 3.291500863464326017e+02 2.875555450753656714e+02 3.291515392892778777e+02 3.583109068298236366e+02 2.667447050858764896e+02 3.583107854269259178e+02 2.987116470617718846e+02 1.958364142170364346e+02 2.987115947624636760e+02 3.296132581522751934e+02 2.295249670477325878e+02 2.718219124933636976e+02 2.741642084290603520e+02 1.739961760223403076e+02 2.163426424197519395e+02 1.304791298493046270e+02 2.233296748504768914e+02 1.333680619339026237e+02 2.334318791319793718e+02
6.201706420557316912e-01 1.006201706416073165e+02 1.269529911362694463e+02 1.976636692479244743e+02 2.976636677805441877e+02 2.440295414938725855e+02 1.734573221405850916e+02 2.026888310320794915e+02 2.087334725906782467e+02 3.085506186711704686e+02 3.644095557896790183e+02 3.233731460547515439e+02 3.469188311031342096e+02 3.521073415104619357e+02 3.101407895438248374e+02 3.523454991615586209e+02 3.891853258497214370e+02 3.168958604548017206e+02 2.376525697978500489e+02 1.874680802773797552e+02 2.790572765494090390e+02 3.167089947045298004e+02 2.165287039007416183e+02 3.167087525691887890e+02 2.707524336873860307e+02 1.689078440059149102e+02 2.406674743146577669e+02 3.433108518368836144e+02 2.718226440622418636e+02 1.717403331318903668e+02 2.246416460912170692e+02 2.163426424094480467e+02 1.161251813381512363e+02 2.134502431330858201e+02 1.232534255767473610e+02 2.233296748613809086e+02 2.748697995545427375e+02
9.933278572681448759e-01 7.170400597592238512e+01 1.717040059743846712e+02 2.265762482638224924e+02 2.265762478478025059e+02 2.679973548524956755e+02 2.732599374856370105e+02 3.024959995322639088e+02 3.085506202650266800e+02 3.498909385068366760e+02 3.090197428110876672e+02 2.675846086173162348e+02 3.090200815343296199e+02 3.017613580115767604e+02 2.098175821320636487e+02 2.928596424181620250e+02 3.346034594265452142e+02 2.456344096606555638e+02 1.748400068633646072e+02 1.374385246937510203e+02 2.375117713453533668e+02 2.404866867983828058e+02 1.830960702928523176e+02 2.832563589730186209e+02 2.464054342043007750e+02 1.452526551993851172e+02 2.464051832426332282e+02 2.881737116021161000e+02 2.467244677388629839e+02 2.246416235855220407e+02 1.245551146337119803e+02 1.985823280279184644e+02 1.064435490992048727e+02 1.133611994965366705e+02 2.134502426900949388e+02 1.810348739664424897e+02 2.388203961058331686e+02
1.405461526419654605e-01 1.001405461521958671e+02 1.366205662847744406e+02 1.265762544613924661e+02 1.265762544613510556e+02 2.265762478483168536e+02 2.966684157454293995e+02 3.380887588475645771e+02 4.003729952885223042e+02 3.053193827684963821e+02 2.590085741755445952e+02 1.675667584892094624e+02 2.590084836710034892e+02 2.599253081921880266e+02 1.598043301529262976e+02 1.927293265221898935e+02 2.928540939162710970e+02 2.658244183399834242e+02 2.041471305978994053e+02 1.040850381640038620e+02 2.025995530148911143e+02 1.403587690658235090e+02 2.404866867556355032e+02 2.357449536579936762e+02 1.941309118802394380e+02 1.233939816108809282e+02 2.241048146075813179e+02 2.303981913123896845e+02 1.466531708686663649e+02 1.917616160229653985e+02 9.566489132956132835e+01 9.849389138053716408e+01 1.985823280296248186e+02 2.134502431330800789e+02 2.549044533660957086e+02 2.811054169137973417e+02 3.225480436999109770e+02
4.026185890239118992e-01 1.836314879170137004e+01 3.662056737520683924e+01 5.586557634819430262e+01 1.558655744058555399e+02 2.150187908317868164e+02 1.966684563818796221e+02 2.917942675337796459e+02 3.003740553583394899e+02 2.638787041649049456e+02 1.638593722183761372e+02 1.175555524173156527e+02 2.175756605209983263e+02 2.220490402372296899e+02 1.219978404122537086e+02 2.220236559694348557e+02 2.621222740548778916e+02 1.950931987408849011e+02 1.243619780298664637e+02 7.825684312495612005e+01 1.025187027617116797e+02 2.025995530238067488e+02 2.130069831946348131e+02 1.715664780984708386e+02 9.388129594826985169e+01 1.770847080346002826e+02 2.185285530793842952e+02 1.849776416410320223e+02 8.887629299959218088e+01 9.168488874088156138e+01 1.917616160242677097e+02 1.985823280279145422e+02 1.031336328119956534e+02 1.739160029967407297e+02 2.740021645477049219e+02 2.914482913057735232e+02 2.948299093791280256e+02
7.903750024369222693e-01 1.007903750019893465e+02 1.366205662847663973e+02 1.558655744057290065e+02 8.919890968152739674e+01 1.150187986562433338e+02 1.503741377155702139e+02 2.003741377155005523e+02 3.003740694218520275e+02 2.676292390750018058e+02 1.822132011640521227e+02 8.219337865783873553e+01 1.822132152394099762e+02 1.599146126578247333e+02 9.526578324276592014e+01 1.953026151430268840e+02 1.913921550482536702e+02 1.206620409714127788e+02 5.363424253851888324e+01 1.536595410833984374e+02 1.988432857525789927e+02 2.091275250820550013e+02 1.676896232233863486e+02 7.152286597000129120e+01 7.426269934991681509e+01 7.703197180177241421e+01 1.770847081088059838e+02 8.491223125770147817e+01 1.849776416412055369e+02 1.917616160224417285e+02 2.331943759472093518e+02 2.065228463142970554e+02 1.064210653143924930e+02 2.065228463271388648e+02 2.526594927608457510e+02 1.913493542650893176e+02 1.947303571552444339e+02
1.870836446472545767e-01 5.792211056360961408e+01 1.579221105608181972e+02 2.306199816808990875e+02 1.891989049688565387e+02 1.857294767463826304e+02 2.503741215229579211e+02 2.917942675436767672e+02 2.397895236527283771e+02 1.983457191573004366e+02 1.261868071230814650e+02 5.546385024901844218e+01 1.337855656736284402e+02 5.990468199552537243e+01 1.389320205864251250e+02 1.803631195656571720e+02 1.462663829313483177e+02 4.993547463325979408e+01 1.499591453509122232e+02 5.738208777239741210e+01 1.574090181510135267e+02 1.638217367605167851e+02 6.765286547063969635e+01 1.676896232234143724e+02 1.743110512269044534e+02 1.770847081075284848e+02 8.095601801119146046e+01 1.810150568936468289e+02 1.849776416412956337e+02 2.850403662827657740e+02 2.772975181872098460e+02 1.772073766364940184e+02 2.065228463327861164e+02 1.110917686744000434e+02 2.111993911707365044e+02 1.205518603622647049e+02 1.239315506084548986e+02
2.797522905802692916e-01 1.002797522901333309e+02 1.993434638596722834e+02 2.366001767283430013e+02 2.780214684092341599e+02 2.857294502815016131e+02 2.618323021172309950e+02 2.204039407502595793e+02 1.983458119557219277e+02 9.832788177167569188e+01 1.276222616369664848e+02 3.120797106873358828e+01 3.376869871078618246e+01 3.633195161181891564e+01 3.891307736905920223e+01 1.389320206086307223e+02 4.624432400694877288e+01 1.462663829313464419e+02 1.913921552440398273e+02 1.574090181509778859e+02 6.113524855066401642e+01 6.379195797824815628e+01 1.638217367624867222e+02 1.676896232239257643e+02 2.677277360670208282e+02 2.224610248313914838e+02 1.810150568936443278e+02 1.152779065178831672e+02 2.155868852783501382e+02 2.971262635587406180e+02 3.187705127209412126e+02 2.772976409900625185e+02 1.928322650830058649e+02 2.111979452824632233e+02 1.157807739445951398e+02 2.158941691745486082e+02 2.240488371362348516e+02
