output/example/elevation_average_000046.asc
nrows	75
cellsize	133.333333333
xllcorner	0
ncols	75
yllcorner	0
NODATA_value	-9999
[rows 34 to 50 of 75, columns 0 to 36 of 75]
3.337042190676853259e-01 3.212975033485057708e+01 6.595120447357179216e+01 1.154244171727631709e+02 2.103474762375421108e+02 2.405284797678434927e+02 1.652031429209694409e+02 1.857809006169400732e+02 2.591239419845150564e+02 2.283141520748036442e+02 2.286086002160278667e+02 1.598243165656891733e+02 1.827118677924622716e+02 2.072468920472653053e+02 2.719607948715600401e+02 3.630227815415712485e+02 3.906237431749050302e+02 3.902315036787259146e+02 3.206304300260414379e+02 2.564754117459732470e+02 2.268864189989682245e+02 2.894990563857286361e+02 3.245068486120948705e+02 2.942018130980485466e+02 3.625948080478626139e+02 3.215091490433284775e+02 2.527999564702053306e+02 3.357194875640779514e+02 3.665757663645574098e+02 2.799981834614792433e+02 2.224914771168208745e+02 1.787068092424163694e+02 2.708772841430930498e+02 2.633327089934425089e+02 1.686942242580395543e+02 2.555009023271922217e+02 2.152122171372679134e+02
7.136489310454718904e-02 9.790737106111532739e+01 1.614916040907306183e+02 2.010409891138731666e+02 2.473686808666245724e+02 2.892917441697426852e+02 2.573904734162379100e+02 2.791889897125119546e+02 3.168176181838549610e+02 3.207045858737257049e+02 2.540463058525456574e+02 2.538096689853147723e+02 2.133164351122244398e+02 2.999026643561113588e+02 2.529997811855679402e+02 3.070594210800542783e+02 3.816053123152314015e+02 4.240894376680873847e+02 3.814213191435329691e+02 3.419200215686171873e+02 2.953617985604107616e+02 3.269750798689093472e+02 3.316467898231857703e+02 3.536478008385806788e+02 3.925908104334509403e+02 3.471155366382230341e+02 2.794173701176725331e+02 3.639591684041294570e+02 3.975774055052815470e+02 3.199259347561208529e+02 2.907366003144353499e+02 2.025606475810918994e+02 2.926608211877480699e+02 2.754094029697222936e+02 1.810184411709848860e+02 2.754100559056407178e+02 3.089275105664775651e+02
9.059049790830050464e-01 7.019608626061911139e+01 1.662493709423235089e+02 2.141338863083343256e+02 2.096325808123382615e+02 3.010632568784107548e+02 2.915856395273283397e+02 2.570396331300435122e+02 2.745268266205391114e+02 3.118128623881158319e+02 3.458101896588561317e+02 3.431687169115395477e+02 2.970084048779050363e+02 2.893346475518346779e+02 3.446805907161875666e+02 3.260657515231620778e+02 4.151594335744339901e+02 4.068665989121336679e+02 3.680848893461648004e+02 3.801416818252915846e+02 3.700054518770089089e+02 3.868696819331842107e+02 4.216236125289809706e+02 3.871168156121662491e+02 3.254234682510821131e+02 2.870106737151069183e+02 3.450333539606710360e+02 3.892393391696349454e+02 4.186139133307468114e+02 3.636386844449008890e+02 2.856260539049133058e+02 2.307248966274687234e+02 3.145073517326262049e+02 2.839825802229442502e+02 2.001631383598137859e+02 2.048668631950774568e+02 2.989281989820717627e+02
3.236511337782697062e-01 9.815992991657613231e+01 1.646123652490820746e+02 1.190845202916670473e+02 1.894151190156622420e+02 2.814818216019459101e+02 2.381282557905381907e+02 1.630559121829492142e+02 1.807306206100954284e+02 2.476291331456247349e+02 2.866287825062177035e+02 3.179369912330660100e+02 3.467231673813049611e+02 3.802758944245014163e+02 4.166631161814336224e+02 4.159827329618485123e+02 4.043196541566721862e+02 3.563622540903984941e+02 2.805796222382324459e+02 2.973954461375898859e+02 3.697637164356110020e+02 4.449943994186253349e+02 4.631038455757366137e+02 4.367032320553257136e+02 4.026928931528836415e+02 3.520553005562929343e+02 3.473783304511605934e+02 4.222101312694657054e+02 4.227053812341624734e+02 3.524521395119114686e+02 3.387431783920417843e+02 2.623433249509214420e+02 3.367073646490830470e+02 3.102534646744444444e+02 2.204840782657729790e+02 2.989510016771032497e+02 2.296068014043245569e+02
7.051176975622763798e-01 9.852950524669049059e+01 6.840558498997710046e+01 1.645567650838383429e+02 2.496003634024752671e+02 2.616414159413966445e+02 1.995073290938456978e+02 1.046317955704170686e+02 1.773211481824451425e+02 1.541808238164878730e+02 2.437605245061353969e+02 2.262498665368730428e+02 2.972117934732552840e+02 3.395739736933807649e+02 3.488373128403363239e+02 3.857126000032593538e+02 3.347721655483235850e+02 2.783498783064182476e+02 2.265587557555069793e+02 3.185664929172441475e+02 3.606262472489278821e+02 3.800153810184663712e+02 3.863194038155691032e+02 4.373899215095520390e+02 4.405573295925861999e+02 4.210075249736017327e+02 4.324710619690840758e+02 4.444578444193556379e+02 4.026947684329477966e+02 3.690071682228016812e+02 2.959078171756825100e+02 3.488891254648752351e+02 3.643560928929390457e+02 2.978817582211464128e+02 2.434002403668530405e+02 3.342693299833754850e+02 3.231476061809181601e+02
2.762602726440547274e-01 2.734182753545201194e+01 1.245648132939581245e+02 2.008160781678386684e+02 2.024525980393128464e+02 1.945895102580752791e+02 1.305654514918413440e+02 7.205341385104148344e+01 8.134079765385669702e+01 1.711521640851862287e+02 1.974173062558206482e+02 1.651000932226076827e+02 2.574236623318854527e+02 2.476684626175132564e+02 2.567265497489933068e+02 3.151257081828962896e+02 2.776165137802189520e+02 2.041808015280267625e+02 2.974326000695015182e+02 2.524732565869231564e+02 2.714141265484678343e+02 2.928940258633862186e+02 3.175792465159399285e+02 3.569957259669956215e+02 4.068728882198635688e+02 4.578433642337856782e+02 4.582539436535508912e+02 4.221542492306034546e+02 3.624170282256667974e+02 3.184500702834994286e+02 3.512578014870624088e+02 4.056956163068347792e+02 4.079067017759340956e+02 3.571474413474080052e+02 2.694385353118148032e+02 3.592182720895446550e+02 3.487168632262805659e+02
1.850613594792993588e-03 8.775813665049227552e+00 1.062647497677180581e+02 1.267144237490812202e+02 1.086631427222554152e+02 1.436908740231087904e+02 5.943176009644573554e+01 1.553956613161413998e+02 1.773277427948169986e+02 9.481599519252183939e+01 1.045634460947073876e+02 1.969638627964805551e+02 2.239621068966738733e+02 1.798120041169603383e+02 2.468033616839766466e+02 2.586080577051707223e+02 1.838783358118471938e+02 2.775028470742832951e+02 2.768879883085305664e+02 3.440155957329522494e+02 3.406830822876970615e+02 3.444615594292217793e+02 4.064561494713486240e+02 3.883599454493810867e+02 4.653701700579218254e+02 4.555875889099037863e+02 4.682002244966324156e+02 4.658750219292398924e+02 4.352959430696415666e+02 3.678374700851514376e+02 4.280494465588813000e+02 4.480157195703590673e+02 4.464636370410659083e+02 3.839447059015710693e+02 3.026421910340532122e+02 3.865304548500217265e+02 4.395006091945797380e+02
5.933543570421615510e-01 9.841685717092533991e+01 2.104855121632885684e+01 2.967794994462185798e+01 3.831767728305304388e+01 4.700301449423299971e+01 1.160651786584672323e+02 1.947555066481115773e+02 2.287559498668815934e+02 1.459943462149007871e+02 2.000201731293878424e+02 1.188735898283083969e+02 1.292826277609983663e+02 1.405760074911983395e+02 1.524342035089906062e+02 1.645153646004726511e+02 2.587047223498510107e+02 3.151677219515966613e+02 3.682757904665857041e+02 3.957373005139485826e+02 4.260467703279654756e+02 4.341885570680829005e+02 4.700052982734116540e+02 4.768608026195574894e+02 5.124880438406016765e+02 5.081308565791749174e+02 4.751564694049876607e+02 4.517899887958213299e+02 4.138998536644571118e+02 4.220662612701551666e+02 4.721973591544330588e+02 4.784404074482387159e+02 3.985118950176166663e+02 3.580413208625587913e+02 3.542855687756495513e+02 3.740232854674983400e+02 4.521295905619549558e+02
5.242591108685094037e-01 9.790835785679604442e+01 1.182509832049530161e+02 1.267210269325131833e+02 1.352103491167560492e+02 1.437275338517991088e+02 1.826979141671506568e+02 2.495588902312708512e+02 2.753959161687027972e+02 2.136947394249055208e+02 2.520183418520358885e+02 1.766768945351945490e+02 1.559732542081268605e+02 2.351839839331481130e+02 2.463439191334869349e+02 2.585575570146547193e+02 2.049415207682779680e+02 2.579320055080970064e+02 3.223618250134927621e+02 4.128274898129847088e+02 4.403449509571996714e+02 4.580771673806686977e+02 4.814012646993640487e+02 4.488153080154453392e+02 4.841480000180229695e+02 5.121590666804111152e+02 5.179581505146167046e+02 4.956379340940960105e+02 4.521670010432224558e+02 4.534726305730559375e+02 4.873518943574353557e+02 4.939998637713953258e+02 4.431796603436167175e+02 3.981443252008456284e+02 4.039432471570669918e+02 4.177033929387699231e+02 4.878695118803959190e+02
2.245761403057450201e-01 9.805755770603481380e+01 1.382485640493768813e+02 1.596741302676719840e+02 1.826850456566277785e+02 2.077778191683673867e+02 2.357318106618185425e+02 2.683705714804410150e+02 3.008828402819288499e+02 3.018076908597447527e+02 3.065701148835825620e+02 2.692269355387335850e+02 2.028421711494343356e+02 2.062627343968965192e+02 2.995151487046514944e+02 3.354362289664525179e+02 2.715795640779112432e+02 2.721489332006718769e+02 3.630398843434663831e+02 4.151735580402645382e+02 3.583724623020057152e+02 3.706139475429399113e+02 4.314204638933229035e+02 3.605017576378987201e+02 4.194266562553676749e+02 4.577858712611648002e+02 4.929527572094004313e+02 4.918480979217546292e+02 4.322896507170320888e+02 4.264720687637509968e+02 4.491206466245772617e+02 4.350678943083979107e+02 4.844488171545643809e+02 4.858412401272691454e+02 4.830819633820570971e+02 4.717563045766548839e+02 5.110564392917773375e+02
6.918070203250719086e-01 2.096445255922571604e+01 4.154605114223222273e+01 6.342766807785028504e+01 8.696460699299099417e+01 1.126750331037844006e+02 1.414235440274361792e+02 1.747387019772430676e+02 2.292009467263033287e+02 2.951742780070388221e+02 3.862818817341845374e+02 3.328695627720766197e+02 2.622892635936373154e+02 2.728707418146929626e+02 2.818261476762719440e+02 3.729402163073729639e+02 3.632192305617491002e+02 3.638766937625591140e+02 4.005998042959524241e+02 3.709897538061234741e+02 2.911731610604978187e+02 3.063126267762321504e+02 3.663808012906487761e+02 3.142633837004528914e+02 3.573462196953947227e+02 4.387714754303762561e+02 4.404100984295092189e+02 4.352234516412470953e+02 3.793476173151182138e+02 4.073566543704338869e+02 3.817673729282039972e+02 3.772345863568269806e+02 4.448332080073918178e+02 4.937400805969026010e+02 4.924187977973171542e+02 4.494263939448060796e+02 4.917276363287768959e+02
7.517111381045206153e-01 9.857908903767476261e+01 1.382717611526538519e+02 1.596690004319371781e+02 1.826891625832097077e+02 2.078135601274541102e+02 2.358705126227970368e+02 2.684452824262070294e+02 3.062700859255164119e+02 3.505267278518876424e+02 3.859458022904971699e+02 3.792844601175953017e+02 3.496423145751204515e+02 3.641576399549644520e+02 3.733054260456435713e+02 3.621488764365896031e+02 3.263039104196702169e+02 3.484129520077612483e+02 3.513338017610093971e+02 3.145240100412783022e+02 2.426400413055570766e+02 2.586979680826302115e+02 2.760750994751949179e+02 3.666448109265530775e+02 4.287443978198464833e+02 4.460980380476221399e+02 4.042264666104787239e+02 3.687909578919798150e+02 3.573460393023206620e+02 3.831287266217072442e+02 3.996809920471490045e+02 3.401075857291069724e+02 3.849357533755567715e+02 4.532004378092614161e+02 4.536114207309983044e+02 3.726821169928595623e+02 4.540342402527873560e+02
8.558244295687547076e-01 9.867920912455326743e+01 1.364052361571108634e+02 1.565961386121317389e+02 1.780807256841684421e+02 2.012426437750245043e+02 2.266709267283784186e+02 2.552604819532455451e+02 2.888785190330521004e+02 2.588267932663623583e+02 3.434418275411314880e+02 3.307474373595125599e+02 3.032188511963498172e+02 3.416200130208228529e+02 3.466120281790207969e+02 3.098327520792461200e+02 2.341401763968238470e+02 2.567637718353065566e+02 2.958883150077574555e+02 2.222309379418662729e+02 3.145237926743963612e+02 3.497380706947920999e+02 3.613730060266585156e+02 3.367213186821377349e+02 4.040251599510537517e+02 3.757608483300113562e+02 4.197601110684413470e+02 4.109554977303654937e+02 3.682469103224893843e+02 3.137539714284757792e+02 3.736746052557576832e+02 3.015292509667625040e+02 3.723919478693040332e+02 4.136191883548455621e+02 3.892586427656546562e+02 3.315260812084544000e+02 3.704246547525938809e+02
8.802730031229742957e-01 2.016233238824617757e+01 3.968627548936219540e+01 6.030476966592699739e+01 8.225988371724294268e+01 1.060182619917622731e+02 1.320294938581780571e+02 1.613075198781997699e+02 1.957798484939933701e+02 2.879352097341023864e+02 3.165592103111899291e+02 2.938420158949567735e+02 2.165698896849215771e+02 2.927176032690924785e+02 2.548772387432194648e+02 2.564620822117454395e+02 1.788840406756150685e+02 1.908593186823029555e+02 2.032300787934098310e+02 2.926029210307095241e+02 2.970959068810606709e+02 3.812817785623108762e+02 4.074619749195275062e+02 4.007707749771901717e+02 3.531219538652546817e+02 3.591698559958879287e+02 3.883922614184295981e+02 3.601412601000047857e+02 3.468046969823614063e+02 2.725279310687387238e+02 3.437268320810703699e+02 2.624906253624309329e+02 3.315621051039263989e+02 3.600700087003006047e+02 2.977146784950311940e+02 3.892667448755714190e+02 4.545695575542532652e+02
1.825126015476009611e-01 9.798356107781788182e+01 1.364389480159707375e+02 1.565986157963865253e+02 1.780794125369551182e+02 1.997177913599257977e+02 2.266547292656768775e+02 2.520202136878099282e+02 2.759805543189810351e+02 2.452360277408166667e+02 2.312536281897468768e+02 2.543291780523486239e+02 1.646112999367122995e+02 2.218187987428199506e+02 2.408158140863043002e+02 1.625311176171016996e+02 2.564686581022003224e+02 2.593557045704287702e+02 2.675867419444839470e+02 2.741586751825292936e+02 3.575267559590800488e+02 3.638575213153971504e+02 3.759469116041426560e+02 4.070722799987282770e+02 3.626013942880078389e+02 3.230978727355441720e+02 3.662917099885592052e+02 3.058013769184460671e+02 3.131847412567150286e+02 2.311524740027702478e+02 3.035235145481578911e+02 2.305457949351956586e+02 2.486416351076679234e+02 2.678903527675151395e+02 3.601961458824193301e+02 3.845754760563560808e+02 4.040987155863305134e+02
2.234715563764334556e-01 9.617582387557337142e+01 1.636319896486753578e+02 1.259581485942714778e+02 1.339266700096553677e+02 1.729991830875031837e+02 2.404136054649386267e+02 2.812739279162624371e+02 2.281204883187304802e+02 1.543199642627072876e+02 1.616286376784161121e+02 2.076735529981971240e+02 1.259026650869008392e+02 1.357082705900976123e+02 1.466834617787073967e+02 2.410280143197975065e+02 2.940965299338539012e+02 3.494967912307757842e+02 3.587677282754528960e+02 3.596581911994077245e+02 4.020228271019312842e+02 3.766580119667375470e+02 3.444415849220557675e+02 3.909329764999724830e+02 3.486127569335249632e+02 2.939887156261796690e+02 3.333626303617267581e+02 2.494654042932307050e+02 2.684416788721237594e+02 1.960956186388482649e+02 2.099716971583301870e+02 3.036108885354550466e+02 3.413094830610919530e+02 3.600827984661088408e+02 3.558733526456869640e+02 2.953214265571532451e+02 3.128353636847189705e+02
8.205654311753158847e-01 9.864530479125744478e+01 1.141713652672680865e+02 2.876929658226821473e+01 3.709770450895961602e+01 1.072800884145726883e+02 1.844639215684295266e+02 2.158984982646525168e+02 1.533618810784832363e+02 9.435901189142201417e+01 1.033745711802635867e+02 1.125598649430248201e+02 2.077422863993354554e+02 2.301988328566399673e+02 1.690475453434971485e+02 2.570587407474450856e+02 3.041510892871074248e+02 3.513449770522400968e+02 3.785283883869711303e+02 3.985188823435841527e+02 4.061834510013158024e+02 3.681124775657320356e+02 3.104533996539525447e+02 3.606066168761910831e+02 3.151626744354151128e+02 2.446298928540473696e+02 2.952477829658526502e+02 2.524542296442203337e+02 1.786792317291245524e+02 2.459518865680945510e+02 3.034473749236616982e+02 3.413173077873419174e+02 3.588071021999330128e+02 3.214617480362841775e+02 3.167247469160908508e+02 2.250153148407081858e+02 2.898130571674000748e+02
