output/example/elevation_000019.asc
nrows	75
cellsize	133.333333333
xllcorner	0
ncols	75
yllcorner	0
NODATA_value	-9999
[rows 17 to 33 of 75, columns 37 to 73 of 75]
2.753463469705894227e+02 2.337544527933779079e+02 1.389126625880213339e+02 2.390829969026193851e+02 2.260410380298966402e+02 3.034224431054469733e+02 2.740539479127731965e+02 3.743354966620308346e+02 3.960278928754138406e+02 3.041145043540510073e+02 3.933281883531612948e+02 3.558781963443196901e+02 3.141258140077561052e+02 2.357354800439236158e+02 3.360163445326601277e+02 3.768152987649908709e+02 4.036193279936408089e+02 4.035585102009599154e+02 4.076620814051769912e+02 5.083327366468837454e+02 5.195712297223076348e+02 4.611421212823059363e+02 3.795938979850316173e+02 2.791489244931924532e+02 3.703946459497581145e+02 4.083633663738216910e+02 4.502447447582318887e+02 5.006061283338186172e+02 5.096580504906332862e+02 5.130098893760055034e+02 4.412446730497233602e+02 4.522440576309768971e+02 5.529998690802327701e+02 5.891298924160988690e+02 6.323707961050146196e+02 6.075245048462072646e+02 6.075084256598063348e+02
3.413764239609973856e+02 2.806879775160313670e+02 2.390838782615820151e+02 1.442540221399886207e+02 2.444317641032538688e+02 2.031992775290176212e+02 3.034226508487266187e+02 3.458221831359815042e+02 3.041250580995302926e+02 2.539925603640344605e+02 3.542561771520890375e+02 3.141327273574987657e+02 2.138703062621055722e+02 3.141327273603362755e+02 3.413542993452791734e+02 2.765151197915492389e+02 3.033147776418002763e+02 3.367451136862653698e+02 4.076555339734333074e+02 5.080155557269715132e+02 4.916745286672363022e+02 4.485047726265817687e+02 4.067547504665316751e+02 3.703946110118945967e+02 2.699774731761151543e+02 3.079019984489210628e+02 3.581206872179337779e+02 4.291355928942089122e+02 5.295270708089225309e+02 5.793396337814224353e+02 5.419174219071121570e+02 5.529990373043648333e+02 5.551087870653714162e+02 5.731556675345552776e+02 5.493974460168308269e+02 5.068451116679686379e+02 5.778078047622905160e+02
3.596272791812298237e+02 2.579312072567659015e+02 1.859146649387699597e+02 2.444337864039523254e+02 1.496644410120084956e+02 2.498481094645943585e+02 2.592573529931988787e+02 2.632046915366815938e+02 2.038901322666325484e+02 3.041250580927747365e+02 2.786886296119622557e+02 2.827997315993055167e+02 1.992595266183004981e+02 2.197076931788268439e+02 2.410716918054828000e+02 3.119703044333638786e+02 4.036229594699948962e+02 4.370703401375457702e+02 4.791408780658469482e+02 4.530962932193121446e+02 4.110100378204678577e+02 3.487894319581787954e+02 3.063492846922654280e+02 3.550696207433329050e+02 2.636249250919438509e+02 3.345962242242939055e+02 4.350683057001429574e+02 4.761993138053333041e+02 4.359962667697369625e+02 5.076338453833277526e+02 5.261959797198844626e+02 5.261584720286865604e+02 4.545687444829859487e+02 4.725851580619987544e+02 4.489443952117558752e+02 5.493974954459790752e+02 6.001045836699322535e+02
3.148109657655726892e+02 2.387351023676919795e+02 2.876332783880251895e+02 2.310662473229305647e+02 2.498497177079425171e+02 1.551265726386819779e+02 1.590596881076824047e+02 1.630019646138244696e+02 2.632047026116412098e+02 2.728847311725687632e+02 1.784641355776113301e+02 1.825688878594121718e+02 2.827997473411870715e+02 3.199738310646839636e+02 3.413542994048402193e+02 3.831344457549385538e+02 4.542995356222755845e+02 4.271000703297385712e+02 4.565980001882737156e+02 4.110098433980534764e+02 3.106044350744419944e+02 3.400108683299148424e+02 2.484316315304693887e+02 2.546955002557466514e+02 3.550696545873104810e+02 3.856462350752413499e+02 3.953520918857230413e+02 3.757819371692700088e+02 3.650368438105400628e+02 4.256483381041805387e+02 4.256381917024445443e+02 4.600154015564534689e+02 3.836250598537179712e+02 4.016539104862037561e+02 5.020435101294194169e+02 4.994950414673044747e+02 5.704486011646632733e+02
3.924973769310923899e+02 2.957691069804489530e+02 3.643184839742605732e+02 3.292663553929512545e+02 2.763088919406478681e+02 1.760049492823632988e+02 2.592418260700339374e+02 2.632046917683891820e+02 1.686477761099718293e+02 1.726688876145789493e+02 2.728847436243228799e+02 2.827997315953292059e+02 1.887845822964109459e+02 2.890259905818412562e+02 3.369944744162983170e+02 3.769693134240029053e+02 3.979632137196416579e+02 3.267216643028289127e+02 3.561201695210537537e+02 3.731544510706678466e+02 3.313512415146977332e+02 2.396757598047452404e+02 3.400117941322380375e+02 3.550696207223888905e+02 3.720492510562876873e+02 2.852684877013143137e+02 2.949649327947522011e+02 3.048029819854946822e+02 3.148387944847134463e+02 3.252483740425860219e+02 4.256485075474325868e+02 3.596235222502803595e+02 4.600154031101301371e+02 5.020423420504214960e+02 4.360667292441646623e+02 5.364867080663774459e+02 5.838831076314755819e+02
4.590997328682084344e+02 3.990936075453490162e+02 3.586535288576556013e+02 2.664790619151057172e+02 2.232761816737896368e+02 2.049185304557259713e+02 3.052523157343235312e+02 3.042876397831485065e+02 2.040577514807378350e+02 2.728847311722187214e+02 2.051634456577685057e+02 3.054047916900341306e+02 2.890259905299697607e+02 1.950187397471675297e+02 2.952651066585336253e+02 2.766228733659187355e+02 3.105790746696853262e+02 2.557963335081088019e+02 3.197881307258717243e+02 3.244324098588930951e+02 2.310353398471739013e+02 3.313512434003635576e+02 3.513182536321722296e+02 2.630892922901126099e+02 2.716853902754826322e+02 3.720492514872016727e+02 3.953518625631165833e+02 4.051775565505079157e+02 3.858210170183857599e+02 4.256483759539312928e+02 3.404732481322651552e+02 4.408715021301585466e+02 3.940572390357983750e+02 4.944484268759756560e+02 5.364863446637439210e+02 4.833427604212210440e+02 5.542730619739340909e+02
5.339418244190208043e+02 4.881882786448662159e+02 3.612101101713637377e+02 3.327788974247400802e+02 3.242631316012009961e+02 2.366089249378862007e+02 3.370876092505089332e+02 3.451977097230814593e+02 2.449648721914137468e+02 3.297177999283632630e+02 2.294622600203544494e+02 3.296424675142391152e+02 3.369946589853261116e+02 2.658963955359201350e+02 2.012900845152173019e+02 2.057380551676563982e+02 2.103003179117330035e+02 2.148772411749295088e+02 2.194932515696682742e+02 2.241293417778118453e+02 3.244324499199242950e+02 2.426844819630536563e+02 2.509786212770741827e+02 3.513182897815198658e+02 3.720488799268160278e+02 3.012664385941031924e+02 4.016450666407812378e+02 4.754074255205043755e+02 4.863137533204403553e+02 4.659747118684779252e+02 3.655782333350935573e+02 3.784229845956957661e+02 4.788195883182700641e+02 4.306963639389821878e+02 5.311153702477676006e+02 5.838810602140349602e+02 5.652850171001476838e+02
5.584472086820903769e+02 5.346720886593764135e+02 4.778244002904856416e+02 4.116927235652158288e+02 3.078257156320260606e+02 2.945198279770424392e+02 3.794166162462965417e+02 3.451352047910771716e+02 3.158469945913991523e+02 3.565151374431306408e+02 2.562471233046376824e+02 3.565139261699188182e+02 4.090232920173252751e+02 3.432909212722180996e+02 3.015475086433184515e+02 2.270982537686127500e+02 3.105791427116971022e+02 3.151547798282879285e+02 2.903946346618729990e+02 3.244324264356494041e+02 2.459980868574703550e+02 3.430142552423258167e+02 3.513183501375341393e+02 3.144218168114679770e+02 4.148076083179357738e+02 4.016449951382992936e+02 3.330066400175734316e+02 4.333795521105355419e+02 5.121465147456929117e+02 4.928169777704114267e+02 3.924093623364421433e+02 4.788195011516269233e+02 4.212146741100974054e+02 5.216465395020175038e+02 4.700368646988921455e+02 5.705321381830569862e+02 6.590978365354052357e+02
5.429123290494408138e+02 4.855282669800711233e+02 4.429156165971223231e+02 4.585727502693812312e+02 4.112814902291830776e+02 3.947286907295721221e+02 4.367381561688625311e+02 4.449691537866285103e+02 4.160612919824981191e+02 3.981960781161279215e+02 3.063756643521014098e+02 3.141314645644426946e+02 4.144023318176371617e+02 3.853507986509823127e+02 2.849851414302835337e+02 3.273911929019946569e+02 2.649865122844627763e+02 3.653054023563645387e+02 3.907755425650903476e+02 3.881632774708540410e+02 3.039047709978887610e+02 2.693059476053634853e+02 3.696584944068486607e+02 4.148076951719228873e+02 4.148073445422629106e+02 4.754059608874524656e+02 4.333795281240904274e+02 3.696630671054134041e+02 4.700113611457462639e+02 5.352172677808142680e+02 4.928201343671366885e+02 4.372799917332234827e+02 5.216465375053035132e+02 4.713681765686385461e+02 5.705321381294480716e+02 5.148832730621063547e+02 5.858876646212685273e+02
4.681934556689733427e+02 3.868764810476349112e+02 3.366187183013794879e+02 4.263495448898472091e+02 5.072369000269157482e+02 4.647653348138049978e+02 4.767999192488873064e+02 4.343979035810559708e+02 4.768028046071949007e+02 4.484099208111853727e+02 3.772673266113447994e+02 3.850274985547340520e+02 4.143765184082857900e+02 4.274937852922099637e+02 3.428975996648670161e+02 4.068288203924642517e+02 3.228952334076823831e+02 3.151357458853299249e+02 4.154652306431509601e+02 4.464357685147527945e+02 4.042870674550129593e+02 3.696456732178655784e+02 2.936314814506436619e+02 3.940029943058480626e+02 4.644527729309154438e+02 5.583327755317177434e+02 5.121464552258026970e+02 4.700113612629883733e+02 4.145440977778814613e+02 5.148495902081691611e+02 5.713647697447868268e+02 4.707132467869042785e+02 5.712406416357476928e+02 5.719338115846300070e+02 5.292751086866693413e+02 6.155530144347598025e+02 5.783273814045460313e+02
4.097519232912932239e+02 3.810284274901293315e+02 2.773922776008123492e+02 3.810236638684500576e+02 4.489159805040833362e+02 3.638526492125058098e+02 4.343897667232441222e+02 3.337903973295133255e+02 4.343879991142899826e+02 4.938976434498441108e+02 4.774762289882173150e+02 4.853205744401715833e+02 5.146146961740927281e+02 4.863268845469910389e+02 4.434500732695256033e+02 4.652644946842040667e+02 4.232388328072011632e+02 3.860674149070783869e+02 3.860665378517238651e+02 4.863884937305200538e+02 4.520448568422207245e+02 3.515697417576446924e+02 3.940007616728009907e+02 3.220132170596808123e+02 4.223939251013118223e+02 4.868679837160228203e+02 5.248335558302716208e+02 5.571396573966317192e+02 4.855442747843468965e+02 4.779611573310683070e+02 5.776327033688130541e+02 5.417188623965255374e+02 5.416774299695119907e+02 6.431603225975554778e+02 6.002999415113139321e+02 6.113878880182777493e+02 6.794253421763379492e+02
3.649486797587998126e+02 3.459621289404602180e+02 2.436666068762085331e+02 3.459621618644241039e+02 4.064617566567214340e+02 3.059686356690902471e+02 3.484217870175972962e+02 2.929303391035973050e+02 3.507743176407810779e+02 4.514325563757504938e+02 5.387096401505236827e+02 4.842953024075374060e+02 4.408332952190969536e+02 4.839260011810384299e+02 4.836022853902092606e+02 4.411674519654136475e+02 4.836024808712995764e+02 4.864378461310950570e+02 4.863886422413490891e+02 5.278460040877278061e+02 4.946687355840439864e+02 4.095068360326256993e+02 4.637477980089613538e+02 3.668977429148533247e+02 3.574988599955404993e+02 3.864711746078014016e+02 4.243937961450590706e+02 5.248470987468151634e+02 5.874488498838197756e+02 5.487084914462960796e+02 6.201700987233349451e+02 6.441368602719024921e+02 6.432202986352764356e+02 6.883954671108562025e+02 7.025145568963279175e+02 7.140170964194649059e+02 7.605895626103857694e+02
3.911197540151377439e+02 3.161885910465864526e+02 2.145965313041534728e+02 3.161806119085122191e+02 4.035690461583149045e+02 3.484211575422183387e+02 2.483234843690229923e+02 3.484194345792572562e+02 3.986379053341876784e+02 3.882831024401218087e+02 4.950685766716463831e+02 4.316165233094659470e+02 3.389502278418871697e+02 4.248892986230724205e+02 4.411584673933796239e+02 3.404156488261930349e+02 4.411585088079849015e+02 4.792154200592565303e+02 4.903480294135369491e+02 5.332883722178409016e+02 5.545584083605256183e+02 5.103913774971045427e+02 5.095696431346754025e+02 4.248269213901024273e+02 4.154315633405788049e+02 4.868390262023689843e+02 4.868694535099913310e+02 4.953226817239489037e+02 5.961696775310621206e+02 6.484714851481227242e+02 6.112690917638676638e+02 6.223870282103769114e+02 6.668994297340336743e+02 6.473111247055875310e+02 6.387081215206882234e+02 6.829140207796422146e+02 7.571103173622628901e+02
3.483838941573231409e+02 2.468311154383383439e+02 1.886393629714973770e+02 2.600042116677027479e+02 3.417256494696009668e+02 2.999851584739882924e+02 2.260407139887653045e+02 2.610380192505058403e+02 3.007179004882552817e+02 3.778768888995679731e+02 4.503730134191316665e+02 3.893399376804055123e+02 2.883808282389770170e+02 3.893149260111715080e+02 4.000264824711975962e+02 2.993152628827853050e+02 3.854159896244971719e+02 3.784105239932487734e+02 3.894300503777250242e+02 4.719090835853600083e+02 5.145241837842008863e+02 5.656431916630342585e+02 5.680334945794945725e+02 5.252987223438035471e+02 5.158804132145641006e+02 5.585199384011228858e+02 5.878665592313470825e+02 5.961635531864850464e+02 6.401333075485339350e+02 5.826406839899367469e+02 5.099299793965672052e+02 5.209589962764405300e+02 6.180265204856615355e+02 5.449201084461620894e+02 5.373522650365765685e+02 6.087177723089799883e+02 6.707807577614398724e+02
3.341682612208025489e+02 2.673377163029182952e+02 1.667125264744736057e+02 2.673374839382017853e+02 2.754933423810081763e+02 1.998009924656314809e+02 2.999851579756132196e+02 3.601026248352431480e+02 3.460227870310512230e+02 3.500313068650063997e+02 3.545824470241067274e+02 2.931387900366129315e+02 2.546054673590049617e+02 3.556832823304204112e+02 3.392434025669630842e+02 2.637159387546700486e+02 2.847119190413781666e+02 3.072274612724773419e+02 3.375827406324685853e+02 3.711345007251122183e+02 4.214585031689781545e+02 4.926867522645557642e+02 5.944468661543929784e+02 6.119340581614869734e+02 5.690649790184170342e+02 5.768835177580266418e+02 5.966472553846986102e+02 6.660730675530330700e+02 6.143307526973720769e+02 5.395571770728104184e+02 4.391366287109547670e+02 5.395488085325753218e+02 5.294543343548857592e+02 4.735879051920552456e+02 5.746524085805829145e+02 6.064929490086728947e+02 5.691328031669054326e+02
2.379246026954674846e+02 2.415611057680350768e+02 1.462073339155750205e+02 2.467282326629900524e+02 1.751214886738283667e+02 2.754933450990148458e+02 2.668639185179001743e+02 2.708474841548891732e+02 2.453589770955659901e+02 2.493621377676416557e+02 2.828738624130925245e+02 2.114489888800371773e+02 3.125815802333203806e+02 3.155080231059284301e+02 2.385459567133087546e+02 3.392369355402291831e+02 3.854208014046780022e+02 3.653472050157199078e+02 4.383114755006321275e+02 4.719090849338065823e+02 5.145241769449243066e+02 5.422651951660885743e+02 5.852553298195482512e+02 5.529358574305762204e+02 4.692199799828721893e+02 4.801446884300275428e+02 5.768835167659041190e+02 5.716481123644596209e+02 4.945815330674840311e+02 4.894972352764418133e+02 4.059123126644319655e+02 4.898528753061361840e+02 4.284944324338472370e+02 5.294544109585606293e+02 5.633720186974459239e+02 5.053653962249401843e+02 5.635720128069448265e+02
1.374247014450819506e+02 1.410525156427995341e+02 2.415611133858386665e+02 1.514533867525512392e+02 2.519865395750193784e+02 2.612397314286745882e+02 1.662875978704331317e+02 1.702588642694146017e+02 1.742397663467763778e+02 1.782335287093417833e+02 1.822466601777597930e+02 1.862697329834853974e+02 2.869104272357730565e+02 2.148246283039993898e+02 3.155080234923260036e+02 3.812236055408205857e+02 4.452219323546996748e+02 4.661500379025978305e+02 5.088665624540830663e+02 5.021762721603988666e+02 4.598757440784798973e+02 4.413591453493819472e+02 5.137369110647979369e+02 4.716017937887736480e+02 4.123380007537733150e+02 4.821187116377674897e+02 5.821542076900124130e+02 5.276275308198526091e+02 4.204581316248534222e+02 4.595978510847788812e+02 3.756540524911882812e+02 3.889191132880326904e+02 4.898538258988531311e+02 5.287430163755260537e+02 4.623811945632883180e+02 5.633720186943432964e+02 6.501708702810727800e+02
