output/example/elevation_000137.asc
nrows	75
cellsize	13.33333333
xllcorner	0
ncols	75
yllcorner	0
NODATA_value	-9999
[rows 51 to 67 of 75, columns 0 to 36 of 75]
1.369999999999999864e-02 3.549228272858423239e+00 7.328770838020508549e+00 1.309874361677566945e+01 2.014817737953118737e+01 3.008026723457261298e+01 2.724567894548130198e+01 1.829010494133627418e+01 2.724567894548130198e+01 2.341773859096269561e+01 1.321992351807735133e+01 1.924111987353440867e+01 2.336471027872060446e+01 2.366486415226336604e+01 1.356560156246097648e+01 1.169194984722736130e+01 1.613902494817392563e+00 1.036249563524872919e+01 7.467109454526369205e+00 1.771979320068502162e+01 2.129235228607373287e+01 1.159492653862456457e+01 1.581234315880396935e+01 9.437292256491854658e+00 1.092227562327420287e+01 1.092223483378504767e+01 1.299488736943332334e+01 2.893685581399899398e+00 1.177486915488051800e+01 1.593116701938499169e+01 1.508131849290017534e+01 5.346685788467810951e+00 1.092210895680943139e+01 8.352117477862978090e-01 8.352117477862978090e-01 8.817580055528969396e+00 1.060885041277218122e+01
1.290000000000000001e-02 1.001289999999996283e+01 1.571162172748455532e+01 2.141460146920851670e+01 2.416458487381775910e+01 2.686089517953320538e+01 3.087826652521867032e+01 2.876942506264312627e+01 3.295184273004624487e+01 2.749194837700530059e+01 2.341773786139903279e+01 1.853187402741442469e+01 2.835229009581919257e+01 2.071433049116894765e+01 1.060450737384603315e+01 3.469746186350756822e+00 1.169122149091545104e+01 1.586740503999021001e+01 1.774871252650842379e+01 2.223661570055158876e+01 2.529547913581251350e+01 1.721395645857279177e+01 2.438826860788959650e+01 2.019468768000516334e+01 1.971108007426935416e+01 1.424779514673545577e+01 4.142499936165390473e+00 1.299488736899237473e+01 1.005082819434523778e+01 2.010249695778389167e+01 1.543346761684751733e+01 1.249515458869956674e+01 1.300728650869442582e+01 2.545256154479198063e+00 9.176628840625710382e+00 1.676383518938417438e+01 1.700410138633668211e+01
1.329999999999999932e-02 1.487454940845604590e+00 1.151071093074245866e+01 1.511384643167311026e+01 1.331923739034845156e+01 2.104628056993290741e+01 2.489493577430186022e+01 2.922061954338733614e+01 3.495787565072381398e+01 3.524656894616203573e+01 2.549658629322518522e+01 2.570750817332317695e+01 2.963930068266590823e+01 2.380779044682313383e+01 1.510655110000849710e+01 4.993775749906654404e+00 7.973195776475855645e+00 1.210506754972191068e+01 1.795778860582005976e+01 2.803642308325560251e+01 3.079052216553640875e+01 2.682818279924905980e+01 2.703783645624624299e+01 2.109534824625532679e+01 1.554298805943849970e+01 5.465805121061571903e+00 7.210937880501202990e+00 1.735184110855692907e+01 2.010250571793016405e+01 2.424895707911415244e+01 2.546086665316978426e+01 2.253399781200881336e+01 1.487519558814570786e+01 4.309377244560796960e+00 1.487519558814570786e+01 2.387169849267705857e+01 2.530863517050697098e+01
1.369999999999999864e-02 9.785463802190928817e+00 3.639992793235129032e+00 5.195436502961339187e+00 1.455346308147434620e+01 1.632828190101468380e+01 1.517174466579535697e+01 2.090452564604648344e+01 3.082347311255484001e+01 3.933214447591237217e+01 3.524656894616203573e+01 3.523817499372190554e+01 2.516743680077476597e+01 1.525207374698012508e+01 9.475797509156741683e+00 6.801769378652643638e+00 1.692461900274415854e+01 1.623780963122147369e+01 2.221760913859909081e+01 3.217507831921223271e+01 3.498246820357817910e+01 3.087802120998993161e+01 2.282348849430925242e+01 1.267683739355141448e+01 6.818736203765415560e+00 1.549190787038601869e+01 1.734271170823882358e+01 1.238002876993598278e+01 1.965092129823212730e+01 2.969765554670761176e+01 2.780194611071321376e+01 2.341852302091330884e+01 1.685079543748756947e+01 6.179242319278067441e+00 1.225221103845503201e+01 2.316301349986486713e+01 2.940756612293521854e+01
1.319999999999999993e-02 1.001319999999996213e+01 1.358424808338515177e+01 1.498081175852213143e+01 7.632116690740647691e+00 9.459878552476464364e+00 1.935895531091523836e+01 2.522494918031792821e+01 2.895266417526420355e+01 3.302007372041308741e+01 3.792165170251444550e+01 3.183519188912694275e+01 2.176566018060605856e+01 1.592194323064922301e+01 1.692469079268117937e+01 6.801769378652643638e+00 1.692469079268166610e+01 2.632811679395002002e+01 3.047796364831559046e+01 3.640434239634648605e+01 3.087790433637141874e+01 2.099516416443674771e+01 2.357005741952187705e+01 1.787117698064892934e+01 7.799112144136181257e+00 1.775816596254063029e+01 2.552532964024818796e+01 1.833899225054949156e+01 2.674523361271922894e+01 3.106761455414251216e+01 2.024392898591824874e+01 1.244125453695355077e+01 9.716274799462942369e+00 1.014808894874729006e+01 2.109121175851442231e+01 2.757263202790347378e+01 2.607492919526550423e+01
1.349999999999999985e-02 1.001349970239418141e+01 1.665595589175998370e+01 2.163831480674238605e+01 1.495853991456148435e+01 1.637022917203814742e+01 1.274659681953393964e+01 1.531122932020417693e+01 1.908988192461028532e+01 2.405789558388018534e+01 3.384743276664823952e+01 3.599783651907991100e+01 3.018757485931773488e+01 2.145198586404083230e+01 1.132869378747735389e+01 9.324533922027741895e+00 1.650178571163544206e+01 2.659524685896914065e+01 3.244466934067264674e+01 2.819854658446781315e+01 2.948475829278757843e+01 1.947159545580977280e+01 1.395197636874976510e+01 9.420164033271531068e+00 9.806359076592208623e+00 1.579444785658447969e+01 2.326233087299740632e+01 2.841003299436187746e+01 3.254468249889435327e+01 2.858325032876096472e+01 1.763348468345120779e+01 2.342170826311879850e+01 2.058772667804440104e+01 1.565893179954930758e+01 2.555608587128299192e+01 2.781642441776016383e+01 1.743744788168785220e+01
1.369999999999999864e-02 2.513700000000002266e+00 1.251370807830968701e+01 2.057859501998661855e+01 2.619691822036203277e+01 2.588345607960124539e+01 1.977761923557851631e+01 2.234655667720053529e+01 2.234655266918989724e+01 3.217291880817914063e+01 3.792165170251444550e+01 3.265212594368367860e+01 2.259437966183287827e+01 1.675551969399228724e+01 2.145198582261658160e+01 1.238766184495237965e+01 1.945809224110032432e+01 2.953847305883889973e+01 2.819854658446781315e+01 1.817725183876964934e+01 2.111242111244920494e+01 1.948389788654314003e+01 9.420164033271531068e+00 1.946341246673819114e+01 2.047352956452666817e+01 1.287156591131554606e+01 2.266160459731629118e+01 2.581277628489822007e+01 3.573994880946488450e+01 3.266396065656129366e+01 2.186742957454330138e+01 3.266396065656129366e+01 3.096841488293887679e+01 2.664284342469006361e+01 3.096841488293858546e+01 3.201231390855002701e+01 2.607492919514932694e+01
1.379999999999999977e-02 1.001379999999973691e+01 6.436022702769641057e+00 1.643605400288397789e+01 2.468593824052616981e+01 2.883181364965162885e+01 2.963623805687286961e+01 3.217310667893836751e+01 3.217314379011725123e+01 3.625198552453968404e+01 4.318791988663654280e+01 3.681067504497279685e+01 3.100579234266354334e+01 2.390045945735843347e+01 2.570239389326372503e+01 1.560764970545737462e+01 2.570239353646799429e+01 3.137943719493656047e+01 2.133367641992821362e+01 1.559079001699362799e+01 1.107354969185309557e+01 1.107354969185309557e+01 9.420164033271531068e+00 9.420164033271531068e+00 1.948389801987739745e+01 2.266160468576816100e+01 1.606892665246437701e+01 2.291404948665411467e+01 3.281092237171203152e+01 3.693026948764019579e+01 2.960053858014906325e+01 3.693026948764018158e+01 3.381998821171441705e+01 2.957890916153914418e+01 2.997901404574939477e+01 2.864241014167064847e+01 2.454468812906872088e+01
1.309999999999999880e-02 1.001309662096988973e+01 1.643605321147836307e+01 1.115006791322905499e+01 1.468560182666854352e+01 2.045910606385605846e+01 3.046020259496377491e+01 3.809024009837303737e+01 3.412385510328572025e+01 3.809780530673645416e+01 3.331602580150643433e+01 3.331649632517170545e+01 3.739644566991682240e+01 3.395432089226709849e+01 2.986280595119680825e+01 2.014059706469768685e+01 2.986280455805523459e+01 3.565154452560518905e+01 2.980629934837551431e+01 2.111242111351551998e+01 1.107354969185309557e+01 2.111242098016811042e+01 1.150054005952445912e+01 1.948389801987899261e+01 2.367778444919004599e+01 2.876890363766651859e+01 1.896453889404187620e+01 2.391109289406945848e+01 3.064878058027026242e+01 3.999233662112369814e+01 4.005971578070824535e+01 3.660776833530516683e+01 2.666746036375525719e+01 2.059426635634346425e+01 2.085950248444184751e+01 2.098675150703013870e+01 1.489022313861856261e+01
1.349999999999999985e-02 1.001349999999996321e+01 1.507838855302397540e+01 1.922520075196424472e+01 2.468593824052616981e+01 2.883181364965162885e+01 3.461017000375503017e+01 3.346672554988793280e+01 2.482876948447387377e+01 3.324528503208990315e+01 3.071509361897829393e+01 2.323849730497759225e+01 3.255832199128106907e+01 3.697146204834067618e+01 3.436150586688508213e+01 2.726131745082436453e+01 3.436037308152586434e+01 3.095682165394699936e+01 2.672164700639488899e+01 2.319744253795598610e+01 1.319806526364630272e+01 2.319739105805425439e+01 1.362262693222310084e+01 2.361500313403353246e+01 3.100133309079526001e+01 3.290582566905706585e+01 2.585003481025280436e+01 2.456193908208999233e+01 3.451572409340177927e+01 4.146390753784936578e+01 3.609474997380917927e+01 3.178787276270276152e+01 3.032096556857914038e+01 2.123543050730841131e+01 1.537141681732861009e+01 1.213314009407957172e+01 1.666173650448940080e+01
1.369999999999999864e-02 2.453655018384691910e+00 4.996315528953949148e+00 1.507838855302397540e+01 2.309637885863325124e+01 2.724054193380668210e+01 3.301857249903024893e+01 2.977060004792487646e+01 1.992741396449495284e+01 2.825246477046148996e+01 2.180059696818190673e+01 1.872716972278222514e+01 2.228867078263878909e+01 2.823333060665758865e+01 3.870672151613112533e+01 3.730285470141313198e+01 2.874435355913664836e+01 2.170309043721861642e+01 1.675373666124026073e+01 1.675373666124026073e+01 2.319744253795598610e+01 2.135238192753912401e+01 2.361500313403353246e+01 1.680122231364054031e+01 2.380997111363650376e+01 3.390319665890675793e+01 3.581567634674469502e+01 3.028169068594099045e+01 3.866225589660776052e+01 3.712030215528560007e+01 2.664970730614207994e+01 2.181435188421226812e+01 2.675665674513406600e+01 2.432222435912789038e+01 2.063061810587064215e+01 1.783623030764294271e+01 8.113040619199715309e+00
1.290000000000000001e-02 1.001289999999996283e+01 1.507838855302397540e+01 9.408585754703986836e+00 1.304135597611700348e+01 1.886542809812767274e+01 2.887596693715653018e+01 2.650833380056690913e+01 1.639891690585906758e+01 2.127871199575525907e+01 1.494468370979674532e+01 2.511833477319824581e+01 3.266014942825960077e+01 3.697146204834067618e+01 4.299375874709444645e+01 4.330562388697016019e+01 3.601961774365070568e+01 3.095682165394699936e+01 2.247057202892397143e+01 2.247057189559063772e+01 3.095682152061366565e+01 2.841637284681555542e+01 3.100133328056158177e+01 2.676620843290051610e+01 2.054281814207692491e+01 2.756174571221184166e+01 3.775642218172704645e+01 4.029952128846598924e+01 4.444399064326379545e+01 4.153849629640166796e+01 3.609474997380917927e+01 2.675665674513406600e+01 1.714169356552214296e+01 1.442359294516066726e+01 1.907690033064581314e+01 9.433499317228763559e+00 1.777416422813632835e+01
1.359999999999999924e-02 5.787102691896246043e+00 1.578710269189620874e+01 1.831005588940893247e+01 2.309637885863325124e+01 2.724054191551945792e+01 3.165790361710511647e+01 2.848751824495663598e+01 1.894368761160515646e+01 1.193235735781496487e+01 2.172326037790315922e+01 2.308253588286385494e+01 3.008185517475796189e+01 3.987807576305684876e+01 3.859404439075234450e+01 3.885193343062284299e+01 4.286147140977379166e+01 3.681146786119008141e+01 3.252872341901252184e+01 3.252872328567918458e+01 3.681146772785653809e+01 3.862701860498422946e+01 3.775642217989496885e+01 2.756174571221178482e+01 2.756174571221198732e+01 2.680815027204420176e+01 3.698255737652610264e+01 4.360572116638038409e+01 3.943521081795499583e+01 3.670696552329864204e+01 3.270194886241471011e+01 3.037603262346649302e+01 2.351078166901471533e+01 1.912140923932334502e+01 1.076762379960163507e+01 1.904160429681967059e+01 1.625328606401590292e+01
1.379999999999999977e-02 1.001379999999996251e+01 1.992923831562709580e+01 2.918456341307370394e+01 2.549196900090098694e+01 2.542398796318649445e+01 2.198093160980686278e+01 2.876543505793759081e+01 2.026826328591336335e+01 1.028304270138551502e+01 2.026788378560057780e+01 2.685483519255070206e+01 3.258081388260214339e+01 3.575667335182514961e+01 2.884872527277761733e+01 2.954319972156715224e+01 3.817392952911354342e+01 3.425008392190812145e+01 3.656338013377467888e+01 3.244079540185553867e+01 3.481775737147562921e+01 3.894256897592280353e+01 4.207025785391162032e+01 3.775642217881632945e+01 3.775642218616351187e+01 3.394630873637984081e+01 4.129449034064170121e+01 3.946123764632776698e+01 2.950823899537300576e+01 3.226578467428055319e+01 2.297322478647602750e+01 2.477863273839758307e+01 2.173432841335762689e+01 1.219814192677306863e+01 2.035215173021309099e+01 2.440781812465426270e+01 2.584114026247702967e+01
1.349999999999999985e-02 7.084567811865484899e+00 1.708456781186555062e+01 2.549196899901923175e+01 1.600622991307269771e+01 1.560731027383227065e+01 1.526239354793699476e+01 2.418636041242388401e+01 1.858652431666340021e+01 8.690813769167050395e+00 1.278614801355552366e+01 1.855508786095762730e+01 2.849590360084857821e+01 3.170306315760551641e+01 2.199373567077384806e+01 3.170306315760551996e+01 3.166219991165518266e+01 2.326817608541733051e+01 3.081175313761214696e+01 2.247482882156979400e+01 2.485958283968607674e+01 3.258400807928184406e+01 3.591793729191372364e+01 4.006975109989642903e+01 4.515927373895459596e+01 4.431271002230403866e+01 4.548186192540770634e+01 4.130859578494511197e+01 3.247534362787244078e+01 2.266547726335194213e+01 2.477863241994348797e+01 1.530307148255359984e+01 1.370271058175895540e+01 2.173432841335762689e+01 1.727225465572692542e+01 2.271058071601194328e+01 3.252409202262320065e+01
1.359999999999999924e-02 7.085976225142228024e+00 1.710216247887404961e+01 1.849276772912785916e+01 1.454711852193097421e+01 8.750049195270626967e+00 1.842873400147271568e+01 1.964681822906026198e+01 1.042941263426021337e+01 7.237772381207515870e+00 1.724416225623854615e+01 2.685483521168281840e+01 2.852530384602104618e+01 2.444076282282322765e+01 1.875145570700623665e+01 2.853777798296642843e+01 2.664315314455971517e+01 1.702342106273516364e+01 2.353399532512615622e+01 1.672286071554201570e+01 1.959373298149504450e+01 2.259992744447881918e+01 2.593140900310532260e+01 3.093037949962014110e+01 4.094483262379088728e+01 4.581541376525120768e+01 4.078378643287402383e+01 3.100046501138467647e+01 2.943845004184906244e+01 1.968530000723880136e+01 1.769297699197473506e+01 2.315269827907399858e+01 1.370271058175895540e+01 2.035743446740982776e+01 2.685826579838385086e+01 2.685826250198511289e+01 3.669364624599112545e+01
1.290000000000000001e-02 1.001289999999996283e+01 1.058985467709561767e+01 1.415830084651017629e+01 4.681032787428743625e+00 1.265203312219574450e+01 1.327649764890737494e+01 1.203651520261301044e+01 1.390470680793271363e+01 5.819068601501431459e+00 1.583531337401834804e+01 2.489111817941051541e+01 2.444063559914190975e+01 1.456152480546797356e+01 2.088215922188259199e+01 2.498332189207783216e+01 2.093843018768323816e+01 1.249732426613719660e+01 1.357924413737067404e+01 2.353370376095676519e+01 2.822315507736222884e+01 3.235408767086413206e+01 3.591793729191372364e+01 4.006975115673763099e+01 4.504934464324906429e+01 4.168348798477888550e+01 3.137963976296633462e+01 2.629189156519791482e+01 2.287821403899617323e+01 2.625147915326580517e+01 2.721902164038632321e+01 2.458304353767925576e+01 1.515962072186836096e+01 2.465278005831216035e+01 3.420330749629634681e+01 3.678156891305650333e+01 3.633066090948174320e+01
