output/example/elevation_average_000019.asc
nrows	75
cellsize	133.333333333
xllcorner	0
ncols	75
yllcorner	0
NODATA_value	-9999
[rows 34 to 50 of 75, columns 0 to 36 of 75]
3.337042190676853259e-01 3.237597543383479604e+01 6.689107492756731688e+01 1.156156951466578988e+02 2.033241478154463948e+02 2.204597745372663269e+02 1.564140102088354638e+02 1.724049882616446041e+02 2.326032117488340418e+02 2.028661786699897220e+02 2.035790530814452950e+02 1.395544603717885082e+02 1.605678504223740788e+02 1.825171100273826710e+02 2.424141539765836626e+02 3.222861138121667750e+02 3.693749710457881861e+02 3.434010499010848321e+02 3.154849575466105307e+02 2.586128253658845892e+02 2.590066666870268932e+02 3.293272798455589623e+02 3.542363195641675020e+02 3.526914028892388160e+02 3.808461688971887042e+02 3.518161874937576954e+02 3.277166430180293446e+02 3.859025125644121772e+02 4.058903943664195140e+02 3.388832372034297009e+02 2.819550551229447706e+02 2.339836071725524391e+02 3.144628088182250849e+02 3.007268671554504067e+02 2.138254181631083668e+02 2.935260972906128814e+02 2.510011197109204488e+02
7.136489310454718904e-02 9.483222195811525523e+01 1.560941458146873231e+02 1.929832783154955393e+02 2.340923811437380095e+02 2.568889298137138439e+02 2.381693542613538170e+02 2.571441426524646658e+02 2.897415744596247578e+02 2.857086541060717195e+02 2.267300476051960061e+02 2.261571373561139353e+02 1.876544484692263097e+02 2.660855099659686971e+02 2.205912644857164651e+02 2.603302645172745429e+02 3.149037076262931123e+02 3.893378075408913332e+02 3.581936924226732231e+02 3.309178465430256324e+02 3.389361502131710040e+02 2.947301665977231551e+02 3.006732788724897318e+02 3.538496330186099499e+02 3.889205552145579645e+02 3.787585751660372466e+02 3.575816178658110402e+02 4.195320379428032993e+02 4.217864045474221371e+02 3.752783732739949869e+02 3.392489812227183279e+02 2.687000021198045374e+02 3.439058866712067584e+02 3.128681462898488235e+02 2.265591454319046250e+02 3.128697270819157552e+02 3.356501512049591156e+02
9.059049790830050464e-01 6.817748549210652698e+01 1.586222801152539716e+02 1.999663173695690546e+02 1.890684245407190645e+02 2.683217924394577381e+02 2.767708858424467735e+02 2.519390276236216266e+02 2.603276063591483194e+02 2.917930346471250118e+02 3.081560618176462185e+02 3.031670150598184250e+02 2.499156657755848414e+02 2.567486413792212261e+02 3.022460870228854901e+02 2.828940405895380650e+02 3.585287786928095102e+02 3.772015288803811472e+02 3.480434193482722094e+02 3.649118682827896123e+02 3.771427880330076619e+02 3.521367874806678628e+02 3.753254742579670733e+02 3.333498187020060186e+02 3.280126827248687960e+02 3.176411990411186821e+02 3.737000990805671563e+02 4.211808694335669543e+02 4.123342474442238199e+02 4.007866169530861953e+02 3.536785287840874048e+02 3.126192274342751034e+02 3.720616137653259443e+02 3.081673016184667517e+02 2.474218743858394873e+02 2.503072662246619302e+02 3.358101607834229299e+02
3.236511337782697062e-01 9.508516821352284865e+01 1.560305620800386350e+02 1.119520561318112755e+02 1.817425420701479766e+02 2.625356231704104175e+02 2.293041711821832678e+02 1.663449005026060377e+02 1.751913110043181234e+02 2.449516080368904341e+02 2.805731857017257767e+02 3.179093540435924297e+02 3.286687244323052823e+02 3.364306847613365790e+02 3.664684234891690267e+02 3.605220287704526072e+02 3.845921893753595668e+02 3.344970979343805197e+02 2.706044161397916810e+02 2.849912165157979302e+02 3.621354210661348816e+02 4.041717914024022207e+02 4.095969332151303774e+02 3.940052013610849144e+02 3.949826498577845655e+02 3.958183453418809563e+02 3.549531012261514320e+02 3.931444276782284533e+02 4.280021448265247273e+02 4.004504494313084706e+02 4.041868626477953512e+02 3.631395526200516883e+02 3.992444703061227642e+02 3.454521579989608995e+02 2.702784451204778406e+02 3.358653672880565182e+02 2.746541971948454375e+02
7.051176975622763798e-01 9.543784547492482773e+01 6.521414468175485979e+01 1.558959511563429317e+02 2.269710838138277893e+02 2.509470668022486279e+02 1.946025132360377938e+02 1.068455330841564290e+02 1.750849071086256856e+02 1.606283174795411526e+02 2.355855200971858494e+02 2.383131546612550551e+02 2.912387948532003747e+02 3.241708140097043156e+02 3.310906722781084000e+02 3.616364630714358555e+02 3.164361940932107018e+02 2.797672560226751557e+02 2.197688484188921620e+02 3.014609844052342851e+02 3.328377590089460227e+02 3.476683950870413469e+02 3.630083921279329502e+02 3.898870423687378093e+02 4.107227518183303800e+02 4.390840437697449374e+02 4.305885276938322477e+02 4.492345727867451046e+02 4.120746910189158143e+02 4.357540483053507501e+02 4.038288789937009824e+02 4.287391235393472471e+02 4.093351081778980074e+02 3.347930241796244673e+02 2.981890108793095919e+02 3.758791701567913606e+02 3.588882648835796658e+02
2.762602726440547274e-01 2.639051444027627369e+01 1.196672173405751352e+02 1.848199077767464189e+02 1.958771046531707043e+02 1.890068958701633903e+02 1.343970897645929767e+02 7.528676255518769267e+01 8.462864274794388564e+01 1.601495193870059950e+02 1.905500292502158288e+02 1.722454679977690830e+02 2.537802569455781452e+02 2.433864985001956711e+02 2.498143789419630423e+02 2.996781769198419170e+02 2.674778169721091103e+02 2.000977022185898306e+02 2.845864556058305084e+02 2.416863621296510587e+02 2.574168327713849180e+02 2.740905706441290590e+02 2.923224841064576935e+02 3.131204422224498671e+02 3.356784057359064946e+02 4.114803659932236428e+02 4.749750879890615920e+02 4.984833537962104515e+02 4.541454734139801417e+02 4.101143171995030343e+02 4.483104373495404502e+02 4.655849722208171784e+02 4.166231618037951989e+02 4.013441268285938008e+02 3.314195299945770898e+02 4.063450030394764667e+02 3.827767923080471064e+02
1.850613594792993588e-03 9.627896085639273238e+00 1.035659217440958599e+02 1.248120500342483297e+02 1.108331275728409508e+02 1.419968550223925376e+02 6.257014082585421022e+01 1.529284841381654871e+02 1.751008730121504868e+02 9.799772060773335625e+01 1.075916541522773429e+02 1.894522197450979206e+02 2.189173572489055744e+02 1.792960196849103909e+02 2.400616527176511852e+02 2.506577076781085793e+02 1.819717240884997693e+02 2.672026239393982223e+02 2.607776765395427105e+02 3.225281410359274332e+02 3.257347927308402404e+02 3.207470463871746915e+02 3.679532365930230640e+02 3.577607688601758582e+02 4.106619007641254484e+02 3.750117456268628189e+02 4.244602364423009817e+02 4.934637785285702307e+02 5.096150992384594360e+02 4.823976467460725530e+02 4.926991415730311132e+02 4.892132961707616232e+02 4.631232679397289758e+02 4.340615540538727259e+02 3.797876406559856264e+02 4.402852248754682591e+02 4.602707144463778377e+02
5.933543570421615510e-01 9.532394014378800762e+01 2.280490993703889657e+01 3.192584736917817523e+01 4.095007312661685717e+01 4.991585999408765417e+01 1.167060769888504268e+02 1.894087803657517952e+02 2.216209911666811365e+02 1.509651766105324668e+02 1.968517055279920953e+02 1.213953056144519422e+02 1.314475279637764515e+02 1.421526540340656197e+02 1.532301376438890941e+02 1.644301050104343176e+02 2.508917378384630297e+02 2.997798931077172711e+02 3.407232488460786612e+02 3.486431648812364870e+02 3.918049630462737127e+02 3.976267338898792332e+02 4.261359315396584861e+02 4.318592385487467595e+02 4.599822468817440040e+02 4.478855106105678487e+02 4.516743046788403717e+02 4.884181420282920385e+02 4.902931949813112169e+02 5.034961784669511076e+02 5.239433380961703506e+02 5.040829985498102133e+02 4.539088754567258661e+02 4.403179931528922566e+02 4.246278184637110371e+02 4.686487713267451340e+02 5.135499375782060270e+02
5.242591108685094037e-01 9.419102453529239938e+01 1.160745878387455150e+02 1.248280366885967965e+02 1.335070848045106686e+02 1.420856103956549532e+02 1.776116856789300869e+02 2.390698743149941663e+02 2.635954737841242377e+02 2.145523842661984020e+02 2.432069929600089324e+02 1.794769967719865917e+02 1.567508174113997086e+02 2.295012047191592046e+02 2.389493183137523715e+02 2.505354428640748381e+02 2.019373835339105767e+02 2.484981855602851226e+02 3.043728696926761472e+02 3.817563964410847461e+02 3.848868324423891636e+02 4.054838076082188536e+02 4.170552151307589952e+02 3.886148072579828181e+02 4.175362927433358209e+02 4.521753639771574171e+02 4.752712440866467318e+02 4.798102143180284429e+02 4.420568784945701282e+02 4.465901912210381965e+02 4.893831946304912321e+02 4.790044347662139899e+02 4.422196668704007152e+02 4.359073878637255461e+02 4.465324904690588710e+02 4.863219422371647624e+02 5.396252061341745048e+02
2.245761403057450201e-01 9.497811048406227030e+01 1.329805818189926185e+02 1.530773027871134957e+02 1.743223517354165324e+02 1.970940487946200506e+02 2.219257859398412904e+02 2.507041488934581253e+02 2.705567271699994194e+02 2.859889791814788396e+02 2.934054444497808731e+02 2.617479005123141746e+02 2.068323120594365889e+02 2.027380681558629192e+02 2.867448583130933457e+02 3.176222364010250203e+02 2.631685103078880843e+02 2.645469829141595142e+02 3.429930548460425257e+02 3.646347275627555860e+02 3.251635798525192627e+02 3.334110279990897538e+02 3.790597503593002102e+02 3.117844883261677751e+02 3.499595503549863906e+02 4.193075547264380134e+02 4.190808946730995785e+02 4.451702916217670918e+02 3.907767183456238627e+02 3.956907504401602296e+02 4.423962025629490427e+02 4.160780602265601260e+02 4.755561194177670927e+02 5.042056103029274254e+02 4.958890080828876421e+02 4.760166053653101699e+02 5.085180909582326194e+02
6.918070203250719086e-01 2.076583347628760734e+01 4.096397120598456354e+01 6.216481463300873145e+01 8.468339371185436448e+01 1.089504593925332046e+02 1.357057684519056693e+02 1.661217216671210224e+02 2.159331707027038476e+02 2.751744830705104050e+02 3.536455821312358694e+02 3.211337480747819768e+02 2.689197194324287352e+02 2.637658663692986920e+02 2.699381654987359411e+02 3.487381649851627117e+02 3.434272664421832815e+02 3.450190132714076867e+02 3.752398365536885194e+02 3.270799386717866923e+02 2.607619636154823297e+02 2.727907242969949948e+02 3.154128086957630330e+02 2.706641138763350796e+02 3.165156322367778898e+02 3.929589484921994540e+02 3.597060899814251229e+02 3.987491775786625681e+02 3.512817020739897771e+02 3.724826581110981465e+02 3.709484539633230611e+02 4.190660115900224127e+02 4.583151281629845357e+02 5.044296033966352297e+02 4.572908076148434020e+02 4.130665411735317321e+02 4.541617925956705335e+02
7.517111381045206153e-01 9.549167871120471318e+01 1.330367432265186949e+02 1.530648831848869520e+02 1.743323190312839301e+02 1.971805795365236520e+02 2.222615906784375284e+02 2.508850280195714788e+02 2.835992441128022392e+02 3.120285492699426300e+02 3.389249186941888752e+02 3.516368242106870525e+02 3.386276042331686540e+02 3.429891846377100251e+02 3.496223567931752996e+02 3.287010724915118089e+02 2.999021577589274443e+02 3.163385599907753090e+02 3.134073178780845410e+02 2.819446717337640393e+02 2.128748116883918158e+02 2.236319047931154671e+02 2.346916592747128618e+02 3.160519896097594597e+02 3.626182990498006689e+02 3.669193559594726821e+02 3.107183704851133825e+02 3.270452577795061870e+02 3.978508853062843968e+02 4.195351084498889804e+02 4.230404614759210631e+02 4.055414246816556556e+02 4.445337918411652822e+02 4.663697226672682632e+02 4.306114201179021848e+02 3.649365242455993439e+02 4.316182114597535815e+02
8.558244295687547076e-01 9.558612424428038423e+01 1.305978968127293172e+02 1.491841952732451659e+02 1.685983353334962658e+02 1.891482534673655778e+02 2.112985743762172604e+02 2.355777946671605605e+02 2.632581566257413215e+02 2.321228731716859670e+02 2.948757125111397386e+02 2.955675676110494692e+02 2.872241857043553068e+02 3.218898615246273494e+02 3.154353950236603055e+02 2.829473161700090600e+02 2.169644731266888869e+02 2.344260976527830280e+02 2.681636134366021906e+02 1.980044239403776487e+02 2.819441454746938120e+02 3.055292375524251725e+02 3.158438385599220624e+02 2.523075152887242893e+02 3.320990879072525672e+02 2.902174562282651209e+02 3.669876483729834717e+02 3.983978925591879374e+02 3.871514538851141651e+02 3.899264942635734883e+02 4.095055920799200067e+02 3.587391896054916742e+02 3.884706980098765712e+02 3.924362787383251430e+02 3.903498599902973751e+02 3.346929436741802988e+02 3.579394230913334241e+02
8.802730031229742957e-01 1.969401862641526435e+01 3.854145981858550840e+01 5.816297550078564171e+01 7.871627891710052438e+01 1.007102473711892827e+02 1.242719000528497446e+02 1.502179120883884877e+02 1.799664930991216920e+02 2.609743555614763864e+02 2.932523947552539880e+02 2.766352357330387690e+02 2.183089248007960066e+02 2.739149491535625316e+02 2.337198009924095459e+02 2.375567671036950514e+02 1.642425437017684260e+02 1.739922001629027477e+02 1.837406608955817831e+02 2.602095072397055446e+02 2.442885566840517981e+02 3.233339375599992422e+02 3.622339417411726004e+02 3.323004477189390968e+02 2.706043772334955406e+02 3.464995070355323605e+02 3.735710882989286006e+02 4.150975594291812740e+02 3.844381107562509783e+02 3.376038211948642243e+02 3.720069942331576840e+02 3.013209896780640520e+02 3.323936541694677658e+02 3.696926511626735419e+02 3.106993534156734995e+02 3.903694756101969006e+02 4.323887281499462460e+02
1.825126015476009611e-01 9.485873525549614271e+01 1.306795149967268799e+02 1.491901926666609484e+02 1.685951561350009342e+02 1.854565057243439128e+02 2.112593594673488155e+02 2.277329420765450436e+02 2.499266014957378275e+02 2.339765912878679615e+02 2.278485575417044231e+02 2.392929666093598939e+02 1.630110821566937034e+02 1.950204463458898090e+02 2.242914024198677225e+02 1.506894837907748013e+02 2.375726876805042309e+02 2.407013031948973207e+02 2.405756455455323817e+02 2.591390672541718914e+02 3.212096730928838610e+02 3.031746334751456402e+02 3.807718946542632352e+02 3.787594732093129437e+02 3.280645785027861621e+02 3.506572493266327228e+02 3.902421332628723576e+02 3.790151082406347882e+02 3.340315048477501705e+02 2.778228464198248275e+02 3.256025491017676927e+02 2.596200820043139288e+02 2.738173696126317509e+02 2.886679927786364033e+02 3.699980350118379420e+02 3.995818856238053627e+02 4.056709226070600494e+02
2.234715563764334556e-01 9.042390379874754558e+01 1.551744138163848561e+02 1.227354919509909763e+02 1.302463295617484391e+02 1.661002917640470002e+02 2.290286595477139144e+02 2.631629135024002721e+02 2.156149352661471141e+02 1.551603317401998368e+02 1.591405112863733109e+02 1.968783339901536635e+02 1.191699336134157505e+02 1.273627510134892020e+02 1.371410093498378444e+02 2.248051502854114290e+02 2.705453735371220318e+02 3.189625701662463371e+02 3.215803544156955240e+02 3.380286587252619483e+02 3.706104486475330191e+02 3.740347861975201909e+02 4.102509794347877801e+02 4.117547259117554290e+02 3.767225227176884914e+02 3.645988661813445333e+02 3.700839865213257553e+02 3.102131450991573729e+02 2.870574602423334341e+02 2.290046701676287171e+02 2.414721007607998331e+02 3.258140857520162399e+02 3.559585201564793238e+02 3.697236157561342793e+02 3.717184423656963759e+02 3.255867312531680113e+02 3.264702054801862801e+02
8.205654311753158847e-01 9.555414496137225910e+01 1.106968583070197383e+02 2.935482750284855769e+01 3.767726918439423400e+01 1.072763620952048171e+02 1.768925761168498241e+02 2.048701433524429092e+02 1.534496984279599587e+02 9.162412354115660662e+01 9.968308530362682518e+01 1.077502605426926436e+02 1.970447411570706606e+02 2.152919847946341179e+02 1.495132310132432281e+02 2.361698584423886871e+02 2.398528484179896054e+02 2.974561740769598259e+02 3.745783239417313553e+02 3.821622248237376880e+02 4.104395673212420093e+02 4.140393724911755271e+02 4.147943488607631366e+02 4.005281177981410679e+02 3.477384776088835565e+02 3.073460588065012189e+02 3.160859832766370801e+02 2.714824149860385774e+02 2.121275885761596101e+02 2.743239148640552116e+02 3.254182113768888485e+02 3.580980978251743068e+02 3.737087195163711044e+02 3.421781192124535096e+02 3.357872241490162537e+02 2.558806081708000022e+02 3.143921425150579694e+02
