output/example/elevation_000006.asc
nrows	75
cellsize	133.333333333
xllcorner	0
ncols	75
yllcorner	0
NODATA_value	-9999
[rows 34 to 50 of 75, columns 37 to 73 of 75]
5.935448144474929677e+02 5.975498120944852189e+02 5.977739931633583410e+02 5.998658014676708490e+02 5.997674242023920215e+02 5.999702389745150413e+02 6.000104495291503781e+02 6.000156987925373642e+02 6.000291156449889058e+02 6.000241695468637317e+02 6.000157308166067196e+02 6.000133667110236502e+02 6.000108578544428610e+02 6.000086032689589501e+02 6.000100080483122156e+02 6.000119075400377824e+02 6.000099578510528318e+02 6.000104070974425667e+02 6.000128674775479567e+02 6.000155815746502412e+02 6.000038642074283644e+02 6.000158469800213652e+02 6.000094473667758166e+02 6.000036574734094756e+02 6.000102172116893371e+02 6.000073285843255917e+02 6.000152646308301883e+02 6.000141249567635668e+02 6.000153459987427595e+02 6.000144228622473292e+02 6.000186924894238700e+02 6.000184169514741370e+02 6.000183675589358927e+02 6.000183675619638279e+02 6.000204284734309113e+02 6.000185043468576396e+02 6.000251317825221804e+02
5.976270341952537137e+02 5.994500032831172120e+02 5.998601956538739159e+02 5.997882235230616743e+02 5.999975167952578659e+02 5.999942395334479670e+02 6.000107593090631326e+02 6.000253537690629173e+02 6.000386535638712076e+02 6.000267192235070297e+02 6.000188267751611875e+02 6.000201111118572044e+02 6.000093238384800998e+02 6.000084140320037704e+02 6.000103188093739845e+02 6.000088982825609492e+02 6.000103349561892401e+02 6.000072173096372126e+02 6.000038502742360151e+02 6.000055296445418662e+02 6.000035995032109213e+02 6.000060701992005079e+02 6.000035892868361316e+02 6.000036195521403215e+02 6.000038612315195223e+02 6.000100468201546846e+02 6.000140752146154455e+02 6.000133530793784757e+02 6.000125643184792352e+02 6.000164446477997444e+02 6.000227216456730730e+02 6.000217754406372705e+02 6.000192868309876530e+02 6.000185251481467503e+02 6.000247195993395053e+02 6.000202804833432992e+02 6.000201421521876455e+02
5.997537353149294859e+02 5.997916992447873099e+02 5.999918563177744772e+02 6.000051801976877641e+02 5.999978266325410914e+02 6.000144931031840088e+02 6.000181577367779937e+02 6.000183228967822515e+02 6.000185248225127452e+02 6.000145060924937752e+02 6.000141447119216309e+02 6.000185641291428738e+02 6.000118803316588583e+02 6.000085771568940345e+02 6.000075086917755698e+02 6.000109277345605960e+02 6.000085149638790654e+02 6.000045550486295269e+02 6.000035929909504375e+02 6.000035876107361901e+02 6.000035876135633544e+02 6.000035876313619383e+02 6.000063566400799573e+02 6.000047511920281522e+02 6.000093795339510052e+02 6.000148598681979593e+02 6.000126438780841909e+02 6.000100980689804828e+02 6.000151242315956779e+02 6.000140514117941848e+02 6.000147367332693875e+02 6.000236736440809864e+02 6.000327992555647825e+02 6.000264287633882532e+02 6.000375064291681610e+02 6.000272790751353114e+02 6.000324644645486387e+02
5.998607265389467784e+02 5.999965868166373184e+02 5.999998699772436339e+02 6.000189289259994894e+02 6.000163998552447993e+02 6.000159442825199676e+02 6.000141654064010481e+02 6.000169626595990167e+02 6.000156157034864464e+02 6.000139360402505417e+02 6.000148552946494647e+02 6.000256228907899185e+02 6.000195435636767343e+02 6.000088582864393629e+02 6.000122309058812107e+02 6.000052183546732749e+02 6.000050238957236388e+02 6.000035877767844568e+02 6.000035876096552556e+02 6.000049074833335681e+02 6.000050035794440646e+02 6.000044457398395252e+02 6.000138102311041166e+02 6.000107633406702234e+02 6.000136916931578526e+02 6.000133361244174921e+02 6.000075270204818025e+02 6.000141527640497543e+02 6.000132691066737607e+02 6.000142729209794652e+02 6.000215896178777939e+02 6.000377043284944421e+02 6.000329577801362575e+02 6.000256125050286755e+02 6.000371674727824711e+02 6.000309138400671145e+02 6.000398943601639985e+02
5.997968781741863040e+02 6.000008384325419684e+02 6.000088665002070911e+02 6.000150947169440769e+02 6.000148312245335092e+02 6.000189752274891362e+02 6.000172343435706352e+02 6.000139408769508691e+02 6.000156934573549279e+02 6.000139359879600534e+02 6.000150235475318823e+02 6.000229875027854405e+02 6.000199448376354212e+02 6.000210171515830098e+02 6.000061536469455632e+02 6.000035900849750305e+02 6.000035877081612625e+02 6.000035876097741721e+02 6.000042555445298831e+02 6.000035878072560536e+02 6.000036102706724250e+02 6.000052280233439888e+02 6.000143410509875821e+02 6.000081868882215304e+02 6.000066408720788331e+02 6.000061564974990915e+02 6.000082554391635767e+02 6.000124036115970512e+02 6.000149355915555134e+02 6.000218530006569608e+02 6.000360381179174283e+02 6.000327189893140485e+02 6.000213745661480971e+02 6.000203821602398193e+02 6.000219303990074877e+02 6.000205159035083398e+02 6.000219635364303485e+02
5.999926267613651589e+02 5.999896855687759398e+02 6.000101370508184573e+02 6.000115782093183725e+02 6.000074965690577073e+02 6.000135577639510984e+02 6.000187574467820468e+02 6.000159310046805103e+02 6.000139359751769916e+02 6.000154674993964363e+02 6.000188078644407597e+02 6.000176531862119873e+02 6.000145956288411071e+02 6.000189441326554061e+02 6.000170222117498042e+02 6.000049111982186787e+02 6.000061652337188889e+02 6.000035876108686352e+02 6.000050369463494917e+02 6.000035892049630775e+02 6.000043225001012388e+02 6.000126772486124764e+02 6.000166134990522551e+02 6.000068360179277533e+02 6.000061226548270952e+02 6.000061224160747315e+02 6.000061224326599358e+02 6.000061748623634230e+02 6.000095085582732963e+02 6.000279963445188969e+02 6.000311307636466154e+02 6.000309816519628612e+02 6.000298535053107116e+02 6.000206375089840094e+02 6.000189825480983927e+02 6.000235552166127491e+02 6.000267168707483734e+02
6.000059524282694383e+02 6.000062111543153378e+02 6.000115571035561288e+02 6.000050396337235270e+02 6.000033975281513676e+02 6.000083538587782641e+02 6.000161664921336069e+02 6.000174668883678351e+02 6.000148837539593387e+02 6.000196814211590208e+02 6.000139228493126211e+02 6.000138417225568901e+02 6.000162169186082792e+02 6.000241602133379502e+02 6.000169668788294075e+02 6.000086298633807473e+02 6.000037714035167937e+02 6.000035876270707149e+02 6.000047311593846189e+02 6.000046386352014451e+02 6.000049548912186310e+02 6.000141286829990577e+02 6.000089456550126670e+02 6.000065989266037150e+02 6.000061224133523865e+02 6.000072204631683235e+02 6.000061231121671881e+02 6.000061343555382791e+02 6.000126648521237485e+02 6.000179205007669907e+02 6.000195815488164044e+02 6.000228562561281933e+02 6.000258477610332193e+02 6.000194959779673809e+02 6.000166330641922059e+02 6.000182544464643115e+02 6.000199930858191237e+02
6.000056447097877026e+02 6.000022226645262435e+02 6.000059102817469920e+02 6.000050250804092684e+02 6.000020951427264890e+02 6.000026524185039989e+02 6.000047196854161484e+02 6.000157276151328460e+02 6.000230631426969694e+02 6.000159192352141417e+02 6.000138392083208601e+02 6.000152238547321986e+02 6.000139186978003636e+02 6.000169109097489581e+02 6.000165831970692807e+02 6.000117847235446789e+02 6.000066191688363233e+02 6.000035895980782925e+02 6.000069197614418499e+02 6.000112976093606676e+02 6.000095474828565330e+02 6.000093285954853854e+02 6.000061366533961973e+02 6.000061224133654605e+02 6.000061224187146536e+02 6.000078488825040495e+02 6.000118125699474376e+02 6.000126468776445563e+02 6.000064695800391519e+02 6.000087045295263124e+02 6.000189622006075751e+02 6.000183837093093189e+02 6.000231119742478541e+02 6.000181781112873978e+02 6.000128066472901764e+02 6.000200963166089423e+02 6.000203773490275125e+02
6.000019701484363850e+02 6.000019649300737683e+02 6.000021891637865110e+02 6.000019714528784789e+02 6.000023314159333268e+02 6.000040817617422135e+02 6.000138074007631985e+02 6.000156659809415487e+02 6.000162826169240589e+02 6.000138391468013879e+02 6.000139214646434311e+02 6.000178211477834793e+02 6.000166401410642720e+02 6.000144791420090087e+02 6.000158825385341288e+02 6.000152495000914996e+02 6.000105855152230561e+02 6.000037110505837745e+02 6.000112950877053208e+02 6.000068664495304347e+02 6.000062975463868042e+02 6.000087540831817705e+02 6.000061224142741594e+02 6.000067593190755133e+02 6.000061362922017452e+02 6.000062889173779013e+02 6.000100997437461956e+02 6.000232545665965063e+02 6.000146420148090556e+02 6.000085096398740916e+02 6.000117746114304964e+02 6.000212617301012870e+02 6.000219140614472053e+02 6.000187354050542581e+02 6.000088925933905557e+02 6.000168054380525291e+02 6.000219196498235306e+02
6.000057708009953785e+02 6.000032558555681135e+02 6.000019641286431806e+02 6.000036613902959743e+02 6.000071473408755764e+02 6.000141712997708510e+02 6.000155633894557923e+02 6.000161398705162128e+02 6.000153104674865290e+02 6.000138391467979773e+02 6.000151961316112192e+02 6.000199275381710322e+02 6.000180069322681220e+02 6.000163606395390161e+02 6.000209801390913071e+02 6.000144616456815356e+02 6.000062397668463063e+02 6.000128348309056037e+02 6.000199550381038307e+02 6.000124610120544730e+02 6.000092602880185950e+02 6.000061224766081978e+02 6.000061231772045858e+02 6.000097614044244665e+02 6.000079607926461449e+02 6.000118022390220176e+02 6.000225485333810411e+02 6.000199442763081379e+02 6.000172527051737461e+02 6.000177267839424076e+02 6.000212870201354463e+02 6.000189354341824810e+02 6.000170676642161425e+02 6.000186104721932452e+02 6.000150918055165903e+02 6.000044323010007474e+02 6.000155314570928340e+02
6.000051637563019540e+02 6.000019606339552638e+02 6.000019641281586473e+02 6.000019641599832312e+02 6.000019842161946144e+02 6.000048062660052892e+02 6.000121294375775278e+02 6.000153434517109190e+02 6.000139157220207835e+02 6.000138400062397750e+02 6.000138391475950357e+02 6.000145422918524218e+02 6.000176801384621967e+02 6.000200128816798042e+02 6.000258971340193739e+02 6.000192276514908372e+02 6.000141230401677603e+02 6.000279016956586702e+02 6.000160794319078832e+02 6.000072192461483382e+02 6.000061250902467691e+02 6.000092007202123341e+02 6.000093369715031031e+02 6.000062728890233075e+02 6.000122445508081910e+02 6.000233738026088304e+02 6.000268910199463335e+02 6.000155628791965228e+02 6.000148130461594747e+02 6.000197832840970023e+02 6.000177417697630062e+02 6.000099556844388644e+02 6.000171959042972958e+02 6.000199300202422137e+02 6.000154620912306882e+02 6.000029733636157516e+02 6.000161304201888015e+02
6.000017061038801103e+02 6.000021162387276945e+02 6.000019654543831393e+02 6.000035088504362193e+02 6.000038029721923749e+02 6.000113422133707672e+02 6.000161292556223316e+02 6.000150862327965342e+02 6.000169441771506627e+02 6.000162662160005311e+02 6.000138391500670423e+02 6.000138397005188153e+02 6.000139979310666831e+02 6.000215938091652106e+02 6.000248669146673137e+02 6.000241801436444575e+02 6.000274015783837740e+02 6.000284639398171294e+02 6.000217475213994476e+02 6.000115588305570782e+02 6.000061322379789317e+02 6.000132679252841399e+02 6.000173922218523330e+02 6.000083555321349422e+02 6.000123141975695944e+02 6.000247665111459128e+02 6.000239958759683532e+02 6.000130515311097952e+02 6.000061777164928571e+02 6.000129323836395088e+02 6.000112115652475495e+02 6.000051626075503464e+02 6.000192836481290897e+02 6.000204926265832910e+02 6.000110474835174728e+02 6.000024805222122950e+02 6.000062374123634754e+02
6.000021871052983897e+02 6.000065977907690922e+02 6.000022208476755168e+02 6.000092044547660635e+02 6.000126504970303358e+02 6.000143154210427383e+02 6.000207447439739781e+02 6.000172210764250167e+02 6.000175559239936547e+02 6.000138505329018699e+02 6.000162510512219569e+02 6.000147139815619539e+02 6.000201229332847106e+02 6.000233844780511845e+02 6.000215171338646769e+02 6.000245149864144878e+02 6.000269485767912556e+02 6.000255179335318871e+02 6.000088212898144775e+02 6.000062930142204323e+02 6.000110712507257631e+02 6.000090491230185989e+02 6.000191147771441820e+02 6.000176859605865047e+02 6.000185576081433965e+02 6.000266700396625765e+02 6.000239591527235916e+02 6.000140237735114397e+02 6.000033996006710595e+02 6.000031143780338425e+02 6.000030674600416205e+02 6.000102357910012643e+02 6.000201115347664427e+02 6.000053685345410486e+02 6.000163408488813275e+02 6.000049413808076224e+02 6.000023028194303834e+02
6.000042044792731986e+02 6.000151394079600777e+02 6.000091333450420734e+02 6.000067457336119787e+02 6.000110611940076524e+02 6.000075063220665470e+02 6.000179014147875023e+02 6.000282166803198152e+02 6.000160704252840560e+02 6.000140042315352957e+02 6.000230083377122128e+02 6.000284088007053924e+02 6.000259848269880649e+02 6.000245839540831412e+02 6.000215083461690710e+02 6.000231168051310533e+02 6.000220445652281569e+02 6.000250079227723745e+02 6.000163013044515310e+02 6.000066617087899203e+02 6.000150889147224689e+02 6.000183836796853711e+02 6.000218656589049715e+02 6.000197450947647440e+02 6.000160796626053070e+02 6.000180668326744353e+02 6.000149409940628402e+02 6.000055707101369080e+02 6.000122667175941160e+02 6.000044805672745269e+02 6.000030629656794190e+02 6.000056942049959616e+02 6.000080038002273568e+02 6.000030728160263607e+02 6.000072717750878155e+02 6.000057677222695247e+02 6.000024054600279442e+02
5.999912698892685512e+02 6.000082672431485662e+02 5.999963696324186913e+02 5.999733491594445240e+02 6.000001509552420202e+02 6.000118295066174596e+02 6.000159163523499046e+02 6.000260112978011193e+02 6.000314121796192239e+02 6.000262157513986949e+02 6.000325806845852412e+02 6.000264937865388220e+02 6.000217756010697485e+02 6.000232456431024275e+02 6.000215081805010868e+02 6.000215081804999500e+02 6.000238438849152089e+02 6.000263745740002150e+02 6.000187050081671032e+02 6.000075963740953284e+02 6.000192895648239073e+02 6.000331267634602455e+02 6.000218411037989199e+02 6.000180751538044888e+02 6.000201663926142146e+02 6.000126360814623467e+02 6.000094518961486756e+02 6.000155322667491191e+02 6.000180613183212017e+02 6.000122533827969846e+02 6.000057682551481548e+02 6.000030621995895217e+02 6.000035130006721147e+02 6.000030623522184214e+02 6.000059249343552210e+02 6.000037269910578743e+02 6.000022901958279817e+02
5.998676550976857698e+02 5.998913054500294493e+02 5.997193243769326045e+02 5.999857240141360535e+02 6.000062378229497426e+02 6.000218630754509377e+02 6.000218251411349684e+02 6.000328883218231795e+02 6.000195316703540129e+02 6.000185569003401724e+02 6.000221989080264393e+02 6.000291188902626800e+02 6.000241645671718516e+02 6.000215086360860823e+02 6.000234734671734032e+02 6.000216612428209828e+02 6.000284506542650433e+02 6.000208782786053234e+02 6.000109139804259257e+02 6.000183576959028642e+02 6.000308199983494433e+02 6.000262119934542397e+02 6.000198084821635121e+02 6.000235912044372526e+02 6.000194793741368358e+02 6.000195193266710021e+02 6.000162164983827324e+02 6.000157128485416251e+02 6.000121584625064770e+02 6.000076620724897793e+02 6.000030623050661234e+02 6.000030621972413201e+02 6.000030621972326799e+02 6.000030621972322251e+02 6.000032962478877607e+02 6.000022901875432808e+02 6.000028652725013671e+02
5.991142223685467343e+02 5.978730354369779434e+02 5.993634709282247286e+02 5.998338843503686348e+02 5.999973846691275412e+02 6.000049652684270995e+02 6.000192011939941494e+02 6.000188638474513709e+02 6.000080641261752135e+02 6.000083544413007530e+02 6.000108729213023935e+02 6.000270924476023993e+02 6.000325968072676233e+02 6.000215935124020916e+02 6.000288793153653160e+02 6.000283964587381433e+02 6.000355183888988222e+02 6.000254421662388040e+02 6.000174026629254058e+02 6.000167396759098892e+02 6.000268983276578183e+02 6.000306805580064520e+02 6.000214220855799567e+02 6.000304977142662892e+02 6.000295382196084120e+02 6.000251599576172339e+02 6.000181455979301290e+02 6.000129961422259157e+02 6.000061630917065258e+02 6.000030775025518324e+02 6.000054966434751123e+02 6.000051144464010804e+02 6.000042554744592280e+02 6.000030621972391600e+02 6.000045188180384912e+02 6.000022901875452135e+02 6.000023254763437990e+02
