output/example/elevation_000481.asc
nrows	75
cellsize	13.33333333
xllcorner	0
ncols	75
yllcorner	0
NODATA_value	-9999
[rows 0 to 16 of 75, columns 37 to 73 of 75]
4.848671216592824607e+01 4.848671216592823896e+01 5.252828525697854900e+01 5.263665223429968165e+01 4.973668359513045800e+01 5.108262338959310966e+01 4.697884898924115760e+01 4.825366260097958815e+01 5.236372511063888169e+01 5.605283697557293721e+01 5.185955751483091802e+01 5.185955751483091802e+01 5.000704451071499790e+01 5.419336260393401972e+01 5.537724536834818423e+01 5.119760804638913498e+01 4.989209134729665607e+01 5.406984970328499429e+01 5.365282808611048893e+01 5.827866797870639459e+01 5.394164402170910932e+01 4.974406793579186115e+01 5.394164402170910932e+01 5.546143459362230033e+01 5.248089986165180676e+01 5.359263229425446440e+01 5.781675794084629416e+01 5.573567415679294612e+01 5.573567510143603698e+01 5.995928579154688265e+01 6.878060853653835238e+01 6.463165292058147315e+01 6.878060853653835238e+01 6.934859650126838915e+01 6.822672618373994169e+01 6.531519757905391543e+01 6.531519757905391543e+01
3.867486288992105870e+01 3.867486288992105159e+01 4.848671216592823896e+01 4.278431700064414400e+01 3.990455246661826294e+01 4.539130587596518041e+01 3.714179951703920324e+01 3.841888664129146491e+01 4.825366260097958815e+01 5.185955751483091802e+01 4.178824314045886013e+01 4.178824314045886013e+01 3.995827459476164734e+01 4.838191225958680519e+01 5.119760804638913498e+01 4.123108766818686632e+01 3.994686788143142309e+01 4.830416651826347163e+01 4.201610877909079989e+01 5.163950598689601179e+01 4.890897449902469418e+01 3.970710503386506218e+01 4.890897449902227123e+01 4.537617952934213150e+01 4.243330801083159542e+01 4.352957390939675264e+01 5.143863319412535162e+01 4.565231500714843804e+01 4.565231500872029358e+01 5.573567468248341328e+01 6.400171098583541607e+01 5.526384507774705668e+01 6.400171098583541607e+01 5.969128569437808096e+01 5.864979076241825595e+01 5.588888886023372748e+01 5.588888886023372748e+01
3.138157307267843876e+01 4.154868699948638522e+01 4.772296107117251296e+01 4.278431700064414400e+01 3.286509476581638012e+01 3.705745137321460447e+01 3.135111390966865486e+01 3.841888664129146491e+01 4.825366260098063975e+01 5.431311587513869910e+01 4.473806282525088562e+01 3.466027018180775343e+01 3.412630246895704289e+01 4.387625995407552892e+01 5.165824518891123773e+01 4.415021389943674990e+01 3.424083217526997913e+01 4.415021390212839236e+01 3.553649328597252577e+01 4.654728625434221101e+01 4.472558648482846166e+01 3.463803967457432975e+01 3.968181307970140637e+01 4.386343691892831487e+01 3.532516291158683686e+01 4.182260865933436378e+01 4.140061905573882228e+01 3.860156787885451024e+01 4.565231497961291041e+01 5.573565328874978064e+01 5.994774899916426847e+01 5.079066116632727557e+01 5.563105639748435749e+01 5.316007369778906622e+01 5.487762401638472198e+01 4.951310986061479014e+01 5.585892695662004570e+01
2.800777407197487534e+01 3.361983145199867096e+01 4.366014037957650373e+01 4.471686696760014712e+01 3.705745137321460447e+01 2.705203823530291984e+01 3.705745137315525284e+01 4.327531640098286658e+01 4.898817464345760442e+01 5.012325038415578149e+01 4.004561784876577946e+01 3.420289135364112809e+01 2.954933629800732575e+01 3.969916650352930532e+01 4.417877293798090221e+01 3.742441672918371154e+01 3.124836765335787092e+01 4.101846311096331021e+01 3.067678676099732371e+01 4.180901233808442186e+01 4.204926607356479451e+01 3.786266816772146626e+01 2.947346392065933074e+01 3.968181283366775602e+01 3.166963292459915280e+01 3.166963292459915280e+01 3.426926513063229862e+01 4.434069257448125967e+01 4.859825104057438949e+01 5.867204024339409330e+01 6.400171098583537344e+01 5.563105639748435749e+01 4.650193994809138331e+01 5.190411021357414967e+01 4.559611914890140127e+01 4.858432362739692678e+01 6.018647591884182901e+01
2.508222675342074837e+01 3.252349147986929978e+01 4.264329074620141569e+01 4.061976525177148289e+01 3.066796591768801150e+01 2.482013476279378850e+01 2.919569378792320435e+01 3.499458674381176593e+01 4.488405307318592463e+01 4.774969239309471192e+01 4.364979577153516033e+01 3.716170895214881398e+01 2.698803118323208139e+01 3.409422968874181947e+01 3.408794950942034063e+01 3.028222958049720503e+01 2.837055185340414099e+01 3.758249326754200581e+01 2.715341090867397966e+01 3.778218033512863627e+01 3.610937330149795343e+01 2.764089874438124284e+01 3.786266647485410886e+01 2.947346392065933074e+01 3.968247737619892490e+01 3.166963292459915280e+01 4.182260865933437799e+01 4.851109872894306108e+01 5.319581649420757685e+01 5.820451308071837104e+01 6.380437033935259450e+01 5.443835190297631499e+01 5.190411021357414967e+01 4.265197136316676563e+01 5.179772018297924774e+01 5.632674334696010732e+01 5.483016356943809910e+01
2.276263683539792382e+01 3.322388224143038826e+01 3.580806425556461647e+01 4.000437055777640438e+01 3.286329993321538723e+01 2.266288195650623649e+01 3.265530454109810421e+01 3.518082737523043590e+01 3.933892929232079894e+01 4.364979577153300738e+01 3.382011266712721920e+01 3.669916019148841002e+01 3.409422968846219959e+01 2.386332117705996936e+01 3.128235846985775126e+01 2.438985294758673206e+01 3.454540782116856690e+01 3.471075098421250971e+01 2.417838793808211051e+01 3.439780914425069369e+01 2.589817268939993511e+01 3.610921333049561355e+01 4.190980278467185371e+01 3.542383685092372758e+01 4.387057163349350475e+01 4.176488094258355943e+01 3.544266339594145876e+01 3.902554272421666326e+01 4.400241992768875576e+01 5.401929714120202419e+01 6.096569106131797611e+01 5.173463949738223278e+01 4.529751673433666781e+01 4.099055417088984399e+01 4.148652984407706157e+01 4.818266887654819897e+01 5.411182444019914328e+01
2.067116299370436749e+01 2.839862301114846233e+01 2.532953195744621055e+01 3.580806425405086202e+01 3.152184549704961114e+01 2.066033013752527125e+01 2.800822846446968839e+01 2.554810983672039981e+01 3.528694554471430678e+01 3.554967441783976767e+01 3.147318214774918133e+01 2.692188571793709073e+01 3.669822897006647366e+01 3.130919061469436926e+01 2.090524439239781884e+01 3.130932374485708891e+01 3.868994571964609008e+01 3.730508526151508875e+01 3.310673547252854121e+01 2.417838793808211051e+01 3.439780914425064395e+01 3.447607331370878114e+01 4.473625077390683913e+01 4.561411832388156284e+01 4.996344275437387239e+01 4.946925515177410659e+01 3.995765132019284493e+01 4.902564925862758116e+01 5.319913325268463922e+01 5.823830372470231964e+01 6.062403036164866421e+01 5.663366553817110116e+01 4.889931692570996802e+01 3.934908020066722401e+01 4.889931692197751545e+01 5.653347993891240009e+01 5.855404295153118710e+01
2.839862301114846233e+01 1.794371383083879934e+01 2.595360231889675262e+01 3.025173521579643321e+01 3.515285553307960953e+01 2.864276692053599760e+01 1.791506083880717881e+01 2.864123133185339753e+01 3.274122928511902586e+01 2.908299997054085040e+01 2.151264331449237588e+01 2.739199342221077060e+01 2.820292237549150727e+01 2.882606791672930413e+01 1.929405954678992430e+01 2.984802770795441162e+01 3.182231055069924963e+01 3.183452595396900264e+01 2.283832525777550515e+01 3.309830705588850464e+01 2.417838793808211051e+01 3.455539141454936214e+01 4.020923786451189130e+01 4.697482536149946242e+01 5.157241563667690087e+01 5.406184249491188609e+01 4.699711636409933391e+01 5.413333868502054713e+01 5.877444106089302522e+01 6.277295284427832911e+01 5.663366553817110116e+01 4.742395787373091309e+01 4.757493540926802211e+01 3.776582221050200872e+01 4.757483876059687589e+01 5.206119575416169454e+01 4.937238432507589181e+01
2.356798708964883460e+01 2.436126377882540339e+01 1.538556825712038467e+01 2.534026953800385584e+01 2.819536614161094334e+01 2.487519668682658036e+01 1.634591505989130056e+01 2.702378961884704722e+01 2.910096720013999061e+01 2.193012555169790545e+01 2.641842681537074711e+01 1.682152242748616899e+01 1.751562982046944583e+01 1.822891346106618826e+01 2.882785136606684873e+01 2.055882872631595149e+01 2.146387207485528847e+01 2.146387207485528847e+01 3.183452596599898143e+01 3.718524289940098981e+01 3.455539141432329586e+01 2.666533326137464854e+01 3.713257871515109088e+01 3.609103380742969591e+01 4.379419856903813724e+01 5.490836361046078196e+01 5.707570273691283091e+01 5.745843404594573656e+01 4.973340089138182663e+01 5.745843404594573656e+01 5.812936001246964679e+01 5.012141879589970728e+01 4.064391625737806635e+01 3.615654502416484206e+01 3.956757208224069444e+01 4.281502477115089533e+01 4.937238432511323794e+01
2.189726918757560625e+01 1.224515129765169519e+01 1.974093933624099151e+01 2.070182935838836258e+01 2.305680051584965540e+01 1.446340595937527063e+01 2.377891924649408040e+01 2.468586929540209596e+01 2.884407088070955893e+01 2.548493835659866136e+01 1.590426402154921348e+01 2.641842681673594484e+01 1.832265353012409292e+01 2.874932072322328125e+01 3.303968356970276687e+01 3.101181771117924413e+01 2.395096687518944023e+01 3.183452595970355503e+01 2.885486381760586028e+01 3.903166676780705302e+01 4.154090942162909528e+01 3.713257871522778686e+01 2.938064651030096641e+01 3.997458465910514747e+01 4.769553743012898650e+01 5.230506146307934756e+01 5.883757852096723440e+01 5.244664686685194965e+01 4.455964427209558210e+01 4.887276395816794405e+01 4.887276395675534246e+01 4.858479216960898839e+01 4.464311783124936994e+01 3.615654502416484206e+01 4.196004262210722402e+01 5.073762069424337540e+01 5.206162988037052486e+01
1.172873195199761653e+01 1.210807712871079111e+01 1.245177722529757247e+01 1.280910337961689649e+01 1.280910337961689649e+01 1.322912937240659126e+01 1.373643906102704904e+01 1.425943713045671402e+01 2.466586005241422797e+01 1.501469405009661173e+01 2.202291529305609785e+01 2.247440604407922748e+01 2.880662035612109051e+01 2.575313675287232229e+01 3.610404352725971222e+01 3.832779456789091199e+01 3.415611017693609597e+01 2.759759802191824463e+01 3.774307985152346845e+01 3.903362029338097727e+01 4.916484830776505532e+01 4.441517266281455534e+01 3.997442558631603760e+01 3.272290560656551150e+01 3.644513788011566646e+01 4.276155972072599099e+01 5.500999408217598585e+01 5.535700604092120614e+01 4.618547108292860770e+01 3.931917165675532999e+01 4.530712833008387008e+01 4.301818417452070520e+01 3.419377539492091245e+01 4.463635550816221098e+01 5.005413666013495799e+01 5.134703413719267928e+01 5.735130739106245557e+01
2.032762829090283319e+01 2.194737392517897590e+01 2.240154361278360540e+01 2.303933888303414790e+01 2.302759588206274444e+01 1.741081420943847036e+01 2.408708005316916356e+01 2.468523238445193968e+01 1.501469405009661173e+01 2.547760747765143208e+01 2.700949656041445834e+01 2.895554221396165318e+01 3.358855241232598843e+01 3.334166263044373579e+01 3.334017832160341044e+01 4.277660590568391541e+01 4.190453883669639623e+01 3.349765034788629237e+01 3.218031605923832927e+01 3.931737627061910700e+01 4.930762010936417283e+01 4.925119108580766891e+01 3.841676961537468316e+01 3.887752652002905052e+01 4.769583718620499013e+01 5.230554715599951265e+01 5.780952282405638698e+01 5.440151345287070228e+01 5.274806787704213917e+01 4.530712833014203511e+01 3.507325235573590305e+01 3.226269547095812840e+01 4.290288877603342144e+01 4.324945041434323656e+01 4.705723027634208933e+01 5.040482759360676823e+01 4.844277379514865345e+01
1.220886598536714729e+01 1.296914142060953168e+01 2.313393842224832753e+01 2.864491296471602411e+01 3.173954209147671790e+01 2.347366611101324452e+01 3.142301406628941152e+01 2.946353300218371629e+01 2.548226563297006919e+01 1.653668462293680008e+01 1.653668462293680008e+01 2.409481608838241229e+01 3.477472624204088447e+01 4.281409669772657622e+01 4.277660518152350022e+01 4.661484717670110456e+01 4.770443395887090077e+01 4.354244440435554964e+01 3.802465866167434427e+01 3.931737627061910700e+01 4.930762010936417283e+01 5.370168491786109399e+01 4.378243694429639277e+01 4.972032892926353043e+01 5.417636767783392315e+01 5.846314066438117862e+01 5.318227533088116843e+01 4.571851123867950406e+01 4.668734279681470412e+01 4.433501980726496328e+01 4.115218049941294964e+01 3.094199814331679832e+01 3.966697298335444799e+01 3.369376172023940796e+01 3.701015838557596993e+01 4.058955351443385950e+01 4.761264082082995230e+01
2.239269736500685681e+01 2.313398466036449008e+01 1.417691905007088593e+01 2.451933484363621574e+01 3.006813009749908616e+01 3.348848115146387983e+01 3.723515767462571802e+01 3.422100512783029558e+01 2.391629884151328156e+01 1.769776724334646900e+01 2.707833590837151050e+01 3.103294222247746248e+01 3.541308826029335677e+01 3.711355009013632866e+01 4.696374834495808415e+01 4.664053033223132871e+01 5.070443909341314281e+01 5.218123935028324212e+01 4.800643298648660817e+01 4.930762010936417283e+01 5.348618195751920723e+01 5.912670177487233758e+01 5.471994522731895927e+01 5.912670177487233758e+01 6.201591144823881052e+01 5.453632151452450216e+01 4.552244627468113691e+01 4.003706476066253828e+01 3.692400324777610621e+01 3.411519992734798734e+01 3.145156544232154516e+01 3.894177523942300922e+01 2.928623049910845921e+01 4.035661497181159518e+01 4.706386615345173396e+01 5.040686543478325632e+01 5.446658676004680188e+01
2.943012125034884718e+01 2.865613765362662946e+01 2.451935855195035430e+01 1.552887140582028280e+01 2.594736625136012975e+01 3.034028016676917616e+01 3.861753182045220711e+01 3.844670572213219373e+01 3.246488188754380388e+01 2.825518602745837171e+01 1.948761661631497688e+01 2.088600113514623047e+01 2.699335128755346247e+01 3.480093625969706750e+01 3.892559147829548749e+01 3.679775506346947367e+01 4.406347628780222436e+01 4.746992340358134754e+01 5.149097385071841160e+01 5.678037845228933378e+01 6.115295963221670661e+01 5.714319523439294812e+01 6.115295823084731097e+01 6.457842292649146998e+01 5.534707089431287841e+01 4.930323847777899005e+01 4.544200873314328959e+01 4.933219572789973029e+01 4.669847863843510538e+01 4.439075268284857145e+01 3.894157896233043914e+01 2.780185996907074042e+01 3.894195844364313785e+01 4.444188764406410996e+01 5.082213181898546850e+01 4.914887321821549904e+01 4.739097636799394309e+01
3.333948790085113956e+01 3.282745611147361586e+01 2.267844710052814605e+01 1.653624531790745777e+01 2.129964617175859587e+01 2.918061243984044850e+01 3.874002156787015139e+01 4.316235936291146658e+01 3.232432018355274295e+01 2.458489499178959292e+01 2.997520626037697511e+01 3.127146908540991532e+01 2.293075281156019329e+01 2.459931196330973791e+01 3.480184286573420849e+01 3.092636108886818391e+01 3.418408211701834176e+01 3.776246237874028111e+01 4.338232325312986148e+01 5.282085124439949197e+01 5.646949954858126830e+01 4.790613813630572082e+01 5.646949133491658301e+01 6.025791213710106575e+01 6.201591144823881052e+01 5.554334401325729687e+01 5.053740500389601920e+01 4.688376749759709128e+01 4.297488536773415291e+01 3.977664346420271357e+01 3.674881074855860419e+01 2.686600622744053979e+01 3.803085375417921199e+01 4.680064621245835355e+01 4.124108510665073624e+01 3.953855049362373819e+01 4.645925398950043927e+01
3.785297975964278550e+01 3.678262112672123862e+01 2.804225428863865233e+01 1.761913013590583788e+01 2.786489353887921183e+01 2.980655788916519100e+01 3.106317976017083993e+01 4.326820057960028265e+01 3.907846760622611271e+01 2.981868998937110149e+01 3.903171932593492954e+01 3.318864542641783544e+01 2.293075281156019329e+01 3.320000670570352952e+01 2.701525733725393508e+01 3.029047077214343275e+01 4.036934611237992243e+01 4.746992962229450796e+01 5.149097639989513908e+01 5.589188786470126047e+01 5.181316221331302074e+01 4.317601530737675120e+01 5.175091651342259524e+01 5.082866536978351490e+01 5.765999668614789186e+01 5.242507711000604331e+01 4.042101802298849833e+01 3.610847357451014261e+01 3.210636280260563780e+01 2.865365885839864646e+01 2.557678941793264471e+01 3.675017404198973026e+01 4.212774107642915311e+01 3.732257145176123458e+01 3.366757210858872895e+01 3.861266630311058634e+01 4.551808345302048053e+01
