output/example/elevation_000014.asc
nrows	75
cellsize	133.333333333
xllcorner	0
ncols	75
yllcorner	0
NODATA_value	-9999
[rows 51 to 67 of 75, columns 0 to 36 of 75]
5.882205962523524567e-01 7.460514796921015268e+00 1.433462127481797665e+01 1.141877875252397416e+02 1.309208981646019936e+02 4.131985947838185780e+01 1.408964775968635195e+02 1.582287168380094329e+02 6.952798954006526344e+01 1.687347445597431772e+02 1.581425682614667778e+02 1.531755329047171585e+02 2.357675706114458194e+02 2.798453087883105468e+02 2.106916580121964842e+02 1.692103275085550820e+02 2.664825488466752859e+02 3.257034097578033425e+02 3.544943468058700091e+02 3.284754550882320245e+02 4.226806928797655587e+02 4.175781599554590002e+02 3.809745939580486151e+02 2.887606534073795501e+02 2.560999763012908375e+02 1.794992338071331233e+02 2.279701912832565824e+02 1.441066845314557270e+02 2.447045797565110661e+02 3.054776822666844964e+02 3.783794289326786497e+02 3.412131726427838316e+02 2.917305902044113850e+02 2.061949929034103945e+02 2.551265026570677890e+02 1.645749942446006742e+02 1.713196530608610431e+02
9.768667279832560224e-01 1.009767892140813785e+02 1.141877735098099578e+02 9.586738048140867363e+01 1.821199244250142613e+02 1.408966745490632491e+02 5.153396587857520927e+01 5.886998401343399223e+01 1.582287462830071831e+02 2.098302880749034216e+02 2.568133303832030379e+02 2.518332992191429582e+02 2.932360509424474913e+02 3.493119512296821085e+02 3.067592169196730083e+02 2.255989983146747591e+02 2.038709447902745353e+02 2.308698457872385177e+02 2.613153826470660306e+02 3.249998298542955695e+02 4.001036243537554924e+02 3.786010865243933949e+02 2.491416100805419660e+02 2.044032726117158916e+02 2.211064622776002579e+02 2.124272739611886323e+02 1.275728134516597549e+02 2.280105587117858761e+02 2.447045571776756390e+02 3.467214409301059845e+02 3.321984661548429472e+02 2.395936379159761032e+02 2.395924521901200990e+02 1.487289433866622232e+02 1.552216508898989673e+02 2.550146334706681728e+02 2.711673014340964301e+02
2.138324179527880675e-01 7.092451038180259104e+01 1.709242466279976895e+02 1.957016280173027098e+02 2.370406707453062438e+02 1.921734086518607967e+02 1.013132262998380071e+02 1.291682058585482480e+02 1.217765099485842768e+02 1.922033396510861678e+02 2.938919938361299842e+02 3.248642276636029464e+02 3.533830214378272103e+02 3.648671251776215172e+02 3.639076494143359355e+02 3.226739161100350657e+02 2.719713571190934545e+02 3.255000656224331124e+02 3.544909701570359175e+02 3.910239193959476438e+02 3.476033452282068197e+02 2.995171362136601942e+02 2.369155801118506304e+02 1.449837770092035214e+02 1.970147308471926522e+02 1.121930408612397372e+02 2.124975498709819703e+02 2.707916959311593246e+02 2.681533741191389026e+02 3.112725768031210123e+02 2.306945643498371226e+02 2.306896854207469119e+02 1.396364429001458802e+02 2.395924546990021042e+02 2.551087871123061745e+02 2.181546942629035470e+02 2.888070545423732938e+02
1.069909363418946047e-01 1.001069137215556850e+02 1.593530076982071648e+02 1.946587829528066038e+02 2.358303543762696961e+02 2.423115509071318172e+02 1.716506202834206078e+02 2.283879850388052546e+02 2.215331214440363965e+02 2.634686939065164779e+02 2.564961618038493611e+02 2.361962388021641743e+02 3.111974678224742661e+02 2.451564963071988927e+02 2.849547331558516703e+02 3.283749899996634554e+02 3.670940963964855541e+02 3.141443568216605513e+02 2.710918631621397026e+02 3.153284248849113283e+02 2.809744218434291838e+02 1.918703115271498234e+02 2.404535709206258218e+02 1.974310846575867231e+02 9.715203373238404083e+01 1.930452482985369045e+02 1.987356106593479126e+02 2.044575902639990659e+02 1.677913264080414137e+02 2.160305751041074416e+02 2.218847803312750386e+02 1.307012951753442849e+02 2.306897803661240971e+02 2.101056396400136634e+02 3.108017367095567920e+02 3.188941212141522215e+02 3.637071551661099988e+02
3.726996606557795300e-01 2.924021305529242198e+01 5.939134574925287069e+01 9.474663194126833332e+01 1.524734805175390875e+02 2.518699366220448610e+02 2.720286112573797936e+02 2.573525483656852657e+02 2.158839527341846747e+02 2.035897896222081442e+02 1.618460347182620183e+02 2.564316496904527298e+02 2.595038594125410327e+02 1.639656170505669195e+02 1.831016540507127957e+02 2.689667080031834416e+02 3.408554100869185959e+02 2.632927437928639733e+02 1.697381008844131145e+02 2.630223444472410392e+02 2.356823816500625526e+02 1.332977293081068524e+02 1.457953335686524383e+02 1.804074372247187910e+02 8.721691114314108972e+01 9.291110692573519714e+01 9.862792748798509024e+01 1.043695590130427320e+02 1.101472559682410264e+02 1.159919086134731003e+02 1.218648545799765657e+02 2.218868253955206171e+02 2.735100811934211720e+02 3.107983749397977249e+02 3.550672512419458826e+02 4.072092234116709051e+02 4.526030648609325340e+02
9.622267309149505898e-01 1.009621489723888743e+02 1.593530338749091300e+02 1.946587858980871033e+02 2.358303527482669040e+02 2.927949305158586526e+02 2.213951168346304712e+02 1.795091191411759439e+02 1.167421893346415658e+02 1.060421723834309660e+02 2.035897893330506747e+02 2.050573201530126823e+02 2.133482498933313707e+02 1.101110232153175161e+02 1.247978057105255232e+02 1.962333158391990651e+02 2.665584964423114229e+02 2.201495524494572749e+02 1.196812283941865331e+02 2.198698139535331393e+02 2.110215547442167008e+02 1.689062607413870865e+02 7.543751209002793701e+01 8.023702201217990648e+01 1.804078125544979798e+02 1.930456457307011249e+02 1.987387902204667682e+02 1.750343823121870059e+02 1.677913460537442347e+02 2.160333981112814001e+02 2.218856561455831979e+02 1.476163214307449891e+02 2.475724126659364686e+02 2.985492710496335462e+02 3.252840008726113865e+02 3.069795103084517791e+02 3.596155787850275374e+02
2.536103556318918262e-01 7.096428831934507286e+01 1.709640244786232586e+02 1.765254543137635039e+02 2.177515738526623466e+02 2.307138203253509516e+02 1.632538547696424303e+02 7.937291409811798815e+01 5.937039810702407294e+01 1.586328671511056143e+02 1.315721622412040688e+02 1.048300269875504966e+02 1.367859060529525266e+02 7.102609284814097634e+01 1.422158626592122630e+02 2.430136310554329668e+02 1.941164178959007813e+02 1.227982741291825874e+02 8.631742085005772935e+01 1.575291039515047942e+02 1.622333222398083024e+02 6.871832851232798589e+01 1.689032992215263107e+02 1.804071639444767641e+02 1.118704443881543682e+02 2.120862261512165787e+02 2.753536263511394395e+02 2.760540568649182092e+02 2.681656915365543341e+02 3.114120285068661929e+02 2.903858585348936003e+02 2.051876758791499071e+02 1.763984250584331903e+02 1.986917494508533082e+02 2.263236058058571984e+02 2.613939999262930201e+02 3.175269744434281733e+02
9.431841708974398886e-01 1.009431063031786806e+02 1.058095237802576492e+02 7.651277451030530585e+01 1.765254562093309119e+02 1.596094604666288319e+02 8.874948845950748932e+01 2.161251809548105740e+01 1.216779018682304354e+02 1.278910009673350885e+02 3.147252025819869203e+01 3.406877839955297560e+01 3.666859792325833922e+01 1.367859720699157720e+02 1.431336785400156089e+02 1.457681687176392415e+02 1.484064682861247491e+02 5.200134411497888465e+01 5.466066144686706707e+01 5.733159581931252546e+01 6.203745221350497729e+01 1.622333154466602991e+02 2.110293337637547779e+02 2.544269048980371508e+02 2.120861852185059888e+02 1.472300582038528489e+02 1.749726680595244090e+02 2.753529610391324240e+02 3.615883006981821950e+02 4.058974453614504796e+02 3.500657783470730351e+02 3.057082307178147289e+02 2.339183642765602826e+02 2.688447923035383269e+02 2.801318264744039084e+02 3.595832449322640514e+02 4.014215324730729435e+02
7.631321084887311423e-01 3.278172586508391273e+00 5.794218389707947559e+00 1.058095443887340110e+02 1.119222125883692058e+02 1.144596798644634816e+02 1.801145125889174992e+01 1.180650190692689563e+02 2.523750750877238502e+01 2.780345493543053692e+01 1.278910470350917450e+02 1.341771110432243290e+02 1.367859034080337892e+02 4.037167872746497466e+01 4.299375572465354622e+01 4.561855254568362028e+01 4.824610936171619358e+01 1.484066230057818814e+02 1.548479252559006625e+02 1.575303406267457262e+02 6.192807078253633080e+01 1.621591312741213642e+02 1.667993390679069989e+02 2.677194354365474283e+02 2.900303934598744604e+02 2.475302162251402081e+02 2.753535737305845146e+02 2.221528625408253959e+02 2.600190856515695828e+02 3.314129866359022571e+02 4.347937378724997757e+02 3.780107935849746923e+02 3.341254240033321139e+02 3.654546983881392634e+02 3.818861639032915605e+02 4.283501276938828823e+02 3.579459837986989328e+02
7.628124041380348608e-01 1.007627349283746270e+02 1.058095328519268179e+02 9.361992082995300279e+00 1.188818499385461536e+01 1.441772692612568463e+01 1.144596913407414007e+02 1.596096933439739303e+02 9.598656342676477493e+01 1.278910119881653316e+02 5.431401247998623916e+01 7.910415235857142591e+01 1.805221133393636990e+02 9.815141769941656946e+01 1.431333875571777696e+02 1.457684439729455903e+02 6.751007271854098235e+01 1.676764564529212578e+02 2.405348148121894951e+02 2.042732959449890018e+02 1.621591822021958933e+02 6.653440963102656269e+01 1.667993918172825261e+02 1.714574832857216222e+02 2.724921056776350383e+02 2.409668939026669818e+02 2.841722182856933614e+02 3.227512403688814402e+02 3.609087850101392974e+02 4.042592024710242526e+02 3.959871587973655096e+02 3.488108856439965848e+02 3.957020775196601790e+02 3.723240002863893778e+02 3.270395776469885618e+02 3.514248900161274491e+02 2.834835639238448266e+02
2.106757229907613160e-01 1.002104581183398437e+02 1.508612456982267815e+02 8.008617524433155666e+01 8.261617423548550221e+01 1.144596643998124819e+02 5.915217973275729690e+01 1.591598867154187076e+02 1.961544090067396269e+02 1.860252631536017702e+02 8.467405842880691580e+01 1.806814841159210800e+02 1.183567218700774362e+02 1.983517248481367403e+02 2.402676900196447889e+02 2.095886376417061570e+02 1.252965346739110402e+02 9.839763337475697824e+01 1.985761601816135169e+02 2.759812608914277803e+02 2.090105343192902581e+02 1.373829432136811306e+02 7.115817622355586991e+01 1.714589663154823427e+02 1.794877375081382240e+02 1.403105346975259238e+02 1.862246737237021819e+02 2.288908615435703950e+02 2.633013164512905746e+02 3.087267930266151552e+02 3.143600712028123780e+02 2.452963748460019815e+02 3.422465709587351057e+02 3.110743718905516744e+02 2.216226641884358912e+02 2.773575777845067023e+02 2.033247344725663197e+02
4.089467787567467871e-01 7.111961561312415370e+01 1.711161958014470486e+02 1.801337260714751096e+02 1.826730711089383306e+02 2.005728019100280903e+02 1.169006763874297263e+02 1.298673978146296122e+02 2.293424052685137440e+02 2.211572805614362949e+02 1.181697794499309140e+02 2.214158692648383351e+02 1.910450424089969488e+02 1.636066453732994148e+02 2.685435625163223108e+02 2.680666346866162826e+02 2.256201922531181481e+02 1.691805940277913578e+02 1.337802405383650068e+02 2.339854511558712886e+02 2.823152289754754065e+02 2.137738888463938451e+02 1.419946911873921351e+02 7.579970971391230705e+01 7.912514790595241720e+01 8.245636694831530633e+01 8.579901845452128839e+01 1.860244000736412318e+02 1.614754245592270934e+02 2.632670612621179771e+02 2.124333894635706201e+02 1.950633182437531445e+02 2.967647922894287831e+02 2.651199865693522497e+02 1.634846422447676844e+02 2.273789381333687061e+02 1.322403933918231473e+02
7.605404438924017185e-01 1.007604630630994222e+02 1.795672050801970556e+02 2.242793204441711339e+02 2.819750398664759246e+02 2.583481601857548640e+02 2.168906776234000517e+02 2.296030861781997601e+02 2.704681587587941749e+02 2.670882470230076819e+02 1.690624388565056222e+02 2.684462184419606956e+02 2.941860347441266299e+02 2.144271810799943694e+02 2.376597122864606604e+02 3.429265669916342176e+02 3.118573314023755074e+02 2.339946502307656715e+02 1.785450408203128347e+02 1.915752667793412911e+02 2.916930635909940293e+02 2.859184613880119059e+02 1.972452833200120779e+02 9.668525978528569453e+01 1.793082595316273569e+02 1.533463896002382114e+02 1.862246486776711265e+02 9.054029145990655536e+01 1.909748516879694478e+02 1.992344419727523928e+02 1.414392312200479580e+02 2.422662249532176872e+02 2.612180624335322250e+02 2.176654345288220043e+02 1.225008356175563904e+02 1.264831309493753224e+02 2.273798042019189438e+02
3.612262887922438326e-01 3.815767358971204004e+01 8.287903313796583404e+01 1.406140590667302490e+02 2.406117875065355634e+02 2.615416281661320568e+02 2.214671394753660536e+02 2.214671410588794913e+02 3.184401839526818208e+02 3.223700310393286941e+02 2.809475789840797688e+02 3.241968533020791483e+02 3.689116128889654647e+02 2.920288740634341025e+02 3.429087218171822542e+02 3.872948176517196544e+02 3.776604504120225556e+02 3.212029235226073069e+02 2.363616451607840077e+02 2.623733239661523271e+02 2.915050510403365251e+02 2.789857095464437862e+02 1.763903282026583383e+02 1.185325112721188106e+02 2.194294428466724582e+02 2.545903193881387665e+02 2.337945574331309331e+02 1.910106600090308859e+02 9.530391478499466018e+01 9.868621252280620126e+01 1.992240272317739311e+02 2.080552428142383121e+02 2.120117405268925665e+02 1.169010726348525537e+02 2.176415080116407523e+02 2.273789229792820379e+02 1.560880620762820286e+02
2.027203060114903810e-01 7.091339798182718823e+01 1.709129942314281436e+02 2.142537394303712404e+02 1.734664755586551621e+02 1.927321098303434326e+02 1.234975782439770882e+02 2.214671012376265935e+02 2.789320654563779840e+02 3.034668079674362957e+02 3.363610195108802827e+02 3.364691815734169609e+02 4.081793839959872230e+02 4.124457227150614358e+02 3.939483246879833587e+02 3.520665579148219990e+02 3.956379540159861676e+02 3.800212112510990892e+02 3.369718109850922474e+02 3.625303149429755081e+02 3.907903462099762351e+02 3.245465376687926096e+02 2.239826300150693328e+02 1.633204989835922447e+02 1.655921035755023922e+02 2.674047684287214679e+02 2.674678894833651270e+02 1.662272888583999020e+02 1.661847704311771281e+02 1.992351148337082805e+02 1.035118699938470144e+02 1.074113955196565655e+02 1.113203819342912055e+02 1.447597518292274685e+02 2.456374626165217876e+02 3.015979103475092984e+02 2.572089599860286171e+02
4.264044037055534364e-01 1.004263273236714298e+02 1.915362018015203205e+02 1.505073182876109854e+02 7.433150410494280891e+01 9.401003383695721993e+01 1.927322723111765015e+02 1.577047244346210277e+02 1.833194042042933631e+02 2.117929657889370105e+02 2.443497380451157994e+02 3.105827610810658257e+02 4.053051668798836999e+02 3.994231316339360092e+02 3.436580864557080304e+02 2.534271975713939469e+02 3.445523793639120527e+02 3.754834842195791680e+02 4.044553303866453007e+02 3.931002442032577733e+02 3.929899201876003190e+02 3.827238114441789207e+02 3.134275479378670184e+02 2.224947917640286335e+02 2.070914342511175903e+02 2.785169366340673491e+02 3.120122403593765625e+02 2.674427663549029148e+02 2.658800844997222157e+02 2.112379967517568673e+02 1.105833318482239491e+02 2.080552428480403933e+02 2.120109736956801783e+02 2.455941689817247777e+02 2.027166407715496916e+02 3.042838728663950292e+02 3.353407739851409133e+02
2.601976539121070298e-01 1.002601206413735753e+02 1.288808584013156064e+02 5.105395808544859904e+01 1.505072873708037093e+02 1.240049917549199705e+02 2.228302956694084003e+02 2.544212510853195113e+02 2.789320584084574079e+02 3.052961215017083418e+02 3.362790251267022654e+02 3.363139592938528040e+02 4.263211504982426163e+02 3.562244669700561417e+02 2.513475519941201526e+02 2.044490895620278081e+02 3.025012759390771748e+02 2.776820326077805703e+02 3.063600966846349252e+02 2.918752043423165219e+02 3.007458342806584710e+02 3.911796047879996649e+02 3.838006879051667966e+02 3.356176264964227585e+02 2.608601409090558150e+02 3.547726575232889559e+02 3.885832439912194900e+02 2.702542361985520643e+02 2.052095199068171496e+02 1.524407925301501336e+02 2.112396110078152844e+02 1.209768817641201508e+02 2.216871660028959639e+02 2.760037237996942281e+02 3.042790758363520922e+02 2.851513726521740750e+02 3.893669634647960152e+02
