output/example/elevation_000013.asc
nrows	50
cellsize	20.0
xllcorner	0
ncols	50
yllcorner	0
NODATA_value	-9999
[rows 17 to 33 of 50, columns 0 to 36 of 50]
9.098509734387574266e-01 9.239220820365948939e+00 -2.125611953245915515e+02 1.808316183582636960e-01 4.440859368574174404e+00 9.610212659536440327e+00 1.336833931908992312e+01 1.771731078261132453e+01 2.416175056968258161e+01 2.510010760823977094e+01 1.591143176649913471e+01 5.073798621298024614e+00 4.514255233198555928e+00 1.296779455210224263e+01 1.024227114181245923e+01 -8.777336671054075623e+01 1.000220772175245187e+01 1.922097815474794746e+00 2.084605906108083051e+00 2.190010491926772218e+00 2.257497186898472563e+00 1.209645080313709897e+01 1.235696480079309545e+01 -1.863316362251702003e+02 2.771275828306129618e+00 1.189095223253745459e+01 1.675327990326982075e+01 9.957464200174912961e+00 1.089684872292149720e+01 5.062910087013190008e+00 1.049451550386115173e+01 1.801378781980522348e+01 1.328589727020689359e+01 -4.636429664933293537e+01 1.220012568010645815e+01 -6.298199955989159804e+01 8.449506730472640115e+00
6.729603419142361487e-01 1.067293470397293653e+01 6.590471273320257062e+00 1.010510281415641920e+01 -1.651430991033824398e+02 -1.149952486757249037e+00 3.858689667987173166e+00 9.432753161105056350e+00 1.948688977136094636e+01 2.170425662684835544e+01 1.515622853038387952e+01 8.071345172824079484e+00 3.213587492984105953e+00 8.597301495003561556e+00 1.033292433186131909e+01 1.362926401497063011e+00 1.866080948723389810e+00 -7.224391197406666265e+01 9.330141617319585023e+00 -1.665526871922043881e+02 1.177721880062467008e+01 -3.412389237916617191e+01 8.932078590398797147e+00 -1.683392134590645810e+02 2.756062840311539475e+00 6.175249843962864915e+00 1.626440052071828646e+01 2.003740745004324708e+01 1.900365637010046171e+01 9.923800336577446757e+00 1.932338966488879706e+01 1.918514017924562864e+01 9.584326551976394271e+00 7.020056485260403711e+00 1.619951112358786460e+01 6.302834178319830727e+00 7.175114711564988035e+00
9.500813129397378543e-02 1.009498984582035064e+01 1.657113943857694593e+01 1.002206513833461443e+01 -2.683599850448811708e+02 3.499381064915586537e-01 6.555230769923838352e+00 1.459935582110286845e+01 1.547685913612258091e+01 1.703779120224825050e+01 7.015075966588414147e+00 -1.971734508154630703e+02 6.423365218178495262e+00 -1.228858732724220175e+02 9.127170826451918018e+00 -8.768897624285524728e+01 4.911159420268235820e+00 2.388757120523941513e+00 1.298700377342752610e+01 1.199433876809953681e+01 4.310622468184501344e+00 2.506570137003866883e+00 2.351276772910892543e+00 2.640977508294409581e+00 1.107631208366713338e+01 1.507571736622093717e+01 1.625924446830301306e+01 2.608570367736024309e+01 2.446304186557518179e+01 2.021880136508714543e+01 2.452992453413251184e+01 2.325988818012364590e+01 1.391038840592111470e+01 1.110463173020951544e+01 1.846364867854349257e+01 1.627684110361108338e+01 9.766706734588899153e+00
5.074168083889973868e-02 7.121810125592547003e+00 1.712189398665887197e+01 1.444150161303511659e+01 5.240822103077015903e+00 1.013039741278504025e+01 -1.257113103892622661e+02 7.131979373120751475e+00 6.805642782874901542e+00 1.058800296645735983e+01 9.957581464466757737e+00 3.672292044893085694e-01 1.366611377556206097e+00 9.529313126660555744e-01 1.400719384796323297e+00 8.450327572986310543e+00 1.515259360014964329e+01 1.302774032901124279e+01 1.716306613577620865e+01 9.446278528012959086e+00 4.034670416255718095e+00 -9.908898799968469007e+01 3.810251912457148560e+00 3.120307265863689672e+00 4.500851009266190417e+00 1.246448645173448533e+01 1.380053042997598567e+01 1.793924624572591142e+01 2.319002272560218003e+01 2.751885654406543580e+01 3.334635074992140602e+01 2.794104016911359167e+01 2.383647618741711938e+01 1.617520750271558683e+01 2.509984654259506698e+01 2.281933995351905509e+01 1.305666117236702917e+01
2.528005767708579876e-01 7.323868369140256185e+00 1.732381754433094656e+01 1.958527345440824519e+01 1.541614649122749547e+01 8.865412049413549767e+00 2.254581341452472076e-01 5.772462845193462311e-01 9.695612603712241651e+00 -6.886677771972459539e+01 8.555623467169681362e+00 -1.347723443228593680e+02 7.804155965027675279e+00 -2.042734073913661064e+02 9.544419578453206654e+00 1.564385847145354624e+01 2.255867805925378633e+01 2.070432624812067601e+01 1.072011347768989253e+01 6.493095676184672094e+00 9.333548322456971746e+00 9.005443790024536099e+00 1.360664296414444152e+01 4.230642497248160439e+00 3.804659375467967841e+00 4.052743271249094725e+00 -1.336720509743225804e+01 1.191802433114363602e+01 1.350320351307335720e+01 1.907248775750679926e+01 2.922152193762000394e+01 3.239750932779097781e+01 3.035436109574807517e+01 2.619651684030625560e+01 3.033421727813351865e+01 2.548002081494414384e+01 1.760353704862960811e+01
9.791283598286071310e-04 7.072046934069033064e+00 1.707200426894824474e+01 2.209204374583658037e+01 1.206753562873862506e+01 4.986660853899633317e+00 -3.002891167483019785e+02 8.475399883146113922e+00 -5.144152093924536473e+01 3.663143304630400721e-02 9.323330233571421877e-01 7.265379870055979517e+00 1.499057711429068895e+01 9.690138382741121603e+00 8.309538389290551663e+00 1.848459398492029138e+01 2.608016729541455092e+01 1.580688511812271102e+01 8.802490880743107482e+00 8.145622955364709483e+00 1.823872786732822249e+01 1.894718587169684909e+01 1.878014131455253022e+01 1.430233564792472123e+01 1.023525324986234608e+01 4.318844055049025243e+00 8.308459847581691093e+00 8.337969307099033500e+00 1.178783557959273054e+01 2.163088086378783714e+01 2.372323100079667668e+01 2.309431285575427140e+01 3.239751394896003234e+01 3.325586484835442036e+01 3.735654842833548628e+01 3.174220693489867529e+01 2.336707332908068935e+01
4.600753433092569233e-01 7.531143114280178352e+00 1.753108401370659308e+01 2.499478248288892601e+01 1.499619325367507727e+01 1.284009864436358050e+01 6.503237328262177819e+00 2.146963506875035232e+00 8.500132235278599069e+00 -1.458312568406211938e+02 7.184888166141594645e+00 4.235741363194855502e+00 9.019122612241954329e+00 1.897668537998073290e+01 1.851408199071140359e+01 2.301356655829682296e+01 2.543905801560350355e+01 1.557210074693296598e+01 1.104371710963895659e+01 1.676703892036729826e+01 2.237104154822571189e+01 2.507190918432812055e+01 1.759158012680619265e+01 1.193656172165574958e+01 8.054997355791467584e+00 4.823968825001553107e+00 4.325096695294776694e+00 5.741284415384520834e+00 1.485847830922345381e+01 1.741747926811868297e+01 1.529553987495573963e+01 2.372344182389356959e+01 3.016779181103702001e+01 2.295143839531095864e+01 3.148200903796081462e+01 3.591394472046673059e+01 3.344815204866588942e+01
5.979472710492108600e-01 7.669015031355248091e+00 1.766895014205939063e+01 2.616813758845224314e+01 1.630117752014736965e+01 9.262593801034505248e+00 5.253435383143020054e+00 8.084176101022334748e+00 5.423245115346429834e+00 8.708104429524368584e+00 1.493321762965934596e+01 9.037230776145106503e+00 7.996358770020055573e+00 1.303375948698353426e+01 2.304148573238970599e+01 3.112091777850990937e+01 2.118016474543864902e+01 1.433266164107190832e+01 1.375715141637330596e+01 2.358146741911420818e+01 2.984458568331109518e+01 2.330135853946019964e+01 1.786865698122687363e+01 1.763141861894034434e+01 1.483983726751748122e+01 5.058032268630801020e+00 4.360920406804594585e+00 4.849870999630525148e+00 9.642987543621215352e+00 9.542978691318049655e+00 1.448832199568938250e+01 2.428263146965894492e+01 2.043664050241279995e+01 1.711410264369043333e+01 2.119175674909789464e+01 3.166817457784863521e+01 3.935231705404788727e+01
1.534601171854249602e-01 7.224527886754772865e+00 1.722445603743376452e+01 2.536375217533372606e+01 1.711263848866957105e+01 7.189135119505412064e+00 7.866791371312795711e+00 1.534319305140802214e+01 1.014640128110467643e+01 1.118946274267681318e+01 2.100817432434079279e+01 1.883060328948469930e+01 1.109240052588898884e+01 1.298105924854130322e+01 2.274812631791621342e+01 3.114875042543013706e+01 2.127652509329292840e+01 1.764877001378566490e+01 2.074979922801064092e+01 2.781743903709601184e+01 3.230350163545513453e+01 2.540425618691346088e+01 2.162816567646591892e+01 1.725260693359801678e+01 7.067341941609377898e+00 5.921550877333525698e+00 9.231079101324718650e+00 5.461027596400229278e+00 5.724471234286875543e+00 6.315748443885296659e+00 1.639446129524148077e+01 2.203578306659744968e+01 1.496618226673987095e+01 1.331407885154044024e+01 2.126915007717257922e+01 2.502044046999597526e+01 3.527430191851171770e+01
1.123418600940028211e-01 8.520342382221434363e+00 1.121556941354212356e+01 2.122858661169745176e+01 2.124651216280038213e+01 1.697911508137919157e+01 1.101716313858673324e+01 1.768641171434465420e+01 2.028656105170163571e+01 1.696695845584783768e+01 2.543689089638749579e+01 2.519261330269624111e+01 1.683037924394049156e+01 1.873564919519198924e+01 2.710351253159634410e+01 3.513310525718593880e+01 2.565998680098566709e+01 2.330814902513078835e+01 3.047153442082342423e+01 2.870637907660858446e+01 2.431330266210271418e+01 1.924890590900215770e+01 1.944086124223903411e+01 9.159746047022045090e+00 7.493874034528396955e+00 8.504648972364025283e+00 1.884001987627910779e+01 1.322256927012936778e+01 6.063321669054494656e+00 6.388742002825803290e+00 1.537357550513537063e+01 1.305640519017503998e+01 1.208365397451995449e+01 1.427372078042446901e+01 1.668960402328644932e+01 2.204984749244541931e+01 3.249868407767458223e+01
2.368195578726151052e-02 3.185959615955637592e+00 8.753427442012824855e+00 1.582049288977148294e+01 2.582050570909082410e+01 2.507790824815972286e+01 1.567148601320723067e+01 1.734037723295955402e+01 2.713048439730614447e+01 2.705219920046823390e+01 3.128041241412529772e+01 3.095874808249877930e+01 2.681337856225034599e+01 2.872680787130468616e+01 3.288100909752103718e+01 3.953365296618463276e+01 3.553931999596778724e+01 3.031941966734562754e+01 3.182083486090009572e+01 2.156301875981310445e+01 1.445342398194954114e+01 -5.931976371422608807e+00 1.165169701796375001e+01 9.164145696600149549e+00 9.241356072232488117e+00 1.935860814428737342e+01 2.332250089408138294e+01 1.358824559834100398e+01 1.298275933040003949e+01 7.076499911152609457e+00 7.922942546476424042e+00 9.644559373824545645e+00 1.549018353561823069e+01 2.111004714195590992e+01 2.181453187347195311e+01 2.173641973693052165e+01 2.791737654620395759e+01
6.540601710037032834e-01 9.398977201913114143e+00 1.122072414417053743e+01 1.827701974886651826e+01 2.828099503818582861e+01 2.977483233681385499e+01 2.564866110511859887e+01 2.439539237446345510e+01 3.142731805423807145e+01 3.425155243371764158e+01 3.234840255421059396e+01 3.228227872014758049e+01 3.334747972549109107e+01 3.481288764464035523e+01 3.249175898495491310e+01 3.365219734224825032e+01 3.779970938330949082e+01 4.004583232536984383e+01 3.218828071077622610e+01 2.169492710892031795e+01 1.464287971436711899e+01 1.764526922706574297e+01 1.071437368684476077e+01 1.151406608566073508e+01 1.927663707483066702e+01 2.365912467106566908e+01 2.766846304757327246e+01 2.341985688767264762e+01 1.727224047922626937e+01 7.809879552598814278e+00 7.901555899529261850e+00 9.023275883046393275e+00 1.540816403327689343e+01 2.554837880789004245e+01 3.169157101880166749e+01 3.033203163948790504e+01 2.908802474139803707e+01
4.909850854147627119e-01 3.452047725883527374e+00 1.299484060958934428e+01 1.846491338512290525e+01 2.066417528945812876e+01 2.688675080190701649e+01 3.202498659734683173e+01 3.434870165515604157e+01 3.425155336090081448e+01 2.436435647900160006e+01 2.247622860148614166e+01 2.182642849833843002e+01 2.427940222025255679e+01 2.545078436666052824e+01 2.254332613867082813e+01 2.367300370579016189e+01 3.237664730497863985e+01 3.768850946617231301e+01 3.416906137444183855e+01 2.313011196255284929e+01 2.317065678587408328e+01 2.199512964274322613e+01 1.655087934477838729e+01 -1.028575052519274458e+01 1.640932140666737737e+01 2.419649840204722224e+01 3.537476376978219861e+01 2.775945932668241767e+01 1.756335084292301474e+01 1.206624745229827944e+01 8.270672721721235021e+00 8.698360294970473916e+00 1.809729231998344545e+01 2.317115378281030758e+01 2.613736284686416766e+01 3.616807226694628241e+01 3.924280583725472837e+01
3.962370847149454534e-02 7.197023597814800056e+00 5.776040628664687482e+00 8.745468698460607371e+00 1.281810386894890996e+01 1.782879270733603150e+01 2.784890465000229298e+01 3.733497187826290542e+01 3.445285929956362736e+01 2.487273405275107052e+01 1.617654335683930356e+01 1.438647049958714064e+01 2.154083352442261656e+01 2.099099889941403418e+01 1.560801230061663603e+01 1.818463209917646850e+01 2.325606322589438335e+01 3.325869094075948595e+01 3.846808519056357767e+01 3.208963917969350632e+01 2.222357292090601177e+01 1.519529582079759855e+01 1.154563606431313971e+01 1.203634931065074554e+01 2.055900303467724655e+01 2.521906721487132685e+01 3.413919134603862204e+01 2.883240306275888543e+01 1.877076121778077678e+01 1.316027754145420481e+01 1.378537573513610326e+01 9.334150879617762797e+00 1.030598043102143357e+01 1.609121745844292661e+01 2.533311797803242982e+01 3.022912878369730549e+01 3.124030825282532220e+01
2.605283927408929001e-01 2.442707295100818410e+00 9.341571984853946020e+00 7.977086421041272857e+00 1.280482787118375576e+01 2.283710240847842599e+01 3.202841800406019246e+01 2.746141260394460204e+01 2.456710416079185322e+01 2.472364838104202178e+01 1.437823476363112363e+01 1.074473850429782118e+01 1.460350791145920013e+01 1.366749309777080512e+01 1.600517279465286080e+01 1.814892989579100657e+01 2.232162589307976575e+01 2.781093168564068563e+01 3.717760742672317775e+01 3.191213192989640390e+01 2.203282665690496955e+01 1.636891827513782971e+01 1.723038394720667910e+01 1.340263013176975271e+01 1.594652894109762364e+01 2.561419332292158302e+01 3.188905457688331424e+01 3.294910546856786482e+01 2.729836009186957568e+01 1.878312533209316371e+01 2.047945398541936157e+01 1.053718365599457485e+01 1.041054914895497063e+01 1.122834589212946277e+01 2.114848359776280873e+01 1.997804598409992494e+01 2.109461031774278084e+01
3.048053885361223792e-01 8.968225743732867628e+00 1.657775620323610255e+01 1.632764202656466423e+01 1.506172030339177503e+01 2.505535517854420746e+01 3.414666223123728628e+01 2.638314886802837478e+01 1.746909452133220952e+01 1.957701392194438128e+01 1.826208652630920781e+01 9.954890783865304016e+00 1.081911437173854118e+01 1.664413549805873416e+01 2.545751637297747294e+01 2.620625551955954080e+01 2.488328544940384646e+01 3.448751181401458155e+01 4.116546011251229231e+01 3.610131897665432632e+01 3.042000394449162926e+01 2.202865904270981545e+01 2.510062869006945974e+01 1.546427293738306297e+01 1.502720317947787443e+01 1.809315135482166426e+01 2.774528331685397120e+01 3.449775282720598568e+01 3.294271702074372143e+01 2.882941070585822274e+01 2.468835501876271721e+01 1.759915417749765609e+01 1.113733564365626627e+01 1.191599565023970086e+01 1.469631550612978721e+01 -2.388118570813690411e+01 1.519978602131833512e+01
5.470844782054917754e-02 4.526844402975791049e+00 1.030034728551122569e+01 2.030061737434529334e+01 2.505535961386362942e+01 2.920390137838229094e+01 2.789768230189654830e+01 2.007485291371501646e+01 1.797457015493938570e+01 1.153756603649542001e+01 9.108105641509910200e+00 8.430458514006671678e+00 1.767339335032110270e+01 2.503803658471802507e+01 2.614662107885455100e+01 3.051291209791949299e+01 3.450770749713190355e+01 3.866494274091066785e+01 3.901997946826080721e+01 4.313809570869538845e+01 3.617558372129412447e+01 3.193283127679998401e+01 2.938238847323000158e+01 2.118064517561246163e+01 1.843287939258827635e+01 1.750230246287326352e+01 2.057131453062225646e+01 2.761574665607106027e+01 3.737197823631525040e+01 3.096870862807371694e+01 2.074117998856084455e+01 1.525371167115787330e+01 1.834226725132144509e+01 1.502964750805790750e+01 1.314105848380737562e+01 1.390226739809438428e+01 1.465135025642365818e+01
