output/example/elevation_000011.asc
nrows	75
cellsize	13.33333333
xllcorner	0
ncols	75
yllcorner	0
NODATA_value	-9999
[rows 34 to 50 of 75, columns 37 to 73 of 75]
1.646688022974036159e+01 2.138129870351273354e+01 3.123644730614269704e+01 3.780416118747036336e+01 4.011689058605216474e+01 3.598968935097752819e+01 3.230055406537212548e+01 2.357956826963407693e+01 1.372458384389056008e+01 1.971412535478644301e+01 1.971813314022466912e+01 1.028427620359293648e+01 1.224318773933100246e+01 1.427139889037179010e+01 2.409715677359715258e+01 2.957819422665213693e+01 3.366553350469150274e+01 3.934539447657945743e+01 4.548062181462624665e+01 4.408295623054399925e+01 3.996313647181217732e+01 4.408295623054399925e+01 3.588759240755250346e+01 3.180291287551440504e+01 2.755283411981896080e+01 3.427228835236172699e+01 2.843307294116856809e+01 3.830075108572415843e+01 4.428896896891039603e+01 3.450576351678316911e+01 4.003424269663835133e+01 4.550937798284556379e+01 4.370814340959542932e+01 5.307336882627368624e+01 5.800598437204959623e+01 6.310686383389293752e+01 6.230025569084106252e+01
1.646688022974036159e+01 2.630887313816104367e+01 2.384042952654838032e+01 3.081346782682891217e+01 4.068370684473811139e+01 3.517615769664487857e+01 2.533691425632549610e+01 1.837754603130218811e+01 2.357956826963407693e+01 2.684115350380755061e+01 1.999576153399709000e+01 1.028427620359293648e+01 2.017509236948484386e+01 2.409715677359715258e+01 2.589854105976325371e+01 2.999513227481671507e+01 3.493102780848600020e+01 4.192728480730765028e+01 4.103892528056751843e+01 3.913418091359128681e+01 3.008570588980051497e+01 3.875813354183949855e+01 4.287444466629876416e+01 4.150396033655084693e+01 3.454393632832324101e+01 4.150396033655084693e+01 3.415389936990467135e+01 3.373323278093755562e+01 4.354577612850476953e+01 3.940259267828948708e+01 4.838125342428209308e+01 5.393918008952396548e+01 5.352395274086849497e+01 5.766189330093108367e+01 6.310686383389293752e+01 5.310517578896930502e+01 5.494051974170706387e+01
2.630887313816104367e+01 1.858789064221160103e+01 2.843188316425212037e+01 3.189273121674565914e+01 4.176536844419300110e+01 3.517615769664487857e+01 2.533691425632549610e+01 2.821876193824978074e+01 3.086670672355916878e+01 2.289921907684789915e+01 1.303506665100966266e+01 1.061633506454294995e+01 2.050339579547556568e+01 2.097260523344066740e+01 1.604666940711807754e+01 2.097020699614220618e+01 2.793477080966437143e+01 3.314685944283644403e+01 3.115075533601778446e+01 3.115075533601778446e+01 2.514847231494895397e+01 2.887965916749798723e+01 3.458350682636815776e+01 4.446077968649054668e+01 4.436481797345431488e+01 4.806099970391181131e+01 4.396545587526063770e+01 3.864893125550662489e+01 4.763953975371394733e+01 4.628949751107338528e+01 5.329184604484397880e+01 5.681173547478314134e+01 5.681173547478314134e+01 6.098032588778715279e+01 6.200178461706859423e+01 5.201564806282357978e+01 4.509604350348543989e+01
3.012130764052869125e+01 2.027035478938570634e+01 3.012130764052869125e+01 3.695679008395599396e+01 4.587932470017300091e+01 3.926419387441875841e+01 3.517615769664487857e+01 3.552650460607001293e+01 2.676452986478442497e+01 1.690988229788991504e+01 2.289921907684789915e+01 2.050339579547556568e+01 1.109132004795022297e+01 1.109132004795022297e+01 2.097260523344066740e+01 2.999513227481671507e+01 3.026985548257500369e+01 2.328446249526542289e+01 2.803328040858879078e+01 2.129243401687401516e+01 2.697640219083062618e+01 3.685302777671088847e+01 4.287444466629876416e+01 4.859434567367747348e+01 4.591390511689210285e+01 5.005174823552619756e+01 5.255666681692974151e+01 4.844262100150291417e+01 5.255666681692974151e+01 5.614239803280226226e+01 5.395358502174776305e+01 4.692684415578705170e+01 4.692684415578705170e+01 5.681173547478314134e+01 5.860686339240354670e+01 5.666397010227941422e+01 4.678491868141861687e+01
2.723040693021240699e+01 3.012130764052869125e+01 2.299029474674774320e+01 3.285816143455392790e+01 4.000709481981764526e+01 4.494773714140713849e+01 3.841147563969542489e+01 2.852043590645996929e+01 2.154711095853750891e+01 2.676452986478442497e+01 2.791036681605646308e+01 2.097260523344066740e+01 1.109132004795022297e+01 1.109132004795022297e+01 2.097260523344066740e+01 2.554404082527375763e+01 2.371269546918070859e+01 1.633150682935645293e+01 1.819008688659923578e+01 2.386316460581314303e+01 3.372976453190324264e+01 4.096679873272212546e+01 4.433165055416986888e+01 4.021345023622689041e+01 3.604042763732601884e+01 4.172558803028596230e+01 5.163525265630048011e+01 5.299256938119410165e+01 4.884267726232113915e+01 5.299256938119410165e+01 4.982206179182897898e+01 4.005156144200122270e+01 4.545256120054890658e+01 4.955737916204010673e+01 4.869521363406794023e+01 4.869521363406794023e+01 4.724009168714395912e+01
3.710055934284829249e+01 3.695679008395599396e+01 3.285816143455392790e+01 2.602884247437459209e+01 3.097349038535439547e+01 4.083943072038510280e+01 3.841147563969542489e+01 2.852043590645996929e+01 3.141745437133904417e+01 3.110927076529360136e+01 2.381683118181092951e+01 1.396414347993524352e+01 2.097260523344066740e+01 2.097260523344066740e+01 1.157833489637286739e+01 2.145301250099108259e+01 1.386296634758863000e+01 2.371269546918070859e+01 2.514259970571411529e+01 3.213306419878011866e+01 3.783845096273741859e+01 4.044956720746372980e+01 3.633864637721198676e+01 3.033459999199604340e+01 3.604042763732601884e+01 4.591390511689210285e+01 5.579594908047533153e+01 4.803348091643480444e+01 3.896614905345293778e+01 4.803348091643480444e+01 5.395358502178725502e+01 4.545256120054890658e+01 3.569289721330933673e+01 4.188883578756096426e+01 4.597758531595941633e+01 3.891138323372454266e+01 4.177700081200602966e+01
4.288347505401829807e+01 3.301648671018207182e+01 2.602884247437459209e+01 3.590646055286975979e+01 4.000709481981764526e+01 4.494773714140713849e+01 4.253257330568006012e+01 3.841147563969542489e+01 3.484033137343266873e+01 2.701116281037058897e+01 1.716557149937261428e+01 2.381683118181092951e+01 2.791036681604956016e+01 2.145301263432441630e+01 1.157833489637286739e+01 1.157833489637286739e+01 2.145301263432441630e+01 2.190367682874361321e+01 3.176190535430918160e+01 3.912352869184613269e+01 3.715014505616748153e+01 3.304286576627183791e+01 2.645130454439156509e+01 3.633864637721198676e+01 4.433165055416986888e+01 5.005174823552619756e+01 4.651066611149811081e+01 4.238554780912990338e+01 3.404144757449379455e+01 4.390441315788706333e+01 4.948596429925884621e+01 4.955737916204010673e+01 4.188883578756096426e+01 3.207989809699710548e+01 3.870639616366822366e+01 3.910710343405041556e+01 3.196717144962702761e+01
3.816468627624327326e+01 4.000709495315097541e+01 3.590646068620308995e+01 3.097349051868772918e+01 3.794871582356431361e+01 4.781823428447543733e+01 4.342737754248343407e+01 3.354088272558580286e+01 2.656397316363112182e+01 2.087998088848781109e+01 2.701116281037058897e+01 3.110926821933449204e+01 2.850722544750474796e+01 1.857164068781582955e+01 1.157833489637286739e+01 1.157833489637286739e+01 1.728959568930202906e+01 2.714034626324176003e+01 3.586844010850817455e+01 3.450835720729723732e+01 3.040453012538580779e+01 2.317111772676165771e+01 3.304286576627183791e+01 4.044956720746372980e+01 4.858657119719158146e+01 4.337989735761878762e+01 3.926244912205290660e+01 3.250944260048513001e+01 3.053874785776482881e+01 3.548385924236151823e+01 4.535079722678570846e+01 4.576811717073262997e+01 4.167212089608609915e+01 3.870639616366822366e+01 2.883047011622386080e+01 2.923994094543100530e+01 3.910710343405041556e+01
3.082333149847202947e+01 3.485076067091549135e+01 4.045095675393154977e+01 4.083943085371821979e+01 3.794871582356431361e+01 4.781823428446988800e+01 4.214136274158090600e+01 3.226037189299474761e+01 2.656397316363112182e+01 2.784425992280784712e+01 3.484033137343266873e+01 3.337166736196346051e+01 2.351774089229137843e+01 2.141271294696381489e+01 1.157833489637286739e+01 1.157833489637286739e+01 2.145309604299405137e+01 3.123876604194708761e+01 3.207923107267907881e+01 2.797951938956157036e+01 2.055408995064047772e+01 3.040453012538580779e+01 2.886580800730461505e+01 3.457284685468066954e+01 4.445333563532749821e+01 3.766382156798768932e+01 2.937842834194617225e+01 2.679301880957813609e+01 3.668357580837379572e+01 4.453547258094924644e+01 4.948596429925899542e+01 4.167212089608609915e+01 3.183050775555171796e+01 3.471304950659960298e+01 2.670117610837995414e+01 3.660084165567805314e+01 4.319046131055944215e+01
2.106812640084781307e+01 2.673333389100920598e+01 3.641037213168382181e+01 4.264772732734746086e+01 4.781823428446898561e+01 5.194675871932521005e+01 4.626929133895313129e+01 4.055017392389464703e+01 3.643657001528946182e+01 3.771940709860573548e+01 3.723498846695920861e+01 3.024782306902599771e+01 2.351953186110606353e+01 1.367102909642764708e+01 1.193549001045570890e+01 2.145301971654430062e+01 2.554445479106925276e+01 2.984713066445761953e+01 2.575125459763506441e+01 1.813976849498523336e+01 2.797951938956157036e+01 3.450835720729723732e+01 3.874883277809598070e+01 4.286549219132969313e+01 3.497245071801415861e+01 3.086776662232887247e+01 2.367904840549589451e+01 3.355590706398242418e+01 4.079469054872460987e+01 4.242558194791346438e+01 4.134951680165050192e+01 4.167212089608609915e+01 3.183050775555171796e+01 2.482435546756212119e+01 3.346719116673854444e+01 2.984557615566603772e+01 3.479211265607997916e+01
3.082333149847202947e+01 2.526753769931451998e+01 2.895233011901525089e+01 3.451658822740837707e+01 4.417755482506212417e+01 4.888131368371418262e+01 4.392752364690388589e+01 3.980678479093553790e+01 3.651324591236735273e+01 3.353263567496795616e+01 3.120513303562658791e+01 2.326065767109282234e+01 1.630870200930511871e+01 2.351953186110606353e+01 2.180481911450831944e+01 1.245282025602101861e+01 2.231333640046750588e+01 2.575125459763506441e+01 1.591345967574467934e+01 2.575125459763506441e+01 2.797951938956157036e+01 3.785815586493507823e+01 3.421701880209515423e+01 3.497245058468082135e+01 3.086776648899553877e+01 2.101516659704049772e+01 3.086776662232887247e+01 3.766382156798768932e+01 4.242558194791346438e+01 3.258690878488035025e+01 3.151058152720073835e+01 3.847871587748961986e+01 3.346719116673854444e+01 2.360286788056176022e+01 2.360286788056176022e+01 3.346719116673854444e+01 4.220570041892065660e+01
3.816468627624349352e+01 3.087392623198218899e+01 3.859979315927218835e+01 4.264772732734746086e+01 4.825738352031115852e+01 4.474368998401016029e+01 3.486987959786843305e+01 2.992616815523410523e+01 2.662761689919312147e+01 2.365793431869720820e+01 2.134586470101032418e+01 1.920560714897104049e+01 2.614963067891883597e+01 2.485448528517483169e+01 1.501265797692803261e+01 2.231333640046750588e+01 1.298158791999765072e+01 2.283290746790435222e+01 1.442861767295760522e+01 2.138166112126925711e+01 3.123675473104829692e+01 3.133916828149157041e+01 2.435110122416382339e+01 2.869169120524861682e+01 2.101516659704049772e+01 2.101516659704049772e+01 2.797350296947658777e+01 3.785513718612836698e+01 4.196278305263405173e+01 3.439233894943155434e+01 2.453140544997981110e+01 3.090597247628560140e+01 3.195407293402373483e+01 2.360286788056176022e+01 3.346719103340521428e+01 2.825157356235591521e+01 3.524343021892305217e+01
4.039177475798200589e+01 4.052605267621517271e+01 4.458500149322183148e+01 4.801348666768013373e+01 4.910702568805206170e+01 4.888131367291957474e+01 4.392752364690388589e+01 3.980678479093553790e+01 3.171801084674847004e+01 3.063737642660295535e+01 3.120513303562658791e+01 2.905366430037585346e+01 2.753321638409055794e+01 1.769092986113404109e+01 2.485448528517483169e+01 2.692469842898860222e+01 2.283290746790435222e+01 1.298158791999765072e+01 1.298158791999765072e+01 2.283290773457101963e+01 2.936813797845676177e+01 2.527298513398804403e+01 1.740187934949078397e+01 1.885100770528226377e+01 2.869169120524861682e+01 2.669171487419781030e+01 3.497245071801415861e+01 4.074468310937881910e+01 3.665386578484917379e+01 2.802099348859028183e+01 2.108917648477136098e+01 2.108917648477136098e+01 2.212201912431756057e+01 3.195407293402373483e+01 3.755432466673241976e+01 3.811850926182064114e+01 3.524343021892305217e+01
4.023801682729931173e+01 4.437814757097594054e+01 4.509212360369299688e+01 3.802717738667571723e+01 3.911932185377629168e+01 4.910702568805411516e+01 5.205109339242203959e+01 4.574008459449801478e+01 4.160721913046895537e+01 4.052216148884955516e+01 3.774953956516811360e+01 3.043901876105876170e+01 2.058496347113623415e+01 2.753321638409055794e+01 3.163213973711528482e+01 2.594471763229933359e+01 1.610429833028921465e+01 1.298158791999765072e+01 1.298158791999765072e+01 2.283290773457101963e+01 2.337974705181256496e+01 1.543543148653152919e+01 2.527298513398804403e+01 2.869169120524861682e+01 3.279268903858344686e+01 3.657235939779434375e+01 4.068531338920250562e+01 3.665386578484917379e+01 2.680972205130201402e+01 2.969300499588291942e+01 2.108917648477136098e+01 2.108917648477136098e+01 2.108917648477136098e+01 3.090597260961893511e+01 3.375207619600305975e+01 4.359781195916875873e+01 4.505956408007858727e+01
3.027437048170632039e+01 3.862030468519822080e+01 4.095209965605324953e+01 3.098668726087604952e+01 4.095209965605324953e+01 4.389169089213049091e+01 4.205790702657022706e+01 5.205109339242203959e+01 4.376276173574920136e+01 3.388477637174935353e+01 2.818081333820732937e+01 2.377031118096484974e+01 3.043901876002856355e+01 3.454248425866549610e+01 3.087232153504303156e+01 2.101711372914956044e+01 2.283290683390524478e+01 2.283290773457101963e+01 2.283290773457101963e+01 1.353664160815229422e+01 1.353664160815229422e+01 2.337974705181256496e+01 2.790876603132073441e+01 3.072867479935932877e+01 3.496058487437422002e+01 3.912794853013009089e+01 3.492104405717252291e+01 3.259858413391182097e+01 2.851609459027817906e+01 1.988149603211803651e+01 2.969300499588291942e+01 3.090597247628560140e+01 3.090597260961893511e+01 2.389288416556039607e+01 3.375207619600305975e+01 3.523978406204478375e+01 4.217898619609116651e+01
2.455291754595221221e+01 3.417180627646047952e+01 3.338789600603534069e+01 2.768098674429162287e+01 3.763029552432839608e+01 3.391408753482294003e+01 4.096502569145816608e+01 5.095728593414327179e+01 4.789413629400472416e+01 4.217483905525098464e+01 3.649408096907594512e+01 2.661324707552603286e+01 3.649408096904084431e+01 3.785531530977992531e+01 2.797987080690280948e+01 2.797987080690285566e+01 3.269418423483570990e+01 2.907025598883534556e+01 2.337974705181256496e+01 1.353664160815229422e+01 1.353664160815229422e+01 1.397762399735541550e+01 2.381581730337281044e+01 2.075126448426588865e+01 2.916393477160757541e+01 3.488010362912978479e+01 2.485459592517451100e+01 2.769497954429602160e+01 1.869698677033831302e+01 2.851609459027817906e+01 3.377720258023372679e+01 4.001142872495328362e+01 3.783853180883450307e+01 3.375207619600305975e+01 2.717161823950394606e+01 3.704230517425264679e+01 4.123294847044891753e+01
2.014901321133672951e+01 3.004351570644140068e+01 2.346244306675453828e+01 3.338789600603534069e+01 2.967754772653707818e+01 3.963722652969330795e+01 4.096502569140197636e+01 5.095728560603382817e+01 4.790618461570902298e+01 3.801638103572279448e+01 3.231976413345628174e+01 3.359999328625861637e+01 4.060574720544375538e+01 4.197268198789403471e+01 3.785531530977992531e+01 3.785531531141496941e+01 3.072408579691281361e+01 2.497558565343786796e+01 1.513817583128508559e+01 2.337974705181256496e+01 2.337974705181256496e+01 2.381581730337281044e+01 1.459952954718291274e+01 1.507596650341581679e+01 2.460390236110522721e+01 2.605893529660781383e+01 2.769497954429512276e+01 1.786749245092987692e+01 1.786749245092987692e+01 2.769497954429587594e+01 2.608819049637692089e+01 3.304376812737404379e+01 4.287566514072556600e+01 4.112810799027904807e+01 3.704230517425264679e+01 3.140501879031020849e+01 3.836074872812763914e+01
