output/example/elevation_000199.asc
nrows	75
cellsize	13.33333333
xllcorner	0
ncols	75
yllcorner	0
NODATA_value	-9999
[rows 51 to 67 of 75, columns 37 to 73 of 75]
1.740596513367051346e+00 1.740596513367051346e+00 5.754484643802364019e+00 2.033648289936964115e+00 1.008764874448229598e+01 1.229154476562590048e+01 4.600546506695975424e+00 1.474375291626323481e+01 1.629028924593008298e+01 1.624336022225816123e+01 1.856739026700983075e+01 1.434340656945962778e+01 6.068152969598395785e+00 1.014956060024589490e+01 1.071262015868486017e+01 1.628523700154207532e+01 1.367098680864031124e+01 6.281784150120019561e+00 1.532356978644906853e+01 2.031651823232455811e+01 2.338345698187564992e+01 1.335023365264530781e+01 5.218397135236144457e+00 5.218397135236144457e+00 1.505034900609826209e+01 1.787961396822462135e+01 2.250804047219375192e+01 2.893169887685059649e+01 3.308273977513708530e+01 3.441338710326350991e+01 2.331293306836622037e+01 2.604563583962844930e+01 1.792244174161988468e+01 2.734514071880444419e+01 3.165426692447470103e+01 3.772420355884234766e+01 4.615430015640915684e+01
1.740596513367051346e+00 1.740596513367051346e+00 2.033648289936964115e+00 2.033648289936964115e+00 1.008764874448229598e+01 2.251021747608680457e+00 1.226620258327951163e+01 1.239897656964529382e+01 6.898990192157541834e+00 1.292216245240975603e+01 1.296863268770683675e+01 4.355833512188938883e+00 1.337887745419350338e+01 1.346015359352375995e+01 9.326349091476600961e+00 4.084109151280808980e+00 4.084109151280808980e+00 4.335579966728590584e+00 4.335579966728590584e+00 1.329874635864477206e+01 1.472623252449740505e+01 1.283206743747226497e+01 1.491661854027772627e+01 5.218397135236144457e+00 1.027693904404076441e+01 1.732750228733634401e+01 2.784008718565136320e+01 3.446378423489330345e+01 3.018083839885294850e+01 2.903555459236353897e+01 2.604501530154125533e+01 1.546360934293178957e+01 2.432334881799816984e+01 1.673332994577140553e+01 2.285595615135913050e+01 3.347748088016178514e+01 4.181518840902231204e+01
7.428202006569630811e+00 8.747661927874991861e+00 1.271413695237411901e+01 1.119285673496828437e+01 2.251021747608680457e+00 9.039812236821154201e+00 2.576008601070050918e+00 2.576008601070050918e+00 2.807399257858944175e+00 2.807399257858944175e+00 3.037539191484234014e+00 3.270358750923844759e+00 3.270358750923844759e+00 3.503479513522919309e+00 3.748879561640676261e+00 5.157395220168526251e+00 1.057934119427472552e+01 6.409089526065203657e+00 1.033052901819062619e+01 4.657713104873264953e+00 4.657713104873264953e+00 4.657713104873264953e+00 4.924943855439830820e+00 1.496114345379732136e+01 1.966996216652626828e+01 2.485227544691872126e+01 3.046174720606328634e+01 2.615447214872579096e+01 1.967662717600914135e+01 1.852623560767136013e+01 2.268021878889468468e+01 1.395437597664621343e+01 1.395437597664621343e+01 2.443212229398947244e+01 2.004631019103921830e+01 3.071942470075124376e+01 3.144253583941638652e+01
1.774781750983676787e+01 1.900920294919726317e+01 1.219232086331529352e+01 2.251021747608680457e+00 1.140108641681075952e+01 1.511329044491191098e+01 1.260495722785303485e+01 1.045464551673495990e+01 3.039225622905878055e+00 1.291703376177761520e+01 1.171653631630054093e+01 6.636239597335856999e+00 5.912963114966541589e+00 4.343997797641506509e+00 1.362289848004517800e+01 8.517958343308576374e+00 9.326502205890850661e+00 1.687373767965455684e+01 1.593903757084465056e+01 8.746164529244335739e+00 1.476149523467165814e+01 4.657713104873264953e+00 1.470943281694118276e+01 1.858482187156328536e+01 2.347476854479972985e+01 2.795821442394610656e+01 2.446141314584649251e+01 1.576406928394938589e+01 2.015557063226850687e+01 1.154078511364977189e+01 1.244233367724701544e+01 2.268021878904972155e+01 2.444968167814309012e+01 2.897556140754844733e+01 2.764244868727677229e+01 2.384236153513717227e+01 3.144253583941638652e+01
2.351033209399759727e+01 1.927637971243775183e+01 1.263417960174679777e+01 2.722860328515498640e+00 8.378075038527452278e+00 1.799920384556972053e+01 1.796958395715051182e+01 8.373907778201806096e+00 1.507730373123772694e+01 1.962716949005785239e+01 1.841485045535465304e+01 1.051379928107383854e+01 6.651875671548886260e+00 1.397521811720576324e+01 6.922071448602022059e+00 1.636871265407064158e+01 1.836141558378264094e+01 1.836364705750789028e+01 2.039308354244534272e+01 1.622627681430634894e+01 1.064366692460141550e+01 1.001018164244260333e+01 5.210599937125285130e+00 1.541155046998367695e+01 1.311817668417082317e+01 2.352767276426572707e+01 2.015556991630167261e+01 1.029993380839243500e+01 1.029993380839243500e+01 2.015556712123796856e+01 2.268021878734674956e+01 1.626958671862414008e+01 2.094127383800739750e+01 3.156904011114326991e+01 3.814790192357797594e+01 3.007541578671708393e+01 3.007541578671708393e+01
1.420579588385938052e+01 9.170601121639435860e+00 1.316363078058413727e+01 3.196775458395802350e+00 1.294296456849614252e+01 2.173374335513107525e+01 1.617724245904476987e+01 1.511599809428296304e+01 1.387420894281892991e+01 2.358678794305302873e+01 2.366408727399080192e+01 1.743322466453924946e+01 8.409103909603114602e+00 1.757560844665627897e+01 8.799044111039810545e+00 1.845556934115016290e+01 2.576488276443937053e+01 2.906063220476847064e+01 2.797071784455788901e+01 1.760496220497896402e+01 1.984482853501788924e+01 9.766096289027514032e+00 1.540686585436362677e+01 5.797109997548890448e+00 1.608639766657187309e+01 2.105249677161496535e+01 1.884155140102611625e+01 1.029993380839243500e+01 2.015556626895561720e+01 1.710508637235390950e+01 2.752009167049240546e+01 2.020004381783451208e+01 3.083418446563715776e+01 2.965436185590379026e+01 4.008838136827488086e+01 3.752552249105515614e+01 3.619374681457519216e+01
2.102371475863938599e+01 1.387817201802207734e+01 3.858710299554857670e+00 1.316785222222459595e+01 1.109928693150082424e+01 2.085519337186887867e+01 2.303942768276116126e+01 2.490986180046531118e+01 1.934835403496375505e+01 2.777845849464207362e+01 2.093422582136085452e+01 1.134375683227584908e+01 1.342502190005000173e+01 2.171416822875547936e+01 1.845654015100117107e+01 1.131426617154068737e+01 1.691337126037884886e+01 2.763851477968377424e+01 3.223822570311495639e+01 2.797071784455788901e+01 2.770930840926384775e+01 2.168719490487657353e+01 1.080707124684290399e+01 1.578775674015915520e+01 6.513707332988563969e+00 1.678789584252711364e+01 9.039453622149501655e+00 1.884155140206082280e+01 2.446130951067702952e+01 2.752009086977775354e+01 3.181786856679808295e+01 3.081886059505281139e+01 2.776285775499669484e+01 3.824902306528468898e+01 4.428255062303371403e+01 4.767498102693441808e+01 4.637826354910031768e+01
1.112776817804076757e+01 1.415612376287082697e+01 4.316816213072550035e+00 9.252689244761615583e+00 1.870612874546145932e+01 2.516109934450979324e+01 3.311663861414928078e+01 3.361900470822770615e+01 2.940181552699473500e+01 2.919490274975938249e+01 1.907533239651845847e+01 1.398891675910110877e+01 2.325525037218453051e+01 2.747274669163527250e+01 2.393290761220741203e+01 1.339158160743241588e+01 2.393290761220741203e+01 3.191984682669116680e+01 3.720582224556384432e+01 3.349540807737876946e+01 2.574310215562067583e+01 1.888268076385536531e+01 8.248543734009391670e+00 6.513707332988563969e+00 6.513707332988563969e+00 7.603920138384313354e+00 1.755717563540251547e+01 2.311854623187883462e+01 2.310436750302183384e+01 2.644445721106885472e+01 3.080665594287443909e+01 3.559570299180981579e+01 3.824902306528468898e+01 4.244409057244594408e+01 4.706050140118671976e+01 4.280568331183923192e+01 4.280568331183923192e+01
1.181680169406310377e+01 4.931835134779161578e+00 1.432308798410722339e+01 1.792338361040613037e+01 2.266607700271231707e+01 2.809885096363387902e+01 2.976786921841511813e+01 3.266822765964180064e+01 3.501570303123377670e+01 3.339057186525646870e+01 2.815781896759187575e+01 1.960378517338647342e+01 1.960378517338570248e+01 2.984588237580922510e+01 2.673927262049728881e+01 1.588016516820766277e+01 2.357937130459556840e+01 3.436817266152633010e+01 2.638149822183291704e+01 2.638154070064021894e+01 1.799082877794623059e+01 1.047292363622919709e+01 1.888268025667833783e+01 1.473516244174278533e+01 1.672265314905948941e+01 7.516036066055242770e+00 1.796784741071765978e+01 1.885120607454486930e+01 1.269906290441204355e+01 1.589676455397022714e+01 2.056481854353933514e+01 2.811618188384048622e+01 3.873781779353421229e+01 4.620556630764077966e+01 4.280568331186965025e+01 3.240399609448071772e+01 4.280568331186965025e+01
6.030786027828199281e+00 1.501203398246864751e+01 4.931835134779161578e+00 1.540095175583259746e+01 1.419590439384436031e+01 2.394565366331011447e+01 2.016624530736809007e+01 2.297647815401894889e+01 2.487295281032510275e+01 3.501570303123377670e+01 3.406483429518279848e+01 2.984588254808389962e+01 2.550891516300463735e+01 3.406482382672154330e+01 3.006185747748164871e+01 1.905573729304898478e+01 3.006185747748164871e+01 3.494735445396041484e+01 2.638154070070650192e+01 1.493783498431647772e+01 1.260701790390402621e+01 1.047292363622919709e+01 2.127428106527729312e+01 2.695833032418300235e+01 2.195361319907056341e+01 1.153180532011606196e+01 8.523125888636338132e+00 8.523125888636338132e+00 1.885234758944085698e+01 2.644445568985691963e+01 3.080664866102832988e+01 3.547773587914403493e+01 3.661769025049029835e+01 3.652551132982615911e+01 3.886265859538431044e+01 2.831171805240789752e+01 3.344085793787102290e+01
1.619819005132537981e+01 1.930762756983785877e+01 1.540116212097114889e+01 5.729376391583879347e+00 1.628574876430119289e+01 1.787049222163268070e+01 1.375297962986305755e+01 1.701952773986011991e+01 2.662058747638285539e+01 3.278764728912404536e+01 2.867275156519398038e+01 3.306039056098690310e+01 3.577028944717849157e+01 3.996750825633540671e+01 3.397820459728458786e+01 2.300941802250614643e+01 3.397820459728457365e+01 3.068614481599034960e+01 1.928825237465820663e+01 2.568993183657386226e+01 1.441608113718718975e+01 2.127660026901954637e+01 2.585810723230465769e+01 2.952050310199009786e+01 1.891390608995952860e+01 2.201601118028379744e+01 1.884654884097054861e+01 8.523125888636338132e+00 1.564661936408384513e+01 2.171423911130391815e+01 3.314965272468741375e+01 3.500531924761764913e+01 2.617351308113502739e+01 2.920952373794988688e+01 3.168699131970596028e+01 2.467631354606372085e+01 3.229594244985852214e+01
1.198914764955716272e+01 2.187528566033197563e+01 2.056271035836364547e+01 1.625359911693959702e+01 6.641184330860641083e+00 7.358361118832041470e+00 1.136027394616641928e+01 2.159258828291750376e+01 2.778362211069597976e+01 2.354301889392149505e+01 1.844544210714254717e+01 2.341294387152672840e+01 3.079527640701774516e+01 4.150663006866239613e+01 3.824593687222639460e+01 2.950845859998479170e+01 3.802623360158533217e+01 3.386953918542271680e+01 2.292922656194865283e+01 2.977976794574526664e+01 1.841988401035265710e+01 2.367248401119583079e+01 3.467557595693619277e+01 3.382593723050773349e+01 2.952255556258183233e+01 2.808001586011357276e+01 9.699346689296573842e+00 9.235306958626852136e+00 1.147428522150680230e+01 2.355292984021781777e+01 3.494104505210479772e+01 2.508463159379498109e+01 2.680875065895041942e+01 1.861372487427660971e+01 2.097266881232194535e+01 3.168699131970596028e+01 3.534981666169380077e+01
1.549625488137112761e+01 2.541327283084475042e+01 2.451051533161927409e+01 1.427878525505504115e+01 1.427505014360089497e+01 1.794687531920055790e+01 8.478547570642980702e+00 1.891189260611720968e+01 1.987386847595391259e+01 1.351494378172244026e+01 1.921690221005968979e+01 2.945260418381240441e+01 3.833678337909581302e+01 4.482365520839227457e+01 4.427401608955666745e+01 4.011414008973154921e+01 3.926360877653320358e+01 2.879298649313888347e+01 3.409167109631980708e+01 3.411001702611161335e+01 2.434591811059253175e+01 3.411008027193255288e+01 3.892719910853712406e+01 3.674216930542353765e+01 2.645023829173625174e+01 1.891798915914167623e+01 1.422110309944194562e+01 9.910669928902851922e+00 2.011902899081000129e+01 2.882475095698156053e+01 2.888230545492859491e+01 2.452266540522565919e+01 1.621175787322632544e+01 2.680875264899385257e+01 1.861372487427660971e+01 2.929019635295018631e+01 3.886357560184963233e+01
2.033040527205572445e+01 2.942493420033544638e+01 2.884962362860186857e+01 2.450286795079852098e+01 2.440874151455290786e+01 2.314972206870766414e+01 1.891189080989849813e+01 9.611955228460441703e+00 9.611955228460441703e+00 1.987386847609052865e+01 2.785320278628300272e+01 3.381136883693796591e+01 4.003762408685132357e+01 3.466862271390763084e+01 4.182256926300998856e+01 4.686596729675235196e+01 4.330676910583703432e+01 3.427082746134637858e+01 4.330676910583706274e+01 3.945027805090066408e+01 3.525360542088106541e+01 3.945027775230450828e+01 4.079550259645030508e+01 3.637373964378948443e+01 3.371245412592056567e+01 2.615323986686355795e+01 2.015946206980231992e+01 1.031917881227757228e+01 2.001107607689628765e+01 2.547940776710757405e+01 2.249597062822585158e+01 1.401877658909389091e+01 2.449463753499377816e+01 2.896101714511523539e+01 2.929019635295018631e+01 2.396200616399922367e+01 2.936320537037948952e+01
2.603909036079903316e+01 3.347434707656380937e+01 2.854910246192349277e+01 2.423187688767239223e+01 2.686878015252842289e+01 2.258528214044128291e+01 1.987401283143712050e+01 9.611955228460441703e+00 1.987054981445424318e+01 2.411775668462694711e+01 3.236823540072879268e+01 3.702626199943256324e+01 2.983594534599009762e+01 2.741957583246484020e+01 3.255092752570131154e+01 4.272248767904580546e+01 4.825190345917371104e+01 4.425861582551979723e+01 4.826064858889515818e+01 4.402704755021667893e+01 3.974451996354324734e+01 4.094006140914866165e+01 2.972606827626087522e+01 2.485952659093106476e+01 2.789210892204183878e+01 2.180791482540995574e+01 1.151577680562509798e+01 2.015970552742965438e+01 1.107115608165678822e+01 2.130569145559842070e+01 1.212142973988862771e+01 2.249597062822584093e+01 1.401877658909389091e+01 2.013445805867335636e+01 3.175448435859212637e+01 3.459924812342943312e+01 3.886357560184963233e+01
3.297241267278197085e+01 2.975394492766544730e+01 1.919579469748748579e+01 1.430904426610003632e+01 2.258528250956057803e+01 1.263411153786436536e+01 1.140652405936023150e+01 1.987398651484557988e+01 1.108739820667882015e+01 1.816825523697049860e+01 2.677156410934763997e+01 2.899307313853018897e+01 2.268795189895286768e+01 3.282394786970171197e+01 4.182256926300998856e+01 4.686596729675235196e+01 4.610753772332555656e+01 5.051189265401933426e+01 4.322464807054029734e+01 3.797335026368298116e+01 2.919857814093618842e+01 3.638821747368703541e+01 2.972600703564388525e+01 1.895572066284305279e+01 2.352571447040748254e+01 1.307576576231784138e+01 2.118818911607310085e+01 1.918141763964974089e+01 2.130569111161286955e+01 1.212142973988862771e+01 2.249594404341589637e+01 2.669516936232006188e+01 2.459983771705498867e+01 2.912460746023168312e+01 3.586161249818206898e+01 4.188758114439137614e+01 4.180747429348601685e+01
4.243492130756368397e+01 3.420081846975500639e+01 2.854219274340425372e+01 2.423118790926663024e+01 1.430904426610003632e+01 2.258528162037075049e+01 1.848451568323785565e+01 2.476017540074596468e+01 1.809948692594924324e+01 1.251181191272981685e+01 2.255095358337198874e+01 1.903179260276600360e+01 2.818570141989962252e+01 3.577292629963626069e+01 4.280834666511920261e+01 4.416274149599743737e+01 3.495971201706480969e+01 4.416274149599743737e+01 3.893990031327993506e+01 2.837173491352592336e+01 2.298855495037226859e+01 2.577745125055687225e+01 2.673796784227198842e+01 1.617540969679481577e+01 1.476859537357696084e+01 2.352585159610849175e+01 2.755261221923787929e+01 2.622593866861444667e+01 2.685326763785535675e+01 2.249594403808982079e+01 1.357230229032763447e+01 2.405710692934453121e+01 2.569581188938638050e+01 2.823201294883637047e+01 2.783807533084424790e+01 3.442830950707854498e+01 3.137176691381898763e+01
