output/example/elevation_000071.asc
nrows	75
cellsize	13.33333333
xllcorner	0
ncols	75
yllcorner	0
NODATA_value	-9999
[rows 17 to 33 of 75, columns 0 to 36 of 75]
1.309999999999999880e-02 3.346433333333335813e+00 6.881967239266078451e+00 1.265546993116235441e+01 2.265546993130012154e+01 2.862552782770909587e+01 3.275862502990744929e+01 3.461366472852248677e+01 2.503442291687228405e+01 1.831135185818024169e+01 1.954505839045482318e+01 2.632945517314971795e+01 2.449599747364565872e+01 2.047584263157924411e+01 1.740301242495585754e+01 8.173697559600595852e+00 1.835182310784792037e+01 2.243645223047228043e+01 2.821013770154151601e+01 2.269443152470874736e+01 1.799732839777530558e+01 2.132106490987196068e+01 2.797357991900310736e+01 2.318144200973656055e+01 2.850985825543325092e+01 3.858147211168824953e+01 3.421179222899503003e+01 2.390622379150981658e+01 2.754914167888734511e+01 2.038571404344418170e+01 3.010991191039204296e+01 3.590048214102212398e+01 4.021775501678659026e+01 4.593448904883299377e+01 4.928941489837177414e+01 4.032097889180071348e+01 3.473879688253409626e+01
1.379999999999999977e-02 1.001379999999996251e+01 1.688196723929315013e+01 2.102410291182206237e+01 2.584948487230662195e+01 1.865743827456246962e+01 2.639553500195893676e+01 3.052742448906927919e+01 3.186977204733802793e+01 2.503442292352827181e+01 2.908309426287356558e+01 2.786344647200396096e+01 2.047657541978965057e+01 1.051566011031123793e+01 8.173697559600595852e+00 1.835184683904337888e+01 9.295476026590256069e+00 1.938522508952250334e+01 2.314186389576446956e+01 1.943342989544562727e+01 1.482579206078939293e+01 1.644821105698749264e+01 1.907046335638373336e+01 2.797403337083223107e+01 3.698363120342752097e+01 4.282958544109307297e+01 3.878944569221336280e+01 3.133121741514116465e+01 3.433884556398097487e+01 2.584787487598572397e+01 2.315645880731817385e+01 2.568549727080821654e+01 3.077401772400646252e+01 3.884976966696337541e+01 5.041315969853322088e+01 4.809993295656583712e+01 4.005625684014331966e+01
1.379999999999999977e-02 7.084867811865485088e+00 1.708486781186555348e+01 2.233035773418088965e+01 1.587576976561182107e+01 1.289258602813806043e+01 1.642508512125214182e+01 2.218410062707001273e+01 3.214846134442824876e+01 3.461367124060723910e+01 3.181831481510529258e+01 2.379804666919956802e+01 1.411437713563334739e+01 2.047656341405049574e+01 1.549440719568106317e+01 2.240899266643525323e+01 1.938522535007804137e+01 1.045480817754215863e+01 1.791136805733665227e+01 1.267079602838688146e+01 2.273557747353185476e+01 2.555532574191892081e+01 1.916819317810752210e+01 2.814599374540012633e+01 3.428213595295824234e+01 3.754391094747681024e+01 4.167742165015624067e+01 4.299037156736880405e+01 4.019674877832409976e+01 3.593196277130535776e+01 2.678610733776385189e+01 3.591999708181056405e+01 3.151777375343046117e+01 4.194511922498916334e+01 5.108162333498363239e+01 4.167898255389965811e+01 3.595915520113702968e+01
1.290000000000000001e-02 1.001289999999996283e+01 1.940234034488755555e+01 1.234436103847792054e+01 8.811331703876486898e+00 1.879700328675877685e+01 2.639553500195893676e+01 3.052742448906927919e+01 3.628346650560619935e+01 3.705403059045134739e+01 2.771652721361342486e+01 1.811824931118827564e+01 2.379804666919956802e+01 2.786344675246795788e+01 2.525357271493610867e+01 2.624054203260204332e+01 2.041326846231705616e+01 1.045480817754215863e+01 1.045480817754215863e+01 2.041326846417235430e+01 2.341623671988581989e+01 2.731556278475422417e+01 2.814599374526266473e+01 2.193669389695066485e+01 2.452834047162674480e+01 2.767220830673339549e+01 3.257551981022430709e+01 3.946924303909154474e+01 4.925406465036850534e+01 4.129144801909357199e+01 3.183780992682601152e+01 4.119108768274276144e+01 3.750888871220864473e+01 4.625846170087013576e+01 5.494055031489194363e+01 4.952658108123971203e+01 4.565300397936706389e+01
1.290000000000000001e-02 1.001289999999996283e+01 1.300810331235617312e+01 5.275922085367329650e+00 7.570071103924890465e+00 1.762631719756709714e+01 2.515538496402838220e+01 2.958772153539620220e+01 3.529779970667401301e+01 3.290112849072802703e+01 2.320162764513434794e+01 2.771652721361342486e+01 3.181831481510529258e+01 3.338000472792935369e+01 2.850238427043718303e+01 2.213519294466909315e+01 1.223860231732458992e+01 1.045480817754215863e+01 1.166516328570473426e+01 2.146249980449582750e+01 1.622208675714960791e+01 2.010641671785151985e+01 2.858863330644474843e+01 2.846104205370413354e+01 2.954150633597965481e+01 3.754391094747681024e+01 4.167742165015624067e+01 4.642252534681865939e+01 5.208550626193054711e+01 4.646167101316621739e+01 4.217999088457707302e+01 4.646227838391908449e+01 4.791443260598435216e+01 5.226504610756818892e+01 5.038529184415479278e+01 4.588036737838491064e+01 4.181401241795237667e+01
1.309999999999999880e-02 1.503811984970253146e+00 3.011368707060515959e+00 1.300824577275139049e+01 1.729461332797409412e+01 1.110514014606787647e+01 1.557144955183526314e+01 2.131103609859956194e+01 3.118834933338808568e+01 3.705403059045134739e+01 3.000058239875856714e+01 3.705403059045134739e+01 3.622832401858110529e+01 2.640247041879762335e+01 1.950733895528671269e+01 1.466931877338259582e+01 2.021661294182599278e+01 1.045480817754215863e+01 2.110597705331751683e+01 1.331491407660053916e+01 2.294634859082620792e+01 1.654576207621711603e+01 3.141564358287831737e+01 3.836852309668284278e+01 3.946704200144001362e+01 4.363746818198686839e+01 5.129709096975838634e+01 4.724800584878470033e+01 4.241013508628210360e+01 4.928065074476549512e+01 5.061433494857721627e+01 4.654925589046278844e+01 5.061355115765877599e+01 5.337329213156829155e+01 4.342315497000987534e+01 3.634851394912123368e+01 3.172266871288382362e+01
1.349999999999999985e-02 1.001349999999996321e+01 1.300828867240009323e+01 1.714895307893060661e+01 2.369255362074486726e+01 2.093788843961964474e+01 1.643980460389950693e+01 2.140978947558348722e+01 2.839292734898346282e+01 3.827201314480188188e+01 3.990366624368971316e+01 3.974989675239603315e+01 2.980567976538594976e+01 2.699907927106115935e+01 1.725457969717906792e+01 2.440944729531923230e+01 2.316457098296126915e+01 2.898782632550575400e+01 2.636420742806292594e+01 2.294634859082616885e+01 1.494712988399826514e+01 2.451819365464843159e+01 3.042492978168261786e+01 3.400745769704460031e+01 3.815070473893648995e+01 4.312595273289235820e+01 4.724801192998363319e+01 3.751567799002430803e+01 3.548832654434961853e+01 4.440558089221489269e+01 4.571529637759492459e+01 3.676262704716305763e+01 4.571033378217173038e+01 5.085763515462149797e+01 5.033067274061911434e+01 4.587981092067608557e+01 4.181401241795237667e+01
1.349999999999999985e-02 1.001349999999996321e+01 1.548565064750230746e+01 1.867838556185228782e+01 2.282286412523219354e+01 2.740409179959715047e+01 2.634811703597405241e+01 3.045119017097773195e+01 3.539609462821272245e+01 3.650467682242202727e+01 4.064056169437061783e+01 3.679402525809413049e+01 2.691286997306858808e+01 2.003392997847273449e+01 2.694896491223576263e+01 3.105006188298369096e+01 3.408010148380441962e+01 3.591614355088324118e+01 2.636028069682249253e+01 1.682041463532614145e+01 2.451819365491037672e+01 1.828293354078476796e+01 2.102573538723861546e+01 2.429096306939333871e+01 2.905382635818055093e+01 3.896108903590924655e+01 4.724792317942369380e+01 3.751567769223672855e+01 3.043357078063472798e+01 3.632671612057462340e+01 3.669523622987929912e+01 3.173487328941151375e+01 4.165577556866696085e+01 4.132741008461421472e+01 5.092875622136673996e+01 4.699759509715169514e+01 4.217847067618911439e+01
1.359999999999999924e-02 2.686215063940120995e+00 5.459758045202193877e+00 8.622526029539709924e+00 1.310241892432751065e+01 2.024956464374499987e+01 3.048203617414320732e+01 3.353260210485785819e+01 2.947269540342384175e+01 2.655995332931918895e+01 3.650467682242202727e+01 3.962656641627485499e+01 2.913313696505028361e+01 2.193831892230422298e+01 2.452059900631696721e+01 3.053193497918299926e+01 4.008222768951735304e+01 3.188447347324152403e+01 2.227356784173509396e+01 1.682041463532614145e+01 2.636028192642182688e+01 2.779756501818910408e+01 2.600518152574143471e+01 3.057215807675763131e+01 3.815070473893648995e+01 4.312595273018624198e+01 4.493003331904325393e+01 4.077166276973327541e+01 3.626815930656641029e+01 2.619254559813759542e+01 2.657584313283364352e+01 2.987032031665832577e+01 3.328223493834377678e+01 3.901807254068610575e+01 4.872152184179161338e+01 4.306936725971641522e+01 3.324800921747645788e+01
1.369999999999999864e-02 1.001369999999996274e+01 1.548565064750230746e+01 1.867838556185228782e+01 2.286241278792708442e+01 2.748233735715970028e+01 3.230969757706007073e+01 2.814923993656520906e+01 1.950112578205056124e+01 2.902939892184082638e+01 3.317261943183065398e+01 3.816112010837284174e+01 3.661454985891610647e+01 2.530107672081281933e+01 3.332915095172347719e+01 3.731725372210350145e+01 3.990116977862768266e+01 3.027333872818128668e+01 2.636028205975541994e+01 1.682041463532614145e+01 1.926728304566601579e+01 2.882916222195511580e+01 3.577275698297060558e+01 3.991427617534439776e+01 4.461690538776840498e+01 4.649466004990151191e+01 3.727658369565074281e+01 3.078992514377427980e+01 3.236395849182673601e+01 2.349311710514632878e+01 3.371303460159263210e+01 3.488524894989197378e+01 4.311923328037327252e+01 4.714072101994300823e+01 5.274449092321640364e+01 4.698342910358320523e+01 4.217692147099210587e+01
1.290000000000000001e-02 7.083967811865485409e+00 1.708396781186555202e+01 2.436201424095409251e+01 2.850471855144673583e+01 2.940341458115125306e+01 2.639976327089135566e+01 1.807523186872695220e+01 1.572185915714450566e+01 1.905497658660787508e+01 2.405150948302616243e+01 3.401357310993431327e+01 4.089683390103489558e+01 3.160925634685465724e+01 3.370253041898511270e+01 4.351061146482460629e+01 3.818881543546136470e+01 2.756389254499285357e+01 2.067864513970846474e+01 1.905659841065829951e+01 2.860760990360972045e+01 2.294282357164971486e+01 2.717829896214615815e+01 3.280291152104754104e+01 4.282165966339695728e+01 4.552956157592030451e+01 3.608063841665407523e+01 2.916515677319764066e+01 2.063635528827504118e+01 2.196003974543636161e+01 3.211694643085489531e+01 4.168665777662420879e+01 4.474876421949821292e+01 5.453390898579971946e+01 4.733264432475299799e+01 4.238768818810203243e+01 3.832664064212234933e+01
1.379999999999999977e-02 1.001379999999996251e+01 1.533424689401793017e+01 1.436195747833561320e+01 2.273040666958322120e+01 1.940500948117808377e+01 1.940514197465812885e+01 1.229191555488847065e+01 2.229188431305761853e+01 2.902950295179316242e+01 3.317261943183065398e+01 3.816112010837284174e+01 4.597637873412168119e+01 3.910219464305393444e+01 4.078309640511852763e+01 4.317782941708262712e+01 3.224850222375859943e+01 2.623624701154992422e+01 3.027609397177168304e+01 2.139815890771204110e+01 3.101076838657713708e+01 2.717829896114989552e+01 3.262804116793956410e+01 4.120278727971192723e+01 4.699848968412123185e+01 4.831429517093548753e+01 3.884661125775468804e+01 3.857078749528389494e+01 3.057524964071603435e+01 2.063635528827504118e+01 2.762253358884671428e+01 3.708360735814039799e+01 4.146188948826049625e+01 4.706741942005217538e+01 4.332475917371674257e+01 3.334619625890903194e+01 2.814699677388829002e+01
1.359999999999999924e-02 1.192111301977578197e+00 1.119210983063038611e+01 8.588454762080298011e+00 1.541820773867970651e+01 1.677870660079529586e+01 9.405164208940350434e+00 1.940514197829836007e+01 2.643378084384727700e+01 3.586658141192677363e+01 3.331540018858142105e+01 3.745582244526576687e+01 4.322792276083993812e+01 4.885989874934957555e+01 5.009541531354390997e+01 4.868096989563817090e+01 4.099333871298127008e+01 3.652715581522344479e+01 3.069619807016236734e+01 2.389286734356875996e+01 3.360699143270960576e+01 3.280291080938852843e+01 4.120104497941225219e+01 4.675813733636682201e+01 4.574989119595586828e+01 4.160178679970827886e+01 4.046218355820024470e+01 3.638829695931072195e+01 2.633808677436957524e+01 1.966104762811353979e+01 2.300942952266328234e+01 2.751163783242640548e+01 3.333673327116410690e+01 4.303987997992737746e+01 4.733264433788210113e+01 4.238768818607286448e+01 3.473141249089043470e+01
1.359999999999999924e-02 1.001359999999996298e+01 2.894624363495075681e+00 4.116318807058129359e+00 5.418207916866365714e+00 6.779035551745907107e+00 8.911042715302004424e+00 1.891099098982332194e+01 2.172653591953112695e+01 2.754208490856149538e+01 2.331572480150273208e+01 2.908922224352544106e+01 3.908846662244139480e+01 4.138701496841375160e+01 4.138701496841375160e+01 4.552561591849006817e+01 4.652275502585731459e+01 4.478229605967977989e+01 3.672191161916313717e+01 2.687297756033779805e+01 3.671918939179499120e+01 4.282081631495902485e+01 4.699494534685337044e+01 4.432834649341482702e+01 4.021733121688200896e+01 3.109282867506283665e+01 2.983587886416425405e+01 3.019867967191754587e+01 2.738605929134413586e+01 1.878681199421142622e+01 2.261863916178068834e+01 2.833387991265270855e+01 3.545082749670473987e+01 4.522424765936506930e+01 5.008718494294677015e+01 4.615311217751830242e+01 4.467764495049772933e+01
1.319999999999999993e-02 1.001319999999996213e+01 1.289462437656378135e+01 1.118738660834572762e+01 1.119171060669195761e+01 1.677901909258751090e+01 1.891099098962973457e+01 1.215547113791720157e+01 1.465547113791701506e+01 1.754222248386329142e+01 2.461328532624654741e+01 3.461283259354434705e+01 3.845705614744445455e+01 3.138849637639889423e+01 3.138849637639889423e+01 4.138701496841375160e+01 3.652550946300953427e+01 4.359277186948610705e+01 4.087389112424289550e+01 3.378922324798208621e+01 3.378943477148124686e+01 4.381160052267853899e+01 4.597184313773912123e+01 3.600502560162365029e+01 2.974527607176026223e+01 2.546506314274246563e+01 2.169037712558096587e+01 1.933309568469610795e+01 1.748248007530248316e+01 2.153181971700468722e+01 2.807880870643562687e+01 3.661818783863872540e+01 3.451467616043252917e+01 3.869340747872431763e+01 4.458231878008427884e+01 3.660304795028947922e+01 4.458231878008427884e+01
1.019999999999999900e-02 7.081267811865485484e+00 1.708126781187853993e+01 2.118737663738056654e+01 2.119168874828580229e+01 2.533307850688471774e+01 2.629676600664680564e+01 2.215539457066080331e+01 2.465537327928043609e+01 2.754208491204266451e+01 3.168315175520741178e+01 3.345794521433873570e+01 2.931721492740640755e+01 2.431743518463253650e+01 3.079397405348712269e+01 3.368062286775356284e+01 2.945448475099152574e+01 3.652550946300953427e+01 4.652275502605515811e+01 4.379783305640058444e+01 4.381097749575219780e+01 4.801084660696584905e+01 5.006831842598454330e+01 4.432787037372371941e+01 4.021733116477643932e+01 3.651485954571269588e+01 3.302069804498545125e+01 3.019864094643964236e+01 2.599126278019292613e+01 1.613710675664250260e+01 2.460487381316636402e+01 2.742244439039911441e+01 2.448474591249769361e+01 3.451467616043252917e+01 4.063938010970876746e+01 3.093169754482556399e+01 4.063938010970876746e+01
7.249999999999999500e-03 7.078317812455571456e+00 1.707831915130689282e+01 2.014431017554090175e+01 1.991274300507724249e+01 2.405453855327684920e+01 2.459315728824575231e+01 2.578236125027905246e+01 2.708426752583896757e+01 2.844492502481829277e+01 2.919442127147339150e+01 2.505329487003619704e+01 1.931743600954808215e+01 2.701442528975952939e+01 2.079422784929811741e+01 2.368097792356891773e+01 3.075204196124394684e+01 4.075084027645900164e+01 3.738782537045140231e+01 4.157874657371738181e+01 4.585988179698971834e+01 5.287974949633732535e+01 4.873856886433230073e+01 5.288572266283655665e+01 4.383770826243969765e+01 3.815253731516649083e+01 3.407153664450270725e+01 3.060623881805843283e+01 2.757757224815450670e+01 2.460481665354728165e+01 1.472189849993942978e+01 1.749446014633383228e+01 2.742209748192253116e+01 3.605179390509738369e+01 3.282853183808885689e+01 2.741620517809107938e+01 3.720719604589987028e+01
