output/example/elevation_000022.asc
nrows	75
cellsize	13.33333333
xllcorner	0
ncols	75
yllcorner	0
NODATA_value	-9999
[rows 51 to 67 of 75, columns 0 to 36 of 75]
1.369999999999999864e-02 2.787200981126147337e+00 5.673952327074279545e+00 9.007285660407623240e+00 1.400728566040763923e+01 2.400728566040770673e+01 2.098618569500465014e+01 1.092875992827949361e+01 1.092875992827949361e+01 1.718483597816375408e+01 1.765333052383840595e+01 1.349514198641274021e+01 6.903155572683304264e+00 1.693530877369120446e+01 1.419766540278149058e+01 4.380571876756760297e+00 4.333157919520686185e+00 1.414225359499479140e+01 2.176995793511956023e+01 2.433435395162250359e+01 1.338440908194898427e+01 6.179801549707464758e+00 6.893257247265733412e+00 2.931943504579880955e+00 3.423273394014633819e+00 1.373051073652610832e+01 1.858148072961694197e+01 1.648685935640761713e+01 1.913218748114292111e+01 1.169261809718330269e+01 2.322242179070552126e+01 3.181469939611598363e+01 3.041822827637502158e+01 2.608599257549404626e+01 2.149026866877332154e+01 1.335061832671613757e+01 1.446844977524968812e+01
1.290000000000000001e-02 1.001289999999996283e+01 1.567395232707431241e+01 1.900728566040768897e+01 2.314942128413866840e+01 2.814942128413868616e+01 2.513868479962796698e+01 1.804556159849527575e+01 1.543069739943871710e+01 2.513868404971738357e+01 2.663906019437804318e+01 1.659060553294562368e+01 9.475847198404750316e+00 1.953295019704373914e+01 1.586227499033257082e+01 5.889241422554604810e+00 1.414225459896820958e+01 7.535643950486490716e+00 1.759459079140436799e+01 2.574263929737522716e+01 2.096647957076176638e+01 1.093852213609965318e+01 1.643733819044295785e+01 8.903705283915623880e+00 1.371211864836030081e+01 4.132074873419936623e+00 1.444547107903656169e+01 4.857909299392266789e+00 7.386709939068004438e+00 1.889562215109343057e+01 2.519560364004119890e+01 2.355308542421046525e+01 2.036905084963198931e+01 2.051753402825468342e+01 1.183630635480193050e+01 2.140904922925887988e+01 2.380844517433406438e+01
1.329999999999999932e-02 1.001329999999996190e+01 1.443194688016395411e+01 1.710455929967060129e+01 1.999131064626712373e+01 2.352684455464371993e+01 2.766898194104023645e+01 2.808548024290455558e+01 2.124318593903888441e+01 2.962838804523601866e+01 2.427443803991141280e+01 1.421787789444633709e+01 1.953373012373226913e+01 2.369281433538154502e+01 1.759790694396325961e+01 7.482812329763073755e+00 1.759788914782001612e+01 1.759459079140436799e+01 1.142032679146331908e+01 2.158491759241812957e+01 2.631032103095839147e+01 1.892664073462106344e+01 2.329811685804043009e+01 1.913356913301533879e+01 1.842098710215952551e+01 1.444868349768453264e+01 4.857909299392266789e+00 1.510252838275295595e+01 1.661966261339133055e+01 1.721690779319176556e+01 1.772673689410335385e+01 1.280616920870806119e+01 1.908734981137885711e+01 1.038346236196628425e+01 2.051753400584868103e+01 1.891506823037838103e+01 2.834361053553917742e+01
1.369999999999999864e-02 2.195878902359925888e+00 4.431946879859719246e+00 7.104559298983966542e+00 9.991310644932104523e+00 1.352684455086485293e+01 1.930034724276114844e+01 2.930034725684445363e+01 2.833802364283775077e+01 3.136830818599097270e+01 2.133606081569164203e+01 2.133606081569164203e+01 2.843067660013342746e+01 2.814441835677500592e+01 1.943017650244542338e+01 9.228669669182165691e+00 1.943017593766188611e+01 2.574255977423193897e+01 2.158491759241812957e+01 1.653168979803936267e+01 2.665309690143716637e+01 2.957496370329934976e+01 2.892625132385225939e+01 1.822620421738215057e+01 1.557054323847961896e+01 4.857909299392266789e+00 1.475509975101728877e+01 5.679312354355019465e+00 6.323425987045164121e+00 6.979174853290984970e+00 7.638435049810474275e+00 8.297040612202295051e+00 8.948597114162591737e+00 1.910149331896212388e+01 2.375944637332510467e+01 2.854330832656503247e+01 3.263641634623662924e+01
1.319999999999999993e-02 1.001319999999996213e+01 1.443194688016370009e+01 1.259691268913949536e+01 1.706237845679791576e+01 2.352684455464371993e+01 2.766898209137476172e+01 3.344248761789599200e+01 3.834561948833568579e+01 3.552529238457523775e+01 3.136830818599097270e+01 3.136830818599097270e+01 2.981920827084918812e+01 1.972015356980489642e+01 1.379575940419904967e+01 1.943017650244542338e+01 1.272293683329140279e+01 2.293188355699124159e+01 3.078196010803304361e+01 2.165998030646146688e+01 3.065077614009074125e+01 3.007990608637113894e+01 2.562077105243512065e+01 1.824143616419073055e+01 7.474353983238843924e+00 1.559539464214661386e+01 1.793273059641892431e+01 9.939075885968080115e+00 7.826686508849152624e+00 1.722053535907607724e+01 1.277822043472009028e+01 1.803489358018723010e+01 1.910077447412187368e+01 1.011011525825040813e+01 2.023832773996845802e+01 2.551255183412848737e+01 3.027891340653097529e+01
1.349999999999999985e-02 7.084567811865461806e+00 1.708456781186539075e+01 2.259691269078513187e+01 2.673904868666070911e+01 3.120451634887802683e+01 3.622226264800401907e+01 4.036292166320964014e+01 3.864632822403537205e+01 3.573420275978656946e+01 3.573420275978656946e+01 3.985507391218921924e+01 3.395645702184432935e+01 2.814451047502443970e+01 1.893289162327753772e+01 2.586858419860612557e+01 1.569730993799021945e+01 2.108074427756320901e+01 3.115762819022891961e+01 2.876494158125979439e+01 3.574504658549076908e+01 2.562146839127472120e+01 1.464738497911964288e+01 1.051909298711203178e+01 1.279142305003557922e+01 2.264509382779283442e+01 2.212742614453580714e+01 1.803262703068302741e+01 9.260733031703567875e+00 1.957230543899270003e+01 2.284303796858817037e+01 2.229965451376580887e+01 2.431521333093490966e+01 2.019693706760945062e+01 1.127296387043446835e+01 2.139221795084903022e+01 2.056003090527127597e+01
1.369999999999999864e-02 1.001369999999996274e+01 1.823841852224151339e+01 2.401192120336355629e+01 3.329662972628018736e+01 2.915690431483086087e+01 2.623033706916617547e+01 3.622226264847378019e+01 2.874293626638856836e+01 2.584705886665853214e+01 2.584705886665853214e+01 3.573420275978656946e+01 4.082010769864336197e+01 3.318251211428889746e+01 2.611218379424431291e+01 2.944175966433254743e+01 1.933747431792653515e+01 2.586589008250932409e+01 3.526705821427486143e+01 3.874828733671193959e+01 3.452656584886600655e+01 2.377866014962010865e+01 2.410846586703187455e+01 1.315038261034213640e+01 2.051944127126985506e+01 2.801311713385181079e+01 2.717885198081176412e+01 1.687613232272804353e+01 1.075235013048816590e+01 2.123057195539952602e+01 2.863116783037946433e+01 3.130305487978705514e+01 2.496157322795457745e+01 1.486659573181149696e+01 2.138797881055399586e+01 1.251304956869295459e+01 1.340296354756815767e+01
1.379999999999999977e-02 4.096282904638636424e+00 9.869785596534871530e+00 1.986978559651880971e+01 2.471362750309100775e+01 1.922143532071544669e+01 2.623033706916641350e+01 3.622226265528149014e+01 2.874293626638856836e+01 1.888839603056767302e+01 2.680529379108126875e+01 2.680529379108126875e+01 3.402322657692107555e+01 3.814396475604139880e+01 3.612251191190067345e+01 3.359278881324078725e+01 2.443359642565743073e+01 3.358855139885029928e+01 3.998684521664826264e+01 4.492487275158032389e+01 3.887876650124055544e+01 3.303887902425097423e+01 2.214143531734330139e+01 1.639562739851882966e+01 2.745903814203980886e+01 3.544173458373192886e+01 3.135512306318437936e+01 2.402833089403676681e+01 1.357369279481416946e+01 1.402335225981543232e+01 2.147638395247551557e+01 3.161953885697890954e+01 2.764360964333211612e+01 1.759577593653951055e+01 2.672560291716614245e+01 1.969729529010076519e+01 2.351580830674474853e+01
1.309999999999999880e-02 1.001309999999996236e+01 1.823841852217696058e+01 2.088104260712094984e+01 1.494241491689239432e+01 2.471362750309100775e+01 3.329662972778247365e+01 3.127010062798859735e+01 2.562665702249188371e+01 1.574283793920898766e+01 1.692940099911988128e+01 2.043229405216447958e+01 2.414848508612005773e+01 3.111498699991854977e+01 4.104433800635080587e+01 3.860866130378682470e+01 3.445202876869203834e+01 3.860686731160985374e+01 3.931227585420746351e+01 3.520021746437948451e+01 4.203131727243740556e+01 3.745613638090053854e+01 3.115938780888083315e+01 2.012359373984754995e+01 3.115627550491081976e+01 3.423646759345750468e+01 2.412737533035084780e+01 1.816465145378879242e+01 2.402833091895876549e+01 1.692999825122153368e+01 2.258809478978836438e+01 3.272114311612806858e+01 3.052481061922538785e+01 2.054407794137935284e+01 3.052468818398238071e+01 2.970381626719872870e+01 2.518581527082309890e+01
1.349999999999999985e-02 1.001349999999996321e+01 1.773132075246943273e+01 1.143187704303516483e+01 1.799499114604215677e+01 2.784858718612248296e+01 2.648512307923004272e+01 2.249384745767564553e+01 1.726707128821231763e+01 1.284364353059650199e+01 1.860002780939469957e+01 2.847443705348134557e+01 3.402322657692107555e+01 3.814260312335139247e+01 3.870309510733893887e+01 4.273587789392374958e+01 4.153989618494179581e+01 3.653462171130109226e+01 2.968419342078450995e+01 2.844441555149061074e+01 3.520021746437948451e+01 4.492487275158032389e+01 3.556160908891044414e+01 2.579652316987940353e+01 3.554858858250262443e+01 3.843143691068926415e+01 2.854107183337034215e+01 2.281017658078897981e+01 2.999789059547840253e+01 1.987212255576336517e+01 2.999789059547840253e+01 3.688862714619295957e+01 3.382471587512561939e+01 2.392490506812613660e+01 3.382477414279127004e+01 3.110873665138518618e+01 2.025272455737851374e+01
1.369999999999999864e-02 1.001369999999996274e+01 8.677081954926965324e+00 1.773132075246927286e+01 2.498959546853422253e+01 2.552587236906181900e+01 2.020119221529327902e+01 1.315426709596577837e+01 1.019758120932471002e+01 2.016574195918515855e+01 2.687402166682153748e+01 3.258223305950839688e+01 4.077107187490527451e+01 3.716413988690362658e+01 2.908023796664934224e+01 3.715168514818250856e+01 3.747656793536111763e+01 2.784792489686974193e+01 2.291775549728932759e+01 3.250496811288871868e+01 3.705716730278054172e+01 4.196146844959963573e+01 4.110084446212699305e+01 3.659804514994310409e+01 4.076836188254234372e+01 4.349975932814677293e+01 3.711539094726714438e+01 2.865391781707009855e+01 3.379334169821291312e+01 2.375149346349812873e+01 2.815487245639707226e+01 3.819876619217549774e+01 3.787148114588280379e+01 2.891951029708855714e+01 3.787304946713346254e+01 3.110873747819849555e+01 2.787857369293292109e+01
1.290000000000000001e-02 1.001289999992676982e+01 6.961847796266646959e+00 1.575551379043897526e+01 2.430403424353249520e+01 1.965370611776125642e+01 1.240527926863431141e+01 7.756117293264794377e+00 1.776514062871874344e+01 2.426858595676114305e+01 2.928706555567073977e+01 2.758254556643479205e+01 3.687130976412512950e+01 3.314828606176381953e+01 2.353948223090956304e+01 2.834392946212403785e+01 3.077761134756976347e+01 2.676899722501242351e+01 1.996660557968081307e+01 2.341807523772867938e+01 2.820276237425728638e+01 3.783932939726648925e+01 4.241610281135628924e+01 3.831728535629314791e+01 3.865616160584674077e+01 4.270374837430006920e+01 4.295263053407376219e+01 3.875282342054542539e+01 3.795779407671385997e+01 2.955387526135418597e+01 3.795779408255196330e+01 4.237051704180723988e+01 4.276990264156455623e+01 3.873006159679940907e+01 4.276990264156455623e+01 4.205762267126388565e+01 3.890704269727307008e+01
1.359999999999999924e-02 1.001359971360188084e+01 5.322704506745611575e+00 9.941544545468950389e+00 1.665345473444901003e+01 1.347741814117448200e+01 5.503442543317746072e+00 1.554287056100532460e+01 2.187587528937267933e+01 2.387897519895111031e+01 1.991997828591415853e+01 2.928706555567073977e+01 3.531759328352733718e+01 3.716899783257676404e+01 2.834392946210471109e+01 1.865111141408659634e+01 2.421152747196435584e+01 1.703245920291140081e+01 2.394956202322133976e+01 3.300953129278122589e+01 3.705716730278043514e+01 4.194334021036770821e+01 3.657817323073330584e+01 2.822603357273648683e+01 2.878713162556861604e+01 3.595233963381822662e+01 4.558045917083495624e+01 4.278925198980126510e+01 3.863354330651768009e+01 3.958456661898894424e+01 4.375575999388918547e+01 4.276221370717787806e+01 3.874822661249736200e+01 4.276221370715434489e+01 4.812804920891822036e+01 4.405813831991392249e+01 4.812804920891579030e+01
1.379999999999999977e-02 7.453261236858780059e+00 6.090658455326827259e+00 2.925985878198810397e+00 2.152326171539147293e+00 3.342406758784866927e+00 1.342838898484947130e+01 1.914159447290664318e+01 1.938128709976646746e+01 1.433377556776112449e+01 2.387897345961669870e+01 2.840770916086685816e+01 2.554591810777647254e+01 3.246888500951187240e+01 2.614112215149720697e+01 2.211652553997593174e+01 1.438630384172064680e+01 2.420846447594958306e+01 3.077267804263539119e+01 3.761685632093415421e+01 3.766366581000982450e+01 3.352245780941388631e+01 3.244482349471761040e+01 2.197391453057659305e+01 2.932634565497133039e+01 3.349319118272202189e+01 3.937920124895785534e+01 3.668335764703935808e+01 2.783295215903946129e+01 3.668335725759149568e+01 3.883450809369765722e+01 3.806880734706635394e+01 2.948725585087681011e+01 3.806880734709127267e+01 4.310834046272672992e+01 3.393016883292825270e+01 4.310834046261964403e+01
1.349999999999999985e-02 3.788920476968046236e-01 7.445282619931511414e-01 1.110899945611675710e+00 1.499040488403888149e+00 1.051607828352046425e+01 1.026735110593998712e+01 1.736156876056654497e+01 9.612346809920806479e+00 1.930014325313678114e+01 2.509419320482214388e+01 1.847114690318857910e+01 1.847114908075560891e+01 2.415320220709653753e+01 2.011864376183005021e+01 1.222857875697053132e+01 2.211652554385492309e+01 2.822549930500939297e+01 3.300209766899812536e+01 3.577981152655597441e+01 3.181105910902200762e+01 2.332773370563361581e+01 2.584196014359743998e+01 1.869311706234435633e+01 1.869311706234435633e+01 2.496148064443503145e+01 3.528886214393781273e+01 3.231105728795579068e+01 2.104735044558514900e+01 3.231105728763043317e+01 2.952272450686834304e+01 2.952273351250369871e+01 2.492772055054713576e+01 3.411773294022984260e+01 3.394433555458997631e+01 2.889451753275357504e+01 3.899415357642106272e+01
1.359999999999999924e-02 1.001359858404054748e+01 1.078511409437804858e+01 7.944437988407568874e+00 1.116703648507760072e+01 2.046051061514361891e+00 1.003664512595373992e+01 1.226688100173982932e+01 6.730413293749012205e+00 1.611927159879806126e+01 1.686188280065234935e+01 1.132796197857284959e+01 2.133431853156195146e+01 1.818961803844716840e+01 1.018909836773451261e+01 2.011780001225664449e+01 2.611688498653128931e+01 3.007128042784653132e+01 2.324994282736971130e+01 2.610598976295508677e+01 2.732842108931585656e+01 1.773169461129496582e+01 1.541226636534221051e+01 2.451036562603303537e+01 2.852104951361888752e+01 2.605727323516386562e+01 2.954976576998604187e+01 2.693694219247168320e+01 1.688005872251662964e+01 2.392264051662328228e+01 2.627317937617928933e+01 2.058421224049819642e+01 2.789362621116189089e+01 3.208898102482143599e+01 2.385660494350350902e+01 2.945859561615589328e+01 3.342653363659777455e+01
1.290000000000000001e-02 7.151782877514034631e+00 1.720373187928786152e+01 1.717916246441194161e+01 1.636220888568074017e+01 1.256391949870756797e+01 2.592899988004539580e+00 2.981627175666877516e+00 1.227987464872401802e+01 1.376481934288457687e+01 7.003818308029251760e+00 1.541622781900446526e+01 1.796294538531489238e+01 8.237903089016842983e+00 1.655160868948591713e+01 1.706386073667484027e+01 1.731750141801457943e+01 2.099620171425817716e+01 1.674560633314278135e+01 2.290361336737014852e+01 2.308147510171487937e+01 1.437490492069800041e+01 2.051469713501312597e+01 1.272734634016320676e+01 2.099341008333470882e+01 1.432047601006935800e+01 2.194641526385238350e+01 1.793395559843048304e+01 1.354500312578069732e+01 1.403156922123426931e+01 1.951020906381187103e+01 2.450251384328088022e+01 1.754657631978882648e+01 2.404189430409264361e+01 2.622955215062163603e+01 1.944456830815816417e+01 2.713309744705679094e+01
