output/example/elevation_000326.asc
nrows	75
cellsize	13.33333333
xllcorner	0
ncols	75
yllcorner	0
NODATA_value	-9999
[rows 0 to 16 of 75, columns 0 to 36 of 75]
1.369999999999999864e-02 4.096182904638636657e+00 9.096182904638652644e+00 1.616725071664981428e+01 2.616725106757060715e+01 3.111712930820368683e+01 3.135302469849290929e+01 3.539064969651459336e+01 3.642652989142679587e+01 3.304150427275732937e+01 3.272260031109449585e+01 3.532868920794322065e+01 3.307273476769501031e+01 3.310712621287215285e+01 3.724227483291428342e+01 3.883329794606581231e+01 4.324798750392177737e+01 4.943319306411846981e+01 4.818243353601391021e+01 4.400405237848584505e+01 4.400405237848584505e+01 4.400405237848584505e+01 4.818243353601391021e+01 4.602326517044762255e+01 4.184036479614938742e+01 4.602326517044762255e+01 4.517425880263073168e+01 4.935124301644965783e+01 4.492975725524568276e+01 4.076259133957077552e+01 4.362123630085756787e+01 3.945457736792971559e+01 4.076259252704694092e+01 4.492980019105710454e+01 4.863354551995143993e+01 4.444556714754592264e+01 4.444556714766051897e+01
1.279999999999999888e-02 1.001279999999996306e+01 1.823831984022896435e+01 2.323831390934629226e+01 2.825592333107088550e+01 2.130047024238905351e+01 2.196989620098138118e+01 2.823900895491318508e+01 2.177656173930912331e+01 2.131327978388152289e+01 2.290867807804839629e+01 2.563379827464870431e+01 2.381300479232564271e+01 2.416080768274017387e+01 3.225553703415157258e+01 2.811045941446858976e+01 3.428259548741114315e+01 4.504967311029885479e+01 4.400405237848584505e+01 3.385539087150250737e+01 3.385539087150250737e+01 3.385539087150250737e+01 4.400405237848584505e+01 4.094847717748907456e+01 3.166959715882740767e+01 3.799617587527250606e+01 3.502291657496338217e+01 4.517425880263073168e+01 4.076259133957077552e+01 3.064478267894463315e+01 3.360819368804241236e+01 2.932835177632079393e+01 3.064478269203189598e+01 4.076259468321131152e+01 4.444556714735987413e+01 3.426263471014814144e+01 3.426263471014813433e+01
1.299999999999999940e-02 1.001299999999996260e+01 1.742331494047004270e+01 1.823208678066639266e+01 2.029390478690406496e+01 1.446801946875334544e+01 1.914067926050440960e+01 2.117639060451515931e+01 8.939051237101125480e+00 1.964355021093906828e+01 1.623711505704813618e+01 2.424901969114766231e+01 1.735505825752399645e+01 1.925739440347197373e+01 2.231761685888410796e+01 3.264246423575519174e+01 3.944542740819712634e+01 4.447210053584121425e+01 4.400405237848583084e+01 3.385539087150250737e+01 2.661046424794705700e+01 3.282027071091125947e+01 3.702272774957053514e+01 3.675498096116506019e+01 2.652757411654553721e+01 2.778259310007264915e+01 3.502291657495571542e+01 4.517425874907532091e+01 4.076271217265539093e+01 3.064478298082987706e+01 2.346016059217035377e+01 2.346016059217035377e+01 3.064478267897083441e+01 4.076259152498531080e+01 4.447772219916630121e+01 3.724510377799823146e+01 2.697734341672973102e+01
1.369999999999999864e-02 1.001369999999996274e+01 8.934485741412911963e+00 6.363003409772201913e+00 1.220762283345110255e+01 1.490873693801161437e+01 9.273035903466318786e+00 1.706563522516697162e+01 8.939051237101125480e+00 1.037902171604424773e+01 2.029638995277170466e+01 1.491339636447082562e+01 2.424901969116683631e+01 2.276328604063275662e+01 2.276839995958771112e+01 2.588577815547782279e+01 3.025452191437992866e+01 4.014655536350070975e+01 4.407105436875490767e+01 3.991036082847081445e+01 3.282027071091125947e+01 2.260700676199974879e+01 3.282027071023293985e+01 3.288938449002052522e+01 2.266770708193181960e+01 3.288938424534704552e+01 3.434435806934870783e+01 4.450823629614745158e+01 4.076253866770183976e+01 3.064478241722155971e+01 2.346016059217035377e+01 3.360822005900544696e+01 3.360822018979430936e+01 4.371195915956188571e+01 4.028139749279294080e+01 3.007224459506242908e+01 2.427996482713857418e+01
1.290000000000000001e-02 9.578111825230667398e-01 1.906969178275735199e+00 2.884068502181381444e+00 3.887724678184289573e+00 4.912998819270494089e+00 5.958547358408854855e+00 7.069752318614790809e+00 9.564108142476660746e+00 1.928369538299166663e+01 1.257887527926549076e+01 2.206159897292834415e+01 2.821071437611480093e+01 2.667707229361501220e+01 3.167989010180302856e+01 2.989377815085416401e+01 3.944542740819712634e+01 4.447210053584120715e+01 3.991036082854255085e+01 2.987203079073194090e+01 3.041298131178000830e+01 2.030337293257282383e+01 2.721604246263348159e+01 2.767331702701958207e+01 2.036006911296883359e+01 2.412052411620759784e+01 3.136226611087018412e+01 4.154376518842362742e+01 4.092229175901716332e+01 3.153675609321506457e+01 2.137609837973734628e+01 3.153675595819484201e+01 3.829765512405506911e+01 4.413002144677364669e+01 3.917026567077531496e+01 2.895318452471180493e+01 2.182848827575721629e+01
1.299999999999999940e-02 1.001299999999996260e+01 7.680672396812913583e+00 1.289076925227150561e+01 1.096078416487853957e+01 1.197463819276620534e+01 1.595040879297494563e+01 1.114594008886258614e+01 1.915041048063990203e+01 1.345431356045751592e+01 2.205409732632138997e+01 2.206159898344633064e+01 3.144995137948673403e+01 3.491551290109451600e+01 3.900822504354643172e+01 3.962717690701246198e+01 4.391882116721320983e+01 4.492863241192299029e+01 3.489208925202736822e+01 2.779265449215768058e+01 2.278882623591124457e+01 1.957716872110959372e+01 1.735946516590840361e+01 1.777334726994416059e+01 2.767331712914579001e+01 3.434435807848121414e+01 3.854500260373009013e+01 4.251101468656373328e+01 3.240451352722619305e+01 2.661262173730803227e+01 1.939878251710743484e+01 2.397064109152805855e+01 2.984372102587462905e+01 3.996226823155423347e+01 3.708475066494855099e+01 2.689646195557075714e+01 1.986743614617375897e+01
1.299999999999999940e-02 1.001299999999996260e+01 1.768096552272555755e+01 2.181885316473244174e+01 2.095784075847582528e+01 2.188700754957902106e+01 2.511563301605905707e+01 1.821002149347360799e+01 2.104140207913150107e+01 2.304136590137821017e+01 1.760104265326815209e+01 2.233769369577588648e+01 2.900506795937232951e+01 3.866191028583602929e+01 4.029637607148507072e+01 3.612050497231476953e+01 3.927729420585544773e+01 4.331962828914284103e+01 4.199164367208329907e+01 3.456080678901827241e+01 2.883673383937442836e+01 2.428977431783747676e+01 1.544555712134388692e+01 2.507583770000460888e+01 3.157882913519756585e+01 3.321671408480124654e+01 3.741977939982833590e+01 3.956034472673393765e+01 2.944047119601975382e+01 2.224264082355615102e+01 1.769536093281461220e+01 2.785998995965648817e+01 3.553335997485100961e+01 3.990897065626951701e+01 3.506468693168798723e+01 2.796311976964112134e+01 1.817858920967220371e+01
1.290000000000000001e-02 7.083967811865485409e+00 1.708396781192175240e+01 2.124094503014964630e+01 2.538308060541181987e+01 2.571755228876163812e+01 2.985968801063387801e+01 2.834918721393815844e+01 3.076488799334340385e+01 3.109100726249562285e+01 2.233769369577657216e+01 3.109097375276085984e+01 3.587822817956410404e+01 3.840519344612086172e+01 3.417802896368132082e+01 2.701052145935281601e+01 3.089241081188933080e+01 3.804853048737496835e+01 3.948297638108142849e+01 3.040069411098284036e+01 1.917623245722814218e+01 1.723820792932021817e+01 1.425122870705922118e+01 2.308662425413032793e+01 2.577393148001006296e+01 2.334699566748924227e+01 3.323935148004487417e+01 3.994522461115255396e+01 2.985304211175158784e+01 2.629155227007563411e+01 1.622698172145866380e+01 2.587057228062992920e+01 2.557184058490315337e+01 3.565628104246302854e+01 3.047175802204235140e+01 1.972756925679690099e+01 1.656167911679753146e+01
1.349999999999999985e-02 1.001349999999996321e+01 1.357761997321290437e+01 1.124094503017649238e+01 1.755258647897001012e+01 1.571755228812938832e+01 2.427671102961127758e+01 3.017209239579716495e+01 3.431422805268780252e+01 3.587835341846737691e+01 3.183349397966105698e+01 3.587835341856923321e+01 4.126758471371480397e+01 3.139557090222211144e+01 2.435945265651051983e+01 2.243815702567130188e+01 2.473725826600576028e+01 3.068260390470670274e+01 3.034251513280907275e+01 3.495742302740000440e+01 2.899576257500281784e+01 2.377424271505705988e+01 1.298657926680059305e+01 1.712111188441201648e+01 1.656170620451363718e+01 2.626380217303612952e+01 3.440237714587627238e+01 3.042847799840081890e+01 2.982146093363195760e+01 1.972540443400305676e+01 1.491945523638210425e+01 1.848883339636460832e+01 2.863197123075946848e+01 3.706188005337335056e+01 3.161267073016562890e+01 2.381152989891380045e+01 1.499104107543579900e+01
1.379999999999999977e-02 1.781566952966368689e+00 3.577619973234116735e+00 5.467442338280256386e+00 7.552586478851007534e+00 1.013457537632262628e+01 2.013457537645260942e+01 2.017209239533114484e+01 2.724316020719703602e+01 3.724316020878667644e+01 3.741267436516500311e+01 4.140485215073250203e+01 3.916989022494397688e+01 3.491605231337127435e+01 2.503901337901834978e+01 1.838652417136933792e+01 2.475012791832119419e+01 2.115042100025888416e+01 3.068259918864223224e+01 3.351810716324947492e+01 2.926628499852751375e+01 2.769691491894804969e+01 1.993029920193474780e+01 1.129219555433553168e+01 2.122907047334156161e+01 2.556961504080737413e+01 2.744250920842191022e+01 2.085452911115067565e+01 2.578911080312228776e+01 2.170074382574925664e+01 1.384524304594185828e+01 2.329929353030783545e+01 3.231256209496403642e+01 2.752693819453237367e+01 2.666034163861028716e+01 1.887895041561136011e+01 2.191046125773697284e+01
1.290000000000000001e-02 1.001289999999996283e+01 1.357761997323367531e+01 1.546744233828115433e+01 1.332608917074724353e+01 2.013457537639233408e+01 1.439858970343484934e+01 2.439858970363182422e+01 3.431422805268780252e+01 3.589910708219295543e+01 2.791858607898210209e+01 3.316337617435981855e+01 2.967275762611907197e+01 3.642475276247341043e+01 3.204482174825130159e+01 2.475012721211358624e+01 1.556612191289620206e+01 2.202095761288538611e+01 3.136743560858347024e+01 2.810018255980547153e+01 2.024723434883248530e+01 2.525199187247825705e+01 2.017118202850217656e+01 1.027533652317651480e+01 1.864227230826687531e+01 1.610477554154602586e+01 1.665568370532348652e+01 1.540782306920572786e+01 2.069634009703215582e+01 1.238732559404490807e+01 2.125402487037146670e+01 2.591446831767549597e+01 2.722632950874175961e+01 2.701628126139629416e+01 1.804386905891653470e+01 1.882249901801220915e+01 1.213900412916684424e+01
1.359999999999999924e-02 1.001359999999996298e+01 1.650945391021911135e+01 2.065374081463554390e+01 2.332608916990421832e+01 2.746822438991086912e+01 2.146965751530040478e+01 2.854072534715056264e+01 3.295144413391865612e+01 3.193125993742723878e+01 2.223305239620137641e+01 2.350234738313126570e+01 2.277402924992820488e+01 3.245440336248707780e+01 2.979872725003696488e+01 2.020384567021395128e+01 1.379151043629544837e+01 1.449427773963797250e+01 2.828092374921413210e+01 2.405912894363671839e+01 1.587191349419470754e+01 1.688019466746406039e+01 2.020048698358532135e+01 1.754762420721659311e+01 8.955526375203600509e+00 1.603733283140684662e+01 8.524035942334586835e+00 1.806901595749945244e+01 1.432944843419306302e+01 1.331470989250184722e+01 1.087618042965381271e+01 1.798792625335201834e+01 1.755040555625660659e+01 2.079651963758369959e+01 1.819136122953842616e+01 1.142946067998029669e+01 2.109927182612164742e+01
1.349999999999999985e-02 3.175777660169926353e+00 6.509110993602001294e+00 1.150911132582919194e+01 1.858024267176753952e+01 2.858236506542317912e+01 3.146965751597290151e+01 3.008526233278087858e+01 2.324204291985028803e+01 2.691748911515271558e+01 2.288875257992172152e+01 1.629350207261155248e+01 2.350234738313126570e+01 3.316337617435954854e+01 2.685839919621309946e+01 1.737983303871718022e+01 1.179746687756976087e+01 1.916108113413426750e+01 1.944750671383703988e+01 2.591928652633220409e+01 1.932660178194169376e+01 1.131842404768512367e+01 1.380873146575352450e+01 7.635688477990476564e+00 7.970980711154645348e+00 7.970980711154645348e+00 1.785023306834681378e+01 8.524035942334586835e+00 8.919541320185258471e+00 9.312787645491271249e+00 9.691804943277556816e+00 1.009508909034406798e+01 1.050704752418636545e+01 1.092980180930273271e+01 1.092980180930273271e+01 1.092980180930273271e+01 2.075639180738665601e+01
1.319999999999999993e-02 1.001319999951542172e+01 1.650929580392191909e+01 2.065232456931797955e+01 2.565510475791400680e+01 2.429064466644040365e+01 2.839059243578629221e+01 2.608586069419001774e+01 1.606177044921030017e+01 1.974628006645929901e+01 1.270614261907053510e+01 2.288875257992172152e+01 3.031658960018670612e+01 3.266735401159026253e+01 3.094310930249923075e+01 2.540213024950287490e+01 1.636677310246668782e+01 9.075281149127352620e+00 1.701158960586289837e+01 1.617461870761765041e+01 1.636990444999267069e+01 1.628717755293257596e+01 7.175494332518222329e+00 1.705918313141366838e+01 7.970980711154645348e+00 1.499966858689288962e+01 2.181665321265995061e+01 1.786528825946587062e+01 1.096982639954706684e+01 1.781126590103409413e+01 1.931980662254936476e+01 1.070823440053813513e+01 1.983310122940610398e+01 2.077751110463709594e+01 1.092980180930273271e+01 2.079442970214678255e+01 2.079604858556247038e+01
1.299999999999999940e-02 4.485135945522834788e+00 1.025863394081412672e+01 2.025595680419052513e+01 2.277820772488804835e+01 1.464311364772929913e+01 2.277820772488804835e+01 2.303058065884930272e+01 1.974628006645930256e+01 9.536878253465941313e+00 1.706514710946753510e+01 2.116430093232339615e+01 2.669716902980561812e+01 2.314035715702783946e+01 2.990789570285162569e+01 3.010232641022942701e+01 2.300578359232994430e+01 1.700161278915056684e+01 7.101781943238505868e+00 1.578005379421469456e+01 7.897600914256043048e+00 6.702794936904409973e+00 1.651911302826322014e+01 7.175494332518222329e+00 1.885779487085527606e+01 2.484277777150109401e+01 2.364415129624913803e+01 1.389459390221532686e+01 2.089347428588484590e+01 2.398348173248376014e+01 1.601895995432709441e+01 2.259216468677563938e+01 2.234989913648896831e+01 2.490839920531042040e+01 2.079692909918391663e+01 1.217058702966484596e+01 2.197194716298570327e+01
1.349999999999999985e-02 1.001349999878806329e+01 1.862067957261619711e+01 2.438320771830830225e+01 1.871643552988968651e+01 8.871008696849862929e+00 1.398470729678850510e+01 1.223542575336518645e+01 1.828195874763687101e+01 1.457158265337771930e+01 6.887937666078768117e+00 1.706455646846498908e+01 1.723088873940196919e+01 1.653273284164709267e+01 2.591059048656863339e+01 2.556570072587060949e+01 2.164808691755394676e+01 1.257695213302227799e+01 1.270875768514125603e+01 5.862652828922684023e+00 6.209701168837600704e+00 8.794296552943874801e+00 2.017742046884877993e+01 1.529281226866664767e+01 1.635481026130745974e+01 2.699077115961086903e+01 1.715221388849698769e+01 2.364590933834042730e+01 2.777606439609185784e+01 2.860514495582222594e+01 1.915510175311583652e+01 2.860515229842951257e+01 3.267956350896533735e+01 2.738136157952008531e+01 1.783075333063908019e+01 1.304524354000858111e+01 1.558793643748061619e+01
1.369999999999999864e-02 7.087468666238340376e+00 1.710595468637199090e+01 1.677316201382337013e+01 1.348456685035956681e+01 1.053106274130076336e+01 4.018719942345589047e+00 5.568926547066807231e+00 1.203971141744230344e+01 4.428029695970304047e+00 1.435015786752093270e+01 1.595736522672164348e+01 1.010364786232066336e+01 1.856405079635065647e+01 2.027988204625171420e+01 1.481857826125079747e+01 1.698894317349440541e+01 1.484626472867449110e+01 5.395105302722911667e+00 1.531810794442639789e+01 1.152942623604763384e+01 1.667466074689915345e+01 2.540778216959992264e+01 2.748219617557983696e+01 2.534540553286196030e+01 2.992929031510051985e+01 1.995587809922261968e+01 2.522761968542208777e+01 3.518258496745441732e+01 3.178487674444536992e+01 2.231792403504489641e+01 3.178498694549009684e+01 3.641008273236647597e+01 2.696343373320157610e+01 2.316439737924649833e+01 1.397843263065210806e+01 2.369127388577877014e+01
