output/example/elevation_average_000002.asc
nrows	75
cellsize	133.333333333
xllcorner	0
ncols	75
yllcorner	0
NODATA_value	-9999
[rows 51 to 67 of 75, columns 37 to 73 of 75]
9.961952857253346849e+01 9.978110688807439033e+01 9.986619439548049115e+01 9.976654005311276308e+01 9.950908145266298277e+01 9.964190943015118762e+01 9.988784282882808441e+01 9.986622654565434232e+01 9.970454977178199840e+01 9.991685710086932204e+01 9.998325134336776898e+01 1.001377165830263891e+02 9.998227933619149610e+01 9.980807955031508527e+01 9.973869037954813166e+01 9.975832716343731477e+01 9.965622541431747550e+01 9.978725002039645631e+01 9.985397980968269849e+01 9.965526755773103673e+01 1.000057609795151308e+02 9.984613713240736388e+01 9.995985760430934874e+01 9.984524198817379670e+01 9.987670119004768310e+01 9.996746646830250427e+01 9.984610733489886059e+01 9.957623431952229964e+01 9.954932012153099663e+01 9.951580939412822602e+01 9.980945847383333103e+01 9.967295908129561610e+01 9.956725706663495146e+01 9.959545082962853257e+01 9.985366772354835518e+01 9.954540947121721217e+01 9.956785325703316403e+01
9.992740800312009242e+01 9.953232478209079659e+01 9.978565623780968963e+01 9.959797717006350126e+01 9.975806050801011793e+01 9.968233117450013481e+01 9.952568785791886796e+01 9.953573973862653190e+01 9.968003068688886970e+01 9.961814898023636999e+01 9.993406537083923524e+01 1.000297946899298438e+02 1.000614579998198650e+02 9.995944516674475722e+01 9.958196755104931697e+01 9.980864298891887643e+01 9.982691570320672270e+01 9.991560802729549096e+01 1.000373017751180242e+02 9.967967225794977537e+01 9.979570348841389205e+01 9.984391259213850844e+01 9.968201483371102256e+01 9.976855588270046837e+01 9.970384082716751095e+01 9.975009486967523742e+01 9.965970780148231256e+01 9.975393598787286464e+01 9.952703103468670065e+01 9.975656024913702424e+01 9.982494330739589827e+01 9.971659586182754254e+01 9.954930448375243657e+01 9.982559169738884464e+01 9.960126947359249527e+01 9.976674586407931145e+01 9.965552837199487612e+01
9.955207029663664287e+01 9.989820347342272555e+01 9.960068543157917986e+01 9.997032051942852604e+01 9.983361708768626386e+01 9.973662792693060908e+01 9.951244783153961748e+01 9.963990705054837349e+01 9.979295811727193666e+01 9.993317935688517650e+01 9.988882097694741447e+01 9.985884003897088235e+01 9.996534953255576283e+01 9.966017158674429766e+01 9.954370968082878335e+01 9.989873931902496906e+01 9.953860660225601009e+01 9.994855285599074080e+01 9.972381488257013871e+01 9.995603768050628446e+01 9.973184979664029015e+01 1.000563555784856931e+02 9.971449064395994810e+01 9.991643009040210188e+01 9.977510652185570450e+01 9.959561619125430809e+01 9.976745101653739312e+01 1.000256185356562924e+02 9.991841406585552932e+01 9.978442364724905644e+01 9.977902110876176778e+01 9.985778062630222962e+01 9.975134889857682197e+01 9.956574480182156606e+01 9.963362867282781110e+01 9.997108863472314511e+01 9.966218753878931125e+01
9.962964756640600683e+01 9.971841397474410940e+01 9.967519940496744368e+01 9.955865076060167951e+01 9.978698269011933064e+01 9.973047402830603403e+01 9.968312926690181541e+01 9.954381100315686126e+01 9.979485695908286402e+01 9.993963346925669100e+01 9.969053743076977980e+01 9.972270599487195852e+01 9.962968757555509569e+01 9.998204043420568610e+01 9.981008562940881745e+01 9.974767392511417086e+01 9.953395419750668793e+01 9.990712334414898521e+01 9.990872647253983985e+01 9.983737110320707586e+01 9.991565361467510797e+01 9.982339934210912702e+01 9.979163750659743926e+01 9.956023034379541059e+01 9.970077282800014018e+01 9.991014758582709021e+01 9.979749621293643713e+01 9.995859543001098757e+01 9.994770682979230969e+01 1.000504552446564901e+02 9.971707177127746036e+01 9.997382974585902105e+01 1.000237836386751979e+02 9.966964105032877796e+01 9.960232503461409692e+01 9.994672421007109619e+01 9.962645722796462167e+01
1.000223222475861036e+02 9.993948797571005116e+01 9.956682483922116944e+01 9.984774485989107973e+01 9.952083512096177742e+01 9.983661466320944555e+01 9.985582735538758925e+01 9.990068372455269241e+01 9.976681143154725362e+01 1.000438571924771196e+02 9.982547514441797887e+01 9.975855195895397287e+01 9.982773025398566347e+01 9.959233056159051500e+01 9.964487723350363524e+01 9.966697941361074697e+01 9.957291596603545258e+01 9.987512777251056661e+01 9.984231598119235684e+01 9.986539240461539180e+01 9.976941937374232339e+01 9.984143931926550408e+01 9.958150809572607898e+01 9.956397227736168531e+01 9.984205419265146020e+01 9.987968498228742931e+01 9.959397349671590405e+01 9.992599078187177497e+01 9.963051393619123530e+01 9.993492295837158679e+01 9.985594068882829788e+01 9.975034551364431934e+01 1.000347164891871330e+02 1.000055417730748530e+02 9.977761918811161479e+01 9.999603782198140323e+01 9.983511414033183939e+01
9.988193270545943392e+01 9.964305005481941180e+01 9.993262798571922190e+01 9.983162366699781387e+01 9.951140663362517103e+01 9.950342564280461488e+01 9.969366264003669187e+01 9.979759658537999201e+01 9.955895159271729256e+01 9.977370982933041432e+01 9.986645501230439947e+01 9.959479333344349072e+01 9.993456066048565845e+01 9.978177065830412573e+01 1.000009815442331416e+02 9.960819018262458258e+01 9.960702742749447225e+01 9.962367152183337282e+01 9.980104692883685402e+01 9.963656623456465411e+01 9.951810653818186836e+01 9.971863820610568041e+01 9.963119747067086962e+01 9.957500156006989300e+01 9.996017379192223018e+01 9.956089223438397084e+01 9.954033145543625949e+01 9.967578118318677127e+01 9.984916126661438796e+01 9.990215199459257178e+01 9.973498023107450194e+01 9.986925199107467677e+01 9.978336149102051422e+01 9.981131298824530518e+01 1.000282979169043074e+02 9.998854241574905188e+01 9.966555397590191490e+01
9.991177232883609349e+01 9.978993321927917748e+01 9.971895776539018641e+01 9.974475673021650834e+01 9.964832717522681094e+01 9.992225388383951667e+01 9.994084807914430257e+01 9.954395764610084996e+01 9.975334059823482846e+01 9.963557867191786954e+01 9.954143614503462345e+01 9.971061108163635822e+01 9.967852063680157926e+01 9.978429857963017469e+01 9.964999830785883717e+01 9.956740067206061440e+01 9.953802942455395453e+01 9.976926113057521661e+01 9.987201934748269139e+01 9.984630817791121160e+01 9.956746643438893329e+01 9.957489084339120211e+01 9.985520466896136327e+01 9.963662810157768490e+01 9.995163126521013908e+01 9.956350238388871787e+01 9.953811227841143250e+01 9.988085031611313980e+01 9.968334506347909496e+01 9.978675137461095801e+01 9.962045119788209036e+01 9.973661828276570418e+01 9.968740819338623282e+01 1.000023743080135148e+02 9.999513770217403419e+01 9.964029318109778899e+01 9.984758869006627435e+01
9.967175252521346351e+01 9.997091647972025896e+01 9.987700543077757231e+01 9.965177225853506116e+01 9.992562309480639726e+01 9.982903151417103516e+01 9.960040561407710413e+01 9.979064204897245816e+01 9.972734842919965104e+01 9.966927268039091814e+01 9.989829078044448352e+01 9.953969756065069419e+01 9.955668032424195246e+01 9.990507198571367553e+01 1.000143912375202007e+02 9.995307665398239294e+01 9.970024617768669373e+01 9.969066884491350322e+01 9.966220942405301741e+01 9.975317508097000996e+01 9.971447119523654123e+01 9.979342736507470590e+01 9.998393138247008949e+01 9.981381676758670096e+01 9.989153399232429820e+01 9.956775511123181843e+01 9.983500161763083725e+01 9.972219243580015302e+01 9.964640194481061997e+01 9.974009700722868388e+01 9.971325004137295878e+01 9.960042474533995005e+01 9.960392550263969724e+01 9.983212833944361364e+01 9.999864950190516311e+01 9.980426472050815789e+01 9.984467352193829015e+01
9.982010569656782195e+01 9.987809299178823608e+01 9.997422384408169194e+01 9.972722945899320734e+01 9.991181886175978377e+01 9.970855061349151072e+01 9.960849238974633124e+01 9.995942561385469105e+01 9.984529006272134666e+01 9.968976787888901470e+01 9.975841058444157738e+01 9.963134917218302178e+01 9.971159165974296457e+01 9.981355131600692232e+01 1.000683114921960311e+02 9.984789619161780649e+01 9.986000155679469970e+01 9.956798238469380635e+01 9.973185916259150474e+01 9.977138398642726713e+01 9.990776516857484069e+01 9.979616551673788649e+01 9.993092383353979358e+01 1.000620099091766804e+02 1.000346841708832812e+02 9.975042706777271917e+01 9.987589983054712661e+01 9.981898328546711241e+01 9.987659341800683421e+01 9.986532459666040040e+01 9.989167521820029094e+01 9.971602110983327805e+01 9.958685551826945925e+01 9.984073185498984060e+01 9.977992106806993888e+01 1.000125733951750533e+02 9.986857377529477731e+01
9.973431256900994413e+01 9.950425037669607775e+01 9.958154183672255044e+01 9.977824569112804909e+01 9.951528446071706924e+01 9.954583331992319017e+01 9.985987079872629124e+01 9.975887191080425964e+01 9.999667615524620601e+01 9.970364249428067183e+01 9.987614446784313316e+01 9.952248739554734414e+01 9.961739203482628113e+01 9.966285977584560385e+01 9.995067638781091546e+01 9.970814849746264485e+01 9.963789780711702804e+01 9.958512989117633651e+01 9.956603733993681260e+01 9.983697376841222138e+01 9.990939437310977667e+01 9.958722004396211958e+01 9.995738965300721190e+01 9.994114624869870056e+01 9.972868724354113112e+01 9.970111330972947883e+01 9.985896712652211704e+01 9.993822947541360691e+01 9.987554047708421479e+01 9.996735501265351331e+01 9.995121259360544741e+01 9.995392285421984013e+01 9.962901950648385707e+01 9.967511153575873095e+01 9.986674451089319859e+01 9.962290369003167712e+01 9.950936199148418382e+01
9.969098574315728456e+01 9.952922138672171570e+01 9.985898274290615007e+01 9.995250814943969431e+01 9.979217513637915715e+01 9.980071697195775471e+01 9.954273847378098594e+01 9.969740112440240409e+01 9.964487164290652288e+01 9.957431925098029524e+01 9.985452609403708379e+01 9.981180874902318578e+01 9.997401971837344092e+01 9.989976067905355706e+01 9.980115236158503933e+01 9.972358725237114641e+01 9.979471846301224502e+01 9.995998799747135877e+01 9.956871762634889933e+01 9.990444489469393829e+01 9.996431868566988044e+01 9.984761279768136433e+01 9.990082561281975870e+01 9.989641283593259402e+01 9.966952379157154951e+01 9.971607240792567950e+01 9.996778948366485906e+01 9.991014932935290460e+01 9.986857279879852456e+01 9.962361818421024395e+01 9.972249027176798108e+01 1.000763977255396497e+02 9.984481022753497825e+01 9.996158177283196267e+01 9.996459430802862300e+01 9.981034246200430005e+01 9.957970512502943450e+01
9.975839034806305961e+01 9.966277944367102748e+01 9.989484223253171535e+01 9.957310977074548930e+01 9.993972665993953797e+01 9.960727393531668383e+01 9.954459617388219783e+01 9.994957031110075718e+01 9.996183679581234571e+01 9.955877635554432459e+01 9.983748505877760238e+01 1.000314174608011797e+02 9.968940506915987498e+01 9.955420833167192995e+01 9.958594749053121120e+01 9.968283887520874487e+01 9.986660033417308568e+01 9.988544522436859552e+01 9.994148777720324972e+01 9.972224016812069181e+01 9.964879346804141846e+01 9.986079669129789238e+01 9.961387202933515539e+01 9.987353785795531280e+01 9.991653886538738050e+01 9.961708910302137099e+01 9.982842328553570610e+01 9.952118799684851069e+01 9.956026924902906217e+01 9.966742581067254036e+01 9.965346842425543628e+01 9.978844123785438569e+01 9.979196060010360725e+01 9.958830395963488513e+01 9.985834886391023701e+01 9.955347674385859591e+01 9.954228778554697499e+01
9.992943442807991516e+01 9.974339657214592592e+01 9.992077634509062989e+01 9.966452864283233737e+01 9.995131113258595690e+01 9.961033181289168681e+01 9.963205693361975079e+01 9.957844728141266444e+01 9.982588778918457706e+01 9.972109161315633230e+01 9.968301358004794110e+01 9.967822422133906457e+01 9.992652961156858282e+01 9.969266428410777792e+01 9.962552020192208602e+01 9.960087766727863823e+01 9.959406189738825788e+01 9.971771793277775942e+01 1.000236451902565165e+02 9.990221167362319932e+01 9.996460125809463193e+01 9.965723978145510387e+01 9.957689482993473007e+01 9.995234043816638803e+01 9.971944598895866818e+01 9.973967045054891400e+01 9.965480072944848189e+01 9.955849489548640463e+01 9.980681336307132767e+01 9.970527773203743038e+01 9.951964591109690161e+01 9.978150505174919260e+01 9.962234681347683818e+01 9.979567221941310606e+01 9.954418765244088263e+01 9.993779679337838218e+01 9.973116715724728465e+01
9.993027414035888967e+01 9.998306944379898198e+01 9.996814478009922311e+01 9.966329986389948203e+01 9.968290504550765263e+01 9.992943627719492383e+01 9.951804272282390684e+01 9.959443496862654399e+01 9.954220384901627483e+01 9.990009229501960419e+01 9.961110142037060200e+01 9.987438404267732039e+01 9.969774868386423350e+01 9.973864708262408385e+01 9.967616088975974264e+01 9.950589526425540043e+01 9.964286866456703251e+01 9.997447051079356584e+01 9.990818637301210003e+01 9.974179484067501278e+01 9.974301394703248036e+01 9.955739421741911599e+01 9.988221594786551805e+01 9.993827870074380826e+01 9.978148387429096999e+01 1.000449205116831592e+02 9.997771321045949833e+01 9.964052166141267719e+01 9.986706142364222671e+01 9.994234793228324065e+01 9.960802402910141495e+01 9.965300149691996978e+01 9.989964476410517591e+01 9.958437481065507768e+01 9.994244575984538415e+01 9.953950515763419560e+01 9.979084271680837048e+01
9.961943546396250326e+01 9.980473305029676112e+01 9.955515873495997425e+01 9.989843616498468748e+01 9.981416059985818379e+01 9.958039623311326238e+01 9.987484987984176144e+01 9.981250985710612156e+01 9.981096053167725302e+01 9.985158060528230806e+01 9.977243321308976931e+01 9.976491096822336146e+01 9.954432959932937308e+01 9.984367800772652402e+01 9.963407968968117245e+01 9.951303631026166840e+01 9.974250008733410766e+01 9.959887710473164191e+01 9.955581975407245920e+01 9.954438595589336103e+01 9.994666426887189914e+01 9.986544236847447564e+01 9.988571606318693341e+01 9.990408398247213029e+01 9.976199957508860905e+01 9.967000936063715244e+01 9.969221878088048072e+01 9.967759582870600354e+01 9.972275375017898114e+01 9.963943372400134990e+01 9.961392206512920211e+01 9.977573763111155358e+01 9.991578409176416642e+01 9.963017785295323847e+01 9.984470277853452558e+01 9.975374934834535168e+01 9.981906102316258966e+01
9.978870709916790815e+01 9.953268620542233691e+01 9.988456622021273290e+01 9.958774080001447260e+01 9.973711586021273945e+01 9.964177584172871605e+01 9.979522647985304218e+01 1.000077239798453661e+02 9.981532818799459505e+01 9.981977672705964721e+01 1.000017900655168006e+02 9.963274056672727852e+01 9.985367445622445359e+01 9.986588098561587401e+01 9.960587590685905468e+01 9.984053941783130881e+01 9.963299685461913668e+01 9.974215916416153505e+01 9.986947692467643378e+01 9.967099018151637324e+01 9.976104030558748548e+01 9.972762637470972891e+01 9.978231071798194307e+01 9.970266581589856969e+01 9.993410996421027903e+01 9.958814218888601033e+01 9.954843084165065648e+01 9.981436380310034906e+01 9.984684561297663663e+01 9.984194889231991965e+01 9.990629580825043377e+01 9.973366388408761907e+01 9.995165257104409307e+01 9.977559869980217400e+01 9.971942652607356194e+01 9.966440341928145585e+01 9.953366239427482753e+01
9.993449163538195990e+01 9.990060108129493699e+01 9.978884896427993567e+01 9.960183523821434903e+01 9.982916975474701360e+01 9.983223622307252754e+01 9.970637057254742786e+01 9.969040285422545367e+01 9.971138255076168377e+01 9.976802853858315245e+01 1.000106419512408138e+02 9.975042174873547651e+01 1.000491953839879358e+02 1.000689236925716017e+02 9.998423940175955238e+01 9.987690208257902214e+01 9.961928480568428768e+01 9.952837125931753803e+01 9.963170968122507531e+01 9.966432887680880981e+01 9.979777319997550933e+01 9.959737677274053169e+01 9.991347210941192714e+01 9.973028155248495352e+01 9.992725573999470612e+01 9.955599576767923509e+01 9.977594374717251924e+01 9.964072829448588209e+01 9.993842189455678238e+01 9.953116523163987495e+01 9.967354308584252465e+01 9.975511048442530182e+01 9.957025282621765427e+01 9.970348509267979864e+01 9.967426617281697077e+01 9.970928944877877598e+01 9.950261582111481573e+01
