output/example/elevation_000076.asc
nrows	75
cellsize	13.33333333
xllcorner	0
ncols	75
yllcorner	0
NODATA_value	-9999
[rows 0 to 16 of 75, columns 37 to 73 of 75]
4.551905428355090777e+01 4.993793793330184627e+01 5.514016932573820640e+01 5.099117731056728076e+01 5.099117731056728076e+01 5.407969465804862352e+01 4.993344164061890211e+01 5.407969465804862352e+01 5.287336120800090811e+01 5.702384448288282925e+01 5.806814834016378057e+01 5.392011176712856724e+01 5.806814834016378057e+01 5.609920195804468790e+01 6.025119501631149888e+01 6.504570157813869002e+01 5.927338663600698254e+01 5.513931034016718513e+01 5.686632104063271953e+01 5.616652613803070437e+01 5.202993843269221230e+01 5.072767762106916223e+01 5.486522854100945779e+01 5.538963236635112963e+01 5.831475506946054566e+01 5.488584125662152502e+01 5.075111703922154760e+01 5.205398622625511251e+01 5.618422973598422487e+01 5.966531229709690365e+01 5.553491098040646534e+01 5.553491098040646534e+01 5.845954566044645162e+01 5.512444268685157311e+01 5.219420569349779271e+01 5.512444268685157311e+01 5.598855599185384335e+01
3.445492247141165620e+01 4.361702333975961920e+01 5.099117731056728076e+01 4.087525650471992122e+01 4.087525650471992122e+01 4.800771140751488986e+01 3.982243768340556045e+01 4.576005791658013067e+01 4.281363122000050225e+01 5.287336120800090811e+01 4.966210790870525926e+01 4.391229468637077105e+01 4.905304151386602030e+01 4.613442629523040495e+01 5.609920195804468790e+01 6.092147048703327528e+01 5.090647533516131062e+01 4.508379330353745473e+01 4.682270269050078326e+01 5.202994597538224752e+01 4.196922774924766486e+01 4.066131395827857631e+01 4.906696264926937090e+01 4.534407612910464991e+01 4.828635135259969502e+01 4.908274899619587472e+01 4.067124485665906519e+01 4.198126972500023868e+01 5.205398614252248990e+01 5.553491098040646534e+01 4.549363452409913577e+01 4.549363452409913577e+01 4.843465630638273467e+01 4.508746384731890799e+01 4.214375499034721884e+01 4.508746384731890799e+01 4.594964871534004658e+01
2.816344081979744374e+01 3.913117480346281241e+01 4.614308762119262042e+01 4.383814111080651799e+01 3.346028893390559489e+01 4.383814107482851341e+01 3.460320167665773994e+01 3.551330322076123025e+01 4.576005791658013067e+01 4.667664706898483473e+01 3.954321154394448712e+01 3.878231201849092002e+01 3.893930302538738886e+01 4.483882146738149999e+01 5.189920668744441912e+01 6.183650219345923915e+01 5.927338663600698254e+01 4.976441039760477025e+01 3.968333377540145079e+01 4.581028676337021466e+01 4.361522767032088410e+01 3.487943053559481399e+01 4.248172141218157805e+01 3.823243712019322516e+01 4.828635140508410473e+01 4.493150000174793490e+01 3.487627430803685513e+01 4.198126972473627916e+01 5.205398517956214732e+01 5.528939729544200077e+01 4.525346599395810188e+01 3.837484924865861302e+01 4.843465630638273467e+01 4.508746384731890799e+01 3.505725406957036938e+01 3.882947353064208329e+01 4.594964871534004658e+01
2.511906826217442656e+01 3.034255565518007458e+01 4.158833338190429885e+01 4.055637608960856255e+01 3.003771571926469264e+01 3.633932110761143974e+01 2.984910982083766484e+01 4.028293714542707704e+01 4.388429549712321887e+01 3.969282909665972880e+01 3.216716231116046742e+01 3.466899475476524373e+01 4.492412506574603981e+01 4.722453596276338317e+01 5.427111562534059175e+01 6.423325334433376099e+01 5.979018488686799770e+01 4.976441039760477025e+01 4.286249335237087621e+01 3.575154724028115538e+01 3.359797824532191157e+01 3.158938725890527266e+01 3.248557242806936074e+01 4.248171793107401584e+01 4.563713219645553920e+01 4.148258573898813495e+01 3.487627430803685513e+01 4.067124472332501028e+01 5.075111629953030246e+01 5.235958055867156702e+01 4.231001696547721735e+01 3.522274599446413390e+01 4.159077345483490973e+01 4.206324171770109643e+01 3.505725406957036938e+01 3.952669258247216533e+01 4.664708889539263481e+01
3.213201373945913275e+01 4.031650890531239639e+01 4.585126909759439684e+01 4.402658687540242255e+01 3.633932110761143974e+01 2.586033879904753263e+01 3.616800918789698471e+01 4.118132682448230497e+01 3.735943344086461337e+01 2.925756615623973644e+01 3.969282909665972880e+01 4.388429584267220207e+01 4.198031993853335564e+01 4.911430133508403628e+01 5.907287257635146460e+01 5.542681735892539763e+01 5.680680182895137165e+01 5.706629652753957771e+01 4.996439493995523407e+01 4.155339361430667111e+01 4.361524636123950671e+01 3.621316092292288147e+01 2.917234948348216150e+01 3.709152995652083717e+01 3.846369693339817530e+01 3.147006406310855198e+01 4.148258585572604318e+01 4.908271785010657595e+01 5.488577590461247269e+01 4.898825108482230917e+01 4.483094131430193130e+01 4.159077345483490973e+01 3.160920128819512698e+01 3.207485367903912987e+01 4.206324171770109643e+01 4.923784079384668644e+01 4.958622206120868015e+01
2.699636157091841326e+01 3.759894353002401601e+01 4.169264064934110792e+01 3.587233671681079983e+01 3.443509458909780818e+01 2.413053004867188278e+01 3.005399445876579634e+01 3.506692198880991640e+01 2.688180562991721700e+01 3.735943344086461337e+01 2.925756615623973644e+01 3.670416900387898096e+01 4.690809332681237009e+01 5.617603337738815128e+01 5.250767556025911631e+01 4.521991650991701306e+01 4.655559116488690563e+01 5.387000730802407844e+01 5.576925516980355013e+01 5.162540488398602179e+01 5.038112591204104262e+01 4.330022869581209477e+01 3.709152995652083717e+01 2.704055406316518173e+01 2.843211447249788648e+01 3.846369693339817530e+01 4.563714779317447778e+01 4.868707355701236850e+01 5.301253019310449588e+01 4.483099488940523969e+01 3.481714513000271438e+01 3.774988853380458664e+01 2.925427741651947144e+01 3.923809895195988418e+01 4.036385324655000062e+01 4.453373808691651448e+01 4.952432024088190587e+01
2.837238328960130573e+01 3.542301883197895052e+01 3.762404874698258084e+01 2.784984445805640263e+01 3.123078611687877171e+01 2.262801857197426614e+01 2.362145863156300152e+01 2.472403727783489202e+01 3.512126015324286499e+01 3.863680747577846830e+01 3.969282923399908469e+01 3.670416899345292450e+01 4.690808642576056542e+01 5.330198998715679437e+01 4.745576912980740047e+01 3.821872638068975192e+01 3.952733471765709083e+01 4.955810125301952240e+01 5.424764187612719724e+01 5.055289502409775793e+01 4.554854806046721194e+01 4.141169243342331185e+01 3.567006109673533842e+01 2.551569632938817733e+01 3.566946978918441857e+01 4.190293937343777486e+01 4.136411853075230738e+01 3.833085124223455153e+01 4.868707355701236850e+01 4.483070029075437191e+01 3.481714349603829106e+01 2.771600036411554768e+01 2.771600036411554768e+01 3.587029474489001757e+01 3.031594558951240970e+01 3.872934518759927869e+01 3.947562186840527687e+01
2.757240361720906918e+01 2.540622695190812053e+01 2.911933668167663924e+01 2.993324266396501088e+01 2.151238967973669958e+01 3.123143462756191724e+01 3.384749047730891647e+01 3.512126015324247419e+01 2.806206808967688815e+01 2.806206808967688815e+01 3.872442536842090988e+01 4.690808642523057159e+01 5.106427722815039516e+01 4.899559260371653124e+01 3.898173196303439170e+01 3.344356066150934481e+01 3.952117545205920379e+01 4.370216687591696569e+01 4.416207747167818098e+01 4.642500384686128001e+01 3.639847604374625689e+01 3.141174044599156545e+01 2.782055786036479006e+01 2.427856243866181529e+01 3.452612481077223094e+01 3.535380598309271249e+01 3.122384032083659378e+01 3.833085124223455153e+01 4.868707355701236850e+01 4.776740229899154144e+01 3.774993638751872993e+01 3.774993638751752911e+01 3.587029474488799252e+01 2.572910391634864880e+01 2.432218369802703606e+01 3.456269104915318024e+01 3.369926323740222074e+01
1.803446310313885803e+01 1.882044154277501491e+01 1.960480594991067349e+01 2.039374022952494414e+01 2.994029445978778270e+01 3.123143462751610855e+01 4.147169518782776265e+01 4.158945851233345792e+01 3.126410151821112393e+01 3.863071394140013837e+01 3.717783373918165779e+01 4.882736058399819967e+01 5.263779342844014764e+01 4.693126439452448295e+01 4.282135716466330422e+01 3.952076277545246796e+01 3.000246859078579575e+01 3.441337433962511483e+01 4.416207851540935536e+01 5.055289163539195840e+01 4.554854806046721194e+01 3.927805121889450390e+01 2.918597031361755612e+01 2.311670409976502327e+01 3.140783339434234378e+01 2.610336914289005605e+01 3.636338818911242754e+01 4.416034126928444437e+01 4.939702527978815283e+01 4.381282647212206172e+01 3.966899962828093607e+01 3.712688846804363152e+01 3.297168539963486467e+01 2.432218369802703606e+01 3.456107063811140279e+01 2.830512103165071380e+01 3.836494839766242393e+01
2.714409506826683938e+01 2.834010282091353972e+01 2.220096569171362688e+01 2.993546940554515956e+01 2.319765292250783162e+01 3.326566591874523482e+01 4.131302504451146973e+01 4.576082243723070775e+01 4.158945851233465874e+01 3.683661547730819308e+01 4.602087433270501293e+01 5.277996294627502039e+01 4.850626645177695906e+01 3.865971626328681054e+01 3.316963371632484581e+01 3.724893169180261765e+01 2.784057552808118530e+01 3.727665310462047188e+01 4.369738945018364262e+01 4.772784351235123523e+01 5.187966964980502382e+01 4.349214953252820237e+01 3.760418570979064867e+01 3.194450378669226254e+01 2.152865550192292687e+01 3.055835155826203575e+01 3.042000210649479186e+01 3.540994513682244360e+01 4.139810161234014885e+01 3.724181665790063533e+01 2.954393879288713975e+01 3.140247258387827145e+01 2.262192778933788517e+01 3.297168539963618628e+01 3.871409728368207936e+01 3.836494839766242393e+01 3.542716849585136885e+01
2.035196714443283739e+01 3.079145357132820848e+01 2.494858276884533765e+01 3.474258921120259203e+01 3.326566591874524903e+01 2.658382989094017290e+01 3.703854550633983678e+01 4.631018871351680133e+01 5.095598256334834275e+01 4.394952196107338693e+01 4.684134955393044919e+01 5.673404371533088408e+01 5.221167643644172074e+01 4.650813518651285960e+01 3.724893169905170964e+01 2.784057552808118530e+01 3.514515689628181150e+01 3.917040069599954677e+01 3.432486356204159250e+01 3.828748397355582966e+01 4.618549518426034695e+01 4.617906209289640174e+01 3.615981751362048158e+01 2.898086259515214991e+01 3.055833783212733579e+01 2.009710224049128158e+01 2.541494560111194190e+01 3.538263125078857030e+01 3.724194117527201087e+01 2.704700440038114451e+01 3.002878603816760261e+01 2.097274586336635238e+01 3.140247260705815791e+01 3.497158288241827506e+01 3.790048203309722652e+01 4.232586626296212273e+01 4.545737647988272556e+01
2.305575068692991891e+01 3.376724572349380793e+01 2.956225233505213268e+01 3.149474787569750944e+01 4.101778918197273072e+01 3.263157729473328317e+01 3.151380062728046028e+01 3.761981549899856958e+01 4.801695104353188270e+01 5.382291165814158518e+01 5.396226341528716830e+01 4.988512184017022122e+01 4.808122647443450859e+01 3.824091064720023070e+01 3.276330551405708036e+01 3.514515713210794701e+01 2.563413079300778818e+01 3.313737487240787516e+01 2.905037551619968639e+01 3.720341466460187263e+01 3.700074644226463505e+01 4.457153335017165574e+01 4.323001949803483512e+01 3.682591812378792895e+01 2.662068701610833799e+01 1.914107419646781949e+01 2.507432482872808421e+01 3.549184345871194779e+01 3.290224096717074076e+01 2.869913603608664587e+01 1.956791994878555130e+01 3.003292340257045723e+01 2.097274586336635238e+01 2.337050083356291807e+01 2.622123896405400956e+01 3.790050000320945145e+01 4.705718730197858690e+01
3.151126148308344455e+01 3.831716507819088946e+01 3.483810804394155980e+01 4.120973116192109131e+01 4.120973116192109131e+01 4.005032474454230140e+01 3.763530484555361255e+01 4.631018909752800283e+01 5.230567702095947880e+01 5.439504318730681121e+01 4.826396224010123603e+01 4.000465749377723768e+01 4.826390312381863623e+01 4.650813518651285960e+01 4.239991743063838925e+01 3.873039411145803257e+01 3.313308356100876750e+01 2.336102421427079889e+01 3.001571016993126406e+01 2.823645360480690414e+01 3.180589512777996219e+01 3.872315733736783727e+01 4.424054799627041490e+01 3.592667220521448712e+01 2.568058115925071050e+01 1.821559487469703242e+01 2.739266263602542395e+01 3.160653224106802739e+01 2.740980927636088538e+01 1.822624178476036505e+01 2.869913605300274995e+01 3.199183958237797043e+01 3.240027786572838409e+01 3.007197478243708133e+01 3.790050000320945145e+01 3.136517067288199812e+01 3.734214605750071314e+01
4.299445647347957333e+01 4.791421130091784875e+01 4.437106179312292653e+01 4.845309013228644091e+01 5.113931957463375255e+01 5.032113710649917948e+01 4.834919852861185063e+01 5.254971500554135133e+01 5.779261116157552891e+01 4.968071950785431312e+01 4.048303097671620066e+01 3.439775843373710273e+01 4.418060291438803233e+01 4.647059930656924820e+01 4.207640743886501866e+01 3.430359959989120000e+01 2.909716817874592110e+01 3.135110400277433484e+01 2.126425720992386559e+01 2.961402540524412785e+01 2.505647967736397064e+01 3.071831469879018428e+01 4.019977087539799498e+01 3.887210187231888625e+01 2.868077036296152116e+01 2.739263534115741905e+01 1.694673304048469120e+01 2.613725039151132989e+01 1.695311850895434347e+01 2.740980927480472928e+01 1.822624178476036505e+01 2.597680952548071787e+01 3.766409410576859784e+01 4.145982462873184460e+01 4.581423704769923688e+01 3.734214605750071314e+01 4.705718730197858690e+01
4.822412051445826364e+01 5.118795602414676438e+01 5.247911468118753930e+01 5.643401259505249357e+01 5.524341735241638673e+01 5.126050501046609043e+01 4.919753803449758323e+01 5.064994646476627338e+01 5.340511287175030475e+01 4.151596986679533074e+01 3.513984114359367084e+01 3.077900734911354874e+01 3.686386137124570439e+01 3.627977210616656834e+01 4.541071197939650261e+01 4.080140335540991003e+01 3.592741895378633643e+01 3.473764016293166890e+01 2.961402540524412785e+01 1.929935060732225338e+01 2.790807118918199947e+01 3.204509554643279756e+01 3.258881161472994847e+01 3.676359111643129296e+01 3.572626154184292346e+01 2.526413176124372129e+01 2.610851468654843544e+01 1.570954423882553463e+01 2.609005144948764254e+01 2.849509562535761376e+01 2.875553697065795333e+01 3.189613476248660362e+01 3.604426960500013166e+01 4.149799697770591678e+01 4.561366845745988030e+01 4.817531402608685909e+01 4.817531402608685909e+01
4.146150820128072212e+01 4.146150820127853365e+01 4.292608682191817593e+01 5.091942498323641075e+01 5.126050501046609043e+01 4.183429269790051563e+01 4.047992952715930670e+01 4.846968595514790934e+01 5.351717049577457175e+01 4.653206574146076946e+01 4.249862970387209060e+01 3.686386132323227827e+01 2.713896673948520188e+01 3.403531486390703265e+01 4.369257550555954595e+01 4.537824582532654460e+01 3.526215971350649170e+01 2.681080979528017849e+01 2.176235259912128939e+01 2.669479761788634420e+01 1.752882325063512425e+01 2.759044360785488337e+01 2.384574791168711982e+01 3.242117895751369616e+01 3.986775230115139124e+01 3.146735569562016366e+01 1.681318078726936704e+01 1.508445159502176836e+01 1.599392970375243905e+01 1.751594754454398739e+01 1.954553062071741110e+01 2.156823638852940306e+01 3.189203551488076016e+01 3.148771289264236728e+01 4.149828462700217102e+01 4.552457339746827358e+01 4.966572832493987022e+01
3.180544752106968076e+01 4.146150820127684966e+01 3.741625710626807688e+01 4.662916511357209970e+01 4.806592721650746114e+01 4.459526143401707543e+01 3.530721216927461370e+01 3.999722334010281344e+01 4.951121805705243872e+01 4.249862976511804646e+01 3.291637703551592153e+01 3.477510681443176566e+01 2.487254014150066794e+01 3.477262436985925831e+01 3.742087774035157821e+01 4.139060273407849166e+01 4.143865361548523651e+01 3.493218235426636653e+01 2.721849439696239870e+01 1.586969152913717629e+01 2.492664888197040085e+01 2.199154617827044333e+01 1.917965882825711788e+01 3.063744586907593259e+01 3.746578403661177248e+01 3.378550774665132650e+01 2.482920073428820373e+01 1.439491955988886041e+01 2.491008620488140579e+01 2.849530050824898808e+01 3.019953289171217037e+01 3.189613476248660362e+01 2.430896323086109234e+01 3.442246441508249433e+01 3.973470636395609290e+01 3.549631659111177129e+01 4.128465599335521574e+01
