output/example/elevation_average_000078.asc
nrows	75
cellsize	133.333333333
xllcorner	0
ncols	75
yllcorner	0
NODATA_value	-9999
[rows 34 to 50 of 75, columns 37 to 73 of 75]
2.513984790971393579e+02 2.205321613945582726e+02 2.912665303265837338e+02 2.667369365616398795e+02 1.756323029433444560e+02 1.797770816802608635e+02 2.764692466642061390e+02 2.860660059167724967e+02 2.900881557119068930e+02 2.536129776781793339e+02 2.979601131545798012e+02 3.019053809662705703e+02 2.112860146783011430e+02 3.075588647875144943e+02 3.522799958129813263e+02 3.743114588482542331e+02 3.566411222892072033e+02 4.509982910721834060e+02 4.769926262019112642e+02 4.394019044808363219e+02 3.713367592766475695e+02 4.643277570145404525e+02 4.451272717541622796e+02 3.829567623169203330e+02 4.769469477458878259e+02 5.525121504586401215e+02 5.421154535749876686e+02 4.896489590802129328e+02 4.494148496154206782e+02 3.720692958531102477e+02 4.653417461156554964e+02 4.943781170178897924e+02 4.216288970312459696e+02 4.373335388453203336e+02 5.306238768261085852e+02 5.429928523453578464e+02 6.081832514459731556e+02
3.300675257511490486e+02 2.918437297179215761e+02 3.263647174122669981e+02 2.320828682346047174e+02 2.723660969677139860e+02 2.016574606549364432e+02 2.089098514189855962e+02 3.052123997902484120e+02 3.751113931782935538e+02 3.493183684153587478e+02 3.882315550441042546e+02 3.467040549014602675e+02 3.055005009247320231e+02 2.172048307108866538e+02 3.134205273348122773e+02 2.789203913135063999e+02 3.743160989869685977e+02 4.502302723906553297e+02 4.214998319477315931e+02 3.461625482844479507e+02 3.350978150219387999e+02 4.168445564267095165e+02 3.506926966047490168e+02 4.451112815095991095e+02 5.146797076341576940e+02 5.292984858326960875e+02 4.760751822796427177e+02 4.104744787243411679e+02 3.569320480971722986e+02 4.513143240396786382e+02 5.045025676173890474e+02 5.528574672249329751e+02 4.904907155254421127e+02 5.000694194998000057e+02 4.731216351981346406e+02 5.659344039572782776e+02 6.036483006455216582e+02
3.505999515651946581e+02 3.785054448933443041e+02 3.670687582029664213e+02 2.882882208744699142e+02 3.201516738884719757e+02 2.246394015958248929e+02 3.050535477290916901e+02 2.402476133740497630e+02 3.360463802039249117e+02 4.095690994410960570e+02 4.638042289584913647e+02 3.829031998917265014e+02 2.879765792624829146e+02 3.127168404718705119e+02 2.231715115364378619e+02 3.193101219536302438e+02 3.208198794999794359e+02 4.002022907041277904e+02 3.626447163881646247e+02 2.875003089909764071e+02 3.045287352457440306e+02 3.221778222378937357e+02 4.169968604210539525e+02 4.451126847637403898e+02 5.382590144208090805e+02 4.630080967501330633e+02 3.974304671508709248e+02 3.430950757452673088e+02 4.376594102624394509e+02 3.957325628797337345e+02 4.623583900469898822e+02 5.553100981881286771e+02 5.821532932918074721e+02 5.924602903493655504e+02 5.369763453156971309e+02 5.144069580749275019e+02 5.816774773890342658e+02
3.126367593430017564e+02 3.776661016114287577e+02 4.213940117766385924e+02 3.835379911052627904e+02 3.206905522805998885e+02 3.207162283154961528e+02 2.626080939628827764e+02 3.361354231016669019e+02 2.753971637921497404e+02 3.306648726304213710e+02 4.252208560074579395e+02 4.219572931452063926e+02 3.816863401536297715e+02 3.161545893496331132e+02 3.193126635509882476e+02 2.292017617359092299e+02 3.252510182369439917e+02 3.439448918954373653e+02 2.670903493452457269e+02 3.626483942923117638e+02 3.994343244246218205e+02 4.165315788725947641e+02 3.991727793632847465e+02 4.929276044342630030e+02 4.502584352172262356e+02 4.116998470470785492e+02 3.297755264848043453e+02 4.245144739906731957e+02 4.204318407889032869e+02 4.895320279335307987e+02 4.428991909684565371e+02 4.815067519918321750e+02 5.473114333364727599e+02 6.390843375524095791e+02 6.288941027566755793e+02 5.791597449166863498e+02 5.802207047123742996e+02
2.428838060293574586e+02 3.387278384204844315e+02 3.965394080611588947e+02 4.359599173997117987e+02 4.154856416055701516e+02 3.311417692550767811e+02 3.582030071098136546e+02 3.137580387046480155e+02 3.708131608367191916e+02 3.205496371436964296e+02 3.906573633040199525e+02 4.840090084315909280e+02 4.495389469935387865e+02 3.727751037966286276e+02 2.792533815548146094e+02 3.252457955878957137e+02 2.352788529488056781e+02 2.482572436675199867e+02 3.440626196339400167e+02 3.337733075857917129e+02 3.991114489972723618e+02 4.928500264784979663e+02 4.929118802395485091e+02 4.790624403041006758e+02 3.856779514095387071e+02 3.167864073171543282e+02 4.116449917326075365e+02 4.630072041264734821e+02 5.139316918857763312e+02 5.519374455160325397e+02 5.361092108608270337e+02 5.729197945060740267e+02 5.741829818695872518e+02 6.655781687730814156e+02 6.539663504505970195e+02 6.705201096919456631e+02 6.714192154561958432e+02
3.387207865798715716e+02 2.726717431922469359e+02 3.023190886792846186e+02 3.973952530013081059e+02 4.642735662173730589e+02 3.993270402268479984e+02 4.448907723209109690e+02 3.538131618467663202e+02 4.463463295811749845e+02 3.906624987174600392e+02 3.864025251814047124e+02 4.802208692768210199e+02 4.369090870723405260e+02 3.426319284309695945e+02 3.734608477520157521e+02 3.133870107159585814e+02 3.312639933106968329e+02 2.417649572386793011e+02 3.098429091666396289e+02 4.048228988493241900e+02 4.668766016250963844e+02 4.991982719305529486e+02 4.615445816839616668e+02 4.310093631180929492e+02 3.923334778361228246e+02 3.078075507974540983e+02 4.028350414179888617e+02 4.357859850229788776e+02 4.364065726668555953e+02 5.297035126052645637e+02 5.436004952074735002e+02 5.815359229947133599e+02 5.796474913068792603e+02 6.153750186290592410e+02 5.627287007284493257e+02 6.202466122673621385e+02 6.576607614354397811e+02
3.944214406835450291e+02 3.053647790764559318e+02 3.955748094057829576e+02 3.583018809531033071e+02 4.526334020558446127e+02 4.930390727781047531e+02 4.865337347230676528e+02 4.481874967705686004e+02 4.865250746081134707e+02 4.840165202336607422e+02 4.802978421466675627e+02 5.181752789197792026e+02 4.755999525358506048e+02 4.146182309898558742e+02 4.468871147151725154e+02 4.077610498371025187e+02 3.421160866587098894e+02 2.463604581325680272e+02 3.421749194764726667e+02 3.865222853506331830e+02 4.148388540783695930e+02 4.535243032533511496e+02 3.672824976280136866e+02 3.819631571644579253e+02 2.971632399620233969e+02 3.923366109468781247e+02 3.275793213900072942e+02 3.418249274062177392e+02 4.364061460986234238e+02 4.718747477164292263e+02 4.505998231687175917e+02 5.071909702414312164e+02 4.870885618494837104e+02 5.483259651637421257e+02 4.959348834288289254e+02 5.291165494526682096e+02 5.679153962034052938e+02
4.342553837487039345e+02 3.456699365704895399e+02 4.342499492391899594e+02 4.272452017913566351e+02 4.526045963851328224e+02 5.456525430879681835e+02 5.534867354698085364e+02 5.151548855412531793e+02 5.026461077234616823e+02 5.117207741513814199e+02 5.496402143543932652e+02 5.558535656824936950e+02 5.333771516856602375e+02 4.814504256440106360e+02 3.907643111761170189e+02 3.314389393993831732e+02 2.866426324022837662e+02 3.421800444354299202e+02 2.529555537753745966e+02 3.487049721470533541e+02 3.201142288999895413e+02 3.987243898027821274e+02 3.742109981967977319e+02 2.866517306003655108e+02 3.819577457615071694e+02 4.307710751344038158e+02 4.223429647546018941e+02 4.361867397819363532e+02 3.633095923261352596e+02 3.791045488743083069e+02 3.960405978063473640e+02 4.143918548122269954e+02 4.339423806277890776e+02 4.557908421590340708e+02 5.098219373460987640e+02 6.021379234974936026e+02 6.576440129706569451e+02
4.765420979799835663e+02 4.037784343169351473e+02 4.744149615903929771e+02 5.172558313716206158e+02 5.384761462619455870e+02 5.002615382767727965e+02 4.971376935402766435e+02 4.222063962736772282e+02 4.091397679011560058e+02 4.183296094387843027e+02 4.940490268597951626e+02 4.635066271781977889e+02 5.173116366309461682e+02 5.121870055169526950e+02 4.646744949874945974e+02 3.875249586596930271e+02 3.330017523774507140e+02 3.449175010193343951e+02 3.487089600346394604e+02 2.595669836339492349e+02 2.642783958004845886e+02 3.598885730266301834e+02 2.788007756940222635e+02 3.742084482077254393e+02 2.986738900047673155e+02 3.938211725166929114e+02 4.428129105541501644e+02 4.954457072288267909e+02 4.576080226988691493e+02 4.345189402012641153e+02 4.896312074465405431e+02 5.077300064502680357e+02 5.269330885302447314e+02 5.231054195724790361e+02 5.866279098460803425e+02 6.396259681011159728e+02 6.737193925383774058e+02
5.197112078537962816e+02 4.794317542895684596e+02 5.012160297331044490e+02 4.757713135816186991e+02 4.996793940616954615e+02 4.070516898525097531e+02 4.037335166962607218e+02 4.351606903984817905e+02 3.433368429944869717e+02 3.636759677031990350e+02 4.315337676466957646e+02 3.958546772183552775e+02 4.894378820271285804e+02 5.678031467348185970e+02 5.144780476498378903e+02 4.662111352111519977e+02 3.918188068588654005e+02 4.352617841141627082e+02 3.862732785972177112e+02 2.946433583812239476e+02 3.598707178815045040e+02 2.709712213570989547e+02 3.664822455399308296e+02 4.129192112782640720e+02 3.938242350571792372e+02 3.107550699355193160e+02 4.057416849561753907e+02 4.545774505137263759e+02 5.058359344237994719e+02 5.263536753676063427e+02 5.657771627250631354e+02 5.666074406221670188e+02 6.019043461412611578e+02 6.146220118101110756e+02 6.461538180679463039e+02 6.087139092903802293e+02 5.824317010210608032e+02
5.507373865582259214e+02 4.823473297981984160e+02 4.553548742585999776e+02 3.846215034069749095e+02 4.533965523275995224e+02 4.280968318569160260e+02 3.372923276553036089e+02 3.831520397255463308e+02 3.069264848398514118e+02 3.214985082296638552e+02 3.373654969034349733e+02 4.315173345824518947e+02 4.787238373160037668e+02 4.754893494738622621e+02 5.417459980399703454e+02 5.177167891815166740e+02 4.832311341701138758e+02 4.270771816281614406e+02 3.567954414986468805e+02 3.898225503888494927e+02 2.994857990279214732e+02 3.664939566399503974e+02 2.854537678465017052e+02 3.807650628466328726e+02 4.338698747228245338e+02 4.057268243418232601e+02 3.229938921587297500e+02 4.178100762941369908e+02 4.124065235481311333e+02 5.060227764422034511e+02 5.016549603257936951e+02 4.738403022110819052e+02 5.666111665110491913e+02 6.070161225251400765e+02 5.694146013253657657e+02 5.165317251136175400e+02 5.696905019155030914e+02
4.593202593840260306e+02 4.547848330026720873e+02 3.727238284060934461e+02 3.257261347984212421e+02 4.145937417143488801e+02 3.968510149798260045e+02 3.669904451760375537e+02 2.879985689984221153e+02 3.831584473501499701e+02 4.158973810283225703e+02 4.317002985093976122e+02 3.632665393605576014e+02 3.861926957159838025e+02 4.107868946941314334e+02 5.001033245458862098e+02 5.819729952368475097e+02 5.526852234622313063e+02 4.895428139111083397e+02 4.511915688702931106e+02 4.144819515748280310e+02 3.202337785074652174e+02 4.124294644497780382e+02 3.807733161019112345e+02 3.000857749990076968e+02 3.949651634400822786e+02 4.562470240457521982e+02 4.178080610763714162e+02 3.354720667295513863e+02 4.301228652998267989e+02 4.519092867414986472e+02 4.079926074109598630e+02 5.016568084318280967e+02 5.735802322994945825e+02 5.366126927720935100e+02 4.766744175814802702e+02 5.694040315994031971e+02 6.461610003117709766e+02
4.679953101412899059e+02 4.571601251187875050e+02 3.794783056895400364e+02 2.857056607539596484e+02 3.780031863492506545e+02 3.515613924866588604e+02 2.716195385787322607e+02 3.655240846554074778e+02 3.394474506081352843e+02 4.339095930780694630e+02 4.955897811899650947e+02 4.193308879122090502e+02 4.243494690276807546e+02 5.039738894549115003e+02 4.568052280429306506e+02 5.495063683163368751e+02 5.317505443269094485e+02 4.598914849281383113e+02 3.996245961766078949e+02 3.535335041844260218e+02 4.151382577343458138e+02 4.536043370382386115e+02 4.054754416759654418e+02 3.105890457336746522e+02 4.054475082107543358e+02 4.593643630043718531e+02 4.685853745028057915e+02 4.301317966147593665e+02 3.483331012915971314e+02 3.575942179598459347e+02 4.519517922556869394e+02 5.016064590750995649e+02 5.071638682193495811e+02 4.434167759533345361e+02 5.366125112259527441e+02 6.070729361091399596e+02 6.341285174893719159e+02
4.261383599347315680e+02 3.867022571412884986e+02 3.250623094354316436e+02 2.563997744364785945e+02 3.364296031652660304e+02 2.559733490346675637e+02 3.489163132088083898e+02 3.512066305169785210e+02 4.334231467733878844e+02 4.066004365792829276e+02 5.001627833863867068e+02 4.883463242032738094e+02 4.909648351427023840e+02 5.167461854979882219e+02 5.280283790929834140e+02 5.377065511272464846e+02 5.590161843886536417e+02 4.953071649404094501e+02 4.527583069730974330e+02 3.843697205600438451e+02 4.751619354019666162e+02 4.778776987719803060e+02 3.839550438969262700e+02 4.055700933055246651e+02 3.260837243483524617e+02 4.208659277393969091e+02 4.765993711632794998e+02 4.811966366321055375e+02 4.154154020015495803e+02 4.519221060276016146e+02 3.714041382132835452e+02 4.655827133293061593e+02 4.135738563361777551e+02 5.071660804591219289e+02 5.673492955958722632e+02 5.422733948215831106e+02 6.340693608838920454e+02
3.886414876478021370e+02 2.966825917685233094e+02 3.084049406554231609e+02 2.301968223008124994e+02 2.407037422984821546e+02 3.348613071498912177e+02 3.904084948990215480e+02 4.447664620484230227e+02 4.838555853149883887e+02 5.001433873043631593e+02 5.381624199908255832e+02 5.788555457286377077e+02 5.832457985952186164e+02 6.087596496018989001e+02 6.159324719266272723e+02 6.291569138863998205e+02 5.826551187408399528e+02 5.661283528648408492e+02 5.090036090008948690e+02 4.229828723862218567e+02 5.011882575334500416e+02 5.047623267624996402e+02 4.561409633887807331e+02 3.633656747401822713e+02 4.208712110425495325e+02 3.436403150915107858e+02 4.381779714132624122e+02 4.945750929753232867e+02 5.089863790441332299e+02 5.038346541108703036e+02 4.655838048503667324e+02 3.855782774801176060e+02 4.795609274290791859e+02 5.175434381964118984e+02 4.761195150389795003e+02 5.668613688951369340e+02 5.613585048044299128e+02
3.386063110546184589e+02 2.994713574618210146e+02 2.165123515965240131e+02 3.126180032313889683e+02 3.363149002080918422e+02 3.754372098177257158e+02 4.177357541736813005e+02 4.566330544986646487e+02 5.120012177157146880e+02 4.738803834038599234e+02 5.078731812859224419e+02 5.633429216689636405e+02 5.661679732783381951e+02 5.757154660504473895e+02 6.133076314429364402e+02 6.027081935068990788e+02 6.308560290841041933e+02 5.533390471605008543e+02 4.830726537498788389e+02 4.921659452004230388e+02 5.394502588682742044e+02 4.959900511663993825e+02 4.049603656163312166e+02 4.576724431833415565e+02 4.708686726336182460e+02 4.381880807464588088e+02 3.619673325554252301e+02 4.562654062884595874e+02 5.145927781456333605e+02 5.676518126776829831e+02 5.177412938898421544e+02 4.522969462032170327e+02 4.026002735244489372e+02 4.244814134990057823e+02 4.541588891425417955e+02 4.855408390595820833e+02 5.513036696116276971e+02
2.893512413279445354e+02 2.031780862431275807e+02 2.144837154308517881e+02 2.259306295681235781e+02 3.218989361792399109e+02 3.497415416564624593e+02 3.234476559923838295e+02 4.178496451955610382e+02 4.245179629014186276e+02 3.799654450006817683e+02 4.337347226121704011e+02 5.261997602059748260e+02 4.740134272567041762e+02 4.832283901436043152e+02 5.356844409778984755e+02 5.105562018133340416e+02 6.026732763531365435e+02 6.001920407810537199e+02 5.707253877978696437e+02 5.757861385383205288e+02 5.628481151628939188e+02 4.730910665446173766e+02 4.519532958379416527e+02 5.350523905794044595e+02 5.049157686838165660e+02 4.134461677572653002e+02 4.560492908733113495e+02 3.823835694134808705e+02 4.364799133421411739e+02 5.297545305519204248e+02 5.831739767980492388e+02 5.344387586641439611e+02 4.962879406714874335e+02 4.236642297489066777e+02 5.171354272855284080e+02 5.770833106057016266e+02 5.781641630871462212e+02
