output/example/elevation_000150.asc
nrows	75
cellsize	13.33333333
xllcorner	0
ncols	75
yllcorner	0
NODATA_value	-9999
[rows 17 to 33 of 75, columns 37 to 73 of 75]
4.005402967733462560e+01 4.197802893626142406e+01 4.125533182799051701e+01 4.529312154587493922e+01 5.221457188354695944e+01 5.156198074725363512e+01 4.244611457661863341e+01 5.158659318797104731e+01 5.322826631655559027e+01 4.757697640687488416e+01 4.318321171854650231e+01 3.829325787446133234e+01 2.764378958466986802e+01 3.829325782876021123e+01 4.150664334012323309e+01 3.095533621759386733e+01 4.150573392450081656e+01 4.790355779302696959e+01 4.568366263258754145e+01 3.648146351907296037e+01 2.515150634012052677e+01 1.816785703155789022e+01 1.816785703155789022e+01 2.811219501173942703e+01 2.811213330213865547e+01 3.418368958515505085e+01 2.369189514666528851e+01 1.710152862886736713e+01 2.117342764553158219e+01 3.186869269808957839e+01 4.188473773354257190e+01 4.330284592449422121e+01 4.143959970952349181e+01 3.117716567311988385e+01 4.143956355454620422e+01 3.941636708228530495e+01 4.432066321311743451e+01
3.885517265780035956e+01 3.230639201804898875e+01 3.158603178961530489e+01 3.840995471464487565e+01 4.715312505570194190e+01 5.278104462224050764e+01 4.774339452624604263e+01 5.580686796887491852e+01 4.891503247307602464e+01 3.789655135868906655e+01 3.236297907916507199e+01 2.845621386028534161e+01 2.504392963092188751e+01 3.311470710073634649e+01 3.340244000719130213e+01 2.704245847366081890e+01 3.335231954971997226e+01 4.379687088772837456e+01 4.142322830643129805e+01 3.061921701124756368e+01 2.464450203542747531e+01 2.994010969044829196e+01 2.811219519178797199e+01 1.651384196522540293e+01 2.638267808285512217e+01 3.056977942935972337e+01 2.673388801587202224e+01 1.654765035000216500e+01 2.760413173868762016e+01 2.757691925123964438e+01 3.480966236122300472e+01 4.478496881115541584e+01 4.556339449968785260e+01 3.853349279745217615e+01 4.556339634354961987e+01 4.924877768764241637e+01 5.338407041399566566e+01
3.159144368041036799e+01 2.545088163783390911e+01 2.913796211075655407e+01 3.343205919672037396e+01 3.900637586097670351e+01 4.873480778777880573e+01 5.735525744291953032e+01 6.135930233134733669e+01 5.314300055158932423e+01 4.629149711459516681e+01 4.188429605182300008e+01 3.806852256643178833e+01 3.311470710073634649e+01 2.209591145478825069e+01 2.238251713469042414e+01 2.848161577725898397e+01 3.612585679840469766e+01 4.635245353780632627e+01 4.568366032126545662e+01 4.035757586099121141e+01 3.602122265589130023e+01 3.921541554477203562e+01 2.810957067296839185e+01 2.638235841293389683e+01 1.507789609123200592e+01 2.589348914974241112e+01 1.579753241790735352e+01 2.673388920428081050e+01 3.190965360677636298e+01 3.773136394304336250e+01 4.188482963907353707e+01 4.409044887201336849e+01 4.811620706066398867e+01 4.845698322661041146e+01 5.083052624737619141e+01 4.665365657344919015e+01 5.083052622442867374e+01
2.175307078701322894e+01 3.160197610036901494e+01 3.718577864883995687e+01 4.280601822556745617e+01 4.404268413010832006e+01 4.809697381213251077e+01 5.379355899803335461e+01 5.202674584297366067e+01 4.775132797617890645e+01 4.847076929283878144e+01 4.397116415689371394e+01 3.537632029754382756e+01 3.094933563570054602e+01 2.892274959030127590e+01 1.927304820465261059e+01 3.045058055847647793e+01 3.361737480062928540e+01 3.794174041523915264e+01 4.404410686886260606e+01 4.375932682422183007e+01 3.964382486693219221e+01 3.482483540961744950e+01 2.988127661202425855e+01 2.859584449224808012e+01 2.502542847181183916e+01 1.507789609123200592e+01 2.485072086930572866e+01 2.797198463080366793e+01 3.266282777010189875e+01 4.056890786849345432e+01 3.844806645656200317e+01 3.431754771730656017e+01 4.127438335847383399e+01 5.088844304761655479e+01 4.665365657344186445e+01 3.669819516088878686e+01 4.242203610861015761e+01
2.154652006590290370e+01 2.338306285303588794e+01 3.314977749766810433e+01 3.844116224447903107e+01 3.434421233018928632e+01 3.992465068316227672e+01 4.967869673338383052e+01 4.775132781367069867e+01 3.731195503405061942e+01 3.728421455564708253e+01 3.701948766591182505e+01 2.793694439050946698e+01 1.976391787345006890e+01 1.776593122347092191e+01 1.776593122347092191e+01 2.727768944160352049e+01 2.263671663958783498e+01 2.909616471334155108e+01 3.979344703770387071e+01 3.773789035744696463e+01 2.900987988995760603e+01 2.990255555412068844e+01 1.418741150227105763e+01 1.418741150227105763e+01 1.454135062744929563e+01 2.521288240220240695e+01 1.507789609123200592e+01 1.615229113316285137e+01 2.817562441084479374e+01 3.008409508984026104e+01 2.803855178516955959e+01 3.844805759564645342e+01 4.811038752278678743e+01 4.675013793242079885e+01 4.258935639208116442e+01 3.669819516088878686e+01 4.242203597527682746e+01
3.140919828168937400e+01 2.656507238243065316e+01 2.601769066262558283e+01 2.881552266496808201e+01 3.359735276680878258e+01 3.917157816706804141e+01 4.888954655350520540e+01 4.640289295509681011e+01 3.595288165729260754e+01 2.984960414653938443e+01 2.617886760935439128e+01 2.299143993751152593e+01 2.886898896368884948e+01 1.776593122347092191e+01 2.727768944160352049e+01 1.622081010328202311e+01 2.572940476820210876e+01 2.519708669827106107e+01 2.951565058137852660e+01 3.250664678834705512e+01 2.123734902503060695e+01 2.821213551464921565e+01 2.389904856452017157e+01 1.418741150227105763e+01 2.455758876798515544e+01 2.856008231581503409e+01 2.744139768340897234e+01 2.817544201350921185e+01 1.799952810730441755e+01 2.205407343716688473e+01 3.354084669079941250e+01 3.840539901560147484e+01 4.328629374193793922e+01 3.913286744624053881e+01 3.251230392570136729e+01 3.966338236277662332e+01 4.965328241620794358e+01
3.215713515802943334e+01 3.620938406537430154e+01 2.995736085939125104e+01 3.033039558626665766e+01 3.423874205064124254e+01 4.393437803305896949e+01 5.289644004952820922e+01 5.068269214585021132e+01 4.466920180920802608e+01 3.858568833308344637e+01 2.783061423756497632e+01 3.399971132104521843e+01 2.903068821302581171e+01 2.918422654966223817e+01 3.169046004409774042e+01 2.572933252945395211e+01 1.501620194921489393e+01 1.476498500957214155e+01 2.340250974368865400e+01 2.714729799398770993e+01 1.464002000788908120e+01 2.326475271308581583e+01 1.365931413492952906e+01 2.390541932088085630e+01 1.418741150227105763e+01 2.153169967572058496e+01 3.324453215019257613e+01 3.460346174375700201e+01 3.020903285195941734e+01 2.049903843286458383e+01 2.260313564646634532e+01 3.416056929529293029e+01 3.653766678856179340e+01 2.873530300180976127e+01 3.619459792980632074e+01 4.622637794571074465e+01 4.742952869452552989e+01
3.771083865726634343e+01 4.361215581619277515e+01 3.474845797598836583e+01 3.997615126060394175e+01 3.997615122788525355e+01 4.108351186781642639e+01 5.081697779369811485e+01 5.067152581857467908e+01 4.027754404542180566e+01 3.413125554822130425e+01 3.550766420770780485e+01 4.289461200261499130e+01 4.012067355650953004e+01 3.641251342093745791e+01 2.874864228434702440e+01 1.760138782058942652e+01 2.562855308649751507e+01 2.214266057745469496e+01 1.401065324237147891e+01 2.248914475602160579e+01 2.276472283379957062e+01 1.303425844727124705e+01 2.269584507183078514e+01 1.744190578300496597e+01 1.744190578300496597e+01 2.483916759462429624e+01 3.626324854418526655e+01 3.814355872927622215e+01 2.704637721752966328e+01 3.259494611213807502e+01 3.416072475437029254e+01 2.562972712321993995e+01 2.562972712321993995e+01 3.653766678856389660e+01 3.357730873073888489e+01 3.743026151198476725e+01 4.446177088411444345e+01
4.725544877297507185e+01 4.845993831414549646e+01 4.443881764191942807e+01 4.845994710336358935e+01 4.969514712318932936e+01 5.081697779369810064e+01 5.485890488481102523e+01 5.491704160371459409e+01 4.894046972371923943e+01 4.467055743727623707e+01 4.601669637915664879e+01 4.539812524407957284e+01 4.011899631717860615e+01 3.205745732083455835e+01 2.089656840028214546e+01 2.874285898304266240e+01 2.764175088268472891e+01 2.737179091440954792e+01 2.246708622628653629e+01 1.306254329363483002e+01 1.468380181459317413e+01 1.253682404144474916e+01 2.630867816120257174e+01 3.284521023389395822e+01 2.548420337691485571e+01 2.548420337691485571e+01 3.709613535876281532e+01 4.259373400453866054e+01 3.279857686595270394e+01 4.259373308921268375e+01 4.073332165593841836e+01 3.222596219102050696e+01 3.653766678856389660e+01 4.061623882756877890e+01 4.358921506604308860e+01 4.648047308687288393e+01 4.736382343223867508e+01
4.584128288096886905e+01 4.583927611680923775e+01 4.583927611680923775e+01 5.000716190995212429e+01 5.726102988258772086e+01 5.316075369995827060e+01 5.393725213701343080e+01 5.814943646797243559e+01 5.348924816822282935e+01 4.934964884075154146e+01 4.854051330643395801e+01 3.814120225879859305e+01 3.046649379144314196e+01 2.483740687204588937e+01 3.205745732083455835e+01 3.194134951513820297e+01 3.574652798806631893e+01 3.231676911893269022e+01 2.227387547661131251e+01 2.205039039415503055e+01 1.184001460077312196e+01 1.895375964565400295e+01 2.532238079366314309e+01 3.736283390880250721e+01 3.709613535876235346e+01 3.709613535876298585e+01 4.178185962944061060e+01 4.795088333349790588e+01 4.348885704960737542e+01 4.795088333384431678e+01 4.653368966444696042e+01 4.239929247803706147e+01 4.363552108545175656e+01 4.473976682776253710e+01 4.041210788770059281e+01 4.476220858147976145e+01 4.746540802416223670e+01
3.568833794741329513e+01 3.568830106641769362e+01 3.568830106641769362e+01 4.583927611680923775e+01 5.174774747776627493e+01 4.375630118285297243e+01 4.430534881068151520e+01 5.327035094868922727e+01 4.783502994712739564e+01 3.963929863219179595e+01 4.783502994712739564e+01 4.199566486731752946e+01 3.131086768576892609e+01 2.483740687204588937e+01 3.582679961408449287e+01 4.228526486159507414e+01 3.833042520313566115e+01 2.721396346870034932e+01 1.965318745086035079e+01 1.968835886612871988e+01 1.143728393462562742e+01 2.189562560888477805e+01 2.837066738075452577e+01 3.268237321001022622e+01 3.736595425248933111e+01 4.329305411287087679e+01 4.391765873421815058e+01 3.965330298131744513e+01 4.391765873427829092e+01 4.148627652720678327e+01 3.707879004203042683e+01 4.033865773037028646e+01 3.478842412329760947e+01 3.930156869335216641e+01 3.000293903102635440e+01 3.894123538598409340e+01 3.604130487289356211e+01
3.491383278667200329e+01 2.839838139599949329e+01 3.436418793842224773e+01 4.453163128657847381e+01 4.768970910248793160e+01 3.853137627076297633e+01 3.941963796641667273e+01 4.888671606296090744e+01 4.374337544333383221e+01 3.402418144553884360e+01 4.374337553391393385e+01 4.619590201014194975e+01 4.010651995311191342e+01 3.046649397814175941e+01 4.011926665786144497e+01 4.402653914177233219e+01 3.374171532111348171e+01 2.632877975734223597e+01 2.186823083183433170e+01 1.143728393462562742e+01 2.069435417582611336e+01 2.336820999593660986e+01 1.796683373678516915e+01 2.252701356618333151e+01 2.875288255709595475e+01 3.914059702569473131e+01 3.872945053390824199e+01 2.924318993156120783e+01 3.872849338604449798e+01 3.548269408811165704e+01 2.578248167952107650e+01 3.498550355806462875e+01 2.873408983206083889e+01 3.185948548836193339e+01 2.471713953900202654e+01 2.847631417821524380e+01 3.578635860238419042e+01
2.458580566628102915e+01 3.491383278667200329e+01 4.284771637885629758e+01 4.870058644710516660e+01 4.419683600622258268e+01 3.436197910885947238e+01 3.891636423099912179e+01 4.443103936325245229e+01 4.030699433618257643e+01 3.048817811691974455e+01 4.030712140202011540e+01 4.660050669682700430e+01 4.540381855312298853e+01 4.118775311816774831e+01 4.540466613048710087e+01 4.299955318294014006e+01 3.740300002491100884e+01 2.825128098731285675e+01 1.784342023926467746e+01 2.084589030466623782e+01 1.091230403762280332e+01 1.354080686640231157e+01 2.349090271867026658e+01 3.268237338380646406e+01 3.509173509214789988e+01 3.075491953747502905e+01 3.444824645643934247e+01 2.392978496832159507e+01 2.918901404984927339e+01 3.096744481136334670e+01 2.003891335062213130e+01 2.684219665526892484e+01 2.332599544373277567e+01 2.127602174938994750e+01 3.185933441962021107e+01 3.080690745608065484e+01 3.680492055680388575e+01
2.627946804540381720e+01 3.226762403196474338e+01 3.951210758415884072e+01 4.962447706224367039e+01 4.597009334781817813e+01 3.628036633859910154e+01 3.056609267755550619e+01 3.727364486365519980e+01 3.532283427940790688e+01 2.740458393256077585e+01 3.267247538755657388e+01 4.250395542840576013e+01 4.657269861889382412e+01 4.252205562928792659e+01 4.657269861889382412e+01 3.877424370368027695e+01 2.797628756804696337e+01 2.215502560262875420e+01 2.376785914482500672e+01 1.533973513110238862e+01 1.058318396792441618e+01 1.890274889716907225e+01 2.284510185505243740e+01 3.278968255924252873e+01 2.898923386304075933e+01 2.013492221255346948e+01 2.898453679153773166e+01 2.918723303303059424e+01 1.863235220671072767e+01 2.468772655883038070e+01 1.631198997277296314e+01 1.631198997277296314e+01 1.811840216165587947e+01 2.907788330491381146e+01 3.615313105680642991e+01 4.119836173769711962e+01 4.551417168046008754e+01
2.930047397811523879e+01 3.472279116242989971e+01 3.892653040001273013e+01 4.481375640507048530e+01 5.005419627675852468e+01 4.290592484746294133e+01 3.315052975304091376e+01 2.732643146087121266e+01 2.528085774088924964e+01 2.440230309132619269e+01 3.091745136611538314e+01 3.517090293875504869e+01 4.169211516807846607e+01 3.276596707627221150e+01 4.169211516807846607e+01 4.243815447903640603e+01 3.487472267638434431e+01 2.365627352114266557e+01 1.549030595886470252e+01 1.290708627682697873e+01 1.058318396792441618e+01 1.717644676135428128e+01 2.654593606641993020e+01 3.261029322509657646e+01 2.458571037471183374e+01 1.433744882445015278e+01 2.458222039893922073e+01 2.716782162121845090e+01 2.285356391231506734e+01 1.441187495847977118e+01 2.468772655781232928e+01 1.631198997277296314e+01 2.370991650535667716e+01 2.919138790339443545e+01 4.046346812258588699e+01 4.583288507453843863e+01 4.497082067501822422e+01
2.068589877706171620e+01 2.438423014948698864e+01 3.039317822770910738e+01 4.063715526271446521e+01 4.680475514274323245e+01 4.697416000334866482e+01 4.133068658457649036e+01 3.709541255892617073e+01 2.713057385267177324e+01 2.247165069896064082e+01 2.069402662595951625e+01 3.093093988126644689e+01 3.764407666482956927e+01 2.771846687076734028e+01 3.764407666482862425e+01 4.051251543031469993e+01 3.170465213037308061e+01 2.454622442344789235e+01 2.408118157399862014e+01 1.975595017173675316e+01 1.027913777888647218e+01 1.770066514945107272e+01 2.853524172017147364e+01 2.721980099219513605e+01 1.790356482189993415e+01 1.107550828542069254e+01 2.092381127363455207e+01 2.162567290034096601e+01 1.283882346657014928e+01 2.285360923174072667e+01 2.901600919664521072e+01 2.684219665939970412e+01 3.117338557647138586e+01 3.813710469193048169e+01 3.883142562557662103e+01 3.484326163402026566e+01 3.465332420900067234e+01
3.106755755405561814e+01 3.472279126659209680e+01 3.892654664418063248e+01 4.382403330183541357e+01 3.670686608966847331e+01 4.382409803935491510e+01 4.507277308782951053e+01 3.530254164781621284e+01 3.656129829966332068e+01 2.773086685227541892e+01 2.069402662595951625e+01 2.903066808293437617e+01 3.314113791740411585e+01 2.426147037394149208e+01 3.433554137383677585e+01 3.511932893313382920e+01 2.927126063506933562e+01 2.454847129705913389e+01 2.006981193696292465e+01 1.027913777888647218e+01 1.955264314426640482e+01 2.365556184471889978e+01 2.422069540842927182e+01 1.696673330780795652e+01 1.997016598322795033e+01 1.107550828542069254e+01 1.172621729695424264e+01 1.172621729695424264e+01 1.172621729695424264e+01 1.859578496559818106e+01 2.910546347885123808e+01 3.129137121890839879e+01 3.552892930433583274e+01 3.614236145416919754e+01 2.958912365347789475e+01 2.724503276004736918e+01 3.465332420900060129e+01
