output/example/elevation_000319.asc
nrows	75
cellsize	13.33333333
xllcorner	0
ncols	75
yllcorner	0
NODATA_value	-9999
[rows 51 to 67 of 75, columns 0 to 36 of 75]
1.369999999999999864e-02 3.175843185738939756e+00 6.628959122775000878e+00 1.180875489621541341e+01 2.239546084618915245e+01 3.095396660567340419e+01 2.126234143652872888e+01 1.993430662662197506e+01 1.069599635500268775e+01 1.026518158570670280e+01 1.642937957466904209e+01 2.031797265323805846e+01 2.538920094131393057e+01 2.134755876258535778e+01 1.712227283311008108e+01 6.456738853540121781e+00 1.712326837039712046e+01 2.514143362416129790e+01 2.122353792775495052e+01 1.815353454169088820e+01 1.266436329780624526e+01 2.186431665653514766e+00 1.237464163671358186e+01 1.093445031733632966e+01 1.258732993578433756e+01 7.648549366676901329e+00 1.515558165294836179e+01 1.451907347393012770e+01 1.258189822607230290e+01 4.860572040977286790e+00 3.291507991893442231e+00 3.142459370481570868e+00 3.142459370481570868e+00 3.142459370481570868e+00 3.142459370481570868e+00 1.152717602395724050e+01 1.294150233875367384e+01
1.290000000000000001e-02 1.001289999999996283e+01 1.682841844749348681e+01 2.110917619614430407e+01 2.669359957970500119e+01 3.161256415226667471e+01 2.178043249184019103e+01 1.520841607159241171e+01 1.993430662663449837e+01 1.901312204580966281e+01 1.311622250308212223e+01 2.196090253267126258e+01 3.042842901811541623e+01 2.098662101478635122e+01 1.384877917233155209e+01 8.243258639663810783e+00 1.593690345966516020e+01 2.565227802013128411e+01 2.370470569226419499e+01 1.389620922617265819e+01 3.421792010819825869e+00 1.266058761243176001e+01 1.673874806748359489e+01 1.913052109495254172e+01 1.978511183418291353e+01 1.274538923397047974e+01 1.952746342399884227e+01 1.425657048283179229e+01 6.448145429214360291e+00 1.387305027546562108e+01 1.708903361460698633e+01 9.525151710286682061e+00 1.352324773757556997e+01 3.142459370481570868e+00 1.277356974580617610e+01 3.792197717296970527e+00 3.792197717296970527e+00
1.329999999999999932e-02 1.001329999999996190e+01 1.817547766016362232e+01 2.231761326920499400e+01 2.264761361514832316e+01 3.264761361464083933e+01 2.875799986076123460e+01 1.978820862587616247e+01 2.606753230507639074e+01 1.688262563550349071e+01 2.196090253267126258e+01 1.851577452511689614e+01 2.788913831594402382e+01 2.769329346163763006e+01 2.060711694382095160e+01 1.028931880921026121e+01 2.060668301941932157e+01 2.549191162988651271e+01 1.516838326981807938e+01 8.982787906499728692e+00 1.374277723130447981e+01 3.421792010819825869e+00 1.105947763985520105e+01 2.248985503663089602e+01 2.584043725278807813e+01 2.214550618715740526e+01 1.710743738397157188e+01 8.050338639640891358e+00 1.428317480181519095e+01 1.839654879934413856e+01 2.288445268418887579e+01 1.923209372043142196e+01 1.530428887013360040e+01 4.579380964818119182e+00 1.525317001375127468e+01 1.438455274207603907e+01 1.347567787456517330e+01
1.369999999999999864e-02 1.001369999999996274e+01 8.175477660168358085e+00 1.264761361516792171e+01 1.971868142703334570e+01 2.971868142698422588e+01 3.366374158722506849e+01 2.659008636833392103e+01 2.946029193101195176e+01 1.986149599690107692e+01 2.946029193101195176e+01 2.497732612983852718e+01 3.203101281416122958e+01 2.909787325456612805e+01 1.968851055624315904e+01 1.244590599815054155e+01 2.244444910792916303e+01 2.965577711134283234e+01 2.370574167155546519e+01 1.951986780203821326e+01 1.514529119563212767e+01 4.220073945964477602e+00 1.516707465823593104e+01 2.501943991733249106e+01 2.809288068261177074e+01 1.783627684584161344e+01 1.097311931432776433e+01 1.711633545181998528e+01 1.526265083578420345e+01 2.536460817982971605e+01 2.367664771679650215e+01 1.753948990459703694e+01 6.968076658192287276e+00 1.533505983732032263e+01 8.047688672631862161e+00 1.844408330498407267e+01 1.588148776656242234e+01
1.319999999999999993e-02 3.175477660168375404e+00 1.317547766016680200e+01 1.552582619488695492e+01 1.967024041932370437e+01 2.664460476751136042e+01 3.079395940887563299e+01 3.663504193615799664e+01 3.362730722160354446e+01 2.519776542407262809e+01 3.362730722160354446e+01 3.491887478672315837e+01 3.396172464043957007e+01 2.605288918267027753e+01 1.663231124897491853e+01 1.609034372503566956e+01 2.071750622420755761e+01 3.012846369901408750e+01 2.983677653136804153e+01 1.936344128667298392e+01 1.149001506688320084e+01 5.083813239234365788e+00 9.578525942896925827e+00 1.611971110439155908e+01 2.694330964363111391e+01 2.390463377667431288e+01 1.376310948787770272e+01 2.390582222518610322e+01 2.536468015724925706e+01 2.594583355927192869e+01 1.975099221724272525e+01 9.497367191845865975e+00 1.753948995163912628e+01 2.071689679609746904e+01 1.063883381229110370e+01 2.071630983508025281e+01 2.417438890311722233e+01
1.349999999999999985e-02 1.809553020267750556e+00 3.635294878618334113e+00 5.525117243665341960e+00 1.552582619488700821e+01 1.663944151154084494e+01 2.392454417280433887e+01 2.807801256076963270e+01 3.402089338651780537e+01 3.527465447916117114e+01 3.941363704843119109e+01 3.662430813970080123e+01 2.726480436339043223e+01 2.088141968286633698e+01 2.605288914068762907e+01 1.963792781548341182e+01 2.889623995134452628e+01 3.409326776800348568e+01 3.138312502302042617e+01 2.102757780786835440e+01 1.710363795465122649e+01 6.052355490400885607e+00 1.716769910111408493e+01 2.497502210108464382e+01 3.118478667545748806e+01 2.755131093833425737e+01 1.724031098318409150e+01 2.755131093833425737e+01 2.903206957578751357e+01 1.962536674543099124e+01 1.215906060821430223e+01 1.975099221724272525e+01 1.974810815975158818e+01 2.350341814352286818e+01 1.385056286921458124e+01 1.723152155636055838e+01 1.723152155636055838e+01
1.369999999999999864e-02 1.001369999999996274e+01 1.363569962304228866e+01 1.552582619488700821e+01 8.473956374639326938e+00 1.114656885412427023e+01 1.392007030601834039e+01 1.969425080767251401e+01 2.975301131108516373e+01 3.962109869569599141e+01 4.270546922477726071e+01 3.309030930116598057e+01 2.657719677910257872e+01 2.814130966894272845e+01 3.285208237128988173e+01 2.426166069981774953e+01 3.285210883676979421e+01 3.378141876425632972e+01 2.953779141597539848e+01 2.107269243805333758e+01 9.931000972905961177e+00 7.079901716732025285e+00 1.102707177051971854e+01 2.224916465116543307e+01 3.211469263745050284e+01 3.181080311157994700e+01 2.312761383724312836e+01 3.181080311157994700e+01 2.821615643996656075e+01 1.989933153786907738e+01 1.411023074486565321e+01 2.378672173711408888e+01 2.920522459081889366e+01 2.741660482507428398e+01 2.350746051010097659e+01 1.888261152463009651e+01 2.651798564635920030e+01
1.379999999999999977e-02 7.084867811865461995e+00 1.708486781186539005e+01 2.262184469059997127e+01 1.847542317738772155e+01 1.663944151154084494e+01 2.392454417280476875e+01 1.969376149424166300e+01 2.546832467434008507e+01 3.547609701767550661e+01 3.871710501567691409e+01 3.993593317569649059e+01 3.590652444059860926e+01 3.631588825086900130e+01 3.756767087580792008e+01 3.353488231310971912e+01 3.754704368873633769e+01 2.953690406386376921e+01 1.889148758297222841e+01 1.480838318587998081e+01 1.938653617219184255e+01 8.235653137135951596e+00 1.916318136950112461e+01 1.759992950780423016e+01 2.517585623850581555e+01 3.503837037048165826e+01 3.055359708761688253e+01 3.379714565718217045e+01 2.577017697168883004e+01 2.078148105678694435e+01 1.646557970783365477e+01 1.953914360595183553e+01 2.817199431407698995e+01 3.563521284872025063e+01 2.641610358692198446e+01 2.423289856053633073e+01 3.198459069053296844e+01
1.309999999999999880e-02 7.084167811865484943e+00 1.708416781186555156e+01 2.239583020778896838e+01 2.653810731162301195e+01 2.664460476751136042e+01 3.079395940887563299e+01 2.969810696126229743e+01 3.384325289615608057e+01 3.579072583642060579e+01 2.870548373687196175e+01 3.579072583642060579e+01 3.098627145392740090e+01 2.553594603811875174e+01 3.098627145334462085e+01 3.808498153518817020e+01 3.791652833800523581e+01 2.766135365770960419e+01 2.947482252060497387e+01 2.269646362738226131e+01 2.045151431025319866e+01 9.395203311380829092e+00 1.736673252478917817e+01 2.767707743026524270e+01 2.806451974817195705e+01 3.787506378893195347e+01 4.093483403857408831e+01 3.405536797043978936e+01 2.475121509377691353e+01 1.976038242089767749e+01 2.649348127149155019e+01 2.325666597845813044e+01 2.555251281104363414e+01 3.461132809312513814e+01 3.563521284872025063e+01 3.341638670060272176e+01 3.733493125180527272e+01
1.349999999999999985e-02 1.001349999999996321e+01 1.423085387804246160e+01 1.239581732288874782e+01 1.979021999769738116e+01 2.312355579605792499e+01 2.726563380502980749e+01 3.226546665268473646e+01 3.615390194544981028e+01 3.131569624459175571e+01 2.163943972988511177e+01 3.131569624447455880e+01 2.682761128953433527e+01 1.670748056511315838e+01 2.388756137079229802e+01 3.238973766816930322e+01 3.817793602355194338e+01 3.791652833800523581e+01 3.676068568184022212e+01 3.001493219027938864e+01 2.180578142021912313e+01 1.057812675464083441e+01 2.180231540561904069e+01 2.795924473850005398e+01 2.576491117581279866e+01 2.949539852150122599e+01 3.363141137595053465e+01 3.809991896021244884e+01 3.176815545275461972e+01 2.256043236635721172e+01 2.294455690807885162e+01 2.808283161515604931e+01 3.459836739889738055e+01 3.873840330608330618e+01 4.169172032395137251e+01 3.756641789157645661e+01 3.607999250335453212e+01
1.369999999999999864e-02 2.098844140570749861e+00 4.230851304126857393e+00 6.903463723251104689e+00 9.790215069199241782e+00 1.312354840253258637e+01 1.812354840299408565e+01 2.812354546617690687e+01 3.200061925674584273e+01 2.200041096379574768e+01 1.717363362143808914e+01 2.716640825476157772e+01 2.682761115620100156e+01 1.670748056511315838e+01 1.821927656475958557e+01 2.400486410477535060e+01 3.401488667883768358e+01 4.060083605452880562e+01 3.479974768109915573e+01 2.596476434657571275e+01 1.497097472291305209e+01 2.180584829107716516e+01 1.253701283400372013e+01 2.375972285220029434e+01 1.469086107243489892e+01 1.894342846555214877e+01 2.524298537820714827e+01 3.530252942365600433e+01 3.542818302621955695e+01 2.583103694127754579e+01 3.505452584773335190e+01 3.743678899066804178e+01 4.161224002888067020e+01 4.510967668939209574e+01 3.471767024265568580e+01 2.768997567326650611e+01 3.152282928581814048e+01
1.290000000000000001e-02 1.001289999999996283e+01 1.000435399610001497e+01 1.690346313597807537e+01 1.979021999707244817e+01 2.312355579605792499e+01 2.726564086906970985e+01 3.226546742086575392e+01 3.247306643821926286e+01 2.383548337696681330e+01 1.384055977692228367e+01 2.383548337697158104e+01 2.042743377098676660e+01 1.343554476043963852e+01 2.351331300732687524e+01 2.530287123578245101e+01 3.531332971770956419e+01 3.647106694230354407e+01 2.639112953465497213e+01 2.017160684737118714e+01 2.596476434657571275e+01 2.800557166596158964e+01 2.375972285220029434e+01 1.469086107243489892e+01 2.576491032124706848e+01 2.949539530300334178e+01 3.363136558021687250e+01 3.940920083522533446e+01 3.954007348370176089e+01 3.253113661450881011e+01 3.954006779922094239e+01 4.368683278776934031e+01 4.211130432556315384e+01 4.041079414253222524e+01 4.005948259412844692e+01 3.151747954406815211e+01 2.147493478042624204e+01
1.359999999999999924e-02 1.001359999999996298e+01 2.000434376100122336e+01 2.414615803676942107e+01 2.311860556557300583e+01 2.302666322375584684e+01 2.749624784494309893e+01 2.684640873141423612e+01 2.830288394817414499e+01 1.832672996746762806e+01 1.126473047874261724e+01 2.042741332821110944e+01 1.006180076331961359e+01 2.042743377098676660e+01 2.766477395647328663e+01 3.531332971770956419e+01 3.947660410055607372e+01 3.776360257437156775e+01 2.770544672431547184e+01 3.065069443108760439e+01 3.304389304683186168e+01 2.274985714470446752e+01 1.469086107243489892e+01 1.469086107243489892e+01 1.719899824854460491e+01 2.796188164060931314e+01 3.467800835416134220e+01 3.878858558482372132e+01 4.374264085984420092e+01 4.243159587004605271e+01 4.368683282772380494e+01 3.416522063319053615e+01 3.300218863417688908e+01 3.199634524071415953e+01 3.540085345927322180e+01 2.582478409877047554e+01 1.770246080347223483e+01
1.379999999999999977e-02 9.926118239925488140e+00 1.768838982793918291e+01 1.999926649758544883e+01 1.356199354839546167e+01 1.219893216961706095e+01 2.174791117197258217e+01 1.705488243225535783e+01 2.122602397238977190e+01 1.415742427119367086e+01 9.021532197625715455e+00 1.006180076331961359e+01 1.297842233566410286e+01 2.302018540344627695e+01 3.026279752911684895e+01 3.404357482235296573e+01 3.819863039601437293e+01 4.189404852851120609e+01 3.776360257434367185e+01 3.964936525667150846e+01 3.555660650159434510e+01 2.816391877460296556e+01 1.743358467795128774e+01 2.576491045460182150e+01 2.796188164060931314e+01 2.083866909328761707e+01 2.467491036668614157e+01 2.973284889804797260e+01 3.962317560853396969e+01 4.739531401644881470e+01 3.825665549523623810e+01 3.591242897611427765e+01 2.624347620752605792e+01 2.615838508566421083e+01 2.943886756101823110e+01 2.587347656518750583e+01 2.361932534594253141e+01
1.349999999999999985e-02 1.001349999999996321e+01 8.254338340687924713e+00 1.183501677766442128e+01 7.286530435653843618e+00 7.231168499620452828e+00 4.153407395978724104e+00 1.040716129851888283e+01 1.534977599149003602e+01 7.059081713819949755e+00 7.059081713819949755e+00 2.019175504963122947e+01 2.302018540344627340e+01 1.710436044168676872e+01 2.026589984881723439e+01 2.404057834191854681e+01 3.110986216637008184e+01 4.112618370444943849e+01 4.255871577036619158e+01 3.265800205382898014e+01 2.558160816683046335e+01 2.154150608518520116e+01 2.816442065060963529e+01 3.231376958086358542e+01 3.403595470670903467e+01 2.400892755878892615e+01 3.403595466789992940e+01 3.878941442836292453e+01 4.374283354010922409e+01 4.466430370269240058e+01 3.560350290070334012e+01 2.925425466851461920e+01 2.495468192376289096e+01 2.072755265048536089e+01 2.499497659165594854e+01 1.562657829175218183e+01 1.464789078781640619e+01
1.359999999999999924e-02 6.498852028642734258e-01 1.287466968032512593e+00 1.930319568123229024e+00 2.577265634382988946e+00 3.251735778775798558e+00 3.939824042394337589e+00 4.633512557369966700e+00 5.334754921033558972e+00 1.439587546184550604e+01 1.735312579131743504e+01 2.242930730738452638e+01 2.666315080816086436e+01 2.710150090857942828e+01 3.026279752911684895e+01 3.404357482235296573e+01 3.819863039601437293e+01 3.912175053054696150e+01 4.327597668970734190e+01 3.967338176313155174e+01 3.555679402304465953e+01 3.178672593691512915e+01 2.715494616192730604e+01 3.710556046729609392e+01 3.733543682617883519e+01 2.743709251558822970e+01 3.733543682617883519e+01 4.556523354489005584e+01 4.160155420871232224e+01 3.894098753316730210e+01 3.445041494681196781e+01 3.168214975030097946e+01 3.008127370596227834e+01 2.636409348324960433e+01 1.704325023409450779e+01 2.587328852695014092e+01 2.498079805510159446e+01
1.290000000000000001e-02 1.000282503043367477e+01 1.120215970564521690e+01 1.191143902213623917e+01 5.219328447672982207e+00 1.305316131856815964e+01 9.644537018326502675e+00 1.439656206804713534e+01 1.534925983487979018e+01 6.573543610040871066e+00 1.658103960903040885e+01 1.315265116597810113e+01 1.783122710712612857e+01 2.315223043195013375e+01 2.996047541897348410e+01 4.023996189120646960e+01 3.749170541717114702e+01 2.910746353815455123e+01 3.749170541717114702e+01 3.926939707946922908e+01 4.097334762415977849e+01 4.122269394650288632e+01 3.292221097287329457e+01 4.122352877510465419e+01 4.145047143215601437e+01 3.239513931962597582e+01 4.145047143215192875e+01 4.160155421308679280e+01 3.252282281633096517e+01 3.461835052803250790e+01 2.826471162960534045e+01 2.189677199904099680e+01 2.028186533107266243e+01 1.871499979218972598e+01 2.731971395260776703e+01 2.208896542813690189e+01 3.182419498242549238e+01
