output/example/elevation_000004.asc
nrows	50
cellsize	20.0
xllcorner	0
ncols	50
yllcorner	0
NODATA_value	-9999
[rows 17 to 33 of 50, columns 0 to 36 of 50]
9.098509734387574266e-01 1.090985097343872212e+01 1.541116712068714634e+01 8.960677534249496645e+00 5.668007692885002946e+00 1.855704334239105080e+00 1.183217439246193337e+01 1.888245126241431393e+01 2.196713919815285010e+01 1.198833825118075858e+01 1.803969039278771902e+01 1.806601747610988085e+01 1.689583622704661536e+01 6.895842392071232396e+00 1.272951702080694503e+01 1.342030067778658875e+01 7.885139638051225752e+00 1.642995273121854893e+01 1.565088451193240360e+01 1.496864809395074758e+01 1.522876427902570029e+01 9.552408352520757262e+00 1.724731415984892280e+01 1.707955992717744920e+01 1.066143039265761239e+01 1.875204208781446980e+01 1.143519749313489875e+01 1.196788525216810761e+01 2.162783140483472977e+01 2.499745045201485283e+01 2.983566211020528769e+01 2.847472886281900628e+01 2.002583041287651611e+01 2.248839280100281357e+01 1.524022661332262807e+01 2.449290786775901552e+01 2.459007867313765416e+01
6.729603419142361487e-01 7.744028153779722423e+00 1.774402815377979081e+01 1.210009789738646013e+01 2.100088204549602100e+00 8.989740056994264705e+00 7.651465219590142475e+00 1.765146152241925392e+01 2.613044914235225846e+01 1.804310925353404116e+01 8.066020945977937728e+00 1.561943732430297693e+01 1.317807844365658276e+01 1.378511953665556966e+01 6.631908912940083667e+00 1.401935428290238761e+01 1.635673483668639960e+01 8.254117289823753367e+00 1.606086464792483071e+01 8.901143914116286027e+00 9.166022471460005150e+00 1.757790462751340144e+01 1.902569423219049227e+01 2.194761075257854799e+01 2.066162576557309194e+01 2.196782243309530713e+01 2.075455897632310354e+01 2.130045320763601069e+01 1.280293759980956736e+01 1.569176384300475569e+01 2.567739180285226297e+01 3.417698944433173835e+01 3.003436080306821765e+01 2.226883455609845797e+01 2.516802722982690455e+01 1.766583419596350168e+01 2.761976581986186829e+01
9.500813129397378543e-02 1.009500813129393748e+01 1.919287730456120755e+01 1.624223000039289033e+01 9.041869146719545114e+00 2.446376723033846012e+00 1.244636927636811308e+01 2.179357476248689451e+01 2.165032792663326333e+01 1.746344273414451109e+01 1.366929306318963278e+01 5.649422605747972170e+00 1.294880929218987831e+01 6.270827901250873637e+00 1.494844738887026381e+01 1.392958352868920358e+01 1.871472518886142922e+01 1.692587523930872351e+01 8.623900075517374475e+00 1.621757361958705346e+01 1.652110613693426089e+01 1.073737519206908431e+01 1.186972293814382517e+01 2.175205436246069368e+01 2.736537270404891586e+01 2.779739766525017686e+01 2.331385810686614946e+01 1.365942266242746683e+01 1.960006309503724609e+01 2.563394888811818362e+01 2.103854919281167568e+01 3.102894497213659974e+01 3.641016467403782286e+01 3.226739091043000940e+01 2.399066291204786339e+01 2.760638419735687066e+01 2.043956550201719935e+01
5.074168083889973868e-02 5.050741680838890524e+00 1.505074168083885411e+01 1.112494247393017588e+01 2.793076295529551611e+00 9.383176657232533913e+00 1.658850066993485939e+01 2.262735756167910850e+01 1.750822387998508844e+01 7.508218892158383895e+00 5.292021519873716606e+00 9.861489257201185410e+00 5.910342541537396244e+00 1.187980457189115135e+01 1.627082321339973703e+01 2.392957169267041451e+01 2.379519037570473117e+01 1.379517172362372257e+01 1.047949598106757207e+01 2.043102574832581908e+01 2.476020045344770537e+01 2.052846516956262590e+01 2.142724387440184941e+01 1.351375910165305783e+01 2.351377910034825902e+01 2.452490693732692151e+01 1.452255684351694498e+01 2.298605727327873538e+01 2.700125598412190087e+01 3.374781088465162071e+01 3.102882490044146735e+01 2.810973447874026121e+01 3.810998770605511510e+01 3.813212876099143500e+01 2.976416355839572958e+01 3.458129413712654809e+01 3.038353726808776045e+01
2.528005767708579876e-01 1.025280057677082191e+01 1.919287730456120045e+01 1.014553245433616091e+01 3.038367798315825929e+00 8.467615884672776261e+00 8.485282233210348579e+00 1.398457994554263450e+01 1.414468493435046348e+01 1.170526396323857909e+01 5.039874244827165839e+00 1.280325654148791692e+01 1.591033138472115027e+01 2.005245338920115827e+01 2.603557871405700652e+01 3.041290860286409981e+01 2.793727219317041133e+01 2.372477454043217193e+01 2.038631252745653910e+01 1.325306208268100150e+01 2.325304922895040605e+01 2.518131779891176691e+01 1.518133026656916762e+01 2.330583704858818095e+01 2.739569294615268191e+01 2.866742492601766301e+01 2.419325119144798819e+01 1.533994438952513129e+01 2.470832232783048354e+01 2.565657050259612859e+01 3.098714820899707334e+01 3.810998770605511510e+01 4.225228505905918297e+01 4.390517078785372007e+01 3.976366183434627999e+01 3.918428909727008858e+01 2.918595909766487750e+01
9.791283598286071310e-04 7.072046940225290790e+00 1.707204694022522062e+01 1.718047863208749604e+01 1.140844808751460882e+01 3.385774564857831681e+00 1.065899248982198166e+01 3.984572675124230745e+00 1.082619408736552735e+01 4.687044514786625982e+00 1.325484421527661283e+01 7.621885853876632311e+00 1.756193250760895097e+01 2.385658745394286129e+01 2.800868373868122063e+01 3.300860911806726961e+01 3.405784652481025176e+01 2.630782166950698198e+01 1.633913591436822088e+01 2.029000934363046227e+01 2.739514518865940929e+01 2.932340674608598619e+01 2.505952095692355641e+01 1.693546288280149881e+01 2.684749616229753855e+01 3.295067113351921506e+01 2.948458031536910795e+01 2.504493441428271083e+01 1.621765815080127027e+01 1.684328434804188035e+01 2.650346869158821406e+01 2.982408551378897243e+01 3.323045222507589358e+01 3.659292250380621425e+01 4.077194923768379198e+01 4.332600028592176500e+01 3.495936765613681985e+01
4.600753433092569233e-01 7.531143155174719439e+00 1.753114315517465016e+01 1.919479474172115019e+01 9.194797704313664610e+00 1.166937604853435140e+01 3.734023977841762321e+00 1.093283077063195208e+01 4.334590769228020335e+00 1.264819737608685912e+01 1.468705316150379403e+01 1.754358117806399164e+01 1.034353850852484058e+01 1.386691658581328035e+01 1.886668455331390959e+01 2.886649512297043074e+01 2.998591848610533361e+01 1.999060149083510041e+01 2.629206767916301146e+01 2.450407785054941812e+01 3.443234829892163873e+01 3.325920371092703931e+01 2.325999245314077868e+01 2.675584701813100708e+01 1.880863027738548610e+01 2.453172719422910575e+01 3.453150828275918371e+01 2.621918224359501437e+01 2.588441810434281365e+01 2.566089877191588187e+01 1.773687603357994291e+01 2.040788970816998926e+01 2.329387903198831111e+01 2.662656386005610187e+01 3.369742890506763189e+01 4.370048411859321646e+01 4.203004370993954808e+01
5.979472710492108600e-01 7.669015082914673265e+00 1.766901508291460132e+01 2.333690013226555493e+01 1.877317061369161877e+01 8.773168815662735653e+00 1.370573602488059706e+01 5.810856761493260692e+00 1.430447722167606805e+01 1.840191278386803475e+01 2.468704984719580864e+01 2.263467864469210511e+01 1.269619088454052935e+01 2.256568254289678066e+01 2.794243881085743908e+01 3.300860911807065179e+01 2.999058521465353522e+01 2.997329967559763020e+01 2.467969952751968421e+01 3.448580875748054808e+01 3.864609033814786443e+01 3.325996667674680651e+01 3.312199825642360906e+01 2.979916135634730878e+01 2.019512158119834311e+01 3.004299605378623639e+01 3.867354040953718908e+01 3.622014059467232983e+01 2.862285110895121676e+01 1.866594988125733678e+01 2.741859536588498969e+01 2.585762664631990404e+01 3.323124514800887397e+01 3.658544689458335597e+01 3.479247605485014816e+01 4.479565167607932352e+01 5.202866067555149954e+01
1.534601171854249602e-01 1.015346011718538932e+01 1.880455382748108661e+01 2.295443371717828285e+01 2.291528032964215100e+01 1.876105627353563321e+01 1.115608590270032252e+01 1.576633864066368140e+01 9.462343977115176941e+00 1.943139334659794315e+01 2.781099852894229940e+01 2.683846027632071696e+01 2.266548078290921353e+01 1.661863293827784460e+01 2.367331413240525961e+01 3.364580866728084629e+01 3.999053079653783271e+01 3.817862539569818381e+01 2.821523355017775359e+01 3.818352601070898800e+01 4.740181543866739844e+01 4.020200479621596656e+01 3.225153705798901171e+01 2.228029011569191553e+01 3.005978039504886468e+01 3.019516749848198955e+01 4.019513281398077709e+01 3.580074608537663750e+01 2.579687449341633254e+01 1.932557737289676680e+01 2.848518683609724889e+01 3.585905632449864555e+01 3.992799193142613490e+01 3.874014978708838441e+01 4.288554464872938610e+01 4.894006150668122501e+01 5.451366494117628037e+01
1.123418600940028211e-01 1.009757591054339620e+01 8.812298093461132353e+00 1.458580078535736924e+01 2.458580078535729996e+01 2.529820437842511538e+01 1.562822411645030840e+01 2.359786656516262937e+01 1.942905374431509813e+01 1.372636014465975407e+01 1.949416481226728237e+01 2.949418308971673852e+01 2.661867578630502251e+01 2.660181203791525206e+01 2.196389138344862246e+01 2.773741395899734741e+01 3.773741388636991445e+01 3.821521355902770267e+01 3.528630172676896137e+01 4.235723245247664437e+01 4.462109306397099573e+01 3.603100693306888758e+01 2.605996084810342950e+01 3.219911171794737470e+01 2.490644331676056211e+01 3.067638556538598138e+01 4.067636160086536279e+01 3.668006221648123244e+01 2.667833053918619513e+01 1.999075200498520744e+01 2.917465750162248384e+01 3.436916999992550359e+01 3.505719826492651237e+01 2.873717136124526661e+01 3.870042379891943796e+01 4.629911588061663252e+01 4.450407174986998626e+01
2.368195578726151052e-02 3.038795401564895027e+00 1.009919754944072601e+01 2.009921174964243562e+01 2.872793640906189694e+01 2.977033135827890931e+01 2.562822495117676169e+01 2.562822495117676169e+01 2.781099852894930891e+01 1.872588986239702891e+01 2.786847409882903648e+01 3.363626359348388917e+01 3.661867117277504491e+01 3.610600505243863267e+01 3.196267615019242214e+01 3.610600505243940717e+01 4.187947888012433850e+01 4.821508318518890945e+01 4.528623222746180943e+01 4.630491871536855797e+01 3.630502370264169798e+01 3.053210298808536294e+01 3.603055763836827197e+01 3.673085171668924431e+01 2.690456214074761476e+01 3.678134398089443380e+01 4.481837866272695692e+01 3.706215511601276802e+01 2.706033782927737974e+01 2.967640428878900494e+01 2.095046359264388158e+01 3.062869861699451945e+01 2.508585443424462369e+01 3.503743343293065493e+01 3.300188343917666600e+01 3.633584591598172153e+01 4.340461504194575326e+01
6.540601710037032834e-01 1.064871107701192621e+01 1.303879540156485817e+01 2.303879540156478711e+01 2.895333580888799929e+01 2.757856168484987691e+01 3.172842454395880551e+01 3.562820064980982693e+01 3.286791822734926427e+01 2.872581969065663543e+01 3.286791822734912927e+01 3.236467067577628853e+01 3.650645282345148246e+01 3.694840207774384311e+01 3.280681218069415905e+01 3.694840207774385021e+01 4.194782564141794978e+01 4.161165816685917918e+01 4.575327143346272862e+01 5.044683363579526514e+01 4.467409549310583827e+01 3.630491386077159177e+01 4.455054159170379080e+01 3.893462676444686110e+01 2.903652371006439381e+01 3.476749545664462460e+01 4.476744985753451544e+01 4.120670167287291008e+01 3.706215511601276802e+01 3.436916999991338173e+01 3.062743184804620356e+01 2.192124784289328332e+01 3.164854673888322267e+01 3.654962979470344209e+01 4.298641129858857823e+01 4.630585014850517922e+01 5.048753559386922518e+01
4.909850854147627119e-01 1.040655202775944410e+01 1.489013706895423894e+01 1.485034132814925911e+01 2.222553528964898462e+01 1.758628892024013979e+01 2.335979161213643351e+01 3.335979161213656852e+01 3.918885382375458448e+01 2.919012408740788445e+01 2.918545792626487057e+01 2.236499381704543055e+01 3.073322635942145808e+01 3.181063517986925504e+01 2.280787551482211484e+01 2.780764407500541679e+01 3.454397146872237556e+01 3.161335981292258523e+01 4.161088010163476980e+01 4.671745647097784371e+01 5.044679271352136851e+01 4.630487669421410146e+01 4.281630377158077749e+01 3.281624997570164481e+01 3.898695331909922146e+01 3.900237058359923026e+01 4.890939433732665265e+01 4.767738975721893269e+01 4.268504800626715223e+01 3.496605140894435237e+01 2.500142190417421872e+01 3.163725046796523799e+01 2.299892645564034765e+01 3.276579774824212166e+01 3.766562090785050287e+01 3.911253638882055839e+01 4.224972046222583089e+01
3.962370847149454534e-02 9.991918060168213600e+00 4.890982755637550028e+00 1.482555048152485355e+01 1.224106408199161500e+01 2.222375440194793228e+01 3.172842454395853551e+01 3.750192723584856935e+01 3.125304300228921406e+01 2.711135018461493473e+01 1.919087012411415571e+01 1.659210320311777664e+01 2.347104519433451841e+01 2.508158262575825503e+01 1.780823178770667070e+01 2.772715717578674699e+01 2.457335671920827380e+01 2.810507845145642847e+01 3.257663300116101368e+01 3.964647812128006876e+01 4.964513656630215621e+01 5.281614915353849682e+01 4.281630377158058565e+01 4.279096899339269555e+01 3.753036069379334805e+01 4.751980086098924971e+01 5.314415594046465685e+01 4.353123396380101440e+01 3.352688701356379397e+01 2.853675216363286893e+01 3.495410864793346661e+01 3.257896277296863730e+01 3.276569652070691063e+01 2.409595630582004944e+01 3.384687694410567360e+01 2.913032802361814788e+01 3.229332663428799322e+01
2.605283927408929001e-01 2.117481774511409398e+00 1.202841105930056109e+01 7.977049754879392829e+00 1.792872061458990274e+01 2.638319970571169293e+01 3.246441021682051087e+01 3.249434666343140776e+01 2.711135018461493473e+01 1.711196939851839005e+01 2.005377100293189230e+01 1.212539410497938874e+01 1.366686337323206502e+01 1.526823206850463599e+01 2.516891771246945098e+01 2.079379186467425811e+01 3.074941914419174793e+01 3.809161957102415386e+01 4.224409728380178564e+01 4.671736943648497231e+01 4.750344419713339050e+01 4.336136212324013428e+01 4.750344419604795121e+01 5.167225550031634640e+01 4.459447367366045967e+01 4.460145073180301978e+01 5.460129918398138926e+01 4.767738975722558337e+01 4.165157903283223817e+01 3.169631089843250038e+01 4.160585197179950256e+01 4.258393711606098009e+01 3.717152384385878605e+01 3.366858787935285591e+01 2.521002863919688153e+01 3.517051804772209778e+01 4.225933439533724822e+01
3.048053885361223792e-01 1.030388340807686198e+01 1.616003408543340214e+01 1.796106840499766122e+01 1.332227459312786344e+01 1.832227459312782969e+01 2.832227459312775864e+01 2.777102702400071266e+01 1.835330403645805575e+01 1.824107179008187529e+01 1.016423666787095392e+01 1.717527025119090212e+01 2.331867524020553617e+01 2.097230877790736514e+01 2.519526296415692812e+01 3.078133530357309056e+01 2.711801679979453539e+01 3.418816688659119762e+01 4.418677102066706652e+01 4.423790825025379547e+01 4.009441913664463897e+01 3.336326612013802162e+01 4.250413629377580804e+01 4.841190620115297349e+01 5.459427307686546271e+01 5.460129918398138926e+01 5.874306026884290333e+01 4.877558174707861127e+01 3.876916660292476280e+01 3.876239384889471751e+01 4.584583613264746305e+01 4.345567142826527629e+01 3.629436229793194713e+01 2.633745984561453213e+01 3.483647491685839270e+01 3.890771161483734630e+01 4.241570806689039586e+01
5.470844782054917754e-02 4.526844402820135116e+00 1.159791221468563371e+01 2.159791221468569944e+01 2.331258591536760250e+01 2.746441021683974881e+01 3.246441021682687733e+01 2.362928517209353885e+01 1.362975992529942815e+01 8.353517359156288791e+00 1.806062499896065177e+01 2.405925764774252684e+01 3.131601207745552173e+01 3.097152975418577725e+01 3.511316224966834909e+01 3.933586401213034378e+01 3.711582040569548013e+01 4.125879799306683537e+01 4.418347278505535058e+01 3.846936703816903247e+01 3.009535964649548845e+01 2.836404715575931945e+01 3.427090765237760195e+01 4.223752439859764962e+01 4.930814684338525922e+01 4.688161926426827364e+01 5.102434963256747835e+01 5.292250566278598711e+01 4.877558174707861127e+01 4.876872787196735715e+01 4.344572640896938509e+01 3.345104341952676208e+01 2.967128256455768920e+01 3.612067163138152637e+01 2.760737988321243108e+01 3.740898218705203959e+01 3.243815140366495342e+01
