output/example/elevation_average_000074.asc
nrows	75
cellsize	133.333333333
xllcorner	0
ncols	75
yllcorner	0
NODATA_value	-9999
[rows 34 to 50 of 75, columns 37 to 73 of 75]
2.522587361086548583e+02 2.218132567039529874e+02 2.918475196691450151e+02 2.676715522360746604e+02 1.767579890884530016e+02 1.809207307701540515e+02 2.774340938613397043e+02 2.870350310564426763e+02 2.910607598210271476e+02 2.546840367114282628e+02 2.989281938787084982e+02 3.028706759594077198e+02 2.124480944245631804e+02 3.085194769721250054e+02 3.530970869946765447e+02 3.751134252145280357e+02 3.574798457013290545e+02 4.515319965806823461e+02 4.775056687841147891e+02 4.401220083882516860e+02 3.721581299091337769e+02 4.647702626598857591e+02 4.456732781326010127e+02 3.836935672647716160e+02 4.773588978520617161e+02 5.525629663717932090e+02 5.424090195615956418e+02 4.901484940881180705e+02 4.499785601245529278e+02 3.730029013858367080e+02 4.659117003112222051e+02 4.948941599984301547e+02 4.224241008116961780e+02 4.380889990086545254e+02 5.310166525559716320e+02 5.431920929615963587e+02 6.080840986017677778e+02
3.300152830722672661e+02 2.931573055789297655e+02 3.271118839654767498e+02 2.331391240214543643e+02 2.733152314384609554e+02 2.027437478847033390e+02 2.099984537673140608e+02 3.061011398883622405e+02 3.757857199209878445e+02 3.501572864073867208e+02 3.889348963005242581e+02 3.475416310793924595e+02 3.063498501978407376e+02 2.183649592512520599e+02 3.143760989359304290e+02 2.799714891643886290e+02 3.751183161715513279e+02 4.502849230215709895e+02 4.221340762955911714e+02 3.472480923974639495e+02 3.360033750082687334e+02 4.174915584338213534e+02 3.515395367588951103e+02 4.456564235504938551e+02 5.148922741539108756e+02 5.296488376119115173e+02 4.766212026891163873e+02 4.112967139750821843e+02 3.579020936593722126e+02 4.519807088420140531e+02 5.049503307461831128e+02 5.531017095976228575e+02 4.911859809478085594e+02 5.003938095299305360e+02 4.738378120742285091e+02 5.662620818473551481e+02 6.037096949365516139e+02
3.512303651710979011e+02 3.790980323854564631e+02 3.677771509482413990e+02 2.892617915651599674e+02 3.209635820476333947e+02 2.256938896310719826e+02 3.059337012293051998e+02 2.412764037077179182e+02 3.368480768527340388e+02 4.101322299187115732e+02 4.641781757927616354e+02 3.837923928138267229e+02 2.891400089073266599e+02 3.136343749452620955e+02 2.243299686922918568e+02 3.202598553482388297e+02 3.215237713928852372e+02 4.008377529110233013e+02 3.634890316718996246e+02 2.885357335161732522e+02 3.055137757737479660e+02 3.231131088834479215e+02 4.176520950765087150e+02 4.456579026562104104e+02 5.384337636460926433e+02 4.635973830718446038e+02 3.982972155547167290e+02 3.440973799224771028e+02 4.383678946838206798e+02 3.965931860492821670e+02 4.629982104624036197e+02 5.555689298544150461e+02 5.823978872420855168e+02 5.923733761011193337e+02 5.373219293268631418e+02 5.150499014161957803e+02 5.821344662002966288e+02
3.134541007334906340e+02 3.783148949932802907e+02 4.219180924492029590e+02 3.842547926192389696e+02 3.215315890014978777e+02 3.215586529301723431e+02 2.635947693137782721e+02 3.369419328800837548e+02 2.763521548420936256e+02 3.314864951354712730e+02 4.257482073436989367e+02 4.227185259060336762e+02 3.825097568736706535e+02 3.169337534142958930e+02 3.202625343292377806e+02 2.303587283442581111e+02 3.261944311426586864e+02 3.448384930721836668e+02 2.681749691131346935e+02 3.634929083816763296e+02 4.001439913947272657e+02 4.171616631740787398e+02 3.998564605511431864e+02 4.932737085989310231e+02 4.508874153614316924e+02 4.124835714111405309e+02 3.308074498860671611e+02 4.252620161760370365e+02 4.212010156121062323e+02 4.900574870519331512e+02 4.436066588995575444e+02 4.820943675973778682e+02 5.476338599271923613e+02 6.389620562628938387e+02 6.288028087916773075e+02 5.794806400807948421e+02 5.805989490546279512e+02
2.438914675547201512e+02 3.395108530480701461e+02 3.971877902955192212e+02 4.365001457476429891e+02 4.160453318034936387e+02 3.320107687775095542e+02 3.589515696578401389e+02 3.146202652101043213e+02 3.715203679431266437e+02 3.213971698840480826e+02 3.914723040466190014e+02 4.844645786405451418e+02 4.498836787018166206e+02 3.735846834893532673e+02 2.804131384236546864e+02 3.261889261882564028e+02 2.364328843040859454e+02 2.493839449400670958e+02 3.449625844722269221e+02 3.346402127656824064e+02 3.996879467875810406e+02 4.930880689975215887e+02 4.932571344477455000e+02 4.796651871080694036e+02 3.866382934083960095e+02 3.178450808850041653e+02 4.124257509445359347e+02 4.635964421982574208e+02 5.143495073088105300e+02 5.521706337711081005e+02 5.364496528401646174e+02 5.730432502475246110e+02 5.743747180090655320e+02 6.653047798803163460e+02 6.538834042127884913e+02 6.703739975466087344e+02 6.713217036224399408e+02
3.395034200268836457e+02 2.736597724314013362e+02 3.032798860821923199e+02 3.980898971243252049e+02 4.646944814546600355e+02 4.000595312548496167e+02 4.452291017760779823e+02 3.546337826276553074e+02 4.467633378071670904e+02 3.914777170499747854e+02 3.869874746741326703e+02 4.804716752071390715e+02 4.377666900122175662e+02 3.437988741469887373e+02 3.743074946855721805e+02 3.143496096212058433e+02 3.322010052260793032e+02 2.429177269042650380e+02 3.108533693084116862e+02 4.055620070820521619e+02 4.672938818213012269e+02 4.997389349362293842e+02 4.622889023107679236e+02 4.316930524952124983e+02 3.931655710486509747e+02 3.088827600620085150e+02 4.036414663917614121e+02 4.364731847787122092e+02 4.371273177006363539e+02 5.300619300681497634e+02 5.439418157864785144e+02 5.816888150088191196e+02 5.797936536481964822e+02 6.152134064344638773e+02 5.631193950461999975e+02 6.202520768877358250e+02 6.574818649812979174e+02
3.948757899707898105e+02 3.064106601687229272e+02 3.961710511722851606e+02 3.591679629697697465e+02 4.531930798077943336e+02 4.934316736737418978e+02 4.868840428898380992e+02 4.487040275473387396e+02 4.868749146605620695e+02 4.844724964859701117e+02 4.805528087726530089e+02 5.182386823314743651e+02 4.763099613798366363e+02 4.158541293783150081e+02 4.474215378237560117e+02 4.084195427488980954e+02 3.430382378623882005e+02 2.475120348213197587e+02 3.431002508324625069e+02 3.872462171706410459e+02 4.155910428720138157e+02 4.541286051787514566e+02 3.683369758734173729e+02 3.828192742006295930e+02 2.982564013975731427e+02 3.931688735167443838e+02 3.286199012528993535e+02 3.428385564799640406e+02 4.371268680746618998e+02 4.724153628336860606e+02 4.513194857996862197e+02 5.076447499004318615e+02 4.876369442201561242e+02 5.486597992558218948e+02 4.965372999530191578e+02 5.296014701370868352e+02 5.682908043313155986e+02
4.349518197389767806e+02 3.469833754159939758e+02 4.349460914721917675e+02 4.280157509820755877e+02 4.531627170738008203e+02 5.458348771119315188e+02 5.531897754747848239e+02 5.150249258872452174e+02 5.024312941319515744e+02 5.114793675431089923e+02 5.492095149874943445e+02 5.553680016776540924e+02 5.333880535583521123e+02 4.822458052524812615e+02 3.920631440565934440e+02 3.326518076929451695e+02 2.878514494824902386e+02 3.431056528162282007e+02 2.541040599014492045e+02 3.496237171040295379e+02 3.211515730893970044e+02 3.994873465102499495e+02 3.750850807392849333e+02 2.877612840384780952e+02 3.828135702894111887e+02 4.314418840799726240e+02 4.231004983128774484e+02 4.368956019570728131e+02 3.642758692455522009e+02 3.800359640541531689e+02 3.969319253863131394e+02 4.152348714750543763e+02 4.347388087118194449e+02 4.565281831157257102e+02 5.103590657767496737e+02 6.022596998281948117e+02 6.574642111940943323e+02
4.772853100780286013e+02 4.051120607747186568e+02 4.750431933430547815e+02 5.174864145937053763e+02 5.383915045889818884e+02 5.003502343471832887e+02 4.970575331384441142e+02 4.224575993619616270e+02 4.092759629678996021e+02 4.184454371703715196e+02 4.937342107050243385e+02 4.634347421731255281e+02 5.163259316979913365e+02 5.124048296462826784e+02 4.654448875703043313e+02 3.887814690511107756e+02 3.342990970482055673e+02 3.456315178072446770e+02 3.496279205531067760e+02 2.607108916279592563e+02 2.654183991152596604e+02 3.607912886239002432e+02 2.799229543174377000e+02 3.750823929129654744e+02 2.997602382145941533e+02 3.946452116731102819e+02 4.433651424691262264e+02 4.959100792112525369e+02 4.582661066654608817e+02 4.353249156193616045e+02 4.901760814935437907e+02 5.082129232016382048e+02 5.273506359603529745e+02 5.236591875180736224e+02 5.867931270973423352e+02 6.395351329921484194e+02 6.734077818702514833e+02
5.196670730845437447e+02 4.794493439891159596e+02 5.009092575834050081e+02 4.763281435987163377e+02 4.997366228772369254e+02 4.075074211432303173e+02 4.040098872758327389e+02 4.351202152282563134e+02 3.437383220186401900e+02 3.639583567960419828e+02 4.315690919276039494e+02 3.959481288705210318e+02 4.891844798851739711e+02 5.669584456609049994e+02 5.149524895414247112e+02 4.670645894276729564e+02 3.931746395059768702e+02 4.354538702585502392e+02 3.869496706941399680e+02 2.957721872232276041e+02 3.607724683357948265e+02 2.721043534373790749e+02 3.673727302787318649e+02 4.136466374339389631e+02 3.946484397563256721e+02 3.118134378298933598e+02 4.065290590678822014e+02 4.550735122647099047e+02 5.062214974204792384e+02 5.267182851190184465e+02 5.660337795640427885e+02 5.667260512900683125e+02 6.016919054189787630e+02 6.147172171739808846e+02 6.459353829355152357e+02 6.087106875341615932e+02 5.825910259465935042e+02
5.491834512126275740e+02 4.817709963615872084e+02 4.556899329977933917e+02 3.856567220632809949e+02 4.536257558272793631e+02 4.281069318029422561e+02 3.377994814282696439e+02 3.834353941509579613e+02 3.074028876016360528e+02 3.219184054347493316e+02 3.377160497928155110e+02 4.315517705896171492e+02 4.783854269724299115e+02 4.750601188183005661e+02 5.410760090302046592e+02 5.182335205359596557e+02 4.841227682935090115e+02 4.281237181417757824e+02 3.578651638495169891e+02 3.906907950150491615e+02 3.006890946202577766e+02 3.673850744111849167e+02 2.865639500154040888e+02 3.816218015020288021e+02 4.345385860683433634e+02 4.065133951770786211e+02 3.240217267682266993e+02 4.185577046406829709e+02 4.131472535245045492e+02 5.064184390074456132e+02 5.020848249300144062e+02 4.743498783702759738e+02 5.667299785783495736e+02 6.069870088915594124e+02 5.695919652613914650e+02 5.169510879964925607e+02 5.698624999271677325e+02
4.582302631101025554e+02 4.549576271034665638e+02 3.738662979340998618e+02 3.266986322823343016e+02 4.149644882207445562e+02 3.965697741364983813e+02 3.673341117075048601e+02 2.885438979791243241e+02 3.834421481336482884e+02 4.160145146009031691e+02 4.317446244585598834e+02 3.634882690720950222e+02 3.862580074480845269e+02 4.106824328677057565e+02 4.994213724411769704e+02 5.805881277846107196e+02 5.528769862243341322e+02 4.901436722714362304e+02 4.519583791871982044e+02 4.154357627905951631e+02 3.214984992871587224e+02 4.132723304155425126e+02 3.816305008792140825e+02 3.011673110209163156e+02 3.957699096479948935e+02 4.568333330146830917e+02 4.185555804922273637e+02 3.364676724504752201e+02 4.308293249975222921e+02 4.525395067402356517e+02 4.087650475332976043e+02 5.020867729336722505e+02 5.736548726568884149e+02 5.369280799787082969e+02 4.772442040178112848e+02 5.695808241988903546e+02 6.459429534087358888e+02
4.673742355299211795e+02 4.573128070933112781e+02 3.799939717243686346e+02 2.865579405760541931e+02 3.784391162035230423e+02 3.519596993446600663e+02 2.722134263752094512e+02 3.657884884560298815e+02 3.398844894929923726e+02 4.340472883126527108e+02 4.953197209334953754e+02 4.194623106849555825e+02 4.244543001696901570e+02 5.035011570750144188e+02 4.562989329714212090e+02 5.486055402866434179e+02 5.320474942883130325e+02 4.617095668139314171e+02 4.013058206660381302e+02 3.549300658119337299e+02 4.161275449587355411e+02 4.544338795635148358e+02 4.062585329500483340e+02 3.116485480379039927e+02 4.062290895677987805e+02 4.599502167547066733e+02 4.691318965229851301e+02 4.308387390862349662e+02 3.492950333537643246e+02 3.585317315379530783e+02 4.525843098497855408e+02 5.018997218356561802e+02 5.075967663475151994e+02 4.440999514400147632e+02 5.369278886192597611e+02 6.070468934800998113e+02 6.340959026667190983e+02
4.267299808519464364e+02 3.874011890554791080e+02 3.257189665750438508e+02 2.571671420149860410e+02 3.368755330534875156e+02 2.566101400304120261e+02 3.491716428085474035e+02 3.516890282510499901e+02 4.335345476131234932e+02 4.068451677805111899e+02 5.000595333339448985e+02 4.883861122826573933e+02 4.908482980682941843e+02 5.164400283410968768e+02 5.275497852610285463e+02 5.361678951413766754e+02 5.585479605027362595e+02 4.967550147684235640e+02 4.542515172751312775e+02 3.859884493326305233e+02 4.762829460579004603e+02 4.781609305327255015e+02 3.845667807995604335e+02 4.063583008839080435e+02 3.271096168868750738e+02 4.216097772179759886e+02 4.771216311731249107e+02 4.816959837809221767e+02 4.161812055551333174e+02 4.525530189607225680e+02 3.723038353184713287e+02 4.661677388191438354e+02 4.143532403084962539e+02 5.075990981678157254e+02 5.675291919205552631e+02 5.426810436385297862e+02 6.340335484068889400e+02
3.894452428326151221e+02 2.979210012301319921e+02 3.086937840092037959e+02 2.308991654395541957e+02 2.413807067344576467e+02 3.352224642805249459e+02 3.906676529016335166e+02 4.449007425679779999e+02 4.838637991874630870e+02 5.000390888150551518e+02 5.378742121203692932e+02 5.783823187553130083e+02 5.827120163020023256e+02 6.080217878019741420e+02 6.148000452748448197e+02 6.271561153469949659e+02 5.811800819506344169e+02 5.661052761211585675e+02 5.102445600350700374e+02 4.249794592790633487e+02 5.020067571369525012e+02 5.042597894288389284e+02 4.567485203456606655e+02 3.643637566349758004e+02 4.216153461050827786e+02 3.446199967319358848e+02 4.388623912332416239e+02 4.950287428683635085e+02 5.094046678432620183e+02 5.042483598463334147e+02 4.661688893413427763e+02 3.864383540132336066e+02 4.800957417972741155e+02 5.179204367363886377e+02 4.767734772794810283e+02 5.670148908035639579e+02 5.615846546190126674e+02
3.390276805004375547e+02 3.000163162397637961e+02 2.172394333795659236e+02 3.131345796973839697e+02 3.367546299364660740e+02 3.757526667554300275e+02 4.179950501205476030e+02 4.567559149908006475e+02 5.117395873828186836e+02 4.737971596615468002e+02 5.073884138487134123e+02 5.627357063108809143e+02 5.657975615719689131e+02 5.752698388196497490e+02 6.126550209232133284e+02 6.021789355081145914e+02 6.296092834820492499e+02 5.531543095482489889e+02 4.844951381154181718e+02 4.940799588335593739e+02 5.400979825310923843e+02 4.964467402587432616e+02 4.059019365708335272e+02 4.583627828318193451e+02 4.710811651553738670e+02 4.388730470168811166e+02 3.628973930332003306e+02 4.568872545355879424e+02 5.149627053645887145e+02 5.677689835514325978e+02 5.181009196214816939e+02 4.529412384447015825e+02 4.034096184814546859e+02 4.252334377310140212e+02 4.548057619713935651e+02 4.860822317037861922e+02 5.515776110360103530e+02
2.899127192717781440e+02 2.039234087389913839e+02 2.152117874031023064e+02 2.266404205197057706e+02 3.223907977584374294e+02 3.501476735817897179e+02 3.240157033889096851e+02 4.181150974138802781e+02 4.246558109363996323e+02 3.802111435068455307e+02 4.337660562908858424e+02 5.258237986194899349e+02 4.740670941437844021e+02 4.831888669178674149e+02 5.353544762542362605e+02 5.104511604797622226e+02 6.021421309406351838e+02 6.003009051895199946e+02 5.714804523822444935e+02 5.768147572167737280e+02 5.630965548432270680e+02 4.738931792726335175e+02 4.527323224800986168e+02 5.353815652488274281e+02 5.052780555262156668e+02 4.142695572522832776e+02 4.566594572061073904e+02 3.832514505516435861e+02 4.371511089132683878e+02 5.300621919181709245e+02 5.832483054912565876e+02 5.347301105888359416e+02 4.967560784472520936e+02 4.244034815410176407e+02 5.175217708363753673e+02 5.771675395496707779e+02 5.783068164895719292e+02
