output/example/elevation_average_000067.asc
nrows	75
cellsize	133.333333333
xllcorner	0
ncols	75
yllcorner	0
NODATA_value	-9999
[rows 0 to 16 of 75, columns 37 to 73 of 75]
5.124571205698987342e+02 5.064764439935115661e+02 5.082270380389990123e+02 5.341558112165934062e+02 4.834628442213752351e+02 4.475679770137720652e+02 4.546147277432575606e+02 4.165767923453138337e+02 4.156490975766721476e+02 4.130460334132595790e+02 4.511889462722580220e+02 4.283625729002098979e+02 3.901610015963040610e+02 3.099910177442149006e+02 4.041041088435937922e+02 4.561649719587953768e+02 4.484610106743207893e+02 4.598511201919740188e+02 4.715325415855274400e+02 4.834918482343569508e+02 5.211126873299173212e+02 5.855453977795096989e+02 6.279263273341272225e+02 5.918710519763745879e+02 6.286981650458666309e+02 6.802315677031396035e+02 7.197373806318729521e+02 7.070602865100490817e+02 7.413879812450450117e+02 7.296165084614493708e+02 7.176774737494490637e+02 7.533601870239302798e+02 7.297732244520924496e+02 6.937308847020543681e+02 6.956866953009326835e+02 7.037239704592071803e+02 7.051250173134334318e+02
4.635825411150377136e+02 4.143788352960170300e+02 4.158417002503363733e+02 4.422084753375694959e+02 4.298751119351380794e+02 3.542166993014589593e+02 4.163012404581415922e+02 3.226616555413527294e+02 3.217242117774669055e+02 3.191506639729290100e+02 3.673855385207097015e+02 3.764926109851637648e+02 2.958284040355619027e+02 3.901662412308923535e+02 3.242773620836411510e+02 4.181498598193428506e+02 3.550674245682853325e+02 3.667066203065355126e+02 3.785833175258208598e+02 3.907258167721047357e+02 4.566650106583168736e+02 5.358797973141253124e+02 5.430804651418526419e+02 5.008554538422393989e+02 5.536077185738580511e+02 6.435121463542798210e+02 6.356011271789641341e+02 6.182187992164581374e+02 6.898368296133893409e+02 6.758294337188211784e+02 6.368228253381950026e+02 7.013641009950247280e+02 6.878776183386971752e+02 6.041862515751614637e+02 6.070537482243892100e+02 6.143901806324437302e+02 6.158040349358016101e+02
4.227286289761046305e+02 3.501425007124149147e+02 3.502932163612916838e+02 4.437383039750238254e+02 3.901281649761148174e+02 2.984108806997769534e+02 3.760724498997537921e+02 3.360926341617441722e+02 2.547725978145227543e+02 2.637111175935182246e+02 2.728050405662091293e+02 2.819938417341747368e+02 3.765512475782455795e+02 4.281324438932928729e+02 4.181616018862308692e+02 3.388348827599469928e+02 4.324961181148744345e+02 4.598511163329663418e+02 4.715051798341355038e+02 4.834854471449815492e+02 4.087753994176700303e+02 5.013006382718119198e+02 4.512703659904676670e+02 5.430922401309745737e+02 5.912408231575938089e+02 6.132103163972635684e+02 5.626287344449851844e+02 6.525205917250934817e+02 6.987494910421497707e+02 6.666197949675207610e+02 5.953268355939125058e+02 6.470624265653881366e+02 6.980086500016801665e+02 6.281387111051868715e+02 5.400132898684280462e+02 5.515486504981281541e+02 6.418192750234367168e+02
3.520722084057812822e+02 2.966776471682339320e+02 3.909582489574526676e+02 4.124257437221729106e+02 3.507472720099306116e+02 2.577916720239846313e+02 3.254262298435087359e+02 2.424379663692774898e+02 3.376191245617243339e+02 3.584759820440607427e+02 3.674383931677025998e+02 3.764866886415651379e+02 3.249259772221240610e+02 4.188100463330366097e+02 4.703780713174268158e+02 4.324956072913853404e+02 3.758654155966871713e+02 4.123656040569173342e+02 5.048506947969140697e+02 5.387316259396849318e+02 5.012873944748404824e+02 4.276876879292323679e+02 5.199024497082092466e+02 4.797989286810184240e+02 5.004575340150725538e+02 5.228573436560388927e+02 6.134420055233823632e+02 6.823159155677749368e+02 6.532229573616264133e+02 5.978040220616780971e+02 5.489601309115588492e+02 5.744548364450283771e+02 6.644712848396530944e+02 5.965057677979405071e+02 5.059641882029408748e+02 5.965026973071422844e+02 5.963411434203928820e+02
2.571252543967880797e+02 3.520588866616319592e+02 3.555854917003559876e+02 3.455384651453114202e+02 2.796880034060253024e+02 2.224388910461442777e+02 2.306279353375943231e+02 3.259897473372716377e+02 2.899682854645215571e+02 3.552385355704888639e+02 4.470540596884747515e+02 4.565003656583449470e+02 3.801231712073706035e+02 3.916203213967183387e+02 4.844536956113068413e+02 5.066025060437571028e+02 4.242455744216688345e+02 4.953395677068390341e+02 4.788294283996751233e+02 5.702744783307745138e+02 5.543220725163291718e+02 4.643244459478337944e+02 4.717171807032026436e+02 5.631786559687893714e+02 5.901052485822858671e+02 5.857645022088627229e+02 6.394287874913504766e+02 6.300009678018419663e+02 5.904993285906240317e+02 5.270192552086850810e+02 5.068858286906788635e+02 5.981090108296556309e+02 6.356448402468861332e+02 5.754043605708960740e+02 4.844443011288062735e+02 5.221314701456933562e+02 6.129666417444645958e+02
3.251023785967315121e+02 3.271315192605381412e+02 2.607377324331355339e+02 2.957563174831391279e+02 2.111341151401399259e+02 2.786972725387056471e+02 3.257493541451289047e+02 3.079444688048570811e+02 3.843273601077073636e+02 3.580850507142104107e+02 4.506810841149416547e+02 5.100100403893601424e+02 4.731350867724768818e+02 4.844522451817833826e+02 5.220299143433725249e+02 5.538717786878054312e+02 5.165750202290015523e+02 5.523289043568801162e+02 5.693079583979811105e+02 6.069877766909211232e+02 5.930363972625741553e+02 5.130204192147438107e+02 5.631757155038301335e+02 5.257215461688327878e+02 6.162323752864933795e+02 6.751734611254164520e+02 6.380959849554217271e+02 5.709170852213717353e+02 5.044157215084920267e+02 4.711683686995265248e+02 5.629517177271570745e+02 6.063803301632417515e+02 5.676364571537758366e+02 5.076948250089797057e+02 4.640101389964863756e+02 4.989904704491574421e+02 5.520300892867255698e+02
3.165756843231187077e+02 2.776714894788353831e+02 1.923411397106052334e+02 2.000242436865381137e+02 2.958344462368784775e+02 3.455331602395048662e+02 4.112578091461470535e+02 4.020613712059197837e+02 4.394137376909101818e+02 4.514232437121829093e+02 4.892512892399424800e+02 4.927879390795465611e+02 4.668604779239860250e+02 4.673520391558383835e+02 5.046755631354665752e+02 5.236483681145117544e+02 4.864853792111174471e+02 5.230016563729033123e+02 5.618292906570693503e+02 6.142268182316217917e+02 6.406335594747411051e+02 6.039154110796361010e+02 6.381195602315225415e+02 5.919515112033903961e+02 6.351033957949871365e+02 6.366142282117626792e+02 5.943135243194152508e+02 5.129612646151039144e+02 4.413621212579947155e+02 5.333069551366473888e+02 5.965590773102903768e+02 5.523129677145381038e+02 4.777064093956366833e+02 4.422243078085329557e+02 5.343821067749042868e+02 5.392875608238839504e+02 5.737185592908900844e+02
2.671124581756186558e+02 1.815749153240370504e+02 2.776791398875226378e+02 2.956430051288118079e+02 2.557126447750548834e+02 3.109025278823272629e+02 4.050106730846020469e+02 4.324005395524331448e+02 3.942773919464107166e+02 4.162878715641981557e+02 4.423127142147220638e+02 4.000745976471341692e+02 3.737636213784811048e+02 3.742104828102651481e+02 4.263765439352648059e+02 4.423835938227603606e+02 3.936320765658222172e+02 4.322613419999382813e+02 4.858740998550603081e+02 5.772569867178954155e+02 6.162399600642946780e+02 6.294572025664859893e+02 6.668906884844654996e+02 6.812533364367545801e+02 6.587355357282194745e+02 5.901816966326946385e+02 5.188676275567454468e+02 4.652595044729544043e+02 4.232092199824060685e+02 5.150518433983871773e+02 5.345556473261727888e+02 4.875436887957334875e+02 4.224178489771613272e+02 5.148750654466264223e+02 5.077051486740647874e+02 5.724270198695414820e+02 6.298961358981450758e+02
1.709740315283194718e+02 2.666153497348640258e+02 2.599340809455907788e+02 3.548151970762336873e+02 3.506666302587540827e+02 3.891436250095606511e+02 4.431058103449645387e+02 3.782637734081344547e+02 2.999744859082783250e+02 3.223392409825367508e+02 3.488281270190876739e+02 3.825981396235094962e+02 3.064649297612579062e+02 3.200411818782844762e+02 3.343140987388453027e+02 3.490286873605661526e+02 4.425741164595766008e+02 4.858089694251443120e+02 5.065042237677245112e+02 5.270787793670157271e+02 5.258339062764413256e+02 5.397366879975417078e+02 6.259180327240910628e+02 6.777048674728646347e+02 6.383815407001065978e+02 6.013280876215964099e+02 5.632171949996106832e+02 4.715522235473548562e+02 4.069999783532957167e+02 4.993851482766710888e+02 4.801748249425880886e+02 4.042635973207037523e+02 4.970136528137899745e+02 4.969484646991136856e+02 5.854505009472212578e+02 6.356550192321818713e+02 6.988819448307260700e+02
2.415445111606508419e+02 2.395678677585822527e+02 3.346695726620640130e+02 3.928647822642388405e+02 3.952380700833641072e+02 3.569130662624882007e+02 3.638909179555649303e+02 3.252422500702018056e+02 2.445422908742972936e+02 2.552078840845118464e+02 3.502103955305162799e+02 2.881155740140726493e+02 3.826221942020980009e+02 4.139025641742267112e+02 4.279276876640388423e+02 4.424114451156551127e+02 3.739054063633060423e+02 3.932360274785235106e+02 4.143082113479877648e+02 4.371886820865479990e+02 4.625247996192809410e+02 4.978358960012787406e+02 5.508462701580704106e+02 6.411633389823081188e+02 5.857592138512375186e+02 5.104900435808429506e+02 5.492446822715977532e+02 4.606758398172866009e+02 3.916796572514969625e+02 4.641238312473765291e+02 3.871508249606823711e+02 4.801641019010475588e+02 4.802134627046375499e+02 5.717432896630357391e+02 6.251234250974714541e+02 6.701235738385278182e+02 6.713680778334382921e+02
3.355858465145698801e+02 3.347188864540690929e+02 3.733206143912210564e+02 3.479561659347743330e+02 3.407542273579832113e+02 2.620218338819666428e+02 3.110314022222153767e+02 2.298550110050264550e+02 3.246895634338001742e+02 3.501172599428109038e+02 2.709009046259012052e+02 3.581480239949727888e+02 3.418072728316696498e+02 4.053413029168968933e+02 4.957572693167396096e+02 5.046221215155699156e+02 4.289851609573329370e+02 4.577372010494715937e+02 5.065007574785910265e+02 5.289041722676425934e+02 5.536284407377535217e+02 5.877956274117441353e+02 6.259214273993371762e+02 5.801819581759210678e+02 5.429647281054002406e+02 4.566419429717589651e+02 4.898953839845735274e+02 4.836213213485127085e+02 4.517463899821790960e+02 3.708377778249853804e+02 4.620561061143338293e+02 4.538488689383664791e+02 5.458231453435861340e+02 6.087825397093723723e+02 6.139333758583525196e+02 5.814818770173149005e+02 6.713959412060530667e+02
3.414872393109473592e+02 3.767707130241485629e+02 3.196309899225130380e+02 2.529406746606200329e+02 2.891967307881366764e+02 2.062093653055389098e+02 2.154946522541750369e+02 3.111046090598296701e+02 3.638758187364692276e+02 4.038947490537161684e+02 3.656627083807099439e+02 3.187967215547718070e+02 4.127259393093653443e+02 4.208897889735420677e+02 5.105998650800940482e+02 5.570991711114403415e+02 5.212441763956234126e+02 5.495234131334400445e+02 5.380725387371741135e+02 5.756711510098107283e+02 5.894955582066857005e+02 6.268400437199678663e+02 6.176429006953086400e+02 5.429518819132598537e+02 4.509675509689363935e+02 4.778934735232817275e+02 3.970428123623051988e+02 4.397012729913670341e+02 3.582647973701437536e+02 4.517427704818384200e+02 4.653110175884154955e+02 5.453772393176391233e+02 5.830386378640521343e+02 6.126785464734009565e+02 5.230992701482139182e+02 6.094465052904803315e+02 5.939170533692391700e+02
3.846055807448149153e+02 3.077395201020529498e+02 2.456107367051406811e+02 1.846523545159253956e+02 1.933239662988427199e+02 2.892739731995481520e+02 3.110102914168666075e+02 2.506672965602742806e+02 3.457419696033003902e+02 4.220776854420000745e+02 4.505309908973594588e+02 4.128070699597079738e+02 3.854062741187123606e+02 4.783509301220777843e+02 5.506942014822570854e+02 5.211619390144030604e+02 4.826942631346040571e+02 4.622007273097827920e+02 4.463616465185881452e+02 5.210001551958154096e+02 4.987144027491168004e+02 5.899401209396316972e+02 5.534981523002430777e+02 4.892981503255380176e+02 4.778863012581712155e+02 3.848563034103322025e+02 4.281241749215246273e+02 3.460338836957640183e+02 4.397063487657281939e+02 4.360742341504065962e+02 5.283199528545109160e+02 5.941593291653670121e+02 5.886087762371234930e+02 5.515509288528787692e+02 4.899464242561618903e+02 5.194638628686443553e+02 5.840495361998963517e+02
2.960908113327470232e+02 2.570389163350941999e+02 1.725345146664286347e+02 2.671310452196585743e+02 2.892044525599387157e+02 2.390781590584934122e+02 3.343092883244279392e+02 3.457344964645527625e+02 2.897159069228084718e+02 3.361694450274493420e+02 3.904484798373925400e+02 4.830077044814887017e+02 4.783588313443008246e+02 5.157080097408830852e+02 4.931204106140509680e+02 4.542997751570676428e+02 3.908432638201679197e+02 3.689324637303086547e+02 3.986310385507056822e+02 4.325693149760122651e+02 5.246097304063861202e+02 5.472167454663821218e+02 5.160912780552896493e+02 4.236644366072707726e+02 4.576687317652871343e+02 4.280510043746198221e+02 3.342742058961419502e+02 4.280546283482660783e+02 4.776237703087672912e+02 5.278672475149652428e+02 5.340173798887169596e+02 5.699963644375612830e+02 5.512388556462008182e+02 4.596853996470242691e+02 5.512549194467255802e+02 6.092223536107452446e+02 6.103751233057388390e+02
2.453290045219690114e+02 1.606116232902310230e+02 2.570537841022620000e+02 3.077837800032561972e+02 3.723186163869584107e+02 3.089412922620630866e+02 3.059821753106995175e+02 3.995285520873905512e+02 3.573282422943446477e+02 3.577846349417326337e+02 4.505680220270473342e+02 5.208779795981093912e+02 4.903661284868356347e+02 4.524241805688844806e+02 4.381062154030616966e+02 3.619660278216244365e+02 3.344190743845624070e+02 4.012265182736076099e+02 4.907272419712663805e+02 5.233816591985705600e+02 5.196213012908274322e+02 4.553149974178999742e+02 5.184320270495643399e+02 4.576748941299888997e+02 3.643036402287802389e+02 4.110630895513860423e+02 3.262460696854612365e+02 4.202146272608142112e+02 4.454309871306235777e+02 4.597794900903477355e+02 4.419153945544028375e+02 4.971573094312606145e+02 5.110390664883190652e+02 4.405154498901137572e+02 5.051958719477430577e+02 5.963034137744957661e+02 6.424947748475610751e+02
1.488020307984584747e+02 2.454250832338984196e+02 2.324992424881136515e+02 2.995477496918741735e+02 3.931402062926215422e+02 4.026962279271397733e+02 4.001802508648101480e+02 4.383147286680940056e+02 4.506292280067677893e+02 4.511708690634002323e+02 4.889888827225120167e+02 4.601922360978019810e+02 4.218790143466478071e+02 3.591713322087150004e+02 3.735051256730641285e+02 3.056711271301763873e+02 3.999356183432007583e+02 4.662132617505394592e+02 5.315330117757065409e+02 5.475729830617187872e+02 4.566481310229564201e+02 3.890072526087678852e+02 4.311317198711069523e+02 4.367545071479243006e+02 4.021696214915198198e+02 3.169548651292217301e+02 4.110776621433216746e+02 3.426279161713026156e+02 3.543891107808865968e+02 3.665200432826512724e+02 4.598598911565026697e+02 4.044257266122517080e+02 4.186442379426297293e+02 5.111562886476051517e+02 4.825541591867878992e+02 5.156606307306562940e+02 5.545322996025499833e+02
2.453694760789709619e+02 1.544757003082611959e+02 2.510192083046023015e+02 2.956639963822346999e+02 3.406881572626144816e+02 3.796320389779659195e+02 3.884970473855358364e+02 4.269986383995944266e+02 4.532615056940302907e+02 4.152315529601598882e+02 4.516772775066168606e+02 4.193520723751914261e+02 3.285009344190764295e+02 3.499473989502875497e+02 2.804471016640500807e+02 3.751110851581756265e+02 4.381155918201674808e+02 5.037600574373674931e+02 5.098912503650884105e+02 5.524179254409121995e+02 4.858604626309069658e+02 3.929386497738324238e+02 3.373247828238654051e+02 3.933206225672814185e+02 3.079097840546980933e+02 4.021704477782870413e+02 4.491890818202174387e+02 4.363409123419210118e+02 4.215234620712841433e+02 4.597841874329322422e+02 3.847476363350657493e+02 4.778059743640173451e+02 5.108326011499079300e+02 4.934948899217985741e+02 5.734277771726526680e+02 6.053777421916743151e+02 6.424960120690258236e+02
