output/example/elevation_000365.asc
nrows	75
cellsize	13.33333333
xllcorner	0
ncols	75
yllcorner	0
NODATA_value	-9999
[rows 34 to 50 of 75, columns 0 to 36 of 75]
4.159999999999999636e-03 7.075227813124315368e+00 1.707522919616211610e+01 2.173411562046052126e+01 1.759590845161390504e+01 1.675300988517848211e+01 1.904700122317040467e+01 1.669035909245695493e+01 2.246326029249921064e+01 2.952598775259873776e+01 3.943065447740895024e+01 3.863355569435171333e+01 3.459916313966016332e+01 3.863357036081284690e+01 3.998688792642509071e+01 2.996991511060878111e+01 2.418433526248960419e+01 2.972284083950360412e+01 2.681432573869028957e+01 2.607653929525817205e+01 2.607653928988987957e+01 3.609567883921524611e+01 3.254900414036869449e+01 2.259034037936266515e+01 3.251311276252897642e+01 3.244186678064252760e+01 2.242417169125420884e+01 3.135251781285130335e+01 2.441399333639501634e+01 2.755115512286423751e+01 3.352259011382237475e+01 3.786545250187978695e+01 4.044881808598166373e+01 3.053277214033559872e+01 2.807307894625946787e+01 1.826259153107019273e+01 2.807307893478072103e+01
3.329999999999999627e-04 1.000033299999996217e+01 1.896309179307277404e+01 1.482306798127209291e+01 7.597032602989671979e+00 9.682176741442408030e+00 1.197633406756364138e+01 1.644845890949823897e+01 2.222159096603810724e+01 3.221040683948599792e+01 3.942121530229872661e+01 3.370225089003506724e+01 2.468573822093997450e+01 3.068966614326237519e+01 3.473835509809258326e+01 3.680533593072995302e+01 2.678915442828805382e+01 1.971821715212548298e+01 2.103981294085242482e+01 2.030429040091031823e+01 3.031113888100714959e+01 3.573205814247427270e+01 2.922374935586763200e+01 1.924152553095529328e+01 2.886231076482541980e+01 2.889917778380235802e+01 1.888016103033660542e+01 2.147556370181338892e+01 1.940843982624884134e+01 2.622767362659900314e+01 2.339792074859846949e+01 3.354842732133307237e+01 3.754621322172840792e+01 2.762771144065999707e+01 2.067414212290253062e+01 1.704370568699274457e+01 1.842950690815517589e+01
1.129999999999999928e-03 1.000112999999996255e+01 1.276046555380649750e+01 4.823531622567400312e+00 1.482306786057867143e+01 1.968038443877027177e+01 2.197349170418766917e+01 2.610662902164910548e+01 3.057341201413045439e+01 3.633510630777528405e+01 3.536770122604508515e+01 2.545740930770266175e+01 1.968244603917549540e+01 2.074215430024874962e+01 2.893350205600074432e+01 3.422720179788776562e+01 2.705192698421214104e+01 1.705989527213526102e+01 1.606092775061225453e+01 2.604420984378767656e+01 3.047220720269858774e+01 3.173300910123798957e+01 2.184318212120442482e+01 1.635600388052208487e+01 2.632141645491849502e+01 2.637259470287715502e+01 2.223267677499966766e+01 1.442073568237904624e+01 2.213824726947155597e+01 1.631469860313744391e+01 2.078515315846909317e+01 2.657547361523710094e+01 3.670843003844339592e+01 3.463853623902814860e+01 3.053276839464130887e+01 2.513224248032904384e+01 1.544347574450340232e+01
3.329999999999999627e-04 1.373938639486889546e+00 2.760689130049960749e+00 1.276046841448215119e+01 8.253503305662206913e+00 1.083549214351140577e+01 2.083454108877625899e+01 2.824890802059078609e+01 3.238690979096482181e+01 3.738343176603998330e+01 3.385199203737039397e+01 2.982368325960482025e+01 2.494646750292558579e+01 1.496465523870005754e+01 2.052413740373314965e+01 3.030551657880300453e+01 3.119021696846483493e+01 2.362193666021108740e+01 1.367106798331339057e+01 2.130938214728908875e+01 2.102074307812863552e+01 2.631221157893729057e+01 2.364996546186747040e+01 1.371315479254257674e+01 2.044784467600236866e+01 2.024268715224507531e+01 1.228300142723745125e+01 1.228300142723745125e+01 1.228300142723745125e+01 2.226984619808905919e+01 3.058499583907764574e+01 3.511717897347683959e+01 4.101006769250973605e+01 3.653663692475624458e+01 2.662808130690112662e+01 2.097149471924289443e+01 2.365474210325949045e+01
4.329999999999999539e-04 1.000043299999996194e+01 1.276046867402406804e+01 1.690183916522618190e+01 1.825279778487507798e+01 2.083454108877625899e+01 1.491797179015118147e+01 1.825129417572976820e+01 2.325113348234699728e+01 3.324668371073983053e+01 2.982368325960482025e+01 1.989970846243033975e+01 2.236702436594090315e+01 1.238225568468191540e+01 2.236702436675382444e+01 2.880272143254554962e+01 3.291639341242296979e+01 2.776647909164422146e+01 2.130938214728521629e+01 1.140186777833850051e+01 1.916930827486055122e+01 1.781849671624400955e+01 2.399418179585874711e+01 2.030243828318719679e+01 1.054162723795866086e+01 1.033992420004570612e+01 2.024268715224507531e+01 1.228300142723745125e+01 2.220981114090635700e+01 2.224806135251360217e+01 3.232620585783966760e+01 3.522257673628012498e+01 3.947288820847074220e+01 4.063945692522603537e+01 3.491933678041080213e+01 3.081592967150649898e+01 2.773912771773531816e+01
5.329999999999999452e-04 7.066011982585558293e+00 1.695043660010744802e+01 2.198225463232652999e+01 2.643068361966362190e+01 2.905510758992199172e+01 2.491636991411157354e+01 2.824890859654342279e+01 3.238690979096482181e+01 3.738343176603998330e+01 2.982368325960482025e+01 1.989970846243033620e+01 1.282935859835297165e+01 1.019955236802376497e+01 2.020301258323764060e+01 1.881908337240187734e+01 2.880346980681343894e+01 3.223734354360627208e+01 2.519748267125725860e+01 1.917147811759122789e+01 9.301854000268676259e+00 1.725214510136220625e+01 1.621439754484912044e+01 1.816414513418018828e+01 8.462725286563181015e+00 1.828384869916418864e+01 2.431258037070295330e+01 1.930377552246734751e+01 1.930377552255177065e+01 2.930367091377912203e+01 3.362491102954620459e+01 2.514832809266494706e+01 3.362491102954620459e+01 3.348491889783154818e+01 3.779983237338969104e+01 3.372262616983107364e+01 2.420271335858411987e+01
3.709999999999999756e-03 1.000370999999996258e+01 7.893067257781878787e+00 1.236351601016209933e+01 1.941478245869545205e+01 2.933666429224450667e+01 2.950949152675977061e+01 2.536730821434247929e+01 2.666487473859704593e+01 3.080703532876943029e+01 3.268633113126676903e+01 2.280637338419835203e+01 1.811449640869141575e+01 8.113359149425042105e+00 1.174517822559382907e+01 1.881871369486944090e+01 2.879734457034302153e+01 2.861139598023600072e+01 1.941201497352835048e+01 1.452814937810320117e+01 1.728724330016440192e+01 7.428496757569868159e+00 1.549706060629011972e+01 1.483468975766808029e+01 7.351460086993963472e+00 1.747756243636460383e+01 2.588338865423425972e+01 2.930367068970295819e+01 2.930367100093733868e+01 3.344146149762364928e+01 2.940620657000568272e+01 1.945481596514783007e+01 2.940620657000568272e+01 2.318843121808099283e+01 3.172375985687074262e+01 3.785423581297392559e+01 3.237864146309303948e+01
6.660000000000000121e-03 2.893411163480929638e+00 1.292904670900867892e+01 2.198225463232652999e+01 2.643068361966362190e+01 2.747368700335022496e+01 2.333153682179494126e+01 1.536729446425310996e+01 1.666486127308384724e+01 2.666487473859704593e+01 2.919931528964188061e+01 2.427204989654008571e+01 1.638883147991526101e+01 6.397416032272677633e+00 1.217366053868930109e+01 1.924714502291879015e+01 2.923085228563818916e+01 3.223734354657517542e+01 2.770190997647365094e+01 2.403804706532682189e+01 2.141411582163348370e+01 1.549705749244091280e+01 5.629698830007742849e+00 5.853081895793675216e+00 1.452976675298576659e+01 1.254747530500784869e+01 1.802535589677243166e+01 2.749457837049583020e+01 3.519479508626780273e+01 3.297648261254722968e+01 2.295165443533520389e+01 1.602088881597508063e+01 2.168056860107709127e+01 1.749925574891886981e+01 2.746654998068313702e+01 3.652352581260446129e+01 3.303286717743284839e+01
1.030000000000000013e-02 9.944665179365349772e+00 1.287412244304526432e+01 2.279962867307022378e+01 2.172683002700060939e+01 2.333153682179493771e+01 1.333152367155586049e+01 9.593784407085669486e+00 1.959379740517586654e+01 2.103433856839815519e+01 1.919930192526690860e+01 2.026002776993356846e+01 1.065584847401752100e+01 4.922453488814972467e+00 1.492421247663508765e+01 1.851303475636409246e+01 2.846542272306569643e+01 2.550015536527271820e+01 2.966578046546629466e+01 2.617028574993400625e+01 1.707516585700543388e+01 1.293655703368223442e+01 4.381450901545227872e+00 1.427690088575778482e+01 1.895893382816797867e+01 2.191223498834416716e+01 2.596082644982787002e+01 3.150199050634813247e+01 2.526857819073809353e+01 3.230149075429366690e+01 2.870188160166152969e+01 1.877224551366108685e+01 1.192525163353339757e+01 1.665832929744091828e+01 2.230206058434253791e+01 3.229793800527453840e+01 3.708484814668037188e+01
1.349999999999999985e-02 7.093477347552155088e+00 1.722175628919422508e+01 1.879789464656234088e+01 1.172681762389587590e+01 1.879789464652778364e+01 1.626045971130623613e+01 6.260448761650104110e+00 1.260897197871043396e+01 1.103432627498017915e+01 1.212822559083723029e+01 1.744505104934988893e+01 1.352048323462217638e+01 3.521927265609520408e+00 8.523384989970136161e+00 1.850544754548884185e+01 2.385786760733470757e+01 1.543937330429808164e+01 2.385787406542677047e+01 2.607005449375360939e+01 1.426764250077752827e+01 8.550160636942562675e+00 4.381450901545227872e+00 9.325481674816160194e+00 1.630059777357950423e+01 2.618907751438931797e+01 3.319885546293134837e+01 2.734514466697302737e+01 1.806521018493375053e+01 2.426468165844185876e+01 2.847802206023763816e+01 1.954874196274425557e+01 9.822918394563346922e+00 1.954874198492552750e+01 2.717659268748518642e+01 3.216528286489586463e+01 4.036671047012264779e+01
1.339999999999999872e-02 1.001339999999996344e+01 1.018361301564736898e+01 1.018361314898069914e+01 4.655744036555055310e+00 1.018361341564736833e+01 1.018361354898069671e+01 1.018361368231403397e+01 2.608964134821255776e+00 3.963253108697705418e+00 1.396326206377346146e+01 7.427716846440296727e+00 1.034828344292653846e+01 2.197310470922176684e+00 1.204434496319139924e+01 1.743467632227349284e+01 1.391862847650336654e+01 9.464891505267534200e+00 1.909325076149323408e+01 2.326717469123824955e+01 1.399772288335527826e+01 3.281477230568595971e+00 8.594015784006089120e+00 1.557439077684203355e+01 2.299986088144515861e+01 2.688929345606295129e+01 2.901872938953611936e+01 1.886171322005603912e+01 1.285259947434254357e+01 1.395720878748103821e+01 2.140292428611082087e+01 1.728573297210998305e+01 9.822918394563346922e+00 1.322215586054008973e+01 1.805513625015260359e+01 2.796259700022693551e+01 3.634269125896012298e+01
1.369999999999999864e-02 1.836069165076487653e-01 1.836069165076487653e-01 1.836069165076487653e-01 1.836069165076487653e-01 1.836069165076487653e-01 1.836069165076487653e-01 1.836069165076487653e-01 1.836069165076487653e-01 1.836069165076487653e-01 1.018361394898070138e+01 3.561243730099056815e-01 3.561243730099056815e-01 1.032287472865704991e+01 7.296877867875156909e+00 1.052869371477741289e+01 3.708357785488443081e+00 1.210601353908166899e+01 1.120851021898075039e+01 1.551859955255908652e+01 1.139753667962823158e+01 2.523357776124821150e+00 1.245628486898553788e+01 1.937111146809642648e+01 1.955056064705438246e+01 1.865802200408509037e+01 2.056243181532392938e+01 2.466802106195205013e+01 1.829288052074127435e+01 8.114397573911316996e+00 1.516145838477207342e+01 7.442483973090609162e+00 1.728573297210998305e+01 2.300886662518976067e+01 2.717659268748518642e+01 3.216528286489585753e+01 3.634269125896012298e+01
1.290000000000000001e-02 1.001289999999996283e+01 1.836069165076487653e-01 1.836069165076487653e-01 1.836069165076487653e-01 1.836069165076487653e-01 1.836069165076487653e-01 1.836069165076487653e-01 1.836069165076487653e-01 1.836069165076487653e-01 3.561243730099056815e-01 3.561243730099056815e-01 3.561243730099056815e-01 3.561243730099056815e-01 5.306525470063502281e-01 5.306525470063502281e-01 5.306525470063502281e-01 4.998921596184059624e+00 1.065414292864183032e+01 1.065437736945141545e+01 1.453824389987962817e+00 1.065438229580388452e+01 1.375674322784081660e+01 1.896025302933285772e+01 1.082214934623107894e+01 1.376969336384028253e+01 1.108529078611608298e+01 1.801539183288317858e+01 1.556299412415288153e+01 5.316912212207711264e+00 4.931375372893739062e+00 1.516145838477210361e+01 1.728563010977160630e+01 2.715956029066941824e+01 2.570257721091141079e+01 2.571203627530996272e+01 2.990137572022565138e+01
1.349999999999999985e-02 1.001349999999996321e+01 1.018361301564736898e+01 1.018361314898070091e+01 3.719141516526536684e+00 1.018361341564736833e+01 5.957111993802794103e+00 7.254678416164965782e+00 1.018361381564736767e+01 1.836069165076487653e-01 1.018361394898070138e+01 1.035610161839330878e+01 4.379385929575523306e+00 1.036774732270436949e+01 3.051467095328831203e+00 1.052972343502974617e+01 5.306525470063502281e-01 7.062992837812275271e-01 7.062992837812275271e-01 7.062992837812275271e-01 7.062992837812275271e-01 7.062992837812275271e-01 1.054129891859766666e+01 1.152332419853699186e+01 1.015113461428970787e+01 5.176416939258218441e+00 6.320930626409025699e+00 2.313681490145969022e+00 7.862395948215166186e+00 2.603596578132526318e+00 1.226859145690596087e+01 1.705255008900914504e+01 1.924368990006142255e+01 2.170969837417065662e+01 1.511363607573930601e+01 1.511452125066910845e+01 2.571203627530996272e+01
1.319999999999999993e-02 7.084267811865485598e+00 1.708426781186555132e+01 1.786129143117951656e+01 8.191279720298316747e+00 1.786129143117951656e+01 1.302818617644667754e+01 1.725468892516396835e+01 1.192439176548249691e+01 1.924384544855228807e+00 1.192439176548249691e+01 1.848660450607039252e+01 9.369218480103659985e+00 1.717559084093603161e+01 1.323395966649923849e+01 1.431616464950661438e+01 1.053109389232971438e+01 1.903911688396181079e+00 3.940641390268624367e+00 1.065438153521718156e+01 7.062992837812275271e-01 7.062992837812275271e-01 8.985348932629333429e-01 1.131238587689820996e+00 1.071832631274173053e+00 1.144588921627022859e+00 1.144588921627022859e+00 1.144588921627022859e+00 1.144588921627022859e+00 1.144588921627022859e+00 1.789538059055685526e+00 1.187316434586677261e+01 1.020741570150229371e+01 1.297069280413189496e+01 7.589822385291323137e+00 1.821790740610235559e+01 2.549748043002815834e+01
1.359999999999999924e-02 7.084667811865485554e+00 1.708466781186555394e+01 2.233343295537589412e+01 1.819129152398014071e+01 1.819129152398014071e+01 2.302819873360647662e+01 2.082120881735978912e+01 1.082119936432878937e+01 3.750126430529879595e+00 9.523632676650521489e+00 1.952364513936242574e+01 1.644544271172324201e+01 2.346606274814596205e+01 1.995328385684190309e+01 1.383250785224828761e+01 3.608749891425822920e+00 1.201285397890205964e+01 1.497702289434215928e+01 1.477655757734637199e+01 7.261900000866577720e+00 9.642152963222558881e+00 1.373904161690054693e+00 8.442735024100120000e+00 1.012068932743532734e+01 8.104627965504111131e+00 9.085188950816764475e+00 6.696564624838624802e+00 2.296692672242376609e+00 1.144588921627022859e+00 8.999607734117034852e+00 2.167516181582692880e+00 5.669924172894915237e+00 2.631332450527981148e+00 1.222824792682269823e+01 1.539846326750454963e+01 1.815640846863709967e+01
1.299999999999999940e-02 1.001299999999996260e+01 1.545981340025034534e+01 1.954229630488892866e+01 2.368443192861984770e+01 2.819130487958761933e+01 2.346906234882809628e+01 1.932691767069523081e+01 1.579137885856493995e+01 5.791368082790752325e+00 1.579137892273474897e+01 2.366578774958079379e+01 2.639701974037306798e+01 2.295646351510194449e+01 1.280269256155815683e+01 5.490197724537548396e+00 1.383255764561940637e+01 1.080485120153471179e+01 2.079681092955646804e+01 2.103010497263729306e+01 1.530578590633810165e+01 5.394227575319977319e+00 1.805685559385675321e+00 5.948906916223273278e+00 1.098866192175973566e+01 1.634920817465648568e+01 1.673237796217251372e+01 1.280663911405556021e+01 3.494750055056966342e+00 1.144626976724319434e+01 1.039262893817895872e+01 1.107946475367080907e+01 2.631332450527981148e+00 5.320086221311408181e+00 2.631332450527981148e+00 2.820546642651275082e+00 1.082404143719582912e+01
