output/example/elevation_000030.asc
nrows	75
cellsize	13.33333333
xllcorner	0
ncols	75
yllcorner	0
NODATA_value	-9999
[rows 51 to 67 of 75, columns 0 to 36 of 75]
1.369999999999999864e-02 1.001369999999991833e+01 6.666075710287119982e+00 1.373714352215031020e+01 2.373714352114046378e+01 2.241981434242536508e+01 2.656316189705994191e+01 1.720923242965827882e+01 1.720923242965828237e+01 1.090553082661010720e+01 9.341250787668013977e-01 9.341250787668013977e-01 9.341250787668013977e-01 1.090553095994344091e+01 8.238321882869275470e+00 1.115799055690815500e+01 6.175994022496956504e+00 1.115528186134827671e+01 1.444140524875135334e+00 1.141362727163238766e+01 1.166974029201313989e+01 1.580430839879860727e+01 1.694097675829450722e+01 2.501057655157493542e+01 3.062272137919432780e+01 2.242513605692304779e+01 1.246278491001169186e+01 1.667336994049218646e+01 7.683966486238413829e+00 7.683966486238413829e+00 7.683966486238413829e+00 1.992957098413291916e+01 2.751545862072390136e+01 3.214488057150381195e+01 2.660571399860713981e+01 2.245403481537173462e+01 1.403757837045890078e+01
1.290000000000000001e-02 3.415203899503875817e-01 1.034152038984078814e+01 1.495016200401103568e+01 2.127555097418744268e+01 2.242910169501836748e+01 2.657123723660398440e+01 2.719713470526099641e+01 2.088023092431098604e+01 1.090553082661010542e+01 5.009804867065454914e+00 7.985789713578086868e+00 1.090553095994344091e+01 1.187391908560254228e+00 1.187391908560254228e+00 1.187391908560254228e+00 1.187391908560254228e+00 1.187391908560254228e+00 2.831252705222119914e+00 1.275759390590905440e+01 1.699814512559165891e+01 2.112877899445539498e+01 2.666642810465143398e+01 3.057777689463213733e+01 3.059581928170184639e+01 2.058881690638872186e+01 2.242513605692304779e+01 1.760912276957795797e+01 7.683966486238413829e+00 7.683966486238413829e+00 7.683966486238413829e+00 1.339546970278818172e+01 2.336508116690878012e+01 2.506472700682540378e+01 1.798457344218300236e+01 1.248233497527812652e+01 2.245403481537173462e+01
1.329999999999999932e-02 1.001329999999988374e+01 8.080263988780487239e-01 1.080802639860403147e+01 1.127555098064267902e+01 1.242910169759172057e+01 2.242910169501836748e+01 2.514153480830736953e+01 2.312059763781641308e+01 1.314184480922918752e+01 1.205106061519187755e+01 1.795440942031033771e+01 1.529249947441366331e+01 1.115799029024148759e+01 1.187391908560254228e+00 1.187391908560254228e+00 1.187391908560254228e+00 1.115799069024148871e+01 1.275759390590905440e+01 5.252872974195057054e+00 7.102453283110441440e+00 1.699814512559165891e+01 2.241190928507108993e+01 2.655890557921800621e+01 3.233009879154061395e+01 3.059581928170184639e+01 2.293658352379533838e+01 1.296981708191245808e+01 1.760912276957795797e+01 1.053563290601607960e+01 8.433936803560035500e+00 1.835711026848152017e+01 1.942446498153218926e+01 1.942446547329748086e+01 1.096980695817641305e+01 2.091536812521702515e+01 2.502048238201524910e+01
1.369999999999999864e-02 1.001369999999996274e+01 1.080802639860403147e+01 1.275550981090233460e+00 5.358033885728857193e+00 1.535803388497252797e+01 1.881697949165769046e+01 1.514153481413716840e+01 2.221260254954913194e+01 2.312059763781641308e+01 2.202711765057581772e+01 2.161368818621772903e+01 1.163904176626925491e+01 5.891336067360075646e+00 1.115799042357482129e+01 3.685988365738679828e+00 1.115799069024148871e+01 1.529249987441366265e+01 1.516056128240620993e+01 1.225418618390479608e+01 1.699814512559165891e+01 9.961089270989914368e+00 1.250507373195977578e+01 1.819362021433644117e+01 2.817419931620087326e+01 3.001363435484381981e+01 2.000517308797128635e+01 2.293658352379533838e+01 1.495782991154968755e+01 2.047973890817677400e+01 1.835711026848152017e+01 9.497490448182238865e+00 9.497490448182238865e+00 9.497490448182238865e+00 1.129024796180114798e+01 1.311351277302880014e+01 1.501397731308190586e+01
1.319999999999999993e-02 1.001319999999996213e+01 1.541768657468703552e+01 1.127555098064268080e+01 1.745911415282032531e+00 1.174591141464930111e+01 8.816979493812596047e+00 8.070467002285315772e+00 1.807046700056417521e+01 2.506748484141296629e+01 2.429398228388285474e+01 2.575651616819330769e+01 1.999308137794044882e+01 1.086865570560665617e+01 1.778484988852307325e+01 1.364865795396464954e+01 7.594120178608913641e+00 1.755604720969510169e+01 2.510385070131843932e+01 2.217717146255179372e+01 2.336094026704530791e+01 1.344174555416060990e+01 2.241190928507108993e+01 1.742565134529185400e+01 2.315784902110307897e+01 3.319054961129867820e+01 2.707735087585923139e+01 2.828393315807661068e+01 1.827330506736677407e+01 2.828393315807661068e+01 2.357066819851871387e+01 1.942446520663081344e+01 9.497490448182238865e+00 1.111190056400709025e+01 2.105990762679264350e+01 2.309472958361658357e+01 2.502048238201524910e+01
1.349999999999999985e-02 7.084567811865484899e+00 1.708456781186555062e+01 1.588804699674285281e+01 1.174591141464930111e+01 1.745911415282032531e+00 1.745911415282032531e+00 1.174591168131596852e+01 1.929398202005353014e+01 1.506748484811627442e+01 1.429398228955753503e+01 2.136505001584195540e+01 2.498339548389664344e+01 2.084099107557161901e+01 2.498339548389664344e+01 2.169601057297338897e+01 1.333800078657457533e+01 1.291116906734730208e+01 1.866517679610585390e+01 2.866099575670025246e+01 2.751013637773586495e+01 1.836821822438008311e+01 2.751013637773586495e+01 2.315784902110307897e+01 3.155404818584169035e+01 3.734656876526779712e+01 3.710244975278044421e+01 3.243800833360508307e+01 2.327354409710746452e+01 3.243800833360508307e+01 2.519100330572928570e+01 1.520306656524925870e+01 1.520306656524925693e+01 2.105990762679264350e+01 1.349616792370065887e+01 1.605499516965385709e+01 2.606681261433729446e+01
1.369999999999999864e-02 7.084767811865485321e+00 1.708476781186555371e+01 1.751941437234791366e+01 7.519414373844939270e+00 1.745911415282032531e+00 1.745911415282032531e+00 1.174591168131596852e+01 9.293982022895951545e+00 7.996417036262148947e+00 7.222914477699239555e+00 1.636505004610197034e+01 2.348582608278051964e+01 2.762796155481942506e+01 2.622251403242891499e+01 2.746218437862621187e+01 2.331800577801981689e+01 1.996160308339632294e+01 2.703390181241187662e+01 3.280746803319600247e+01 3.251001743923830389e+01 2.835366230971052204e+01 3.251001743923830389e+01 3.319054961129867820e+01 3.734656876526779712e+01 3.637885280020634582e+01 4.052056816855494503e+01 3.745022025742991900e+01 3.329432221904573908e+01 3.745022025742991900e+01 2.934345962586390755e+01 2.095773337691871419e+01 2.225677286558403978e+01 2.584137386877759468e+01 1.583043295098861414e+01 2.584137386877759468e+01 1.997665760290477266e+01
1.379999999999999977e-02 1.001310013333329607e+01 1.415523575706423109e+01 2.166154992614369590e+01 1.588804726340952023e+01 7.519414373844939270e+00 1.174591168131596852e+01 2.222914077699248647e+00 2.222914077699248647e+00 2.222914077699248647e+00 2.222914077699248647e+00 1.222291447686461829e+01 1.348582608716105291e+01 1.805754823152452815e+01 1.622251404268353880e+01 2.622251403242891499e+01 3.021736135261795653e+01 2.995945799276198684e+01 3.139201283498713835e+01 2.724987792736332182e+01 2.854744302263605960e+01 3.268957781331863544e+01 3.604481974240850661e+01 3.190299963061802657e+01 3.190299963061802657e+01 2.637905741589727171e+01 3.474732057920610373e+01 4.109573155226318164e+01 4.082653635238397527e+01 3.789784215379537358e+01 3.512875496216872762e+01 3.097375756956126480e+01 3.227486222945590555e+01 2.842878520492296701e+01 1.840778419024366030e+01 2.842878520492296701e+01 2.999718800224314919e+01
1.309999999999999880e-02 1.309999999999999880e-02 1.001310013333329607e+01 1.769076966299691733e+01 2.166154992614369590e+01 1.751941437234791366e+01 1.222291421019795266e+01 2.222914077699248647e+00 2.222914077699248647e+00 2.222914077699248647e+00 2.222914077699248647e+00 1.222291447686461829e+01 7.712323395264970571e+00 8.057548233513447400e+00 1.805754823152452815e+01 2.725062801826080872e+01 2.009415016255478292e+01 2.725062801826080872e+01 2.561851045917657288e+01 1.724987798550485252e+01 1.854744310503452809e+01 2.854744302263605960e+01 3.190299963061802657e+01 2.190312237546915242e+01 2.190312237546915242e+01 2.060556014780924272e+01 3.060546824323433412e+01 3.109615520299638547e+01 3.082694462670468027e+01 2.789808297283331839e+01 3.436243413736826113e+01 3.850421542951963261e+01 3.845520381882639072e+01 2.842878520492296701e+01 2.219612459916845637e+01 2.658925933018889154e+01 3.661373671613646508e+01
1.349999999999999985e-02 1.309999999999999880e-02 3.548634039266067575e+00 1.061970185113151643e+01 2.061970185113144538e+01 2.222291419820391312e+01 1.222291421019795266e+01 1.222291421019795266e+01 4.579936814987736859e+00 1.222291434353128459e+01 1.222291447686461829e+01 2.712323261931646190e+00 2.712323261931646190e+00 1.271232339433917602e+01 2.219968376126359644e+01 2.305917007274074138e+01 1.322721503479833061e+01 1.738268818492439749e+01 1.700423932503728963e+01 1.147637529363579212e+01 2.147637526903509908e+01 2.588513742892921954e+01 3.002726249282642002e+01 2.483201861246913822e+01 1.483205801105940580e+01 2.118054928209912191e+01 2.532254481107548116e+01 2.402513648729071960e+01 2.690465379806674306e+01 2.082702589009928218e+01 2.436255970615174959e+01 3.013605603780075270e+01 4.013577398737565005e+01 3.637134166029353111e+01 2.720439176122717484e+01 3.637134166029353111e+01 4.077026023246854436e+01
1.369999999999999864e-02 1.001310013333329607e+01 1.354863403926603027e+01 1.171359984854329639e+01 2.171359984854322533e+01 2.400492289359244324e+01 1.400492322358032204e+01 8.231420531688831588e+00 1.457993677760328310e+01 1.872206985799720158e+01 1.271232339433917602e+01 2.712323261931646190e+00 2.712323261931646190e+00 1.271232339433917602e+01 1.735136296066377781e+01 1.423073794768281175e+01 1.423073808101614546e+01 7.722869917974382048e+00 7.004239338636248924e+00 1.700423932503728963e+01 2.425376418381176435e+01 1.588513760491899163e+01 2.425376418381176435e+01 2.897397105893885438e+01 2.118054928209912191e+01 1.118057416128087489e+01 2.118054914876578820e+01 1.825164030569319706e+01 1.690470320259585080e+01 2.690465379806674306e+01 3.436243413736826113e+01 3.850421542951963261e+01 4.427739142706141706e+01 4.138491303811854749e+01 3.722742217356881866e+01 4.138491303811854749e+01 4.350594517837181030e+01
1.290000000000000001e-02 1.001289999999996283e+01 1.688246723926614123e+01 2.102460286299712067e+01 2.585573547227414792e+01 2.814704416435612799e+01 2.124653369670079428e+01 1.124653397746645744e+01 2.124653369670079428e+01 1.978338986089818974e+01 9.783391206477210389e+00 9.783391208943887918e+00 1.271232339425346503e+01 3.209227390264934421e+00 1.320922738934341645e+01 4.230737957510107172e+00 4.230737957510107172e+00 4.230737957510107172e+00 4.230737957510107172e+00 1.423073834768281287e+01 1.476641005493711134e+01 1.011163491309599038e+01 2.011163483864070400e+01 2.639260520326709880e+01 2.343274437608297234e+01 1.929073151064069691e+01 1.118057416128087489e+01 1.347473149998648267e+01 2.347469904083025227e+01 3.104657864615187890e+01 4.082743638925543195e+01 4.496902503955843144e+01 4.419296655405019436e+01 3.919974766190505022e+01 3.506322969185693239e+01 3.919974766190505022e+01 3.352621775911023860e+01
1.359999999999999924e-02 3.346933333333330207e+00 6.882467239266072845e+00 1.395353505113157055e+01 2.395353505113163806e+01 2.831760083294865282e+01 1.831760178841623699e+01 1.831760178841623343e+01 2.124653288702338827e+01 2.392545432310521036e+01 1.978338919068266222e+01 1.978339441179726776e+01 1.735136293962293408e+01 1.320922738934341645e+01 3.707672176544162923e+00 1.370767217562753615e+01 4.230737957510107172e+00 1.423073808101614546e+01 1.423073834768281287e+01 4.766409941515692417e+00 4.766409941515692417e+00 1.476640996389033944e+01 1.222825483349184950e+01 1.930943339518184487e+01 1.748002026293311673e+01 9.290751796234745896e+00 1.929073151064069691e+01 1.526305706418096619e+01 2.526301479852097742e+01 3.375661887908557190e+01 3.082779036930803684e+01 4.082743638925543195e+01 3.903105041341326853e+01 3.006907602671430269e+01 2.507492236157168364e+01 3.420586778543454898e+01 2.775913797157403451e+01
1.379999999999999977e-02 1.001379999999996251e+01 1.688246723926614123e+01 1.688246723926614123e+01 2.688246723926620874e+01 3.245970445283545303e+01 2.831760083294865282e+01 2.831760083294896546e+01 3.124651569691020114e+01 2.538811430565497673e+01 2.091592480652591490e+01 1.677376256699694324e+01 1.370767219232944711e+01 3.707672176544162923e+00 8.707672176544145159e+00 1.784980775366575756e+01 1.130180590260463447e+01 1.837287346271940081e+01 1.476641005493711134e+01 4.766409941515692417e+00 4.766409941515692417e+00 4.766409941515692417e+00 5.157142540764644068e+00 1.515738778933999775e+01 7.480036875384382000e+00 1.748002026293311673e+01 2.343274437608297234e+01 2.526301479852097742e+01 1.997710217009495892e+01 2.375674655150216807e+01 3.375661887908557190e+01 3.850088898894938438e+01 3.489377007889646620e+01 2.490475451662673123e+01 2.007516702297955646e+01 3.006907602671430624e+01 2.328835092770795256e+01
1.349999999999999985e-02 1.001349999999996321e+01 1.501360000000003936e+01 2.501360000000010686e+01 2.473491985171582286e+01 2.888186455330080804e+01 2.795423010726805657e+01 3.208873739101011324e+01 2.831698322038323212e+01 1.831696544943954663e+01 1.124589760245453007e+01 6.773761514120137939e+00 1.494801991600489544e+01 4.948019655769582137e+00 1.494801991600489544e+01 1.687263798571604312e+01 2.130180586940820575e+01 2.293137578334246029e+01 1.293137588238991675e+01 1.476641005493711134e+01 6.898417238405127883e+00 1.476641009068337418e+01 1.515256112553088208e+01 5.712269922418016677e+00 1.571226244909502689e+01 1.629948342501659653e+01 2.044158164263077282e+01 2.742334664424446089e+01 2.997702240463094725e+01 2.982871293116290801e+01 2.834203152750948718e+01 2.834203152750948718e+01 3.131749201792147019e+01 2.673777302546939083e+01 1.674167488003365989e+01 2.673777285990828290e+01 2.373276091985684033e+01
1.359999999999999924e-02 5.013600000000007384e+00 1.501360000000003936e+01 1.764639255206440183e+01 1.471022840729684411e+01 2.473491985171582286e+01 1.796088143637211942e+01 2.632106434960943631e+01 3.208873739101011324e+01 2.538821008304527993e+01 2.091592461043680728e+01 1.677376211113205784e+01 6.773761514120137939e+00 1.494801991600489544e+01 1.909016139975173942e+01 2.687263797629993434e+01 3.101477343910383766e+01 2.707351037339100941e+01 2.014052963420350650e+01 1.014284566069551019e+01 1.689685459685840385e+01 2.102395226047611843e+01 1.570542135105537263e+01 1.571226244909502689e+01 6.299490141932723830e+00 6.299490141932723830e+00 1.336906443659717780e+01 2.091538327918271634e+01 2.689814843299756575e+01 1.985068778726689942e+01 1.847279952182639207e+01 2.136343065246747841e+01 2.136343065246729367e+01 2.415679154303684228e+01 1.415974109441683026e+01 2.072783208217169459e+01 1.373548540896107539e+01
1.290000000000000001e-02 1.001289999999996283e+01 1.228498280936019071e+01 7.630980071035008194e+00 1.762067853476257184e+01 1.718626134757746371e+01 1.218795513313442846e+01 1.796088143637211942e+01 2.795423010726805657e+01 2.961833268920006645e+01 1.961833206308938671e+01 1.254726420633680029e+01 1.677376227943311449e+01 8.955940416480069999e+00 1.895594219033403149e+01 2.563737545741627954e+01 3.141001305253223208e+01 2.829687774473957163e+01 1.830728486642667008e+01 1.281545807831167672e+01 2.281212333245644075e+01 2.970513360644155298e+01 2.284118188815690331e+01 1.629948342501659653e+01 6.299490141932723830e+00 6.299490141932723830e+00 6.731827976433176985e+00 1.673320429918385699e+01 1.777735683936551325e+01 1.278153025556729538e+01 1.777984905951575101e+01 1.173090372410643845e+01 1.869758378805885712e+01 2.284068707047758906e+01 2.002952275710044816e+01 1.072989996143511071e+01 1.123562075242421621e+01
