output/example/elevation_000465.asc
nrows	75
cellsize	13.33333333
xllcorner	0
ncols	75
yllcorner	0
NODATA_value	-9999
[rows 0 to 16 of 75, columns 0 to 36 of 75]
1.369999999999999864e-02 4.485835954999571662e+00 1.025933864689580766e+01 1.733040645876114283e+01 2.733040645665021984e+01 2.575798405568120586e+01 2.990014416893066596e+01 3.111792087311473054e+01 3.111792105059159752e+01 3.534052644183557845e+01 3.553612169406181920e+01 3.119914203810147768e+01 3.553612169406179078e+01 3.454441375493382083e+01 3.885956944707209715e+01 4.209176233172558312e+01 4.272676849930775944e+01 4.700471848927336538e+01 4.834179351994794871e+01 4.421153496554727980e+01 4.338740630453392555e+01 4.339160472051455031e+01 4.749005979099309371e+01 4.444608242910835116e+01 4.021933131279513418e+01 3.889307487193984514e+01 4.312090731546911826e+01 4.260894624665309749e+01 4.683686725094037229e+01 4.793220843008764120e+01 4.381839551619429329e+01 4.381839550404610151e+01 4.475662616361494628e+01 4.886884755610470421e+01 4.692950130199569259e+01 4.279462650861521666e+01 4.148977829590529609e+01
1.279999999999999888e-02 1.001279999999996306e+01 1.862797150163263282e+01 2.282695567900476874e+01 1.868401955445260043e+01 1.575388922606992104e+01 2.575798201352002792e+01 2.095721023707201169e+01 2.095721023711341147e+01 3.111792105058170321e+01 3.010918734395398744e+01 2.018643339318921903e+01 2.569278784903788093e+01 2.370342964264528263e+01 3.153253288670999765e+01 3.153253288671031029e+01 3.209396564621891201e+01 4.272676849930775944e+01 4.221103968042051946e+01 3.332457487449689637e+01 3.349633148465978394e+01 3.353700854458833902e+01 4.339160472051455031e+01 4.021933131279513418e+01 3.024416338187244691e+01 2.897318264669925370e+01 3.734512290549037061e+01 3.251225006921808358e+01 4.098886677495296738e+01 4.381839551648351971e+01 3.384809057104952501e+01 3.384809057104882868e+01 3.478550779515028779e+01 4.311938669637387278e+01 4.279462650861521666e+01 3.340282450404671977e+01 3.228725368126733031e+01
1.299999999999999940e-02 1.001299999999996260e+01 1.781704927369132818e+01 1.367994430240756287e+01 8.675867324422664950e+00 1.868401928332695761e+01 1.896576928439501941e+01 1.382868056554435299e+01 2.393321351805375485e+01 2.709155346261623265e+01 2.262270709267783886e+01 1.427872540162112180e+01 1.427872540162112180e+01 1.721639964735592443e+01 2.057165569962292651e+01 2.442702904971179834e+01 3.209396564621891201e+01 4.272676849932592802e+01 3.773948342607273787e+01 2.507899938029548181e+01 2.508775998785720418e+01 3.642335293866209867e+01 4.277605989882573567e+01 3.937726009315426268e+01 3.316582242536512837e+01 2.349315420485677919e+01 3.152386458580515338e+01 2.694700545712677098e+01 3.677961599068514431e+01 4.311741686269886031e+01 3.676832527885228075e+01 2.676293629753658365e+01 2.900774845308506045e+01 3.899979981152871744e+01 4.160860020144125571e+01 3.615361962362341330e+01 2.762082012819832144e+01
1.369999999999999864e-02 1.001211136823485148e+01 1.230246720539213356e+01 3.671664424512344649e+00 1.367992117102242311e+01 1.477780918310611469e+01 8.812073433855347915e+00 1.861666742969154953e+01 2.468908221980390039e+01 2.083286252393930127e+01 1.206374170021290837e+01 2.244349529933261067e+01 2.569278784894758516e+01 2.856223377763180693e+01 3.153253288653030140e+01 3.520824149884654020e+01 3.902915517585093141e+01 3.615366730552464958e+01 3.373823285944474293e+01 2.453864809202627484e+01 2.609614354129228531e+01 2.938392628764133363e+01 3.870622445906576559e+01 3.519482496791532355e+01 2.537250923921376966e+01 2.038231957582750198e+01 2.179936857073750645e+01 3.152386458580395612e+01 4.098886677495296738e+01 3.899709097463981777e+01 2.897691817560420446e+01 2.311855752711863943e+01 3.030551343385693386e+01 4.029335956875068803e+01 3.751986209989811272e+01 2.848170139629595354e+01 2.433215520366398366e+01
1.290000000000000001e-02 1.001289999926932417e+01 2.297993603304202104e+00 1.230270631771014145e+01 3.671664424512344649e+00 4.720081368847644399e+00 5.792513327708229021e+00 1.586156512439680455e+01 1.886304255366305327e+01 1.073574230390994977e+01 1.563843731336084275e+01 1.428753068826500616e+01 1.730959572878009212e+01 2.106186334857719089e+01 2.816730416068029541e+01 3.864191743123000577e+01 3.615366730552464958e+01 2.823075554768700712e+01 3.007654682148158898e+01 2.450142589680605809e+01 2.273557366232219579e+01 3.163292986077537350e+01 3.689390760140076253e+01 3.474643727778875046e+01 2.716283440924408055e+01 1.731948042991817260e+01 2.717493774483862268e+01 3.187817657818872519e+01 3.704254411579005790e+01 3.878289201136477260e+01 3.092184100040946859e+01 2.052541787725695244e+01 3.092184100040938333e+01 3.878289201056300328e+01 4.160860019876793103e+01 3.696754060975626999e+01 3.259796945061023621e+01
1.299999999999999940e-02 9.495858426327925539e-01 8.021867048432413938e+00 1.644590600870231256e+01 1.075813608336807548e+01 1.181082505013156059e+01 1.586157071523500406e+01 7.449224922260773596e+00 8.787700108432451529e+00 1.886304373564324166e+01 2.354599954716973542e+01 2.045407335614795841e+01 1.918779954961462408e+01 2.912644771548317024e+01 2.930985647865048804e+01 3.980225193104837444e+01 3.591683361870304481e+01 2.767700521765661392e+01 2.260864132122535253e+01 2.026348137049308917e+01 2.385459838447746961e+01 2.555425309525599786e+01 2.925367709287424134e+01 3.067230214091825147e+01 2.122175219570846139e+01 1.533619955506142496e+01 2.233010899170126251e+01 2.041085942650047969e+01 3.229440716057133898e+01 3.464898729805198485e+01 2.443863374312887160e+01 1.825404903486073138e+01 2.443863374312887160e+01 3.464898729805157274e+01 4.205399420481136019e+01 3.496923378308144947e+01 2.491684088616664994e+01
1.299999999999999940e-02 1.001299999999996260e+01 1.510027950088101356e+01 2.216601139318852276e+01 2.087498614618343851e+01 2.194071978124753031e+01 1.753637791848576555e+01 7.449224922260773596e+00 7.449224922260773596e+00 1.163111557304220511e+01 2.265815927395073004e+01 3.047237679745697037e+01 2.475857452856600460e+01 3.346753224156535822e+01 3.980225189583109824e+01 4.164887721274168797e+01 3.258572391589311223e+01 2.709760957084601429e+01 3.009039508050960521e+01 2.667801477004951494e+01 1.803079136171615815e+01 2.226068097635685561e+01 2.181672305038058468e+01 2.869684886528174061e+01 2.351242666299678774e+01 1.346552271411279733e+01 1.346552271411279733e+01 2.559419195952318660e+01 3.695827423248200461e+01 3.420321097085285800e+01 2.683700845956716208e+01 1.628082160130942313e+01 2.683634805423809411e+01 2.779739169079516614e+01 3.793539777147209691e+01 3.917050270461682970e+01 3.137704613505300699e+01
1.290000000000000001e-02 1.001289999999996283e+01 1.951347360197493330e+01 2.362853074741790493e+01 2.403545985465012436e+01 2.817262510582860102e+01 2.178081840184159645e+01 1.455558587777090018e+01 1.504285961450952414e+01 1.848106147609763639e+01 1.939605069810847837e+01 3.053358603968269236e+01 3.509307344948135210e+01 3.947582429118190106e+01 4.405750620780720794e+01 3.997977973810829866e+01 3.913443520903908279e+01 3.524025905985382678e+01 3.265992840293652932e+01 2.420022501429963313e+01 2.539823590503065986e+01 1.592668250991368772e+01 2.113163154825021550e+01 2.227324825119416474e+01 2.132477497208465422e+01 1.346552271411279733e+01 2.033268072504553103e+01 2.771145371288904613e+01 3.681526374868723650e+01 2.711656647915508245e+01 1.978834006415110736e+01 1.433845448417995527e+01 1.922720438235774409e+01 2.965810347024049776e+01 3.337348813468654640e+01 3.362430443709580175e+01 2.786436104971997096e+01
1.349999999999999985e-02 1.001349999999996321e+01 9.532597412340258813e+00 1.588347719513849299e+01 1.405168956370284761e+01 2.274210252113881836e+01 2.687831187662517252e+01 2.473273510107703288e+01 2.642522100436206500e+01 2.995862433949579895e+01 3.053358603968269236e+01 3.496201044025765725e+01 3.754070843288835846e+01 4.154364359002482132e+01 3.839399140958776258e+01 3.018479074929811290e+01 3.432464117661219660e+01 3.839404406633250488e+01 3.650329068310314540e+01 3.265992840284434351e+01 2.726904338640190417e+01 1.757826884182339455e+01 1.390529546246254178e+01 1.256825139873268249e+01 1.123504575333292443e+01 2.014922571256843042e+01 2.484286385457424373e+01 3.305181392901377535e+01 3.272473435902099226e+01 2.537653326398723408e+01 2.110022394812796165e+01 1.255670594524507244e+01 2.336422350294434835e+01 3.048654397807380434e+01 2.313108221403766152e+01 2.167879078656858383e+01 2.620200371442221865e+01
1.379999999999999977e-02 1.870753362832245692e+00 3.760575367845282013e+00 5.892576495710750706e+00 9.225634740955483082e+00 1.275972302688297866e+01 1.775284147433416138e+01 2.480750950887111728e+01 3.479015169072631863e+01 3.391477675991167473e+01 3.488910396239580791e+01 3.096027083440741023e+01 2.823456433476675898e+01 3.754070843288835846e+01 3.432464019183272796e+01 2.449570352552672148e+01 2.449570352553189423e+01 3.272006853548774785e+01 3.790546088628878607e+01 3.451031819109915233e+01 2.427074789617057959e+01 2.679048642816044179e+01 2.216576034912874249e+01 1.938340325868086822e+01 1.880935527865130652e+01 9.788048029666397198e+00 2.129194436435936666e+01 2.968057986263140435e+01 2.788494975516158547e+01 1.689209910121878977e+01 1.025373532129305154e+01 2.046222995991939086e+01 2.551516551945443823e+01 2.393843097723712887e+01 1.590323436853185690e+01 1.424830930456202971e+01 1.866945612119582165e+01
1.290000000000000001e-02 1.001289999999996283e+01 1.079197118793242005e+01 1.588374554651941395e+01 1.123600349849479052e+01 2.122089404061972928e+01 2.687831187662510501e+01 3.186903539809240726e+01 3.391477675991167473e+01 2.460150681939566653e+01 2.631052369622339526e+01 2.166077709878112501e+01 3.096027047956711797e+01 3.925659134614928547e+01 3.555707118611813655e+01 2.864990135728849552e+01 1.875369395062954325e+01 2.398624190287854319e+01 3.383276399842372228e+01 3.875701360356104175e+01 3.451031819238280463e+01 3.045853909890701772e+01 1.906420634167233530e+01 1.776466977120429291e+01 8.348324571269740701e+00 1.726510112624876925e+01 2.303370346733339957e+01 2.007719373670279950e+01 2.192236895067338054e+01 1.672024476950700134e+01 9.111600455163332057e+00 1.555621451658883814e+01 1.882855722117520969e+01 1.801385351164145021e+01 9.735315603828983200e+00 1.016544225400745205e+01 1.060203127164780312e+01
1.359999999999999924e-02 1.001359979018050161e+01 1.918757648467941479e+01 2.454393294298881045e+01 2.122089404061972928e+01 1.829752618437368028e+01 2.827852836697451977e+01 3.207553351971513678e+01 2.662993442526660814e+01 2.271919156367599868e+01 1.680875293362560896e+01 2.631052193106103942e+01 2.593723621402110879e+01 3.528098475855880167e+01 3.148727176502471181e+01 2.162469873808370835e+01 1.580361553692917909e+01 2.579311242865588483e+01 3.335416319131429219e+01 3.249591777591950148e+01 2.856074345200610765e+01 2.856074345202269171e+01 1.965877180741034280e+01 6.891916109491200260e+00 1.664941735794349853e+01 1.456362363049731456e+01 1.690051458220467495e+01 1.298401139919292291e+01 1.713703175613276386e+01 7.713368265646119326e+00 8.078622305992483987e+00 8.415978583182504025e+00 8.757722874491964404e+00 9.139308928577456470e+00 1.381975718064037295e+01 2.011491600918413170e+01 1.859931880876529675e+01
1.349999999999999985e-02 5.709290967999872457e+00 1.544684006999265335e+01 2.274461065783476243e+01 2.686004835592413187e+01 2.827852836697451977e+01 3.241690520715907553e+01 2.816340523048472733e+01 1.873328095966108009e+01 1.299869064113019768e+01 2.259325797609259823e+01 1.818809594047825229e+01 2.491934182218984617e+01 3.424869749884346248e+01 3.249126997103986980e+01 2.355939301115427043e+01 1.338734486368053211e+01 1.937020290858628613e+01 2.928193311246534236e+01 2.856074345200610765e+01 1.942076115587029150e+01 1.942076115587028795e+01 1.745632528192861344e+01 5.880211507416488459e+00 5.880211507416488459e+00 6.284707392541896809e+00 6.715530497252054865e+00 7.148853787184088482e+00 7.148853787184088482e+00 1.676359506870599603e+01 1.537148101698846858e+01 1.006616456396321446e+01 1.868844961325032372e+01 1.302432300565387280e+01 1.862481872599087040e+01 2.000779145260191072e+01 2.493163315182318129e+01
1.319999999999999993e-02 1.001319999999996213e+01 1.572266742012882546e+01 1.311703261968799339e+01 2.277673817783032106e+01 3.021570024025568557e+01 2.620554644405470057e+01 2.737300286455450049e+01 2.054534767024092901e+01 1.072618926698641673e+01 1.288089903490518928e+01 2.259326161230070795e+01 3.156671052298531777e+01 2.889079045709710769e+01 2.444526307698212975e+01 1.859857186265943341e+01 1.098893409712151303e+01 1.860365885415231446e+01 2.857768467413045244e+01 2.856074344946556920e+01 1.942076115587018847e+01 1.276655842439246591e+01 1.775876031871764127e+01 1.588232734740912910e+01 5.880211507416488459e+00 1.643061763396525166e+01 1.690114873985276844e+01 8.337868132034607527e+00 1.728795513989721044e+01 2.094394833112486864e+01 1.774544752967354455e+01 2.014886994347537197e+01 1.267183066567506522e+01 2.226399916000536550e+01 2.021791628848511380e+01 2.814439033864769257e+01 2.867940988113214829e+01
1.299999999999999940e-02 3.028228697291230009e+00 6.194312024436730013e+00 1.412309645743319919e+01 2.558156499659290972e+01 2.620554644405470057e+01 1.648673525411205176e+01 1.675165667734385977e+01 1.793183105217021733e+01 8.545393546027581166e+00 1.845189548170165494e+01 2.651015274176338110e+01 2.764506155366735385e+01 2.445258980650790193e+01 1.397089618471885153e+01 1.698100103263492855e+01 8.533015208794971329e+00 1.663766010280957985e+01 2.675844855640841402e+01 2.825629183254686083e+01 2.339633486352067493e+01 1.731211698286248435e+01 8.100403096266269642e+00 5.368767592198713245e+00 1.592357700909720464e+01 2.056905315031098525e+01 2.349441513458856079e+01 1.939508273601769872e+01 1.314432552360715611e+01 2.370710404106046454e+01 2.440675857277537020e+01 2.460497152074565719e+01 1.453479355880605794e+01 2.460500247804168694e+01 2.984860907099280780e+01 3.389938229095712785e+01 3.700311342612444321e+01
1.349999999999999985e-02 1.001349999999996321e+01 1.608960302061356273e+01 2.054420052633934191e+01 2.122495399908480707e+01 2.413239194821406031e+01 1.933142806818383619e+01 9.498337444032346255e+00 1.454934867822235667e+01 6.827464573856729224e+00 1.419680293989618569e+01 2.377627482878828857e+01 1.744331760889885885e+01 2.207549603225736945e+01 1.698099792770866756e+01 6.540769806522848562e+00 6.396537639516219897e+00 1.781970205142615526e+01 2.048311822867287546e+01 1.954446405823529176e+01 1.904137399440238454e+01 1.112669361306649130e+01 5.816571181428657589e+00 5.100868582454342715e+00 1.660224567955951258e+01 2.366200256999978180e+01 2.872935390526607335e+01 2.686787077216727937e+01 1.687366243204640526e+01 2.686850126347565038e+01 3.403850885426940920e+01 2.795779287025761661e+01 1.789875229764518849e+01 1.810640996508762868e+01 2.525388436654291269e+01 3.518306157527205613e+01 3.506608966081684997e+01
1.369999999999999864e-02 7.084767811865485321e+00 1.708476781186555371e+01 1.743548864347470584e+01 1.088080936312182700e+01 1.384957019203927508e+01 1.627580303692809593e+01 8.232014544544876244e+00 4.602166174139540544e+00 1.340220557215716113e+01 1.617813263587542849e+01 1.657582930094521600e+01 9.637081650692216783e+00 2.978046690008159025e+00 1.319838250492060183e+01 4.688027952843423662e+00 6.793693339168069834e+00 7.107541357248625680e+00 1.233718818473719914e+01 1.415528719224222876e+01 9.802902838031554822e+00 1.465400939230105770e+01 4.833235632816085037e+00 1.242499426008978780e+01 1.090029803869447456e+01 1.633979710503253102e+01 2.504550269965810116e+01 3.097575117261050437e+01 2.142623995060960596e+01 3.097575164423481198e+01 3.368459736809863614e+01 2.376548093345637369e+01 2.795779287074061514e+01 2.135664849431483603e+01 2.633757179525188619e+01 3.625770094511028674e+01 3.938182103491519115e+01
