output/example/elevation_average_000061.asc
nrows	75
cellsize	133.333333333
xllcorner	0
ncols	75
yllcorner	0
NODATA_value	-9999
[rows 17 to 33 of 75, columns 0 to 36 of 75]
6.278147767783714972e-01 9.893460973899141209e+01 1.611586824753564144e+02 1.309267765382646473e+02 2.222693423227948415e+02 2.259258347801126376e+02 2.024867750952337531e+02 1.289899034117565009e+02 1.688570446669183696e+02 1.238587490721410660e+02 3.571451206342050710e+01 1.336290917209755946e+02 1.410085395215571396e+02 1.180046847843976110e+02 1.471439560901922903e+02 5.383529170830256305e+01 1.501235331021744344e+02 1.025269120042218418e+02 1.984292815765914781e+02 2.122274151882176056e+02 1.729598964332303410e+02 8.939538994147498840e+01 1.865250123327095935e+02 2.387593567076611691e+02 2.924027121457550038e+02 2.986580195747973789e+02 2.386693657652796219e+02 2.290261746625048147e+02 1.702054803302992809e+02 2.358353217904992221e+02 3.304868850058043677e+02 3.511820302361365407e+02 3.144648233308021190e+02 2.569354367540382214e+02 1.619734667822033032e+02 1.974913030691594997e+02 2.917899367258844450e+02
9.333890302168857955e-01 3.175634739559431807e+01 6.402117848746839002e+01 1.613082212652600163e+02 2.007640045577416288e+02 1.386559937611983457e+02 1.611217891815183805e+02 7.024243000709093110e+01 1.247553235151479925e+02 3.128804234191206746e+01 1.289846682584081350e+02 8.834372415590905803e+01 1.821518276867868451e+02 2.135903605045254210e+02 1.786339991044424949e+02 8.242997278857794186e+01 1.742722880762866566e+02 1.983747304003304066e+02 1.554799942168249629e+02 2.512193812587329376e+02 2.257810292135841337e+02 1.585981967565363959e+02 1.053817462176987618e+02 2.021997539170202742e+02 1.978890833858853000e+02 2.927642601675086098e+02 3.245883062622595503e+02 3.047480341492972684e+02 2.660325119684828792e+02 2.212098410554950476e+02 2.728049445350928295e+02 3.597022757441968679e+02 3.484362647073155586e+02 2.588366018386862493e+02 1.881343486184426013e+02 2.780717447897463330e+02 2.725209499847166512e+02
9.343791665630089005e-01 9.929513648575247942e+01 1.611497066688684470e+02 2.002489833506749903e+02 1.535007994598894641e+02 6.799818625124405003e+01 1.171288096713959419e+02 2.363187217630432713e+01 2.680523058054201613e+01 1.248317315676529091e+02 1.688878633345351261e+02 1.853446861880668166e+02 1.588403061368472606e+02 2.542395275987760215e+02 2.189143096112156002e+02 1.337778424817386451e+02 1.460163410311366761e+02 2.390302516931176058e+02 2.248657695341985061e+02 2.342613683895857264e+02 2.932836279526067642e+02 2.413493305625271717e+02 1.742800191144195594e+02 1.219626928454768517e+02 2.170297920300868100e+02 2.280279177035280895e+02 3.225808192851596345e+02 3.511558969273000343e+02 3.487262066706892938e+02 3.161000254844486221e+02 3.537895894504246712e+02 4.047822094372499464e+02 3.598173914409800318e+02 2.724161927963144194e+02 2.276285570339057074e+02 3.124940580127532712e+02 3.612722534496525668e+02
4.696025931229614869e-01 7.104250017470965872e+01 1.679088236800809000e+02 1.501907326989017974e+02 1.105775305184061637e+02 1.583238566792522839e+01 1.910097709401880905e+01 1.172393415959476215e+02 1.247474893579502293e+02 8.826962459261466165e+01 1.554272109577826200e+02 2.497796341348103226e+02 2.543852480658832462e+02 2.934615408688454181e+02 2.675115429846885604e+02 2.054350554298619045e+02 2.164845697441670325e+02 2.810803800205598577e+02 3.189290579441013165e+02 3.288848573756513929e+02 3.671579455021322360e+02 3.085924631000614795e+02 2.575116945270364681e+02 1.919403538612670559e+02 1.396058623168558199e+02 2.358117101931917432e+02 2.660562888613624750e+02 2.573590323842088878e+02 3.000389474819953080e+02 3.618237097854470790e+02 4.015314903994400879e+02 4.576051627954375931e+02 3.974024916669666254e+02 3.338403119097815193e+02 2.664471290585584597e+02 3.455696519064103427e+02 3.953305442261396365e+02
4.671211237371231118e-01 9.776544017634321904e+01 1.044869830578329299e+02 1.070387249853787495e+02 1.238096066060107958e+01 1.105920628575607623e+02 2.088871523799712904e+01 1.189984933757250900e+02 1.635674145297517157e+02 1.852499678737972602e+02 2.244824548581831891e+02 2.426320213171027831e+02 2.685112322107983687e+02 2.697496228766503918e+02 3.063359902107079051e+02 2.904729017615769635e+02 3.086135447692320213e+02 3.161460629035649958e+02 2.775925254607937518e+02 2.902354173298901969e+02 3.286200279146948446e+02 3.599071162575721701e+02 3.251277282270111755e+02 2.746694078817583318e+02 2.101803983324025751e+02 1.583843386122270829e+02 1.728409693392874260e+02 1.877979799300555044e+02 2.830580262815684023e+02 2.697339213677009297e+02 3.271552995019858372e+02 4.106938641341799894e+02 3.999819635506004829e+02 3.388790460583760478e+02 2.879613559257568909e+02 3.665903851077953846e+02 4.281350961115204541e+02
3.248811761027110556e-01 9.869442072313290737e+01 6.365863059524333067e+00 8.864491171801432756e+00 1.070827433268704283e+02 1.503167764899836243e+02 1.189899129761155194e+02 2.587260427555326814e+01 1.238310065086656806e+02 1.684121552933025328e+02 2.127092121065833510e+02 1.480395087277278208e+02 1.729495151379535116e+02 1.745077642563263964e+02 2.561353151018934113e+02 3.091891766765889997e+02 2.878975451794798914e+02 2.613484269290416933e+02 1.820271787694611021e+02 1.948947863107586613e+02 2.896969751128192456e+02 2.658756751079965284e+02 3.323574162655142459e+02 3.406819349694139305e+02 2.893778446778294438e+02 1.961833067908569319e+02 2.683219172808619533e+02 2.830277748804507496e+02 2.108918270341252423e+02 3.057139752449112393e+02 3.268868455773491632e+02 4.187714076344586260e+02 3.979101110462501083e+02 3.814005803856685475e+02 3.039196220266939008e+02 3.832994732512260612e+02 4.233870024629866293e+02
1.190754202154438168e-01 2.749502716593361651e+00 1.000084188131230007e+02 1.070124478882988655e+02 5.545620653837178793e+01 1.525505270424431217e+02 1.632866643574374450e+02 1.239132812269661201e+02 3.080665081174725017e+01 1.283012701554298758e+02 1.368613870955428524e+02 7.635869537672648732e+01 1.108027228841494747e+02 1.789140844638970123e+02 2.743503438234857299e+02 2.657998762416334557e+02 1.966452316468210597e+02 2.217549425186748238e+02 1.258253922314232938e+02 2.142218764559903548e+02 2.402332086522267787e+02 1.987843962878008597e+02 2.639206758866554310e+02 3.553762646273159476e+02 3.286790574320946234e+02 2.528480729664869671e+02 3.298959086105621168e+02 3.440401739186579562e+02 2.989819804689284979e+02 2.389586357993107981e+02 3.332162221699595648e+02 3.925320003843472136e+02 3.891089965090386045e+02 3.739250562188342997e+02 3.684561044848579741e+02 4.061519446887376716e+02 4.302862067186336503e+02
3.133428407152799577e-01 9.868416413792111541e+01 1.408657061984711447e+02 1.916802747102204023e+02 1.262795952808160962e+02 1.240179736664810122e+02 2.202049143754680074e+02 1.683301113530833959e+02 1.245818845138383182e+02 3.570104893201362728e+01 3.916485731094243761e+01 1.370150169479699684e+02 1.814887788711531300e+02 2.234843720993382021e+02 2.225966082891537496e+02 2.219393113762286873e+02 1.327241074380600026e+02 1.655167270298198048e+02 9.457208081341033790e+01 1.186947123732384455e+02 1.443910860636613052e+02 1.928151965562176713e+02 2.603543346073521434e+02 3.525063824595210917e+02 3.811203372894381687e+02 3.465769705766972493e+02 3.406711993198360346e+02 3.734886171016920002e+02 3.712812451648449041e+02 3.332075914970698136e+02 2.729157197946939846e+02 2.996810421952985166e+02 3.577374847772085218e+02 4.411193812089578046e+02 4.155292341975449517e+02 4.579694569686296290e+02 4.794352594503171758e+02
9.928176626908779001e-01 4.505282092921008541e+01 1.144242552652149101e+02 2.108855577742679372e+02 2.220405703155779236e+02 2.203498975014235839e+02 2.581018212536993133e+02 2.079575143474725962e+02 1.163658408957773958e+02 8.193776658339876917e+01 1.369551489253833552e+02 4.414447941540768028e+01 1.419413047328708615e+02 1.312023548126376795e+02 1.263140322767744124e+02 1.451121267534697097e+02 1.605703510003772010e+02 6.804125885261106532e+01 1.655173897760204227e+02 2.096159253179080793e+02 2.403737741432717883e+02 2.794435300485702101e+02 3.266955259585818112e+02 3.118096680633681217e+02 3.295826548976106665e+02 2.908892198080092157e+02 2.460861297360900721e+02 3.211924362877272756e+02 3.753593104128593723e+02 3.705658521552588240e+02 3.614358287732565032e+02 3.705212484691840018e+02 4.278810004262458051e+02 4.868605505490936025e+02 4.414773802604843809e+02 3.909265219503905087e+02 4.198048542999279107e+02
8.098593596749129597e-01 9.916970681112721309e+01 1.416342193139009851e+02 2.365793819314818052e+02 2.440968263740216457e+02 2.539523381831781990e+02 2.925377880075565145e+02 2.424953496284846608e+02 2.052397840765831347e+02 1.353810970868024128e+02 1.814777869111904351e+02 1.366109780456779959e+02 4.909048667875642735e+01 5.259136475378952014e+01 5.608697534672621998e+01 5.958792773211109761e+01 6.308497784033906441e+01 1.606140040493325216e+02 7.323950236603778308e+01 1.706425601272255790e+02 2.150758584434793192e+02 2.825996046506993480e+02 2.819843243182832566e+02 2.188050763348381622e+02 2.738187556655328194e+02 1.961140622852037723e+02 1.872953553989848388e+02 2.425060843518760691e+02 3.365795841226444054e+02 3.094246864774024175e+02 3.539965386510444318e+02 3.674737151857876256e+02 3.824403939678571192e+02 4.363132564052119733e+02 4.184891758329439426e+02 3.550145377067968866e+02 3.633772433511400095e+02
5.647759371839101705e-01 7.045997392544818183e+01 1.676617986607150499e+02 2.150926231600042229e+02 1.487081206609069000e+02 1.582502712555317430e+02 2.353343231689175639e+02 2.639922475631110501e+02 2.545390555402273947e+02 2.028442379046304040e+02 2.136058518185235187e+02 1.230175915162377009e+02 1.061393974193845366e+02 1.217309142741531218e+02 1.015375046805078370e+02 1.570456572413629317e+02 9.077933479222625124e+01 1.851172963807291865e+02 1.706333361411867884e+02 7.838541380771476952e+01 1.475560996295652672e+02 2.174842840162723689e+02 2.332462104272721888e+02 1.483388649038427900e+02 1.980096673374944203e+02 1.385207226242297907e+02 2.349069732153760697e+02 2.794847242929825484e+02 2.817998447166620508e+02 2.325467328408343235e+02 3.101869202713887717e+02 3.139311068332830246e+02 3.692316130354856796e+02 3.768751386823834082e+02 3.889548681035836353e+02 3.184587049138054908e+02 3.257594992073323397e+02
7.582905442777093663e-01 9.911793522837413661e+01 1.175153709060580667e+02 1.271136077402612443e+02 7.893855153795774982e+01 1.753804465218556743e+02 1.395381010932489403e+02 2.101623806326616091e+02 3.041853686430895891e+02 2.940379180580249567e+02 2.513189855239540407e+02 1.836964288339511313e+02 1.756525161613097907e+02 2.182225435558134734e+02 1.579037766381837571e+02 2.127923235565981201e+02 1.262293665647663374e+02 2.130287547436860507e+02 2.150272370769217218e+02 1.715717331578717619e+02 8.351301355561408002e+01 1.797021549706904580e+02 1.893634099231325649e+02 9.761941245553244073e+01 1.013294893571428332e+02 1.983354227723539793e+02 2.071256850551906155e+02 1.848134687099318398e+02 1.863197758581987387e+02 1.756136510467182461e+02 2.633408003358435963e+02 2.543709685031817287e+02 3.424967848941442981e+02 3.219941799092133579e+02 3.477584612389580911e+02 2.704310513168458669e+02 2.794911145188987120e+02
3.106133300308140388e-01 9.965667803343722042e+00 1.961602154684841182e+01 2.935656602508742097e+01 1.272074368433543015e+02 8.894790594393890615e+01 1.857718631040278865e+02 2.354896329913085538e+02 3.298089518734709031e+02 3.439011856377325671e+02 2.823160527769088617e+02 2.375824824391763741e+02 2.275074081663608467e+02 2.588368022272139228e+02 2.080904313173209630e+02 2.424061706423044598e+02 1.645946090420614496e+02 2.463665635130348619e+02 2.446763469947464102e+02 1.531317201837273672e+02 1.780355237212026225e+02 8.863100228618483811e+01 9.230714692334736071e+01 1.894460648421501503e+02 1.982278822981075734e+02 1.066476803239154094e+02 1.103761329996781626e+02 1.140341094130600368e+02 1.176490136333398908e+02 2.142689334025755841e+02 1.762594940055139148e+02 2.643017687429340299e+02 3.026673863185015989e+02 2.569220311616653021e+02 2.749145380987399676e+02 2.273500006577021679e+02 3.225878750598408260e+02
9.522306102595711197e-01 9.931324013146100071e+01 1.175605253855551240e+02 1.270962349678155192e+02 4.403887185954027927e+01 1.416346166169774961e+02 1.561587763738343710e+02 2.510504640068189701e+02 2.648271037155269028e+02 2.501523199057982936e+02 2.500147288704929167e+02 2.463999532325381381e+02 2.575791976495976883e+02 2.377362475596999332e+02 2.628569374083606931e+02 2.486208966841518588e+02 1.804882045180129921e+02 2.651285229884603609e+02 2.801663962907246628e+02 2.155591385490386074e+02 2.047851716540051257e+02 1.129427278898022422e+02 1.893539014085537531e+02 1.158045095649506067e+02 2.125815361528329390e+02 2.035822389767802179e+02 1.659273557276812880e+02 2.107774536057808632e+02 2.143551283489338175e+02 1.227486401866449626e+02 2.194642127767091608e+02 2.619444944968289519e+02 2.076186643009659463e+02 2.020212791729871640e+02 1.915228912005791528e+02 2.862216968555561039e+02 3.470913991242805423e+02
5.499842727366835993e-01 9.890576785959953554e+01 1.861758533624437462e+02 1.807188451892974967e+02 1.416303868818663148e+02 5.973980538361714565e+01 1.570653592015296169e+02 1.850352660407814085e+02 1.697519019477641393e+02 2.103295606291395359e+02 1.545707731216588172e+02 2.321747829350458971e+02 3.068854224047175876e+02 3.304468175497266884e+02 2.801162395599828301e+02 2.219337529573223833e+02 1.868982738009976572e+02 2.801107507565385504e+02 3.144746816889174283e+02 2.945791197767539416e+02 2.317398230177117853e+02 1.421785499826068246e+02 2.227505784257740231e+02 2.125710349805932822e+02 1.405946286948739044e+02 2.370029997932905701e+02 2.618290887566211609e+02 2.995744060808196991e+02 2.585109644770126351e+02 2.180507399467022367e+02 1.278547385307212068e+02 2.244898547571314964e+02 1.381489955176352282e+02 1.590441104457497943e+02 2.379977086936557384e+02 3.074233153287068490e+02 3.080523010969439497e+02
1.082394608984237339e-01 4.917893980618645600e+01 1.177673424285290764e+02 2.134308113942564091e+02 1.960181426050644404e+02 1.570583257305690097e+02 7.597698546842458711e+01 8.831812715108144118e+01 1.009377704225739194e+02 1.140930555554428452e+02 2.103995110371275246e+02 2.319350345654545436e+02 3.262105996535530039e+02 3.601218491148235898e+02 3.361110250041962217e+02 2.970155241693205426e+02 2.469203247419808349e+02 2.872309995456905654e+02 3.227201072227093164e+02 2.633851063396430732e+02 2.198110763303343163e+02 1.796372846920343136e+02 2.615572967443295624e+02 1.969213419881511982e+02 2.369984185771834291e+02 1.699363499176138248e+02 2.360979603953126968e+02 3.304312489228212826e+02 2.926032864812354433e+02 1.980232547478670710e+02 2.228904955984893945e+02 1.329488356067090535e+02 2.295021428440386728e+02 1.434237698028467776e+02 2.398228477243219459e+02 2.488597942654210726e+02 2.131517237537163396e+02
1.058428616300536307e-01 9.847483860650508802e+01 1.623060246480820581e+02 2.022601533278363775e+02 2.506192779400049631e+02 2.048926190920666386e+02 1.093071594036965166e+02 1.846576975447538018e+02 1.691389062356978741e+02 2.103266950862558531e+02 1.378822680978913695e+02 2.338020398228445629e+02 2.822006274714800043e+02 2.862439633427425179e+02 3.454803355393422066e+02 3.544200596859519692e+02 3.147117933818528854e+02 3.491128625735609035e+02 3.341109373050282443e+02 3.131941376432918673e+02 2.796370592209196388e+02 2.045800453902379843e+02 2.901828394463083782e+02 2.444205747152428216e+02 3.046303127324260913e+02 2.550246375220956736e+02 2.071436119803273641e+02 3.003856251813724043e+02 3.318180238206869035e+02 2.906085692774989298e+02 2.419041944414763066e+02 1.498535396034301641e+02 2.452456603473916061e+02 2.398196126084596074e+02 1.486987635721233971e+02 1.526484335603196314e+02 1.566072642042585983e+02
