output/example/elevation_000231.asc
nrows	75
cellsize	13.33333333
xllcorner	0
ncols	75
yllcorner	0
NODATA_value	-9999
[rows 51 to 67 of 75, columns 0 to 36 of 75]
1.369999999999999864e-02 1.001369999999996274e+01 1.171349947142108938e+01 2.171348331463734027e+01 2.717105783485824588e+01 2.276219479299624382e+01 1.475607458197311495e+01 2.418428645593915505e+01 2.628151578656293097e+01 1.715409689642941160e+01 1.082965726446360044e+01 7.129312073954189977e+00 1.456187199401327526e+01 1.983320283102345627e+01 2.128588726987198143e+01 1.614095962873798840e+01 5.296621913185084907e+00 1.403715179176704630e+01 1.842292463014143422e+01 1.304228221294018653e+01 1.379684284277031203e+01 1.218360514386738380e+01 1.019923646054970234e+01 1.192516807295734971e+01 1.187395363132693404e+01 1.192363411060259004e+01 1.859710873770482609e+00 1.859710873770482609e+00 1.859710873770482609e+00 1.859710873770482609e+00 1.859710873770482609e+00 1.859710873770482609e+00 1.859710873770482609e+00 1.859710873770482609e+00 1.859710873770482609e+00 1.859710873770482609e+00 1.859710873770482609e+00
1.290000000000000001e-02 7.083967811850502727e+00 1.708396766114602983e+01 2.585538698820381143e+01 2.655088300898539444e+01 2.939695134386885300e+01 2.577487989535964985e+01 3.032933646513973969e+01 2.615094831251442287e+01 1.714477545097788536e+01 1.935752552265805093e+01 9.910484710936961150e+00 1.957938171785663428e+01 2.464003711318746426e+01 1.376105334075780995e+01 7.351327232005463230e+00 1.614095962873798840e+01 2.050359625453220147e+01 2.307160558484889989e+01 2.018958313701909546e+01 2.380615968537010474e+01 2.236295238496988702e+01 2.048662284574964687e+01 1.736952423588687466e+01 1.297999708861603452e+01 2.898546457675013510e+00 7.518092586057686155e+00 1.190844515610382182e+01 8.963360506713721421e+00 1.192969411148915526e+01 1.859710873770482609e+00 1.859710873770482609e+00 1.859710873770482609e+00 1.859710873770482609e+00 1.859710873770482609e+00 1.859710873770482609e+00 1.859710873770482609e+00
1.329999999999999932e-02 1.001329999999996190e+01 1.875982048599216867e+01 2.111545009337113399e+01 1.681072228583137829e+01 2.465414641535797102e+01 2.617504349412319087e+01 3.027134193235584902e+01 3.020251990263534125e+01 2.615094831251442287e+01 1.941261396539424311e+01 1.339787951054572623e+01 2.289936688795229003e+01 2.880902001602947138e+01 1.950030912166527486e+01 8.931629049894826977e+00 1.950030912164518782e+01 2.927484750721288975e+01 3.288876052928086580e+01 3.002944785959505225e+01 2.636196670727951030e+01 2.152600675021498589e+01 1.357308831010365502e+01 1.292764169703362676e+01 3.876406564039882596e+00 1.298034419313654197e+01 1.562566849560449000e+01 1.662001508788824466e+01 1.902834212461524288e+01 1.391787022840174615e+01 3.760114581387310917e+00 1.192969437824239520e+01 1.192969451157713578e+01 1.192969298368776521e+01 4.582027941391323189e+00 1.192969542885916212e+01 6.317957517568769887e+00
1.369999999999999864e-02 1.001369999999996274e+01 9.204997184966190460e+00 5.870666076213893803e+00 1.133230099369621158e+01 1.818963473458432745e+01 1.633530720386968227e+01 2.460966838399794554e+01 3.385989813981430530e+01 3.294914019564548369e+01 2.723148475355418796e+01 1.819979211769280170e+01 2.735153931412127548e+01 2.815218095504429030e+01 1.831327163855164031e+01 1.077286118956724792e+01 1.516860907767863509e+01 2.111581464340838465e+01 3.088898474595790589e+01 2.894800261570298616e+01 2.004588437502015452e+01 1.329459066958009572e+01 1.404488023060732615e+01 5.012857056328652305e+00 5.848432699796074274e+00 1.567910838183551192e+01 2.385042738186561095e+01 2.452238365167985634e+01 2.315256724284829204e+01 1.305976417188177763e+01 5.768755690953992321e+00 1.600204439865502337e+01 1.929019139959676821e+01 9.137333782559142747e+00 1.474969851860716297e+01 1.888568841913471985e+01 1.226963085479226301e+01
1.319999999999999993e-02 1.427408772931287428e+00 2.855930770233096272e+00 4.439729532497550757e+00 6.099811634758789403e+00 8.256662514404679243e+00 1.073978015672267183e+01 2.053139238569741920e+01 2.428477023653233857e+01 3.163867777194572284e+01 3.314494803245480625e+01 2.876497620408524369e+01 3.210597988998369345e+01 2.484592834258963734e+01 1.481795841793336699e+01 1.349285766605267156e+01 2.368431293548188421e+01 2.927486716080985829e+01 3.490378075473096686e+01 2.993692695559414219e+01 2.034777313972299595e+01 1.636959294340254445e+01 6.210650055716844697e+00 1.530278470762648091e+01 8.307137176237313625e+00 1.129054813029031656e+01 1.882803895561240637e+01 3.000848968966762342e+01 2.407174272677202254e+01 1.411301206611745762e+01 8.253874623145526002e+00 1.838202556099635387e+01 2.284306204918740590e+01 1.279402014782854557e+01 2.284306204044144906e+01 2.638343100737408875e+01 2.245314328206222498e+01
1.349999999999999985e-02 1.001349999999996321e+01 1.284065256475868644e+01 1.304802770953616253e+01 1.036926874883826599e+01 1.029077332351538487e+01 2.000537524332174044e+01 1.459044683578181889e+01 1.783061853505734362e+01 2.469089829101005407e+01 3.428664791135328471e+01 3.533075079104944649e+01 2.594863187875550992e+01 1.910232616096399383e+01 2.484592834229690794e+01 1.634266097792785999e+01 2.341403528822419489e+01 3.306153825993295925e+01 3.488426444590447772e+01 3.004238664021336902e+01 2.046940726089473728e+01 1.038116900319057123e+01 7.090252111872679563e+00 1.723391792613283968e+01 1.087005763643696987e+01 1.999639669454746382e+01 2.086171377070724375e+01 3.096980108944211096e+01 2.816971830064773741e+01 2.096063516336296573e+01 1.092891648473304045e+01 2.096063516336296573e+01 2.692937254013612502e+01 1.866189050440218367e+01 2.692937252242791857e+01 2.644489229709594724e+01 2.230468093370701510e+01
1.369999999999999864e-02 1.001369999999996274e+01 1.915576990458834672e+01 2.211491487378188125e+01 1.654616923846608501e+01 2.001508621777560748e+01 1.514078441211067094e+01 2.434301626132499052e+01 2.759205308767466036e+01 2.472043220306954936e+01 3.452475917328217037e+01 3.422645253220670014e+01 2.472880953265542558e+01 2.472880953265519111e+01 2.929954960750991688e+01 1.962352982282394365e+01 2.623972348709355629e+01 3.589001743073859529e+01 3.081241126870118663e+01 2.118919087025063774e+01 1.627054525759511705e+01 1.813330321303125459e+01 8.012096205771634061e+00 1.809142093912583249e+01 2.021684315114145747e+01 1.467077930877765723e+01 2.351247359598060882e+01 3.121857233152193700e+01 3.077899541334550904e+01 2.075814902035411791e+01 1.417232856624587178e+01 2.389107642151738631e+01 3.263269649102666392e+01 2.855462831252103229e+01 2.937667644686705160e+01 1.948461468898734950e+01 1.241745468804274033e+01
1.379999999999999977e-02 5.013800000002085255e+00 1.208486782245983449e+01 2.208486998256395495e+01 2.756591520033336806e+01 2.895081310537610619e+01 2.487847863219900901e+01 2.126070333096041409e+01 2.820645140809405405e+01 3.452475917328217037e+01 3.860846065472529887e+01 3.819643333681500508e+01 3.020762581015173609e+01 3.143845779856461675e+01 3.330164673470135739e+01 2.449175698662468648e+01 2.753253159080033186e+01 3.716187814851822679e+01 3.488426444590447772e+01 2.824425015799488392e+01 1.926598609251512428e+01 1.359321092887037707e+01 8.943619143961116791e+00 1.904337203656215394e+01 2.719945442566579175e+01 2.351140027443993219e+01 1.873303217489820227e+01 2.494716164206785791e+01 3.373343224327289391e+01 2.728950520813253888e+01 1.765247402060045090e+01 2.728950519676876141e+01 3.667049294109693847e+01 3.284093637926729059e+01 3.114156313828691225e+01 2.212708796990028759e+01 1.702688627150128653e+01
1.309999999999999880e-02 1.001309999999996236e+01 1.566519355738195429e+01 1.843869577720523623e+01 2.145381961891585831e+01 2.478718284461822208e+01 2.892993910616420550e+01 3.110379897917644243e+01 3.517225485136027885e+01 4.213809998769747978e+01 4.475882137862552668e+01 4.370790125776727564e+01 3.971627219145414500e+01 4.095726685562903668e+01 3.811993541933917129e+01 3.128215537289176140e+01 3.716187814851822679e+01 3.898657508865286303e+01 3.516188752895539693e+01 3.224336353404385846e+01 2.685923840649055450e+01 1.998074095409996787e+01 9.905475958329633457e+00 1.919616541113603247e+01 2.612955882290778931e+01 3.121268676483948568e+01 2.740237084854925698e+01 2.476528253384307376e+01 3.374498914331621791e+01 3.141348354895591299e+01 2.318753347658433128e+01 3.141386122280457371e+01 3.284093380675084006e+01 2.332741501305695664e+01 2.612216403918404239e+01 2.300015883285771068e+01 1.780311394557764970e+01
1.349999999999999985e-02 1.001349999999996321e+01 5.665183716701118755e+00 8.438684697827303793e+00 1.145379814360518722e+01 1.478713147694133490e+01 1.978713148404881750e+01 2.685820339072732210e+01 3.685854068450570509e+01 4.176340894280983207e+01 3.465110154310575297e+01 3.629735378295572445e+01 4.045594642770816307e+01 3.732867829630461642e+01 4.148168695849081189e+01 4.092794665152917588e+01 4.164259356440549453e+01 3.247749119531881234e+01 2.595981545810665025e+01 2.934198614141786621e+01 2.591445381221545929e+01 2.123229437454657287e+01 1.136418905259848877e+01 1.181547459284658252e+01 2.313097639273108896e+01 3.020614227030685228e+01 3.420839502601412363e+01 3.375741920298484189e+01 3.763537347659720922e+01 3.696053493694136449e+01 3.280612329783257053e+01 3.287650072167876658e+01 2.613430886186893431e+01 2.192961862492315817e+01 1.633916573886850543e+01 1.914755882019293765e+01 9.187431259962993479e+00
1.369999999999999864e-02 2.013699999999998713e+00 5.347033333333325977e+00 1.112053601417994031e+01 1.819160149683165884e+01 2.478708698084320616e+01 2.892947296870293528e+01 3.393030663428461224e+01 3.697946999287862013e+01 3.280320150027728232e+01 2.741146321585620171e+01 2.608112198601141074e+01 3.458744892366730284e+01 2.712320765091160624e+01 3.561986236318657717e+01 4.148168701871035324e+01 4.205024627163960815e+01 3.682839617661559117e+01 2.934198614157453378e+01 2.012300674340554352e+01 1.673950014330388569e+01 1.351218250931546550e+01 2.121015237817679022e+01 1.321353381602767385e+01 2.292909259167284119e+01 2.076929277749842484e+01 2.872192377599982294e+01 3.505530274595235340e+01 3.908403061160917957e+01 3.994816900127604242e+01 3.597039512820211371e+01 2.836143722002790568e+01 1.781211053941574818e+01 1.184947090073455911e+01 2.048847627551092998e+01 1.044661244907135433e+01 1.270900077252322902e+01
1.290000000000000001e-02 1.001289999999996283e+01 1.534702084268271705e+01 1.241810100277533380e+01 2.241804600013637128e+01 3.232811428835152157e+01 3.136431759095551541e+01 3.238535594385150063e+01 3.280320151463265432e+01 2.258938912133022470e+01 2.558094549150641583e+01 2.017835207394636399e+01 2.632541611128433345e+01 2.121428515499460232e+01 2.712320765091160624e+01 3.732867829649187286e+01 3.829770919989169187e+01 2.925937802552687472e+01 2.396790845975506201e+01 1.984993615792008015e+01 1.592460575211419638e+01 2.306440356529850533e+01 2.649833707786166315e+01 2.289804705343183144e+01 1.523401713829554893e+01 1.523401713829554893e+01 2.475777100121971230e+01 2.551416240766746668e+01 3.505530367336362474e+01 3.597412374025898174e+01 2.644643302789910067e+01 2.908775582401760929e+01 2.595862237140184803e+01 2.184947787790273210e+01 1.184947090073455911e+01 2.048841991470424873e+01 2.269949871765374994e+01
1.359999999999999924e-02 7.084667811865485554e+00 1.708466781186555394e+01 2.241805171084238069e+01 2.655936296371361038e+01 2.847957376877106483e+01 2.171451187988889231e+01 2.277784061973898488e+01 3.238535594366071280e+01 2.558094548969242865e+01 1.551183481804051745e+01 2.202097724632128362e+01 1.623061228778528431e+01 2.632541611353800448e+01 3.505820337166031209e+01 3.923697975879949240e+01 3.987176723068387219e+01 3.447413482532159179e+01 2.779928756906298659e+01 1.854614875577071231e+01 2.543819977083736461e+01 2.938062210189247736e+01 3.019304308451854624e+01 2.077048887107648056e+01 1.523401713829554893e+01 1.523401713829554893e+01 1.891382625553430330e+01 2.551416273360939613e+01 3.505544324795953770e+01 3.596794182479445823e+01 2.644601479287619838e+01 1.963602349150136206e+01 2.340083410082914739e+01 1.345111436263796634e+01 2.188608112668543271e+01 1.734488656654086469e+01 2.710147968066642932e+01
1.379999999999999977e-02 7.084867811865485088e+00 1.708486781186555348e+01 2.384940770541952304e+01 2.242638231315987341e+01 1.962317904810209868e+01 1.372884725143280527e+01 2.331285247520723303e+01 2.295102595702185511e+01 2.366403107398098626e+01 1.949608992441954314e+01 1.224213071414868104e+01 2.202097729419459782e+01 2.747945378833702179e+01 2.445606449306619723e+01 3.505820337166032630e+01 3.597878627278409880e+01 2.665032201843491322e+01 2.134801398068512768e+01 2.779928756906298659e+01 2.603766608664648885e+01 3.509978994650803230e+01 3.421626703244694312e+01 2.672151045234974731e+01 1.732874964349174718e+01 2.475777771177189379e+01 1.936342421222765253e+01 2.474060110023296488e+01 3.426912531151613450e+01 3.876095582000391460e+01 2.923491617378849483e+01 2.495087744353567771e+01 1.512941319807772089e+01 2.340083410073440362e+01 2.159400551093169085e+01 2.704933438485343444e+01 2.429104801155045834e+01
1.349999999999999985e-02 1.001349999999996321e+01 1.824193571106585310e+01 1.466211977090605956e+01 1.307968932908790727e+01 9.938540701549120726e+00 1.705017814927227349e+01 6.095403598548529978e+00 1.408564818992581102e+01 1.753984179680681876e+01 9.912517438875566356e+00 1.224213071414868104e+01 1.224213071414868104e+01 1.592431121279101447e+01 2.304576978035627377e+01 3.372976876578222516e+01 3.719095857836462216e+01 2.786001638040105277e+01 2.134801398068512768e+01 2.134801398068512768e+01 3.095950716139402914e+01 3.887590820747499976e+01 3.554297878216799944e+01 2.595735311158886560e+01 1.940364183897647976e+01 2.876496031837203304e+01 2.287173802492625185e+01 3.235044366677737315e+01 3.829558985502532664e+01 3.840136891496941729e+01 2.885258197220197474e+01 2.208535441926910892e+01 1.640596476000936832e+01 2.608801567990964188e+01 3.098418157526434769e+01 3.475668172656680355e+01 3.388673695209360659e+01
1.359999999999999924e-02 6.635576420895894501e+00 1.120480543445396826e+01 7.736813235898314822e+00 7.229151696384970904e+00 1.335019702881264614e+01 4.303211961588776724e+00 5.028850283723949488e+00 1.090373987806622047e+01 7.986644414365562383e+00 1.753984947364532232e+01 2.202097615942610176e+01 2.397636601267487677e+01 2.747945378833702179e+01 3.184652212578013675e+01 3.791814311467511800e+01 3.719105939755431933e+01 2.786001658237058365e+01 2.786001638040105277e+01 2.777183046031066027e+01 2.805990827247489250e+01 3.837985266813350904e+01 3.788696960409222214e+01 2.822239253028355321e+01 2.161872481082177089e+01 3.105316606350813657e+01 3.235044366677737315e+01 2.952809946232400762e+01 3.916418532285378262e+01 3.877419837108644884e+01 2.921718085160185296e+01 2.734239465161772742e+01 1.770563039804838468e+01 2.116727039585134662e+01 2.504001093984887660e+01 3.163764485441349805e+01 4.100757213531115042e+01
1.290000000000000001e-02 6.638445549041180893e-01 1.316172627957551189e+00 1.972704792255964179e+00 2.639371458919072655e+00 3.313572265130357408e+00 5.868979139161200287e+00 1.444740207300989177e+01 6.055927931905448425e+00 1.034673918484003252e+01 1.740482117792468841e+01 1.826394781295384107e+01 2.846757209894757068e+01 2.928603213395085447e+01 3.355839172501525525e+01 3.951028936945266423e+01 4.108963298826980548e+01 3.719105939744708422e+01 3.719095857836131103e+01 3.674652545467718312e+01 3.819505860216928284e+01 4.274291229307802098e+01 3.788731616905487698e+01 2.822239376025055790e+01 2.623887723431731445e+01 2.750533886866579536e+01 3.715812242019893574e+01 3.916418532285377552e+01 4.321017252161681199e+01 3.540777829140147759e+01 2.921716252181251505e+01 1.965762311356347425e+01 2.734239476003488889e+01 3.063962883281983451e+01 3.438176222546028526e+01 3.394816067281928440e+01 4.098017068069672320e+01
