output/example/elevation_000260.asc
nrows	75
cellsize	13.33333333
xllcorner	0
ncols	75
yllcorner	0
NODATA_value	-9999
[rows 51 to 67 of 75, columns 0 to 36 of 75]
1.369999999999999864e-02 1.001369999999996274e+01 1.024634547263200979e+01 1.731741329823339015e+01 2.731741878905661025e+01 3.425474086415356822e+01 3.186721273250932640e+01 2.516918181975431068e+01 1.577866221876896446e+01 9.432233222484432744e+00 1.471100100065364025e+01 8.719809966913546262e+00 1.786353065112388805e+01 2.156230334525128356e+01 1.134481267104582614e+01 5.113305065033387109e+00 1.134482195155471373e+01 2.156355647140093268e+01 2.634045913988939702e+01 1.806985767034474222e+01 2.046158234808468634e+01 1.021962170861567820e+01 3.040612987624588204e+00 1.211549686128170222e+01 1.443727272492910352e+01 1.465970383212403227e+01 4.337482050458486782e+00 1.442301935811200053e+01 9.121363707887784500e+00 4.935003610211786018e+00 8.950573786077459459e+00 1.755225868174487225e+00 3.043806436803071058e+00 1.084459574374577073e+01 2.125300054285665041e+00 2.125300054285665041e+00 2.125300055159083712e+00
1.290000000000000001e-02 9.993905501097374966e+00 1.852377372664960831e+01 2.438854230451957861e+01 2.997649830346737332e+01 3.414897834282219691e+01 2.798646078061189613e+01 1.851731902059588819e+01 1.383025043615685767e+01 1.852908173103239164e+01 1.161302958288718834e+01 1.786716093822646911e+01 2.239016140051351655e+01 2.167520292933500770e+01 1.133054425874246718e+01 6.054948314840134849e+00 1.266736362559787032e+01 2.303384112515777815e+01 3.204633012252389790e+01 2.807912991314495343e+01 2.264949794473014322e+01 1.399498849348657714e+01 3.745181768293210922e+00 8.303073078969408272e+00 1.844840895103501666e+01 2.215211318404370999e+01 1.714557743884694574e+01 1.121857662207934325e+01 9.274485561225144892e+00 9.255648888431565524e+00 1.402139334673867488e+01 1.221315985297775342e+01 2.047326940241558368e+00 2.047326940241558368e+00 2.047326940241558368e+00 1.098422579267097454e+01 1.142507552036361140e+01
1.329999999999999932e-02 4.485388208367973917e+00 1.155217636249937563e+01 2.154231639081856287e+01 1.993468922121079956e+01 2.834602889984445895e+01 3.192960740124334507e+01 2.714398045111361313e+01 2.048579309978361707e+01 2.476541200460207293e+01 2.090449864825449566e+01 1.503995830900480435e+01 2.445812077872548684e+01 2.595592587849081667e+01 1.721387139147048373e+01 7.179935077509625785e+00 1.144183690667014908e+01 1.882139079969224227e+01 2.927722585464468352e+01 2.552828678904432635e+01 1.565978323731583544e+01 8.403041148709375463e+00 4.484610571545584179e+00 1.265213991331996013e+01 1.644264741089658344e+01 2.592823001367618474e+01 2.127593384547641975e+01 2.044320068460467965e+01 1.312300504048714345e+01 1.410428646298032618e+01 1.786501918296600167e+01 1.248841010890891390e+01 2.815195206651395665e+00 1.216475626815671873e+01 1.228536065368511565e+01 5.519197670141158696e+00 1.430694044231165840e+01
1.369999999999999864e-02 1.001369993348586540e+01 1.851409352506446382e+01 2.384246689036675448e+01 1.415578297493135551e+01 2.377135952288723786e+01 2.962813565827029549e+01 3.083729681363649178e+01 2.988635939653909901e+01 3.198379753356931943e+01 2.276676135464756001e+01 1.820140972946688152e+01 2.758631462549155700e+01 2.496553896038254194e+01 1.447255517200087738e+01 8.589250281530061315e+00 1.890887002654855209e+01 2.188154726822205731e+01 3.227128868503623238e+01 2.660316886258975444e+01 1.673952930493472024e+01 1.563617827014467387e+01 5.277104855450327925e+00 1.443701236847243585e+01 2.514689181378020777e+01 2.991375516105854260e+01 3.112447086985461198e+01 2.679945503092269732e+01 2.285881624905162823e+01 2.180705351682469484e+01 1.541267760276703669e+01 4.699819815730864825e+00 1.254297793863359978e+01 1.696496237150757125e+01 1.805028089925370338e+01 8.262748633323276692e+00 1.792521867126955826e+01
1.319999999999999993e-02 9.998655906112702496e+00 1.308165807716883755e+01 1.468307126033860932e+01 9.682938074383098837e+00 1.574798859233748871e+01 2.092115571301608412e+01 2.090712873702909391e+01 2.996150472541270915e+01 3.583729798985702786e+01 3.112287632677497839e+01 2.185398980814914438e+01 3.112287831418558426e+01 2.918954453495875612e+01 2.076033952243105674e+01 1.028304636904240432e+01 1.630662228339526010e+01 2.368618570045636673e+01 3.382252161448680994e+01 3.071939334890456763e+01 2.365558366992348382e+01 1.351673174757607576e+01 6.108108391850055163e+00 1.351649012412913997e+01 2.364254015928353780e+01 2.875162009079514291e+01 3.464164677857844765e+01 3.112614125628715911e+01 2.614716269129607440e+01 1.864942885396355621e+01 7.615327009479678999e+00 1.469942864243743585e+01 1.985273078910062949e+01 2.237407316532074475e+01 1.303018612977015778e+01 1.805318564392847236e+01 2.204405111817933260e+01
1.349999999999999985e-02 1.538485703326047727e+00 3.081519202946968239e+00 4.682800740997842048e+00 6.643962092343212333e+00 8.685203543656770719e+00 1.092127150492997067e+01 1.592111815020535381e+01 2.298547797920701896e+01 3.294721633524711280e+01 3.501158947820691481e+01 2.846969159122463111e+01 3.501158947820691481e+01 3.019498409581137111e+01 1.973041419972000909e+01 1.224619278784598997e+01 1.838495187095962891e+01 2.912353381368933114e+01 3.389150141571870734e+01 2.891387063964714699e+01 2.478699711155943675e+01 1.734751246003954250e+01 6.975087869603859403e+00 1.734433516739758119e+01 1.437847921222764036e+01 2.021416997538712934e+01 3.050265114660864896e+01 2.728603918293732278e+01 1.698031575360251111e+01 1.139900745966697038e+01 1.401973955758248280e+01 2.307352938780064378e+01 2.896762974878044616e+01 1.981857347044078921e+01 1.907565559637594532e+01 2.636801142563734501e+01 2.884101578593496740e+01
1.369999999999999864e-02 1.001369999996045124e+01 1.308167749656618817e+01 1.045630709823745796e+01 1.664356656199071338e+01 1.868693913549735797e+01 2.092375277447468918e+01 1.518529823464318440e+01 2.518431972529468510e+01 3.432248552060162439e+01 3.932377939009577261e+01 3.758531937764227138e+01 3.482927485602779427e+01 2.446705442368025274e+01 1.697777397590867565e+01 1.542287219430145129e+01 2.597666504860664816e+01 3.347851076919566538e+01 2.976181906545791733e+01 1.981263551170647830e+01 1.477581244224977652e+01 1.128588150705686921e+01 7.869445386597250014e+00 1.050385385703641994e+01 2.040872621812285814e+01 1.976851095868172692e+01 3.006778929251937171e+01 3.112614125628759609e+01 2.556555073420290469e+01 1.477446119693296289e+01 2.497370204444902697e+01 2.931972041833122589e+01 3.312770829105708970e+01 2.903874590712150194e+01 2.793632942264341068e+01 3.124391148891221803e+01 2.836114631974851363e+01
1.379999999999999977e-02 5.787302691880426231e+00 1.578729902680431074e+01 2.045693159234506808e+01 2.460099226669577277e+01 2.462795729210036200e+01 2.877009294648663129e+01 2.518431972529468510e+01 2.018546223519675564e+01 2.518594006791653683e+01 3.518232293815135847e+01 3.942527185492348707e+01 2.916422808602047212e+01 2.311052284552074099e+01 2.750193021312561115e+01 2.019542452400280297e+01 2.293239749633314162e+01 3.332769622959152400e+01 3.389150141571870734e+01 2.891387063964714699e+01 2.478605616606459350e+01 1.919218909829667297e+01 8.879233670961221847e+00 1.915339573874471668e+01 2.463126983364433897e+01 3.006778929251937171e+01 2.710230846178295394e+01 3.722709333304067059e+01 2.962366198574748211e+01 1.852719530521291702e+01 2.962365890109240496e+01 3.781599489143641080e+01 3.305666543206820052e+01 2.907544686449344695e+01 3.115044642488837212e+01 2.380048833348730497e+01 1.522532144606600646e+01
1.309999999999999880e-02 1.001309999999996236e+01 1.992937381628356874e+01 2.363136493879300559e+01 2.462795729200877304e+01 1.462795715871148161e+01 2.462795729210037976e+01 3.193237048262411903e+01 3.018362634242894060e+01 3.432248552060162439e+01 3.932628302821505173e+01 4.354823530268049581e+01 3.767598894645915664e+01 3.350105547278080564e+01 3.482064542827392728e+01 2.629626406510499947e+01 3.332736419579300247e+01 3.750156990109137212e+01 3.659520091202953296e+01 3.246204515854549300e+01 2.592228999447801030e+01 1.958982180057387978e+01 9.915613138357786127e+00 2.015778484913067459e+01 2.610906502019492947e+01 3.315070033155076601e+01 3.722709333304067059e+01 4.131761518737213379e+01 3.418833800932274158e+01 2.416484832511858016e+01 3.406520128924852742e+01 3.378070543437449658e+01 2.415732550038411119e+01 1.905741544403009158e+01 2.115657655169119877e+01 1.890612617805704687e+01 7.714540762320811318e+00
1.349999999999999985e-02 1.001349999999996321e+01 1.456029712808728327e+01 1.363136493997508225e+01 1.885445446676483883e+01 1.462795715871148161e+01 1.779023481887990599e+01 2.356373751077619971e+01 3.356373751100800007e+01 4.141232161998713224e+01 3.729420847775091374e+01 3.729420847775091374e+01 3.836143849294769126e+01 3.945412280148399020e+01 4.066703934451363978e+01 3.657698016685047548e+01 3.830996962394210925e+01 3.420793215500499684e+01 3.088838584555376343e+01 2.251846381491720095e+01 2.221564286752982298e+01 1.212981263921342112e+01 2.015755660051210896e+01 1.188699958519192457e+01 1.906973303731039238e+01 2.800781192498863703e+01 3.212201011498184755e+01 3.618011586252792000e+01 3.975392661397826544e+01 3.549646722560234480e+01 3.980634962295054891e+01 3.781599383348676469e+01 3.305662731479181105e+01 2.408371288768162444e+01 1.376896023920436818e+01 2.020733910337651551e+01 1.813367418286698651e+01
1.369999999999999864e-02 1.001369999999996274e+01 4.560297128109636056e+00 6.560297128109633391e+00 8.854454466815244729e+00 1.201673212698361226e+01 2.201673212702501203e+01 3.193237048262411903e+01 3.770587320212548832e+01 3.729420847775091374e+01 2.739263095106013068e+01 2.739263095106013068e+01 2.845111671470067449e+01 2.953327287891400843e+01 3.945412280148399020e+01 4.127904937119600959e+01 3.127897950292879159e+01 2.425355854693649249e+01 2.095565496878046474e+01 2.434314498929626680e+01 1.436449683717261649e+01 2.221563277982629714e+01 2.609167451360262291e+01 2.198474874454989703e+01 1.389981823281006257e+01 2.388725879857986456e+01 2.231370252520365582e+01 2.920260835214131134e+01 3.870395552284384877e+01 3.940829988151664054e+01 3.537225494172444229e+01 3.360005845969254068e+01 2.658586584906308659e+01 2.111453884550503446e+01 1.068634677116529552e+01 9.793875267224267489e+00 8.909440751592589081e+00
1.290000000000000001e-02 1.838641858350552827e+00 1.183864185834362637e+01 1.233379982000586850e+01 1.885445446678513548e+01 2.201673212636326937e+01 2.615886777439247979e+01 3.207180502366090735e+01 3.625193662585880361e+01 3.414266267368806496e+01 3.002432831363276478e+01 2.025004830078507112e+01 2.143591478986773424e+01 2.730483445042009194e+01 3.723368707960145230e+01 4.237834211199391632e+01 3.237181067260850398e+01 3.420793215500499684e+01 2.665156859750294771e+01 1.672297113368543364e+01 2.434314498929626680e+01 2.845126584344556520e+01 2.961898592586859280e+01 1.969076121992262074e+01 2.388725879857986456e+01 1.605193083933971465e+01 2.597691767794393058e+01 3.243435800309520545e+01 3.819900933613460126e+01 3.537225494172444229e+01 2.546718580141945765e+01 2.795195023718826377e+01 1.951064521315423761e+01 1.204802039415955051e+01 2.111453573003905149e+01 2.021421250768617739e+01 1.161733461117064614e+01
1.359999999999999924e-02 1.001359999999996298e+01 1.598077747724175524e+01 2.233379981996031916e+01 2.647593542326200833e+01 2.916127778597991593e+01 2.499989864131440598e+01 2.207061910591363585e+01 3.207180502366090735e+01 3.002433847275628054e+01 1.997138794518363625e+01 1.636801610270772400e+01 1.730701916778243898e+01 2.730388852834249391e+01 3.307462045084431423e+01 3.722770671995942138e+01 4.237830945435582919e+01 3.571620029648551053e+01 2.576041130541389279e+01 1.875731106732981956e+01 2.447137516098932863e+01 3.441605393968261950e+01 3.373697728247493188e+01 2.541521563636031544e+01 3.009044624789759581e+01 2.597609168048943218e+01 1.840424712141597396e+01 2.411399628773000003e+01 3.405339090567636617e+01 2.941229925452859462e+01 2.529276871408458049e+01 1.827820029575199356e+01 1.349448247615493024e+01 1.818620025901547166e+01 2.658192166053442307e+01 2.587217261137370983e+01 1.564715544921687673e+01
1.379999999999999977e-02 5.787302691896265117e+00 1.285837050376176371e+01 2.285837050376182944e+01 2.949975078523429772e+01 2.499989864131440598e+01 1.524282388927437459e+01 2.499989864131440598e+01 2.546199488181729009e+01 2.965043408549675519e+01 2.291582856328670914e+01 1.278973063113727271e+01 1.982887269895843119e+01 2.555629669342338417e+01 2.307588258145132087e+01 3.307462045084431423e+01 3.903822715572081847e+01 3.804523525282881735e+01 2.809627004437296094e+01 2.108810336395790586e+01 3.101645500005013645e+01 3.854293236319173133e+01 3.947835490743010922e+01 3.536187259546040451e+01 3.712038897997743447e+01 2.717831785616203177e+01 2.018148998902238844e+01 3.008721192454724402e+01 3.108977934282193090e+01 2.107287922073758324e+01 1.503128964854313843e+01 1.503128964854313843e+01 2.385535624314842451e+01 2.794618404636406694e+01 2.830496447751610845e+01 2.997202608735792850e+01 2.086153535101427892e+01
1.349999999999999985e-02 9.869534448603127785e+00 1.913223121339043331e+01 2.391513847905470769e+01 1.903519902761704685e+01 2.174754039059403965e+01 1.206297772903375787e+01 1.761802899648156284e+01 1.536407310965791595e+01 1.955575839724757614e+01 1.858419265535964016e+01 1.078266974102114695e+01 1.328474079798613339e+01 1.595707204428481241e+01 1.977114639272016205e+01 2.480622379536000466e+01 3.481690749202082458e+01 3.731133077796371111e+01 2.735355059153567225e+01 2.482542914868091799e+01 3.101658696102540347e+01 4.099555901669049263e+01 4.923962655787607190e+01 4.352260869439990643e+01 3.906399985116720330e+01 3.199782218274028978e+01 2.208036036092595467e+01 3.199853798935467353e+01 3.517661484509298475e+01 2.938215478809419423e+01 2.529295134295437819e+01 1.617325803752556368e+01 2.634738171266069884e+01 3.042047386204437487e+01 3.815753153897925642e+01 3.496087965050571711e+01 2.798584860910808203e+01
1.359999999999999924e-02 5.757338811987124494e+00 1.564247664748162947e+01 1.280520818921950799e+01 1.177860564452242009e+01 1.392518984105210755e+01 1.442715017751549311e+01 7.924742156951257499e+00 1.516032305071381181e+01 7.120468494757320244e+00 8.578078419124267384e+00 1.806602283278465393e+01 2.328815315373734762e+01 2.600444510008979648e+01 2.979668059739141128e+01 3.398351720744864934e+01 3.906271061521637478e+01 4.138589907517231836e+01 3.439077812214708985e+01 3.185302062236718967e+01 3.185306528245283531e+01 4.184523462353021728e+01 4.519360970719500159e+01 3.523598169510704281e+01 2.949060374860234290e+01 2.505782206027259562e+01 3.199812184279391758e+01 3.610494539336777109e+01 3.386555194027042148e+01 2.776904842635481785e+01 1.772297517608460993e+01 1.617325803752556368e+01 1.617325803752556368e+01 2.634728340123082191e+01 3.290324032481199623e+01 3.731359470071024731e+01 3.788922135921649215e+01
1.290000000000000001e-02 1.001289999999996283e+01 1.135952431209065949e+01 5.268703777304144076e+00 1.270448791649419285e+01 3.719892109236432098e+00 4.447070770861819788e+00 5.174283754120660994e+00 5.174283754120660994e+00 1.167695322159094040e+01 1.247484593805307540e+01 1.541086171702985474e+01 2.167397409355497473e+01 3.185413072623884645e+01 3.868884026095461337e+01 3.785901464159779550e+01 3.786060769263764314e+01 4.192765601711614920e+01 4.437529715401333164e+01 4.184248762247193554e+01 4.184513788951448277e+01 4.597932486968887389e+01 4.864465560635580488e+01 3.889600670567487128e+01 2.894392776542409962e+01 3.499391056423112190e+01 3.905377399619656842e+01 3.681708173385529648e+01 2.694925348407379673e+01 1.988354214953578847e+01 2.634822623809757403e+01 1.617325803752556368e+01 2.634738184643263992e+01 1.883889565194568050e+01 2.337776162429033278e+01 3.039503925426560116e+01 4.023572400245738834e+01
