output/example/elevation_000021.asc
nrows	75
cellsize	13.33333333
xllcorner	0
ncols	75
yllcorner	0
NODATA_value	-9999
[rows 0 to 16 of 75, columns 37 to 73 of 75]
4.610260420053522523e+01 5.025223320457008214e+01 4.977376180167883035e+01 4.563548058369899962e+01 4.977376180167883035e+01 4.929263219955623754e+01 5.341659230195107000e+01 5.391189837477648439e+01 5.391189837477648439e+01 5.800911952553831696e+01 6.085164542799771681e+01 5.676223726146309190e+01 6.085164542738542792e+01 6.010991586668995268e+01 5.730134453004679074e+01 5.316237971600180856e+01 5.730134453004679074e+01 5.330882455427481403e+01 5.762407123964267441e+01 6.283344572306704379e+01 6.729896271986987699e+01 6.246485090636497972e+01 6.050687989397607680e+01 5.614412193639452653e+01 5.252227118642557713e+01 4.921077247835831514e+01 5.176362603939865892e+01 5.176362603939866602e+01 5.579505698598666896e+01 5.343212841544196579e+01 4.924593530799702279e+01 4.794581703629738456e+01 5.212644269279768849e+01 5.228816497368634941e+01 4.930941252660440455e+01 4.956020022186533680e+01 4.956020022186533680e+01
3.534114360794753651e+01 4.416480636779544255e+01 4.470724984948659397e+01 3.544350196824755983e+01 4.213401276609047130e+01 3.916881550888133035e+01 4.929263219955623754e+01 4.387944745318701933e+01 4.387944745318701933e+01 5.391189837477648439e+01 5.580280688824966973e+01 4.657137359456248760e+01 5.580280689987591103e+01 4.998931398892570854e+01 4.998931398892586486e+01 4.288040244401729950e+01 4.809562654502840928e+01 4.288242853582887903e+01 4.809910970784243034e+01 5.851853940060507853e+01 6.041686397176300716e+01 5.007848139275701271e+01 5.451087753985002848e+01 4.914666201933843581e+01 4.363174106977236733e+01 4.000272838357908256e+01 4.209853142096516621e+01 4.209853142096516621e+01 5.176362603939866602e+01 4.924593530799702279e+01 3.954619158648991117e+01 3.831797656200119917e+01 4.648916000097185730e+01 4.226137847130805625e+01 3.934198717753685770e+01 3.953504108019507157e+01 3.953504108019507868e+01
2.875171877033468704e+01 3.988947203053118784e+01 4.053949127586673029e+01 3.026783430303378708e+01 3.188777791023816732e+01 4.213401276609047130e+01 4.202746694671969152e+01 3.665587451860707802e+01 4.387944745318701933e+01 5.391189837477648439e+01 5.166680542801208986e+01 4.134717160677659820e+01 4.650705503829603771e+01 4.901264306893914124e+01 3.962537714513410947e+01 3.760665870979861580e+01 3.760665870979861580e+01 4.809562654502840928e+01 5.762407117415092017e+01 6.283344545359271649e+01 5.339496414823756965e+01 4.226133206642936102e+01 5.326163873433709028e+01 5.068775672874537008e+01 5.251702245189905227e+01 4.492838108190922952e+01 3.547135634734679854e+01 4.492937209389459952e+01 5.229678012894807182e+01 4.799963575637627144e+01 3.831913238119225440e+01 3.335447277670154165e+01 3.869629050726163655e+01 4.009422515956563160e+01 3.302932020619626741e+01 3.309020081802946578e+01 3.953504108019842533e+01
2.545142704364434039e+01 3.653131306947395984e+01 3.665716986108757425e+01 2.643013929099195636e+01 3.519868613807057756e+01 3.784301246735581969e+01 3.177768862037477859e+01 4.202746694671969152e+01 4.877209182914715058e+01 4.455346721988232161e+01 4.879903621971430283e+01 4.650705503829603771e+01 3.605055100246598698e+01 4.204890010646226273e+01 3.430351542956888267e+01 4.480734556703004756e+01 4.809517519769682536e+01 4.504167305596761395e+01 5.546852247682629411e+01 5.512349115714690839e+01 4.853791414333266374e+01 3.788466575165507066e+01 4.758362720143338720e+01 4.084738826006655898e+01 4.378219583329602926e+01 4.269030863759936523e+01 3.328027967591270198e+01 3.862966944088296373e+01 4.823210244091923471e+01 5.221439530092363412e+01 4.527622037859650561e+01 3.597079431509006042e+01 2.998080745375706258e+01 3.150775215705252563e+01 2.944611789543249358e+01 3.815984075119096985e+01 4.649489848604886788e+01
2.267127174928252487e+01 3.349542310282496516e+01 3.410041221856344151e+01 2.399150098635531592e+01 2.504912283716558719e+01 2.760057546229240444e+01 3.784301246735581969e+01 4.050119561163837290e+01 4.352465927539219592e+01 3.408073427612445272e+01 4.357556475667027485e+01 4.404174734799774171e+01 3.977801512197839884e+01 3.150351455611023255e+01 4.204890010646226273e+01 4.901691905995054555e+01 5.685049809152883427e+01 5.546852247696123328e+01 5.978255369130816632e+01 5.076392765009939012e+01 4.050799709153707084e+01 3.529617820854168286e+01 4.099206995653930363e+01 3.503143058332766913e+01 3.501183142343325017e+01 3.822818954603406638e+01 3.134832944312557856e+01 3.792825592594310535e+01 4.763564404873670810e+01 4.320002108309414979e+01 3.904522940170880219e+01 3.899332730563160965e+01 3.440685173520218854e+01 2.675486753443688670e+01 3.565828140511577971e+01 3.390268485190146208e+01 3.793094931664531799e+01
2.844761024645954706e+01 3.275012217339400422e+01 2.940354444575490689e+01 2.176366619514089251e+01 3.171771899099444170e+01 3.631642226911227311e+01 3.212313427690670409e+01 3.010176084511710215e+01 3.424145938745859752e+01 2.885446301978652883e+01 3.655330717361799486e+01 3.778887642243368106e+01 2.925239701375812729e+01 3.257637821668768652e+01 3.634877593672955243e+01 4.244169297063557167e+01 5.270394915516855150e+01 5.628644708564701205e+01 5.226433716855667200e+01 5.255470251471872700e+01 4.272552852418020564e+01 3.635146211055752730e+01 3.254049083188468217e+01 3.095101118609263935e+01 2.932476811057366106e+01 2.877006025569985681e+01 3.822862632489616885e+01 4.462295799791499462e+01 4.615609610195225088e+01 3.615490399880713568e+01 2.930903837803609235e+01 3.195245063801623076e+01 2.453012303388168291e+01 2.731304810437655561e+01 3.015847466061030246e+01 3.821874779707130898e+01 4.673274154097002508e+01
2.292518673464373791e+01 2.718240461725794077e+01 1.959593448170710772e+01 2.886110573534758572e+01 2.974199507158393985e+01 3.059014810907121884e+01 2.196368993734898467e+01 2.295651130566183085e+01 2.399042572552544783e+01 2.504716442191874748e+01 2.617043574392903693e+01 2.733562676914930023e+01 3.778798248862064924e+01 4.308883125660738500e+01 4.677554747770404475e+01 4.490612759031679246e+01 5.511128098463380809e+01 5.083475749400867016e+01 4.293258935332966075e+01 5.083475749403882560e+01 4.969959945632139409e+01 4.500104350509168682e+01 3.822149659867886839e+01 3.891073319330912028e+01 3.196223223417302961e+01 2.693645339280366002e+01 3.651515925190045664e+01 4.051382357225926967e+01 4.459794837675578805e+01 3.975182907721652015e+01 3.002932204260055116e+01 2.294912736227666272e+01 2.294912736227666272e+01 3.287697195198833100e+01 3.821874622141830002e+01 3.454777113521389253e+01 3.925516083580393456e+01
1.597194331725727778e+01 1.747096290295398546e+01 2.719948018316654625e+01 1.909339936679320360e+01 1.991932269969837677e+01 2.073725480407237498e+01 2.446096516872468385e+01 2.404060132543926898e+01 3.411930949684912662e+01 3.535765777033222435e+01 3.294519094963367678e+01 3.777938067086073204e+01 3.159105676204163515e+01 4.218467095103263631e+01 5.195352638132488465e+01 5.511128098463382230e+01 5.214143285403991257e+01 4.686847097112438831e+01 3.753410178930182894e+01 4.334277546011687576e+01 5.275405581363809659e+01 5.190061104378169432e+01 4.718174884666354529e+01 3.742737161743382046e+01 3.066042982998122923e+01 2.563743550827984308e+01 3.367548331608821854e+01 3.084297093042803439e+01 4.051378457967899038e+01 4.131263100030624003e+01 3.527539329298860338e+01 3.119837794692853805e+01 2.294912736227666272e+01 3.002910234258871114e+01 3.974254302012875684e+01 4.324605890373649686e+01 4.731516310808802217e+01
2.559870099588460945e+01 1.710101514385846500e+01 1.792028872215759350e+01 2.765261192177058902e+01 2.974198041307425200e+01 2.761655692462955614e+01 2.585688046217519442e+01 2.744874678763199682e+01 2.794017604939350008e+01 3.901864293919749116e+01 4.260267108533691527e+01 4.594064719471005986e+01 3.913759545480402835e+01 3.731659582429261945e+01 4.477762495684197575e+01 5.501365587480700725e+01 4.813134226657852821e+01 3.871534912007523843e+01 3.404594979373372610e+01 4.038860017566070582e+01 4.977926111096415696e+01 5.257847500005972563e+01 4.858450232443922800e+01 4.437581125765716195e+01 3.935877256240377164e+01 3.367548286936583679e+01 2.383595055524427053e+01 3.275449367121394317e+01 3.971012368958012217e+01 3.563105277416966743e+01 2.808915188380086647e+01 2.114291752638046873e+01 3.003967833373281948e+01 3.413462434535988166e+01 3.987406962859407145e+01 4.499252197580975832e+01 4.535629311872177283e+01
3.105926526171027291e+01 1.710101514385846500e+01 1.998159163809513927e+01 2.691286611183122801e+01 3.714642544851728445e+01 3.790579507639049694e+01 2.995583936071493270e+01 3.659154931955157508e+01 3.901880569628762885e+01 3.273764354083557748e+01 4.035418469811422426e+01 5.054607848280470961e+01 4.954107685107797465e+01 4.477762495684197575e+01 5.196461023554955005e+01 4.559067397445520697e+01 4.116036286766912156e+01 3.747515132638996960e+01 3.113975457521302204e+01 3.771992156807844054e+01 4.724773559904183884e+01 4.859128733488766727e+01 3.881400352770795337e+01 4.168920146363743129e+01 3.864608984097386468e+01 3.256376034069259617e+01 2.261153157007469616e+01 3.113733758204750401e+01 3.466068952266353875e+01 2.667090703357488124e+01 3.003918451648185695e+01 1.994174413615651176e+01 1.994174413615651176e+01 2.588599755658197665e+01 3.573351093311272564e+01 3.541291936000197893e+01 3.546155073519089740e+01
3.438798985416259768e+01 3.398369829317186230e+01 2.991040055273944986e+01 2.361241850339903081e+01 2.936047750693384728e+01 3.972369843247781063e+01 3.730732296852667673e+01 3.844240431709585692e+01 4.747716411485382793e+01 4.333932127450198379e+01 3.856386689331907291e+01 4.458639622116326251e+01 5.461060617680161045e+01 5.501365587480071895e+01 4.842748918329361629e+01 3.823206101047752981e+01 3.155127548946471450e+01 2.794444960873229888e+01 3.465856292981595743e+01 3.876251825200259304e+01 4.385139545668442196e+01 4.855589193303828921e+01 3.880996408339100157e+01 3.205676829399401129e+01 2.905788832213882955e+01 2.619495938827497739e+01 3.113733864498778203e+01 2.107593469874926129e+01 2.972748031515185829e+01 2.673535391635228819e+01 1.994174413615651176e+01 3.003875992729322775e+01 2.173829961777074615e+01 3.173664587863189723e+01 3.419322157655236794e+01 2.865735781712711017e+01 3.543549981711817765e+01
3.737835785849229353e+01 4.409858716266097645e+01 3.374050232678381889e+01 2.706517168233950699e+01 3.739698770906214520e+01 4.398688734322273319e+01 4.764325844262543797e+01 4.874522505276594586e+01 5.286346120575004193e+01 5.290880510711480866e+01 4.882312586050048253e+01 5.290880653380517629e+01 5.865042033554361467e+01 5.375526844441780838e+01 4.970745539889738041e+01 4.553963889449911306e+01 4.106459967148068557e+01 3.480371662668513721e+01 2.509611206399479144e+01 3.010566997466183281e+01 3.683024741087986342e+01 4.682056179762540893e+01 4.573754691966810526e+01 4.168926856256483404e+01 3.410082559747481668e+01 3.588332818893563569e+01 3.113647966512612797e+01 2.973540331720031915e+01 1.962707887050909861e+01 1.862979582354120112e+01 2.875557139138977547e+01 3.411971373996466639e+01 3.173664587872099574e+01 2.441181327520399336e+01 2.441181327520399336e+01 3.419322157655236794e+01 3.830511024872602377e+01
3.439340597638523889e+01 4.458466917530778062e+01 4.168304349764653693e+01 3.217867559018564805e+01 4.168304349764653693e+01 4.896159679090370531e+01 4.483397721350232956e+01 4.896159679090367689e+01 4.818826745742436657e+01 4.932053795352843650e+01 5.358028414286368246e+01 5.471202754601034002e+01 5.860998397667773219e+01 4.970745539889976072e+01 4.005812734597098768e+01 4.284080012204735510e+01 4.142692749761648940e+01 3.320829295103086309e+01 2.320482270209385689e+01 3.323033178401119869e+01 4.160545403686127486e+01 4.379154807983257314e+01 4.793484587466858926e+01 4.788487156562587899e+01 4.381381940538285136e+01 4.494757460683172923e+01 3.681462781972292220e+01 2.874584034702361635e+01 1.862979582354120112e+01 2.875313329443557819e+01 2.875631145572451075e+01 3.862396415917997672e+01 3.826830071471086114e+01 3.419322144279840359e+01 2.441181327520399336e+01 3.419322157655236794e+01 4.242879465460956823e+01
4.458466917530869011e+01 4.875419086403516644e+01 4.694388452902045827e+01 4.263891631337509125e+01 4.683818449832663333e+01 4.348927213860298480e+01 3.345037735639802889e+01 4.348927213860260821e+01 3.801189327463256973e+01 3.912079690707142987e+01 4.688024667928439726e+01 4.505483594479316878e+01 5.117891716500756161e+01 4.520738997348487231e+01 4.098249027271688760e+01 3.301832659210158027e+01 3.733161774677137146e+01 2.792408269110624275e+01 2.139735380831516665e+01 2.787642218004450356e+01 3.739316420699679355e+01 3.416577456896999365e+01 4.231364605342901797e+01 4.165305999964942174e+01 3.767423043893276713e+01 3.767423043893201395e+01 3.272106316115216629e+01 2.355020938304625489e+01 1.791042679606267995e+01 2.728407862114339366e+01 3.450017451288118053e+01 3.777316579738052837e+01 4.123044619933905608e+01 3.826830278258628937e+01 3.419322157655236794e+01 2.876380691055676309e+01 3.420458977284520330e+01
4.398013526608444579e+01 4.340699344701772588e+01 4.772247941882846334e+01 4.688023283787870810e+01 4.211669377482090937e+01 3.870215643041295550e+01 2.717456704232181508e+01 3.571636354661348633e+01 3.118904180486882893e+01 4.094410125351637930e+01 3.710040992796790960e+01 4.688024387019567030e+01 4.695210747959524156e+01 3.674425681758611972e+01 3.074009392704100563e+01 2.863333628362845218e+01 3.491643869216841978e+01 2.570405543377959745e+01 1.981476799393501764e+01 2.576691515406674426e+01 3.497852463082340080e+01 2.875408193896365461e+01 3.819470069099367038e+01 3.767423043893283818e+01 2.926168306104654704e+01 2.926168306104654704e+01 3.154713929026284802e+01 2.644298085349546312e+01 1.719350444450103055e+01 2.743298082798131787e+01 2.611022341935215607e+01 3.088905575589899755e+01 3.176516344695736294e+01 4.043166167846693781e+01 4.199366635923949076e+01 3.832471199601131673e+01 3.545824353905631199e+01
3.411596124127675722e+01 3.358994080637440760e+01 4.195289469037955854e+01 4.044992232505333618e+01 3.194782626230667688e+01 3.464038792879112805e+01 2.321874811520211423e+01 2.622910619795350229e+01 3.571636354661348633e+01 3.207526551279597271e+01 4.166908106301905690e+01 5.091326836285688273e+01 4.583640832918644747e+01 4.169465883228826897e+01 3.501809189447978810e+01 2.443260920853051132e+01 3.431346449667223197e+01 2.678113784015170040e+01 1.840664895822149916e+01 2.545314603211400950e+01 3.350383469352542676e+01 2.441278657995795598e+01 3.434203733746242193e+01 3.379101657759764521e+01 3.172497363392094272e+01 2.329208779159951348e+01 2.656926491137070556e+01 1.705468651763293053e+01 1.656925071298373098e+01 1.894033799087577563e+01 2.112261278621611282e+01 2.301470007102760107e+01 3.240650366764580070e+01 2.943001888767116725e+01 2.956682860431727278e+01 4.548704599747283339e+01 4.524497902090677570e+01
3.483028257800707905e+01 2.842981725861148234e+01 3.773911546229357583e+01 3.616124732901467809e+01 2.650406846876586187e+01 3.051842129925733715e+01 2.321874811520211423e+01 2.547940138020373979e+01 2.802026598517233680e+01 3.740380761462069614e+01 4.573224307572683500e+01 4.788869384604406321e+01 4.169465883229347725e+01 3.158691710125135899e+01 3.233108598774642672e+01 2.167967616300266798e+01 3.233108598776737352e+01 2.717399112122313554e+01 1.710244065949525805e+01 2.527011476532210921e+01 2.651745674395607111e+01 2.084481865415017765e+01 3.050265015932428270e+01 2.580042174806657584e+01 2.813748408721352234e+01 2.468669701808318351e+01 1.839813803664697645e+01 1.579131352282381684e+01 2.438261037523525232e+01 2.881851020790659135e+01 3.080519474729709017e+01 3.240650366916574399e+01 2.570649223913695991e+01 2.771797723024999982e+01 3.673928613717013292e+01 4.382896305918043112e+01 4.414077958270789281e+01
