output/example/elevation_000371.asc
nrows	75
cellsize	13.33333333
xllcorner	0
ncols	75
yllcorner	0
NODATA_value	-9999
[rows 17 to 33 of 75, columns 37 to 73 of 75]
2.383177111382134328e+01 1.541002093748295643e+01 1.811081593716076554e+01 2.080438250319688720e+01 2.389890110193620032e+01 2.873352738111078963e+01 3.868068766994334595e+01 4.107157884839315187e+01 3.127217125481193349e+01 2.926778835352040886e+01 3.274725496834413718e+01 2.312179618510736034e+01 3.274724951720327226e+01 4.040880146019487995e+01 4.239161648921482595e+01 3.682257331158096036e+01 4.524214111504874580e+01 5.343163977059065672e+01 4.734361177773370599e+01 3.856654662261200883e+01 3.355970853932130638e+01 4.350651613021276631e+01 4.234196396948218677e+01 3.242043105844263806e+01 4.234196396948218677e+01 4.934376017055172525e+01 4.873410664294336669e+01 4.445049978521605283e+01 3.792871896322699143e+01 2.855740550717588988e+01 2.225831236799744772e+01 2.535928784001115943e+01 3.742055813467867864e+01 4.684508019581358695e+01 4.404956822149821249e+01 4.333903875423397523e+01 4.333903874279268820e+01
1.967764044920649269e+01 1.649269321692518631e+01 2.605016092766268088e+01 3.043619170454399381e+01 3.370709722620979676e+01 3.784380647357200900e+01 4.282638355808438035e+01 4.519399439441755106e+01 4.107162438124990445e+01 3.482684273507043571e+01 3.539234167909082629e+01 2.550059413184225221e+01 2.632690347498245842e+01 3.331490238846765095e+01 4.336145938640856912e+01 4.690851883007882606e+01 5.105078367491098135e+01 4.935131552665630039e+01 3.952239611620287718e+01 3.452284037670111161e+01 3.085841516255880279e+01 3.787046461397142849e+01 3.598380995356610157e+01 2.963363123685711997e+01 3.527895245723885154e+01 4.519413741997522038e+01 4.445049978521605283e+01 3.445129027204828986e+01 3.734550619236963342e+01 3.074130158585259309e+01 2.161625999262703601e+01 2.796096935294079699e+01 3.654689406314245304e+01 4.120596179058108532e+01 3.409678421965855222e+01 3.336914327999940610e+01 4.330044301622906033e+01
2.693597314705305124e+01 1.757189097444613424e+01 2.705575696579174405e+01 3.647089023582852008e+01 4.052737816705718643e+01 4.438743669925018764e+01 4.366792615752540030e+01 4.766171273108330553e+01 4.886711141086014720e+01 4.474061869465101893e+01 3.829846477560393936e+01 2.823846700234735607e+01 3.625750097536901961e+01 3.048472213088364668e+01 3.630955096038044161e+01 4.341696945276825659e+01 5.338297901585223570e+01 5.343163960298150528e+01 4.851343545188298378e+01 4.443679451759601307e+01 3.787046461397142849e+01 2.810577998398760968e+01 2.634535520449846757e+01 3.598380995356610157e+01 4.121432064506798554e+01 4.527857729654742514e+01 4.445049978521604572e+01 3.445129027204828986e+01 2.806639411656509253e+01 3.023690770833132291e+01 2.098625439346160348e+01 2.986540253003397538e+01 3.627754619236768008e+01 3.367457390337724377e+01 2.757253981483876970e+01 3.093343651910944558e+01 3.565980752323316949e+01
2.777824962473925652e+01 1.860194191004097064e+01 2.807096479263581301e+01 2.668217889524690278e+01 3.647456873677089817e+01 3.460672545221268592e+01 3.387040460544919540e+01 4.084493577249337193e+01 5.048322783089033550e+01 4.645645782626584719e+01 3.644729228816220967e+01 3.201643492184397388e+01 4.210086072141920965e+01 3.761308758603934876e+01 3.686396069046682555e+01 4.396641323865946305e+01 5.393170673439588114e+01 5.139659554145512033e+01 4.696562020042509289e+01 4.286642289338173839e+01 3.598380995340425414e+01 2.634535520449846757e+01 2.634535520449846757e+01 3.428951904298813247e+01 3.142027411889353061e+01 4.121432064500075398e+01 4.154159144473438658e+01 4.159269817261493785e+01 3.298212089339438791e+01 2.433515970289388264e+01 2.454221960921752910e+01 2.014877279419568978e+01 3.012656298247135922e+01 2.454690423241772734e+01 3.367457390337724377e+01 4.069039560583667736e+01 4.491815241696919259e+01
2.807096739236212102e+01 1.860194191004097064e+01 2.003272923396735195e+01 2.954782985248481708e+01 3.386029614733896409e+01 2.758193358909203496e+01 3.747142945176325668e+01 4.712993454427144968e+01 5.270472434599084011e+01 5.054259744239162444e+01 4.209733618837226032e+01 3.918242689862676542e+01 4.632874991167948053e+01 4.760873743094687427e+01 4.688518012690505543e+01 5.101529089502263759e+01 5.425860886766071189e+01 4.440813414227604028e+01 3.740330981457578474e+01 3.297578143426405006e+01 2.974610037151347441e+01 3.598380995340425414e+01 3.428951904298813247e+01 2.476934940474037106e+01 3.271067559820706805e+01 3.166673438508408722e+01 3.166673438307986288e+01 4.000227452378221926e+01 3.706219323455972159e+01 3.298152942681829813e+01 2.917294175727456462e+01 1.959246488113902629e+01 2.166218850146033503e+01 3.075411739457397786e+01 3.535458175343426035e+01 3.995960971819349083e+01 4.440051095836884798e+01
2.040602170750324262e+01 1.860194191004097064e+01 2.807096764150321988e+01 2.220649605852033304e+01 2.404660649544105766e+01 3.386029614736529680e+01 3.332489020080124931e+01 3.904931912531994698e+01 4.871781720122436354e+01 5.060667368941128075e+01 5.206227751364942691e+01 4.932203332771693738e+01 5.204347060781212519e+01 5.097169919167234298e+01 4.944054932153498072e+01 4.943963619663951192e+01 5.367269346092779614e+01 5.139659554145512033e+01 4.697153010103400561e+01 3.775841501743670392e+01 3.957152097326595452e+01 4.366922082319673848e+01 3.836191769501402860e+01 3.270984905974537327e+01 2.324202042247193845e+01 2.213385598452936520e+01 3.016321914361138212e+01 3.016321865879460518e+01 3.755779605107827734e+01 3.195125939391922643e+01 2.785583595230990994e+01 1.905905597786823691e+01 2.097814032170722598e+01 2.281718217273026639e+01 3.120246896617542021e+01 3.009760370986760591e+01 3.554024813216075529e+01
2.994421899781524488e+01 2.093173525410654534e+01 3.049142605081345536e+01 2.553202834905351537e+01 3.386029614736765581e+01 2.969272552149643829e+01 3.955330349461908668e+01 4.712993455030983370e+01 4.770028956593492353e+01 4.058709120593245956e+01 4.770028999920808133e+01 5.204347060781212519e+01 4.197713306791778365e+01 4.087761049792927537e+01 3.933186492999573147e+01 3.933195251063261821e+01 4.943571962383271057e+01 5.378411530522371464e+01 5.174353171070150381e+01 4.763891732630730047e+01 4.840878096791830387e+01 4.441011798789001830e+01 4.060257759496333563e+01 3.399086211196592444e+01 2.477542201057117310e+01 3.016321914465656917e+01 2.059010337418587611e+01 2.907696398776741020e+01 2.641075883905817179e+01 2.601725441360096625e+01 1.829291488661457521e+01 2.732104459142474440e+01 2.936382612757866184e+01 3.120193677542687993e+01 2.533416164695908535e+01 2.806332412131679277e+01 3.462195367104501287e+01
3.318466649569079152e+01 2.346516416551344619e+01 3.318505966796848838e+01 2.923488864158880318e+01 3.909504229107596274e+01 3.542887238427647389e+01 4.356549333419815184e+01 4.993887818778964771e+01 4.326323793840021636e+01 3.366911386452599686e+01 4.326323812679113701e+01 4.985376528204701430e+01 3.977578092214979222e+01 3.387725542130628043e+01 3.235838229867353988e+01 3.852696754227908826e+01 4.852662523087949609e+01 4.370091562675863628e+01 5.082314682005923601e+01 5.110597063354056502e+01 4.166838326765756051e+01 3.512726483246519393e+01 3.136912875064365380e+01 2.812516934070093910e+01 3.096816623568145488e+01 2.155419215051535176e+01 1.955632638131090317e+01 1.955632638131090317e+01 1.865794196624141321e+01 1.767886747992159258e+01 1.767886747992159258e+01 1.767886747992159258e+01 2.732589183124146714e+01 3.533541995865036256e+01 3.134092235856863340e+01 3.766384367752242923e+01 3.462195367104501287e+01
3.318522765251412920e+01 2.684671598230534784e+01 3.668168470962567085e+01 3.421649182967042435e+01 4.305847048042641489e+01 4.518738116759699608e+01 4.917893141820656666e+01 4.413982976915975343e+01 3.589402360852952967e+01 2.945102685670243048e+01 3.911552200400402057e+01 4.523235477492489309e+01 3.980943884732335647e+01 2.993182429650822485e+01 2.873045033605488641e+01 3.852931979764927917e+01 3.960034793400372877e+01 3.667853993373567079e+01 4.485892740990314564e+01 4.903858211752800855e+01 4.840859775565193956e+01 4.388747343747115792e+01 3.462520475831613709e+01 3.456486868075101881e+01 3.540323890602806500e+01 2.710540944427279797e+01 2.892867164921653256e+01 2.898774679793352504e+01 2.679636979406225095e+01 1.767886747992159258e+01 2.732584886220281106e+01 1.767886747992159258e+01 2.137194783266068399e+01 2.692228340015008925e+01 3.726670884854900123e+01 4.574709233928285101e+01 4.501127086342175687e+01
4.080457740665647748e+01 3.178989179386406150e+01 4.086003185870017518e+01 4.116446271550670133e+01 4.782886923286054071e+01 4.877596195506401955e+01 4.700219262046071123e+01 3.708989575425941609e+01 3.033723154801336008e+01 2.644173092747805853e+01 3.138664532797784190e+01 4.107985115945821519e+01 4.394536607567813036e+01 3.557076285822561346e+01 2.589333636113821768e+01 3.552333360677826590e+01 2.980108741769601011e+01 3.960026235795122318e+01 3.496468179142662791e+01 4.329293636923831201e+01 4.903858063973566317e+01 4.782129746960010408e+01 4.388747993572538064e+01 4.352282292573610789e+01 4.252769700618906512e+01 3.777273082613684352e+01 3.346896247561369364e+01 2.498108177724546408e+01 2.503906521540142549e+01 1.710049991257971058e+01 2.739987332889304028e+01 2.732592560373257840e+01 3.105152608375829359e+01 3.534102285111968200e+01 4.151633399671919733e+01 4.822682707660131030e+01 4.770249474682851343e+01
4.601623456156419678e+01 4.180734425544988397e+01 4.606304691695113718e+01 5.057997595817928982e+01 4.792511905103377501e+01 3.882904029983247085e+01 3.882904029983247796e+01 4.205385325701169563e+01 3.316531989576522221e+01 2.390364404232336426e+01 3.316533278974482357e+01 4.077494042841995991e+01 4.163264664513258850e+01 3.102895694300918095e+01 2.401998848834109879e+01 3.103917176307956893e+01 2.621765840189280539e+01 3.427164698898665307e+01 2.939669372191106689e+01 3.496468179145443855e+01 4.485892989849248380e+01 4.919611599850106387e+01 4.426913543732722189e+01 4.015515313359112781e+01 3.696278389583439861e+01 3.424023935392345663e+01 3.367550647215009008e+01 2.352714148713869236e+01 1.621661420799970443e+01 2.613691157917154939e+01 2.877657033760638683e+01 2.895230461384187848e+01 3.830027348785224461e+01 4.124625115748593629e+01 3.559499754329313248e+01 4.115611291520047388e+01 3.844451277846771120e+01
4.412477359996626092e+01 4.620376017818259839e+01 4.625784613261900091e+01 5.035228213184073098e+01 4.374846250881518017e+01 3.390961809084976153e+01 2.920723550611516828e+01 3.401811997942365196e+01 2.839743012332029082e+01 2.200785013571827875e+01 2.718479092754862236e+01 3.666293457586816373e+01 4.128106311895801639e+01 3.276788792412469320e+01 3.099362687696052632e+01 2.148163212621926732e+01 3.076004410098454045e+01 2.465480467929571873e+01 2.888965373680644078e+01 3.444861747044148359e+01 4.433165734111377532e+01 4.504979573100249013e+01 3.526051053617975839e+01 3.057804542032091888e+01 2.753161295552974508e+01 2.488512471995241881e+01 3.070784289841994408e+01 2.597665421519428008e+01 1.554511161301906874e+01 2.533670923102548045e+01 1.972080530413019517e+01 2.892876220399891452e+01 3.297658569604938350e+01 3.225769041686794480e+01 2.950707005116464998e+01 3.223349414271173430e+01 3.726976092837914223e+01
3.362499347020776952e+01 3.586073085779959513e+01 3.586201673952783153e+01 4.625784613261900091e+01 4.792511905103377501e+01 3.959168426102609573e+01 2.993801879053907200e+01 2.469674989586842884e+01 2.248322612819174893e+01 2.024548916008529531e+01 2.945535403047639278e+01 3.606007645883396151e+01 3.607496297960951637e+01 3.180341604274178735e+01 2.387512431811305191e+01 1.989782631746342645e+01 2.116572407101680042e+01 2.477593841731474811e+01 3.439609017893116061e+01 4.276922646564432284e+01 4.850959754217657860e+01 4.919611599850106387e+01 4.426913543732722189e+01 4.015515313359112781e+01 3.696278389583426360e+01 3.070785738000112985e+01 2.132133379628242764e+01 2.550238098174781243e+01 1.486684561172808827e+01 1.708602457880982328e+01 2.641311215708923399e+01 2.229671760790569479e+01 2.411900874789392901e+01 2.608586945640408672e+01 3.111551864357301866e+01 4.004693397894565265e+01 4.510144042638036410e+01
2.768116078163645355e+01 2.768116078163645355e+01 3.586201673952783153e+01 4.625784613261900091e+01 4.399175856184800182e+01 4.373779101180829088e+01 3.810405759368381240e+01 3.117688861368970521e+01 2.668974404968029290e+01 2.024548916008529531e+01 2.761917892481809389e+01 2.484902481248187911e+01 2.636713855625676217e+01 2.638165338317553221e+01 1.826451626627342861e+01 1.826451626627342861e+01 2.799157739711999682e+01 3.439609017893116061e+01 3.152492914094381860e+01 4.132768609659742509e+01 4.792523624948238137e+01 4.372404522015010997e+01 4.346584081084684925e+01 3.929888631368245200e+01 4.064724405186250777e+01 3.471328936883577398e+01 2.758200408729346975e+01 1.784736664980255227e+01 2.442041733027187789e+01 1.486684561172808827e+01 2.240757961785658381e+01 3.123162930025442563e+01 2.917714329597238887e+01 3.474143406905821507e+01 3.873067933051502365e+01 4.398435642483445207e+01 4.323522589979754116e+01
3.494043609147909990e+01 3.890688467270581441e+01 4.310714943568426349e+01 4.122144257311940407e+01 3.426969471197705985e+01 4.122144257311940407e+01 4.503122657367558190e+01 4.023314074999390755e+01 3.315836228156804566e+01 2.518022907013069300e+01 1.827091826116967965e+01 1.687001536258555490e+01 2.488871903489621218e+01 1.646982511762885792e+01 2.638165478175821832e+01 2.799157653684934033e+01 3.204879519205125149e+01 3.913528598289552463e+01 4.132768609659742509e+01 4.548659773423134567e+01 4.372404522015010997e+01 3.384891816629744454e+01 3.674127591529216375e+01 2.972570328968934561e+01 3.177541208988021992e+01 2.714567801701393890e+01 2.914571863960553699e+01 2.452554133528369817e+01 1.397039656227624960e+01 2.441122004291901604e+01 2.923720708718285621e+01 3.630826527032493090e+01 3.773733516706594315e+01 4.137190680694580180e+01 4.042927901706130456e+01 3.623883295613842392e+01 3.334083211118338141e+01
3.925949078116030933e+01 3.956127896114688980e+01 4.363072979464470791e+01 3.711722128647566876e+01 2.790546707337377441e+01 3.219324956613032640e+01 3.618785866793458439e+01 3.796018244547694565e+01 3.426729054378559880e+01 2.324173421160168829e+01 2.399705930921008346e+01 2.119354639038907351e+01 1.486725436976243664e+01 2.458208655490225425e+01 1.962836302367404784e+01 2.170744195797773557e+01 2.633217900396944700e+01 3.503685016775156669e+01 4.258498956184470785e+01 4.875781077860763446e+01 3.869027966169261390e+01 3.184356057455388367e+01 2.736530803122687416e+01 2.475302049033541607e+01 2.271855731892674868e+01 2.046398933433750855e+01 2.339571130398774201e+01 1.898909814902353332e+01 1.340150263162754207e+01 2.262906840859331226e+01 2.688062765380954389e+01 3.587948032198347903e+01 4.365849618834847945e+01 4.246689419742195781e+01 3.623883295612980504e+01 2.677121088586460829e+01 3.334083211118338141e+01
3.296185454455396524e+01 3.022828344734510253e+01 3.956127896114688980e+01 4.121984053062212183e+01 3.219324956613032640e+01 2.342310125920300479e+01 2.872358568892840580e+01 2.872358568291938852e+01 3.539275872143804236e+01 3.264988135047376261e+01 2.683141299328142892e+01 2.378606527492499367e+01 1.486725436976243664e+01 1.881975501879285773e+01 2.634997114458271028e+01 3.001120592813478183e+01 2.465142917722916494e+01 2.922434476494050770e+01 3.838003586391109678e+01 4.621399493377734302e+01 4.583314069105519906e+01 3.985601177793842709e+01 3.024319799193281710e+01 3.131258051808740106e+01 2.420465141488416450e+01 2.827213614104689299e+01 1.741577222720330909e+01 2.120298790271649381e+01 1.288271443043072040e+01 1.830274972218732188e+01 2.928030681038023886e+01 2.972255698641125932e+01 3.512647963119358252e+01 3.266040807626967535e+01 3.266040808674579665e+01 2.677121088586460829e+01 3.208554298897991686e+01
