output/example/elevation_000009.asc
nrows	75
cellsize	13.33333333
xllcorner	0
ncols	75
yllcorner	0
NODATA_value	-9999
[rows 34 to 50 of 75, columns 0 to 36 of 75]
4.159999999999999636e-03 1.000415999999996330e+01 1.263743476427680079e+01 2.263743476427672974e+01 2.270702761726244390e+01 2.272209397298384559e+01 1.858028221027576876e+01 1.987126492606708794e+01 2.119578340043137743e+01 2.119578340043137743e+01 2.567600876658020326e+01 1.945582712515381019e+01 2.945554799562857440e+01 3.373509638477581518e+01 3.006005164937127105e+01 4.005893196746838925e+01 4.146350056281219310e+01 3.513021166948639262e+01 2.511712233017242113e+01 1.802720290696164440e+01 2.015520856491282231e+01 2.701252264228033084e+01 3.117517937594297806e+01 2.551912833306904105e+01 1.560397612554905855e+01 1.481239783258242682e+01 5.194250602756006252e+00 1.423760130230212972e+01 1.871433299798116678e+01 2.693997021685771642e+01 3.324413147397412871e+01 3.147363302587855216e+01 2.457174762648377708e+01 1.455430882005629911e+01 2.276629620673271859e+01 2.691138355592022791e+01 2.435026312432366424e+01
3.329999999999999627e-04 4.472468954999571977e+00 1.447246895499953467e+01 1.974571514209204892e+01 1.270720586814440978e+01 1.679855469251014455e+01 8.580360429567425840e+00 9.871354878303234770e+00 1.119588723536830166e+01 2.119578340043137743e+01 1.567618232180245030e+01 1.817618232750486129e+01 2.084879479690021142e+01 2.373554644765308552e+01 2.950902194656685751e+01 3.950802142565327557e+01 4.128915536087156823e+01 3.551283877238432041e+01 3.137107166857166973e+01 2.439014474519819942e+01 1.436859855136803077e+01 1.698577243255381219e+01 2.536760644529877240e+01 2.968590528512047655e+01 2.011661669352133330e+01 9.968699069366687482e+00 4.989952620642916337e+00 1.499925316345641768e+01 1.391858659570493195e+01 1.907350665235779630e+01 2.911907399426197784e+01 3.165052359374534774e+01 2.163962261692355327e+01 2.163962261692363498e+01 2.163962261692331168e+01 3.165052358935783161e+01 2.622720304703387129e+01
1.129999999999999928e-03 1.000112999999996255e+01 1.816203701589722996e+01 1.401431562064549396e+01 5.636142429379731311e+00 6.798618816817924682e+00 1.679855469251014455e+01 1.987126492606708794e+01 2.119578340043137743e+01 1.317618232132428879e+01 2.317605257834719978e+01 2.817594984570892791e+01 3.084847614144715067e+01 3.373509638477581518e+01 3.787611969852619609e+01 4.364856327297575689e+01 3.715064939531279720e+01 2.714012712630371382e+01 2.135126546641004097e+01 1.756052775396722154e+01 1.422117726667207549e+01 1.120401579304152051e+01 1.886009096350445091e+01 2.300579464071651969e+01 2.229156942141182540e+01 1.409814170845765169e+01 4.989952620642916337e+00 8.227646731690260395e+00 1.832901691298058111e+01 2.823405902146646440e+01 3.324413147397412871e+01 3.579257371686644973e+01 3.165052359374534774e+01 3.165052359664602477e+01 2.872083573505536691e+01 3.330452662155107646e+01 2.329567963912192141e+01
3.329999999999999627e-04 1.000033299999996217e+01 1.250093063742227883e+01 4.034860891328858834e+00 1.403486044446300696e+01 1.679855469251014455e+01 1.214384343550958256e+01 2.214370614692155570e+01 2.731772740805341115e+01 2.317605257834719978e+01 1.682766605917396063e+01 1.998994381334395953e+01 2.998964474487534559e+01 3.947566016606621275e+01 4.524809458121043093e+01 3.699585632847328753e+01 3.285366541328342294e+01 3.285366541328342294e+01 3.137107166857166973e+01 2.758394089771705993e+01 2.424280318313378757e+01 1.886009096350445091e+01 8.846652213393248587e+00 1.664848040059283818e+01 1.884154949191152895e+01 1.479513219174056182e+01 4.786436905849640766e+00 1.479239103544502321e+01 2.246513284971888780e+01 2.906089258973942435e+01 3.484134864464250114e+01 3.546226248826799576e+01 3.131618356979081952e+01 3.546226248826799576e+01 3.872341574073458048e+01 3.744576894928803057e+01 3.330452662308925227e+01
4.329999999999999539e-04 1.000043173124744200e+01 2.500930913634121566e+00 1.250093063742227883e+01 1.219982667539466270e+01 2.219982437759335880e+01 1.921489070211186601e+01 2.030876071258240501e+01 3.030827703558045627e+01 3.096900556903795732e+01 2.260116250396190196e+01 2.998964474487534559e+01 2.533516117188470673e+01 3.110857569042602577e+01 4.110730216315451457e+01 3.285366541328342294e+01 2.282778565290438522e+01 2.282778565290438522e+01 2.991182099068883815e+01 3.303379735759329350e+01 3.012102852072420234e+01 2.300726891734812085e+01 1.664848040095311887e+01 6.637908051589239022e+00 1.451421559155094698e+01 4.786436905849640766e+00 4.786436905849640766e+00 1.479514908535496076e+01 1.489753014941812026e+01 2.068218082954848924e+01 3.069955384310232915e+01 3.045374190107205692e+01 2.129602700459324538e+01 2.984951949262487858e+01 3.399591232151127684e+01 3.977644418580288743e+01 3.717692757433456308e+01
5.329999999999999452e-04 1.026511352085152762e+00 1.102651141240326105e+01 9.571998724233806044e+00 1.957199778550925373e+01 2.634191136103297382e+01 2.921449211546892855e+01 3.030827703558045627e+01 3.229112935158667597e+01 3.521957934223009090e+01 3.260069366749871733e+01 3.674196333347778420e+01 3.533453474257129301e+01 3.947566016606621275e+01 3.422264010389309163e+01 2.974035369482460567e+01 2.559271597660866249e+01 1.573548336818637416e+01 2.576429784735845629e+01 2.306008440176465513e+01 2.013534558453307000e+01 2.425012997595278108e+01 1.423589672501750947e+01 1.423579388946943425e+01 4.505824474008277569e+00 1.451421922963459821e+01 4.786436905849640766e+00 8.566572994188142331e+00 1.857977135926209300e+01 1.752707108022920224e+01 2.167979418016190252e+01 2.251771033039328884e+01 1.628295436341128166e+01 1.982723063976765232e+01 2.561709067639737469e+01 3.563112477530096101e+01 4.131718949688374920e+01
3.709999999999999756e-03 1.000370958638433372e+01 1.516867193408162784e+01 1.957199778550925373e+01 2.371410388160250449e+01 2.677400682665802378e+01 3.091373570894153033e+01 2.936187129776111959e+01 2.229153152411239702e+01 2.522034591864133901e+01 3.037633343678496090e+01 3.451756738990134465e+01 4.029027045311868704e+01 3.716322512385982435e+01 2.714342573464776009e+01 2.004840592601945914e+01 1.556400683155093745e+01 1.239771895114972899e+01 1.925160617018050502e+01 2.306008440176465513e+01 1.306004201539095000e+01 1.728655723808412503e+01 1.395859231617520813e+01 4.244261431097971382e+00 1.423577071236135438e+01 1.865924777773413723e+01 1.479513829259708579e+01 6.134892775626338057e+00 1.614475471540331952e+01 7.515109206602488712e+00 1.752675360815555194e+01 1.249847256350853009e+01 2.251771033039328884e+01 2.984951949262487858e+01 3.399591232151127684e+01 3.679085053150115669e+01 4.094059181319570229e+01
6.660000000000000121e-03 7.077727811865485386e+00 1.707772781186555378e+01 2.384426123914700568e+01 1.970349051756074132e+01 1.677478676935249524e+01 2.677400682665802378e+01 2.522034591864133901e+01 1.522048180386165761e+01 2.460299083955973032e+01 2.037661072888919378e+01 2.615009351163478257e+01 3.614948453702815101e+01 3.802809357424687420e+01 3.422264010389309163e+01 2.974035369482460567e+01 2.559271597660866249e+01 1.925160617018050502e+01 9.234160092786678931e+00 1.635981857545341711e+01 1.728655723808205735e+01 7.285172628840157927e+00 3.961324275993141519e+00 1.395859231617520813e+01 1.130262248132066816e+01 2.131683398058803292e+01 2.029228904445298554e+01 1.321102639387360433e+01 7.515109206602488712e+00 1.752661392637400084e+01 9.067471351152988746e+00 1.908114462078722795e+01 2.086591275845123050e+01 3.088509519808963688e+01 2.861357713399462455e+01 2.677577687593814559e+01 3.384976335108513723e+01
1.030000000000000013e-02 1.001029999999996356e+01 1.434436181794015219e+01 1.470361609239464151e+01 9.703741667324477405e+00 1.970349051756074132e+01 2.224922202898121171e+01 1.810744812600956521e+01 1.144083928135917994e+01 1.460311533508997073e+01 2.460299083955973032e+01 3.190970118399385669e+01 2.766648794747847617e+01 2.766648794747847262e+01 3.632207168646605311e+01 3.160990900449509411e+01 2.769277332509727074e+01 2.340131121005471471e+01 1.635981857463223221e+01 6.349654942367335408e+00 1.368417686231478925e+01 3.961324275993141519e+00 3.961324275993141519e+00 1.395395553056177462e+01 2.131719321906918552e+01 2.545852529486849747e+01 2.737899925357449149e+01 2.167411693486164737e+01 1.752661392637400084e+01 1.129568529290091838e+01 1.908106484554234683e+01 1.084928487374745920e+01 2.086591275845123050e+01 2.413020260942951012e+01 1.858844722661864068e+01 2.605982498939341951e+01 2.383116417012626442e+01
1.349999999999999985e-02 1.900011274045530218e-01 1.019004870880766411e+01 4.703742396057386976e+00 1.470361609244261203e+01 1.930047052318096590e+01 1.515862624684964999e+01 8.107506603048534544e+00 1.810744812600956521e+01 2.460299083955973032e+01 2.588866025418199257e+01 2.160127050926618253e+01 1.716122318554203829e+01 2.766648794747847617e+01 3.239148370963184931e+01 2.299406294056269928e+01 1.812840162781551712e+01 2.291058747513728377e+01 2.048832843820585836e+01 1.368411236560100264e+01 3.667790424195411347e+00 1.368417686231478925e+01 6.624683106106931341e+00 1.653993417503811969e+01 2.400969208832310287e+01 2.807526720547675581e+01 3.295434407598754234e+01 3.117112184577321088e+01 2.115747322099655037e+01 1.407106699528858229e+01 2.409040435879908060e+01 2.086591275845123050e+01 1.270648983637538265e+01 1.410718794850880542e+01 1.410718794850880542e+01 1.603334048444797943e+01 1.803717368783349428e+01
1.339999999999999872e-02 1.001057022142174269e+01 4.397281376967394073e-01 1.043970470970043429e+01 1.068997729882731029e+01 1.248602487680137685e+01 5.158667588706372875e+00 1.515862624684964999e+01 2.224922202898121171e+01 2.182486680860840877e+01 1.753585131706106282e+01 1.123644461327192801e+01 1.716122318554203829e+01 2.766648794747847262e+01 3.632207168646605311e+01 3.160990900449509411e+01 2.291058747645639926e+01 1.309110235786344489e+01 1.889078939477423091e+01 1.335727452410711713e+01 3.481338246492567290e+00 1.349176125763743705e+01 1.653993417503811969e+01 1.088499748198108463e+01 1.421171087663927501e+01 1.915423071171305480e+01 2.886515346539241733e+01 3.117112701594691870e+01 2.115747322429385235e+01 2.115783706599215463e+01 2.225253904920895209e+01 2.687410264874668542e+01 1.718531100726485406e+01 2.413020260942951012e+01 1.410718794850880542e+01 2.413020274212925642e+01 2.383116417012626442e+01
1.369999999999999864e-02 1.001369999993270099e+01 1.043970470970043429e+01 6.900020246244833455e-01 6.900020246244833455e-01 2.486055178210193617e+00 1.248602487680137685e+01 1.930047052318096590e+01 1.839968883228810270e+01 1.412158999992303166e+01 7.293067365646977329e+00 1.753585131706106282e+01 2.588866025418199257e+01 3.190970118399385314e+01 3.528261810322099024e+01 3.119874727827917482e+01 2.684346784055968271e+01 1.890179945846232812e+01 8.378388920193218681e+00 1.325672675457363781e+01 3.286620231770191580e+00 1.329758295989214112e+01 1.800659336228721230e+01 2.074369834970841353e+01 2.400969208832310287e+01 2.807526720547675581e+01 3.295434407598754234e+01 3.529609393033651088e+01 3.117112719997283676e+01 3.118717216233957146e+01 2.933276672840726462e+01 2.721189702148614842e+01 2.427623023344753150e+01 2.691111982658475554e+01 1.688438068805107761e+01 2.691111982658475554e+01 3.384976335174837914e+01
1.290000000000000001e-02 1.001289999999996283e+01 1.483190209069127441e+01 1.068997716549397659e+01 6.900020246244833455e-01 6.900020246244833455e-01 1.068997743216064222e+01 1.094199239656207290e+01 1.105718815828623924e+01 3.957281307659592073e+00 1.412158999992303166e+01 2.182486680860840877e+01 2.596301038914166526e+01 3.013945961638648896e+01 3.119815431615711177e+01 2.124998956626154367e+01 2.416406663559767765e+01 1.965577204469881067e+01 1.505832561174930362e+01 3.025754511762588805e+00 4.206588529407128796e+00 4.069837172517049240e+00 1.383307938952637173e+01 1.528771836790554417e+01 1.946709924407965175e+01 2.660750608461648170e+01 2.670745969951326160e+01 3.087491782995434164e+01 2.988895881456941339e+01 3.405645877126459453e+01 3.928187336834417209e+01 3.723592262735743930e+01 3.431793435029672423e+01 3.106044854137472910e+01 2.190035472322649568e+01 2.322851408945989249e+01 3.031596139860575079e+01
1.349999999999999985e-02 7.084567811865461806e+00 1.708456781186539075e+01 1.483190222402460812e+01 6.463504309626424416e+00 1.068997743216064222e+01 9.420186123966001190e-01 9.420186123966001190e-01 9.420186123966001190e-01 1.099622515795904043e+01 1.543892899310899658e+01 2.219237200922255226e+01 1.595789129194766787e+01 2.433789552555467139e+01 3.119926067040012541e+01 2.124999397816671376e+01 1.416955776435685443e+01 1.552184689968401976e+01 5.525749636903850792e+00 3.025754511762588805e+00 1.303622945576558934e+01 1.383307938952637173e+01 4.785937014017034308e+00 5.282693406645005751e+00 1.232571402881281131e+01 2.034755229971977641e+01 1.665242789473420260e+01 2.408036270791037836e+01 1.982817523718922104e+01 2.693686200060564317e+01 3.701595098027912201e+01 3.938922946479237908e+01 4.050090018759570398e+01 3.607027020403474893e+01 2.898963147641245541e+01 3.324799760257396031e+01 3.739661661180443275e+01
1.319999999999999993e-02 7.084267811865462505e+00 1.708426781186539145e+01 2.060524277787354208e+01 1.646344677048446670e+01 1.094199239656207290e+01 9.420186123966001190e-01 9.420186123966001190e-01 9.420186123966001190e-01 1.121421743683440164e+00 8.186100089568304483e+00 1.551633820813547082e+01 1.018449733009207314e+01 1.862759155659884769e+01 2.278846676520307213e+01 2.826815291906021343e+01 1.945266098616761141e+01 9.449112028748853476e+00 1.284604201069327623e+01 2.842445620370960047e+00 1.285341735470044711e+01 1.885709387440065044e+01 1.467924289264946580e+01 1.528765885269437597e+01 6.016944536667488741e+00 1.617092304416343751e+01 1.079570804213556023e+01 1.403008038252355583e+01 2.408036270791038902e+01 3.405645877126458032e+01 3.633087337881050161e+01 2.908684267034118420e+01 3.021725848755808741e+01 4.050090018759570398e+01 3.900097098577182919e+01 4.073612453630038743e+01 3.657836304159468455e+01
1.359999999999999924e-02 5.787102691896265583e+00 1.285817050376176418e+01 2.285817050376182991e+01 1.715890130975397554e+01 6.897730721003322074e+00 8.014977734984601199e+00 1.092079276357313944e+01 1.090253727036027698e+01 4.856739557090105741e+00 1.375586027571107595e+00 1.137542504799982979e+01 5.712389090115735257e+00 8.330497225055236044e+00 1.726207021024814026e+01 2.765280064919868153e+01 2.320383603143650220e+01 1.944715323399973173e+01 1.266667935640267473e+01 2.659228917018923610e+00 9.734573165588523480e+00 1.975650795041600816e+01 2.123146350955451211e+01 1.111036273032081567e+01 1.617092304416633652e+01 6.845598338779204539e+00 1.708229537717252455e+01 2.219301825991798083e+01 2.824778634224317386e+01 3.120178057123121818e+01 2.696397502827118942e+01 2.182360815651315633e+01 3.210434190002920474e+01 3.900578339417563711e+01 4.333388338261968187e+01 3.493054722625884523e+01 2.651542246441889361e+01
1.299999999999999940e-02 1.001299999999996260e+01 1.769136952966358578e+01 2.216350548466314763e+01 2.132773140909656462e+01 1.330645274766529340e+01 1.806009785073550233e+01 2.013168544207266919e+01 1.084241337238793612e+01 1.455918179112128108e+01 1.137542504799982979e+01 1.629914659541856325e+00 1.629914659541856325e+00 8.700931944986901811e+00 1.870053185489973657e+01 1.975048373047559735e+01 1.667237731214727603e+01 1.624759962804502678e+01 1.240676857708123570e+01 2.659228917018923610e+00 8.434801905987775683e+00 1.845704119419570333e+01 2.539891215565322469e+01 1.566817515367474556e+01 2.125401697222286401e+01 1.708229537717592450e+01 7.808848403006104277e+00 1.802623744232192848e+01 2.313684989998477093e+01 2.289331415362685007e+01 1.699300962298646667e+01 2.696379218818090351e+01 3.136759265606895752e+01 2.820375046035260880e+01 3.900578339417563711e+01 3.076852159052305069e+01 2.073762545496596488e+01
