output/example/elevation_000046.asc
nrows	50
cellsize	20.0
xllcorner	0
ncols	50
yllcorner	0
NODATA_value	-9999
[rows 0 to 16 of 50, columns 0 to 36 of 50]
2.590084917154735766e-01 1.015915792865614087e+01 1.496557229066984718e+01 1.460621970200904940e+01 1.874909137412017301e+01 2.103979852510463999e+01 1.097838206947666784e+01 8.761317614479398941e+00 1.421945379088543149e+01 2.259896473651367188e+01 2.354475921853693166e+01 3.352651569100169127e+01 3.841985167336695639e+01 2.866286369373430531e+01 2.179811978125449201e+01 1.627901441228080515e+01 1.466340086774063778e+01 2.029911794421336779e+01 2.083707014790041256e+01 1.083289112065115845e+01 8.590155770537254654e+00 8.579494134360803770e+00 1.612266393367046646e+01 2.349329647722080949e+01 2.796184027370669867e+01 2.934099358290140813e+01 3.010723456134114073e+01 2.644014546946986854e+01 2.749876780190350090e+01 3.732249808079475883e+01 3.362382111021362618e+01 4.004258015041609298e+01 3.835589003013595999e+01 2.851541195675265428e+01 2.183630264866685877e+01 1.726400878876231104e+01 1.717371088463233519e+01
6.054987779269863646e-01 1.060549877792695028e+01 1.460621970200904940e+01 -1.220920053486250794e+02 1.460384069277433383e+01 1.762567797493911215e+01 7.752901534606745138e+00 7.799311132424159076e+00 1.001923723836069868e+01 1.353780502432603861e+01 2.333520557832906661e+01 3.036788232621283612e+01 3.613636918911713281e+01 3.259386568033359310e+01 2.286337392658262502e+01 1.955326066149032727e+01 2.118673575427001765e+01 2.848715989585966213e+01 2.492229297184709935e+01 1.610471401610376674e+01 8.212296555064112269e+00 8.196092650871429797e+00 1.778240033608927462e+01 1.902911837230626801e+01 2.335111616502598864e+01 2.793919201934124530e+01 3.330081938666099717e+01 3.624435785491310469e+01 3.732249808079465225e+01 4.142951973174638880e+01 4.346025119223454425e+01 3.904261848196679807e+01 3.507218725599661013e+01 3.401031962292591260e+01 2.765249456777065973e+01 1.817191180264096317e+01 1.408674745289013330e+01
3.430590528629120506e-01 1.034305905286287697e+01 1.178452889756670707e+01 6.548973051659628730e+00 4.612115725384116516e+00 8.597440263111160164e+00 6.114711417431283103e+00 9.594870421622060164e+00 1.603435859672589814e+01 1.306907048035012409e+01 1.622247518514302556e+01 2.200651979560743854e+01 3.199363494734482671e+01 3.667313388954199382e+01 2.750664482710461556e+01 2.632630601261330838e+01 3.096910379274369163e+01 2.750594291003731584e+01 2.289773860046287979e+01 1.630486905188634239e+01 1.318409135231506113e+01 7.799866932490823856e+00 1.378491517176295034e+01 8.372518793186044306e+00 1.069996227061502303e+01 1.891306922028319448e+01 2.673933539862838416e+01 3.115301298644256534e+01 3.697466934653220960e+01 4.351364650166571124e+01 3.958659786902555311e+01 3.507218725599661013e+01 2.561123307709082653e+01 2.454597413758571278e+01 2.874341624223891856e+01 2.438049568742609097e+01 1.469394416824570193e+01
8.235039275605838816e-01 9.102194490212378142e+00 2.455939262569760917e+00 3.235399276097510768e+00 6.540230449882575847e+00 -1.854381740652835617e+02 5.342429373256574188e+00 1.507698465458511805e+01 2.376394706277277180e+01 2.018640754315558894e+01 1.810144384923067307e+01 2.387180281469953158e+01 3.385705246791479084e+01 4.137235788812683523e+01 3.726955561181120657e+01 3.606983289651258673e+01 3.055692918772102828e+01 2.000857377481553456e+01 1.298073479326848734e+01 1.467435270990657870e+01 7.263891893704454539e+00 7.265502672290307551e+00 -3.885087624260155081e+00 8.815384603157301768e+00 1.039325354478133079e+01 1.317488988083074375e+01 1.693052606438118346e+01 2.271452823740882110e+01 3.274250295974172786e+01 3.785905989586205322e+01 2.966279461130411832e+01 3.277691580147046579e+01 2.679866935730892763e+01 1.882386156241756225e+01 1.918363081647424195e+01 2.340519141141202653e+01 1.940502682727719730e+01
7.161369641965544819e-01 1.661048146719622087e+00 2.017010133434271602e+00 2.365972893306248714e+00 1.205304158585493468e+01 1.401863633050916924e+01 7.028354049332956599e+00 1.091833141573179233e+01 2.077299448024237805e+01 2.550493648205643638e+01 2.788520186315384564e+01 3.223142499401911465e+01 3.799871969556991047e+01 3.502348322394689717e+01 3.301806903293767448e+01 3.382356872475070020e+01 2.879047093633501575e+01 1.835548447595778043e+01 1.143243930247149542e+01 7.790031267535062476e+00 6.474757237414248578e+00 7.485764311080462363e+00 1.626092750009605581e+01 1.548701140350028282e+01 1.732803309363321986e+01 1.654271387907209601e+01 1.667814896771151112e+01 2.383667005442993414e+01 3.395958580311729946e+01 3.368752812930723195e+01 2.358099970431383952e+01 2.245361615011727352e+01 2.838425621469177784e+01 2.138690119614949481e+01 1.400454319284731675e+01 1.654115047759427881e+01 9.949951808943925613e+00
6.490390650280113416e-01 9.739461340228869446e+00 1.192232241348045108e+01 7.783556601066976555e+00 1.657047762465945695e+01 1.916892951893957076e+01 1.012961489128243109e+01 9.311259491385031950e+00 1.156828693388943563e+01 1.655046863352716002e+01 2.361625110924762794e+01 3.362248841604623806e+01 3.502348639251070495e+01 2.509114340005582733e+01 2.308943277370028468e+01 2.389465266903172136e+01 3.092724034245118148e+01 2.275978484740846142e+01 1.267652981301588788e+01 5.293006247411412346e+00 5.889347366237759118e+00 1.498915139868568147e+01 2.092689145381429938e+01 2.516297046137072613e+01 2.628416446848358490e+01 2.614470588960866593e+01 2.565363145604211326e+01 2.680158092889652011e+01 3.692976615139851759e+01 3.371919869948843740e+01 2.341756127192688197e+01 1.741820819926131847e+01 1.767871774102958682e+01 2.454743704606676502e+01 1.481458702897786495e+01 9.972579011183203335e+00 8.117825897134014923e+00
9.330058981412470143e-01 8.004073710006696984e+00 1.800407371000662593e+01 1.773253443595276124e+01 2.187254733450827615e+01 2.011490933535940329e+01 1.994756623301430309e+01 1.154348209560992089e+01 1.270849489605330618e+01 1.692247068804469023e+01 2.266793883495446593e+01 3.268332183635165222e+01 3.233510706729353501e+01 2.239837182391270076e+01 1.703557299655942003e+01 1.693848783233546484e+01 2.429017139660436442e+01 2.326990364829338276e+01 1.220446406610023971e+01 5.626376890980226975e+00 5.666160826773894321e+00 1.384681929038890580e+01 1.754915339735838131e+01 2.741273853156423002e+01 2.581747191997741808e+01 2.174208095050645184e+01 2.175537466627697825e+01 2.386288280217552682e+01 2.936143517823059312e+01 3.391313896367622505e+01 2.417503366922348107e+01 1.678926882197536230e+01 1.304520052291376686e+01 1.550259466189319291e+01 1.717579804332289584e+01 7.177708279325432095e+00 7.233852922459963253e+00
5.188205228764638521e-01 8.301291429944388511e+00 1.545226046676879328e+01 2.119376427073713032e+01 2.591165084647159134e+01 3.009862191825020616e+01 2.571527356705795953e+01 1.656496985276446310e+01 1.699090440164960469e+01 2.228393123067414194e+01 3.104984629499856652e+01 3.683252522666747808e+01 2.759750998171438141e+01 2.060873431681026346e+01 1.569287211970524432e+01 1.294942362958462212e+01 1.449289636775035461e+01 2.086119089176854047e+01 1.133634844635816208e+01 -2.236640089683951871e+01 1.035430071704826993e+01 7.954447158280885333e+00 1.795553966364611043e+01 2.482190446047155064e+01 2.020449856950858347e+01 1.186721262267702848e+01 1.159318995131780206e+01 1.259370490739598125e+01 2.129228157909497199e+01 3.425293576421049835e+01 3.151948636508099710e+01 2.391503377883199732e+01 1.348611388002720801e+01 9.642793982279270537e+00 1.091825077442183201e+01 7.051188522578090812e+00 1.142300919687201599e+01
7.467319160170617920e-01 3.761845361794700526e+00 7.297379267727443164e+00 1.176951522272703698e+01 1.884058303459255868e+01 2.884058303459262618e+01 3.071201024460715345e+01 2.657117522461506098e+01 2.278086206127495572e+01 3.114985816202315760e+01 3.642008133861867947e+01 4.169202451372717633e+01 3.464481221035706682e+01 2.584383507518859702e+01 1.600960040798716477e+01 1.149174648971395207e+01 9.473744830515801851e+00 1.255227783464221680e+01 1.727607079271908574e+01 1.436033728179707047e+01 5.229058761233355668e+00 1.345888354173018797e+01 1.529137253539029473e+01 1.524068422911022758e+01 1.576357535481314365e+01 6.193445994184447301e+00 5.958853072570158282e+00 1.172328906315245511e+01 2.328811504379438446e+01 2.980235654757222719e+01 3.377039753342388906e+01 2.832998749253824755e+01 2.112725813769226235e+01 1.028125166618750619e+01 5.697802552642827756e+00 6.375377129144490063e+00 6.454817446807181724e+00
7.351574092455022136e-01 8.512055916326049854e+00 1.539092557771065728e+01 2.122526551216655832e+01 2.591165084646808481e+01 2.905545772090917822e+01 3.095557081685528544e+01 3.509814360307227332e+01 3.278251374748639080e+01 3.692412457440496354e+01 3.638519085912825801e+01 4.051729436703860188e+01 3.276388407703887395e+01 2.283882951923364502e+01 1.716864789622458076e+01 1.712265951533395736e+01 9.206237657606415326e+00 7.168399543585951328e+00 7.352075467019551169e+00 -5.417286109776265590e+01 5.049653705263231984e+00 4.792865575618475482e+00 6.115292623711020781e+00 1.246916260167254009e+01 1.270691591157696365e+01 -4.601599465044442638e+01 6.687094930567070605e+00 1.384995879648194261e+01 2.463021181410442395e+01 1.994185968525463437e+01 2.491311369864806835e+01 2.855631255326667883e+01 2.391863234474590172e+01 1.650352070350971800e+01 1.519222595636765405e+01 7.098919145278970610e+00 6.135677798670799987e+00
5.269872374626074496e-01 7.598055049328070076e+00 1.759805504932799991e+01 2.687511396846421974e+01 2.392444330319777634e+01 1.904767194236207573e+01 2.094385688944460000e+01 3.095557081685528544e+01 3.550269868527575312e+01 3.137114599051074748e+01 2.641873137992840626e+01 3.476177015897068401e+01 3.690167551997357265e+01 3.116054221309434880e+01 2.684104235867613042e+01 2.323771723866372696e+01 1.912438788002369350e+01 1.338117388759237691e+01 6.852902919654976444e+00 9.740462621691216683e+00 1.293883043256384546e+01 5.551616836042911451e+00 4.115030137350035311e+00 3.990698780057767792e+00 3.584541281881457042e+00 3.388529339991432465e+00 1.207916237650948510e+01 2.099941826394713473e+01 2.137620432565180195e+01 1.414875666507926155e+01 1.505917548805696171e+01 2.326310375010063680e+01 2.909345435720730677e+01 2.270394305739948493e+01 1.454086690019044248e+01 1.323300498136688752e+01 5.755253063752370224e+00
1.383962708379395945e-01 7.209464082703425980e+00 1.720946408270349437e+01 1.683473609455531061e+01 1.390226265544083972e+01 1.385822394739225594e+01 1.863880670070485124e+01 2.867353584748176232e+01 3.052606883060471077e+01 2.140896647131696895e+01 2.065833340561323794e+01 3.000719820835209006e+01 3.422484879415380732e+01 3.009719972723690873e+01 2.900529027205447008e+01 2.896131068457172475e+01 2.740134806292440928e+01 2.090379317382337021e+01 1.656759914850113802e+01 7.696684057689683556e+00 1.763816070199429120e+01 1.355583946518304472e+01 3.625138465588957359e+00 2.673786343093024431e+00 1.031080393504895021e+01 -8.154880342964572648e+00 1.266406492735812961e+01 1.717040667815750865e+01 1.901805278949906963e+01 9.520125422126595183e+00 9.777028864776550421e+00 1.903168238437762483e+01 2.125615002753810145e+01 2.248708608356214711e+01 2.283754888239860392e+01 1.736497182485556223e+01 1.063711118310509640e+01
6.756183529128325649e-01 1.067561835291279770e+01 1.706223972412271195e+01 9.721193336989765399e+00 9.388085206408923966e+00 1.361907045928910698e+01 2.361670573318888344e+01 3.281670356367296648e+01 2.620426857270720333e+01 1.639581192523672115e+01 1.619466613261921140e+01 2.592113909237010105e+01 3.009719972819332767e+01 2.010587971205256252e+01 1.900815878971086192e+01 1.895696253711850687e+01 2.602450065057815465e+01 2.336372422702317309e+01 2.175604218631069386e+01 1.763842692439088111e+01 2.175942859339262725e+01 1.847922404369348470e+01 1.369497247034598786e+01 1.324022146772369091e+01 1.090277189491840737e+01 3.147197437719347679e+00 3.260157130201929654e+00 1.303104875087105796e+01 2.097629640145054708e+01 1.137386521206667211e+01 7.668672813261216525e+00 1.548097970596732864e+01 1.320951027320731441e+01 1.453874050613695523e+01 1.776033859663689185e+01 1.443829964200285687e+01 -9.921675956078365743e+01
1.053743069371424479e-01 1.010537430693710625e+01 7.213525020219044848e+00 5.932668232058988522e+00 1.062507397067713377e+01 2.059058790256761995e+01 2.775564655085472410e+01 3.184229914275104534e+01 2.828711753828607556e+01 1.830305130098252420e+01 1.338983926568804073e+01 2.006007069099410600e+01 2.451093712619907450e+01 2.131336716799535580e+01 1.305774126694171144e+01 1.192606291484711711e+01 1.857510937980025645e+01 1.340857394045363371e+01 2.046031922785442347e+01 2.677073828919410303e+01 3.055325491034195906e+01 2.352447359716013509e+01 1.939139287762442621e+01 1.706311047947155402e+01 1.204640870674615805e+01 -6.101261033014212387e+01 -4.761416377169634018e+01 8.671897204726018771e+00 1.764673957801019455e+01 1.021228148962115867e+01 1.284137689786744652e+01 6.010289883019127366e+00 1.165344080525713366e+01 9.909445470763797559e+00 1.005220015360857211e+01 1.209511057314673010e+01 6.021738183071323469e+00
4.388850927889174081e-01 6.050455266089524109e+00 2.966751149702036017e+00 7.215007671711293646e+00 1.717210755349603346e+01 2.019027209525459199e+01 2.170596975203664059e+01 2.170596975203664059e+01 2.777892986098088457e+01 1.778874907243080372e+01 1.100764750453533480e+01 1.037862645018371133e+01 2.037496104456596413e+01 2.282259061947059919e+01 1.285634857164708933e+01 8.217776559016780169e+00 8.787822406696767175e+00 6.458445019984242030e+00 1.616380691773222367e+01 1.716890161668417392e+01 2.508911315391850039e+01 1.939148462400469342e+01 9.468771911651572282e+00 6.704464096310206678e+00 1.251261600734494017e+01 -9.382727806210202459e+01 3.088057265391703776e+00 1.041576942062039812e+01 1.347105486013054865e+01 -2.403651764968331577e+02 3.334703393385950676e+00 -8.711610767052395232e+00 -1.691673417711759697e+01 9.233175510708734990e+00 4.254529513045602229e+00 4.536520743021978497e+00 4.825325878208159835e+00
8.953435393330821945e-01 5.220922214493589619e-01 5.800505092227094650e+00 9.513613603280038689e+00 1.176228000053374600e+01 1.011355490801794765e+01 1.158074645970945937e+01 2.074552914073568033e+01 2.840855918153897264e+01 1.840989179341204007e+01 1.128360653699749427e+01 8.238959185484633352e+00 1.542516096766510536e+01 1.987496512170045548e+01 1.923676750692003878e+01 9.343917643915688132e+00 4.676983163737846283e+00 7.217295509171692380e+00 1.395826886920509580e+01 1.145751063378817669e+01 2.051437936532328621e+01 1.719790752599399397e+01 7.225996285147715525e+00 -5.091014920346849522e+02 2.939254159761567120e+00 8.034064750669225319e+00 3.252916691644561098e+00 3.456725811034163875e+00 1.311387688767524295e+01 -1.792757289021749898e+02 3.900407234152082570e+00 3.300551534609950988e+00 4.179535823069305600e+00 9.189882202380687204e+00 3.825115671431077669e+00 3.655644089727565937e+00 1.000037551259762303e+01
1.994484013391750743e-02 1.704032358771551126e-01 -6.985410617611073576e+02 -2.651186325082623512e+02 2.388018124312999646e+00 5.350595882021424110e+00 1.110598032871157947e+01 2.122158710271954973e+01 2.898149777019932927e+01 1.900443325621203172e+01 1.192433088972322963e+01 6.458588484773805760e+00 5.695506985898010299e+00 1.573549453774712958e+01 1.741197815506127711e+01 7.514745507238257183e+00 7.452149313238650485e+00 -1.085228232986058629e+03 7.921576584812981991e+00 7.058837507778322085e+00 1.655463478164564606e+01 2.120038927095167480e+01 1.231954277159920430e+01 -3.256488208735493117e+02 8.212419404203896711e-01 9.192130390985216337e+00 8.140533851727134618e+00 3.184327684148317683e+00 3.498450028572344994e+00 1.045965028534871522e+01 1.011344478033275252e+01 1.157299917459587846e+01 1.370107192331785662e+01 -3.335401977961505082e+01 4.387715744541829110e+00 1.348818197229545746e+01 1.797527595320882199e+01
