output/example/elevation_000143.asc
nrows	75
cellsize	13.33333333
xllcorner	0
ncols	75
yllcorner	0
NODATA_value	-9999
[rows 51 to 67 of 75, columns 37 to 73 of 75]
4.609781428355502975e+00 1.217054306418081033e+01 1.628167942244085253e+01 1.782141738129388031e+01 1.529842204507411374e+01 5.513904725914462013e+00 5.654221162326248162e+00 3.368717108695547413e+00 3.528223227879311974e+00 3.756306352948930005e+00 3.756306352948930005e+00 4.307583835655965032e+00 8.502013297686596971e+00 4.154164708473120804e+00 1.328408797344926739e+01 1.411716087626362715e+01 1.886426659158672337e+01 2.571182536716521483e+01 3.052978831557971873e+01 3.241341989519782629e+01 3.114936889438889267e+01 2.320380883286243900e+01 3.114936883129688283e+01 3.587231502499914626e+01 3.754665784831975373e+01 3.047557017807355706e+01 3.470752433788105407e+01 3.096550637318610910e+01 2.112304651242615705e+01 2.604432152976134773e+01 1.777246054748261983e+01 1.896485456510165690e+01 2.019321022021344447e+01 3.000459621991888781e+01 3.638842777650386751e+01 4.104700431245081660e+01 4.105566757475221351e+01
2.249067919684813788e+00 2.249067919684813788e+00 1.217036719224511998e+01 1.056231638899957481e+01 2.544085078812828637e+00 5.589839681465731402e+00 2.896424484616160644e+00 1.163775132039920912e+01 6.198802030347877690e+00 7.800614151661487305e+00 1.370321902569200745e+01 4.262732396262348900e+00 1.447604372115656979e+01 1.428410982658468953e+01 4.711204213997400636e+00 5.178182070805987358e+00 1.238331363084227199e+01 1.967326432647535128e+01 2.127063292198126732e+01 2.307703185032212545e+01 2.307703185037854610e+01 1.806310671632613207e+01 2.251383243857513961e+01 3.175293280873962232e+01 3.340421065521115906e+01 2.352294932229476032e+01 2.479902382798942284e+01 2.877408960609269073e+01 2.465816779356463684e+01 1.629281843419532549e+01 2.604398248266467419e+01 2.876958389159997509e+01 3.001731032061132609e+01 2.294120347549041483e+01 3.280809976509816295e+01 3.941413377826440012e+01 4.361658881052569114e+01
2.249067919684813788e+00 2.249067919684813788e+00 2.249067919684813788e+00 2.249067919684813788e+00 6.683547928751946365e+00 2.544085078812828637e+00 6.005508516889806359e+00 1.074534881808969899e+01 1.544878745246928808e+01 1.640912842698948992e+01 7.635949178410635696e+00 1.550198825940831071e+01 1.969045472182536116e+01 1.887698087784242063e+01 1.481814876865128561e+01 1.247981402517687144e+01 5.731162765437080253e+00 1.167394663226551721e+01 2.030243523334892330e+01 1.991197480271054587e+01 1.384897759375371251e+01 2.038598971738986521e+01 2.956740525090236815e+01 3.587229198190976831e+01 3.754648989244203250e+01 2.770126970203440209e+01 1.791707734938651342e+01 2.332674012466018709e+01 1.491876170862503059e+01 2.465830320199000880e+01 2.314986902061091811e+01 3.009934430538162076e+01 3.697473313142807427e+01 3.280809976531347161e+01 2.594196350026657782e+01 2.939782107996553506e+01 3.435153292875435227e+01
1.217052268022584016e+01 1.189432433487743523e+01 2.722804872488381100e+00 7.268284025300898676e+00 1.232740826697675907e+01 1.379737285651748024e+01 5.682635335159903711e+00 1.551776935854435813e+01 2.169585285845477074e+01 1.962065038240122306e+01 9.660968223708445990e+00 1.962923117591837396e+01 2.666790105699727320e+01 2.195390327893796112e+01 1.461780067841341335e+01 1.007891043441445511e+01 1.586555337829498491e+01 6.287248012467682834e+00 1.646916218949183630e+01 1.033242305199970090e+01 1.991197480069200054e+01 2.701097796771173876e+01 2.809284946690539186e+01 3.217537822012758397e+01 3.192265386013099615e+01 2.617798861182011905e+01 2.207207789497769923e+01 1.356934665745100155e+01 2.332642235386548890e+01 2.177155076083499097e+01 3.162696844128015172e+01 3.719074742271504874e+01 4.427392067883616278e+01 3.875979141670273975e+01 2.875907224538404350e+01 3.875979141670273975e+01 4.361658881052569114e+01
1.298639834735402410e+01 3.451624700159895198e+00 1.241038149389998146e+01 1.410306084663290704e+01 1.737113685370750105e+01 1.516832793555388825e+01 1.555127654139876370e+01 9.419787634818455047e+00 1.960077580330324665e+01 2.365525870490481353e+01 1.962944155965535842e+01 1.273044412524981972e+01 2.269371535006651186e+01 2.554889875447365810e+01 1.875890836420498076e+01 1.477636536416074264e+01 2.017895014503816853e+01 1.499250169428415980e+01 6.869326630857538696e+00 1.713136983487179776e+01 1.811684820710558697e+01 2.260491006169939965e+01 1.817741329694082353e+01 2.612853783519181050e+01 2.494348706892806433e+01 1.796790601092839168e+01 1.227519240648696019e+01 2.207230950284761306e+01 2.743914521657324457e+01 3.162694429032251620e+01 3.578409557637981209e+01 3.660705032166324457e+01 4.072186901784605340e+01 4.296081530325823650e+01 3.875979141670273975e+01 3.404989130988090551e+01 3.985738997898496194e+01
8.830249018275425854e+00 1.263293660218291770e+01 4.091280710374716634e+00 7.940685974244639844e+00 1.753407354875662705e+01 2.434134387386328413e+01 2.370760934628524197e+01 1.532546701864143301e+01 1.522748912625004536e+01 2.515838580582987660e+01 2.667764825773083004e+01 2.269371535006651186e+01 1.632354875632363900e+01 2.615390163688726588e+01 2.764823607088255031e+01 2.081096030415114129e+01 2.393805806937748315e+01 1.430201768445593480e+01 1.704854889660130368e+01 7.534867121655876687e+00 7.534867121655876687e+00 1.785273060891366015e+01 1.342824217844746393e+01 2.129477289761533498e+01 1.963515660118627792e+01 1.099463166243072898e+01 2.084288394861539473e+01 2.207230741712649191e+01 3.193851971437814896e+01 3.414593353043006374e+01 3.021688983247010540e+01 2.756999869210562082e+01 3.660705032166324457e+01 4.505354746722441206e+01 4.837531744186696159e+01 4.416831796456290249e+01 4.837531744186696159e+01
9.196121017013949128e+00 1.374481770987910245e+01 4.520393249721457174e+00 1.411647527860344375e+01 1.463923241869625258e+01 2.452298209676282426e+01 2.949090625044237868e+01 2.544095621268753860e+01 2.085183142487767327e+01 2.919854528489043233e+01 3.544012157820337450e+01 2.596007836049441053e+01 1.902390116631017491e+01 2.873653868878555073e+01 3.528060223979484533e+01 3.135054951299803250e+01 2.792892830535377868e+01 2.396312122503353592e+01 1.919694260751291637e+01 9.230166792912209317e+00 1.702840720136722297e+01 8.312937821611544820e+00 1.393104563868460311e+01 1.906515542106904704e+01 9.686521575362558423e+00 1.963521593671941901e+01 2.494306860596335440e+01 2.805440059394294749e+01 3.113229931081617963e+01 2.726141009181756303e+01 2.152571078969413421e+01 3.021688983247010540e+01 3.096009625112587926e+01 4.079751662211047858e+01 4.686580146153219317e+01 4.277259935102146926e+01 4.277259948438329218e+01
1.447604956304122048e+01 5.164476873394466594e+00 1.375642077029299415e+01 1.791665901720823584e+01 2.452298115632567743e+01 2.874642229222416390e+01 3.255645219442040172e+01 3.316626581435073717e+01 3.029978710766473071e+01 3.430943836543146119e+01 3.815297458563436095e+01 2.873327427101781950e+01 2.254346757127314760e+01 3.207163052557906724e+01 3.823950419265624845e+01 3.274237252156506628e+01 2.847927293882758804e+01 2.126249721237755708e+01 1.152273105066215564e+01 1.920528186103534551e+01 2.167514822013831477e+01 1.507483418008162168e+01 9.121688735589440711e+00 9.686521575362558423e+00 1.032826191480494415e+01 2.017652567574598521e+01 2.501305673484241154e+01 1.874630178269791259e+01 2.368543709438628753e+01 1.697752612615129308e+01 2.011756674561483393e+01 2.336905068210379710e+01 2.989950820911339946e+01 3.968392154086978252e+01 4.120871524506226535e+01 3.300882680024896842e+01 3.300882693358230568e+01
6.312968044614865271e+00 1.464586457668615260e+01 5.958771364127994019e+00 1.517911725787663002e+01 1.596557573191597257e+01 2.003521655510960287e+01 2.258324467667296886e+01 1.430344600297982360e+01 2.739286041942169447e+01 3.167973296193670762e+01 3.685729837314229229e+01 3.576576603630286399e+01 2.732669147082943795e+01 3.576576603630286399e+01 3.428735309902879891e+01 2.477508884783220111e+01 1.926252609250690639e+01 1.494075295283941962e+01 1.354279076736489174e+01 2.316057286213485256e+01 2.762335175655291408e+01 2.316648372995429739e+01 1.334383606230131036e+01 1.966702416783150298e+01 2.017574562630566248e+01 1.117863973921046217e+01 2.098248571940651530e+01 1.202084959964478372e+01 1.392064122895398270e+01 1.851489902462041215e+01 2.709915727159422971e+01 3.276529652390970426e+01 3.691668961380042902e+01 3.737242301755883744e+01 3.330779942258818949e+01 2.737676693047389165e+01 2.737676693047389165e+01
1.287857645169718346e+01 1.841863688475521954e+01 1.516719959824292552e+01 6.754952561295577418e+00 6.754952561295577418e+00 1.595444247244669178e+01 1.584453837267051668e+01 1.430344600297982360e+01 1.732733439767892136e+01 2.221044378365938599e+01 3.257541277670617319e+01 3.990966900622819935e+01 3.587136569714589029e+01 3.990966900622819935e+01 3.302358015355012810e+01 2.372443676787374756e+01 1.948585948272289414e+01 2.452768684835266555e+01 1.557635748790037411e+01 2.233042016479886627e+01 3.189614479560381710e+01 2.236592534471575533e+01 2.121355982365970760e+01 2.857467220778885064e+01 2.501738106762301683e+01 2.098244808312675858e+01 1.202084959964478372e+01 2.179266415132509493e+01 2.368543761786632018e+01 2.679067622395337978e+01 2.703634896948704380e+01 3.592428744804546170e+01 4.021163266693992000e+01 3.044813806041546655e+01 2.356068809183652846e+01 3.330779942255217208e+01 3.713548277384634133e+01
1.771288777590898533e+01 2.510409535298539652e+01 1.975271303707496529e+01 1.566446647205937204e+01 6.754952561295577418e+00 1.521131936646679250e+01 1.071103475045355502e+01 1.999504031519530045e+01 2.739286041942169447e+01 3.167973296193670762e+01 3.686032128821222642e+01 3.535705255004863545e+01 3.914539547469485115e+01 4.012523231761348796e+01 3.116008626503226964e+01 2.894325234115554935e+01 2.894711280151376442e+01 2.722186144595367807e+01 1.770883761073976359e+01 2.319041699238100307e+01 3.271626257570903107e+01 2.981493317063684145e+01 3.169698027934932938e+01 2.869120056160953425e+01 1.894656778885455140e+01 1.202084959964478372e+01 2.178886926583130190e+01 1.310348940041267518e+01 2.282625394430977650e+01 2.753944161603404339e+01 2.520292774947825620e+01 2.995579129959525488e+01 3.471435328410495913e+01 3.065497163371672329e+01 2.356068809183652846e+01 2.723760187196316807e+01 3.413489753835769847e+01
1.424841468912610587e+01 2.386458795907532249e+01 2.220403871300613829e+01 1.373320886672753360e+01 1.504686334073946163e+01 7.576082910402326398e+00 1.712405081312324029e+01 2.063304756121513606e+01 2.804155853011857147e+01 3.475261256932871134e+01 3.302946043551275324e+01 2.404870376488054262e+01 3.303692286179105508e+01 4.113604919416427208e+01 4.012584174194002173e+01 3.839984429335266469e+01 3.222619964732053432e+01 2.485450120214433767e+01 2.070485334536444810e+01 2.722080794061598041e+01 3.665713143389718454e+01 4.007112931054876270e+01 3.618627157305647302e+01 3.072532097904702297e+01 2.290764549842860021e+01 1.318028946595255846e+01 2.290170820443560373e+01 2.282625398109713188e+01 1.417995317413762102e+01 2.386465778326014586e+01 1.524240506323614142e+01 2.516251400538712701e+01 2.829285476430223056e+01 2.091571449094786317e+01 2.653240290041257765e+01 3.628650525225760504e+01 3.413489753835769847e+01
2.098911541427109384e+01 2.795497248336300800e+01 2.648734833538999567e+01 1.893867348184457100e+01 9.046174238998304418e+00 1.369289058803305181e+01 8.626296619410126709e+00 8.626296619410126709e+00 1.845056230443240608e+01 2.583010632758533731e+01 2.845896664311532120e+01 1.820594984738860944e+01 2.503668374171344624e+01 3.236251813746041250e+01 3.817301907814847084e+01 4.455279704927893647e+01 3.803210680812563282e+01 3.023719000687415104e+01 2.430090756054453038e+01 3.384356017523576554e+01 4.074553930513584987e+01 3.965603526910809506e+01 3.228884477145995646e+01 2.281256614388646042e+01 1.727459824372830965e+01 1.434587939598971751e+01 2.418988445509945961e+01 2.790534267968519444e+01 2.386465778332667043e+01 1.524240506323614142e+01 2.491735193669917336e+01 2.568950208310829808e+01 1.856761648932692665e+01 2.829285475899265379e+01 3.471431033274480171e+01 4.035906406900661381e+01 4.390400996292666491e+01
3.080531399537995796e+01 2.955574647077321870e+01 2.012964621152316269e+01 1.888474585909992243e+01 1.006405605213741339e+01 1.799403714255658571e+01 9.383598459600488439e+00 1.802611416205655459e+01 1.543182018908115793e+01 2.488327061473914981e+01 2.124402310552967776e+01 1.480982468904535665e+01 1.750330381616895536e+01 2.216616932250117245e+01 2.946053076401651083e+01 4.214367998655567504e+01 4.384188924969208756e+01 3.783342267416912819e+01 2.980214680304323949e+01 3.783342267416912819e+01 4.137463479896606344e+01 3.287546046220562346e+01 2.683299617696976469e+01 2.272157201345977029e+01 1.560324060418115621e+01 1.560324060418115621e+01 2.538234151467018407e+01 2.491735746810093488e+01 1.524240506323614142e+01 2.491735193673660476e+01 1.634177723890532263e+01 1.634177723890532263e+01 2.603418263810677757e+01 2.741098654040526483e+01 3.717593926545747962e+01 4.242767979471816631e+01 4.189578457041140069e+01
3.178805785119146066e+01 2.202169951684808069e+01 2.027963013341183185e+01 1.142359569648433748e+01 1.888474585909992243e+01 2.246820944046207202e+01 1.838088254767401963e+01 1.041358399275554447e+01 1.935246740091977102e+01 2.123914910467010131e+01 1.213512566853776065e+01 2.124402152628016793e+01 2.784065009772426436e+01 3.235443524240400137e+01 3.479940365968443672e+01 3.932806725326607022e+01 3.589748882876488523e+01 4.022327509257282685e+01 3.936440160690645484e+01 4.337318475845299304e+01 4.417211567818979034e+01 3.965406662805890647e+01 3.336886118500909504e+01 2.725891429119603870e+01 1.746076169656344490e+01 2.538234151467018407e+01 2.538234151467018407e+01 2.817312003495900541e+01 1.843900380187006505e+01 2.603343948444984335e+01 1.634177723890532263e+01 1.634177723890532263e+01 1.768831796177948945e+01 2.741098652131635305e+01 2.916230038518139622e+01 3.544080808748247335e+01 3.276706929678114477e+01
2.870497654886715466e+01 2.014948867405835031e+01 1.435705798098961594e+01 1.236047692426926758e+01 2.048007492204343194e+01 2.486135000106203918e+01 1.697429769679699518e+01 1.301949445363063873e+01 1.141790588740616741e+01 1.213512566853776065e+01 1.213512566853776065e+01 2.124465755354476215e+01 2.597307351828356303e+01 3.282471231298992365e+01 2.527922966484908329e+01 2.992707178201159479e+01 2.555643499079693370e+01 3.283476097753328560e+01 4.329157449354128318e+01 4.472183522118108101e+01 3.372857783331328108e+01 3.489508459703017706e+01 2.931635954881755168e+01 1.949766125527276373e+01 2.115362970692341804e+01 3.097940355526336376e+01 3.526059309759211402e+01 3.189457799048643949e+01 2.209614359907961756e+01 3.008022593705699066e+01 2.594969318995850216e+01 1.634177723890532263e+01 2.718814345022692436e+01 1.969995109695754820e+01 2.292926069085347507e+01 2.630431141344096346e+01 3.276706929678114477e+01
2.882249004772761936e+01 1.591377497385140494e+01 1.361121115819757144e+01 2.240783568887775346e+01 2.899904617982578614e+01 2.761097660822476030e+01 1.758802668690778503e+01 2.142060699823253245e+01 1.353857424994764713e+01 2.091372335150241213e+01 2.034564854794238542e+01 1.324586932786344384e+01 1.399160367270967775e+01 2.374346051808116087e+01 1.976561373180439674e+01 1.981135001585584732e+01 2.992708085287492281e+01 4.022327509257282685e+01 4.462706349629517888e+01 4.214059491458066731e+01 3.195887427731648245e+01 2.491258598547296188e+01 2.163430977598875415e+01 2.931721097741822746e+01 3.098487618121940201e+01 2.807441188148035138e+01 3.801135897479242942e+01 3.611957186497892280e+01 2.772514980937654272e+01 3.603063998738694096e+01 2.862826988576569320e+01 1.812937631033696917e+01 2.819638960789226445e+01 2.944551132052076525e+01 2.209212478443172856e+01 2.876894204682530898e+01 3.270345590386094159e+01
