output/example/elevation_000045.asc
nrows	75
cellsize	13.33333333
xllcorner	0
ncols	75
yllcorner	0
NODATA_value	-9999
[rows 51 to 67 of 75, columns 37 to 73 of 75]
1.339794752503608244e+01 2.349155359834912105e+01 2.510773714366785825e+01 1.834294500432761410e+01 2.751694848886146971e+01 3.396916024239927623e+01 4.091235339741611199e+01 4.504558551160721436e+01 5.056709808720061972e+01 4.482224721617517105e+01 4.069083397627227328e+01 4.198054935216747907e+01 4.299682680759351427e+01 3.887621831780934656e+01 4.172606263724756559e+01 3.179467429499487707e+01 2.472807802035763913e+01 2.479347744000196130e+01 1.457266211134210110e+01 2.479347765141645965e+01 2.238778128009049695e+01 1.273694607717192895e+01 2.304357529406036065e+01 2.784467398907131042e+01 2.857821341522988234e+01 2.150496009146534249e+01 1.532001880171652175e+01 2.549361829450523231e+01 2.655535800475610131e+01 1.852533924184107050e+01 2.858840412412215315e+01 3.488452154159600127e+01 4.008802882037475968e+01 4.421014109749355470e+01 4.626989590698210719e+01 3.923242521302957897e+01 3.923242521302958608e+01
2.349155359834912105e+01 2.763055480865149605e+01 3.160104398647725432e+01 2.751694848886146971e+01 2.066050572138351882e+01 3.022109011025134606e+01 3.738167490842112528e+01 4.183169004974740801e+01 4.758826461228542115e+01 5.088278357433670607e+01 4.591275670104886331e+01 4.178670015117007353e+01 3.887621831780934656e+01 2.896273319603309915e+01 3.186632576300940300e+01 3.018015816405173268e+01 2.655860461775391101e+01 1.641872224669848634e+01 2.479347765140612836e+01 2.892918345967218485e+01 2.009442479621275268e+01 2.304357529406036065e+01 1.341811577210799555e+01 2.370264961201762688e+01 2.370264987868430495e+01 1.420382611845384169e+01 2.444148971747717525e+01 2.962424044307759274e+01 3.270671095147241658e+01 2.858840412412215315e+01 2.077069581675837284e+01 3.077055154346931687e+01 3.018215851744747980e+01 4.008802882037475968e+01 4.681538260030919218e+01 4.917015506123824053e+01 4.917015506123824764e+01
2.487916584809369880e+01 2.706643403585392349e+01 3.120444168800965556e+01 3.433617855275068820e+01 3.022109011025134606e+01 2.342545732984919127e+01 2.775950658092032342e+01 3.348759426778197934e+01 4.345372696917785760e+01 4.674797554712824876e+01 3.682542475521191960e+01 3.189269436148680370e+01 3.683969725632843506e+01 3.186632576300940300e+01 2.189082371989834286e+01 2.016176379123159634e+01 1.846492803063591026e+01 1.986977045268187325e+01 2.990302170028992990e+01 3.428747885450437849e+01 2.724591178404320146e+01 2.784467398907131042e+01 2.370264961201762688e+01 1.341811577210799555e+01 1.341811577210799555e+01 1.341811577210799555e+01 2.370265001201763866e+01 3.164998377297601451e+01 3.663779342158647268e+01 3.488452154159600127e+01 3.077055154346931687e+01 2.313506400783084160e+01 3.308352075562043382e+01 3.278572774526018208e+01 3.977724272022558694e+01 4.971747196922407852e+01 5.166387492262903436e+01
1.481443623977549073e+01 1.704311200027379414e+01 2.413980796557343922e+01 3.413193438671973468e+01 3.738167490842112528e+01 3.033989433928347879e+01 2.755327028305478976e+01 3.328040856665418090e+01 4.324613841657695446e+01 5.088278357433670607e+01 4.591275670104886331e+01 3.683969725632844217e+01 2.693893201323119868e+01 2.464059686773772029e+01 3.186632576300940300e+01 2.247100037176319987e+01 2.853314427475865500e+01 2.699261101508788840e+01 2.625014899170711757e+01 3.618873609327521734e+01 3.720702543178525445e+01 2.951534409457132924e+01 1.944746238379326186e+01 1.341811577210799555e+01 1.341811577210799555e+01 1.341811577210799555e+01 1.741181980830762299e+01 2.253013731838593969e+01 2.961201814862658921e+01 3.954081992522821309e+01 3.719614980747050481e+01 3.308352075562043382e+01 2.577540305598253312e+01 3.568623192712657755e+01 4.163619398697465357e+01 4.462144621350422113e+01 4.170437673013910995e+01
2.487916584809369880e+01 2.706643403585392349e+01 2.072036849656545243e+01 2.779113724827312382e+01 3.777897827362799177e+01 4.029047944993464370e+01 3.198489409972797048e+01 3.749242160505296084e+01 4.738061260976126476e+01 4.786280056760032409e+01 3.793215611021943090e+01 3.223332430140310834e+01 3.683969725632843506e+01 2.841281185906812468e+01 3.531141492305417984e+01 2.538339436672770333e+01 3.531141492305417984e+01 3.692937464858030694e+01 3.328285021859378645e+01 4.030716469284080006e+01 4.047940750749651073e+01 3.363789350004722678e+01 2.784467425589134137e+01 2.370264987868430495e+01 1.408177947847895695e+01 2.370265001201763866e+01 2.752511708916104283e+01 3.110108609826604109e+01 3.521965113100624478e+01 3.683452422663530257e+01 4.095457994396165446e+01 3.980055517278467647e+01 3.150359938126609549e+01 2.900610549742696875e+01 3.175061285358600571e+01 3.472048467353261714e+01 4.041507068262927049e+01
3.380999553017995396e+01 3.485363554960446919e+01 3.071650815518636435e+01 2.519504443431054241e+01 3.096266022565516352e+01 4.094919424154498699e+01 3.773243324463156512e+01 4.608218240008991273e+01 5.159929244916693136e+01 5.199857390465255236e+01 4.625598288712477313e+01 3.921838080897235557e+01 4.242769652241659628e+01 3.283709408525057682e+01 3.905368201550400897e+01 2.915257393208454317e+01 3.531141492296739415e+01 4.523423827105911244e+01 4.320416518263952810e+01 4.444259114579566017e+01 3.636047711266177629e+01 2.641221067747546059e+01 2.626187534595518613e+01 1.611703509453565886e+01 2.432733021472099466e+01 1.513425456686318959e+01 2.531629337471814623e+01 2.108153165170655896e+01 2.944778802320831090e+01 2.686470442466717401e+01 3.683452422663530257e+01 4.552460795261843884e+01 4.139981423946762362e+01 3.599029253442410692e+01 3.707370198631463865e+01 4.462144621350422113e+01 4.875410348517761605e+01
2.674365168448727204e+01 3.673801974712581853e+01 3.932049533048098766e+01 3.096266022565516352e+01 3.518346613919963772e+01 4.508654862367496463e+01 4.770681960265380894e+01 5.184265721340311472e+01 5.212814316947188331e+01 4.799218748432851811e+01 4.799218748432851811e+01 4.915701824047485502e+01 4.686311321935031771e+01 3.853559685751750408e+01 4.317475732052307080e+01 3.486332796876186535e+01 4.317473997453700463e+01 4.502817082888267208e+01 4.093769242468135872e+01 3.454128379440946617e+01 3.446385124268503120e+01 2.823775158121333462e+01 1.816272010404679804e+01 2.626187534595518613e+01 2.944778775654164349e+01 2.531629337471814623e+01 1.513425456686318959e+01 1.513425456686318959e+01 1.957827129867468230e+01 2.906757312295423645e+01 3.542932860093780079e+01 3.825532315785283544e+01 4.234558418910338418e+01 4.590562812010283267e+01 4.699572476179962877e+01 5.112917084318247163e+01 4.953863896782613097e+01
2.467305500049521072e+01 3.044610534265060409e+01 4.043714042855349078e+01 4.094919424154498699e+01 4.508654862367496463e+01 4.930816731200587100e+01 4.590118205433647347e+01 4.457896087546575359e+01 4.799218748432851811e+01 3.800733241581710331e+01 3.800733241581710331e+01 4.506773779264446489e+01 5.260824967395057428e+01 4.847156608600073469e+01 4.890879537987651560e+01 4.477781209420469821e+01 4.665919541766449186e+01 3.674926162520695527e+01 3.104842840322351805e+01 2.753959103818937137e+01 3.034875301042744766e+01 2.033539402339880908e+01 2.823775158121333462e+01 3.235770706668867547e+01 3.239050942772671249e+01 2.238605751952814060e+01 1.513425456686318959e+01 1.513425456686318959e+01 1.599107174037824208e+01 2.260723566006994645e+01 3.072241244168241892e+01 2.843361895697365682e+01 3.825532315785283544e+01 3.978138636295090436e+01 4.086778483907099258e+01 4.499150741326180736e+01 3.959229706020902029e+01
3.044610534265060409e+01 3.880715423889964910e+01 4.457542472020359270e+01 4.228941337994684346e+01 4.642524711393327408e+01 4.297662935525027450e+01 3.591585266615893346e+01 3.459284961174454054e+01 4.165391671260979223e+01 4.093182875621921823e+01 3.094407634518288575e+01 4.093182875621921823e+01 4.315243856289937696e+01 4.116158280161944560e+01 4.225368279348827372e+01 4.638987103194970274e+01 5.073979217092334437e+01 4.502817212820642112e+01 4.093769242413588927e+01 3.322093961924796446e+01 2.327048999852024380e+01 2.296395540025645232e+01 2.852729903388044264e+01 3.845151129308496962e+01 3.239050942772671249e+01 2.238605751952814060e+01 2.531629364138481364e+01 1.696496793028950023e+01 2.613138894198910123e+01 1.719603470717490978e+01 2.138191621126999209e+01 3.131032951460277047e+01 3.672415150778496695e+01 2.987656104192766549e+01 3.095939352910179210e+01 3.807918196018272994e+01 3.389409593323886583e+01
4.043714042855349078e+01 4.457542472020359270e+01 4.065945922089665032e+01 3.230200881087662879e+01 4.065945922089665032e+01 3.884048793157481327e+01 2.885207083213509094e+01 2.752880267834367345e+01 3.665993475327835682e+01 3.777342412374791536e+01 2.778472363742377738e+01 3.385553345488634136e+01 3.316583613653443052e+01 3.117410485741730852e+01 3.226672930998429223e+01 4.140590794413889597e+01 4.554177626415192748e+01 4.336925112045156538e+01 3.346379131709917232e+01 2.774591048000695181e+01 3.322093961924796446e+01 2.565394373790749327e+01 3.556894051521521760e+01 4.256815743700323651e+01 3.650951852688847765e+01 3.239050942772671249e+01 2.885380318272238753e+01 1.879919849695856726e+01 2.885380318272238753e+01 2.729703896317683487e+01 1.843207079411335414e+01 2.849558620712812740e+01 2.679994518575657025e+01 2.282723873255795866e+01 2.542573612437369945e+01 2.819167848775536456e+01 3.389409593323886583e+01
4.574527795528673124e+01 4.549948845543585918e+01 3.652318266348846265e+01 2.653360603251476135e+01 3.652318266348846265e+01 3.958590524360514706e+01 2.959781412251674837e+01 2.253245801002436721e+01 3.252325828077438530e+01 4.190959108387279031e+01 3.385553345488634136e+01 2.386519308531870465e+01 2.610136330475259214e+01 2.410913238503952272e+01 2.764218204853497340e+01 3.141823515249009802e+01 4.140590794413889597e+01 4.749124439153134603e+01 4.176456097463476169e+01 3.217845239701726712e+01 3.869689901300913704e+01 2.880551464303472287e+01 3.556896863088778815e+01 4.548741449781495305e+01 4.341423347267433996e+01 3.769126889508169853e+01 3.071077301101232848e+01 2.071039877381600647e+01 3.071077301101232848e+01 3.261294090094595077e+01 2.849558620712812740e+01 1.968311142033006433e+01 1.968311142033006433e+01 2.970667791958426562e+01 3.533559830278282732e+01 3.807918196018272994e+01 4.219828431722614681e+01
3.996891505336936490e+01 3.550002824071958685e+01 3.299133397501636011e+01 2.299971482681468871e+01 3.299133397501636011e+01 3.691647560624859636e+01 2.692736052283604309e+01 1.986133885302697522e+01 2.985310459271475736e+01 3.432809955983864825e+01 3.237720422215543437e+01 2.824002254544193846e+01 2.033181676256124248e+01 3.032341474404484316e+01 3.446034168849234192e+01 4.140590794413889597e+01 4.140590794413889597e+01 5.138903225063771885e+01 4.619789937247540479e+01 3.788084781307681936e+01 4.219400818137085452e+01 3.230268975133934362e+01 4.219400818137085452e+01 4.732193591055524706e+01 3.929635129807307692e+01 2.939589044154970310e+01 2.363958194569395488e+01 3.071077301101123780e+01 3.482363015850558696e+01 3.630822376427462217e+01 2.970667791958426562e+01 1.968311142033006433e+01 1.968311142033006433e+01 2.958527941414202900e+01 3.464254975704648132e+01 3.840876039332576397e+01 4.253296424741427018e+01
3.261606774085817761e+01 2.836085069112903767e+01 2.997874745113314887e+01 1.998531997443577879e+01 2.705285531971355795e+01 3.704247591684705299e+01 2.749802282252787222e+01 1.750484558317992168e+01 2.433790270871855554e+01 2.433790270871855554e+01 2.626124636911417909e+01 1.824769266307423976e+01 2.824002254544193846e+01 2.033181676256124248e+01 3.032341487737817687e+01 3.979947196251869457e+01 4.556534211935557011e+01 5.140763649178948214e+01 5.193581618134424360e+01 4.780946267100330260e+01 4.632269025589731370e+01 3.799683941113816843e+01 4.632269025589731370e+01 4.319752765731671929e+01 3.329622424443466855e+01 2.834761069650999943e+01 3.358031755745793845e+01 2.834761043545049120e+01 3.824610684347635470e+01 3.219648299687067095e+01 2.223726268772509940e+01 2.970667791958426562e+01 2.970667791958426562e+01 2.138233294805537810e+01 2.474556296497772578e+01 2.851298637584762830e+01 3.345367231378845219e+01
2.238624117363188759e+01 2.238624117363188759e+01 2.739845557188111158e+01 1.740371261575770845e+01 2.447215629666442638e+01 3.446316696967180349e+01 3.140290365072053191e+01 2.141148350036264958e+01 1.434123390443008006e+01 2.433790257538522184e+01 1.626725885563169527e+01 2.626124636911417909e+01 3.237720422215543437e+01 3.032341487737817687e+01 2.567346104006885099e+01 3.144190231196403218e+01 4.142937093509443258e+01 4.142371754556347696e+01 4.564341820061847699e+01 4.978076898971486486e+01 5.206667758470089780e+01 4.792744734535629192e+01 4.716844773130301860e+01 4.732193591125340504e+01 4.236309799495748507e+01 3.406020041467121473e+01 4.198484901533505820e+01 3.209198276927954652e+01 4.198484901533505820e+01 3.403942228427720806e+01 2.411489049204993762e+01 3.403942228427720806e+01 3.342892515409452869e+01 2.349611879001685111e+01 2.364765765270191267e+01 3.357836567518483406e+01 3.999334136951429031e+01
1.502749450097968342e+01 2.538248800481017398e+01 2.510550428175443827e+01 1.510953170807310464e+01 2.510550428175443827e+01 2.706164075550304560e+01 2.714562808539201555e+01 2.693211898081521838e+01 2.288743343518586570e+01 1.434123390443008006e+01 2.433790257538522184e+01 2.749802282252787222e+01 3.163530031064725279e+01 3.610288401979226336e+01 3.566310323700717788e+01 3.979947196251869457e+01 4.271879565021397696e+01 3.436074218282787740e+01 3.565682231071308905e+01 4.564341820061847699e+01 4.377735536882208578e+01 4.085242927907131616e+01 3.718194570562054224e+01 4.424478585890855697e+01 4.809125000267282957e+01 4.396598109073340765e+01 4.198174611705994863e+01 3.907693854374345221e+01 4.297959208162993150e+01 3.308167327075837250e+01 2.608206011227138532e+01 3.598070657082876522e+01 3.558976867465914751e+01 2.568753967528006044e+01 3.357836567518013027e+01 2.598044014330705309e+01 3.587995647072980887e+01
1.984319140276790705e+01 2.036783735655733452e+01 2.088975767377048953e+01 1.297697515227902976e+01 2.088975794043715695e+01 1.881128435102648311e+01 1.503356211918006657e+01 2.145999444229944686e+01 1.288883754753950228e+01 2.288743343518586570e+01 1.434123390443008006e+01 1.750484558317992168e+01 2.197514386143081921e+01 2.904061846691484661e+01 3.902892514355283282e+01 4.003958714840106836e+01 3.858182852589667533e+01 2.859325386841167571e+01 3.711214629057615610e+01 4.124919463587632151e+01 3.378977144180017689e+01 3.086432277920183154e+01 3.011862854577885429e+01 4.010692442841283167e+01 4.738519339828867061e+01 5.155202174865495124e+01 5.189651781813837061e+01 4.900516591401822808e+01 4.509150554471983696e+01 3.518575335405964211e+01 2.820730918888955685e+01 3.808708099795050828e+01 3.785656751197801384e+01 2.797582045477464874e+01 3.785656751197801384e+01 3.587995647072980887e+01 2.843300985769162992e+01
9.849289420468558376e+00 1.036920970987192803e+01 1.089122597474495713e+01 1.089122597474495713e+01 1.089122597474495713e+01 1.089122597474495713e+01 1.089122597474495713e+01 1.146671010841138738e+01 2.146527203685945295e+01 2.551879371613088665e+01 2.433790270871855554e+01 2.749802282252787222e+01 3.163530031064725279e+01 3.610288401979226336e+01 3.711366004080370828e+01 3.005106295515440706e+01 3.542316387626778607e+01 2.543279649339319093e+01 2.712248641292819329e+01 3.548199015397593570e+01 3.378977144180017689e+01 2.379832212576078376e+01 3.378977130846684673e+01 3.792737607085723539e+01 3.738838022107086800e+01 4.575683868213231165e+01 5.029088240538003163e+01 5.213279751441879029e+01 4.217490691424175253e+01 3.518575335405964211e+01 3.085315453019715903e+01 4.072560414188917832e+01 4.032436791867859682e+01 3.045316629188165791e+01 4.032436791867859682e+01 4.011418255419675205e+01 3.024319109865278676e+01
