output/example/elevation_average_000001.asc
nrows	75
cellsize	133.333333333
xllcorner	0
ncols	75
yllcorner	0
NODATA_value	-9999
[rows 51 to 67 of 75, columns 0 to 36 of 75]
5.882205962523524567e-01 2.137430397941241722e+01 3.579304836484929098e+01 4.756906980105041072e+01 4.959965546513376466e+01 4.943644360638155177e+01 4.989148104929985550e+01 5.009197913751341957e+01 4.952272571617358210e+01 5.004592932910955483e+01 4.985821446015378910e+01 5.003125543454562774e+01 4.959260645216687635e+01 4.973936985510058406e+01 4.976693692513082823e+01 4.952930160887640909e+01 4.995773891733775685e+01 4.999550049014723641e+01 4.995863181058009417e+01 5.019640997485750944e+01 4.988835412320297280e+01 5.019369643307251749e+01 4.999555874972667624e+01 4.955656358468456091e+01 5.007441318514534601e+01 4.973756382947040322e+01 4.969325382193085971e+01 4.977328856369631183e+01 5.016452463932692751e+01 5.012790970728931939e+01 5.000395451992295648e+01 4.987595754543506388e+01 4.961344200772753510e+01 5.008039148461235612e+01 4.970202147486906341e+01 4.956135067989021081e+01 4.951978504102865486e+01
9.768667279832560224e-01 3.756457142811376571e+01 4.551927258968564871e+01 4.675072363438672340e+01 4.952731075575654529e+01 4.987960770550199641e+01 4.973466162353283693e+01 4.952740553368861498e+01 4.983562988854044562e+01 5.014237761874781540e+01 5.025046138435489240e+01 5.010595203792480135e+01 4.962315574998869039e+01 5.002765957633207705e+01 4.996014389412370349e+01 4.972279150552152061e+01 4.970840867042343802e+01 4.950905750320988119e+01 4.978012186933310090e+01 5.000871241237901188e+01 4.992068274078833667e+01 4.988834473555803584e+01 4.952594121999884180e+01 4.980166069791949468e+01 5.021400416010001777e+01 4.991764508587231575e+01 4.992498456395075834e+01 4.960092067957619122e+01 4.986281987094363899e+01 5.005080622541512980e+01 4.964168189601848269e+01 5.000116222557737444e+01 4.953998421906823069e+01 4.953487357656312895e+01 4.960408801864485184e+01 5.005651418402220543e+01 4.962470921191662399e+01
2.138324179527880675e-01 3.296513718082427857e+01 4.643485085988029226e+01 4.856047682889574446e+01 4.950913533310588122e+01 4.964967748087755695e+01 4.958849791238218074e+01 5.007127071372483584e+01 4.959733415244479460e+01 4.996082510025894408e+01 4.987979870766928769e+01 5.012694164623157889e+01 4.955539606440736122e+01 4.969731060772528508e+01 4.965135538763368572e+01 5.000007704174393552e+01 4.994604566034485060e+01 5.013515396870909058e+01 5.000363472254558417e+01 4.988328767079627113e+01 4.992200923616506714e+01 4.978854213479777968e+01 5.001128555946872467e+01 5.011853160969322829e+01 5.007673502969289103e+01 4.973272085278755128e+01 4.989703198797343475e+01 4.957300253046589944e+01 4.987471175936848056e+01 5.015582465791642619e+01 4.998985588360255150e+01 4.994077777687236619e+01 4.981737837017680448e+01 4.965588645845718219e+01 4.965709752224540097e+01 5.017916798032550219e+01 4.992503487693215192e+01
1.069909363418946047e-01 3.693928216703787371e+01 4.204086586627399669e+01 4.801205943554231226e+01 4.979135651023717202e+01 4.996811365584383680e+01 4.968828000315355808e+01 5.012384854371313025e+01 4.998744058222893472e+01 4.996805304860637165e+01 4.985282069943169603e+01 4.973309551501343861e+01 4.996907374420047176e+01 4.959502824827261946e+01 5.006759282680408774e+01 4.979655964742608631e+01 4.978684590753970696e+01 4.963235395242110570e+01 4.955412111729954461e+01 5.008165399720957112e+01 5.002607508088941302e+01 5.001403303168356018e+01 5.015622081280726974e+01 4.973957473290673192e+01 4.955423525259364226e+01 5.014584534718385811e+01 4.968848693185023535e+01 4.985418538008090650e+01 5.002642695060490752e+01 4.964805686407056129e+01 4.993039541799070236e+01 4.961520194410592666e+01 4.997872663204645249e+01 4.993170785170247683e+01 5.010785633653125615e+01 4.989989582998458673e+01 5.013152632605757475e+01
3.726996606557795300e-01 2.185089647848366567e+01 3.832659604774761419e+01 4.632675517294987344e+01 4.892163902179725454e+01 4.995431891147044468e+01 4.971574072484584406e+01 5.005997986285934331e+01 4.993767439927810869e+01 5.006187569441135565e+01 4.974924086108288179e+01 4.957513764825304037e+01 4.996889880168685494e+01 4.974899275844305180e+01 4.992047446908451747e+01 4.977837278651409036e+01 5.001059749381433051e+01 4.966231748247017208e+01 4.978404546519472262e+01 4.970420383889973692e+01 4.998304684273002607e+01 5.003261690617595292e+01 4.965385127278671717e+01 4.986583088864823310e+01 4.968998540074511538e+01 4.994384325705812699e+01 5.019502824172936073e+01 4.977167582581936500e+01 4.987771591272976224e+01 4.957412825104775322e+01 4.957729190491016880e+01 4.971418057021259074e+01 4.988180349606685127e+01 4.987025294514545948e+01 4.985491950601820577e+01 5.020583169219285224e+01 5.004386908169524872e+01
9.622267309149505898e-01 3.734984976642645194e+01 4.566277051189210567e+01 4.856965202895886335e+01 4.962180674236054756e+01 4.988392909750217541e+01 4.999579258180965269e+01 5.020449299016939904e+01 5.003689762889724335e+01 4.989159361686372307e+01 5.006247544337534094e+01 4.993526494872251220e+01 4.954130337697632314e+01 4.961766884650679543e+01 4.979106003530357327e+01 4.971517562873836482e+01 4.994187129944346282e+01 4.998217841891484881e+01 5.020457315380625118e+01 4.986935164542020260e+01 4.975709171011564536e+01 4.955524989554009352e+01 4.951748555913306404e+01 4.988815345964553671e+01 5.010290698357532335e+01 5.017057909928907122e+01 4.998223949508707165e+01 4.974231277270886409e+01 5.016112285906407919e+01 5.010758038639531264e+01 5.013061795946468635e+01 4.956830349589508700e+01 4.964671795617515215e+01 5.001805611921643191e+01 4.980424096660460975e+01 4.995829788634657120e+01 4.988098895967718249e+01
2.536103556318918262e-01 3.294068167966007366e+01 4.648639917876721483e+01 4.915930956902737137e+01 4.919421027685871195e+01 4.946411486784990075e+01 4.992447452355517612e+01 5.015839538337795744e+01 4.983454166188347045e+01 4.966918945199611812e+01 4.957053083987157294e+01 5.009280110968406774e+01 4.993957975765869151e+01 4.962295722019299404e+01 4.988590603507097399e+01 5.013927473722787198e+01 4.971933217217067380e+01 4.992346949452816318e+01 4.974104231423087441e+01 5.016972883072767075e+01 4.984204715942085073e+01 4.980156949754965012e+01 5.009320081632925081e+01 4.995956319022145209e+01 4.994972233977765086e+01 5.005863607820183603e+01 4.982952249059432859e+01 4.976682076822253009e+01 4.969593823361222462e+01 5.010725235294378876e+01 4.990355446271065176e+01 4.998818487431488222e+01 4.957534284985919726e+01 4.970005901023025530e+01 4.961578140539783988e+01 4.950530695154323269e+01 4.976296075839722732e+01
9.431841708974398886e-01 3.724149099908613181e+01 4.371162901179912552e+01 4.629825467181628795e+01 4.972988464145210230e+01 4.961246879369917906e+01 4.971430709089652566e+01 4.955875752934463208e+01 4.991416490834100728e+01 4.965709097770562153e+01 4.952345115231375416e+01 4.980652389534543545e+01 4.952491578206316092e+01 4.979026976682033734e+01 4.961448465533763397e+01 5.008930207613347818e+01 5.011063994126281784e+01 4.950817623839445503e+01 4.960137931632299768e+01 5.006436072158652451e+01 4.956070993888549481e+01 4.967963042548834807e+01 4.978106101758020685e+01 4.965963197128758821e+01 5.007700190027681231e+01 4.968043285967277711e+01 4.979253131058121085e+01 4.997091375941243996e+01 5.005490798528752805e+01 4.965227625362044250e+01 4.965471602860637290e+01 4.971160961133634970e+01 5.015826722142927707e+01 5.015358272365553916e+01 4.968566437692631865e+01 4.980846218667581837e+01 5.007201355807751497e+01
7.631321084887311423e-01 2.033174506938511783e+01 3.459071522921809105e+01 4.759492578700564280e+01 4.958700796661764798e+01 4.977430266959609639e+01 4.950390097781073706e+01 4.957356166338824721e+01 4.950158782725793571e+01 4.952575708708822333e+01 5.005006367108446597e+01 5.005706825368000068e+01 4.993216067120186352e+01 4.965659502177672380e+01 4.950522723728524710e+01 4.986001139846553798e+01 4.959521187177445256e+01 5.011740189926952382e+01 5.012179780211921809e+01 5.007180531897139275e+01 4.955743570540184351e+01 5.006684095982465976e+01 4.959335576329492312e+01 5.001296630679482291e+01 5.019413414523832984e+01 4.970437466968120788e+01 4.957635465584628776e+01 4.964892684757211327e+01 4.987461276096733087e+01 4.997861178199365639e+01 5.016599010114853741e+01 4.995036062881020200e+01 4.961873102237413491e+01 4.967229072138200507e+01 5.016159520445961562e+01 4.993399353034462962e+01 5.015924891193117219e+01
7.628124041380348608e-01 3.738168921492055574e+01 4.506886777203821026e+01 4.507559085293287637e+01 4.835688528598589642e+01 4.974547002988188638e+01 4.972408422925145999e+01 4.998004016565504770e+01 4.979668808491471310e+01 5.001458088293086490e+01 4.956831583024504795e+01 4.961333698656718383e+01 4.990800124721399555e+01 4.970417913255158027e+01 4.950070514818085599e+01 4.997565072365748762e+01 4.953026131384208952e+01 4.989418856382459211e+01 5.002249288770399005e+01 4.988261228652355328e+01 4.986943575564333742e+01 4.955966439540890889e+01 4.989696576892711022e+01 5.006149518895652051e+01 5.017684319768331846e+01 4.961900169574474262e+01 4.990142223860389947e+01 4.974353055745203278e+01 4.959323189378801544e+01 4.953190645825115723e+01 4.960022314653879505e+01 4.955545832928020644e+01 4.979719736500902627e+01 4.997133850827933799e+01 4.999184527779601694e+01 4.987626813597525199e+01 4.965499226208638817e+01
2.106757229907613160e-01 3.063314213539727149e+01 4.445789826916357157e+01 4.888809808118777056e+01 4.951637778545423885e+01 4.938449358445053861e+01 4.957459192063259934e+01 5.013155303950953368e+01 4.985627185846572473e+01 5.010592349072589258e+01 4.995285877877848435e+01 4.985482528197132268e+01 4.975970836531839581e+01 4.993696394475988143e+01 5.006163016784259412e+01 5.017094990206481242e+01 4.976571448086658478e+01 4.978904744149841122e+01 4.981946394261695588e+01 5.015740755211746205e+01 4.962070660268783939e+01 4.980952746897482797e+01 5.015753562988866321e+01 4.958700542502057118e+01 4.984083841294039985e+01 4.969552818542469197e+01 4.964981720976871316e+01 4.951474417401577455e+01 5.003490840751779700e+01 4.963214558222551887e+01 5.012752515862420211e+01 4.992458551194388860e+01 5.015639765200311473e+01 5.002548040902742343e+01 4.988389553391548503e+01 5.014546798285248741e+01 5.010330008959769543e+01
4.089467787567467871e-01 2.735191652504791904e+01 4.289429165527419485e+01 4.868188449805558093e+01 5.002593878136453753e+01 4.957783609076604137e+01 5.011941249112200580e+01 4.950399117218217526e+01 4.964128023297572412e+01 4.995622046399083160e+01 5.017464229880196314e+01 4.984751741271667669e+01 4.982676141920713064e+01 4.962341024811605905e+01 5.006035198000751052e+01 4.968254465059824554e+01 4.976059837299973765e+01 5.001505005563772244e+01 5.003022677430564613e+01 4.992319921369588798e+01 4.984225898523875742e+01 4.977590740186765572e+01 4.997864030260929979e+01 4.954025707109408927e+01 4.978895633934890697e+01 5.011197744692761091e+01 4.963426074142327593e+01 4.962345155108855010e+01 5.005208975753699718e+01 4.954217125521670795e+01 5.008363667164112343e+01 4.966489810140466687e+01 4.968348382642069083e+01 4.996551588779694697e+01 4.995868727417624200e+01 5.009230898669624565e+01 4.977363826957734005e+01
7.605404438924017185e-01 3.745708292231016401e+01 4.534806923047573690e+01 4.915555736950361876e+01 4.939648802021509510e+01 4.983203891467219648e+01 4.988262596485424893e+01 4.983364407095206161e+01 4.984018997636237458e+01 4.999526763610040092e+01 5.011394390616520411e+01 4.978692505911210731e+01 4.969796272625874423e+01 4.994057885720796719e+01 5.002247571260028280e+01 4.995344122907857809e+01 4.970936491828722836e+01 4.990742697451101861e+01 4.956689633730324829e+01 5.009753565140802323e+01 4.981260517590969528e+01 5.017378414350498161e+01 5.006144431563958364e+01 4.959705310858586813e+01 4.963341664316673985e+01 5.018729742184473963e+01 4.990261998326858617e+01 4.988714409605553612e+01 5.014026593352423333e+01 4.952141265514340063e+01 5.005097840600186743e+01 4.970665698011546141e+01 5.010566944308549608e+01 4.988505939517706622e+01 4.950542584551824632e+01 4.955507408237622968e+01 4.979508750074432299e+01
3.612262887922438326e-01 2.752516628322478809e+01 4.188026996083617348e+01 4.779181230200647690e+01 4.972855349194446006e+01 5.007788607069257836e+01 5.010658412896636804e+01 4.973886440274682741e+01 4.996279087053100909e+01 5.002026141392526171e+01 5.018102388571745109e+01 4.990780100134318786e+01 4.982085231963521466e+01 4.980799984722202822e+01 5.021384208954802375e+01 5.008690443260616121e+01 5.020512258968771846e+01 5.020368558041750617e+01 4.975781953178265127e+01 4.962978817937909071e+01 5.017823726323954503e+01 4.977925976086648063e+01 4.995945947617198613e+01 4.960106254259471825e+01 4.993337603514137157e+01 5.011053946853728291e+01 5.000258905323473613e+01 5.005379782083186768e+01 4.969914006176563248e+01 4.950383813171779934e+01 4.975558900439913401e+01 5.009440640657664545e+01 5.006623132609139049e+01 4.986003515275708509e+01 4.995542732042355283e+01 4.986072639990906907e+01 4.978756988045620346e+01
2.027203060114903810e-01 3.092316315992571774e+01 4.620570619621575048e+01 4.890791583531569131e+01 4.958425574218716037e+01 4.951547539792175456e+01 4.975031779135848353e+01 5.013995682108615171e+01 5.005919908470092139e+01 4.994307588436880252e+01 4.973055989051233183e+01 4.965728333859136256e+01 4.965764641626265075e+01 4.983999041311971467e+01 5.012423447914984820e+01 4.986423682103146149e+01 4.976173254035150251e+01 4.991329625235506029e+01 4.992308175750417831e+01 4.997887158620912373e+01 5.000771278443655632e+01 4.995812443274348169e+01 4.972742302079898735e+01 4.970231337566435315e+01 4.954594838114778099e+01 4.970472701371356550e+01 5.005594451804062572e+01 5.013148871632797920e+01 4.995560284912507854e+01 5.012546249285615829e+01 4.964498376061650475e+01 4.983069916936964461e+01 4.988082150924385871e+01 4.975812214115418897e+01 5.022732315171761996e+01 5.008733150894154562e+01 4.986516026806318536e+01
4.264044037055534364e-01 3.736893122520259425e+01 4.709381098409235733e+01 4.875680521411325685e+01 4.763058537830614370e+01 4.915855595469449923e+01 4.995111593351998636e+01 4.994979997556382756e+01 4.976393505608480439e+01 5.015486507834653906e+01 4.970579706329463932e+01 4.989776513383472434e+01 4.997909055695539138e+01 4.956945200075997349e+01 4.961558671286278610e+01 4.999634941079180805e+01 4.995612573306522108e+01 4.963508777727020771e+01 4.979118720737152159e+01 4.987929947858361857e+01 4.986771509052738338e+01 4.997185803239943169e+01 5.017753305731272917e+01 4.962093307835385758e+01 4.978204244090058950e+01 4.952186185063906265e+01 5.004738225853541422e+01 4.995810895795384710e+01 4.995095819534147097e+01 4.967456649244962819e+01 4.969192881042882703e+01 4.996679545299432590e+01 5.007170118978358175e+01 4.970559032853778092e+01 5.015353765918058571e+01 4.956574453662967983e+01 4.958478758543284926e+01
2.601976539121070298e-01 3.725796410702396599e+01 4.413395060795346581e+01 4.302110088262196541e+01 4.851784920558075953e+01 4.941735249333255808e+01 5.004442717512244343e+01 5.011508497861857592e+01 5.006766269436634786e+01 4.986086155731292990e+01 5.011192831632141065e+01 5.013755822059953005e+01 5.007270431308286618e+01 4.951842455631153683e+01 4.999477790935462451e+01 5.003573826610830366e+01 4.976063914178803316e+01 4.998775994181576721e+01 4.991706224667241543e+01 4.955095794919570551e+01 4.994921509430024287e+01 4.975725406925730709e+01 4.992860521437297194e+01 5.016125979236458932e+01 4.969940878026595499e+01 5.009561112875366007e+01 4.969438902552310822e+01 4.988567216605325427e+01 4.991843950230508398e+01 4.987342036379057220e+01 5.010047457825046280e+01 4.986430371080989943e+01 5.011225977788258490e+01 4.995409025130526004e+01 4.990495272576120556e+01 4.992793270312418485e+01 5.011918013948268680e+01
