output/example/elevation_000015.asc
nrows	75
cellsize	13.33333333
xllcorner	0
ncols	75
yllcorner	0
NODATA_value	-9999
[rows 51 to 67 of 75, columns 0 to 36 of 75]
1.369999999999999864e-02 2.787200981126147337e+00 5.673952327074279545e+00 9.007285660407623240e+00 1.400728566040763923e+01 2.400728566240604778e+01 3.045132465616027417e+01 2.054393753224837837e+01 1.055453661916100572e+01 1.689632405487461853e+01 1.709927591759021581e+01 1.296643801399103779e+01 7.588223561272704920e+00 1.381500910704878926e+01 4.055366344460350270e+00 1.173570648235330616e+01 4.570052161428516335e+00 1.448585550940518196e+01 2.140663336998331445e+01 2.176064112738206546e+01 2.257419286828683269e+01 1.341509666833459491e+01 1.798992551946673402e+01 1.085327522596378280e+01 4.579588503691501167e+00 1.450523246028352098e+01 1.884734301035057058e+01 2.512495451318481443e+01 2.105174989781080797e+01 1.428225199962033010e+01 2.142042078627048696e+01 3.115063908902334333e+01 3.128865087161183212e+01 3.005584727144643509e+01 1.986230935560227451e+01 2.149631094834682798e+01 1.426770342977051165e+01
1.290000000000000001e-02 1.001289999999996283e+01 1.567395232731293042e+01 1.900728566094621286e+01 2.314942150834780321e+01 2.814942201033123226e+01 2.631117042009508111e+01 1.632203003926240470e+01 1.502180049943884654e+01 2.468306428345743342e+01 1.993494211393578297e+01 1.082037330488828175e+01 8.223926777711701774e+00 1.406138205020543275e+01 5.930660310117291445e+00 1.540630063367814628e+01 1.448585550491997509e+01 7.670471390231560882e+00 1.733609133203237107e+01 2.456337883203530836e+01 2.758483915073182047e+01 2.051854383064024034e+01 2.493280364971828789e+01 1.863358239422123575e+01 1.450524054807349650e+01 5.316619067355640382e+00 1.525173624574042819e+01 1.956930614216012643e+01 1.116352755533420549e+01 2.104956311959511339e+01 2.508938835602659978e+01 2.740599714855190072e+01 2.119426381758598410e+01 2.512330189496409005e+01 2.113537060285870695e+01 1.261774211480631180e+01 2.271548753644277241e+01
1.329999999999999932e-02 1.001329999999996190e+01 1.526830550347805371e+01 1.843058517720386646e+01 2.257285181453802281e+01 2.704505122793940330e+01 3.045132465616034523e+01 2.338514365194914291e+01 2.079025802598950179e+01 2.915116010759235721e+01 2.318796335895376259e+01 1.267463765278883514e+01 2.232959133096187188e+01 1.891958041951955849e+01 1.269179156972089473e+01 8.510882582865189505e+00 1.781939179329798506e+01 1.733609133203237107e+01 1.080345700420175348e+01 2.047345198982162984e+01 2.827030830849722065e+01 3.050058727288883986e+01 2.979835815617612838e+01 2.442755327947917721e+01 1.442383493030288300e+01 7.298709450413774391e+00 6.046499344115927599e+00 1.483823457708853688e+01 9.246129339032851391e+00 1.738526225919023105e+01 1.562453668331333922e+01 1.834458795346857229e+01 1.411583450766964276e+01 1.948143555171832730e+01 1.102333375071257748e+01 2.126321613929118115e+01 1.906390683164863376e+01
1.369999999999999864e-02 2.595688897471608581e+00 5.268301316595856321e+00 8.430578976764245169e+00 1.290271493178128459e+01 1.997378296144799137e+01 2.997382051393202218e+01 3.337522392761966472e+01 2.785031701781029057e+01 3.094861978635115207e+01 1.997339421380782554e+01 1.997339421380782909e+01 2.764931961514390935e+01 2.593486649502953156e+01 1.958121104095934228e+01 1.029898344141525790e+01 1.958121126267749190e+01 2.456337883203530836e+01 2.047345198982162984e+01 1.440024825247709295e+01 2.127440085563743821e+01 3.113902965740190965e+01 2.569277676707930880e+01 1.565087493079053615e+01 1.054964422421547532e+01 1.731291279482179490e+01 1.569819526367806084e+01 6.770299408070804326e+00 7.291085037924754708e+00 7.291085037924754708e+00 1.075340404762031454e+01 8.540079679160445636e+00 9.001454123617536496e+00 9.524053875040378259e+00 1.905962178158987186e+01 2.168426849136736223e+01 2.818090104425851550e+01
1.319999999999999993e-02 1.001319999999996213e+01 1.233936915982755345e+01 1.843058480542924826e+01 2.257285181413352859e+01 2.704505122792190264e+01 3.256223217051577024e+01 3.659591921254222058e+01 3.784496750999531400e+01 3.532593540347892969e+01 3.094861978635115207e+01 3.094861978635115562e+01 2.930434107335497274e+01 2.001043424169690965e+01 1.469525244663643626e+01 1.958121126267749190e+01 1.371196984848946521e+01 2.300421683144398344e+01 2.827030830849723486e+01 1.999947379058388819e+01 1.999947379058388819e+01 2.985210031235670769e+01 2.979835815808413813e+01 2.341978641286345919e+01 1.328279358617003503e+01 2.327621836669887756e+01 1.625008492256127823e+01 1.679898877037083338e+01 1.736388321287164160e+01 7.291085037924754708e+00 7.849655565290722947e+00 1.406337550221537214e+01 1.903093035302659786e+01 1.928508612929351784e+01 1.073721553656089078e+01 2.100530541966267961e+01 2.219249698307397978e+01
1.349999999999999985e-02 7.084567811689519878e+00 1.708456656400902673e+01 2.648130429672688990e+01 3.179910317667254205e+01 3.095823764848995552e+01 2.278647605097083328e+01 3.095823764957281554e+01 3.556368815713552323e+01 3.269841978381680292e+01 3.269841978381680292e+01 3.676328029123347108e+01 3.340688236693086566e+01 2.793759420838266294e+01 1.930710191669882292e+01 2.668709291557302166e+01 1.725338652658254546e+01 1.906806185051551594e+01 2.838110481393656670e+01 2.694717575438986046e+01 2.566450988835970293e+01 3.397634007731650740e+01 2.879896836315709763e+01 1.873544043414234039e+01 1.916911225000085395e+01 2.739913560660440695e+01 2.517901116277770157e+01 2.084480862440930693e+01 1.067084501737588020e+01 1.745560604425647711e+01 1.435842365350829297e+01 2.283538358006221358e+01 2.642670854920759282e+01 2.243082821623786316e+01 2.100530541966313436e+01 1.205198089508981774e+01 2.219889920184980170e+01
1.369999999999999864e-02 1.001321661060625878e+01 1.991465706619035458e+01 2.811354291737109179e+01 2.204802686364566711e+01 2.204802686364622843e+01 1.717785698404276928e+01 2.691819674336438339e+01 2.595138373757729511e+01 2.315666990140474368e+01 2.315666990140474368e+01 3.269841978381680292e+01 3.774259018832631085e+01 3.265667460838791669e+01 2.576556378359317279e+01 3.088533566923524987e+01 2.196219534719742938e+01 2.435589539178901930e+01 3.247517021596923570e+01 3.686520857787355965e+01 3.557245521218249706e+01 3.971065467824411144e+01 3.291496400111897458e+01 2.380483640098639242e+01 2.922631530254393795e+01 3.334143116116062089e+01 2.916621466838054744e+01 1.897681078184168513e+01 1.351577570294675468e+01 2.366012365445324050e+01 2.509990782606951143e+01 2.940752702943057173e+01 3.122596598765533571e+01 2.471210345661033969e+01 1.515204430920590362e+01 2.219889920496293456e+01 1.348379241528458472e+01
1.379999999999999977e-02 5.787301285049450073e+00 1.578645656359096883e+01 1.837966195245808620e+01 1.837966726800426542e+01 1.234244270375146613e+01 2.204802686364598685e+01 3.095823750276589337e+01 2.595138373757729511e+01 1.654176390621209691e+01 2.410149971019745863e+01 2.410139725404624400e+01 3.101855471191494829e+01 3.508166569459820039e+01 3.533946173356990528e+01 3.623818499723353170e+01 2.933202514667549465e+01 3.387964383555328851e+01 3.807666102933074370e+01 3.886195261871268514e+01 3.886195352406018344e+01 4.298271907805261094e+01 3.789746452120930087e+01 3.379310035156558456e+01 3.789745752334933826e+01 4.156686445470074176e+01 3.342523121184633084e+01 2.790491396582487837e+01 1.935772062809068927e+01 1.892493427444502174e+01 2.909770367341651109e+01 3.277372916131126601e+01 2.378007277652458029e+01 1.829398766362282203e+01 2.471210345661033969e+01 2.735154047357133678e+01 2.351952489227211629e+01
1.309999999999999880e-02 1.001308796864091377e+01 1.922172208989751141e+01 1.522484570514407487e+01 8.652579312755424468e+00 1.837966726779026061e+01 2.608228284637761263e+01 2.833298493868811718e+01 2.297354170391755090e+01 1.339259619073065011e+01 1.456720115516684899e+01 1.800917502995970665e+01 2.153154650764711420e+01 2.817589427939509861e+01 3.788985698204457719e+01 3.923394434783602946e+01 4.065422180746960379e+01 3.702382354643908968e+01 3.290661664341502757e+01 2.895452160706915024e+01 2.895452160747395354e+01 3.886195352406054582e+01 4.611060781399243780e+01 4.201558413088852006e+01 3.867402904913276274e+01 3.169101059228625772e+01 3.867402904952987797e+01 3.380160442759736839e+01 2.953731548400896045e+01 2.397078776301840009e+01 3.336174597917739959e+01 3.654727601631070399e+01 2.984184490929979816e+01 2.077721077019216978e+01 2.984184490929979816e+01 3.470585156096182544e+01 2.485940286364266072e+01
1.349999999999999985e-02 1.001030246364431164e+01 1.482116029929180456e+01 5.441396677245537994e+00 1.235531315692848509e+01 2.185501180294837553e+01 2.416343431508390083e+01 2.155554223864560370e+01 1.473098929403283108e+01 1.030715739883157056e+01 1.741984019295747288e+01 2.693772330482185495e+01 3.101850250277647447e+01 3.508025211453679759e+01 3.408799590510082567e+01 3.008759946729512791e+01 3.711409395649518927e+01 3.130238234121901897e+01 2.300930565433145247e+01 2.196176820565908727e+01 2.895452160747395354e+01 3.886195352406456749e+01 4.040704996970771390e+01 3.213979978037423280e+01 3.424924788610468340e+01 2.468162017749729031e+01 3.424924788610947246e+01 3.757732248651743845e+01 3.849752927324566798e+01 3.422464588051578716e+01 3.849862654927642325e+01 3.706772929622643886e+01 2.821786445206947036e+01 2.385003619212884729e+01 3.259904960497893711e+01 3.402668767856547305e+01 2.419837984413940291e+01
1.369999999999999864e-02 6.653948613839514969e+00 1.024320160502777100e+01 3.445872438554129946e+00 1.314938859282707995e+01 1.705332140603809066e+01 1.454514736265830699e+01 1.506143253986735431e+01 7.356867546459405105e+00 1.756225920546095765e+01 2.418481952652033939e+01 2.786731954298765501e+01 3.195734735107923186e+01 3.124426597582019483e+01 2.431206723611252940e+01 2.352507578050873605e+01 3.308721688635304048e+01 2.719240119581357362e+01 1.727726899982714670e+01 2.719240119581357362e+01 3.381308164416591211e+01 4.177427447675688654e+01 3.188908406835850684e+01 2.641983763095356963e+01 3.015528996622261104e+01 2.022571307801473139e+01 3.015528996622259683e+01 2.769125053964259564e+01 3.212054736225665863e+01 3.781908484452059582e+01 4.769215257491959647e+01 4.090021666677783685e+01 3.259904961447222860e+01 2.786217545211492919e+01 3.594434844634005088e+01 3.402678801939127595e+01 3.115448574826069716e+01
1.290000000000000001e-02 3.693615029099462377e-01 7.260496907617045581e-01 7.806203337891750138e+00 9.856607580087169751e+00 6.021758377212641733e+00 1.240351058025794728e+01 4.700865089208172698e+00 1.506143125625764512e+01 1.937072733919152512e+01 2.116545635000299441e+01 1.846485853127396126e+01 2.786819200872849933e+01 2.717555291353128055e+01 1.736235047134045573e+01 2.283799141790159837e+01 2.581278053469110745e+01 2.169616374042121265e+01 1.470592991903696678e+01 1.976087842029451380e+01 2.967320796119981097e+01 3.888050789891693881e+01 2.899314148618356768e+01 2.196984150314038686e+01 2.745306403864541522e+01 2.022571307801473139e+01 2.271987919638328179e+01 3.263324752986397215e+01 4.165924659847266298e+01 4.608517309889725766e+01 5.178785035002576365e+01 4.533816129231792758e+01 3.976772785023506884e+01 3.377661710347894086e+01 3.976772785023894130e+01 4.385907901621592941e+01 4.096115549268598244e+01
1.359999999999999924e-02 1.001358858375791350e+01 1.081342813313965934e+01 1.240735018934353562e+00 1.605640953273780758e+00 1.971279586938902151e+00 2.337904571577790858e+00 1.139060998975159400e+01 1.484949368864539743e+01 9.881238688350867605e+00 1.270903993570089341e+01 2.116998902216088041e+01 2.243591304649043394e+01 2.654998807025408070e+01 2.283777487489039615e+01 1.278035506678206268e+01 1.892820698671648572e+01 1.152970550988803566e+01 2.169616374042121265e+01 2.882385945449693310e+01 3.380703928311135797e+01 3.435061137713479695e+01 2.938560059765043064e+01 2.528260402141812335e+01 1.750638565583163597e+01 2.455174782211756579e+01 3.263324752986397215e+01 2.900165403689383581e+01 3.599061265164297652e+01 4.583490519404938368e+01 4.550698588475582795e+01 4.268980731263754080e+01 3.853904895464202696e+01 4.104582137451919976e+01 4.410096076345858762e+01 4.077636042714735964e+01 4.398640176574783567e+01
1.379999999999999977e-02 9.124209626656831773e+00 1.614940109662869716e+01 1.088913408092752988e+01 1.185107032632536495e+01 1.199971800835816360e+01 5.579251997742488811e+00 2.874013658995720366e+00 5.860272833641724688e+00 1.366331514659152013e+01 1.194566393794003112e+01 1.423933373748681497e+01 1.239424140901149407e+01 2.026877603965430907e+01 2.133852776560275899e+01 1.692109545558306039e+01 8.793938457498251537e+00 1.892817817154990934e+01 2.572177662553762900e+01 2.863833691257990921e+01 3.255222840157096442e+01 2.733403412914522690e+01 2.031746815249568172e+01 1.531692877108178585e+01 2.528260439197319798e+01 3.155228026527018059e+01 3.862618602554892533e+01 3.887278550302850988e+01 4.286643774188829070e+01 4.082885590834700906e+01 3.410848894911924134e+01 3.533249690463446768e+01 2.849461282331380829e+01 3.707500058993836234e+01 3.790733245135312757e+01 2.937750826113472868e+01 3.349575577354662670e+01
1.349999999999999985e-02 1.001349999999996321e+01 1.827664071769913079e+01 2.326752971411856308e+01 1.992532671185866988e+01 1.046658159361279949e+01 1.414354784127829667e+01 7.929452904948293579e+00 3.416099982175956118e+00 3.800907556693672085e+00 4.186674137528428652e+00 4.186674137528428652e+00 1.423788430448161790e+01 1.148140348477588013e+01 1.518619244650288458e+01 6.886255514098624353e+00 1.607043278405158659e+01 2.034961314339382099e+01 2.180674879232021368e+01 1.898226872746842631e+01 2.860375427910747348e+01 2.322691331469456699e+01 1.322807346135488338e+01 2.322691351701738682e+01 2.938560868569411966e+01 3.747644359721877549e+01 3.461044392036723139e+01 3.757563047489267660e+01 3.868452119116265919e+01 3.479217453362361567e+01 2.663574315231963041e+01 3.298333404705355321e+01 2.335978845334273046e+01 3.298333404705355321e+01 3.296385960236678159e+01 2.290909822182007005e+01 3.097611296342927290e+01
1.359999999999999924e-02 4.375821896961323176e+00 1.067825327992411211e+01 2.008781144578422229e+01 2.412793187307643095e+01 1.693476638271819468e+01 1.768201263416902336e+01 1.772766172171943211e+01 9.448597807862590514e+00 1.385620719668060730e+01 6.871151776265209676e+00 1.423933894784096310e+01 4.739417660897808915e+00 5.131198024591871132e+00 5.131198024591871132e+00 5.529470825433179471e+00 1.494535018381164981e+01 1.649920623008788567e+01 1.194764583211662590e+01 2.153335916309808695e+01 2.387712165536418141e+01 1.997163146975566050e+01 1.183413541749588482e+01 1.894428926458481754e+01 2.895714861947156393e+01 2.726694555974711065e+01 2.426032493494496478e+01 2.728157791301650548e+01 2.808501261352488143e+01 2.611726160302830380e+01 2.185447472458210427e+01 2.668621937986687342e+01 2.011824725139545222e+01 2.967525882733927389e+01 2.934075215410678439e+01 1.923723483949180846e+01 2.106167636639238694e+01
1.290000000000000001e-02 1.001289999999996283e+01 1.830375524753944916e+01 1.981967400407383906e+01 2.396771863933615876e+01 2.715300638163328628e+01 2.845219361364960164e+01 2.461277373252258371e+01 2.028001758924763109e+01 1.305800166366443804e+01 1.386104015735578798e+01 1.894119699558384440e+01 1.479522415399291191e+01 6.913635653782957746e+00 1.514947119288797772e+01 1.520881855504339342e+01 6.117637432520218965e+00 6.549980715225014904e+00 1.566578696663069259e+01 1.759191891543730080e+01 1.802067318071209812e+01 1.003294428076561218e+01 1.994856716173792321e+01 2.559045545233810870e+01 2.571476468945375515e+01 2.707272428130801245e+01 1.668644579098031144e+01 2.341736754398247555e+01 1.854928612106583685e+01 2.249329011811005330e+01 1.834911129912625682e+01 1.589573950688288484e+01 2.205914114671111292e+01 2.462436043652597562e+01 2.517583423867428749e+01 1.606604217828582648e+01 2.603112928497911938e+01
