output/example/elevation_000063.asc
nrows	75
cellsize	13.33333333
xllcorner	0
ncols	75
yllcorner	0
NODATA_value	-9999
[rows 17 to 33 of 75, columns 37 to 73 of 75]
2.936107350883660416e+01 2.621973558723773934e+01 2.621973558723773934e+01 3.341324074672898803e+01 3.341295246052829526e+01 3.459360164343303978e+01 2.485983435069436709e+01 3.459387315704991295e+01 4.377478811977240269e+01 4.586211077568184891e+01 4.095216560272849904e+01 3.302268939360867250e+01 2.362469142811159273e+01 3.046310772808583422e+01 3.451729981206110409e+01 3.317003709653689469e+01 3.897561669891691594e+01 4.162401248246678165e+01 3.898034589234230651e+01 3.110654897832407428e+01 2.172647892732159747e+01 1.625711148896209579e+01 2.394964673935124821e+01 2.779236405663318266e+01 3.110737621889005311e+01 2.718576266356955884e+01 1.806497532693509456e+01 1.404205218425802926e+01 2.164831869471976589e+01 3.277436445979399338e+01 3.574126010947993137e+01 3.161905111903967125e+01 3.333372033615971475e+01 2.620692144438457660e+01 2.857711319159233199e+01 3.258044215223817019e+01 3.771058396271071445e+01
3.597513397044988892e+01 2.621973558723773934e+01 3.341324074672899513e+01 2.370227166125716778e+01 3.109175778210419594e+01 3.194455614415229761e+01 2.485983435069436709e+01 2.962689279128268183e+01 3.956070679473702256e+01 4.157134969200458130e+01 3.197468866748405603e+01 2.741780969880256436e+01 2.390033104437278055e+01 2.092603928866174101e+01 2.835388134006278449e+01 2.657549514051926209e+01 2.959097788085935932e+01 3.231900914680263526e+01 3.806604368085648815e+01 3.613610904860426842e+01 3.026578926500873834e+01 2.543635845519005656e+01 1.475801777076762811e+01 2.167814822242528550e+01 2.104046920472189441e+01 2.279817214343482945e+01 1.349625505560107719e+01 1.349625505560107719e+01 2.300195907737955281e+01 2.894948703692303482e+01 3.291371847428444397e+01 3.694528744030952794e+01 4.026017985709195557e+01 3.614342724572803434e+01 3.223739115582163350e+01 3.421288293734374264e+01 4.442930163336853155e+01
3.302649661952658278e+01 3.302649661952656857e+01 3.757801854562657695e+01 3.109194845460183743e+01 2.136189420401358063e+01 2.222053888880742889e+01 3.194456664923789191e+01 3.877264827348138709e+01 4.377493354003470216e+01 4.586211077568184891e+01 4.095216560272849904e+01 3.350833147206373042e+01 3.330844986222751203e+01 2.556512468520503134e+01 1.855301711440036883e+01 2.636147690368786911e+01 2.284425966256830876e+01 3.060403154522649771e+01 2.889330330980966366e+01 3.806604124319356686e+01 3.529205903299274638e+01 2.533106583722476657e+01 2.318303973070527491e+01 1.334703889837087409e+01 1.237058851630757594e+01 1.283969909729471581e+01 2.292788490402041290e+01 2.360011004143715496e+01 1.476053733265338153e+01 2.488959628612620278e+01 2.308255092047513557e+01 2.984056001071683539e+01 3.947256717412815874e+01 4.491779049488053488e+01 4.088956827326482824e+01 4.430086208462655861e+01 4.147205462937520082e+01
4.309377425375775061e+01 4.309377425328582234e+01 3.811165824175627392e+01 2.951353154951863189e+01 1.977595360462336416e+01 2.951352379419364169e+01 3.194443369050899761e+01 4.191452272684978908e+01 5.117495223448854347e+01 4.803937366001421339e+01 4.398580605934626675e+01 4.386847439940619608e+01 3.924070436591647848e+01 3.240338968764370975e+01 2.356115043796572195e+01 1.615075930121934888e+01 2.452447370772536672e+01 2.091820344801394782e+01 2.927801389338074856e+01 3.300339323742387165e+01 3.025283646434209928e+01 2.625665858103094052e+01 2.641269791928484878e+01 2.267699060705997027e+01 1.991798013582448590e+01 1.237058851630757594e+01 2.321986105636522169e+01 2.488959641945956847e+01 1.476053733265338153e+01 1.476053733265338153e+01 1.992065807199273664e+01 2.984467952765612964e+01 3.443502130137138550e+01 3.781436755315599640e+01 4.195767997458901988e+01 4.770289342778853836e+01 5.156872750976825870e+01
4.094202796391451216e+01 3.679664626236687042e+01 3.377810085241528526e+01 2.475961161296574176e+01 1.977595360462336416e+01 2.322000491658647903e+01 3.295749603593414179e+01 3.681807821330599495e+01 4.697397020182240368e+01 4.250340421827032600e+01 3.422072360338252395e+01 4.250340421827032600e+01 4.529669415702822022e+01 3.727538598001270032e+01 3.041846566676257524e+01 2.454230266341524214e+01 1.377370766477711150e+01 2.261560830624193841e+01 2.027518997518516386e+01 2.849987619884965540e+01 2.467207568873606860e+01 1.676552196997064215e+01 1.962081078341456930e+01 2.116827601542768988e+01 1.176939688502581660e+01 2.028044565013209422e+01 2.637717680161719969e+01 2.891487309977617670e+01 2.070302625451263978e+01 1.573248185796945364e+01 2.587270310754109914e+01 2.163772618839400508e+01 2.487839566017684234e+01 2.834601417643622057e+01 3.375698386089272418e+01 4.343171082809600136e+01 5.130184981214887330e+01
3.181237762543648628e+01 2.708627367289657073e+01 3.194145996763049666e+01 2.845493908433078190e+01 1.872369186363962612e+01 2.845494920118337490e+01 2.877271038189126529e+01 3.862870138065016334e+01 3.934921755315173897e+01 3.475126670868841217e+01 2.844705741338023230e+01 3.839498321417435989e+01 4.105678704087542030e+01 3.126834238593190918e+01 3.306455544751378994e+01 2.857057628571141450e+01 2.266304252802559205e+01 1.160524309930277198e+01 1.683675083594212651e+01 2.284053300889440408e+01 1.923746300999727765e+01 1.092625398712998042e+01 1.134205077280059903e+01 1.134205077280059903e+01 1.134205077280059903e+01 1.925598182755053500e+01 3.087372949879467043e+01 3.057182559636940056e+01 2.987369155207464999e+01 2.587278995980518559e+01 1.716904044849420785e+01 2.728691078212739995e+01 3.325655212974211139e+01 3.781436755315599640e+01 4.195767997458901988e+01 4.379753039125399283e+01 4.068913951073960078e+01
4.094202796391451216e+01 3.194145996763242934e+01 2.261124468343913918e+01 2.741501265465204185e+01 1.767713478411390327e+01 2.627891810387156113e+01 3.405434233348670858e+01 4.280851582084366669e+01 3.485294349741715791e+01 2.453377175674414801e+01 2.453377175674414801e+01 3.082815505037899939e+01 3.497238594972779424e+01 3.306455544751378994e+01 2.315369022896515716e+01 2.776033307403224981e+01 2.477257906153200295e+01 2.126295880339032252e+01 9.784281874303319526e+00 1.747826760491414078e+01 1.034704057967304713e+01 1.983901333985319937e+01 2.073385976486413185e+01 1.134205077280059903e+01 2.108640604441561806e+01 2.609919235987008435e+01 3.453414824580734432e+01 4.009112170875113890e+01 3.588533550013418250e+01 2.689418302870598154e+01 2.178175924227990023e+01 1.880839983930013304e+01 2.949997599052565178e+01 3.588810192773111396e+01 3.865890508311947116e+01 3.352027977498489264e+01 4.068913951073960078e+01
3.620914958818404727e+01 3.205609650513025599e+01 2.796304514205549197e+01 1.901928081010909821e+01 1.661970415986963090e+01 2.122203359331735939e+01 3.130908555619613765e+01 3.819427996776232703e+01 3.924872166457090117e+01 3.473988507926085845e+01 3.082597868869973112e+01 2.053876252364727506e+01 3.082815505028082725e+01 3.715250334535944887e+01 2.776033307406270723e+01 1.744608120704616994e+01 1.446332864943169483e+01 2.085570547970304034e+01 1.855733221869223470e+01 9.784281874303319526e+00 1.951208632738584114e+01 2.386015692594284943e+01 2.073385988230006305e+01 2.142472880057552587e+01 1.489647121580930289e+01 2.121477435035427206e+01 3.069331961361028860e+01 3.848645608884309866e+01 3.655898366001152056e+01 2.820764129507319140e+01 2.909692145306407340e+01 2.030591845674141638e+01 2.159204112691729449e+01 3.163548441462819483e+01 2.867486676026182835e+01 3.865890508311947116e+01 4.050624497281690850e+01
2.712438427140924091e+01 2.228341502701116283e+01 2.550939490483830951e+01 1.719852593420198161e+01 1.555507749905068771e+01 2.601766282235933758e+01 3.083305672632530658e+01 2.608700296266136576e+01 3.400018961984000754e+01 3.550752731397587070e+01 2.549528650452993617e+01 1.808450066461282191e+01 2.550039686103188430e+01 3.556497092053592723e+01 3.186711030300612535e+01 2.768211695220977475e+01 2.081773545420507432e+01 1.096442262853854643e+01 9.267042550599587258e+00 1.914892170962207985e+01 1.521467772718380296e+01 2.464106530900156855e+01 2.927050848239739977e+01 2.896803581014671281e+01 2.075085121701939173e+01 1.968458985792537064e+01 2.525803619450712745e+01 3.449032438801200584e+01 4.008792230426520575e+01 3.640867104880339866e+01 3.139700109060986932e+01 2.183685894353272872e+01 3.134969569571399717e+01 2.450010484558202251e+01 2.733068838241458565e+01 3.042526074298841365e+01 3.743374229273749876e+01
3.620914958818389806e+01 2.716975527997943374e+01 1.734889921519653555e+01 1.415491642680850681e+01 2.285363696648488130e+01 2.521946724635480308e+01 1.931188545235898957e+01 1.819001804432719638e+01 2.922011335037925406e+01 3.355857976058102565e+01 2.336232030760103839e+01 1.586944542036120076e+01 2.354918046341764892e+01 2.775835973819086888e+01 2.993010057300172022e+01 2.834204032224505099e+01 8.981720780916750968e+00 8.739645246595499017e+00 1.835718032392473020e+01 2.284340902752911617e+01 2.503879358032133595e+01 2.230211713307063803e+01 3.176042882241166510e+01 3.467669063776709493e+01 3.062601720886979706e+01 2.950721991826158330e+01 2.745913534380457222e+01 3.800780480763855707e+01 4.300371323411874158e+01 3.373068301135919000e+01 2.717315660521256149e+01 2.351599838437630297e+01 3.302767242522685365e+01 3.439738814051164439e+01 3.716931324865268493e+01 3.829004734764036755e+01 3.743374229273749876e+01
3.098650704725398342e+01 2.409999243990701601e+01 1.843975412717346885e+01 2.285444738766467410e+01 1.292670573522331523e+01 2.166136137091061187e+01 1.172389679277093677e+01 2.208670443876765432e+01 2.930820223434898608e+01 3.344316632120234090e+01 3.052544832450734802e+01 2.354918046383425079e+01 1.291343532522004800e+01 2.093211379921729787e+01 2.048768581791369670e+01 2.120246358465840331e+01 1.503184248876982920e+01 8.350260130627829014e+00 1.410647469348584515e+01 2.027987580622808395e+01 2.830902780063496849e+01 3.181669960064162339e+01 3.577036525635371333e+01 3.652684810451977171e+01 3.461687869607009560e+01 3.835179871247589034e+01 3.880203538949046305e+01 4.367656400514267290e+01 4.305481858669793382e+01 3.373173357051616961e+01 3.302220973448122265e+01 3.302767242522825342e+01 2.596978352141557522e+01 3.529712728157164037e+01 2.850100107548964345e+01 4.433683218868797837e+01 4.792392261349230864e+01
2.970582415243382002e+01 2.410003603379877646e+01 2.824676285178384916e+01 2.695748017625036397e+01 1.749684419417526016e+01 1.172389679277093677e+01 2.052901334357508389e+01 2.283015813855037379e+01 2.020437541756582789e+01 2.923494012589609525e+01 3.534980386158532184e+01 2.775547127845139173e+01 2.093205961613181643e+01 1.026236387938304340e+01 1.838191120255141797e+01 1.640891284502141900e+01 7.788416989273173385e+00 1.780207272870459079e+01 1.871072964705038189e+01 2.032820142693977417e+01 2.507203299520236328e+01 3.137804500390153706e+01 3.371303534549485903e+01 2.688977931473336014e+01 2.519395383522442344e+01 2.990290213048814039e+01 3.610065479198203064e+01 4.477490967819092305e+01 4.705349529460762881e+01 4.305557628592229946e+01 4.238626946309737775e+01 3.424046824754198326e+01 3.529712728157164037e+01 2.850100107548964345e+01 3.776857226734968975e+01 4.393532864227420021e+01 4.753057969920507730e+01
3.811916574722701512e+01 3.391860087114748268e+01 3.725770278184356954e+01 2.735019775848661538e+01 2.576690962008280650e+01 2.052901288430354754e+01 1.058720674532518125e+01 1.352866477325872552e+01 2.235076657430485625e+01 2.176158881943210943e+01 3.139208306784937008e+01 3.123169671211913112e+01 2.092821039393555083e+01 1.852985480997798362e+01 8.193470962634822996e+00 7.291267678562912025e+00 1.663266114784226346e+01 7.788416989273173385e+00 9.047808665343120893e+00 1.027752229725489741e+01 1.741645888439436973e+01 2.223322658914167604e+01 2.632596525441262614e+01 1.984630940884700578e+01 2.971241141250056117e+01 3.719840740755950037e+01 4.256004087612031128e+01 4.129691810319210532e+01 4.537212384496161377e+01 4.476369567232717372e+01 4.712572855859250609e+01 4.183867507439070010e+01 3.211060532151186919e+01 3.050142505361301204e+01 3.393592949885324117e+01 4.121082977170020456e+01 3.858147796263199325e+01
4.620955291718194502e+01 4.227009343838967936e+01 4.018980239937847188e+01 3.021502473612147099e+01 3.021207145526315685e+01 2.230087613180822359e+01 1.234863845378425218e+01 9.451852988260622368e+00 1.370964040982746290e+01 2.276432351665398102e+01 2.435634208158188230e+01 2.758460474485385561e+01 2.545078402133301410e+01 1.838659006565784182e+01 6.823002040790036915e+00 1.293611717080970891e+01 1.090474652338460260e+01 1.218360297666457548e+01 1.903237856860682697e+01 1.907087900098694533e+01 1.146404359845340615e+01 1.223555730212663661e+01 2.222784584565163257e+01 1.687143324064679462e+01 2.285342279772796559e+01 3.334896769087703916e+01 3.967882442420496147e+01 3.142381882247397584e+01 3.967882448082895053e+01 3.507323775752462325e+01 4.196479103885093309e+01 4.664137250556785119e+01 4.445382191593586896e+01 4.002731063300876713e+01 3.286925219319750369e+01 3.435301035199007202e+01 3.495535041025912903e+01
4.079998797442925706e+01 3.295887907698964625e+01 3.723975672096629808e+01 2.730562435403917476e+01 2.035325113093423255e+01 1.683129001988590545e+01 1.898140641611454171e+01 8.671756914298867969e+00 8.671756914298867969e+00 1.720938044670150191e+01 1.443330876191246226e+01 2.312638512137101898e+01 1.597406206077551083e+01 1.626693638791437024e+01 6.485470603717051752e+00 6.485470603717051752e+00 1.032405896197907147e+01 1.824333171097153539e+01 1.962592785049684352e+01 2.400463522774222369e+01 1.457517295643904021e+01 2.222916445132601382e+01 1.332589814906246239e+01 2.338219086457499429e+01 2.825486679350382246e+01 3.329288023093363336e+01 3.548966232002829457e+01 2.569281656703549999e+01 3.268123630818621450e+01 2.841782839855343212e+01 3.445525575895890569e+01 4.363621983218437350e+01 4.425902551106693039e+01 4.492198210863983832e+01 3.823469074908890519e+01 3.876722865253643135e+01 3.858147796263199325e+01
3.661171559509767803e+01 2.755474793347553941e+01 3.465089448208532019e+01 3.436042491295736312e+01 3.021444637173304315e+01 2.672564141030679608e+01 2.263593226972610140e+01 1.683722356961691347e+01 1.706717475788899563e+01 7.540732525336794723e+00 1.653769614976295088e+01 1.806152414595057465e+01 1.580377359641777346e+01 5.999002967115389495e+00 1.626730550326093194e+01 6.485470603717051752e+00 1.667876289682605417e+01 2.231706262980229027e+01 2.909194369201749453e+01 2.803536950743310996e+01 1.818500481720698048e+01 2.729027133060867527e+01 2.338218362253743621e+01 1.451168829825079776e+01 2.462134454975642583e+01 2.392505087351218052e+01 3.084003143822174664e+01 2.186383767717518367e+01 2.296609866369033881e+01 3.268121947311671249e+01 4.035380391949460943e+01 3.629578846088487865e+01 3.450609177418096607e+01 4.425902551106693039e+01 4.745667566677867200e+01 4.755091602086359615e+01 4.753057969920507730e+01
3.271755674709756079e+01 2.332281693641063214e+01 2.527368121473399398e+01 3.069024172470890477e+01 3.279026629027252682e+01 2.957157742123529331e+01 2.849354277121420509e+01 1.658293567924916445e+01 7.499737349508135864e+00 6.741166550205167418e+00 1.505052835421530943e+01 6.331954800750520640e+00 5.581662176899341965e+00 1.575116505024602986e+01 1.999203751314880506e+01 1.372877087771825977e+01 1.132385656162291632e+01 1.722628485402577425e+01 2.750193712417653202e+01 3.205598961830006033e+01 2.321972950963032645e+01 3.204375227037753149e+01 2.745278555757228034e+01 1.744717889905165009e+01 1.581646916585673956e+01 1.677058607465552242e+01 2.688289148726837752e+01 1.818649712851787470e+01 2.824203540380639055e+01 3.387806376171977263e+01 3.143812155278361331e+01 2.658046941406761121e+01 3.344237741398879393e+01 4.318462265491992724e+01 5.029356540519981422e+01 4.901397473164787044e+01 5.311211791844442587e+01
