output/example/elevation_000032.asc
nrows	75
cellsize	13.33333333
xllcorner	0
ncols	75
yllcorner	0
NODATA_value	-9999
[rows 17 to 33 of 75, columns 0 to 36 of 75]
1.309999999999999880e-02 1.001309999999996236e+01 1.083345339242281824e+01 1.319235229458549874e+00 8.390247659764643373e+00 1.594481207390668587e+01 1.278698611477480718e+01 2.787912343655065239e+00 2.787912343655065239e+00 2.787912343655065239e+00 2.787912343655065239e+00 9.858793970144127172e+00 1.733218739512916429e+01 2.192863931006722211e+01 2.606808536975768575e+01 2.538520672450191995e+01 2.952414298508800883e+01 2.940866410112775142e+01 3.055628946772025500e+01 2.642859032467312375e+01 1.977045728141623826e+01 2.975765684630157182e+01 3.075442169699834594e+01 4.071610370788204847e+01 4.653412870724385897e+01 4.841731604201540051e+01 4.342946705125319795e+01 3.371110029513913275e+01 3.553714181336059852e+01 2.629380587995374086e+01 3.620400686428235559e+01 3.616250036575656424e+01 2.628668799249014754e+01 3.242979414655691528e+01 3.655260031551677713e+01 3.721933543057780724e+01 3.634668187666333949e+01
1.379999999999999977e-02 1.001379999999909742e+01 8.350177282143899093e-01 1.076589079753804334e+01 1.545511424243193765e+01 2.253089044987747513e+01 1.692737742756074226e+01 8.561362922622505423e+00 1.278698638144147459e+01 3.537444432650925119e+00 1.278698664810814023e+01 1.692737779996466330e+01 2.399596148344451052e+01 2.572375872355329207e+01 2.158381940466690097e+01 2.572375872355329207e+01 2.647829581367494711e+01 1.942269129697300656e+01 2.396885581272527332e+01 1.643710150453670948e+01 2.642859032467312375e+01 3.388253903621191654e+01 4.071610370788204847e+01 4.483272296002194679e+01 5.134029275221272570e+01 4.133316834085975700e+01 3.430954866240575996e+01 2.936602512169936929e+01 2.562883703552608949e+01 2.343405542298884114e+01 2.945650051495656285e+01 3.357877564756342537e+01 3.242979414655691528e+01 2.255435766899423555e+01 2.913798198736935774e+01 2.732173924710549073e+01 3.721933543057780724e+01
1.379999999999999977e-02 3.536138330152930331e-01 1.035360496098162386e+01 6.180719154837981399e+00 1.195968757606752852e+01 2.205453752114796728e+01 2.269907367211269289e+01 1.855929505754559017e+01 9.310887083608458070e+00 1.353644315269474419e+01 4.622096721744203052e+00 1.462097362482338170e+01 1.657757044094372745e+01 1.657757057431149050e+01 1.157132201062275279e+01 2.072011665130413505e+01 2.016545951796905456e+01 1.234808053081787982e+01 1.397423989296423308e+01 2.396885581272527332e+01 2.070095496681399538e+01 3.068639719853342385e+01 3.979372200242510615e+01 4.554005403374372207e+01 4.558258672473332496e+01 4.143502786774224234e+01 4.342946705125319795e+01 3.553714181336059852e+01 3.179215461959157096e+01 2.188281346646393644e+01 1.954265753828321195e+01 2.705204041209702481e+01 3.117160125092872036e+01 2.913798198736935774e+01 1.925301470171120855e+01 2.628443772571666059e+01 3.039541051923021797e+01
1.290000000000000001e-02 1.001289999999996283e+01 1.449573050291070153e+01 1.622849099370782966e+01 1.622849099370782966e+01 2.629893714767555934e+01 2.637630932359511249e+01 1.638114392077822856e+01 1.930866008818212265e+01 1.674370463360291694e+01 6.315871085798858253e+00 5.758436566900855702e+00 6.562603414724885731e+00 6.562603414724885731e+00 6.562603414724885731e+00 1.657757070749519812e+01 1.015260980183112594e+01 2.016545951796905456e+01 2.396885581272527332e+01 2.809845432309135305e+01 3.068639719853342385e+01 2.569895005311040137e+01 3.146447266440236135e+01 4.142395299219808891e+01 3.983135516032779577e+01 3.149500399935113393e+01 3.983135516032779577e+01 4.549896788914450951e+01 3.591796717716727727e+01 3.179215461959157096e+01 2.705204041209702481e+01 1.714116066599775223e+01 2.480766810716161785e+01 2.892493270299175734e+01 2.628443772571666059e+01 1.640149103104810280e+01 2.364310911834525442e+01
1.290000000000000001e-02 2.369922603955156859e+00 4.795278854318483219e+00 1.479527885431844680e+01 2.271705920798491363e+01 3.065308806048708590e+01 3.051557055402416196e+01 2.637630932359511249e+01 1.794360256363928485e+01 1.027769423223423217e+01 1.674370463360291694e+01 1.282563630181865122e+01 1.657757044097815680e+01 6.562603414724885731e+00 6.562603414724885731e+00 8.026992201020355822e+00 9.234334688560366544e+00 1.925782515974077214e+01 2.203353716147996977e+01 3.203789021468802645e+01 3.979372200242510615e+01 3.567384434395643211e+01 3.979372200242510615e+01 4.206069104338777720e+01 3.569615241157532637e+01 2.578159409681404313e+01 3.569615241157532637e+01 3.864448144434752663e+01 3.451148649454420081e+01 3.342336670257650866e+01 3.117160125092872036e+01 2.480766810716161785e+01 1.491438784678934049e+01 2.269841366854343079e+01 2.681276359406141907e+01 2.364310911834525442e+01 1.378112237471484747e+01
1.309999999999999880e-02 1.001309999999996236e+01 1.479527885431844680e+01 8.574923584410742095e+00 1.857492358441067282e+01 2.658259344534294044e+01 3.072472906876826571e+01 3.223724329704754865e+01 2.417272542225015286e+01 1.387609216387147271e+01 2.417272542225015286e+01 2.283432166544765352e+01 2.072011627429410296e+01 1.657757057431149050e+01 6.562603414724885731e+00 6.562603414724885731e+00 1.659108615797628516e+01 1.202471550020458224e+01 2.203353716147996977e+01 2.828215869020234763e+01 3.181756147955815450e+01 3.596823241763768664e+01 4.097364510570996998e+01 3.792069872649448570e+01 2.799626926120603088e+01 2.227979270320793503e+01 2.814466401594841827e+01 3.226616940629970287e+01 2.459080939913796371e+01 2.350678928671151624e+01 3.053059010594306599e+01 2.892493270299175734e+01 2.269841366854343079e+01 1.283215236503926526e+01 2.070512787635309238e+01 2.481553341848684013e+01 2.117761243243765534e+01
1.349999999999999985e-02 7.084567811865461806e+00 1.708456781186539075e+01 1.857492358441067282e+01 1.304705953941030572e+01 1.658259344534301860e+01 2.235609613723923417e+01 3.235609613723902811e+01 2.832023043552598907e+01 1.861507511053034847e+01 2.832023043552598907e+01 2.727370993286968215e+01 2.312926945299447112e+01 1.794278715383872225e+01 7.912450363243292095e+00 1.658406947102324480e+01 2.084750459661389499e+01 2.203353716147996977e+01 1.511870939157754634e+01 1.828254611717687084e+01 2.181793233324084369e+01 2.681620008821747803e+01 3.681892287089884519e+01 4.089831955878005942e+01 3.095745577081420663e+01 2.395410992255164473e+01 1.823786180772136589e+01 2.484239661320622261e+01 2.641128756565700897e+01 1.651404878960430267e+01 2.291208523887235060e+01 3.282935808819819812e+01 2.681276359406141907e+01 2.070512787635309238e+01 1.085754496036834560e+01 1.880995957761573933e+01 2.137292162814030760e+01
1.349999999999999985e-02 1.001349999999996321e+01 1.769126952966358601e+01 2.216340548466337523e+01 2.304705953941023466e+01 2.658259344534294044e+01 3.072472906876826571e+01 3.649823176045357087e+01 3.280862501304749657e+01 2.574132164556977642e+01 3.280862501304749657e+01 2.312926945339633988e+01 1.312771728136282512e+01 9.949628697890654294e+00 1.794278715383872225e+01 1.794278715383872225e+01 2.794524144369159302e+01 2.926704353915006607e+01 2.512000354520062473e+01 2.012002769601627250e+01 3.011997939438497340e+01 3.596823241763768664e+01 4.097364510570996998e+01 3.703846866466837184e+01 3.290872454976727113e+01 3.185238872676891475e+01 2.193876280764011710e+01 1.495323901207284578e+01 2.192624313033598327e+01 1.304090639733528789e+01 2.291208523887235415e+01 2.595741586325547701e+01 3.007635657423960041e+01 2.481510848038204031e+01 1.880995907832251390e+01 8.958737999892887771e+00 1.696465662042243849e+01
1.359999999999999924e-02 3.549133905932734034e+00 8.021269860932328299e+00 1.509233767279782690e+01 2.509233767279789262e+01 2.720027499047129993e+01 2.829417233165325030e+01 3.243628629916604922e+01 3.385353433495122033e+01 3.573690071535890667e+01 2.945107961101943062e+01 1.945542009438091569e+01 2.312926945339633988e+01 1.996650095328842767e+01 1.228916398951537303e+01 2.229214734399161912e+01 2.594263987241798475e+01 3.594032292682351226e+01 3.426971261797795165e+01 2.511886593346785901e+01 3.426971261797795165e+01 3.778800470615736629e+01 3.365678442624104605e+01 3.130533727234097796e+01 2.299522215630948807e+01 3.130533727234097796e+01 2.895966559633803783e+01 2.192624313033598327e+01 1.206435448606455907e+01 1.020878947382963275e+01 1.788619605913937249e+01 1.607226400662941401e+01 2.283450328607659330e+01 2.655030290869979481e+01 1.666365267823174889e+01 1.666369939038332859e+01 7.092525411240464983e+00
1.369999999999999864e-02 1.001369999999996274e+01 1.769126952966358601e+01 2.216340548466317983e+01 2.427133411683110253e+01 1.720027630986002265e+01 1.829417427799152307e+01 2.568857151766279401e+01 2.385353799937418984e+01 3.385353433495122033e+01 3.359883947059383047e+01 2.652348956269688784e+01 3.029860295787487345e+01 2.030343039535750904e+01 1.452963348263220311e+01 1.594535435330201523e+01 2.594263987241798830e+01 3.435206612088806821e+01 3.927447680882088576e+01 3.512109285525473723e+01 3.927447680882088576e+01 3.205304522272794543e+01 2.374028027621982417e+01 2.718516127428811657e+01 1.728700186868519140e+01 2.566037153638226798e+01 2.977851841468974570e+01 2.603912376447309995e+01 2.192624313033598327e+01 1.788619605913937249e+01 8.023161960310105201e+00 1.585160714813738458e+01 1.295921665317249172e+01 1.994969819466500738e+01 1.636350337758597817e+01 6.787688155136223145e+00 1.666359782398981082e+01
1.290000000000000001e-02 7.083967811865485409e+00 1.708396781186555202e+01 2.118526930178240519e+01 1.704314123290880900e+01 1.012920850233056846e+01 1.280182092145480333e+01 1.568857226740292177e+01 2.016070822239708704e+01 2.593421091191392591e+01 3.593420770854401525e+01 3.651890721074819623e+01 3.444714089782242894e+01 2.452793566253565771e+01 1.452963348263220311e+01 2.452793566253565771e+01 2.020961962786587662e+01 2.727721652736537905e+01 3.727141593322508584e+01 3.793403757303101287e+01 3.296845319913541061e+01 2.793148808580626508e+01 1.803192113905080163e+01 2.221597044423628375e+01 1.356797148395840757e+01 1.577370526710096499e+01 2.406107738892077919e+01 1.965777953062793060e+01 1.555594334384472965e+01 1.555594334384472965e+01 1.585160714825319239e+01 5.965662359417518879e+00 5.965662359417518879e+00 1.585117531787415146e+01 6.483739071773865881e+00 1.636352997353458605e+01 1.173109280954263056e+01
1.379999999999999977e-02 1.001379999999996251e+01 1.241268698120276071e+01 1.426964032671709504e+01 7.043141503088740762e+00 1.704314123290880900e+01 2.280182038814599466e+01 2.568857151766279401e+01 2.983069238423369995e+01 3.430282116767755696e+01 4.007630821539889610e+01 3.791801393308617207e+01 2.792160549196657371e+01 2.085423744802415413e+01 1.806596267368025011e+01 2.806210604395153396e+01 2.598085832744488499e+01 2.727721652736537905e+01 3.727141593322508584e+01 3.380291308236834880e+01 2.388924403968889365e+01 1.894004517064748683e+01 1.545280611043317442e+01 1.234886949049171712e+01 1.009422646400940771e+01 1.009422646400940771e+01 1.756136756732107074e+01 1.555594334384472965e+01 5.666589707012024135e+00 5.666589707012024135e+00 1.555594334384317889e+01 5.965662359417518879e+00 5.965662359417518879e+00 6.180090415443153518e+00 1.606354451895111524e+01 2.046629947150113793e+01 1.869738733462318692e+01
1.359999999999999924e-02 1.208828609334392512e+00 2.412687140192082857e+00 4.269640521962599244e+00 1.426964032671709504e+01 2.118526930178240519e+01 2.686278916253866100e+01 3.100481423883328702e+01 3.149030817689135020e+01 3.563226324615425256e+01 3.543851559577418442e+01 3.958050179562825122e+01 3.499909430188771609e+01 3.084948573686004636e+01 2.253755603386712636e+01 3.220910845602546146e+01 3.304534904088450986e+01 3.727141593322508584e+01 4.142691571441073251e+01 3.793403757303101287e+01 3.296845319913541061e+01 2.884607856102861234e+01 2.534376686852919036e+01 2.221597044423628375e+01 1.995230223775804745e+01 1.756136756732107074e+01 7.693203882215981615e+00 1.526707211026543298e+01 5.666589707012024135e+00 5.666589707012024135e+00 5.666589707012024135e+00 1.555594347717832093e+01 5.965662359417518879e+00 1.583890225246010708e+01 1.317121700068538814e+01 2.304672396667091760e+01 2.859490013465410385e+01
1.359999999999999924e-02 1.001359999999996298e+01 1.241268698120276071e+01 4.737639915068465157e+00 1.473763940067350120e+01 1.908929049237123365e+01 1.686279479096601719e+01 2.332535657649436800e+01 2.149032559674474996e+01 2.911396926364541216e+01 2.543852980737884906e+01 3.250959696097743290e+01 4.250955068698777239e+01 3.668196252112513633e+01 2.960391183060773912e+01 3.668196252112513633e+01 4.304433066625467319e+01 3.910401841775529164e+01 3.498448042487586207e+01 3.910401841775529164e+01 4.002083356896239508e+01 3.428416104010732823e+01 3.016206494873818400e+01 2.641831518171322912e+01 2.495376258356128574e+01 1.506457009681177261e+01 1.506434299114611086e+01 5.374485278218313233e+00 1.526707211026543298e+01 5.666589707012024135e+00 6.692490592996144905e+00 1.656925269607627271e+01 1.588123953389941967e+01 2.002736500094821892e+01 2.304672396667091760e+01 2.716618972607484395e+01 3.203493301612172672e+01
1.319999999999999993e-02 1.001319999999996213e+01 1.887975871929849347e+01 1.473763940067350120e+01 7.199469734655116859e+00 9.089292099701248517e+00 1.108929209970124319e+01 1.332536007720102589e+01 1.609886105832715231e+01 1.911397450410476750e+01 2.618504222941248116e+01 3.618502463289176063e+01 4.209576682178019524e+01 4.318911798923843293e+01 3.959953094953664277e+01 4.064428031669191199e+01 3.652137330547013505e+01 3.414899851765881778e+01 2.508910572866531297e+01 3.414899851765881778e+01 3.589001696184732282e+01 2.596891305182584730e+01 2.025703409433413782e+01 1.652744979823131999e+01 2.175571652540433476e+01 1.506498763039332900e+01 5.169677759165582920e+00 5.169677759165582920e+00 1.506432398007413731e+01 1.555594334384577415e+01 1.656925269607627271e+01 8.164173813594889140e+00 1.802278901582565496e+01 2.361498810129820924e+01 2.804560587046047715e+01 3.043176283045339758e+01 2.212806355388285340e+01
1.019999999999999900e-02 7.081267811865462392e+00 1.708126781186539134e+01 2.134157269383459266e+01 1.297297242633143810e+01 1.908929049237123365e+01 2.108928972021644555e+01 2.039642785269912295e+01 2.609883557984182900e+01 2.911396907392506606e+01 3.325601965530353255e+01 3.916676229402065701e+01 3.209803788403915092e+01 3.319175451402939814e+01 4.318911798923843293e+01 3.652137330547013505e+01 2.662255035625442545e+01 2.952184847231469078e+01 2.014068076740971946e+01 3.003679307677058929e+01 3.243734873994140600e+01 3.428416104010732823e+01 2.746829916905636537e+01 1.757381578781490106e+01 1.188630928200170978e+01 1.815191854048313758e+01 1.506429404541291639e+01 5.169677759165582920e+00 1.217149615681760366e+01 2.204815118025347687e+01 2.212741094040215373e+01 1.802278901582565496e+01 9.660277382457705286e+00 1.950728060696739874e+01 1.814602053600097165e+01 2.227519698995861219e+01 1.641925520312223696e+01
7.249999999999999500e-03 7.078317811865462161e+00 1.707831781186539288e+01 2.608707916310060426e+01 2.297296993662641640e+01 2.711505285067552151e+01 2.686106058855381917e+01 3.039641428934550049e+01 2.979505549517437402e+01 3.137602828035478453e+01 3.445356244433637727e+01 3.031266408061730644e+01 2.502716274496786397e+01 3.209803788403915092e+01 4.209576682178019524e+01 3.523541906077866059e+01 2.533922450892787026e+01 1.962550622891067320e+01 1.664812724803520538e+01 2.341054012297242082e+01 2.254098780421668380e+01 2.954767528742483762e+01 3.158673673541994376e+01 2.586598571415493453e+01 1.815191854112666547e+01 8.282376487441897694e+00 1.486156313748716862e+01 4.965340431636164453e+00 1.486211800220407397e+01 1.815198896575306620e+01 2.804747468805473787e+01 2.361498810129820924e+01 1.661098731815258134e+01 1.119586251118912124e+01 1.119586251118912124e+01 1.241636668295507384e+01 2.227519699210979809e+01
