output/example/elevation_000026.asc
nrows	75
cellsize	13.33333333
xllcorner	0
ncols	75
yllcorner	0
NODATA_value	-9999
[rows 17 to 33 of 75, columns 37 to 73 of 75]
3.351312956389583064e+01 2.674421157215543587e+01 3.309691570473476219e+01 3.718000475303755081e+01 3.363768744664723442e+01 2.411647272842674639e+01 2.311120010471440267e+01 3.258490478314728023e+01 3.377910735758644734e+01 4.222069791715771458e+01 4.679228240383769588e+01 4.175886337305871621e+01 3.757602162850611904e+01 3.026871680670541309e+01 2.063081491783930588e+01 2.805761003182937685e+01 3.215832743114640380e+01 3.147299797578402902e+01 2.856019678804167583e+01 2.363025491388784260e+01 1.484033599953374605e+01 2.434836203062340587e+01 2.908572463123967822e+01 2.708198854011160961e+01 2.316504115892757198e+01 1.449343471734953859e+01 2.391960549116082646e+01 1.620017058102120444e+01 1.771967857678014013e+01 2.682552304716828573e+01 3.449109380464365415e+01 3.303370494364343557e+01 2.556530796782471171e+01 2.567754455447589379e+01 2.828330248027302574e+01 3.317911514207442281e+01 4.048175359170756593e+01
3.873127859712793253e+01 2.897227579922281748e+01 2.359367011852997820e+01 3.034672648356094626e+01 2.859629807676108015e+01 2.103304453353457859e+01 3.046355558903671934e+01 3.666406984940771707e+01 4.378487543783359115e+01 4.795545134253241315e+01 4.260603612944358076e+01 3.255562348696872732e+01 2.770936388035854137e+01 2.434840629146931690e+01 2.805768293796761625e+01 1.855415237801970818e+01 2.601076578484296675e+01 2.188204791559250850e+01 2.546242633936467215e+01 1.368282939259112219e+01 1.368282939259112219e+01 2.207874910226993137e+01 1.518549287448679408e+01 2.236932712977651860e+01 1.371312224466226226e+01 2.318864048605109573e+01 1.449343471734953859e+01 2.454147830568295063e+01 2.682550130549653744e+01 2.105736363620584228e+01 3.033039535242970786e+01 3.788468673756852212e+01 2.965669353514330453e+01 3.736901674579303290e+01 3.891627288672108875e+01 3.342748493587487957e+01 4.073450864563597662e+01
4.284259679383670516e+01 3.680569077901719766e+01 2.985619487689149665e+01 2.091804378689996113e+01 1.915851933538076324e+01 2.714265094117616073e+01 3.091956702784527522e+01 3.446030126956829776e+01 3.884652284866999850e+01 4.455439873513756055e+01 4.679228240383771009e+01 4.175886337305871621e+01 3.225574655415700676e+01 3.408812471737115146e+01 3.215917661328448673e+01 2.601076578571171893e+01 1.686197894804876185e+01 1.590454662693148080e+01 2.295838814117169591e+01 1.961721411145257932e+01 2.160157679431923938e+01 1.207939322635687596e+01 1.255722187288327341e+01 1.303811575135079615e+01 2.198585978027574228e+01 1.482715434932126186e+01 2.368198224839949972e+01 3.179933907416688044e+01 3.449109380464362573e+01 2.748709298896887887e+01 2.555282151782217070e+01 3.510796593787053155e+01 3.926893824931494237e+01 4.356139892875186348e+01 4.815194451209087845e+01 4.381164834668125962e+01 4.073450864563597662e+01
4.235711484315239517e+01 3.823204853605378162e+01 3.428667318113629392e+01 3.032852492846863157e+01 2.712221258150509584e+01 1.767524381746289919e+01 2.714023192335311307e+01 2.428671105715471512e+01 2.902307387695949004e+01 3.778715684021231880e+01 4.923496494979843163e+01 4.640658808168043237e+01 4.224127255949225912e+01 3.410986159286193242e+01 2.981942665376642054e+01 3.009285205421861420e+01 2.600634973181048082e+01 2.295022200419178660e+01 1.451898982273111294e+01 1.333079507545244979e+01 1.598408636358539781e+01 1.207939322635687596e+01 1.719069560992734225e+01 2.003170616238718438e+01 2.368709809527150156e+01 1.551759894540622042e+01 1.920423423899045545e+01 2.420834717969351857e+01 3.369829812748747599e+01 3.719458979647955488e+01 3.215683928069988440e+01 3.215683928069988440e+01 4.223262453595817334e+01 5.223162484472634048e+01 4.787258940702274401e+01 5.223164202359761532e+01 5.124052074626147402e+01
3.825919216264531997e+01 2.857727593235433261e+01 3.136022135680616429e+01 3.334796707312443687e+01 2.598653278593877403e+01 1.665798089555456230e+01 1.932167747380441725e+01 2.549519815363922959e+01 3.585013150664765647e+01 4.324039799829098030e+01 4.365719156867596951e+01 3.987442974385508165e+01 3.308456773603984402e+01 2.840642784796190057e+01 2.013936162892564852e+01 2.770838339795912120e+01 2.514560571438999048e+01 2.053776076275769213e+01 2.053812097774356360e+01 1.548469670093624373e+01 1.147077120778413040e+01 1.618531692774978836e+01 2.264724911206101510e+01 2.211872175072276292e+01 2.115581528043287207e+01 1.611469194657003356e+01 2.213000886720833904e+01 3.151833254356625602e+01 3.792907697155313684e+01 4.106387557814021960e+01 4.223262453595817334e+01 4.223262453595817334e+01 4.660227348249809154e+01 4.694239689370620283e+01 3.727146892955266821e+01 4.609456224509523281e+01 5.046281002880823507e+01
3.817872155416891644e+01 2.856662692040480778e+01 2.194489222993045985e+01 2.663416487680618161e+01 2.104836729603871248e+01 1.570828311354794948e+01 2.528483885386187424e+01 3.319776185565102367e+01 3.891740106004282040e+01 3.638605058970492934e+01 3.687667410587609140e+01 3.507276011262570137e+01 2.441560865568782646e+01 1.891769538638275705e+01 1.472087581604728435e+01 2.006190038460340475e+01 1.409475872073837621e+01 1.091619758798045048e+01 1.091619758798045048e+01 1.091619758798045048e+01 1.406675745701652325e+01 2.258854478356900941e+01 2.867390124144920449e+01 2.867010350002543717e+01 2.563966223602312766e+01 1.667127761025320254e+01 2.566279034907564238e+01 3.094209979618937822e+01 3.678765065637553988e+01 3.074149180126690695e+01 3.808104214153166822e+01 4.588141508798369017e+01 4.312204384464630635e+01 3.876507236239018539e+01 3.214624929812219989e+01 3.552696202877191212e+01 4.076048273111386777e+01
3.533044376649241514e+01 3.245698435421920180e+01 2.664653475414285566e+01 1.725891259425125668e+01 1.435743250325664810e+01 2.386659583102244753e+01 2.944966714500574767e+01 3.671519755772530402e+01 3.126586688731489616e+01 2.960913921963886253e+01 3.767509180177991368e+01 3.486148603495588816e+01 2.863863517844178475e+01 2.467444370362037986e+01 2.006178394976796042e+01 1.039632850745241122e+01 1.039632850745241122e+01 1.782367445553611063e+01 1.091619758798045048e+01 1.091619758798045048e+01 2.061464572277186136e+01 1.956001828118646912e+01 2.993144833080038580e+01 3.525274063790661927e+01 2.565991614291139911e+01 2.017615339847047906e+01 1.762856847711679364e+01 2.551786471717094784e+01 2.540806659480416840e+01 2.370596495771139089e+01 3.369592001097291956e+01 3.543638170777166607e+01 3.543638170777178686e+01 2.850535400324951851e+01 3.876507236239018539e+01 4.609456224509459332e+01 5.046281002818422934e+01
3.106213001741804547e+01 2.849214088969418768e+01 1.911832882395174948e+01 1.435743250325664810e+01 2.260922756876181694e+01 2.436095154664610973e+01 2.921322614091999270e+01 2.966457135185232374e+01 2.498516006589582261e+01 3.301228435975389885e+01 3.492012420074507162e+01 3.008990053382379415e+01 2.099783421170747744e+01 1.546771228323722802e+01 1.951625193542603043e+01 1.039632850745241122e+01 1.909542268677966703e+01 2.247811764230934628e+01 2.050420901745819435e+01 1.643073500520136676e+01 2.153204180306902771e+01 2.993144833080038580e+01 3.445063810885220335e+01 3.627064186687187686e+01 2.661207403245275671e+01 2.944106503593742019e+01 2.683080835425608512e+01 1.762856847711679364e+01 1.762856847711679364e+01 2.242560424067258751e+01 3.261656163444904877e+01 3.317377484226832252e+01 2.531770050852126275e+01 2.769322980981737814e+01 3.791574550143891997e+01 4.621038384445252944e+01 5.093327214593713137e+01
3.532818826312878002e+01 3.244022275640726605e+01 2.769380950223065341e+01 2.260826306074145720e+01 1.308211132553971190e+01 1.517581272391092639e+01 2.448453352029010333e+01 2.148817808875518764e+01 2.966457135185232374e+01 3.665695296344088661e+01 3.139206012904785226e+01 2.413839171899538627e+01 1.979194207075096656e+01 1.944516461583215516e+01 9.895542543473462516e+00 1.946517349386515860e+01 1.962915117315425206e+01 2.629666854892390049e+01 2.736243546880560018e+01 2.652778859967534686e+01 3.097778584905489652e+01 3.714502908223033728e+01 3.990139009222736632e+01 4.048053349782091459e+01 3.627064566852795480e+01 3.663346794608487755e+01 2.866311145672989369e+01 2.013447841081794465e+01 1.853219866136529603e+01 2.840658158037986425e+01 3.101387694329705269e+01 2.315350082295186240e+01 3.317366058312978794e+01 3.791542802358956976e+01 3.145017395730874910e+01 3.599926140826195819e+01 4.206841449786983844e+01
3.710056032681048066e+01 3.380107898099272745e+01 2.442690363397412057e+01 1.778878369919585012e+01 1.216657691063962154e+01 2.050106397327020247e+01 1.825684910459506938e+01 2.617164272458854413e+01 3.014847210681785938e+01 2.885143716884071452e+01 2.433954486215593249e+01 2.311167163437458427e+01 1.960059216833262141e+01 1.372923973167362099e+01 9.895542543473462516e+00 9.895542543473462516e+00 1.954833276291240551e+01 2.128563922254032548e+01 1.536305216922723993e+01 2.519391519633058607e+01 3.018646080768582962e+01 3.187506507482188312e+01 3.007118971192987900e+01 3.990139009222736632e+01 3.802655851215774874e+01 2.855502238743842724e+01 2.385098931215762974e+01 2.866311145696786511e+01 2.843183564567027233e+01 1.997585781776862035e+01 2.106453115482618799e+01 3.101389942504035346e+01 3.532318100087677948e+01 3.965353523433073235e+01 4.184390255999697672e+01 3.736726862334096211e+01 4.346024766578209864e+01
3.285868579307855697e+01 3.066757570846619529e+01 2.123974884082876713e+01 1.577449167845642641e+01 1.132175888581877565e+01 2.063061697551023599e+01 2.660402349784476073e+01 3.037820896060288689e+01 3.293707536147999804e+01 2.256438251114682458e+01 1.591757586387551449e+01 1.280807473665113783e+01 1.816365580263152779e+01 9.461208578380173151e+00 1.899919276471243634e+01 1.954561590800616599e+01 1.090837809457629248e+01 1.166335840391342771e+01 1.246542467302000112e+01 1.904470529829595549e+01 2.692179221150092161e+01 2.207249931998740067e+01 2.749122580558971052e+01 3.734087209522760986e+01 4.230991676440569194e+01 3.669450466940971012e+01 2.855502238743842724e+01 3.669450467857746645e+01 2.991415707447963612e+01 1.997585781776862035e+01 2.991402779053293770e+01 2.334754837338849853e+01 2.520911781925471473e+01 3.532357541411482771e+01 4.267133943439710464e+01 4.796002901055983614e+01 5.231278640550188896e+01
3.711372101246207222e+01 3.472995538468103405e+01 2.921526922139224425e+01 2.025886051380080488e+01 1.049113469372420937e+01 1.890366328281337260e+01 2.285320897553075881e+01 2.866947298572922875e+01 2.779975259672606214e+01 2.173334768740690492e+01 1.776570116113042275e+01 1.374527080440830318e+01 9.048467385732603674e+00 1.662567851301147570e+01 2.285309198510460149e+01 2.057670194155111787e+01 2.057815242617109419e+01 1.567206293623388191e+01 2.206201941793074539e+01 1.362692989507559993e+01 2.313390817456666682e+01 1.738339950249653754e+01 2.392398875335429409e+01 3.389553230743895540e+01 3.749540929255073252e+01 4.162210154120809591e+01 3.802655851219265770e+01 4.230991681297509643e+01 3.419213672586812436e+01 2.562847471267764021e+01 3.340938215159231106e+01 2.334754837338849853e+01 3.338298399111621961e+01 2.810145189620122608e+01 3.832311562602433952e+01 4.624617698762740048e+01 5.096218416486042457e+01
3.647534546532054378e+01 3.316393950643336552e+01 2.891392008056309848e+01 2.421290999670219790e+01 1.914146652157442929e+01 9.319623836892146684e+00 1.562467050209679087e+01 2.461824874621718706e+01 2.157537597946124208e+01 1.455008051987419293e+01 8.286368159852019133e+00 8.632125618174315562e+00 1.718997617657718280e+01 1.412242659617201213e+01 2.367909055141065267e+01 3.017128048040858346e+01 2.917733406084334646e+01 2.042377650714931647e+01 2.313172456439151858e+01 2.313391479177177956e+01 1.362692989507559993e+01 1.362692989507559993e+01 2.396560083254030005e+01 3.070591561976112160e+01 2.789361525884744353e+01 3.749540929255113753e+01 4.446105627318814157e+01 4.031668787808889931e+01 3.996078030462157926e+01 3.568825376331008670e+01 3.788876287383563124e+01 2.929856011203217037e+01 3.814772179510381989e+01 3.385621422659932733e+01 3.150844044074922579e+01 3.604880055113602566e+01 4.210254946293392919e+01
3.223871781856004759e+01 2.891391988671704638e+01 1.913851915342987908e+01 2.200167008804887558e+01 1.840940768403277161e+01 8.484931046321179338e+00 1.315862894486448198e+01 2.282352975840145959e+01 1.748843985537253687e+01 7.749006810266195089e+00 1.668143204830578341e+01 1.007410282355255404e+01 2.197271267892600122e+01 2.368180403544622692e+01 2.080031614497264414e+01 3.064863674594552378e+01 3.396671168581212896e+01 2.713301310555271684e+01 3.273312297850529973e+01 2.462662248360085471e+01 1.362692989507559993e+01 1.451681131549424819e+01 2.481560040440586334e+01 2.105917754326388902e+01 3.069565173144143699e+01 3.804861274210149702e+01 3.883719860439777705e+01 3.068141584154687607e+01 3.883719861384904704e+01 3.771015724082381837e+01 4.187355958435413328e+01 4.156573615555693380e+01 4.582819319430570459e+01 4.102253208064008305e+01 3.878251412705581203e+01 3.660077820918230174e+01 4.404972636603834246e+01
3.135798408376231095e+01 2.911164496172782634e+01 2.199976571020928517e+01 1.267059772886386604e+01 1.688260714454610323e+01 7.654453296106241922e+00 1.499565437754697683e+01 1.773024294030508230e+01 7.217002864347463742e+00 9.173784946387689487e+00 1.719512462549661080e+01 2.257343853394269928e+01 2.259351573881004072e+01 3.241574158681603990e+01 3.064865393673626670e+01 3.495520345795969774e+01 3.717343954278443618e+01 3.671296355818963519e+01 3.104949098973114729e+01 1.992478260353688668e+01 2.462663560474428692e+01 2.481558135622660899e+01 1.583372091120236291e+01 1.685826020810507231e+01 2.419615904016208674e+01 3.247964739384720900e+01 2.977839848698764413e+01 2.523872102595743883e+01 3.089139475801668411e+01 2.806679684150117993e+01 3.771016661330141062e+01 4.023010787209205574e+01 4.474931200048033730e+01 5.132373740295334130e+01 4.935843828161988966e+01 4.716050982788805612e+01 4.404972636603834246e+01
2.101247069227443376e+01 1.876700405415482820e+01 1.923680251829950194e+01 1.701528091768395967e+01 8.601775293017791313e+00 1.592753788838603590e+01 6.614509055639988588e+00 6.780388045044462686e+00 6.780388045044462686e+00 6.780388045044462686e+00 1.716421943767078062e+01 2.289325951302437190e+01 2.439338600333265816e+01 2.892731227275663031e+01 2.647652889172514534e+01 2.943905201376233549e+01 2.772626543825817080e+01 3.717343841812662220e+01 3.550961092289528409e+01 2.639066963736967253e+01 3.230194292994367800e+01 2.250616151493051476e+01 2.196344188536827602e+01 2.704604725572508528e+01 1.844751311346334788e+01 2.841029114576445380e+01 2.002370579945416296e+01 2.125328004138356519e+01 2.125328004138356519e+01 3.089131808141490154e+01 3.393022771798878523e+01 3.124540241878461089e+01 3.983012809293992973e+01 4.893919943567468778e+01 4.920582857743903560e+01 5.349319123388239205e+01 5.467060545109153225e+01
1.190699191649007993e+01 1.813795535672567638e+01 6.044516874419395336e+00 1.492606297940718818e+01 6.309468425632509536e+00 6.309468425632509536e+00 9.012618781509530663e+00 1.214017068540730193e+01 1.526220006525105610e+01 7.396015522126915265e+00 1.253668433659013104e+01 1.926105982333321975e+01 1.627977721001609979e+01 2.266013015333838609e+01 1.766140963259575614e+01 2.064962683744743543e+01 2.672507690075791231e+01 3.606209617931358480e+01 4.180059751244193222e+01 3.741355455839224931e+01 3.641267110976460231e+01 2.944381102311168519e+01 2.891234128149408633e+01 3.248054705826545074e+01 2.841029114576403458e+01 2.002370579945416296e+01 2.977839835362071952e+01 3.089139439926147546e+01 3.089138147562129788e+01 2.310210650895908202e+01 2.441973560417243050e+01 3.393024198773905908e+01 2.637323327829556163e+01 4.015311213297160720e+01 3.903653696690891195e+01 4.636874016599259107e+01 5.066005671309964953e+01
