output/example/elevation_average_000086.asc
nrows	75
cellsize	133.333333333
xllcorner	0
ncols	75
yllcorner	0
NODATA_value	-9999
[rows 51 to 67 of 75, columns 37 to 73 of 75]
1.916702610825072668e+02 2.884308843055969760e+02 3.095381371843146781e+02 3.209772456894862671e+02 2.412024102146472444e+02 2.531985900045269204e+02 3.477194120047529395e+02 3.800788366996286527e+02 3.291861077829804003e+02 4.110727028891250256e+02 4.279395412202720763e+02 4.456233437583525188e+02 4.062166289112431627e+02 4.914841101614412082e+02 4.425681133964440050e+02 5.070624392871848727e+02 5.963642580928401458e+02 6.060978899505071240e+02 5.781667555871184732e+02 5.991208329453633041e+02 6.032598889598530150e+02 5.645296961695113396e+02 5.058030443126649516e+02 5.724140650859126254e+02 4.792192991222025853e+02 5.061948166077107771e+02 4.905069605922527671e+02 3.963008977711635907e+02 4.905578976348760420e+02 5.164089665365232804e+02 6.093206814539905736e+02 5.475794438359762353e+02 4.538955319265418780e+02 5.164629170167227130e+02 4.529548041171452724e+02 5.466388870178438992e+02 5.794637721865750564e+02
2.883756652425738025e+02 2.298389868635500761e+02 3.261459897077086794e+02 3.765131931266603260e+02 3.095572740802667226e+02 3.491362292418943412e+02 2.712129459803869054e+02 2.845261836116025620e+02 3.000329182834318544e+02 3.159597005890111632e+02 3.330408862215805357e+02 3.509469886578900173e+02 3.735477237456354374e+02 3.975950401870538258e+02 4.918333675822177042e+02 5.729701476830873617e+02 5.623290283758277610e+02 5.273120560105345476e+02 4.879583165354059702e+02 5.067547069082740450e+02 5.714269042318534275e+02 6.359924762584531663e+02 5.988122039888718291e+02 6.106011207943423642e+02 5.725969134704811268e+02 5.376204068967183503e+02 4.438119153165906141e+02 4.906947491395092129e+02 4.224670988612850238e+02 5.165398882007706334e+02 5.846655218405769574e+02 5.705512673502182679e+02 4.774752283174646550e+02 5.704538712117026762e+02 5.466409897232375670e+02 4.861888843469374137e+02 5.794673412937861485e+02
3.652337568265195955e+02 3.261482829934950587e+02 2.753236510177405307e+02 3.709775796538933719e+02 4.048957151883713550e+02 4.060233208958164823e+02 3.268569149825588624e+02 3.391407746583407175e+02 3.945967570311314034e+02 3.713165861730292931e+02 4.271631491723404110e+02 4.060420528590453273e+02 4.668434413699792458e+02 4.674014548767804058e+02 5.181252909241370617e+02 5.150848797487365118e+02 5.042688745020503234e+02 4.444920401998396073e+02 4.290024014931204306e+02 4.392797419956291947e+02 5.314084778929050117e+02 5.947189303557851190e+02 5.969925206285304284e+02 6.352505527635672706e+02 6.033834124219592923e+02 5.103926789055462336e+02 5.103888921296472176e+02 5.548312738314058379e+02 4.892307975262374384e+02 4.528480672579851785e+02 5.465261133894830436e+02 6.088794762921423853e+02 5.708723203927340819e+02 5.173027888569660036e+02 6.095480386358552778e+02 5.794775114560633256e+02 5.261133973765244036e+02
3.900505651048894720e+02 4.100581070593376012e+02 3.310852075050374879e+02 3.525216840776492973e+02 4.473306087775932838e+02 4.607124706166968622e+02 4.219906447612162879e+02 4.316845813487190640e+02 4.726757590028234972e+02 4.658236015295173047e+02 5.043985087250944161e+02 5.001160542805059777e+02 5.385152347837371281e+02 5.589210045327005218e+02 4.968060416024893016e+02 4.417840272756905620e+02 4.693159189878994084e+02 3.849289150139509275e+02 3.780998703758375541e+02 4.690586289187369289e+02 5.396644188146874512e+02 5.029702521529270598e+02 5.042282084321748243e+02 5.968276949625186489e+02 6.412123361795020173e+02 6.033873221638457380e+02 6.033751813636630459e+02 6.204210260893403301e+02 5.463817714145625359e+02 4.880996046371628267e+02 5.021386263911139167e+02 5.952129630544075098e+02 6.403436872590638131e+02 5.483888857808060493e+02 6.403308492021751590e+02 6.566591926537436166e+02 5.795055369710876221e+02
4.301855641872484739e+02 4.647191068380389538e+02 4.261561780475768728e+02 4.473322544983765852e+02 4.374622423707218104e+02 4.369181381652545042e+02 4.756112210789514165e+02 4.535551142684196293e+02 4.157238078010495315e+02 4.370504888656706157e+02 4.757196461423046685e+02 4.895000980474321182e+02 5.279138152247298876e+02 4.808714414310765619e+02 4.412101925291051998e+02 3.744322681691419916e+02 4.294536961936054809e+02 3.355648436538398300e+02 4.236162959263670018e+02 4.474693023261438611e+02 4.498917363312721136e+02 4.361201033511920855e+02 5.273025194029088425e+02 5.654876818457514673e+02 5.863478703075898011e+02 5.986112617195267376e+02 6.375642218160776338e+02 6.765520086565610427e+02 6.181452893024317063e+02 5.263107563763155667e+02 5.952048300578503586e+02 5.661792818238972131e+02 6.584311103707436814e+02 6.176268802338178148e+02 6.122511331183100083e+02 7.036119709251789800e+02 6.448871947282366364e+02
4.692097232154994231e+02 4.229060333255968658e+02 3.851376576173026933e+02 3.880067397856481648e+02 3.450038497051056652e+02 3.419313638128217576e+02 4.368132910579720942e+02 3.985063316049541413e+02 3.204363456663440957e+02 3.420311543219895043e+02 4.221124414116429193e+02 3.951422158673908598e+02 4.892443011121764584e+02 4.407235407689888689e+02 3.472750882178273173e+02 3.209499258669251276e+02 3.857838753081866798e+02 3.121890361983473667e+02 3.330803055482077752e+02 3.570626942386835481e+02 3.860833393950707091e+02 4.758353404622075686e+02 5.354406958129335408e+02 4.721238447234670161e+02 4.931533033203371588e+02 5.066223477129551611e+02 5.881089236539581862e+02 6.273166977324167419e+02 6.568307644436622468e+02 5.910920792739556191e+02 6.565488046210531365e+02 6.584281547731941373e+02 6.882189419131838122e+02 7.065572259924482523e+02 7.015178375352475086e+02 7.352477804546523430e+02 7.361770538657510770e+02
4.270633845519284364e+02 3.690222374790637332e+02 2.930856119582130077e+02 2.925066222983692228e+02 2.740516364303721843e+02 3.698824011707881141e+02 3.668268036571816992e+02 3.276020069329734383e+02 2.634933999296075626e+02 2.938310401943789429e+02 3.277865729222172035e+02 4.229733937188813684e+02 4.424445413605022850e+02 3.927559587654162669e+02 3.507113082011247229e+02 2.761844277024853227e+02 2.906447784143563808e+02 3.845171217774254160e+02 3.891818313489824845e+02 4.516083860992951031e+02 4.800592016638648829e+02 5.070696372694238221e+02 4.687984147922269926e+02 4.043371241036791730e+02 4.283734630577370126e+02 4.599757068959149251e+02 4.961994926562530850e+02 5.623473524547058560e+02 6.547139167417990393e+02 6.830417861209339208e+02 6.494137817525613627e+02 6.123971661706740406e+02 6.497822632229313058e+02 6.853444409364434478e+02 6.524497582911287736e+02 6.880724293431087517e+02 7.324871671230497441e+02
3.532906262714989793e+02 3.123715363736491213e+02 2.349292466152413397e+02 2.253695195713807777e+02 3.217812483046363354e+02 3.386543221743737604e+02 2.993150345683072260e+02 2.312609478800063982e+02 3.276085272687603833e+02 3.890316464971667756e+02 4.223512774325807300e+02 4.276523293818701745e+02 3.751323933019755259e+02 3.081744309160703210e+02 2.575762077891927788e+02 3.536471130501985840e+02 3.861222088516689155e+02 4.252827674978966002e+02 4.825869881860363648e+02 5.220376269635750077e+02 4.802250724828398347e+02 4.415623205298408038e+02 3.741247721744217074e+02 4.638180528887731384e+02 5.184116061200993499e+02 5.528555464769063974e+02 5.881172472737173393e+02 6.273184675916096467e+02 6.213037480851264718e+02 6.097275885791757446e+02 6.021202546757599521e+02 5.194497788689179743e+02 6.021199529981487331e+02 6.401186189163415747e+02 5.611404012797129326e+02 6.067263930309919715e+02 6.824877541417152997e+02
2.952941384676756229e+02 2.184689370102040868e+02 1.858622208957265798e+02 2.643377599455425866e+02 2.687027897814155040e+02 2.730377290960028631e+02 2.026236039123895978e+02 2.993235609136125959e+02 3.668410051990446732e+02 3.487134739765507447e+02 3.878640532823770855e+02 3.582018784338717978e+02 2.942294330051936413e+02 2.396560094152415843e+02 3.359449629737240457e+02 3.927590334300390396e+02 4.701890581393857360e+02 4.707159308393679567e+02 4.355944142635938761e+02 4.560872480889686358e+02 4.174241271010839682e+02 3.465500964174980254e+02 4.027453048741693920e+02 4.963095118105217693e+02 5.617943899535731589e+02 5.352745184385061066e+02 5.680581536560744098e+02 5.867046308294502523e+02 5.284977510521932800e+02 5.167652876390998244e+02 5.168226344431953976e+02 4.705088921427559967e+02 5.622310671625923533e+02 5.648657942050505198e+02 5.098844069797855241e+02 5.522397483801800036e+02 6.068944194898222122e+02
2.448813891752529344e+02 1.585032208076044640e+02 1.628793820591023405e+02 1.673073255494730063e+02 1.717036092724706862e+02 1.760898144525255873e+02 2.731063361892933585e+02 2.839487340440979892e+02 2.881894395928919721e+02 2.526226656901654053e+02 2.976235816226767952e+02 3.023467924400216020e+02 2.224504786529212481e+02 3.189343382560583677e+02 3.751437694888398937e+02 3.784986050375443369e+02 3.755985931954653552e+02 4.161841682848425421e+02 3.410302579127052809e+02 3.946009704288392754e+02 3.221314121403563036e+02 4.174291786978130290e+02 4.802451644807648563e+02 5.354864454296294980e+02 5.247435068076484868e+02 4.444320534719178681e+02 5.167020076517740108e+02 4.935177178855412308e+02 4.620449065508068998e+02 4.796274778514845707e+02 4.226944123840573866e+02 5.168230553609602111e+02 5.326921496900187094e+02 4.713018792598707591e+02 5.376824355806219273e+02 6.304151689498465885e+02 6.663394791405097521e+02
1.523911353121189052e+02 2.496547374353677355e+02 2.599686272849639863e+02 2.365465281350137445e+02 2.421254946102656902e+02 2.730475682653633385e+02 1.824724368575558344e+02 1.871230463535997046e+02 1.917587696621613134e+02 1.963979367648583434e+02 2.010689276342710343e+02 2.057244233641096685e+02 3.024070172883315308e+02 3.144476441955024484e+02 3.194796812464051072e+02 2.827512002121083015e+02 3.784940302468015716e+02 3.597552244217572479e+02 2.841432741893769389e+02 2.993533979556569875e+02 3.949402921474073764e+02 4.562371334438240069e+02 4.835131111948685430e+02 5.189170950390790722e+02 4.811716256908832747e+02 3.922333201756999870e+02 4.701776918026887415e+02 4.285566906474278426e+02 4.486418793831372795e+02 3.850337716474234639e+02 4.796026605326637764e+02 5.035936665791238624e+02 4.387500713571166671e+02 5.327015191106977454e+02 6.029454864103408909e+02 6.039354563910351317e+02 5.758066342478216484e+02
2.434260907598564074e+02 2.034122118905612808e+02 2.948707584359439693e+02 3.318467989281164705e+02 3.374730288996459535e+02 2.972938729061204981e+02 2.008924903157416395e+02 2.838870251686865345e+02 2.883242907851978316e+02 2.494974812803362738e+02 2.977042899735169499e+02 3.023638253061611749e+02 2.128682815379461886e+02 2.179584487330695310e+02 2.230531049827375227e+02 3.195385086077906180e+02 3.399418900296284960e+02 2.637504947142664378e+02 3.597512244842035898e+02 3.947034884219918922e+02 4.338415990140314307e+02 4.167658834265750443e+02 3.890061115352442584e+02 4.810372107332861447e+02 4.454083979443714156e+02 3.544170622629847571e+02 4.172539946681395122e+02 4.346652717478762042e+02 3.536715572513443249e+02 4.486364363903260823e+02 4.760679737230757951e+02 4.092897431504444512e+02 5.035894539766293860e+02 5.709219955101164032e+02 5.603174353736080775e+02 5.108842132009248758e+02 5.792532590140166349e+02
2.833231680076715975e+02 3.000189159244288817e+02 2.716545594274282394e+02 3.642457067436049556e+02 3.660016641437158569e+02 2.714476232590003519e+02 2.976161901849285982e+02 2.305797274138196542e+02 3.269541357844352660e+02 3.455779731276771258e+02 3.748070179694452122e+02 3.436354705988588307e+02 2.529822320819729384e+02 2.851093564757405829e+02 3.194814733199566490e+02 2.303257719169179154e+02 2.440203049862823264e+02 3.402638280447467878e+02 3.988488859846258947e+02 3.619243941189096176e+02 3.693827117131041859e+02 3.215356611992911553e+02 3.826940983323574414e+02 3.943941106769079283e+02 4.033258371132999969e+02 3.206330908126626582e+02 3.300671264945884786e+02 3.396398523031868990e+02 4.347167353805143080e+02 3.699212379002025841e+02 3.815519619949911885e+02 4.761855435934307366e+02 5.128159023551745577e+02 5.298370707107499129e+02 4.667164888887608640e+02 5.603195418616444385e+02 6.417924646832143480e+02
2.663573791597628428e+02 3.370925422408058125e+02 3.674768330236856286e+02 4.034811896571486614e+02 4.045267921784968621e+02 3.673396726036727387e+02 3.021148401379846860e+02 3.269504819854996640e+02 2.661426114063030468e+02 3.620975554406025481e+02 3.999125027531521255e+02 3.110443845048550884e+02 3.489853545119964906e+02 3.808288427354865462e+02 3.256239471642682020e+02 3.267234940119726048e+02 2.381603394082826526e+02 3.344810515313321844e+02 3.502492058510408697e+02 2.659241425496903730e+02 2.741334143116861242e+02 2.823746644866656652e+02 2.908142767553987937e+02 2.993293620697725146e+02 3.079516241329660033e+02 4.034527996286907410e+02 4.213190879258630162e+02 4.087605334391089968e+02 4.179493109333659504e+02 4.646686882242775027e+02 4.760656435628036434e+02 4.028459415964097730e+02 4.188661151744569793e+02 4.360722048376384237e+02 5.300447503025673086e+02 5.170341272085319133e+02 5.638171013938912211e+02
2.010371671971902856e+02 2.977217993732796231e+02 3.725178218139947717e+02 4.133170909995371289e+02 4.678298631205316269e+02 4.363991473993340833e+02 3.775439018963197100e+02 4.011567099821438660e+02 3.261652058893926096e+02 3.113702960733933196e+02 4.067667953590469665e+02 4.064914181925265666e+02 4.054497547251293099e+02 4.596338875241132200e+02 3.809761922767600026e+02 2.858103977028139298e+02 3.344740753166797731e+02 2.460779390072595731e+02 2.543161528907448314e+02 3.504430018384530285e+02 3.698803034687655895e+02 3.780397950565007363e+02 3.599273109370195129e+02 3.549224784753014887e+02 4.032635380505082026e+02 3.595476570042298476e+02 4.544309779024764566e+02 5.011200699811569734e+02 5.120459658934133813e+02 5.504514624526001398e+02 5.356241008676195179e+02 4.624497886573768710e+02 4.736078854228708792e+02 5.296040508115464718e+02 4.852216194564863372e+02 5.514989559594968114e+02 6.100121348144307376e+02
2.977213690178632532e+02 2.378546991347004678e+02 2.785653475874286187e+02 3.357452599182179256e+02 4.307224587427922415e+02 4.909586920120775062e+02 4.654135212866414122e+02 4.584875920991588600e+02 4.197739172911479386e+02 3.816038974013799248e+02 3.714425057912127954e+02 4.660937619611185596e+02 4.997466266839045943e+02 4.386108290754339691e+02 3.446427060122771877e+02 3.803744874734790073e+02 3.159344138443716474e+02 3.419117256550028969e+02 2.569783266310664658e+02 3.530548630376014785e+02 4.014332567338161084e+02 4.518839503409728877e+02 4.544237852531460931e+02 4.497767842955391302e+02 4.884963063345888372e+02 4.290954698554039055e+02 4.370213220594445147e+02 5.309620025754658172e+02 5.848280266847305029e+02 6.093269363969081951e+02 5.914098603820001472e+02 5.551927197631758872e+02 5.669232977593752594e+02 6.051585269324060619e+02 5.380419558691897919e+02 6.166043485873766485e+02 6.817175732449447878e+02
3.732870791808127819e+02 2.937883868571325365e+02 3.156423994146312566e+02 4.096255473523473256e+02 4.606117183525483370e+02 3.970722073125635916e+02 4.151734059400599790e+02 5.063660721597303791e+02 5.071469262927535624e+02 4.757593193391642785e+02 4.661062345497709885e+02 4.660844273506680224e+02 5.595931306905072233e+02 4.783502825691124940e+02 4.048951517623348764e+02 4.501730858587164903e+02 3.870023619921880140e+02 3.208978848421363068e+02 3.530629022438395168e+02 2.680483559270403475e+02 3.640144892324317993e+02 3.572293089740944083e+02 4.521177169878648670e+02 5.168745906502322214e+02 5.292861368098823505e+02 5.226339308962564019e+02 5.309601374718229181e+02 5.563979853140806426e+02 4.917785406730125715e+02 5.164141179563731612e+02 5.476488456008348749e+02 5.450669825503503034e+02 6.333361104384440523e+02 6.599661163644917679e+02 6.291629895040016436e+02 6.650339769564257040e+02 6.971475200465465605e+02
