output/example/elevation_000002.asc
nrows	75
cellsize	133.333333333
xllcorner	0
ncols	75
yllcorner	0
NODATA_value	-9999
[rows 34 to 50 of 75, columns 0 to 36 of 75]
2.440664295020644747e-02 3.335773997628365350e+01 6.871307903561125840e+01 1.187130790356843875e+02 2.187131704697019643e+02 3.139819608201912047e+02 2.733218284207641204e+02 2.585298600403758655e+02 2.095334494992127645e+02 2.661089642161336428e+02 3.641032113397596390e+02 3.993070176197186356e+02 3.669487004812119721e+02 3.571289759368661976e+02 3.720483187557678662e+02 2.986575479261097712e+02 1.845047434864715967e+02 1.154219706769773524e+02 2.193908719323791843e+02 2.506800133613885180e+02 1.496102543955937847e+02 2.101167772387090906e+02 1.099224801136053173e+02 1.828218012345466832e+02 1.366182390519859666e+02 1.906196850180303102e+02 1.945400223399189770e+02 9.998302241968153226e+01 2.001490812162132045e+02 2.101153972579104163e+02 1.157942716690422316e+02 2.160060530323425212e+02 1.276090777701828216e+02 2.278573950156331307e+02 2.754687404013200194e+02 3.339817592821051448e+02 3.475935835780970251e+02
9.631867039084008875e-01 5.096318670390821381e+01 1.509631849619633215e+02 2.101303125494400490e+02 2.601371350808972238e+02 2.573033394328335248e+02 1.751499038067899789e+02 1.602946526979208954e+02 2.585298600410773702e+02 3.482043822282886367e+02 3.773089516253382385e+02 3.387761942415588123e+02 2.910020891697461707e+02 3.527492727066622251e+02 3.690648375178647029e+02 3.405084583212609459e+02 2.461104164346435539e+02 1.392453840372589013e+02 2.461817064366262002e+02 2.899106045593067051e+02 1.875294707031334838e+02 2.435828023707599073e+02 1.432873083751534011e+02 1.453124896394812140e+02 2.368050282979915835e+02 2.368048091634983336e+02 2.416819827876207967e+02 1.707938745283925357e+02 1.215579270318311984e+02 2.217618778475499539e+02 2.160060529796325000e+02 1.216883386220146122e+02 2.219182370159315099e+02 1.336375079323157422e+02 2.339047698953345389e+02 2.815468419315973847e+02 2.750384950012408467e+02
9.328373906849340980e-02 1.000932835539403243e+02 1.509631831427049065e+02 2.509631239796289890e+02 2.235246802458244986e+02 1.828183057356311565e+02 1.180293733937271270e+02 2.166422340369976496e+02 2.777764901543991982e+02 3.167678350856559746e+02 3.225967706862714977e+02 2.482731779389944222e+02 2.373312214325327716e+02 2.799186702446655204e+02 3.569232008672129268e+02 3.556190322732830396e+02 2.766604465214509219e+02 1.654189374099361487e+02 2.780043553031437114e+02 3.350179165233172967e+02 2.381731239488018161e+02 2.819695019246916559e+02 1.841889415768266360e+02 1.711719237379578260e+02 2.715209286307643879e+02 3.370155364750146987e+02 3.125839959060691058e+02 2.418124930910706496e+02 1.415775002387138102e+02 1.569626856860821817e+02 2.572029014818309065e+02 2.219182370139820932e+02 2.219182241195317147e+02 2.339047698769344095e+02 1.396893520054102851e+02 2.399753988235262057e+02 1.747067785454499642e+02
5.612541360416616332e-01 7.127193225466641024e+01 1.712719316191932819e+02 1.930535155069816540e+02 1.522875943987548908e+02 8.388748464891008894e+01 1.828183057357503287e+02 2.072814537398348591e+02 1.830254300085404111e+02 2.398673991983957023e+02 2.575768780533090307e+02 1.947474357637922253e+02 2.856901312984993524e+02 3.527492727007810345e+02 3.892642571542667156e+02 3.302317026118096805e+02 2.124598813448249359e+02 2.801221238296482170e+02 3.347402508942892041e+02 3.922098948969212415e+02 3.129127393428954065e+02 2.555851755756627313e+02 2.844424793991916545e+02 1.989626113541306438e+02 2.994551979840706508e+02 3.759757605953666371e+02 2.758401910209192920e+02 2.049613989252513306e+02 1.651882563818455480e+02 2.572029012969824748e+02 1.962726417882109615e+02 2.965269444652864763e+02 3.221893809240154951e+02 2.815143462626664359e+02 2.399753996455967240e+02 1.457706417252699396e+02 2.460751499159414379e+02
6.698096728698321733e-02 1.000669807643878926e+02 1.257230288238632596e+02 1.365486768755218350e+02 5.316122419186343251e+01 1.522875943900457401e+02 1.853418893120908422e+02 1.102303270418327941e+02 1.268695872181004347e+02 1.447528830922073837e+02 1.638217638226763881e+02 2.575768750890011916e+02 2.594050432236633128e+02 3.213273633118663497e+02 4.071288778965000006e+02 3.804610068790854029e+02 3.329044160261443608e+02 2.864557352073806555e+02 4.103952389440719344e+02 4.702953027429099961e+02 4.065986130929883871e+02 3.290742803137983969e+02 3.286219891600671872e+02 2.291856958420602268e+02 3.298815121079751407e+02 4.053873915715179237e+02 3.051818931164098672e+02 2.897803593065099221e+02 1.894972480286344023e+02 2.897888240961078736e+02 2.965269444789297495e+02 2.411081926541615985e+02 3.413647191664363163e+02 3.170126402714693654e+02 2.166930724034912146e+02 2.460751499157563842e+02 1.520355056343343563e+02
5.056270867801259117e-01 1.005056268954761123e+02 2.611438601912854196e+01 3.712259989895824930e+01 1.365486768962053361e+02 7.264178395231553509e+01 8.726327930792119503e+01 1.853418893593131145e+02 2.230719127151566568e+02 2.125523673551093680e+02 2.187432017660537724e+02 2.955769039364399191e+02 3.465341677515525589e+02 3.366614704816681751e+02 3.695925430619911367e+02 3.230349445934659798e+02 3.698682122441590536e+02 4.103952389784707293e+02 4.083339149665755485e+02 5.153269553845373139e+02 4.862921331082742427e+02 4.088844232552078779e+02 3.010745411345753269e+02 2.869538898512552123e+02 3.729272018062933967e+02 3.982637393776329304e+02 2.975135510978007005e+02 2.396284032530617765e+02 2.343360973325692953e+02 3.315958033161872436e+02 3.768238807752715047e+02 2.765542600857016851e+02 3.768033766537480460e+02 3.586586837153888609e+02 3.170129481916477516e+02 2.939348309553536183e+02 2.523586768127249798e+02
2.313054038484979591e-01 1.071133126624796184e+01 5.149808028187265307e+01 1.365486768369319748e+02 1.775359105406465972e+02 1.170186886817999294e+02 1.853418891757131917e+02 1.496390676019412922e+02 2.465544030044592603e+02 3.058118030839967787e+02 3.106246662741036744e+02 3.485878010224425338e+02 3.001425053628457249e+02 2.297883173325548398e+02 3.001419106840253335e+02 2.258031278030228748e+02 3.142763319697158408e+02 3.589365232152499061e+02 4.098935636675677188e+02 4.837646338267443298e+02 5.145861525701415076e+02 4.552899171994844778e+02 4.073091277304380924e+02 3.866722319730901631e+02 4.295925640401403030e+02 4.415884476788127131e+02 3.825233342563155929e+02 2.975132586358288336e+02 2.922207210620802016e+02 3.768053233987121757e+02 4.187165509191761430e+02 3.344243207869564571e+02 4.186387984505457780e+02 3.892185142526427626e+02 3.471281723949299476e+02 2.840798062275642906e+02 1.834073195000283079e+02
4.381705845155200452e-01 1.004381703977992402e+02 1.513143205987976501e+02 1.221067593223167620e+02 2.218273990451918962e+02 1.739162814576409346e+02 2.556149520924203955e+02 2.184586451404903755e+02 2.846147840478240028e+02 2.862969938316880985e+02 2.447167339437192766e+02 2.649429551549343387e+02 2.540164997694289752e+02 1.577496872041830329e+02 2.375186088458066251e+02 1.752482943767778352e+02 2.091416559615363724e+02 2.511391496887803214e+02 3.195378823340632266e+02 4.396998872911243552e+02 4.423937877494767577e+02 3.704176614451039313e+02 4.431917269907860373e+02 4.736526479098075129e+02 4.608284198146818085e+02 5.027869532974370372e+02 4.415447664013186113e+02 3.982489369842272708e+02 3.928606565780992810e+02 4.354240728494651762e+02 4.768397201929756761e+02 4.347934080484144488e+02 3.681496902669352380e+02 2.965051524856332890e+02 2.458996682849710282e+02 2.102583427893882515e+02 2.840798178580102444e+02
5.404045258026815013e-01 1.005404043402584477e+02 1.799600860290381945e+02 2.218273989532773101e+02 2.630948099607430208e+02 2.716862186382278423e+02 3.126153599233462046e+02 3.140441945921694469e+02 2.900840315571821861e+02 2.284392218970937449e+02 1.450123358920959049e+02 1.653178022231547573e+02 2.019554523862329916e+02 1.132932949979623061e+02 1.374055692570270253e+02 2.375193430746427623e+02 3.014792103349894319e+02 3.422257893812156908e+02 4.043278008429568899e+02 3.786058612038112301e+02 3.967546973932939522e+02 2.994715701376915149e+02 3.967744238573741313e+02 3.740459031467335080e+02 3.611431563462935515e+02 4.449411681330220176e+02 5.184688622537096307e+02 4.778489484894908514e+02 4.597375565783209481e+02 4.989751647709499593e+02 5.502190782580885298e+02 5.128890882128523572e+02 4.402652335157155790e+02 3.865277641315133792e+02 3.350228058509333096e+02 2.333578102390967217e+02 3.350595498943002895e+02
7.424244799684417417e-01 3.853887178089103571e+01 8.853887178089068755e+01 1.592495498989388807e+02 2.592495468031125938e+02 2.817139363850926088e+02 3.231292807506796407e+02 2.785788081520145738e+02 2.181466448979907966e+02 1.476503588542495891e+02 8.754931920395266332e+01 9.497127859446484877e+01 1.024736445989022968e+02 2.019554524384014371e+02 1.249636923027698856e+02 2.242662723062076395e+02 2.052128066808363940e+02 2.915796850841422270e+02 3.354754624104807590e+02 2.960749664974406983e+02 3.546958983062358470e+02 2.553032108492678560e+02 3.547310260921179292e+02 3.039618536935169004e+02 3.039619599483887100e+02 4.032676456998543699e+02 4.618091269196214057e+02 3.809679141421341910e+02 3.645218855191234866e+02 4.194023114959301211e+02 5.077381478779255417e+02 5.202907770917649941e+02 3.910537610919937492e+02 3.235671179603222072e+02 2.767453199463404871e+02 2.840215388873283473e+02 3.765325804094193245e+02
3.901691885448730357e-01 1.003901689887723592e+02 1.799600829427191684e+02 2.299599888601412943e+02 2.110250541813367136e+02 1.817447646307099944e+02 2.817139362739556532e+02 2.080355342271609800e+02 1.374923698894265272e+02 7.719142582429662980e+01 1.768189564591169471e+02 1.944973341287137316e+02 1.598737588977848532e+02 2.432672268801098596e+02 2.242662773139066701e+02 1.367440563269995835e+02 2.359282755756470067e+02 2.565327253605150872e+02 2.362281921165261167e+02 2.312837566924296766e+02 2.834342753712991794e+02 2.241975128016131293e+02 3.037470000412468494e+02 2.470338092344073289e+02 3.459067406184128117e+02 4.305631293326175637e+02 3.900776263382797993e+02 3.249531004067436584e+02 4.218074438917149678e+02 4.191383500394957764e+02 5.043822363963278121e+02 5.608543101982410235e+02 4.858685555876612057e+02 3.841322464206685936e+02 3.368245199942421095e+02 3.552028524836132419e+02 4.257702376745453989e+02
8.183613920447612156e-01 7.152903951067338539e+01 1.715290389092380394e+02 1.575970747571219590e+02 1.110704581659420995e+02 2.110250513006314463e+02 1.987754110918738206e+02 1.574288521793341147e+02 6.701829246205548429e+01 1.667009923663815414e+02 1.768189560171368839e+02 2.765491300127812337e+02 2.594401150085221843e+02 3.008004839073977337e+02 2.771868981404080046e+02 2.359282756172432016e+02 1.488549979151343337e+02 1.575402902751517331e+02 1.663870202195077184e+02 1.754418252240593290e+02 1.846791569336620569e+02 1.945742815712942502e+02 2.051697476923482384e+02 3.037469518615761217e+02 3.610707061471083534e+02 3.627763938158972223e+02 2.923815594226223311e+02 3.488759720413478362e+02 4.480091836672590944e+02 5.113512076954222039e+02 4.935430514024985769e+02 5.800110135175899586e+02 5.448500459864452523e+02 4.923137914627714053e+02 4.452962395814863612e+02 4.525840377410283963e+02 4.477287175637081305e+02
9.882871932238502799e-01 1.009882870064345610e+02 1.128988227040938881e+02 5.764874528611630922e+01 1.575970743770926958e+02 1.896097117985451916e+02 1.482509818265365880e+02 5.769823702771117269e+01 1.574288521809800443e+02 9.193725610701235951e+01 1.914991007526998033e+02 2.372422340639671461e+02 2.592425716690198101e+02 2.830012150992876059e+02 3.235211154644761109e+02 2.891674042714154211e+02 2.188323910916065245e+02 2.146255573318350116e+02 2.233795795272724547e+02 2.742674760553468900e+02 2.119680528214783237e+02 2.932474943847291797e+02 3.037470094098502500e+02 2.216094426355646476e+02 3.200205771315123684e+02 2.647130955830667745e+02 3.627763938805375687e+02 4.305633022167095305e+02 4.897419414579523504e+02 5.536947757000150432e+02 5.810430875880226722e+02 5.514326088389666438e+02 4.921699791206686427e+02 4.434461260584783417e+02 4.673062929458059784e+02 4.247923759637132548e+02 4.056169055447451228e+02
9.437373116660039418e-01 6.941307315154688240e+00 1.294949029318459743e+01 1.128988227088590151e+02 1.629696742415209769e+02 1.392572745548786770e+02 4.847380918630742741e+01 1.482509818297758954e+02 1.987754646330340051e+02 1.914991007379779830e+02 1.181079992914829546e+02 1.380319966459854584e+02 1.602874113195467771e+02 1.843883433288340825e+02 2.830012154616106272e+02 3.544579020231333288e+02 3.181796424066664031e+02 2.852486151818380335e+02 2.933982776769659608e+02 3.397094610869571056e+02 2.403770095343041078e+02 3.396898209808887827e+02 3.610713476465488156e+02 3.200205771545703328e+02 2.386122992558680096e+02 3.368518203633229859e+02 3.850518263518222284e+02 4.138588991009960978e+02 4.140809070065095625e+02 4.879394838611890464e+02 5.380212412430259974e+02 4.950472619569622452e+02 3.852659785945094768e+02 3.341091230238181424e+02 4.058584296145741064e+02 3.235807110464417633e+02 4.084612055779863908e+02
6.505138845580706874e-01 1.006505136978061188e+02 1.128988227043038108e+02 2.166765334970557788e+01 1.215756824012496224e+02 3.943581657430001997e+01 1.392572744611701410e+02 1.060730264013339621e+02 2.058671357331013780e+02 2.585678572001032762e+02 1.884226290249608553e+02 1.953871415687161743e+02 2.592425709647980057e+02 2.830012149917744750e+02 2.247894328449893351e+02 2.576292808459554635e+02 3.544579024439068462e+02 3.887006542309485440e+02 3.929790858849913207e+02 3.733868183419803017e+02 2.732530850039983648e+02 3.730174972349478253e+02 3.937963033578846535e+02 2.951664137760402582e+02 3.368517200625292389e+02 2.641088333720117021e+02 2.881213236898656191e+02 3.170401330605884027e+02 3.535264641013918094e+02 4.087578583050742509e+02 4.988729368820515901e+02 4.457580042293121210e+02 3.342739707986280564e+02 2.749638718961920745e+02 3.290290571946235900e+02 2.654160215926469277e+02 3.611293687758561077e+02
2.416582712504544705e-01 1.002416575901833937e+02 1.629696364546125835e+02 1.215756823911639373e+02 3.046626148844311643e+01 1.303317988810195232e+02 1.806278253099650044e+02 2.058671368183094046e+02 1.875431218355010401e+02 2.873996351589310621e+02 2.876741928184749213e+02 2.944173536314668809e+02 3.353090543891850643e+02 3.625165927067271241e+02 3.225536813855153468e+02 3.544579020240310570e+02 3.188889455703813383e+02 3.857514174528290596e+02 4.785894690744118520e+02 4.165719314022337585e+02 3.228439047778988424e+02 4.166510176146530284e+02 4.348583944696545700e+02 3.519819198494561192e+02 3.903051929620815486e+02 2.921265950325279732e+02 3.850511562470421723e+02 3.669741276350110866e+02 4.489695906703591959e+02 4.778826903942610898e+02 4.943027811215007432e+02 4.174084044073948689e+02 3.724111511968918649e+02 3.290480111658000055e+02 2.275020997580487006e+02 2.244544485342421467e+02 3.196483435640704442e+02
5.218411430375180515e-02 1.000521839292442934e+02 1.920420972215264612e+02 1.717141945134170555e+02 1.303317988754313035e+02 8.812003470691888651e+01 1.587329204886459308e+02 2.586369757470923219e+02 2.873996379673047841e+02 2.911139066879759412e+02 2.498752322566795101e+02 2.498752323056906732e+02 3.494877323361627646e+02 3.394854275980512170e+02 3.321301535068230919e+02 3.734769220797737148e+02 4.126552143499486647e+02 4.388396244378230904e+02 4.705083160933842805e+02 4.675273128162106673e+02 4.256713483010838672e+02 4.687870961890434387e+02 4.920508401030444929e+02 4.509187058693734116e+02 4.216269785010385363e+02 3.229577355950344213e+02 4.216259361911236851e+02 4.417403230799707217e+02 4.935710374216992591e+02 4.802519865717511038e+02 4.443699874259224885e+02 3.299439843448004694e+02 2.674662814678869154e+02 3.088395993318598016e+02 2.871503788198875782e+02 1.866004357235446207e+02 2.559540666051056803e+02
