output/example/elevation_000272.asc
nrows	75
cellsize	13.33333333
xllcorner	0
ncols	75
yllcorner	0
NODATA_value	-9999
[rows 51 to 67 of 75, columns 37 to 73 of 75]
1.348418738515786330e+01 1.102390958233675633e+01 3.235045107954386268e+00 9.185574643637451686e+00 1.583203286609284888e+01 1.438721502747249659e+01 1.739800837498786024e+01 1.967646639779765749e+01 1.435432465588778861e+01 1.976784194807422423e+01 1.894881015777816202e+01 5.357898503564206827e+00 5.593493170772326550e+00 1.542289661315426841e+01 1.978333400458565805e+01 1.705278070143773661e+01 1.267176094446650225e+01 1.955486328477159574e+01 3.127340383407487323e+01 3.370803984914440576e+01 2.552533365239737861e+01 1.637469240008944737e+01 1.347665331528117427e+01 1.801062192712924670e+01 1.041390767937373241e+01 1.969951797721028797e+01 2.099345659712274426e+01 1.362703810322944875e+01 2.356383835881632649e+01 2.918549836650133855e+01 2.770739623007622043e+01 2.585407813238448327e+01 3.287294884124277417e+01 3.283935555736283618e+01 2.276925167618474788e+01 3.283985276073656223e+01 3.894440275380398475e+01
2.433022176133827763e+00 2.433022176133827763e+00 2.938518468109283077e+00 3.151617051102075795e+00 8.600024069048899378e+00 7.999788546362770703e+00 1.599390336829343262e+01 9.631924410666716341e+00 1.746698332315835955e+01 1.166303069220771782e+01 1.459152829424238895e+01 5.357898503564206827e+00 1.519838118547082040e+01 1.124441251398321384e+01 1.548151081769172777e+01 2.383233997370945190e+01 2.378981059401282039e+01 2.816586934368551809e+01 3.461517677745200672e+01 2.675541719938183505e+01 2.100135912594524612e+01 2.531019774813314882e+01 1.850518539071296331e+01 1.424134309504962737e+01 1.853992227780229740e+01 1.110955971887517180e+01 1.110955971887517180e+01 1.110955971887517180e+01 2.099345673727893669e+01 1.916006198386606485e+01 1.768992812085831901e+01 2.443345648987262564e+01 2.280033192439649525e+01 2.713755164295298883e+01 2.019242012474315473e+01 2.465500457228056064e+01 3.046030101881583718e+01
5.639026167303493153e+00 1.258099213741505551e+01 1.346518540592013302e+01 1.208614161645791896e+01 3.452872487335201246e+00 1.327644377190530456e+01 7.052755154423332229e+00 1.149844488635143769e+01 4.583476589471673357e+00 4.825011847389546915e+00 5.062613771120047623e+00 1.469991866621991150e+01 1.347668008962086894e+01 1.884302897600171889e+01 2.287923733344062782e+01 2.794803596323476214e+01 3.124159347476415505e+01 3.546044530639004932e+01 3.914709363193997405e+01 3.370803984914440576e+01 2.655463106032027554e+01 3.142245804427221856e+01 2.561568595366904688e+01 1.703219590485004531e+01 2.356568590342641656e+01 1.736083581000725218e+01 2.099345660339325192e+01 1.110955971887517180e+01 1.110955971887517180e+01 1.219393717620748419e+01 1.330498937811618276e+01 1.448621772227160598e+01 1.578924900728971004e+01 1.713151931246790483e+01 1.899719716124992885e+01 2.903524894086877950e+01 3.606616282787508965e+01
1.386887641419911965e+01 1.206650045429707419e+01 1.921969219281189467e+01 3.452872487335201246e+00 1.355010768096030560e+01 3.755929261776520978e+00 3.998075144693578942e+00 4.240454410497031645e+00 5.357300147494648890e+00 9.099010834206119114e+00 1.474279976141076531e+01 6.418579219345045495e+00 7.535113212951380923e+00 1.534326499369729291e+01 2.112602961947161972e+01 2.274348124335337928e+01 2.083357359832622180e+01 2.971294747200307995e+01 3.395178297075256779e+01 3.883915311060295750e+01 3.527292741767234929e+01 3.005408282207589110e+01 2.129560881657724991e+01 2.596868175082592245e+01 2.941307476498287699e+01 2.567202040269341268e+01 2.155478694671126760e+01 1.166508656685970990e+01 2.099289760673284633e+01 2.209641450190089174e+01 1.898684638808632741e+01 2.443360471141501122e+01 1.886883844861637627e+01 2.713892983820182181e+01 2.903661475148089366e+01 2.182433596435497947e+01 2.681285322203358135e+01
1.965662723324130212e+01 1.814365393785265468e+01 2.353688809267802284e+01 1.633021613770694103e+01 8.155088596611621554e+00 4.215640840571672321e+00 1.151135832079060251e+01 9.300688537712312964e+00 7.607740571992223977e+00 1.610485959755776975e+01 1.544404594095927408e+01 1.569299035129514408e+01 1.024345922717478885e+01 8.972022282924129399e+00 1.727590723372301795e+01 1.264633971173762816e+01 1.548711272915316961e+01 1.906417668267144094e+01 2.484501595198430124e+01 3.564062592458906664e+01 3.658133688545979112e+01 2.735040566396735073e+01 2.735040566396734718e+01 3.399777196034796845e+01 2.938888728993843813e+01 1.941990686886564532e+01 1.245010155480642666e+01 2.154986520990087584e+01 1.971583155938184007e+01 2.971223922499939363e+01 2.606121366197524125e+01 3.224408803317682981e+01 2.217484291952018438e+01 3.224420424111451666e+01 3.188074598605146903e+01 2.182433596435497947e+01 3.188217323343358345e+01
2.448385952229602935e+01 2.749594897717685882e+01 2.521986470086601173e+01 1.917619287520176030e+01 1.456636504022348255e+01 4.667469692193543906e+00 1.462511995463756165e+01 1.739634168293301286e+01 1.283582681503198941e+01 2.336034570116757791e+01 2.511609402265133895e+01 1.752572725457549296e+01 1.752572725457549296e+01 1.123889766883989871e+01 1.006387571297548966e+01 1.909279752057746649e+01 2.602274940751225074e+01 2.971294750363416881e+01 3.395178297075256779e+01 3.984994617212530699e+01 4.064513825646892542e+01 3.658133688545979112e+01 3.658133688545989770e+01 3.571625757319692696e+01 2.495610625621834089e+01 2.035700136952687700e+01 1.301328513772346795e+01 1.645868112218647994e+01 2.612831958209661565e+01 3.381784086757451746e+01 3.616572224514308687e+01 3.638732274191976757e+01 2.717713251380747863e+01 3.643218459165346701e+01 3.468565181618865978e+01 2.458349439955264870e+01 3.001936396082771452e+01
3.249192544072100475e+01 2.822916900658485417e+01 2.123346786087911298e+01 1.124013365375251361e+01 5.272607652645285192e+00 1.479698943479054130e+01 1.479734930169025198e+01 2.478852050716146138e+01 2.391245383378044309e+01 2.831100481300838467e+01 3.120907135345002104e+01 2.283661084237955663e+01 1.134602912244587358e+01 1.109480436566289541e+01 1.101271454637399216e+01 1.658829948917071206e+01 2.586198059865295207e+01 2.999317403334753251e+01 3.391211069322575611e+01 3.809919609934804186e+01 4.397542745171385548e+01 3.980044111233059567e+01 3.474760492252949717e+01 3.056150396538851410e+01 2.635400710681139458e+01 1.383332673252350098e+01 1.654181669973667113e+01 2.415280694182458987e+01 2.203080814413374355e+01 2.756235176500137385e+01 3.741809607064125487e+01 4.149311600257319554e+01 3.731357681964921369e+01 4.150580234317729378e+01 3.775590574738463800e+01 2.758051914375982605e+01 3.775590574738465222e+01
2.822519040867228668e+01 1.818503030480857774e+01 2.112097330121569172e+01 1.546861294848092072e+01 5.272607652645285192e+00 5.272607652645285192e+00 1.547018229929814126e+01 2.124124673981825850e+01 2.538009416260867823e+01 3.095525411076453892e+01 3.346305427102568331e+01 2.283661084237799344e+01 2.281220546236365365e+01 1.360505622830659256e+01 1.206041457768541036e+01 1.189970634669722926e+01 2.460076117083031733e+01 1.961510611285903849e+01 2.354357888728435100e+01 2.958165881243749951e+01 3.982761797199409415e+01 3.561787044046221951e+01 2.550886217229623298e+01 2.048122673282683692e+01 2.433125701723475132e+01 1.441521729429248388e+01 2.378886983405817901e+01 2.814556584127464234e+01 3.172475527716728649e+01 3.584162477205653374e+01 4.157061035349975242e+01 4.572431123475921311e+01 4.567579959840668380e+01 4.965104233094657360e+01 4.196579368043562397e+01 3.343658343265533262e+01 3.476508227464307765e+01
2.808782214077299599e+01 2.111621129960484211e+01 1.170391621147822825e+01 1.622927539239744732e+01 5.963748709462883824e+00 5.272607652645285192e+00 1.222650942436342447e+01 1.191481922332145515e+01 1.725896109962332403e+01 2.671671126529997409e+01 3.349605469372419009e+01 3.055109361949221025e+01 2.002779368229625945e+01 2.386478468284831678e+01 1.611050343888906866e+01 1.292567869151154802e+01 1.495761026672537142e+01 2.071864090169184891e+01 3.108719121045938394e+01 3.809919609934804186e+01 4.082753600917147452e+01 3.980044111177376465e+01 3.157308161455696549e+01 2.517318043811670236e+01 1.522739020876812788e+01 2.429657140317451081e+01 2.572719080819969761e+01 2.581220771043929574e+01 2.998463240593801515e+01 3.579643493251592901e+01 4.062088532104197469e+01 3.547299762338069939e+01 3.547056642262572268e+01 4.563131725225786539e+01 4.788661914244540441e+01 4.370093136196319250e+01 4.497639233794105706e+01
2.001226151588685909e+01 1.516349402156964565e+01 7.922952971871620065e+00 7.081104163075286451e+00 1.623204967108058838e+01 1.546902563028683808e+01 6.087632996805107055e+00 1.510442357619005449e+01 2.084783008010780136e+01 1.939457474727070263e+01 2.933024392781899081e+01 3.476843040144243702e+01 2.751811556540378234e+01 3.014878069384455372e+01 2.594333899091479267e+01 1.608731746481910108e+01 1.574544687806674936e+01 2.590073130411670022e+01 3.529529000466769872e+01 4.082753600926695015e+01 3.071446547782924696e+01 3.257024849739377714e+01 2.739496795608272706e+01 1.733659923601937081e+01 2.517318043810701411e+01 1.522739020876812788e+01 1.585541950794998556e+01 1.585541950794998556e+01 2.157224812263769920e+01 3.164919263121642601e+01 3.021726495367008170e+01 2.803883242504689477e+01 3.847613013841681351e+01 3.893160794933962876e+01 4.347382393244513565e+01 4.847565714359358680e+01 4.847565714359358680e+01
1.002414928102205671e+01 9.143408746774554174e+00 1.808595376249559195e+01 1.441606967140745255e+01 2.143369366558938438e+01 2.047381689908686297e+01 1.619750653729051137e+01 7.012175716391437774e+00 1.130019112937250725e+01 1.831388727977640229e+01 2.827304056937421706e+01 3.720856150736206303e+01 3.787335037205248511e+01 3.277294938882182151e+01 2.245131127893516165e+01 2.624497226657438986e+01 1.851863116827409073e+01 2.399718457028184559e+01 3.431184516309429000e+01 4.056474590277361614e+01 3.257024849739381978e+01 2.249174514457696361e+01 2.027894276714571475e+01 1.990739937622669586e+01 2.868036993953761637e+01 2.223018135533062534e+01 2.582068426784634951e+01 1.585541950794998556e+01 2.584809746834672239e+01 2.908123759720484358e+01 2.301374885862109920e+01 3.326331780200278843e+01 3.157117364349647204e+01 2.858693959836560339e+01 3.893725042375927359e+01 3.813167071745362335e+01 3.813167071745362335e+01
2.001269379398397419e+01 1.920662126920197110e+01 1.429845795642842354e+01 2.411119066025310786e+01 2.846037300961911143e+01 2.580826501667959860e+01 1.725986532407344498e+01 7.012175716391437774e+00 1.717193398850590569e+01 2.317133567014950302e+01 2.320722546691559884e+01 3.133496083016073541e+01 3.623146863480602775e+01 3.691697919117795834e+01 2.979177201055057722e+01 3.201377647708832086e+01 2.161760207113019661e+01 3.201377647659474945e+01 3.849021000830477846e+01 3.638876629202835034e+01 2.628593106158344384e+01 3.257024849739381978e+01 3.037093691379404703e+01 2.261654958079738975e+01 3.267676102224716317e+01 3.249984815188958009e+01 2.867825844701545890e+01 1.890305566443418428e+01 1.677654305530785450e+01 1.920349768171982774e+01 2.908262319509444183e+01 2.895981433172499209e+01 2.146033437685579059e+01 3.157115003786472940e+01 3.677311789197901248e+01 3.086686460329682546e+01 3.813167071745362335e+01
2.117559735381630759e+01 2.824408047277099243e+01 1.918513697084204495e+01 2.824427181391337882e+01 2.761270693716787861e+01 1.757078293796403301e+01 1.195854347145454000e+01 7.717689253045826092e+00 1.789918137435837409e+01 1.339223822331156377e+01 1.741417474824429590e+01 2.223811975702944821e+01 2.918734648173709800e+01 3.917533390448455322e+01 3.997014824728410076e+01 3.619593236837729222e+01 2.767329251605619334e+01 2.901521818237366901e+01 3.925293658236659411e+01 3.944802311828929930e+01 2.930163335495943500e+01 3.944801313697029599e+01 3.561412638257471031e+01 2.551622714892561916e+01 3.561421907547841670e+01 3.400956524355297717e+01 2.403560362319882415e+01 2.867825850467068705e+01 2.684283275567165461e+01 1.775911192734917421e+01 2.788490904330701170e+01 1.879686998075694504e+01 2.895997125663118510e+01 2.443748677527058533e+01 2.660159926100973493e+01 3.677311790318042739e+01 4.116135419716842136e+01
1.936990392507597392e+01 2.920916229923938445e+01 2.609920017579016616e+01 3.319888798942584884e+01 3.181118435175848802e+01 2.579500370888155913e+01 2.129917442280097362e+01 1.783457029238974201e+01 8.733402799051667387e+00 1.882220897838545781e+01 2.217889826191634839e+01 2.653609426311021480e+01 3.219631481998920464e+01 4.073671591826850857e+01 4.028295170665067104e+01 4.207568384861406940e+01 3.794298783198389202e+01 3.925293658203735703e+01 4.337664780584732682e+01 4.304392108752382029e+01 3.287319664719978363e+01 4.304391397601968805e+01 3.899838887033322976e+01 2.884587726009289455e+01 3.899839100804910430e+01 3.826454471472406027e+01 2.965213664192604881e+01 3.826454471125243373e+01 3.207993356831177323e+01 2.788502293155177014e+01 1.879686998075694504e+01 2.894595130008520556e+01 2.466929909148619515e+01 3.455325295113149764e+01 3.676830050989112664e+01 3.241488034502775406e+01 3.969601886980952798e+01
2.689751722326814232e+01 3.336031204415394313e+01 3.613060054015129197e+01 3.725489099308562402e+01 3.092580226615285355e+01 2.145305774679395938e+01 1.993281127507968975e+01 1.002615983880684780e+01 8.733402799051667387e+00 8.733402799051667387e+00 1.207666093305866539e+01 1.669106644161102793e+01 2.541737847524340310e+01 3.365166798396166570e+01 3.002204521765630574e+01 3.683278000718658518e+01 4.223206176634143105e+01 4.599965589587376513e+01 5.135346672460696027e+01 4.719823969880783210e+01 3.877695622941560316e+01 4.719823972826145564e+01 4.316763364882000786e+01 3.391348464352400072e+01 4.316763364882000786e+01 4.420622737627994780e+01 3.996192340855225922e+01 3.490887217223823313e+01 2.894746634633885662e+01 1.879686998075694504e+01 2.894595904168102507e+01 3.313668434838560728e+01 3.482043926197595596e+01 3.181592992588385016e+01 4.207549676499289149e+01 4.272625341659672671e+01 4.272626786829247436e+01
2.721576196965263961e+01 3.812525687225427617e+01 3.532193957927465533e+01 3.196932602024653391e+01 2.328349761662755313e+01 2.158648700142144250e+01 1.186106570509104863e+01 1.963751619287937444e+01 9.648891590944810304e+00 1.882220977646909077e+01 2.217932957576602959e+01 2.647543514599574621e+01 3.151491358427369960e+01 2.613356300433905233e+01 2.298403496360730003e+01 3.274206905142887081e+01 3.247383399188674957e+01 3.823936201601638629e+01 4.768619105497300836e+01 4.713013087077757035e+01 4.887270348111293572e+01 5.300806593508436748e+01 4.822889580143690580e+01 4.408329737257420078e+01 4.822889580143690580e+01 4.208226455342558125e+01 3.490887354540582521e+01 3.070658978740254952e+01 2.060130733688716020e+01 2.894746634633885662e+01 2.053681561937470335e+01 3.064356350508603200e+01 3.658513532945484314e+01 4.207655051325304640e+01 4.633678742699582642e+01 4.592893011924614655e+01 4.592893011924616786e+01
3.511794164068847124e+01 3.828972501439925935e+01 3.196952454379769293e+01 2.221561544582004899e+01 2.328202050577279181e+01 1.367483775159496062e+01 2.158648700142256871e+01 2.320504374412594828e+01 1.966101998679341278e+01 1.096421850297910261e+01 2.084857905500053832e+01 2.325626582253369534e+01 2.721629434452341201e+01 1.961445369222542823e+01 2.926438671235958111e+01 2.714959992375951003e+01 3.705616380357729156e+01 4.599965589587376513e+01 4.411520934281818995e+01 3.691220826849282588e+01 4.411520934281818995e+01 5.000210204605399866e+01 5.023695698008705079e+01 4.605981361349232373e+01 4.541275710541062693e+01 3.672076570572320264e+01 2.773548253738607983e+01 2.060130733688716020e+01 3.070658978740254952e+01 3.484279038651251170e+01 3.064356350524447237e+01 2.232241952427936482e+01 3.238148805120162876e+01 3.658513574470173779e+01 4.174931299957035691e+01 3.569100085584545212e+01 3.569100085584545212e+01
