output/example/elevation_000315.asc
nrows	75
cellsize	13.33333333
xllcorner	0
ncols	75
yllcorner	0
NODATA_value	-9999
[rows 0 to 16 of 75, columns 0 to 36 of 75]
1.369999999999999864e-02 4.096182904638636657e+00 9.096182904638652644e+00 1.616725071650417433e+01 2.616725071650424184e+01 2.767788867450936507e+01 2.695402981378187590e+01 3.100354470300501930e+01 3.789201849953952461e+01 3.880764645301509574e+01 3.587239744741513192e+01 3.726001229270584503e+01 3.574698322062199196e+01 3.378783803193531554e+01 3.728322056186227940e+01 4.238493174173405720e+01 5.049852330127403377e+01 5.293202791583368594e+01 5.349405111313465966e+01 5.220666531285446865e+01 4.522557116565020152e+01 4.013875077278784431e+01 4.405136005567155166e+01 4.377097984258070085e+01 4.048886501892092582e+01 4.456476422388770686e+01 4.327242353329074120e+01 4.735981693965120343e+01 4.972479817855521844e+01 4.552775232731423927e+01 4.552775232731423927e+01 4.735947726529625612e+01 4.735947726529625612e+01 5.155661183843717055e+01 5.200482948295257302e+01 4.765011057267597749e+01 4.903725717134852147e+01
1.279999999999999888e-02 1.001279999999996306e+01 1.823831852836968181e+01 2.323831852836969958e+01 2.475775722760060660e+01 1.781265012187203212e+01 1.707147458727759570e+01 2.409254895959834641e+01 3.244640500156454266e+01 2.877749869431473684e+01 2.583869540711661372e+01 2.720965186039305550e+01 2.552435233827338479e+01 2.336692752675364559e+01 2.727123049822753842e+01 3.313246543256958887e+01 4.473500124378493581e+01 4.363664691099253190e+01 4.494119488426705544e+01 4.551731817162009719e+01 3.520056703363658812e+01 2.864591737301499563e+01 3.836531528124973534e+01 3.611835502172540657e+01 3.011840939073157486e+01 3.619438346364992043e+01 3.326256327178448657e+01 4.327242353329074120e+01 4.552775232731423927e+01 3.539648862283348052e+01 3.539648862283348052e+01 3.723137892173125607e+01 3.723137892173125607e+01 4.735947726529625612e+01 4.580004972208504910e+01 3.680628510247888130e+01 3.822158921779069374e+01
1.299999999999999940e-02 1.001299999999996260e+01 1.765638330568052794e+01 1.350646023187723799e+01 1.624836513578174291e+01 1.074411125572385295e+01 2.070211159229025455e+01 2.591301213625279232e+01 2.241164740952070389e+01 2.241498453452134143e+01 1.871731918887257962e+01 2.007251947770832601e+01 1.834424545044346999e+01 2.850652883691940787e+01 3.509221917397697155e+01 4.009320099363061729e+01 4.320324623986700630e+01 3.718375637015351032e+01 3.903406981590087810e+01 4.211277107785823404e+01 2.949164896196768737e+01 2.332235202670327823e+01 3.411878666391046977e+01 3.490166880810271266e+01 2.473545885896795227e+01 2.600088567707898335e+01 3.326256327178448657e+01 4.327242353329074120e+01 4.481924436496183972e+01 3.836386694237555872e+01 2.816827592220832699e+01 3.002303380151301226e+01 3.868659334701487751e+01 4.287700005556520466e+01 4.138942501841237487e+01 3.060244647834860032e+01 3.060244647834860032e+01
1.369999999999999864e-02 1.001369999999996274e+01 1.202399959982270872e+01 3.492363243359516645e+00 6.266502192724556330e+00 1.624836507731881596e+01 1.752126179775446602e+01 1.582502071049882275e+01 2.001652721401881152e+01 1.234713302459185336e+01 1.424623900707948998e+01 1.424623900707948998e+01 1.745028557304348027e+01 2.108375394435087102e+01 2.623709621570176864e+01 3.604101485290485130e+01 4.106175504096856343e+01 3.186324087941132532e+01 4.106175556186479270e+01 3.829791114585289336e+01 3.044508810394820131e+01 1.987160348618113659e+01 3.058876654879338375e+01 3.109763457031204581e+01 2.084646219185480120e+01 3.109763233220990486e+01 3.288804071886464442e+01 4.299615944333015705e+01 4.061897909192041567e+01 3.040523740721014789e+01 2.449105290658368972e+01 3.167236680288288397e+01 2.876701478587188987e+01 3.868659705575734620e+01 4.438746029584276442e+01 3.516156005456382871e+01 2.459503782135881167e+01
1.290000000000000001e-02 1.012900000160965153e+00 2.017937818986791587e+00 1.202399893653064922e+01 5.114664659962137705e+00 6.285248344627116346e+00 7.489548888627630241e+00 8.721448785505312884e+00 1.001441713873122374e+01 1.252306796156793922e+01 2.257451154321314846e+01 2.433351633725811425e+01 2.757255997121072610e+01 3.101770239514621963e+01 3.513176675123880699e+01 4.017461918805280874e+01 3.826424753874706397e+01 2.890624261441011811e+01 3.826275477199349950e+01 3.385012134911708870e+01 2.321643552235605767e+01 1.732044482366815785e+01 2.772169296921197557e+01 2.869124781240794420e+01 1.852091459853205180e+01 2.267076748566812228e+01 2.991499599340176374e+01 4.006560779314022369e+01 3.847387150223013208e+01 3.368554758174510511e+01 2.222093241532789420e+01 2.250030929327650853e+01 3.167237031158511229e+01 3.937279530161778496e+01 3.368064148472786457e+01 3.273743359908660722e+01 2.226453190307304553e+01
1.299999999999999940e-02 1.001299999999996260e+01 7.730369317740435342e+00 1.388533358434551346e+01 1.293656147463703476e+01 1.207364217253931038e+01 1.752198255073541588e+01 1.451844833861868622e+01 1.450758123329182503e+01 2.255966617230534510e+01 1.646951212244894336e+01 2.228139261145037153e+01 2.937098015564406595e+01 3.934695721149430625e+01 4.136153025175016751e+01 3.722208432702601755e+01 3.574905106664866139e+01 2.633603363301824984e+01 3.574861014772844214e+01 3.238949702171958478e+01 2.218525055342917440e+01 1.523962038902673122e+01 2.221717283241970975e+01 2.389043006241244527e+01 1.641786488901200869e+01 2.131374859509119446e+01 2.856085615411532430e+01 3.879338648868026240e+01 3.427458935091734560e+01 2.447785541324980585e+01 2.710910604675220625e+01 1.952743627848155228e+01 2.533380145456860433e+01 3.521958492270890417e+01 3.199752084670139851e+01 2.315553074926202015e+01 2.012485933839975516e+01
1.299999999999999940e-02 9.807792155092617037e+00 1.722068136103453284e+01 2.095819897557298006e+01 2.404372172862459323e+01 2.212765938514753472e+01 2.630595536687149050e+01 2.161889013222229394e+01 2.031702515845832124e+01 2.867157914755325621e+01 2.150468042294840743e+01 2.283416240154432586e+01 2.992115545557207668e+01 3.989591779544076644e+01 3.724368442951539038e+01 2.758574277552259346e+01 3.038125697212293019e+01 2.406535768778957163e+01 3.345745532342736794e+01 3.443964434292048082e+01 2.423554612778400852e+01 1.720944773262869631e+01 1.253552083226140645e+01 1.410975345069465980e+01 2.389043006241244527e+01 3.062476169840432405e+01 3.574370439594679283e+01 4.120284639024605156e+01 3.424820068974521092e+01 2.415786709899387574e+01 1.692842767381307922e+01 2.710407330376493107e+01 3.343975239699260982e+01 3.607257717496010230e+01 2.473342498045115434e+01 1.716662888516801999e+01 2.498794080852051991e+01
1.290000000000000001e-02 7.083967811865485409e+00 1.708396781186555202e+01 2.245216546653208312e+01 2.449529858684681116e+01 2.559013696198891097e+01 2.973690353500611749e+01 3.157702425454214179e+01 3.034321669490739737e+01 3.447343970746633346e+01 2.730140163935668696e+01 3.284269570419542816e+01 3.697357017581732208e+01 3.871877906441100237e+01 3.463220601509046759e+01 3.040205656096167530e+01 2.110398208530424924e+01 2.782117143590188491e+01 2.782053620982967246e+01 3.745843534096361793e+01 3.142369112665894804e+01 2.639737194548644794e+01 2.221708835355883238e+01 1.253552083226140645e+01 2.221708881183065287e+01 3.110969707163555853e+01 3.300829960075768810e+01 3.100282992613098187e+01 3.273400473889207518e+01 2.256554593506091422e+01 1.531628092958191978e+01 2.552146006066569583e+01 3.402179488500193116e+01 3.334315569245412547e+01 2.698962660114898782e+01 2.252178100130105065e+01 1.450206837920670111e+01
1.349999999999999985e-02 1.001349999999996321e+01 1.352234351252338307e+01 1.245044531897205431e+01 1.449179390209773111e+01 1.558595008378150659e+01 2.316719867130165156e+01 2.670403830416433877e+01 3.085124308328604315e+01 3.663049724533611595e+01 3.726613680285610286e+01 4.136964382107874627e+01 4.159647248053179425e+01 3.174751239312453777e+01 2.494626699415589854e+01 2.850628029763303672e+01 2.782117150057990074e+01 1.865228390845830120e+01 2.501696726857706210e+01 3.459111961344540020e+01 3.386037001106481625e+01 2.882825350726630020e+01 2.102802830371298271e+01 1.136054364924271631e+01 1.682200346133096147e+01 2.679562401115547132e+01 2.251690174135819333e+01 2.364891814481406129e+01 2.615999450018022188e+01 2.196383211255825429e+01 1.388124146516991253e+01 1.971916451365126477e+01 2.985736349889899799e+01 2.865491704265541273e+01 1.808845648144343343e+01 1.204042356278560888e+01 2.241501130372110495e+01
1.379999999999999977e-02 1.754576559556979554e+00 3.522343512523350206e+00 5.379296894293881692e+00 7.420538346616294412e+00 1.000252724641000235e+01 1.316480518585872517e+01 1.670034515673964393e+01 2.247427345445749580e+01 3.248200454089836597e+01 3.530400328296478563e+01 3.947354207353765077e+01 3.716944315147424049e+01 3.526753493603638390e+01 2.564450472882994347e+01 1.917285146974848686e+01 2.408225526167153419e+01 1.712955273123008482e+01 2.343835155443989748e+01 3.295336096377995716e+01 2.969452615264901851e+01 1.962778933306713824e+01 1.476272833242966875e+01 1.136054364924271631e+01 1.949670223102679500e+01 2.327007980757280947e+01 1.566490831843884379e+01 2.347979395093239319e+01 2.189972793600233913e+01 1.203311226770314413e+01 2.195395922647666609e+01 2.580521929402004488e+01 2.681274687316057381e+01 2.664765022421509855e+01 2.467242687950309943e+01 2.166143818959778500e+01 1.204042356278560888e+01
1.290000000000000001e-02 1.001289999999996283e+01 1.352234351252338307e+01 1.244847822847032504e+01 1.319434382299672848e+01 2.000416412569246916e+01 1.816814521092808832e+01 2.670403830416433877e+01 3.085124308328604315e+01 3.368405102795268391e+01 2.529224314144137864e+01 3.082468586842139757e+01 2.713749547131770612e+01 3.423684257518322482e+01 2.653218446407161935e+01 2.201026898629900685e+01 1.505282068953108343e+01 2.408216260947780185e+01 2.762385510643992248e+01 3.167293326448601931e+01 3.386034563725382895e+01 2.882818131388662763e+01 2.374418511964687539e+01 1.895497305618680173e+01 9.797332890444250708e+00 1.813849944996394115e+01 1.215116649153564943e+01 1.435554046741751044e+01 1.877413495597303950e+01 1.076128923629424072e+01 1.966791214652764808e+01 1.652677881801204762e+01 1.858018610061858311e+01 1.480035314962643334e+01 1.624764705434450107e+01 1.134959013335187983e+01 2.170073315176228590e+01
1.359999999999999924e-02 1.001359999999996298e+01 1.793528035382331964e+01 2.240047094603514566e+01 2.320996187806804301e+01 2.738658322762659836e+01 2.817351145449243432e+01 3.232082144534233947e+01 3.507819848911274363e+01 2.952371087019428231e+01 1.960829698780332819e+01 2.088892908232132584e+01 2.015138586538477128e+01 3.007578491832690304e+01 2.277243009726836220e+01 1.374955136961440516e+01 1.374955136961440516e+01 2.105091947069454861e+01 1.833026803753397971e+01 2.762215756218467533e+01 3.012869863992251851e+01 2.797218027862108158e+01 2.046006095079603071e+01 1.284872510810695623e+01 1.761156990029840586e+01 8.216954602705882849e+00 8.615098153952688520e+00 9.015973477493162136e+00 9.015973477493162136e+00 9.416997330935915400e+00 9.416997330935915400e+00 9.835465046193355931e+00 1.025057071345604598e+01 1.066320079488955841e+01 1.066320079488955841e+01 2.099122298483448645e+01 2.592468265214070655e+01
1.349999999999999985e-02 3.793144730092274486e+00 8.793144730092290473e+00 1.586421254195778907e+01 2.586421254195785480e+01 2.799336150702917081e+01 3.087860004614040221e+01 3.216020254672459089e+01 2.507732047906885597e+01 2.827729404258827373e+01 2.379904399606903809e+01 1.391903599045280870e+01 2.379904399605536369e+01 3.041562902782064626e+01 2.675757778364890527e+01 2.277158708738444659e+01 2.105125201729696727e+01 1.195067332671330895e+01 1.832813191601616509e+01 2.756882723850319650e+01 2.103623910766765803e+01 1.869123075660026956e+01 1.937779795024952989e+01 1.714650248930755438e+01 7.686674759080418085e+00 1.763996455724214485e+01 1.753258407754260162e+01 1.764340636824229946e+01 1.725777005948991771e+01 1.253208567566860765e+01 1.963666873934297641e+01 1.571767504194866660e+01 1.618719433176577027e+01 2.083574474331637205e+01 1.145214401201753063e+01 2.136957246526948140e+01 2.662250524385445161e+01
1.319999999999999993e-02 1.001319999999996213e+01 1.793528035382331964e+01 2.293528035382333741e+01 2.514708532631835425e+01 1.819651916711568873e+01 2.106594785426085181e+01 2.800650983039128050e+01 1.808257399014520672e+01 1.834435342219613574e+01 1.834435381339755722e+01 1.142980018899247696e+01 1.638348082686062313e+01 2.335255154877877004e+01 3.332472697562396036e+01 2.539435011314171220e+01 1.602865537013742880e+01 1.057519581628274885e+01 1.832398503054119132e+01 2.226036522595425637e+01 2.103441526169459408e+01 1.229070006778029978e+01 1.658773740772001659e+01 7.166933483145646377e+00 1.244181672270307892e+01 1.023868345545040803e+01 1.867142493029117034e+01 2.466784164329217077e+01 1.730576223884026987e+01 2.284678327747188931e+01 2.701620057531634700e+01 2.271401931003090979e+01 2.327480481169097715e+01 2.543104597829103142e+01 2.136957331647550973e+01 1.258661573445467852e+01 2.240207707374543133e+01
1.299999999999999940e-02 5.013060795620805976e+00 1.208694375485162631e+01 2.211307547133273133e+01 2.106434226655573028e+01 1.118042776505793334e+01 2.106434226655573028e+01 2.349191982550014401e+01 2.173006170868038112e+01 1.185060134555887679e+01 8.497078455811195141e+00 1.834435222062916182e+01 2.545831100110936518e+01 2.589116204279987699e+01 2.851872767586324997e+01 2.920588277751709327e+01 2.384678588169202484e+01 1.832398503054124106e+01 8.235437029173736434e+00 1.665485546919265403e+01 2.004923122191463847e+01 1.615901845239764612e+01 6.650482478561857924e+00 1.527045979297019507e+01 1.737201156500822208e+01 1.182354498347803862e+01 1.396963727350143003e+01 2.134325211662799049e+01 2.610825184884977190e+01 2.251900413917535815e+01 3.148094553582372512e+01 3.231632847336179282e+01 3.301008702278488727e+01 3.031456798314723144e+01 2.034969762783528324e+01 1.340219894889521335e+01 1.766711759797178161e+01
1.349999999999999985e-02 1.001349999999996321e+01 1.915194312018192591e+01 1.739668095694077365e+01 1.499183134298994524e+01 7.869289454674617268e+00 1.485378175450023619e+01 1.359842631944423097e+01 1.764794533416772992e+01 1.641001374911655120e+01 6.718433448234105043e+00 1.418728972682473710e+01 1.826007713497014251e+01 1.624520795794980543e+01 1.904188272013730199e+01 2.465279606248896371e+01 2.479515340190925343e+01 2.059768113211676166e+01 1.665472934333829613e+01 5.674809730221978654e+00 1.567680958342439368e+01 6.149505958904393665e+00 1.216327630817639616e+01 1.435764889702666913e+01 2.219598056109668960e+01 2.224163360580720195e+01 1.385377277079474290e+01 2.000048208289916118e+01 3.009105001670094381e+01 2.809907674632436425e+01 3.558056993502088972e+01 3.977346584520034156e+01 3.567862019991731160e+01 3.260540293274534207e+01 2.409090081407896378e+01 1.424819080968191187e+01 1.678920155111827839e+01
1.369999999999999864e-02 1.001369999996486548e+01 1.530313890765634177e+01 1.021388121509048474e+01 3.674286424875059964e+00 1.059222472767281609e+01 6.719831041883445266e+00 9.766494716929681630e+00 4.744873963044525134e+00 1.225449687313152936e+01 1.263788356812800906e+01 4.529831421300225536e+00 1.284166225177627219e+01 9.266141635318005498e+00 1.633465101162515865e+01 1.562014526754087207e+01 1.950848221521930981e+01 1.151819449975123533e+01 1.500253394725377909e+01 1.145556463826697957e+01 5.674809730221978654e+00 1.306309767396342281e+01 1.087635155085831684e+01 1.597005471293979539e+01 2.555248816053526895e+01 2.562874833553706466e+01 1.586863881782971220e+01 1.952456232858358831e+01 2.580079837312322866e+01 3.660058203293010592e+01 4.134850371637692490e+01 3.567862029167243065e+01 2.579568343306322831e+01 2.270084010833347676e+01 2.494921898085381429e+01 1.514952136426050089e+01 2.493713121833221180e+01
