output/example/elevation_000021.asc
nrows	75
cellsize	13.33333333
xllcorner	0
ncols	75
yllcorner	0
NODATA_value	-9999
[rows 17 to 33 of 75, columns 0 to 36 of 75]
1.309999999999999880e-02 1.001309999999996236e+01 1.069253975216964569e+01 1.174863067172054354e+00 8.246119701417310210e+00 1.580423730035030161e+01 1.264035216080856472e+01 2.639158979358225743e+00 2.639158979358225743e+00 2.639158979358225743e+00 1.264035256079988123e+01 1.359698819478151677e+01 1.778710942466873846e+01 2.446277257830287155e+01 2.608603615587449198e+01 2.534449711211310685e+01 2.946441351024116884e+01 2.743756041654613043e+01 2.050235007360495132e+01 2.508939829830270085e+01 1.870048664924239645e+01 2.842876864700535933e+01 2.951118715131833170e+01 3.938011786065179365e+01 4.692247086369549436e+01 4.730559841986372049e+01 3.867230431734542861e+01 3.338020358766912921e+01 3.518939701784459828e+01 2.605685290259917508e+01 3.607309525133156569e+01 3.633551202597040941e+01 2.623948570611451814e+01 3.237552470176338915e+01 2.943334073058093026e+01 3.739573414684800667e+01 3.586302711850184721e+01
1.379999999999999977e-02 3.528317518104058248e-01 6.920585175867857153e-01 1.069253975013525171e+01 1.531942047615897806e+01 2.239258015785339140e+01 1.678478231357717831e+01 1.264035229414189665e+01 1.243781259423644769e+01 3.374374001453336991e+00 1.337619181097985788e+01 1.859448315296758736e+01 2.342567917263002641e+01 2.494672613649532877e+01 2.116385584916998752e+01 2.520622455169123555e+01 2.511846928414409419e+01 2.104308044387090959e+01 1.353778862859153165e+01 1.530298789531496695e+01 2.508939829830270085e+01 3.253724085242839692e+01 3.938011786065179365e+01 4.360144167032801477e+01 4.998529787822732828e+01 4.070637464968839225e+01 3.377659580966106034e+01 2.876125968914251985e+01 2.518260664295269180e+01 2.312953920261316298e+01 2.924034765736396935e+01 3.335516118751289127e+01 3.237552470176338915e+01 2.214022283415087244e+01 2.913883805766030477e+01 2.728314300800210646e+01 3.739573414684800667e+01
1.379999999999999977e-02 9.992680721949637856e+00 1.066587017867174758e+01 6.037323850249147306e+00 1.181093410539464372e+01 2.181062714419856974e+01 2.469381686992081271e+01 1.536319899134966604e+01 8.372435426477091269e+00 1.337619181097988807e+01 4.446486541985338548e+00 1.444860453472376172e+01 1.343946738166889432e+01 1.622672185979005377e+01 1.138086006626606483e+01 1.741467587309713494e+01 1.889054247450436108e+01 1.118182835912326212e+01 2.104308044387090959e+01 2.508939829830270085e+01 1.951326479168437089e+01 2.923458179736479323e+01 3.825231162600001511e+01 4.398757853153374242e+01 4.461669018032392131e+01 3.999965830287040802e+01 4.259885666385579128e+01 3.518728303412024871e+01 3.154753983310727605e+01 2.147798465196670037e+01 1.915215642108074334e+01 2.683151097154409115e+01 3.096206596450247872e+01 2.913883805766030477e+01 1.882655624717046905e+01 2.627872568575601875e+01 3.046274809633768754e+01
1.290000000000000001e-02 1.001289999999996283e+01 1.466059128137648493e+01 1.603712850926209654e+01 1.603730167649942118e+01 2.595350911065031241e+01 2.512715225657642648e+01 1.540248269611205245e+01 1.839407676280773174e+01 1.694930291576662285e+01 6.946507783424904936e+00 5.582410323469686908e+00 6.390862643549980682e+00 6.390862643549980682e+00 6.390862643549980682e+00 7.508898768777320321e+00 8.999628445345706496e+00 1.889054247450436108e+01 2.104308044387090604e+01 3.083461912990389919e+01 2.923458179736479323e+01 2.436783095717097325e+01 2.993910107430505363e+01 3.978704668939640499e+01 3.806534285858342770e+01 2.933189514800797681e+01 3.806534285858342770e+01 4.500744609964021237e+01 3.567479979048083294e+01 3.154696712865669639e+01 2.683151097154409115e+01 1.671293646833674273e+01 2.457116468288601396e+01 2.871541223571725965e+01 2.627872568575601875e+01 1.599381930592814882e+01 2.362317427733096054e+01
1.290000000000000001e-02 2.307057338706953065e+00 4.664079942715088301e+00 1.466497235484373896e+01 2.259111795651429588e+01 3.018076810734944360e+01 2.917671414825336740e+01 2.517710565852289761e+01 1.794207397526743009e+01 1.086913607176446916e+01 1.694930291576667614e+01 1.558489778136315351e+01 1.630728306962323870e+01 6.390862643549980682e+00 1.630789042711098702e+01 1.741568547938124212e+01 1.000885006738495164e+01 1.988463035615560770e+01 2.246698366211859010e+01 3.224919984779238291e+01 3.825231162600001511e+01 3.410133263755862032e+01 3.825231162600001511e+01 4.005925847157188002e+01 3.368669637922320703e+01 2.348761763614918507e+01 3.368669637922320703e+01 3.804986197385323976e+01 3.387319690415097284e+01 3.276135312898774998e+01 3.096206596450247872e+01 2.457116468288601396e+01 1.438595693096007366e+01 2.242582528280161824e+01 2.658465881772854189e+01 2.362317427733096054e+01 1.343906540210441136e+01
1.309999999999999880e-02 1.001309999999996236e+01 1.466497235484373896e+01 8.443724956113344504e+00 1.844515916490682272e+01 2.645537051722679323e+01 3.060376073111538631e+01 3.209919121498646888e+01 2.403717506168992912e+01 1.403190950361750389e+01 2.403717506168992912e+01 2.357963642542994620e+01 1.347707607590791667e+01 1.642844353631044640e+01 8.297806805604746927e+00 1.835688443509393863e+01 1.988463035615560770e+01 1.263367523342277465e+01 2.246698366211859366e+01 2.828229190564347206e+01 3.151501197652824615e+01 3.563376722521906714e+01 4.132403050599000238e+01 3.585417524588778093e+01 2.573186388442776007e+01 2.008345730653650563e+01 2.594562928409067126e+01 3.009892148623544728e+01 2.352161382828177594e+01 2.238075912427996528e+01 2.966197399615388264e+01 2.871541223571725965e+01 2.242582528280161824e+01 1.218579337356979941e+01 2.037944704506510973e+01 2.386054990518804786e+01 2.024834821212382963e+01
1.349999999999999985e-02 7.084567811865461806e+00 1.708456781186539075e+01 1.844515916490682272e+01 1.291587194353090062e+01 1.645143867114393643e+01 2.222549819593038123e+01 3.223348356288235550e+01 2.818546347619400194e+01 1.850518225247549253e+01 2.818546347619400194e+01 2.779800273996392690e+01 2.357810766794020907e+01 1.973371309501798265e+01 9.671449612014111352e+00 1.973533408336663442e+01 2.654116796101936160e+01 2.246698366211859366e+01 1.557293901279790305e+01 1.855736396501919572e+01 2.181685176387394876e+01 2.738578896600582624e+01 3.715563550679311078e+01 3.620469074308242341e+01 2.612026785729088374e+01 2.046142163195612440e+01 1.643843258802470686e+01 2.293393284112890385e+01 2.119803440538995787e+01 1.523841280212716853e+01 2.533423873713915242e+01 3.330584801629160552e+01 2.658465881772854189e+01 2.037944704506510973e+01 1.023199961598862195e+01 1.843170499331196055e+01 1.456281793140403913e+01
1.349999999999999985e-02 1.001349999999996321e+01 1.769126952966358601e+01 2.216340548466337523e+01 2.291844649378017351e+01 2.645537051722679323e+01 3.060376073111538631e+01 3.638390686660844864e+01 3.266235439637523541e+01 2.557992138688717532e+01 3.266235439637523541e+01 2.808954827062789761e+01 1.793991586277632067e+01 1.439137111555339743e+01 1.123329223009342748e+01 1.833707240746159073e+01 2.848344414913280076e+01 2.943071373797450718e+01 2.535011580634400374e+01 2.021201345825273421e+01 2.993230534531222631e+01 2.971201244575840406e+01 3.953743989493154487e+01 4.037584006216371080e+01 3.455602707994021472e+01 2.983262517220646970e+01 2.007640091495731482e+01 1.392604234693025944e+01 1.240963301166040367e+01 1.252508366359454328e+01 2.198621078325118461e+01 2.335839546523879662e+01 2.335836040113928291e+01 2.427339543997051763e+01 1.839924730674682607e+01 8.515476817356836037e+00 7.580988295048110892e+00
1.359999999999999924e-02 3.549133905932734034e+00 8.021269860932328299e+00 1.509233767279782690e+01 2.509233767279789262e+01 2.766116112216832335e+01 2.875518163940433070e+01 3.289966117226575193e+01 3.510405590250884700e+01 3.559288748455956863e+01 3.453750970554656874e+01 2.434238750591127598e+01 2.808954827062789761e+01 2.294568438758620488e+01 1.285571914120060733e+01 2.294568438758620488e+01 2.586817475794119048e+01 3.606207793574331788e+01 3.360641371816897305e+01 2.388563667368985577e+01 3.360641371816897305e+01 3.953743989493154487e+01 3.940628346969617724e+01 3.721822643509327122e+01 3.307580243686096821e+01 3.276879751533466845e+01 2.293393284112890385e+01 2.293393284112890385e+01 1.907272529687924489e+01 1.015579796434849591e+01 1.711511587609755836e+01 1.638252964122715127e+01 1.349016742117277978e+01 1.673150322290448599e+01 1.670399677205096722e+01 7.270432493542000607e+00 1.724982142070749447e+01
1.369999999999999864e-02 1.001369999999996274e+01 1.769126952966358601e+01 2.216340548466317983e+01 2.473312059122789464e+01 1.766089136097908963e+01 1.875479796383513431e+01 2.693844216378105827e+01 2.510326235423728747e+01 3.510405590250884700e+01 3.876080781799365127e+01 3.154946279765250594e+01 3.124784460596984204e+01 2.107981645703321050e+01 1.639560761962264479e+01 1.574437114576994112e+01 2.586817475794119048e+01 3.339297235816263765e+01 3.774381885941483716e+01 3.072141549249077741e+01 3.774381885941483716e+01 3.645161955878804605e+01 2.936645946631078274e+01 3.142649975153506858e+01 2.303145133071381423e+01 2.672319701408961734e+01 3.087370773211444686e+01 2.698501346768059150e+01 2.255127473389030612e+01 1.711511587609755836e+01 8.038337773608644099e+00 6.415183545137097099e+00 1.637284807009239174e+01 6.750168532945069799e+00 6.965298745597841901e+00 1.695491090099557141e+01 1.302286729423317624e+01
1.290000000000000001e-02 7.083967811865724329e+00 1.708396781717230439e+01 2.139951306538806008e+01 1.725654226262866686e+01 1.058982166721274076e+01 1.360493511299164204e+01 1.693826844635827911e+01 2.400934246492069946e+01 3.400991438231266528e+01 4.088780162806689589e+01 4.175129307559136294e+01 3.547134373787695694e+01 2.652804032582071159e+01 2.089794169043424077e+01 2.586817475794119048e+01 1.899937836763637122e+01 2.916698048926751596e+01 3.884869462126757611e+01 4.057141556202358856e+01 3.891858249497724387e+01 3.230705583498288291e+01 2.225189276056250876e+01 2.594761232306498044e+01 1.726739306889736270e+01 1.671724186517203492e+01 2.509435474292518009e+01 2.010222658490626202e+01 1.220221797927619178e+01 1.596399831760826338e+01 1.199903380618363968e+01 6.415183545137097099e+00 6.750168532945069799e+00 1.658360746848198986e+01 1.693652382414916246e+01 2.142167690613049302e+01 1.878426542351679984e+01
1.379999999999999977e-02 1.001379999780217567e+01 1.234651842770758456e+01 1.430768723681012489e+01 7.256488333879271835e+00 1.725654226262866686e+01 2.360505092464012833e+01 2.693844216378105827e+01 3.108233855476133556e+01 3.272238132841403768e+01 3.088724499331027928e+01 4.088780162806689589e+01 4.094721762550949506e+01 3.530826342861822553e+01 2.676704559404580408e+01 3.256889377547497588e+01 2.236315391685258547e+01 2.441421029085338645e+01 3.163527529393700632e+01 4.184193296567789844e+01 3.477883416109772696e+01 2.471713060108611160e+01 1.969314831753651518e+01 1.593895736837239951e+01 1.339729566152699824e+01 1.100450527463889117e+01 1.824045425873394422e+01 1.596399831760826338e+01 6.007537901729484986e+00 6.007537901729484986e+00 6.282925877093914480e+00 1.106681113534821037e+01 1.653184416070207874e+01 1.166798360087812014e+01 1.728782490288242357e+01 2.713524007220092216e+01 2.882772023204196898e+01
1.359999999999999924e-02 1.176076387438191651e+00 2.346487859399495779e+00 4.307649210781333338e+00 1.430768723681012489e+01 2.139951306538806008e+01 2.589557286361708321e+01 3.003838716088188932e+01 2.863984753244416481e+01 2.272225667062015830e+01 3.272238132841403768e+01 4.263994096734088401e+01 4.841485011772201830e+01 4.120083209086506315e+01 3.697843316439800532e+01 3.256889377547497588e+01 2.691863689502947565e+01 3.462473611274020158e+01 3.462473611274020158e+01 4.482668728174383688e+01 3.891858249497724387e+01 3.389761102654477298e+01 2.974798238109192994e+01 2.594761232306498044e+01 2.336338872590092564e+01 1.824045425873394422e+01 8.297512945126355177e+00 1.567319785073928351e+01 6.007537901729484986e+00 6.007537901729484986e+00 1.596399831760826338e+01 1.845165272381432331e+01 2.285462278094167132e+01 1.728781930179035697e+01 2.554302768669085566e+01 3.124475280961502577e+01 3.617777518571226381e+01
1.359999999999999924e-02 1.001359999999996298e+01 1.234587273514742378e+01 4.478495022955604199e+00 1.447850947165177793e+01 1.838125199915095109e+01 1.589550894030018213e+01 2.426458130509080746e+01 1.863977376544571030e+01 2.863984753244416481e+01 2.849575993164018684e+01 3.426926938835874381e+01 4.426994804044952758e+01 4.769341024562568521e+01 4.699589636318221153e+01 4.136179152366899103e+01 3.282824780849870194e+01 3.989004873499203541e+01 3.575057092127833869e+01 3.989004873499203541e+01 3.806475750715300421e+01 3.225957353013082241e+01 2.808974935685794350e+01 2.430498165846716674e+01 2.536920722535621664e+01 1.538533595050372504e+01 1.538533594963665685e+01 5.737242256364289972e+00 1.567319785073928351e+01 1.596399831760826338e+01 7.355817442394498862e+00 1.730477037045714894e+01 2.281091836898119496e+01 2.713394502581202161e+01 3.123828014943615727e+01 3.321683776542501931e+01 2.611919242855049106e+01
1.319999999999999993e-02 1.001319999999996213e+01 1.861382115066042786e+01 1.447850947165177793e+01 6.714563000455397557e+00 8.381229667122068960e+00 1.012200622667905314e+01 2.012203326557660432e+01 1.605778486797368743e+01 2.312885415354885410e+01 3.312903594926365969e+01 4.263994096734088401e+01 4.136885492556730526e+01 3.769341024606580248e+01 4.476447803377725876e+01 4.724906582668332788e+01 4.303007568515049996e+01 3.488300193866957244e+01 2.572798176140006987e+01 3.488300193866957244e+01 3.388897683718121101e+01 2.384501890046789185e+01 1.807814138633407808e+01 1.442520338352679765e+01 1.963765285928091586e+01 1.538415149667081216e+01 5.436493008037420971e+00 1.538505869441572571e+01 1.980599837703247701e+01 2.144410828356729226e+01 1.730477037045714894e+01 8.738747148024936351e+00 1.866876293835713341e+01 2.421056670822107293e+01 2.858962149160689492e+01 2.906528310553801475e+01 1.900482348803217647e+01
1.019999999999999900e-02 7.081267811865462392e+00 1.708126781186539134e+01 2.085703856955331403e+01 1.378563109757734040e+01 1.838125199906735574e+01 2.012203326557660432e+01 1.289550720780520798e+01 2.289554462412402103e+01 2.605783958841545456e+01 3.605831709448801092e+01 3.843992272424258516e+01 3.136885492572915624e+01 3.062234243420044422e+01 4.062234243407143452e+01 3.968764916648849805e+01 3.468047340414683077e+01 3.053659226143740213e+01 2.072325527775776521e+01 3.073927634133920250e+01 3.285956772574759555e+01 3.225957353013082241e+01 2.536664663776734940e+01 1.546098377119003153e+01 1.000472169601903261e+01 7.621628454516629958e+00 5.236354280669236694e+00 1.237356155369048238e+01 2.272174836851128532e+01 2.595111037015642452e+01 2.281091836898119496e+01 1.866876293957338362e+01 1.014427488836948577e+01 2.006477016310639883e+01 1.857014641459295134e+01 2.263714606056264600e+01 1.587676053688066702e+01
7.249999999999999500e-03 7.078317811865462161e+00 1.707831781186539288e+01 2.638991694906563978e+01 2.378569366224740733e+01 2.289554475752797202e+01 1.289550720780520798e+01 2.289554462412402103e+01 2.703818949847184783e+01 3.159779130755103438e+01 3.417590840115615691e+01 3.003377278672428830e+01 2.429778711386373047e+01 3.136885492572915624e+01 4.136885492556730526e+01 3.554796710096518098e+01 2.552521742190963394e+01 2.052104987929421043e+01 1.719686928105499391e+01 2.386434184972255323e+01 2.284694448367163133e+01 2.992389936849727050e+01 2.952928105448875584e+01 2.378592273884463282e+01 1.963765285928091586e+01 1.502362460081703510e+01 5.031635465772146709e+00 1.455489398714977156e+01 1.779493262587732261e+01 1.598805114046713882e+01 2.596658010815422202e+01 2.421056670822107293e+01 1.713583584728660725e+01 1.158018186798639526e+01 1.158018186798639526e+01 1.270069800977314500e+01 2.263714606649504191e+01
