output/example/elevation_000080.asc
nrows	75
cellsize	13.33333333
xllcorner	0
ncols	75
yllcorner	0
NODATA_value	-9999
[rows 51 to 67 of 75, columns 0 to 36 of 75]
1.369999999999999864e-02 3.793344730092274464e+00 8.793344730092442774e+00 1.586441254371806941e+01 2.586441356558095706e+01 2.573646301242184720e+01 2.987857928670697660e+01 2.956359346753231776e+01 2.732432261600940038e+01 1.718504272931165033e+01 1.107009107503908396e+01 6.733230396355560643e+00 1.291661331065314045e+01 2.316017810887479200e+01 2.149707806295726797e+01 1.176285868391894773e+01 4.798511085535708709e+00 1.469501435990861005e+01 1.790177450721593999e+01 1.500568048701163448e+01 7.984280290734371732e+00 1.088902514000019650e+01 1.000632191058635767e+00 1.088902527333353021e+01 1.000632191058635767e+00 1.000632191058635767e+00 7.457353237458161033e+00 1.085407698932829179e+00 7.105473886068416789e+00 4.516068925360841035e+00 5.187735009929498098e+00 5.669299663797659150e+00 1.161889863929090616e+01 2.145427180596033878e+00 1.180058151677906153e+01 1.363509493313389953e+01 7.418000703576676180e+00
1.290000000000000001e-02 1.001289999999996283e+01 1.793544426874519004e+01 2.175392161098943689e+01 2.217122527191269654e+01 2.631009220776991242e+01 2.956072479122862262e+01 3.180809459548342133e+01 3.166869872346062920e+01 2.575577092416283875e+01 1.995390969241769952e+01 9.650067274198608658e+00 1.995390969241770662e+01 2.745052004629443232e+01 2.487502165517084407e+01 1.585999481428684454e+01 5.981033001032420415e+00 1.294976703508236504e+01 2.288578955126875769e+01 2.202708068328890079e+01 1.661131770228876547e+01 6.700016474686679935e+00 4.116846620619115882e+00 1.402099059669794379e+01 1.088902461029708846e+01 1.127512738219777155e+01 2.927058910795065749e+00 1.111238306371986795e+01 1.508684269828507896e+00 1.508684269828507896e+00 1.508684269828507896e+00 3.475934671671833343e+00 1.879428751226919436e+00 1.146240053269828429e+01 2.145427180596033878e+00 1.277298454165895869e+01 1.451907463509079932e+01
1.329999999999999932e-02 1.001329999999996190e+01 1.308171670295927491e+01 1.175406800196007673e+01 1.217148915784139085e+01 1.956014403102050636e+01 1.956031247733842449e+01 2.180772700762970828e+01 3.180809459548342133e+01 2.418467078325801012e+01 1.424197705421194371e+01 1.995390969241770307e+01 2.418818740104144993e+01 2.784515584881662065e+01 1.806809268557290338e+01 1.118038458325723639e+01 7.189607454122556085e+00 1.414504101683090376e+01 2.410446961906191277e+01 2.364323926743741566e+01 1.369860042046034820e+01 9.828318410630110691e+00 1.402099060125951446e+01 1.814174396580123982e+01 1.995198107775778595e+01 1.405854748126790099e+01 4.329354149217278014e+00 1.400923814431771497e+01 9.004957227166356049e+00 1.107432143750645892e+01 1.508684269828507896e+00 1.567566654217293909e+00 1.104136493787162898e+01 1.564792568333731104e+01 1.277153373054320618e+01 1.730092484547183673e+01 2.461067737803933753e+01
1.369999999999999864e-02 1.538685703326046372e+00 3.081719202946964664e+00 4.683000740997838918e+00 6.397986592422929775e+00 9.560264252591364809e+00 1.364274715744846489e+01 2.071381822533382433e+01 3.071408534832281845e+01 2.844442979982473929e+01 2.418467078325801012e+01 1.954488036262469919e+01 2.947847824391864435e+01 3.076575568363099222e+01 2.093172818599787988e+01 1.833919501863877599e+01 8.470677362715925085e+00 1.336533677818896670e+01 2.333191432175026492e+01 2.777287888386431547e+01 2.364323926743741566e+01 1.476949964459514497e+01 2.387715574663605267e+01 2.287816275774019914e+01 1.332176617833945187e+01 6.465815923850849245e+00 1.408477800112774680e+01 1.408477861178599078e+01 1.919721710312696672e+01 1.177383840200589837e+01 6.924177408562944613e+00 2.029832989716945590e+00 1.079627439228795716e+01 1.744163058693912305e+01 1.941611898889259180e+01 2.223085505849036991e+01 2.528203499807935373e+01
1.319999999999999993e-02 1.001319999911543945e+01 1.308171918140694423e+01 1.175406344625643307e+01 1.639799514675802428e+01 9.642415015038308113e+00 1.964245205590263765e+01 2.682952276568675387e+01 3.097225004616594290e+01 3.597262286538587972e+01 3.377622339509206029e+01 2.516067646303723748e+01 3.377622339509206029e+01 3.297411443308848789e+01 2.741656856359180594e+01 1.964814079871968033e+01 9.807671591781883080e+00 1.964814079767092636e+01 2.333191989073417716e+01 3.333538751212184792e+01 2.885829841988394762e+01 2.472707496831101537e+01 2.885829821382905180e+01 2.388158082811550287e+01 1.761486146877402703e+01 8.047529722019623577e+00 1.761486676177267441e+01 2.370796019067062588e+01 2.506170982795291380e+01 1.805084383955041361e+01 1.247029913021059855e+01 3.463777336768016024e+00 2.775805357161892140e+00 1.401032899356002837e+01 9.523286987426040184e+00 1.231500726981704830e+01 1.540348802759271862e+01
1.349999999999999985e-02 7.084567811865542630e+00 1.708456781402098912e+01 2.175323401802115697e+01 2.378333328828253457e+01 1.964245205590263765e+01 1.329389873176735115e+01 1.682943263808331125e+01 2.182943274966071812e+01 3.182961278171279673e+01 3.955660511078271924e+01 3.519360952111774310e+01 3.650910592914723907e+01 2.906559902983051202e+01 1.936096283071088919e+01 1.364103436855794449e+01 1.140116033520118322e+01 2.120545533807134575e+01 2.539527020904410293e+01 3.111654304198169996e+01 3.634296620375310027e+01 3.066292714425422261e+01 2.634043253632713544e+01 1.984739643423477418e+01 1.037511111294737098e+01 1.761486761448156102e+01 2.163097354171938491e+01 2.759936830992397816e+01 2.073474167592294748e+01 1.487532187044214282e+01 5.410386134800761582e+00 1.305120044729440565e+01 3.344595390766969878e+00 5.891466746697116896e+00 1.573173297197031673e+01 2.142791265053865857e+01 2.510749086661643759e+01
1.369999999999999864e-02 1.001369999999996274e+01 1.666917960698476975e+01 2.118014344723078324e+01 2.531533083845595655e+01 2.743654569414527700e+01 1.906740165067767023e+01 2.329395699483423243e+01 3.097225004616598909e+01 3.597262286538587972e+01 4.240149177195107200e+01 3.942350551245072410e+01 2.982381598422213642e+01 2.302241415534593116e+01 1.859677561446667937e+01 2.120545547140481446e+01 1.140116033520118322e+01 1.140116033520118322e+01 1.710234461958005880e+01 2.702522582900857984e+01 3.222482572394574873e+01 2.242976884686256867e+01 1.699355774127245411e+01 1.283470854094337987e+01 1.703770932586649778e+01 2.388165610665881289e+01 2.841982862507733643e+01 1.864180655573116496e+01 1.386445234843649565e+01 7.261965918064586134e+00 1.487532187138724460e+01 1.743527321844429423e+01 1.060916028256724708e+01 4.167502028760301513e+00 1.402380321439068744e+01 1.219480726783359259e+01 2.137191423752497954e+01
1.379999999999999977e-02 2.518291098019163954e+00 1.252980677360156037e+01 1.120980913534520518e+01 1.825910198255861872e+01 2.823216135240949143e+01 2.906753719902096833e+01 3.321035384512537547e+01 3.743763951535553502e+01 3.921524977871576567e+01 3.207067956107576379e+01 3.921531791747791118e+01 3.650910592942967980e+01 3.224997837717943128e+01 2.834513783741373416e+01 2.130051517942667161e+01 1.140116033520118322e+01 2.127860514774462786e+01 1.633170447830984884e+01 2.626106313105218959e+01 3.085781961790170769e+01 2.110767230040110576e+01 1.570327658796045434e+01 2.228248732169734225e+01 2.633418242863654868e+01 3.073245789033981623e+01 2.553949362262872924e+01 1.578537772379397275e+01 9.135939158974428764e+00 1.669540403199534140e+01 2.065561744336238448e+01 2.507044714670583474e+01 1.807117883305213368e+01 1.397640445024934053e+01 4.900960596115308654e+00 1.437985222053651313e+01 1.595293880810890386e+01
1.309999999999999880e-02 1.001309999999996236e+01 6.473160082851657116e+00 1.648008277930395593e+01 1.825910198256016415e+01 2.823216136955118571e+01 3.688104719096325113e+01 3.266739079823548053e+01 3.688117942260364401e+01 3.461981243398149388e+01 2.481220524223833834e+01 3.400941643517028723e+01 3.815882296700388565e+01 3.125075538921672802e+01 2.135820060224721573e+01 1.559848942612214273e+01 1.580602016492366779e+01 2.538511620317654049e+01 2.078971373485914143e+01 3.035469105762061304e+01 3.500789667527148197e+01 2.779853417845651364e+01 1.817703717546964626e+01 2.342420099342511364e+01 3.320279311793311905e+01 3.213432946792892864e+01 2.643368617296804501e+01 2.011055649159867187e+01 1.050724295703018285e+01 1.776755364257587644e+01 2.867344109016170606e+01 2.202135220442576724e+01 1.593609723437053560e+01 1.471574685057888843e+01 6.348700608381290245e+00 5.612278672505205179e+00 6.114420483819545282e+00
1.349999999999999985e-02 1.001349999999996321e+01 1.644856501272152371e+01 2.058516038446483165e+01 2.823216137610280896e+01 3.237156148954546353e+01 3.176463416803330730e+01 2.240666681115941827e+01 3.176463396407767448e+01 3.044178890856123587e+01 2.016492780352112746e+01 2.381661824330268828e+01 3.400941606837108111e+01 3.530616089343561015e+01 2.929018881830056031e+01 1.936623588172961519e+01 2.156491965305313840e+01 2.981339404419291839e+01 2.653111302224592194e+01 3.478185596824359749e+01 3.588789006743018462e+01 2.598049299924765521e+01 2.128891964089390143e+01 3.104893142980262510e+01 3.726616100121062658e+01 2.805777880556383508e+01 1.821549774739873939e+01 1.263431461844892567e+01 2.011154582716686434e+01 2.419132753910283995e+01 3.247200321194830508e+01 2.740657261307260129e+01 1.708288050636808109e+01 8.457103747725412290e+00 1.577966890340642792e+01 5.612278672505205179e+00 1.489543301283321597e+01
1.369999999999999864e-02 1.001369999999996274e+01 9.678649041825103438e+00 1.849134252036463621e+01 2.330058911040032044e+01 2.820554094933101652e+01 2.753717322183804939e+01 1.723178255645561308e+01 2.753717301209382740e+01 2.680201980970600673e+01 1.651188775922023311e+01 2.680201980986712584e+01 2.833678334259614218e+01 3.844528447935809368e+01 3.334907970968517077e+01 2.436772942427661803e+01 3.144970054260086201e+01 3.550441208071551102e+01 3.636740243300413056e+01 4.047845769542774974e+01 4.002422744512263364e+01 3.480192676572217891e+01 2.487998411784147024e+01 3.480192676572217891e+01 3.679294117329062885e+01 2.697731480537256843e+01 1.998011744310525017e+01 1.428797728355617558e+01 2.019854674445791431e+01 2.900443493737546063e+01 3.152477734977840029e+01 2.483433373577495473e+01 1.973207246212837873e+01 1.004154395915535325e+01 1.989702449317526245e+01 1.797479137768242197e+01 1.953052211317762143e+01
1.290000000000000001e-02 2.613890051099427847e+00 6.099148354979241127e+00 9.656222757138333890e+00 1.433224212252569529e+01 2.408273834236083744e+01 2.410208069139930487e+01 1.385935547412068480e+01 2.409931226071941168e+01 2.105713964561349272e+01 1.391496990243025422e+01 1.806358314286821809e+01 2.536329183292377820e+01 3.551542694521019428e+01 3.826143461972240090e+01 3.421266273791275836e+01 3.826097459170721748e+01 4.037079834300417502e+01 4.208496274279679739e+01 3.793116007555546787e+01 4.208660950446916615e+01 3.894457058887670797e+01 3.185106165137505130e+01 3.894464367730901699e+01 3.776226255103580343e+01 3.336133742307524130e+01 2.612962427357132711e+01 1.618649314523634075e+01 2.251045434688987612e+01 3.211479636921058756e+01 2.795341377853895892e+01 1.754646052098408404e+01 1.243849068364446708e+01 2.007494623811267687e+01 2.461263402394683197e+01 2.701148324645101795e+01 1.999084263137728001e+01
1.359999999999999924e-02 1.001359999999996298e+01 7.825304295368019858e+00 1.822338670348331036e+01 2.330058911040032044e+01 2.820554094933101652e+01 2.114184195039859659e+01 1.104331975276672750e+01 1.836268336825325420e+01 1.097704425368552883e+01 1.673259403588800609e+01 2.696456648053334249e+01 3.250746608098294388e+01 3.656912372960218960e+01 3.656911947618693404e+01 4.077742409974554505e+01 4.037079976378607427e+01 3.012118594716498521e+01 3.200203091937259359e+01 2.765319237486345827e+01 3.496003730734188508e+01 4.506376695604319593e+01 4.190695739910675854e+01 4.064274105217559452e+01 3.085869472860018092e+01 2.392478957288025398e+01 1.943930731233714226e+01 2.612893785362093269e+01 3.020644287758853253e+01 3.641438370181199247e+01 3.218990668252451570e+01 2.453016516684826698e+01 1.434926289450861958e+01 2.453016616129533389e+01 2.872721577009843941e+01 1.847884093275162698e+01 1.240228947581164221e+01
1.379999999999999977e-02 5.250390025790908410e+00 1.078691486761967155e+01 1.672680896963741048e+01 2.656026559396031672e+01 2.537505664495938618e+01 1.845572955323525832e+01 8.507230428680056633e+00 8.456294767434567206e+00 1.836261126364171758e+01 2.525162289979438413e+01 3.113874189371728463e+01 3.142360542206737506e+01 2.627808941427998590e+01 2.627808941267930365e+01 3.656912176865313313e+01 3.195581674399771188e+01 2.769297496167120798e+01 2.144291885285030830e+01 3.200203092786993153e+01 3.782228077101378716e+01 4.465095076770170834e+01 4.043907264269087420e+01 4.279028171039386308e+01 3.778414867588455195e+01 3.339004561398134285e+01 2.392482464247833107e+01 2.520351355501785307e+01 3.499649878090742305e+01 3.681296749925591172e+01 2.836035452725894146e+01 1.892399550036671840e+01 1.707692407464345408e+01 2.735580870731584824e+01 3.291267294457507120e+01 2.500930693082126766e+01 1.468609842940451493e+01
1.349999999999999985e-02 7.084567811865484899e+00 1.708456781186555062e+01 2.383233777905304152e+01 2.350660291300117066e+01 1.825066037634796601e+01 1.112853831509268332e+01 6.136825468548959606e+00 1.595852330428331811e+01 1.682924270916902643e+01 2.665441790892663931e+01 2.829475155673895514e+01 2.093828947483393677e+01 1.872647192040406949e+01 2.929226359528333390e+01 3.379365718754056758e+01 2.769297496586910157e+01 1.682093002070508092e+01 2.497576905996297114e+01 2.303898962107925996e+01 3.359488912743238842e+01 3.892544639941159801e+01 3.072242198575034777e+01 3.302305977245647739e+01 4.279028744718809207e+01 3.782442183552677761e+01 2.959773888656288321e+01 3.086331598655986497e+01 3.906946685321227619e+01 3.368944259986756862e+01 2.404576541767135467e+01 2.906610589032744940e+01 2.037919745942329897e+01 2.705162730502894419e+01 3.647959403965977998e+01 2.734208910232305101e+01 1.712847780684935017e+01
1.359999999999999924e-02 1.001359999999996298e+01 1.761105584679063085e+01 1.784740933243481109e+01 1.384569129574210145e+01 9.333478095072637259e+00 4.250005809181057082e+00 1.405835922805083626e+01 1.594728307912154364e+01 2.598746242780879356e+01 3.053393352025030083e+01 2.400936798619713741e+01 1.334870486571192671e+01 2.400936798621782842e+01 2.527589126058505542e+01 2.628445514040182118e+01 1.877524703747921819e+01 1.397586506397650119e+01 1.397586506397650119e+01 2.187209709582882056e+01 3.245612409730142645e+01 3.481366652655232485e+01 2.505352113640089584e+01 3.481537883349044904e+01 4.100518755397683890e+01 4.350941859223025432e+01 3.937201133433261191e+01 4.064156304692531307e+01 4.472455983073290753e+01 3.831378064676731299e+01 2.929516275301574169e+01 3.484981471803354225e+01 2.396593433755581515e+01 3.421608137432678376e+01 3.704861019287109514e+01 2.688976057674303632e+01 1.971814975175714224e+01
1.290000000000000001e-02 1.001289999999996283e+01 7.611699528800480508e+00 9.796025228397814644e+00 1.854665284993619379e+00 2.407663281503564345e+00 1.222370650325266617e+01 1.666787837568064035e+01 2.223272063496512274e+01 2.054289892325457956e+01 1.914402983129945923e+01 1.752615049851663542e+01 1.081262402684088997e+01 2.106319476754785569e+01 1.487696496026278581e+01 1.913234707961798975e+01 1.092633375230664683e+01 2.192562101104074657e+01 2.497575883551338194e+01 2.928478572421036930e+01 3.145590403380921529e+01 3.172431137259411926e+01 2.174294323302818199e+01 2.703865167179366225e+01 3.687117158186423183e+01 4.047988935557900447e+01 4.048820580450188800e+01 4.472041632705258962e+01 4.664207179937260150e+01 4.467553950704003540e+01 3.999766517155399725e+01 3.978295404211061026e+01 2.976381479579185196e+01 3.974628419087296294e+01 3.719654844288547935e+01 2.786225054451349692e+01 2.310640131153745713e+01
