output/example/elevation_000037.asc
nrows	75
cellsize	133.333333333
xllcorner	0
ncols	75
yllcorner	0
NODATA_value	-9999
[rows 17 to 33 of 75, columns 0 to 36 of 75]
6.278147767783714972e-01 1.006278147767776545e+02 1.658894989652322636e+02 1.366001770838874165e+02 2.366001770838790890e+02 2.325353670758265139e+02 2.040387170424029080e+02 1.203521281159788714e+02 1.654146458384251730e+02 1.239931306830947477e+02 2.757481874038439429e+01 1.275748547230940915e+02 1.337318313175151161e+02 1.070040527975303775e+02 1.388728220784585119e+02 4.252670148070978939e+01 1.425267443414891773e+02 9.092041413835026731e+01 1.909204948839273754e+02 2.025006905418823919e+02 1.610790919272092765e+02 7.577228352762860197e+01 1.757723200863797217e+02 2.348703871879508256e+02 2.936674017370415299e+02 2.723692099328269478e+02 2.015740307712274273e+02 2.162182668499964961e+02 1.554415315794663286e+02 2.261522388571791282e+02 3.261519498824813468e+02 3.340100573406820104e+02 2.925877530306461836e+02 2.352222377719951396e+02 1.352220158112703530e+02 1.788559624998543427e+02 2.788562211176620735e+02
9.333890302168857955e-01 3.255616563190056922e+01 6.588949896523367045e+01 1.658894989652322636e+02 2.032461235778042408e+02 1.325351989540791919e+02 1.593172745616267036e+02 6.261709856846309918e+01 1.204171365446664055e+02 2.399309619816154537e+01 1.239931306841073280e+02 8.102706749930386820e+01 1.810271439933828788e+02 2.070041736938414090e+02 1.702617706025007465e+02 7.026171129209117794e+01 1.702617706024956590e+02 1.909204948839273754e+02 1.443726652592367259e+02 2.443728328445085936e+02 2.171935047222466153e+02 1.464829691488050116e+02 9.344995305729239021e+01 1.934499543393688157e+02 1.936691342214365932e+02 2.936674017370423826e+02 3.016091617440436607e+02 2.968613699158349277e+02 2.554414761006896981e+02 2.088937898362456167e+02 2.666288707449003255e+02 3.666284649666745281e+02 3.263463517641932299e+02 2.263451420273974861e+02 1.556344303346450602e+02 2.556348182122092396e+02 2.605057395116793373e+02
9.343791665630089005e-01 1.009343791665622945e+02 1.658894989652322636e+02 2.073108551961561545e+02 1.532460328529288631e+02 6.182451074641416255e+01 1.143379293585136622e+02 1.789573897060436636e+01 2.041710349890083265e+01 1.204171365446664197e+02 1.654146458384450398e+02 1.810271439933850104e+02 1.517377601041033301e+02 2.517379718124435328e+02 2.116833667908635164e+02 1.202617118915352989e+02 1.335072682468391179e+02 2.335074194095852533e+02 2.150833885454552785e+02 2.260224015473339989e+02 2.879040402969527577e+02 2.348703872126961016e+02 1.641606402412002126e+02 1.120194868750010500e+02 2.120194382477822899e+02 2.320164711977833178e+02 3.319894009069261642e+02 3.588763466540623313e+02 3.503131193351952675e+02 3.088936723265956061e+02 3.503134487017578635e+02 4.080472649867197674e+02 3.372856237210257859e+02 2.372841759399462376e+02 1.798879928458237885e+02 2.798887167182573421e+02 3.605064990725851999e+02
4.696025931229614869e-01 7.118028071177818106e+01 1.711802807117795737e+02 1.505885237287272673e+02 1.091670632775112182e+02 1.182451060494297401e+01 1.433789863578030932e+01 1.143379293585136764e+02 1.204171365446664055e+02 8.366265816820728674e+01 1.543733557178771889e+02 2.543735827292283886e+02 2.517379718124437034e+02 2.931597355838795806e+02 2.616835301865992278e+02 1.909724153674684146e+02 2.042179868592421030e+02 2.749291590983644937e+02 3.150838065056616415e+02 3.260228886769357928e+02 3.674449569783752736e+02 3.055801341848646757e+02 2.534388940701699937e+02 1.827301761858313682e+02 1.320194868750935200e+02 2.320193684912133563e+02 2.704888949559603475e+02 2.588775092679284171e+02 3.295732785057293199e+02 3.736357027617653443e+02 4.150422250847760779e+02 4.727661402022305310e+02 3.787116148724244340e+02 3.057064852545770464e+02 2.057078819140606356e+02 3.057092987486566358e+02 3.741717804747040077e+02
4.671211237371231118e-01 1.004671211237364190e+02 1.046387528295705067e+02 1.065119291783110782e+02 9.167040587679347041e+00 1.091670632775112182e+02 1.583575786554402676e+01 1.158358112944949028e+02 1.612736356920958087e+02 1.836627440893097400e+02 2.250843465350674819e+02 2.407061021670833725e+02 2.699960715334187284e+02 2.785028766066243406e+02 3.199235059825918484e+02 2.909727296960260787e+02 3.042183647068638948e+02 3.127752336331510605e+02 2.713507124116219416e+02 2.843268593223144762e+02 3.257516709559309334e+02 3.621683397504049822e+02 3.241476119733387691e+02 2.734375808289372571e+02 2.027301792713598445e+02 1.535860415173255262e+02 1.704891266161375256e+02 1.881667961616740854e+02 2.881664906275506155e+02 2.736368673469339683e+02 3.313720161440572838e+02 4.313690063028446957e+02 3.873762305346999142e+02 2.873581270818876305e+02 2.390412169555373225e+02 3.390433515872843486e+02 4.155991998729405168e+02
3.248811761027110556e-01 1.003248811761019965e+02 4.638741775898973962e+00 6.511913399062331465e+00 1.065119291783110782e+02 1.505885237287693315e+02 1.158358112944949028e+02 1.985185451005648005e+01 1.198519326339309998e+02 1.652979900629770498e+02 2.114169491401531502e+02 1.407053954147732497e+02 1.699949242990707319e+02 1.785018841425017797e+02 2.785028191989136417e+02 3.116812228698921672e+02 2.702472103562886332e+02 2.550382699975947673e+02 1.713491334288008829e+02 1.843248690470208260e+02 2.843268593223140783e+02 2.621637875829907784e+02 3.328793518501513518e+02 3.441449824217790479e+02 2.913822073509512052e+02 1.913824893821480373e+02 2.704888949559663729e+02 2.881664906275506155e+02 2.159018062948903207e+02 3.159013346243392562e+02 3.512563070515795403e+02 4.512468763224379700e+02 4.289161943844717939e+02 3.804920957784535176e+02 2.837626000331458727e+02 3.804941563402715587e+02 4.130173199610035226e+02
1.190754202154438168e-01 1.990606069237136122e+00 1.019906105718338694e+02 1.065119291783110782e+02 5.365236551671890908e+01 1.536523952950576586e+02 1.612736356919239995e+02 1.198519326339310140e+02 2.387607269298410628e+01 1.238761766909336330e+02 1.307716046094321030e+02 6.999468063360851033e+01 1.077911284302054327e+02 1.785018842037399338e+02 2.785029265474863678e+02 2.539389215806993150e+02 1.702448757497375880e+02 2.136147738665024463e+02 1.136140730362175617e+02 2.069919353930082480e+02 2.337182926336994342e+02 1.914524973054018346e+02 2.621637875829907784e+02 3.621683397503897481e+02 3.327976896675226044e+02 2.491175404088866685e+02 3.327976896751025038e+02 3.573129473713174207e+02 3.159013345655281455e+02 2.512571497370102804e+02 3.512563070697725607e+02 4.313309054467336523e+02 4.726840132779979626e+02 4.252265185521201829e+02 3.544738762837315562e+02 4.252568745395423662e+02 4.544627618185722326e+02
3.133428407152799577e-01 1.003133428407145686e+02 1.434119877821833597e+02 1.950738546395290598e+02 1.243630483777332500e+02 1.243630483777332500e+02 2.243631338559128210e+02 1.652979900629303529e+02 1.238761766906788750e+02 2.790846188571162401e+01 3.077145355728093534e+01 1.307716046094321030e+02 1.762711570032993507e+02 2.125486745422778938e+02 2.154573903431463293e+02 2.125107822197123539e+02 1.125097786580339090e+02 1.547750925082503102e+02 8.199129638674730813e+01 1.069912963922650846e+02 1.337174206425064256e+02 1.837174403997221361e+02 2.544286044291642384e+02 3.544327648435578340e+02 3.905284529766751120e+02 3.491168160763121477e+02 3.280529284611110938e+02 3.694806428042108450e+02 3.926622624289100827e+02 3.512563070697725607e+02 2.959785461112421103e+02 3.313339546080171658e+02 3.890692582185728838e+02 4.890613975482965543e+02 4.545062718795608703e+02 4.822021042855224096e+02 4.936098166679138899e+02
9.928176626908779001e-01 4.571417721268650780e+01 1.164248553313407513e+02 2.164248553313393302e+02 2.243631338559138442e+02 2.243631338559128210e+02 2.657846608977552592e+02 1.986195535185060521e+02 9.861915413695156474e+01 7.262982163807080838e+01 1.307716046094321030e+02 3.484884290671755025e+01 1.348490239047370380e+02 1.125479526099972389e+02 1.154566041077232370e+02 1.476667934183594184e+02 1.505920149454759382e+02 5.477474368853761888e+01 1.547750925082503102e+02 2.004485902627620533e+02 2.337182926336994910e+02 2.751420802701481989e+02 3.251438761443754970e+02 3.000783445450352929e+02 3.194768769835459352e+02 2.780507995703677580e+02 2.280486707771053716e+02 3.117412744223394725e+02 3.694806299843068018e+02 3.750507818119089620e+02 3.959767331114172748e+02 4.313307974653192218e+02 4.727135351544857826e+02 5.304201108043272370e+02 4.529016712203974180e+02 3.822044526723400395e+02 3.935939978994983335e+02
8.098593596749129597e-01 1.008098593596742063e+02 1.457141772126850867e+02 2.457141772126826140e+02 2.517503807388583823e+02 2.626893160046740832e+02 3.041095246264584944e+02 2.400418901782135777e+02 1.986195535179202238e+02 1.226298261230865023e+02 1.762711570032875557e+02 1.348490239032052784e+02 3.893473213894469609e+01 4.183724825974537964e+01 4.474589689556110272e+01 4.766692808474600440e+01 5.059170498761659474e+01 1.505920149454759382e+02 5.902525510895983984e+01 1.590256459770395168e+02 2.047070067446448718e+02 2.754198174890084374e+02 2.707900400503337437e+02 2.000750419007815424e+02 2.617389733136500354e+02 1.780484742107123850e+02 1.703134168828230202e+02 2.280486707771053716e+02 3.280529283974535701e+02 2.750398689378593531e+02 3.457668584136702634e+02 3.637619228905650743e+02 4.052048487089440414e+02 4.556600334649420461e+02 4.029128849571739579e+02 3.114894402904029675e+02 3.228778981348365278e+02
5.647759371839101705e-01 7.127545405583815352e+01 1.712754540558367466e+02 2.224606086942960985e+02 1.517504766805699603e+02 1.626894538488973012e+02 2.473458811528402066e+02 2.887658892291937605e+02 2.640527622538814967e+02 1.933406183302925854e+02 1.966702692978984715e+02 9.666976361751444813e+01 8.893473330903771057e+01 1.125479526076404397e+02 8.254234425580625611e+01 1.476672123294217727e+02 7.144314639332631600e+01 1.714435646594297680e+02 1.590256459770395168e+02 6.328346673754271734e+01 1.339941960002830115e+02 2.089770601292593710e+02 2.207884271157219018e+02 1.293641217976694975e+02 1.825175927865036840e+02 1.203133982243299300e+02 2.203144301043802784e+02 2.641066187875212563e+02 2.673060205561919815e+02 2.043280091877971074e+02 2.957577239415334134e+02 2.637542509815679637e+02 3.474556808588972103e+02 3.556444085160392206e+02 3.614928498862841479e+02 2.614887604354897235e+02 2.728769090732297968e+02
7.582905442777093663e-01 1.007582905442770027e+02 1.206702733543858272e+02 1.310397848255261692e+02 8.103979918982616937e+01 1.810397704612352641e+02 1.473459836525505295e+02 2.180566576968406878e+02 3.180563216516995340e+02 2.933418151999721886e+02 2.380937326240479877e+02 1.544048309274287760e+02 1.466697860102330537e+02 2.125486670122776331e+02 1.233671746149422290e+02 1.932655015954409521e+02 9.326493541701627521e+01 1.932655015955297415e+02 2.047070067445459927e+02 1.632839017008023461e+02 6.755330755016998978e+01 1.675537888491826948e+02 1.749191392090230579e+02 7.936411738455484510e+01 8.251695069015198669e+01 1.825175927865037693e+02 1.902015403409712064e+02 1.641043442907207748e+02 1.673036340352948343e+02 1.543279004494985429e+02 2.482851296623223618e+02 2.060186091725481674e+02 3.060223780760971977e+02 2.849299703749550190e+02 3.236951584666950339e+02 2.236922389461254568e+02 2.350803030109036911e+02
3.106133300308140388e-01 1.046407498136698422e+01 2.067028224296353400e+01 3.103979919026776102e+01 1.310397848255261692e+02 9.389373529547819430e+01 1.938936875587632471e+02 2.473458811528401782e+02 3.473450049479529298e+02 3.785398327881097771e+02 2.958323108576300342e+02 2.544059712303133551e+02 2.173807928400732976e+02 2.647931133906531613e+02 1.733671990748796361e+02 2.168359430367725906e+02 1.168351614588703740e+02 2.168359430373749319e+02 2.252894569927204316e+02 1.252883462377586454e+02 1.675537888489561453e+02 7.184274388020668312e+01 7.491857513981099714e+01 1.749191392090230579e+02 1.825175927865037693e+02 8.701616339681044110e+01 9.020081217330283607e+01 9.339356645737332485e+01 9.659284989812823596e+01 1.965936549124274393e+02 1.482834639097585807e+02 2.482851436271789396e+02 2.857788595573013595e+02 2.271942121652249114e+02 2.602093004125216567e+02 1.903588968246161812e+02 2.903610711012419756e+02
9.522306102595711197e-01 1.009522306102588658e+02 1.206702733543858272e+02 1.310397848255261692e+02 4.675328321663541686e+01 1.467532579829725421e+02 1.639031005122814690e+02 2.639026692235822225e+02 2.807272003944785865e+02 2.785442338802279778e+02 2.785442338802279778e+02 3.199373749772969404e+02 3.173892334286505275e+02 2.733687854562013513e+02 2.733687063082874715e+02 2.426537643716916079e+02 1.426550504740942529e+02 2.426561606496654520e+02 2.667136534241307118e+02 1.830234735988638306e+02 1.904136866746790417e+02 9.041227769791237279e+01 1.749191392090230579e+02 9.700488035481160409e+01 1.970067307610031833e+02 1.870168551975486366e+02 1.479358595903721039e+02 1.933943323567493167e+02 1.965936549124275530e+02 1.011430074500611198e+02 2.011438709467417141e+02 2.471496700692016475e+02 1.857758113583834927e+02 1.771941174417492277e+02 1.602077616628086503e+02 2.602093621514073334e+02 3.317861792879435257e+02
5.499842727366835993e-01 1.005499842727359692e+02 1.915295956969865472e+02 1.881740380074424479e+02 1.467532579829725421e+02 6.390314173088622596e+01 1.639031005122815259e+02 1.957310932819559923e+02 1.807275674522847169e+02 2.250923157335758447e+02 1.785447066985517495e+02 2.492553717634495172e+02 3.492538606654309206e+02 3.733759860635638006e+02 3.243210117678451638e+02 2.243053741108354586e+02 1.759883851531859591e+02 2.759894708281258886e+02 3.244514430593648626e+02 2.830258634726194487e+02 2.096598838150960376e+02 1.096572866709198166e+02 2.096598839314953295e+02 1.970067307610031833e+02 1.199464537428624737e+02 2.199501332932177888e+02 2.479375339545308350e+02 2.893629977131448641e+02 2.425683433253137764e+02 2.011438709467368540e+02 1.057240945335748705e+02 2.057250199924145306e+02 1.150649862272569663e+02 1.324727518228284282e+02 2.324739075659843479e+02 3.016343814875961584e+02 2.896627353896935801e+02
1.082394608984237339e-01 5.010823946089823977e+01 1.208189175795524761e+02 2.208189175795510550e+02 2.053235481568251544e+02 1.639031005122815259e+02 8.186367193356358030e+01 9.573117683919420529e+01 1.100168911249083834e+02 1.250924583537964594e+02 2.250923157335758731e+02 2.497105443313028843e+02 3.497084669227076574e+02 3.998836332547558641e+02 3.658496342250069802e+02 3.174136737954165710e+02 2.207097796442664048e+02 3.174057513607326086e+02 3.306531064968270925e+02 2.306386156121519946e+02 1.729029529280039128e+02 1.325988600596873539e+02 2.326037627268552797e+02 1.699464814501747298e+02 2.199501332932177888e+02 1.471630064909758460e+02 2.178746808595158768e+02 3.178963180057198201e+02 2.764376281712153514e+02 1.764348986538890927e+02 2.057250199924102390e+02 1.103245315958572093e+02 2.103255224539537096e+02 1.199043254122152291e+02 2.199054180923973547e+02 2.283362498965487646e+02 1.896599235084231054e+02
1.058428616300536307e-01 1.001058428616293412e+02 1.652898141540864572e+02 2.067111703945463148e+02 2.567111703999572114e+02 2.151969112700352582e+02 1.151970052668966815e+02 1.957310932819559923e+02 1.807275674522847169e+02 2.250923157335758447e+02 1.497107565496626478e+02 2.497105443385231922e+02 3.024452833003049932e+02 2.998826472866638255e+02 3.705985802463284813e+02 3.621412032696654819e+02 2.914212071003629489e+02 3.621414673788256664e+02 3.721016596786552668e+02 3.143496004142758125e+02 2.568607461576354467e+02 1.568524225944231603e+02 2.568607461143970454e+02 2.077430093568612222e+02 2.886150513572500813e+02 2.471703396530213297e+02 1.773141419463668740e+02 2.773278879413335289e+02 3.178644413496332959e+02 2.764376281709003251e+02 2.240630071847715215e+02 1.240605879907261908e+02 2.240630071848100613e+02 2.199054180923973547e+02 1.247521870678524181e+02 1.283350588873525169e+02 1.319248496804412127e+02
