output/example/elevation_000048.asc
nrows	75
cellsize	13.33333333
xllcorner	0
ncols	75
yllcorner	0
NODATA_value	-9999
[rows 17 to 33 of 75, columns 37 to 73 of 75]
3.169637089669413754e+01 2.873539173817173520e+01 2.603430098972482298e+01 3.274987924843541265e+01 3.210538160427633159e+01 2.556018924570740936e+01 3.502834481470448935e+01 4.191222909506014815e+01 4.694598354245594152e+01 4.350602221760480148e+01 3.888583993080774803e+01 3.264474353479322843e+01 2.368444341513620444e+01 2.882402212973758893e+01 2.166036797854395601e+01 3.061492382593614536e+01 3.613793669511979090e+01 3.277338251080605147e+01 2.347761343175182702e+01 1.693851784851462838e+01 2.474959510740441004e+01 2.176534530004015267e+01 2.908834899012823882e+01 2.361912739458045252e+01 2.430613327370536325e+01 2.403800106331458863e+01 1.541693583491254849e+01 1.795083277684503642e+01 2.217834171974466173e+01 3.103517649700631864e+01 2.558304009602264628e+01 3.354130707789438759e+01 2.839458768740666272e+01 3.523730679850055481e+01 2.951277638712364748e+01 3.319185565953468142e+01 3.801788247374975072e+01
4.100589756512076178e+01 3.806196826082219076e+01 3.274987821971632940e+01 2.310875140855628729e+01 2.241076656210475804e+01 3.210537919842988686e+01 2.890783358953695270e+01 3.360824260884000125e+01 4.304702087134182165e+01 3.952062170533262275e+01 3.043828155684343173e+01 2.601117470456078351e+01 2.285469800125799367e+01 1.985004875465319785e+01 1.985004875465319785e+01 2.706408042675267822e+01 2.706364820987536035e+01 3.064984086384181694e+01 3.010979858723393221e+01 2.474959510740084667e+01 1.543660623242224972e+01 2.335170756200051656e+01 2.137982416714437051e+01 2.227859984624978651e+01 1.418260809172938508e+01 1.464088231052696898e+01 2.403797538734735184e+01 2.442733727999449655e+01 3.079505162307014743e+01 3.553640593920706436e+01 3.474796708463316008e+01 3.871534006408785444e+01 3.259752822153404139e+01 4.100201584287746215e+01 3.427965817779579538e+01 3.339072319379894083e+01 3.944720942455699486e+01
4.005314874934337865e+01 3.608983104288353161e+01 3.292446273974786664e+01 3.012588678138998688e+01 2.025749625437288159e+01 2.367437527168473821e+01 3.328696529895270118e+01 4.225399953840099698e+01 4.706910304326508054e+01 4.350595719494357638e+01 3.888580587121987975e+01 3.497944232172429224e+01 2.716381125699577126e+01 2.882402212982514200e+01 2.442679761828057750e+01 1.805148575137828004e+01 2.539427948535322344e+01 2.162296525610381082e+01 2.806325697871526259e+01 2.839421958353418063e+01 2.331123567274295283e+01 1.395009183816133813e+01 2.091258654447770837e+01 1.354199114348180721e+01 2.166910906298360118e+01 2.392669356797703628e+01 1.581720708586087909e+01 2.497570142127951698e+01 2.456494639358430021e+01 3.133553509585776453e+01 4.135490554736291102e+01 4.559879648748095349e+01 4.147204668180535947e+01 4.559878310730861273e+01 4.043700263000675221e+01 3.944720942452077139e+01 3.944720942455699486e+01
3.138433580901482856e+01 2.659374102729627865e+01 2.323535609270550495e+01 2.879301617110483491e+01 1.883308133030455167e+01 2.598041992650681919e+01 3.558403826900590872e+01 4.009349320346478152e+01 4.411140215183340985e+01 4.594891707708310946e+01 4.194995206260040987e+01 4.013823747853730595e+01 3.621114459865718516e+01 3.731848724165271847e+01 2.998447896109558997e+01 2.148508908077119273e+01 1.630440713890480353e+01 1.510001547438196212e+01 2.270615355205145036e+01 2.491215758138485370e+01 2.154146533298895250e+01 1.291889635188374719e+01 1.291889635188374719e+01 2.179886005120754078e+01 1.980827274014702155e+01 2.754846572690557593e+01 2.379399586987971560e+01 1.696804313519183438e+01 2.652274086741720538e+01 3.117365208363101914e+01 3.353101844910553098e+01 3.656247081858705883e+01 4.035900887207814947e+01 4.489516687180755383e+01 5.027222437590474868e+01 4.918366761308421786e+01 4.918366776177963118e+01
4.005303488059634986e+01 3.608982229316646340e+01 2.879301659316255524e+01 1.883308133030455167e+01 2.724693446606364233e+01 3.122667457241334077e+01 3.343882514527999916e+01 3.068240334067366604e+01 4.009349320346478152e+01 4.049895710798809034e+01 3.259886459187918462e+01 4.049895710798809034e+01 3.931857715055941327e+01 3.525552565519858206e+01 3.401885377079411654e+01 2.889131430587834970e+01 2.539416103630719235e+01 2.270615989323934869e+01 1.342860899520237794e+01 2.067125587238858131e+01 1.235235311847789319e+01 2.098086089835566170e+01 2.303547552424589284e+01 2.677492741540755716e+01 2.691032423604841739e+01 2.913372833468183387e+01 2.464063833233436540e+01 1.777153667103086576e+01 2.682812437016584539e+01 2.213431926472756572e+01 2.455659169946075338e+01 2.747513251355561081e+01 3.074081174789931481e+01 3.744677803518371917e+01 4.794555722143010712e+01 5.066406844246359498e+01 5.091348009465090030e+01
4.229579293424774278e+01 3.280279765676834813e+01 2.598041445500271251e+01 2.724693440691876134e+01 1.726891372627974164e+01 2.723304484996107178e+01 2.399693877513619000e+01 3.068241432382931322e+01 4.009493050653517088e+01 3.655107409247279548e+01 2.729100005147522623e+01 3.655107409247279548e+01 3.525552565519858206e+01 2.560066288518801514e+01 2.842850845868558096e+01 3.168661035245598967e+01 2.848875610863134611e+01 2.439791040880364648e+01 1.901769257229663168e+01 1.178889566797361432e+01 2.130572549251242620e+01 1.235235311847789319e+01 2.117302644477006979e+01 3.231380627786361259e+01 3.760941791501488041e+01 3.419273940724739447e+01 2.551772812395020296e+01 2.643589230011828306e+01 1.890727852777536810e+01 2.802456520100156467e+01 3.353101844910553098e+01 3.258420267406486914e+01 4.035900887207814236e+01 4.487669193493466935e+01 4.567699231618042433e+01 4.079642356481434007e+01 4.081286238424155499e+01
3.718394576922657535e+01 3.955200085484350581e+01 3.306042093985659136e+01 2.333453875579062853e+01 1.619176250800954620e+01 1.926043937676929829e+01 2.899091921388253112e+01 3.739690272575833063e+01 3.944275061580298569e+01 3.327656413485108544e+01 2.396212821796995840e+01 3.327706927119599811e+01 3.525554482530422007e+01 2.560066290453275073e+01 1.884021937764281063e+01 2.381309299799100643e+01 1.733597673660694483e+01 1.630196483682279407e+01 1.873202536880583935e+01 1.143698822767690082e+01 1.725787888271761261e+01 2.310299565048835291e+01 2.013537232544526745e+01 2.823419844650542032e+01 3.886787473458959141e+01 3.814034893848644003e+01 3.132383522539873155e+01 2.287839870946639209e+01 1.977073084124378965e+01 2.618565089800533485e+01 3.526980994004698999e+01 4.155534775423386407e+01 4.478171213489764568e+01 4.105648182956176839e+01 3.634742452745940966e+01 3.451016591761958097e+01 4.377986281012660186e+01
2.746645221263554149e+01 3.031264017918580578e+01 2.751605399121790185e+01 2.518312252353898728e+01 1.513773400104549438e+01 2.055401584133619508e+01 2.679444340954324844e+01 3.582235037682986700e+01 3.550300076110257663e+01 2.614813602465819287e+01 2.108068049365223118e+01 3.046848300093402173e+01 3.472774316504364833e+01 2.994902604202421870e+01 2.351035057643857229e+01 1.400144224834445872e+01 1.984257198777418907e+01 1.625068412233954263e+01 1.095331297763407896e+01 1.582218888151957081e+01 2.340003198805579387e+01 2.876550930138600748e+01 3.158085317297143035e+01 3.578002537487238044e+01 4.162466020188013971e+01 3.324703520845901750e+01 2.735657894834730897e+01 2.974456969450127986e+01 2.069241782435878818e+01 2.976199826047811214e+01 3.574227967421701635e+01 3.827103191300325591e+01 3.948932622820793625e+01 3.129851604890422934e+01 3.094695649682184779e+01 3.451034853791382062e+01 3.952652077679447729e+01
2.621954571416543800e+01 2.105729453242967608e+01 1.857748218686187869e+01 2.368109838616499019e+01 1.403937822450244610e+01 2.417665050495050849e+01 2.720698596993742768e+01 3.799301547657503164e+01 3.446125760110112424e+01 2.512669065055364825e+01 1.840626398231468386e+01 2.487397616548987145e+01 2.864930462365162711e+01 2.037406002801157712e+01 1.404496957460395024e+01 1.937401958501905241e+01 1.009922697166806316e+01 1.044500442283958641e+01 1.102575426959845117e+01 1.989224055627154186e+01 1.744483450567411253e+01 2.148408901507454871e+01 2.795876661609096558e+01 3.752051875235120093e+01 4.170847054398041820e+01 3.292235982252404369e+01 3.350585041113040319e+01 2.568319463679694437e+01 2.762232771955887145e+01 2.209950533394602346e+01 2.985990312428346982e+01 2.938755784822883044e+01 3.457789113625263866e+01 2.848923426824257632e+01 3.671001541435068560e+01 3.442175754238807883e+01 4.080131698533497087e+01
3.437055300989711526e+01 3.029267369844491142e+01 2.400347869773083076e+01 1.514583524368360656e+01 1.290128676953053066e+01 1.654337511588935783e+01 2.728423489063114360e+01 3.326715402845953662e+01 3.250166082518858701e+01 3.176730478212226316e+01 2.487397616553689161e+01 1.527443985509567703e+01 2.211987419223456541e+01 2.233105152432732154e+01 1.425059668380641931e+01 9.599628718959831275e+00 1.931575948540643139e+01 1.945057864326171071e+01 1.966843733803864680e+01 1.191236060197106283e+01 2.199039571296389894e+01 2.965580433359654222e+01 3.075554823712657537e+01 4.039924064823458849e+01 4.561046999249093403e+01 4.170841925044923215e+01 3.810233491000669659e+01 2.903629514863607497e+01 3.297185298020124122e+01 2.516223705226871488e+01 2.362438580516197817e+01 2.473429001208008415e+01 2.629494609384253323e+01 3.059889180414890220e+01 3.058370637117032587e+01 4.307143014829740935e+01 4.080131698533497087e+01
3.418771503611031903e+01 2.508114996177935652e+01 2.043472261867757211e+01 2.112752855801253205e+01 1.177325701403503011e+01 2.091835327863224947e+01 1.991358391637773906e+01 2.602349468395177468e+01 2.266422583819428027e+01 2.960080964804906145e+01 2.875887573544219933e+01 2.216509418032435264e+01 1.238796313994602372e+01 1.914533294615343095e+01 1.343278478046159030e+01 9.248876110756526714e+00 2.117083195030887310e+01 2.636278971201158683e+01 2.214717358513958700e+01 1.271606482030496821e+01 1.634946643349099560e+01 2.517232408218959705e+01 3.649265971035701739e+01 3.848604773113741118e+01 3.835904039349232164e+01 4.244806062473170272e+01 4.264765851546064113e+01 3.551152844238021800e+01 2.976949134839029654e+01 3.336449169675896087e+01 2.758788030529527191e+01 3.236856749416227075e+01 2.694788645928143112e+01 3.485570195911955693e+01 4.028825360644792397e+01 4.565202822053750253e+01 5.086802763041066555e+01
3.836523736766876880e+01 3.294203139930836244e+01 2.615314875764926583e+01 1.662475428940075162e+01 1.696744117775649485e+01 1.039942957560524484e+01 1.971961832679811266e+01 1.592620586675892014e+01 1.532737277829265210e+01 2.533169878277464449e+01 2.327094142493461248e+01 2.091095622939946708e+01 1.824300364323702084e+01 9.938727027030433092e+00 8.783721059272131981e+00 1.557639397015704574e+01 2.333072281270754189e+01 2.317091011512484755e+01 1.391418169460164833e+01 2.225119262656769692e+01 2.382084644131581186e+01 2.533076760311143261e+01 2.948295473009810053e+01 2.946811836552884856e+01 2.939489470296293305e+01 3.554090168293627983e+01 4.516301420727476312e+01 4.124335900796085497e+01 3.309549118236688514e+01 3.986738625810841796e+01 3.417882242635769074e+01 3.856969454255020224e+01 3.485751206994714835e+01 2.908076493789375050e+01 3.343325646397978090e+01 4.190771123629186690e+01 4.770347705468501687e+01
3.725769504158898826e+01 2.750850176181810980e+01 2.214584023974560978e+01 2.327060180999644956e+01 2.054651717599578831e+01 1.971961808435585084e+01 9.163888409212738395e+00 8.405138646632190458e+00 1.774187781632887351e+01 2.062602520072293188e+01 1.381452772220200842e+01 1.782480791491430594e+01 8.494402876088084753e+00 8.494402876088084753e+00 8.494402876088084753e+00 1.783672154815684152e+01 2.786317674795403576e+01 2.698805302285681407e+01 2.317008984036684538e+01 1.505253535200050230e+01 1.585593969700016004e+01 2.386208459052384612e+01 2.078888303498925794e+01 2.409271733075946287e+01 3.268965572971161748e+01 3.467676523130569421e+01 3.861807932065910620e+01 4.558003405793083118e+01 4.156203927531980469e+01 4.558003405793044749e+01 4.621523964406894436e+01 4.315059001560501173e+01 3.429726402833109944e+01 3.689034340841235604e+01 3.130664568361254396e+01 3.458363115312887714e+01 3.926886690254173118e+01
4.143591332029587448e+01 3.574916959544086126e+01 3.162888697802307547e+01 3.278325327256193589e+01 3.046318761490889671e+01 2.305867964600598441e+01 1.282971311254828883e+01 1.774177545895348729e+01 7.328485116916613862e+00 1.503812129848217793e+01 7.814873223056464369e+00 8.111459464414583209e+00 1.783759246283331024e+01 8.494402876088084753e+00 1.800133812176510162e+01 1.546947531946600840e+01 2.566829227022889981e+01 2.927630093422425617e+01 2.035935500402848675e+01 2.123481313954474814e+01 2.492621020640370944e+01 1.696988197815296218e+01 2.597772635754269999e+01 3.092762955030787353e+01 2.825950073899982584e+01 2.560155327820512738e+01 3.467676924873282474e+01 4.065792841322272011e+01 4.484592079387759611e+01 4.505320986329925148e+01 4.920163647910025162e+01 4.727069638196618229e+01 4.315059012087397150e+01 3.947266645655594175e+01 3.130664568361254396e+01 3.130664568361254396e+01 4.035621516715269763e+01
3.706929621131252617e+01 3.315962171476321885e+01 3.706929594391205995e+01 3.471619792359550161e+01 3.054728848779140193e+01 2.900090757029069266e+01 2.407858319817948711e+01 2.021386958365814479e+01 1.445096803545651376e+01 7.328485116916613862e+00 1.335921035060144568e+01 9.313500806936829690e+00 9.313500806936829690e+00 1.311552004669608174e+01 2.239897520526446328e+01 2.557303614858333418e+01 3.015199647412508455e+01 3.329173175906183957e+01 2.596470219840196236e+01 2.945101983387795030e+01 2.190675086368914748e+01 2.597811004833856074e+01 1.811673284249886606e+01 2.710651130226045424e+01 1.925367259848082213e+01 2.825961088535734334e+01 3.283834142674163559e+01 3.133709344867650515e+01 3.831541462097895590e+01 3.552452845112897251e+01 4.505320986329925148e+01 4.626926478058809522e+01 4.735287111513314784e+01 4.831502420051975122e+01 4.477411382916690741e+01 3.882746630771956120e+01 4.035621516715269763e+01
3.228236561410313499e+01 2.352975757659439537e+01 3.031768954386511794e+01 3.054728845343197463e+01 2.022097419996433132e+01 2.323140258787173096e+01 2.018852864254275659e+01 1.433306594516287369e+01 6.796001445731953083e+00 1.591900694217766699e+01 1.933250996469755734e+01 2.254758680786258296e+01 2.661841364858231174e+01 2.113796089663814826e+01 2.733103255388247987e+01 3.411034740791443909e+01 3.815817907795343444e+01 4.109518017491349440e+01 3.585547551119641696e+01 2.813277747634381143e+01 2.763700727968067739e+01 3.093279353960431521e+01 2.710651408445660593e+01 1.925367259848082213e+01 2.825960245291335582e+01 2.052070912831086602e+01 2.439548250831158427e+01 3.297737002875675216e+01 2.941616855456025803e+01 3.831528081145009423e+01 4.355163465442141302e+01 3.671036416231890342e+01 3.774747646176507487e+01 4.735287105050156953e+01 5.344508152883059893e+01 4.922083126449923185e+01 5.058534063282168347e+01
2.834469093830203335e+01 1.845429772215884157e+01 2.053388399168792233e+01 2.739341629447892146e+01 2.324548141525028555e+01 1.328117419082731132e+01 1.460006974908554689e+01 6.115437216024048439e+00 1.521910533001271482e+01 1.241803090582467206e+01 1.700245596510671930e+01 2.325385701308795205e+01 3.217435681262920610e+01 3.233125037214825426e+01 2.911470680513911091e+01 2.465346296930347236e+01 3.000692900764271798e+01 3.940210650264359060e+01 4.049340789298551613e+01 3.650591155392832121e+01 3.635934884700590430e+01 3.398625486901433845e+01 2.493162955442417683e+01 2.825960642287120095e+01 2.338384522584587089e+01 2.930744633252079723e+01 2.186560822643970781e+01 2.487545033064000322e+01 3.355856050208682007e+01 3.918088418899885284e+01 3.524327724766550318e+01 3.049216210235016078e+01 3.704294572308475608e+01 4.606648760022537914e+01 5.128726691677371008e+01 5.398838840482230239e+01 5.398864138604255913e+01
