output/example/elevation_000385.asc
nrows	75
cellsize	13.33333333
xllcorner	0
ncols	75
yllcorner	0
NODATA_value	-9999
[rows 17 to 33 of 75, columns 0 to 36 of 75]
1.309999999999999880e-02 1.001309999999996236e+01 1.028040071660542587e+01 1.042007228153465093e+01 9.368136049995080539e-01 1.208076710352632199e+00 1.480041852316146267e+00 1.756230316777505962e+00 2.032804218188072554e+00 4.077756011353688592e+00 6.688955144843712119e+00 4.522159593361964269e+00 5.035510736914120322e+00 8.370564857721896956e+00 9.445121262165955045e+00 1.311607955371096423e+01 7.209510282900370548e+00 1.165250689513240090e+01 1.472843659320967724e+01 5.157665279288659477e+00 5.157665279288659477e+00 6.179042511107006419e+00 5.642159787913060498e+00 6.199444326256545068e+00 1.639942260073266311e+01 2.488225740421795962e+01 1.465114712292364985e+01 2.501872045431673541e+01 2.832265255194363363e+01 1.813474193003215262e+01 2.244065961190318959e+01 1.567660621743323546e+01 2.582192977609760831e+01 2.863566012350031187e+01 3.129302482534279761e+01 2.664664126417252277e+01 1.647841196416507259e+01
1.379999999999999977e-02 2.831862292201859366e-01 2.831862292201859366e-01 5.537532529287350069e-01 1.047938368349812777e+01 4.979267590868831306e+00 2.790983991031189326e+00 5.115385766273617740e+00 1.166201805432522320e+01 2.433332718235803327e+00 2.718512468622019451e+00 3.001303394077947218e+00 3.282240505664481667e+00 3.560295126547011968e+00 3.831882990999968541e+00 4.095434041949292947e+00 4.363445121462465437e+00 4.668290327925073591e+00 4.668290327925073591e+00 1.472961390013210092e+01 5.157665279288659477e+00 5.157665279288659477e+00 1.551893598049075251e+01 2.266773773767982192e+01 2.687595425302006902e+01 2.941316286842448946e+01 2.051885953165803755e+01 2.941316360818594333e+01 3.246507156932671734e+01 2.402629012710389844e+01 2.998485428433573219e+01 2.013657332667470001e+01 2.013657171064077644e+01 3.041932184319261978e+01 3.364708048156985853e+01 2.352017714105940627e+01 2.274213683701039201e+01
1.379999999999999977e-02 1.001379999999996251e+01 2.831862292201859366e-01 2.831862292201859366e-01 1.049183580397045645e+01 1.080740111678969839e+01 1.432053036041501137e+01 4.948583347808893862e+00 1.480440817176119594e+01 1.614331081925238465e+01 1.122760070895746232e+01 1.309174948930504634e+01 1.059619553010173654e+01 6.800646465399586837e+00 6.101017078270520422e+00 1.053127849307226072e+01 1.367187181066748991e+01 6.243485667632310054e+00 5.440941291638433874e+00 1.518337446020436055e+01 1.519115934393052214e+01 1.906565021343870825e+01 2.234771837011633266e+01 3.124260157295321250e+01 3.311216165642936460e+01 3.420851556421339268e+01 3.119177521786889073e+01 3.556115127138669862e+01 3.828696957466711126e+01 3.419159276813964254e+01 2.858145556323634295e+01 3.042147141587943793e+01 2.383185024326813206e+01 3.402212969414061661e+01 3.781969305125323189e+01 3.347544109106396348e+01 2.759489696323332097e+01
1.290000000000000001e-02 1.001289999999996283e+01 7.354400620918745801e+00 6.066344623964703864e+00 1.482983998994387953e+01 2.074356809651821365e+01 1.305411520511986367e+01 1.490300693497439610e+01 7.819607858131226052e+00 1.785570277716584897e+01 2.368979440311264284e+01 1.978123235536608959e+01 1.092789178717240439e+01 1.771791137778227565e+01 1.851683744511520047e+01 1.750248490069076013e+01 9.038451361901968184e+00 1.636335617310226809e+01 1.518337460463422417e+01 6.484274181655925950e+00 6.484274181655925950e+00 1.275936619214898116e+01 1.734800712763303920e+01 2.866239305035545115e+01 2.307794526899984788e+01 2.417569177597149732e+01 3.420851556421332873e+01 3.548722971156278305e+01 3.965234705695852568e+01 4.267804022784057594e+01 3.860860307877334208e+01 3.809795259154169145e+01 2.903672887118926482e+01 3.809795259154169145e+01 3.451335689844361099e+01 3.031191804073751328e+01 2.664147814297457373e+01
1.290000000000000001e-02 1.001289999999996283e+01 1.735455529364081428e+01 1.622869202587352433e+01 2.049452113242085005e+01 2.730319796004606658e+01 2.312752216983027864e+01 2.202528746468275500e+01 1.361294813891391087e+01 1.127668008047938919e+01 2.127533921388522131e+01 2.463775965834318882e+01 1.724926120055162215e+01 2.468280877418267139e+01 2.715613759863048671e+01 1.811520974786378702e+01 1.136321302425576896e+01 2.104393390489844862e+01 2.025433251582919780e+01 1.297859641506985007e+01 7.015346099795589652e+00 7.202334780481383980e+00 1.650494638172625628e+01 2.601689920065524930e+01 1.615051532886502272e+01 2.549241591471828272e+01 2.907124716888908367e+01 2.534237549963145142e+01 3.253873948404439176e+01 4.260665512422049517e+01 4.488135672319782543e+01 4.305370039390847126e+01 3.614620670885511799e+01 3.624525777944710825e+01 2.596841541983741308e+01 1.993036714786684982e+01 1.643367835473389249e+01
1.309999999999999880e-02 1.001309999999996236e+01 1.466467994262197827e+01 1.724666884005752010e+01 2.026178228588902286e+01 2.379731619185621838e+01 2.793945182733607524e+01 2.782894310809298943e+01 2.365141339504621953e+01 2.127533921388522131e+01 1.508768131904867715e+01 2.446914686900561620e+01 2.908551163972461850e+01 3.040553540898176266e+01 2.067669052839000088e+01 1.517866106969162843e+01 1.898922434202528819e+01 2.520458468577628253e+01 2.383147223630076539e+01 1.693189860872138652e+01 7.440384421231192924e+00 1.623421619187532983e+01 2.048130000274956330e+01 2.010796700922896463e+01 1.266081597552213367e+01 1.556464506643102474e+01 1.894871596933418800e+01 2.907124716888908367e+01 3.348093984972371118e+01 3.668618705358497323e+01 3.484436470015556608e+01 4.488135672319782543e+01 4.591537726126235697e+01 4.040849454991783318e+01 3.451335690064573214e+01 3.031191804075942642e+01 2.664147814297449912e+01
1.349999999999999985e-02 2.307657338705615846e+00 4.664679942660771239e+00 7.246668840132377554e+00 1.026178228591000341e+01 1.379731619184272873e+01 1.957081888373894429e+01 2.957081888377086543e+01 3.220656300051963683e+01 2.215811408692357176e+01 2.029005196365792685e+01 2.215811408693334528e+01 3.220656307885806058e+01 3.446914591805401074e+01 2.809495089747051111e+01 1.832052062134884096e+01 2.809182309156597412e+01 3.334296041751914430e+01 2.517270078480925122e+01 1.515979226110667355e+01 1.693246838818742717e+01 8.364525857755516824e+00 1.799134048315383438e+01 1.049305148719239966e+01 2.010796701300527900e+01 1.564295918208433989e+01 1.792791298524055676e+01 2.046731226200808962e+01 2.329059437000629629e+01 2.655030542549726391e+01 3.243878701506132245e+01 4.248824340624327789e+01 5.002786368573739395e+01 4.002895388054606229e+01 3.286408355976794837e+01 3.136168149651075154e+01 2.093965895609593986e+01
1.349999999999999985e-02 1.001349999999996321e+01 1.466467994259403618e+01 1.431773665199782641e+01 2.026178228503881940e+01 2.379731619175404944e+01 2.793945182733607524e+01 3.371295452734713649e+01 3.634961196575984133e+01 3.220656300051963683e+01 2.679104376598927217e+01 3.220656306984196959e+01 3.634962294702931729e+01 3.536006740623506772e+01 2.522115949163649162e+01 2.809629143936354012e+01 3.223355407881380330e+01 3.210697611281916863e+01 2.950523550102896309e+01 2.425388410073521328e+01 1.799226110975487103e+01 8.364525857755516824e+00 8.364525857755516824e+00 1.799177120477766678e+01 2.424832036177571837e+01 2.557556177498080174e+01 2.802428813335416180e+01 3.065464653112262639e+01 3.348093984972371118e+01 3.668618705358497323e+01 4.084629886583878289e+01 4.664662404415577868e+01 4.942986211279113462e+01 4.364823173636214193e+01 3.471627225164871078e+01 2.437672914095630361e+01 3.136168149666647054e+01
1.359999999999999924e-02 7.084667811865485554e+00 1.708466781186555394e+01 2.431773665220490699e+01 2.532026713124545125e+01 2.122444378974072521e+01 2.532026769617413464e+01 2.617211939201919080e+01 2.887774092960574635e+01 3.280333190827650469e+01 3.769917675464042617e+01 4.129024750543260325e+01 3.793182412018042271e+01 3.956342671115903187e+01 3.536006740623506772e+01 3.366195915199316602e+01 2.899575664084207460e+01 2.180151163421842142e+01 2.652339818244497849e+01 2.009600611729270980e+01 1.046840253090838324e+01 1.799213414276464462e+01 9.489376492082293169e+00 1.910174718108177316e+01 2.201454574517303442e+01 2.409852643355159785e+01 2.901012211410276365e+01 3.548636476978831666e+01 3.619724800735643555e+01 4.033350407717325226e+01 3.818281173437318898e+01 4.232173922492627582e+01 4.528969858594387432e+01 3.526782781333344019e+01 2.934817928281607990e+01 2.964219690240101812e+01 3.888154640827335129e+01
1.369999999999999864e-02 5.787202691896265350e+00 1.285827050376176395e+01 2.285827050392652993e+01 2.035726579364985867e+01 1.128277947079279819e+01 1.625361200227401781e+01 1.625361186514866674e+01 1.930830282087755378e+01 2.667209759027982585e+01 3.108735479149627423e+01 3.463707325856295682e+01 2.908679815222388854e+01 3.632771864470394974e+01 3.718747889961847619e+01 2.642419709001085693e+01 1.915202626821970355e+01 1.485495957989667737e+01 2.232915903060695939e+01 1.260926432192647262e+01 2.009600611729270980e+01 2.244321852354234892e+01 1.176878393159874037e+01 1.112729532326829585e+01 1.239761326893333582e+01 1.367358571733595340e+01 2.072733097973840088e+01 2.823624683375839695e+01 2.620446436684033387e+01 3.286841741577566722e+01 2.824049035604711122e+01 3.398076327232202232e+01 4.392291667536243693e+01 4.364823205550590757e+01 3.526782781333341177e+01 3.685805997321993743e+01 4.393471455067318487e+01
1.290000000000000001e-02 1.001288333094402105e+01 1.900546146223753752e+01 1.897547384502823320e+01 1.465797476974986679e+01 6.300580253038942757e+00 6.300580253038942757e+00 1.127989541519300154e+01 1.940715870293319156e+01 1.653939590385169822e+01 2.671110737079500907e+01 2.495237274615583445e+01 2.286772966440390320e+01 2.834334219898346063e+01 3.773991259283663169e+01 3.366196010140201622e+01 2.899575664084867554e+01 2.477549154400093911e+01 1.485495957989667737e+01 2.232915903060695939e+01 2.652339817872383776e+01 2.781874725710758511e+01 1.985961923146898656e+01 1.341903483019925680e+01 2.175705955156435323e+01 1.759941359655687165e+01 1.574440232102192816e+01 1.787578773029278878e+01 2.019638570029760416e+01 2.280595455112288761e+01 3.286841741741826439e+01 4.232173922492627582e+01 4.807616003083571599e+01 4.942985618160135886e+01 4.528969852529545648e+01 4.686951616039687707e+01 5.024337853250659691e+01
1.379999999999999977e-02 1.001379999999995896e+01 9.088554257254795488e+00 1.304684002732576786e+01 4.659984049568210551e+00 1.444283708402162247e+01 1.625361124292510695e+01 8.134966277735829365e+00 9.476885146266589288e+00 1.936730483365909805e+01 2.391987781768937182e+01 1.807954837135450887e+01 2.779104196652579972e+01 3.632771864470405632e+01 4.164641421332129312e+01 3.918471464788422054e+01 2.899440543737555842e+01 2.179166837648298838e+01 2.477549154400093911e+01 1.485495957989667737e+01 2.477549167733427282e+01 2.648419106797634370e+01 1.725610632323103388e+01 2.258941390512821101e+01 2.251431257406776254e+01 2.546989679093653791e+01 1.846515587750988985e+01 2.214595173747632373e+01 3.022591825808234489e+01 3.286841741741826439e+01 2.866630322825539778e+01 3.440613211161372931e+01 4.434930761303116498e+01 5.164901333501240543e+01 4.876251715197965098e+01 4.951418751047143019e+01 4.858173413101067695e+01
1.359999999999999924e-02 1.018634845740525430e+00 2.028758134129767576e+00 3.060031784749392525e+00 6.071496294067824095e+00 1.599933728085248497e+01 2.201871691142722298e+01 1.516939807914931571e+01 1.940518486631948747e+01 1.152666631943903219e+01 1.408376603412136951e+01 2.392712335152472036e+01 2.707547837795706869e+01 3.072264887085347240e+01 3.515603673335525770e+01 4.046436869024177696e+01 3.619984463845745637e+01 2.984876394435601910e+01 1.968511961825836565e+01 1.915128403754166797e+01 2.899575664068719760e+01 2.956535135707290252e+01 2.034130933999882274e+01 2.956535233178919242e+01 3.169229018007242260e+01 2.825905884161212711e+01 2.127124178563709478e+01 2.786382299074107749e+01 2.899578076142676863e+01 3.825587100982111366e+01 3.860861235452450302e+01 4.274861740129184540e+01 4.850410061142545004e+01 4.190497378973827125e+01 3.906448670799540679e+01 3.981025282533375531e+01 4.296877224950986118e+01
1.359999999999999924e-02 1.001359999999996298e+01 1.160181344099127720e+01 8.829038119962349995e+00 1.599929022691104841e+01 1.106181035100334320e+01 2.094111306287429031e+01 2.504945872178724642e+01 1.962253804591765771e+01 2.143792358676790499e+01 1.422822962717136086e+01 1.688200958283240638e+01 1.688200958283240638e+01 2.040025543424408028e+01 2.545013860093198588e+01 3.605453118996765483e+01 3.703828608552628054e+01 2.687076636650164829e+01 2.686193219350881733e+01 2.502176086178464587e+01 3.369368176797868131e+01 3.356081941670685609e+01 2.491311108085930925e+01 3.356125855277168313e+01 3.822412474981518216e+01 2.823626315592719038e+01 3.228911004108888960e+01 2.707493364261252466e+01 3.672543124599546616e+01 4.245405874335340002e+01 4.123649937087537864e+01 4.537488087561294492e+01 4.876251715233703976e+01 3.906448670799540679e+01 3.221882106946324598e+01 3.296831170645956632e+01 3.547968777740302926e+01
1.319999999999999993e-02 1.001319999999996213e+01 1.799015410995430031e+01 1.884261597397298971e+01 2.300354562060221042e+01 1.808374214643626843e+01 1.808440950085904220e+01 2.785093341457449156e+01 2.660522795139767283e+01 2.413390773508268694e+01 2.413390778954723714e+01 1.890787125912866529e+01 2.695953497210230054e+01 2.707547837795706869e+01 3.515603673501721005e+01 4.046436869024254435e+01 4.122942782679529472e+01 3.703828608552628054e+01 3.692509107682432301e+01 3.557548160670846471e+01 4.007305154105979028e+01 3.829123467583627161e+01 3.422340011585544062e+01 3.829121345953352318e+01 4.290712560181713542e+01 3.870840397798506416e+01 4.133942192828363460e+01 3.706427266740494986e+01 4.141242734505679834e+01 3.963940655791316914e+01 3.127492785485634741e+01 3.803412704607831074e+01 4.222879663223002211e+01 4.595352412303383716e+01 3.706131838716109428e+01 2.728544852752345307e+01 2.566078259290247487e+01
1.019999999999999900e-02 4.094133694009721935e+00 9.887523266745523287e+00 1.701602033070421882e+01 2.708001356696479078e+01 2.783941668213297405e+01 2.786490533392900559e+01 3.191941711026117545e+01 3.634464668130488718e+01 3.399464529621025832e+01 3.280240804931358412e+01 2.461619350751493585e+01 2.588701320196301836e+01 3.566104274690394504e+01 4.199402197072096499e+01 4.399045058653014451e+01 3.991046714379562843e+01 4.399045058653014451e+01 4.400356158940073925e+01 4.166224224543998389e+01 3.984717235016448456e+01 4.386356142479838383e+01 4.163415394708929540e+01 3.750065180960163502e+01 4.163415394708929540e+01 4.270739737898258426e+01 3.876985219400629745e+01 3.944000459080172050e+01 3.506212867909404451e+01 3.522520512420408778e+01 2.565237377989800294e+01 2.818930640774101448e+01 3.804032469172190645e+01 4.561405115258843068e+01 3.593648001455380836e+01 3.322413448143362302e+01 2.333711132642616093e+01
7.249999999999999500e-03 1.000724999999996356e+01 1.830796199951392467e+01 2.191645133890412112e+01 2.363361755204329739e+01 2.529979722522214303e+01 2.581837830887342022e+01 2.932667345881175081e+01 3.136343339195111923e+01 3.554714792208726237e+01 3.845006066814495682e+01 3.439631725376236915e+01 3.566104274690394504e+01 3.971780289666411079e+01 4.475339907412042351e+01 3.907735127604703962e+01 3.009410723018796219e+01 3.907735127604703962e+01 3.420399598581808220e+01 3.185884772398188147e+01 3.016694691320607902e+01 3.831806319856745802e+01 3.669494510416242861e+01 2.766387672773375073e+01 3.669494510416242861e+01 3.738869870653577721e+01 2.936180054767278591e+01 3.488650979377176498e+01 2.449644671559809339e+01 2.727828747809903476e+01 2.132279828479500949e+01 2.818925945964546642e+01 3.800909005629118553e+01 4.279323746446467425e+01 3.310011936231517637e+01 2.613120302823832830e+01 2.161350546285519414e+01
