output/example/elevation_000019.asc
nrows	75
cellsize	13.33333333
xllcorner	0
ncols	75
yllcorner	0
NODATA_value	-9999
[rows 34 to 50 of 75, columns 0 to 36 of 75]
4.159999999999999636e-03 1.000415999999996330e+01 1.204583028765159192e+01 2.196777468216270890e+01 2.693817311747381282e+01 2.279643422162416400e+01 1.888140733441718666e+01 2.021667188694765827e+01 2.158943615487423884e+01 2.158943615487423884e+01 2.637290291243440876e+01 2.002457021724985253e+01 3.002428103453983255e+01 3.715306878069232255e+01 4.129520426583382431e+01 3.935207362074174142e+01 3.437604399583172921e+01 3.025176023714765705e+01 2.361185883281375197e+01 1.363653478697148813e+01 1.554859979989312002e+01 2.357542787747085811e+01 2.770098297167218604e+01 2.551234037828767498e+01 2.136410945172183062e+01 1.870184073948094294e+01 1.456943531536305159e+01 4.800084370936282596e+00 1.456943545436920751e+01 2.282278422881145374e+01 2.848758863943582043e+01 3.054489870723087108e+01 2.328104533138709087e+01 1.358454293949395186e+01 2.084538642905893013e+01 2.206711766374407802e+01 1.397490218428676378e+01
3.329999999999999627e-04 4.031201079387739306e+00 1.096286405412132758e+01 2.087663729042636618e+01 2.116701499535134801e+01 1.280178049322282874e+01 8.889831070000685287e+00 1.022446693440148557e+01 1.159556143229105274e+01 2.158943615487423884e+01 1.637413987447148500e+01 1.953540239113897670e+01 2.307065274824908130e+01 2.715307777614838258e+01 3.715306878069220176e+01 4.083824807204523921e+01 3.509196739066086224e+01 3.063977561818704132e+01 2.651561304029991462e+01 2.053340699835262484e+01 1.054039431056655829e+01 1.359574179980821285e+01 2.193868892456461950e+01 2.135494504090798529e+01 1.136637850369342395e+01 1.428910666902903515e+01 4.800084370936282596e+00 4.800084370936282596e+00 9.040766950552095338e+00 1.482626665217385309e+01 2.480132478328763668e+01 2.996494379271288366e+01 2.051248393918129054e+01 2.051248393918129054e+01 1.925871856516972969e+01 2.766041809283982644e+01 2.386575297936244766e+01
1.129999999999999928e-03 1.000112999999996255e+01 1.521381893960935372e+01 1.839533554962640949e+01 1.533699507234400272e+01 7.033622616004015171e+00 1.702601820107454600e+01 2.021667188694765827e+01 2.158943615487423884e+01 1.365495026963300695e+01 2.365158430109999443e+01 2.953507798700970355e+01 3.307058954843322596e+01 3.715306878069232255e+01 4.129520426583382431e+01 3.671100245226793390e+01 2.676279248471477601e+01 2.101290081027350709e+01 1.655047275489277681e+01 1.338815834041476727e+01 1.049116774097475968e+01 7.812264108343605962e+00 1.572816473418825822e+01 1.796256753163128295e+01 1.400164335620669576e+01 4.454828278952963849e+00 1.428910666902901916e+01 1.456943554458854351e+01 1.870184910063816730e+01 2.316985851213021874e+01 2.892608541990795956e+01 3.381451465980521220e+01 2.996494379271288366e+01 2.996494379271288366e+01 2.407961276488715185e+01 3.246940223506619105e+01 2.749004641418396488e+01
3.329999999999999627e-04 1.000033299999996217e+01 2.585699658357925035e+00 1.313482329100830981e+01 5.342344301363869619e+00 1.533699507234400272e+01 1.280178049322283051e+01 2.279643422162416755e+01 1.365495026963300695e+01 2.365158430109999443e+01 1.743183204487328553e+01 2.059331144679844172e+01 3.059306112695656310e+01 4.008040296589174289e+01 4.585390422855356718e+01 3.828516208780728647e+01 3.415895316829559647e+01 3.063977561818704132e+01 2.651561304029991462e+01 2.336435898980122161e+01 2.048447792459472083e+01 1.572820421300686000e+01 5.792352907016897312e+00 1.374031235214309099e+01 4.216914488867914201e+00 1.401103820124303034e+01 5.620020737673514510e+00 1.557466633932497935e+01 2.101683135465241747e+01 2.527291999422562796e+01 2.940435907285791473e+01 3.835327162002611345e+01 3.421485286769932799e+01 3.705793046058305151e+01 3.325748542257314000e+01 3.705793046059092433e+01 3.159992659408010240e+01
4.329999999999999539e-04 1.000043299999996194e+01 2.585699658357925035e+00 3.697172925026140256e+00 1.077053964000262631e+01 1.947775150353472284e+01 1.986800467731406883e+01 2.279643422162416400e+01 2.365158443443332814e+01 2.779359253374697758e+01 2.320442927601615324e+01 3.059306112695656310e+01 2.593830164796813165e+01 3.171177210571769933e+01 4.171176865693539781e+01 3.415895316829559647e+01 2.420603966091717751e+01 2.712118053466513246e+01 3.124560087436223554e+01 3.211532880676720225e+01 2.919887474954497719e+01 1.981680139649730421e+01 1.374031281584579567e+01 3.917894404943012887e+00 1.374029587952368558e+01 1.808728985391344679e+01 1.557370817968742038e+01 6.859463439090007775e+00 1.688458160018373277e+01 1.530283963164370320e+01 2.527291999422562796e+01 3.260189087335482583e+01 2.426532347418582702e+01 3.198843321432141451e+01 3.612312600123441086e+01 4.187644651860882306e+01 3.696202496666001736e+01
5.329999999999999452e-04 1.060534097906459028e+00 1.106383689837442041e+01 9.473031077079228979e+00 1.784121762585945348e+01 2.491189561171607281e+01 2.986628854395168275e+01 3.279514090571208129e+01 3.010930561541568196e+01 3.303818968791453159e+01 3.320427794681212674e+01 3.734641021339732703e+01 3.593826795619450110e+01 4.008040296589174289e+01 3.532633122350160448e+01 3.087396766618605781e+01 2.674956348704592912e+01 1.715707928401753790e+01 2.712118053466513246e+01 2.215280117902244328e+01 1.923422194463340418e+01 1.945926578600503731e+01 1.034459602384585253e+01 3.728285032973135849e+00 1.354320349394316736e+01 2.085781232282754516e+01 2.042287703733792270e+01 1.688406861539661463e+01 8.207183763590638392e+00 1.822300856086911125e+01 2.374524381364456005e+01 2.456485631295317518e+01 1.851303974733582791e+01 2.203818548971617020e+01 2.778374692435612303e+01 3.773214150135816425e+01 4.107751641223639893e+01
3.709999999999999756e-03 1.000370999999996258e+01 1.520660639077074272e+01 1.947248369480951879e+01 2.361441235900101887e+01 2.677218514789707982e+01 3.091387481430554729e+01 2.718029419148717807e+01 2.010932686094639621e+01 2.303825282640904959e+01 2.749057892977127082e+01 3.163257747027713052e+01 3.740597741104510021e+01 3.823759519193603040e+01 2.828699206463081239e+01 2.124672141125482838e+01 1.678451590930053072e+01 1.362124443211942371e+01 2.036134191421403727e+01 2.215280117902244328e+01 1.217251713359664933e+01 1.639068025769765313e+01 1.327246691686374547e+01 3.728285032973135849e+00 6.907855247286387446e+00 1.395207939180881240e+01 2.421291205838339877e+01 1.822187456040926890e+01 1.822300856086911125e+01 9.621595077845810806e+00 1.961564554181834197e+01 1.459842240937365077e+01 2.456485631295317518e+01 3.198843321432141451e+01 3.612312600123441086e+01 3.721744997104988073e+01 4.136155291639091303e+01
6.660000000000000121e-03 7.077727811865485386e+00 1.707772781186555378e+01 2.384305876481635877e+01 1.970115804235180690e+01 1.677224271532717381e+01 2.677218514789707982e+01 2.303825282640904959e+01 1.303825884346541386e+01 2.214536019817862922e+01 1.749059035427826103e+01 2.326409347514897519e+01 3.326406542951072254e+01 4.030782344090111735e+01 3.532633122350160448e+01 3.087396766618605781e+01 2.674956348704592912e+01 2.036134191421403727e+01 1.037053912485780138e+01 1.741521490057306565e+01 1.639068149880694492e+01 6.455858709974394039e+00 3.452831698979153874e+00 1.327223341822022817e+01 1.678239038565092045e+01 1.389406744185904685e+01 2.375572793636888491e+01 2.818073474714246274e+01 2.374524381363902137e+01 1.961564554181834197e+01 1.106237990741511723e+01 2.104118981421887469e+01 2.280374476356051616e+01 3.276266217057983710e+01 2.909120459083973387e+01 2.726487261794607520e+01 3.421714345885512643e+01
1.030000000000000013e-02 1.001029999999996356e+01 1.433302225826049892e+01 1.470116661933111857e+01 9.701175196311570659e+00 1.970115804235180690e+01 2.023841503032713973e+01 1.609633389338184983e+01 9.258614111524519075e+00 1.214536545779271925e+01 2.214536019817862922e+01 3.163257747023612865e+01 3.030797756373430474e+01 3.030797756373430474e+01 3.502687079491638400e+01 3.004932700796932821e+01 2.592651091238571937e+01 2.448819793953261481e+01 1.741521490057306565e+01 7.439560720650970183e+00 1.307907369140123777e+01 3.257657564611724066e+00 3.257657564611724066e+00 1.016264137133992129e+01 2.012056565913832529e+01 2.375572747311962729e+01 2.788414092915372322e+01 2.808432541923400549e+01 1.812382771355093425e+01 1.106237990741511723e+01 2.104118981421887469e+01 1.283322830841340334e+01 2.280374476356051616e+01 2.463868766203320604e+01 1.913507436547961049e+01 2.652138469662507347e+01 2.426998335296330822e+01
1.349999999999999985e-02 1.889385964912294047e-01 1.018894225970539402e+01 4.701175192079745990e+00 1.470116661933168523e+01 1.740999931451739613e+01 1.326790749212494269e+01 6.096336451302757808e+00 1.609633389338184983e+01 2.214536019817862922e+01 2.628740876262557080e+01 2.398343324425039924e+01 2.030799495760990325e+01 3.030797756373430474e+01 3.090477089146799372e+01 2.094825093330345567e+01 1.591860870406209294e+01 2.092255980822390882e+01 1.545882815733167348e+01 5.547076683397320629e+00 1.280980114888067511e+01 3.257657564611724066e+00 3.257657564611724066e+00 1.307907369140123777e+01 2.065410300134272603e+01 2.477947937269440004e+01 2.975971168099954411e+01 3.100215779574984154e+01 2.104118994754281147e+01 1.422582390996174340e+01 2.419312837020558149e+01 2.280374476356051616e+01 1.467239729288752059e+01 1.467239729288752059e+01 1.467239729288752059e+01 1.655908910690904179e+01 1.851697024256323587e+01
1.339999999999999872e-02 1.001319142067375090e+01 4.371608648644128015e-01 1.043715956545198331e+01 1.068591893496785339e+01 1.068591906830118887e+01 3.267909326555207272e+00 1.326790749212494269e+01 2.023841503032713973e+01 2.386148633909091643e+01 1.971942149148220125e+01 1.398343928162225502e+01 1.975694222399879862e+01 2.975692734678089124e+01 3.502687079491638400e+01 3.004932700796932821e+01 2.092255980822390882e+01 1.081786961609172337e+01 1.678434625677819270e+01 1.280580422862720269e+01 2.983529361181287864e+00 1.280980114792456703e+01 1.307907369140123777e+01 7.492250713691914754e+00 1.071607203785576523e+01 1.567348753265193473e+01 2.563471847003351201e+01 3.123236996023953438e+01 2.127737903479277293e+01 2.127737903479277293e+01 2.419312837020558149e+01 2.876789069224401985e+01 1.913507409881294308e+01 2.463868766203320604e+01 1.467239729288752059e+01 2.463868779536653975e+01 2.426998335296330822e+01
1.369999999999999864e-02 1.001369999999503513e+01 1.043715956545198331e+01 6.859201624169117828e-01 6.859201624169117828e-01 6.859201624169117828e-01 1.068591906830118887e+01 1.740999931451739613e+01 2.032597099066680713e+01 1.618388880668074137e+01 9.719424945363041246e+00 1.971942149148220125e+01 2.812546861992854019e+01 3.389889781292252025e+01 3.401378084899976528e+01 2.987005460046235328e+01 2.505336364010448946e+01 1.679733731161898191e+01 6.872449435770344728e+00 4.863484706622902998e+00 2.790767025021857695e+00 1.263433217243435536e+01 1.353027557152146620e+01 1.731067812020475927e+01 2.065410300134272603e+01 2.477947937269440004e+01 2.975971168099954411e+01 3.536756505666202344e+01 3.123236996023953438e+01 3.123236996023953438e+01 3.415116569157049042e+01 2.909120432394858113e+01 2.617686408763334072e+01 2.740108463113789838e+01 1.744112119658479187e+01 2.740108463113789838e+01 3.421714346044191757e+01
1.290000000000000001e-02 1.001289999999996283e+01 1.482801848227047081e+01 1.068591880163451968e+01 6.859201624169117828e-01 6.859201624169117828e-01 1.068591906830118710e+01 1.093646803021232117e+01 1.302161185248507635e+01 6.183891039162485725e+00 1.618388880668074137e+01 2.386148633909091643e+01 2.581679789735939679e+01 2.995880614060786584e+01 2.987005460046235328e+01 1.986401937657285188e+01 2.279471924085862611e+01 2.094393048669894242e+01 1.677975466249656478e+01 1.245461352469737548e+01 2.598744353099976756e+00 1.235857362470060217e+01 3.202611715167069661e+00 1.353053924698898847e+01 1.863470245342149312e+01 2.580333353168831323e+01 2.581806682851985713e+01 2.995160497006618527e+01 2.840751262724748827e+01 3.254585600211079566e+01 3.831085740093695335e+01 3.904936681429532541e+01 3.612704404783047352e+01 3.153117855116769164e+01 2.242635896643436055e+01 2.374422492448855238e+01 3.077780862150463648e+01
1.349999999999999985e-02 7.084567811865461806e+00 1.708456781186539075e+01 1.482801861560380452e+01 6.459422993445803840e+00 1.068591906830118710e+01 9.364691050845225240e-01 9.364691050845225240e-01 3.021613378988605714e+00 1.302161185248507635e+01 1.670996946013990581e+01 2.085204567453252977e+01 1.581680853724672176e+01 2.418535979529162105e+01 2.987005460046235328e+01 1.986401937657285188e+01 1.280305417914479627e+01 1.808460316053692907e+01 1.515981094760511283e+01 9.069247702194621397e+00 5.972030967590616690e+00 2.327281708093869028e+00 1.262199817841673699e+01 4.075620326167888052e+00 1.146607137515465347e+01 1.947658661764794630e+01 1.580814364119724225e+01 2.306935146901035338e+01 1.842072756249362087e+01 2.418954560738161774e+01 3.416936272870921698e+01 3.908122221481705338e+01 4.017585847772689789e+01 3.651076973175531748e+01 2.946107678828221665e+01 3.369365968780649467e+01 3.783095636956073093e+01
1.319999999999999993e-02 7.084267811865462505e+00 1.708426781186539145e+01 2.060149556763066414e+01 1.645941976007880925e+01 1.093646803021232117e+01 9.364691050845225240e-01 9.364691050845225240e-01 9.364691050845225240e-01 1.093646816354565487e+01 6.709972338754075949e+00 1.426980115944039795e+01 1.004330568360983378e+01 2.004330134840495603e+01 2.824343629894776342e+01 2.693890011278631036e+01 1.808460316053692907e+01 8.101991861049569366e+00 5.426215741034691398e+00 8.859171465367779774e+00 2.068087328245862722e+00 1.206765798843019866e+01 1.682132553298432498e+01 1.444923997006631389e+01 4.957607767343393590e+00 1.520360909438420371e+01 9.856209050036570218e+00 1.302690406055894812e+01 2.306935146901035338e+01 3.254585600211079566e+01 3.615414696025709418e+01 2.907912549588140294e+01 3.017313847898154933e+01 4.017585847772689789e+01 3.941259946049417806e+01 3.859036232588250925e+01 3.444485349930556595e+01
1.359999999999999924e-02 5.787102691896265583e+00 1.285817050376176418e+01 2.285817050376182991e+01 1.670996906013990824e+01 6.709971938754077492e+00 8.007537087297773581e+00 1.093646803021232117e+01 1.093646816354565487e+01 9.364691050845225240e-01 9.364691050845225240e-01 4.269802971756153198e+00 1.426980115944039795e+01 1.410143560196782175e+01 2.410142230957399434e+01 2.636978102541878499e+01 2.222695146823913603e+01 1.808460316051122518e+01 1.188341504435903140e+01 1.884932096679755364e+00 1.884932096679755364e+00 5.662909667203457786e+00 1.560302103872830592e+01 1.955810006006537805e+01 1.538158696369750800e+01 5.881784509263265015e+00 1.632521216547354115e+01 2.146168270477877371e+01 2.720705927524323542e+01 3.115434597666075689e+01 2.701062301934725696e+01 2.201257423992057483e+01 3.200867179877392488e+01 3.795404428638759953e+01 4.209992957779167000e+01 3.281398297268922448e+01 2.444118034981103449e+01
1.299999999999999940e-02 1.001299999999996260e+01 1.823698395487937418e+01 2.323625414162286162e+01 2.085204527453253220e+01 1.248347471053238955e+01 1.800753283585083153e+01 1.726102150622901021e+01 7.261024843992106348e+00 1.093646829687898858e+01 9.364691050845225240e-01 9.364691050845225240e-01 5.936469773600450139e+00 1.525799586217634030e+01 1.844088398273833462e+01 1.636981757538179139e+01 1.636981765475655592e+01 1.576805792493299840e+01 1.162581239555874113e+01 1.884932096679755364e+00 1.884932096679755364e+00 1.188341492674093836e+01 1.197052964426128518e+01 2.185366409754233530e+01 2.049157725679390651e+01 1.336469760427591602e+01 6.909773465900881817e+00 1.730531037398970184e+01 2.243507584859514736e+01 2.293184930865115589e+01 1.701970865186344284e+01 2.701062301934725696e+01 3.088209202616998539e+01 2.795279348753277660e+01 3.795404428638759953e+01 2.866923011355987327e+01 1.868170687803499774e+01
