output/example/elevation_000217.asc
nrows	75
cellsize	13.33333333
xllcorner	0
ncols	75
yllcorner	0
NODATA_value	-9999
[rows 0 to 16 of 75, columns 0 to 36 of 75]
1.369999999999999864e-02 5.787202691896245810e+00 1.285827050375771918e+01 2.285827048187760369e+01 2.519457182745847135e+01 2.933679719348270254e+01 3.299375094048337331e+01 3.598156838804573709e+01 3.440538267980258524e+01 3.021764275475625894e+01 3.439561579545794956e+01 3.584125017230763888e+01 4.002091608761296726e+01 4.830513732579120045e+01 4.529326157397063213e+01 4.262016610487490453e+01 4.687544740548896272e+01 4.565893118042953347e+01 4.141723757453750920e+01 4.274691230793077779e+01 4.274691230794751107e+01 4.698328068138594205e+01 4.891147036936315828e+01 4.473775323573985929e+01 4.473775323573985929e+01 4.584340500618984038e+01 5.001472155984229317e+01 5.438371973272578686e+01 5.106019503109111213e+01 4.681217695435912418e+01 5.106019503109111213e+01 4.827295816401248629e+01 4.827295816401248629e+01 5.251608477767631200e+01 4.872774363948333587e+01 4.439949286092419811e+01 4.439949286092420522e+01
1.279999999999999888e-02 1.001279999999996306e+01 1.528741807868020075e+01 1.812349769646963793e+01 1.519456289101324842e+01 2.519457182744196544e+01 2.279053514059716079e+01 2.577691906362752405e+01 2.936120560872997842e+01 2.023196137197653499e+01 2.871410239798923669e+01 2.581748864902481699e+01 3.584125017230763888e+01 3.802833283615274951e+01 3.501910082327456308e+01 3.235251477466712089e+01 4.094648498643410761e+01 3.974886914776874391e+01 3.118229485221457509e+01 3.250901326388577672e+01 3.250901326388577672e+01 4.274691230794123697e+01 4.473775323573985929e+01 3.456626337744636857e+01 3.456626337744636857e+01 3.568049489965358134e+01 4.009435703572320620e+01 4.723908728758882347e+01 4.590260144163458733e+01 3.647231742425525880e+01 4.522729410707295727e+01 3.793850343646958834e+01 3.793850343646958834e+01 4.827295816401248629e+01 4.439949286092419811e+01 3.398284223219561540e+01 3.398284223219562250e+01
1.299999999999999940e-02 1.145277034144595030e+00 1.114527707087609976e+01 8.123495034300324491e+00 1.812349451537034639e+01 2.012835892732045906e+01 1.599090427530335390e+01 2.577898785804136139e+01 2.521583237064157501e+01 1.525627448229409211e+01 1.877592959974816367e+01 2.581748864902481699e+01 3.584125017230761046e+01 3.802833283615274951e+01 2.779495704112334309e+01 2.646873304086916789e+01 3.636821783174216449e+01 3.519016675632163071e+01 2.533298641591150968e+01 2.533298636365230649e+01 3.250891743835113346e+01 4.274165228209725598e+01 4.402577145035134976e+01 3.754542378217033871e+01 2.731235443597737600e+01 3.661896598311300721e+01 3.287550868448117569e+01 4.306056227371530554e+01 4.164224550036472294e+01 3.131361300710351969e+01 4.042283970731322995e+01 3.063942076635942513e+01 4.096539498676358448e+01 4.367865230346028227e+01 3.934417666688464266e+01 3.703380856409909683e+01 2.668666325220466007e+01
1.369999999999999864e-02 1.001369996903430071e+01 2.778270196000046877e+00 1.277827028554947653e+01 1.580196501100214768e+01 1.063522015790021591e+01 1.875304734053057132e+01 2.047662545464776684e+01 2.221200498298471970e+01 1.525627448229409211e+01 1.970692808603898172e+01 2.545068502728408433e+01 3.543492951519610301e+01 3.802833283615274951e+01 2.779495704112334309e+01 2.198624012402257222e+01 2.853723338258616593e+01 2.768955550750369810e+01 2.088433936652523570e+01 3.095764569462002314e+01 3.974614680726491400e+01 4.121374161391513979e+01 3.983791454304525104e+01 2.963246243129685098e+01 2.422417280668927475e+01 2.639142738924828180e+01 3.661896850967520578e+01 4.597379043989339920e+01 3.773855644629086470e+01 2.745478943812177519e+01 3.012238075374288471e+01 2.724206729642541802e+01 3.752360721750763872e+01 3.934417666688464266e+01 2.895565175706386185e+01 3.199838025662499774e+01 2.383391183386818568e+01
1.290000000000000001e-02 1.001289999999996283e+01 1.277827028559615918e+01 4.532386234614102172e+00 5.802387504615932556e+00 7.216601497167352441e+00 8.838820903846555055e+00 1.050548400057036424e+01 1.224605984359654620e+01 2.221200498304785498e+01 2.935304352812255502e+01 3.381413361871651801e+01 3.958405964503331376e+01 4.228289286363114030e+01 3.361429424240204611e+01 2.345653460782361677e+01 1.852679544771658371e+01 1.773469296974233700e+01 2.768954743881263170e+01 3.517730291953245825e+01 3.820343231472046597e+01 3.102590357406473487e+01 3.819048471106744103e+01 3.150301169556438197e+01 2.127090146562823847e+01 3.150519781767621907e+01 3.159996042425555984e+01 4.178986565776970963e+01 4.200355638537326541e+01 3.313946497391220447e+01 2.294464695303466328e+01 3.012238210132044713e+01 4.042320739147195496e+01 3.838302843651594287e+01 3.199738975224937576e+01 2.171126275690392404e+01 2.109626326665244278e+01
1.299999999999999940e-02 7.084067811865462083e+00 1.708406781186539192e+01 1.164412524324800735e+01 1.283841614084567162e+01 1.717928428557030429e+01 1.168237242552967636e+01 1.997661497691513333e+01 2.219714678043985501e+01 1.757499578029799991e+01 2.332049544420987530e+01 3.329644689467117047e+01 4.148739529476153365e+01 4.385810251488771172e+01 3.361429424240204611e+01 3.222908275426807023e+01 2.471565295402212570e+01 1.571024612711966384e+01 2.556722357860504857e+01 3.413438227167821992e+01 3.400284474796240630e+01 2.377477591384348798e+01 3.400232210019035506e+01 2.949811490454953500e+01 1.924467435718422692e+01 2.323442528324025957e+01 3.048308440239287265e+01 4.068051603354497558e+01 3.844079028635149342e+01 2.816884991919031123e+01 2.101532118159824947e+01 2.855361465149782063e+01 3.280310793222932375e+01 3.406308772867540569e+01 2.374978667134584853e+01 1.786183374190940754e+01 2.806471726475908213e+01
1.299999999999999940e-02 7.106782332888086806e+00 1.735422721726111561e+01 2.195526880758255928e+01 2.252415330978081442e+01 2.146836534334736157e+01 1.868029845758194440e+01 1.794717032648648569e+01 2.776559545244133176e+01 2.461382841730823401e+01 3.167677864720858594e+01 3.744176486070033860e+01 3.125027972384116381e+01 3.849280108423581481e+01 3.820896425581389622e+01 3.165775010253830501e+01 2.129199587344505318e+01 1.434721164682378713e+01 1.991377481894869916e+01 2.992316416315737371e+01 3.013519941407980696e+01 1.986411673205393669e+01 2.529300141738512764e+01 2.755902923538478078e+01 1.725966070981141343e+01 2.756042209395202391e+01 3.466924664348695018e+01 4.055619803208508500e+01 3.871393791364263137e+01 3.280310779811194521e+01 2.855361451816440166e+01 1.836904326153024769e+01 2.855361465149782063e+01 3.356958679498016096e+01 2.326559026875254688e+01 1.603998558511921857e+01 2.231398201211009180e+01
1.290000000000000001e-02 7.140505027777796165e+00 1.728657226683911574e+01 2.355502909242557763e+01 2.788525663017624012e+01 3.104146661514437611e+01 2.854249684845999724e+01 2.489221946331482371e+01 3.194672463636423032e+01 3.459357543775193022e+01 3.204308610835601456e+01 2.781161501743168785e+01 2.407079737391733332e+01 3.424866145477335522e+01 3.394232567570060155e+01 2.348010579371501905e+01 2.281162556553632470e+01 1.303432321061648480e+01 2.281154645238248335e+01 2.976584227449421505e+01 3.241431110136492322e+01 2.216003611530986106e+01 1.490570879814189986e+01 2.365567631410959848e+01 1.550369001259272395e+01 2.019366602893234486e+01 2.613617090863924020e+01 3.635881914620023281e+01 3.445237800325745070e+01 2.423541994504060781e+01 1.836904326153024769e+01 2.630421902559212555e+01 3.054888564325585776e+01 2.994232057179627304e+01 2.457907831492085293e+01 1.435796275568147884e+01 2.457908820272970729e+01
1.349999999999999985e-02 1.001349999999996321e+01 1.377814721938580789e+01 1.330847641319929586e+01 2.124015227558415475e+01 2.538406427688780198e+01 3.039661638000537991e+01 3.480482975417211122e+01 3.183052187271920985e+01 3.440752870987990519e+01 2.424517476064127308e+01 1.772419868254278796e+01 2.424517477172132374e+01 3.440752893288110670e+01 3.253602290489155280e+01 2.232665253131430561e+01 1.538675194819808389e+01 1.169530251343409333e+01 1.979391110668561993e+01 1.979389591502078005e+01 2.455157279137816673e+01 2.029493719316586464e+01 1.167275130958892149e+01 1.320540160348524772e+01 2.365750122063602490e+01 3.009169825917700081e+01 3.275521354848105915e+01 3.275622128028084035e+01 3.691590523536307700e+01 3.280310779811194521e+01 2.630421902559212555e+01 1.594688513327929336e+01 2.414456561783085320e+01 1.961946852651885465e+01 2.137582622959181933e+01 1.277344107583997967e+01 2.197219286035515395e+01
1.379999999999999977e-02 2.370820532121513668e+00 4.796833598768578177e+00 7.818787003841690897e+00 1.117293091479235656e+01 1.621897804734404502e+01 2.626133773435760332e+01 2.895370867538689907e+01 2.195110918808224199e+01 2.895370867538689907e+01 2.424517477172132374e+01 1.421356424923231110e+01 2.424517477169013446e+01 3.169661565880307919e+01 3.223219158150057950e+01 2.810599212257647039e+01 2.528650234516714335e+01 1.979364018630465694e+01 9.837195154019086729e+00 1.979427889114832695e+01 2.029493718579793438e+01 9.852810905629663552e+00 2.029493644623812543e+01 2.365749481125600440e+01 2.788603347600239957e+01 2.928090707275567084e+01 2.224665724998251548e+01 2.224667063951395463e+01 3.275592281455192989e+01 3.028425897452932603e+01 3.054888472874795724e+01 2.414456561783085320e+01 1.360017182626500798e+01 1.232067573526924242e+01 1.117894996682340647e+01 1.117894996682340647e+01 1.179364515816298642e+01
1.290000000000000001e-02 1.001289999999996283e+01 1.484951232829913081e+01 1.788441398086611045e+01 2.124015789057178694e+01 2.538406427688780198e+01 3.039661638000537991e+01 2.483206541369215969e+01 1.488263780582333951e+01 2.483206541369215969e+01 2.165502407363689130e+01 1.162806121431929718e+01 1.739431811777135195e+01 2.747227135176203205e+01 2.625740742710246778e+01 1.760806148717574260e+01 2.110195967198557199e+01 1.695961719787832678e+01 8.575686037381121452e+00 1.861441751833718072e+01 1.902861867433995258e+01 8.784671083928127899e+00 1.865527817766050589e+01 2.227558023722030356e+01 2.410926498905740090e+01 2.096795601162850886e+01 1.504114432533961043e+01 2.186612710176357055e+01 2.346252103789115750e+01 2.020109284645486980e+01 2.657262597238954527e+01 2.572807018130441747e+01 2.234053673026142306e+01 2.064248999932202011e+01 1.117894996682340647e+01 2.106526640982363219e+01 1.885728006237951959e+01
1.359999999999999924e-02 5.783906845431663335e+00 1.282382180874625988e+01 2.268561463583727900e+01 2.240597835408610194e+01 2.269367047499075696e+01 2.296223707593616936e+01 2.104738202492659838e+01 1.108437298816357419e+01 2.104738202492654509e+01 1.941087606618145855e+01 9.372627575996455462e+00 1.638423027017362088e+01 2.053061488887460939e+01 2.184984226353723358e+01 1.132610545410275904e+01 1.565500446217808772e+01 6.957762621223183785e+00 1.274993259130476453e+01 2.122911930709012651e+01 1.794904653390664961e+01 9.058506157535392234e+00 7.424622124475352081e+00 1.397711768522249010e+01 1.685086288796532372e+01 1.045581163457110208e+01 1.767377373558285214e+01 1.376454127239943936e+01 1.448168534563605370e+01 1.367396681296478711e+01 1.866803401142592023e+01 1.866500327913377788e+01 1.351037931838520656e+01 1.038869532826449493e+01 1.666436887110656784e+01 2.070262210100912625e+01 2.842011864950013234e+01
1.349999999999999985e-02 1.001349999999996321e+01 1.499385885435483523e+01 1.654269522837520867e+01 1.370116641795663703e+01 1.225784563600523036e+01 1.229979259359514465e+01 1.385233242600483727e+01 7.764563003544202147e+00 1.789218191811399805e+01 2.050591362684847496e+01 1.605340277816386774e+01 6.397813899918759262e+00 1.365510571078868374e+01 4.340871797161582002e+00 1.414695002653372136e+01 5.584557926387734739e+00 1.251356337711467326e+01 1.450067070992303897e+01 1.510733676179521545e+01 1.547383380586036061e+01 6.020862576920560372e+00 6.384006170204930442e+00 6.768671770865251069e+00 7.152850040430234202e+00 7.529353641126144581e+00 7.529353641126144581e+00 7.911865558541893328e+00 8.309995768337291366e+00 8.718734245813068995e+00 9.143173265917688752e+00 9.584417036304273552e+00 9.584417036304273552e+00 1.994081288090575654e+01 2.409498433467026501e+01 2.920893112149497384e+01 3.407500164035763390e+01
1.319999999999999993e-02 1.001319999993492260e+01 4.352441863296907520e+00 8.912028885309471349e+00 9.348455886055070607e+00 5.620952110859427364e+00 6.441291189022936514e+00 2.655512796081799465e+00 1.201939976881036287e+01 1.594860098297447060e+01 1.110144588404232380e+01 8.853322863885917826e+00 1.303517432744911275e+01 3.791332143344325445e+00 4.116170720020130069e+00 4.430732389739326926e+00 4.723041994776455255e+00 4.723041994776455255e+00 4.993994689456359382e+00 5.248007641399815348e+00 5.531328729271838718e+00 1.146257595869131940e+01 1.611856817928167729e+01 1.245985123360608959e+01 1.726695829466340015e+01 1.623223803984975433e+01 1.767875792682218261e+01 9.739592321584904511e+00 1.795283300321136366e+01 1.521272807752918155e+01 1.797180040293226355e+01 1.422974365547073106e+01 1.991781890769281915e+01 1.067306012133339088e+01 2.095610103515047129e+01 2.616934730244689788e+01 3.022165605311618108e+01
1.299999999999999940e-02 2.972102355178027899e-01 5.815360351889112822e-01 8.667936363871214800e-01 1.152438448905981350e+00 1.438503149831254824e+00 1.726583896269207941e+00 2.017119994504267932e+00 2.307967118616411462e+00 1.196959349594319377e+01 2.719350154566719802e+00 3.012601164427727518e+00 3.335589267546442471e+00 1.301737496884237721e+01 5.726945697691713910e+00 1.396038527040642307e+01 1.160495859522171713e+01 1.457159948774927294e+01 8.563163589787649244e+00 9.163336305570126683e+00 1.447439010439621043e+01 8.284598053610393364e+00 1.760980570465827455e+01 2.183115763317553970e+01 2.501221435762370149e+01 2.149001077214034794e+01 1.226537877288777167e+01 1.986056588678505719e+01 2.398046702940736452e+01 2.428973706106644670e+01 2.235906083507214959e+01 2.429068854340552619e+01 2.509195857124543849e+01 2.095610103508860433e+01 1.171846333561333253e+01 2.194774208524204795e+01 2.003446695773096309e+01
1.349999999999999985e-02 1.001349657598191989e+01 3.586019870158716039e+00 6.279307411479202017e+00 1.067524407336852832e+01 4.159118051908540004e+00 6.728486863369925963e+00 8.156104724530768735e+00 1.203132459754219674e+01 2.719350154566719802e+00 1.214852208180131932e+01 1.080331568283506627e+01 3.985531038994545305e+00 1.362745204420787815e+01 1.711185163582913660e+01 2.087858012372088012e+01 2.137450534572601413e+01 2.219915570618531575e+01 1.504003218901288363e+01 1.637476990787122233e+01 2.125863664320297630e+01 1.786807753541897625e+01 1.113117483753165970e+01 2.070581130296850958e+01 2.856625833212353172e+01 2.197314628261853997e+01 2.197315571821417635e+01 1.489548638137394221e+01 2.184266753066501465e+01 3.183587872655441942e+01 3.141791972954915835e+01 2.957635155857695963e+01 2.194813526880872345e+01 1.171846333561333253e+01 2.194774208302333207e+01 1.278359940049363885e+01 1.278359940049363885e+01
1.369999999999999864e-02 1.001359382643545892e+01 1.542734225757652489e+01 1.141859851768802336e+01 1.698256340009503518e+01 6.995108643076654253e+00 1.471988499838385067e+01 1.479232669360936114e+01 2.719350154566719802e+00 1.272947003618529038e+01 9.313025600199246412e+00 1.390749000587596207e+01 4.642669361760353830e+00 1.429494361413330772e+01 1.530961624764328199e+01 2.506145803020076812e+01 2.191831965216578482e+01 2.605177809448784743e+01 2.565213955727794826e+01 2.752224415607811281e+01 2.698058095865126660e+01 1.706086161397628587e+01 2.070601065081385173e+01 1.459213983878056986e+01 2.442108914527106478e+01 3.193845092301469535e+01 2.690052159385768604e+01 1.692209116982163764e+01 2.396984021998958170e+01 3.397581231364852528e+01 3.342486367477937392e+01 2.535022395521463068e+01 1.514397082027841712e+01 1.631128628782197865e+01 2.616114136310416427e+01 2.301822500352095346e+01 1.278359940049363885e+01
