output/example/elevation_000358.asc
nrows	75
cellsize	13.33333333
xllcorner	0
ncols	75
yllcorner	0
NODATA_value	-9999
[rows 17 to 33 of 75, columns 37 to 73 of 75]
1.354536471318902713e+01 2.423197376651812363e+01 2.982402698503156913e+01 2.530020322483403916e+01 3.214508498302836870e+01 4.195682199541055013e+01 4.435966711467104062e+01 3.483639458683914825e+01 2.909686921502743573e+01 3.397928377760628393e+01 2.488919462645946012e+01 3.505078430798167943e+01 4.177910318115604582e+01 4.868498579794603387e+01 4.453818669986083734e+01 4.868498585368975284e+01 5.447162958673654032e+01 4.455173161460383824e+01 4.637206186334216085e+01 4.291056949668183051e+01 3.280033650220551067e+01 4.291063336281596463e+01 4.834965203127801914e+01 4.029353820038442535e+01 4.834986567331256424e+01 4.868579434382429838e+01 3.879356017811019797e+01 3.180763965962123052e+01 3.311895358075520335e+01 2.277992543478890397e+01 3.304661454527794717e+01 3.072425165818817305e+01 3.729170214803107797e+01 4.541400347502302282e+01 4.878110190228641585e+01 4.273274098621546813e+01 4.273274098621546813e+01
1.477101005958475355e+01 2.237044155207054530e+01 3.226423686390727141e+01 3.501887621873606093e+01 3.501887621873606093e+01 4.483532450823975068e+01 4.662635418238333784e+01 3.711556769775828002e+01 3.886140315716101412e+01 3.321765755844888446e+01 3.505078430798132416e+01 2.756649753782421541e+01 3.765581950706523884e+01 4.429520930791847633e+01 4.841552288590560238e+01 5.413573539168301352e+01 5.338270193095014093e+01 4.346816666112628980e+01 3.638940264128760305e+01 3.311704690130834194e+01 3.004717759074951999e+01 3.755990389444991706e+01 3.907545439494186468e+01 3.443542087489128534e+01 4.440162415279643682e+01 4.771172842578268813e+01 4.242939610313095500e+01 3.254516291220316759e+01 2.546745916456226766e+01 2.210701046010491311e+01 2.878474584565802274e+01 3.782471128522820436e+01 4.357550914555909571e+01 4.475129257726601395e+01 4.094235586372040814e+01 3.517221849964434455e+01 4.273274098621546813e+01
1.606772678317527436e+01 2.635025404114539072e+01 2.798534300916806217e+01 3.775634130718922421e+01 3.651252171026603577e+01 4.081950626893809897e+01 4.599278644850480191e+01 4.662635418238335916e+01 4.733515949116686272e+01 4.320726297724850440e+01 4.054583578950467171e+01 3.053437007194092345e+01 3.131199860056630513e+01 3.437648889080007564e+01 4.012413353224121693e+01 4.999300477860349190e+01 5.630172696556663681e+01 4.637206680934449565e+01 4.637206680934449565e+01 4.321527047360253704e+01 3.755993798817798535e+01 2.714715041827779984e+01 2.880741811503000349e+01 3.435606030213389772e+01 3.769578235961922985e+01 3.769578235851720649e+01 4.455758326489047505e+01 3.515924055593401931e+01 3.094947883284451606e+01 2.144689866412512202e+01 3.028638085708158201e+01 4.073518117528573868e+01 4.172080698234570661e+01 3.751519049711313158e+01 3.014995700218453578e+01 3.574171636802039131e+01 4.192638899003517139e+01
2.636184337288628043e+01 1.801860385251015728e+01 2.798895897194805826e+01 3.116929998825513337e+01 2.651784065710297256e+01 3.136597878227193092e+01 3.857968022058082624e+01 4.909628425566469900e+01 5.220755135420080251e+01 4.231945816723116849e+01 3.530872661766720455e+01 4.054583578950477118e+01 3.712252401289600812e+01 4.429520930791827027e+01 4.140076628290776739e+01 5.128301291444982724e+01 5.596417836739889395e+01 5.015582878918809229e+01 4.594206431718743744e+01 4.238158589214215510e+01 3.570887088728471070e+01 2.519051894979243045e+01 2.519051894979243045e+01 2.382432969658449551e+01 2.732176784425810467e+01 3.669652076424579690e+01 4.101691918488496214e+01 4.022663151830534645e+01 3.114167763768497110e+01 2.079227759147019938e+01 2.998431425787330440e+01 3.768078668188093872e+01 3.441975056551969203e+01 2.660694701031527387e+01 3.751518987253950144e+01 3.907022686045626614e+01 4.927237081476629754e+01
2.964701915897446938e+01 1.992438345642458586e+01 1.801860385251015728e+01 2.136250518230874107e+01 3.116989846841621059e+01 3.637508971602620989e+01 3.999973927138903207e+01 4.437004194678964808e+01 4.964431334954340258e+01 4.933799446139378375e+01 4.028224228720959843e+01 4.933799446105639674e+01 4.701742813964435896e+01 5.114845183166868736e+01 5.128301291444982724e+01 5.543027950995544728e+01 5.173579869705084633e+01 4.169463855355440529e+01 3.586890252653485334e+01 3.218874923622465900e+01 2.880742404987928040e+01 3.570883048584342134e+01 3.568789895304214355e+01 3.250877510279468652e+01 2.192744770309237978e+01 3.075743625523677593e+01 3.075743608004996332e+01 3.647624633672457151e+01 2.638893769416824497e+01 2.014710726363249904e+01 2.992496392072818878e+01 3.152461068534993061e+01 2.350370321398230544e+01 3.441975056551934387e+01 4.172072728246290296e+01 4.927237031383892685e+01 4.980026289353851610e+01
2.247797380302104031e+01 2.964702011494101797e+01 2.807134436035329372e+01 2.103823703070669637e+01 2.342641542549179334e+01 2.640092326473909878e+01 2.974838845857265568e+01 3.473439885331580967e+01 4.526630615293022686e+01 5.429075097942159545e+01 5.015003122257239454e+01 5.429074996111052798e+01 5.084245705849458830e+01 4.974689116135140665e+01 5.051694316147668218e+01 4.925258080717831177e+01 5.347640283122909466e+01 5.015582878890561602e+01 4.594206431473378416e+01 3.619194961135037403e+01 3.619194961135037403e+01 4.337076004874897706e+01 4.138045667681789297e+01 3.669329058436371582e+01 3.075718235041324888e+01 2.015417266463235535e+01 2.921085198195748944e+01 3.311483867865917574e+01 2.791624049724182299e+01 2.668269320882030371e+01 1.925748451358262869e+01 2.065798910886440964e+01 2.277867994828894282e+01 3.367057495954307456e+01 3.980457349919026200e+01 4.273821616041099247e+01 3.981302081195769205e+01
2.500220245167716371e+01 3.457309974463426983e+01 3.473192958045324019e+01 2.478353381952668855e+01 3.290969892473354008e+01 2.935130926848854571e+01 3.926343550905554025e+01 4.437004194678964808e+01 4.964792945044671058e+01 5.205191458736800314e+01 5.624564298886657809e+01 5.084245705849458830e+01 4.102081156791606986e+01 3.995519598002422867e+01 4.070331720394142394e+01 3.944595933314302982e+01 4.773572856441676038e+01 5.303666869220804614e+01 5.055194158969361951e+01 4.335806098086860771e+01 4.632207825861117811e+01 4.589205167701715027e+01 3.725141440758309130e+01 2.685627995058528938e+01 2.396340541789925283e+01 2.921085204845326899e+01 1.863649977285034609e+01 2.769801299596097621e+01 2.824845811424669861e+01 1.848074568681255414e+01 2.900303598138060934e+01 3.151443867302587520e+01 2.913423090462256582e+01 2.615255724710725360e+01 2.902703969983441112e+01 3.216082527353189846e+01 3.981302081195769205e+01
2.500220245167716371e+01 3.460030631168102389e+01 3.947795788708927489e+01 3.135147510901045820e+01 3.924783468654030116e+01 3.588441362506660681e+01 4.357009980955179174e+01 4.993214943924080274e+01 4.577178279885979606e+01 4.212177134407653512e+01 5.048096629553354120e+01 4.974689116135140665e+01 3.995519598002422867e+01 3.316832363695451136e+01 3.390945571042947648e+01 3.390950519447514466e+01 4.358414935391922285e+01 4.377899743493541251e+01 5.046677928549139835e+01 5.347784896964333257e+01 4.882589037419722189e+01 3.888967906354136517e+01 3.162914243904461031e+01 3.725141440758316946e+01 3.447341297861082410e+01 3.343953694265701415e+01 2.770660753892909867e+01 1.717920516754672633e+01 1.773610469176964344e+01 2.819600761187611226e+01 2.601521515272662199e+01 3.641366691442929238e+01 3.683912867409704006e+01 3.397026419958802990e+01 3.512302788853441626e+01 4.273821629230125296e+01 3.981302081195769205e+01
3.044432523543844482e+01 3.089264665184621705e+01 3.738694874826762771e+01 4.370361264632329323e+01 4.839229317098259742e+01 4.561258254271901791e+01 4.917061526180764730e+01 4.417452848000871057e+01 3.582891595676831997e+01 3.637720653513532909e+01 4.434605956332888610e+01 4.850578988562038063e+01 4.580381582864043111e+01 3.799572036615186477e+01 2.820929339487832266e+01 3.799572035821034177e+01 4.016128260336358125e+01 3.753963216119010582e+01 4.528063183242672807e+01 4.938705516591717526e+01 4.882589037419701583e+01 3.888967906354136517e+01 4.179992797712996122e+01 4.589205169003083284e+01 4.214470098525846709e+01 3.277957315576129815e+01 3.111730114997473606e+01 2.737949864153273438e+01 1.717920516754672633e+01 2.769992312278690960e+01 3.640425221407385692e+01 4.055169007336765219e+01 4.708077487759562274e+01 4.440414667750253130e+01 4.547751889331581765e+01 4.952185496614507798e+01 4.980026289353961744e+01
4.027748203947574979e+01 4.045740996250905397e+01 4.451558047909650639e+01 5.059681759926028377e+01 5.215469368831023189e+01 4.994384338044776683e+01 4.500753216895702025e+01 3.502763393966229444e+01 2.999955888369120771e+01 3.729063531526931285e+01 3.436818290342710469e+01 4.434605956332884347e+01 4.193706468027804135e+01 3.306065359706144591e+01 2.820929339487832266e+01 3.492212601055116750e+01 3.108679717255149555e+01 3.834497198003800378e+01 3.547212766090193270e+01 4.528063184974454458e+01 5.289442431615412943e+01 4.882589037419701583e+01 4.840538112353068101e+01 4.376809798559017395e+01 3.971402388832920138e+01 3.241586240771279392e+01 2.369254239790139849e+01 2.285225656477523515e+01 1.666467745397594769e+01 2.509167145905160368e+01 3.695652666398945740e+01 4.588630317652858537e+01 4.640645585953657815e+01 4.916820479932128762e+01 4.985926511953213236e+01 5.376224538327041103e+01 5.115079103997984333e+01
4.735523902343621216e+01 4.655174581202701489e+01 5.085014857217238671e+01 5.215469368831023189e+01 4.222692682605249104e+01 3.998481837420561646e+01 3.998481837420567331e+01 3.685897939346169494e+01 2.681544102711368893e+01 2.725011953262720610e+01 3.319161191244185716e+01 4.319717504277328146e+01 4.580381625436672977e+01 4.129842736255748292e+01 3.492212601498980717e+01 2.528984369507307761e+01 3.300368333526911613e+01 2.835233595471881785e+01 3.834497198294398146e+01 4.258454687239705549e+01 4.744598767790613181e+01 4.700255468081719812e+01 4.206964082633606239e+01 3.448609860161956675e+01 2.981801270748541199e+01 2.976229755098000851e+01 1.853565659525979115e+01 2.188960790938484990e+01 1.618666633881961658e+01 2.949460421040687308e+01 3.862842634670293762e+01 3.622821068579129644e+01 3.676704114835354886e+01 3.959036035058969816e+01 4.040255037300894259e+01 4.451340182206716634e+01 4.176410518925708715e+01
3.702009181059381149e+01 3.622672100078160184e+01 4.273751615613652888e+01 4.705419869672476807e+01 4.404955462338438821e+01 3.409089472002294485e+01 2.996885776272583968e+01 3.550588771679251465e+01 3.319161191367432906e+01 2.329552878071361732e+01 3.039258385651745442e+01 3.453138268664025645e+01 4.029071238326086046e+01 4.094948524825565528e+01 3.087869498700624149e+01 3.087869498390394440e+01 2.272069287455469322e+01 3.300368333589860015e+01 2.869507690370475927e+01 3.369575663825629164e+01 4.337091535913548057e+01 4.296980633533968330e+01 3.305016733076646318e+01 2.804292577469293590e+01 2.460601658044064166e+01 2.189239390560547704e+01 2.601730234361965799e+01 1.557112260903757672e+01 2.583561416980644765e+01 3.111982991777500729e+01 2.852288180450661059e+01 2.900373565116260721e+01 2.956953867299648309e+01 3.753086287308027380e+01 3.468575433149727871e+01 3.486343522320139243e+01 4.054115158293254950e+01
2.972517401928490699e+01 3.027055418339566728e+01 3.240644730352182279e+01 4.273809362523621047e+01 4.818866737776122022e+01 4.128013243436502222e+01 3.127884676556438492e+01 2.552099930123945271e+01 3.186012264375449021e+01 2.978285809489847935e+01 2.080697297147295544e+01 2.618232028099155073e+01 3.614357395195347777e+01 3.754093145987290825e+01 3.076199893747850211e+01 2.045653814092707989e+01 2.963296691036762098e+01 2.313458340291519377e+01 3.327456531072882484e+01 4.258454687239705549e+01 4.744598767790613181e+01 4.700255468081719812e+01 4.206964082633606239e+01 3.800998683305304837e+01 3.448609860161963070e+01 2.892224328599343863e+01 2.030460121535461937e+01 1.557112260903757672e+01 1.671248889209334010e+01 2.689235938302805806e+01 2.086563126461838635e+01 2.277178363199459099e+01 2.500867747405925812e+01 2.736911141404074854e+01 3.021921466804233347e+01 4.019797046439585841e+01 4.841165042389869200e+01
2.501515569617652091e+01 2.501515569617652091e+01 3.240638083109146095e+01 4.273322089987838268e+01 4.635327379884626708e+01 4.542409247336575362e+01 3.762852203275861740e+01 2.763726558151853041e+01 2.211653664239432615e+01 2.027133850297702722e+01 1.928592349864675271e+01 2.867091763766383039e+01 3.749692713861436744e+01 3.138871914417716624e+01 2.452353748117621635e+01 1.896960150184576221e+01 1.896960150184576221e+01 2.992976141316643179e+01 3.040418333199157530e+01 4.020474119841093597e+01 4.618277487493597278e+01 4.216678000534852089e+01 4.202160842711501232e+01 3.792139665188260267e+01 3.693791790075010084e+01 3.228259106570106240e+01 2.404507992697648078e+01 1.517712479314332263e+01 2.511633543045411443e+01 1.849011374569157340e+01 2.603852038049961948e+01 3.325318850095382572e+01 3.112111923002560587e+01 3.753095329310838224e+01 4.019788085048346460e+01 4.412877596487754772e+01 4.474328200612550432e+01
3.205166001438482937e+01 3.543104223317456558e+01 3.971864089652961383e+01 4.355073948741516432e+01 3.669409940206925569e+01 4.355073948741516432e+01 4.177245540058210338e+01 3.600025459755760693e+01 3.185968136611160517e+01 2.418132879400608459e+01 1.774213535042430934e+01 2.535404525605169113e+01 2.933776529159276336e+01 2.307572435300683011e+01 1.722675036785617309e+01 2.765618240072293688e+01 3.024419908070615648e+01 3.569051235399646060e+01 4.020474119841093597e+01 4.426692960570495217e+01 4.216678000534852089e+01 3.220256390573511851e+01 3.512101523210369436e+01 2.764457319792283840e+01 2.682297712876264484e+01 2.793648297299965222e+01 2.510259904314498769e+01 1.517712479314332263e+01 2.074967763718677105e+01 2.889836205157187621e+01 3.317953287932687800e+01 4.031836327949113041e+01 4.104028643734871906e+01 4.497491104931528838e+01 4.174204330407694385e+01 3.762697274409133286e+01 3.467945205079911375e+01
3.396666625147142327e+01 3.524684725011036335e+01 3.967295596933071522e+01 3.952320608936391011e+01 2.962752948106651729e+01 3.423374445150042789e+01 3.828826127935137436e+01 3.922245308450172985e+01 3.806244345660573458e+01 3.112581824807666209e+01 2.535425940337959361e+01 1.605014962180905869e+01 2.460085386137566843e+01 1.575238727329376331e+01 2.609410690244801856e+01 2.091902589689313174e+01 2.824072483025999603e+01 3.797574082230797643e+01 4.553373778473595479e+01 4.528097995736265347e+01 3.549296690063810900e+01 2.954756670789249995e+01 2.467329744146496751e+01 2.137174692610813054e+01 1.939490182123273243e+01 1.776674260300980279e+01 1.628430040130488976e+01 1.476912328609909331e+01 2.463318614042608701e+01 3.045567925422455957e+01 3.941403030613247438e+01 4.054298573738607558e+01 4.449357761149654777e+01 4.384555269655462695e+01 3.762707960000572172e+01 2.725984905415205262e+01 3.467945205079911375e+01
2.482650883748635451e+01 2.514015941578182733e+01 3.535080321961453365e+01 4.355073948741516432e+01 3.423374445150042789e+01 2.407065811854919346e+01 2.990018987940081274e+01 2.942170708570604276e+01 3.629661774044825506e+01 3.352480190697294660e+01 2.766539008331914218e+01 2.347296520810332510e+01 1.434908110735552000e+01 2.460077175224296298e+01 3.030889016880315978e+01 2.833846019436841601e+01 2.544428552191138948e+01 3.143142362364751108e+01 4.142843027339949202e+01 4.927940738619062699e+01 4.365237129125712556e+01 3.711657795984009311e+01 2.682526934187711376e+01 2.899207419677536990e+01 2.683640779481018868e+01 2.793255239916110000e+01 2.428733848270114493e+01 1.436245903435852611e+01 2.128274794613348320e+01 3.128358095786026283e+01 3.875051708966565656e+01 3.042600977068210355e+01 3.875051681242758406e+01 3.370863926226703455e+01 3.370863926233264607e+01 2.725984905415205262e+01 3.335735010142093415e+01
