output/example/elevation_000003.asc
nrows	50
cellsize	20.0
xllcorner	0
ncols	50
yllcorner	0
NODATA_value	-9999
[rows 0 to 16 of 50, columns 0 to 36 of 50]
2.590084917154735766e-01 1.025900849171486229e+01 1.668287936607032762e+01 2.372040320789754375e+01 1.974641469167139718e+01 1.584774286892918838e+01 7.402725360105045560e+00 8.460533848702210591e+00 1.830311835205171533e+01 1.243581409339100041e+01 1.404790866715595499e+01 1.628209696104064363e+01 2.339000832312804690e+01 3.330094806141470798e+01 3.918161247191954288e+01 4.631296986113094505e+01 4.701819732442199751e+01 3.845676299990206815e+01 3.254175207386363411e+01 3.855205754033508470e+01 4.244602396753939644e+01 4.008174105566621392e+01 4.455255150049357837e+01 3.386567746119970934e+01 2.679990645326781262e+01 3.654474230868019902e+01 3.438786978557863705e+01 4.084039567392700576e+01 3.628861708479664827e+01 4.620957237396622475e+01 5.299001294831889197e+01 5.671761993917147748e+01 4.677476208069351316e+01 4.103427176508135688e+01 3.752319945533565004e+01 3.438987540888187766e+01 3.924880382381747523e+01
6.054987779269863646e-01 1.040212828983972493e+01 1.165993788823271515e+01 1.578565034198080674e+01 1.440915634765158870e+01 5.939729011529220060e+00 1.570360844582124571e+01 1.790321776876548654e+01 1.020731810030111575e+01 2.020837126068002476e+01 2.390114595574597445e+01 1.763833504608426850e+01 2.781544304514486754e+01 3.532058113268976740e+01 3.988359992206991933e+01 4.489695823528145979e+01 4.981928313474614356e+01 4.569150635138318250e+01 3.856289691961892885e+01 2.899007712284792859e+01 3.571232182110830422e+01 3.285608546724055401e+01 4.269611763256052228e+01 3.516169557176910132e+01 2.536510710670590640e+01 3.500836473188882536e+01 2.863966170353946339e+01 3.098886196466839138e+01 3.450564636674186403e+01 3.895535547984270863e+01 4.597894982492046978e+01 5.589790067495075476e+01 5.509299146283547088e+01 5.093869419776560648e+01 4.744313204959482277e+01 4.202489510895870239e+01 3.232413997229659941e+01
3.430590528629120506e-01 1.173753144471512577e+00 2.008078049079420335e+00 1.166690920766740547e+01 4.536865946747680844e+00 1.439543577641954997e+01 1.284414233933866178e+01 2.268575647267442008e+01 2.022218493804497896e+01 1.317947925249954544e+01 2.319018724478712201e+01 2.777304863938493540e+01 2.169365818479255736e+01 2.484863051813397306e+01 2.926457798857006054e+01 3.629708178459966916e+01 4.848969392527432376e+01 4.642512915611158064e+01 3.676440952497682702e+01 3.571712622151893157e+01 2.601891961677413079e+01 3.322485680649541706e+01 3.619504666233662959e+01 3.230067968358206087e+01 2.398497107568492481e+01 2.563714950684344274e+01 3.549538947380928988e+01 4.086370923395908505e+01 4.443180791020490972e+01 4.854974891880678456e+01 5.299000081258382977e+01 5.780674123389469088e+01 5.857084073242041455e+01 4.862638585156439319e+01 4.159627117694588350e+01 3.586423006026677740e+01 3.094981788539107725e+01
8.235039275605838816e-01 1.061617624621493228e+01 1.146047165890902697e+01 3.211148092380605501e+00 1.301969865948104754e+01 1.858447673392148758e+01 2.287143093735733856e+01 2.702746421509991492e+01 2.739745959697380329e+01 2.319146629977035801e+01 1.643785900203837969e+01 2.645274434990863455e+01 3.206264728744843495e+01 3.537059889964617554e+01 3.988008399495025458e+01 4.484841710458035635e+01 4.514377261967351984e+01 4.422315914512420676e+01 4.642512915610671342e+01 3.967562911095567557e+01 3.323224693513947159e+01 2.344994653653496641e+01 3.078026394380711750e+01 2.249280212762309361e+01 2.939560099373101565e+01 3.556714955777327702e+01 2.988414765694115616e+01 3.485869955863243774e+01 4.060127297840581662e+01 5.053020539318180226e+01 5.488931696498689661e+01 4.784616911021493735e+01 5.488931696485215639e+01 5.346489727292113514e+01 4.883469095285719419e+01 4.218729294753174486e+01 3.773687197040430163e+01
7.161369641965544819e-01 1.071613696419592188e+01 1.688424949922248786e+01 1.317690165715332817e+01 5.891741549412288670e+00 1.585766563687806929e+01 2.282692267350399717e+01 2.740428585301352626e+01 3.318597327192146906e+01 3.065768460344569846e+01 2.221948317041763232e+01 2.037398650870299832e+01 2.616680307460551447e+01 3.328860992687441467e+01 4.335484074037687208e+01 4.514330196638238846e+01 3.538023478017097290e+01 3.431521163496012861e+01 4.053521298458894506e+01 3.641957800807157497e+01 3.335768630588682981e+01 2.951146219757704259e+01 2.105159714770648804e+01 3.083802843157506146e+01 3.619603455293945160e+01 4.345095281322318925e+01 3.691560488948870500e+01 3.692265613009183767e+01 4.685829988553800263e+01 5.464013734473958550e+01 5.043415633031679590e+01 4.080329053351014323e+01 4.863371679031411077e+01 4.934495561741212555e+01 3.940451769043467323e+01 3.478207285418604044e+01 2.813991677875681319e+01
6.490390650280113416e-01 7.719521502520217737e+00 1.771953426598627246e+01 2.005030623429065173e+01 1.585553614241580078e+01 8.783319925227100811e+00 1.324543949414941935e+01 1.902378973823486419e+01 2.903778904055884169e+01 3.645192891558788517e+01 3.227635801088280232e+01 2.486389443220197748e+01 2.748494540124107033e+01 3.755129924721000378e+01 4.429964587447973656e+01 4.021291052363406493e+01 3.720470407830205772e+01 2.729397776337609827e+01 3.190500618486366236e+01 2.646968167903495228e+01 2.840178186997453480e+01 1.982626727902160724e+01 2.954807954532532221e+01 3.064618588763323714e+01 4.057728331361572316e+01 4.995568987945318185e+01 4.685104233719762590e+01 4.685829991343239698e+01 5.096909333473614367e+01 5.334399833780889111e+01 4.338364631593117338e+01 3.635137312484534533e+01 3.867564425518362015e+01 4.566193872069334958e+01 4.122767061197960459e+01 3.129479072191401201e+01 2.747561295311482255e+01
9.330058981412470143e-01 6.706508590037494777e+00 1.377757640190294453e+01 2.377757640189836508e+01 2.282836579395743115e+01 1.583148828829455645e+01 1.256274498860954658e+01 2.253578380796012581e+01 3.030414094423993632e+01 3.453156441440324897e+01 3.909503254274259376e+01 3.067844164016974062e+01 3.755129924718734458e+01 4.171147392756504502e+01 4.021835142511390870e+01 3.026369820437407654e+01 3.316172978113667824e+01 3.186514747441361450e+01 2.197135164518599026e+01 2.722621739795662776e+01 1.866492033271461892e+01 2.836909132751562268e+01 2.390060220810983438e+01 3.382291617416557727e+01 3.591233988222754192e+01 4.294073338053631517e+01 5.286543320004048496e+01 4.721215716236009996e+01 4.307572535775931044e+01 4.721215716806346308e+01 4.864219204467235613e+01 3.868311809851812200e+01 3.166172261621556316e+01 3.806302928529726870e+01 3.908171040243703942e+01 3.554164530150745094e+01 2.682257739152072773e+01
5.188205228764638521e-01 1.049618709978194708e+01 1.687494595546520415e+01 2.106502273030707073e+01 2.553839460232125802e+01 2.584327284656819401e+01 2.255311813746761374e+01 1.682960771726826721e+01 2.036845677653097297e+01 2.615013717014072014e+01 3.616604047772478481e+01 4.074421367560045582e+01 4.490162136113369229e+01 4.519436704973811914e+01 3.524399640544529433e+01 2.819502854439756234e+01 2.321247643973277874e+01 2.890804397123431357e+01 2.616618127184439047e+01 1.752973933988004518e+01 2.726228584181339443e+01 3.218458981592551282e+01 3.383355377296850719e+01 2.887495922461498665e+01 3.591086289793928898e+01 4.584607912657106965e+01 4.863718109982612958e+01 4.221831593679092975e+01 3.308744118457640582e+01 4.221831593675862138e+01 4.440207739732814929e+01 4.566193872046734015e+01 3.806394307342855399e+01 2.814618269922709359e+01 3.458917366128065396e+01 2.590687241473578695e+01 3.558131295358457891e+01
7.467319160170617920e-01 3.761845361794700526e+00 6.924123021963084490e+00 1.139625897696267742e+01 1.846732678882819911e+01 2.846732678885610923e+01 3.099078748559365692e+01 2.682430618566196756e+01 3.035091512661433555e+01 3.453156443229588035e+01 4.031389391059697402e+01 4.484801250961378116e+01 4.070944642681711656e+01 4.070257260088715157e+01 4.227329839771141451e+01 3.729957024626866513e+01 2.890619135595004607e+01 1.896698613672741018e+01 1.648836739404740115e+01 2.496978610542384658e+01 2.833113789130757709e+01 3.145964896725588389e+01 3.554515902736255129e+01 3.882154256838973794e+01 3.856375316517223695e+01 4.269500967959817928e+01 4.367563506047619626e+01 3.451286598854167664e+01 2.809181213420854917e+01 3.801567602980158966e+01 3.441390370847660307e+01 4.147620573867250471e+01 4.222089352035980880e+01 3.430329894620144415e+01 2.499900562563473727e+01 3.401828392484757302e+01 3.917679280309598511e+01
7.351574092455022136e-01 1.071406126226660049e+01 1.687451451164044869e+01 2.106522894151016700e+01 2.553839460049699284e+01 2.582532881924399604e+01 2.685362509618227733e+01 3.099553628480350298e+01 2.926339852396505137e+01 3.341519345650762318e+01 3.841497646194373772e+01 4.070944642679664582e+01 3.071793920029548630e+01 3.071096429120347082e+01 3.778297579416398833e+01 3.889395602758541770e+01 2.893109581051157164e+01 2.419450126572800031e+01 2.516374796094075705e+01 1.546022516416165971e+01 2.412482856699405076e+01 2.148535064623550639e+01 3.142543863066083176e+01 3.149572570260451698e+01 2.858356431851892410e+01 3.856375316519640251e+01 3.953901027303495397e+01 2.954974857145258227e+01 2.456254992592561592e+01 3.095832640300936234e+01 2.734932770766878818e+01 3.733854705975333843e+01 4.205659679331615308e+01 3.338170110150428371e+01 2.438638811833581954e+01 3.337281481894899571e+01 3.557110028538806290e+01
5.269872374626074496e-01 7.598055049328070076e+00 1.759805504932582565e+01 2.571617653144324578e+01 2.289987293244566402e+01 1.582592266758330091e+01 1.685396065896249596e+01 2.385464809451420010e+01 1.927357436795657719e+01 2.427345464272631759e+01 3.427306000814657949e+01 4.009461908653999274e+01 3.010390637131211022e+01 2.365482962463103433e+01 3.193700720153437089e+01 3.607633522039886032e+01 3.827799598514964430e+01 3.415585523110576815e+01 2.888724866118212375e+01 2.366690379955857537e+01 1.444392808544662898e+01 2.342622718456275166e+01 2.678136779643707044e+01 2.152357966616481022e+01 2.857679532802055178e+01 3.855688322348205332e+01 4.367563505136644153e+01 3.869044881189310559e+01 3.089791588069305206e+01 2.102929282377051479e+01 3.092734079815082993e+01 3.909619361259287018e+01 3.206781478564589349e+01 3.367620723210392697e+01 2.377698669137273058e+01 3.127108183729320245e+01 3.076243954822730942e+01
1.383962708379395945e-01 1.013839627083734563e+01 1.941873664841207514e+01 1.571648972145324130e+01 1.576462990456713165e+01 8.758156617459848192e+00 1.125593485286810669e+01 1.392843512388166083e+01 1.968684425269815463e+01 2.968671799247887222e+01 3.841497639299664968e+01 3.716649763598563538e+01 2.717574506678253599e+01 2.012475463535307796e+01 2.194821236140507992e+01 3.033446058209597140e+01 3.001850877086531710e+01 3.415688460444217611e+01 2.930605953764732163e+01 1.932849645997404409e+01 1.373886072647372814e+01 2.218918770646140715e+01 1.682067824407225132e+01 2.677995847803827445e+01 3.563928694166193623e+01 4.204601022659814191e+01 4.189466930540640988e+01 3.605326042333739878e+01 2.606298139530802516e+01 1.903052615465879427e+01 2.626272162692094625e+01 2.921281832349819041e+01 2.500277156955764823e+01 3.499251449741238673e+01 3.257901533210744560e+01 2.291810700221104113e+01 2.231613649325892368e+01
6.756183529128325649e-01 5.280169658136903976e+00 1.448655735840422665e+01 1.312610024615471893e+01 5.809483779096755285e+00 1.575993009176979776e+01 2.115103196594473900e+01 2.387742054984562756e+01 2.807016383147049154e+01 3.382869698782590717e+01 4.254054723453970155e+01 3.476014289298773008e+01 3.062172448033313898e+01 2.616133405938520085e+01 1.620289067224529589e+01 2.290439333063806515e+01 2.002688890569037738e+01 3.001850877085155744e+01 3.343677144311286753e+01 2.783785162305396810e+01 2.196210523792210623e+01 1.275211828898879673e+01 2.217648314258813969e+01 2.942296193576028784e+01 2.793372385940654112e+01 3.791498082488445220e+01 3.190574760815295008e+01 3.190574760816150857e+01 3.288440743043913983e+01 2.630752845170763266e+01 1.635930440289322974e+01 1.923295108104918327e+01 2.921347174387805623e+01 3.909619361415637684e+01 3.700916460936395680e+01 3.225279259446077873e+01 3.193002734876989024e+01
1.053743069371424479e-01 3.446936931430818474e-01 8.812863739227594806e+00 3.183560225710441838e+00 1.312930105672957914e+01 1.982010560679050926e+01 2.747397262914433114e+01 2.558165613279913941e+01 2.972254799207912157e+01 3.961324629661262264e+01 3.254704644362576005e+01 3.062172448033078709e+01 2.062967900244939656e+01 2.348109794114331805e+01 2.282496262362298367e+01 1.295566784202505239e+01 1.867178475760585954e+01 2.573747207514896118e+01 3.572786499508569591e+01 2.852037321115093604e+01 1.854706450905296933e+01 1.208058053625517658e+01 1.532065475356411532e+01 1.978103491474858799e+01 2.976431174735816398e+01 3.613635342185912691e+01 3.104115441428819722e+01 2.191424345443424215e+01 2.289230240182149245e+01 2.191751240248786203e+01 1.456732278545525716e+01 2.448566679670546264e+01 3.076147128021997901e+01 3.489806876236485778e+01 3.575078111453034779e+01 3.988661466343102546e+01 3.740273532576334503e+01
4.388850927889174081e-01 4.160565077518485033e+00 6.837254165059798439e-01 1.037052564367616192e+01 1.333635483627418061e+01 1.333719103779608517e+01 1.850225837027639741e+01 1.558370153356377941e+01 2.558165613279954798e+01 3.461515012483754816e+01 2.547948075067764151e+01 3.061392335724291769e+01 2.062265084113035485e+01 1.355975455019519771e+01 1.843739401335341910e+01 1.109867459524127398e+01 2.104465742888777768e+01 2.796288628141055099e+01 3.373334860292335691e+01 2.714528845480494823e+01 1.715922003201420054e+01 1.142512960751605355e+01 2.016262375455620415e+01 2.462911240478791797e+01 2.614394437001030624e+01 2.614394437001016769e+01 2.690830930410979960e+01 1.691731380713639155e+01 2.162407748440053012e+01 1.289825044575785284e+01 1.325762141119733784e+01 2.240178606398188066e+01 2.077175072582440762e+01 2.759476611456419448e+01 2.576333008369161348e+01 3.447654415178715936e+01 2.741497771040338094e+01
8.953435393330821945e-01 4.921376527814219415e+00 9.258340960722700741e-01 7.804390665232158852e+00 3.341598446854065152e+00 1.327787983161005947e+01 8.514159346033068232e+00 1.850210363768575661e+01 2.464564851506744247e+01 2.511885712680122751e+01 2.048118533359315663e+01 3.046700686596680541e+01 2.711400951334226761e+01 1.853909587606062459e+01 8.552418020142889432e+00 1.472053997561552130e+01 1.382745138172647792e+01 1.959866041867970310e+01 2.959405414851233118e+01 3.127997942477957238e+01 2.554118815583227331e+01 2.022034521526805761e+01 1.050865003387149876e+01 1.773718179595747912e+01 1.614993936567091737e+01 2.097767627293946546e+01 2.512147789134221298e+01 2.098304596650191201e+01 1.239407556772894914e+01 2.151926072690341485e+01 1.943241408899666567e+01 1.378180049469853685e+01 2.222300386284137730e+01 1.760641841145407582e+01 2.758851967351975176e+01 2.556493655894172790e+01 2.035114745659258517e+01
1.994484013391750743e-02 1.001994484013330577e+01 9.479455539785810458e+00 1.268346123512737789e+00 1.510907209712004207e+00 9.777779320528084739e+00 4.736521147332092063e+00 1.050672259214662141e+01 2.046716027583631359e+01 1.513746295292246558e+01 2.507355505456922273e+01 2.801992479590294494e+01 2.102239187424564193e+01 1.297901919697552664e+01 7.249718075733408540e+00 7.507679679709498011e+00 1.596261935817799937e+01 2.200897284962934819e+01 2.561959547984881524e+01 2.490525347597022687e+01 2.367178815976386730e+01 1.807155153408098514e+01 9.925693537966751023e+00 1.021737673773901101e+01 1.811940466267998318e+01 1.098924069957667626e+01 1.882539031990774703e+01 1.189059569352587076e+01 2.101608626507690047e+01 2.435714216605170890e+01 2.588482207675982494e+01 2.307962162206488799e+01 1.430800491871960389e+01 1.468146093360760140e+01 2.331328393418606026e+01 1.568461781757385332e+01 1.607255087076885403e+01
