output/example/elevation_000028.asc
nrows	75
cellsize	13.33333333
xllcorner	0
ncols	75
yllcorner	0
NODATA_value	-9999
[rows 17 to 33 of 75, columns 0 to 36 of 75]
1.309999999999999880e-02 1.001309999999996236e+01 1.076451424350835673e+01 1.177557923465672340e+00 8.305375159085071957e+00 1.589855413225049752e+01 1.273195220807633454e+01 2.645310809817654540e+00 2.645310809817654540e+00 2.645310809817654540e+00 2.645310809817654540e+00 1.273195274140966760e+01 1.746376248287409538e+01 2.208896838956125208e+01 2.623209228391094072e+01 2.555324499636822821e+01 2.969558602814194970e+01 2.770827976651631985e+01 2.886339434582277264e+01 2.472132527387834244e+01 1.805458175908620433e+01 2.805469703127442926e+01 2.904811584657241497e+01 3.904795711913760670e+01 4.489843891668239451e+01 4.842899043319339114e+01 4.345425932870615071e+01 3.378174946245751897e+01 3.560003031408991347e+01 2.644933698474227768e+01 3.626194770285567870e+01 3.601078483398289620e+01 2.639222411618320407e+01 3.223807492684924370e+01 3.138730705035381519e+01 3.702493533265572268e+01 3.490713664416880846e+01
1.379999999999999977e-02 3.536138330152918674e-01 6.936240334742308500e-01 1.076451424350847752e+01 1.540971008128709485e+01 2.251404500348814963e+01 1.688753829677814622e+01 8.478718215025468297e+00 1.273195247474300196e+01 2.645310809817654540e+00 1.273195260807614559e+01 1.688753869653077189e+01 2.289242717020601248e+01 2.496351080143664802e+01 2.082013863951436861e+01 2.496351080143664802e+01 2.477839945005608158e+01 1.770646078382261024e+01 2.225918819976750740e+01 1.472007720009968423e+01 2.472132527387834244e+01 3.219673094821894921e+01 3.904795711913760670e+01 4.318989175163574856e+01 5.135704939954977277e+01 4.136306411285026030e+01 3.435832603894316151e+01 2.947084095846629381e+01 2.579563070036025607e+01 2.363330921527196438e+01 2.958699081470540193e+01 3.368117939913877024e+01 3.223807492684924370e+01 2.265549209753679349e+01 2.909106491367396430e+01 2.730796822672236246e+01 3.702493533265572268e+01
1.379999999999999977e-02 4.877179727615118310e+00 1.049338364521158340e+01 6.076848924373948080e+00 1.190484122309567994e+01 2.194180378902732897e+01 2.268876602096115747e+01 1.854197820629340043e+01 8.478718481692135711e+00 1.273195260807633566e+01 3.726547767429554181e+00 1.382396409202633158e+01 1.286440001867838134e+01 1.580154130277134428e+01 1.078294423269497493e+01 1.695107766042498909e+01 1.844961272685245746e+01 1.061698086562543963e+01 1.225272636014418559e+01 2.225918819976750740e+01 1.898529425772993662e+01 2.898537330824226999e+01 3.812731975456849653e+01 4.390066781024088982e+01 4.476974822791822817e+01 4.063977012841127134e+01 4.345425932870615071e+01 3.560003031408991347e+01 3.189431558091470720e+01 2.210516564939711870e+01 1.978167875785804952e+01 2.720885332632163767e+01 3.129743470497173519e+01 2.909106491367396430e+01 1.943319855066848589e+01 2.633405976956454708e+01 3.038856902112004477e+01
1.290000000000000001e-02 1.001289999999996283e+01 1.459229554504563175e+01 1.614688370542757667e+01 1.614696074974049722e+01 2.608393645339985056e+01 2.562745329961128959e+01 1.560707870390797147e+01 1.854197847296006785e+01 1.634595658934686568e+01 6.257595125831704408e+00 4.874491913301723933e+00 5.697239418041773362e+00 5.697239418041773362e+00 5.697239418041773362e+00 6.863938229996454865e+00 8.397133901254443700e+00 1.844961272685245746e+01 2.225918819976750740e+01 2.640135890947946962e+01 2.898537330824226999e+01 2.398541002612433104e+01 2.975891096635420396e+01 3.975874135995792358e+01 3.904120402591208006e+01 3.073773796402412017e+01 3.904120402591208006e+01 4.552184524455061165e+01 3.599638214908710410e+01 3.189431558091470720e+01 2.720885332632163767e+01 1.737562743313412028e+01 2.498206615623919546e+01 2.906816140890214584e+01 2.633405976956454708e+01 1.660020320015199857e+01 2.375721979958833074e+01
1.290000000000000001e-02 2.311482270001445904e+00 4.686592653036351308e+00 1.476498279837442063e+01 2.270848606412571513e+01 3.031043074187310893e+01 2.977045387134769072e+01 2.562745329961128959e+01 1.735310866221210446e+01 1.024396759802539059e+01 1.634595658934686568e+01 1.497926475451529349e+01 1.580154116943801057e+01 5.697239418041773362e+00 5.697239418041773362e+00 1.580154143610467798e+01 9.505352364199310955e+00 1.954271304392089803e+01 2.226732254020148716e+01 3.226795733955457735e+01 3.812731975456849653e+01 3.398533659036021248e+01 3.812731975456849653e+01 4.126174566194470117e+01 3.492282919277802478e+01 2.504558167949807412e+01 3.492282919277802478e+01 3.849089039078594254e+01 3.438136492624217766e+01 3.329776059719694814e+01 3.129743470497173519e+01 2.498206615623919546e+01 1.511857435720006393e+01 2.287916263891636959e+01 2.696518203477051046e+01 2.375721979958833074e+01 1.395079068166362646e+01
1.309999999999999880e-02 1.001309999999996236e+01 1.476498279837442063e+01 8.513953909848268609e+00 1.856326559268221033e+01 2.658182308775544200e+01 3.072417109971254234e+01 3.149956958873588775e+01 2.345059686495342888e+01 1.343684100062720077e+01 2.345059686495342888e+01 2.289242730353934618e+01 1.286440015201171505e+01 1.580154130277134428e+01 7.078822098127709239e+00 1.716102546009803476e+01 1.954271304392089803e+01 1.225646801885802795e+01 2.226732254020148716e+01 2.851640618412986683e+01 3.205193068934213585e+01 3.619393181273493099e+01 4.119382685899655172e+01 3.713887308292853362e+01 2.725201835570778286e+01 2.154009654704278276e+01 2.739287499803375070e+01 3.150021092343501294e+01 2.448541605788708608e+01 2.340335104951573797e+01 3.040482601455838818e+01 2.906816140890214584e+01 2.287916263891636959e+01 1.298874018269230923e+01 2.088099555674615715e+01 2.496854748447362837e+01 2.132584762858402883e+01
1.349999999999999985e-02 7.084567811865461806e+00 1.708456781186539075e+01 1.856326559268221033e+01 1.302478607624030005e+01 1.657531901396457386e+01 2.235483774930754208e+01 3.235599244149959475e+01 2.759139322107267489e+01 1.792155064307126722e+01 2.759139322107267489e+01 2.703544640237041818e+01 2.289242730353934618e+01 1.854157117715298497e+01 8.491046649817416636e+00 1.854157117715298497e+01 2.640960607731274123e+01 2.226732254020148716e+01 1.535193132143889194e+01 1.851612758129848757e+01 2.205195727859476307e+01 2.705198809790042347e+01 3.705187328078570630e+01 3.752501965168182352e+01 2.763614741321217139e+01 2.192599156352333267e+01 1.747373000211199567e+01 2.425616593517631259e+01 2.230629198947069014e+01 1.637530714568519485e+01 2.630126595129304690e+01 3.576188781412003692e+01 2.696518203477051046e+01 2.088099555674615715e+01 1.096886319824887224e+01 1.897340479493895060e+01 2.151323144192938486e+01
1.349999999999999985e-02 1.001349999999996321e+01 1.769126952966358601e+01 2.216340548466337523e+01 2.304398964448127529e+01 2.658182308775544200e+01 3.072417109971254234e+01 3.649815700894350101e+01 3.206345652549048708e+01 2.499521203231648769e+01 3.206345652549048708e+01 2.414503446522861552e+01 1.414162077397143946e+01 1.058948479684686284e+01 1.854157117715298497e+01 1.854157117715298142e+01 2.854644097753360654e+01 2.949612139395525290e+01 2.535404042201054864e+01 2.035396195534722708e+01 3.035411888867387376e+01 3.619393179515866876e+01 4.119382685590804982e+01 4.164861802371651578e+01 3.592805085180300750e+01 3.125958104703559570e+01 2.135525641291552290e+01 1.431372063697719277e+01 1.235260996311762405e+01 1.284213394825827415e+01 2.279192766755035393e+01 2.592958906486173731e+01 2.592958906486173731e+01 2.496854748447362837e+01 1.897340479493895060e+01 9.044498856528020880e+00 1.711357903355783705e+01
1.359999999999999924e-02 3.549133905932734034e+00 8.021269860932328299e+00 1.509233767279782690e+01 2.509233767279789262e+01 2.716648213417554203e+01 2.826038013158733264e+01 3.240251575540350615e+01 3.381974389665979430e+01 3.499365856750029735e+01 3.046972856670234009e+01 2.046950913445779108e+01 2.414503446522861552e+01 2.060829363717746787e+01 1.292952340878193773e+01 2.293437419752982009e+01 2.658608932942849634e+01 3.658596965741840279e+01 3.443657375129912879e+01 2.443664243992325424e+01 3.443657375129912879e+01 3.802467398217012118e+01 3.390258124654475580e+01 3.329545573751121879e+01 2.917637587221095785e+01 3.329545573751105536e+01 2.836379444091567592e+01 2.425616593517631259e+01 1.964609266929440778e+01 9.679958749715002142e+00 1.741759737758981430e+01 1.967360597489543039e+01 1.601443427433824951e+01 2.592378413599883658e+01 2.089798651220339210e+01 1.680503810151614275e+01 7.171227048258788095e+00
1.369999999999999864e-02 1.001369999999996274e+01 1.769126952966358601e+01 2.216340548466317983e+01 2.423754994607694258e+01 1.716648213417547453e+01 1.826038013158726514e+01 2.565477808738241094e+01 2.381974389665965575e+01 3.381974389665979430e+01 3.461174266015130030e+01 2.754083621987044239e+01 3.109953687628278018e+01 2.109929576140209662e+01 1.535903128382282823e+01 1.658545557280920590e+01 2.658608932942849634e+01 3.499211801598204374e+01 3.857855209057137102e+01 3.443657375129912879e+01 3.857855209057137102e+01 3.228688769593799179e+01 2.397002533111675859e+01 2.832300261426027177e+01 1.923123444717997188e+01 2.588521644945947742e+01 3.000453462260962212e+01 2.548332817538473805e+01 2.136221114533808674e+01 1.741759737758981430e+01 7.443885968734678116e+00 9.698451175954401648e+00 1.605782033170923739e+01 1.630977339970217344e+01 1.650903806934814355e+01 6.866291139121424081e+00 1.621222316476823266e+01
1.290000000000000001e-02 7.083967811865485409e+00 1.708396781186555202e+01 2.115148294681692320e+01 1.700934732306817310e+01 1.009541432230995284e+01 1.276802674143420546e+01 1.565477808738234344e+01 2.012691404238195148e+01 2.590041673427824520e+01 3.590041673427838020e+01 3.754070019315467732e+01 3.524154535677289601e+01 2.535995444943786481e+01 1.535903128382282823e+01 2.535995444943786481e+01 2.085009908075579332e+01 2.792121659626160124e+01 3.792107413372610836e+01 3.817302835086894675e+01 3.320683088133418437e+01 2.816801741503113732e+01 1.821751927907472890e+01 2.242309463766573074e+01 1.423618699465601445e+01 1.592475603945057649e+01 2.425648908592522801e+01 1.973036940194219824e+01 1.139151466918274203e+01 1.560562685082174106e+01 5.919022870651896362e+00 5.919022870651896362e+00 6.133204910156774048e+00 6.347500863331513088e+00 6.562185906620929821e+00 1.650903806934067575e+01 1.186134371436051893e+01
1.379999999999999977e-02 1.001379999999996251e+01 1.237889296017146457e+01 1.423584634194198628e+01 7.009347323068104707e+00 1.700934732306817310e+01 2.276802674143427296e+01 2.565477808738241094e+01 2.979691371121306176e+01 3.426904966637814454e+01 4.004255235887645625e+01 3.875545814168492598e+01 2.875562257248079590e+01 2.168451161188264109e+01 1.889544612513703825e+01 2.889551145185226844e+01 2.662365795681019875e+01 2.792121659626160124e+01 3.792107413372610836e+01 3.405121361096254162e+01 2.412650072119237521e+01 1.914578301275695793e+01 1.561115251073964316e+01 1.244752532847714477e+01 1.015285879744337549e+01 1.015285879744337549e+01 1.763912116222700988e+01 1.560562685082174106e+01 5.619937920315845936e+00 5.619937920315845936e+00 1.560562685080169665e+01 5.919022870651896362e+00 1.591093268043062103e+01 7.774371362447445755e+00 1.650375283232716228e+01 2.060388618234422253e+01 1.887924302844726654e+01
1.359999999999999924e-02 1.192111301977579085e+00 2.378892960171432591e+00 4.235846341941954307e+00 1.423584634194198628e+01 2.115148294681692320e+01 2.655764969467496073e+01 3.069978531839772629e+01 3.337141107154440789e+01 3.751354669500886274e+01 3.693757714576256745e+01 4.107971276944678607e+01 3.582650930296103553e+01 3.168450659995025731e+01 2.336768280318945656e+01 3.303753884893028925e+01 3.369469045316034084e+01 3.792107413372610836e+01 4.206301943569889090e+01 3.817302835087229340e+01 3.320683088133418437e+01 2.908885716607745309e+01 2.557344958625064280e+01 2.242309463766573074e+01 2.013454208382156096e+01 1.763912116222700988e+01 7.652722250330918463e+00 1.531400331673326676e+01 5.619937920315845936e+00 5.619937920315845936e+00 1.560562685082174106e+01 1.624614592525248113e+01 2.050750583786055614e+01 1.625814674769609880e+01 1.625814674769610235e+01 2.641359089922164927e+01 2.872634212300874168e+01
1.359999999999999924e-02 1.001359999999996298e+01 1.237889296017146457e+01 4.643447028460627735e+00 1.464344702846065971e+01 1.885964610547990716e+01 1.655764969467503178e+01 2.492628262650479343e+01 2.337141107154455000e+01 3.061302182542583949e+01 2.693757714576270956e+01 3.400864495762808559e+01 4.400864495762794348e+01 3.750960838184584389e+01 3.043874118026775122e+01 3.750960838184562363e+01 4.369442160751896154e+01 3.850429785171750297e+01 3.437922175518925627e+01 3.850429785171750297e+01 3.958255053889636343e+01 3.368042252062915054e+01 2.945675036186501217e+01 2.560044304918600133e+01 2.747615978638257062e+01 1.758457074243393592e+01 1.531340759407245145e+01 5.327952830996169453e+00 1.531400331673326676e+01 1.560562685082174106e+01 7.055701642129905693e+00 1.703821313923223002e+01 2.262094645006363791e+01 2.641359089922164927e+01 2.641359089922164927e+01 3.047840028992868255e+01 3.257119581777480732e+01
1.319999999999999993e-02 1.001319999999996213e+01 1.878558265219211165e+01 1.464344702846065971e+01 7.033904247129418863e+00 8.859646105479978218e+00 1.078414700277873806e+01 2.078414700277866700e+01 1.759790837964825627e+01 2.061302182542591055e+01 2.768408963729133632e+01 3.768408963729119421e+01 4.187569669640129888e+01 4.296959469379611818e+01 4.043855477175574009e+01 4.004781934008947530e+01 3.592137269892288032e+01 3.353233476227449472e+01 2.444146258630002677e+01 3.353233476227449472e+01 3.537355534250826139e+01 2.512534849755755317e+01 1.925392023347654558e+01 1.544920306979654612e+01 2.081510263126714122e+01 2.093772837322527280e+01 1.187683422323356375e+01 5.123269361564301683e+00 1.511025198996588870e+01 2.114485857525444956e+01 1.703821313923223002e+01 8.522134359392854464e+00 1.850117421417425945e+01 2.412171681617659758e+01 2.858842548672380701e+01 3.095571070111503786e+01 2.265507391608848309e+01
1.019999999999999900e-02 7.081267811865462392e+00 1.708126781186539134e+01 2.117603987085927741e+01 1.280740693902569483e+01 1.885964610547990716e+01 2.078414700277866700e+01 1.394642466294712690e+01 2.394642466294705585e+01 3.061302182542583949e+01 3.475515744913041516e+01 3.894676449828987330e+01 3.187569669643002968e+01 3.296959469384174923e+01 4.296959469379611818e+01 3.592137269892288032e+01 2.598180177727685347e+01 2.889303469814236180e+01 1.945805269847388885e+01 2.941034217074464152e+01 3.181898427451046274e+01 3.368042252062915054e+01 2.668304976510721360e+01 1.651946719316804035e+01 1.072336656986383829e+01 1.713011127287563440e+01 1.471464553708925038e+01 4.918756973337817584e+00 1.194688517788212145e+01 2.163929458014893470e+01 2.262094645006363791e+01 1.850117421417425945e+01 1.002970557497516779e+01 2.000444972670307919e+01 1.864997583910087542e+01 2.278690405071793990e+01 1.690311192422504760e+01
7.249999999999999500e-03 7.078317811865462161e+00 1.707831781186539288e+01 2.608707916310060426e+01 2.280740693902576055e+01 2.694954256275478954e+01 2.808856028666753346e+01 2.394642466294705585e+01 2.808856028666753346e+01 3.119808733342949481e+01 3.423271929371504285e+01 3.009058367664986378e+01 2.480462888456460391e+01 3.187569669643002968e+01 4.187569669640129888e+01 3.463100115599488049e+01 2.469255171886828037e+01 1.893865563924534001e+01 1.592397488231965319e+01 2.273961247394402463e+01 2.186812708407815009e+01 2.890575480113802342e+01 3.090633265522566830e+01 2.503291942520705504e+01 1.713012164112119962e+01 7.071143306795215189e+00 4.715160617381939367e+00 4.715160617381939367e+00 1.459119156586787192e+01 1.799602625601571759e+01 2.781914601314586477e+01 2.412171681617659758e+01 1.709113148358791889e+01 1.159149311213086442e+01 1.159149311213086442e+01 1.282247202648323459e+01 2.278690405071793990e+01
