output/example/elevation_000006.asc
nrows	75
cellsize	13.33333333
xllcorner	0
ncols	75
yllcorner	0
NODATA_value	-9999
[rows 51 to 67 of 75, columns 0 to 36 of 75]
1.369999999999999864e-02 3.549233905932734245e+00 8.021369860932297868e+00 1.509243767279774673e+01 2.509243767279767567e+01 2.431396727468442265e+01 2.613138071721175848e+01 1.495333814865235134e+01 1.822731107965595143e+01 1.700708986157279057e+01 1.162461538493583113e+01 1.630904837216306413e+00 1.630904837216306413e+00 1.162461537841749148e+01 1.188022782641322550e+01 7.613363182018803244e+00 2.144028944629671862e+00 1.213272226032918333e+01 5.123279090608622077e+00 1.511033501610184260e+01 2.212323448957151228e+01 2.788092901260562684e+01 2.315056712342623157e+01 2.025679535164481493e+01 2.728326036706434721e+01 2.357140349616013708e+01 1.942990390663858946e+01 1.034510542150323964e+01 2.035318007771633475e+01 2.199904415878355834e+01 1.547815529224029341e+01 1.742548823017438053e+01 2.121511973558166630e+01 3.119065556137529782e+01 3.438711210659397466e+01 3.024844805839493844e+01 2.187424400361095067e+01
1.290000000000000001e-02 1.001289999999996283e+01 1.769136952966358578e+01 2.216350548466314763e+01 2.287701621954127518e+01 2.703744253232531136e+01 3.044592368969239615e+01 2.613138051131559791e+01 2.367698285630813260e+01 1.369545046643746389e+01 6.630257228899843369e+00 8.699604417764316366e+00 1.162461537841749148e+01 1.886643555571063668e+00 1.886643555571063668e+00 1.886643555571063668e+00 8.858762586888355273e+00 1.610206497440472262e+01 1.511033501610184260e+01 8.009727435753173808e+00 1.377751533635469094e+01 2.374898964273421598e+01 3.308210826980759123e+01 3.013675018127332450e+01 3.373515455900805904e+01 2.375120639801443545e+01 1.667907102043865564e+01 2.035318005361115468e+01 1.128569539379204656e+01 1.198918776123404584e+01 1.269802230201307580e+01 2.270867953084305313e+01 2.454762119345564031e+01 2.868845019686004960e+01 3.024844805839493844e+01 2.027961816873702716e+01 3.024844805839493844e+01
1.329999999999999932e-02 1.001329999999996190e+01 1.839609227189661667e+01 1.405327540104654105e+01 1.207018490560123070e+01 1.749901900300939062e+01 2.166973739635192331e+01 2.879778952089497679e+01 2.476866973476423439e+01 1.478737115886844933e+01 1.369545046643243680e+01 1.868621652694852742e+01 1.601616698132211525e+01 1.188022769307989357e+01 1.886643555571063668e+00 1.188022782641322550e+01 1.587524491050466580e+01 2.227645668641848431e+01 1.799195626772855761e+01 1.799195626772856116e+01 1.154369749805866086e+01 2.151862609361237944e+01 2.990073967139194622e+01 3.488537274366446184e+01 3.666565055887721769e+01 2.667543711135450835e+01 2.555917241313376920e+01 1.555822257106901141e+01 1.417640082671968038e+01 2.199904415723401740e+01 2.270868128573449951e+01 1.377056464790622670e+01 1.453600618218205653e+01 2.454763298069336130e+01 2.916717664309178204e+01 1.918330322448696279e+01 2.916717664581498326e+01
1.369999999999999864e-02 1.001369999999996274e+01 1.051032785951075077e+01 3.213935121282478491e+00 1.114515010161670183e+01 7.464841366660386335e+00 1.454173285855351416e+01 2.254239760350014166e+01 2.670534028592739872e+01 2.476866973671301864e+01 2.367698285655567503e+01 2.235227779155322736e+01 1.237004457355756948e+01 6.600149021784148751e+00 1.188022782641322728e+01 5.316473884340293665e+00 1.530692391774486438e+01 2.335848049075485378e+01 2.796300499264036432e+01 2.151862609361237233e+01 2.151862609361237944e+01 1.580179139706173785e+01 2.078670135514192552e+01 3.075010659877346697e+01 3.630909694994354453e+01 2.633317541616690605e+01 2.056884885926453066e+01 2.555917241252944194e+01 1.720252422945539550e+01 2.719703352774406468e+01 2.792180290801639231e+01 2.378202212727571307e+01 2.454751589408858337e+01 1.563615608370894705e+01 2.564638764106285507e+01 1.810714866043439386e+01 2.004969945243449914e+01
1.319999999999999993e-02 3.379849012308154821e-01 6.629412377641802356e-01 9.885860249895521701e-01 1.315620610205246122e+00 1.115284779151772909e+01 1.539219424545587245e+01 1.243048304082829425e+01 2.254239760350014166e+01 2.452894361458609396e+01 2.747694127558572319e+01 2.648766832727420706e+01 2.072417501234511761e+01 1.159758885412644780e+01 1.944214577602501137e+01 1.530692391774486438e+01 9.237934865499173753e+00 1.630090639795114882e+01 2.627974148878866956e+01 3.148755284680876798e+01 2.576840397695769269e+01 2.284937250977863954e+01 2.990073967139194622e+01 3.488537274366446184e+01 4.046041776442257287e+01 3.469299522677850689e+01 2.633317541616690605e+01 3.052180115694373086e+01 2.054749826934473234e+01 3.052180115694373086e+01 3.715995208097427138e+01 2.718857141459477234e+01 2.013011323630088967e+01 2.564638764106285507e+01 1.678448131672742605e+01 2.679038682582808661e+01 3.002207651873230176e+01
1.349999999999999985e-02 1.001349999999996321e+01 7.574848767449009479e+00 1.083102159361239636e+01 1.115284779151772732e+01 1.780124648578599311e+00 5.384991286662121901e+00 1.539219424545587245e+01 1.997834684525815163e+01 1.440844085971502153e+01 1.737294072600070649e+01 2.527277119996990962e+01 2.571567072727165737e+01 2.158047672069442768e+01 2.571567072727165737e+01 2.335848049075485378e+01 1.500597836941563301e+01 1.555594232974395652e+01 2.261234326539206663e+01 3.259045079531589550e+01 3.573905103921232751e+01 3.281556933401520126e+01 3.609475367563217674e+01 4.029875814509281184e+01 4.714087704216804298e+01 4.046041776442255156e+01 3.630909694994354453e+01 3.466415361092933267e+01 2.553885245912802660e+01 3.466415361092933267e+01 3.641352720627036632e+01 2.644540370428591203e+01 2.718857147739295854e+01 2.902302961741910536e+01 1.903834764517109335e+01 2.045904719425061558e+01 3.043199940704742446e+01
1.369999999999999864e-02 1.001369999999996274e+01 1.759720129571092784e+01 1.872045314874153377e+01 8.664509288624147487e+00 1.160982705402130044e+01 2.245855145372698036e+00 1.206977897772853225e+01 9.898235068011388194e+00 7.278265765877960369e+00 1.100426802060981935e+01 2.110552462963959997e+01 2.419717022813654594e+01 2.835631156945865428e+01 3.294518083939015440e+01 2.912085456975467324e+01 2.498507181450758097e+01 2.553486329749819106e+01 2.967086646237056513e+01 3.490872400809632836e+01 3.075300758457105843e+01 2.986078446279753251e+01 2.566206553827476711e+01 3.199538903022074621e+01 4.271575075320102854e+01 3.983275741452769836e+01 4.383468250272407829e+01 3.965494653250559054e+01 3.550474985475943868e+01 3.965494653250559054e+01 4.056358151424683456e+01 3.348479011236660341e+01 3.715997935164994459e+01 2.845117435505659387e+01 2.141158280494285293e+01 3.043199940704595363e+01 2.454134086238566326e+01
1.379999999999999977e-02 1.001310013333329607e+01 1.415523575706423109e+01 2.289022501821290945e+01 1.872045314874153377e+01 1.604214303656116769e+01 8.923451938099081104e+00 2.704654184644600168e+00 3.021808373050688168e+00 3.021808373050688168e+00 1.285788314505817631e+01 1.751379071956382916e+01 1.406822209124520029e+01 2.252322340853917382e+01 2.288473566873331677e+01 2.920897106774911478e+01 2.505242044092810261e+01 2.745627591176858928e+01 3.161000616301936006e+01 2.907167546971066940e+01 2.061093348519311874e+01 1.956393936477878270e+01 2.986078446279753251e+01 3.196746158718667630e+01 3.693029326787770827e+01 3.029540857447157265e+01 3.830729706739302998e+01 3.873587825800203177e+01 3.985789259828127484e+01 4.408875408038078092e+01 4.291790189841134406e+01 4.348416382243653544e+01 4.257166792991670690e+01 3.393763843063552343e+01 2.399449011696110645e+01 3.393763843054981777e+01 3.449596589612730213e+01
1.309999999999999880e-02 1.309999999999999880e-02 1.001310013333329607e+01 1.748856909043540853e+01 2.326207178263146247e+01 2.227457568700463852e+01 1.643827615873767201e+01 1.253080882001846419e+01 4.730081123316925762e+00 1.285788314505841967e+01 3.453420278312859359e+00 1.333369527688772038e+01 8.209022572290388453e+00 1.274301274321227062e+01 2.288473566873445719e+01 2.337635314536482056e+01 1.492203329385544919e+01 1.734890080454890082e+01 2.540545102828675894e+01 2.122742933378059149e+01 1.464238906381038596e+01 2.489747837315407963e+01 3.199553116513706286e+01 2.392967030490300928e+01 2.876928359225243170e+01 2.470121656603303606e+01 3.432636649436592080e+01 2.851816987823713134e+01 2.963491626405891566e+01 3.454694160180288520e+01 3.266560544418737067e+01 4.291790050453042227e+01 4.393432030092805007e+01 3.393764006429705660e+01 2.774493609385200088e+01 3.210498324072494825e+01 4.209201890051035377e+01
1.349999999999999985e-02 1.309999999999999880e-02 3.346433466666669077e+00 9.119936158562945039e+00 1.911993615856301076e+01 2.472194799916994512e+01 1.459940352057095758e+01 7.421740502775338477e+00 1.475154654208388827e+01 1.751379124152515132e+01 1.333369527688797262e+01 3.861769829986415381e+00 1.381438545935676920e+01 1.848631699899799230e+01 2.704632922564734088e+01 1.920363869456970463e+01 9.026674255005154635e+00 1.581131734804805156e+01 1.795566948200003310e+01 1.098052247096086376e+01 2.122742933378059149e+01 2.907167546969391481e+01 2.795484029432500961e+01 1.856745277996312282e+01 1.895963483110833536e+01 2.876928359225243170e+01 3.151086737448365227e+01 2.136529531435901319e+01 3.021036207583906474e+01 2.437675921910012633e+01 2.888930310353155662e+01 3.477729751872910668e+01 4.506186523483409445e+01 4.185474108551853334e+01 3.270322692622853822e+01 4.185474106385991178e+01 4.625092542952858565e+01
1.369999999999999864e-02 1.001310013333329607e+01 1.334643346666670105e+01 1.151139927594395473e+01 2.151139927594402224e+01 2.552441200984256753e+01 1.540924217674753649e+01 9.514982535975768485e+00 1.540990688768840755e+01 2.556364847551893504e+01 1.799667564737395864e+01 1.381329884277351994e+01 4.271176518609006045e+00 1.430289996952397580e+01 1.898040378508882853e+01 1.581131708138138414e+01 5.668087715379329872e+00 5.668087715379329872e+00 7.757653411262765530e+00 1.795566948200003310e+01 2.258643211901134507e+01 2.674949374100354405e+01 2.414497081887694563e+01 1.407593266161467227e+01 2.414497081887694918e+01 2.896218332481304714e+01 2.473966275253964398e+01 1.750373177501407085e+01 2.007371873431032938e+01 3.021036207583906474e+01 3.878493879036913228e+01 4.336142597126074349e+01 4.928359870828109024e+01 4.685987048823425738e+01 4.269773261566643896e+01 4.685987049833415341e+01 5.053125049625780463e+01
1.290000000000000001e-02 1.001289999999996283e+01 1.688246723926614123e+01 2.102460286299712067e+01 2.565353489976431689e+01 2.967037878251628413e+01 2.222225629137948744e+01 1.206525322823094548e+01 2.222225629917664236e+01 2.976067921551407736e+01 2.147846652523293542e+01 1.133315203871901744e+01 1.430288564650074790e+01 4.704310922634752146e+00 1.479671574745987783e+01 5.668087715379329872e+00 5.668087715379329872e+00 5.668087715379329872e+00 6.037532195483341191e+00 1.618793627803542634e+01 1.242911508079988181e+01 2.090322363418459517e+01 1.857414145569488184e+01 1.155295870829387894e+01 2.121954653346519137e+01 2.270187874356478375e+01 1.444935748117628371e+01 2.473966275253964398e+01 3.021036207583905764e+01 3.444074359883832415e+01 4.170290128612585079e+01 4.593240495387931333e+01 4.680082590061636694e+01 5.101743367914113492e+01 4.889746324775249064e+01 4.475578320139626243e+01 4.052784736302504598e+01
1.359999999999999924e-02 3.346933333333330207e+00 6.882467239266072845e+00 1.395353505113157055e+01 2.395353505113163806e+01 2.933932878235101427e+01 1.927426835225344703e+01 2.222225629917664236e+01 1.717917694850071797e+01 2.725496761254747824e+01 2.567711213692153649e+01 2.147810252497781036e+01 1.898040378508883919e+01 1.479671574745987783e+01 5.167011926025080193e+00 1.529369778208727659e+01 1.581131721471471785e+01 1.283984966450651655e+01 1.618793627803542634e+01 6.563276695726418808e+00 6.563276695726418808e+00 1.672210239275558408e+01 8.136812259748884557e+00 9.450246679414590290e+00 1.082660329591737103e+01 1.228124296886558042e+01 2.270187874356478375e+01 1.756739025514996300e+01 2.773915150483924918e+01 3.333895382254975459e+01 3.145919952355898630e+01 3.952235078584424599e+01 3.650750768661299617e+01 4.680082590055953773e+01 4.475578321318896258e+01 3.474282248431531883e+01 3.344266781191263505e+01
1.379999999999999977e-02 1.001379999999996251e+01 1.688246723926614123e+01 1.688246723926614123e+01 2.688246723926620874e+01 3.346827623376227479e+01 2.933932878235101427e+01 3.125963539483806741e+01 2.432975092589986943e+01 2.542404185362371649e+01 2.568519998976546859e+01 1.556258165778955949e+01 9.673929292169747285e+00 5.167011926025080193e+00 1.529369778208727659e+01 1.100125136687024607e+01 2.115728418968847535e+01 2.298507492980739997e+01 1.672210239275558408e+01 6.563276695726418808e+00 6.563276695726418808e+00 6.563276695726418808e+00 1.694706630141428505e+01 1.998916487157985955e+01 2.128267943963257380e+01 2.270187874346433432e+01 2.692998495651083957e+01 2.773915150483924918e+01 2.080524080002751575e+01 2.318614531215470009e+01 2.608797787986354066e+01 2.927419279531245522e+01 3.650750768661161771e+01 4.680082587777110348e+01 4.475578299206921429e+01 3.474282248428261966e+01 2.763949991455183053e+01
1.349999999999999985e-02 1.001349999999996321e+01 1.578691609323127132e+01 2.578543304904632549e+01 2.510080887107470460e+01 2.923453062156100302e+01 3.063928220756488230e+01 3.480982654507145213e+01 3.432056842148392661e+01 3.249811845870442539e+01 2.984753647963973222e+01 2.401133844090040625e+01 1.677158666639861906e+01 6.600581066244235018e+00 1.677158666639838813e+01 1.688537610884509377e+01 2.532447209791425280e+01 2.499561167140857165e+01 1.486262558686580171e+01 1.672152283103013204e+01 6.563276695726418808e+00 1.672212915633846109e+01 7.142084393203685266e+00 1.754940791778475884e+01 1.796580622483322998e+01 1.904468771380006586e+01 2.324922728759217705e+01 3.045574674367315637e+01 3.094591390737447156e+01 3.333895382254975459e+01 3.628159867867858424e+01 3.952235078584424599e+01 4.376246653330819214e+01 3.985177483491010975e+01 3.571657871749097524e+01 3.985173058687889380e+01 3.318729240682001347e+01
1.359999999999999924e-02 5.787102610636361888e+00 1.525768808260978204e+01 1.804730899440811953e+01 1.512565368329585880e+01 2.510080887107470460e+01 2.066180129714889802e+01 2.901543021448171444e+01 3.477856798765474622e+01 4.239770668946655974e+01 3.377039522203484978e+01 2.549954277568226502e+01 1.532412077168189235e+01 8.095059004672032543e+00 1.830441570785298921e+01 2.699279823849111892e+01 3.114652449331023121e+01 2.915329344297149561e+01 1.966294295003757497e+01 9.475724839913635122e+00 1.672237163617113254e+01 2.090407095230356660e+01 1.754934663054301325e+01 7.722408340469323562e+00 8.147778070160926589e+00 8.574511615957069566e+00 1.604270782642299764e+01 2.387931295610025373e+01 2.753718610813375989e+01 3.169090586519538633e+01 3.569137917018193207e+01 3.154692363401890276e+01 3.569137930800864211e+01 3.485300004550659736e+01 2.571316041923118689e+01 3.485298190535956309e+01 3.115762839355388181e+01
1.290000000000000001e-02 1.124011091276662322e+00 1.111961802108375252e+01 8.067175887743683660e+00 1.804730899440811953e+01 1.989293463531043571e+01 1.491954197936521354e+01 2.066164164922129487e+01 3.062027550829633427e+01 3.941441054115461640e+01 2.960188136104101631e+01 1.947095468109089111e+01 1.355999534532785944e+01 9.829302276572647656e+00 2.007933507843888776e+01 2.748529506714040949e+01 3.391734827164140142e+01 2.387214830337369165e+01 1.670072907924515349e+01 1.188274194440810838e+01 2.206225112211602735e+01 2.573059885818469894e+01 1.547802353907015416e+01 9.334447770291726343e+00 1.859917824903723726e+01 1.904567134978150023e+01 9.183285124256507004e+00 1.968226545707626229e+01 1.733508965983897454e+01 2.753718610781776732e+01 3.067879269210023097e+01 2.151364364099031690e+01 2.998842003492604036e+01 3.071486926617119906e+01 2.069747571623098992e+01 2.869130857900825404e+01 2.452621029662480012e+01
