output/example/elevation_average_000013.asc
nrows	75
cellsize	133.333333333
xllcorner	0
ncols	75
yllcorner	0
NODATA_value	-9999
[rows 51 to 67 of 75, columns 37 to 73 of 75]
2.618034519396792348e+02 3.404258210143558472e+02 3.564873098137646821e+02 3.660836388102877095e+02 3.042349275619533273e+02 3.140320441388789732e+02 3.780711970841005041e+02 4.094489565841138301e+02 3.695432434210061388e+02 4.303828992600929837e+02 4.414802426501580044e+02 4.527805389649452081e+02 4.293461171327180068e+02 4.768662285102826104e+02 4.495000811826044469e+02 4.858413673357194398e+02 5.257169534882650623e+02 5.707345214468657559e+02 5.930098837994427186e+02 6.037097225429839682e+02 5.988287461053529341e+02 5.850204565315509626e+02 5.602034215172932363e+02 5.779477137142647507e+02 5.316578092087780760e+02 5.431945382390907753e+02 5.292856470394394819e+02 4.703984731440667133e+02 5.296148764327152776e+02 5.444022880586387600e+02 5.878233867288523697e+02 5.622100969841046663e+02 5.088848069915430870e+02 5.449118110226004319e+02 5.075097239328187584e+02 5.609429743567302467e+02 5.773776873356869146e+02
3.400609324710876535e+02 2.941163887379583457e+02 3.697740149892579780e+02 4.048901083855325851e+02 3.595911801475083394e+02 3.874004360807392686e+02 3.281766799191092332e+02 3.385099119443168547e+02 3.501957376780147229e+02 3.621935198940913097e+02 3.746210971810013461e+02 3.872975030363928681e+02 4.012251607544951639e+02 4.160847683026893264e+02 4.791592600056014817e+02 5.195960598384353943e+02 5.406079766248648184e+02 5.421038540328413546e+02 5.778177279201570400e+02 5.732841210307259416e+02 5.879270194779221583e+02 6.050237947788350539e+02 6.002789765305008132e+02 5.905994040372235077e+02 5.791088249251739626e+02 5.577124525201861616e+02 5.035642535584005373e+02 5.304997736234444119e+02 4.879377444614656270e+02 5.452445623100481953e+02 5.747727719165941380e+02 5.726014663346971929e+02 5.243888003129894742e+02 5.720071604153961289e+02 5.609568957037610062e+02 5.284130091961720836e+02 5.774011553899138107e+02
3.952109854225569734e+02 3.697891901582617606e+02 3.304368976611096400e+02 4.018244173805752553e+02 4.286534066008576929e+02 4.255438886428303817e+02 3.723611652291307337e+02 3.759511876822876388e+02 4.147054345280566281e+02 4.046499031476872688e+02 4.363828781766604834e+02 4.281870102851171396e+02 4.579171856315701916e+02 4.774956583225838358e+02 4.444164850165620351e+02 4.682024814314414698e+02 4.962127212862995407e+02 5.462593693619053283e+02 5.331408621550407361e+02 5.279581323421290335e+02 5.653449063706361812e+02 5.854917261594836191e+02 6.007287623377596901e+02 6.109083549906237067e+02 5.888827077772464236e+02 5.448798546791686022e+02 5.448550651055305707e+02 5.609517014989817199e+02 5.312879052626411749e+02 5.070681254994765368e+02 5.607569613624677913e+02 5.869277304683175771e+02 5.746087215103233348e+02 5.480313731880538626e+02 5.883798066387753352e+02 5.774684317868512835e+02 5.521045119900679765e+02
4.456401697761243099e+02 4.270203049343162434e+02 3.753232570457140582e+02 3.832741812075606731e+02 4.493618565013706529e+02 4.627067833203936971e+02 4.402243543359726914e+02 4.276527578706143800e+02 4.647303555836473947e+02 4.684482155667554366e+02 4.896975337318248762e+02 4.891533476612837035e+02 5.089996651216557666e+02 5.204281114409303655e+02 5.038417794843749675e+02 5.195748051953536333e+02 5.214612749431215661e+02 5.017790666022629011e+02 4.799905089148845150e+02 5.158799256722527389e+02 5.321314445134036077e+02 5.545919086552519275e+02 5.655832496065253281e+02 5.998483753498665010e+02 5.990324699592854358e+02 5.889085378327882836e+02 5.888319350871071265e+02 5.905464989542537069e+02 5.606433953658158771e+02 5.284125795025632897e+02 5.344322597180769208e+02 5.820367965833665949e+02 6.017345035380354830e+02 5.659102444631151911e+02 6.016497654532430488e+02 6.045198722096926076e+02 5.780428867925824079e+02
4.675863729399193858e+02 4.638424253457558848e+02 4.425430026116048339e+02 4.493727436451730455e+02 4.708994756785418190e+02 4.704876023075363491e+02 4.911394383760854225e+02 4.856413805372066577e+02 4.703469876415866224e+02 4.769600705084187666e+02 4.973350946446002467e+02 5.084761551002213196e+02 5.264511920198102644e+02 5.327986817272142162e+02 5.086749579612487082e+02 4.890238417688773325e+02 4.946763915322840148e+02 4.382387014953483231e+02 4.650904785203995289e+02 4.819266554903418296e+02 4.991497816423459426e+02 5.176221403203335285e+02 5.521714881698405861e+02 5.827705467028745261e+02 5.824311467132363305e+02 5.934845080278146270e+02 6.080319889833012894e+02 6.083860137241390476e+02 5.892233935260882163e+02 5.515544038668234634e+02 5.819839118747265729e+02 5.636943091275537654e+02 6.028317182682873181e+02 6.049972305918283837e+02 5.910961563556809324e+02 6.190187339384633560e+02 6.055731719489934903e+02
4.295303033908134012e+02 4.670992719069648160e+02 4.550751474201224482e+02 4.312001685404445084e+02 4.252773740061683156e+02 4.059385398179119875e+02 4.697961273558911444e+02 4.478857314074738838e+02 4.036407186034979304e+02 4.120056744300434275e+02 4.618092951531314156e+02 4.486591785496255511e+02 5.067991095956104459e+02 5.056552721720193517e+02 4.542152463562454159e+02 4.238514138002656182e+02 4.610108903996079448e+02 4.130943180109522928e+02 4.285471507758717848e+02 4.465606986876138080e+02 4.688337820402491616e+02 5.008146304096018184e+02 5.518348506028429483e+02 5.363475768886498827e+02 5.357565232390405754e+02 5.597989294577374721e+02 5.893152008874869807e+02 6.058073158078160532e+02 6.042294445114290511e+02 5.805876745024711454e+02 6.026475345743464231e+02 6.028121752997975591e+02 5.946010356864833284e+02 6.222904193929805388e+02 6.147320565398271128e+02 6.163353324135568982e+02 6.288619679468780532e+02
3.839176537307219519e+02 4.417511714721896396e+02 4.126372007633029284e+02 3.610945906408718429e+02 3.545612201987663639e+02 4.257028388454775154e+02 4.260091816443706989e+02 4.005256664641365205e+02 3.513852141538317824e+02 3.744521302102389200e+02 4.005170376277583841e+02 4.674552745662150528e+02 4.937400969430705686e+02 4.622384669140370193e+02 4.202234786988240671e+02 3.823182080559053588e+02 3.949662816762521516e+02 4.531377719892704476e+02 4.746987023976016076e+02 5.075766810236488027e+02 5.251586118526657856e+02 5.421667301463460262e+02 5.262035683062186990e+02 4.867954786621645553e+02 5.053608537541746273e+02 5.273158757433083110e+02 5.536510739860735839e+02 5.876074839313505436e+02 6.182364576552926110e+02 6.139947526282701347e+02 6.205225237398644822e+02 6.181760056556416885e+02 6.222674249016412205e+02 6.273997926253844071e+02 6.338347456972387590e+02 6.344906790044408353e+02 6.358895324884572346e+02
4.225778221935928514e+02 3.866875192327360082e+02 3.544986740222018966e+02 3.135211840353673551e+02 3.890806154206183578e+02 4.056060934308240462e+02 3.791500167003036950e+02 3.254138800480426994e+02 4.005687976571267654e+02 4.417537273573082643e+02 4.633789235172695840e+02 4.887229474601326160e+02 4.481079430782065174e+02 4.047566187076469646e+02 3.656508260757728976e+02 4.383338528556559481e+02 4.632304609257906236e+02 4.868706703921777148e+02 5.265897298083129954e+02 5.494597750075301974e+02 5.277131223113998431e+02 5.086008351812525348e+02 4.645514062606250718e+02 5.107889148610335042e+02 5.433418949648429361e+02 5.728265856623013406e+02 5.893702396104165473e+02 6.058189875327188929e+02 6.089689413006615268e+02 6.070462871813283527e+02 6.042869717524598627e+02 5.859860022355856017e+02 6.042829784004601379e+02 6.234612801533787660e+02 6.214503390108003487e+02 6.269765498321363566e+02 6.369849309232781707e+02
3.654004143526947814e+02 3.281804623339651812e+02 2.815129913601523413e+02 3.477034780787200816e+02 3.531338797844304054e+02 3.582823731559672069e+02 3.016378027518144336e+02 3.792064345286063372e+02 4.261021023410422686e+02 4.249612161834997437e+02 4.494464722728046695e+02 4.337891390946997490e+02 4.082917666533571719e+02 3.490447873765627946e+02 4.233978444162596588e+02 4.622588187969740829e+02 4.895047998866934336e+02 5.029528890504743686e+02 5.060623861897868210e+02 5.115895345470339066e+02 4.918868957609910808e+02 4.439968921407765947e+02 4.909672801265851945e+02 5.430827080193803340e+02 5.768166133366804615e+02 5.980264958974324827e+02 5.950279557151502559e+02 5.841305089091188165e+02 5.732790160612925092e+02 5.697317383289093868e+02 5.700983299296502764e+02 5.495849038072792609e+02 5.855445183997729828e+02 6.029630730053346497e+02 5.894329504696968343e+02 6.116369773765984519e+02 6.317891891741312520e+02
3.086218950111072559e+02 2.559005642333985975e+02 2.619012047357336996e+02 2.678512878491362699e+02 2.735105817839913698e+02 2.790209952636458297e+02 3.587355231746399795e+02 3.713467904385038878e+02 3.744377286069631623e+02 3.518698886667544343e+02 3.865711053833709343e+02 3.925110365515541844e+02 3.324643024957091484e+02 4.082938657861111551e+02 4.481831718560173954e+02 4.459289698537698996e+02 4.272059375960052989e+02 4.695171649922170900e+02 4.453012536083685973e+02 4.735200713180756793e+02 4.249435823917245898e+02 4.919195862742320173e+02 5.278434127291058076e+02 5.631214273348874713e+02 5.925698995178139512e+02 5.763814664371659546e+02 5.624286101053709217e+02 5.378015641189613234e+02 5.363842008876131331e+02 5.476213852981227319e+02 5.163658433088978654e+02 5.701011273515455287e+02 5.844782205975845955e+02 5.603176591888884559e+02 5.942217891917738370e+02 6.235874050467380130e+02 6.217564006407573061e+02
2.477870694955205977e+02 3.292504435773435034e+02 3.421638879563766977e+02 3.284760903173194606e+02 3.420419431302029807e+02 3.583474001777163380e+02 2.870608467593509090e+02 2.929586443043873487e+02 2.986841303818934534e+02 3.043578970626468276e+02 3.100662049750204119e+02 3.155952065772116839e+02 3.929084586022139547e+02 4.058683876104270780e+02 4.112159644729962906e+02 3.752195941119398981e+02 4.458988862071070685e+02 4.480476272184760091e+02 3.935372071163922669e+02 4.065114650721190515e+02 4.757406448760125386e+02 5.125428952594397742e+02 5.370816287337340782e+02 5.381122629254820140e+02 5.583671287250263049e+02 5.391904216096960454e+02 5.096472112149069176e+02 5.025709175620290807e+02 5.266626043638218562e+02 4.882878422712162774e+02 5.474604217561064843e+02 5.657097628142314534e+02 5.345235795865031605e+02 5.845399139955924284e+02 6.116356971577881723e+02 6.108514662840510709e+02 5.990502864767775009e+02
3.200042240932227173e+02 2.850015867020225073e+02 3.285156306532667259e+02 3.959368139235080548e+02 4.101677132031474002e+02 3.797442783187653959e+02 3.042363155915639936e+02 3.709395383654426723e+02 3.753258159846450894e+02 3.317892345368261999e+02 3.871031576844433175e+02 3.926236779348190566e+02 3.240164928172442842e+02 3.299268414818703263e+02 3.357298241353717572e+02 4.116033912662204557e+02 4.294215109296617925e+02 3.756694880715975842e+02 4.480212594880375150e+02 4.741917594185285338e+02 4.974451502359639790e+02 4.954748705047974227e+02 4.778787730769809627e+02 5.213299010049925073e+02 5.210347769816012260e+02 4.860122090125196905e+02 4.682931981858675385e+02 5.156027264003205346e+02 4.634447969263120513e+02 5.266265963686406621e+02 5.454510296841846184e+02 5.102314081692201171e+02 5.656810043339349932e+02 5.958112488461089242e+02 5.937089278706539517e+02 5.721750917756835406e+02 6.108025765715527768e+02
3.506342478351275531e+02 3.621160105247166712e+02 3.391670566794863930e+02 3.896515764618550861e+02 4.359720427244299117e+02 3.735706075777547426e+02 3.818706167921100132e+02 3.304536510406999810e+02 4.055407398650746131e+02 4.062018351766557771e+02 3.742429768458441117e+02 4.266936439072399025e+02 3.905156896675113103e+02 3.767427057051497172e+02 4.112276713544349604e+02 3.439384209999017230e+02 3.574182501315420382e+02 4.315363738490443097e+02 4.716709867840470451e+02 4.551113584630296032e+02 4.585511785522613764e+02 4.292553161666259030e+02 4.533412473134498555e+02 4.813693805890957265e+02 4.910071240186002797e+02 4.349357533716273565e+02 4.431679892693616694e+02 4.515246100101973639e+02 5.159353028110580226e+02 4.769313536481466826e+02 4.864370976585230437e+02 5.462002088561029041e+02 5.677275734874723412e+02 5.776550469528810936e+02 5.467256829795791191e+02 5.937228632105678798e+02 6.182119994106122931e+02
3.378068748447166172e+02 3.898391635205305761e+02 4.108434524179327241e+02 4.160193357808704491e+02 4.558888518018358695e+02 4.447690543805632046e+02 3.942595911936958260e+02 4.055165242208040013e+02 3.604819211232050407e+02 4.324629891816341001e+02 4.431531847044810206e+02 4.176461335143430915e+02 4.607422238108456440e+02 4.470980105370957176e+02 4.119817455783576179e+02 4.191677589212192174e+02 3.526375720439816064e+02 4.272794200131721709e+02 4.424277453639857072e+02 3.829653513434787442e+02 3.914563626233659761e+02 3.996924202772680133e+02 4.079288565706378336e+02 4.159636797275592812e+02 4.237872010863536616e+02 4.918339105573255097e+02 4.853983411532092305e+02 5.090707909193154137e+02 5.092991710789330000e+02 5.380015439480633859e+02 5.454357751757131609e+02 5.026048064080259792e+02 5.145215626654206744e+02 5.269025879682224058e+02 5.789367801974655094e+02 5.764714404719247796e+02 5.997592564630333527e+02
2.853884849637891534e+02 3.629358929831738010e+02 4.155795142581320079e+02 4.509904579593743392e+02 4.852921402314408965e+02 4.826275557312075648e+02 4.620615959875590875e+02 4.562330159336560200e+02 4.318707877641424489e+02 3.947207218664905781e+02 4.626752414885984308e+02 4.823279165784941256e+02 4.755459813405431646e+02 4.987870388391713163e+02 4.672683897402091588e+02 4.015015848204769782e+02 4.272332698525972887e+02 3.611064484308431020e+02 3.705381046307661563e+02 4.436987126066470069e+02 4.618039688838657639e+02 4.693561643864741768e+02 4.672085166896186479e+02 4.590229222505137727e+02 4.906020903101348267e+02 4.644395747126458787e+02 5.265768436379174773e+02 5.501028490006618767e+02 5.627557653731008713e+02 5.769650092313479490e+02 5.740314044296433167e+02 5.595231070588738476e+02 5.505775132001421071e+02 5.762108367258208546e+02 5.642578222007269915e+02 5.969837142896487876e+02 6.134436938410092353e+02
3.629330460225989441e+02 3.165990161185442844e+02 3.565379646108755765e+02 4.103212316857653832e+02 4.749967485532565092e+02 5.019054000840135359e+02 4.837784793630507352e+02 5.034404889474031961e+02 4.844271292165793739e+02 4.610976527568997199e+02 4.365255000972707649e+02 4.986230028054271202e+02 5.294095854041021312e+02 5.169388490083744045e+02 4.625864683494066867e+02 4.634281732148664332e+02 4.240170621466877492e+02 4.324666531095035111e+02 3.715502315578751222e+02 4.444032872426922722e+02 4.667157293945019774e+02 5.097938496016339514e+02 5.259036273717429140e+02 5.214024363569320712e+02 5.399977100031145483e+02 5.248776438683078140e+02 5.160695376486302166e+02 5.673564483470573805e+02 5.914466219984830104e+02 5.912655764983735480e+02 6.012349341177987299e+02 5.953436811228289116e+02 5.945331870859788523e+02 6.053561616918237860e+02 6.050777775231811120e+02 6.134096419482010560e+02 6.298808973476282063e+02
4.165231368439655171e+02 3.622116227202808432e+02 3.723136050833943500e+02 4.311976162955824634e+02 4.667759166340993602e+02 4.446107014229590391e+02 4.212252521893745438e+02 4.674819710057814746e+02 5.229426049234775746e+02 5.169910632213518511e+02 4.987055056407934899e+02 4.985616124942363854e+02 5.493287143581105738e+02 5.412318494848268529e+02 5.230263495297458576e+02 5.103858223710863626e+02 4.899730999970739731e+02 4.323939655413757350e+02 4.444561320915126998e+02 3.815984470558590829e+02 4.536254971369195346e+02 4.481964860332445824e+02 5.113145466044428531e+02 5.320239700483741672e+02 5.569494707603207644e+02 5.712408356553899011e+02 5.673442016484194710e+02 5.698871833106096574e+02 5.480479995843705865e+02 5.472955560116071183e+02 5.670020114341942872e+02 5.533411219963560370e+02 5.862118992229821970e+02 6.169305998424796371e+02 6.244677080204415915e+02 6.292681719819744330e+02 6.283791422369159818e+02
