output/example/elevation_000041.asc
nrows	75
cellsize	133.333333333
xllcorner	0
ncols	75
yllcorner	0
NODATA_value	-9999
[rows 51 to 67 of 75, columns 37 to 73 of 75]
1.790498390374191047e+02 2.791053792284960764e+02 3.011691310480538846e+02 3.129617086190510236e+02 2.299338121856660280e+02 2.423457408404454156e+02 3.424090449079178029e+02 3.750276983496821117e+02 3.221413354849182724e+02 4.079339002763159101e+02 4.259030364739083439e+02 4.448098968094828365e+02 4.025241357606553834e+02 4.949064797518826708e+02 4.420181897437965972e+02 5.127642773692396077e+02 6.128290277285840375e+02 6.084678792800964402e+02 5.670170350639378967e+02 5.932571079631451312e+02 5.997247781905739430e+02 5.583004054559503402e+02 4.953236028300576095e+02 5.689727391064167250e+02 4.689714094419206845e+02 4.982611207729794387e+02 4.825974410891994353e+02 3.825970507707357910e+02 4.825974410891994921e+02 5.103325786841585341e+02 6.103350169274417567e+02 5.433692536215329483e+02 4.433686212498852228e+02 5.100357094976308758e+02 4.424795721055686499e+02 5.424801962099962793e+02 5.778358757460209745e+02
2.791053792284960764e+02 2.182915899126440422e+02 3.183524953238362514e+02 3.714422755060315922e+02 3.006919924040328738e+02 3.424090449079180303e+02 2.610914279572012902e+02 2.749695668814328542e+02 2.912040329798413154e+02 3.078827603854755921e+02 3.258551203223606763e+02 3.447641957678337690e+02 3.690292040173499686e+02 3.948593721902396396e+02 4.949064797518828414e+02 5.835211385414233973e+02 5.605177934250328917e+02 5.190681042546179924e+02 4.669541580814584449e+02 4.931910027493269695e+02 5.639494182847571437e+02 6.367504455665957721e+02 5.953252883242312237e+02 6.103973319321496547e+02 5.689727391064170661e+02 5.325977650392745772e+02 4.325971171391250891e+02 4.825974410891995490e+02 4.103321179534076464e+02 5.103325786841587046e+02 5.842009122197692932e+02 5.683694640552387227e+02 4.683686223204800285e+02 5.683694640552381543e+02 5.424801962099962793e+02 4.778349127324928531e+02 5.778358757460209745e+02
3.597973479297072572e+02 3.183524953238362514e+02 2.654619507381135577e+02 3.655205904087957833e+02 4.007480034665767903e+02 4.025960562714730600e+02 3.188650307324704158e+02 3.327413686779827913e+02 3.912587102944738149e+02 3.656486380719533713e+02 4.259030364739078891e+02 4.025241357606553834e+02 4.690744276569157591e+02 4.656002189522776007e+02 5.363534873850561553e+02 5.222758989142894279e+02 5.027491343898248033e+02 4.190140616812963685e+02 4.091934815178748295e+02 4.224450748355022256e+02 5.224996863995702370e+02 5.914004977506988325e+02 5.914004977506410796e+02 6.328515598889567855e+02 6.033097395374013558e+02 5.033079061799698479e+02 5.033079061799697911e+02 5.517559081248828079e+02 4.810428643305995706e+02 4.427764179256432726e+02 5.427770766184394233e+02 6.097937277579184183e+02 5.683694640552395185e+02 5.110087708839428160e+02 6.110102291206007976e+02 5.778358757460209745e+02 5.204750651550752991e+02
3.761048588792817782e+02 4.069650465193086006e+02 3.232328830144582525e+02 3.471603459562124385e+02 4.472143097755330245e+02 4.603619190215202934e+02 4.189173867253869048e+02 4.327918989140191570e+02 4.742366753634225347e+02 4.656966426531614047e+02 5.071423558828349201e+02 5.025733206205401302e+02 5.440203966882889972e+02 5.656580520369168426e+02 4.929731992686255921e+02 4.222212150932381860e+02 4.580056595091410259e+02 3.612578461471718470e+02 3.591759144821027689e+02 4.592195938103973845e+02 5.405073085811061446e+02 4.913337823560907509e+02 4.913337823560907509e+02 5.914004977506392606e+02 6.447350662378563584e+02 6.033097395374013558e+02 6.033097395374012422e+02 6.224689519191246063e+02 5.427770766184319200e+02 4.805728700322457030e+02 4.962286844659324743e+02 5.962300605471191375e+02 6.443442845878992102e+02 5.443421181861247078e+02 6.443442845878992102e+02 6.619022509046625373e+02 5.782102565553644808e+02
4.175497247372915695e+02 4.647316943499349691e+02 4.232866729772643453e+02 4.472143097755330245e+02 4.300876970029572135e+02 4.300876970029138988e+02 4.715332548982414096e+02 4.466874667844553528e+02 4.052429354107566155e+02 4.291696255124676895e+02 4.706150724793247377e+02 4.852350939508182819e+02 5.266830197747142392e+02 4.689514058868268762e+02 4.275060295650149556e+02 3.514822655379190337e+02 4.165608256113201833e+02 3.165209537128199031e+02 4.154405848440586624e+02 4.404508299685833776e+02 4.404508299685730890e+02 4.205882538984116650e+02 5.206426447240638709e+02 5.601996049386008281e+02 5.852161687946082793e+02 5.961632619386368788e+02 6.376143729476361841e+02 6.842068978589283006e+02 6.213994669348074922e+02 5.213977115060704364e+02 5.962300605471191375e+02 5.669396857589259753e+02 6.669432806067411548e+02 6.150533754667770836e+02 6.150533754667770836e+02 7.150587946419452692e+02 6.489221949903161430e+02
4.780380602309429605e+02 4.124251818700032004e+02 3.709819942511947488e+02 3.800653535050773257e+02 3.300430100073128870e+02 3.300430100073128870e+02 4.300876970029138988e+02 3.889258439903817361e+02 3.052009642436104286e+02 3.291251783054603948e+02 4.144892669083210990e+02 3.851853858660178958e+02 4.852350939508181114e+02 4.275060295650134208e+02 3.274628445184940233e+02 3.014636349087348322e+02 3.715149703395564416e+02 2.935701280440368350e+02 3.154007584252281617e+02 3.404098494704937821e+02 3.705707250078280026e+02 4.706154493111998249e+02 5.308942271649621034e+02 4.601380239844023095e+02 4.851499133703499069e+02 4.960959464948850837e+02 5.856341849001174751e+02 6.270859692476697091e+02 6.628250616295169948e+02 5.921088290249124384e+02 6.628250616233991650e+02 6.669432806067411548e+02 7.083704232638984877e+02 7.150587946458809938e+02 7.150587946418323781e+02 7.564875612185566069e+02 7.489299967533835343e+02
4.365927199342669951e+02 3.546648206454218553e+02 2.709417696560111040e+02 2.800243581916811308e+02 2.593059542380287326e+02 3.593454204066388229e+02 3.555783914115964421e+02 3.141373125716214076e+02 2.474445848605798801e+02 2.790789441913784117e+02 3.144475400777093341e+02 4.144892669083214400e+02 4.319286491386274065e+02 3.793007083418738716e+02 3.378589644323243419e+02 2.567244571171729035e+02 2.714745495725940714e+02 3.715149703395525762e+02 3.731561215890198469e+02 4.404508299685967927e+02 4.706154493112283035e+02 4.992545967158825988e+02 4.578074635240719772e+02 3.893974980873583149e+02 4.144056069899843919e+02 4.477517367937333006e+02 4.855663360052557209e+02 5.563226829103014097e+02 6.563984105374901219e+02 6.921133222273823549e+02 6.466624115727967137e+02 6.052106766144765970e+02 6.466624115872408538e+02 6.846339276619380598e+02 6.431821923738219766e+02 6.846339279476908359e+02 7.346705998881647020e+02
3.400203639639674975e+02 2.985797555106451568e+02 2.131874284962176205e+02 2.092896435567151343e+02 3.093256873223324988e+02 3.260781765568138439e+02 2.846380160880387962e+02 2.141003310607683829e+02 3.141373125716214076e+02 3.791191751865534911e+02 4.144892669083210990e+02 4.146434376343293593e+02 3.611858717142647492e+02 2.904430942912462115e+02 2.378193115741451891e+02 3.378589644323343464e+02 3.715149703395567258e+02 4.129577706241751116e+02 4.732022358358653946e+02 5.146499846337131885e+02 4.703731167174282746e+02 4.289276394245636084e+02 3.577648182156059420e+02 4.578074635174065179e+02 5.144586410160467267e+02 5.478120931274007717e+02 5.856341849001174751e+02 6.270859692476708460e+02 6.183588175936353082e+02 6.052119851376589850e+02 5.966267041145048324e+02 5.051400596987491554e+02 5.966267041145474650e+02 6.345960031159393111e+02 5.431053053722729373e+02 5.931437488731853591e+02 6.793512160882168018e+02
2.822635827366548824e+02 1.985457208198162959e+02 1.684552196771196577e+02 2.490620290016101137e+02 2.532298671773561693e+02 2.574122936270964601e+02 1.846043242261287105e+02 2.846380160880387962e+02 3.555783914116182700e+02 3.345662051045982821e+02 3.760080304773225635e+02 3.439014010212890184e+02 2.731593645551318446e+02 2.197063817393470799e+02 3.197446352216222749e+02 3.793007083418737011e+02 4.659238789374722955e+02 4.635185480552850095e+02 4.220734103857386117e+02 4.449615651100675677e+02 4.035174401703754370e+02 3.288875849203577104e+02 3.866424156036671889e+02 4.866903293686270331e+02 5.546765897262271210e+02 5.132267396474856014e+02 5.546765918771914130e+02 5.858919854260238935e+02 5.182893201859604915e+02 5.051445740532474815e+02 5.051445740532475384e+02 4.551137799499395555e+02 5.551753681565496663e+02 5.538929800378128903e+02 4.930735307664878633e+02 5.378228056882984447e+02 5.956006200018844083e+02
2.350740354350350856e+02 1.407999034870910293e+02 1.448824910236222934e+02 1.490349020643575386e+02 1.532017509935036799e+02 1.573832016117105752e+02 2.574122936270964601e+02 2.679194505629853893e+02 2.723576635189290869e+02 2.345279224473574970e+02 2.812916969841143668e+02 2.857879118917272194e+02 2.024241837759919349e+02 3.024606575148844172e+02 3.611858717142653745e+02 3.658755403676620972e+02 3.658755403676585161e+02 4.057566800279745394e+02 3.220314448303596464e+02 3.799378449664016557e+02 3.034776901718817044e+02 4.035174401703754370e+02 4.703731167174848906e+02 5.281387556881486489e+02 5.046480083021318706e+02 4.131743930746056321e+02 5.046480077347400766e+02 4.858275556665952877e+02 4.475405446515100039e+02 4.659016128355069100e+02 4.050942615430438991e+02 5.051445740532475384e+02 5.205388928497854977e+02 4.538307184738249589e+02 5.245821343568482007e+02 6.246556212054221078e+02 6.692196128285332861e+02
1.350501806151787889e+02 2.350740354358320872e+02 2.449086286227583855e+02 2.197620841345560621e+02 2.239297727870708457e+02 2.574122936270964601e+02 1.634638845735980510e+02 1.678880824072967926e+02 1.723254237404977118e+02 1.767760287473582821e+02 1.812579073109745309e+02 1.857534453052552408e+02 2.857879118917272194e+02 2.976396660107870957e+02 3.026043962006363586e+02 2.658350775013209386e+02 3.658755403676620972e+02 3.434542257554421099e+02 2.642734501132397895e+02 2.798974147723081956e+02 3.799378449664018262e+02 4.449615651108922521e+02 4.725861361972878285e+02 5.140336002782429432e+02 4.632005663584577633e+02 3.631581836923113542e+02 4.632005663578319172e+02 4.150838763513183949e+02 4.334437369915202112e+02 3.658597206558632138e+02 4.659016128355069100e+02 4.903714515293814884e+02 4.204848091050111520e+02 5.205388928497854977e+02 5.953447313850105047e+02 5.984537190672898532e+02 5.691415261178617584e+02
2.293930622287934398e+02 1.885110464265928556e+02 2.885437813948617531e+02 3.197983532764433221e+02 3.239665524331969095e+02 2.820700988441287791e+02 1.820364871643974425e+02 2.679194505629853893e+02 2.723576635189290869e+02 2.345279224473574970e+02 2.812916969841143668e+02 2.857879118917272194e+02 1.926638650604924408e+02 1.976036911967212006e+02 2.025678547852812983e+02 3.026043962006363586e+02 3.234461668646332555e+02 2.434139313011731360e+02 3.434542257554421099e+02 3.799378449664017694e+02 4.213809193389418510e+02 4.018425322301894766e+02 3.725395720158626887e+02 4.725861361972831105e+02 4.298531054689622124e+02 3.298142157906841021e+02 4.093164468302804835e+02 4.190791429847947143e+02 3.334059156067566505e+02 4.334437369915202112e+02 4.620740302752877824e+02 3.903249592351275510e+02 4.903714515293814884e+02 5.619895585821386703e+02 5.512796661296137017e+02 4.983824408824287957e+02 5.691415261178617584e+02
2.708310119592357523e+02 2.885437813948653911e+02 2.592429156265410484e+02 3.592823289220251581e+02 3.528086612398877264e+02 2.527692269170315456e+02 2.820700988441288928e+02 2.121953765617901695e+02 3.122323950844344722e+02 3.345662051045758858e+02 3.760080302239380217e+02 3.280681900743530264e+02 2.280296961515910255e+02 2.683384397368918144e+02 3.026043962006363586e+02 2.096674534553998797e+02 2.234073600631522254e+02 3.234461668646333123e+02 3.848961158950880872e+02 3.446366062272594490e+02 3.527778507540631949e+02 3.018021288923324619e+02 3.694562450756178578e+02 3.780346836870127731e+02 3.867752433789866586e+02 2.996510703745311162e+02 3.092780263500548017e+02 3.190412761492721074e+02 4.190791429847948280e+02 3.500778998033023299e+02 3.620335379988986801e+02 4.620740302752880098e+02 5.008450898573091195e+02 5.188152694033764192e+02 4.512176752410337599e+02 5.512796661296137017e+02 6.399060379788307955e+02
2.532314389475880319e+02 3.271265292428700491e+02 3.592823289220268066e+02 4.007251374294327206e+02 3.942511863502783740e+02 3.528086612398880106e+02 2.829309966886522147e+02 3.122323950844344722e+02 2.487223062367014563e+02 3.487615689772100040e+02 3.913400033292562625e+02 2.912984825420950301e+02 3.280681900743633719e+02 3.683790838753857315e+02 3.097047799456565258e+02 3.097047799456569805e+02 2.173391789436816168e+02 3.173773580369164620e+02 3.331986979902872577e+02 2.445957671662629593e+02 2.527365631314320069e+02 2.609597427526579168e+02 2.694149042421514650e+02 2.779937579354267996e+02 2.867349651483921775e+02 3.867752433789867723e+02 4.093164468305209880e+02 3.897759172341109775e+02 4.007197357864712330e+02 4.501169044292009858e+02 4.620740302752877824e+02 3.841253212506869659e+02 4.007961168717677651e+02 4.187615441334701245e+02 5.188152694033772150e+02 5.046983813426962229e+02 5.547314865641581036e+02
1.856534996225581153e+02 2.856863962485916772e+02 3.643377460731564383e+02 4.057806505624636770e+02 4.635432544809393107e+02 4.244165702448931370e+02 3.536691525649919186e+02 3.902038273886967090e+02 3.064788281607583258e+02 2.958802620414882654e+02 3.959214258722043382e+02 3.913400033292904254e+02 3.913400033292896865e+02 4.511930890553642257e+02 3.645368846420452655e+02 2.644964214620716803e+02 3.173773580369164620e+02 2.251500453633594248e+02 2.331587940664327050e+02 3.331986979902873145e+02 3.527778507540636497e+02 3.610012085901945511e+02 3.401542604173570226e+02 3.357520496813421005e+02 3.867752433789866586e+02 3.402082016296512279e+02 4.402496432270471587e+02 4.898233880134319520e+02 5.007691369973203450e+02 5.422178537460882808e+02 5.256191275393537126e+02 4.418804961266241094e+02 4.585536637437637069e+02 5.188152694033759644e+02 4.687825803682941341e+02 5.395366207661123781e+02 6.047704217060595511e+02
2.856863962485916772e+02 2.234599001352491427e+02 2.642982297285054187e+02 3.220543486770047252e+02 4.220979410746165854e+02 4.896402015069413665e+02 4.537162008980981796e+02 4.479655327416597288e+02 4.065208670741603214e+02 3.666181401010019272e+02 3.591498253126688951e+02 4.591964965712420508e+02 4.913908707078242060e+02 4.222966744984664729e+02 3.222537838328609041e+02 3.645368846420443560e+02 2.958874486097014938e+02 3.251890954291916955e+02 2.361297770595351437e+02 3.361699286362613179e+02 3.888673911067120912e+02 4.405491767909461487e+02 4.401974938420784156e+02 4.357938358776805217e+02 4.772395790253726773e+02 4.109450971221194209e+02 4.218894493280229199e+02 5.219431376562635023e+02 5.811639795677838265e+02 6.104750792333086338e+02 5.833902384254957951e+02 5.419391542006806048e+02 5.586162522906869299e+02 6.000678436916095961e+02 5.188110720254204580e+02 6.102999546637506683e+02 6.810632885615291343e+02
3.649381936794249555e+02 2.812146053135039097e+02 3.051385667298815747e+02 4.051814864179802385e+02 4.603391955077304374e+02 3.895883459667794000e+02 4.188928488044594474e+02 5.189491593158975320e+02 5.032436311612538589e+02 4.666658158031669359e+02 4.591964965712420508e+02 4.591964965712420508e+02 5.592558117305650285e+02 4.637418732766803373e+02 3.800110967833257405e+02 4.373735372381727302e+02 3.666262548235380905e+02 2.994001085805568891e+02 3.361699286362613179e+02 2.473844535727755272e+02 3.474254163139378306e+02 3.405049141735974558e+02 4.405491767909462055e+02 5.123146123480615870e+02 5.227301310140942405e+02 5.109970758727986322e+02 5.219431376562635023e+02 5.518567494696171707e+02 4.810980527075963664e+02 5.104066841191973367e+02 5.454482497381966368e+02 5.454482497369597240e+02 6.455203631772774315e+02 6.603368872564273033e+02 6.188848448594501406e+02 6.603368884866983990e+02 7.041041913722754089e+02
