output/example/elevation_000017.asc
nrows	75
cellsize	133.333333333
xllcorner	0
ncols	75
yllcorner	0
NODATA_value	-9999
[rows 17 to 33 of 75, columns 37 to 73 of 75]
2.760446512534114163e+02 2.341835504408812767e+02 1.392754753263965029e+02 2.395252063201540409e+02 2.264905276649884911e+02 3.039728180433414195e+02 2.745351727397761010e+02 3.751254302825075797e+02 3.973556353050790335e+02 3.047666521636625703e+02 3.861951483593697958e+02 3.571170739266958662e+02 3.146975495146782578e+02 2.362942991748999191e+02 3.366532976487227984e+02 3.774801517968902544e+02 4.042963421912793933e+02 4.038424092141678443e+02 4.083099059940280426e+02 5.113450830748914768e+02 5.235147318828204561e+02 4.637222132219176842e+02 3.805843909055237759e+02 2.801296891663154156e+02 3.713378669874991260e+02 4.093063727699253036e+02 4.520117999610585002e+02 5.028274314282778050e+02 5.113787059193200548e+02 5.161301592495458408e+02 4.421123586355770385e+02 4.531710315167637191e+02 5.555549608118474225e+02 5.919572070571121003e+02 6.393306057847155444e+02 6.106030199639245666e+02 6.104830078320973143e+02
3.416004514076961414e+02 2.814311968097402996e+02 2.395317846236437447e+02 1.446382528513692307e+02 2.448927372685024864e+02 2.036511646729098004e+02 3.039743686015092976e+02 3.468949379355802876e+02 3.046906321133450319e+02 2.544983592227714837e+02 3.548726147644605931e+02 3.147491495036325659e+02 2.144201820640666654e+02 3.147491495248101501e+02 3.419838223893767122e+02 2.770714712797379207e+02 3.038618947658196134e+02 3.372769690905751645e+02 4.081968717766005170e+02 5.091326111161006907e+02 4.952501454537303403e+02 4.498413840740041678e+02 4.076160091778419883e+02 3.713376062176216124e+02 2.709027710423231383e+02 3.088095299407978587e+02 3.589257517023356741e+02 4.296745250564531489e+02 5.304496553196413515e+02 5.845995080604544683e+02 5.439622267690776880e+02 5.555487525875860229e+02 5.572713244024474761e+02 5.755304093496390578e+02 5.510856359398801487e+02 5.075130954980818387e+02 5.791392158144118412e+02
3.629868727353293707e+02 2.625813556159848758e+02 1.891000461910718968e+02 2.449078313542344745e+02 1.500682046232966229e+02 2.503277531452542632e+02 2.597828508034437505e+02 2.637417880877380298e+02 2.043800840373114909e+02 3.046906320629240099e+02 2.792710077087191394e+02 2.833941840416065929e+02 1.997984030730665097e+02 2.202600669743434025e+02 2.416312764697637192e+02 3.125200066868284239e+02 4.043234468723283044e+02 4.379098130673665423e+02 4.815102846907690832e+02 4.555490231104585632e+02 4.119831958303295210e+02 3.496243878613198603e+02 3.071223952378765034e+02 3.559358174309489300e+02 2.645122576245028085e+02 3.354253510838852890e+02 4.361778644299476468e+02 4.773371239805425148e+02 4.366198213631736849e+02 5.104686762437694938e+02 5.281415377971569569e+02 5.288585334363228867e+02 4.551814644192230617e+02 4.732170033575961838e+02 4.494999412236561511e+02 5.510860048700757261e+02 6.027461448743147230e+02
3.563775868432567790e+02 2.510331184895646288e+02 2.913623502543307495e+02 2.273436843563106038e+02 2.503397567819988865e+02 1.555512539230259108e+02 1.594996171946408765e+02 1.634564577897422168e+02 2.637418707492272461e+02 2.734497228242531150e+02 1.789706243387149698e+02 1.830888862845969527e+02 2.833943015361549556e+02 3.205875090766878657e+02 3.419838228339311854e+02 3.844854768271841863e+02 4.564548682235575825e+02 4.280850515882387413e+02 4.581122437376546941e+02 4.119817446966806642e+02 3.113275888345640396e+02 3.407963426962908784e+02 2.492286758077431728e+02 2.555295213343259491e+02 3.559360700362597072e+02 3.864165639369093697e+02 3.961368079923999517e+02 3.764064252069397867e+02 3.656506566283421193e+02 4.264779840547527670e+02 4.264022531519386803e+02 4.609453259144257231e+02 3.841942976764506170e+02 4.022014101840294984e+02 5.031983249974130672e+02 5.001488451445438272e+02 5.716578277432483901e+02
4.196760134322940985e+02 3.298216613694328316e+02 3.410305969922724785e+02 3.216094090022637602e+02 2.773609276688010823e+02 1.767917111810824906e+02 2.596669606642759618e+02 2.637417898171603952e+02 1.691216961747723246e+02 1.731561921072965617e+02 2.734498157618884306e+02 2.833941840119276208e+02 1.893266577247362932e+02 2.896407888837844666e+02 3.381745518074815209e+02 3.778685883834462516e+02 3.995403653461865474e+02 3.273435597565205626e+02 3.568377500705188368e+02 3.746180155181012310e+02 3.321002858609414261e+02 2.404227192920061782e+02 3.408032527169659147e+02 3.559358172746253786e+02 3.728111034321524357e+02 2.859813087279082993e+02 2.956719566947661519e+02 3.055014595509458104e+02 3.155255689962181123e+02 3.259198742049479165e+02 4.264792487484630215e+02 3.602313645794948798e+02 4.609453375107868283e+02 5.031896066675676025e+02 4.366077801323432368e+02 5.379563325379182288e+02 5.861483912250197363e+02
4.950864327906413678e+02 4.610304066295248049e+02 3.608132128941786618e+02 2.784675625344621608e+02 2.270063422452492432e+02 2.058494308678690174e+02 3.061677259038572743e+02 3.047973439429239306e+02 2.045625428714722034e+02 2.734497228216397957e+02 2.056793487267343608e+02 3.059691828001182898e+02 2.896407884966262145e+02 1.955832665993887360e+02 2.958620457482840607e+02 2.772388580740578732e+02 3.112611449393392036e+02 2.564485427442102150e+02 3.204992990685914265e+02 3.251581983583899955e+02 2.317353878857664427e+02 3.321002999352095912e+02 3.520736373629847549e+02 2.638076909281364237e+02 2.724031600949660969e+02 3.728111066484154890e+02 3.961350963700473926e+02 4.058492998653023278e+02 3.864480824730158588e+02 4.264782665584309029e+02 3.411174930511774619e+02 4.417405301976198757e+02 3.946189577548553302e+02 4.955620379555560362e+02 5.379536201665525823e+02 4.839369981743957396e+02 5.552407534753078835e+02
4.912735219427631250e+02 5.229338596821219198e+02 4.393216881390031858e+02 3.372898750576751468e+02 3.271887860648296282e+02 2.375595733607210605e+02 3.385647241706670911e+02 3.455944578887235821e+02 2.454829092931010450e+02 3.302723013426229954e+02 2.299900627653778713e+02 3.297100338628425220e+02 3.381753148095842789e+02 2.665758778259420865e+02 2.018775063855449616e+02 2.063417805645177623e+02 2.109211815835156187e+02 2.155152695548492829e+02 2.201486471090277348e+02 2.248021287308029059e+02 3.251584973666603560e+02 2.433965640629261600e+02 2.516954225295706919e+02 3.520739071751609117e+02 3.728083333890677977e+02 3.019622523353751831e+02 4.023957880663054425e+02 4.775733066187970621e+02 4.879585208461188017e+02 4.669691896722038109e+02 3.661766629814775911e+02 3.790074276861943758e+02 4.798795848647040430e+02 4.312452253562260012e+02 5.325447141653451126e+02 5.861331096724802592e+02 5.665708521023055937e+02
4.774320617096862520e+02 5.470500664417154439e+02 5.063218866034922030e+02 4.303738821157620009e+02 3.127809424467807276e+02 2.946798991601201578e+02 3.828504357487624361e+02 3.451279324096108780e+02 3.163055913398272878e+02 3.570739157356816804e+02 2.567798265414054981e+02 3.570648750120582235e+02 4.136208680980394092e+02 3.445214037520785837e+02 3.021650367584102810e+02 2.277213013751410244e+02 3.112616527925787864e+02 3.157916664910187592e+02 2.910498249627598284e+02 3.251583220842907735e+02 2.466860552599960101e+02 3.437675361160412422e+02 3.520743576615076904e+02 3.150981748454164517e+02 4.156955558465505192e+02 4.023952543847452148e+02 3.336607430391241564e+02 4.341161934828607514e+02 5.146466846431711701e+02 4.940330051192506176e+02 3.929706080756174060e+02 4.798789342686841906e+02 4.217733577024050646e+02 5.231091758504084055e+02 4.706152163850383090e+02 5.725030114008555984e+02 6.671381584161035789e+02
5.475973166722019414e+02 4.989595925978858872e+02 4.656185937722912627e+02 4.841943474192664212e+02 4.273045110602748764e+02 3.947239567957637973e+02 4.385175200918448581e+02 4.434274574461371685e+02 4.163390250532934829e+02 3.992065741758434001e+02 3.068936362605074919e+02 3.146484547159656131e+02 4.149536882007322447e+02 3.863217020190978133e+02 2.856002878913060385e+02 3.280696546820954609e+02 2.656106547625388430e+02 3.659881172848006941e+02 3.917849682938332307e+02 3.897272688768343869e+02 3.045647932817205401e+02 2.699933153717379923e+02 3.704207429196879389e+02 4.156962041089615241e+02 4.156935870727563724e+02 4.775672518754275302e+02 4.341160144523855138e+02 3.702619098991756346e+02 4.707233351267515218e+02 5.387999661358462617e+02 4.940565653848545935e+02 4.378469275341585671e+02 5.231091609472973687e+02 4.719670891631608924e+02 5.725030110007295434e+02 5.155450387044985519e+02 5.879291240548361657e+02
4.935634326591592185e+02 4.367745386976835107e+02 3.467363205612981574e+02 4.434842221198372272e+02 5.120685176382995678e+02 4.682923766579512517e+02 4.806624993571737150e+02 4.363411531223185307e+02 4.806744273305722572e+02 4.496759692617611108e+02 3.776457135677558767e+02 3.854846023162949677e+02 4.147610215938129272e+02 4.301393084065128392e+02 3.435065572045940030e+02 4.073909314247111411e+02 3.234873282776514998e+02 3.157321812313485339e+02 4.161706975530692603e+02 4.490706868806451553e+02 4.052138424812849280e+02 3.703250478898498272e+02 2.943051285454509980e+02 3.948007148369977131e+02 4.667714363439130238e+02 5.639250344652364220e+02 5.146464385899613490e+02 4.707233360018251460e+02 4.150672406041476279e+02 5.154833819289897292e+02 5.743135466340903577e+02 4.713368063279983176e+02 5.733870769350822911e+02 5.743177588121309327e+02 5.300740973333728334e+02 6.185829692099608792e+02 5.793000317332856639e+02
4.249459552577765749e+02 3.931257273111400536e+02 2.850673507716713289e+02 3.930901725026640179e+02 4.529728583054481987e+02 3.651325781503754797e+02 4.362804210909831113e+02 3.349149356815786405e+02 4.362672279782536293e+02 4.980067056885832812e+02 4.777982289630659807e+02 4.861067276775677897e+02 5.151647376461379508e+02 4.918515359479787321e+02 4.456078490173323985e+02 4.674671250865193315e+02 4.240457396568842796e+02 3.866217796621158982e+02 3.866066382647637170e+02 4.871605640849178940e+02 4.535772154894917207e+02 3.521938400777854099e+02 3.947840508687535817e+02 3.226573417324162847e+02 4.232430210456029727e+02 4.880170908700782775e+02 5.263722689552270140e+02 5.600979608803946803e+02 4.873482089615514496e+02 4.780378468675781392e+02 5.747457215163083220e+02 5.438368791199645784e+02 5.431215937764766295e+02 6.505429057214477098e+02 6.023296865601737409e+02 6.141538999475823175e+02 6.848059278956280878e+02
3.772660263509291667e+02 3.532182514666818065e+02 2.494473528017647368e+02 3.532184972051780392e+02 4.084224550917558645e+02 3.069042572391043109e+02 3.496598346252394549e+02 2.937877469381900823e+02 3.519686420152943356e+02 4.534923313684231516e+02 5.459853585436403591e+02 4.938041071092736729e+02 4.479862433221106244e+02 4.922774283622462690e+02 4.875560318947385667e+02 4.431257303124980922e+02 4.875568400069370796e+02 4.875081707691163047e+02 4.871616725428186214e+02 5.282599694212258328e+02 4.990943611972642202e+02 4.101945391460526480e+02 4.638570939228553698e+02 3.674923143695255021e+02 3.581003509614274662e+02 3.870435500178858206e+02 4.249514963986376870e+02 5.264733508287127961e+02 5.972155367144487172e+02 5.475648374277375297e+02 6.222432535690915074e+02 6.568513356352912069e+02 6.509905559921677423e+02 7.037600691505239183e+02 7.138348334584552504e+02 7.269933858425599738e+02 7.827058994289250222e+02
3.966337351360156731e+02 3.214457463673726920e+02 2.191860375120866138e+02 3.213861915275631986e+02 4.064746516797020490e+02 3.496551363351457553e+02 2.487774776966238051e+02 3.496422764520103783e+02 3.988333526689123687e+02 3.988970565633441652e+02 5.007133650841863641e+02 4.349100718884729417e+02 3.423280528235422366e+02 4.070999531608476332e+02 4.430586710959156562e+02 3.417308483465547511e+02 4.430589802070206247e+02 4.814495904388140843e+02 4.932108508238435434e+02 5.392466425846863558e+02 5.651250509350842322e+02 5.146192011007274232e+02 5.126859036375506093e+02 4.254076542841137325e+02 4.160071559574093953e+02 4.878009572387305752e+02 4.880280611457547479e+02 4.960679516843125043e+02 6.002093547647635887e+02 6.479013314756650743e+02 6.171799230011588406e+02 6.285105068979091811e+02 6.793127018190277795e+02 6.583122801357749267e+02 6.437121671982044973e+02 6.938347516152783783e+02 7.762691238253645452e+02
3.522804177038937610e+02 2.505055481863930993e+02 1.923752029405654866e+02 2.639304264332202479e+02 3.432014744582804724e+02 3.010571320483321074e+02 2.262939494713505439e+02 2.598179675148159049e+02 2.978629939685380918e+02 3.560465932833658940e+02 4.573930010718787003e+02 3.910384349122563776e+02 2.899775931275452763e+02 3.908517523481968965e+02 4.016626408501118135e+02 3.005917370480347017e+02 3.869718033512651800e+02 3.798088073339419566e+02 3.909039300695008592e+02 4.740425213106961451e+02 5.191241454213492261e+02 5.726385009924387077e+02 5.728990779406893807e+02 5.270019356411247600e+02 5.174239555223970228e+02 5.630098900320131179e+02 5.922485515510147707e+02 6.001636437673016644e+02 6.499665708200918743e+02 5.889458578703028024e+02 5.115550023080178335e+02 5.227927167437222806e+02 6.255098781737490299e+02 5.473282776445586251e+02 5.391172973415747265e+02 6.114005782984004327e+02 6.775576493869160686e+02
3.359061110093688285e+02 2.690590707778640081e+02 1.680743383826649904e+02 2.690573364497528246e+02 2.766213123117003079e+02 2.003332825312266721e+02 3.010571283285498794e+02 3.607086693864093832e+02 3.475376458810413851e+02 3.515253457872719309e+02 3.568989977639466815e+02 3.142998265156169850e+02 2.564330909187403336e+02 3.573244770648425401e+02 3.406946754576136414e+02 2.650030841811089886e+02 2.859827303271204073e+02 3.084969885739421329e+02 3.388834637098510143e+02 3.724977436433968023e+02 4.229376602294626082e+02 4.946940056109238526e+02 6.020304610491771200e+02 6.176008304301415137e+02 5.713555832018442970e+02 5.770916610305454242e+02 5.770904994207177197e+02 6.848369967912583434e+02 6.285630157330510883e+02 5.420862329254260885e+02 4.400621193010847492e+02 5.420237716584970258e+02 5.319864676791780767e+02 4.752277816108571074e+02 5.779140435964014841e+02 6.101646016092404352e+02 5.709998557492793907e+02
2.390809458102720839e+02 2.427352666935604191e+02 1.472533866899347004e+02 2.479272656588826749e+02 1.759379515398838407e+02 2.766213325984084008e+02 2.681512488680453998e+02 2.721521709885299742e+02 2.466169869305826978e+02 2.506353503706132813e+02 2.842289132284490734e+02 2.135486032415094542e+02 3.142894896588296092e+02 3.169222897356877979e+02 2.398611730980746302e+02 3.406464067426704787e+02 3.870077176060638635e+02 3.667074788509401060e+02 4.401488786026563957e+02 4.740425313752581360e+02 5.191241171480128287e+02 5.452544603477044802e+02 5.914295435955710900e+02 5.539772683854708930e+02 4.692025329862097465e+02 4.747675355200294689e+02 5.770916536255222127e+02 5.811548153595969097e+02 5.342315160121380586e+02 4.778196659392668835e+02 4.064504863913958843e+02 4.920236775894252901e+02 4.301338173863206293e+02 5.319870394351142977e+02 5.661780417942781014e+02 5.070069209671407862e+02 5.653586767927914707e+02
1.384143072470910738e+02 1.420650332893336270e+02 2.427353235514650009e+02 1.525341836709690995e+02 2.532071858036497076e+02 2.625015790306636063e+02 1.674746988656667952e+02 1.714729720109596656e+02 1.754800370564456955e+02 1.794991876397143926e+02 1.835370602803049564e+02 1.875841250594947383e+02 2.882818745414376167e+02 2.161628888466368608e+02 3.169222926196891308e+02 3.834967691698511203e+02 4.471745299884158840e+02 4.684226855858693739e+02 5.138510407616046223e+02 5.056278856601551297e+02 4.616175970618623978e+02 4.428206996417962955e+02 5.166348736872996597e+02 4.726442472436844469e+02 4.110094683087359613e+02 4.823221317972418092e+02 5.849117650689400989e+02 5.341947624312566631e+02 4.317540661270119813e+02 4.616440439206217548e+02 3.773355325834834844e+02 3.905800386675007303e+02 4.920307726411043632e+02 5.312146554495393502e+02 4.640132384184749412e+02 5.661780417711215705e+02 6.588033617278355223e+02
