output/example/elevation_000026.asc
nrows	75
cellsize	13.33333333
xllcorner	0
ncols	75
yllcorner	0
NODATA_value	-9999
[rows 34 to 50 of 75, columns 37 to 73 of 75]
2.422623111600109880e+01 2.925610454017186512e+01 3.259333254511793854e+01 3.673487863426801425e+01 3.537055876822682876e+01 3.120375729176996416e+01 3.179130304598756140e+01 2.283482022978643400e+01 1.200708818889202334e+01 9.220044302290059335e+00 7.696910506762340454e+00 1.773636198015892518e+01 2.157264179104386415e+01 1.476195697514967620e+01 2.484353887811795758e+01 3.121501343314579913e+01 3.538194726039827742e+01 4.119543352500760136e+01 4.573076535364250361e+01 4.511892377226467943e+01 4.096210884374148264e+01 3.752272235445978765e+01 3.335370220297848931e+01 2.461881937771254769e+01 2.647151808392776573e+01 1.637165645496409283e+01 2.017904539015853516e+01 3.029498339380226923e+01 3.473842456149489522e+01 2.464144585413463062e+01 3.004551675722685289e+01 3.469943980255646920e+01 3.223519908098000997e+01 3.223519908098000997e+01 4.110723668272899545e+01 3.926361222886550451e+01 4.882059951511542550e+01
1.626396939606345526e+01 1.925985684497316797e+01 2.258164853027974317e+01 2.966225176284627096e+01 3.966958752208930150e+01 3.471330242394940768e+01 2.471893672637037653e+01 1.743970128281272380e+01 2.280525588867051567e+01 1.805754085112126717e+01 8.026293942405160919e+00 1.806704437439982769e+01 1.151324561038446248e+01 2.157264179104569735e+01 2.376693904097436416e+01 2.758081549937581656e+01 3.175174849705057056e+01 3.757118889713643028e+01 3.567987441829335893e+01 3.931468169787100209e+01 3.090149234640675502e+01 3.931468169787074629e+01 3.888273317244245675e+01 3.471508197369999493e+01 2.873413480003921805e+01 1.861540582781902131e+01 2.873413480003921805e+01 2.658807830770265568e+01 3.667367449858092954e+01 2.917781654183398032e+01 3.473842456149489522e+01 4.427127889326056476e+01 3.933577117997003114e+01 3.803262115096189433e+01 4.227882844686408248e+01 4.931042477973889504e+01 5.347547948491540382e+01
1.789665226047553759e+01 2.788403866810106280e+01 3.259333254511793854e+01 3.075724831272304627e+01 4.076297050404486555e+01 3.471330242394940768e+01 2.471893672637037653e+01 2.764621866553304841e+01 2.868801514960683718e+01 2.057581655957594080e+01 1.052714557410023843e+01 8.497511674857188169e+00 1.853961972298519001e+01 1.901895350444094390e+01 1.369494073139907897e+01 1.749024685932183587e+01 2.331652932838809633e+01 3.340593873795167212e+01 2.854954952430358972e+01 3.039819282257357358e+01 2.506584769558087800e+01 3.090149234640675502e+01 4.096210884374148264e+01 3.831417753572643647e+01 2.823777047373778259e+01 2.106707610069650372e+01 3.118908177219824296e+01 3.372759769672534702e+01 4.083889868012942514e+01 3.499089869979226108e+01 4.340010581676082779e+01 4.895588752318548131e+01 4.938399721544037391e+01 4.807925548280123706e+01 5.224401666131851130e+01 5.649360033237250889e+01 5.657935409779177149e+01
2.788403866810106280e+01 2.038041804664532819e+01 3.038524554191965166e+01 3.735969364222609812e+01 4.490047350793055614e+01 3.886366936560474272e+01 3.471330242394940768e+01 3.343335656451268534e+01 2.452608949972331231e+01 1.445483009680881281e+01 2.057581655957594080e+01 1.853961972298519001e+01 8.975798110353679249e+00 8.975798110353679249e+00 1.901895350444094390e+01 2.758081549937581656e+01 2.959018865219578842e+01 3.110340206817103592e+01 2.693188177604988809e+01 2.029224634014832063e+01 2.613670844149826067e+01 3.621948874495306825e+01 4.511892377226247675e+01 3.941392201129015405e+01 2.934059111044755142e+01 2.491038710124292521e+01 2.934059111044755142e+01 3.941392201128982720e+01 4.795019966122226407e+01 4.503740278847223522e+01 4.920160055574532265e+01 5.181406388678679775e+01 4.941219802625838753e+01 5.356893182528480679e+01 5.497462080740437074e+01 5.203515069362236289e+01 5.155655504643399922e+01
2.745312191280051550e+01 3.038524554191965166e+01 2.320161294970318977e+01 3.321842894972497362e+01 4.052489027940374200e+01 4.552392803393772169e+01 3.638550741179348336e+01 2.633440696275970438e+01 1.919733231979513377e+01 2.452608949972331231e+01 2.603883847522195794e+01 1.901895350444094390e+01 8.975798110353679249e+00 8.975798110353679249e+00 1.901895350444094390e+01 1.951086092170352160e+01 1.951086092170352160e+01 2.395436042324979198e+01 1.683461560280397862e+01 2.266458056769509355e+01 3.276112363226253876e+01 4.037977996364604394e+01 4.559444150827808073e+01 4.357810830794877432e+01 3.916879325702960557e+01 2.997452715353671238e+01 3.916879325702960557e+01 4.357810830819325787e+01 4.852940516966770446e+01 5.268618377359884875e+01 5.181406388678679775e+01 4.177079256990349876e+01 3.936902122272968541e+01 4.777184259705200731e+01 4.493315081975389091e+01 4.199140615202555438e+01 4.739748372266216592e+01
3.746401817389366329e+01 3.735969364222609812e+01 3.321842894972497362e+01 2.636970059363774155e+01 3.138451405138350836e+01 4.138707918964497878e+01 3.638550741179348336e+01 2.633440696275970438e+01 2.927830612589453807e+01 2.914988693056815094e+01 2.186466579284643075e+01 1.180355351065940006e+01 1.901895350444094390e+01 1.901895350444094390e+01 9.465829798633979664e+00 9.465829798633979664e+00 1.951086092170352160e+01 1.387807445981224852e+01 1.968690311742014032e+01 2.978381551257862370e+01 3.692532770958501231e+01 4.264822967497432415e+01 3.554472184881274188e+01 4.264822966917510882e+01 4.419730436363377635e+01 4.003382283366337191e+01 4.419730436432279674e+01 4.688861425438267361e+01 3.848509670320444798e+01 4.688861425438267361e+01 5.282921442225879360e+01 4.361376719522208134e+01 3.357914794984822038e+01 3.912614904302535024e+01 4.328371847500760339e+01 3.489649081755151627e+01 3.858540967821987522e+01
4.345654657271653321e+01 3.345699628272495829e+01 2.636970059363774155e+01 3.638579662051424179e+01 4.052489027940374200e+01 4.552392803393772169e+01 4.053230616626566984e+01 3.638550741179348336e+01 3.296355985083618378e+01 2.497638073847434725e+01 1.489327189348698255e+01 2.186466579284643075e+01 2.532947829058164047e+01 1.525133737788199362e+01 9.465829798633979664e+00 9.465829798633979664e+00 1.120511844620411601e+01 1.699793795374603889e+01 2.708530216636762589e+01 3.395175637564701532e+01 3.761706774068527181e+01 3.345308568882428091e+01 2.841795478960201038e+01 3.554472184881274188e+01 4.559444150827808073e+01 4.602388466062071615e+01 4.186557052623910380e+01 4.193573016742270454e+01 3.268588938278676892e+01 3.862969894745536692e+01 4.780995359578992776e+01 4.777184259705200731e+01 3.912614904302535024e+01 2.907902045699325910e+01 3.532869138174979895e+01 3.513834597937073312e+01 2.853557837499149485e+01
3.852572935293292744e+01 4.052489041273707215e+01 3.638579675384757905e+01 3.173011301081051982e+01 3.880544309909299017e+01 4.879755509591261387e+01 4.173415717834317462e+01 3.167076640329814907e+01 2.452973822922024993e+01 1.869410239736976820e+01 2.070941781098433054e+01 2.914988693056815094e+01 2.950188071864140937e+01 2.368412076159519586e+01 1.951086092170352160e+01 9.465829798633979664e+00 1.951086105503685530e+01 2.543514243799116059e+01 3.125595250360895960e+01 3.393424556779292800e+01 2.976525988970706393e+01 2.335355879719411476e+01 3.345308568882428091e+01 4.264822967497432415e+01 4.577476232736956518e+01 4.022218718208799970e+01 3.181268619622380811e+01 3.188179639984285885e+01 2.856744760830390106e+01 3.360753611394351736e+01 4.365186178096716674e+01 4.415226597674114828e+01 3.999431458918281379e+01 3.532869138174979895e+01 2.523768838102206047e+01 2.504441450887581411e+01 3.513834596353768092e+01
3.103543228504245022e+01 3.517735168999412565e+01 4.095125309724904383e+01 4.173206494458600702e+01 3.989859035711236857e+01 4.989009131520359830e+01 4.043007992676023576e+01 3.036372174295084037e+01 2.452973822922024993e+01 2.452973822922024993e+01 3.080516049443323112e+01 3.497294926637460577e+01 3.348585349177658799e+01 2.846835662523031729e+01 1.986922954492527538e+01 9.822120932001011440e+00 1.691641039735493734e+01 2.699796560014296176e+01 3.074157509649365849e+01 2.656849103634007037e+01 1.965618915998244987e+01 2.976525988970706393e+01 3.160669381916239118e+01 4.166858737404308499e+01 4.019058060241702890e+01 3.155137457347975527e+01 2.597650963238240962e+01 2.473183254417685717e+01 3.482652542276657215e+01 4.278864074046195043e+01 4.780995359578992776e+01 3.999431458918281379e+01 2.993494310164941652e+01 3.288126479587333506e+01 2.274776659974663318e+01 2.274776659974663318e+01 2.993494341864598240e+01
2.104803088149468948e+01 2.680814082433674272e+01 3.681001980956747843e+01 4.318584557369848653e+01 4.818444711862351681e+01 5.402430288217836818e+01 4.458981388171248739e+01 3.878203608608166064e+01 3.461826531957869690e+01 3.461826531957869690e+01 3.878203608609309327e+01 3.643058202333061502e+01 2.642508915427499616e+01 1.929426141172239539e+01 1.426539761242616855e+01 1.017897317093449416e+01 1.727528658374902193e+01 2.735854565933712124e+01 2.376835688397396851e+01 1.647246377180612598e+01 2.656849103634007037e+01 3.393424556779292800e+01 4.166858737404308499e+01 4.019058046908369874e+01 3.306462565444859791e+01 2.593867070648019890e+01 2.143217465543862588e+01 3.155137457347975527e+01 3.898786700248511039e+01 4.153843165668669002e+01 4.043987822429196655e+01 4.274454124550328515e+01 3.288126479587333506e+01 2.274776659974663318e+01 3.146229122531635269e+01 3.288127427436353400e+01 3.288127427436345585e+01
3.103543228504245022e+01 2.550633506757115398e+01 2.904229512271571423e+01 3.404626692315936509e+01 4.404390670910931505e+01 5.107986089859812751e+01 4.528191279997634666e+01 4.112313907051782991e+01 3.757026947772547487e+01 3.438594834937632783e+01 3.186176334561807977e+01 2.954180815951677630e+01 2.738558771678696502e+01 2.665954175370527324e+01 2.059007786708644616e+01 1.053806110251126071e+01 2.059015411944651319e+01 2.112270948864182429e+01 1.369403174348917318e+01 2.376835688397396851e+01 2.656849103634007037e+01 3.665323150280850939e+01 3.687134730170365771e+01 3.306462552111526776e+01 2.593867057314686519e+01 1.877599212632695824e+01 2.889394248421499967e+01 3.571730839514840028e+01 4.153843165668669002e+01 3.148019052733294743e+01 3.037921094016299506e+01 3.748866197787950938e+01 2.851167007078966975e+01 2.131445091849383289e+01 2.131445091849383289e+01 3.146229122531635269e+01 3.881777822760172825e+01
3.852572935293292744e+01 3.550856589752795855e+01 3.904508681613435073e+01 4.318584557369848653e+01 4.818444711862351681e+01 4.692231656583603439e+01 3.687784650183488111e+01 3.107410634357799140e+01 2.750056191074481049e+01 2.428920833434331783e+01 2.174931313585940273e+01 1.942823781328342392e+01 1.728274297581397079e+01 2.249222994870799397e+01 1.242762307375408426e+01 2.059015411944651319e+01 1.106742339465655611e+01 1.106742339465655611e+01 2.112270948864182429e+01 2.529717332203039248e+01 3.111838417899424059e+01 3.489309572089216971e+01 2.678420388834998889e+01 2.678420388834998889e+01 1.877599212632695824e+01 1.877599212632695824e+01 2.462660850428386894e+01 3.472322910723343625e+01 3.973943984001869723e+01 3.332591216442273918e+01 2.320319983643917539e+01 2.974699289886381592e+01 2.974699303219714963e+01 2.131445091849383289e+01 2.131445091849383289e+01 2.455312884724312994e+01 3.040942253634225168e+01
3.380327842547001183e+01 3.380327842547001183e+01 3.798178297034466055e+01 4.395986471562054021e+01 4.395986471562054021e+01 4.808811747474274512e+01 4.528191279997634666e+01 4.112313907051782991e+01 3.254074456588933373e+01 3.438594834937632783e+01 3.186176334561807977e+01 2.954180815951677985e+01 2.446914765139609216e+01 1.438880570862245278e+01 2.249222994870799397e+01 2.529717305536372507e+01 2.112270935530849059e+01 1.106742339465655611e+01 1.106742339465655611e+01 1.685938789428329798e+01 2.694651540650838939e+01 2.480314391331138424e+01 2.480314391331138424e+01 1.668274041803045549e+01 2.678420388834998889e+01 2.462660850428386894e+01 3.306462565444859791e+01 3.888599637623298833e+01 3.557832803010838774e+01 2.547815930683143648e+01 1.959930581696508156e+01 1.959930581696508156e+01 1.959930581696508156e+01 2.974699303219714963e+01 3.146229122531647349e+01 3.465760813828641318e+01 3.171419719357261613e+01
2.350118964825606938e+01 2.350118964825606938e+01 3.380327842547001183e+01 3.387726078197366064e+01 3.387726078197366064e+01 4.395986471562054021e+01 4.752177186603266534e+01 4.675446759997448254e+01 4.259616365734649435e+01 3.856154587112324350e+01 3.439858838260362717e+01 2.738558771678697212e+01 1.728274297581397079e+01 2.446914765139609216e+01 2.864410477438767089e+01 2.430974048878331217e+01 1.423146397640879357e+01 1.106742339465655611e+01 1.106742339465655611e+01 2.112270962197515800e+01 2.167851850423617677e+01 2.294681674526778892e+01 1.472070664015695129e+01 2.184518620035622760e+01 3.095788146260753138e+01 3.472322910723343625e+01 3.888599637623298833e+01 3.723813359665700773e+01 3.260476827271778433e+01 2.843143907243011981e+01 1.959930581696508156e+01 1.959930581696508156e+01 1.959930581696508156e+01 2.974699303219714963e+01 3.261284091341131841e+01 4.267073631052697635e+01 4.176363076065188551e+01
1.624084397677044578e+01 2.651860145738287855e+01 3.074148617596702948e+01 2.654524267830586481e+01 3.683038710212067457e+01 3.935503886215583691e+01 3.751960750351008755e+01 4.752177186603266534e+01 4.020835423849974433e+01 3.014554459600879355e+01 2.430364812506822503e+01 2.047176567717444584e+01 2.738558771678697212e+01 3.155803695603478687e+01 2.935942838559279267e+01 1.926005259197382458e+01 2.112270962197514734e+01 2.112270962197515800e+01 2.112270962197515800e+01 1.162006907871857386e+01 1.162006907871857386e+01 1.288001154317687913e+01 2.294681674526778892e+01 2.897827557796512465e+01 3.611136495557401105e+01 3.845592460722578210e+01 3.429165101211940225e+01 2.714471597074410170e+01 2.714471597074410525e+01 1.829977123808155071e+01 2.843143907243011981e+01 2.679120538830108700e+01 2.974699303219714963e+01 2.248053856013307339e+01 3.261284091341131841e+01 3.404237143537835664e+01 4.114612275924940121e+01
2.470173345489991945e+01 1.624084397677044578e+01 2.651860145738287855e+01 2.284430589632320263e+01 3.319403941833944316e+01 2.914376785594167885e+01 3.642209888576473276e+01 4.643578233078547157e+01 4.436772788587467176e+01 3.856154587112324350e+01 3.349903787857176951e+01 2.339779284213995325e+01 3.349903787857176951e+01 3.648937385204387596e+01 2.640610827440817943e+01 2.640610827440817943e+01 3.120702320250732953e+01 2.746623137549798699e+01 2.167851850423617677e+01 1.162006907871857386e+01 1.162006907871857386e+01 2.167851850423617677e+01 2.712209820471789357e+01 3.336309981998302021e+01 3.761602335446125522e+01 3.429165101211940225e+01 2.418435835864514161e+01 2.714471583741077154e+01 1.703518419209535750e+01 2.714471597074410525e+01 3.260476827271778433e+01 3.688289519435736707e+01 3.677648607978266426e+01 3.261284091341131841e+01 2.579823649990486700e+01 3.588562042507759031e+01 3.998801611868373840e+01
1.448298064116084660e+01 2.470173345489991945e+01 1.822917762588761548e+01 2.856549787749212399e+01 2.466285976209207931e+01 3.500093827530356094e+01 3.642209888576473276e+01 4.643578233078547157e+01 4.511293416732468842e+01 3.506351882008103615e+01 2.924445841268319768e+01 3.055160863268072902e+01 3.766279347294908320e+01 4.065192740008845362e+01 3.648937385204387596e+01 3.648937385204387596e+01 2.912379846756448742e+01 2.329095055151383065e+01 1.322131564371141010e+01 2.167851850423617677e+01 1.206473343502599072e+01 2.212578688564993357e+01 2.576166583822583078e+01 2.261304887440643085e+01 3.336309981998302021e+01 3.027271759547983621e+01 2.609640624015671051e+01 1.703518419209535750e+01 1.703518419209535750e+01 2.714471597074414078e+01 2.736247209008844905e+01 3.450746185160094370e+01 4.456100751022017903e+01 4.004489330620120313e+01 3.588562042507759031e+01 2.993923994635760977e+01 3.704719983774443648e+01
