output/example/elevation_000042.asc
nrows	50
cellsize	20.0
xllcorner	0
ncols	50
yllcorner	0
NODATA_value	-9999
[rows 0 to 16 of 50, columns 0 to 36 of 50]
2.590084917154735766e-01 1.018202002912745741e+01 1.494305508739910415e+01 1.460354120932197652e+01 1.874733906000409789e+01 2.106205470375754274e+01 1.113197956120051835e+01 8.808290903503099400e+00 1.413963135504308077e+01 2.257472322614676230e+01 2.352203380995796778e+01 3.351978406494436769e+01 3.832087251037794573e+01 2.848089949823139122e+01 2.154965364598254851e+01 1.582776480236484495e+01 1.386314244463344103e+01 1.965159733127361363e+01 2.037132764173653143e+01 9.964559458497463496e+00 7.880344768984539172e+00 8.037584394349217121e+00 1.569630306440924628e+01 2.301301370280868142e+01 2.776653240913499943e+01 2.921233007993968656e+01 3.003003834043877163e+01 2.628414228362058225e+01 2.738580682325775584e+01 3.719610666290451917e+01 3.328760661779743657e+01 3.905789079322642721e+01 4.072125633488865759e+01 2.923199798399604177e+01 2.176305159933623656e+01 1.697507825455445385e+01 1.687503950908072525e+01
6.054987779269863646e-01 1.060549877792695028e+01 1.460354120932197652e+01 -1.078695378791966277e+02 1.460116220008726096e+01 1.763796224465249551e+01 7.829268737318031413e+00 7.859207148342466809e+00 1.009973924126932765e+01 1.350715661244475996e+01 2.334693822877519764e+01 3.037187375516098697e+01 3.615139248380972958e+01 3.247750474949658184e+01 2.261244598440583076e+01 1.918231355730199539e+01 2.087027172837619560e+01 2.825990233460468204e+01 2.455313145254499574e+01 1.716086797740343783e+01 1.005979011013878299e+01 6.252189258523417337e+00 1.174064712879620309e+01 2.143930512129809784e+01 2.728755469496330122e+01 3.134429825809786863e+01 3.603222583404289026e+01 3.611019566341467879e+01 3.719610666289791112e+01 4.126897487860907887e+01 4.293393963500123078e+01 3.821276802502863035e+01 3.391967763510702838e+01 3.275920436250737566e+01 2.744273404108499648e+01 1.789839707958453019e+01 1.276949766869394232e+01
3.430590528629120506e-01 1.034305905286287697e+01 1.182408463380616226e+01 6.525833255706520397e+00 4.584039020795832364e+00 8.624551833418978575e+00 6.172619065013484452e+00 9.767160793866606738e+00 1.607788176773923539e+01 1.306536871671816691e+01 1.617580757910861422e+01 2.199452078819116707e+01 3.201228938188921092e+01 3.660327602229626365e+01 2.732246859930935301e+01 2.613423773394943339e+01 3.076683825788114390e+01 3.033204707200012962e+01 2.602193878403394578e+01 2.119948144680353153e+01 1.434140696194103270e+01 7.541605474439181833e+00 7.540946326850031411e+00 1.598712186038713945e+01 1.674386481636443236e+01 2.006370399146315719e+01 2.836853333154161305e+01 3.345188799647654321e+01 3.941058200947170320e+01 4.127555811415831499e+01 3.700608981609132542e+01 3.391967763510702838e+01 2.362827328687874484e+01 2.246436398330988382e+01 2.708272733452393410e+01 2.405391957362464339e+01 1.346341526129731747e+01
8.235039275605838816e-01 9.120446518645275447e+00 2.378550740327429747e+00 3.221376493134769259e+00 6.516820251209212600e+00 -1.637962950438765972e+02 5.321991153324893808e+00 1.508553584489636457e+01 2.381701742521217824e+01 2.024517997607744491e+01 1.805203533572532848e+01 2.385469750723962434e+01 3.386414820592120378e+01 4.134875042619349728e+01 3.719640486903499976e+01 3.595638020973252225e+01 3.316672811676110655e+01 2.327214919997706488e+01 1.614329894194977300e+01 1.723765217433941288e+01 1.006569151102026716e+01 6.810153038711475482e+00 1.013115110003381680e+01 7.064215187342659519e+00 9.526998832563830177e+00 1.221595212867109304e+01 1.773161485710394558e+01 2.481389259698386951e+01 3.544714224840604544e+01 3.549484664388005228e+01 2.711576466577681188e+01 3.015634106627205924e+01 2.490325057853680590e+01 1.633631426055298164e+01 1.680094662897721491e+01 2.215606613749437770e+01 1.802750782686710807e+01
7.161369641965544819e-01 1.661048146719622087e+00 2.154208678159791113e+00 2.424819519015600111e+00 1.208701109479974534e+01 1.377077321055923420e+01 7.025103859333381884e+00 1.100671151026029548e+01 2.089955145071843745e+01 2.546186781177888037e+01 2.787343575144163665e+01 3.222869927875392193e+01 3.800605357866857048e+01 3.504665857334859425e+01 3.302924714199021849e+01 3.383377529279183449e+01 3.162595143604075432e+01 2.174367268004710496e+01 1.454905702087724428e+01 9.439509080403475139e+00 6.249501582392604782e+00 6.147086743255917085e+00 1.025310918571837782e+01 1.433114923724406964e+01 1.041254336558568205e+01 1.278217908754970544e+01 1.748337460918126496e+01 2.548937516233221956e+01 3.555937040231605550e+01 3.111303717468538466e+01 2.181373640005803338e+01 2.073709839212837025e+01 2.664987489407570820e+01 1.901786148828185929e+01 1.125960002416786310e+01 1.331791910025071068e+01 8.427514041310285364e+00
6.490390650280113416e-01 9.777956349496122357e+00 1.191997130755133583e+01 7.742248628001175526e+00 1.656324232291634146e+01 1.910877279869435696e+01 1.010093022117340489e+01 9.323713083859827222e+00 1.157977362988569325e+01 1.655590505461625028e+01 2.360745083870427408e+01 3.361496889151577250e+01 3.504684059537609642e+01 2.498735678384271708e+01 2.297167575632873593e+01 2.379549196145165268e+01 3.091408567384785044e+01 2.735321237868042488e+01 1.657849388758727116e+01 8.974511347361978864e+00 5.882729719260534118e+00 7.803956047436989785e+00 1.349757641787150497e+01 1.558995430817839356e+01 1.903660169825127824e+01 2.395111723352613353e+01 2.688928156966264638e+01 2.843751577245144802e+01 3.829095448800644164e+01 3.106791096190098500e+01 2.156453825710235606e+01 1.687614734211887324e+01 1.766430738727971672e+01 2.306754947251060983e+01 1.410267915505156644e+01 7.940593220997984147e+00 6.693124447698684421e+00
9.330058981412470143e-01 8.004073710006696984e+00 1.800407371000662593e+01 1.771718505660973264e+01 2.186294669897843335e+01 2.005600462103038240e+01 1.991267196519980587e+01 1.156576384965517690e+01 1.270522366298117944e+01 1.696127118362354835e+01 2.273257831042627330e+01 3.273946703393026070e+01 3.234027054509378729e+01 2.229011645724917301e+01 1.675406689604326260e+01 1.664647662919793802e+01 2.411595729169287949e+01 2.479935224416923134e+01 1.743269907929488483e+01 5.446150759567309763e+00 5.319161474393358624e+00 9.025542555152672008e+00 1.580346706181039629e+01 2.315640757060718613e+01 2.644801331301455605e+01 2.664052103859825138e+01 2.746607338144805865e+01 3.259287258517122154e+01 3.835985569947577289e+01 2.756310634868744813e+01 2.073035017552013315e+01 1.647642121335132259e+01 1.381660069335454644e+01 1.452169726031254804e+01 1.595333337529859286e+01 7.007800047108861285e+00 6.673961603035738044e+00
5.188205228764638521e-01 8.318542465429414889e+00 1.548385967233021709e+01 2.122269831115179173e+01 2.591165084669410845e+01 3.005293066271822866e+01 2.571580562623898558e+01 1.656125854172651302e+01 1.697174665141583816e+01 2.230342821451214874e+01 3.110556209869211131e+01 3.688238172888891597e+01 2.753615798072510046e+01 2.041485419924275746e+01 1.532015787497429748e+01 1.254447887538067619e+01 1.420734221652402773e+01 2.058742366539392066e+01 9.918572260977590815e+00 -6.197242393755294643e+01 6.324254339168482453e+00 1.235122197551056011e+01 1.865042987585990630e+01 2.010354706444311290e+01 2.204288691689952984e+01 1.475626632616653389e+01 1.438195921954728362e+01 2.541066326942971187e+01 3.949793758181117198e+01 3.465671065567720888e+01 2.933190929161501614e+01 2.281300335336311136e+01 1.422409814904287551e+01 1.083161781788032485e+01 1.132114190638362317e+01 -5.280182898750893195e+00 1.045416886940803458e+01
7.467319160170617920e-01 3.761845361794700526e+00 7.297379267727443164e+00 1.176951522272703698e+01 1.884058303459255868e+01 2.884058303459268657e+01 3.071283799340489296e+01 2.656999561630745177e+01 2.276041652959386496e+01 3.114623118462048623e+01 3.646243062017803283e+01 4.179698844476185826e+01 3.466735341840639961e+01 2.579495586957335007e+01 1.571955787684510675e+01 1.098597431231774024e+01 9.140648292966146116e+00 1.226609193040806289e+01 1.702335619962684277e+01 1.312084540650706543e+01 5.072974270683532794e+00 1.305000748732926574e+01 1.489893004949325039e+01 1.198707824671887501e+01 1.391756006260241918e+01 5.763466969216534785e+00 1.387713664952783965e+01 2.575283754968331706e+01 3.229436069252084707e+01 2.763381404921689111e+01 3.230561859928088353e+01 2.704441764994491137e+01 2.143933506507414677e+01 1.455528870836626787e+01 7.990470050815357439e+00 6.410862691100790656e+00 6.140431041781881483e+00
7.351574092455022136e-01 8.494804880841076766e+00 1.535932637039177706e+01 2.119633147153767538e+01 2.591165084663315810e+01 2.905499207297397746e+01 3.094123648338454302e+01 3.508067672097458711e+01 3.277957487421335969e+01 3.694049221500304014e+01 3.633407628996889827e+01 4.046083168584640788e+01 3.278054397276625309e+01 2.273247879145510453e+01 1.688115083378546544e+01 1.675373662557589682e+01 8.808909373264876663e+00 7.000477974834399042e+00 7.167289010702456054e+00 -3.128155691475242861e+01 4.771725618533153579e+00 4.450686068564256637e+00 4.761504091861486820e+00 8.314816865676112556e+00 9.684223793982310369e+00 -9.211915089176972771e+00 7.327567392860233397e+00 2.058180479913767513e+01 2.679119187905174115e+01 1.700051429967664163e+01 2.314753530999747611e+01 2.427244972954964553e+01 1.479486358978721938e+01 2.262888506458978988e+00 1.223374926489152514e+01 5.800034554339592141e+00 6.171915590069136925e+00
5.269872374626074496e-01 7.598055049328070076e+00 1.759805504932799991e+01 2.688564303135759914e+01 2.394558646610609287e+01 1.903708091302698691e+01 2.095278132482861366e+01 3.094123648338453947e+01 3.545080283700923474e+01 3.131614558032667262e+01 2.635402517296112279e+01 3.470504949265884420e+01 3.697546919120706121e+01 3.116078458817659680e+01 2.675247028363610369e+01 2.301310402312184777e+01 1.882667889921891913e+01 1.306775519575135291e+01 6.709656118565943572e+00 9.537515891330382800e+00 1.281725501278886448e+01 4.718771468124826285e+00 3.964461564849335762e+00 3.570896045256119145e+00 3.266674483003205509e+00 3.023701236324426667e+00 1.302061467958662888e+01 2.259782107001475993e+01 2.031528748404143769e+01 1.249714449866798205e+01 1.300851781414787389e+01 2.151556042128255086e+01 2.164156188157704719e+01 1.742059262825859989e+01 1.419279420164977701e+01 7.523255687415509207e+00 4.100513678337778245e+00
1.383962708379395945e-01 7.209464082703425980e+00 1.720946408270349437e+01 1.690451855538790227e+01 1.397952907108615861e+01 1.389485529622673532e+01 1.867742948384684709e+01 2.865829196495710818e+01 3.048251775315022982e+01 2.131059984897348158e+01 2.058851265215297133e+01 3.000454340073148174e+01 3.399434373193166437e+01 2.992884441066763657e+01 2.883124917196606063e+01 2.883074527819878696e+01 2.717829950185645060e+01 2.065828893550514778e+01 1.624372145922817268e+01 7.529738745576233683e+00 1.742025549130979911e+01 1.488596775220261037e+01 5.722913107001787125e+00 -9.397746471112760958e+00 9.972684474384724496e+00 -4.627589614658242567e+01 1.079994076200525832e+01 1.763790029029113171e+01 1.799025996997402288e+01 9.093156221902088276e+00 8.094223925129496067e+00 1.679406660917843652e+01 2.046126829057958929e+01 2.091224609609640694e+01 2.024398192243236494e+01 1.586911696421900508e+01 1.351863509570291200e+01
6.756183529128325649e-01 1.067561835291279770e+01 1.706032226659403861e+01 9.854207318711599939e+00 9.428082261216447435e+00 1.360511610743391131e+01 2.359434279073666474e+01 3.279529704385209499e+01 2.616972413122819674e+01 1.635868025017451899e+01 1.609783530589898604e+01 2.583376750231488117e+01 2.992884446561033229e+01 2.004046068581064688e+01 1.894456731648471504e+01 1.894126825277801629e+01 2.591628445168834460e+01 2.344479423602287937e+01 2.168158412713321326e+01 1.743554896276983968e+01 2.174034611707973141e+01 2.262261040650242094e+01 1.708685383162780269e+01 1.272550611277783439e+01 1.095240291196368076e+01 3.113822728732721590e+00 2.911135340429411134e+00 1.388075409608040367e+01 1.944793452858020544e+01 1.011971394842410277e+01 -3.176697910053778884e+01 1.416393890297702818e+01 1.005876173276413077e+01 1.030879524378575773e+01 1.479020590832465842e+01 1.488632303202104445e+01 -8.156693864127173299e+01
1.053743069371424479e-01 1.010537430693710625e+01 7.239208361995003393e+00 5.958818899072957365e+00 1.058304300740738313e+01 2.059029775713955956e+01 2.773277787531734973e+01 3.174842546018506795e+01 2.823953732317810150e+01 1.823815543566550446e+01 1.332176701708033661e+01 2.005634953073564830e+01 2.445445224011938024e+01 2.122999852545843424e+01 1.299010624692822802e+01 1.187586457067661172e+01 1.842807731257731518e+01 1.333883680758946788e+01 2.052133630351869087e+01 2.214202035762238552e+01 2.626971494307269595e+01 2.347300819181931786e+01 1.928507593804009090e+01 1.814633933659537135e+01 1.146672031994266661e+01 -7.434626953499589774e+01 -8.143248436184052252e+01 9.930102715618012610e+00 1.706652675906104477e+01 9.913266450046323897e+00 9.355283214556857629e+00 5.854482542596131545e+00 8.082380258963299369e+00 4.405051182160801382e+00 4.950637706294891416e+00 1.047498212755022351e+01 4.900423383776039366e+00
4.388850927889174081e-01 5.991447414043721054e+00 2.938077238810704372e+00 7.284398335390055657e+00 1.725281953817940561e+01 2.024948260253789911e+01 2.172072638363675878e+01 2.172072638363676234e+01 2.773818175471476621e+01 1.775228501681084126e+01 1.095624172492683890e+01 1.031342013726032647e+01 2.032150654418776625e+01 2.269975445343234099e+01 1.274379201070258283e+01 8.078414900190105996e+00 8.693511141671065090e+00 6.285724068698947953e+00 1.612673313282151000e+01 1.253924600473009754e+01 2.066423273380860337e+01 1.929034642116248222e+01 9.300390050287614230e+00 8.091346046532807534e+00 1.236064903016012195e+01 -1.174167107447570544e+02 3.032760636620447592e+00 9.338713166784444297e+00 1.324507501152609024e+01 -2.784924105373095244e+02 3.950250997236136818e+00 3.503365751202169420e+00 4.039511497975778020e+00 4.582190717039998695e+00 3.067084738416226752e+00 4.610267838637997606e+00 4.899343021806451759e+00
8.953435393330821945e-01 -8.470848598225336756e-01 5.821857887437569268e+00 9.517816541258223850e+00 1.200846136306686773e+01 1.039846637335478796e+01 1.180453918570914951e+01 2.077057874539556082e+01 2.833919292184647887e+01 1.833326311233996009e+01 1.123183668351285291e+01 8.221863623331111981e+00 1.535638444281033443e+01 1.982188151699478951e+01 1.903845622944592719e+01 9.191265813020111253e+00 4.475490229069523096e+00 7.102548404210940802e+00 1.290712745654107252e+01 7.892835453637127685e+00 1.620501475584389439e+01 1.807781382230090372e+01 8.066732417958618839e+00 -4.016511102244939480e+02 2.785647705153122544e+00 9.006161090742084596e+00 2.554090253880521022e+00 2.882966336447708056e+00 1.287779618198714360e+01 -2.124191973150215631e+02 3.838344272740728425e+00 2.988528863746699127e+00 3.543592400179799373e+00 1.325964937022907364e+01 5.922048583042379022e+00 4.776451911859600941e+00 1.237163747512685852e+01
1.994484013391750743e-02 4.740766302678739441e-01 -6.347083626998502268e+02 -2.434503329786874986e+02 2.421085201419577171e+00 5.755739376009165298e+00 1.133503088170827233e+01 2.123140352815273957e+01 2.896499809462569530e+01 1.894331154423321095e+01 1.184909715906037597e+01 6.433353663961542956e+00 5.706240685159187365e+00 1.567956642060623551e+01 1.820629741561860726e+01 7.565940686277409455e+00 7.159075414088937883e+00 -9.761695143961600252e+02 9.731189639450782636e+00 5.371400643721544910e+00 1.013292247140073599e+01 1.902295687597921159e+01 1.218026628131957700e+01 -2.581181060166574639e+02 1.604200262489947848e+00 9.116681680327459958e+00 7.776623285494205007e+00 3.138696620514569879e+00 3.599363730419487872e+00 1.271721948710082373e+01 8.977500807837554220e+00 1.557424619341422023e+01 1.449302412126397854e+01 -7.161067426489610455e+01 9.806500540469542671e+00 1.449268273370401339e+01 1.883518710581924438e+01
