output/example/elevation_000349.asc
nrows	75
cellsize	13.33333333
xllcorner	0
ncols	75
yllcorner	0
NODATA_value	-9999
[rows 17 to 33 of 75, columns 37 to 73 of 75]
2.708981327397172834e+01 2.856633774268441428e+01 3.094658598589623466e+01 2.632142230377627001e+01 3.348469303310220369e+01 4.342259298075852314e+01 4.551614800528476934e+01 3.603622393128373602e+01 3.116814271691668026e+01 3.624691157729137814e+01 2.741178599533855476e+01 3.554536517234985382e+01 3.955091637230843560e+01 4.517568523055590646e+01 5.063755151767178830e+01 5.459584044179025142e+01 5.260198531556191881e+01 4.199150348154576307e+01 4.501658927580999858e+01 4.051335557713528601e+01 3.179953088366562852e+01 3.651492990483124856e+01 4.591163816163368239e+01 4.595530511108668037e+01 4.742755074111784808e+01 4.334092356861977891e+01 3.896418418992011823e+01 2.789927694645995615e+01 2.730059660761820695e+01 2.138416671941393687e+01 3.034663690062573949e+01 3.690930590593898586e+01 4.324247027570909552e+01 5.040641163343877906e+01 4.913061835610205463e+01 4.190674371945938503e+01 4.190674371945938503e+01
1.691731025527847621e+01 2.426250675673685109e+01 3.462906631938495394e+01 3.639543645522923043e+01 3.639543648195168402e+01 4.636076487529714285e+01 4.954059613551488184e+01 4.077618522547503233e+01 3.799259973533284551e+01 4.120741509700903293e+01 3.722823885378659270e+01 3.004203678983093440e+01 3.966605776062695554e+01 4.609414624802239047e+01 5.010929311314310297e+01 5.565024482574398945e+01 5.260198531556191881e+01 4.199150348154576307e+01 3.445034910823045493e+01 3.164897979601678557e+01 2.984835980043160220e+01 3.564509863686888735e+01 3.884709473568314309e+01 3.294572921616335748e+01 4.020373563099360581e+01 3.458827991981623740e+01 4.123925053756003223e+01 3.544722053645208604e+01 2.441524675053280902e+01 2.070369761531439678e+01 2.665744050348216021e+01 3.505924477559603503e+01 4.118729602438970971e+01 3.999268159629598784e+01 4.042761679552236842e+01 3.489844343452148223e+01 4.190674371945938503e+01
1.811897979879337583e+01 2.835195546060624494e+01 3.407524796917888210e+01 3.999367054932462651e+01 4.390338569931425639e+01 4.376860847191083792e+01 4.768521429213642193e+01 5.033221056686934247e+01 4.749636252865052910e+01 4.621352400542833294e+01 4.219286479488247465e+01 3.273202426019852851e+01 3.367363744910689860e+01 3.670179801346219506e+01 4.207774044047123141e+01 5.158173653341832221e+01 5.320202065403880454e+01 4.321550305534573511e+01 3.672488002043768773e+01 3.259203723215896531e+01 2.985390599607857354e+01 2.743490584302001523e+01 3.370998651892047349e+01 2.523776020960021782e+01 3.567858020995799251e+01 3.033254328799249322e+01 3.814557334211964701e+01 3.713299489767283035e+01 2.964878744519753084e+01 2.006005297124706388e+01 2.986994477641195544e+01 3.600044474003745165e+01 3.109473419683538609e+01 3.724335812936486434e+01 3.078670757797160107e+01 3.489844343452148223e+01 4.058380503681922846e+01
2.835195546764659014e+01 1.986019023288720931e+01 3.004806676615122285e+01 3.026819681863313605e+01 3.773663372574393549e+01 3.433813840047626798e+01 4.113569187526533710e+01 5.098594488491233534e+01 4.622678249399042016e+01 3.681506138796727612e+01 3.681506138796727612e+01 4.220102991914485813e+01 4.034931552281730660e+01 4.312394265203082000e+01 4.330027443247987406e+01 5.284070493346067821e+01 5.199294004728513841e+01 4.224960550881035459e+01 4.073745699399229636e+01 3.788638684395353096e+01 3.563654695212524359e+01 3.370998651892047349e+01 2.523776020960021782e+01 3.220115167299015724e+01 3.113874998445938402e+01 2.704069830823194209e+01 3.502229053975802486e+01 3.499614248516778758e+01 2.668397489509557019e+01 2.006005297124706388e+01 2.507491951335579472e+01 3.233318224645878303e+01 3.041782656744710778e+01 2.783654155731466417e+01 3.306790803497505493e+01 4.294712156176860418e+01 4.913061835610047012e+01
2.234261762042467225e+01 3.005026835292826703e+01 2.241693772775589011e+01 2.431496256404487255e+01 2.800637696789279119e+01 3.773698838463566574e+01 3.990609753355718681e+01 4.678974555888988363e+01 5.025178267114475261e+01 4.621862069002433060e+01 4.146963120383937706e+01 5.020125100551697983e+01 4.982248509790640867e+01 5.266494243622400973e+01 5.284070493346067821e+01 5.691831179380634609e+01 4.811030576188510111e+01 3.581671833107261449e+01 3.149330648970120095e+01 2.937442571308859840e+01 2.733121318608386829e+01 2.523776020960021782e+01 3.220115167300388492e+01 2.342926885963756689e+01 2.213951730577240440e+01 2.671693929359737041e+01 3.241826598856180652e+01 3.236829081328092172e+01 2.844368068024084906e+01 1.944964182914325690e+01 2.918875923173309772e+01 2.861675458920683468e+01 2.536950862412199825e+01 3.589648431290826380e+01 4.141120620217618153e+01 4.716635283773337051e+01 4.946275225088617589e+01
2.415141413992839858e+01 3.393452155636910561e+01 2.968760432166723007e+01 3.438156780784227351e+01 2.431496256404487255e+01 2.814499388485617715e+01 2.814499388485617715e+01 3.881726359121317671e+01 5.249898656330545066e+01 5.497673244719537422e+01 5.094421634131626320e+01 5.497673244718932750e+01 5.299818520773392549e+01 5.192331486009480557e+01 5.268593057016584424e+01 5.098848461199037274e+01 5.212141346438539813e+01 4.452475537581810983e+01 3.513639046451747561e+01 3.505067815362534844e+01 3.296161349411676156e+01 3.371087778606857910e+01 3.603893276094674292e+01 3.220112303234211737e+01 2.965715405776615299e+01 2.042417269492594301e+01 2.825295656209260997e+01 2.769897369353094163e+01 1.869499788471059532e+01 2.844389409034896943e+01 2.137393199425503809e+01 2.279676869747609658e+01 3.266336086192342236e+01 3.141072804671829033e+01 3.949258679651950388e+01 4.236740106089909830e+01 3.942841525896800192e+01
2.676809983622468891e+01 3.671107814873113284e+01 3.952709947236041188e+01 3.925353645115237100e+01 3.485281896352006470e+01 3.002287680147345128e+01 3.775451572855505589e+01 4.646965248358618794e+01 5.029325715815997455e+01 5.032258440767881069e+01 5.440183706890680071e+01 5.299818520773392549e+01 4.297723489684193510e+01 4.187221436446000666e+01 4.266053256907976277e+01 4.163414302228563457e+01 4.866286625057509241e+01 4.909853922292543871e+01 4.469513981033520622e+01 4.467293734765483748e+01 4.210987024827949909e+01 4.100690508255225097e+01 3.192619483624029542e+01 2.614117654009078251e+01 2.370792860160844029e+01 2.119940927104528328e+01 1.881582287638982720e+01 1.796307782236873862e+01 2.769972948843239280e+01 3.224072974085434140e+01 3.125025224314546790e+01 3.266316455188746204e+01 2.574600061154685093e+01 2.790433017759815471e+01 3.022366258749007883e+01 3.269768791252101892e+01 3.942841523049302310e+01
2.676809983622468891e+01 3.183056774482388107e+01 3.736081809718984204e+01 4.677248112108470934e+01 4.464450675435164584e+01 3.579492668228216701e+01 4.464450675435176663e+01 4.725498729647389240e+01 4.013654900411156490e+01 4.016894882834973401e+01 4.859128477633615972e+01 5.192331486009483399e+01 4.187221436446000666e+01 3.450447977969104585e+01 3.531439857141229055e+01 3.458713525392516175e+01 4.385466628096281738e+01 4.933907892688636565e+01 5.342695110243978718e+01 5.360175018370773614e+01 4.337422890844124623e+01 3.831051224563695712e+01 2.958228488680916612e+01 3.458878359489829535e+01 3.240785951425545619e+01 3.080733648664941171e+01 2.713963152903724563e+01 1.744336599736026372e+01 2.123161088494196846e+01 3.112489985944662862e+01 3.902946261320354182e+01 3.946468501573688314e+01 3.249368487716454723e+01 3.332821937997377404e+01 3.978305938348039206e+01 3.942841522437480961e+01 3.942841523049302310e+01
3.277618382396244812e+01 3.437030435018152730e+01 4.474528631589225114e+01 5.076023745262729392e+01 5.074981389166008938e+01 4.638283588819213321e+01 4.803669594449804237e+01 4.209707391358622175e+01 3.266620517722316208e+01 3.406978782700981867e+01 4.129895645180135944e+01 4.546894849522274740e+01 4.689776461227747006e+01 3.666243927758723942e+01 2.918988243073362909e+01 2.932286856147108978e+01 3.971452550193816933e+01 3.918810403750406834e+01 4.407762748919680718e+01 4.821409675128278849e+01 4.337422890844202783e+01 3.390088248020740735e+01 3.831051224563741187e+01 4.243684620770562077e+01 3.904356565285077352e+01 3.486092681825718387e+01 2.671417160454158335e+01 1.697871308407539459e+01 2.624343116691607136e+01 2.687445650314833756e+01 3.264414218303893023e+01 4.196572322697224422e+01 4.205616251336621048e+01 4.306836023483190701e+01 4.724690845860778410e+01 4.946273664405916293e+01 4.946274051228779456e+01
4.339964332345069664e+01 4.506626922254671541e+01 4.935739969738214228e+01 5.227510337053043088e+01 4.818424918028796355e+01 4.750244261328385420e+01 4.390086141527816466e+01 3.348765270377039371e+01 2.726345687904717607e+01 3.387279316063202828e+01 3.079678566265517148e+01 4.129894780904123053e+01 4.969345495063111429e+01 4.383037249802887203e+01 3.583704464279824009e+01 2.528072975704360559e+01 3.062324664359196902e+01 3.676063061771191087e+01 3.372983128033077804e+01 4.407762748919680718e+01 4.762351289911741503e+01 4.337422890719731328e+01 4.762351289911656238e+01 4.168038354989366923e+01 3.237434219241706757e+01 2.596846605400854813e+01 2.575706630033632649e+01 1.650361872484551995e+01 2.213188654844474001e+01 3.072867379301163027e+01 3.907909488185860170e+01 3.919902213397991630e+01 3.919909150903559691e+01 4.134806917204477372e+01 4.243376481029046232e+01 4.659643393230461328e+01 4.700066881585783563e+01
4.725566981169275493e+01 4.649064811734945124e+01 5.058090835387044137e+01 4.818424918028796355e+01 3.794432856677804011e+01 3.722348005887302236e+01 3.722466138348498532e+01 4.032558486461253722e+01 3.387279316063202828e+01 2.316881321378950531e+01 3.387279316063202828e+01 3.523077310515267158e+01 4.246236719838672258e+01 4.372163081046804223e+01 3.384902715054835198e+01 2.328688862647430469e+01 3.113085630204116683e+01 2.622828728844576673e+01 3.676063061957118805e+01 4.471928141843011417e+01 4.972820163879047328e+01 4.563980528301740947e+01 4.075273949295777243e+01 3.659878557216497086e+01 3.357572293256917817e+01 2.922660287472709228e+01 1.986484411262951610e+01 1.602233433150395570e+01 2.580706828075426529e+01 3.439653456484847283e+01 3.663743785232705363e+01 2.996535480825018638e+01 2.996535513551189567e+01 3.197863094635393466e+01 3.298989312702338594e+01 4.000136843148135313e+01 3.710216328514940187e+01
3.719708059106410047e+01 3.641904980917679069e+01 4.479935381320871102e+01 4.818424918028796355e+01 3.794432856677804011e+01 3.042129357559527136e+01 2.659333609503040208e+01 2.980102448053269981e+01 3.049899515869876865e+01 2.093968084106327154e+01 3.159069661775459537e+01 2.768898425358458582e+01 3.723928707340841981e+01 3.885770057959216928e+01 2.911456807740655606e+01 2.911456808296345500e+01 2.063888907625889146e+01 3.107643594105797646e+01 3.025402155450936093e+01 3.556083582193698334e+01 4.574806139978458930e+01 4.138047441662151726e+01 3.181709672994806581e+01 2.752959765413046966e+01 2.450456871379664392e+01 2.168073382178399555e+01 2.426524919659837209e+01 1.554066507531840280e+01 2.477920566832129978e+01 3.064436789847193410e+01 3.043600257352563787e+01 2.344340064503657572e+01 2.344340064503657572e+01 2.574393779533058790e+01 2.820255590201916007e+01 3.070201322417115364e+01 3.710216328514940187e+01
3.001732497138478095e+01 3.055370425038606186e+01 3.773208888106982073e+01 4.778257504053686944e+01 4.510971596865395838e+01 3.898644889561021643e+01 2.841527498317512013e+01 2.221842288132373611e+01 1.993165586999796801e+01 1.889784629668658411e+01 2.731282234755234128e+01 2.238319540260487273e+01 3.297364841791272738e+01 3.150968529410116048e+01 2.416185852735035056e+01 1.875430978662902959e+01 2.906438103866845424e+01 2.456046308586446969e+01 3.513928343487150130e+01 4.471928141843011417e+01 4.972820163874531829e+01 4.563980539137918413e+01 4.075273949295731057e+01 3.659878557216497086e+01 3.357572293256917817e+01 2.798206204481404313e+01 1.771965142972715412e+01 1.505903790718307533e+01 1.644767853738474628e+01 2.654360063379475676e+01 2.080691234319614225e+01 3.043600257352773042e+01 2.344340064503657572e+01 2.996535515305246022e+01 3.721053561886481731e+01 3.954937251624882322e+01 4.000136843148135313e+01
2.545263995652902267e+01 3.561475618667111576e+01 4.479935381320782994e+01 4.802815241845249972e+01 4.382809842595455052e+01 4.316977066489732806e+01 3.715008352017948567e+01 3.288385928759537080e+01 2.731282248141049962e+01 1.695625323009210561e+01 1.695625323009210561e+01 2.550996832306197604e+01 2.970517368928317481e+01 2.543653836177638183e+01 1.699946630195685060e+01 2.722697333553071175e+01 3.292806975438791994e+01 3.070762941413093472e+01 3.512527719904726808e+01 4.545867770201569869e+01 4.454832506273551473e+01 4.037725101768570823e+01 4.107734959292056942e+01 3.695474818129289929e+01 3.623215309872622214e+01 3.021990497380489771e+01 2.126221205910178469e+01 1.461464833342459180e+01 2.457254056223444039e+01 1.841219393190279519e+01 2.823043293363482320e+01 3.436692683977923934e+01 2.812761331413604893e+01 3.658280351450122225e+01 4.330979816459252163e+01 4.944819619636481178e+01 4.554354862781760005e+01
2.640862460933884748e+01 3.229109777933238945e+01 4.239887051394843098e+01 4.206098466784538914e+01 3.341163621987378463e+01 4.206098466784538914e+01 4.004232149521532591e+01 2.952971682571397238e+01 2.201685751637348076e+01 1.695625323009210561e+01 2.550996858741093476e+01 1.524957013055769117e+01 2.378089441854671193e+01 1.528479667377144580e+01 2.489492203096296663e+01 2.748004291711457725e+01 3.276618896198118591e+01 4.110437539004825425e+01 4.519267414144297845e+01 4.740713776021749482e+01 3.746537658939525528e+01 3.083319411305413382e+01 3.434096665081916200e+01 2.746092095491141194e+01 2.662810431612652451e+01 2.750266874313076571e+01 2.368102562262126654e+01 1.419457115024525073e+01 2.223978348025385188e+01 2.768105624699513001e+01 3.216612974560549532e+01 4.098267740366834033e+01 3.719157577989256680e+01 4.119631005147537905e+01 4.008359999679600350e+01 4.245123878693778607e+01 3.626504820592523259e+01
3.174130302732291753e+01 4.070666391583900889e+01 4.651254730384397362e+01 3.781415115761035395e+01 2.732820497631850643e+01 3.257117807275285770e+01 3.685216065250596529e+01 3.687903327756601612e+01 3.162446062492663046e+01 2.421737487152443435e+01 2.979608154768069639e+01 2.377879055255315421e+01 1.352037791188293525e+01 1.875229057288407475e+01 1.686651779974394927e+01 1.848688277264520252e+01 2.768880424077991975e+01 3.525407185279846800e+01 4.117400292537344342e+01 4.589778854326708313e+01 3.616320034549604401e+01 2.960883895740844807e+01 2.491303694002987612e+01 2.184888017992607701e+01 1.972909839050296199e+01 1.784663655184911590e+01 2.377594217674255717e+01 1.380070324250033309e+01 2.367057928049164417e+01 3.076054244146419947e+01 3.631124280508687008e+01 3.940132591011744978e+01 3.978635107179943020e+01 3.582076641269009798e+01 3.084655403684148212e+01 3.318401571628525204e+01 3.168693521116779976e+01
2.747447776522124130e+01 3.672280465116889303e+01 4.087024680623284212e+01 4.206098466784538914e+01 3.257117807275285770e+01 2.213145262322649387e+01 2.830917800561505970e+01 3.075810778393805123e+01 3.504130463685617514e+01 3.478992678316531340e+01 3.078030680764803506e+01 2.242936479155482843e+01 1.259932151129422806e+01 1.443414170621173653e+01 2.434706234852508544e+01 2.293052414266430361e+01 2.143951773965205021e+01 2.667319248512344387e+01 3.678812174129628687e+01 4.600632598773079707e+01 4.317125924975552209e+01 3.655789815412845201e+01 2.709839458201320639e+01 3.150158080885795187e+01 2.398874360287995700e+01 2.522493798359785444e+01 1.544591315027546408e+01 1.380070324250033309e+01 1.792212778871063961e+01 2.362137472581760989e+01 3.290655884854975710e+01 2.932884467093820291e+01 3.438333462701647392e+01 2.656685120082970286e+01 2.433008990817326023e+01 2.682045803418734309e+01 3.199899684486024753e+01
