output/example/elevation_000003.asc
nrows	150
cellsize	6.66666666667
xllcorner	0
ncols	150
yllcorner	0
NODATA_value	-9999
[rows 0 to 16 of 150, columns 111 to 147 of 150]
2.449774708467746507e+02 1.454828566912599968e+02 1.424470548597348341e+02 2.376981154189230665e+02 2.055979460426788421e+02 2.317733818009638185e+02 2.246820393491003927e+02 1.250772805880433367e+02 2.205392739111556182e+02 1.305380969933894733e+02 2.301426631126367681e+02 2.810549405438119379e+02 3.385130366891110612e+02 3.329823493168262303e+02 2.625179534935273864e+02 2.757173939561486122e+02 3.461817698317117902e+02 3.344296840992345210e+02 2.345045672214622527e+02 2.136417848149646659e+02 1.137942595400493104e+02 2.136417848149567646e+02 2.267401359105256518e+02 1.716013680587263082e+02 2.713483361515023944e+02 2.498099922537421094e+02 3.495496598037403828e+02 3.816693368990867725e+02 3.403079231028481217e+02 3.816693368991383863e+02 3.514843558723449064e+02 2.514843558724431887e+02 1.807736777537864441e+02 1.360523182037894117e+02 1.044295416021047203e+02 1.652063145744496353e+02 1.422647411873797978e+02
1.497891348463674319e+02 2.449774708467745370e+02 1.999305716936637793e+02 2.831380761684568483e+02 3.050724861001608588e+02 3.077606295718068168e+02 2.579759844370339010e+02 2.167387005220209915e+02 1.209129194505413523e+02 2.205392739111556466e+02 2.713675907666208218e+02 3.475645244953282713e+02 3.536208918395336127e+02 2.831539973818735803e+02 1.920464884341008087e+02 2.052473859772671005e+02 3.049050231352998139e+02 3.287516813401399531e+02 2.713227110770265540e+02 1.714969915929439992e+02 1.008980706445839104e+02 2.007352678930396337e+02 1.269707127308536343e+02 2.267401359105242591e+02 1.792773940064749070e+02 2.498099922537421094e+02 3.495496598037403828e+02 3.317415931783214660e+02 2.404523522819177970e+02 3.317415931783463066e+02 3.577870725925276929e+02 3.221950337084180660e+02 2.774736742477983285e+02 2.360523182037561298e+02 2.044295416020802065e+02 2.458508976503667895e+02 1.711245478353532974e+02
2.492597256366707654e+02 2.492597256366709075e+02 2.993697289607669063e+02 3.405427628104781661e+02 3.369198004335839869e+02 2.373721930091513457e+02 1.669483888711690724e+02 1.170944459228537511e+02 2.167387005220207925e+02 2.067054982286668690e+02 2.067054982286669258e+02 2.581661729712009219e+02 2.994277975151210853e+02 2.126871026698559035e+02 1.421897734393471069e+02 2.418759992053012695e+02 2.813318038043410070e+02 2.290413524075831617e+02 2.290413524075831049e+02 1.882408731752011590e+02 8.840916280844400887e+01 1.708424979682561400e+02 9.927305079133739696e+01 1.293823326211002041e+02 2.291502292661598688e+02 3.203360759062093734e+02 3.515505988846746845e+02 2.903801376923375983e+02 1.905242342562406463e+02 2.579311690865561104e+02 2.579311690865561104e+02 3.308966442264467673e+02 3.523686092341970379e+02 3.109472535483813544e+02 2.907738271986702330e+02 1.907738271989274779e+02 1.200631490802747265e+02
3.328026283057180876e+02 3.486418497864685264e+02 3.164778257235583396e+02 2.752385277869441325e+02 2.611555323685994949e+02 3.023958204973666284e+02 2.140585962085010863e+02 1.144018969970063466e+02 2.067054982286668974e+02 1.070162534006330759e+02 2.031455218198924513e+02 1.585165950360068337e+02 2.419010399947641758e+02 2.152337347052165626e+02 1.155159546528653607e+02 2.152337347052177847e+02 1.816143983751688609e+02 1.816143983751742326e+02 1.292958880837459219e+02 1.767270167775450318e+02 1.708424979682562252e+02 7.101471988055843099e+01 1.674882844044082617e+02 2.088143228445527200e+02 2.704643006467096598e+02 3.367843331568615781e+02 2.809412170330580238e+02 2.103318351829956043e+02 1.552154592147282699e+02 1.580711400110874649e+02 1.896767876340052226e+02 2.895352371792941994e+02 3.109472535483813544e+02 2.109472535485733431e+02 2.402365754298643310e+02 2.091241691061095764e+02 1.091241691061570123e+02
3.273558552982260608e+02 3.114131023470204127e+02 2.752385277869444167e+02 1.756566824867778394e+02 1.615597055967343465e+02 2.418083341221493470e+02 2.177826478658833196e+02 1.181222245956129342e+02 1.105964985071215665e+02 2.031455218198924513e+02 1.034413788972066044e+02 1.009189658406075125e+02 1.970861301704183575e+02 1.910486205929398977e+02 9.129568285916748493e+01 1.875331337407041872e+02 1.816143983751741189e+02 8.182534515348316972e+01 7.937051892696293010e+01 7.692003951385245841e+01 7.447315806961755413e+01 1.674882844044082617e+02 6.764957106364970230e+01 1.674882844044044248e+02 1.956726819694684707e+02 2.662285075695605201e+02 2.395793939496952021e+02 1.397125294125720245e+02 1.764180430063318283e+02 1.081265864794035281e+02 1.787531813000524608e+02 2.786120082379302403e+02 3.306620693219212512e+02 2.402365754298643026e+02 1.402365754299206060e+02 1.867843270474109545e+02 1.798348471112348932e+02
2.277933572647802407e+02 2.118484775352870315e+02 1.966600018786832322e+02 2.752385277869441325e+02 2.418083341221496596e+02 1.421877181356736344e+02 1.288541088757338855e+02 2.177826478658832343e+02 1.810978540566203208e+02 2.444085926404685836e+02 1.610332622104456846e+02 1.970861301704183575e+02 9.735718181251544934e+01 9.484557953020345167e+01 1.875331337407042724e+02 8.776662582931749057e+01 8.530310313633104613e+01 1.816143983751742326e+02 1.791686202456645560e+02 1.345670263090002265e+02 1.742888421335423459e+02 1.651195780347558468e+02 6.527335066433990107e+01 1.617741739721108161e+02 1.250901179619937693e+02 2.248986015806460728e+02 2.568942159407710051e+02 1.764180430063281619e+02 7.652487492571023608e+01 1.764180430063310894e+02 2.493633219937707963e+02 2.767373491064495283e+02 2.892407135162777649e+02 1.892407135163927308e+02 1.315056865974317759e+02 8.678432704743725878e+01 1.489878797464989759e+02
3.273558552982261176e+02 2.822510007153714469e+02 2.962296446486590753e+02 3.110966926970610302e+02 2.416905668470170383e+02 1.420702831726122213e+02 2.284959729031362201e+02 2.697404319532356567e+02 2.806999157386540560e+02 3.019290620609638154e+02 2.606719382571610026e+02 1.970861301704183859e+02 1.472515331706834161e+02 1.945845375891879598e+02 2.034172457898061168e+02 1.037616972342590600e+02 1.850790464047007049e+02 1.558744878981207478e+02 2.555850876343633615e+02 2.051106009723771422e+02 2.465976042575717315e+02 1.468078095101022029e+02 1.617741739721298870e+02 6.191755489657511191e+01 1.617741739721299439e+02 2.210970325409108455e+02 2.155317355126985319e+02 1.156558175268764330e+02 5.796330692284703900e+01 1.578683473780141355e+02 1.951899443893157979e+02 1.768625834038462870e+02 2.767373491064494715e+02 2.729270425806934668e+02 1.867843270483006393e+02 8.678432704743832460e+01 4.898787974651508392e+01
3.696815155456249613e+02 3.818166436134442279e+02 3.418241830164695898e+02 2.698585372673335883e+02 1.702697864767816043e+02 2.416905668470170383e+02 1.572799271680669619e+02 2.568785510618783405e+02 2.858548585835080758e+02 3.270787291018988299e+02 3.380041054672913106e+02 2.469207271701486945e+02 2.469207271701504851e+02 2.566266630753056006e+02 1.570809584572809285e+02 1.219926435436924663e+02 2.214722643062002021e+02 2.555850876343246512e+02 2.968740513330064346e+02 3.048330661316509236e+02 2.879215163818939232e+02 2.150393420111997784e+02 1.594143234481399531e+02 5.955060259961860680e+01 1.594143234481398679e+02 1.212498616919764345e+02 1.853469723744472049e+02 1.407347742913523803e+02 4.082114594731444157e+01 1.375155578226508339e+02 9.529497656048481247e+01 1.951899443893157411e+02 2.755734762504675928e+02 2.574950051690873352e+02 1.574950051660950692e+02 1.867843270480575484e+02 9.021016663418961912e+01
4.109171715883940124e+02 3.212077328379623964e+02 2.508046514774090099e+02 2.010159855016539439e+02 2.698585372673335883e+02 2.981136327968848150e+02 2.568785510618782268e+02 1.728486095291853815e+02 1.862852947905777228e+02 2.858548585835081894e+02 3.469787505933599618e+02 3.465538682233158738e+02 3.269702229016990032e+02 2.274894065665080234e+02 2.566266630753037816e+02 2.214722643062015379e+02 1.491463384037144522e+02 2.193361648832519677e+02 3.181414167436914795e+02 2.898963209165906392e+02 2.399951067743077147e+02 1.736989728588070250e+02 7.384281496172995674e+01 5.718561656836823914e+01 1.504944209513375597e+02 5.060556800736203087e+01 1.439842376154616659e+02 4.407860690233818701e+01 1.375155578226508624e+02 3.759432011575145793e+01 1.343044198052455442e+02 1.343044198052456863e+02 2.333577611537926941e+02 2.989163622433263754e+02 2.574950051690805708e+02 2.316315226765229909e+02 1.609208446553239753e+02
4.620011027473702256e+02 3.916044177928423551e+02 3.262942144555509572e+02 2.267298329625835152e+02 3.262942144555679533e+02 3.005911707092067786e+02 2.010257249342628825e+02 2.724298099570267482e+02 2.858548585835081894e+02 2.062063825034055924e+02 3.057651307466672961e+02 3.679513288993019842e+02 3.681891845727598138e+02 3.269702229016594970e+02 3.403571044637449177e+02 2.682967328198142241e+02 1.694921953090046145e+02 2.682967328198142809e+02 3.191260786712282993e+02 2.193308633159211922e+02 1.487543732761716626e+02 9.882402394961670211e+01 1.736989728588045807e+02 1.537551486394429503e+02 5.387511079310719708e+01 1.472368758121529311e+02 4.733949246038886116e+01 1.439842376154616659e+02 1.788877322809851478e+02 1.343044198052456295e+02 3.437576835808688003e+01 9.207953896599617849e+01 1.919846797034310555e+02 2.518076338050757954e+02 2.687121040381898069e+02 1.687121040287994447e+02 1.687121040287478877e+02
4.391504740560734490e+02 3.395872363328085726e+02 2.691844300344204726e+02 3.262942144555937602e+02 3.313157802259888740e+02 2.317566665588316539e+02 3.005911707092068355e+02 3.418181285559609250e+02 3.469787505956676910e+02 3.057651307466673529e+02 2.271989187140472950e+02 2.975976331715660308e+02 3.971327133276778341e+02 3.761975496645433168e+02 2.998381161854928223e+02 2.017309058051727675e+02 2.682967328151624429e+02 3.090913215915268211e+02 2.974550832450168514e+02 1.976589393594523472e+02 1.270759625021402144e+02 1.986572892198454099e+02 2.333869918781452384e+02 1.688117371109019018e+02 6.894265228757018349e+01 1.688117371109008502e+02 1.179889823465894381e+02 1.472368758121528458e+02 2.142064983410508887e+02 1.320383100762048798e+02 3.210450766470111716e+01 1.288448574748815645e+02 1.105097166282776726e+02 2.104268786043327566e+02 2.394227821484481353e+02 1.394227821470452966e+02 6.871210402838856623e+01
3.928091251545010323e+02 3.224031887507297824e+02 3.687485762299883163e+02 3.689450840039957029e+02 2.693873042546736087e+02 2.815373126743209582e+02 3.725394450369660717e+02 4.170621623985616111e+02 3.502116445823843947e+02 2.506655107176374031e+02 3.267507831750354512e+02 2.975976331715651213e+02 3.971327132993135365e+02 3.360737095705605952e+02 2.390395329967729765e+02 2.998381161854928791e+02 3.403569018100664039e+02 3.332520403624247365e+02 2.576872773383018398e+02 1.578880050208166210e+02 2.268885531672657976e+02 2.626152530966429026e+02 1.627896907348760465e+02 9.217716532907229521e+01 1.688117371109023566e+02 1.504929190672633581e+02 2.178475368875594427e+02 2.470890518260330566e+02 1.728295239922427697e+02 7.291186390922838712e+01 1.288448574748815645e+02 2.890386343151821080e+01 1.288448574748805413e+02 1.940733844168191524e+02 2.354623017064232613e+02 2.101334605037945380e+02 1.687121040287467224e+02
4.037000880445937696e+02 4.219687227928033053e+02 4.113958556232993828e+02 3.118399715877517906e+02 3.689450840039866080e+02 3.519387867658751929e+02 4.223101403781039380e+02 3.759093569398424393e+02 2.763705034080965106e+02 3.502116445823837694e+02 3.319518472008750223e+02 3.971327132993135933e+02 4.383050246298436150e+02 3.645897878158099275e+02 2.685844279792724478e+02 3.645897878158330627e+02 3.758040885187883759e+02 2.919161444325911816e+02 1.921227060471258312e+02 2.576872773383018398e+02 2.990231057398352164e+02 2.809067763364810730e+02 2.094088015157453242e+02 1.095704161524642331e+02 2.094088015157408904e+02 2.503211300959857226e+02 2.916727093130864432e+02 2.227796459013572701e+02 1.228794020831152380e+02 1.728295239922426560e+02 1.265906081038349811e+02 2.664455420788537054e+01 1.234081189314609333e+02 9.413760757873009766e+01 1.940733844168192093e+02 2.432282990682156196e+02 1.995738250353279568e+02
5.032551432927959354e+02 4.817769896174699511e+02 3.822430353877192033e+02 3.616232286075447746e+02 4.526059767112066652e+02 4.514817561216082709e+02 4.724356626027495167e+02 3.950617010362084329e+02 2.955299103584765703e+02 3.950617010362083192e+02 4.314584257367111491e+02 4.725902984060155632e+02 4.310478360460540443e+02 3.365442430139437420e+02 3.237142617078467310e+02 4.043437713889227325e+02 3.344680423066652111e+02 2.346749970555025300e+02 2.626871616811253602e+02 3.332520365952723296e+02 3.201401697445044192e+02 2.395112571295615567e+02 1.396830605922978350e+02 2.094088015157488201e+02 1.629433879817032391e+02 2.627670271261810058e+02 2.859559625944689856e+02 1.860654351292766933e+02 2.227796459013572417e+02 1.897903146832344419e+02 8.986280456062220878e+01 1.234081189314609901e+02 2.345493005439527678e+01 1.202310352341332020e+02 1.018909868978410884e+02 2.018348921886136793e+02 1.581524689389078731e+02
5.376571638779993236e+02 5.229690577191771581e+02 4.817769896174696669e+02 4.320236525700075845e+02 5.023662183334440670e+02 5.191906592849098843e+02 4.313862658068343308e+02 3.318846198939007195e+02 3.950617010362087171e+02 3.453115837013837108e+02 4.157031112810029185e+02 5.150935103245089977e+02 4.700607582455775741e+02 4.298550662845590296e+02 4.088596596877869160e+02 4.540699917932022913e+02 3.697507510818242622e+02 2.699561820338755069e+02 3.624811479822116098e+02 3.493144078703247715e+02 2.494186608814035822e+02 1.788398847527879809e+02 1.843275522988909643e+02 2.809073873896415421e+02 2.128526674252454143e+02 3.041532550326668911e+02 2.859559625944429513e+02 2.859559625944677350e+02 2.897024749109063464e+02 1.897903146832344419e+02 1.897903146832342998e+02 1.584596988299844611e+02 1.170593288091872495e+02 2.027073663659781744e+01 9.095772554020177836e+01 1.909030565127706893e+02 1.710247412209972424e+02
4.962335873900771048e+02 4.959022367027342852e+02 5.373261368347285725e+02 5.315303271634890052e+02 5.484095628793362494e+02 4.491951969098528821e+02 3.788217828624418075e+02 4.313862658068343308e+02 4.312891287255304746e+02 4.157031121096638913e+02 4.265799949266809108e+02 5.259201476500780927e+02 4.574834838018443861e+02 4.114886557449698330e+02 4.286842521313408270e+02 4.758372367631947100e+02 4.110869101883769758e+02 3.198524510238330549e+02 4.110868995154083336e+02 3.321028306163980233e+02 2.321904854626636165e+02 2.494186396125401188e+02 2.419526308264404690e+02 3.256032528053524970e+02 2.834318193513107644e+02 3.540993234976377266e+02 3.858438974744030361e+02 3.390181855740389665e+02 2.390460033522443837e+02 1.682978355066601637e+02 1.833104095409284753e+02 1.170593288091872495e+02 1.709198322219423360e+01 1.139162194918887110e+02 1.553205970559914988e+02 2.036707107371841232e+02 1.622551984903397511e+02
4.252038608530723991e+02 3.959196347383920056e+02 4.959022367027342852e+02 4.947612651830057189e+02 5.365562653688898536e+02 5.186995589937990871e+02 4.362958344960983936e+02 5.191906592849104527e+02 5.298924005308024334e+02 5.150935643255247669e+02 5.259186233486707351e+02 4.537430173293225266e+02 3.941919781574183048e+02 3.073473186546813167e+02 3.088177392546175497e+02 3.948501952162843622e+02 4.609847677914353881e+02 4.196490544205892661e+02 4.609847436992470193e+02 3.738038546237218043e+02 2.820968690929024092e+02 3.493126714002053745e+02 3.418217916848507230e+02 3.834016870752547561e+02 3.833039686490804456e+02 3.889687661046313565e+02 3.310299688668054614e+02 2.895218752294010756e+02 2.828679657770197196e+02 1.866535617874187665e+02 8.651611677035946002e+01 4.171498941562931151e+01 1.139162194918887110e+02 1.394239926923573947e+01 1.107767839027702905e+02 1.459424988611524725e+02 6.226604787664883389e+01
