output/example/elevation_000449.asc
nrows	75
cellsize	13.33333333
xllcorner	0
ncols	75
yllcorner	0
NODATA_value	-9999
[rows 0 to 16 of 75, columns 0 to 36 of 75]
1.369999999999999864e-02 3.549233905932739574e+00 7.328878636025017101e+00 1.232887863602503309e+01 1.939994644789055656e+01 2.939994644789062406e+01 3.286364830501059942e+01 2.992698758577646956e+01 2.992698758577646956e+01 3.407879441468293891e+01 3.450153983796227664e+01 3.027418524972415881e+01 3.142171528706544947e+01 3.570535296498962907e+01 4.485615628574182523e+01 4.153408403820854033e+01 4.136473835172429148e+01 4.535662718065496790e+01 4.818456899694026419e+01 4.404801221740443395e+01 4.445117143713613928e+01 4.445117143713613928e+01 4.858775783744270171e+01 4.477303979858325533e+01 4.063867939796742235e+01 3.934856213728968299e+01 4.348044170439941070e+01 4.229461619227570424e+01 4.643242118167971455e+01 4.831714900901249621e+01 4.417151304368339026e+01 4.416251348129647170e+01 4.416251348129647170e+01 4.828578523245369070e+01 4.885194596299312053e+01 4.478243586689195155e+01 4.349051116770596082e+01
1.279999999999999888e-02 1.001279999999996306e+01 1.732887863602508460e+01 2.147101425975606404e+01 2.647101425975607825e+01 2.747832837897910707e+01 2.284751985628223636e+01 1.991510830834305068e+01 1.991510830834305068e+01 2.992698758577646956e+01 2.877685879290507742e+01 2.047899233738932878e+01 2.107869138592159786e+01 2.912605760920724407e+01 3.974620888658438389e+01 3.280986520034441156e+01 3.216668087200611836e+01 3.997185414883895049e+01 4.245785589668206228e+01 3.415704399799573565e+01 3.455772472459156575e+01 3.455772472459156575e+01 4.445117143713613928e+01 4.063867939796742235e+01 3.077609355243132327e+01 2.950395934752548044e+01 3.530350036740615849e+01 3.240768537662400917e+01 4.229461619227570424e+01 4.416822781639717022e+01 3.410790332985443740e+01 3.410766824667489061e+01 3.410766824667489061e+01 4.416251348129647170e+01 4.478243586689195155e+01 3.479261593211859349e+01 3.348087056234291481e+01
1.299999999999999940e-02 7.137955161603647625e+00 1.749561597134640323e+01 1.841097863628972320e+01 2.232143728999014698e+01 1.766174029987307392e+01 2.281235732511191827e+01 1.283727719362752318e+01 2.284748558556276876e+01 2.627500441011170196e+01 2.232015700323576013e+01 1.477040089119243405e+01 2.460255619043071817e+01 3.079661404254365564e+01 3.258393136848506089e+01 2.710652621090962455e+01 2.710652621090962455e+01 3.605423738978734605e+01 3.805513077048266268e+01 2.853521658623858315e+01 2.766770589914257528e+01 3.375602932524088828e+01 4.362529809712768269e+01 4.018615200423039369e+01 3.366477806643306536e+01 2.391295965277152291e+01 2.552484349082059367e+01 3.240768537662378890e+01 4.229461618767225417e+01 4.411103833570959409e+01 3.410491109932211629e+01 2.701849491493520361e+01 3.705252291853696534e+01 4.407942065913522356e+01 4.444786550107160394e+01 3.771856644818115001e+01 2.763203711606926660e+01
1.369999999999999864e-02 1.001369999999996274e+01 1.180030854591369049e+01 8.610632400657788565e+00 1.382841368427164674e+01 1.062407257730157184e+01 1.586786612650865891e+01 9.813380816503133985e+00 1.982456442155376664e+01 2.040450806506982673e+01 1.252765343683462795e+01 2.231699067811885584e+01 1.742186482172807516e+01 2.691886844993225480e+01 2.348754691040496212e+01 3.258393136848506089e+01 2.710652621090962455e+01 3.605424225161155505e+01 3.395376295568880920e+01 2.419302690825224289e+01 2.399639307240367714e+01 3.375602932524027011e+01 4.057589905073404424e+01 3.606702786537027094e+01 2.627599416872015681e+01 2.066076636837141223e+01 2.627599416872015681e+01 3.316843815155182540e+01 4.306484242390626349e+01 4.176555429831649491e+01 3.435508441204367358e+01 2.441194851546141464e+01 3.006183749530906368e+01 4.000417407333134179e+01 4.026055773294015694e+01 3.010766364523665217e+01 2.432448082083072549e+01
1.290000000000000001e-02 9.494860116569955322e-01 1.890209483455350004e+00 2.848053234840800751e+00 3.838280558188499114e+00 4.843572378463091077e+00 5.881168853150217757e+00 1.525607887722081024e+01 1.857177402010266931e+01 1.057684102480749821e+01 2.038658652525905879e+01 1.722052083371936604e+01 2.651822695509905969e+01 2.017368481608202657e+01 2.948900505122112392e+01 3.646707484033164093e+01 3.605424666147897028e+01 3.705792432117199553e+01 2.724177774845957600e+01 2.071968998250963878e+01 2.103213001311571517e+01 2.667648524659733056e+01 3.646450290726586019e+01 3.534861746484098433e+01 2.555469199625909127e+01 1.864393515139244784e+01 2.842326635157058234e+01 3.638463757293957457e+01 4.207949330656033027e+01 3.764705008608049752e+01 2.773668262596666878e+01 2.223141683507896715e+01 3.192791057792413056e+01 3.975643747066688860e+01 4.130489795060287861e+01 3.140274900834490168e+01 2.432448082083072549e+01
1.299999999999999940e-02 1.001299999999996260e+01 8.971367172053597017e+00 8.220749054384151933e+00 1.322417136590825137e+01 1.189743168583090061e+01 1.590008325959360569e+01 7.506169931663797534e+00 8.696177797485296068e+00 1.870190947245067647e+01 2.432714499901646477e+01 2.114345375059864551e+01 2.994648915265354105e+01 2.948900505122112392e+01 2.560536412253495797e+01 3.207453186960736247e+01 4.135990456787339298e+01 3.416595431214376788e+01 2.437369506228606753e+01 1.742196083859232303e+01 2.466296744267937413e+01 2.873955106218105726e+01 3.542612731611610144e+01 3.134064360990657505e+01 2.842264873430780270e+01 1.864393515139244784e+01 2.250504374337094760e+01 2.813000260466507285e+01 3.795651775408141759e+01 3.693076778010463812e+01 2.705713607066499549e+01 2.030591517971812010e+01 2.578236087623088579e+01 3.561913328386736310e+01 4.294241473094544403e+01 3.834320291638469058e+01 3.163614375273661850e+01
1.299999999999999940e-02 1.001299999999976009e+01 1.863121534613272345e+01 1.807377761505775737e+01 2.103283217770142599e+01 2.169058550374429117e+01 2.211665484127400205e+01 1.463640182095439357e+01 1.425047691967416696e+01 1.371027901905951296e+01 2.369245278157470125e+01 3.001798138099459123e+01 2.748668251979496802e+01 3.612577981842096619e+01 3.207453187433358721e+01 3.871088227508035828e+01 4.089937600225698588e+01 3.105581630416562078e+01 2.415528226330625117e+01 1.924387321293328412e+01 1.484857054008707955e+01 2.466192591034083037e+01 3.134063117563027134e+01 2.155371825681278608e+01 2.441916591554400284e+01 1.684903967366796351e+01 2.663903116910621094e+01 3.638463757467003035e+01 3.554311637362866350e+01 3.141146873141014950e+01 2.818152703031666562e+01 1.854503726035042277e+01 2.330707336586735678e+01 2.886470898774852500e+01 3.878986868002063915e+01 4.143665218853490018e+01 3.162002741474346124e+01
1.290000000000000001e-02 7.083967811865485409e+00 1.708396781186555202e+01 2.306775337013545268e+01 2.383752424625403066e+01 2.775584659808941268e+01 3.124998876227697053e+01 2.680018069193378594e+01 2.099414373480529861e+01 2.077384952487470215e+01 2.077384952491219750e+01 3.074169002065405465e+01 3.612644319202119902e+01 3.984930603864481213e+01 4.135990968325700834e+01 4.040154069716695062e+01 3.626376840448148897e+01 3.803995965579782990e+01 3.032108724216261564e+01 2.052093602930703042e+01 1.484857054008707955e+01 2.254635191078345713e+01 2.647692319389685522e+01 2.240389134195987353e+01 1.464218268154072788e+01 2.442050956608661849e+01 3.072089856374732264e+01 3.369722857128422078e+01 3.141030108695884948e+01 2.161456566760151077e+01 2.448199325746825039e+01 1.688885557644672275e+01 2.379993824940827807e+01 3.359503301696376099e+01 3.437410497793788267e+01 3.732916811665398882e+01 3.796611128814076608e+01
1.349999999999999985e-02 1.001349999999996321e+01 1.380892368663720760e+01 1.292074991373481829e+01 1.398219262141222607e+01 2.012629047447861907e+01 2.568300346920674571e+01 3.065541610979622078e+01 3.078910862995673270e+01 3.074168970371954046e+01 3.074169002065401202e+01 3.487628562302838020e+01 3.564748637586106383e+01 3.983494952653311572e+01 4.083557178024329204e+01 3.460144268055679362e+01 2.619426010263027038e+01 3.460144267480625047e+01 3.440955470097857472e+01 2.873954785298755965e+01 2.254635191084593160e+01 1.273435964018091404e+01 2.050046609898832628e+01 1.262064664938481862e+01 2.240389134195987353e+01 2.849849602418785466e+01 3.084093792638613962e+01 2.386750606128303431e+01 2.653977826908368698e+01 2.245208054737141623e+01 1.455302860979821311e+01 2.448199325733379794e+01 3.075414077493033105e+01 3.153021070785794322e+01 2.447825637976822222e+01 2.737668332857671416e+01 3.300346111083654677e+01
1.379999999999999977e-02 1.903281202307554265e+00 3.825694043547639200e+00 5.860126611524967721e+00 8.414561951857164601e+00 1.211700066341499671e+01 1.664077946112047357e+01 2.353208066097558415e+01 3.361175041912600392e+01 3.465243426537152516e+01 3.270151140268411183e+01 2.852025638216021619e+01 2.556806105855294220e+01 3.564748634752146472e+01 3.581395022345613910e+01 2.660688688789216627e+01 2.028185614389237301e+01 3.045013507580013012e+01 3.765395265446026229e+01 3.181361188090227543e+01 2.201603329139897269e+01 1.507746364137490502e+01 1.060309312721912178e+01 1.118632580923761388e+01 2.202265658834398465e+01 2.927889450919855108e+01 2.674635966925729846e+01 1.680563979242095130e+01 2.045923969382008067e+01 1.226213137296450917e+01 2.245522883014207238e+01 2.856090809038604661e+01 3.036488479053266687e+01 2.737631960866619352e+01 1.750931691429690673e+01 2.735703006535843684e+01 2.315333325084274918e+01
1.290000000000000001e-02 1.001289999999996283e+01 1.375484227349333466e+01 1.174755949617071416e+01 1.839396897805065478e+01 1.304223217014015113e+01 1.823920933788752308e+01 2.842067448526176321e+01 3.170527491738361903e+01 2.457256955605121007e+01 2.852025634139177157e+01 1.845756094702464978e+01 2.496255614032268610e+01 3.504289355153100161e+01 3.166059139000029532e+01 2.151019884340697175e+01 1.637990261818233151e+01 2.337283056637736323e+01 3.336597173308378927e+01 3.468683637868992520e+01 2.488500677003950301e+01 1.921071869877329874e+01 9.146730070480199259e+00 1.784826610201562147e+01 2.197142343352145488e+01 2.057504689593538316e+01 2.177112636795112621e+01 1.883921610183083573e+01 1.012584781054054872e+01 2.045796370315817470e+01 2.515486180608806777e+01 2.468647750573414967e+01 2.017533967353011093e+01 2.119041546439761348e+01 1.388642698171017287e+01 2.100119925375199514e+01 1.638831779294978475e+01
1.359999999999999924e-02 7.091592449900871564e+00 1.720497457562459331e+01 2.160672665432109696e+01 2.559868246707756256e+01 2.695252182285894804e+01 2.787344264133304605e+01 3.262831184443853516e+01 2.752489349757599513e+01 1.744313180755734294e+01 2.114862752131280743e+01 1.487184960130247724e+01 2.201281100279495462e+01 3.208387146054943173e+01 3.232176823973200896e+01 2.337283058063256647e+01 1.309940473175204012e+01 1.901365998341856312e+01 2.920365518518813275e+01 2.755289591898445067e+01 2.310771572471267987e+01 2.333261583084478019e+01 1.784820055244870929e+01 7.850493675833929430e+00 1.664282566300164490e+01 1.596640643691110029e+01 1.197473927071389177e+01 8.351242023346049592e+00 1.660504477310260896e+01 1.830052987082587634e+01 1.713096174416241624e+01 1.315772811609923210e+01 1.742639546545201412e+01 9.927191607466074430e+00 1.032995056126631184e+01 1.074954018111851894e+01 1.118721134639883630e+01
1.349999999999999985e-02 1.001349999999996321e+01 1.607595870559949347e+01 1.971464593792174469e+01 1.927926386645447110e+01 2.841416078018200153e+01 2.703679965837037003e+01 3.114840118237512456e+01 2.965276475591467076e+01 2.114862752131234558e+01 1.102194560104824106e+01 2.114862752119886125e+01 2.914050129358956553e+01 3.409316182949267926e+01 2.392640649319267254e+01 1.790051638588202465e+01 1.060813425128566223e+01 2.089981422365955410e+01 2.892274350397416782e+01 2.310771511481672746e+01 1.281734571068152739e+01 1.583097412747014943e+01 1.924695988177499473e+01 7.259253202424475582e+00 6.701520833576820380e+00 7.077942898213858136e+00 7.077942898213858136e+00 7.077942898213858136e+00 7.473491538262522660e+00 7.934195650449909820e+00 8.478152266945397031e+00 8.966678426703481364e+00 9.365666063937448271e+00 1.311972675316270909e+01 2.036645530494218548e+01 2.099240823177529691e+01 2.039214554998517670e+01
1.319999999999999993e-02 3.027389231231189637e+00 6.182950616067214966e+00 9.929921393062876689e+00 1.971461560829132154e+01 2.532746339119230328e+01 1.689644292738707776e+01 2.532881999154214725e+01 1.867307020209957003e+01 1.818096501267709542e+01 9.004032939954823789e+00 1.903706502658682709e+01 2.713023358448881339e+01 2.714124701730258238e+01 2.392640693775623717e+01 1.365460686499710974e+01 8.633048805366385636e+00 1.445858958127481841e+01 2.472813889890559480e+01 2.395925514196331108e+01 1.302107477905661881e+01 5.734830749006241568e+00 1.568737845311208723e+01 6.210094770230847772e+00 1.616606660620492164e+01 1.261561423128451942e+01 1.534970055001281075e+01 9.203929905554719682e+00 1.794870067008025316e+01 1.828385773635117317e+01 9.562770136671751686e+00 1.881552980742294778e+01 1.855483528236473489e+01 2.160697078091881806e+01 1.815553779629486186e+01 2.662448946827847962e+01 2.709857312551086039e+01
1.299999999999999940e-02 1.001299999999996260e+01 1.607595870559949347e+01 1.971464885891694863e+01 2.378236561227895862e+01 2.106620882019609908e+01 1.070237971972444946e+01 2.106617648603682369e+01 1.374597914576214563e+01 6.484392809661694734e+00 9.110433100683597019e+00 1.343866719578154623e+01 2.297454834441497695e+01 1.706467897971022296e+01 1.705883605073295683e+01 1.625505289998296377e+01 7.038697860527800998e+00 1.676792249809824042e+01 2.084961815324113843e+01 2.046277822832308146e+01 1.767636812285756065e+01 1.520985997776927690e+01 5.734830749006241568e+00 1.558297115816712797e+01 1.831460060124782174e+01 2.136669871043332947e+01 1.860254773050771959e+01 1.932114889645668399e+01 1.220738796079974975e+01 2.222445958074475669e+01 2.054125932104537355e+01 1.286689708113492792e+01 2.323806238021050419e+01 2.911672707069887167e+01 2.403558817705674855e+01 2.667688164677911189e+01 2.910398608534701026e+01
1.349999999999999985e-02 5.789643013279596850e+00 1.291110095125706536e+01 2.327545222358424226e+01 2.100411281893294557e+01 1.713799018343114966e+01 6.365717404537494239e+00 1.365245304874327559e+01 1.336271684947551641e+01 4.916933511058330986e+00 1.458654323879365933e+01 1.701513449873648298e+01 1.707964210699804042e+01 1.433325482048720900e+01 7.870405648390239151e+00 1.053568694808887152e+01 5.496888721052033411e+00 4.175572730802526777e+00 1.252740509452108064e+01 7.632945358250302625e+00 1.283886994904633028e+01 5.265200567117484631e+00 1.520490509990270311e+01 5.734830749006241568e+00 1.346168311592018796e+01 2.525829559157852700e+01 2.823940724746667641e+01 2.445555984933659133e+01 1.436931523986483761e+01 2.445555984933790228e+01 2.740003823221598367e+01 2.333591595207234093e+01 1.649553498529686024e+01 2.643872888848020253e+01 3.306067200854080568e+01 3.582155225295232270e+01 2.848375078399758564e+01
1.369999999999999864e-02 7.084767811865485321e+00 1.708476781186555371e+01 1.822790925239092985e+01 1.065588382482089003e+01 1.086237069260226029e+01 3.536979611733378714e+00 5.542671583932039070e+00 2.880814593755356423e+00 8.117275098709313852e+00 9.846526215626305145e+00 8.488417404796845034e+00 1.087473680141807542e+01 7.219812908169786603e+00 3.305862368939731066e+00 3.593469883416057886e+00 3.882918087635542470e+00 4.175572730802526777e+00 4.468662376586173934e+00 4.468662376586173934e+00 4.797573912412502750e+00 1.295245622109163541e+01 1.853133773182354460e+01 1.312510410336547828e+01 1.312510003312552165e+01 2.433917139298332799e+01 3.075584374624270723e+01 2.079422023675954634e+01 2.445555984933790228e+01 1.853549093735374598e+01 2.853980324702969185e+01 2.874820196270744788e+01 1.894993753218464150e+01 2.874820196270744788e+01 3.665066000217073849e+01 3.607666133820378462e+01 2.677728307800628116e+01
