output/example/elevation_average_000066.asc
nrows	75
cellsize	133.333333333
xllcorner	0
ncols	75
yllcorner	0
NODATA_value	-9999
[rows 51 to 67 of 75, columns 37 to 73 of 75]
1.955206737236335925e+02 2.912996676203278525e+02 3.121210927116168250e+02 3.234553513638502409e+02 2.446502231344827010e+02 2.565229806004713282e+02 3.493834456310665928e+02 3.816702047373139521e+02 3.313734815795590976e+02 4.120898458994210500e+02 4.286252624513947467e+02 4.459410585917385106e+02 4.074004826034458802e+02 4.905252537598518074e+02 4.428042724966797437e+02 5.054148552880249667e+02 5.914748010043900877e+02 6.054553822063552388e+02 5.816121938714628641e+02 6.009701721252147308e+02 6.043467227919078368e+02 5.664320340764528510e+02 5.089929577780619638e+02 5.734716180762754902e+02 4.823390442447747546e+02 5.086134088829465441e+02 4.929181879019085386e+02 4.004678636198864297e+02 4.929845604119932432e+02 5.182647381288869610e+02 6.090284878698258808e+02 5.488697586564712765e+02 4.570998128350878460e+02 5.184249913869521151e+02 4.561434248129066873e+02 5.479135934410895743e+02 5.799716744005096416e+02
2.912277155079035538e+02 2.333698536723246377e+02 3.285577664693210522e+02 3.781093171591977011e+02 3.122912038930979293e+02 3.512296014249172913e+02 2.743199546805986984e+02 2.874652325317067607e+02 3.027551770698630662e+02 3.184577519932128666e+02 3.352724695743275447e+02 3.528779292184156589e+02 3.749778075135094468e+02 3.984879807629320112e+02 4.909803467626817906e+02 5.698671183087457166e+02 5.629440727994120834e+02 5.298678228235787628e+02 4.943708945010973821e+02 5.109173412285137488e+02 5.737596958825719184e+02 6.357787763019625800e+02 5.998836809925128364e+02 6.106785827151444437e+02 5.737098750622295711e+02 5.391569209652494692e+02 4.472246440578670672e+02 4.931628820695455602e+02 4.261586681278165543e+02 5.184353330247215581e+02 5.848215706572862018e+02 5.712269832356361121e+02 4.802491141929564265e+02 5.711000731157497512e+02 5.479163333299344458e+02 4.887346993368357744e+02 5.799763250553615990e+02
3.669383853695073299e+02 3.285607546901946421e+02 2.783527639098672921e+02 3.726897012236075284e+02 4.062170513975917174e+02 4.071270019216254923e+02 3.293302697685967928e+02 3.411342369505414354e+02 3.956716942259557186e+02 3.730939886878979905e+02 4.276136000859082174e+02 4.071730047172489435e+02 4.662419244179395150e+02 4.680203762318843133e+02 5.126875934665173418e+02 5.129646607302856864e+02 5.047853956076410213e+02 4.522538628277970929e+02 4.350450133609315344e+02 4.444228954692330831e+02 5.341663998201316872e+02 5.957962828054102147e+02 5.987588398274698420e+02 6.360582888936768313e+02 6.034206317652443659e+02 5.125539183953721931e+02 5.125489841116237812e+02 5.557782427138237153e+02 4.917263124128332379e+02 4.559143893034320172e+02 5.476766918384820428e+02 6.086178748151684204e+02 5.716453250789157892e+02 5.192243769350466209e+02 6.091197024043526653e+02 5.799895770849952896e+02 5.278362941114278328e+02
3.943365356569271967e+02 4.110608865575829896e+02 3.335162990542447119e+02 3.542018196870582756e+02 4.474376912657575076e+02 4.608931585513421965e+02 4.229893722074476159e+02 4.314185911228358350e+02 4.722794116283502603e+02 4.659364632433088218e+02 5.036488101204849386e+02 4.994512489936680595e+02 5.369346186647645709e+02 5.569700924500986048e+02 4.980223328044472169e+02 4.477544590229910568e+02 4.727925625293373173e+02 3.921367684702103134e+02 3.838689879656844823e+02 4.720879763700418152e+02 5.394712564265054198e+02 5.065480051473166441e+02 5.081871602990621000e+02 5.985440669899373916e+02 6.401609396195914314e+02 6.034257262773978709e+02 6.034099064468583720e+02 6.198161992563873355e+02 5.474886098711582463e+02 4.903947418578702013e+02 5.039438304822239161e+02 5.949194812858180512e+02 6.391463556609315901e+02 5.496294931286566907e+02 6.391296272837726065e+02 6.550864648550420952e+02 5.799124072439562951e+02
4.340817295391757966e+02 4.647903629595126063e+02 4.270936243066373663e+02 4.474398356898082625e+02 4.397419146944463364e+02 4.390329304267164048e+02 4.768992638460216540e+02 4.556844211282254946e+02 4.189410085321787278e+02 4.394834622910586859e+02 4.773186198802175113e+02 4.908453361681900446e+02 5.283476475662419034e+02 4.845350299847884230e+02 4.454071469441042268e+02 3.814205541625627234e+02 4.334028044164211337e+02 3.413658147434053944e+02 4.261358235721771166e+02 4.496412561537028409e+02 4.527977610694762234e+02 4.408677137143914706e+02 5.293781346302348538e+02 5.671553324553476614e+02 5.867610325722923790e+02 5.994257607835602357e+02 6.376307220412709285e+02 6.742494171142299138e+02 6.171740191348528697e+02 5.278138701705206586e+02 5.949088837448497316e+02 5.659632669192794765e+02 6.558671647227438370e+02 6.184212198043137505e+02 6.114164584113790397e+02 7.001593682809361781e+02 6.436792103462153136e+02
4.666116649417538156e+02 4.261255709248124504e+02 3.894641590145668602e+02 3.904514113260265162e+02 3.495688575847248671e+02 3.455653153614458688e+02 4.388963114687419420e+02 4.014496518761972084e+02 3.250815881748378047e+02 3.459734203099272349e+02 4.244646557393728017e+02 3.981971866608885762e+02 4.905120250101297188e+02 4.447730249536506903e+02 3.533098898112361326e+02 3.268829566172502723e+02 3.901445161724043373e+02 3.178584212065555334e+02 3.384677148976055605e+02 3.621417365245894757e+02 3.908198091655065127e+02 4.774663560105472015e+02 5.368787512221923635e+02 4.758024537808159948e+02 4.956287180131080277e+02 5.098644485931973236e+02 5.889287376854905460e+02 6.274657292852999717e+02 6.550304393982654574e+02 5.907984187588735949e+02 6.546630372051694167e+02 6.558633134895748071e+02 6.821296857512304541e+02 7.039971248837410940e+02 6.974306490152679316e+02 7.288298606257002348e+02 7.323296328587335893e+02
4.242456346363002240e+02 3.734088147977170706e+02 2.998205843678821338e+02 2.963148946001728063e+02 2.785434518384441276e+02 3.731108119547554338e+02 3.702712770758265606e+02 3.317121044472050357e+02 2.683786670388262792e+02 2.983268720499596611e+02 3.318582210410400535e+02 4.255865026851683410e+02 4.456773640930409215e+02 3.968720985638216234e+02 3.546385709315698591e+02 2.821040831151075849e+02 2.964784202198290473e+02 3.884938979353518107e+02 3.940742403595803580e+02 4.550346077368996589e+02 4.829701751521006940e+02 5.094930617879238071e+02 4.721764253009043841e+02 4.089017808879851827e+02 4.326461013432729601e+02 4.637237726072554551e+02 4.994709942642766123e+02 5.642361818445999688e+02 6.542895837942623984e+02 6.803086428322091024e+02 6.503309420945898864e+02 6.146490964157735561e+02 6.508110846165864132e+02 6.856516775221653006e+02 6.553408353690737158e+02 6.892063290823641637e+02 7.319285631474773481e+02
3.573461218834973465e+02 3.165792339073766470e+02 2.415365407145606014e+02 2.302606935069969722e+02 3.255850673109873696e+02 3.424975561229045979e+02 3.037891984057434343e+02 2.364798153782580528e+02 3.317206006423211875e+02 3.920731166263193472e+02 4.247758663121104519e+02 4.316382298518552716e+02 3.793950736292915735e+02 3.135742978298774233e+02 2.635837431221361271e+02 3.584640136136962383e+02 3.905853750320931113e+02 4.290608434980055108e+02 4.854809598745184758e+02 5.243344115403453998e+02 4.832615117511628569e+02 4.454347004921048097e+02 3.791168303746890160e+02 4.656868628206464109e+02 5.196654998790627360e+02 5.544459878188019957e+02 5.889395836142651888e+02 6.274680354654611847e+02 6.222737003697228602e+02 6.111705559175134113e+02 6.038575583305722603e+02 5.238388644772749103e+02 6.038571652355017250e+02 6.418725761055196699e+02 5.666650065361237694e+02 6.109134200301625697e+02 6.835289160780550901e+02
2.992704035087877514e+02 2.245243317065940403e+02 1.911526464588359033e+02 2.689898494773453308e+02 2.734149893644969893e+02 2.777965133047131303e+02 2.081003645207006514e+02 3.038003084920501351e+02 3.702897821152243978e+02 3.530328870532582073e+02 3.914953521364354856e+02 3.625696659259724584e+02 3.006391091919292080e+02 2.457201965162263093e+02 3.408845905470387265e+02 3.968761049449963707e+02 4.715323606001505254e+02 4.729473577034071923e+02 4.397348834510948450e+02 4.595061725109738973e+02 4.216788803880612591e+02 3.519339236184477500e+02 4.076625204199230552e+02 4.992764870339435106e+02 5.640158897093225505e+02 5.420116196288125821e+02 5.721777636247051078e+02 5.870216034083241539e+02 5.316477042361622125e+02 5.203408910565844963e+02 5.204156156801020643e+02 4.752189211674665330e+02 5.644326643750093808e+02 5.682536176290004732e+02 5.150284079028906490e+02 5.566667741064230768e+02 6.103880040616303404e+02
2.478752913957535498e+02 1.638826490543634407e+02 1.683478037442963569e+02 1.728592834461305188e+02 1.773251480952656323e+02 1.817734730116623325e+02 2.778859104262724031e+02 2.888308777658466511e+02 2.930121660423996559e+02 2.581266823164534685e+02 3.025987605829206473e+02 3.073912274813291674e+02 2.285364347688912972e+02 3.239547972820695918e+02 3.794098971455090350e+02 3.823599520130019300e+02 3.785811487036263543e+02 4.193862813206611122e+02 3.468179524484258991e+02 3.990821083725000449e+02 3.278126154392429044e+02 4.216854627716772939e+02 4.832876922333078369e+02 5.377732925838819256e+02 5.308889813689532957e+02 4.539441652784270218e+02 5.204106642870672204e+02 4.958992622996202044e+02 4.664851123460097710e+02 4.838350258871205938e+02 4.280667202697684957e+02 5.204161641487083898e+02 5.364313939679667556e+02 4.766400314882514522e+02 5.417084296883957677e+02 6.322389610482090347e+02 6.655556381598951248e+02
1.576607181801558397e+02 2.540951088256002208e+02 2.645550020689251483e+02 2.416525843549418937e+02 2.476595204691358276e+02 2.778093340405457070e+02 1.882477449324389056e+02 1.929671028963649348e+02 1.976631112841755851e+02 2.023596194498560976e+02 2.070881508404528120e+02 2.117923829278674077e+02 3.074697022836718929e+02 3.195688423925425354e+02 3.246218250134591585e+02 2.879012123919633837e+02 3.823539909220343134e+02 3.647282022405095177e+02 2.901879515117246910e+02 3.052746654529089483e+02 3.995242548542706231e+02 4.597014776703310872e+02 4.868747609429912586e+02 5.204552986045688385e+02 4.866654260485893246e+02 4.010791491651737033e+02 4.723399970427599897e+02 4.326805535101765940e+02 4.532914534060253686e+02 3.908795905303171025e+02 4.838026881686571414e+02 5.076518961137184647e+02 4.443250494735986535e+02 5.364436026070338812e+02 6.053206843654414797e+02 6.056687837043751870e+02 5.778916281484167712e+02
2.477000899279783255e+02 2.079450760301306218e+02 2.968153033468414606e+02 3.355286947823660171e+02 3.415972166643886681e+02 3.019333937782345743e+02 2.066225013119831715e+02 2.887504692312201655e+02 2.931878812323743659e+02 2.540544723278878791e+02 3.027039260097729425e+02 3.074134218220561365e+02 2.190074449851796032e+02 2.241435270929578962e+02 2.292781044274033491e+02 3.246984788479918507e+02 3.449714331841011017e+02 2.699341605004121334e+02 3.647229902006670841e+02 3.992156924241837146e+02 4.376619103952833143e+02 4.213285787354504350e+02 3.940323068410674523e+02 4.836485876142621123e+02 4.501658666617665858e+02 3.619044292587529981e+02 4.197006229900750895e+02 4.394307716911480384e+02 3.598452760827839256e+02 4.532843610214534351e+02 4.803560754974567431e+02 4.150740564945732558e+02 5.076464069650136821e+02 5.736941154156844505e+02 5.631181660388806449e+02 5.147232243959999778e+02 5.823826846619411981e+02
2.871352644513125938e+02 3.035235085591095867e+02 2.754394446027927188e+02 3.657854850450800654e+02 3.700342495972992083e+02 2.771304993536163011e+02 3.023533829597115528e+02 2.361691634526085863e+02 3.314449076930370097e+02 3.489472344319986519e+02 3.744816394559484252e+02 3.483842855616396719e+02 2.605633990093926968e+02 2.902157165398957090e+02 3.246241601396021110e+02 2.366037812174415080e+02 2.502857314608938566e+02 3.453909281734980823e+02 4.031165017798466579e+02 3.671965360009964456e+02 3.744489242032753964e+02 3.275437437120213531e+02 3.867420970972823397e+02 3.993891043168596866e+02 4.083798264713344111e+02 3.270195981137590593e+02 3.363965220366617359e+02 3.459128008995919004e+02 4.394978303639791761e+02 3.759685973323531130e+02 3.875018783972303709e+02 4.805092726012522348e+02 5.164964152660483023e+02 5.332329285164767043e+02 4.714563266799659118e+02 5.631209108566264376e+02 6.424456865519948678e+02
2.703585757273976924e+02 3.401451092980145177e+02 3.699957405009428157e+02 4.043585821016321802e+02 4.076817327210945905e+02 3.717777151663335644e+02 3.079541048451445704e+02 3.314401466823027249e+02 2.714435767861502882e+02 3.661727462853858128e+02 4.025496446707508085e+02 3.170548239229708543e+02 3.553553464181526920e+02 3.846380774238201070e+02 3.304771610852603771e+02 3.319099039474201049e+02 2.444883237399687061e+02 3.396941001427300648e+02 3.554480297761056136e+02 2.724083294108447149e+02 2.806392336499121143e+02 2.888869386157312533e+02 2.973229356485176140e+02 3.058198864348364054e+02 3.144073671333264883e+02 4.085452624762378377e+02 4.249975626895327423e+02 4.145516647679909852e+02 4.232100778744421063e+02 4.691243659364414498e+02 4.803530392280108572e+02 4.085557593278597892e+02 4.243800259094028320e+02 4.413574972272343189e+02 5.335035413179394936e+02 5.208240831624425482e+02 5.666322010403321201e+02
2.057157891622143495e+02 3.013957644219076428e+02 3.750326190122214598e+02 4.156433769686933601e+02 4.691797082409923974e+02 4.400756699910034513e+02 3.848129798276049200e+02 4.045160821301823262e+02 3.321593735614425213e+02 3.160916349647788479e+02 4.100931340339509461e+02 4.111221708493292226e+02 4.097648517857508637e+02 4.622412178433672807e+02 3.859936919991926629e+02 2.922928081604151771e+02 3.396850099236375513e+02 2.524389268251890144e+02 2.607473850096592400e+02 3.557005518203093857e+02 3.750973013394401505e+02 3.832384723885656399e+02 3.659518353037366865e+02 3.607639390483286093e+02 4.082986489046663223e+02 3.654409104557672663e+02 4.587737225352848327e+02 5.045959093530636324e+02 5.155178403981036581e+02 5.530094400813251241e+02 5.387147680006584096e+02 4.687259155228116470e+02 4.782147486819370670e+02 5.329292965266072315e+02 4.902491587002790538e+02 5.551830583500376406e+02 6.116742142852282313e+02
3.013952036557590191e+02 2.422366800804700517e+02 2.829127283533437094e+02 3.399244241421953916e+02 4.333795620045148667e+02 4.914123419709225686e+02 4.690067263058732010e+02 4.617244961247146762e+02 4.238313308424880574e+02 3.861806675682933019e+02 3.752022254445466842e+02 4.682326501507620264e+02 5.023335031258715730e+02 4.435979075493230539e+02 3.514576259821957933e+02 3.852096524070383339e+02 3.220365521830179887e+02 3.470102245783094190e+02 2.633162725171663396e+02 3.582038805620435937e+02 4.052811101510993126e+02 4.553648803477244655e+02 4.587805745641375665e+02 4.540589436019679965e+02 4.919597280032353979e+02 4.346363398925251431e+02 4.416491230753611035e+02 5.337536461719303134e+02 5.860074159566752314e+02 6.090546856174348704e+02 5.939098404210059243e+02 5.592697348423838548e+02 5.695045283930929827e+02 6.067742645113104345e+02 5.439241425108278918e+02 6.185898796118932523e+02 6.820069062455964968e+02
3.758542188556953079e+02 2.976245074403604463e+02 3.188540901140879100e+02 4.110139495480707410e+02 4.607448677707451452e+02 3.993784376655291339e+02 4.140892959130862891e+02 5.026130731082565148e+02 5.083856342380950650e+02 4.785650052447760459e+02 4.682489023117334455e+02 4.682204868704780552e+02 5.597621306160299355e+02 4.828276935429633454e+02 4.124729259233975540e+02 4.540986532191466267e+02 3.932127639760073521e+02 3.274400746699565730e+02 3.582143558913837751e+02 2.743314988697212584e+02 3.690752483282590788e+02 3.623300446272592694e+02 4.556694853724625887e+02 5.183151134020766904e+02 5.313317387345866791e+02 5.262167588245118850e+02 5.337512158853650135e+02 5.578377626163933201e+02 4.950641463050912421e+02 5.182894979527501391e+02 5.483773127852164180e+02 5.450130669921619528e+02 6.297273851488221226e+02 6.599400618640348739e+02 6.323545802773858213e+02 6.665436377868579712e+02 6.951368071745615680e+02
