output/example/elevation_000396.asc
nrows	75
cellsize	13.33333333
xllcorner	0
ncols	75
yllcorner	0
NODATA_value	-9999
[rows 17 to 33 of 75, columns 37 to 73 of 75]
1.542037674468163999e+01 1.853348642378729139e+01 2.978300993823939891e+01 3.376398228794604961e+01 2.968665728160111428e+01 3.520040500382548743e+01 4.497981409288198051e+01 4.602727991022816667e+01 3.602433479727713461e+01 3.819138834365947588e+01 2.820699712398426939e+01 2.252006227911765990e+01 3.097106615055923839e+01 3.291613696397931932e+01 3.500366256702016443e+01 3.774894340701435169e+01 3.589030153071302465e+01 4.535630907899707864e+01 5.125509480549378338e+01 4.652347902376996558e+01 3.629145403251032320e+01 4.652261111471392496e+01 4.330349666323871816e+01 3.316055406454731269e+01 4.330400327440320751e+01 4.075455813407687344e+01 4.795696341626918979e+01 4.293724950626158687e+01 3.280178432748565598e+01 2.619236168429618061e+01 2.233936774747607501e+01 3.229732170060537300e+01 3.528201584516751410e+01 2.838542820555188939e+01 3.439162056646168963e+01 4.433132643877473811e+01 4.579155940983696382e+01
1.630698203276768865e+01 2.563893675639653580e+01 2.947489867288449972e+01 2.419750563939232890e+01 3.092957359562975128e+01 4.060685019424422393e+01 4.912828410506882904e+01 5.009828689808566082e+01 4.602727991022816667e+01 4.230182022391323216e+01 3.587245652787122197e+01 2.570253072801855865e+01 2.497962320959240046e+01 3.516985671276504632e+01 3.817475004950411233e+01 4.225976178342483536e+01 4.601895219059573350e+01 5.024997477193633699e+01 5.076986340945168052e+01 4.056406578261201190e+01 3.340844175736955890e+01 4.356005228335508406e+01 4.024074094570398330e+01 3.020309265940344545e+01 3.734356642069781884e+01 3.362239892702645960e+01 4.374679969486889064e+01 4.600852633656717217e+01 3.576865243638455638e+01 3.160982635548738884e+01 2.164975060648854210e+01 3.157577152770216955e+01 2.512535488454863497e+01 3.528214320304341101e+01 4.267969281337251175e+01 4.837449045321107377e+01 4.985889152047074901e+01
2.566585041067811090e+01 1.753261834301903832e+01 2.003633449292008351e+01 2.948566547763718049e+01 3.454934682511515120e+01 3.764114338364629475e+01 4.123751498172198637e+01 4.544218327857747397e+01 4.883745080276317196e+01 3.881515997356951431e+01 3.163584354341919891e+01 3.588169952744184599e+01 3.011337385344961604e+01 2.798466128139680009e+01 2.798466128139680009e+01 3.817475004950411233e+01 4.670973641259308806e+01 5.162912422881871777e+01 4.824353862505205370e+01 3.803487468399620042e+01 3.094992087446012619e+01 3.775673324181009605e+01 3.745844162737105876e+01 2.753481027261637593e+01 2.742271999559909190e+01 3.734355282575477730e+01 4.512818646607072282e+01 4.412649833500216801e+01 3.982131948948516253e+01 3.115422619122473336e+01 2.094582117920806041e+01 2.229748679379613563e+01 2.426412507443008693e+01 3.455520897103684064e+01 4.010246388262946482e+01 4.300136756704932850e+01 4.016091559591349380e+01
2.121425088055018549e+01 1.753261834301903832e+01 2.685965726724444735e+01 3.284994665706749828e+01 2.599255539082729527e+01 3.018349689192615415e+01 3.181867961311112580e+01 3.843292279649000420e+01 4.825200687072183570e+01 4.579054252951344495e+01 3.880667077016072852e+01 4.022621458297354025e+01 4.022621458298925035e+01 3.263768092112497499e+01 3.395560411629315922e+01 3.263768105445830514e+01 3.771499429226023636e+01 4.759367163878531670e+01 4.950303429132551258e+01 3.928409755988639773e+01 3.216908012650921478e+01 2.781134839796987990e+01 3.505040045911908919e+01 3.325890763000993644e+01 2.406980424005801922e+01 3.089903960437730746e+01 4.034474392861745429e+01 3.982151575253496389e+01 2.801759630525371492e+01 2.985150335928407017e+01 2.023139785811499891e+01 2.683106804355127295e+01 3.241964299949339079e+01 2.744571030794450550e+01 3.031472015674695797e+01 3.338814708422872002e+01 3.891871380139190251e+01
2.661432790679887361e+01 1.876052121445482612e+01 1.940415653954155317e+01 2.882222201218220903e+01 2.702561945688757916e+01 2.599255539082729527e+01 3.543718160524149141e+01 4.162086256420050745e+01 4.487630297832097170e+01 4.904019578440185967e+01 4.869933002798018151e+01 5.008803971910609221e+01 4.670973627925975080e+01 3.848463561074666472e+01 4.106057202192033628e+01 3.848463574407999488e+01 4.670973641259308806e+01 5.162912422881871777e+01 5.248256481902798498e+01 4.227701937338353844e+01 4.194841756221013895e+01 3.505040045911908919e+01 2.523669742008746297e+01 2.351616109544457700e+01 2.218708360958040515e+01 3.038180543433669811e+01 3.038132313101191073e+01 3.935714677296039099e+01 3.128883197811849826e+01 1.931310700792640134e+01 2.418669153113841119e+01 2.726440995608449569e+01 3.613098801392279569e+01 3.452221427472738924e+01 3.580179521122223463e+01 4.300136756704932850e+01 4.704708171590557697e+01
2.929799594624581616e+01 1.997957383991241187e+01 2.878524235168774936e+01 2.137044739781592284e+01 2.316840442847043846e+01 3.352440133419876389e+01 2.938015816754302989e+01 3.209871860145880618e+01 3.510989668379104955e+01 3.987367404137572180e+01 4.692206470340448021e+01 5.701684811897484195e+01 5.238421635713876867e+01 4.835024516276970985e+01 5.088544460272448333e+01 4.835024529610304000e+01 5.238421649047209883e+01 5.339351860026835794e+01 4.748942844746499503e+01 4.325871918493782431e+01 3.967319824273577922e+01 3.325923299576188441e+01 2.351616109544457700e+01 3.325890628387811176e+01 3.038179585695133156e+01 2.060497701351709310e+01 2.892437295357078497e+01 3.240250768546518145e+01 2.542764152079014650e+01 1.931310700792640134e+01 1.931310700792640134e+01 2.880296333609049597e+01 4.042423198799083650e+01 4.387084695735025974e+01 4.596122955100181429e+01 5.019163920091294528e+01 5.405373347928734518e+01
2.183048450797972961e+01 2.930721493732418992e+01 3.325011228626282644e+01 3.090181510539578724e+01 2.557186383951756170e+01 3.512597947297660284e+01 3.874984976118955160e+01 3.695550463026564358e+01 4.487630297832097170e+01 4.904019578440097149e+01 5.405180178748820907e+01 5.099821921651329149e+01 4.696800620070380461e+01 4.974310407785101518e+01 4.572013268775007333e+01 4.572013268775007333e+01 5.538239330618432632e+01 4.916979640795096884e+01 3.893151033022900975e+01 3.311751762637517515e+01 2.965140877631453620e+01 2.676173678886879514e+01 3.325923299576169967e+01 3.663188393073781413e+01 2.674868095503555310e+01 2.890500533237008440e+01 1.907525534990282523e+01 2.747926829345277611e+01 1.843836273765956690e+01 2.832366573892751305e+01 3.007933576077080318e+01 3.575559659540378732e+01 4.391054293184355117e+01 4.742857184713634666e+01 4.324621976941663348e+01 4.687385150469805239e+01 4.389984701459070493e+01
3.122827853702861489e+01 2.499699433268514781e+01 2.499699433268514781e+01 3.434327429881804505e+01 3.512613407843155500e+01 3.062505569163364783e+01 3.740111573005175671e+01 4.673377001624908189e+01 5.089124770141125964e+01 4.992935418718846563e+01 5.400622296348697660e+01 4.696800620070380461e+01 3.745420329239119184e+01 4.024073164936367419e+01 3.622953169421909081e+01 4.572013268774981753e+01 5.148767875255521176e+01 4.746505413407056295e+01 4.748521469306477627e+01 4.325871918493782431e+01 3.967319824273577922e+01 3.161147298686645613e+01 4.085497047392932757e+01 3.663117102198796715e+01 3.663105392927002413e+01 3.199047706266449254e+01 2.421494426192219152e+01 1.760476385184529846e+01 2.747591505982759585e+01 3.243293815391064072e+01 3.886419494653528517e+01 3.464178739682765240e+01 3.384220212911124293e+01 3.884891717591332139e+01 3.293363444119767536e+01 3.661335950312481202e+01 4.389984701459070493e+01
3.761950747389204253e+01 2.835292031739848895e+01 3.434327429881804505e+01 3.040825776162022365e+01 3.971860685297072990e+01 3.613190634592486816e+01 4.442512678871447918e+01 5.144913784602122320e+01 4.843531294514167485e+01 4.036033601548877670e+01 4.481449882628644588e+01 4.884856249451409838e+01 4.024073164936367419e+01 3.084775634941424727e+01 3.669052069012960970e+01 3.889969469815399350e+01 4.287538074181572512e+01 3.794307319832317660e+01 4.596026021025416952e+01 4.849757358703156740e+01 4.592041539020593177e+01 4.169206400962500680e+01 4.591142378226538767e+01 4.672680443094204605e+01 4.001536219600550481e+01 3.479930065265537564e+01 2.638347636005478947e+01 1.711554661364393581e+01 2.361191419228003596e+01 3.222624668628618849e+01 3.199153320227630459e+01 2.438665749066968047e+01 2.630199781667030479e+01 2.847468478048651619e+01 3.217544409873223543e+01 3.682838743709272222e+01 4.278577835320110268e+01
4.161573509633240775e+01 3.294758550533765629e+01 4.161573509633240775e+01 3.571121765783335178e+01 4.374455009989832632e+01 4.598157008077645003e+01 5.014660255817532430e+01 5.119478861516072499e+01 4.159212346480045852e+01 3.495811412848417632e+01 3.535885040906872234e+01 4.334141059678128016e+01 4.422621125445222390e+01 3.669052069012960970e+01 2.732042450572271619e+01 2.950662644482784103e+01 3.741760965443900488e+01 3.254576703963541462e+01 4.172002648154140303e+01 3.895472986317541597e+01 4.574638867148282628e+01 5.127954184108287450e+01 4.607754226880753379e+01 4.188543169371412489e+01 3.581768598454213759e+01 2.555330056359389346e+01 2.646197569146842099e+01 1.663286599454098891e+01 2.361833172231131073e+01 2.872234626287632153e+01 2.185590660010501907e+01 3.199153320227630459e+01 3.358219467482430787e+01 3.884025647140863668e+01 4.249876143021899111e+01 4.668602575667646448e+01 5.124493993320826490e+01
4.635650352712123379e+01 4.229142944244821223e+01 4.635650352712123379e+01 4.519280229644400038e+01 4.928672969630692791e+01 4.985674320482606703e+01 4.823413272014072106e+01 4.599887743506139515e+01 3.997871726607899490e+01 3.605027047367710225e+01 2.996185375257268291e+01 3.935527766724334242e+01 4.574969698462550838e+01 3.625300722012084265e+01 3.347660417966147151e+01 2.408870164006966164e+01 3.347660421357958427e+01 2.837833227056596641e+01 3.671479361539758202e+01 3.233019686612968258e+01 3.772613990689926311e+01 4.724613691121626857e+01 4.188543169371412489e+01 3.177056074396708851e+01 3.473313785432118550e+01 2.790304022420671259e+01 1.826736288578135259e+01 1.614890930363388932e+01 2.594848464837948399e+01 1.947257169902491825e+01 2.953133379958046945e+01 3.622449399778128054e+01 4.356631019752923351e+01 4.480204838618210772e+01 4.212186891326823712e+01 4.357082441296274311e+01 4.774979391658303030e+01
4.167046686842466130e+01 4.296601792108426565e+01 4.296601792108426565e+01 4.708291230838832320e+01 4.985674320482606703e+01 4.022574996024640370e+01 3.862790190730251538e+01 3.862790190730251538e+01 3.287760268458279711e+01 2.627337424006420363e+01 3.462544190174435954e+01 3.470527343564312872e+01 3.900141261681502414e+01 3.625300725964077486e+01 2.686760599491292112e+01 2.215653595323074754e+01 3.138164093189216786e+01 2.482766246826234280e+01 2.734543069368668355e+01 3.151608375168533627e+01 3.690368661786765614e+01 4.640789621098829087e+01 4.056501001860961253e+01 3.046391112681538260e+01 2.485145932176313721e+01 2.174491196559245765e+01 2.549820082165862800e+01 1.566950639272569035e+01 1.720943658103293217e+01 2.795834529523517986e+01 3.375959164438715021e+01 3.777398434632612378e+01 4.033547716168958885e+01 3.447237980371415489e+01 3.438067441111731171e+01 3.401301460187375625e+01 3.862897120820941410e+01
3.159462916863301629e+01 3.290694520836554915e+01 3.290694520836554915e+01 4.296601792108426565e+01 4.879307007725896739e+01 3.917641795558171225e+01 3.247493701354154894e+01 2.915598853142584446e+01 2.654450487235646250e+01 2.410198337052767315e+01 3.127290514498182716e+01 2.569720710845261280e+01 3.016248329392039906e+01 3.460996360353793477e+01 2.981487619671076317e+01 2.040605330960006469e+01 2.197642130800170435e+01 2.512691138880616748e+01 2.844751209964662664e+01 3.782414663618050810e+01 4.491156926442171482e+01 5.043619107456164130e+01 4.476068499873814943e+01 3.851380789075118116e+01 2.850886505369088653e+01 3.143913071576423945e+01 2.504119619881731040e+01 1.520079450242632646e+01 2.357723953679639095e+01 2.791820702035158774e+01 3.216752105311557131e+01 2.785506839710266647e+01 3.289479522716702320e+01 2.624857041629558196e+01 2.925666070196944091e+01 3.994453201995789016e+01 4.774979391658303030e+01
2.589367817632533075e+01 2.589367817632533075e+01 3.159462930203899234e+01 4.167047126897099218e+01 4.991185068549368964e+01 4.601088908575694347e+01 4.199307014970897711e+01 3.862790190730251538e+01 3.600086511166094994e+01 2.851371146475150908e+01 2.183903726855936611e+01 2.034997371043500536e+01 2.034997371043500536e+01 2.941809191975370297e+01 2.822384548721610997e+01 2.040605330960006469e+01 2.981409150657613694e+01 2.965366241796807145e+01 3.782414663618049389e+01 3.434830237778278672e+01 4.099892765001226991e+01 5.058026945318751899e+01 4.838779214677305873e+01 4.270534804257190586e+01 3.851380795866664641e+01 3.251874461454045218e+01 2.183868969901059742e+01 1.472534154589495436e+01 2.283735530307573214e+01 2.027803255205515853e+01 2.706780650605496419e+01 2.058482729004758127e+01 2.271831142667470971e+01 3.289479522716702320e+01 3.915708222023988583e+01 4.297189452533462628e+01 4.278701179114725761e+01
3.241762281241744148e+01 3.584803979271362095e+01 3.999492875837694328e+01 4.579031444628080294e+01 4.071545361477427605e+01 4.071545480758010882e+01 4.177896247108962768e+01 4.247783604441857364e+01 4.198472291453433769e+01 3.524926895354742129e+01 2.701452701428118175e+01 2.034997371043500536e+01 2.791864731525843624e+01 2.667188086135673686e+01 1.882201910822333346e+01 2.822384548721610997e+01 3.374275650453863307e+01 3.907026360534705844e+01 4.304823114807081197e+01 4.380523769129677447e+01 4.781616966504117272e+01 4.690042142222239363e+01 4.184257081765840525e+01 3.409519608121210155e+01 3.409519611477675483e+01 3.122004247830109236e+01 2.900583034137059002e+01 2.372438911853947019e+01 1.406530611442354939e+01 2.321851020848190927e+01 1.783915092562512328e+01 2.792809915409528543e+01 3.289479522716702320e+01 3.697408033166119168e+01 3.991547360095366059e+01 3.494479533568124907e+01 3.284683395990181509e+01
2.795253237247640854e+01 3.240022786824570744e+01 3.844302948865463776e+01 3.903205807859188781e+01 4.071544856400426227e+01 3.134142512753083665e+01 3.208030181213177912e+01 3.308385646119477741e+01 4.247783603936333918e+01 4.038740595172943415e+01 3.370096648300531683e+01 2.791864731526014509e+01 1.851250499401241356e+01 1.727458521419624660e+01 2.552230880928475898e+01 2.754579853693718405e+01 3.038036818593809940e+01 3.266196019774270098e+01 3.534297926648163468e+01 3.849894880204669789e+01 4.347232289594808918e+01 4.270268834851996331e+01 3.259466675050379081e+01 2.759791429375512806e+01 2.413537175033634696e+01 2.138399674488164948e+01 2.740641884345538060e+01 2.269077998107609417e+01 1.365314534089956311e+01 1.532722962437203940e+01 2.626390395052762372e+01 3.204177693381596015e+01 3.858832466333824840e+01 4.277216559737893675e+01 3.575824464047342133e+01 2.607702671800728922e+01 3.284683395990181509e+01
1.851273769504003397e+01 2.515984804858597457e+01 3.138070610905651137e+01 2.967062691709999456e+01 3.903203334336910046e+01 3.480755586545482316e+01 2.529574398371081045e+01 3.480768373756967549e+01 3.703739118968947963e+01 3.425405956128656015e+01 3.658608581667092352e+01 3.171498160794815391e+01 2.783417620722378416e+01 2.439023190299624844e+01 1.611893765000514023e+01 1.812315232237714469e+01 2.375827128886876238e+01 2.410898242376889655e+01 2.645104495968653779e+01 2.990229829971852027e+01 3.906063616670157757e+01 4.690041782249855373e+01 4.184255592371133758e+01 3.764867753655655491e+01 3.321741638309541855e+01 2.331865985854284418e+01 1.781807484235670813e+01 2.301501617576526115e+01 1.301930759181369623e+01 2.181034463895086972e+01 2.917378516568411939e+01 3.048156384569956856e+01 2.865961092931590315e+01 3.638988057338256965e+01 3.225550304522722911e+01 2.607702671800728922e+01 3.157453847158162219e+01
