output/example/elevation_000480.asc
nrows	75
cellsize	13.33333333
xllcorner	0
ncols	75
yllcorner	0
NODATA_value	-9999
[rows 17 to 33 of 75, columns 0 to 36 of 75]
1.309999999999999880e-02 1.001309999999996236e+01 1.028032300655377007e+01 7.351356811801542435e+00 1.027986914453514444e+01 7.824367672802480023e+00 6.648222271931648608e-01 9.048306150549720428e+00 1.093616767506625820e+01 6.617764855672050750e+00 8.105310133222150881e+00 3.675402244014232878e+00 1.139576201508218034e+01 8.261435925702771854e+00 5.424386980202301700e+00 1.463967512598710385e+01 1.977274804600512326e+01 1.716563997267743602e+01 1.360377391422508708e+01 9.834922187995239540e+00 5.034525013828009321e+00 1.251848093420117891e+01 1.202765298174433006e+01 2.247626053238847632e+01 2.879423774893391652e+01 3.385748564372055114e+01 3.862485036930645776e+01 3.487726748294962675e+01 2.773421946904299418e+01 2.884208035701459139e+01 3.428009453294148301e+01 3.847504890574527536e+01 3.788251316038859073e+01 2.872389975329357270e+01 3.003728657890890830e+01 4.002841527961555812e+01 4.209228749796227476e+01
1.379999999999999977e-02 2.802063077235391053e-01 2.802063077235391053e-01 2.802063077235391053e-01 2.802063077235391053e-01 2.802063077235391053e-01 1.012262710866033366e+01 7.996868801877864641e+00 1.609027684445653961e+01 1.256632860612038982e+01 1.270759309879453802e+01 1.490747909605191346e+01 6.332534393411410889e+00 1.486550949475890704e+01 1.510278580571358731e+01 7.701289040915968442e+00 1.050967685203864299e+01 2.240945999678273637e+01 2.051174994183473288e+01 1.659538810219669003e+01 1.542975678913167847e+01 6.062265830244548681e+00 1.575480021412965215e+01 1.515108408059386136e+01 2.471216448880771210e+01 2.248347233041364035e+01 3.086639614652384367e+01 3.684088641001185493e+01 3.785166968438274182e+01 3.895345420042573181e+01 4.312148641073049760e+01 4.470485408225358270e+01 4.289378929448156441e+01 3.574212749506619247e+01 3.706754839278213609e+01 4.423211424970825334e+01 4.044589644601912681e+01
1.379999999999999977e-02 1.001379999999996251e+01 2.802063077235391053e-01 2.802063077235391053e-01 2.802063077235391053e-01 2.802063077235391053e-01 1.027996830801063410e+01 1.544652265591105333e+01 1.975075953916856619e+01 2.170227963841900376e+01 2.301095197948416882e+01 1.842297035549404427e+01 8.357302209555008687e+00 1.842297035549404427e+01 2.143979667790253174e+01 1.736032730874099883e+01 1.020696827142391605e+01 1.685336781362910941e+01 2.665372583915159055e+01 2.458692717322078281e+01 1.456050503494545545e+01 1.640043597702753786e+01 7.173564871061600456e+00 1.737094902177414468e+01 2.128394108646365623e+01 1.629351422767661717e+01 2.220643376351876697e+01 3.260905117814564136e+01 3.779598023206998647e+01 4.192275331217327761e+01 4.174051602693133134e+01 3.468098354143813111e+01 4.174051602693133134e+01 4.582400527459343920e+01 4.717657665792378197e+01 4.540026481294789562e+01 3.548497431175448469e+01
1.290000000000000001e-02 1.001289999999996283e+01 7.351356678468208727e+00 5.280267887497461565e+00 1.028032327322043571e+01 1.028032802596352724e+01 2.742719303436714107e+00 1.276107594510953014e+01 1.548829300063559877e+01 1.963276608968831738e+01 2.463802135671508609e+01 2.075019016657127935e+01 1.082626660932824159e+01 1.656942098089550797e+01 2.633873983820285147e+01 2.152632614703254887e+01 1.198798166932141918e+01 1.862797896428201838e+01 2.852355522565257573e+01 2.876517509479445778e+01 2.270417265417938069e+01 1.273826063206077386e+01 1.736618931731145565e+01 8.328254807492555756e+00 1.132781195047650691e+01 1.833706496873183767e+01 2.840038897684775421e+01 2.963352449810153999e+01 2.779905441357908913e+01 3.592392376978399682e+01 3.177181743446056572e+01 2.749291457237842451e+01 3.761690724478417991e+01 4.283313553500456550e+01 4.698816443427652700e+01 4.647684618593551420e+01 3.657141521079720548e+01
1.290000000000000001e-02 1.001289999999996283e+01 1.735147323955205323e+01 1.528037839227674155e+01 1.528037839227674155e+01 1.690672815903509729e+01 9.827749849674763283e+00 5.467858051418549081e+00 5.467858051418549081e+00 1.048102159317799753e+01 2.049556440809320179e+01 2.328312967060599092e+01 1.347309715454589707e+01 2.328312967052552196e+01 3.040746572368005474e+01 2.349724994437499959e+01 1.384149101906447399e+01 1.928512665364582546e+01 2.925111736325420608e+01 2.980774691869775950e+01 1.976452997287419322e+01 2.270420130532579961e+01 2.247364025447179614e+01 1.837275455777432498e+01 9.473452387629494709e+00 1.939130432243435109e+01 2.386716685566349483e+01 1.950963756915597713e+01 2.958032647125921599e+01 2.699584820411461905e+01 2.163879989250219538e+01 2.856821430749550217e+01 3.280041879119804094e+01 3.276329060714792263e+01 4.118088401228675366e+01 4.825247814593877393e+01 4.647684618593550709e+01
1.309999999999999880e-02 1.001309999999996236e+01 1.761429554039464662e+01 2.175636882781257953e+01 2.528052050058306222e+01 2.398570646839543841e+01 1.799303650290461221e+01 7.974061960495208545e+00 1.548829300063559877e+01 1.548829300063559877e+01 2.463802135671422633e+01 2.608406864437887052e+01 1.638133142144594245e+01 2.608406864437919381e+01 2.754422606783408511e+01 1.763071981139872335e+01 1.733804824133380151e+01 2.723973622506186132e+01 3.343305162266946695e+01 3.396551866215769877e+01 2.980482679069746510e+01 2.738874504059052128e+01 2.133153952301157119e+01 1.147275911215780653e+01 1.939130426372748772e+01 1.072993931006509882e+01 1.422071308579374715e+01 1.424655062917259229e+01 2.496679804312030271e+01 1.697890755322501732e+01 1.849722543698839416e+01 1.849722543698839416e+01 2.857550872457600377e+01 2.685827510037120192e+01 3.701930785520873002e+01 3.822877429884751876e+01 4.825247814593877393e+01
1.349999999999999985e-02 1.001349855799853472e+01 7.614296553858418193e+00 1.468536436251868516e+01 2.468536091328033422e+01 2.506945696188410366e+01 1.506188717574087121e+01 1.799303650290461221e+01 1.270151611137507075e+01 2.271204514474515435e+01 2.963840923016880069e+01 2.929064824486493990e+01 1.967090944340774428e+01 2.929064824486486884e+01 3.072291897766652369e+01 2.067100940044530333e+01 2.297609401498841208e+01 2.723973622509808479e+01 3.734324045674753734e+01 3.556477876409299199e+01 2.549132787531894095e+01 2.335314405633294399e+01 1.345359088953726534e+01 2.133905784540507256e+01 2.452517820824222383e+01 2.059163121678062325e+01 1.196563209947641937e+01 2.184755059731407911e+01 1.507485601586838264e+01 2.502634991323007796e+01 2.856867752829329987e+01 2.348702481523688235e+01 2.098941714922134949e+01 3.115283285895868559e+01 2.995626436709392237e+01 3.713253815834005422e+01 4.715537200921991712e+01
1.349999999999999985e-02 2.900251345948125614e+00 1.290025178343054080e+01 1.468536436251868516e+01 2.468536091328043014e+01 2.921076042977162857e+01 2.506945696188410366e+01 2.685372764844683502e+01 1.978262930447246148e+01 1.978262930447246504e+01 2.978428059616202361e+01 3.335656053849338321e+01 2.448360735039975467e+01 3.335656053849338321e+01 3.430434428259263768e+01 2.417454380511953715e+01 3.306397979596411574e+01 3.724715237008282998e+01 3.803669062446879678e+01 3.222204729360815634e+01 2.549136949516713102e+01 1.554106456369859934e+01 2.335314405633283741e+01 2.751277377724483841e+01 2.901612969217249116e+01 1.891382952588314126e+01 2.182277735848111178e+01 1.324126563525471489e+01 2.314912544419265217e+01 2.919686256484366638e+01 3.765786166862370266e+01 3.069366960544813949e+01 3.115283234370347287e+01 2.402406656008377439e+01 3.423005358477893623e+01 4.235285314325521000e+01 4.650395608266590841e+01
1.359999999999999924e-02 1.001359999999946915e+01 1.704240891491129872e+01 2.468536091328032356e+01 2.882737329324282172e+01 2.848168510325956149e+01 2.848168510325956149e+01 3.268143846909278949e+01 2.978428059616202006e+01 2.978428059616202361e+01 3.392482599242119790e+01 3.820933977590777886e+01 3.409768913933013579e+01 3.820933977590777886e+01 3.848532418376522202e+01 2.922644627382208782e+01 3.848532406152482110e+01 4.090019221442268815e+01 3.389524056047724088e+01 2.379380775152121075e+01 1.805189804273421927e+01 1.923493494536634074e+01 2.548448873908069956e+01 3.551394376886332083e+01 3.329594213578457129e+01 2.901535528207820036e+01 2.444674682601189630e+01 1.450957447720031368e+01 2.015346924835597875e+01 2.703278003799754003e+01 3.667896538123385852e+01 4.075169167072912302e+01 3.839822235969013775e+01 3.127313514398633743e+01 2.841354464079003606e+01 3.230183719625141237e+01 3.942380926633122584e+01
1.369999999999999864e-02 5.013699999999984058e+00 1.208476781136854150e+01 2.208476723916878370e+01 2.562912912456829773e+01 1.857681978004380596e+01 1.857681978004380596e+01 2.848168510325956149e+01 2.997964121212222821e+01 2.997965152965936397e+01 3.411178737312545195e+01 3.903434197770181413e+01 3.500229191048531163e+01 3.903435361406944537e+01 4.354917266021369926e+01 3.938224229145703958e+01 4.354917266021369926e+01 3.677491781435849560e+01 2.668894088302792156e+01 2.088405479966191436e+01 2.806317560902556352e+01 2.633190348854115470e+01 2.633196995353393177e+01 3.643830361713886390e+01 3.939729759711632084e+01 3.296710782609207513e+01 2.286606666979712443e+01 1.584645295137323551e+01 2.582501949463397040e+01 2.827220291118949191e+01 3.824484569913688858e+01 4.092481789077724841e+01 4.504495566426489006e+01 4.136868618737157988e+01 3.431415089940376362e+01 4.235285314325521000e+01 4.650395608266590841e+01
1.290000000000000001e-02 1.001289999999996283e+01 1.915582316552320563e+01 2.229387097526080908e+01 1.921865486112249499e+01 1.182347122376698323e+01 2.144757715705006973e+01 2.496538116114070505e+01 1.993480945682219385e+01 1.993480949757975651e+01 2.997965150478042418e+01 3.413666000718274773e+01 2.548941434966324238e+01 3.231836181995681301e+01 3.524979807676176335e+01 4.013982786464736563e+01 4.514828418933994669e+01 3.514431375067945140e+01 2.800148532199082041e+01 2.336896819087016652e+01 3.344944636948118699e+01 3.644003233189469881e+01 3.644072964676911397e+01 4.058056099092475222e+01 3.526280620386075526e+01 2.510790957361206921e+01 1.930250197673336388e+01 2.583140941425415349e+01 1.827946774745895553e+01 2.835673323676342150e+01 3.377203708172656604e+01 3.080925793309250338e+01 4.092481779952935739e+01 4.585127464058886915e+01 4.434556804926539542e+01 4.849941014807889417e+01 4.792473303423643216e+01
1.379999999999999977e-02 1.001379999999996251e+01 1.237395682723235169e+01 1.171636590193413241e+01 1.069511743766877210e+01 8.570536782967169032e+00 1.661340781774963915e+01 1.487915905576644349e+01 1.278439097960844606e+01 2.287687558842545243e+01 3.225897578617013295e+01 2.991041657404380061e+01 2.064477096987499749e+01 2.342086443828999620e+01 2.456654983950360105e+01 3.575564318353262649e+01 4.420443431146212276e+01 4.219546091815463740e+01 3.691740169225430179e+01 2.693687566438129366e+01 2.920818876405406428e+01 3.502889685586901436e+01 4.499983694978418214e+01 4.086991428697106699e+01 3.078237589809178942e+01 2.356567878325719789e+01 2.939990393595907037e+01 3.253275651811991054e+01 2.272624118596547049e+01 2.124636876907417360e+01 2.354594567745366618e+01 2.743576485341752402e+01 3.165722771845542738e+01 3.752033870533685445e+01 4.749772826574193374e+01 5.147583253462375552e+01 4.386164433479493852e+01
1.359999999999999924e-02 1.001359741356662880e+01 2.350207024199079342e+00 3.336617952167335588e+00 4.360181539830117359e+00 5.406896126985386353e+00 6.543649824458419140e+00 7.719691980364320472e+00 1.770298751573782781e+01 1.817068297814472899e+01 2.271906444179162676e+01 2.404684008034084286e+01 1.681851569695623994e+01 1.681851569695623994e+01 2.819204575086188314e+01 2.947367012262922970e+01 3.998209698656012279e+01 4.431894152799668518e+01 3.484913874589867078e+01 3.273243568868065267e+01 3.924311200248864395e+01 4.335312072142875905e+01 4.909598568960446840e+01 4.086991428697115225e+01 3.078237589809178942e+01 2.946441643821248491e+01 3.787965138187033887e+01 3.707164424095478950e+01 2.862347684055411534e+01 2.845272826083325057e+01 3.080925793328733775e+01 3.080925793306953864e+01 4.092481776378288316e+01 4.585127464058886915e+01 5.159877025187599031e+01 4.727147976179706745e+01 3.742021422637744621e+01
1.359999999999999924e-02 9.719353434018346283e-01 1.098238455896020405e+01 8.316443446145584062e+00 1.439236367124964211e+01 1.119826690849868456e+01 1.226846453978283868e+01 1.775316728489427476e+01 9.560316945215030060e+00 1.097704785521796111e+01 1.247315587836428108e+01 1.415842516422558894e+01 2.404684002413596033e+01 2.444528927384484618e+01 2.079420507096315518e+01 2.594029502955595134e+01 3.396451798568430291e+01 4.631072566417512348e+01 4.431894152799668518e+01 4.263417156711012268e+01 4.672165281854675101e+01 4.773244485947897431e+01 4.354633629851391419e+01 4.497692901257154574e+01 4.086991428697115225e+01 3.957333343742705267e+01 4.368530652016211491e+01 4.290002956123398548e+01 3.876998761520703596e+01 3.860414972495533448e+01 4.092481814727560874e+01 4.092481805447343390e+01 4.504500581735434395e+01 5.144427827656178920e+01 4.840203867207776511e+01 4.438417056353377177e+01 3.955554638343910767e+01
1.319999999999999993e-02 5.786702691894340944e+00 1.512642699149195380e+01 1.812584903678466119e+01 1.802391027299252713e+01 1.813283354651735380e+01 1.895084339173787669e+01 2.201188573318446728e+01 1.357165744358955095e+01 2.112763881156990564e+01 1.642725228800951953e+01 2.404684008034084286e+01 2.164977830265787873e+01 3.091973649845352057e+01 2.685775669804398547e+01 3.140200247313829607e+01 4.141087702991821828e+01 4.830318361949606754e+01 4.456502520318301208e+01 4.840040492771822755e+01 4.493781942130433293e+01 4.075798294569082003e+01 3.351464034882057774e+01 4.192805047385328976e+01 4.128557675347413891e+01 4.546630518324845127e+01 4.260031850733796688e+01 3.845633147024287979e+01 4.259791328003665711e+01 4.283927312557416656e+01 3.860289738836524975e+01 4.283567164846961361e+01 3.678799379655858814e+01 4.411615009166175838e+01 4.438417056353377177e+01 3.483609871028781413e+01 3.558578979731695568e+01
1.019999999999999900e-02 1.001019999999996202e+01 1.578670231774788313e+01 2.578669706104124160e+01 2.795352584463644874e+01 2.762540856145708901e+01 2.841411916667352244e+01 2.856153485082358046e+01 1.973214991780887573e+01 2.904363404692019301e+01 2.101798810196796907e+01 3.053752978021719500e+01 3.164057068913910697e+01 3.567086929577535415e+01 3.713888280171436662e+01 4.129922297943710419e+01 4.607505030648741950e+01 4.367273925678893676e+01 3.530823642619563429e+01 4.367273925678893676e+01 3.914784297241929778e+01 3.075533100891174954e+01 2.778085438534046858e+01 3.420977716612963349e+01 3.127888501241761432e+01 4.128557675347413891e+01 3.759722000375622741e+01 2.845329126159700550e+01 3.758904681925967139e+01 3.758118153168817344e+01 2.796954050319106599e+01 3.371115586716806689e+01 2.921462193703181498e+01 3.985435390379637255e+01 4.438038852923692446e+01 3.483597451303828052e+01 2.814817028422568868e+01
7.249999999999999500e-03 1.000724999999996356e+01 1.573689523053671557e+01 2.146215630980482558e+01 2.558978738888802340e+01 2.764910002559087943e+01 3.175360588258989125e+01 3.641190379338633676e+01 3.305273240964260850e+01 3.481407495574237032e+01 2.754652214333483329e+01 3.498965056187422107e+01 3.781915839447731287e+01 4.057543813073074546e+01 3.968761718219569445e+01 4.368758376085813921e+01 4.711860866061867625e+01 3.980074158866381140e+01 3.025672082726899959e+01 3.496363597995669181e+01 3.498294915667130311e+01 2.502960612116910255e+01 2.335466618162977426e+01 2.426299058616624649e+01 3.127888501241761432e+01 4.128557675347413891e+01 3.345470141946869091e+01 2.345583909476055595e+01 3.345435280586743687e+01 3.321371581150551577e+01 2.289772030223911514e+01 2.334349836205122486e+01 3.371148027327898689e+01 4.411315031813217047e+01 4.325613120430211467e+01 3.374231134411100896e+01 2.702087526674522167e+01
