output/example/elevation_average_000090.asc
nrows	75
cellsize	133.333333333
xllcorner	0
ncols	75
yllcorner	0
NODATA_value	-9999
[rows 17 to 33 of 75, columns 37 to 73 of 75]
2.858627341459575177e+02 2.462428101768742579e+02 1.543735305274032896e+02 2.500660364755396756e+02 2.404669041341610978e+02 3.142424742146671406e+02 2.887232189189359133e+02 3.842902089107233792e+02 4.022597474064712628e+02 3.164081245732060097e+02 3.955190175952512277e+02 3.658231543613991903e+02 3.256761232483485742e+02 2.513665101096334240e+02 3.476493961170003217e+02 3.859157927160391637e+02 4.097701400330856814e+02 4.090520642635853505e+02 4.182173010113978080e+02 5.121014658856379356e+02 5.201108771485174884e+02 4.658887540794064535e+02 3.889029987575189580e+02 2.930799395383030514e+02 3.802286187886985545e+02 4.153467470907003189e+02 4.549024089566878502e+02 5.019879108418108444e+02 5.115353336203665435e+02 5.134204218020241797e+02 4.475601144654132213e+02 4.580087858969874901e+02 5.519326395221002031e+02 5.844740597475323511e+02 6.225727041045228134e+02 6.035805945335711158e+02 6.030084073363700554e+02
3.644238203327833503e+02 2.913884177838856999e+02 2.506243333340745494e+02 1.599039398975063762e+02 2.546502596399728304e+02 2.191966590760305280e+02 3.143353358387568619e+02 3.548483478318643165e+02 3.154787272934177622e+02 2.670244243837116755e+02 3.631195707550306224e+02 3.262705127180847740e+02 2.299585833709617759e+02 3.262793370530579864e+02 3.520320522105240570e+02 2.900864681456001222e+02 3.158980169843546264e+02 3.482439765068120323e+02 4.145022596898160145e+02 5.088755205095080214e+02 4.935675556372421511e+02 4.504927768327682998e+02 4.141779378014646227e+02 3.802158644800691150e+02 2.843076056981452666e+02 3.207933812703523131e+02 3.683658699776509593e+02 4.354138376320092902e+02 5.295658408060870670e+02 5.756129679014710518e+02 5.415365835293963528e+02 5.518105484978523236e+02 5.551704942266194394e+02 5.713696294283435009e+02 5.497133589717790301e+02 5.102965008301641774e+02 5.772763052817891776e+02
3.604190825545965140e+02 2.682600639398065141e+02 1.991352460895186880e+02 2.565033715487854806e+02 1.655048774645497076e+02 2.600641188334306548e+02 2.721422154602811361e+02 2.762683496002990751e+02 2.188322891302257460e+02 3.154709299571170504e+02 2.919038651006716236e+02 2.959963690471049631e+02 2.155547967824567195e+02 2.354059099159922255e+02 2.560601761452218739e+02 3.243569212503284120e+02 4.110514330157378708e+02 4.427017432975868019e+02 4.821763095369080361e+02 4.582706259517883609e+02 4.193707705526627478e+02 3.598134527001018341e+02 3.186687632529581720e+02 3.657301747808476193e+02 2.782196015334504295e+02 3.463314295415385686e+02 4.415396289711417808e+02 4.799630100627765046e+02 4.432162839800546976e+02 5.089502100835136389e+02 5.257752830177903434e+02 5.251962498024796560e+02 4.613937562876182596e+02 4.776917347121388957e+02 4.557861899356076378e+02 5.497265016887362208e+02 5.958167269359526017e+02
3.098400740226759922e+02 2.507456170967281821e+02 2.942944192546627846e+02 2.590686840060374720e+02 2.617438067587045794e+02 1.711257783061595603e+02 1.751587003211934359e+02 1.791949600547957857e+02 2.762953320658417624e+02 2.860414286826974148e+02 1.949740521579023778e+02 1.991341735570157425e+02 2.960209182272861312e+02 3.312747585061129598e+02 3.520315695461500809e+02 3.914927789678680483e+02 4.586836959353564680e+02 4.344406807808103395e+02 4.611577681526698029e+02 4.192474192945931577e+02 3.239177867089339884e+02 3.510362334538246500e+02 2.636459859732449331e+02 2.696586471938725253e+02 3.657512263692465240e+02 3.948177942740867366e+02 4.043737709716073141e+02 3.852114415477013267e+02 3.759998137016978603e+02 4.331582978187421418e+02 4.315910089857172807e+02 4.657471570625629056e+02 3.937589357254639140e+02 4.109764220458225736e+02 5.054314468330505861e+02 5.030562490754552982e+02 5.693219720532429164e+02
3.699345809195811512e+02 2.893561076016005700e+02 3.631852680591641729e+02 3.535289509319977697e+02 2.864970432992269593e+02 1.941997155036210927e+02 2.669299937238516236e+02 2.762703469655824620e+02 1.849662208137000619e+02 1.890738768136351098e+02 2.860569821301822913e+02 2.959926174880203007e+02 2.054324221213264536e+02 3.022492500810364504e+02 3.478330647508922766e+02 3.876442644504287500e+02 4.057695135829868036e+02 3.391761759228945721e+02 3.662045641875799333e+02 3.825272058129874608e+02 3.432740817230767902e+02 2.552408430463033824e+02 3.514972652778317865e+02 3.657358394117472926e+02 3.819905561087275601e+02 2.994319677587355386e+02 3.087782137499347641e+02 3.182508108053384603e+02 3.279154816936461430e+02 3.379202835181204136e+02 4.332199437841093754e+02 3.708289788366577113e+02 4.657553344228300034e+02 5.052477993469272519e+02 4.436153614084423111e+02 5.376922227912920107e+02 5.818891273229846774e+02
3.396257607765967919e+02 3.726654875167284331e+02 3.782100487036821050e+02 2.890626079867320755e+02 2.485016780841480397e+02 2.249809725832561469e+02 3.120722523284347858e+02 3.151748981154638045e+02 2.192526746121711767e+02 2.860374668001590521e+02 2.206759708825252915e+02 3.173011380174903024e+02 3.022363277360403799e+02 2.116751004306267419e+02 3.062601017935531900e+02 2.921889294138547370e+02 3.232438453782015699e+02 2.706687015199631219e+02 3.321571351077854501e+02 3.366273817048613068e+02 2.469359320939666418e+02 3.432808593678883540e+02 3.623126618632641112e+02 2.780095209376114553e+02 2.863313200452914202e+02 3.819787219280303248e+02 4.042806539015148815e+02 4.116158398375895899e+02 3.973851603497041083e+02 4.331757791579656214e+02 3.525159102062709167e+02 4.476590148991195974e+02 4.035517056423260556e+02 4.980871802817457024e+02 5.376391628228293484e+02 4.883290092642737932e+02 5.547198073396123164e+02
4.014392989478347999e+02 4.290223498053478011e+02 3.544515779621776232e+02 3.772554778274143246e+02 3.392920039096835012e+02 2.595954539583959217e+02 3.457876305223663280e+02 3.539406620394343577e+02 2.587564713297136905e+02 3.400201541381854895e+02 2.443081697869530444e+02 3.369476798979341652e+02 3.478340706832693172e+02 2.835445954942205731e+02 2.178943106788179307e+02 2.222953243186589702e+02 2.267745128558574379e+02 2.312487982497521557e+02 2.357419767785516740e+02 2.402430768009095061e+02 3.366641018592175669e+02 2.582391831226358363e+02 2.662894291858414135e+02 3.623299105518506167e+02 3.818004238521576781e+02 3.149451546364265937e+02 4.104641245742731144e+02 4.793529702160299166e+02 4.916159066386651375e+02 4.710026156216450204e+02 3.765559910324354291e+02 3.889026013849951369e+02 4.836214098251622318e+02 4.382302665587776573e+02 5.323608288704621145e+02 5.816972398459140550e+02 5.648833589357798246e+02
4.701383413321861440e+02 4.672705518111730498e+02 4.412314259458034371e+02 4.235542192804672368e+02 3.354520716297074614e+02 3.165463283077384062e+02 3.904570778786723508e+02 3.527052572658362237e+02 3.270101251371131070e+02 3.659387615195510648e+02 2.703992775305284795e+02 3.650495140119922439e+02 4.179340667493457886e+02 3.539666094590020293e+02 3.124472190835262495e+02 2.430415792253596976e+02 3.233198757858755243e+02 3.247815741246609491e+02 3.060753383972007100e+02 3.366540586949337239e+02 2.616153875350411226e+02 3.544339783066203040e+02 3.623606568538256738e+02 3.272275848852375475e+02 4.226009102442507697e+02 4.104352120792292453e+02 3.453666082808730380e+02 4.405649863889241260e+02 5.136501783531136880e+02 4.963040991764185605e+02 4.022068571663506873e+02 4.835937069236409798e+02 4.297214046744634857e+02 5.239589130173370677e+02 4.753569266797587716e+02 5.690661648002454740e+02 6.486986811258121861e+02
4.657135577891866660e+02 4.656871373834729866e+02 4.418491335046971358e+02 4.567637013497393355e+02 4.225219160475597278e+02 4.107935259259005534e+02 4.443784407509478456e+02 4.477842948161386971e+02 4.224062385223777483e+02 4.053669660029161719e+02 3.187871973475824348e+02 3.257974843257236444e+02 4.209838179414248884e+02 3.957759974168037047e+02 3.008669813245397791e+02 3.394347986535968857e+02 2.794531164630038234e+02 3.753892341146843137e+02 4.007003889641368346e+02 3.969857497809604183e+02 3.187287395807771304e+02 2.842637570493367321e+02 3.801810013615928483e+02 4.226436122790843228e+02 4.225130666179745731e+02 4.793105518411526305e+02 4.405500844437784167e+02 3.802257892201788536e+02 4.750345982065207977e+02 5.352879262827296998e+02 4.967754735391808367e+02 4.448533125200878544e+02 5.239687397805496403e+02 4.773416054440090193e+02 5.690639239467462858e+02 5.175400379018904005e+02 5.861351280584406140e+02
4.309354175798776510e+02 4.245691493588069534e+02 3.522161072753522149e+02 4.275068013043135693e+02 5.001118852514350124e+02 4.705169179626500409e+02 4.802452980336645396e+02 4.416278891126264625e+02 4.803865304542057402e+02 4.532074259162753833e+02 3.869455946690523547e+02 3.935505251405958234e+02 4.196289113224826792e+02 4.355893783191206694e+02 3.596249055705152955e+02 4.112355704250471149e+02 3.351253176642403560e+02 3.273495102866498314e+02 4.227507072283717093e+02 4.531210374074801166e+02 4.129525731297284779e+02 3.781485363708805494e+02 3.078379705763763923e+02 4.034955756393844695e+02 4.692499670758661523e+02 5.552418239919398957e+02 5.136523691165654100e+02 4.750296503034761599e+02 4.225494414651406601e+02 5.168622269686695745e+02 5.699094562159699535e+02 4.774044525863571948e+02 5.665900493515140397e+02 5.710254067238337257e+02 5.319408220382180161e+02 6.107497390836106206e+02 5.762411137995904937e+02
3.964066832716412705e+02 3.971011224807062376e+02 3.076000971488027744e+02 3.969742907562578011e+02 4.539005271446151824e+02 3.797826605188035956e+02 4.398363052567994487e+02 3.464272469112623298e+02 4.393114537314095287e+02 4.957275893327272911e+02 4.815213877531626281e+02 4.881670600590937852e+02 5.139350034020122848e+02 4.919732477672226310e+02 4.539668240950824725e+02 4.692746581080134547e+02 4.304424395235901102e+02 3.950422088538604726e+02 3.942827151373743959e+02 4.888324750181096192e+02 4.597303599665491447e+02 3.656513204263353600e+02 4.028577560024644413e+02 3.350765929726355239e+02 4.304074954098639409e+02 4.909505737103705769e+02 5.264723054604078243e+02 5.552815966503038680e+02 4.926248883302909007e+02 4.811601648923388552e+02 5.719657090290971837e+02 5.464844349583652274e+02 5.445528231062596660e+02 6.355375299710416357e+02 5.985781005157103891e+02 6.080729820274934809e+02 6.687460638302105735e+02
3.614466724311367329e+02 3.618420476409871753e+02 2.708500659955715264e+02 3.618581467674627561e+02 4.146723979702988458e+02 3.215599123701144890e+02 3.584692834023911132e+02 3.060052167073744158e+02 3.620097296479113425e+02 4.554605960798865567e+02 5.261006131266387911e+02 4.903257160446297007e+02 4.523654646796728684e+02 4.887233435223509446e+02 4.865868721015420988e+02 4.478382334932439903e+02 4.866009385185280962e+02 4.896748254209544484e+02 4.889097819031026688e+02 5.241895284201743834e+02 4.993443933233681946e+02 4.241050140911375479e+02 4.655601536683985273e+02 3.779847927752856549e+02 3.690410371157568079e+02 3.969692753961649032e+02 4.334622389369176858e+02 5.274031789205823770e+02 5.851394618766418034e+02 5.468348542038720552e+02 6.128894855110379467e+02 6.381172528528687735e+02 6.374616463818684906e+02 6.752863904026584123e+02 6.907629019477126349e+02 7.002132832924602326e+02 7.377341429748744304e+02
3.915056270550779232e+02 3.307399500325535087e+02 2.357012692211446847e+02 3.298622451287335480e+02 4.030499324243971841e+02 3.578759742340618573e+02 2.623121029200127623e+02 3.565468434456656155e+02 4.045600747628604950e+02 3.929826363081611476e+02 4.851140308660031906e+02 4.410548531692686538e+02 3.574361872122760815e+02 4.342611642592922294e+02 4.462376091756369760e+02 3.526922734261631263e+02 4.462551336332721803e+02 4.817409787438119793e+02 4.938094243717923177e+02 5.327743412449314064e+02 5.560051768659258187e+02 5.169059948956197559e+02 5.114702016227837476e+02 4.330232288344997755e+02 4.241324140124050359e+02 4.890108482084660295e+02 4.915881729004513545e+02 5.009228269613179236e+02 5.943262374440843132e+02 6.396627172731871269e+02 6.081622816212520775e+02 6.171197908209180696e+02 6.550515619158815070e+02 6.399274019294269920e+02 6.305094974692265168e+02 6.683687870557768065e+02 7.332416976056352951e+02
3.697075909654558359e+02 2.753758166091248540e+02 2.073656764233344632e+02 2.713369309619347973e+02 3.498167842423621323e+02 3.110501620766111728e+02 2.398955847207918737e+02 2.733365998516828199e+02 3.120332321214947910e+02 3.999120145010186320e+02 4.228310697817478285e+02 3.832208659208289987e+02 3.068194502003346997e+02 3.960822537614218390e+02 4.072486342315206684e+02 3.126048129404558154e+02 3.926944672327747412e+02 3.872311940084026105e+02 3.996251325379283230e+02 4.760335394067699326e+02 5.156239422785080251e+02 5.632014296459743719e+02 5.655960769298443438e+02 5.272249550753006133e+02 5.184422114760618570e+02 5.568511235817395573e+02 5.845495180230046799e+02 5.938879381645148214e+02 6.323816258061671078e+02 5.793826956746625001e+02 5.151605463210462403e+02 5.239736787139984244e+02 6.101509971542503763e+02 5.474331267946205344e+02 5.375238945385382294e+02 6.034987814610233272e+02 6.599629353093466761e+02
3.417858863149801891e+02 2.798194134189822648e+02 1.831439612763307423e+02 2.792519481300452071e+02 2.872776589185360763e+02 2.143484090012528611e+02 3.110407290304887056e+02 3.690956593985582117e+02 3.566671304967895821e+02 3.594979790433565654e+02 3.635431856855334445e+02 2.910017756568594223e+02 2.711107542265420989e+02 3.669333685146871744e+02 3.499958615182991366e+02 2.781559804743109225e+02 2.985756652103293618e+02 3.205087083225265019e+02 3.496590318839971019e+02 3.821898190233222863e+02 4.305557546950854544e+02 4.994260057810968192e+02 5.918226089399266812e+02 6.062199722128957546e+02 5.680600248399531438e+02 5.789647407621138200e+02 6.113500323506941641e+02 6.178991889250442000e+02 5.788374705680856778e+02 5.400689732644898413e+02 4.470139616188475884e+02 5.393185575266373917e+02 5.302208748589447396e+02 4.785196569958664554e+02 5.721900249660671989e+02 6.013750741665462556e+02 5.673276220990229604e+02
2.497948283609721045e+02 2.536175724342463411e+02 1.617213622294385971e+02 2.590129029437209169e+02 1.903197727566067670e+02 2.872766454336133961e+02 2.797180634482140817e+02 2.837185881907560088e+02 2.607844413994126853e+02 2.633960741947462338e+02 2.955779390240161888e+02 2.276635366112794259e+02 3.229158239800420347e+02 3.271855093743839120e+02 2.537243524478085703e+02 3.481917050185839457e+02 3.940120930602781186e+02 3.771533624745973157e+02 4.442215792085138446e+02 4.760384247554601416e+02 5.156246295420560273e+02 5.410173143020300586e+02 5.793086219102641508e+02 5.492332737063856030e+02 4.743745416068013583e+02 4.854193963971544576e+02 5.789654738747582314e+02 5.606414855834606215e+02 4.886572157241263312e+02 5.040041226992544807e+02 4.147733649575329764e+02 4.929919806843460037e+02 4.360613123637503463e+02 5.302352010184520168e+02 5.615826120512207353e+02 5.080419749914443059e+02 5.621981002448937943e+02
1.524754628438828092e+02 1.563006317576500521e+02 2.536507715356545987e+02 1.672109785806762545e+02 2.644409404831212100e+02 2.739203490026438885e+02 1.827356740762772915e+02 1.867620349923382435e+02 1.907519594281153275e+02 1.947263111539963347e+02 1.987080617968562422e+02 2.026912819390466325e+02 2.995235931186098242e+02 2.306556948415052091e+02 3.271943196992970684e+02 3.892252979315126709e+02 4.494585029291920932e+02 4.702425791910489465e+02 5.105621526335868907e+02 5.028978134926167627e+02 4.642390245006233727e+02 4.469901646391697341e+02 5.145392756626962409e+02 4.759247556908825914e+02 4.196329313575408264e+02 4.863502199098007281e+02 5.797815361448596150e+02 5.216940881777513823e+02 4.279495596030479874e+02 4.638673418651951010e+02 3.859757666939162277e+02 3.985655248742060053e+02 4.931841509319986585e+02 5.294957858324713698e+02 4.677728714878247729e+02 5.615767766879137071e+02 6.393842171033522845e+02
