output/example/elevation_000052.asc
nrows	75
cellsize	13.33333333
xllcorner	0
ncols	75
yllcorner	0
NODATA_value	-9999
[rows 17 to 33 of 75, columns 37 to 73 of 75]
3.141814479224267842e+01 2.812683166334821649e+01 2.515654729100651110e+01 3.223440482200734181e+01 3.138274104459195968e+01 2.421363263566805557e+01 3.393593931861899904e+01 4.153558693537432589e+01 4.658686252158307894e+01 4.495477977914162437e+01 4.063254353540649078e+01 3.480209318609861668e+01 2.631465916649402104e+01 2.434403304442768956e+01 2.583314763965096006e+01 2.650876811807616562e+01 3.256176888843673822e+01 3.023498538135913805e+01 2.447370918064395084e+01 1.432052635077077163e+01 1.682911100309899410e+01 2.642595354075846004e+01 3.258409251471477575e+01 2.730653609570780560e+01 2.041057697408157168e+01 1.334959332789781250e+01 2.404153228336821613e+01 2.892960703872494932e+01 3.382447237642344362e+01 3.806019195946992539e+01 3.184857729504600243e+01 3.185418585493442833e+01 2.759020322675911174e+01 3.569347117987544493e+01 2.898410306713089213e+01 3.349189573673744746e+01 3.945128486546651203e+01
4.147037669023146123e+01 3.811968223126354616e+01 3.223440482200734181e+01 2.248549466420688958e+01 2.188061781089514923e+01 3.138274100926832233e+01 3.026636581412438787e+01 3.596334702310912235e+01 4.610649925612445088e+01 4.107348290820166881e+01 3.272964954786889535e+01 2.859991673991347838e+01 2.536367774522487650e+01 2.199704524471318123e+01 2.642250660893435921e+01 1.718242701082024126e+01 2.550810356045795757e+01 2.954313142663512437e+01 2.811703411723414803e+01 2.289355309720328080e+01 1.143700111550966270e+01 2.188496996136626294e+01 2.588273793663833544e+01 1.891058714985447864e+01 1.266815006312307901e+01 2.158501050356901274e+01 1.473314023705577647e+01 2.537736980015241173e+01 3.321866508859272216e+01 3.741782904092558937e+01 4.195688327775543058e+01 4.188367879151131490e+01 3.334450603968495841e+01 4.190102846383577173e+01 3.617733743301680960e+01 3.374108232013441011e+01 4.104984765879105879e+01
4.022566981435637246e+01 3.579469285879026330e+01 3.121375965981006217e+01 2.092906301904157829e+01 2.032185286351931097e+01 2.683278938876468445e+01 3.663221445319933878e+01 4.446528736836789619e+01 5.033042786899283527e+01 4.495477977910029921e+01 4.063254353538483343e+01 3.690156622803525011e+01 2.953410456410771090e+01 2.944092421236585722e+01 1.958519581655931319e+01 2.460680986546601190e+01 1.491287159168822996e+01 2.341941802540354090e+01 2.256022180725786441e+01 2.443746534992458308e+01 1.751545655460462214e+01 1.143700111550966270e+01 2.187004435254041468e+01 1.203833216765445968e+01 2.168006290596666474e+01 2.570611619437572770e+01 1.576130794524028822e+01 2.601026597407988561e+01 2.374629371829704994e+01 3.051870109201613701e+01 4.026224336479665311e+01 4.249050194884092946e+01 4.360252770048094817e+01 4.780415445245301953e+01 4.648433488763707544e+01 4.104984765879105879e+01 4.104984765879105879e+01
3.179803096839860288e+01 2.621275537875176553e+01 2.203114444823867046e+01 2.674361162912248702e+01 1.872925105303171378e+01 2.552890806827819858e+01 3.537613575005971711e+01 3.850081575188823280e+01 4.270241923019651153e+01 4.502444985892221752e+01 4.092752399228712790e+01 4.183839591125094159e+01 3.806136413710903099e+01 3.461147955851257052e+01 2.976212100311523656e+01 2.735403202883913920e+01 2.050193829697936820e+01 1.277248060344447644e+01 1.549759005914780552e+01 1.971146976984472587e+01 1.087258426782330645e+01 2.111726959623511490e+01 1.143700111550966270e+01 1.619235163896811613e+01 2.600162111683672350e+01 2.963199662017570546e+01 2.601026597219101433e+01 1.725313246855811045e+01 2.721429512934556527e+01 3.059161588475870630e+01 3.285820778071042980e+01 3.285820779025487326e+01 3.902290840443197339e+01 4.310946855084858242e+01 4.804868273359318920e+01 5.133084227726757121e+01 5.133084227726757121e+01
3.582124264074111863e+01 3.164530840452485450e+01 2.672896004665941661e+01 1.699758072420339872e+01 2.674360756031902753e+01 3.254474467175104024e+01 3.147260344092960693e+01 2.856142258249304078e+01 3.850081575188823280e+01 3.926086192409128017e+01 3.090660033065075041e+01 3.926086192409128017e+01 3.884132265346319457e+01 3.464030443908578150e+01 3.595569647964421023e+01 3.284309227997191982e+01 2.716189973220706833e+01 2.277545248345139584e+01 1.108036798535273704e+01 1.024676788984411147e+01 1.285637252366413108e+01 2.170030139688363136e+01 2.204690267903090728e+01 2.198975782210020213e+01 2.357896115329704756e+01 3.337182951173910084e+01 3.115172318546041197e+01 2.443109132979645537e+01 1.874457767095083227e+01 2.117365290129696476e+01 2.351421844296039865e+01 2.642346443943784706e+01 2.946310304797147595e+01 3.413095835402194211e+01 4.392247402541049439e+01 5.277849656509216913e+01 5.277849656555426350e+01
2.680638171307212403e+01 2.217387056309446791e+01 1.899791032614018960e+01 1.581016261528715816e+01 2.564678602371856542e+01 2.686737133628338370e+01 2.170344050116568724e+01 2.856142258249304078e+01 3.850081575189055627e+01 3.514194101871262177e+01 2.513510397130671592e+01 3.514194101871262177e+01 3.464030443908578150e+01 2.443437117736523945e+01 2.500074611642189382e+01 3.160475662137196196e+01 2.907009383605727493e+01 1.948421139065595753e+01 1.911013855022057939e+01 9.809798604252208065e+00 1.892821356943345279e+01 1.650360602462561843e+01 2.586153490598534077e+01 3.198083346833427498e+01 3.337172832400511879e+01 3.724862209473397456e+01 3.777653059784379508e+01 2.934840165849869820e+01 1.983770270986875417e+01 2.934914482482134446e+01 3.285820778071042980e+01 3.285808099470430221e+01 3.902290840443197339e+01 4.310946853910514420e+01 4.802655279479743911e+01 4.258720243082239421e+01 4.258720243082241552e+01
3.582102079456792865e+01 3.164533245878818235e+01 2.460636815452509651e+01 1.469152647047764404e+01 2.315951989942395528e+01 1.705869198980555268e+01 2.686737586678555445e+01 3.563192090634478149e+01 3.848208736977944966e+01 3.160398985148695417e+01 2.160717820074449236e+01 3.160398985148776418e+01 3.464030443908580281e+01 2.443437117736523945e+01 1.701176493458939731e+01 2.270411156815062625e+01 2.285041648047878837e+01 1.914918790231944357e+01 9.356202106955434417e+00 1.689227469091958511e+01 1.873220198844920503e+01 2.582445108694997771e+01 2.042895155746835911e+01 2.582150923597839665e+01 3.630717753485956933e+01 4.529277677767776566e+01 3.866178842697380702e+01 2.930938063780942926e+01 2.295541867744741538e+01 2.136704876100855088e+01 2.805971998372102050e+01 3.821140883398219756e+01 4.655953815950216068e+01 4.503810471690842121e+01 4.083266655412354851e+01 3.554644606341729940e+01 4.258720243082455426e+01
3.626039902817913685e+01 3.211390094256447014e+01 2.870728317052935452e+01 2.316005173822973617e+01 1.314587045686226574e+01 2.316005198602956838e+01 2.686737566497068741e+01 3.675650603114245030e+01 3.436553562608818879e+01 2.436156076155007355e+01 1.839901736748797489e+01 2.486955629933875755e+01 2.903495390901266759e+01 2.909044691437373231e+01 2.246146858906690724e+01 1.212319224133529083e+01 9.413347662009385886e+00 9.079938731027896281e+00 1.910405146978578017e+01 1.442150442794069143e+01 2.347402393982969571e+01 3.187207403736097433e+01 2.503710337800097818e+01 3.025327681145583014e+01 4.070449047239550566e+01 4.141068200132311716e+01 3.192612834420885193e+01 2.730728489535934855e+01 3.168700062658400540e+01 2.240610038338092025e+01 2.889701317322557728e+01 3.817523782109533670e+01 4.207010506124396443e+01 3.791077246636195497e+01 3.110995873460788630e+01 3.659591392829052126e+01 4.366635943181515245e+01
2.716349855765363941e+01 2.234389268858087263e+01 1.909082319734114819e+01 2.221379110856240757e+01 1.216780191538956579e+01 2.221379101315501714e+01 2.690836354331327129e+01 3.079992454589190487e+01 3.774464181473184254e+01 2.772566279643427478e+01 2.038521625457430275e+01 1.398944802315240388e+01 2.486912268578619489e+01 2.507206328836759823e+01 1.597959388637960920e+01 1.711423612659255156e+01 9.448057704830411296e+00 8.889612039576904934e+00 1.872550423917422435e+01 2.416496333606478331e+01 2.115587855629214431e+01 3.144818630121999448e+01 3.229884756768779397e+01 3.986819234808960033e+01 4.519189395656933783e+01 4.532601751786876321e+01 4.057692229035063747e+01 3.265758752416642352e+01 3.272197113322661721e+01 2.342539377136744605e+01 3.272197386681655473e+01 3.536284274767923108e+01 3.540911210220689753e+01 2.838396337725032126e+01 3.791077249758655654e+01 3.617033157936627674e+01 4.322988757782572122e+01
3.627315906910490639e+01 3.211390094253253125e+01 2.449004258512918142e+01 1.456810265807295757e+01 1.216780191538956579e+01 2.099361661919857625e+01 1.794559619020025210e+01 2.634020716702362108e+01 3.226453280768387089e+01 2.982808492634103814e+01 1.942357289549743271e+01 1.095172262370494387e+01 1.926931234444765906e+01 2.111992336032020035e+01 1.726879698453569389e+01 8.564263804606765618e+00 8.564263804606765618e+00 9.141381948561747350e+00 1.883902263286409706e+01 3.114659689600283698e+01 3.144811490258215514e+01 3.578667695252384107e+01 4.311575030901492056e+01 4.376979060976580627e+01 3.928943547528730562e+01 4.377457739612354715e+01 4.604013365313221584e+01 4.214193415048710278e+01 3.531707646606533046e+01 2.617350336282834888e+01 2.493928250995449503e+01 2.601702418625730928e+01 2.601702418625730928e+01 3.540911209584674424e+01 3.608239985707629671e+01 4.604609776621053641e+01 4.322988757782572122e+01
3.586929437342658389e+01 2.596808028971726401e+01 2.035554846784001981e+01 2.448185373076055882e+01 2.096771307654951144e+01 1.093775783048889849e+01 1.656846824427990228e+01 2.214822320367844100e+01 2.223924038434779860e+01 2.933376332898066963e+01 2.637476818212326179e+01 1.922609856989543431e+01 7.852732358224786324e+00 1.575432871672590274e+01 8.230580755807260118e+00 1.790886778986433470e+01 8.564263804606765618e+00 1.831283947372310550e+01 2.294705965982226559e+01 2.746916277458328537e+01 2.747308392499449425e+01 3.286786556892247546e+01 3.664290927521990682e+01 3.611504408130821986e+01 2.766491403929531856e+01 3.807270736145549961e+01 4.462381579927609465e+01 4.165205834297905341e+01 3.163557250382692487e+01 3.246129170301268374e+01 3.425008153221939722e+01 2.971163503529970029e+01 2.763800876890497804e+01 3.707463002983610068e+01 4.374912155046171591e+01 5.024945781877379858e+01 5.342240319920014713e+01
4.008745129154288378e+01 3.432324221762252137e+01 3.012676439974750764e+01 2.221240273806868970e+01 2.257359237776010730e+01 1.246717180578979978e+01 9.801768471273168970e+00 1.877689050443982310e+01 1.508032655316322490e+01 2.516291610034048531e+01 2.533976364402148462e+01 1.661989413058014620e+01 1.718350568000035494e+01 7.852732358224786324e+00 1.761644235715453277e+01 2.133001157115077717e+01 1.834816951437892030e+01 9.260918314179001243e+00 1.937083183881813397e+01 1.799654457091941850e+01 1.799654457091941850e+01 2.834869032747356243e+01 2.701228211368550092e+01 2.465188999186123553e+01 2.194981054481277383e+01 2.857711113661126845e+01 4.016883559041332319e+01 4.580300729672581639e+01 3.867020165187004466e+01 4.297900584937318769e+01 3.737851530913123099e+01 3.636546708146341444e+01 3.707463002983902101e+01 3.004024923901577537e+01 3.964032040455582973e+01 4.678898208431417771e+01 4.973628885752518158e+01
4.344204977222078412e+01 3.363053739046673485e+01 2.792034197710346888e+01 2.681654640448331151e+01 1.684930803802269494e+01 2.257358947772211977e+01 1.877686165459491008e+01 8.820589183751266660e+00 1.769387963585452894e+01 2.177993749646358523e+01 1.974719029043505714e+01 1.674445830226312282e+01 7.429515307318907524e+00 1.717884290186862017e+01 1.161244955657032385e+01 2.075438562713706503e+01 2.368504023586545770e+01 1.939480168521886583e+01 1.008379164383512716e+01 1.075856916122137719e+01 2.125508719175693528e+01 2.611089317533818033e+01 2.555197522277746103e+01 1.672167839530914435e+01 2.801610028860540780e+01 3.187137471034773384e+01 3.604384494221682900e+01 4.187187414384772666e+01 4.885089719571000444e+01 5.066171908912677679e+01 4.684744228234545460e+01 4.605282002657238394e+01 3.781962138592423628e+01 3.964032043063794930e+01 3.285858953370745184e+01 4.266737838215798462e+01 3.973933999853797161e+01
4.732747065094825700e+01 4.173572106218586697e+01 3.777737045745757172e+01 3.097592254947858237e+01 2.683499496039619459e+01 2.844088947092416575e+01 1.867996380043897986e+01 1.769389041800043572e+01 7.916050369789097374e+00 1.664508129393589897e+01 1.616878105355667472e+01 6.989346197767507540e+00 1.611717671554090003e+01 1.953930883288938603e+01 2.057751938922435286e+01 1.607540170951435599e+01 2.492033106454349678e+01 2.478271051388918522e+01 1.604977721987968664e+01 2.125508880470765050e+01 1.182473396062283122e+01 2.129780114236860200e+01 2.330048281201455396e+01 1.397315252222846738e+01 2.475065711015642478e+01 2.159950390204098625e+01 2.759619402347809469e+01 3.771138019749994896e+01 4.448492308766765291e+01 4.352833588891626704e+01 4.793858358315699775e+01 5.183197558707970387e+01 4.773677313545432810e+01 4.266737852406917852e+01 3.285858953370745184e+01 3.285858953370745184e+01 3.973933999853816346e+01
3.797169957229462511e+01 3.380540409853476547e+01 3.797169957229448300e+01 3.313263015060586980e+01 2.883864912931857205e+01 2.886424785482415345e+01 2.688029156269760378e+01 2.144272553658764480e+01 1.664520486212752814e+01 6.971532304172723293e+00 8.598665155124256998e+00 6.687804176207159834e+00 6.687804176207159834e+00 1.744636837554372022e+01 2.685427165818440542e+01 1.944863427367943487e+01 2.826559162316937801e+01 3.077193431776226262e+01 2.652185759058438919e+01 2.239947870003682340e+01 1.182473396062283122e+01 1.182473396062283122e+01 1.268382646232031519e+01 2.330350117918794339e+01 1.540281130738959625e+01 2.594090732084188033e+01 3.154538907331518516e+01 2.988069461021089879e+01 3.616843532350342372e+01 3.312056008423853370e+01 4.352833588891626704e+01 5.307158577469320448e+01 5.411294001521738295e+01 4.678898679086673695e+01 4.266737853254315382e+01 3.843965524588689675e+01 3.973933999853816346e+01
3.301545439210403288e+01 2.395332126771646131e+01 3.093289219333686191e+01 2.883864912931857205e+01 1.790576399785508954e+01 1.790651669265781720e+01 2.316925839773080043e+01 1.380780133560325851e+01 1.593192014038354998e+01 6.271698565392102687e+00 6.271698565392102687e+00 1.580399703374050446e+01 2.166607775744618181e+01 2.574991180220206743e+01 3.083142530712362017e+01 2.365748675290946679e+01 3.240616498581805160e+01 3.355086924829345207e+01 2.329929761613917449e+01 1.716816283411623090e+01 2.236595636736446124e+01 1.182473396062283122e+01 2.240915647974260239e+01 2.413771732082469512e+01 2.338381522665402201e+01 1.689706365048313685e+01 2.735385318493396056e+01 2.259714515152350245e+01 2.590840078953624115e+01 3.333040516604851433e+01 4.440654085122872630e+01 4.350570092065006378e+01 4.455325305392290147e+01 5.411294001521738295e+01 5.254917259588501111e+01 4.844255593640988877e+01 4.973628886472939570e+01
2.887936268312561694e+01 1.910576878002870771e+01 2.111778838381942336e+01 2.809413030034991721e+01 2.111197274561898141e+01 1.027565587505667466e+01 1.567910791065209075e+01 1.495764860115846417e+01 5.927224239595973110e+00 1.580808114735185477e+01 1.601009793720963614e+01 1.233595344164210950e+01 1.939510079687924815e+01 2.943435283215757892e+01 3.718294927272683736e+01 3.298928295527927190e+01 3.720699770193118638e+01 3.775240034818876467e+01 3.185086684963258108e+01 2.329930921553096113e+01 2.091271578736737169e+01 2.246533260256849474e+01 1.666260178039939888e+01 2.500683926347067043e+01 3.009600466506408267e+01 2.724344510905162764e+01 1.841008717325449240e+01 2.881826627749526537e+01 3.616826831782451990e+01 4.040185369062766085e+01 4.031815793725318997e+01 3.663521878265418508e+01 4.372827289944967788e+01 4.770551899001984708e+01 5.124456183395619746e+01 5.377715877515548470e+01 5.388083362745272353e+01
