output/example/elevation_000445.asc
nrows	75
cellsize	13.33333333
xllcorner	0
ncols	75
yllcorner	0
NODATA_value	-9999
[rows 51 to 67 of 75, columns 0 to 36 of 75]
1.369999999999999864e-02 1.001369999999996274e+01 7.399657627034553542e+00 1.117930235712681331e+01 1.695280504902303065e+01 2.695280504902295959e+01 3.470829955955258583e+01 2.489999949868616014e+01 1.793560397227923531e+01 1.271517873129018916e+01 2.061822427002586977e+01 1.932319393637591176e+01 2.500073957000776304e+01 1.484909890215084438e+01 7.818898018983650999e+00 1.530620387006596061e+01 1.203252682748014912e+01 2.096255659427960794e+01 2.660002239598860285e+01 2.231987206558079606e+01 1.821402774445389383e+01 1.292698242568754452e+01 3.182516047652541147e+00 1.197437491693779776e+01 8.989978984138740969e+00 1.922233483201998894e+01 2.118439564816281617e+01 2.856186477108374078e+01 2.464206907322437345e+01 1.727675841814845370e+01 7.261022520117960788e+00 1.435271073160414090e+01 2.433603093784490312e+01 1.858748453806574830e+01 1.431805568919050842e+01 1.269594546737464391e+01 3.029776140858519096e+00
1.290000000000000001e-02 1.001289999999996283e+01 1.739965762703448249e+01 2.117930235712674403e+01 2.532143798085766306e+01 3.109494067275388218e+01 3.560267586869227330e+01 2.589836821023576263e+01 1.897611747511216862e+01 1.713633834594290661e+01 2.649731137838423933e+01 2.621988988959714462e+01 2.620377081263834640e+01 1.640938148960950471e+01 9.458086422608262822e+00 1.919254431628923285e+01 2.101569596509515137e+01 2.513169439710953412e+01 2.231987380667404608e+01 1.197796571570715329e+01 1.395466081557126437e+01 4.024859886051502578e+00 5.443090051472711188e+00 1.554257553015824023e+01 1.922233474321938473e+01 2.361111593744616854e+01 3.167779391112265230e+01 2.754861313068652251e+01 1.761091471866502900e+01 1.050717540780376247e+01 1.727675841814843238e+01 2.140971089936860849e+01 1.735462780400899163e+01 1.434260926411875303e+01 4.454738768259776549e+00 4.454738768259776549e+00 1.269594546737476648e+01
1.329999999999999932e-02 1.001329999999996190e+01 1.795147477925154789e+01 2.196779478625401794e+01 2.112182595989145284e+01 2.334161986098075658e+01 2.792407109284298983e+01 3.277378130686314961e+01 2.874069411667690588e+01 2.271028234581771699e+01 3.068679419314927515e+01 3.412432601895849871e+01 2.406348898543406634e+01 1.541933815378023631e+01 1.146042894496686237e+01 1.830043347518103047e+01 2.782773286102830923e+01 2.906890922327255211e+01 1.854419423092385344e+01 1.500704143658051493e+01 4.919308919094098620e+00 1.395466252958690134e+01 1.250165948456625387e+01 9.619306959047062122e+00 1.994203086896165189e+01 2.948199057403165568e+01 3.140929327775273094e+01 2.151642431213975115e+01 1.447193916921639634e+01 2.052163641522684046e+01 2.464238616643141810e+01 1.735462780400899163e+01 7.303063436806042752e+00 1.554853325711251166e+01 5.573035756489484349e+00 1.138628024835904995e+01 1.846304633363865477e+01
1.369999999999999864e-02 8.995071290185185475e+00 9.209709224440704389e+00 1.551669033014694676e+01 1.069361554797440483e+01 1.390391128520763431e+01 2.169295999956047538e+01 2.875923644880097285e+01 3.303567148213412707e+01 3.204877763227195686e+01 3.593997996037207088e+01 3.309233320145214918e+01 2.340162308891651222e+01 2.312017662547581409e+01 1.360134486666648712e+01 1.911162399888151242e+01 2.859645660611214169e+01 2.606128823091716384e+01 1.547896412134755373e+01 8.980567742155725952e+00 5.591289957481659023e+00 1.576735284887368493e+01 2.266974344332312441e+01 1.994203085894795890e+01 1.474638665245928237e+01 2.514773167568927192e+01 3.012394097630695100e+01 2.023399612099651534e+01 2.022985358272461909e+01 2.852154944975965023e+01 2.314208186131412504e+01 1.311791738560630804e+01 7.303063436806042752e+00 7.303063436806042752e+00 1.554853325711251166e+01 1.970488101700022909e+01 2.553964739651102178e+01
1.319999999999999993e-02 1.001319999999996213e+01 3.420528987204538129e+00 1.339723790257671077e+01 5.575073528468644568e+00 7.380602130895084656e+00 1.742322248618209812e+01 1.818147823454703627e+01 2.685698919947675734e+01 3.148813645905824643e+01 3.757133308691840057e+01 3.722438085348181858e+01 2.859654412422231573e+01 1.911162401460252624e+01 1.653871107700610210e+01 2.596149546908496575e+01 3.270930324794424848e+01 2.513657682928005244e+01 1.444701968819818561e+01 1.577182745778928208e+01 5.591289957481659023e+00 1.575418859118125603e+01 2.509533320241050447e+01 2.942227716328162401e+01 2.074109064657789148e+01 2.948199057403165213e+01 3.423911556824836566e+01 2.594032800968070163e+01 2.989164844925571529e+01 3.408365720443850932e+01 2.730185960476363505e+01 2.151089057562235496e+01 1.735459946046422886e+01 7.303063436806042752e+00 7.303063436806042752e+00 1.441990971708908909e+01 2.444620572824151594e+01
1.349999999999999985e-02 1.400250453868842948e+00 1.160334923400055018e+01 5.575073528468644568e+00 9.339874123578741916e+00 1.740204144884283366e+01 1.026801334251755904e+01 1.239172197378486651e+01 1.684316293913366636e+01 2.267060534364175339e+01 3.315055742443536957e+01 3.548098745036941182e+01 2.574491432914325983e+01 2.314637123460216017e+01 2.120295688877027018e+01 3.003732342669350075e+01 3.576512746405183663e+01 2.513659199541203648e+01 2.389015166351030217e+01 7.563460485752602658e+00 6.327735266298284422e+00 1.044815402579336094e+01 1.783777308618702762e+01 2.830471399452818559e+01 3.116731526681857645e+01 3.551231950251298031e+01 3.996443143581488044e+01 3.583886256330754350e+01 3.272581097246926163e+01 2.605337811408326587e+01 2.189376183966903611e+01 1.956086680489026364e+01 9.491636935888665860e+00 1.430930109496248548e+01 1.251813249218869828e+01 2.150380910410615343e+01 2.554451341559482458e+01
1.369999999999999864e-02 1.001369861394939598e+01 1.640858194143965321e+01 1.554545256284471222e+01 1.927709666826350343e+01 1.561484635260432619e+01 2.034473056749398623e+01 2.251297774035120014e+01 1.663502456234033033e+01 2.382068915851407453e+01 3.439006294735293778e+01 3.967813791690240066e+01 3.548098745036941182e+01 2.858530479522753609e+01 2.783818850561991454e+01 3.486899892484709795e+01 3.352685903580285753e+01 2.953214033639211422e+01 2.405026673464495346e+01 1.516136787221794435e+01 7.103347935617200015e+00 1.715652242738633504e+01 2.079318116720952148e+01 3.097488345253573527e+01 3.144388633189011273e+01 3.570503050941148615e+01 4.166176469527989212e+01 3.654299613378955769e+01 2.813224465316433864e+01 1.770853131726016017e+01 1.186674377599410413e+01 1.186674377599410413e+01 1.663444177146488911e+01 2.241280380768695224e+01 1.985402294685504998e+01 2.695321757819125708e+01 2.995809963546944488e+01
1.379999999999999977e-02 1.001379999999996251e+01 1.627426291655015334e+01 2.073906012300339441e+01 2.649864072316113450e+01 2.545458221210600769e+01 2.360742447969041891e+01 3.107745562202732259e+01 2.382068915851407453e+01 2.304004932878971701e+01 3.043437592782654022e+01 4.119684785785931069e+01 4.268407407482487770e+01 3.845760530271786592e+01 3.767747138877563629e+01 3.699940236202500188e+01 2.953214056590829983e+01 1.983919775786111117e+01 2.163578038339101184e+01 9.330887449056872285e+00 7.976447534574321985e+00 1.491482309233755288e+01 2.462027702883200675e+01 2.545093923368845523e+01 2.106379986241191204e+01 2.707080543716249466e+01 3.741762592694357181e+01 3.243525303859538411e+01 2.261454428043407816e+01 1.767188421381795749e+01 1.968813101104727536e+01 1.186674377599410413e+01 2.299810366100799541e+01 3.079436717683422842e+01 2.972483729030474464e+01 2.998222886023804534e+01 2.559636965105321593e+01
1.309999999999999880e-02 2.145107163556106311e+00 6.617242911578936848e+00 1.239070994229408917e+01 2.238361895089570552e+01 2.846929145742188894e+01 3.317798172755241382e+01 3.713031222958802857e+01 3.439006294735293778e+01 3.358663097380326690e+01 3.802997860446289735e+01 3.937298831132392962e+01 3.701670135158479269e+01 4.110388361281065528e+01 3.967114309607038791e+01 3.019821093334678608e+01 2.355021856873900532e+01 2.267819473770030925e+01 1.225078603615883388e+01 1.285608530281892392e+01 8.875262897821446728e+00 1.919700227383150093e+01 2.054931023962554804e+01 1.505311472673960616e+01 2.545094061451620249e+01 3.242670813167678290e+01 3.759729613497972878e+01 3.654299616685710816e+01 3.161854543605939583e+01 2.603124979621764012e+01 1.549067515836715003e+01 2.299810366100799541e+01 1.962245946388522810e+01 3.114762966344780537e+01 3.178607882516395833e+01 2.127208836634094880e+01 1.516705571567573330e+01
1.349999999999999985e-02 1.001349999999996321e+01 5.796590878513244505e+00 9.879073642813235523e+00 1.435120593317277127e+01 2.012456006041463397e+01 2.719325355263989863e+01 3.716409631638093458e+01 3.427555049487517635e+01 3.836487233935512364e+01 3.937298831132392962e+01 2.950351593630709601e+01 2.714036839684955993e+01 3.540330239702838355e+01 4.110388361282791436e+01 3.297276852608919739e+01 2.355021856873900532e+01 1.636385766798042596e+01 2.267819233632497955e+01 2.018683304804187628e+01 1.920346429415777934e+01 1.018763713537962445e+01 1.018763713537962445e+01 1.382683915897115057e+01 1.775707000511000189e+01 2.297266477555043451e+01 3.334079268542907215e+01 3.784173020617638628e+01 2.729019454090412111e+01 1.974447453569769806e+01 2.603846007412539976e+01 3.038463037898956998e+01 3.114762966344780537e+01 3.567278342532321744e+01 3.581457047680213890e+01 2.998222886023804534e+01 2.530571778195932353e+01
1.369999999999999864e-02 1.001170456016402355e+01 1.579694810840518748e+01 1.114180998013864077e+01 1.614176210403252298e+01 2.321122461203590603e+01 3.318160695377032710e+01 3.265454427378806201e+01 2.437748231482171590e+01 3.265442861035152333e+01 3.135835494666796919e+01 2.726396728798965086e+01 2.139261981979252525e+01 2.714036839684955993e+01 3.701670135158479269e+01 3.226788464545954582e+01 2.284767280681188240e+01 2.355021856873900532e+01 3.027481046594571623e+01 2.723816030296573842e+01 2.055035521780732211e+01 1.018763713537962445e+01 1.018763713537962445e+01 2.054986659568852048e+01 2.659432618557418593e+01 3.242670813167678290e+01 3.759729613497972878e+01 3.897744560213543252e+01 2.844858606051191785e+01 2.590880987951536341e+01 2.844858606051191785e+01 3.897744560213543252e+01 3.899213625784148718e+01 3.460715356186751990e+01 2.213988597184686213e+01 2.819567138363579417e+01 2.225723159041331556e+01
1.290000000000000001e-02 1.001289999999996283e+01 1.862783212309300396e+01 2.113662315335213293e+01 2.525321732622733961e+01 3.023639130006610287e+01 2.840167903594301180e+01 2.856089679781095114e+01 1.862305000709114466e+01 2.856088823040303737e+01 2.726391683163146240e+01 1.731551537002132690e+01 2.726396728798965086e+01 3.540330239702112181e+01 4.044634493615549786e+01 3.628349105179844258e+01 2.950228177839438359e+01 3.297276852608865738e+01 3.154085016844113554e+01 2.367466163255205203e+01 1.321895768410203686e+01 2.055028774161072391e+01 2.054986659568840679e+01 1.191570829558371969e+01 2.230405300691182546e+01 2.843757899931573974e+01 3.449562488783247005e+01 3.874052085500392195e+01 3.897744560213543252e+01 3.343665142259148837e+01 3.897744560213543252e+01 4.190076890993675107e+01 3.192596505749587976e+01 2.519530479405790757e+01 2.180990311133722415e+01 1.891159618946965892e+01 1.637451153383763724e+01
1.359999999999999924e-02 4.485735954999563013e+00 1.155680375736413978e+01 2.155679527193755973e+01 2.079321830261974213e+01 2.133536335352532731e+01 1.840827542102950787e+01 2.504732782562934545e+01 1.509161754247429421e+01 2.059499807382234593e+01 2.227978097202878160e+01 1.489246264859952262e+01 2.485111880276302898e+01 3.239227358661878498e+01 3.058216235698849417e+01 4.044634493615549786e+01 3.894464059526623601e+01 3.463056644997394784e+01 2.413330718533057251e+01 1.668981617037358589e+01 2.367466163255205203e+01 2.798896349023074848e+01 2.653618312348837449e+01 1.924299945889089614e+01 1.373841448012185751e+01 2.414589748591271601e+01 2.413680036119784589e+01 3.147381305269682983e+01 4.179092502150204780e+01 4.385917973023256167e+01 4.344101531354196055e+01 3.928471752469526024e+01 3.899213625784148718e+01 3.484751735505950165e+01 3.118088028708921300e+01 2.819567138363579417e+01 2.562768172225891661e+01
1.379999999999999977e-02 1.001379999999996251e+01 1.862783212309297554e+01 1.780821863467463828e+01 1.065117410884787397e+01 1.134067744596634952e+01 1.134069243487147993e+01 2.133266402300687403e+01 1.853787381737586770e+01 1.062273052428815845e+01 1.231237199771033808e+01 2.227978686720421919e+01 1.915162160815922121e+01 2.247943408259993703e+01 2.950281578797660842e+01 3.936804179200549925e+01 3.866839430397064348e+01 2.762205541724329194e+01 2.140405311532121857e+01 2.720788324007130399e+01 2.533066250917916307e+01 3.601402989386340892e+01 3.302149586066422415e+01 2.568016066329554192e+01 1.526488522161088035e+01 1.753786740656251197e+01 2.794412908437346488e+01 3.736371035352615166e+01 4.329849167356791639e+01 4.716930778563681059e+01 3.928471752469526024e+01 2.923540597460963397e+01 3.217878118137342369e+01 3.479052876812981054e+01 3.368511486812225542e+01 2.954598206167773000e+01 2.432207402353169812e+01
1.349999999999999985e-02 1.001349999999996321e+01 1.673452730500881813e+01 1.255155473741210947e+01 3.572942683820229615e+00 4.271372947300608125e+00 1.425950998220906918e+01 1.659753232243062016e+01 8.560298077915922121e+00 1.853787311312869335e+01 2.227980086929551007e+01 2.638364749246840546e+01 2.908799375194584158e+01 3.239227358661878498e+01 3.647987322801562726e+01 4.074604634178909635e+01 4.298026079348350237e+01 3.635925001840746518e+01 2.670967936357239836e+01 3.635925001840746518e+01 3.607768105089425603e+01 3.810900714153164159e+01 3.381917963710905894e+01 2.725265265203520215e+01 1.683100240539146242e+01 2.724601241686923103e+01 2.276064865463986564e+01 2.876130570446440515e+01 3.908606727373136636e+01 4.302113784152962239e+01 3.293447348152948706e+01 2.715996290468868679e+01 2.227296761655944479e+01 2.483197331859925683e+01 2.565847487476876410e+01 1.965093365697437378e+01 2.020452147550125588e+01
1.359999999999999924e-02 1.001359999999996298e+01 1.163157171716309435e+01 2.594710723917994510e+00 1.245438435787865217e+01 1.425312884426785587e+01 5.281525161834398574e+00 6.617825920277415008e+00 1.659978304934202598e+01 1.671206874177317303e+01 2.375002306279170838e+01 3.362370445353565884e+01 3.257883601979629873e+01 3.659732163296747842e+01 3.849525819614011368e+01 3.139042025575390937e+01 3.849525819614011368e+01 4.164146815635218957e+01 3.729854351018778402e+01 4.165345908970699185e+01 3.981174676157123571e+01 2.944471072336800077e+01 2.345345079985841608e+01 1.949127314033033898e+01 2.725265265203520215e+01 2.176601802285779996e+01 3.213541648011867835e+01 3.123333686164332335e+01 4.153295578929702003e+01 4.415851186408737306e+01 3.408102333078213064e+01 2.700103153076851470e+01 2.136371319762461951e+01 1.794438510330771308e+01 1.583330975981600020e+01 2.146671786543191018e+01 1.148830865761289921e+01
1.290000000000000001e-02 1.001280676400596725e+01 1.632460276670807620e+00 1.163145894632467225e+01 1.074720756130267496e+01 1.928862105044410313e+01 1.526767679325411819e+01 5.281525161834398574e+00 1.540871449062006882e+01 2.093760608451416516e+01 2.980276046241622012e+01 2.582664858509463102e+01 2.302980225192114716e+01 3.257883477407445838e+01 3.420498907000099820e+01 2.451420708475584220e+01 3.325676254275522581e+01 3.684668570830307743e+01 4.100254860768387033e+01 4.679654025043826238e+01 4.410402540882035538e+01 3.811938524902373615e+01 3.205948957238511099e+01 2.168419735880322463e+01 3.205948702226405800e+01 3.214350751601477185e+01 2.777538667343035783e+01 3.810434959674623911e+01 4.570336642146138928e+01 4.655522934674359448e+01 3.649391366206532439e+01 2.939797893626273861e+01 3.124085232448898353e+01 2.774848768086206618e+01 2.282209606328158102e+01 1.290792916414529223e+01 2.146671786543187110e+01
