output/example/elevation_000037.asc
nrows	50
cellsize	20.0
xllcorner	0
ncols	50
yllcorner	0
NODATA_value	-9999
[rows 0 to 16 of 50, columns 0 to 36 of 50]
2.590084917154735766e-01 1.017695025040728751e+01 1.489678157651565726e+01 1.461475369815646808e+01 1.875873982309361665e+01 2.107635088932279288e+01 1.106402126134840991e+01 8.850172962402726995e+00 1.423514250464372921e+01 2.254999007276504841e+01 2.349995376138077319e+01 3.352460057415757433e+01 3.898525620707669503e+01 2.901131171857783997e+01 2.195405046474303745e+01 1.621235391373479118e+01 1.437255608360025327e+01 2.030205923014161939e+01 2.079423112123183870e+01 9.731855319390028569e+00 6.688991143518487448e+00 7.172124392769336332e+00 1.156937210400623783e+01 2.011574310266729526e+01 2.687620289964870324e+01 2.831422048919571566e+01 2.912430403754656183e+01 2.534443958662768281e+01 2.644097548199063752e+01 3.639408992974992429e+01 3.213342346961730556e+01 3.778796570840125213e+01 4.196727158956879578e+01 3.354541959734665824e+01 2.320820945195115215e+01 1.740241923791338863e+01 1.718929837482051681e+01
6.054987779269863646e-01 1.060549877792695028e+01 1.461475369815632241e+01 -9.004383935097260405e+01 1.461237468892120539e+01 1.763298752400912761e+01 7.793772998296091714e+00 7.841632883434749957e+00 1.007839176983834406e+01 1.350473195995764009e+01 2.328980027483748927e+01 3.037581640433208818e+01 3.617931285041396450e+01 3.304727594631532384e+01 2.308611393960852709e+01 1.973062130163071259e+01 2.134769788854404382e+01 2.879611343900806375e+01 2.499681720207351887e+01 1.782657747768108081e+01 9.253012416822969044e+00 2.359488993358444642e+00 1.201197621262559245e+01 1.856720792331062242e+01 2.639777668758533480e+01 3.050962141850061471e+01 3.634435488192399788e+01 3.529251699969434242e+01 3.639408992870558279e+01 4.054460574210719415e+01 4.219670641303743253e+01 4.052845159342395931e+01 3.621508490422900195e+01 3.501935081291999552e+01 2.829225590936104240e+01 1.825330300924730054e+01 1.407006233534516149e+01
3.430590528629120506e-01 1.034305905286286098e+01 1.179492832989004469e+01 6.530061799829527835e+00 4.584050874832934497e+00 8.620956156685764427e+00 6.150691866094098792e+00 9.660538066551078273e+00 1.619773071880070248e+01 1.308974587921342270e+01 1.617826248679601164e+01 2.196371309021301244e+01 3.199342342215717849e+01 3.719427881021531590e+01 2.790363490761313159e+01 2.667574420191443707e+01 3.136216335563679891e+01 3.258335359517666774e+01 2.818993159025814421e+01 2.335368021376030612e+01 1.694360768965552211e+01 7.005906563045585678e+00 6.844368183871873512e+00 1.599932628112698119e+01 1.589724548987450881e+01 2.249476051685428502e+01 2.765559282870668056e+01 3.244241263536763142e+01 3.885183700300092369e+01 4.397539755629041736e+01 3.981951783983365800e+01 3.621508490422900195e+01 2.558422222676340141e+01 2.439327557194287976e+01 2.910571192956036057e+01 2.443323446487027439e+01 1.443553994707796484e+01
8.235039275605838816e-01 9.059716706381490070e+00 2.444491540269376539e+00 3.194251257565137614e+00 6.521066113701500022e+00 -1.366426297507964591e+02 5.322872532217516550e+00 1.509603125862647133e+01 2.382616785641344492e+01 2.026071594336093895e+01 1.807711786502435558e+01 2.385986114565389471e+01 3.388765871897033577e+01 4.211201160179735581e+01 3.794164266362447080e+01 3.663000250317341511e+01 3.566863854705227510e+01 2.537635391097674287e+01 1.752513270172198645e+01 1.952492094632228969e+01 1.589217354778694968e+01 5.949168323818328830e+00 9.591445254723037550e+00 4.398496572794268644e+00 1.182832380685152351e+01 1.830816239247422672e+01 1.698683421442768093e+01 2.311909712682224693e+01 3.435416255203094238e+01 3.811100851624235020e+01 2.961063689858293912e+01 3.279806368113801085e+01 2.689668688849898004e+01 1.831165545543875695e+01 1.870446530920129291e+01 2.443427726689415991e+01 2.038787641629333791e+01
7.161369641965544819e-01 1.661048146719622087e+00 2.006296958471972314e+00 2.344689396293016426e+00 1.204408750300348885e+01 1.404285479324603081e+01 7.043671518732391945e+00 1.099900031105092246e+01 2.078085572924678814e+01 2.552580562803099440e+01 2.789746880140161167e+01 3.226150644024606606e+01 3.806301366314884405e+01 3.687329942519310322e+01 3.474926582531334418e+01 3.564322562757724455e+01 3.413393868457729496e+01 2.376391720963574627e+01 1.579605442492737488e+01 1.003920113622869792e+01 6.340538270167434654e+00 6.370126498466870402e+00 9.215357916190541232e+00 1.196818012892707195e+01 9.909505455185197320e+00 1.270329280338025058e+01 1.540811134526688164e+01 2.270104061263658934e+01 3.371733308096294479e+01 3.372804558715947820e+01 2.350047414003362789e+01 2.242579879913582630e+01 2.862992616524898182e+01 2.108816571214728341e+01 1.343116074684241035e+01 1.426001444585524958e+01 1.529707329992886677e+01
6.490390650280113416e-01 9.802706090770715974e+00 1.188385499866913619e+01 7.769224095733310520e+00 1.657063456282456215e+01 1.916012032451093461e+01 1.005362667613026417e+01 9.336221216200316420e+00 1.158835583981801953e+01 1.657903020550029183e+01 2.366336900493369555e+01 3.371575250990582617e+01 3.690208671684939645e+01 2.573413656069297417e+01 2.347875594689812573e+01 2.438478080169265638e+01 3.224155138022675260e+01 2.900133199200685041e+01 1.806134350048775516e+01 9.590802389542057327e+00 5.883281971112892528e+00 5.900299504610688750e+00 1.256289582472119015e+01 1.061420440370598328e+01 1.135398540175272153e+01 1.863826238426075932e+01 2.439462052044165574e+01 2.572319241224546005e+01 3.614454149269001704e+01 3.378200713288079982e+01 2.330148734916598130e+01 1.706204320849742118e+01 1.777648137935719319e+01 2.461173596004299569e+01 1.654372348691396866e+01 9.155286255982543864e+00 6.780776638588435823e+00
9.330058981412470143e-01 8.004073710006696984e+00 1.800407371000662593e+01 1.773418387078964997e+01 2.187975839443801718e+01 2.011067447789484675e+01 1.994033160672164939e+01 1.155131293295806572e+01 1.271333481196021609e+01 1.692990379858092709e+01 2.271891439999960838e+01 3.280197555964016232e+01 3.402565249469557784e+01 2.273024652909544230e+01 1.671738375529602294e+01 1.658449371759913760e+01 2.487110615136834824e+01 2.544726696673545163e+01 1.913418729448391176e+01 1.361142873850511315e+01 5.561111308557106447e+00 8.177149524214788912e+00 1.763425342441776422e+01 1.752009694967979314e+01 1.767592285336032276e+01 1.540196159450560565e+01 2.124961259417579029e+01 2.846852172127137948e+01 3.715371751799472833e+01 3.357745548058464635e+01 2.316239024321017581e+01 1.670906073616186305e+01 1.252682764799342330e+01 1.319702446550755681e+01 1.655952261418561022e+01 6.522525871882603354e+00 7.765287372177103187e+00
5.188205228764638521e-01 8.332856629505336343e+00 1.546427024533435812e+01 2.121779706117873232e+01 2.591165085482068520e+01 3.014266352520544601e+01 2.571041958129455196e+01 1.649488095431394896e+01 1.702017441678834331e+01 2.231755136781117699e+01 3.116063131730250291e+01 3.699572078699584665e+01 2.859501043560855393e+01 2.063062632218002079e+01 1.526727655155834995e+01 1.242841016171641577e+01 1.418543260637451908e+01 2.080789119272446897e+01 1.053439340008900160e+01 -3.263864375655342798e+01 5.150907367034311513e+00 -2.938662339695720860e+01 1.415617873044523023e+01 1.829535659945259241e+01 2.127546713198118056e+01 2.251411904374947781e+01 2.318485147296884108e+01 2.952941625169552253e+01 3.740483268819222218e+01 3.776316415842475749e+01 3.180242316821916759e+01 2.409560973258498251e+01 1.301846055154224757e+01 8.231549837628282518e+00 5.767350528662699816e+00 5.948256601287389422e+00 9.546836518096204927e+00
7.467319160170617920e-01 3.761845361794700526e+00 7.297379267727443164e+00 1.176951522272703698e+01 1.884058303459255868e+01 2.884058303461148753e+01 3.088021890889323018e+01 2.663031558667892185e+01 2.285133206626895941e+01 3.134553475952833068e+01 3.657364094767209650e+01 4.407821157069243156e+01 3.636424258587155123e+01 2.665351069097141945e+01 1.556428136122783812e+01 1.092859706016253796e+01 8.980120953577921838e+00 1.196160292075855835e+01 1.665959159221943509e+01 1.222783455404890418e+01 4.793927442236419978e+00 1.233416040817892778e+01 1.301520896545563843e+01 1.038269766516367376e+01 1.782017057621435185e+01 2.127047314350484086e+01 2.562159809263291876e+01 3.249221332476411561e+01 3.666782332690977597e+01 3.309327716508150985e+01 3.706653074045696172e+01 2.862566523716771627e+01 2.051370517039883268e+01 9.898361962639416589e+00 5.348813921877412447e+00 6.401248010669689847e+00 1.165340546304796199e+01
7.351574092455022136e-01 8.480490716773035231e+00 1.537891573320467486e+01 2.120123271368774454e+01 2.591165085266190715e+01 2.905196824566658620e+01 3.095999508781998344e+01 3.510251825867788966e+01 3.318286099272666689e+01 3.752103466403118404e+01 3.597924544545430336e+01 3.996704393270499622e+01 3.444908165970759484e+01 2.320874544781378646e+01 1.690364856294396390e+01 1.677779012656415247e+01 8.610815658821209695e+00 6.708448230726451023e+00 7.247507087650468804e+00 -1.793004187587383313e+01 4.420427425826101597e+00 4.380550824636554097e+00 1.186586092287902972e+01 -2.255087444771851324e+01 1.159415345493304628e+01 1.053931962733327765e+01 1.720720085883127126e+01 2.987977416523608198e+01 2.843798712150702812e+01 2.300449234323665237e+01 3.169906622440710464e+01 3.104479390577474618e+01 2.001904105841051162e+01 1.196567468576405346e+01 9.036369865523502298e+00 -4.641123531666449864e+00 1.100375065315799006e+01
5.269872374626074496e-01 7.598055049328070076e+00 1.759805504932799991e+01 2.686657590454449718e+01 2.396917488902888493e+01 1.904378353200620211e+01 2.094518289793505517e+01 3.095999508781970988e+01 3.530548628956807278e+01 3.122831333908231244e+01 2.627846090919522481e+01 3.449548502446717180e+01 3.891718900027600370e+01 3.250395615423643392e+01 2.772010809402200948e+01 2.356291779701012246e+01 1.874968822829452009e+01 1.203244302184114289e+01 6.381540752625912027e+00 9.541284323466644679e+00 1.185396189639665643e+01 1.371318203915108036e+01 4.044383909898582097e+00 3.545934126095248828e+00 4.285940563664519587e+00 9.530134587837521210e+00 1.792592831282078691e+01 2.532704815025939027e+01 2.484069325891423929e+01 1.722693888074635638e+01 2.326410380296309910e+01 2.846289046704313819e+01 2.561448490718507642e+01 2.380878919358938361e+01 1.915340393905551863e+01 1.552450346115947610e+01 5.576239752552622164e+00
1.383962708379395945e-01 7.209464082703425980e+00 1.720946408271009886e+01 1.685593522378639619e+01 1.394949402382987280e+01 1.385329390751319067e+01 1.867087108367444515e+01 2.869386306038417445e+01 3.036513551867651017e+01 2.132642724385845057e+01 2.055125832153339616e+01 2.955104633714314133e+01 3.324819066883637930e+01 2.909935653714222425e+01 2.797971611151807281e+01 2.795690492745072930e+01 2.478025676210006267e+01 1.992775389481082016e+01 1.337267156253289180e+01 9.159617391076503523e+00 2.086163179263305523e+01 1.648368357807218487e+01 9.596196813198487163e+00 3.397952257671132514e+00 9.354129696210387479e+00 -2.218745277955422424e+01 8.807952660714001070e+00 2.037288190864905957e+01 2.060013573951871280e+01 1.285248574687208212e+01 1.181331003961758697e+01 1.904956366511179766e+01 1.524236000920441825e+01 2.253817244648229234e+01 1.926669800167378099e+01 1.058114258997203017e+01 4.391849943984199811e+00
6.756183529128325649e-01 1.067561835291279770e+01 1.700635833858695634e+01 9.763845867481443008e+00 9.371692560810229722e+00 1.352545856574855421e+01 2.356455494160098496e+01 3.283274030529567966e+01 2.610159609604592745e+01 1.632511549863090394e+01 1.608170883546112506e+01 2.579339351979105288e+01 2.909936522648338908e+01 1.912198583142033215e+01 1.800457372627822394e+01 1.796133932099535002e+01 2.503472394179457794e+01 2.503656068282998959e+01 2.498090801600083211e+01 2.328033698680878061e+01 2.696393543503549139e+01 2.362482215803292007e+01 1.711643094166550227e+01 1.020521646390072235e+01 3.406414608835097724e+00 3.110737616282680751e+00 1.028969231971882614e+01 1.687787583092410415e+01 1.863792160288343780e+01 1.300589801890255615e+01 7.813450647452026665e+00 8.412141064117092171e+00 8.235647779610077990e+00 1.350061536177418198e+01 1.730156902224067039e+01 1.452729029970798713e+01 -5.292316790981219299e+01
1.053743069371424479e-01 1.010537430693649874e+01 7.068690764327186571e+00 5.877534266318207301e+00 1.056863707316898271e+01 2.059829934267239082e+01 2.771104648643786206e+01 3.179060923099794778e+01 2.815845354881781049e+01 1.816925401192152378e+01 1.330756147659798394e+01 2.007132356414350483e+01 2.440659709514417841e+01 2.034997308638201119e+01 1.208555799516540041e+01 1.094819924310907666e+01 1.665044567623249350e+01 1.475105129413464766e+01 2.230073508094271872e+01 2.209503686275175127e+01 2.625685404638356246e+01 2.457811751383787424e+01 1.971668019369596436e+01 1.692125104451073625e+01 1.074436732529457217e+01 -7.039767959908115813e+01 -1.235303850257245415e+02 1.266993620503643925e+01 1.125249583361026495e+01 1.266326564303590985e+01 9.535101045111236573e+00 -1.090056529304383481e+01 2.349652809325088132e+00 3.457049028481950170e+00 7.391906235906965605e+00 6.781543943476139091e+00 5.000917987797603992e+00
4.388850927889174081e-01 5.905385169482823216e+00 2.895668265831551569e+00 7.320749650965812982e+00 1.727827955545360439e+01 2.028130622470129651e+01 2.176298217726649753e+01 2.176298217726650464e+01 2.766237921486013462e+01 1.771632364326801579e+01 1.094985424558936948e+01 1.028106197459971050e+01 2.028711170457068391e+01 2.182359427157949128e+01 1.187048238250555698e+01 7.172251420678457556e+00 6.398965442873266518e+00 7.388328862958080556e+00 1.769060539857599323e+01 1.207506805754097456e+01 2.046568598027551644e+01 2.055022180896790118e+01 9.700804210730956001e+00 1.028422308567509624e+01 1.255698281970042629e+01 -1.458455854261038951e+02 3.111943391090226552e+00 8.443922365159831855e+00 1.229213092465600710e+01 -2.664701103428636770e+02 3.651397044006344572e+00 1.202738143047054820e+01 4.592572977276754287e+00 3.942949830558026836e+00 4.493217513902213689e+00 3.175104840715118559e+00 4.869347042773862988e+00
8.953435393330821945e-01 3.779173050986899818e-01 5.821705185559802764e+00 9.486813938140246094e+00 1.194660537835201275e+01 1.027022568415225479e+01 1.174987490258967959e+01 2.081284136335347767e+01 2.831914668210349362e+01 1.834301611924345465e+01 1.129024760923098647e+01 8.220169372642551764e+00 1.538984886454927548e+01 1.980587997334932027e+01 1.807481966742738422e+01 7.692900879000147185e+00 3.509788163641137437e+00 4.556803545104159525e+00 1.312348045933820018e+01 6.301643826538318116e+00 1.575689214736739352e+01 2.030035419179001366e+01 8.891509264162948512e+00 -2.635671259690262787e+02 2.888586585162079334e+00 8.132372965490796801e+00 3.166784104440447667e+00 3.210735605215571997e+00 1.307812276111128114e+01 -2.120691833237778496e+02 2.892291896557015907e+00 9.810771912749283175e+00 1.340513919982152657e+01 1.073094199771373347e+01 5.447884455948809546e+00 6.092090555689203768e+00 1.390523010966789208e+01
1.994484013391750743e-02 2.673532168605131654e-01 -5.574624584064988539e+02 -2.188377426964159156e+02 2.235112127476130528e+00 5.486499077155295723e+00 1.127559748990012700e+01 2.126930554404771456e+01 2.892637757285604039e+01 1.892875561970272713e+01 1.183689997260671234e+01 6.403414973158217727e+00 5.724276328665850677e+00 1.567032261077354072e+01 2.071828923385782417e+01 1.656013307671524615e+01 8.987405897636890018e+00 -8.420664911691000043e+02 9.748931327798439739e+00 -4.207354259304464961e+01 8.529983114317156279e+00 1.804102147512798027e+01 1.237338727623458290e+01 -1.711414439037481827e+02 2.331287885801329729e+00 9.211657871865789105e+00 7.294651366282066896e+00 3.210295858328456653e+00 3.256061313003638880e+00 1.355776270261856986e+01 9.356646417068040122e+00 1.782062384594063076e+01 1.453877912014920071e+01 -1.154352157275039588e+02 1.074539674673201439e+01 1.645360242283834751e+01 2.151603086550622734e+01
