output/example/elevation_000238.asc
nrows	75
cellsize	13.33333333
xllcorner	0
ncols	75
yllcorner	0
NODATA_value	-9999
[rows 51 to 67 of 75, columns 37 to 73 of 75]
3.300704281216746860e+00 9.718133461352966407e+00 8.240899914637667578e+00 1.472035362013043702e+01 1.073470435967104208e+01 1.435570588032382133e+01 1.360015014179226789e+01 1.380992290984676707e+01 7.053670743111825736e+00 1.558714651232431336e+01 1.776254229534563223e+01 1.385040757585069215e+01 5.748199453769750278e+00 5.748199453769750278e+00 1.555598992848301165e+01 1.626257336455297775e+01 1.095412533752394957e+01 1.903856257738773650e+01 2.564527496169899123e+01 2.618678505959449865e+01 2.018669569826018062e+01 1.682291148185328566e+01 9.391669191548992046e+00 1.796449405196750604e+01 1.356667426553268818e+01 2.273878767434755588e+01 3.104331201538123253e+01 3.418454392941577424e+01 2.957727847805958632e+01 2.036894418179385013e+01 3.013608793270590525e+01 3.078799495636687666e+01 2.090919313052276607e+01 3.078799525293660011e+01 3.763595444102107024e+01 3.911249145300212149e+01 4.316102161090400102e+01
7.765838819634746315e+00 3.489026478305328194e+00 3.606777762713513802e+00 9.956912985811269934e+00 1.340583175325787479e+01 7.061394102107356296e+00 4.486844173574124461e+00 4.691578701162076648e+00 8.414494788204409659e+00 1.333883707226021720e+01 1.303077902009234101e+01 5.748199453769750278e+00 1.444217174335914322e+01 5.748199453769750278e+00 1.543511149803613058e+01 2.191929237941209152e+01 1.903846692158754550e+01 1.309501808938522593e+01 1.903243928820008435e+01 2.860757731059746334e+01 2.458621221424370162e+01 1.592740700801371467e+01 1.446553813317872894e+01 9.776325104272741484e+00 1.868188342263481871e+01 2.324394806121999579e+01 2.852367617592278748e+01 3.002515590217302233e+01 2.036696343348760152e+01 1.671934010659505176e+01 2.671791524113213967e+01 2.702447600659032645e+01 1.885617087415315041e+01 2.891230635303087126e+01 3.444539565740648612e+01 2.978246628042014521e+01 3.437509100002530715e+01
1.360950664985259984e+01 1.286246783052356157e+01 1.228755745246274245e+01 4.033694723467277754e+00 8.118824638112956293e+00 4.169457924390621351e+00 8.454913404854192294e+00 8.533371895596848944e+00 5.064117710149057316e+00 5.317298062644125523e+00 5.317298062644125523e+00 1.271110446648524928e+01 1.742128868605734482e+01 1.560407504431227466e+01 1.257435999629123557e+01 2.301721891539233411e+01 2.334729938206218236e+01 1.492127113915633529e+01 2.117142375271860999e+01 3.012077866906747303e+01 2.883961101034181240e+01 2.311502871662063541e+01 1.293844152312993323e+01 1.455960725739816120e+01 1.026257795914047399e+01 1.927914662621784103e+01 1.954746506864893618e+01 2.620436723078615060e+01 2.217876270574747366e+01 1.370586254005068838e+01 2.360399662752196548e+01 1.690156368566607270e+01 2.702447681160823478e+01 2.177062879917685834e+01 2.494674070282782452e+01 3.444838822351158569e+01 4.316101452157801788e+01
2.040425940944602701e+01 2.071441891590354345e+01 1.338814743418661557e+01 4.033694723467277754e+00 4.033694723467277754e+00 1.511987786933952016e+01 8.954147438009693261e+00 1.460562003059839320e+01 1.578270261908524397e+01 1.085912234979842061e+01 5.317298062644125523e+00 6.777094282370862643e+00 1.582845529576005106e+01 2.157750768796658036e+01 2.302002248971492193e+01 2.727651584540808116e+01 2.782552140309061173e+01 2.009740164885351987e+01 1.935679589640725951e+01 2.928994290565428926e+01 3.213762611186582063e+01 2.234494921640138188e+01 1.604991582784570525e+01 2.182426530847975243e+01 1.928401391043426827e+01 1.079491586956452487e+01 1.988735695857018015e+01 2.082009206658763034e+01 1.250080742142333534e+01 2.217876663902953283e+01 1.512174553280507894e+01 2.518791610968667172e+01 3.104085561167180529e+01 3.158283955518698605e+01 2.569790452356971855e+01 3.515862243944950194e+01 4.318386243624449605e+01
2.548978564330667851e+01 1.755138500722303974e+01 8.853967358783661368e+00 4.303342930363214691e+00 1.023960557051962184e+01 1.833158481410817231e+01 1.466457096189721554e+01 1.564118929103958777e+01 2.326355267313480368e+01 1.921565977063746899e+01 1.269970147769810964e+01 1.582845526097158562e+01 8.595247546620239376e+00 1.757236834192416097e+01 2.347462333023148418e+01 2.904523602689845063e+01 3.317031061763938737e+01 2.943936260726687948e+01 2.364007567671418286e+01 3.275019328618256509e+01 3.228824845358668938e+01 2.270790523300107822e+01 2.270788981082675662e+01 2.623597770774489746e+01 1.787117474144536899e+01 1.725777367134461571e+01 1.134771353848373465e+01 1.134771353848373465e+01 2.082014169591150932e+01 2.623862489216859117e+01 1.746036652345585338e+01 2.757101779691637944e+01 3.431289824774770381e+01 3.830736081501007106e+01 3.515862243944950194e+01 2.981047027842258501e+01 3.511299846251658607e+01
2.754543488701927245e+01 1.725444555872654107e+01 1.429580100956912680e+01 4.769036758510743823e+00 1.405071252990827801e+01 2.253617655445859569e+01 2.378202657114874441e+01 2.474711945575426952e+01 2.868369072503896788e+01 2.723991540138058909e+01 2.318164421809076003e+01 2.157973847104065968e+01 1.757236834192416097e+01 1.034605327964241539e+01 1.540007736759782553e+01 2.492491209997531243e+01 3.099194751636145639e+01 3.692247793825741553e+01 3.031365637974122151e+01 3.692247771981811155e+01 3.635343796765504010e+01 3.228836441137868718e+01 3.228624204095670791e+01 2.764688119245435161e+01 1.879210798402603899e+01 2.051422009344870290e+01 1.134771353848373465e+01 2.061716576351197006e+01 2.487345350016481049e+01 3.158253513630302933e+01 2.473442977387716724e+01 2.159376576414965143e+01 2.474652940047780092e+01 3.431289824774770381e+01 4.318386237932084981e+01 3.913432927368637593e+01 3.633032667615268707e+01
2.143893430662508237e+01 1.798348371754484631e+01 8.821298150252287584e+00 5.274109696347358600e+00 1.447583816941521562e+01 1.850834961837873038e+01 2.532259343014077757e+01 2.295303834087177819e+01 2.756417260942108172e+01 3.416797457668412363e+01 2.620018670831101204e+01 1.661968135377998124e+01 1.034605327964241539e+01 1.942574620325065737e+01 1.266452113604056962e+01 1.717825244482184033e+01 2.395265383022301720e+01 3.384921875833014582e+01 3.954914142364946628e+01 4.155026338146224418e+01 3.733517995987962479e+01 3.646633059296215151e+01 3.338875367327536736e+01 2.602535017947580442e+01 2.156198504950399197e+01 1.134771353848373465e+01 1.186962709729638021e+01 2.165961297457644008e+01 2.781707361325999273e+01 3.286214356154302862e+01 3.441914707300270493e+01 3.142852951163854058e+01 3.431289824766091812e+01 3.033660915654794721e+01 3.570127693383550138e+01 4.526790606069052103e+01 4.590379037358162861e+01
1.176028090011070582e+01 1.556005576087523146e+01 9.116596840713290462e+00 5.274109696347358600e+00 5.274109696347358600e+00 1.188266142237543477e+01 1.642814474201801289e+01 1.159724892916881522e+01 1.799202584695881413e+01 2.972990742230316386e+01 2.728102390441950220e+01 1.766031301020159106e+01 1.305881799633785256e+01 2.235438115676250348e+01 1.266452113604056962e+01 1.516982768952244953e+01 2.503692463426570569e+01 3.265725946405228086e+01 3.763807517573501116e+01 3.733517999080196148e+01 2.714034010703562672e+01 2.620389493355186161e+01 2.620388677516676523e+01 1.866105709617453456e+01 1.134771353848373465e+01 2.147018122774684556e+01 1.694858296553070076e+01 1.259732016001440158e+01 1.840745669341351487e+01 2.863266971903592406e+01 3.168299830067881118e+01 3.473729393050522418e+01 3.863981745274784885e+01 3.974461015906346972e+01 4.380637356043397546e+01 4.939806309597769030e+01 4.943556702913853229e+01
8.133457107917767104e+00 7.395861904082418725e+00 6.566393304228065553e+00 1.447493214643271742e+01 5.812731640417466039e+00 1.449116333170992021e+01 6.378517079717694216e+00 1.642814474201801289e+01 2.527614839952983061e+01 2.945188045920451714e+01 3.141713083553267083e+01 2.579297094396613232e+01 1.616684838504774646e+01 2.579297094396149603e+01 2.851687198620761166e+01 2.503692463426570569e+01 1.870022709260880589e+01 2.355020091624857770e+01 3.345495828080277789e+01 3.733497771170534918e+01 2.714033921211266787e+01 1.974849659016110692e+01 1.551366998192015956e+01 1.233240804774876409e+01 1.134771353848373465e+01 2.173439415755173698e+01 1.333391848895163889e+01 1.740448611494107567e+01 2.240381194129652087e+01 2.718478927919866805e+01 2.244008800348962396e+01 2.557440707866585328e+01 3.017019207318611862e+01 3.656098807712552912e+01 4.592756789011669838e+01 4.502426715710081595e+01 3.956142451423259843e+01
1.689104299862018266e+01 1.634194451511306312e+01 1.859479472383374699e+01 1.853136867412125000e+01 1.449447313347589805e+01 6.378517079717694216e+00 6.378517079717694216e+00 1.712999638075510944e+01 1.533671872287829885e+01 2.230495948532690065e+01 3.244923301690368334e+01 2.992501925205735347e+01 2.163124196306284119e+01 2.992501925030325438e+01 3.345495828079627643e+01 2.355020091624857415e+01 2.850257959852241640e+01 3.265725946405228086e+01 3.763807518593659296e+01 3.636571048478345602e+01 3.120951030110306945e+01 2.495293553390959218e+01 1.415049398242677903e+01 2.298068995179408702e+01 1.866105736440664487e+01 2.602582973503711372e+01 2.299494237417891540e+01 1.409895853803903520e+01 2.341217339001587661e+01 1.844644657753402583e+01 2.774180808914735863e+01 3.473729386233123506e+01 3.863981748918973125e+01 4.327200944334227728e+01 4.239506921127759398e+01 3.555740510593275872e+01 3.437378445386478631e+01
1.416084284228450940e+01 2.370891225479108400e+01 2.528443125754297682e+01 1.299479922509500618e+01 6.378517079717694216e+00 1.522521894149349109e+01 6.845044062048031286e+00 9.706159479933514689e+00 1.607237547395112642e+01 2.603343104020745358e+01 3.084588191898541965e+01 3.481364129531107210e+01 3.147740665299609830e+01 3.564269220655817350e+01 3.763807517444050887e+01 2.845675674135119237e+01 3.763807517444050887e+01 3.926137529785838609e+01 3.338381780959136336e+01 2.618526780748031513e+01 2.698108759370797927e+01 1.634538728676722386e+01 2.192328979913242648e+01 2.920516344051721092e+01 2.915408568543298884e+01 2.783753364998403512e+01 1.844285213590901762e+01 2.236449567006594918e+01 1.493048100703959769e+01 2.429242041631773219e+01 2.348633327913313451e+01 3.015128056137018220e+01 3.975842696868040349e+01 3.917156592754453470e+01 3.608554880025762657e+01 2.964752656439806344e+01 3.444718200000030350e+01
1.971866662625691902e+01 2.750450219332115509e+01 2.971977385907947777e+01 2.289183171480754808e+01 1.818899393727693692e+01 1.588604041596385841e+01 6.845044062048031286e+00 1.585910185198181921e+01 2.228354517641089316e+01 2.514309189709473458e+01 2.096868232552399647e+01 2.681006936898578275e+01 3.358691625639173139e+01 4.305107572732577381e+01 4.265950496500331468e+01 3.845315982024142443e+01 4.265950496414473747e+01 3.504431798217832750e+01 2.486435851772986183e+01 1.879864666469858392e+01 1.879864666469858392e+01 2.058185813964612976e+01 3.086942078596541705e+01 3.648706549761703144e+01 3.334425073483718904e+01 2.385050429232346403e+01 2.783467982502092397e+01 2.247234172146074016e+01 2.422728951306641321e+01 1.584617948027971757e+01 2.522002104233596498e+01 3.010829087835445605e+01 3.433237404204133725e+01 2.839495035100492260e+01 2.716613127940384231e+01 3.131215465678859289e+01 2.615267929881577658e+01
2.912903814351038534e+01 3.285357287564747963e+01 3.477755992128114571e+01 3.064149725283360226e+01 2.326363699571710697e+01 1.354277104116896524e+01 7.399530355461613418e+00 1.599788952176246148e+01 1.216195535700190611e+01 1.479688192372741007e+01 2.018055989717164422e+01 2.731022473029098308e+01 3.685431447757623147e+01 3.992479554862615032e+01 3.992479554862651270e+01 4.403403474404432671e+01 4.434992121970017820e+01 3.926137164035611704e+01 2.916691564503947731e+01 1.879864666469858392e+01 2.916691551170619690e+01 3.086942079312320431e+01 2.788864077004757291e+01 3.806566035128317793e+01 3.739991841224684777e+01 2.929250547115011116e+01 3.557862437280710566e+01 3.167140995863469399e+01 2.890423659402289758e+01 2.499898871642652054e+01 1.679333659699049619e+01 2.615478640025101953e+01 2.810277664564289424e+01 2.080314465104033772e+01 2.080314465104033772e+01 2.290296565204011259e+01 2.772751434621467936e+01
3.273454573854552052e+01 3.773589156279756907e+01 2.770033325400479995e+01 2.053219972255169878e+01 2.421966387498224904e+01 1.695754628022614341e+01 7.940100238593636561e+00 9.416823643275407107e+00 1.890727853414116666e+01 2.514304265159037399e+01 2.916057283197723393e+01 3.407190498919578658e+01 3.542367402370089025e+01 2.985998237931750054e+01 2.985998237931750054e+01 3.992479554862651270e+01 4.013130632677926002e+01 2.995732957961264020e+01 2.486435851772982986e+01 2.088122040819302683e+01 3.109764366214600528e+01 4.039375080666006568e+01 3.806566035128314951e+01 4.228310939657311707e+01 4.318283844384468040e+01 3.896421841702610322e+01 3.901889616892088242e+01 3.233604819994271651e+01 2.638630121981899634e+01 1.679333659699049619e+01 1.758501312152194274e+01 2.694266107609936256e+01 1.867874255111738790e+01 2.810277664564291555e+01 2.080314465104033772e+01 3.031518692494373468e+01 3.510034613366950396e+01
3.444085933565089164e+01 2.861726672092312640e+01 2.402905238512336439e+01 2.038603356993088056e+01 1.420576957347690339e+01 1.716895517058317111e+01 8.437769226489393759e+00 1.754382461375063329e+01 2.270458578356107182e+01 2.713516554106793777e+01 3.130780324965618888e+01 3.240111460542909327e+01 2.525043563901860111e+01 2.257164903932988409e+01 2.854208158091461200e+01 3.863511226592359549e+01 4.434992122328421971e+01 3.696481317732659022e+01 2.680257778673298574e+01 2.088122040819302683e+01 2.601798942205709153e+01 3.319427473039670673e+01 4.337756300695812683e+01 4.664520794024320338e+01 4.158482553162448170e+01 3.724343641423665474e+01 2.987030773522572602e+01 2.814378303751832533e+01 1.855725267137825085e+01 2.638628044846957366e+01 2.694198486268751225e+01 1.867874255111738790e+01 2.808311860998558274e+01 3.210558524145523762e+01 3.031518692494373468e+01 2.591354929180917210e+01 3.134266849507391939e+01
3.009810431823990839e+01 1.877851808137963729e+01 1.363110288124116742e+01 1.048342982010031932e+01 1.890942938084780423e+01 9.333151316863089519e+00 9.021650448246559151e+00 9.206987981671280963e+00 1.872392967792115925e+01 1.697433393679578018e+01 2.713518738653317897e+01 2.823010817526475691e+01 1.796172387829169992e+01 2.525043563901448351e+01 3.542367401027349416e+01 4.274557976282568461e+01 4.422559813690104136e+01 4.118321876132557691e+01 3.109764435182423625e+01 2.088122040819302683e+01 2.811987883618348150e+01 3.828660399574148698e+01 4.455531450439879393e+01 4.247964042920152394e+01 3.233267433154533421e+01 2.733809453071142670e+01 3.021670371045063419e+01 2.038631083992687110e+01 2.825126929952093491e+01 2.808820637477397852e+01 1.867874255111738790e+01 2.808303295935592558e+01 3.202562186352933082e+01 3.733376148680573436e+01 3.945484570717337647e+01 3.539578846860259631e+01 3.950437453547618105e+01
3.370728401105180438e+01 2.825761653239803906e+01 2.399978133036475825e+01 2.038440543404001559e+01 1.048342982010031932e+01 1.890942938082591951e+01 2.246148971931830829e+01 1.872393217661676346e+01 1.011016060549313345e+01 1.995035953987725108e+01 2.544201484957242343e+01 2.258480471282497959e+01 1.551676245376516938e+01 2.275042813002599118e+01 3.295630120623407322e+01 3.921161202612664454e+01 3.419762976189338843e+01 4.128292950260574656e+01 3.531242589542780053e+01 3.109764464017231234e+01 2.508778327918810191e+01 3.015693296779848964e+01 4.033123348480707193e+01 4.664516590752722891e+01 4.158487874506761273e+01 3.233965625468992044e+01 2.240761717980649692e+01 3.021732187889187671e+01 3.436656354685879933e+01 2.635121253658369156e+01 2.808820637479106708e+01 2.005485372398471000e+01 2.954336440637950290e+01 2.826294192786087933e+01 3.586748204076169344e+01 3.912506423727194260e+01 3.912506423727195681e+01
