output/example/elevation_average_000095.asc
nrows	75
cellsize	133.333333333
xllcorner	0
ncols	75
yllcorner	0
NODATA_value	-9999
[rows 51 to 67 of 75, columns 37 to 73 of 75]
1.904665004989127794e+02 2.875340120482586030e+02 3.087306237194632104e+02 3.202025115997112721e+02 2.401245150176037555e+02 2.521592805234788273e+02 3.471991825447356064e+02 3.795813247973202351e+02 3.285022656592076942e+02 4.107547118638003667e+02 4.277251631090629189e+02 4.455240160683372892e+02 4.058465188622076312e+02 4.917838789522510865e+02 4.424942826040536943e+02 5.075775260742906880e+02 5.978928567825671507e+02 6.062987581591444268e+02 5.770896027761026517e+02 5.985426711175211949e+02 6.029201103828160058e+02 5.639349652659894900e+02 5.048057766292724295e+02 5.720834406247141715e+02 4.782439682786194908e+02 5.054386882858739227e+02 4.897531347912771480e+02 3.949981726584580315e+02 4.897992462193361121e+02 5.158287937334373510e+02 6.094120303955646705e+02 5.471760506763058629e+02 4.528937725267120982e+02 5.158495106083793189e+02 4.519579405943649135e+02 5.462403735360494466e+02 5.793049859154943988e+02
2.874840242648895128e+02 2.287351263980614533e+02 3.253919921306543301e+02 3.760141943498823593e+02 3.087025612861513650e+02 3.484817749909906865e+02 2.702415969446493591e+02 2.836073441071070533e+02 2.991818542207221867e+02 3.151787308342233587e+02 3.323432227944581996e+02 3.503433156616000588e+02 3.731006343992585244e+02 3.973158787649104511e+02 4.921000488279013894e+02 5.739402526544188277e+02 5.621367460652905947e+02 5.265130425963146763e+02 4.859535421608689489e+02 5.054533359681569777e+02 5.706975998934283325e+02 6.360592856132224142e+02 5.984772264414169740e+02 6.105769037516871549e+02 5.722489665307447240e+02 5.371400440774251592e+02 4.427449885416878033e+02 4.899231328445829945e+02 4.213129977326960329e+02 5.159473122926511905e+02 5.846167360525781760e+02 5.703400172260410272e+02 4.766080239963899317e+02 5.702518480901197790e+02 5.462422770377748975e+02 4.853929821869804755e+02 5.793082168967611096e+02
3.647008361133406993e+02 3.253940681577872738e+02 2.743766546714757624e+02 3.704423163842040481e+02 4.044826237629615662e+02 4.056782753537037252e+02 3.260836661705033066e+02 3.385175553943578848e+02 3.942606977186405288e+02 3.707609140183806176e+02 4.270223239919885714e+02 4.056884815939023383e+02 4.670314945644787485e+02 4.672079605162898588e+02 5.198252868651904919e+02 5.157477271681423190e+02 5.041073936924656209e+02 4.420654493361506638e+02 4.271132902039205419e+02 4.376718298044081052e+02 5.305462644061972242e+02 5.943821159583588951e+02 5.964403134684230281e+02 6.349980289393947714e+02 6.033717764799022234e+02 5.097170071913589027e+02 5.097135791626503192e+02 5.545352214544622029e+02 4.884506207669107880e+02 4.518894381553443509e+02 5.461664062322474820e+02 6.089612611749142843e+02 5.706306547171599277e+02 5.167020397419953497e+02 6.096819500682369153e+02 5.793174235699792689e+02 5.255747654499277814e+02
3.887106353638801011e+02 4.097446065210617121e+02 3.303251715154430030e+02 3.519964206292340805e+02 4.472971314102302358e+02 4.606559818617816404e+02 4.216784110227612246e+02 4.317677382930166914e+02 4.727996697076519581e+02 4.657883173937523225e+02 5.046328881827055852e+02 5.003238934070134860e+02 5.390093852955966440e+02 5.595309212574375124e+02 4.964257905628335834e+02 4.399174817715351082e+02 4.682290104275647877e+02 3.826755124070996885e+02 3.762962620345905407e+02 4.681115592418472602e+02 5.397248074770509447e+02 5.018517335852455972e+02 5.029905150590909670e+02 5.962911028655074688e+02 6.415410359460710197e+02 6.033753158251889772e+02 6.033643252060761597e+02 6.206101140570596044e+02 5.460357387602127801e+02 4.873820722639521250e+02 5.015742625858264887e+02 5.953047147231224017e+02 6.407180109271114361e+02 5.480010327467939533e+02 6.407063891071924218e+02 6.571508770286460503e+02 5.793783364752554235e+02
4.289674998609360159e+02 4.646968299235841755e+02 4.258631027434266230e+02 4.472986212206238861e+02 4.367495448126663291e+02 4.362569873214013114e+02 4.752085382341614945e+02 4.528894257022340639e+02 4.147180092566849225e+02 4.362898645421461197e+02 4.752197564571772546e+02 4.890795341296715719e+02 5.277781855337261732e+02 4.797260879562378477e+02 4.398980920435710686e+02 3.722475092848834493e+02 4.282190802544693042e+02 3.337512769026810702e+02 4.228286120202561165e+02 4.467902809716334787e+02 4.489832212289064159e+02 4.346358504271181573e+02 5.266536165370939671e+02 5.649663216025102201e+02 5.862187027363852394e+02 5.983566235910451496e+02 6.375434317430523379e+02 6.772718714859964848e+02 6.184489390285066293e+02 5.258408355374954226e+02 5.952973522209778139e+02 5.662468149046037524e+02 6.592326807470129779e+02 6.173785445996743420e+02 6.125120787898466688e+02 7.046913635413253587e+02 6.452648487929330940e+02
4.700219582750415839e+02 4.218995042020579831e+02 3.837850566541554826e+02 3.872424582619681246e+02 3.435766840837933955e+02 3.407952758023561728e+02 4.361620730979666973e+02 3.975861567408917949e+02 3.189840961663207395e+02 3.407986774815504418e+02 4.213770649323385555e+02 3.941871355245816062e+02 4.888479705882822373e+02 4.394575441344130695e+02 3.453884186670454710e+02 3.190950730955079280e+02 3.844206012695815957e+02 3.104166074115703395e+02 3.313960312568693212e+02 3.554748252292994835e+02 3.846025693721023799e+02 4.753254334960371921e+02 5.349911142788308780e+02 4.709737953655082379e+02 4.923794105163447057e+02 5.056087645956214942e+02 5.878526238988260957e+02 6.272701057607710027e+02 6.573936029051709511e+02 5.911838868244601599e+02 6.571383550657565138e+02 6.592300051534425620e+02 6.901226356816151792e+02 7.073575944443251728e+02 7.027956217357050264e+02 7.372542248641909737e+02 7.373798791700493211e+02
4.279443021571263444e+02 3.676508548855198910e+02 2.909800468996113523e+02 2.913160361155898954e+02 2.726473530869953947e+02 3.688730980098977739e+02 3.657499524934201531e+02 3.263170606574709041e+02 2.619661111596587375e+02 2.924255011826862187e+02 3.265136471419120312e+02 4.221564533367858303e+02 4.414338588846857192e+02 3.914691234807897331e+02 3.494835218527640563e+02 2.743337564840124401e+02 2.888209977656925957e+02 3.832738559680498156e+02 3.876523097951429691e+02 4.505372410189067409e+02 4.791491394259588219e+02 5.063119982350058876e+02 4.677423420332203818e+02 4.029100682458488336e+02 4.270377014042593373e+02 4.588039431945803130e+02 4.951767179430078158e+02 5.617568447401826006e+02 6.548465766211281789e+02 6.838962530227771595e+02 6.491270484642566316e+02 6.116931416624527174e+02 6.494606211637490105e+02 6.852483890744590553e+02 6.515459162993611244e+02 6.877179364741763266e+02 7.326618043591763580e+02
3.520227502746668620e+02 3.110560772499473501e+02 2.328635978284015948e+02 2.238403841409796371e+02 3.205920543626443191e+02 3.374528058765915262e+02 2.979162696633372889e+02 2.296293650937208213e+02 3.263229632772375339e+02 3.880807868883690617e+02 4.215932743828718685e+02 4.264062110239887033e+02 3.737997448204537818e+02 3.064862619967013870e+02 2.556980625324885636e+02 3.521411978213997713e+02 3.847268821615758156e+02 4.241016216322382775e+02 4.816822412475945612e+02 5.213195795739670757e+02 4.792757856794392524e+02 4.403516922679543200e+02 3.725640971370752936e+02 4.632338038890361531e+02 5.180195993343983218e+02 5.523583242889511666e+02 5.878601589651340191e+02 6.272717079490919332e+02 6.210005103708348315e+02 6.092764714217289566e+02 6.015771186894673974e+02 5.180776121050745360e+02 6.015768455918419022e+02 6.395702765088924480e+02 5.594132352153417287e+02 6.054173961691298018e+02 6.821622540387081699e+02
2.940510324494229053e+02 2.165758294051221924e+02 1.842082667986284434e+02 2.628833698498230547e+02 2.672296073854417386e+02 2.715499828749522635e+02 2.009113955958959536e+02 2.979239882496128757e+02 3.657628086260547775e+02 3.473630890462542880e+02 3.867287945877109223e+02 3.568363701334998837e+02 2.922255658183933633e+02 2.377601530268103431e+02 3.344006794060639436e+02 3.914719068613945865e+02 4.697690993700666695e+02 4.700183163349720417e+02 4.342999728439205001e+02 4.550183843481446502e+02 4.160939568629421501e+02 3.448669420188858794e+02 4.012080280140766035e+02 4.953819416617211004e+02 5.610998789761963508e+02 5.331682878558458469e+02 5.667702334858283848e+02 5.866055351915838401e+02 5.275129762147046222e+02 5.156474410970298550e+02 5.156993550459989137e+02 4.690363883319009801e+02 5.615427783498743111e+02 5.638066536188001692e+02 5.082762298490897024e+02 5.508557203373453603e+02 6.058022146289516741e+02
2.439454007968437281e+02 1.568214416609862951e+02 1.611697807533101923e+02 1.655716081859910389e+02 1.699461387141865885e+02 1.743129233029847001e+02 2.716120903488789509e+02 2.824224217437119933e+02 2.866817030081511462e+02 2.509019362817365106e+02 2.960681835687907437e+02 3.007697427481601835e+02 2.205478165829809427e+02 3.173647842237153895e+02 3.738100432633003152e+02 3.772914260357393914e+02 3.746661521576486393e+02 4.151830866301456240e+02 3.392208418315377685e+02 3.932000251980318239e+02 3.203552885827049863e+02 4.160985298873499119e+02 4.792939742249293431e+02 5.347715047920439702e+02 5.228222373914641139e+02 4.414582669387244778e+02 5.155425644714085820e+02 4.927731718949925721e+02 4.606567580021815616e+02 4.783120654656053716e+02 4.210148592871566962e+02 5.156997360873431262e+02 5.315231438473273329e+02 4.696330043000223213e+02 5.364237826858740164e+02 6.298449939464358067e+02 6.665845325838718054e+02
1.507436972996904387e+02 2.482665371165266208e+02 2.585347816945943578e+02 2.349502137167684737e+02 2.403953833680714638e+02 2.715588899124796853e+02 1.806668931751977993e+02 1.852960097291770580e+02 1.899128860182264873e+02 1.945341264938645054e+02 1.991871283792857525e+02 2.038273875847032173e+02 3.008242620845251736e+02 3.128465959170535484e+02 3.178720847213352272e+02 2.811411437727135194e+02 3.772872846462256575e+02 3.582005145142062474e+02 2.822535171738568920e+02 2.975022227486239217e+02 3.935072006485239058e+02 4.551540700378023985e+02 4.824621533262414914e+02 5.184362040287644504e+02 4.794540902106305111e+02 3.894678346916218743e+02 4.695016869013171004e+02 4.272674408892842166e+02 4.471882757149214171e+02 3.832061840598240110e+02 4.782895992611993847e+02 5.023249358720234454e+02 4.370071571459637312e+02 5.315316256386799978e+02 6.022029245218783444e+02 6.033935635362132643e+02 5.751547993125961966e+02
2.420899036514850309e+02 2.019950954174538538e+02 2.942628322901164779e+02 3.306957220136758906e+02 3.361836775668791120e+02 2.958434121703123196e+02 1.991011079306007048e+02 2.823665589722859863e+02 2.868037788243436239e+02 2.480728219738911946e+02 2.961412458653400108e+02 3.007851619743501601e+02 2.109489851760216368e+02 2.160247979195047492e+02 2.211069735774047444e+02 3.179253389642736352e+02 3.383694960118583595e+02 2.618172855158460948e+02 3.581968935181060374e+02 3.932928309602544346e+02 4.326472490344503967e+02 4.153394407879050618e+02 3.874347641606871093e+02 4.802208118557563239e+02 4.439210629874604024e+02 3.520762748969393101e+02 4.164891013927551739e+02 4.331754259761345338e+02 3.517414577850942692e+02 4.471833483740614952e+02 4.747273776946622661e+02 4.074813841365437952e+02 5.023211223581863578e+02 5.700553432859171608e+02 5.594418385235221649e+02 5.096840170693757273e+02 5.782749017325207888e+02
2.821313862772695416e+02 2.989232695954815995e+02 2.704712847989199531e+02 3.637643234219858641e+02 3.647409505861216985e+02 2.696709767325897928e+02 2.961351941279701236e+02 2.288322931995965916e+02 3.255501786719572124e+02 3.445246356462212134e+02 3.749087415675841157e+02 3.421508410789156756e+02 2.506121198952085365e+02 2.835129470662024573e+02 3.178737070194971466e+02 2.283630679566404353e+02 2.420615348147239274e+02 3.386609346360708059e+02 3.975146945199347215e+02 3.602761560778785110e+02 3.677988537030182670e+02 3.196573448768895105e+02 3.814285660869022081e+02 3.928325179284145747e+02 4.017458004403133600e+02 3.186364669511622196e+02 3.280883575724881211e+02 3.376787304788362007e+02 4.332220141067336385e+02 3.680306423724663318e+02 3.796918302355538799e+02 4.748338093667734370e+02 5.116652577925421497e+02 5.287754183230314311e+02 4.652346659161669891e+02 5.594437454495320026e+02 6.415882468968957255e+02
2.651064787591431582e+02 3.361382133816651958e+02 3.666893430018478170e+02 4.032068890714375584e+02 4.035404581348004172e+02 3.659522003498732374e+02 3.002893015926919134e+02 3.255468710223936455e+02 2.644853622296553226e+02 3.608235220922854865e+02 3.990880489115449450e+02 3.091653313394025417e+02 3.469938938844928202e+02 3.796379556802883144e+02 3.241066792331756687e+02 3.251020584847820487e+02 2.361820116751134151e+02 3.328512879128216468e+02 3.486238893186782661e+02 2.638969809731115674e+02 2.720994897396294618e+02 2.803387219431494373e+02 2.887794644488136555e+02 2.973002191893223767e+02 3.059333550054848274e+02 4.018607349279295704e+02 4.201690805523780909e+02 4.069500429078683510e+02 4.163046290581033873e+02 4.632757026658398445e+02 4.747252682864159965e+02 4.010608722635250842e+02 4.171422925552159882e+02 4.344198555326804012e+02 5.289634230061515154e+02 5.158492672945196773e+02 5.629370123465303095e+02
1.995744822249672268e+02 2.965732018791327391e+02 3.717316167951768762e+02 4.125898205435361774e+02 4.674078589085609110e+02 4.352497503359908819e+02 3.752713585851694233e+02 4.001064641629163816e+02 3.242912397856041480e+02 3.098942564410333489e+02 4.057268768469946849e+02 4.050436986777150992e+02 4.041007191177560571e+02 4.588187537288158069e+02 3.794075634161682729e+02 2.837837914860685942e+02 3.328449726027149040e+02 2.440892933420753081e+02 2.523055466388315438e+02 3.487993256862309863e+02 3.682493051870913519e+02 3.764145243537378178e+02 3.580438543718452706e+02 3.530962534329965479e+02 4.016894033939975088e+02 3.577052398725394369e+02 4.530732987909636336e+02 5.000334128301439591e+02 5.109605482850932390e+02 5.496517578664364692e+02 5.346578607210136624e+02 4.604876732057817321e+02 4.721676344881947784e+02 5.285644739932268976e+02 4.836498519244378258e+02 5.503471892121397104e+02 6.094925162851241112e+02
2.965728122942295499e+02 2.364847535127073002e+02 2.772062190742849452e+02 3.344387212081952043e+02 4.298917643546523095e+02 4.908168667091879911e+02 4.642901719279878421e+02 4.574756336822246112e+02 4.185054416861403865e+02 3.801730545176183682e+02 3.702670986995904627e+02 4.654250779691907383e+02 4.989378874172344922e+02 4.370517108578015382e+02 3.425121468216820517e+02 3.788628622258287919e+02 3.140266927006056221e+02 3.403177738863485047e+02 2.549968846014120061e+02 3.514451175589065883e+02 4.002302962441189607e+02 4.507957016967530990e+02 4.530617153316948134e+02 4.484380460702651590e+02 4.874135313491672150e+02 4.273632189069567175e+02 4.355745253207847441e+02 5.300892466300239221e+02 5.844593123544339051e+02 6.094120505878487393e+02 5.906282876736663638e+02 5.539181161015823136e+02 5.661163235507134459e+02 6.046533963403766165e+02 5.362029985717233558e+02 6.159836088864788053e+02 6.816271186088335980e+02
3.724845102505905174e+02 2.925890944221657719e+02 3.146383234801692765e+02 4.091914889816812888e+02 4.605700916391355122e+02 3.963512068758998339e+02 4.155123329695418306e+02 5.075393781789273362e+02 5.067596670719395888e+02 4.748821733244550387e+02 4.654363689441813108e+02 4.654166276902569166e+02 5.595402959768478013e+02 4.769505025061228594e+02 4.025261002614560084e+02 4.489458295360468583e+02 3.850607942140890714e+02 3.188525897064913579e+02 3.514523951561324679e+02 2.660840470281179364e+02 3.624323361256298313e+02 3.556346579330527788e+02 4.510073220297280727e+02 5.164242377466064227e+02 5.286466170502468458e+02 5.215138257439390372e+02 5.300875582204114380e+02 5.559478654616833637e+02 4.907513565964574127e+02 5.158278149469444998e+02 5.474211037547611340e+02 5.450838382564290896e+02 6.344643119235448694e+02 6.599742618215491348e+02 6.281651974411327046e+02 6.645620093047748469e+02 6.977761323864395990e+02
