output/example/elevation_000117.asc
nrows	75
cellsize	13.33333333
xllcorner	0
ncols	75
yllcorner	0
NODATA_value	-9999
[rows 0 to 16 of 75, columns 37 to 73 of 75]
4.220764270405690866e+01 4.220764270405691576e+01 4.640444561498421194e+01 4.870055315295077492e+01 4.432904621947965040e+01 4.432904663636620768e+01 4.550297089917521731e+01 4.986043541692981762e+01 5.063371111723485285e+01 4.594270518191358832e+01 4.152266911338161037e+01 4.594268533925475140e+01 4.438751934931713805e+01 4.878382089924635778e+01 4.920300567106061607e+01 5.353600125937381193e+01 5.392714832014146253e+01 5.819529950951310582e+01 6.473522017644469884e+01 6.057169211171648726e+01 6.030550578726915489e+01 5.733666667393513450e+01 5.688295285432551651e+01 5.268054795814324365e+01 5.688295287860228910e+01 5.832425275410409427e+01 5.412898257385097622e+01 5.545448187894090353e+01 5.964313896519685443e+01 6.076559373826187027e+01 5.661034533237207711e+01 5.661034519903874696e+01 6.076559360492854012e+01 6.264735973826500981e+01 6.050764030223902523e+01 5.635152719396199927e+01 5.766536326350605179e+01
3.195359633438339486e+01 3.195359633438339486e+01 4.220764270405691576e+01 4.432904058508744782e+01 3.354030048009549603e+01 3.354030047830747918e+01 3.472187905428153698e+01 3.992189306342096700e+01 3.992189306342095989e+01 4.055918088108559516e+01 3.071583033789633888e+01 3.611924967132591746e+01 3.349947015893140190e+01 4.035353970566567483e+01 3.827637646002538219e+01 4.627461694103642031e+01 4.310484251708247427e+01 5.392714733026417662e+01 6.057167943425582735e+01 5.034171535808833653e+01 5.008245431942888359e+01 4.707766132174337059e+01 5.175385363348090095e+01 4.237566971009485428e+01 5.175385371282931857e+01 5.241009338684644092e+01 4.383758004682140097e+01 4.517704780849600610e+01 5.545448187894090353e+01 5.493321413563754874e+01 4.647923972561575567e+01 4.647923959228242552e+01 5.493321400230421858e+01 5.254437068739788685e+01 5.254437068739788685e+01 4.622472050540664412e+01 4.753881543830040357e+01
2.472501791999081533e+01 3.495693698145945660e+01 4.224821297808690446e+01 4.432902297757992471e+01 3.354030045631609624e+01 2.612680967658445041e+01 3.238365887466604676e+01 2.926004608921768479e+01 3.812423976751033194e+01 3.369804267358023964e+01 2.556545204473534838e+01 2.556545204473534838e+01 2.742762425339536847e+01 2.955218644547784024e+01 3.191203019561421428e+01 3.522652184449387391e+01 4.167671121685092572e+01 5.255547608326238418e+01 5.925415476279419380e+01 4.900705716414445590e+01 4.304306872174742438e+01 3.975282160555382660e+01 4.631060592900465167e+01 3.714839205754682894e+01 4.752810883410396769e+01 4.440122358826356930e+01 3.781880955414570167e+01 4.517704780849600610e+01 5.545448187894091063e+01 5.076114878312277767e+01 4.070182476329673449e+01 4.070182476329673449e+01 4.708800291253439241e+01 5.125868510123246580e+01 4.246188725203471392e+01 4.044889074004775864e+01 4.694950734787007463e+01
2.194523896430719390e+01 2.778678013727048324e+01 3.803719028236124444e+01 3.729734892690915871e+01 3.289634800252900249e+01 3.238365652525677518e+01 2.201775551501517114e+01 3.236836224304045118e+01 3.369749943824503191e+01 2.328178043999614744e+01 3.369786277467895985e+01 3.611924967132490139e+01 3.491472868735645818e+01 4.035354023579713356e+01 3.974551532018522693e+01 4.094760631687010033e+01 4.627461971149001840e+01 5.684029170752351234e+01 6.342315871436591124e+01 5.753810448667675814e+01 5.333799541276202660e+01 4.631060592900465167e+01 3.590645773842295796e+01 3.338247181272549113e+01 4.100715880694345117e+01 3.394001335578654732e+01 4.440122358826356930e+01 4.517704780849600610e+01 5.545448187894090353e+01 5.076114878312277767e+01 4.070182476329673449e+01 4.708800291253439241e+01 3.703302077160486760e+01 4.382573592784233085e+01 3.744201741101208825e+01 3.688953892592505213e+01 4.399385308917409532e+01
2.431638755350647330e+01 3.452132860813100734e+01 3.728870657866826122e+01 3.125821148116907011e+01 2.250492165580175197e+01 2.689685376612068879e+01 1.979682919350280912e+01 2.911842879343808121e+01 3.032002095201854530e+01 2.176584451552369970e+01 2.383886727891485080e+01 3.429914760198251855e+01 4.212067973399386034e+01 5.017256758715028298e+01 5.066411254975473355e+01 5.182416720687213285e+01 5.612322766915266214e+01 6.121270874154830466e+01 5.621860512835252877e+01 5.132626651020415665e+01 4.705879137136354728e+01 4.643578857137526938e+01 4.217681649947074618e+01 4.100715776464922868e+01 3.045794663013002079e+01 4.100715880694345117e+01 4.864264010125604898e+01 5.545448187894090353e+01 5.964313896517587921e+01 5.493321413563710109e+01 5.076114878312277767e+01 5.095041619138415001e+01 4.087459673511141744e+01 3.368074346786450946e+01 3.282770182159251959e+01 3.874864496477560749e+01 4.585719733177422341e+01
3.285205845644101430e+01 3.874080030314998879e+01 2.991360816286996993e+01 2.251109457626901289e+01 1.674898678391696194e+01 1.674898678391696194e+01 1.781402861145002703e+01 1.889491593372574840e+01 2.004679181032985014e+01 2.586390863831477915e+01 3.428352572077063343e+01 2.701295309818259227e+01 3.768002543722182907e+01 4.538604440003983598e+01 4.980436020195231350e+01 5.551882217632734751e+01 6.294594505643378568e+01 5.442217481802800449e+01 4.934326107886155910e+01 4.139074962199673280e+01 3.651706357389951307e+01 3.845150487816984963e+01 3.168328765397611591e+01 3.750155750076169880e+01 2.895527719185008664e+01 3.510166414518497646e+01 4.252268795196743412e+01 5.283940247904104837e+01 5.336721014034861810e+01 4.927930697819103756e+01 5.336721013556064008e+01 4.973137980706393080e+01 4.579901806889513693e+01 4.083414078022638449e+01 3.054247243217466590e+01 4.049069764083132839e+01 4.528711430187978237e+01
3.231411297804228866e+01 3.461121717985836455e+01 2.555482275597376329e+01 1.544160139461473946e+01 2.548909865270727693e+01 2.689685518561475774e+01 2.800178047739223075e+01 2.265816977686231226e+01 3.031999186354507714e+01 3.469281863288051682e+01 3.639482895287723352e+01 3.449007960778079251e+01 3.078250449692495039e+01 3.433215532529469982e+01 3.986972011774810909e+01 5.110364036818103983e+01 5.694648210342899830e+01 4.563374214233921577e+01 3.859551855928885544e+01 3.407917816271930178e+01 3.065569165073661750e+01 2.782353710289613247e+01 2.564944509345298229e+01 2.696730367888124746e+01 3.750156188226965526e+01 4.378695055837243189e+01 4.548341085589157018e+01 4.971259987495400168e+01 4.844348865075274091e+01 3.944082273065946254e+01 4.844348864927351883e+01 4.579901799691885600e+01 3.682536811833646340e+01 3.889169107655663993e+01 2.897668371513918828e+01 3.236498553590197247e+01 3.778136787362714699e+01
2.762236315083202243e+01 2.221662593748318670e+01 2.279111321774614751e+01 2.421308755705475235e+01 1.544160139461473946e+01 2.249514959018726401e+01 3.275409712691042330e+01 3.299721057052867224e+01 2.909852527016312607e+01 3.951313664145814641e+01 4.706352937665171510e+01 4.538123592628883785e+01 3.558593253406141343e+01 4.538604440351641500e+01 4.980436023831019554e+01 5.541588050150839706e+01 5.314957578785075754e+01 5.430069010910832361e+01 4.934326107862398914e+01 4.495300736551370591e+01 4.139074746659500192e+01 3.397418323244885840e+01 3.611834578113841587e+01 2.564944509345298229e+01 3.452534815997827167e+01 3.881670612664140663e+01 3.506620470496919495e+01 4.373368490674125297e+01 4.436006485442469938e+01 3.428723828991497413e+01 4.404942806522681309e+01 4.080231854829920479e+01 3.910941564292154737e+01 3.018541597549100075e+01 2.743429266723492077e+01 3.816409541621818136e+01 3.890754880684003325e+01
2.260172567633946272e+01 1.341765170297651544e+01 1.415987901813381100e+01 1.415987901813381100e+01 2.421165966686124449e+01 2.974932969568914487e+01 3.368204100371141152e+01 3.798689544780241079e+01 3.951313664145184390e+01 3.931292214070567326e+01 4.901657667255349793e+01 5.097618832967632585e+01 4.341808859272562415e+01 5.097620423190745953e+01 5.180340013504235941e+01 4.783137902486485160e+01 4.563316423390998011e+01 5.434516335435709777e+01 5.318572666073461619e+01 4.902359256918735042e+01 4.880285486714148391e+01 4.453311885300573181e+01 4.040963283168175479e+01 3.452529263774300716e+01 2.417800714330867251e+01 3.343656862070654512e+01 2.902044895959561899e+01 3.946905998276469774e+01 4.093734120452771919e+01 3.069292457814110264e+01 3.648487043074268144e+01 3.243693327270012361e+01 3.428275637241202389e+01 2.548489165442208559e+01 3.288899454821712709e+01 4.208464843399580246e+01 4.775687640480001050e+01
1.232771972797080551e+01 2.068303277557635766e+01 2.401750275735576068e+01 1.415987901813381100e+01 2.421292417674071373e+01 2.716729264182749759e+01 2.339063698736329044e+01 3.062792837350633590e+01 4.105612289617977240e+01 4.407736551487725762e+01 4.516436571878966788e+01 5.006699372321734387e+01 5.428368110983385009e+01 5.401532676162391766e+01 4.783137902486581794e+01 3.833812820895600737e+01 4.610399461282987943e+01 5.019171953504800143e+01 4.737191472112896662e+01 3.894743558403887818e+01 4.737488441133328365e+01 4.725296366789142866e+01 3.871054909626390383e+01 3.340944297277324182e+01 2.319190729846818400e+01 2.319190729846818400e+01 3.205637958628825857e+01 3.633090004899802494e+01 4.088355870136908266e+01 3.650060279077288783e+01 2.607092162469021090e+01 3.137100617568014727e+01 2.373384644063935767e+01 3.428275648372015638e+01 4.027316778565050726e+01 4.681197226812689394e+01 4.781317724308620853e+01
2.228481526570300630e+01 2.551603099731861235e+01 2.813312782783676980e+01 2.421226863684166020e+01 1.585618281027229060e+01 1.707043708895725942e+01 2.717365667241460869e+01 3.115524400544465777e+01 3.336029503507953820e+01 3.282337059014296443e+01 3.378325509380502467e+01 4.481330858546647278e+01 5.042796963859140646e+01 4.996344049788530128e+01 4.028236310074436943e+01 3.470952563837268912e+01 3.621221644531349426e+01 4.449711047007902920e+01 4.320534273736301145e+01 3.320551423615818720e+01 4.320534273736301145e+01 4.365880040926667505e+01 3.218464155246637404e+01 2.668456596097519906e+01 2.319190729846818400e+01 3.205647436162131925e+01 2.193584627720376901e+01 3.072283334749567274e+01 3.065221344527729030e+01 3.128393876840115340e+01 3.133722397785983560e+01 2.213913888697894095e+01 2.386987651511116226e+01 3.447542114402001090e+01 3.720947150160441197e+01 4.052249896488533665e+01 3.750260114315565119e+01
1.466861048106695975e+01 2.472418232544476524e+01 3.177782587659789826e+01 3.015607926814504580e+01 2.291901996034011901e+01 2.717358086383173799e+01 1.891661782984348505e+01 2.086616533900419412e+01 2.291677686051173524e+01 2.525380367390339842e+01 2.961463436825145124e+01 3.487132706612381838e+01 4.586344563243934402e+01 5.148319748175847366e+01 4.242065422394776419e+01 3.249929125003662733e+01 3.056074535222766997e+01 3.957255720991741299e+01 3.542544105520111941e+01 2.971515566546798937e+01 3.967064337925830131e+01 4.793925267500052456e+01 4.162857578372987888e+01 3.718916031792474541e+01 3.344211028297869603e+01 3.633970309185514935e+01 3.072293144114832941e+01 2.069976409915402371e+01 2.938943913988017442e+01 2.352648258065869058e+01 2.095038556571690691e+01 3.133730826818248616e+01 3.447542114402001090e+01 2.662051581580626447e+01 2.662051581580626447e+01 3.004578623022772277e+01 3.615877681207443572e+01
2.472418068242835432e+01 1.749893031430482182e+01 2.757393529057631909e+01 3.498410036330385964e+01 3.317297698884780743e+01 3.092992919197856949e+01 2.072306291153276803e+01 3.092995899861592690e+01 2.886580509567188102e+01 3.588405366522987094e+01 3.174388063755748846e+01 4.310628818002794560e+01 5.028202600053054283e+01 4.733535308885516457e+01 3.742913020840602911e+01 3.798909352311627430e+01 2.809797837958186406e+01 3.542532332986025523e+01 2.549789830257441636e+01 3.542544105520111941e+01 4.382809659255695323e+01 4.235679720993436348e+01 4.681882936671452455e+01 4.550114872201805127e+01 4.135418490423214877e+01 4.137096064411033325e+01 3.492877517277229771e+01 2.936684916871104534e+01 1.948324785740721765e+01 1.978257146456585147e+01 2.666589834061461772e+01 3.529731358223745019e+01 4.147182793442105719e+01 3.281055384324702118e+01 2.962853547451624081e+01 4.011898284081764388e+01 4.476260987747905062e+01
3.179512964983652523e+01 2.757393529058028037e+01 2.063799564588418534e+01 2.645474442647547519e+01 3.669261199532027717e+01 3.287830510801062189e+01 2.262569515926082886e+01 3.287830504615703830e+01 3.947521054655288708e+01 4.385136676639100273e+01 3.961354201513208295e+01 4.762699175953400754e+01 5.445285366002566008e+01 4.447540007033930465e+01 4.739253494999284300e+01 4.212286894151770156e+01 3.542545792951353434e+01 2.549789830257441636e+01 2.549789830257441636e+01 3.352864703075633201e+01 3.768066348749129446e+01 3.311651100541148907e+01 4.143559265521420798e+01 4.135418490423511884e+01 3.104973439508687960e+01 3.105119358341034186e+01 3.790778740716974227e+01 2.870295849525659193e+01 1.862585729312777616e+01 2.817654832022623168e+01 3.499658374825026641e+01 4.105153568560849209e+01 4.744722316180867949e+01 4.321850445660628992e+01 3.341567245611050652e+01 3.822793416261519894e+01 4.553644491553500728e+01
3.940486118691833184e+01 3.341616562354567321e+01 2.321321952993142901e+01 3.341616562354567321e+01 4.091130255494001489e+01 3.525464140346157649e+01 2.489639628298069596e+01 2.871410234340851275e+01 3.411284543108303069e+01 4.217065825857306294e+01 5.133722699841366222e+01 5.709606831780920544e+01 5.849846332383887670e+01 5.445293268148360255e+01 4.887727577823422820e+01 3.879363356795818163e+01 3.175693644399180471e+01 3.542546480284423183e+01 3.352864703075633201e+01 2.359594145242770580e+01 3.169658739548993154e+01 2.746090850750255186e+01 3.732600490859270792e+01 4.135418491087652626e+01 3.104973439508715316e+01 2.381193216939155022e+01 2.955377581907474038e+01 2.741363695852478699e+01 1.802708043779655966e+01 2.511437701029639058e+01 3.570118981855033269e+01 4.179453261726102653e+01 4.259773322644627314e+01 4.674957393573220088e+01 4.378509648794996423e+01 3.944377032339880174e+01 4.538872697831688185e+01
4.361114153965650786e+01 3.683782000226251796e+01 2.657285608325264548e+01 3.153562648616478015e+01 4.178360522622428164e+01 3.779340061467439682e+01 2.732599226741717757e+01 3.779245777131367134e+01 4.326841555700030284e+01 4.853848104029471244e+01 5.223354684104536005e+01 5.143672168184561855e+01 4.915192461350383013e+01 4.744415000689760120e+01 5.157412143733884591e+01 4.591893459915490183e+01 4.174206318788622383e+01 4.437091893515726326e+01 3.484551957054135585e+01 2.488771244311708131e+01 2.177751410574972013e+01 3.009695744188769950e+01 3.425080834357657977e+01 3.855777015878105374e+01 3.741026653141369707e+01 2.958280660089379310e+01 1.989151280925275955e+01 1.743091819594767600e+01 1.743091819594767600e+01 2.778339082170728602e+01 3.212565296710074136e+01 3.094203772351189130e+01 3.172770203753186280e+01 4.068108638462295801e+01 5.057970782416409605e+01 4.971545831513964231e+01 5.391778869960488407e+01
4.949291197057343794e+01 4.072732927000820524e+01 3.043665406189523992e+01 4.072732927000820524e+01 4.598853378693937088e+01 4.097709002979255644e+01 3.041798726004996922e+01 3.586031245432278070e+01 4.639675383553027643e+01 5.223354674792344809e+01 4.219278503810954817e+01 4.403529931925197616e+01 3.963205945799268193e+01 3.750212873275238223e+01 4.170415776661015883e+01 5.165968567769901654e+01 4.601618624542640390e+01 3.593659716124750503e+01 3.018550471686174674e+01 3.484551953728637130e+01 3.009726469324307985e+01 2.021455446582804427e+01 2.854386668569269858e+01 2.854386653155727060e+01 3.397268962566120365e+01 2.527142144207573793e+01 2.481132701050248812e+01 1.743091819594767600e+01 2.760686561440053310e+01 1.974810458150365022e+01 2.144115700392011803e+01 2.325078940173128572e+01 2.530563799476994546e+01 3.637265331775901700e+01 4.005140004106051776e+01 4.716325937182519112e+01 5.134557085351265471e+01
