output/example/elevation_000308.asc
nrows	75
cellsize	13.33333333
xllcorner	0
ncols	75
yllcorner	0
NODATA_value	-9999
[rows 34 to 50 of 75, columns 0 to 36 of 75]
4.159999999999999636e-03 1.000415999999996330e+01 1.496440064321791752e+01 4.679968390221042718e+00 1.479009397340615983e+01 1.501387302492790887e+01 1.473662642577978943e+01 1.751343281684125230e+01 2.464280840599741751e+01 1.934267692887280177e+01 2.382661478147661072e+01 3.091922686235822937e+01 4.093842535162492879e+01 3.978031652418587782e+01 2.992642143328506421e+01 2.492806726396126749e+01 2.989070407233731430e+01 2.214675231667617794e+01 2.165828887352319043e+01 3.163646834936664831e+01 3.568100630145411145e+01 3.975415049079459351e+01 4.185763413934093791e+01 3.440561179151796978e+01 2.441264473998180407e+01 2.097260158921304551e+01 3.094186681072278233e+01 3.887203497612668457e+01 3.985316882558937124e+01 4.401878421068198577e+01 3.933056530418737395e+01 2.776676432619279566e+01 3.115372321635577890e+01 3.166772625647242023e+01 2.525393853928464694e+01 1.531161453260068939e+01 2.525319465019283527e+01
3.329999999999999627e-04 1.000033299999996217e+01 1.264261303894082822e+01 4.679968390221042718e+00 6.223002648570703066e+00 7.937992709677071268e+00 9.734065885066710777e+00 1.173416602443148804e+01 1.462180703924655312e+01 2.464280846873950281e+01 3.351886449973958548e+01 3.800129058061886411e+01 4.316538410725636510e+01 4.386412628670839098e+01 3.893640346941194963e+01 2.989071812134423567e+01 1.989454054576068387e+01 1.878337026466314086e+01 1.905347399395160579e+01 2.906332485826506229e+01 3.366324440125381301e+01 3.771339500031914582e+01 3.769567941335785122e+01 2.769265328701495577e+01 2.863616957431050736e+01 1.863435940986510886e+01 2.863616957431050736e+01 3.279435828117415497e+01 2.987050321945516629e+01 3.985316882558937124e+01 4.391701695789839022e+01 3.933056530418737395e+01 3.519684165344590099e+01 2.536954618575983389e+01 1.831823522557314021e+01 1.531161453260068939e+01 2.378237839349333171e+01
1.129999999999999928e-03 1.314194328600785999e+00 2.638726685770370839e+00 7.639038207047847528e+00 1.623169844903766545e+01 1.199839665575024839e+01 1.974682878732277658e+01 1.881405187066132001e+01 1.708421270360229727e+01 2.417165360524475304e+01 3.419647849646465687e+01 4.024819499472073403e+01 3.325742877079758841e+01 4.024819499472073403e+01 3.702392336211390500e+01 2.718719238046721287e+01 2.010392065187109267e+01 1.559969807647008011e+01 2.410790264734739097e+01 2.817555129597718633e+01 2.375738614657331738e+01 3.201587786681893277e+01 3.238515438227753407e+01 2.823277706561976075e+01 1.950296615184705828e+01 1.672051396780334187e+01 1.960552144917785711e+01 2.278575550983649833e+01 2.987050321945516629e+01 3.985316882558937124e+01 4.533882980342597335e+01 3.552412460662046811e+01 2.861869690032668601e+01 2.366745262681867601e+01 2.824789438765912308e+01 2.378237815159638302e+01 1.382497411256761133e+01
3.329999999999999627e-04 1.000033299999996217e+01 1.264261305023351234e+01 1.264261304711776823e+01 1.580889840118339862e+01 2.201449590942134904e+01 1.907904572709132651e+01 2.883797869798297953e+01 2.287041775227166340e+01 3.125776915487357854e+01 3.451503160273938420e+01 3.041215018421863192e+01 2.620487006994498458e+01 3.615940170115290186e+01 3.954966765595593614e+01 2.999025950941117813e+01 2.414534885272716735e+01 1.406656653027433101e+01 1.406656653027433101e+01 2.217497598140519699e+01 1.795168813314624856e+01 2.794409447084484555e+01 2.659290710064619034e+01 1.819710365395889440e+01 1.447960439500087126e+01 2.451560446705761365e+01 2.962936018584412068e+01 3.279435828117415497e+01 3.694464371506857248e+01 4.252425961893473527e+01 4.364619545194272376e+01 4.249091844208638946e+01 3.758358276443436807e+01 3.350808072664309378e+01 2.994815598531160816e+01 2.586731149248474892e+01 2.235485120000204873e+01
4.329999999999999539e-04 1.000043299999996194e+01 1.672465752120245952e+01 2.265237178687823416e+01 2.582118857862908357e+01 2.996794790658696428e+01 2.616603445915172088e+01 3.325015968678257394e+01 3.289630633080182776e+01 3.704415273106017992e+01 3.041215018421840099e+01 2.043655415923052132e+01 2.725758973854977540e+01 3.719967436591313259e+01 3.561080708769792125e+01 3.193581513859783172e+01 2.126701097539441676e+01 1.406656653027433101e+01 2.217497598141499537e+01 1.207728814538304185e+01 2.038959050771381598e+01 2.449831129920052675e+01 2.243867832809404206e+01 1.234864414951249145e+01 2.047293988774472950e+01 2.453639468068739049e+01 2.481921648425686300e+01 3.459844968532154752e+01 3.938637621118819965e+01 3.202154271529978047e+01 3.317594068560353548e+01 4.364693314604431151e+01 3.774226399479386629e+01 2.793285643502160198e+01 2.092870264096173116e+01 1.593258097648891258e+01 1.235319157781543353e+01
5.329999999999999452e-04 2.582521897471608430e+00 1.258252189747163996e+01 2.020053870804288465e+01 2.434267433177380724e+01 2.934267433177378948e+01 3.618765328343355492e+01 3.503912600057392268e+01 3.145200692186486080e+01 3.560219774090550970e+01 2.725758973855004541e+01 1.727651357348546668e+01 2.725758973855004541e+01 3.121855856925230199e+01 2.567980075817150265e+01 3.090827626409603823e+01 2.847872126328467246e+01 2.425425601506577422e+01 2.627417679462270428e+01 2.038959039979065224e+01 1.022115803395968392e+01 1.871676815984614706e+01 2.282527540848355230e+01 1.872287767006039871e+01 1.030397172912069692e+01 1.489767386645418590e+01 2.195194509127554738e+01 3.174142196819681061e+01 3.509771727549189535e+01 2.436444350519383661e+01 3.509771727549189535e+01 4.091757035030137502e+01 3.667817575324797019e+01 3.488143968025930519e+01 2.994818617260010996e+01 2.032834625257954642e+01 1.235319157781543353e+01
3.709999999999999756e-03 1.000370999999996258e+01 6.665004802110230386e+00 1.020053870804295570e+01 1.520053870804293794e+01 2.520053870804286689e+01 3.208888716794108831e+01 2.501479687920193484e+01 2.136623348356834029e+01 2.979038966974295732e+01 2.468048695424851857e+01 1.469793940982752467e+01 2.125650139427644802e+01 2.125645733223645450e+01 1.862245674778276694e+01 2.100301144915322382e+01 3.090827210922752855e+01 3.203641247875135889e+01 2.201961617705472918e+01 1.616090333760585906e+01 1.871676738728134737e+01 8.514213567768946334e+00 1.709503476485513929e+01 8.513232908329952053e+00 1.872287767006039871e+01 1.578706886429817402e+01 2.290473763601188040e+01 3.292010964044378341e+01 3.152001269484996371e+01 2.077620008938837870e+01 2.693892002327097046e+01 3.130429140218248563e+01 2.610244266037881644e+01 3.486966224502698708e+01 3.450036712104513015e+01 3.001642104991088189e+01 3.013005914964901422e+01
6.660000000000000121e-03 1.000665999999996281e+01 1.666500480211016111e+01 1.666500480211015756e+01 2.434267433177380724e+01 2.934267433177378948e+01 2.707698065273289956e+01 1.791307483363411990e+01 1.556857827921394311e+01 2.529305802500315181e+01 2.830964222584276868e+01 1.833499480451423835e+01 1.129526378720858304e+01 1.838094118864599480e+01 1.287056584008515969e+01 1.991749921247167165e+01 2.987612876869770773e+01 3.607101112701064949e+01 3.037137607924145044e+01 2.618994446539486276e+01 2.260759045436868675e+01 1.708479623496904409e+01 6.922519602816406881e+00 1.709503504202435664e+01 1.401887757236568177e+01 2.377071471721357909e+01 2.291685652282307473e+01 3.297035487299488921e+01 3.449849405892954479e+01 2.380742063443723922e+01 1.630650636949642518e+01 2.693890700669868821e+01 1.992662500831869110e+01 3.014417748549223219e+01 3.605577787548554625e+01 3.349919170136969626e+01 2.439236948656926529e+01
1.030000000000000013e-02 7.081367811865485251e+00 1.708136781186555098e+01 2.666500480211008650e+01 2.427375802836184704e+01 2.134237135585471634e+01 2.293113903291844480e+01 1.290451149070582737e+01 1.109289081361071538e+01 2.112983318414141820e+01 2.742236740739216572e+01 2.537552988452238623e+01 1.838094118864560755e+01 8.499548965589095673e+00 1.838094118864599125e+01 2.694259234217842902e+01 2.898568127062531019e+01 3.307151411957847387e+01 2.915273226061996326e+01 1.954139396073752266e+01 1.816181448385736985e+01 1.509391543097708777e+01 6.175332966533134460e+00 1.633315969033682080e+01 1.985775322819816679e+01 2.402692883716715500e+01 3.289785536986736503e+01 3.715649553508264091e+01 3.190619334757903403e+01 2.123463240230038807e+01 1.387614191603549330e+01 2.112254353523260164e+01 1.529492463693490301e+01 2.131297381089114396e+01 3.184573139982664003e+01 3.718809244689379057e+01 3.196315739944263257e+01
1.349999999999999985e-02 7.084567811865484899e+00 1.708456781186555062e+01 1.725403490289403763e+01 1.426762678684038832e+01 1.133717163602925382e+01 1.840626835630497737e+01 1.730528203169896173e+01 7.557150210416327063e+00 1.329591744118809338e+01 2.328872931859726592e+01 2.381378370803507494e+01 1.386400347826348423e+01 6.971566621125694141e+00 1.677818457035160549e+01 2.194608089264136197e+01 1.903019671660089074e+01 2.898568127062531019e+01 2.685002944830461402e+01 1.673479502396610386e+01 9.563412298712881565e+00 5.133071141818516203e+00 1.514911584092286212e+01 2.052842477812885136e+01 2.972212849113665101e+01 3.376893134105142025e+01 3.789818063504078083e+01 3.286351207466966429e+01 2.858372407153624906e+01 2.870329132254119031e+01 2.112196421880643626e+01 1.091970809755935790e+01 1.938967923858872666e+01 2.393612271503227262e+01 3.093513054984230237e+01 3.872715669377846126e+01 3.784104137043757277e+01
1.339999999999999872e-02 1.001339999999996344e+01 1.018295808805144986e+01 7.254022359323515801e+00 1.018295835471811550e+01 4.265438016445759040e+00 1.018295862138478292e+01 1.218278731967210504e+01 5.131790082895312466e+00 1.220271244334392868e+01 2.220133289818663513e+01 2.346538677703195930e+01 1.526433821389575485e+01 5.512425000552723553e+00 8.588082581255104486e+00 1.201728615223075991e+01 1.903019671660089429e+01 2.898568127061629696e+01 2.315739218673206068e+01 1.743582755513407889e+01 1.335952300013243388e+01 4.403319036566610833e+00 1.440958833382835280e+01 1.982094467041871511e+01 2.987531565513240395e+01 3.322446259998078943e+01 3.743149685305964880e+01 2.858372376884198118e+01 1.805833095375455954e+01 2.109106675296763811e+01 1.713802469734054768e+01 9.415220323224069432e+00 9.415220323224069432e+00 1.498800547358646362e+01 2.608615965726605879e+01 2.877476646489825640e+01 3.576479838214029172e+01
1.369999999999999864e-02 1.829485963531674864e-01 1.829485963531674864e-01 1.829485963531674864e-01 1.829485963531674864e-01 1.829485963531674864e-01 1.829485963531674864e-01 2.182949360151384521e+00 1.018295888805144855e+01 1.018295927504297538e+01 1.432511394596827792e+01 1.791336464529421590e+01 9.219821477612320848e+00 4.060729365337829577e+00 1.293967289536934295e+01 1.497564327894852632e+01 1.999886085428440197e+01 2.474809619209588618e+01 1.894920250666368489e+01 9.076897364731960849e+00 3.279786202237036985e+00 1.335836989705748934e+01 9.696976363425575229e+00 1.687120954265398609e+01 2.694385907250515189e+01 2.293887584857627715e+01 3.151490996069686545e+01 2.663949985006330934e+01 2.114114459346232522e+01 1.093425332419686846e+01 7.596680611136972239e+00 1.722321677645947702e+01 1.941281574555675604e+01 2.379705845955993482e+01 2.521190200411585991e+01 2.168619556273833027e+01 3.168976392166283418e+01
1.290000000000000001e-02 1.001289999999996283e+01 1.829485963531674864e-01 1.829485963531674864e-01 1.829485963531674864e-01 1.829485963531674864e-01 1.829485963531674864e-01 1.829485963531674864e-01 1.829485963531674864e-01 1.829485963531674864e-01 1.018295896246242016e+01 1.035433979678384553e+01 2.189380126866422582e+00 1.055173722668278202e+01 6.891948496890650588e+00 5.768690311987390018e+00 1.320213188032839824e+01 1.577957067718953788e+01 1.126541629312012205e+01 1.994210582928030773e+00 2.929273261020064467e+00 1.263453041282110867e+01 1.982071844742666755e+01 2.398179319242552765e+01 2.138329089435592678e+01 1.706205378781050896e+01 2.728607632649350023e+01 2.232737543408151026e+01 1.227986362223854222e+01 1.412361663114537969e+01 6.430500834041154690e+00 1.291614343186503078e+01 2.309741368808807493e+01 2.536295598372213433e+01 1.538846879453433836e+01 2.184905912675690942e+01 3.185838498280698161e+01
1.349999999999999985e-02 1.001349999999996321e+01 1.018295808805144986e+01 7.254022359323515801e+00 4.655087213002700786e+00 1.018295848805144921e+01 7.254022759323516034e+00 1.018295875471811662e+01 1.829485963531674864e-01 1.829485963531674864e-01 3.552099036572243240e-01 3.552099036572243240e-01 6.501330711871474044e+00 5.291559656055189187e-01 5.291559656055189187e-01 5.291559656055189187e-01 6.917334477691023054e+00 6.129361044002419767e+00 1.111112909046910247e+01 1.580540120113192781e+00 1.117584084857376858e+01 1.418165746711628650e+01 1.877511165351405964e+01 2.119964149918822471e+01 1.132375660835463194e+01 2.137423938319962247e+01 2.297720198709519224e+01 2.194989346117289131e+01 1.134005879994535348e+01 4.768425774663874961e+00 1.412361659454996321e+01 2.017185187655520195e+01 2.208708214749660215e+01 1.793647568990739671e+01 1.185070774508371905e+01 1.891496686123205961e+01 2.893447745704804674e+01
1.319999999999999993e-02 7.084267811865485598e+00 1.708426781186555132e+01 1.725403490289403763e+01 1.042859744322548465e+01 1.879723970801704880e+01 1.725403530289403875e+01 1.334524050330463929e+01 3.345227996246280089e+00 1.829485963531674864e-01 1.018295857362905821e+01 3.552099036572243240e-01 5.291559656055189187e-01 1.050619383990283495e+01 5.291559656055189187e-01 5.291559656055189187e-01 7.036310072190092857e-01 6.129361044002420655e+00 1.199708440772060403e+00 1.384565726015488885e+00 1.623422112249662819e+00 5.029240819046770561e+00 1.330637090095445174e+01 1.402229021972283896e+01 8.273835333934249192e+00 1.784043159412625101e+01 1.214503622867300869e+01 1.604645426925019436e+01 1.200352133951869327e+01 3.594081415011186387e+00 1.254318629892340198e+01 1.690464212273852240e+01 1.792835653958432118e+01 7.914134920495605741e+00 1.450583435794028020e+01 1.868646654758042658e+01 2.230105622702102508e+01
1.359999999999999924e-02 1.001359999999996298e+01 1.935336876611429702e+01 2.349550438984521961e+01 2.042860998257219762e+01 2.457074883871275972e+01 1.869047243418690840e+01 8.690459165084110538e+00 1.334524050325390832e+01 1.018295902116443052e+01 2.419297389916728047e+00 1.032423188860339813e+01 9.921005219375775397e+00 1.456080796750062234e+01 6.426535263413897248e+00 1.052720598020546028e+01 9.287885170635041376e+00 9.505634038242937178e-01 7.383601739307745326e+00 1.005000136605351990e+01 1.017890470575025752e+01 1.631138669985443324e+00 1.138852984205452756e+01 4.282374194856160443e+00 1.138859773326691105e+01 1.135465185439756652e+01 4.852344712277738559e+00 1.158383191310658233e+01 1.905646901715474906e+00 1.063207970754403142e+01 5.946823584878158542e+00 1.194568922383948717e+01 1.339628510992680432e+01 1.232419610392870624e+01 4.560410095618970594e+00 1.450579002129262030e+01 1.251622535774786726e+01
1.299999999999999940e-02 1.001299999999996260e+01 9.353368766114368071e+00 1.642443657797979384e+01 2.642443657797972278e+01 2.576154761244003311e+01 1.576153719479470894e+01 1.869047243418690840e+01 1.493518283209041364e+01 4.921081900748132121e+00 1.243162293401785234e+01 8.297951214281564347e+00 1.807461773710859987e+01 2.089370854842783842e+01 1.712660385292636178e+01 1.745046895317352664e+01 1.207125734387760296e+01 2.289167400640270245e+00 1.175682904646228799e+01 1.402508852878731460e+01 5.763534001115551142e+00 1.631138669985443324e+00 1.631138669985443324e+00 1.631138669985443324e+00 1.631138669985443324e+00 1.631138669985443324e+00 1.631138669985443324e+00 1.631138669985443324e+00 9.620838278372723096e+00 1.905646901715474906e+00 2.093209777575807617e+00 2.299178250959217351e+00 2.456537421156820500e+00 2.456537421156820500e+00 2.456537421156820500e+00 1.234801528104793888e+01 6.811641409772644984e+00
