output/example/elevation_000398.asc
nrows	75
cellsize	13.33333333
xllcorner	0
ncols	75
yllcorner	0
NODATA_value	-9999
[rows 17 to 33 of 75, columns 37 to 73 of 75]
1.502402969472094263e+01 2.533484557859014075e+01 3.082672792252255789e+01 3.485643254332863705e+01 3.074197694407395076e+01 3.635868506473362061e+01 4.610244697447544837e+01 4.687806458342802785e+01 3.716118028458790690e+01 4.000713354113730702e+01 3.092857546953241155e+01 3.092846522290975386e+01 2.331326533858863570e+01 3.308660417926320463e+01 3.652593470001487930e+01 3.903584837849491862e+01 3.728979127773183677e+01 4.616951236044144480e+01 5.170022401691455372e+01 4.598913158153287384e+01 3.623072056395697160e+01 4.598913154683359039e+01 4.286195642048103593e+01 3.301159709920786156e+01 4.286195644073549715e+01 4.040075722822361826e+01 4.732434627578881958e+01 4.202814891241862227e+01 3.192811686212149525e+01 2.684643019738767578e+01 2.284960084628036725e+01 3.153267827368929588e+01 3.419243551827059235e+01 2.755454963756330855e+01 3.338281653198221477e+01 4.321727167681265769e+01 4.466920197994304687e+01
2.518405555210784641e+01 1.644477871215343612e+01 2.681816012834460139e+01 2.511250007680325425e+01 3.200433474126875666e+01 4.174200573827612004e+01 5.017547114306999845e+01 5.100949954875086689e+01 4.687806458342802785e+01 4.485702691604352310e+01 3.766034432779989771e+01 2.816168017739759932e+01 2.522433931119628170e+01 3.486572864057848875e+01 3.767506445049580321e+01 4.175065764200007834e+01 4.680491153868687348e+01 5.080865121542013441e+01 5.006186048806320343e+01 4.031829648560733403e+01 3.332230057422985681e+01 4.317212057997147667e+01 3.989196115530097586e+01 2.985848438727683885e+01 3.704039921039584016e+01 3.342794336007976597e+01 4.325656592187291949e+01 4.606271580231832985e+01 3.984198575168618817e+01 3.208255545818160925e+01 2.225173698829914670e+01 3.113526229384684285e+01 2.425906153029053769e+01 3.420970945610336855e+01 4.160509858337844946e+01 4.727761566505210311e+01 4.896612542513904032e+01
2.087503407198919447e+01 1.749253662105160601e+01 2.063736016271970541e+01 3.049881346833052831e+01 3.549935551723922345e+01 3.958064338550905603e+01 4.166799818601315764e+01 4.578509587922878410e+01 5.018371725032443464e+01 4.033016777089219573e+01 3.359317425942750646e+01 3.726068847236203396e+01 2.847492149335976208e+01 2.812955927441896975e+01 2.812955927441896975e+01 3.767506445049580321e+01 4.610102697850538078e+01 5.103635451102253739e+01 4.762597055894502063e+01 3.784483841095628520e+01 3.079131713022679406e+01 3.749172851522317274e+01 3.710917545498326575e+01 2.670468627716642374e+01 2.721219258509981032e+01 3.703997130076258770e+01 4.360277382938141244e+01 4.051399753724601993e+01 3.644075708123450141e+01 3.428434725666808447e+01 3.027651635530204999e+01 2.141961760818430349e+01 2.328485755273270286e+01 3.320519953782444844e+01 3.913162036189143578e+01 4.210185943456401958e+01 3.925858736662907944e+01
2.416600062857759212e+01 1.749253662105160601e+01 2.765493892786328800e+01 3.313724948242323620e+01 2.578159718593568073e+01 3.549918083582836914e+01 3.191456374342032731e+01 3.878710928454430018e+01 4.862308898313147409e+01 4.732124159567275967e+01 4.033016776615183829e+01 3.844007252994934021e+01 3.844007252994934021e+01 3.231606451083299447e+01 3.358031536706242548e+01 3.234395121219307612e+01 3.707714024854435308e+01 4.689891106989563241e+01 4.887711336058299594e+01 3.909854638277438710e+01 3.203804555112568409e+01 2.754882228834000912e+01 3.458765652359174680e+01 2.395894401213839231e+01 2.417290233335216598e+01 2.942217874462361848e+01 3.936791455396112838e+01 3.642146372433706603e+01 2.656892175668685496e+01 2.938404333308789163e+01 2.066392531704241264e+01 3.028460793726054234e+01 3.320511049951911531e+01 2.636559491242292808e+01 2.917555883100117953e+01 3.225069094704298323e+01 3.799897141459936023e+01
3.149201619536630403e+01 2.749235582794575095e+01 1.912353661300338104e+01 2.907904170987750092e+01 3.281416257198353748e+01 2.578159718593568073e+01 3.549939087983094765e+01 4.194331233453342378e+01 4.518184103648982131e+01 4.931088232181448916e+01 5.018371092026909253e+01 4.912403765667488642e+01 4.608458341394566560e+01 3.779882856958199966e+01 4.037178558013649621e+01 3.782907049019492263e+01 4.610102697850538078e+01 5.103635451102253739e+01 5.174393444526440078e+01 4.195592766994708711e+01 4.156943354066239493e+01 3.478146988222884062e+01 2.495668063524920655e+01 2.331374439194842907e+01 2.213653792005978360e+01 2.995607171053968898e+01 3.407929452535116610e+01 3.627114959891487445e+01 2.906083303143172714e+01 1.990069053778375263e+01 2.945023117682767122e+01 3.432324206537043665e+01 4.034727438792019427e+01 3.348758058478419031e+01 3.456660746708916321e+01 4.210185943456401958e+01 4.615398009732726337e+01
2.165535882460360284e+01 1.912353661300338104e+01 2.907904023141878369e+01 2.120788502748022708e+01 2.307531435239388529e+01 3.281442267355396325e+01 2.931931017067828549e+01 3.223985680327169234e+01 3.546625492722025541e+01 4.028716866613793002e+01 4.715443254863017586e+01 5.713104062138951633e+01 5.180090868331538445e+01 4.765997083897219255e+01 5.026211404928885429e+01 4.766926407330885240e+01 5.180783279034054800e+01 5.404780145364783550e+01 4.910166429250904940e+01 4.482859936645359511e+01 3.863006243017542829e+01 3.566279487533162751e+01 2.608222338537855478e+01 3.223388405413172109e+01 3.019059409439583774e+01 2.080236641279872600e+01 2.880356783976356638e+01 2.759392715762878012e+01 2.807422905706375715e+01 1.935301026953075620e+01 2.345291406786523325e+01 2.907883919556217123e+01 3.882994316653631728e+01 4.332980243687747191e+01 4.439590321643147774e+01 4.846731613038939912e+01 5.096502583869526859e+01
2.418295162229625817e+01 3.065842904381432987e+01 3.116742086999058969e+01 2.120788502748022708e+01 2.420565205663322672e+01 3.408660511269512483e+01 3.901761041111680584e+01 3.863948209638476072e+01 4.518184103648982131e+01 4.931088232181448916e+01 5.424611381661783582e+01 5.306486803536569141e+01 4.914955726793260027e+01 4.699819503964667433e+01 4.268803562162893428e+01 4.268803562162893428e+01 5.294898418820368846e+01 5.029946503988636408e+01 4.193228921103943208e+01 3.679787298133903306e+01 3.279767583187322799e+01 2.924873733164869805e+01 3.566279487533162751e+01 3.579110069621192025e+01 2.080236641279872600e+01 2.880557399121963513e+01 1.950379114259020241e+01 2.703147053567463942e+01 1.857136131729797057e+01 2.807445244955985686e+01 3.282397416771485155e+01 3.715960201397622598e+01 4.267687165855480913e+01 4.452849685523617040e+01 4.032945794159338249e+01 4.388238959946093587e+01 4.094866561181488862e+01
2.418295162229625817e+01 3.434274687798318837e+01 2.613512450386551222e+01 3.122242413498175395e+01 3.408660511887628530e+01 2.910333464763442635e+01 3.494929453435252498e+01 4.561965099207354513e+01 5.180817706261365885e+01 5.084341249875124191e+01 5.490025393937626319e+01 4.914955726793260027e+01 3.965730674561233826e+01 4.243752255487839165e+01 3.260319575718486362e+01 4.268803562162893428e+01 5.182222450323214247e+01 4.775864001659819280e+01 4.910166093299941537e+01 4.453093816337258914e+01 3.594628947713282940e+01 3.414908671159343356e+01 4.245223305877919984e+01 3.587591875964168509e+01 3.587591875496030269e+01 3.153573879099032240e+01 2.306107496859629791e+01 1.816884913784202737e+01 1.800780751710860983e+01 2.969063714106668428e+01 3.590092655543951849e+01 3.163681473377902620e+01 3.369775443522788549e+01 3.595700779990351492e+01 3.007515341491575711e+01 3.383318132597876371e+01 4.094866561181488862e+01
3.510613552833243745e+01 3.024827056207918119e+01 3.583631085410635819e+01 3.174386224821424562e+01 4.142669961343716523e+01 3.486460824924161273e+01 4.351344006055555980e+01 5.017157591648759052e+01 4.936120741880574769e+01 4.133241630243988141e+01 4.575957118825019876e+01 4.977209333705692273e+01 4.243752255487839165e+01 3.260319575718486362e+01 3.872049640938764981e+01 4.100031853468369292e+01 4.494550609918283612e+01 3.803573801973250568e+01 4.619391667380956079e+01 4.857950628709950536e+01 4.473735754542691012e+01 4.059034413417514031e+01 4.683388622976122662e+01 4.627803000666099109e+01 4.182880453176355928e+01 3.436343122122529792e+01 2.529586129532238914e+01 1.719717234517763416e+01 2.598886180964424142e+01 3.035754210380551399e+01 2.887975343068604062e+01 2.096492180168488773e+01 2.299520404985091915e+01 2.536069432852992733e+01 2.930082913227727559e+01 3.404446876195460447e+01 3.986711853562616881e+01
4.393323931855246656e+01 3.526700788001352294e+01 4.393323931855246656e+01 3.733812165875988143e+01 4.546204094813627705e+01 4.516043331693145291e+01 4.948025138459166783e+01 5.209450197087157619e+01 4.255949839615198016e+01 3.578464414722536446e+01 3.619617733218377964e+01 4.422974883658646661e+01 4.636108739048901839e+01 3.872049640938764981e+01 2.870234392417675195e+01 3.109988134041293151e+01 3.929305346101087792e+01 3.222239760732922065e+01 4.177573584782401639e+01 4.107332645364238743e+01 4.547832462867128100e+01 4.927215019952389241e+01 4.499989779137643353e+01 4.090398747495106591e+01 3.789813088937960828e+01 2.828077446511204585e+01 2.273017525242100945e+01 2.529217306375514696e+01 1.647610170350622738e+01 2.587196954681589034e+01 1.836364054261347434e+01 2.887975343068604062e+01 2.933019490352053538e+01 3.595700745364576534e+01 3.959739279397130929e+01 4.379392361939332545e+01 4.830280563626011059e+01
4.867295867692826050e+01 4.472647935023891819e+01 4.867295867692826050e+01 4.701180096487937732e+01 5.106671620013631241e+01 5.003430942799858627e+01 4.832323261809321480e+01 4.661115029618184025e+01 4.040978982713394885e+01 3.640116453381101991e+01 3.045569002673905956e+01 4.023814317108384842e+01 4.676503493430228531e+01 3.691222732724693856e+01 3.528429845547511690e+01 2.515594279873305794e+01 3.234057475865871822e+01 2.762665162055032653e+01 3.517774311765076334e+01 3.148455244081159421e+01 3.852472230519048679e+01 4.827493896278280516e+01 4.090398747495106591e+01 3.094639727272516794e+01 3.386290614786338438e+01 3.079356217201318202e+01 2.560076795923669124e+01 1.594995561030266451e+01 1.594995561030266451e+01 1.594995561030266451e+01 2.619219026065153244e+01 3.316970016867308146e+01 3.977566849441103614e+01 4.380366974588904583e+01 4.611651128666948551e+01 4.408132811522470007e+01 4.814898002261939070e+01
4.481703618008771883e+01 4.558636405826815263e+01 4.558636405826815263e+01 4.939315815710285307e+01 5.003430942799858627e+01 3.998187110638633612e+01 3.823193534235024771e+01 3.823147748412208813e+01 3.238996250976928337e+01 2.643098137747277931e+01 3.330537563364156739e+01 3.665938594780350002e+01 3.710186565423673244e+01 3.691222732724851596e+01 2.679280880268307996e+01 2.964114263913436886e+01 2.205241967702239947e+01 3.089413036354043385e+01 2.499189353449885687e+01 2.962103107078883824e+01 3.548412208438350746e+01 4.539562848471766898e+01 3.962316244664496878e+01 2.964610893968165684e+01 2.403203262742996316e+01 2.138548458291790411e+01 2.558939911291748359e+01 1.594995561030266451e+01 2.556889375606116488e+01 2.631832834944134802e+01 3.062783842976388016e+01 3.881402217379036301e+01 3.510403382421488061e+01 3.853935676017213297e+01 3.624043247371740506e+01 3.418503813343432540e+01 3.916270347707120436e+01
3.524853796506470616e+01 3.612076497391581142e+01 3.612076497391581142e+01 4.558636405826815263e+01 4.893733810041941723e+01 3.888113388742640808e+01 3.165948479214577205e+01 2.797866026075004342e+01 2.509417329829503629e+01 2.509417329829503629e+01 2.274188429477031548e+01 2.996374903472172235e+01 2.625953831241476877e+01 3.330869054322412381e+01 2.974079288667106269e+01 1.927962156186665155e+01 2.063270256222110177e+01 2.063270256222110177e+01 2.442442447270917683e+01 3.468798682278249856e+01 4.382415266139551591e+01 4.957792264737570775e+01 4.371795437447816113e+01 3.791041022739300104e+01 3.230587378944287735e+01 2.717302387521177920e+01 1.795830475649955105e+01 1.544467939384578337e+01 2.228325782465859106e+01 3.195590678394180628e+01 3.494488031944121786e+01 3.465700437399156186e+01 2.489458803528684783e+01 3.446673380799357744e+01 2.916140704235529313e+01 3.913322920614803735e+01 4.814898002261939070e+01
2.927062764719500620e+01 2.900973121331280780e+01 3.486327155364168817e+01 4.439812490947620205e+01 5.122119680614931525e+01 4.599096436766468798e+01 4.182652790841534340e+01 3.823147748412208813e+01 3.433091660836760184e+01 3.277998312417844318e+01 2.717054336805709980e+01 2.026698444607336214e+01 1.854986228855809216e+01 2.707233050321436352e+01 2.761759246859270078e+01 1.739640757919961445e+01 2.807858738200879145e+01 2.803676543685943656e+01 3.468378342697101147e+01 3.095509354102547306e+01 3.813657678795503614e+01 4.829324951307928160e+01 4.395825928785320968e+01 3.940323915493002005e+01 3.877822548878187092e+01 2.773906839914831224e+01 2.393286825294398668e+01 1.494588785133583819e+01 2.443325727622745802e+01 3.146945654954271276e+01 2.487752794974085546e+01 2.944989195541756288e+01 2.489458803528684783e+01 2.526688007725705987e+01 3.526864685517908526e+01 4.321204383515600966e+01 4.354555922597590012e+01
2.468282588315953419e+01 3.483421164883492338e+01 4.275696156550932869e+01 4.820280214020029774e+01 4.132135219515750180e+01 4.132135219520517921e+01 4.206099422869353077e+01 4.330733353139605413e+01 4.428691548252002264e+01 3.898898533506211095e+01 3.335457799788645872e+01 3.010177796577592702e+01 2.700513906465393532e+01 1.615561034761432424e+01 2.463748811417472240e+01 1.592321770322694974e+01 2.345120312204505808e+01 3.315498045087601042e+01 4.205034928599792465e+01 4.111139735485147639e+01 4.538846320849246752e+01 4.361332167074924371e+01 3.858622632249304019e+01 2.904256700089628396e+01 3.083743817108541663e+01 2.707876209099132225e+01 1.652196255964143035e+01 1.445076333491891774e+01 2.338663691769660602e+01 2.541771668062060741e+01 1.809077509511252302e+01 1.981571777980209959e+01 2.188841021840969248e+01 3.194107617944976241e+01 3.940403200502923653e+01 3.655815080374747339e+01 3.366391746242380378e+01
2.924408596715679209e+01 3.333550621325793628e+01 4.035381527624561926e+01 4.140917856611113024e+01 4.132135219495557266e+01 3.132665166157002545e+01 3.207545809684783222e+01 3.390337785936210935e+01 4.285955061032458246e+01 3.912770872897984020e+01 3.744638925915279515e+01 2.998420884938321151e+01 2.311344063666842885e+01 2.463587158752830675e+01 1.389530513062661399e+01 2.496362237389725891e+01 3.079175022587497068e+01 3.562646360512051302e+01 3.961002921364603679e+01 4.397345268720231815e+01 4.833753899517613206e+01 3.722998253091515863e+01 2.872219581432698021e+01 2.421159422502924841e+01 2.128195538875962356e+01 1.922756450534296846e+01 1.962652049157414069e+01 1.397336594467619619e+01 2.316034576024922131e+01 1.570593313389096402e+01 2.542571143614333806e+01 2.957466612141129048e+01 3.189767743883581375e+01 3.687033722580751061e+01 3.655818332571201523e+01 2.660236849522552305e+01 3.366391746242380378e+01
1.923770829684230321e+01 2.631624235435059589e+01 3.350593275140537486e+01 3.172971916793271063e+01 4.140917856512220396e+01 3.500014938159866773e+01 2.502748813625602153e+01 3.500014938671104403e+01 3.516496562037183793e+01 2.730065533398443733e+01 3.513419646712139865e+01 3.633757735908830711e+01 3.282696828271375722e+01 2.494680848424582820e+01 1.389530513062661399e+01 1.644973573789772558e+01 2.722502346379837235e+01 2.572500079657910277e+01 3.073507226258100999e+01 3.712294696008389394e+01 4.577656667973264604e+01 4.361332166787929054e+01 3.858622631061850683e+01 3.429516166641024455e+01 3.081786864536352155e+01 2.419880220108197832e+01 2.600832543780888884e+01 2.293233959145628020e+01 1.330589816902288902e+01 1.887222887654078107e+01 2.768726870125996342e+01 3.304812248351189652e+01 3.395437820609005541e+01 3.089917763834664299e+01 3.279086366036474942e+01 2.660236849522552305e+01 3.237590686517417282e+01
