output/example/elevation_000020.asc
nrows	50
cellsize	20.0
xllcorner	0
ncols	50
yllcorner	0
NODATA_value	-9999
[rows 17 to 33 of 50, columns 0 to 36 of 50]
9.098509734387574266e-01 9.173787966312140441e+00 -3.427673693754327928e+02 1.856962697921805128e-01 4.583632111380019580e+00 9.638290666503461779e+00 1.311970849258740301e+01 1.746996291277708835e+01 2.329711451827411395e+01 2.149956142956372318e+01 1.147528554264120260e+01 4.828021982967418246e+00 4.686888297319011798e+00 1.389975643897543556e+01 1.158484329695586723e+01 -7.917082640985418607e+01 1.107077595931971814e+01 1.907445471088611288e+00 1.982230746150341893e+00 1.760091629973020488e+00 2.207553656604753556e+00 1.209745468313985839e+01 1.235876734125486287e+01 -2.837567044484853795e+02 2.665989746960787166e+00 3.368073006328442531e+00 1.381883855405743233e+01 1.568326408183064302e+01 6.443659777088687868e+00 8.229240183009597587e+00 1.222527907236705502e+01 1.836462137640978654e+01 1.544503793464900987e+01 2.240831450015781656e-01 1.339316858216825956e+01 6.841754856102276960e+00 1.146499574356374751e+01
6.729603419142361487e-01 1.067296032052596999e+01 6.537486500339534601e+00 1.011346075783290210e+01 -2.573572470401258556e+02 -1.295654588630241744e+00 3.069858451076660000e+00 9.030728390873534295e+00 1.913338975263641828e+01 2.095823225928208799e+01 1.519033569824125607e+01 8.433335420222313417e+00 3.201444568490358300e+00 1.086365869153367036e+01 1.026454075999839333e+01 2.440951133684611474e+00 1.920688337570434889e+00 -1.638651967339920077e+02 1.005418067758702350e+01 -3.678607472879277225e+02 1.143248744145617479e+01 3.046528266272731655e-01 9.161538434931111752e+00 -2.769705797001941505e+02 1.015292744321988794e+00 6.369255099584695934e+00 1.653246128644886781e+01 2.281780868243156135e+01 1.858705292668647857e+01 1.208318839208253337e+01 2.128160845873311402e+01 2.296118956693138458e+01 1.384343929931022288e+01 9.017085694345318814e+00 1.752598536540243046e+01 8.445060813161642699e+00 9.005731504196402781e+00
9.500813129397378543e-02 1.009500811603944470e+01 1.637121613007436949e+01 1.007137378918614878e+01 -4.134864703521531055e+02 3.122259548299506360e-01 6.452403513384591172e+00 1.460886599025289456e+01 1.852026444275806938e+01 1.681134279808337340e+01 6.821796493890918356e+00 -3.648058430036674622e+02 6.480254226856979827e+00 -2.679184760281584090e+02 9.082811479438278823e+00 -8.927196737565348883e+01 5.283483143701892537e+00 4.182968936008257366e+00 1.275839117664481037e+01 1.198941210317539685e+01 4.481594725496999665e+00 1.875421660718700867e+00 2.445755730522219729e+00 5.652375851391711947e+00 1.204104371761651926e+01 1.525306799874562458e+01 1.654770495851225931e+01 2.674572748406185951e+01 2.621110068090370859e+01 2.208796229537747990e+01 2.621155403575116694e+01 2.424508323783273056e+01 1.460456978227497338e+01 1.262566023496174594e+01 1.892682425432874282e+01 1.006066939741945454e+01 1.134961323984139092e+01
5.074168083889973868e-02 7.121809492730931446e+00 1.712180956440338164e+01 1.444604765378550226e+01 5.241561098411945174e+00 1.022260561571478554e+01 -2.101985706330536630e+02 8.729507655398688115e+00 9.040724040293289576e+00 1.071262962280999176e+01 9.668154972236823852e+00 8.335887616390986743e-01 1.332924671181778820e+00 1.255073739179297432e+00 1.380750575714306594e+00 8.443732696037189456e+00 1.484298376477310732e+01 1.275874160640331212e+01 1.694196562534324002e+01 9.538308379542680626e+00 4.066746184129200969e+00 -1.390851969446666203e+02 2.727430619239228804e+00 2.738703392459435726e+00 2.530627938436533775e-01 1.344388897991892939e+01 1.857417961906083548e+01 2.339960452355260756e+01 2.312193095103997464e+01 2.737801445736030459e+01 3.307199129457094955e+01 2.827804374797700859e+01 2.424574870359489154e+01 1.734015857633307789e+01 2.485427124190269410e+01 1.897712154210666924e+01 1.452479862074211425e+01
2.528005767708579876e-01 7.323868388635514037e+00 1.732386834618254667e+01 1.974821557107285130e+01 1.559698700987578768e+01 9.512526071991075582e+00 -6.892773462817733399e-02 7.855336531930016131e-01 9.649317233228988044e+00 -1.615074993245280552e+02 8.936684020646051607e+00 -2.048888934397021728e+02 8.471971603687826757e+00 -4.308814948439258501e+02 9.671303889476806859e+00 1.563419626059079448e+01 2.257335699162011622e+01 2.088647533858559413e+01 1.086300825814721094e+01 6.558862313827628299e+00 9.386376218909862956e+00 7.677149460637917144e+00 1.127016994121286331e+01 3.136794975171008026e+00 4.493110820254893945e+00 3.941495350510543894e+00 1.439623496543573822e+01 1.331737152696364745e+01 1.339386603745334803e+01 1.912465699001165476e+01 2.902106075560387310e+01 3.340987309434372321e+01 3.084349865206774766e+01 2.683247825006069220e+01 3.084336211000747241e+01 2.673689960116257680e+01 1.864249846199437499e+01
9.791283598286071310e-04 7.072046940225043876e+00 1.707204690461531982e+01 2.205596352132607763e+01 1.206052537288024240e+01 5.005023722739702308e+00 -4.880716581400050131e+02 8.533461006716752451e+00 -5.561648437008063439e+00 7.868656171556551726e-01 8.160480181433676927e-01 7.268385543345142530e+00 1.512310833692091450e+01 9.631112215658200526e+00 8.294152433223118237e+00 1.828080359283906375e+01 2.556138483625770874e+01 1.560695174700981269e+01 8.851292572561646921e+00 8.264471893275471714e+00 1.827291415294034138e+01 1.477500545899185624e+01 1.782828664990734424e+01 1.015195064827688753e+01 3.378293817370989327e+00 3.638217757912661110e+00 9.833148532670382025e+00 8.614217667340923867e+00 1.225342713824461072e+01 2.221466497912642879e+01 2.392095812112408382e+01 2.323457170225220381e+01 3.340987309819890072e+01 3.434687029046459372e+01 3.845008808919865118e+01 3.278975325473348335e+01 2.449784173942835963e+01
4.600753433092569233e-01 7.531143155173015025e+00 1.753114310575817569e+01 2.498510848301689080e+01 1.498811520816516385e+01 1.281551454948004576e+01 6.469011354744541364e+00 2.177599351487441215e+00 8.637615653354600909e+00 -3.632614155817582287e+02 7.186017999022363156e+00 4.241448592111902727e+00 9.084811177411653560e+00 1.906521305866212401e+01 1.828082819299153527e+01 2.242674147698816611e+01 2.542849891364963710e+01 1.548016864918380087e+01 1.102317013920541378e+01 1.522041472829812037e+01 2.241146148293961460e+01 2.483328444345711361e+01 2.063612988592612396e+01 1.017160005366622144e+01 8.282802729515454487e+00 4.109091809327406253e+00 5.130558521906579905e+00 1.233061493097456029e+01 1.915254804188084492e+01 1.727591615497368949e+01 1.485250728223850025e+01 2.392095829700170739e+01 2.607191181215815590e+01 2.429799960836726314e+01 3.137583539198175231e+01 3.549142208873016813e+01 3.443086242847432032e+01
5.979472710492108600e-01 7.669015082912522985e+00 1.766901502863963813e+01 2.629280073434892984e+01 1.627446124646919756e+01 9.202362499966563192e+00 5.250781069868811990e+00 8.172639136256885095e+00 5.431331949330912678e+00 8.649994409618368962e+00 1.485389928182293673e+01 8.994353921665114271e+00 7.999927374455113593e+00 1.303524370478681504e+01 2.303153041095460907e+01 3.099528374965265343e+01 2.106229146341863512e+01 1.426164134800142769e+01 1.374353304999824488e+01 2.358233996225905216e+01 2.937176329342664260e+01 3.107766301501433048e+01 2.063889048039883534e+01 1.913973060381295355e+01 1.375240297605211026e+01 4.569339624436449476e+00 4.672422393341229885e+00 4.965061693839877499e+00 1.373380034061804622e+01 9.061081313781802038e+00 1.388179348167338034e+01 2.407204485028615437e+01 1.606989389894878073e+01 2.109526724310009627e+01 2.134392984636029311e+01 3.137599069921742156e+01 3.778096636054083035e+01
1.534601171854249602e-01 7.224527929049125774e+00 1.722452786899494015e+01 2.536354411181461899e+01 1.715096654761344297e+01 7.222055393199683593e+00 7.847800168953451561e+00 1.533064069826185438e+01 1.018386647398364175e+01 1.119686342088294317e+01 2.099929108699783953e+01 1.878548546137517761e+01 1.104571727564884398e+01 1.299224530138691591e+01 2.282231181464197789e+01 3.117705830986213655e+01 2.119513156861253123e+01 1.776807275896938165e+01 2.071652475298948204e+01 2.787648330265254160e+01 2.906605151099087436e+01 2.501863234299916527e+01 2.440158004289866156e+01 1.681447886227407551e+01 6.743499553201600882e+00 5.691320878727594845e+00 5.320032371364099788e+00 5.370438289311494806e+00 5.713958168794631476e+00 6.105640098433181784e+00 1.553796857638073980e+01 2.214633608757823779e+01 1.702355778661720009e+01 1.423579579610599843e+01 2.027698453536869749e+01 2.351314639463702960e+01 3.359282011868241113e+01
1.123418600940028211e-01 8.522925323309840095e+00 1.123771934793553662e+01 2.122257428178252425e+01 2.129917972211618959e+01 1.698106250405470519e+01 1.100764634897454641e+01 1.797017173838031923e+01 2.018857101944866272e+01 1.696913550423842665e+01 2.533769277803312647e+01 2.521205697527588896e+01 1.683528287920341171e+01 1.877634005746649137e+01 2.714134229780664853e+01 3.529714234724058031e+01 2.594308161555370873e+01 2.470159285855035236e+01 3.066984199238769548e+01 2.704259160207839940e+01 2.291106576648112636e+01 1.586407618542229692e+01 1.936179351904855750e+01 1.275402026354949747e+01 6.976320127556442152e+00 6.408662612880193343e+00 1.558673193077275165e+01 1.291817964058303403e+01 5.966209287712153753e+00 6.247659827438694968e+00 1.516438007087506357e+01 1.300032762910247008e+01 1.158012816190929684e+01 1.641271869214619628e+01 1.529036462244841665e+01 2.064954688173362740e+01 3.069466178779197918e+01
2.368195578726151052e-02 3.185959615955637592e+00 8.775656251022962095e+00 1.582501851322614606e+01 2.583009890634657779e+01 2.515486291340770109e+01 1.565621135752063608e+01 1.733595410376052826e+01 2.721192933543320791e+01 2.696846531346915299e+01 3.111114417175318536e+01 3.099115622085687605e+01 2.684717409252543519e+01 2.877467589564474437e+01 3.291237085392589989e+01 3.994378554058381070e+01 3.585322603606000769e+01 3.440535638682700181e+01 2.952260083529645129e+01 2.024922215202283482e+01 1.397625583324546028e+01 6.681710706518014575e+00 1.075558257875350243e+01 9.077112386617587347e+00 7.530028729401959886e+00 1.352298733875853642e+01 2.071881074945189383e+01 1.411261659052677864e+01 1.492611205202993574e+01 6.702205259504321333e+00 7.170063379130094283e+00 8.978318213049695018e+00 1.288248743808781072e+01 2.141434525531734323e+01 2.083860304204349845e+01 2.066964040740604247e+01 2.697726712030878460e+01
6.540601710037032834e-01 9.359909998460379299e+00 1.119840153234659041e+01 1.828411469082758245e+01 2.828607853759138635e+01 2.980883194632202304e+01 2.566291795195497727e+01 2.441049445057164036e+01 3.148110046555054353e+01 3.257045323996216268e+01 3.054299710960206227e+01 3.123530957992294432e+01 3.413841180651998997e+01 3.546654405553353939e+01 3.231251587159434280e+01 3.350457358846718137e+01 3.762675153890580759e+01 3.489865003760457540e+01 2.476388686447511844e+01 1.827912324540237066e+01 1.391041196678914460e+01 1.690715419406700804e+01 1.276265327205145894e+01 8.459511524310167729e+00 8.091842309332513139e+00 1.846672849873065658e+01 2.823888933206695384e+01 2.409153213551476469e+01 1.745776672663921048e+01 6.989201742297113107e+00 7.260284307896301748e+00 8.210186146807521013e+00 1.488908209223503398e+01 2.502044809622248067e+01 3.093247530746644358e+01 2.943237934225021135e+01 2.890698144194874075e+01
4.909850854147627119e-01 3.338835901709951592e+00 1.280827666510963070e+01 1.821389308415578512e+01 2.010088301439537517e+01 2.625903875515798092e+01 3.108650627868324179e+01 3.440993075821918268e+01 3.257045324073566661e+01 2.262950733060318953e+01 2.063614078740122082e+01 2.135817612012273159e+01 2.425061308268039895e+01 2.556202324447184893e+01 2.241293313970793832e+01 2.362748734259411520e+01 3.211166790021835737e+01 3.705149025996874457e+01 2.956736233141118575e+01 2.016393843294834198e+01 2.146533244199924439e+01 2.260605228690659985e+01 1.547591769235043380e+01 9.356364095587158758e+00 8.918636788399401993e+00 1.616239826587124995e+01 2.881803930898759702e+01 2.777192187815666458e+01 1.752268504080427647e+01 1.261359933524293986e+01 8.020310705722694777e+00 8.361644677406181003e+00 1.749245692291009391e+01 2.255776208532788019e+01 2.482315268724467572e+01 3.496214850673025154e+01 3.899265385828107355e+01
3.962370847149454534e-02 7.119606862400019942e+00 5.636970958043839630e+00 8.465062300404985862e+00 1.225619919858447560e+01 1.673703588733326697e+01 2.388906564233506202e+01 3.436091884722517875e+01 3.059000826575388743e+01 2.062907070017250888e+01 1.463854293761680125e+01 1.443733041821169039e+01 2.312133496909403263e+01 2.106918955309785702e+01 1.572249699281873880e+01 1.811686341187048299e+01 2.304277603368402438e+01 3.292817247679148096e+01 3.379392579802524210e+01 2.956045905040756594e+01 2.562261943545401266e+01 1.601788404245136732e+01 1.133247103363790487e+01 1.063282023772093865e+01 1.973374281570129440e+01 2.584584519245870382e+01 3.323209078664113036e+01 2.849272632914477299e+01 1.841704287161485354e+01 1.275578644836468278e+01 1.339523936109304181e+01 9.028511730855422357e+00 9.730493221528174530e+00 1.467985427600197390e+01 2.481256384196602127e+01 2.955384710067544063e+01 3.050769322618797830e+01
2.605283927408929001e-01 2.392535560854203602e+00 9.325851876045621935e+00 7.625944643778121090e+00 1.242706923604224301e+01 2.227745067881028973e+01 3.108652953799542473e+01 3.291643164583375381e+01 2.932004343096544474e+01 2.424623228096507077e+01 1.439872128861953904e+01 1.114685965901389331e+01 1.498472846496496658e+01 1.392233079811874141e+01 1.604857193750523336e+01 1.804202754463804226e+01 2.225571896532070326e+01 2.797691902593732394e+01 3.786894068941261082e+01 3.178921120039538195e+01 2.174666258133892072e+01 1.615539003032352383e+01 1.257563037153971841e+01 1.181344704720437733e+01 1.549577599372505254e+01 2.589451098072117219e+01 3.176319507683496468e+01 3.265107786879065799e+01 2.696437544257066321e+01 1.842742302779567964e+01 2.006445631589575029e+01 1.007445562075219314e+01 9.882415713663702306e+00 1.060701151878827453e+01 2.094736570023172817e+01 1.951116936510175393e+01 2.041539370717511304e+01
3.048053885361223792e-01 8.925597671357513363e+00 1.654043679001626543e+01 1.596669482957690001e+01 1.472627048674495320e+01 2.477430876186961584e+01 3.397511690890227243e+01 2.930233117754138661e+01 1.962871013829315459e+01 2.098070468674065836e+01 1.936505560437462847e+01 1.037599901495646115e+01 1.123588544444491255e+01 1.668183678847130125e+01 2.568488779728417271e+01 2.617011072683892436e+01 2.490744470341756056e+01 3.482889807611377364e+01 4.198880868334945404e+01 3.590338587673850412e+01 3.022755730839346100e+01 2.150048342435130522e+01 2.442336537486776749e+01 1.473253895555299131e+01 1.389225603403956910e+01 1.721828117158437976e+01 2.746601068561924563e+01 3.403790082018961272e+01 3.265446416636867610e+01 2.849614206782960935e+01 2.420982821247437045e+01 1.781325243655146195e+01 1.043317500001181131e+01 1.116001190381382280e+01 1.385188632874290349e+01 -5.117748933179273507e+01 1.460425851463757496e+01
5.470844782054917754e-02 4.526844402820135116e+00 1.030034709471718557e+01 2.030034732041178103e+01 2.477430876556975292e+01 2.894774902022276919e+01 2.771362817198280126e+01 1.990038945782632496e+01 1.818190967998931384e+01 1.267176638739237582e+01 9.552764540193518172e+00 8.886127351848479350e+00 1.790025196501231974e+01 2.516260828196151067e+01 2.502403634890636397e+01 2.914099044166381347e+01 3.482891492421423152e+01 3.894951637471041295e+01 3.955992334720014014e+01 4.368103220408026033e+01 3.589952649480156310e+01 3.177870767677676511e+01 2.935939411436460134e+01 2.097800572097509075e+01 1.726184399760667176e+01 1.654576545495237738e+01 1.959622287493335335e+01 2.698812865035848318e+01 3.698529072624091896e+01 3.242827720558656068e+01 2.282238113369570698e+01 1.590207581189065600e+01 1.849372163324838425e+01 1.365243015022132944e+01 1.252720625774786356e+01 1.342002156819859415e+01 1.423995670890097642e+01
