output/example/elevation_average_000076.asc
nrows	75
cellsize	133.333333333
xllcorner	0
ncols	75
yllcorner	0
NODATA_value	-9999
[rows 34 to 50 of 75, columns 37 to 73 of 75]
2.518172884316929583e+02 2.211558525320267563e+02 2.915493804012517103e+02 2.671919468241935647e+02 1.761803343560946757e+02 1.803338582108667651e+02 2.769389749049158809e+02 2.865377681558224481e+02 2.905616603439785877e+02 2.541344143127873565e+02 2.984314156123792827e+02 3.023753272129294487e+02 2.118517640284550225e+02 3.080265312458117251e+02 3.526777902040698223e+02 3.747018898423611972e+02 3.570494481608981232e+02 4.512581213855315809e+02 4.772423969327208511e+02 4.397524813831306574e+02 3.717366370845684855e+02 4.645431873945111647e+02 4.453930906489284780e+02 3.833154699889005315e+02 4.771475024028409280e+02 5.525368897847803282e+02 5.422583738579393184e+02 4.898921537551141228e+02 4.496892876264456049e+02 3.725238143361481207e+02 4.656192238161287946e+02 4.946293484689423394e+02 4.220160357138335598e+02 4.377013286616804066e+02 5.308150965893315743e+02 5.430898510664239893e+02 6.081349796665573422e+02
3.300420918153776597e+02 2.924832337555176309e+02 3.267284695500138696e+02 2.325970980255709719e+02 2.728281755916286215e+02 2.021863110167966227e+02 2.094398288780402311e+02 3.056450758906459555e+02 3.754396838293420728e+02 3.497267890167407813e+02 3.885739711820982052e+02 3.471118222512430407e+02 3.059139999129560010e+02 2.177696301318540293e+02 3.138857398248303525e+02 2.794321100040673969e+02 3.747066520899891202e+02 4.502568786188642775e+02 4.218086088012947812e+02 3.466910368657846675e+02 3.355386797521257449e+02 4.171595442459613423e+02 3.511049740482148422e+02 4.453766796084557882e+02 5.147831939661429033e+02 5.294690518304728357e+02 4.763410080053075148e+02 4.108747774648334712e+02 3.574043071208748756e+02 4.516387482197629879e+02 5.047205575616703754e+02 5.529763746958536785e+02 4.908292000073836903e+02 5.002273462249951308e+02 4.734703002562329743e+02 5.660939313511312321e+02 6.036781899714178508e+02
3.509068634522791399e+02 3.787939414355568033e+02 3.674136336184292304e+02 2.887621960791479978e+02 3.205469449659584598e+02 2.251527707708793855e+02 3.054820435120903426e+02 2.407484718259671581e+02 3.364366798882135754e+02 4.098432550683562567e+02 4.639862820225440032e+02 3.833360964459068896e+02 2.885429858001041907e+02 3.131635348865480069e+02 2.237354972570509801e+02 3.197724921589002065e+02 3.211625637109993932e+02 4.005116604627479546e+02 3.630557646184039982e+02 2.880043972466643254e+02 3.050082944501669999e+02 3.226331591574398772e+02 4.173158562401569611e+02 4.453781197903376210e+02 5.383440897015393602e+02 4.632949861435978960e+02 3.978524367685326979e+02 3.435830396210141657e+02 4.380043303096908289e+02 3.961515504754349308e+02 4.626698815650202619e+02 5.554361083414521545e+02 5.822723719254954631e+02 5.924179768337719452e+02 5.371445901632396271e+02 5.147199699647555917e+02 5.818999587839908827e+02
3.130346755462660440e+02 3.779819615473301724e+02 4.216491563145975761e+02 3.838869602633827753e+02 3.211000043684055072e+02 3.211263560884306116e+02 2.630884490679237615e+02 3.365280660201066780e+02 2.758620936454121306e+02 3.310648730605114451e+02 4.254775928422068318e+02 4.223278933050828527e+02 3.820872140831233992e+02 3.165339192232189589e+02 3.197751006403991596e+02 2.297650217952369758e+02 3.257103113620945578e+02 3.443799345735901625e+02 2.676183879164549353e+02 3.630595393095023837e+02 3.997798201863836312e+02 4.168383304404224532e+02 3.995056241521105562e+02 4.930961025144302994e+02 4.505646492347999015e+02 4.120813970664245289e+02 3.302779102459454066e+02 4.248784090019687483e+02 4.208063074791468239e+02 4.897878435569635371e+02 4.432436161454399439e+02 4.817928280103215002e+02 5.474684041766877272e+02 6.390248058719873825e+02 6.288496570105579622e+02 5.793159701939497381e+02 5.804048499842609772e+02
2.433743780877577194e+02 3.391090429102300732e+02 3.968550678331500876e+02 4.362229233059414355e+02 4.157581223598223801e+02 3.315648348120506057e+02 3.585674388766159950e+02 3.141778068717780457e+02 3.711574590332596699e+02 3.209622517672887057e+02 3.910541107708115760e+02 4.842307991912134071e+02 4.497067769041477163e+02 3.731692412786130149e+02 2.798180000304354849e+02 3.257049512749134124e+02 2.358406840033500202e+02 2.488057692870494861e+02 3.445007604104744132e+02 3.341953535286332340e+02 3.993921123951857908e+02 4.929659155996016011e+02 4.930799645251181005e+02 4.793558828270854519e+02 3.861454863300350553e+02 3.173018141857127716e+02 4.120250981910463679e+02 4.632940700298419756e+02 5.141351020259369307e+02 5.520509713770559301e+02 5.362749523507674212e+02 5.729798979591486159e+02 5.742763270953859092e+02 6.654450715489721233e+02 6.539259687295586900e+02 6.704489761475052774e+02 6.713717425897621069e+02
3.391018054948643226e+02 2.731527574270966170e+02 3.027868453096475605e+02 3.977334350085664028e+02 4.644784854776311818e+02 3.996836477010066915e+02 4.450554853451370150e+02 3.542126745953570435e+02 4.465493467438290054e+02 3.910593813267106498e+02 3.866873032239170129e+02 4.803429721639495256e+02 4.373266042930701474e+02 3.432000467400841899e+02 3.738730311275629674e+02 3.138556443935131597e+02 3.317201701642383114e+02 2.423261740495565562e+02 3.103348437093444545e+02 4.051827278573628064e+02 4.670797511943013660e+02 4.994614894464743884e+02 4.619069483049067912e+02 4.313422118937958771e+02 3.927385758474852082e+02 3.083310079394082663e+02 4.032276430499570665e+02 4.361205427987964072e+02 4.367574616964594156e+02 5.298780053174592695e+02 5.437666644367235449e+02 5.816103572647384681e+02 5.797186492888363318e+02 6.152963390080062709e+02 5.629189071726175371e+02 6.202492726746493190e+02 6.575736671090812706e+02
3.946426370470720713e+02 3.058739580292701135e+02 3.958650850026327248e+02 3.587235261454277406e+02 4.529058767508727783e+02 4.932302074246649681e+02 4.867042794884690693e+02 4.484389657013645660e+02 4.866953914757529560e+02 4.842385086722850360e+02 4.804219706356341817e+02 5.182061463702103765e+02 4.759456147362122351e+02 4.152199183631846608e+02 4.471472943864566219e+02 4.080816319125819405e+02 3.425650286920795793e+02 2.469210941520919107e+02 3.426254097418888023e+02 3.868747258419527952e+02 4.152050512542227239e+02 4.538185028749276171e+02 3.677958620369602158e+02 3.823799509846994056e+02 2.976954369766989430e+02 3.927417914085235111e+02 3.280859194811521320e+02 3.423184047184363408e+02 4.367570239027474486e+02 4.721379419182516131e+02 4.509501852390575891e+02 5.074118892859447101e+02 4.873555374773110884e+02 5.484884896559390199e+02 4.962281651577110324e+02 5.293526292595554423e+02 5.680981606867300115e+02
4.345944381123894118e+02 3.463093739031693303e+02 4.345888605894671741e+02 4.276203375815750860e+02 4.528763130361949152e+02 5.457413109680594516e+02 5.533421628406601940e+02 5.150916157096969528e+02 5.025415274223317397e+02 5.116032472499856567e+02 5.494305317678796428e+02 5.556171726801374007e+02 5.333824591763118406e+02 4.818376499270818840e+02 3.913966377100331897e+02 3.320294147528278472e+02 2.872311354544895607e+02 3.426306695681869883e+02 2.535146949157004030e+02 3.491522558761075743e+02 3.206192517290431852e+02 3.990958292524704234e+02 3.746365383819559725e+02 2.871919079320782089e+02 3.823743971764077969e+02 4.310976531736938568e+02 4.227117639869202890e+02 4.365318437356211803e+02 3.637800166158514230e+02 3.795580010013380274e+02 3.964745336018569901e+02 4.148022708191297738e+02 4.343301153529091039e+02 4.561498107826865862e+02 5.100834340820735520e+02 6.021972093427034451e+02 6.575564778952251572e+02
4.769039249224528589e+02 4.044276998292771168e+02 4.747208112594520344e+02 5.173680889928986062e+02 5.384349391316901574e+02 5.003047192584199934e+02 4.970986680814897909e+02 4.223286925140262156e+02 4.092060733941759167e+02 4.183859992554780547e+02 4.938957611002368253e+02 4.634716305309916038e+02 5.168317539662228910e+02 5.122930514746528843e+02 4.650495545343887898e+02 3.881366808239358761e+02 3.336333543882129220e+02 3.452651144555538849e+02 3.491563487081037920e+02 2.601238862099806397e+02 2.648333974142569787e+02 3.603280529884590351e+02 2.793470994975285748e+02 3.746339212879080947e+02 2.992027700542882940e+02 3.942223494744224013e+02 4.430817603022306344e+02 4.956717830623761643e+02 4.579284056826045912e+02 4.349113229706010202e+02 4.898964750746868617e+02 5.079651106581719091e+02 5.271363682001655206e+02 5.233750171249398591e+02 5.867083445605104544e+02 6.395817457454344321e+02 6.735676873446844866e+02
5.196897211898183286e+02 4.794403176959271491e+02 5.010666801339140193e+02 4.760424018794162180e+02 4.997072554587354034e+02 4.072735590335184384e+02 4.038680655310523662e+02 4.351409853813983659e+02 3.435322998878247063e+02 3.638134466036620438e+02 4.315509649939800170e+02 3.959001734174359513e+02 4.893145151948612011e+02 5.673919106856764074e+02 5.147090259391623022e+02 4.666266326586687683e+02 3.924788832791696791e+02 4.353552997370882167e+02 3.866025747496667009e+02 2.951929197911467782e+02 3.603097279710932526e+02 2.715228777646025833e+02 3.669157710048734771e+02 4.132733529593162984e+02 3.942254926080794917e+02 3.112703279893593162e+02 4.061250118263484410e+02 4.548189542609157456e+02 5.060236427248146356e+02 5.265311827465828856e+02 5.659020946071975686e+02 5.666651852894348167e+02 6.018009210527815185e+02 6.146683617898897865e+02 6.460474746482101409e+02 6.087123408038000889e+02 5.825092671032280123e+02
5.499808654031259039e+02 4.820667464145860777e+02 4.555179949605757201e+02 3.851254914370186384e+02 4.535081382419173224e+02 4.281017489359024921e+02 3.375392314658265605e+02 3.832899885905493420e+02 3.071584177633518493e+02 3.217029318689817501e+02 3.375361608101071056e+02 4.315340994806770709e+02 4.785590849118954111e+02 4.752803819178651565e+02 5.414198191799575852e+02 5.179683557619694056e+02 4.836652192038720273e+02 4.275866796676842227e+02 3.573162273799915170e+02 3.902452484305519533e+02 3.000716139873483712e+02 3.669277902917356187e+02 2.859942512708357754e+02 3.811821592972861481e+02 4.341954315620902776e+02 4.061097601431976045e+02 3.234942853238795806e+02 4.181740532523238585e+02 4.127671420892602896e+02 5.062154016384398005e+02 5.018642365146906172e+02 4.740883853412158260e+02 5.666690092280243789e+02 6.070019487824757789e+02 5.695009495573782488e+02 5.167358886223860281e+02 5.697742377896029211e+02
4.587896033033001117e+02 4.548689564464799560e+02 3.732800306763070921e+02 3.261995875208525604e+02 4.147742367240415433e+02 3.967140950955744074e+02 3.671577565137255874e+02 2.882640581074481929e+02 3.832965648368531220e+02 4.159544065833947002e+02 4.317218782478055914e+02 3.633744867201218653e+02 3.862244922171381063e+02 4.107360382786347373e+02 4.997713215475409356e+02 5.812987834508991227e+02 5.527785816490446678e+02 4.898353370602152950e+02 4.515648844193126479e+02 4.149463070351357032e+02 3.208494978344212427e+02 4.128398070910054685e+02 3.811906297434928774e+02 3.006123122728316162e+02 3.953569477781450132e+02 4.565324639385211754e+02 4.181719850025118035e+02 3.359567695147379709e+02 4.304667996263364103e+02 4.522161043724627234e+02 4.083686637863085025e+02 5.018661332550943257e+02 5.736165703682257799e+02 5.367662365437346352e+02 4.769518136096940566e+02 5.694901016807324368e+02 6.460548458984512763e+02
4.676929448699656291e+02 4.572344571327004132e+02 3.797293536275486758e+02 2.861205864568214565e+02 3.782154153572516861e+02 3.517553050359489362e+02 2.719086681638592040e+02 3.656528075583420900e+02 3.396602195389209555e+02 4.339766289159587132e+02 4.954583044861587382e+02 4.193948700515724681e+02 4.244005052415537875e+02 5.037437434278563160e+02 4.565587422844326397e+02 5.490678073018858640e+02 5.318951120712772536e+02 4.607766037409586488e+02 4.004430870464620398e+02 3.542134091872916315e+02 4.156198844093776756e+02 4.540081932676494034e+02 4.058566834804531709e+02 3.111048560659968416e+02 4.058280149240522974e+02 4.596495812775611967e+02 4.688514444336825591e+02 4.304759659758724979e+02 3.488014103218627611e+02 3.580506390439244342e+02 4.522597284528138744e+02 5.017492317348442157e+02 5.073746212554302133e+02 4.437493745455341241e+02 5.367660502200625388e+02 6.070602574607914903e+02 6.341126392204488411e+02
4.264263859075861660e+02 3.870425266258286570e+02 3.253819977797165279e+02 2.567733612839098782e+02 3.366467006108475175e+02 2.562833657036484283e+02 3.490406184086813255e+02 3.514414820454080086e+02 4.334773813927328661e+02 4.067195820325124487e+02 5.001125169134874113e+02 4.883656947156052865e+02 4.909080999880562786e+02 5.165971353031862918e+02 5.277953794642688763e+02 5.369574686078098011e+02 5.587882332863026704e+02 4.960120391987847484e+02 4.534852646201402422e+02 3.851577858835399866e+02 4.757076905897238817e+02 4.780155879186588663e+02 3.842528631784718414e+02 4.059538259423691784e+02 3.265831720315806024e+02 4.212280649855472348e+02 4.768536293259674039e+02 4.814397398492926072e+02 4.157882274157943243e+02 4.522292610081999555e+02 3.718421486460723031e+02 4.658675283704113781e+02 4.139532932700696506e+02 5.073768917120386277e+02 5.674368767013100978e+02 5.424718554298311801e+02 6.340519258621932295e+02
3.890327895140926557e+02 2.972855016379907056e+02 3.085455617618690098e+02 2.305387525130946642e+02 2.410333170896807360e+02 3.350371336476997612e+02 3.905346639266098805e+02 4.448318354592589685e+02 4.838595841739578418e+02 5.000926104082526535e+02 5.380221082644251283e+02 5.786251589126769659e+02 5.829859308998370580e+02 6.084004274098302858e+02 6.153811589514173193e+02 6.281828409132684783e+02 5.819370087245556533e+02 5.661171181343639773e+02 5.096077562149012010e+02 4.239548949524736372e+02 5.015867376035762391e+02 5.045176704290069551e+02 4.564367476967354378e+02 3.638515830310685715e+02 4.212334873229933692e+02 3.441172653638230372e+02 4.385111757993049082e+02 4.947959488443033820e+02 5.091900196437090926e+02 5.040360634820826249e+02 4.658686486157103559e+02 3.859969989501872192e+02 4.798212975820162001e+02 5.177269769592954844e+02 4.764378913929078863e+02 5.669361098242395656e+02 5.614686040562683047e+02
3.388114514427160771e+02 2.997366663405563258e+02 2.168663256224786267e+02 3.128694944056233567e+02 3.365289791548003109e+02 3.755907875373975457e+02 4.178619903583398809e+02 4.566928681593097963e+02 5.118738450536507116e+02 4.738398665819443067e+02 5.076371760862323868e+02 5.630473036656883323e+02 5.659876412633948348e+02 5.754985159512432347e+02 6.129899131636007041e+02 6.024505284285435209e+02 6.302490608304777879e+02 5.532491091124368268e+02 4.837651790331019015e+02 4.930977676270815095e+02 5.397655980199090209e+02 4.962123866455668235e+02 4.054187620020757663e+02 4.580085295911530920e+02 4.709721229402624090e+02 4.385215511675854714e+02 3.624201251564473409e+02 4.565681481982457512e+02 5.147728742917037152e+02 5.677088563925348126e+02 5.179163748381405412e+02 4.526106147944660734e+02 4.029942967272017427e+02 4.248475305593256053e+02 4.544738140723775359e+02 4.858044117942603748e+02 5.514370358313925635e+02
2.896245924321793268e+02 2.035409406161139145e+02 2.148381715226053359e+02 2.262761856892886101e+02 3.221383951059544870e+02 3.499392637780033510e+02 3.237242053827977202e+02 4.179788785123743651e+02 4.245850731289751820e+02 3.800850613786825534e+02 4.337499771662818944e+02 5.260167262757121307e+02 4.740395545569932096e+02 4.832091485731797320e+02 5.355238002571688867e+02 5.105050632693582884e+02 6.024146924023135625e+02 6.002450405588596141e+02 5.710929850297363828e+02 5.762869134212517110e+02 5.629690660598968179e+02 4.734815687937830830e+02 4.523325588084654214e+02 5.352126466684651405e+02 5.050921451728792704e+02 4.138470284324714044e+02 4.563463455353304994e+02 3.828060904939021611e+02 4.368066796070320947e+02 5.299043130591740010e+02 5.832101631355317295e+02 5.345806010485338220e+02 4.965158498517939165e+02 4.240241286476975233e+02 5.173235155931774898e+02 5.771243168021077281e+02 5.782336127699061308e+02
