output/example/elevation_000002.asc
nrows	100
cellsize	10.0
xllcorner	0
ncols	100
yllcorner	0
NODATA_value	-9999
[rows 0 to 16 of 100, columns 37 to 73 of 100]
5.671282464771801557e+01 5.329028200687463368e+01 6.030821447157758541e+01 6.657643329659634901e+01 6.307556778385181673e+01 6.347982306061371816e+01 6.561252362373289770e+01 6.462525996947805140e+01 7.084995181010410192e+01 6.971551189560926787e+01 5.946524203213394344e+01 5.365767206903507969e+01 5.034059523139578829e+01 5.311874785605356664e+01 4.347270036329400256e+01 4.197849074919854218e+01 4.970123001331695178e+01 4.835002371304470614e+01 4.718537594652993050e+01 3.924551506978562543e+01 3.486492468742390116e+01 4.336863113573133433e+01 4.744736344984686127e+01 4.244951426850442289e+01 3.256320123746863970e+01 3.895417477591525568e+01 3.829107303013211805e+01 3.763201257290208446e+01 3.160365530411102597e+01 3.579408556556614229e+01 3.516367296155223698e+01 3.375860255763883799e+01 2.383357689881475494e+01 2.577890490213747299e+01 3.570533582617780866e+01 4.288489056732511528e+01 4.862052480737080629e+01
6.402079762720714484e+01 6.491394856285842252e+01 6.060562392877663740e+01 5.846636228813790837e+01 5.514137297283182448e+01 6.290322888388605094e+01 6.171547253044524695e+01 5.097570360827380398e+01 6.240352185451816069e+01 7.022122338116554374e+01 6.205482430948065087e+01 6.316005829508472402e+01 5.864211082257649821e+01 4.903446812963196066e+01 5.311874785605356664e+01 4.970123001331695178e+01 3.997501004805902625e+01 3.859617230315615188e+01 3.741280608105319061e+01 3.624560871150473673e+01 4.467542198061101288e+01 4.874673474240509563e+01 4.944566914535357682e+01 3.955161203405082659e+01 4.244951426850442289e+01 3.722080057437479894e+01 4.711251153254314517e+01 4.151831975550080500e+01 3.861259040853298785e+01 4.562849638074777658e+01 4.025527530651771713e+01 3.032277177062630003e+01 2.330407867384894161e+01 3.323193470212977019e+01 3.570533582617780866e+01 4.563823751955003871e+01 4.563592563768942512e+01
5.996177545006754883e+01 5.867030455287759594e+01 5.483994135331025888e+01 4.986647377596396069e+01 5.595972696496041010e+01 6.468432919199864273e+01 5.652322760506584132e+01 4.455841384061569954e+01 5.511602986369911150e+01 6.554732970573189732e+01 7.070678275083577091e+01 6.626316763682457633e+01 5.685884502123252560e+01 5.864211082257649821e+01 5.970704799894692627e+01 5.185717229141148010e+01 4.215119616620394538e+01 4.835002371304470614e+01 3.959665169696813081e+01 4.603481294739115981e+01 4.023408185920585112e+01 5.003580268586920710e+01 5.354589709902658967e+01 4.944566914535357682e+01 4.421323495340285348e+01 4.421323495340285348e+01 5.121273156267810123e+01 5.144039310760875594e+01 4.853337095353624875e+01 4.599095536568182041e+01 3.973331028548147259e+01 2.979810458663414252e+01 2.277743647736359023e+01 2.979810458663414252e+01 3.973331028548039967e+01 4.481931142594328321e+01 4.271380687318195157e+01
5.575163473478107790e+01 5.186430643779086580e+01 4.588816307432873032e+01 5.136112248499503607e+01 6.013694495138948781e+01 5.875527928156800073e+01 5.201554788118200889e+01 4.096065722967990297e+01 4.890387000363084269e+01 5.942455274514639285e+01 6.167988782667748637e+01 6.601738203541610517e+01 6.626316763682457633e+01 6.455497588886343863e+01 5.573234682806097595e+01 4.611701747186264555e+01 5.185717229140856688e+01 5.169752304241227847e+01 4.200903015152670150e+01 5.169752304241227847e+01 5.003580268586920710e+01 4.485009113762959743e+01 5.465890503213783091e+01 5.821222817175642916e+01 5.121204224404965544e+01 5.411198437097446146e+01 5.067256831997413968e+01 4.622373075361608130e+01 4.210237863808908543e+01 3.604537632673238079e+01 3.630181836662202954e+01 3.218764773644154786e+01 2.225432585675482855e+01 3.218764773644154786e+01 3.669658890321927203e+01 3.487104867450008783e+01 4.481931142594328321e+01
4.919459229437679681e+01 4.268726444494083694e+01 5.039829976819475377e+01 5.867030455289294366e+01 6.383640950711872364e+01 5.340852591565499097e+01 4.356932735341765550e+01 3.804913441567302357e+01 4.398135529123277365e+01 5.475510878736993448e+01 5.109033315865446667e+01 5.997877369319454033e+01 6.728846541977321749e+01 5.791376154873280768e+01 5.124784665728278554e+01 5.573234682806097595e+01 5.970704799747147007e+01 5.432064357970230617e+01 4.466564355248730323e+01 5.432064357970230617e+01 5.871074362324025486e+01 5.051300838312740638e+01 5.285904928783021717e+01 6.265078348544426490e+01 6.111306398389289285e+01 5.358729256842217126e+01 4.363586758722785675e+01 3.660410867022753933e+01 3.216014714691772269e+01 2.901846674201453524e+01 2.636320436193089378e+01 2.395370977424233061e+01 2.173323276261443837e+01 3.095598747796210048e+01 2.675357556867153619e+01 3.669658890321927203e+01 4.249713944554407163e+01
3.990341316059645749e+01 4.919459229437679681e+01 5.574933903145153380e+01 6.410734428010161423e+01 5.949760710770770800e+01 5.283409552104321705e+01 4.593794048872316438e+01 3.527954233175806564e+01 4.593827392986539593e+01 5.523177282695889545e+01 4.511695564577918560e+01 5.522824081167442500e+01 6.257962448873072958e+01 6.375317267004913901e+01 6.002359872146622877e+01 6.455497588923711305e+01 5.957106487949769047e+01 5.008722347412288656e+01 5.020008556891882279e+01 5.835074292225153414e+01 6.435743686098287242e+01 6.031993372538180864e+01 6.265074638618532532e+01 5.760541521235428775e+01 5.321812354717734905e+01 5.467508489732868071e+01 5.067256832000975919e+01 4.622373075362543915e+01 4.210237863808908543e+01 3.895836898441369556e+01 3.630181836662202954e+01 3.097947035409687544e+01 3.095598747796210048e+01 2.101657793757445702e+01 3.025152135803888953e+01 2.842606767243708887e+01 3.837385880804987437e+01
4.682742772584715141e+01 4.765172563586512666e+01 5.380769767803256087e+01 5.926558849225503423e+01 5.473575619109883661e+01 4.378596585206906866e+01 3.773123946626402159e+01 3.315485276579769902e+01 4.369080531836639381e+01 5.089370944171099609e+01 4.053983704562485713e+01 4.750453654761307121e+01 5.695458242910135738e+01 6.530822237165834565e+01 6.435721812587141244e+01 6.714124589502702634e+01 5.868994898070272370e+01 5.673961278594954649e+01 5.991619315200784257e+01 6.393470997286905799e+01 5.949589615399331421e+01 5.516705747039431884e+01 5.397141311165157873e+01 5.159912557636942410e+01 4.312379667975552877e+01 4.476410832147931274e+01 4.477965679625149420e+01 4.703340198697120655e+01 4.288230556853774544e+01 4.453272867706976967e+01 4.038900514889053994e+01 4.092125072272033748e+01 3.507632713901097077e+01 2.733807834125023817e+01 2.030886206795008064e+01 2.955380045478119655e+01 3.367678147962745783e+01
4.265461853002481263e+01 5.301115675102507652e+01 5.439916128357007352e+01 4.785672574663341550e+01 5.313703070012870455e+01 4.890846682410170843e+01 4.157355676151002655e+01 3.113418759213424991e+01 4.157435476773698468e+01 4.745470323728573447e+01 3.714704145213149644e+01 4.162471800329277016e+01 4.923527897439638679e+01 5.805430982361648518e+01 5.187232046305324218e+01 6.007577065628397150e+01 6.754459985758724372e+01 6.628233759616689724e+01 6.169127359413165834e+01 5.714819655547029953e+01 5.293161495675431638e+01 4.507188269622990617e+01 4.397247770781032727e+01 4.463478081164833355e+01 3.739034641109675761e+01 4.133138944440770501e+01 3.484875071816344416e+01 3.845499442387750122e+01 3.293528032821654961e+01 3.587712009096699717e+01 3.043730856142226671e+01 3.877829751154628468e+01 4.140832639783086222e+01 3.437320236954071362e+01 2.955380045478119655e+01 1.960803124293733646e+01 2.594399907476000422e+01
4.523092506902450083e+01 5.483721173828350715e+01 4.841884103553818619e+01 3.886574332159661083e+01 4.725858365795418337e+01 3.873791020982883282e+01 3.974228907704740976e+01 2.937430059272923799e+01 3.974229418914634238e+01 4.460563569907314019e+01 3.433457974672833757e+01 4.156245897068941986e+01 5.180634727371640480e+01 4.765815882832381334e+01 4.437617109542384242e+01 5.398347063240754551e+01 6.196278114555564542e+01 6.476969116744683674e+01 5.444281177115460935e+01 4.742392725621023430e+01 4.299912070549402188e+01 3.969484886735059348e+01 3.695233525486621318e+01 3.469065414909430700e+01 3.297194323490528234e+01 3.141560668800853406e+01 2.991598085447968103e+01 2.854484560337383670e+01 2.722092658180385882e+01 2.595019659311618554e+01 2.470797419491203684e+01 3.296090230533790333e+01 3.180265559068918080e+01 3.305284523570950483e+01 2.892361771170388351e+01 2.816873092951676938e+01 1.891046673288242630e+01
5.098041164137908510e+01 4.735728061279927914e+01 4.374930783241750731e+01 3.335275024822050227e+01 4.271175287596104653e+01 3.288441683033472174e+01 3.800195736701809324e+01 2.769527368844079263e+01 3.800196660162519180e+01 4.234960271638500728e+01 3.212256789815333491e+01 4.233745279667986239e+01 4.901442775965910670e+01 4.032548108068026238e+01 3.930221024153117071e+01 4.690378826360199582e+01 5.535697058939293669e+01 5.976752154446620580e+01 6.172791348759535879e+01 5.714838125110283329e+01 4.778612270610237545e+01 4.916538013616085578e+01 3.911486545455135655e+01 4.169989167703253230e+01 4.270215068725814689e+01 4.133138944440765528e+01 3.475891824756202197e+01 3.553909019860606833e+01 3.713938786840234485e+01 3.587712009096699717e+01 3.296090230533790333e+01 2.301464911952998094e+01 2.184991373436987772e+01 2.892361771170388351e+01 1.896636581919819164e+01 1.821692708701402452e+01 2.816873092951676938e+01
4.440789866357577154e+01 3.701899311908427848e+01 3.943168999671529207e+01 2.903177528306752464e+01 3.849607326595498336e+01 2.835996504615619074e+01 3.634098211900540321e+01 2.608776023803043387e+01 3.634101594147535508e+01 4.025618191475976460e+01 3.005449072005863798e+01 4.025586348737821396e+01 4.471043526589802752e+01 3.431538946728681339e+01 4.431092546468527615e+01 4.688404898095105011e+01 4.498830884453304435e+01 5.386035880314373259e+01 5.840247800918605492e+01 6.211330502529072106e+01 5.780336016627295948e+01 4.923355064129497549e+01 4.318287013627247006e+01 5.172007832089106927e+01 5.166646771046237774e+01 4.311525073938580732e+01 4.419369072896966344e+01 4.549460995110869277e+01 4.668357457808633626e+01 3.956637957426841012e+01 3.539670461888885455e+01 3.296090230533790333e+01 3.018536196631092139e+01 2.022486814729344573e+01 2.768205207944571100e+01 1.772808158662173028e+01 2.768205207944571100e+01
3.935734919209491522e+01 2.999757029046460488e+01 3.585609390075892122e+01 2.558342041814508860e+01 3.491238438997265803e+01 2.478532161747490292e+01 3.253639793644497757e+01 2.454437253792434603e+01 3.453283197001657356e+01 3.555995120320213942e+01 2.810395113890073659e+01 3.810593306647815837e+01 3.946492419391054796e+01 3.167590660590266083e+01 3.403340546028929481e+01 3.659498299577169433e+01 3.983589880009112250e+01 4.346666042492313409e+01 4.942481365400195159e+01 6.008737276408909622e+01 6.419093023596683167e+01 5.771879303622496593e+01 4.900267458509104301e+01 5.768808459194290350e+01 5.498819421952867970e+01 5.066160914802581061e+01 4.647438726464716297e+01 4.299644065827498451e+01 3.990065140228107055e+01 3.244837794698923972e+01 2.533874819898704800e+01 2.378038193557356195e+01 2.227844678149985924e+01 3.018536196631092139e+01 2.725753561415859849e+01 1.730239875863723853e+01 2.607789394751871725e+01
3.516750681779117826e+01 2.501246342712367721e+01 3.268184315395729556e+01 2.250894068748840127e+01 3.058293411726298672e+01 2.158180421459760012e+01 2.239618583375243688e+01 2.337825265862331747e+01 2.437585695081600079e+01 2.539391015108974514e+01 2.664034510524325583e+01 2.790726013189103583e+01 2.923958572178069915e+01 3.946478879683724728e+01 4.431096409844658268e+01 4.688789006532739734e+01 5.016006071984052994e+01 5.385759634148773500e+01 5.833975243260574217e+01 6.434370253040354726e+01 7.064067018431634892e+01 6.363423380815993369e+01 5.936199536812590338e+01 5.704612676183047171e+01 4.658965422421539415e+01 4.034967273058060755e+01 3.595716814990336019e+01 3.266098763831615059e+01 2.971344391938244200e+01 2.773582934921955356e+01 3.539670461888885455e+01 3.086443088960551151e+01 3.227246928395415182e+01 3.641872654568052070e+01 2.931898576739440543e+01 1.936096450915325562e+01 1.670139322533131576e+01
3.135667675838426405e+01 2.123036678939570976e+01 2.873977337758156025e+01 1.969935129418407271e+01 2.047023433087310451e+01 2.761828232250528714e+01 3.253639793644626366e+01 3.055068281719037060e+01 3.155322003974053047e+01 3.125741157247859192e+01 3.682200306516467947e+01 3.294440269496989515e+01 3.946492395091875238e+01 3.254332582029238097e+01 3.576787279642046258e+01 4.078477363163630542e+01 4.664833021086881359e+01 5.732543540788500280e+01 6.697582604989453614e+01 6.320530442867462284e+01 6.148948796229368696e+01 7.066042899678380707e+01 6.833449222249944910e+01 6.131495399088465348e+01 5.530007873833994125e+01 5.074810038313530214e+01 4.434571466610157842e+01 3.406152069480123146e+01 3.990065367412258723e+01 3.130921397846376664e+01 4.144205926907036996e+01 4.089912333843102488e+01 4.042263536917906208e+01 3.046728207564661872e+01 2.342545530332342807e+01 2.878249995532507910e+01 1.882280624306554273e+01
2.403220715737048963e+01 1.792031908059800571e+01 1.865135148320029401e+01 2.873977337758162776e+01 3.058293411726322830e+01 3.478256543301589687e+01 4.194685018566222112e+01 4.071235954266398949e+01 4.172625153983744184e+01 4.143732957975770859e+01 4.567713653804320018e+01 3.863707258839061609e+01 4.655335800180252193e+01 3.618181451761807921e+01 4.567297367256367835e+01 4.380696933502113666e+01 5.527351456493072845e+01 6.183161421194301255e+01 6.298298231876911046e+01 5.377455404364883407e+01 6.320530442867462284e+01 6.552592892754486797e+01 5.883278732774239472e+01 6.518038835219304872e+01 5.681846341550140522e+01 4.566617117643273360e+01 3.957986424960328975e+01 4.133221018119935763e+01 4.565603286905428604e+01 3.638035176239088031e+01 4.564621953408406085e+01 4.407501216741076178e+01 3.415467103398822957e+01 2.840454697035182718e+01 3.338313754621444218e+01 3.106921408760632275e+01 2.110650979854923293e+01
1.691528355166527220e+01 2.698222554113750249e+01 2.873977337758162776e+01 3.292733277023207705e+01 3.954058522285639299e+01 4.373543393116218425e+01 4.426440119463944711e+01 4.612737334984441873e+01 4.680530499597362848e+01 5.105917126427281261e+01 5.248387004885937301e+01 4.837650591114294230e+01 5.107557491224976332e+01 4.222668095137136390e+01 4.703938165835908336e+01 5.562931599401808569e+01 6.079359691909244390e+01 6.636800230719923377e+01 5.705873383545628741e+01 5.039136880212958403e+01 5.595423556084954697e+01 5.982782502694113447e+01 5.212766784936457043e+01 6.005034523126134616e+01 6.094905481628570953e+01 5.479839284381389319e+01 4.736788180519801017e+01 5.163276446430256073e+01 5.076919407731422496e+01 4.651735242287610816e+01 5.071705633028377491e+01 4.815439730690971487e+01 4.246200964164383862e+01 3.415474571844364959e+01 3.811979676212318680e+01 2.814876712118867275e+01 2.814876712118867275e+01
2.598085718738765237e+01 3.115897733102452349e+01 3.083577162389434534e+01 3.214889708205798513e+01 2.943973548188335343e+01 3.535436946929121405e+01 3.409676824686500396e+01 3.592167200194388244e+01 3.655735176349303828e+01 4.309602293614064905e+01 4.554111218116783988e+01 4.870866883436258377e+01 5.285271459123567439e+01 5.292124061530183354e+01 5.737108459396822013e+01 6.305181574798653088e+01 6.455349677359872373e+01 6.078318557747594042e+01 6.360595736677473866e+01 5.595423556084954697e+01 4.648417293638088665e+01 5.260939294783928943e+01 4.786615102461799864e+01 5.730438401177200802e+01 5.802742494621599434e+01 5.857532435721400788e+01 5.898067295986455605e+01 6.065266751313671989e+01 5.084165024985055226e+01 5.084190387063000571e+01 5.030199890996069456e+01 5.436974453222161685e+01 4.819317398038086253e+01 4.410031873007669390e+01 4.225705324719705658e+01 3.811979676212318680e+01 3.811979676212318680e+01
