output/example/elevation_average_000058.asc
nrows	75
cellsize	133.333333333
xllcorner	0
ncols	75
yllcorner	0
NODATA_value	-9999
[rows 51 to 67 of 75, columns 37 to 73 of 75]
1.978043667383705895e+02 2.930011528913199754e+02 3.136530525348657648e+02 3.249251243768820814e+02 2.466951328662472065e+02 2.584946881263418845e+02 3.503703897023412992e+02 3.826140505929018900e+02 3.326708205209754396e+02 4.126931169046965238e+02 4.290319660518563865e+02 4.461294963226184791e+02 4.081026303105077204e+02 4.899565526640803910e+02 4.429443392733688256e+02 5.044376675325543715e+02 5.885748467832806909e+02 6.050743066171553437e+02 5.836556950034023430e+02 6.020670212038113505e+02 6.049913276386669168e+02 5.675603172481643242e+02 5.108849064540904692e+02 5.740988564007584500e+02 4.841893758347141556e+02 5.100478843011429149e+02 4.943482951336645215e+02 4.029393054336117643e+02 4.944238224727264424e+02 5.193654026592935224e+02 6.088551868435438337e+02 5.496350488255425262e+02 4.590002828911908068e+02 5.195887044614950128e+02 4.580346067428065453e+02 5.486696262159299522e+02 5.802729129544960642e+02
2.929192763495961458e+02 2.354640229520116179e+02 3.299881995742948675e+02 3.790559835289038801e+02 3.139127070923676115e+02 3.524711876746546295e+02 2.761627322545321590e+02 2.892083925808717026e+02 3.043697581431680987e+02 3.199393548950468471e+02 3.365960293559395495e+02 3.540231767232793914e+02 3.758259951275588833e+02 3.990175868975906610e+02 4.904744171155766139e+02 5.680266993221003986e+02 5.633088564267729907e+02 5.313836568318072295e+02 4.981742166044310807e+02 5.133862139905614868e+02 5.751432812495031612e+02 6.356520300598408539e+02 6.005191776971585114e+02 6.107245255963339332e+02 5.743699764192558632e+02 5.400682327572956183e+02 4.492487452423483205e+02 4.946267402209756483e+02 4.283481505893456642e+02 5.195595278855895458e+02 5.849141237143319358e+02 5.716277526568966323e+02 4.818943154708343286e+02 5.714833376928863800e+02 5.486727440204828099e+02 4.902446309860167730e+02 5.802782050789845698e+02
3.679494061538461551e+02 3.299915999635629760e+02 2.801493412114206762e+02 3.737051664138700175e+02 4.070007404283845744e+02 4.077815985674813533e+02 3.307972250210012817e+02 3.423165663100348866e+02 3.963092431649180298e+02 3.741481722484271017e+02 4.278807640497510079e+02 4.078437761641456518e+02 4.658851625967398036e+02 4.683874606203500548e+02 5.094624753106586468e+02 5.117071513722886493e+02 5.050917452628359001e+02 4.568574265932721232e+02 4.386289072963037370e+02 4.474733175291880798e+02 5.358021327129681595e+02 5.964352639614580767e+02 5.998064495382866426e+02 6.365373574133908505e+02 6.034427066849347057e+02 5.138357569893390746e+02 5.138301421147281189e+02 5.563398931970339163e+02 4.932064108972961094e+02 4.577330354821108926e+02 5.483591038837295173e+02 6.084627180361890169e+02 5.721037968233852098e+02 5.203640774503072635e+02 6.088656547077083587e+02 5.802932849747718365e+02 5.288581501059209131e+02
3.968785595423072436e+02 4.116556381120422543e+02 3.349581878351374939e+02 3.551983139088744110e+02 4.475012021757788148e+02 4.610003245524854378e+02 4.235817208690644975e+02 4.312608313670742177e+02 4.720443359287229441e+02 4.660034018639996134e+02 5.032041603900477185e+02 4.990569506090556615e+02 5.359971486004660619e+02 5.558129995733764872e+02 4.987437185330329044e+02 4.512955426787052033e+02 4.748545712595281998e+02 3.964117712097848880e+02 3.872906715017315378e+02 4.738846927479962119e+02 5.393566908061327467e+02 5.086699827819232382e+02 5.105352282994267057e+02 5.995620528610916153e+02 6.395373526288199173e+02 6.034485038884174628e+02 6.034305020122887981e+02 6.194574743233823710e+02 5.481450795760879373e+02 4.917559956577380831e+02 5.050145032535110659e+02 5.947454162361702856e+02 6.384362141602042584e+02 5.503653016246228162e+02 6.384171784206777147e+02 6.541536745106311628e+02 5.801537234057974501e+02
4.363925581132760954e+02 4.648326244947134569e+02 4.276496268761477495e+02 4.475036423824572580e+02 4.410939961559662379e+02 4.402872209547563784e+02 4.776632056708827463e+02 4.569473198021763096e+02 4.208491413508456844e+02 4.409264671578068260e+02 4.782669759254811765e+02 4.916432014437309590e+02 5.286049538720504870e+02 4.867079163019465682e+02 4.478963750387198388e+02 3.855653306827961728e+02 4.357450340972108052e+02 3.448063906999626624e+02 4.276301640835433204e+02 4.509294494271280769e+02 4.545213343312840379e+02 4.436835377918658878e+02 5.306091890894514336e+02 5.681444215955166328e+02 5.870060802877162587e+02 5.999088426291125415e+02 6.376701608033295088e+02 6.728837420144659518e+02 6.165979554483377569e+02 5.287053721450151897e+02 5.947333569654128951e+02 5.658351477344706382e+02 6.543464797152016672e+02 6.188923453426594961e+02 6.109214099644923408e+02 6.981116177431163123e+02 6.429627506437067268e+02
4.650707468199094592e+02 4.280350893323520722e+02 3.920302218917271375e+02 3.919013544190601692e+02 3.522763794992272324e+02 3.477206245554954762e+02 4.401317580025785219e+02 4.031953449429078091e+02 3.278366975247201367e+02 3.483115918602704255e+02 4.258597621406908047e+02 4.000091003723320568e+02 4.912639163328347536e+02 4.471747879461347566e+02 3.568891514458088068e+02 3.304018576139949914e+02 3.927308272913807059e+02 3.212209530045268480e+02 3.416630059600220761e+02 3.651541340182993167e+02 3.936290257190063357e+02 4.784337169117430903e+02 5.377316658821112014e+02 4.779842494961720263e+02 4.970968950011013021e+02 5.117873497943252801e+02 5.894149720353017301e+02 6.275541183263023868e+02 6.539626603401961802e+02 5.906242476947500109e+02 6.535445819825332592e+02 6.543420972774558777e+02 6.785181268141220698e+02 7.024787200842400807e+02 6.950065234063217758e+02 7.250233700910434891e+02 7.300477141853216381e+02
4.225744173987322370e+02 3.760105086685736637e+02 3.038151197280903943e+02 2.985735940342415802e+02 2.812075630459748368e+02 3.750255935069519637e+02 3.723142058814539155e+02 3.341498174475539145e+02 2.712761358070422375e+02 3.009933654263735434e+02 3.342731295804805427e+02 4.271363465962512578e+02 4.475947618842662337e+02 3.993133949741209108e+02 3.569678439894473172e+02 2.856150511529386904e+02 2.999383732906376849e+02 3.908525375733554483e+02 3.969759450141275465e+02 4.570667115735245147e+02 4.846966835210969862e+02 5.109304024794732300e+02 4.741799349437754927e+02 4.116090945669529333e+02 4.351802178436597046e+02 4.659467633050159066e+02 5.014113331490341352e+02 5.653564530599051068e+02 6.540379098695866560e+02 6.786876061198129264e+02 6.508749105128854353e+02 6.159847237542558105e+02 6.514212795896386297e+02 6.858338973397416112e+02 6.570555428011930417e+02 6.898788456668637536e+02 7.315972464312282000e+02
3.597514500695086213e+02 3.190748338156338946e+02 2.454553496286396523e+02 2.331616656343279317e+02 3.278411254721472119e+02 3.447769912273301998e+02 3.064428404001419040e+02 2.395751436875659124e+02 3.341594855316511143e+02 3.938770230299616628e+02 4.262138983096680818e+02 4.340022807093966435e+02 3.819232837707232875e+02 3.167769775166019031e+02 2.671468330437513714e+02 3.613209339380736083e+02 3.932324942696472476e+02 4.313016330178892304e+02 4.871973844067968571e+02 5.256966414843199118e+02 4.850624337571591127e+02 4.477314223736624967e+02 3.820776373072613410e+02 4.667952603972750580e+02 5.204091885169533498e+02 5.553892839514373918e+02 5.894273139542518720e+02 6.275567426002794491e+02 6.228489818297359761e+02 6.120263841747463402e+02 6.048879574748015102e+02 5.264420462860954331e+02 6.048875101597228650e+02 6.429128520544966250e+02 5.699416689638208027e+02 6.133967600052433227e+02 6.841464297297800385e+02
3.016287398704042175e+02 2.281158071816906840e+02 1.942904161031628121e+02 2.717490198165224342e+02 2.762098111821957218e+02 2.806189646243319658e+02 2.113486501228715042e+02 3.064554829121452713e+02 3.723352633400790523e+02 3.555947458315681047e+02 3.936490876900236913e+02 3.651602155209988609e+02 3.044407102405558589e+02 2.493168867968103939e+02 3.438143006858702506e+02 3.993179539595956271e+02 4.723290777238471492e+02 4.742708240600305771e+02 4.421906099728360573e+02 4.615339478873219718e+02 4.242023892138857377e+02 3.551270900962575752e+02 4.105789379160038948e+02 5.010362102057798666e+02 5.653334676879574090e+02 5.460074174975075039e+02 5.746211173158014844e+02 5.872096005335585005e+02 5.335159523028231661e+02 5.224615937092834201e+02 5.225466251774241755e+02 4.780124556234798661e+02 5.657384391456896537e+02 5.702629472768237520e+02 5.180793325883083753e+02 5.592924583301794428e+02 6.124600611137162787e+02
2.496509851232341646e+02 1.670732064972683872e+02 1.715911435024189586e+02 1.761521688193167847e+02 1.806593021556818712e+02 1.851444705019089554e+02 2.807206923833483643e+02 2.917264940375424089e+02 2.958725417248416534e+02 2.613911335568722052e+02 3.055495563747089136e+02 3.103830992933731636e+02 2.321460363273287157e+02 3.269324488356277811e+02 3.819401519098673248e+02 3.846501302011192820e+02 3.803501126421746221e+02 4.212854652424061328e+02 3.502506540351264448e+02 4.017398867236443039e+02 3.311821567061446103e+02 4.242098795124833259e+02 4.850922253402895876e+02 5.391296285121036362e+02 5.345338827553177907e+02 4.595858315912511216e+02 5.226102805586883733e+02 4.973117644862724092e+02 4.691186137097114397e+02 4.863305370970397803e+02 4.312530546019832514e+02 5.225472492968737015e+02 5.386491525717957529e+02 4.798061079823256136e+02 5.440962606728456876e+02 6.333206580740001073e+02 6.650907387522902354e+02
1.607861259501795246e+02 2.567287084054735828e+02 2.672751967647134848e+02 2.446810039060471809e+02 2.509417702888565600e+02 2.806335537375206854e+02 1.916731000665075157e+02 1.964332329837981774e+02 2.011649966599910329e+02 2.058955140078547572e+02 2.106581728799812083e+02 2.153913106691306893e+02 3.104723982063839571e+02 3.226062426961960341e+02 3.276716482065838818e+02 2.909557023744726507e+02 3.846433468907078463e+02 3.676776925226616299e+02 2.937730704753035980e+02 3.087865896237196353e+02 4.022430189270384062e+02 4.617561916893491798e+02 4.888685669309917330e+02 5.213676114668907076e+02 4.899238179455588238e+02 4.063256408416889371e+02 4.736224676975461989e+02 4.351264307915809013e+02 4.560491317657947548e+02 3.943467658677575969e+02 4.862937390036158263e+02 5.100588459947250612e+02 4.476315882185466535e+02 5.386630451610759565e+02 6.067294209395547568e+02 6.066968259229502110e+02 5.791282452111980774e+02
2.502350135693988591e+02 2.106335333818751963e+02 2.979686196317054510e+02 3.377124398967038132e+02 3.440432866354518069e+02 3.046851096003957196e+02 2.100209905925126463e+02 2.916349946705540219e+02 2.960724934927427512e+02 2.567572394319533373e+02 3.056692273776779416e+02 3.104083549224754393e+02 2.226486039952629028e+02 2.278119183960640157e+02 2.329701730635500212e+02 3.277588749838124613e+02 3.479544725639875082e+02 2.736017140011501283e+02 3.676717615807719426e+02 4.018918961617670789e+02 4.399277498425316253e+02 4.240347290359906083e+02 3.970133606083466589e+02 4.851974041776102808e+02 4.529875377368888394e+02 3.663452124424500198e+02 4.211517266642010782e+02 4.422572061177833689e+02 3.635069300103963315e+02 4.560410611212818708e+02 4.828993634106599302e+02 4.185047526848839539e+02 5.100525997220610179e+02 5.753382681264009761e+02 5.647792889548202311e+02 5.170001551737493628e+02 5.842387577955539655e+02
2.893962318631916446e+02 3.056020945284230947e+02 2.776842730515481890e+02 3.666987328411890985e+02 3.724259899168224024e+02 2.805010327614219250e+02 3.051630283241447046e+02 2.394842772411316218e+02 3.341083999896796399e+02 3.509455549177215516e+02 3.742886560191246303e+02 3.512008240820598530e+02 2.650598152560057201e+02 2.932443163020147949e+02 3.276743054190930025e+02 2.403272901818899641e+02 2.540017775079047055e+02 3.484318289312317347e+02 4.056476391156502928e+02 3.703234615208140212e+02 3.774537122897071413e+02 3.311071581678476718e+02 3.891429791100625835e+02 4.023516522542482790e+02 4.113773649711718008e+02 3.308074576164532914e+02 3.401505083581672579e+02 3.496333083429775570e+02 4.423335142627291816e+02 3.795553070645252092e+02 3.910307943323516042e+02 4.830736911494617516e+02 5.186793401098678942e+02 5.352470234237888462e+02 4.742675408181976309e+02 5.647824123681157289e+02 6.428331124995927439e+02
2.727316992047179838e+02 3.419555971348085563e+02 3.714897131875156333e+02 4.048789661371467901e+02 4.095529384417038727e+02 3.744099334953787093e+02 3.114173928782549865e+02 3.341029822878098798e+02 2.745875976321281655e+02 3.685897560155215729e+02 4.041137426105510713e+02 3.206196362675224805e+02 3.591334105739540519e+02 3.868973476313929041e+02 3.333556189898712887e+02 3.349859815571550712e+02 2.482414730677273553e+02 3.427859772424735638e+02 3.585314701639402983e+02 2.762541229974730754e+02 2.844978575332737023e+02 2.927493908577756656e+02 3.011832436816785048e+02 3.096694388168475029e+02 3.182362905680241170e+02 4.115656197353723087e+02 4.271792787359977410e+02 4.179864047282356978e+02 4.263302568855174286e+02 4.717670437204466225e+02 4.828959083454284382e+02 4.119422719134095132e+02 4.276503453797844827e+02 4.444922223686498342e+02 5.355549621289020479e+02 5.230719191074350647e+02 5.683018463469907147e+02
2.084906959828493598e+02 3.035748057549247392e+02 3.765241538853725842e+02 4.170231047940059170e+02 4.699803053527276688e+02 4.422562277165603746e+02 3.891242950131702401e+02 4.065085369974007676e+02 3.357145350772545953e+02 3.188918773417066177e+02 4.120659969489265109e+02 4.138686861930713690e+02 4.123241507069304816e+02 4.637876336478681196e+02 3.889695883716861431e+02 2.961375481559584841e+02 3.427756332000581665e+02 2.562116506344436289e+02 2.645617709560491448e+02 3.588188228349303017e+02 3.781915207549981233e+02 3.863218258284822468e+02 3.695250014797101130e+02 3.642285294571558438e+02 4.112849904987564287e+02 3.689362193994336394e+02 4.613494193176921954e+02 5.066574415943056806e+02 5.175770210263568742e+02 5.545265841784289478e+02 5.405478524662481732e+02 4.724483080084630728e+02 4.809470951665363714e+02 5.349015111594553673e+02 4.932310095621062374e+02 5.573681121759688040e+02 6.126599991373678904e+02
3.035741676417204644e+02 2.448356480896850655e+02 2.854911748765574657e+02 3.424031008543399821e+02 4.349554990717343230e+02 4.916814032250055106e+02 4.711378685059458462e+02 4.636443144931099027e+02 4.262377967818114257e+02 3.888951657357783915e+02 3.774321281353664403e+02 4.695012320485111559e+02 5.038677881985133808e+02 4.465557609544591742e+02 3.554995785160620017e+02 3.880774053875105096e+02 3.256557514734531651e+02 3.500341618623835416e+02 2.670753300771986574e+02 3.612577806016043951e+02 4.075632849663682009e+02 4.574294318773162900e+02 4.613646012828371568e+02 4.565987070182515026e+02 4.940138946729949225e+02 4.379226490171586761e+02 4.443938878115763487e+02 5.354093794474140395e+02 5.867069155776813432e+02 6.088932120682377445e+02 5.953925857350989190e+02 5.616878264360880166e+02 5.710354650525657689e+02 6.077325623771627079e+02 5.474128876911527186e+02 6.197675031646391517e+02 6.821785071626467243e+02
3.773767979612113663e+02 2.998997237862677707e+02 3.207589549418574393e+02 4.118374156276580607e+02 4.608238385475527252e+02 4.007462708396537892e+02 4.134463064877119791e+02 5.003871561090337536e+02 5.091203160899771660e+02 4.802290671520134993e+02 4.695197258868578842e+02 4.694873910743948500e+02 5.598623644686892931e+02 4.854832607904613724e+02 4.169673299084087716e+02 4.564269202222794775e+02 3.968961748064750736e+02 3.313202700160944687e+02 3.612697008039569369e+02 2.780580526150362175e+02 3.720768019882767135e+02 3.653553085308776645e+02 4.577760513882252553e+02 5.191694911682830025e+02 5.325449921113548726e+02 5.283417463083070515e+02 5.354066139489094667e+02 5.586916984007847304e+02 4.970128503333484673e+02 5.194017922288027194e+02 5.488093690618587743e+02 5.449810893663131992e+02 6.275870366394187840e+02 6.599246061514137409e+02 6.342475235023279083e+02 6.674390201325580847e+02 6.939442455456287462e+02
