output/example/elevation_000008.asc
nrows	75
cellsize	133.333333333
xllcorner	0
ncols	75
yllcorner	0
NODATA_value	-9999
[rows 0 to 16 of 75, columns 0 to 36 of 75]
6.484972199788830993e-01 1.006484972199781680e+02 1.625472794663328102e+02 1.441969375591056632e+02 2.149076156777594235e+02 3.149076156777566098e+02 3.017197165580670912e+02 3.288124792283324496e+02 2.873951767021015939e+02 2.756443452483307510e+02 2.342259176663320943e+02 2.544182032039153682e+02 2.544182032039153682e+02 2.958357156935837793e+02 3.117699364990479580e+02 2.703540711525605502e+02 3.117699364990479580e+02 3.262762161533420908e+02 2.848612161313507158e+02 3.052734229511927992e+02 3.270949279516934780e+02 3.506647526035383748e+02 3.773902556624698832e+02 4.187992834237887791e+02 4.822579279100074245e+02 5.236524089177815995e+02 5.813627856761437442e+02 5.723315543727569548e+02 5.304897635424376858e+02 5.322598501681073913e+02 5.754769549511249807e+02 6.444796182879580329e+02 7.092613143650240772e+02 6.691560342327454691e+02 5.739749614854056290e+02 5.320024168829482960e+02 5.189256506243484637e+02
7.733684068742244788e-01 3.092450286465053111e+01 6.254727946633421709e+01 1.202823063852971899e+02 2.202823063852985683e+02 2.724292266609509738e+02 2.017204463236191714e+02 2.710794409233234319e+02 1.873959940805051190e+02 2.179106716044206564e+02 1.342263038443811638e+02 1.544188274773423188e+02 1.544188274773423188e+02 2.544182032039153682e+02 2.617721346065376906e+02 1.703547974485845202e+02 2.617721346065376906e+02 2.576448838418808123e+02 1.848620259624983078e+02 2.052744404856482561e+02 2.270962295090417058e+02 2.506664555473560370e+02 2.773925797267681332e+02 3.773902556624698832e+02 3.822678694314255381e+02 4.400018097543837143e+02 5.399808587759067677e+02 5.140595098766034425e+02 4.295515807915317055e+02 4.296624765170921592e+02 4.886528029337657131e+02 5.947210480894466400e+02 6.131901141985296135e+02 5.721191914110268044e+02 5.320200221254558528e+02 4.318664415737718514e+02 4.188845197654497952e+02
3.656483689673366566e-01 1.003656483689666317e+02 1.625472794663328102e+02 2.039686357036417235e+02 2.617036626226106932e+02 2.224299030993920780e+02 1.310097836804772271e+02 2.205609592143969451e+02 1.296609750382410198e+02 1.664152919661742942e+02 7.649127733256017336e+01 8.370815569743045614e+01 1.837079665132341120e+02 2.016364096658095093e+02 2.091741570808114261e+02 1.203547975966790062e+02 2.203544343005725921e+02 1.576454732649227140e+02 2.576448838418808123e+02 3.052734229511927992e+02 3.270949279516934780e+02 3.213770010342738033e+02 3.773902556624698832e+02 3.245330255224537268e+02 4.245286407311116363e+02 4.851680202158042334e+02 5.265408473943271019e+02 4.722144780316822334e+02 3.716860913853565194e+02 4.426313350119110623e+02 5.436436320008501752e+02 5.758268223552000791e+02 5.156913808281619822e+02 5.156906952844241232e+02 5.264704816121308113e+02 4.611748194040055751e+02 3.611408518964805126e+02
9.597377389082409893e-01 1.009597377389075348e+02 1.477219978082859768e+02 1.790610294553086703e+02 2.204817838929963614e+02 1.810096690710300322e+02 8.100978374642546953e+01 1.205612450454372748e+02 1.565620272571578937e+02 6.641542289536265287e+01 1.664152919661742942e+02 1.837079665132341120e+02 9.416232316721674067e+01 1.016366740947360654e+02 1.091744577091801176e+02 2.091741570808114261e+02 1.318255842902069617e+02 2.318251470555398157e+02 2.862052898964263932e+02 3.287434537257985312e+02 3.701533074662211220e+02 4.213716396534697424e+02 4.334964145954467654e+02 4.245286407311116363e+02 4.404150610232867962e+02 3.851837270572148668e+02 4.688320446632329777e+02 4.452115664063891245e+02 3.449580237081916039e+02 4.452115664063922509e+02 5.389895235344397406e+02 4.981791746188253001e+02 4.459177136001508757e+02 5.442361136067602274e+02 4.849587894972805771e+02 3.849120609224560212e+02 3.309888840775325889e+02
1.227292333582558070e-01 6.300749865510421266e+00 1.063007418610501844e+02 7.906110084573529662e+01 1.276379772068966503e+02 1.339879720921785236e+02 4.321333644557982012e+01 4.985056956157953323e+01 5.656213011371976762e+01 1.565620272571578937e+02 2.078351803247677765e+02 2.355809912846043517e+02 1.648729932834395697e+02 2.016364096658095093e+02 1.369094675204409555e+02 2.369090515121258704e+02 2.318251470555398157e+02 1.447896587612500809e+02 2.447891171479366790e+02 2.287456323021712876e+02 3.287434537257985312e+02 4.041956093580066067e+02 3.335055247442000450e+02 3.950472068850130540e+02 3.404244911496382429e+02 3.274490180537792412e+02 4.274420616459568691e+02 4.207972858270376832e+02 3.207042842565417686e+02 4.207972858270376832e+02 4.608261933973951159e+02 3.989356654112851288e+02 4.981791746188253001e+02 5.210362357468017080e+02 4.632373410942081478e+02 4.032706274103131250e+02 3.032536603257809134e+02
4.867764419212533555e-01 1.004867764419205400e+02 1.508824536878537081e+01 2.132607398430342727e+01 2.763801801528146385e+01 3.398802436529098259e+01 1.339879720921785236e+02 1.205612450454372748e+02 1.565620272571578937e+02 9.738695915946262005e+01 1.973867853434569781e+02 2.888055355239962978e+02 2.648722303569760470e+02 2.670600063947457556e+02 1.670606019781615430e+02 2.670600063947457556e+02 2.862052898964263932e+02 2.447891171479366790e+02 1.580349823319003235e+02 2.580343160932704336e+02 3.135199983381932043e+02 3.542029791594306971e+02 2.627950980669492651e+02 2.950526919407779474e+02 2.697140235350697708e+02 3.495089846900771704e+02 3.631168156667562812e+02 3.772584065029396356e+02 2.983435965351249024e+02 3.983392141602068932e+02 3.611624803846896725e+02 4.608261933973951159e+02 5.389781149572230561e+02 4.795222903595989123e+02 3.794780962063750280e+02 3.217374260351598991e+02 2.803120512313576569e+02
1.176124320962124159e-01 1.001176124320954983e+02 1.150882247500248496e+02 9.203675124457645040e+01 1.276379772068966503e+02 6.561080096697411079e+01 1.656107245188395325e+02 2.205609592143969451e+02 2.388065183096385624e+02 1.973867853434569781e+02 1.473869590242556171e+02 2.051219810978354587e+02 3.051211706957712408e+02 3.024150197218829703e+02 2.024159410316447634e+02 3.024150197218829703e+02 3.157684365604503114e+02 2.157700065809919749e+02 2.580343160932704336e+02 1.721069332265059586e+02 2.721061072883331349e+02 2.970804346567043694e+02 2.127950995165083441e+02 2.243421049003007113e+02 2.363806902088774677e+02 2.495113334948495378e+02 2.631196098436445823e+02 2.772617454673751354e+02 3.772584065029396356e+02 3.278318480324078337e+02 4.277154311292852640e+02 5.019140196541953287e+02 5.193854229761412853e+02 4.616126645473800636e+02 4.168722253217401317e+02 3.585000195422700813e+02 2.584902550964713441e+02
9.549583453364550722e-01 4.177978739172260703e+01 1.417797873917211859e+02 1.920366509612933612e+02 2.070312876022749435e+02 1.656107245188395325e+02 1.233458276536069604e+02 1.940564919575926126e+02 2.940559234437092186e+02 2.888055355239962978e+02 2.473866116626585949e+02 2.888055355239962978e+02 3.465386480505321742e+02 3.438301344911147339e+02 2.601509586872886075e+02 3.438301344911147339e+02 3.571797599533968537e+02 2.735049996124013774e+02 3.135199983381932043e+02 2.721061072883331349e+02 1.865406899562464105e+02 1.970816154901408481e+02 2.970804346567043694e+02 2.820771210570021594e+02 3.363787085189715071e+02 3.202218729685632184e+02 3.338301139314650072e+02 3.772584065029396356e+02 4.186563195469901757e+02 4.277154311292852640e+02 4.277154138541433781e+02 5.274211211453623491e+02 4.779124631929226439e+02 3.778759156361629152e+02 3.201352428701407007e+02 2.754127655262112171e+02 2.399207203512378896e+02
8.292857397592835467e-01 1.008292857397585749e+02 1.124904655103768647e+02 1.832011436290306108e+02 2.832011436290277970e+02 2.647657147448796877e+02 2.233456473250765555e+02 2.647657147448796877e+02 3.108623392474993921e+02 2.694396162884800106e+02 3.108623392474993921e+02 2.924001867050783403e+02 3.301972379214776083e+02 3.716204632570392619e+02 3.601488007622353962e+02 4.015602262150846400e+02 4.149068054586174981e+02 3.735013650827273182e+02 3.572480004245511509e+02 2.572513205367051796e+02 2.865396699797148585e+02 2.379064444853640055e+02 3.379039335701496043e+02 3.820731299232925267e+02 4.234726942346447913e+02 4.202143270117705356e+02 4.338210750905984128e+02 4.294266445570780206e+02 3.879878244142755079e+02 3.904072750303161001e+02 4.318434649097155216e+02 4.741295098270433073e+02 4.836501113379724188e+02 4.422079137723092117e+02 4.055309912496988431e+02 3.219663968419764615e+02 2.219601899769660633e+02
5.609415885598412199e-01 5.829596850752220405e+01 1.582959685075207972e+02 2.539118217476843711e+02 2.315257062160138162e+02 2.424647900363116548e+02 2.838868235081474722e+02 2.869742513265168213e+02 2.455516981606903926e+02 1.694387916157329812e+02 2.452592409087437204e+02 1.923991393726714989e+02 2.301956401113140771e+02 3.009069991534684050e+02 4.009101296003505581e+02 3.790874603967445182e+02 3.376595045639130035e+02 3.790874603967445182e+02 3.986528721709971137e+02 3.572480004245511509e+02 3.793055267138661861e+02 3.086169722769756163e+02 3.792432547811913537e+02 3.852175670872064188e+02 3.963515909458927240e+02 3.549197742738893453e+02 3.963515909118384570e+02 3.716781931867517415e+02 2.879752444135405085e+02 2.903944574561222680e+02 3.326648767980827301e+02 4.318434365578351048e+02 4.258965553610404413e+02 3.421833686407420601e+02 3.640894737319027286e+02 2.640782085331379108e+02 2.063428137624843259e+02
8.170501113456094533e-01 1.008170501113448978e+02 1.997173247448297104e+02 2.022365090895355877e+02 1.315253224280833990e+02 1.424643304811379494e+02 2.138405662724237573e+02 2.292384681591514095e+02 1.455510426665017008e+02 1.194387784409539677e+02 1.452586677772275436e+02 2.452592409087437204e+02 3.301972379214776083e+02 3.716204632570392619e+02 3.437444309441032715e+02 3.023175539323581802e+02 2.376539995907465652e+02 3.290831807854431190e+02 3.401979475612386636e+02 2.987706393761257573e+02 3.401979475612386636e+02 4.086089127248264958e+02 3.559550820342449811e+02 2.851757341713131950e+02 3.463448957015651217e+02 2.549112993466800958e+02 3.463448960936651702e+02 3.269507161051873823e+02 2.302391705619039044e+02 2.326582897300349373e+02 2.903944574561222112e+02 3.904072748163850406e+02 3.811655518392270210e+02 2.844447023925699227e+02 3.604456777460007970e+02 3.477831345243009196e+02 2.854953038175956408e+02
3.496631849795536207e-01 1.003496631849788372e+02 1.075015158312167642e+02 1.108146876580333071e+02 6.081461859775572520e+01 1.608147567183109459e+02 1.138400488842352303e+02 1.610900908124346813e+02 8.781600173479797888e+01 1.585267303349656913e+02 2.452592409087437204e+02 2.452592409087437204e+02 3.452612898652813556e+02 3.308048206438019179e+02 2.860055934967155622e+02 2.023137408565022213e+02 1.876536834701438181e+02 2.876567520773296565e+02 2.901945062385514689e+02 1.987668577934960865e+02 2.816846766808850475e+02 3.231114888523800914e+02 3.059182999036975161e+02 2.144628362718132450e+02 2.955499041617704279e+02 2.049109080420003295e+02 3.049155368101140198e+02 2.855213021993986331e+02 1.855177350985380826e+02 2.855213021993984626e+02 3.611199598821794439e+02 4.020787275494347455e+02 3.397310892166443637e+02 2.397226760996505561e+02 2.604341986180484128e+02 3.196161623652184289e+02 2.758275340083306446e+02
8.878663753684297166e-01 4.193764399904833517e+00 7.501470408182918881e+00 1.081461821779575061e+01 1.108146876580333071e+02 1.188759173657541623e+02 4.312934733826103439e+01 6.108987754097565670e+01 1.610900908124346813e+02 2.292384681591514095e+02 2.999502059833370708e+02 2.979863126991511422e+02 2.565616397344824691e+02 2.308000317749268788e+02 2.412824327897407102e+02 1.445785415009287931e+02 1.498571913273315204e+02 2.388325414404342553e+02 2.487687485848109645e+02 1.487667690530056461e+02 1.816812182625772323e+02 2.816846766808850475e+02 2.644673172130668490e+02 1.644627207133439128e+02 1.955451266665508854e+02 1.695555339574400477e+02 2.695585612339172599e+02 2.324610359281227261e+02 1.619475081088268951e+02 2.196827205418510971e+02 3.196887296933040261e+02 3.020622803743085569e+02 3.727883962690694375e+02 2.897268826581288863e+02 1.897224988342142069e+02 2.196087797129957835e+02 2.530313398892276098e+02
9.890424942528482921e-01 1.009890424942521321e+02 1.075015158312167642e+02 1.108146876580333071e+02 1.553128452416149585e+01 1.887578483461472700e+01 1.188759173657541623e+02 1.271396448426963701e+02 1.685617935474133446e+02 2.061704987129156166e+02 2.096374868524129909e+02 2.389277950598745974e+02 1.565597377840830688e+02 1.600886685752344647e+02 1.998581681396202328e+02 9.985717486343598637e+01 1.645024779041301031e+02 1.388304781961859078e+02 1.717478414088394345e+02 1.109703174592644359e+02 2.109715530911927317e+02 2.550386929469698316e+02 2.266682864812154889e+02 1.266662696354723323e+02 1.248341638960945232e+02 2.009073880694958802e+02 2.047254916612394595e+02 1.324591165788161220e+02 2.324610359281227261e+02 3.033784187526985647e+02 2.681058718979215314e+02 2.313485226492547611e+02 3.313564195221124464e+02 2.845599061008011859e+02 2.431314138685010278e+02 1.488976634714684906e+02 1.530286253953286746e+02
3.703706385791859512e-01 1.003703706385784784e+02 1.828371307293459438e+02 1.569531630957435198e+02 7.326631381150038180e+01 1.188759173657541623e+02 2.370946727984301106e+01 2.713943898269316435e+01 1.271396448426963701e+02 1.061696370186385110e+02 1.096365179295511751e+02 1.389261236018321313e+02 9.882464904076114465e+01 1.023535727793643559e+02 1.558962752503458375e+02 1.594451894210388332e+02 6.450183571295859508e+01 6.811970873942070170e+01 7.174708998997076037e+01 1.717478414088394345e+02 1.806273035098483319e+02 1.550358478871102648e+02 1.880451123095838568e+02 9.333293619064876623e+01 9.709915407642230889e+01 1.009060890145567129e+02 1.047241067561627830e+02 2.047254916612394595e+02 2.141696235784078226e+02 2.181041747706836702e+02 1.681024725911199482e+02 2.681058718979215314e+02 2.788146324473270283e+02 2.373864207825766641e+02 1.431289660260908363e+02 2.431314138685010278e+02 2.530313398892276098e+02
5.909454456523058896e-01 4.141577449203845873e+01 9.915080141100062860e+01 1.991508014109992075e+02 1.439770454603663268e+02 1.651316751918911621e+02 7.370946831222258311e+01 1.271396448426963701e+02 3.200448153679833752e+01 3.545892421606565392e+01 3.892580044247331728e+01 1.389261236018321597e+02 4.882464603269652770e+01 5.235356939889943817e+01 5.589575113377849647e+01 5.944461833871686451e+01 1.594451894210388332e+02 1.681204043877801553e+02 1.717478414088394345e+02 7.693533636073694026e+01 8.062640371336475198e+01 8.432503732064130020e+01 8.804407733716931261e+01 1.880451123095838568e+02 1.971003709900267609e+02 1.716169538379871256e+02 2.047254916612394595e+02 1.102456830599051187e+02 1.141680057626687983e+02 1.181024531394919705e+02 2.181041747706836702e+02 2.277051047769325010e+02 2.317020311426280443e+02 1.373841161298765314e+02 2.373864207825766641e+02 2.845599061008011859e+02 3.009910703200467879e+02
5.943836229332486454e-01 1.005943836229325399e+02 1.828371307293459438e+02 2.405721576483081208e+02 2.439776978940989522e+02 2.151321404236456090e+02 1.444202129908368875e+02 1.734270525924334834e+02 7.672584156284136725e+01 9.319395813192531364e+01 1.389261236018321597e+02 4.384946008164660469e+01 1.438498374682424696e+02 1.523540484024845796e+02 1.558962752503458375e+02 1.301553697419712989e+02 1.128968746273103818e+02 2.128980845164967377e+02 2.122919694010574290e+02 1.122906755609119358e+02 1.806273035098483319e+02 1.290463996896560843e+02 1.880451123095838568e+02 1.587548988464358786e+02 2.587579428971187667e+02 2.716207516390016963e+02 2.516734069868661834e+02 1.602456992203237860e+02 1.848789255922170298e+02 2.181041747706836702e+02 1.237190127025092892e+02 1.277031080669572702e+02 1.316999119018444446e+02 2.317020311426280443e+02 1.845246871267040376e+02 2.845959789874067383e+02 3.368441042307717339e+02
