output/example/elevation_average_000026.asc
nrows	75
cellsize	133.333333333
xllcorner	0
ncols	75
yllcorner	0
NODATA_value	-9999
[rows 51 to 67 of 75, columns 37 to 73 of 75]
2.207058795328957785e+02 3.099548298228067438e+02 3.288772441929736488e+02 3.395134122447416303e+02 2.671554500012589415e+02 2.782074746823652163e+02 3.600446082874879039e+02 3.918373671874132356e+02 3.455066061259697676e+02 4.184442761365697834e+02 4.327792807201019514e+02 4.476520176775154596e+02 4.148614931994061408e+02 4.837674928322214782e+02 4.439781220706302634e+02 4.940921614796939707e+02 5.586559900444068489e+02 6.007571816233071331e+02 6.039840205537221891e+02 6.127675713680316676e+02 6.112928371078807004e+02 5.787922272514630322e+02 5.299025554541714200e+02 5.802355081001300050e+02 5.027958432549090730e+02 5.244169581950302472e+02 5.086807424415747505e+02 4.278884088129935321e+02 5.088492264974454997e+02 5.303401871470186961e+02 6.068393867403760851e+02 5.571887674078457167e+02 4.781285297690421316e+02 5.312039794032864393e+02 4.770689176718245221e+02 5.561298039305471548e+02 5.830970939191082607e+02
3.097721821532405784e+02 2.564281783894475666e+02 3.441746656985461641e+02 3.883079133009100019e+02 3.300474692674141579e+02 3.647310037180872087e+02 2.945598032510540065e+02 3.065890024066064257e+02 3.204388746715241041e+02 3.346520150452066673e+02 3.496970761209524881e+02 3.653062304198457468e+02 3.840828040731524311e+02 4.040284880893187847e+02 4.849227288978656816e+02 5.488812301843804562e+02 5.665762204738122136e+02 5.463786180429106025e+02 5.364257624207126582e+02 5.380740830011767457e+02 5.887685194154739747e+02 6.340947996932542310e+02 6.067273217826840437e+02 6.109298792410511396e+02 5.808403142438996838e+02 5.491093308477055643e+02 4.696360958337325542e+02 5.093018891449908665e+02 4.504238933971718666e+02 5.307732357035424684e+02 5.856105088851440996e+02 5.754676170022690940e+02 4.984202073142910194e+02 5.751454605970351395e+02 5.561367590330336270e+02 5.053928515846870368e+02 5.831088994274217612e+02
3.778591409308896800e+02 3.441822511822999218e+02 2.980751059088127022e+02 3.836589147472531067e+02 4.145860104147540710e+02 4.140549700001525366e+02 3.453562314071671722e+02 3.539801313393097644e+02 4.024156357285945091e+02 3.844972941417819357e+02 4.302112147564424731e+02 4.142840493344438642e+02 4.618604924420530438e+02 4.717147282093363856e+02 4.762837718221109071e+02 4.985400642537175031e+02 5.078093086365082627e+02 5.032576047330184110e+02 4.746802406304540227e+02 4.781014272061632369e+02 5.520140194747547184e+02 6.024879316675888958e+02 6.100082765685044706e+02 6.409359792793126189e+02 6.034165370666978561e+02 5.266549059866662219e+02 5.266423804971443587e+02 5.618164090962504815e+02 5.080490224353440567e+02 4.760304580417845841e+02 5.550714812703695316e+02 6.066281995266548392e+02 5.765295615578860406e+02 5.317381769999907419e+02 6.060333723034567583e+02 5.831425391949428558e+02 5.390312044053235923e+02
4.223269831473462546e+02 4.173188483574131169e+02 3.492602398712527361e+02 3.649676034315870652e+02 4.477526064944199220e+02 4.616895941463088775e+02 4.292165618761156907e+02 4.292730381732064870e+02 4.692523160455483549e+02 4.662821335794034212e+02 4.982689310735409549e+02 4.946348524251415597e+02 5.260403577907072759e+02 5.436144554972046308e+02 5.056814765057667955e+02 4.869050039328447497e+02 4.954246494152262699e+02 4.395016717795244858e+02 4.217170107889642168e+02 4.917638702742479495e+02 5.377852197189787375e+02 5.298370321502568459e+02 5.339979644722793637e+02 6.094630842032221381e+02 6.329246383183120770e+02 6.034294692898234871e+02 6.033893112630494215e+02 6.155483240046570472e+02 5.545940435202199978e+02 5.053930865900046570e+02 5.156937996196315908e+02 5.927330723848410798e+02 6.309534303384201621e+02 5.576226405305370690e+02 6.309109659966031813e+02 6.443908357491625338e+02 5.823722870871397390e+02
4.594676892033504032e+02 4.648603118137745582e+02 4.329128399114440526e+02 4.477580500323940669e+02 4.544721979817576312e+02 4.526724745722331704e+02 4.850470161551760953e+02 4.694088871688659879e+02 4.398843302516830818e+02 4.552271045707449275e+02 4.875223648057159949e+02 4.993666034927514943e+02 5.308154563692021384e+02 5.083972242027278412e+02 4.728212397285374209e+02 4.273364486108533242e+02 4.591834933872648890e+02 3.794418883250946806e+02 4.424598107198686421e+02 4.636543499197764504e+02 4.716670176246612982e+02 4.719310561086455209e+02 5.427134682763221463e+02 5.777708736389338355e+02 5.890639968708600236e+02 6.043774557751854672e+02 6.376091462051782628e+02 6.587093212014779056e+02 6.104900718751956674e+02 5.375541288955759001e+02 5.927061709356587471e+02 5.643070425585676730e+02 6.386181436631792394e+02 6.234239380344888559e+02 6.056426231642922176e+02 6.769987881278748318e+02 6.354151239878474371e+02
4.490270743728507910e+02 4.470786160696022762e+02 4.177616156901303839e+02 4.062956701010844540e+02 3.794623833417277865e+02 3.692995453948148565e+02 4.523256726042457103e+02 4.205859539293840612e+02 3.555155967709961828e+02 3.717468197156253495e+02 4.396820613554396004e+02 4.180779297206568117e+02 4.985205059537110515e+02 4.712115456564782789e+02 3.929274009858078784e+02 3.658380299234297581e+02 4.186673965554660413e+02 3.550726828359969431e+02 3.738083577168824831e+02 3.954325729196982024e+02 4.218319211072130202e+02 4.878863634902468789e+02 5.459901041333017702e+02 4.997746126224390082e+02 5.116289222700590926e+02 5.309306594088762949e+02 5.939220489575548072e+02 6.279969734653760725e+02 6.428311629554183355e+02 5.886157151430284102e+02 6.418985405804533002e+02 6.386083674559096153e+02 6.415333915477256141e+02 6.867402580116680610e+02 6.700720544756510435e+02 6.860138983775104862e+02 7.065309317874201724e+02
4.052185132402991030e+02 4.021078971550668939e+02 3.440920092521262745e+02 3.212214814047986238e+02 3.079798746658469213e+02 3.941490938079917328e+02 3.927370949025938671e+02 3.586007613631152253e+02 3.004219349894371476e+02 3.277826768404692643e+02 3.584945947578461869e+02 4.425298266269271039e+02 4.667079979880898577e+02 4.237709208299106081e+02 3.803082999033144347e+02 3.209871985041518201e+02 3.347873481881290445e+02 4.144773661826661737e+02 4.261162385644674373e+02 4.773451636440813104e+02 5.018575928864488560e+02 5.251391267899127797e+02 4.941599869962963680e+02 4.387692065364918221e+02 4.605705933836561599e+02 4.881623707720709717e+02 5.207381621135158412e+02 5.763182646436687264e+02 6.510117634631142209e+02 6.619243418597636719e+02 6.559238847520806530e+02 6.291037253737257515e+02 6.571426751167972498e+02 6.871825926896852934e+02 6.740013013506275001e+02 6.962052869039155212e+02 7.276843028434974485e+02
3.838609582111217833e+02 3.441198452825495337e+02 2.849833318202948362e+02 2.623560001540961935e+02 3.504500127844449366e+02 3.676132612130907091e+02 3.330974294632958959e+02 2.707411742588953416e+02 3.586223286276372733e+02 4.118658598304195380e+02 4.404720574137269296e+02 4.576584152050969010e+02 4.072710146396721598e+02 3.490055654492848021e+02 3.030546865472970239e+02 3.900190376315754293e+02 4.197864997949486110e+02 4.537083649538108148e+02 5.042540464379259788e+02 5.391320314836410716e+02 5.029769281970736188e+02 4.707023249712481743e+02 4.118251780078850288e+02 4.776873860478413008e+02 5.275688843196295466e+02 5.645580837242976031e+02 5.939495809305686862e+02 6.280028276132211431e+02 6.282380904831035195e+02 6.202715848338825708e+02 6.149078080682402287e+02 5.524890124632632933e+02 6.149068101131010735e+02 6.530088207179289839e+02 6.028072750988980033e+02 6.381770749074312334e+02 6.899200763904151472e+02
3.252837216655195220e+02 2.643245730537552163e+02 2.259019404728357756e+02 2.994881703797343562e+02 3.043093519728387832e+02 3.089974206384149511e+02 2.440771776488468561e+02 3.331256319900870722e+02 3.927840691827256023e+02 3.812973639053879538e+02 4.151875135101612386e+02 3.911480655446702031e+02 3.427569374321240048e+02 2.855719155784576628e+02 3.732586388811858455e+02 4.237810908750126941e+02 4.800480520102834134e+02 4.873395154393366511e+02 4.667784336602043709e+02 4.817638450827474799e+02 4.494875483131439751e+02 3.872456650873442641e+02 4.398628919860337305e+02 5.185261541353321491e+02 5.782865329345249847e+02 5.861873003865646297e+02 5.990002277014853007e+02 5.886858623587314696e+02 5.520921601719817318e+02 5.436079343784701905e+02 5.437976199477203636e+02 5.060177184780144444e+02 5.785830367204830509e+02 5.902525698005044887e+02 5.486796455372826813e+02 5.855511003211261141e+02 6.330645522764539237e+02
2.674094586105690610e+02 1.992289718172755499e+02 2.042816169364812140e+02 2.093444552423490279e+02 2.142693461871349143e+02 2.191273254691262196e+02 3.092243517923895411e+02 3.208438767691301337e+02 3.246305211066048741e+02 2.942670426146215163e+02 3.352224435412181833e+02 3.404714369039471649e+02 2.685377240745183371e+02 3.568701912828047966e+02 4.073086435640228160e+02 4.075812829937513584e+02 3.979889366201962275e+02 4.402273820923425660e+02 3.848034292980150326e+02 4.283986698705777485e+02 3.651014215017879678e+02 4.495042574400141575e+02 5.030433862146774686e+02 5.525001807175113981e+02 5.711483871391475304e+02 5.165301777393119664e+02 5.445508769610906938e+02 5.112771746741307766e+02 4.955016081224420645e+02 5.113025536349369986e+02 4.632704594361167665e+02 5.437990122142007294e+02 5.607732104842405079e+02 5.115953866768481362e+02 5.679463633272041534e+02 6.438496308220976516e+02 6.598882221768558338e+02
1.922821013007063300e+02 2.831981178467972882e+02 2.946201834612162429e+02 2.751651846207508925e+02 2.840018072431070664e+02 3.090299655831566383e+02 2.262059923313605907e+02 2.313788104969475796e+02 2.364722820562035679e+02 2.415467685962796054e+02 2.466545828149810120e+02 2.516798445864928908e+02 3.406706421703834167e+02 3.531525145986815346e+02 3.583422130758382309e+02 3.216888173575080714e+02 4.075661509937927462e+02 3.973135958374015786e+02 3.298955625164348930e+02 3.441603147091643109e+02 4.295210416833325553e+02 4.822596178364792081e+02 5.087415228827472333e+02 5.302348443972686027e+02 5.226428291410234124e+02 4.592796278220618547e+02 4.862783633916866393e+02 4.596194952713277075e+02 4.836987373451121925e+02 4.292329431593585696e+02 5.112204655837749669e+02 5.341195867367486017e+02 4.808628935062818073e+02 5.608042016446329399e+02 6.205915536029168607e+02 6.166972525888515975e+02 5.912646786033628814e+02
2.757045802523830389e+02 2.376765518593789182e+02 3.093884081619044650e+02 3.595819760992034730e+02 3.685745496885085686e+02 3.323171549481243687e+02 2.442689997551895544e+02 3.206397627976495528e+02 3.250765673538347755e+02 2.839298941821569429e+02 3.354894019304849735e+02 3.405277763842086642e+02 2.593638101906417432e+02 2.648021001789823003e+02 2.701992165866608957e+02 3.585367958847348291e+02 3.779389702334203207e+02 3.105684611460343945e+02 3.973003652748225818e+02 4.287377678410385897e+02 4.625856750755440316e+02 4.511749483007488948e+02 4.269590857983725982e+02 5.005520066354112032e+02 4.812882974624054668e+02 4.111317684962043586e+02 4.355455482522899047e+02 4.706115206223747123e+02 4.003811044898703244e+02 4.836807335996600159e+02 5.083585462619254827e+02 4.530102522477636739e+02 5.341056527429375365e+02 5.916106217533155132e+02 5.812348723557859103e+02 5.397387807572040401e+02 6.026650527578391348e+02
3.120672390409919785e+02 3.264169286019396168e+02 3.001988170106677103e+02 3.756526338429356997e+02 3.963653389030121730e+02 3.144320145523851124e+02 3.333832813256142913e+02 2.728552799470700165e+02 3.607850934900981770e+02 3.709260949123157616e+02 3.719994364383043717e+02 3.794926001468201662e+02 3.104476230545795374e+02 3.237133640673181390e+02 3.583481407035858410e+02 2.778733290229598083e+02 2.914675990685558418e+02 3.790038421138307285e+02 4.310153215336242738e+02 4.017606129084926465e+02 4.076474137167047047e+02 3.669955019394600981e+02 4.131978468568130438e+02 4.321059857989922079e+02 4.414832659756065141e+02 3.689759769584048854e+02 3.779714913080725296e+02 3.871106491540254524e+02 4.707817464758416577e+02 4.156618599127240827e+02 4.265456565584757982e+02 5.087474311874477166e+02 5.404601051637808951e+02 5.553041900447794887e+02 5.024550971041176695e+02 5.812418399700699183e+02 6.462972700416549969e+02
2.965505990538237597e+02 3.600319755950542344e+02 3.863402051907346504e+02 4.098234956049718676e+02 4.281809182872646602e+02 4.007910591360208628e+02 3.458064000026671465e+02 3.607730078474203879e+02 3.061943819167789798e+02 3.927344398977680271e+02 4.196612754426980132e+02 3.565250497119979514e+02 3.971883685917250091e+02 4.095133096248899278e+02 3.622834951611648080e+02 3.659204577181981790e+02 2.860860214533097405e+02 3.738779552912825466e+02 3.895316363128704324e+02 3.150303773962958758e+02 3.234016241934638742e+02 3.316891978498588855e+02 3.400983244831706429e+02 3.484722674829978928e+02 3.568265122743191000e+02 4.419032188972415156e+02 4.489915933650138982e+02 4.525319055871742648e+02 4.576764594717944306e+02 4.982411280334309254e+02 5.083508388088866354e+02 4.460018787585577797e+02 4.605229207500019015e+02 4.759799698843017950e+02 5.559911301355620026e+02 5.455117005772474386e+02 5.848435983931715327e+02
2.364129410089772136e+02 3.254116437293318427e+02 3.913497676043830324e+02 4.306930932811663979e+02 4.777430953916461362e+02 4.629040762366095692e+02 4.306101300287185722e+02 4.263052324122507457e+02 3.714513148991782145e+02 3.469718441762564112e+02 4.316616454116264094e+02 4.414222988174838065e+02 4.379767966946276943e+02 4.791236171718089736e+02 4.188645055476490029e+02 3.348957280540760166e+02 3.738548801197381977e+02 2.942524250390812881e+02 3.030229468269384370e+02 3.901726537979796490e+02 4.092932940980244894e+02 4.173099057053931347e+02 4.054965954552386052e+02 3.990999312674333623e+02 4.412771998523472803e+02 4.041179216654459196e+02 4.871472955772976547e+02 5.272099333276750031e+02 5.380995965205580660e+02 5.695190562341036866e+02 5.587589975934400854e+02 5.098915849061825156e+02 5.083296519097743840e+02 5.545334320196561748e+02 5.231422513568940076e+02 5.791511088394908029e+02 6.222275235887536837e+02
3.254102202460305193e+02 2.709595682430096417e+02 3.113930137243693821e+02 3.672704606153289433e+02 4.506129027612757909e+02 4.946054449060950446e+02 4.888585522009000783e+02 4.826530568076449867e+02 4.502269510306555844e+02 4.160470159305897369e+02 3.996698576285963895e+02 4.818904170917568308e+02 5.190630091495386296e+02 4.762414397604385385e+02 3.962380938377935991e+02 4.168742513468414472e+02 3.621117227256756337e+02 3.804332749955601685e+02 3.049737159443764654e+02 3.919568195824443819e+02 4.304013402589342263e+02 4.780359699234579693e+02 4.872464150369572735e+02 4.820336419680427298e+02 5.144945712677155143e+02 4.709509284927770523e+02 4.719179590997506466e+02 5.518237954417709261e+02 5.933812057291314659e+02 6.068078817814705417e+02 6.100110962705741713e+02 5.858338864358120190e+02 5.861645567760369886e+02 6.170178062248741071e+02 5.824450405828501971e+02 6.312709369757992590e+02 6.834166707365469620e+02
3.925146813202109684e+02 3.227163328429521130e+02 3.398055513304014994e+02 4.198611047210548008e+02 4.617664456151962327e+02 4.146535747184133243e+02 4.079184682092637217e+02 4.796657145340598163e+02 5.162670125720424039e+02 4.966270238620837176e+02 4.819316725772918062e+02 4.818595410729574837e+02 5.602945531924776787e+02 5.120753803667519151e+02 4.622756237798454322e+02 4.797094071592312616e+02 4.339749522632855587e+02 3.704253395511055942e+02 3.919834108027257003e+02 3.156226126753210792e+02 4.022398283396306624e+02 3.957628982003143960e+02 4.788091980359081958e+02 5.274488110913309811e+02 5.444663318211663636e+02 5.495270792191030296e+02 5.518176262528915004e+02 5.669485972382909722e+02 5.164264850907113669e+02 5.303065123629902473e+02 5.527885201941052173e+02 5.442486792914551188e+02 6.053937757047190189e+02 6.592771302397786712e+02 6.530165819203448336e+02 6.760372464027084334e+02 6.813350554757785176e+02
