output/example/elevation_000050.asc
nrows	75
cellsize	133.333333333
xllcorner	0
ncols	75
yllcorner	0
NODATA_value	-9999
[rows 51 to 67 of 75, columns 0 to 36 of 75]
5.882205962523524567e-01 8.921553929585680720e+00 1.728397402965657648e+01 1.172839546753425708e+02 1.380818042870344868e+02 5.063097107947749720e+01 1.506308966902565771e+02 1.727192998807964557e+02 8.645548237648837642e+01 1.864553144660862358e+02 1.815680717261159884e+02 1.714573802324228495e+02 2.628746769766048033e+02 3.401932132525312227e+02 2.695016187942194961e+02 2.804401215178205007e+02 3.804237057214335778e+02 3.445372904850199802e+02 2.531185231587105875e+02 3.445372907246799628e+02 3.368505489314018178e+02 2.368475483668964046e+02 1.819235565035130833e+02 2.819250242155465571e+02 2.613200816032473313e+02 1.613191295780711130e+02 2.220964480800389822e+02 1.376189096103341285e+02 2.376195605847012189e+02 2.951591462997365056e+02 3.658720231946633703e+02 3.391720196228360464e+02 2.899379785004998666e+02 2.062497544303017207e+02 2.551969349070580222e+02 1.649090427881764356e+02 1.719104432083182132e+02
9.768667279832560224e-01 1.009768667279825394e+02 1.172839546753425708e+02 9.893362966178430895e+01 1.920512215194212899e+02 1.506308966902565771e+02 6.343465907276704741e+01 7.271942598161957960e+01 1.727192998807964557e+02 2.278745038292146887e+02 2.815672049987413175e+02 2.421680253815349317e+02 3.128724567663107337e+02 3.436826428927033135e+02 3.694960045834340576e+02 3.804235629746539189e+02 3.678237857344827830e+02 2.677698183198160677e+02 2.031182878798873332e+02 3.031186274829101990e+02 3.259109007580066191e+02 2.259083751136372200e+02 1.551974277824873525e+02 2.235752852417406018e+02 2.493767309466502695e+02 2.079542326285420870e+02 1.220958990960929214e+02 2.220964480800389822e+02 2.376195605847012189e+02 3.376218068033346640e+02 3.300048405263353288e+02 2.391699019558024872e+02 2.391699019558025157e+02 1.485146531167923456e+02 1.551961841646030393e+02 2.551969349070580222e+02 2.719113373136058271e+02
2.138324179527880675e-01 7.092451053660703053e+01 1.709245105366056237e+02 1.989335375999071971e+02 2.403542679511134850e+02 2.048545240608074209e+02 1.134346590547403082e+02 1.434301007176236169e+02 1.359649783739400846e+02 2.066756321340156717e+02 3.066745514509746613e+02 3.421660082714561213e+02 3.143889791150963333e+02 2.436832145128428522e+02 2.936897640665894755e+02 3.351866338677900785e+02 3.372912606183913908e+02 2.677650796483363820e+02 1.677629272578634527e+02 2.677650796483373483e+02 3.306175776011879179e+02 2.891946900913151239e+02 2.235752852677789519e+02 1.235746498677154790e+02 1.940866605997219096e+02 1.079537634723583324e+02 2.079542326285420870e+02 2.635191096345981805e+02 2.666132137956438442e+02 3.080359909936473741e+02 2.300028587651434009e+02 2.300028587651434009e+02 1.391692668464722544e+02 2.391699019558025157e+02 2.551969349070580222e+02 2.051962227723981584e+02 3.051976470417174028e+02
1.069909363418946047e-01 1.001069909363411909e+02 1.593913475779118585e+02 1.947466866372389802e+02 2.361680428745471261e+02 2.548537084793625525e+02 1.841453280587834058e+02 2.434296817315748456e+02 2.359646374906266431e+02 2.773830795957009627e+02 2.860871842823713678e+02 3.275091550794922455e+02 2.643981239532204768e+02 1.729721895940046181e+02 1.936830125530073872e+02 2.936906837739011848e+02 2.958610513198217973e+02 1.958579806338149751e+02 1.400279157127233134e+02 2.400292810294173194e+02 2.728813544101177513e+02 1.891932911057607214e+02 2.444347154162070694e+02 1.940866605997219096e+02 9.408625856672750842e+01 1.911581266585386061e+02 1.970303529286254047e+02 2.029331920081935721e+02 1.666122016732187490e+02 2.148969248512711374e+02 2.209492319318197531e+02 1.300022818761900112e+02 2.300028587651434009e+02 2.098801131411657366e+02 3.098817073511419835e+02 2.759074997508573688e+02 2.759074997508573688e+02
3.726996606557795300e-01 2.924021312013702101e+01 5.939134757791327957e+01 9.474668663724040130e+01 1.524817135562021804e+02 2.524817135562007593e+02 2.841446574281775383e+02 2.610806449470529742e+02 2.196588306775275043e+02 2.153760266985136127e+02 1.860865062161786625e+02 2.860871842823713678e+02 2.229727744803178666e+02 1.229721574442859833e+02 2.229720283601830602e+02 2.904519350006951299e+02 2.849212973696619997e+02 1.849188462133743371e+02 1.142080265676184894e+02 2.142088860221202538e+02 2.314588554676662682e+02 1.314581398350360928e+02 1.444338358891584448e+02 1.784479877693798358e+02 8.531567837365716400e+01 9.115774075202706683e+01 9.702994294717414903e+01 1.029327563081837553e+02 1.088771392909614377e+02 1.148964319452499439e+02 1.209487072719380194e+02 2.209492319318197531e+02 2.714253579290788707e+02 3.098817073511419835e+02 3.513048110695872310e+02 3.759103178752177996e+02 3.759103178752178565e+02
9.622267309149505898e-01 1.009622267309142387e+02 1.593913475779118585e+02 1.947466866372389802e+02 2.361680428745471261e+02 2.939030697935021976e+02 2.202555883702572430e+02 1.788338668452925617e+02 1.196585005209737318e+02 1.153757176873045154e+02 2.153760266985136127e+02 2.039366597157362264e+02 1.941050018474299463e+02 9.410464335299867855e+01 1.490282842490134954e+02 2.490290977047889101e+02 2.628203713255219327e+02 1.928885461633229284e+02 9.288795492594559278e+01 1.928885461633229284e+02 2.085300900938502195e+02 1.671079813923907409e+02 7.372309426360726548e+01 7.844765017622265191e+01 1.784479877693798358e+02 1.911581266585386061e+02 1.970303529286254047e+02 1.736435322240023993e+02 1.666122016732187490e+02 2.148969248512711374e+02 2.209492319318197531e+02 1.492329786380853136e+02 2.492337100553145888e+02 3.074986051624077277e+02 3.408326310909104109e+02 3.786302001461516511e+02 4.200538474185708537e+02
2.536103556318918262e-01 7.096428847428613551e+01 1.709642884742847286e+02 1.763834168112602470e+02 2.178048636200553858e+02 2.297208164084806867e+02 1.625203289582024127e+02 7.883366264350630104e+01 6.192346111297643318e+01 1.619236131425897725e+02 1.306986629973315530e+02 1.039362202208346986e+02 1.357559125942630374e+02 6.737851907100942128e+01 1.380892503118416528e+02 2.380899441994368715e+02 1.921088330936656519e+02 1.213972948618186223e+02 7.288795492560316802e+01 1.558910416618801662e+02 1.605284440462616828e+02 6.710768224705098817e+01 1.671079813923907409e+02 1.784479877693798358e+02 1.100704268676467024e+02 2.100709204580560083e+02 2.731618275731246399e+02 2.736446858964811213e+02 2.666132137956438442e+02 3.080359909936483973e+02 2.906563468713265479e+02 2.069680920270404840e+02 1.816772659828689314e+02 2.074971638944101642e+02 2.408305533054024465e+02 2.786272322631925817e+02 3.363634517196531988e+02
9.431841708974398886e-01 1.009431841708967283e+02 1.056726984974258556e+02 7.638335996669204064e+01 1.763834168112602470e+02 1.590098727518097519e+02 8.829892909514062183e+01 2.109863189287375818e+01 1.210987220303736791e+02 1.271272146743650069e+02 3.069852197571279007e+01 3.322551545430910380e+01 3.575574245115536343e+01 1.357559125942630374e+02 1.419152575678885739e+02 1.444709889911356413e+02 1.470292285388041194e+02 5.068657151555322571e+01 5.327634141177155414e+01 5.589077633985153426e+01 6.052816529745324203e+01 1.605284440462616828e+02 2.085300900938503048e+02 2.514932871723681274e+02 2.100709204580560083e+02 1.454257680871277216e+02 1.731607838657294565e+02 2.731618275731246399e+02 3.581005264794570735e+02 3.995239427278954167e+02 3.483927022066916948e+02 3.069696179885867764e+02 2.394124831806680334e+02 2.782084374455922671e+02 3.074986051624076708e+02 3.786302001461519353e+02 3.689610640969183919e+02
7.631321084887311423e-01 3.217535576857777357e+00 5.672678657558925863e+00 1.056726984974258556e+02 1.116172935937292721e+02 1.140843732468105145e+02 1.758823890871012452e+01 1.175883119088655064e+02 2.462865444096475542e+01 2.712709340428426330e+01 1.271272146743650069e+02 1.332256708272562662e+02 1.357559125942630374e+02 3.936183468102841942e+01 4.191504928696921439e+01 4.447076418527275621e+01 4.702898673575598565e+01 1.470292285388041194e+02 1.532765996937112618e+02 1.558910416618801662e+02 6.037413473647370665e+01 1.603744125490067347e+02 1.648668230883681645e+02 2.648680068680867521e+02 2.868491268674475236e+02 2.454265282895147493e+02 2.731618275731246399e+02 2.203013346998733937e+02 2.580979949920485410e+02 3.288100778894266796e+02 4.288139247135010805e+02 3.808379233504962258e+02 3.394145837195416107e+02 3.782113253085270230e+02 4.075019902484789327e+02 3.396713874878113302e+02 2.689584419320771644e+02
7.628124041380348608e-01 1.007628124041373212e+02 1.056726984974258556e+02 9.153177239886836958e+00 1.161724814306871423e+01 1.408431670052592466e+01 1.140843732468105145e+02 1.590098727518097519e+02 9.533935074200725523e+01 1.271272146743650069e+02 5.294698237953367226e+01 7.651720842354946228e+01 1.765174223132371196e+02 9.709687043383704008e+01 1.419152575678885739e+02 1.444709889911356413e+02 6.528640531927054269e+01 1.652915210705474749e+02 2.356327079563483551e+02 2.017964694321914294e+02 1.603744125490067347e+02 6.486653217129752136e+01 1.648668230883681645e+02 1.693751850339250211e+02 2.693764107634507923e+02 2.381636536698808584e+02 2.795861340197404843e+02 3.203031223662300135e+02 3.581005264794570735e+02 3.995239427278824564e+02 3.838513894681100851e+02 3.424282621809313696e+02 3.838513894681078114e+02 3.597334292361634311e+02 3.183104403852268547e+02 2.982485318277216493e+02 1.982471558442255457e+02
2.106757229907613160e-01 1.002106757229900467e+02 1.505746670365654154e+02 7.986386098157531421e+01 8.232793367294269160e+01 1.140843732468105145e+02 5.880567651077090829e+01 1.588057783331653923e+02 1.953396579608766785e+02 1.830983508691382724e+02 8.309811687475914255e+01 1.765174223132371196e+02 1.130320462586280854e+02 1.970973043186280904e+02 2.385194041159031144e+02 2.067251273416303547e+02 1.230216773825469545e+02 9.415391912360891524e+01 1.941721287640179980e+02 2.681467596898059469e+02 2.062889002803930509e+02 1.355772658798501027e+02 6.937488034463466136e+01 1.693751850339250495e+02 1.771613206694727012e+02 1.381628961808228837e+02 1.837055685987792799e+02 2.251277335584066464e+02 2.590643619178162567e+02 3.004869680471215929e+02 3.096860365745809531e+02 2.424260692739814544e+02 3.338499879977325691e+02 3.019970370630987873e+02 2.183087288229299361e+02 2.707448625331202265e+02 2.293224561529674759e+02
4.089467787567467871e-01 7.111962489741098636e+01 1.711196248974095795e+02 1.798639601386497020e+02 1.823280635477190685e+02 2.002273486542722196e+02 1.165407126252225822e+02 1.295163791432489404e+02 2.295166430912214821e+02 2.164318008704615579e+02 1.164314508664916730e+02 2.164318008704615579e+02 1.837428231451490035e+02 1.538568838567086345e+02 2.538574369752871576e+02 2.644719657555176013e+02 2.230332013623533669e+02 1.648682817770038866e+02 1.265982169251446550e+02 2.266417644396376829e+02 2.770005346809495563e+02 2.107972830993242610e+02 1.400856178391354945e+02 7.389935037642591453e+01 7.716099074169311223e+01 8.042784834361710011e+01 8.370521597033939543e+01 1.837055685987792799e+02 1.590633664682571862e+02 2.590643619178162567e+02 2.096843963814593224e+02 1.924258211989363474e+02 2.924271657274561562e+02 2.605744252953113573e+02 1.605735699039270514e+02 2.236655700753011899e+02 1.293218935050285268e+02
7.605404438924017185e-01 1.007605404438916850e+02 1.795790298270223388e+02 2.243003893770178081e+02 2.820354162959775977e+02 2.579625871723197861e+02 2.165409317828338658e+02 2.295166430912214821e+02 2.709383181652891039e+02 2.578537301342557271e+02 1.664314749273767120e+02 2.578537301342665273e+02 2.837436326302292855e+02 1.946817519544995605e+02 2.245677754291180293e+02 3.245689351173670048e+02 3.063971341356925677e+02 2.534648701789672600e+02 1.543332971207521211e+02 2.082673851583257942e+02 3.083957923277563395e+02 2.815089483595161255e+02 1.905664044179051757e+02 9.056601704309392176e+01 1.771613206694727012e+02 1.511385961861439284e+02 1.837055685987792799e+02 8.835261009374110586e+01 1.883529799100280115e+02 1.963337594012003819e+02 1.389735045016524566e+02 2.389741986642475240e+02 2.556625461157399286e+02 2.142402250513513877e+02 1.197487370055962970e+02 1.236650392555360867e+02 2.236655700753011899e+02
3.612262887922438326e-01 3.815767358971483958e+01 8.287903313971031594e+01 1.406140600586720950e+02 2.406140600586706739e+02 2.685664897972471294e+02 2.271451335601250889e+02 2.271451335601250605e+02 3.271451335601222468e+02 3.078542217970526735e+02 2.664321268135463470e+02 3.078542217970677370e+02 3.361048110219712726e+02 2.446819361609653640e+02 3.245689351173670048e+02 3.659912053661671507e+02 3.399936991526851102e+02 2.365499629931954075e+02 1.896897356731360276e+02 2.898175977722514176e+02 3.499034348257529246e+02 2.654519692503992587e+02 1.654509397162198354e+02 1.077158755573886282e+02 2.077163479296010564e+02 2.511395226224702526e+02 2.297751672576789872e+02 1.883529799100280115e+02 9.302021037383445901e+01 9.633335818344730228e+01 1.963337594012003819e+02 2.048988288926325652e+02 2.087478482180547701e+02 1.142397431176838865e+02 2.142402250513513877e+02 2.236655700753011899e+02 1.531534306801158323e+02
2.027203060114903810e-01 7.091339842466572918e+01 1.709133984246643081e+02 2.172934052817532518e+02 1.758720490445138864e+02 1.962844635677069220e+02 1.271451335601264958e+02 2.271451335601250889e+02 2.913949805383953162e+02 3.230177571400786860e+02 3.608142044410003564e+02 4.022355606768729785e+02 3.861056416251525434e+02 3.446833051901878662e+02 3.861056416210810767e+02 4.180954422468690268e+02 3.856251498895086343e+02 3.314277034805386961e+02 2.397049407320624539e+02 3.314264896067405743e+02 3.754563617080981430e+02 3.068751335517555958e+02 2.262859956984083851e+02 1.262854093761832388e+02 1.969962362702385690e+02 2.969977298918648216e+02 2.637320106693643424e+02 1.637309722790919295e+02 1.637309722790919295e+02 1.963337594012003819e+02 1.010579140960626319e+02 1.048983909592754742e+02 1.087473927538729868e+02 1.420807265161716373e+02 2.420814090689962370e+02 2.945767428410002822e+02 2.531541832174269189e+02
4.264044037055534364e-01 1.004264044037048365e+02 1.933888330950961176e+02 1.519674768578261990e+02 7.587204904451530751e+01 9.628446356770832892e+01 1.962844635677069220e+02 1.636599707271370789e+02 1.913949805383981584e+02 2.230177571400815282e+02 2.608142044410031986e+02 3.315248825596559641e+02 4.315248825596531219e+02 4.139302249253449872e+02 3.717086012859723496e+02 3.203996434813111591e+02 3.896093899452416167e+02 3.815926820999529809e+02 3.399312857444708698e+02 3.815970406635514109e+02 3.340234102169839048e+02 2.340206904395480478e+02 1.840204912090862877e+02 1.512854094823589151e+02 2.079353410225766083e+02 3.079370438678257074e+02 3.051546450076627366e+02 2.637320106693643424e+02 2.637320106693643424e+02 2.078468082197030924e+02 1.078463564290839969e+02 2.048988288926325652e+02 2.087478482180547701e+02 2.420814090689962370e+02 1.998158347550352119e+02 2.998172572874059938e+02 3.270216082708938075e+02
2.601976539121070298e-01 1.002601976539113906e+02 1.296067970828283933e+02 5.196747685782761295e+01 1.519674768578261990e+02 1.258720490445149522e+02 2.258720490445135454e+02 2.636599707271342368e+02 2.913949805383953162e+02 3.230177571400786860e+02 3.608142044410003564e+02 4.022355606755802455e+02 4.329517115875671038e+02 3.717554658821716203e+02 2.708604016324819099e+02 2.500445243481700572e+02 3.410816969375217695e+02 3.598073808434653529e+02 4.011518956211737645e+02 4.013412703866991933e+02 3.754585889980929210e+02 3.254495383520157930e+02 2.771063567225023121e+02 1.771052995687722387e+02 2.771063556435398709e+02 3.493610516428649362e+02 3.320942308805468315e+02 2.906718713223232839e+02 2.299332416527641101e+02 1.299326616462477091e+02 2.078468082197030924e+02 1.185984230404934863e+02 2.185989292601898626e+02 2.708999667602532782e+02 2.998172572874059938e+02 2.814663937479664924e+02 3.814692363773576744e+02
