output/example/elevation_000023.asc
nrows	75
cellsize	13.33333333
xllcorner	0
ncols	75
yllcorner	0
NODATA_value	-9999
[rows 0 to 16 of 75, columns 0 to 36 of 75]
1.369999999999999864e-02 1.001369999999996274e+01 1.212689043339577921e+01 1.340725923822854604e+01 1.340726089816213218e+01 1.474356754893804045e+01 1.888579948720956381e+01 1.672386361712235825e+01 2.086611982739997728e+01 2.564168971634851601e+01 2.978411003152874059e+01 2.974815916468167742e+01 3.389076180545799843e+01 3.838748945808600155e+01 3.899398572245863193e+01 4.313711351163644991e+01 4.124718611364984611e+01 3.710512593540922666e+01 4.124718611364984611e+01 4.111863877452105953e+01 3.818989446231066154e+01 3.662453653730381831e+01 3.771831538223612768e+01 4.186043856575297895e+01 3.584281242983815474e+01 3.170111094988034139e+01 3.170111094988034139e+01 3.154870946409185706e+01 3.154870946409185706e+01 3.567113128843617886e+01 3.978056041233764972e+01 3.928318098174550954e+01 3.508769449792893624e+01 3.508769449792893624e+01 4.516952606085852295e+01 4.683333801564871379e+01 4.270515699805197585e+01
1.279999999999999888e-02 1.066892553389458431e+00 2.126890433395816515e+00 3.407259232724776599e+00 3.407259232724776599e+00 4.743565575620233510e+00 1.474356754893804045e+01 6.723860661573584530e+00 1.672386361712235825e+01 1.564167852540041537e+01 2.158316785652924708e+01 1.974812793506508868e+01 2.838731599243461190e+01 2.838731599243461190e+01 2.899390201764942887e+01 3.899398572245863193e+01 3.624777406416656333e+01 2.710671346510839186e+01 3.624777406416656333e+01 3.111981888004207164e+01 2.819129768686354964e+01 2.662593315513883141e+01 2.771967082014877093e+01 3.588149125344965995e+01 3.170111094988034139e+01 2.170245993630810233e+01 2.170245993630809878e+01 2.164470481330780416e+01 2.164470481330780416e+01 3.154870946409185706e+01 2.977031058806912966e+01 2.977031058806912966e+01 2.513978010560901311e+01 3.214685644635690664e+01 4.218750560677700179e+01 4.270515699805197585e+01 3.275590141896878293e+01
1.299999999999999940e-02 1.001299999999996260e+01 1.212689043339584849e+01 4.955317558142002810e+00 1.340726069170586321e+01 1.474356754893804045e+01 6.723860661573584530e+00 6.723860661573584530e+00 8.266894294527842746e+00 9.868175832578719664e+00 1.158316168400381407e+01 2.158316785652924708e+01 1.838729985840356207e+01 2.192283376434906117e+01 3.192285872235495248e+01 3.806414265362057847e+01 3.210591970025880215e+01 2.210710130664945439e+01 3.210591970025880215e+01 3.111981888004207164e+01 2.112090392773051306e+01 1.955541529121567024e+01 2.955445628338020114e+01 2.588254801902175828e+01 2.499323927147028357e+01 2.085151516609351674e+01 1.463142831011133538e+01 1.462712249770765283e+01 2.205506690287425897e+01 2.667343125060018494e+01 2.572712820552373358e+01 1.986657681382254736e+01 2.977031058806912966e+01 3.784946805604904796e+01 4.198492022598420448e+01 4.278056366686089262e+01 3.566997091032416023e+01
1.369999999999999864e-02 1.001369999999996274e+01 1.909739370882660836e+01 1.495531559480249584e+01 7.970431003919634882e+00 1.797042682639016320e+01 1.672386348378902454e+01 1.379492862304672229e+01 1.533796213040640843e+01 1.986818056335535942e+01 2.158316785652924708e+01 1.430481695376291107e+01 2.430482650110538856e+01 3.192285872235495248e+01 3.606550776464296604e+01 3.392214650632257644e+01 2.392330559883160390e+01 1.877384356035635093e+01 2.877298023572235763e+01 3.526166889182657371e+01 2.577517402417907277e+01 1.577570579040305887e+01 2.234538471563897843e+01 2.010926984940499196e+01 1.588293673898637337e+01 1.085088486147690290e+01 1.085088486147690290e+01 1.085088486147690290e+01 1.139746602091394578e+01 2.084660074993982448e+01 1.581892721662226542e+01 2.572712820552373358e+01 3.082521786771971151e+01 2.791567817421192998e+01 3.784946805604904796e+01 3.865454997710101281e+01 2.872478402591749713e+01
1.290000000000000001e-02 7.083967811865485409e+00 1.708396781186555202e+01 2.211245837713450513e+01 1.797042682639016320e+01 1.130376433725295726e+01 2.130375615554814672e+01 2.379493820312890406e+01 2.533797455626782025e+01 2.430482663443872227e+01 1.430481695376291107e+01 2.430482650110538856e+01 2.137588485892197454e+01 3.137591713706390806e+01 3.702702223890903355e+01 3.125409686872017900e+01 2.575812709211592022e+01 1.575860709006694016e+01 2.575812709211592022e+01 3.050376999780447917e+01 2.991696211422465979e+01 2.234538471563897843e+01 1.234517469390269184e+01 1.010834552691379962e+01 1.010834552691379962e+01 2.010926975470172806e+01 1.085088486147690290e+01 1.085088486147690290e+01 1.872568500274865499e+01 1.217511608328740458e+01 2.210596068464872133e+01 2.588023776889934879e+01 2.093525767007898608e+01 2.791567817421192998e+01 3.784946805604904796e+01 3.844426750334893939e+01 3.432377074288886121e+01
1.299999999999999940e-02 1.001299999999996260e+01 1.862727157873042216e+01 2.440077427062665905e+01 2.544571329122651093e+01 2.130375615554814672e+01 1.508340906734419562e+01 2.508339296063851620e+01 3.369709095203684512e+01 2.844723993131543338e+01 1.930481709167229099e+01 2.844166470836804805e+01 3.137591713706390806e+01 3.551859473704219994e+01 3.288509581018698213e+01 2.288630075877867398e+01 1.711293225484976688e+01 1.333287099455846381e+01 2.050445553351294947e+01 2.050445553351294947e+01 2.800394090903119704e+01 2.354576968130897896e+01 1.940385882490522462e+01 1.010834552691379962e+01 1.010834552691379962e+01 2.010926975470172806e+01 2.085151529942685045e+01 1.852568345226204016e+01 1.765008448469391311e+01 2.107443121375582606e+01 1.297478111451493632e+01 1.598494292471118783e+01 2.588023776889934879e+01 3.210250318998856045e+01 3.210250521213415453e+01 3.432377074288886121e+01 2.443556809114129891e+01
1.299999999999999940e-02 4.485135954999571517e+00 1.025863864689580751e+01 2.025863864689573646e+01 2.772231442909800236e+01 2.922522224631038057e+01 2.508339296063851620e+01 1.955554502214076962e+01 2.955546794199096539e+01 3.344966082603167479e+01 2.930500868849584606e+01 3.344916315625783199e+01 3.497728823582236402e+01 3.083842922795375330e+01 3.287053017978077918e+01 3.125409686872017900e+01 2.711228878850675272e+01 2.050445553351294947e+01 1.050373824826768931e+01 1.800427621220164198e+01 1.800427618768700100e+01 1.870278492103702206e+01 9.402799386008741322e+00 1.940385882490522462e+01 1.718048969950659455e+01 1.545637903123259704e+01 2.552464015150978938e+01 2.866104067189010607e+01 2.371286407984966615e+01 2.680478822044897314e+01 2.289669411512772257e+01 1.379288312664542993e+01 2.370764121223654186e+01 2.221796475869707166e+01 2.221796489360372462e+01 2.573538057386100064e+01 2.639276090719042145e+01
1.290000000000000001e-02 1.001289999999996283e+01 1.650911099350163269e+01 1.358017880536715261e+01 2.065124661723257660e+01 3.065124661723250554e+01 3.369709095203684512e+01 2.662661205388102204e+01 2.662661205388102204e+01 3.662649676919195940e+01 3.875443062681983974e+01 3.298475032102907534e+01 2.884572005399103034e+01 2.084239314495801310e+01 2.287544351599947134e+01 2.994237262309172820e+01 3.050376999780447917e+01 2.050445553351294947e+01 1.800427621220164198e+01 8.003143548462787749e+00 1.800427604426027983e+01 8.701659811986969473e+00 1.870278492103702206e+01 2.354576968130897896e+01 2.717997028516156632e+01 2.552464015150978938e+01 2.257836476771002410e+01 3.290004788206425701e+01 3.359789329317283091e+01 2.903093067591736087e+01 1.910500921735213709e+01 2.366874168392642019e+01 1.462493171874010933e+01 1.521631263768649411e+01 1.521631263768649411e+01 1.584503270246261764e+01 1.651019057238580601e+01
1.349999999999999985e-02 3.175777660168375593e+00 6.509110993501702858e+00 1.358017880536720057e+01 2.358017880536726807e+01 3.017432657026954956e+01 3.431646219400062847e+01 3.662649676919195940e+01 3.662649676919195940e+01 4.076756985019263624e+01 3.461589626535508302e+01 2.462165789864725340e+01 1.884873563029405830e+01 1.506887366321072896e+01 1.580487935724547199e+01 2.494401394446220976e+01 2.647574705248692339e+01 2.217899589309432784e+01 2.151375323409694218e+01 1.737174888689909835e+01 8.003143548462787749e+00 1.800427604426022654e+01 2.146316411939642066e+01 2.560500581475605486e+01 2.653188230250973234e+01 3.067366114814821643e+01 3.297799148797181346e+01 3.732419383843223670e+01 3.615668388687963386e+01 2.611651480637435085e+01 2.903057759546566885e+01 2.860906096283867939e+01 2.453175741884703243e+01 1.717487660014518980e+01 2.502809714474447844e+01 1.784086506725827803e+01 2.639235771249936491e+01
1.379999999999999977e-02 1.001379999999996251e+01 1.650911099350163269e+01 1.956772485247127591e+01 2.310325875840402432e+01 2.017432657026948206e+01 3.017432657026954956e+01 3.072008992585428544e+01 3.072008992585428544e+01 3.486234380616949835e+01 3.736497198353892202e+01 3.298475032102907534e+01 2.657610532347194621e+01 1.657836641771938346e+01 1.080429804505076952e+01 1.771796135870809863e+01 1.993252956181440894e+01 1.207538174795500296e+01 1.674236276986085770e+01 7.370647033140150128e+00 1.737174888497420611e+01 1.000359811101033358e+01 1.146269329403534698e+01 2.146316411939642421e+01 1.653252006387668871e+01 2.653188230250973234e+01 3.383564676995794684e+01 4.128716323894490614e+01 4.049134961299819935e+01 3.622448094079104663e+01 3.822552674745404033e+01 2.989482351429408524e+01 2.003528553220381170e+01 2.704922113326367850e+01 2.968351193962713452e+01 1.986525506787582174e+01 2.971841833881997275e+01
1.290000000000000001e-02 1.001289999999996283e+01 1.509558889747157906e+01 9.567724852471210184e+00 1.310325875840395859e+01 2.310325875840402432e+01 2.779100623077418319e+01 2.071966865537886804e+01 2.071966865537886804e+01 3.072008992585428544e+01 2.736447216600927135e+01 3.443593055848579354e+01 3.071547383512329077e+01 2.494401394446220976e+01 1.771796135870809863e+01 7.717733694651683685e+00 1.294197293070007682e+01 6.298930977998223213e+00 6.741310575832650365e+00 1.674236276986085770e+01 2.151375304150520762e+01 1.707565166735998829e+01 2.146316411939642421e+01 1.364544318823085156e+01 2.364531506241005232e+01 1.969481718147093474e+01 2.969385601522263940e+01 3.128862538965881868e+01 4.128716323894490614e+01 3.984120636087848766e+01 2.991561975054977651e+01 2.422363863292029862e+01 2.989482351429408524e+01 2.442848490047767029e+01 3.382958310793745937e+01 2.971845080844910214e+01 2.304872799872321920e+01
1.359999999999999924e-02 2.513600000000002055e+00 5.095588897471616363e+00 1.509558889747157906e+01 2.310325875840402432e+01 2.331864663940751825e+01 1.917633746765143954e+01 1.364816340675560191e+01 2.364872423077891739e+01 2.943566847154569288e+01 2.029305364094441089e+01 2.943566847154569288e+01 2.629876480126861082e+01 2.215650427495860342e+01 1.567733885761449031e+01 5.676353837974462024e+00 5.676353837974462024e+00 1.552280128421399041e+01 1.673188746052509401e+01 1.674236276986085770e+01 2.674220475842812661e+01 2.707517938597744234e+01 2.364531506241004877e+01 2.364531506241005232e+01 1.756808839828645219e+01 2.756734694215003145e+01 2.312466372246730373e+01 3.312339127072634426e+01 4.260982074442381418e+01 4.395851453731474834e+01 3.822552568264664075e+01 2.862552555745620708e+01 3.761759016134865874e+01 2.770480877581541534e+01 3.761759016134865874e+01 3.642622296129583503e+01 2.651379083800452818e+01
1.349999999999999985e-02 1.001349999999996321e+01 1.509558889747157906e+01 1.923772452120246612e+01 1.966692700444513164e+01 1.552458348292439716e+01 9.175597308179566980e+00 1.917633746765143954e+01 2.779100623077418319e+01 2.529330219412664604e+01 1.529269054179753518e+01 2.529330219412664604e+01 2.215650446363024884e+01 1.215578986282320351e+01 1.508493140077949235e+01 5.676353837974462024e+00 5.676353837974462024e+00 7.858693229248592260e+00 1.785974776632823335e+01 2.435576314474711168e+01 2.789138494367373511e+01 3.203361760959927551e+01 3.364430273209032407e+01 3.058214615663613500e+01 2.058318834392754582e+01 3.058214615663613500e+01 2.759644694076247262e+01 2.846939019612874233e+01 3.424185453512885147e+01 4.424037661415256650e+01 4.266528854373535040e+01 3.434901770263517307e+01 4.172452829758132964e+01 3.265442963711579694e+01 4.172452829760403148e+01 3.460092593819459239e+01 3.351364182529369629e+01
1.319999999999999993e-02 7.084267811865462505e+00 1.708426781186539145e+01 1.642227576018895618e+01 1.227990739387237795e+01 5.523820123698947704e+00 1.552458348292439716e+01 2.331864663940751825e+01 2.431655645262278043e+01 2.195976497668360850e+01 1.195896335191927840e+01 1.769540883562339317e+01 1.863900084953963443e+01 1.449664153914063824e+01 5.084003752978232704e+00 1.508493139152333207e+01 1.274820443753017329e+01 1.785974776632823335e+01 1.119256278882236444e+01 1.435530388875133667e+01 1.789113634474577808e+01 2.366483553843696086e+01 3.366495880157714282e+01 3.411719704942129994e+01 2.411856321690952853e+01 3.411719704942129994e+01 3.259563463395118532e+01 3.846772720032980430e+01 4.260982074442381418e+01 4.838286346580763109e+01 4.840266673659282048e+01 4.428448028962338157e+01 4.668512997420891963e+01 4.258075068558153475e+01 4.668512997425101929e+01 4.162924092851091729e+01 4.345781584134425657e+01
1.299999999999999940e-02 7.084067811865485176e+00 1.708406781186555179e+01 1.227990739387237795e+01 2.279299090322823407e+00 1.227990726053904424e+01 1.642227562685562248e+01 2.138735709904148052e+01 1.431583870081291110e+01 2.138735709904147697e+01 1.769540883562339317e+01 7.694424469251205601e+00 1.391539205014338521e+01 4.495768140855149753e+00 1.449664153914063824e+01 1.922728374448140087e+01 2.274889455375144465e+01 2.533559490961581417e+01 1.619315548435603702e+01 2.119334025508116781e+01 2.789138494367373511e+01 3.203361760959927551e+01 3.780722319241172613e+01 3.825908469516269861e+01 2.989139769428040339e+01 3.825908469516269861e+01 3.966519318143996031e+01 4.673629790521952287e+01 4.907193118748162419e+01 4.493912461499588318e+01 4.907193118748162419e+01 5.037283632503839215e+01 5.028688698216711117e+01 4.614430786026423448e+01 5.028688698216711117e+01 5.159404115990675166e+01 4.565943859147662920e+01
1.349999999999999985e-02 7.084567811865484899e+00 1.708456781186555062e+01 1.593757939435819893e+01 1.179526174482395895e+01 2.279299090322823407e+00 1.227990726053904424e+01 1.277243121011558280e+01 7.244055794809243665e+00 1.277243147689223868e+01 1.691446160584072445e+01 1.334274434759627681e+01 3.914529881628015850e+00 1.380985723986018066e+01 8.968281001088890036e+00 1.603942042214332275e+01 2.603411639889889884e+01 3.033576106418919593e+01 2.619352502580629505e+01 3.033576106418919593e+01 3.533588227539647875e+01 3.184013785772630456e+01 3.562093197189594207e+01 3.976470686483332173e+01 3.988974631983963093e+01 4.403193479123542886e+01 4.966453190883125757e+01 5.053748433251229244e+01 4.409559604417788137e+01 3.499672988633358273e+01 4.409559604417788137e+01 4.038708276993907020e+01 4.038708276993907020e+01 3.617250149321071717e+01 4.529669813640609277e+01 4.973812927313615972e+01 4.095490964670045742e+01
1.369999999999999864e-02 1.001369999999996274e+01 1.545430677870966463e+01 1.131203970234769152e+01 1.794797507207338549e+00 1.179526174482395895e+01 2.771665054284211838e+00 2.771665054284211838e+00 2.771665054284211838e+00 2.771665054284211838e+00 1.277241290894113313e+01 3.341931537213521874e+00 1.041356208046905074e+01 1.800565464585758590e+01 1.603907087395321795e+01 1.529312683208627810e+01 2.236212117945129663e+01 3.235273602876539911e+01 2.991421981906356109e+01 3.206027731730955566e+01 2.791670628205529781e+01 2.183731077611594529e+01 2.561789099279690518e+01 3.061932026320880951e+01 3.769283629979084083e+01 4.769548300326827217e+01 4.803828916243932667e+01 4.390891672056267936e+01 3.646282503206731462e+01 3.005400106057572174e+01 3.996792725066475072e+01 3.955381629428275403e+01 3.046489349291258364e+01 3.122956797010924035e+01 3.563822171450450327e+01 4.268817549382033150e+01 3.682119768744389177e+01
