output/example/elevation_000019.asc
nrows	50
cellsize	20.0
xllcorner	0
ncols	50
yllcorner	0
NODATA_value	-9999
[rows 17 to 33 of 50, columns 0 to 36 of 50]
9.098509734387574266e-01 9.597765482504167167e+00 -3.217389197903477793e+02 3.891334251461063265e-01 4.591889915583533543e+00 9.583411766835878254e+00 1.318555737718583920e+01 1.752247028192851985e+01 2.338023789011019815e+01 2.157285013655596728e+01 1.141197756969938659e+01 4.772011843411295473e+00 4.697949324653170500e+00 1.387808634002598041e+01 1.158239933594745530e+01 -7.688015608171356519e+01 1.090374755294217834e+01 1.667989074788823745e+00 1.760579935027861254e+00 2.004289259319449457e+00 2.423814076091030945e+00 1.211429369176411619e+01 1.234185857631027794e+01 -2.629462838395689914e+02 2.931830938273649600e+00 8.039526921310219620e+00 1.542645413089991990e+01 1.606344034286190947e+01 1.001059936143348494e+01 7.082258319648479628e+00 1.147979819645933119e+01 1.779165270717480141e+01 1.503349283608562104e+01 -9.371798206799669018e+00 1.313864460189834560e+01 -3.087430038831467272e+00 1.069360342794230156e+01
6.729603419142361487e-01 1.067296028303109878e+01 6.584284617311835675e+00 1.011672898586471447e+01 -2.448905356787240066e+02 3.425714407533326789e-01 3.242956344110942357e+00 9.046313654839151397e+00 1.923723829703163801e+01 2.096373770948189019e+01 1.517675950979865718e+01 8.363691430506117186e+00 3.130890728829283987e+00 1.085518283782896809e+01 1.019249260450570205e+01 1.525936338282394722e+00 1.600633056320882819e+00 -1.522235848166782830e+02 1.028187848942950566e+01 -3.374029328015735700e+02 1.171617556404313731e+01 -3.171372354587408626e+00 1.053012398112403680e+01 -2.588597109947672266e+02 1.728133983940176588e+00 6.658640816582507505e+00 1.693390232649236182e+01 2.344520240864935090e+01 1.982484254572716154e+01 1.209214396763003840e+01 2.127178675401381014e+01 2.216695847202890590e+01 1.291835027329731211e+01 8.696882107383686389e+00 1.721151708473400888e+01 7.998380776054808905e+00 8.749845540310872138e+00
9.500813129397378543e-02 1.009500808929738191e+01 1.620861880893346907e+01 1.009131690457456365e+01 -3.941686517713642388e+02 3.576067926522039087e-01 6.379784199610243789e+00 1.460854037727715493e+01 1.804315292914385083e+01 1.681150711447059720e+01 6.790729261813532425e+00 -3.436844747908502313e+02 6.323118071533706086e+00 -2.466440937196532559e+02 8.480605478098581784e+00 -8.885802566035219741e+01 5.183833540052056321e+00 2.504961944278237151e+00 1.310911780565495199e+01 1.200819581719620643e+01 4.314536795679321912e+00 2.364575724531911227e+00 2.615778644317344526e+00 6.573080561724082393e+00 1.208054627534695769e+01 1.537896923398684024e+01 1.697586904088631954e+01 2.679352425125770765e+01 2.629228413869350689e+01 2.226655758259945017e+01 2.629320942811373385e+01 2.385031065058117150e+01 1.426259515144249690e+01 1.216361443128306519e+01 1.941639721529020690e+01 1.096178175773963126e+01 1.149634864562393410e+01
5.074168083889973868e-02 7.121809492816446152e+00 1.712180969000185726e+01 1.444698398550700169e+01 5.853797796639205409e+00 1.021899324288173716e+01 -1.978610459852074825e+02 8.546918354614895463e+00 9.187766762441174961e+00 1.070730273135008126e+01 9.686885678944827660e+00 7.687648377836517888e-01 1.151498658154198607e+00 9.250972260053584861e-01 1.430528162945830406e+00 8.443420502541711059e+00 1.530614110991910692e+01 1.311008255912964238e+01 1.723922091751513008e+01 9.423303814478273921e+00 4.023157104836168507e+00 -1.307365120952823077e+02 3.569376804446174223e+00 3.141334597413460994e+00 3.482824945499842784e+00 1.297285796288960569e+01 1.812480720937716683e+01 2.339263249614239371e+01 2.294245093496781251e+01 2.716992175694650413e+01 3.274536030990616808e+01 2.793673115217596248e+01 2.385214271646812989e+01 1.673304784746191842e+01 2.548586708446482163e+01 2.055691913066500121e+01 1.482311903469978631e+01
2.528005767708579876e-01 7.323868388632879700e+00 1.732386827176150845e+01 1.974949211796582560e+01 1.561359528073635161e+01 9.420497461291645891e+00 7.124163586413214677e-01 9.230163528513785076e-01 9.639962506836200262e+00 -1.490250053081657029e+02 9.669830747669774240e+00 -1.946491789611343393e+02 8.666942948451383799e+00 -3.972018917967156426e+02 9.689301731969459652e+00 1.563309425111915019e+01 2.257512238726272358e+01 2.083608654673157190e+01 1.091093265806251722e+01 6.544800204368141472e+00 9.482629705926420627e+00 7.700834128224169461e+00 1.131875610987320968e+01 3.388983178490950543e+00 3.301470103012499990e+00 4.202330818664103518e+00 1.369551897706573307e+01 1.390661094878399950e+01 1.376653142286402343e+01 1.908838801622579240e+01 2.863531307841556739e+01 3.352155770920335698e+01 3.042824587241826961e+01 2.633917202849918127e+01 3.042796719242951653e+01 2.662395855679380574e+01 1.879171587532878718e+01
9.791283598286071310e-04 7.072046940224212541e+00 1.707204684218987722e+01 2.205705490589531692e+01 1.205398067305923071e+01 4.985468582620559808e+00 -4.593323735771356837e+02 8.518795313691741811e+00 -1.194981447579657008e+01 1.049843895356620704e+00 1.086862116461962291e+00 7.099663704116712104e+00 1.511380369749351438e+01 9.596482139060759309e+00 8.284511437914337861e+00 1.828171894012876919e+01 2.553437615858126009e+01 1.551503889336851749e+01 8.844627025256052377e+00 8.317627527778110874e+00 1.829314000270099783e+01 1.484110941008701623e+01 1.781162197284648840e+01 1.144559081414127455e+01 2.789468892200710926e+00 3.240426599334726099e+00 9.430379423017196672e+00 8.562225299736081041e+00 1.266016312357803031e+01 2.208009940642087798e+01 2.413580842438885909e+01 2.345688240958157422e+01 3.352155771981689014e+01 3.435735046241634905e+01 3.841342972418036084e+01 3.268057518400124906e+01 2.445005283954786179e+01
4.600753433092569233e-01 7.531143155167489667e+00 1.753114301913416284e+01 2.498629863847509824e+01 1.498379616610462683e+01 1.287894717245667664e+01 6.560989221816273087e+00 2.151813504558941048e+00 8.553559248839318840e+00 -3.299995386234117518e+02 7.300526283956748408e+00 4.199447373299481256e+00 9.093235057449463810e+00 1.903967137799008569e+01 1.828178666577704448e+01 2.243138499205573311e+01 2.539949611948231833e+01 1.545117747400024832e+01 1.100187052912832897e+01 1.525211131319764135e+01 2.241829532988291263e+01 2.490459458625095479e+01 2.100713794771891330e+01 1.069350016095829581e+01 1.067479831746333296e+01 3.926228289920835834e+00 4.335147217944626874e+00 1.115665536716245754e+01 1.901035530272378082e+01 1.758015790577718107e+01 1.516553718251848082e+01 2.413580890859016037e+01 2.636946665091106112e+01 2.439221060255238172e+01 3.136647578452836527e+01 3.545630584992863987e+01 3.428369791220710994e+01
5.979472710492108600e-01 7.669015082905557001e+00 1.766901493349998731e+01 2.630192190404794772e+01 1.630180140207698614e+01 9.203370259279809673e+00 5.227937370728999333e+00 8.002420386796552876e+00 5.420593675292530556e+00 8.626240713455050724e+00 1.485059640024085503e+01 8.991238122905258479e+00 8.002423559821764343e+00 1.302162399824439554e+01 2.302769168467578353e+01 3.095214144001628753e+01 2.099832057526167262e+01 1.424115487934837709e+01 1.371893309056155275e+01 2.354758161018273555e+01 2.937177436653043827e+01 3.154293482275558702e+01 2.101473802461059748e+01 1.866529053906070246e+01 1.319324803513844380e+01 4.803134471919229931e+00 4.649493214527139706e+00 5.212686108396354712e+00 1.292401429935228663e+01 9.295189621503418209e+00 1.410683514924223125e+01 2.426867799865248543e+01 1.615500937067535148e+01 2.071091286546567645e+01 2.141875779874731833e+01 3.136690335436690091e+01 3.786903036633458441e+01
1.534601171854249602e-01 7.224527929043407681e+00 1.722452776371964944e+01 2.536253007773605361e+01 1.717531888947660335e+01 7.088220904909777076e+00 7.867002320766132151e+00 1.541128879342068814e+01 1.019637247143795733e+01 1.119716790221812275e+01 2.099300665745805361e+01 1.879989733971963517e+01 1.108912762305964961e+01 1.301377745042674583e+01 2.278761493432782714e+01 3.111233109480750514e+01 2.118103717024819943e+01 1.781392952921462225e+01 2.069015537123869564e+01 2.784403114366416787e+01 2.856374212832351134e+01 2.429502927347992980e+01 2.248138594881413610e+01 1.571219948888047924e+01 6.768826085659229719e+00 5.847535101633103416e+00 7.271225531944108589e+00 5.636541553072546229e+00 5.893498394647020078e+00 6.437858147421355426e+00 1.585225203072902289e+01 2.231627493496539572e+01 1.714457237501722986e+01 1.430858863822368399e+01 2.035233194787498334e+01 2.359709115956976788e+01 3.366401379295528073e+01
1.123418600940028211e-01 8.562027550164518885e+00 1.123507538538004802e+01 2.122285081344950441e+01 2.132254391702137752e+01 1.698252747446933242e+01 1.102408105026727725e+01 1.799325513936578957e+01 2.019767889501105884e+01 1.696911830760654283e+01 2.533737523766552968e+01 2.522605483099425072e+01 1.685912882740492336e+01 1.878008905608582779e+01 2.713463808550145728e+01 3.523615844058036117e+01 2.588763028396778765e+01 2.462636805188862610e+01 3.063425773186975221e+01 2.638166383297213358e+01 2.203728145508631187e+01 1.477568549527077302e+01 1.759655286878558300e+01 1.098903979111130091e+01 6.598904719719477008e+00 6.373150219930877824e+00 1.664904343928442998e+01 1.316306390977689844e+01 6.158062969653856911e+00 6.327677042150582132e+00 1.506997296070891856e+01 1.300528823979204063e+01 1.159554180238018795e+01 1.643523422752293683e+01 1.536975918738406399e+01 2.073542973777564313e+01 3.077781685886166230e+01
2.368195578726151052e-02 3.185959615955637592e+00 8.750070091425206087e+00 1.583503563577297868e+01 2.583679302551682966e+01 2.515646783153987442e+01 1.565630908542534350e+01 1.734230918190706916e+01 2.720240085080567738e+01 2.696665610274395064e+01 3.111062035981751350e+01 3.099833905852590732e+01 2.685715337281586912e+01 2.875927432807611694e+01 3.289848692065999103e+01 3.981240530441686332e+01 3.572002276717473279e+01 3.393341190132796470e+01 2.906491821223887229e+01 1.916861595926543771e+01 1.282905302209392318e+01 -3.309571495594897161e+00 9.877735565338502610e+00 8.306057973323344612e+00 7.486952332539786426e+00 1.528741686223893659e+01 2.111494235415261045e+01 1.408434329277142005e+01 1.496983108407309793e+01 6.724486019733546982e+00 7.238113726013355453e+00 8.916950040848968584e+00 1.293202538544258751e+01 2.158479511233345960e+01 2.091762101315028133e+01 2.076192502949288610e+01 2.705398543427700986e+01
6.540601710037032834e-01 9.329345245761917482e+00 1.120109145810320861e+01 1.828262125077807809e+01 2.828968134578984461e+01 2.982339982953970292e+01 2.568204759122195213e+01 2.440868181180500684e+01 3.147949476604724595e+01 3.256598740026113603e+01 3.051155200285400682e+01 3.113144324956291698e+01 3.404403104572582350e+01 3.537753915847411434e+01 3.222387993431349429e+01 3.342004252573200063e+01 3.755880377047266450e+01 3.564092732171452838e+01 2.426427232977091819e+01 1.714797987272168456e+01 1.279494821893387169e+01 1.587710622094592949e+01 1.245929612380605711e+01 8.605476483877469107e+00 8.156504953679347025e+00 1.984106837626721287e+01 2.829054834016661246e+01 2.414802700176831252e+01 1.770944850999710596e+01 6.956077495504533914e+00 7.037803703807330002e+00 8.183921415822338119e+00 1.521710270802507736e+01 2.524189309420937732e+01 3.100328693973860794e+01 2.951495932952059320e+01 2.898390719243126057e+01
4.909850854147627119e-01 3.337082159674177095e+00 1.281307503878918830e+01 1.822743183053054139e+01 2.018820612453086127e+01 2.638780747388918257e+01 3.128934644930438935e+01 3.440813264650741843e+01 3.256598740239060419e+01 2.254378527822822065e+01 2.052693329934477973e+01 2.124934462766869459e+01 2.414234451167763140e+01 2.547486194816660188e+01 2.235399586877691647e+01 2.351101255137677981e+01 3.201996821491496803e+01 3.696612345983491110e+01 2.926955252936175000e+01 1.916970957702961087e+01 2.054625554935162768e+01 2.111468020048389960e+01 1.346677682499949569e+01 9.848457487769522345e+00 1.408439231843928319e+01 1.890122776655790204e+01 3.136983920303821805e+01 2.807058538887619648e+01 1.784810472605145293e+01 1.290686096041901010e+01 8.040386302555159403e+00 8.449630343317643622e+00 1.732263124885109562e+01 2.262383307790786446e+01 2.491808437414321986e+01 3.512083522001134384e+01 3.908204894081799097e+01
3.962370847149454534e-02 7.120453634491374473e+00 5.637135405844028391e+00 8.480847735876018589e+00 1.226919106102814183e+01 1.677116081832789618e+01 2.411529382496902585e+01 3.505633206791497969e+01 3.064476084514218712e+01 2.053995297220458838e+01 1.439497980009563172e+01 1.424223697418351442e+01 2.302896629277484664e+01 2.096722260463641518e+01 1.558350819837826684e+01 1.804936502555343836e+01 2.291874292403664981e+01 3.281337665787593494e+01 3.373018607509098388e+01 2.925054739588375341e+01 2.569029034764988140e+01 1.584209724060543500e+01 1.060192268750570932e+01 1.121932808714880103e+01 2.091347637057915776e+01 2.715619531727495328e+01 3.496191075690882855e+01 2.853370045048473003e+01 1.849569476160935366e+01 1.284671100314906411e+01 1.351558989694849622e+01 9.118024127614049235e+00 9.876262895332100555e+00 1.478227351328986039e+01 2.488893266819450645e+01 2.957671261146488106e+01 3.051525654249612884e+01
2.605283927408929001e-01 2.392536225247961834e+00 9.316043912050211873e+00 7.631149140796390284e+00 1.239697549014840661e+01 2.230001869389369418e+01 3.128939392115917073e+01 3.213453695927526610e+01 2.895025403296707012e+01 2.414908836129973935e+01 1.419439490357395961e+01 1.082563158425200989e+01 1.468061493850239607e+01 1.368192418467879001e+01 1.594279491611266586e+01 1.800252658494867219e+01 2.213600172457799431e+01 2.781201642166838184e+01 3.778214469902096084e+01 3.174922668209729792e+01 2.208743068657248543e+01 1.622644420623538863e+01 1.694108522739047018e+01 1.284867910280087422e+01 1.614836393172161522e+01 2.589467263162859823e+01 3.185332411562188426e+01 3.269025256040710303e+01 2.700775484438799978e+01 1.852160225019062523e+01 2.004430034649290704e+01 1.005096949784037719e+01 9.945481052130135780e+00 1.078217773482850284e+01 2.132896893808552363e+01 1.959547352842633217e+01 2.056028308266151683e+01
3.048053885361223792e-01 8.936852804196941946e+00 1.654643857341881130e+01 1.600929311394249765e+01 1.475400235752346845e+01 2.484485399817577189e+01 3.391118579694716573e+01 2.890149117073615059e+01 1.941112036480991421e+01 2.080489462250077537e+01 1.924649188192012161e+01 1.004589605454431833e+01 1.093578082034933807e+01 1.644657206416437845e+01 2.561086057845381347e+01 2.612059733850584564e+01 2.481405970226130719e+01 3.473373684226242375e+01 4.191840289082413307e+01 3.584032999320009338e+01 3.034161193998243178e+01 2.209368290520546907e+01 2.512722541229520701e+01 1.559312940426940663e+01 1.480372725829524327e+01 1.815404174285886540e+01 2.767193594611345020e+01 3.400828565628805933e+01 3.269103625934194923e+01 2.853503387318420792e+01 2.419183811828787256e+01 1.781324187008135596e+01 1.045077695633480452e+01 1.120836986715236527e+01 1.359716771721491391e+01 -4.740237699791252624e+01 1.480322666280201993e+01
5.470844782054917754e-02 4.526844402820135116e+00 1.030034709472104204e+01 2.030034771606553434e+01 2.484485400836245717e+01 2.902171669704745582e+01 2.768433668135702774e+01 1.992534615965964662e+01 1.820750592052373662e+01 1.245387784250423202e+01 9.364910417218062832e+00 8.689039071270201475e+00 1.779392147438827720e+01 2.504346887822157441e+01 2.490968725208333012e+01 2.905412225340864651e+01 3.473378322606134816e+01 3.887294351503476975e+01 3.947062069364181980e+01 4.360930755763546074e+01 3.586102126965081283e+01 3.177447680913840600e+01 2.937550620281431790e+01 2.130875598103426327e+01 1.824460512355552311e+01 1.754454735535361820e+01 2.035620060909397111e+01 2.711289777815087376e+01 3.675246645483154850e+01 3.188500880887144362e+01 2.258643681400507575e+01 1.594247480437816833e+01 1.853012916205376470e+01 1.374213394636792529e+01 1.260896464686434193e+01 1.344583491885334858e+01 1.438270544042767796e+01
