output/example/elevation_000068.asc
nrows	75
cellsize	13.33333333
xllcorner	0
ncols	75
yllcorner	0
NODATA_value	-9999
[rows 51 to 67 of 75, columns 0 to 36 of 75]
1.369999999999999864e-02 3.793344730092268247e+00 8.793344730092284678e+00 1.586441254195778328e+01 2.586441254195785078e+01 2.574054950055661450e+01 2.988269382000634877e+01 3.310505257281516833e+01 2.317083705888533274e+01 1.619821628630008448e+01 2.057532842698148912e+01 1.051515798323532103e+01 2.057576716748327428e+01 2.642187945027125195e+01 1.623408641856228840e+01 1.487281064431061317e+01 4.860798103733473319e+00 1.186658778962092953e+01 2.213048858647312755e+01 2.107796674117627944e+01 1.707509906764325436e+01 1.398197478394562232e+01 4.639819867449800128e+00 1.148505473508174113e+01 8.710802665463745598e+00 8.710792960131024998e+00 1.148548844323041074e+01 6.611158072282503184e+00 2.317515526307832641e+00 1.138165272328123123e+01 2.572593068599219990e+00 2.572593068599219990e+00 2.763586975313801375e+00 8.885890630563453740e+00 1.716639131552208042e+01 1.940364142834234684e+01 9.076012278657758614e+00
1.290000000000000001e-02 1.001289999999996283e+01 1.793548035382312023e+01 2.125499942253692964e+01 2.540220591356423085e+01 2.154440483331314837e+01 2.597077572639424758e+01 3.231781041421586309e+01 2.584454103240372191e+01 2.605257745433536698e+01 2.306693251103784803e+01 1.310227113675072630e+01 2.306693251103784803e+01 3.050734106716500804e+01 2.545453554438012844e+01 1.622596465306088476e+01 6.102249185459380776e+00 1.052792825452697301e+01 1.648085747620262964e+01 2.678429057147564762e+01 1.906868442059617763e+01 9.553382707423780928e+00 1.118427202530469167e+01 1.222468863154933771e+01 1.819023305118286160e+01 1.818999752933209990e+01 1.354332302592161952e+01 4.067145708526558323e+00 1.271080840969469072e+01 1.191122346005661115e+01 3.031419313867672383e+00 4.026675328228464856e+00 1.409189636419184488e+01 1.432869613023236965e+01 2.223972921210116382e+01 2.365708788446925581e+01 1.992238431812074850e+01
1.329999999999999932e-02 1.001329999999996190e+01 1.395186407937496398e+01 1.124121248914822502e+01 1.553768659507921512e+01 1.125694607427392668e+01 1.714217966753474442e+01 2.794104654432351609e+01 3.527984580838532480e+01 3.297664599389172224e+01 2.306643436156213056e+01 1.616052120811288617e+01 2.604681800139936598e+01 2.972796436397454656e+01 1.858150188730798646e+01 1.107085050024758210e+01 7.595151104870487835e+00 1.782139740139533046e+01 2.505389011131852328e+01 3.096726221298028747e+01 2.313451283789173019e+01 1.425908842433417689e+01 2.073622672811698919e+01 2.180130311164310797e+01 2.587117091164917326e+01 2.100930168828167410e+01 1.490733918829785409e+01 5.381577067402718129e+00 1.490721420759426863e+01 1.281428729083520679e+01 3.390424770439717239e+00 1.060068558725641275e+01 1.977099628367382422e+01 2.587482650743965706e+01 2.527053374458118995e+01 2.683793936180308393e+01 2.770167841925630725e+01
1.369999999999999864e-02 1.001369999999996274e+01 3.820790914578244379e+00 5.464789307423459697e+00 5.464789307423459697e+00 1.551057377672386473e+01 2.060143096933699525e+01 2.414224479425064374e+01 2.828553443340573992e+01 3.328898265160115244e+01 2.933778466722835532e+01 1.946488466974140863e+01 2.933778466722835532e+01 2.828379613389443392e+01 1.830608938402496477e+01 1.937662332379777297e+01 9.159128034689892672e+00 1.947142062514555505e+01 2.464727934934471776e+01 3.479730294841228755e+01 2.800008242793308000e+01 2.388034686092066750e+01 2.797361459688000451e+01 2.474240657517074027e+01 2.058345337668830055e+01 1.691377988005294242e+01 7.502530990583978543e+00 1.490734191077354254e+01 1.858385669681284469e+01 1.289832019980138256e+01 3.764057709574742727e+00 1.031860209721589072e+01 1.925524538409499797e+01 2.330633676197290427e+01 1.677112038296759877e+01 2.332382598415773245e+01 2.619051421081945819e+01
1.319999999999999993e-02 1.556233503541333940e+00 1.133276949276734591e+01 1.540865689334846245e+01 5.464789307423459697e+00 7.700939831591849583e+00 1.058841599230776076e+01 1.412731092842240521e+01 1.913709397579538063e+01 2.914739561317270500e+01 3.345172002709666970e+01 2.437443022347327926e+01 3.345172002709666970e+01 3.236416668390249640e+01 2.827018901974596687e+01 2.143357950308784154e+01 1.105081386525470677e+01 1.429540688688056882e+01 2.166023246242928835e+01 3.185888123136325945e+01 3.609048655067532252e+01 2.578521793330079248e+01 2.578167322100902226e+01 2.058087273138655959e+01 1.129434492889654607e+01 9.721021358636331655e+00 1.691378006092324426e+01 2.100976181193543013e+01 1.980443383312676175e+01 1.378962016610706343e+01 4.206426402996832792e+00 1.341767366908215919e+01 1.803842701022648498e+01 1.541003533264876957e+01 1.085344870888888202e+01 1.381958735931511484e+01 1.701368269011229017e+01
1.349999999999999985e-02 1.001349999999996321e+01 1.550500195043633767e+01 1.943310181730920405e+01 1.547353697439619680e+01 1.477851719077391479e+01 1.403090567971149483e+01 2.060143096933699525e+01 2.828553443340573992e+01 3.328898287695839286e+01 3.841625467043579079e+01 3.430113911098342072e+01 3.841625467043578368e+01 3.377733601797171303e+01 2.362741522568932240e+01 1.626690343545125117e+01 1.348170107941207441e+01 2.388584162545058476e+01 2.277953351210139488e+01 3.295816683267682379e+01 3.517769688935138817e+01 2.578521875986402279e+01 1.591129410635826780e+01 1.352945773382106687e+01 2.059075440459172768e+01 1.615812196063954786e+01 2.316160818317876036e+01 2.206909130773809125e+01 1.588801172460813760e+01 6.324814588998735942e+00 1.316728907724736963e+01 5.020511015454078851e+00 1.454920535340619203e+01 7.871424192881693038e+00 1.750485003788850946e+01 2.334777653479449455e+01 2.625612917231483934e+01
1.369999999999999864e-02 1.001369999999996274e+01 1.651295823893994097e+01 2.028632064825385939e+01 2.442845493813516455e+01 2.479037524805687909e+01 1.981330458254743121e+01 2.818677767024463776e+01 3.475180131645506520e+01 3.849975682307013614e+01 3.444859002709559803e+01 3.444859002709559803e+01 3.849975682307014324e+01 3.377733600957945725e+01 2.362741522568970254e+01 2.660025811780679561e+01 1.640965797594928688e+01 2.201501183084954150e+01 3.221023572255665357e+01 3.710314688134882743e+01 3.093006959502875119e+01 2.064036792573919499e+01 2.304822381506021500e+01 1.352945773382106687e+01 2.304822381524278541e+01 2.592710325138862615e+01 2.447723080561128484e+01 1.815146260142529755e+01 8.552245622305363781e+00 1.586084727517458148e+01 1.170048601512287689e+01 1.456116493565329151e+01 5.856343029224031937e+00 6.429812078015245014e+00 1.507461755313003238e+01 2.040758174024303528e+01 2.639718034991241069e+01
1.379999999999999977e-02 2.370822603955160535e+00 1.237082260400097589e+01 1.028632064776849475e+01 1.475845660276805837e+01 2.475845659569737123e+01 2.982168873223105976e+01 3.396362341884630354e+01 3.608098779450900651e+01 3.202607096908443651e+01 2.462356704951999475e+01 2.462356704951999831e+01 3.444859002709559803e+01 3.791784919238714480e+01 3.377733599589403468e+01 2.999007089426841688e+01 1.976054317838640273e+01 2.675521019817650270e+01 3.635690393304685131e+01 3.826012504684638316e+01 2.789386121393904716e+01 3.093006959354319108e+01 2.578734840145268947e+01 1.591129423968389744e+01 2.578734840843529952e+01 2.987625501463108080e+01 2.056754886717190089e+01 1.105086761961551645e+01 1.815146260699548009e+01 2.185716845361974592e+01 1.700609196095307496e+01 1.927209124703775700e+01 1.537768125132422270e+01 1.596521571596602129e+01 7.216750961553243471e+00 1.683753614696809819e+01 1.777874527339856670e+01
1.309999999999999880e-02 1.001309999999996236e+01 6.022306320656272582e+00 1.602230632083051276e+01 1.845128645698203584e+01 2.292342241185655638e+01 3.292342235100655046e+01 3.894843872980110433e+01 2.915873235655695694e+01 2.217225934898759121e+01 1.888548064098020873e+01 2.877611036619805773e+01 3.444859002709559803e+01 4.421695266834043991e+01 3.710207763633103895e+01 2.704418125145791052e+01 2.573250087713508449e+01 3.413772291518320401e+01 4.098455020010037231e+01 4.246153283181434546e+01 3.826012504684638316e+01 3.093432744072767093e+01 2.064036937441721165e+01 2.578734840934576056e+01 3.005516891052885953e+01 2.591710391191775997e+01 1.665140277653883771e+01 1.319533660958347276e+01 2.248076607312631836e+01 2.921039934120935655e+01 2.560186081756657828e+01 2.594919803176030726e+01 1.939253449894390258e+01 9.920370266358537137e+00 1.683758417768284588e+01 8.051568980307012069e+00 8.051568980307012069e+00
1.349999999999999985e-02 1.001349999999996321e+01 1.602230632083051631e+01 2.016444198295147316e+01 2.845128642366207217e+01 3.259341673871441003e+01 3.706555233278050565e+01 3.530242821241088080e+01 3.124338962439331269e+01 2.579397329902683467e+01 1.587278726518591832e+01 2.579397329902683467e+01 3.314767602575432193e+01 3.753861108556342430e+01 4.123126457890852237e+01 3.710207763633103895e+01 3.580601970516602250e+01 3.993646835639565040e+01 3.749612723986759732e+01 3.749612723986764706e+01 4.163246711976608339e+01 3.520429230829692102e+01 2.573282813136256308e+01 3.520429230829692102e+01 3.357113775731345839e+01 2.419689905970062682e+01 2.462350081839818117e+01 1.541090500031094734e+01 2.124359891464701633e+01 3.037397080946102434e+01 2.839019018899541891e+01 1.955782545673705641e+01 1.298365906581236651e+01 1.939253449894434311e+01 1.777601054814374137e+01 8.051568980307012069e+00 8.051568980307012069e+00
1.369999999999999864e-02 1.001369999999996274e+01 1.567315232711880135e+01 1.900648566054791644e+01 2.314862144583613102e+01 2.814862176687909567e+01 3.444513772791123785e+01 3.056362737595724965e+01 2.137825643527400743e+01 2.318854210508077074e+01 1.587278726518591832e+01 1.920270781952498140e+01 2.365325523867900870e+01 3.062554979545993206e+01 4.039756185423381396e+01 3.856132488701963013e+01 3.443219854840801730e+01 3.460551598709770360e+01 2.757856485464631291e+01 2.757856485464631291e+01 3.749612723986762575e+01 4.038440807487371131e+01 3.613582675009276102e+01 4.038440807487371131e+01 3.763439958055813861e+01 3.220670946905170950e+01 2.291921356548802180e+01 1.810478273661820126e+01 2.720473785906779796e+01 3.383308434890668792e+01 2.989550907984903461e+01 2.155031796372531971e+01 1.533797723987971651e+01 2.429061052718222058e+01 1.778905154090250207e+01 1.778816348213691612e+01 1.777988530484310559e+01
1.290000000000000001e-02 2.786400981126147425e+00 5.673152327074279633e+00 9.006485660407623328e+00 1.400648566040763932e+01 2.400648566101454762e+01 2.896459229672859692e+01 2.085263392287092188e+01 2.316200481810232503e+01 1.323861455428451706e+01 2.318854210508077074e+01 2.908960583877775719e+01 3.314767602575432193e+01 3.753861108556342430e+01 3.753673382602758579e+01 3.443218517535227363e+01 2.447909676797790368e+01 2.739429625543970559e+01 2.048460279055214528e+01 2.694826024915484197e+01 3.107556871273804333e+01 3.606558271019903827e+01 4.370116719106403735e+01 4.787432441033924846e+01 4.425553387899661573e+01 3.625013298544863005e+01 3.098612101317664269e+01 2.389950197626382433e+01 2.220213154565895763e+01 3.150301492801592218e+01 3.189487443377029763e+01 2.267709403893027442e+01 1.815331315604300144e+01 2.669847630448473552e+01 2.724840955248003027e+01 2.371543781247056160e+01 1.439118515146271093e+01
1.359999999999999924e-02 1.001359999999996298e+01 1.567315232711880135e+01 1.900648566054791644e+01 2.314862144583613102e+01 2.814862148614319537e+01 2.503235150963381628e+01 1.509447030113618027e+01 1.920851817780215498e+01 1.153942339850053855e+01 1.863873970017990800e+01 2.865676607948966037e+01 3.145722133389153896e+01 3.117013948740743956e+01 2.747302038297004501e+01 3.461409077850954930e+01 2.739429625543970559e+01 1.737821124853321564e+01 1.692925574762123730e+01 1.692925574762123730e+01 2.196010223638223735e+01 3.193678082421984499e+01 3.369665773278303078e+01 3.792766965313978034e+01 3.424740369291620823e+01 4.134342029875035252e+01 3.570431284516190829e+01 2.801163630092676016e+01 3.143417054421497170e+01 3.611233274313504182e+01 3.615773592276573822e+01 2.954474925456488776e+01 2.102245038231248131e+01 2.954477715690094541e+01 2.954516779425141593e+01 2.032755577642334899e+01 1.801172718504803782e+01
1.379999999999999977e-02 4.485935954999584752e+00 9.485935954999600739e+00 1.655700376686512243e+01 2.655700376686518993e+01 2.651694990286416242e+01 2.138096643583645218e+01 1.723980511124741710e+01 9.179832038947937534e+00 1.927080376212176915e+01 2.563976694088853492e+01 2.857598262863010774e+01 2.149733871216011494e+01 2.121657083648553765e+01 2.055371513332101685e+01 3.019083376185846035e+01 2.348813428706923645e+01 1.365428786296481789e+01 2.360856993051239172e+01 2.694825847663963714e+01 3.107541466085960380e+01 3.605996288170482700e+01 2.787344806572889055e+01 2.787346967568535305e+01 2.712111143902471611e+01 3.717871715742133887e+01 4.050569248245610510e+01 3.647620297832150982e+01 3.786141594056635284e+01 3.786141616309453184e+01 4.196342153249441509e+01 3.354072827197811080e+01 2.506012950020699748e+01 3.354072827197811080e+01 3.351463797909972442e+01 2.678856672321470356e+01 2.256178791626612679e+01
1.349999999999999985e-02 7.084567811865484899e+00 1.708456781186555062e+01 2.362807157873064767e+01 2.866439909814964793e+01 1.946574553818561526e+01 1.232756368225266819e+01 6.916898442780542666e+00 1.727414006649779665e+01 2.339170018882692403e+01 2.638170147585654490e+01 2.360292525321557733e+01 1.451005113299224014e+01 1.426786045605064146e+01 2.413190357822329091e+01 2.826734356701900452e+01 1.233908320700160566e+01 1.184760914040045421e+01 2.172498980584252593e+01 2.982616369675129420e+01 3.328506744228799619e+01 2.911711966327952439e+01 2.686140087079239791e+01 2.073096857381526803e+01 3.081772878180787245e+01 3.484533607618021023e+01 3.595455308796717731e+01 3.496737112094395883e+01 2.797134199520226971e+01 2.797134199525879339e+01 3.786141571790328442e+01 3.817863173466660243e+01 3.403719237177156742e+01 3.818182812624350220e+01 4.024084564471497316e+01 3.580171248078693225e+01 3.180052454265083739e+01
1.359999999999999924e-02 1.001220007987219596e+01 1.620468637858545335e+01 2.032482462022919734e+01 1.882009283707619929e+01 1.528842622828274322e+01 4.648518483664036971e+00 1.525148000192517017e+01 1.845148574878961867e+01 2.235747425082649897e+01 1.656364296641912048e+01 1.942527307554834337e+01 9.344252343953870721e+00 1.929268366971699677e+01 2.373381646181315929e+01 2.102640340672988373e+01 1.492529941725335796e+01 1.011317779049742427e+01 1.573735034676334976e+01 2.569714031858187653e+01 2.747516894220565931e+01 1.905402747321846135e+01 1.680852450083107286e+01 2.686131518687633601e+01 3.229740291973891431e+01 2.564774827996385298e+01 2.611548717648585693e+01 2.617594657457470575e+01 2.091367512313082955e+01 3.086807701721612673e+01 3.849715675301980156e+01 3.656634248265513776e+01 3.680541477785475735e+01 4.076674415038951338e+01 3.937476504571171887e+01 3.963411163645103130e+01 3.659447762313472907e+01
1.290000000000000001e-02 1.001289999999996283e+01 6.208487597689528847e+00 1.448882919618494647e+01 1.070527274955897390e+01 1.390887010914834576e+01 3.213667137787930450e+00 1.232393059290449777e+01 8.573947725522849339e+00 1.323680558211499658e+01 9.531175768356870748e+00 1.417914721980712400e+01 4.944089836480508815e+00 1.455417132205034036e+01 1.347262010008827637e+01 1.391703598050578350e+01 7.841544654253285174e+00 1.762347522360238372e+01 2.238595636559766788e+01 2.512101941870433564e+01 2.233449322544321802e+01 1.323395378740195127e+01 2.329922629664080347e+01 2.525196414777690990e+01 2.761423839974532868e+01 1.914886367511885013e+01 2.234367607139311218e+01 1.608623446157256964e+01 2.617466383982736033e+01 3.089700309385460031e+01 2.921644297546387392e+01 2.652249787417411042e+01 2.738584073786692485e+01 3.268310222661379782e+01 3.018036461211806198e+01 3.165110387761185251e+01 2.846980044008031641e+01
