output/example/elevation_000122.asc
nrows	75
cellsize	13.33333333
xllcorner	0
ncols	75
yllcorner	0
NODATA_value	-9999
[rows 0 to 16 of 75, columns 0 to 36 of 75]
1.369999999999999864e-02 1.001369999999996274e+01 1.556914890741532709e+01 1.564651163797870836e+01 1.720824913214485363e+01 2.135037985164951024e+01 2.842143182270821455e+01 3.257966698020858587e+01 3.150805114622022884e+01 3.565018660557044683e+01 4.120387655605672705e+01 4.534601218710264448e+01 4.523312874072568945e+01 4.106168876006676527e+01 4.106168876006676527e+01 4.106168876006676527e+01 4.523312874072568945e+01 4.299010323934759725e+01 3.880502720888232204e+01 3.880502720888233625e+01 4.299010323942414402e+01 4.726041550926236567e+01 4.789354392417605766e+01 4.380168463655603972e+01 4.250752566539767230e+01 4.660549444427933707e+01 5.043892497977370226e+01 4.444903201951140659e+01 4.024670216359094610e+01 4.444903201948761051e+01 4.633971168977865318e+01 4.584238737899027427e+01 4.286734292288580406e+01 4.286734292288580406e+01 4.705662019758069192e+01 4.621161599127816544e+01 4.196391309577372652e+01
1.279999999999999888e-02 1.427013562373094180e+00 1.142701356009611224e+01 5.646511518959445475e+00 7.208249137845504251e+00 1.427931694969324994e+01 1.843754112134845968e+01 2.349848047278740992e+01 2.150805114243306448e+01 2.987668408090769745e+01 3.120387653711254217e+01 3.957250948448614736e+01 4.106168876006676527e+01 3.090503470261888452e+01 3.090503470261888452e+01 3.090503470261888452e+01 4.106168876006676527e+01 3.719599728022351570e+01 2.879750012370394430e+01 2.879750012370394430e+01 3.302717875233213363e+01 4.299010323943105760e+01 4.380168463655603972e+01 3.371674514104975628e+01 3.239759683109923571e+01 4.080514453261292829e+01 4.024670216359093899e+01 3.930862392803418004e+01 2.990976234133256639e+01 3.930862392796759508e+01 3.609044442020849175e+01 3.558485997714097948e+01 3.256835677326269263e+01 3.256835677326269263e+01 4.286734292288580406e+01 4.196391309577372652e+01 3.162354782861203617e+01
1.299999999999999940e-02 1.001299999999996260e+01 3.489856054890679626e+00 1.348985543837749823e+01 1.720824906717239600e+01 9.598706356514284721e+00 1.136647330948064827e+01 1.349848047303674647e+01 1.573454845053652917e+01 2.573454845259864143e+01 2.543037384519736577e+01 3.543037385322303834e+01 4.349258722070490535e+01 3.387984980183794903e+01 2.374490346312934008e+01 2.974227528512940211e+01 3.393404762240302119e+01 3.276875895203097855e+01 2.319584041893223159e+01 2.319584041893223159e+01 2.879750012370394430e+01 3.880502720888233625e+01 3.623668822865379013e+01 3.205882708039434448e+01 2.635841722114750851e+01 3.667055553142751023e+01 4.024670216359093899e+01 2.990976234133256639e+01 2.472610713560069229e+01 3.066407127102638697e+01 2.876985091825084595e+01 3.117047070761847039e+01 2.523219947725909762e+01 3.558485997714097948e+01 4.110746811414777113e+01 3.515508054964089268e+01 3.088870941575203233e+01
1.369999999999999864e-02 1.001369999999996274e+01 1.348985604820924600e+01 1.763197794478325520e+01 2.374075310964195396e+01 1.959870636759607976e+01 2.136647330928526145e+01 1.713997600137701482e+01 2.573454845259806589e+01 1.965687115330023360e+01 2.543037384519736577e+01 3.543037385322303834e+01 3.931830648578235810e+01 2.918291401503258697e+01 2.974227368249539794e+01 1.966275669113158031e+01 2.974227378738869376e+01 2.863046352602894018e+01 1.884979585265231350e+01 2.863047058767579145e+01 3.719599728019123575e+01 3.254697411561863873e+01 2.831788038733070678e+01 2.147783198224666990e+01 2.906292994159219845e+01 3.929156260146576329e+01 3.943663298560788633e+01 3.797122000922568930e+01 2.763735116224276922e+01 2.042742516530288199e+01 2.742695954146582338e+01 2.091844315774709528e+01 3.117047070761847039e+01 3.981248848542169583e+01 3.684672504549305927e+01 2.652713912484824732e+01 2.065350195494633923e+01
1.290000000000000001e-02 1.001289999999996283e+01 1.479539648104895910e+01 1.833097083297155194e+01 2.247382271832209000e+01 2.694733439678288534e+01 3.128211100754405649e+01 2.291347869327593756e+01 3.128211100754424834e+01 2.672793896520931511e+01 3.379900678623842225e+01 3.957250948448614736e+01 3.616009793839472053e+01 3.018200280404023061e+01 2.095026578400047157e+01 1.725260833356316681e+01 2.729762399709764509e+01 2.638645961353552849e+01 1.639748848834361183e+01 2.355171891175086785e+01 3.381871202508735763e+01 2.831788038730338286e+01 1.757069380546065318e+01 2.831788038733070678e+01 3.623668822822306623e+01 3.631315445206724490e+01 2.894206797901701123e+01 3.631315445182430324e+01 2.825127064560511414e+01 1.814232244305021524e+01 1.736163815178681347e+01 2.742695954146582338e+01 3.541636594222180179e+01 3.343961993315490133e+01 3.008927829989322689e+01 2.582603621094144231e+01 1.855763608814242716e+01
1.299999999999999940e-02 2.370022603955160623e+00 4.795378854318494533e+00 8.330912760252841665e+00 1.280304871726887939e+01 1.857655211867620793e+01 2.857723338953057990e+01 3.291347869216987476e+01 3.705561327451133735e+01 3.672793897664467266e+01 3.799445281716346301e+01 3.687386657230035070e+01 3.188891431147091637e+01 2.190464983643009234e+01 1.597354367523033680e+01 1.498532827460089933e+01 2.499314658172973580e+01 2.430092760006341379e+01 1.398083882036652170e+01 2.430092760253396378e+01 3.320013907040695500e+01 2.287070969433482759e+01 1.527573475617393939e+01 2.289420591811506256e+01 3.340467830011031225e+01 3.165234133011806250e+01 2.151511461110517942e+01 3.165234103825908107e+01 3.092609768961608196e+01 2.505454053837974371e+01 1.508680322652610428e+01 2.282578915960802490e+01 2.704524133691943177e+01 2.317153471917061225e+01 2.317153478196557259e+01 1.574657647950456507e+01 2.582603621094144231e+01
1.299999999999999940e-02 1.001299999999996260e+01 1.479539648265127028e+01 1.056888156933765721e+01 1.634238462412148962e+01 2.634248232082548569e+01 3.272470925916938711e+01 3.209171686304023297e+01 3.632822174875656174e+01 3.799445281716346301e+01 2.761224436504682345e+01 2.647027314836981660e+01 2.770421840019566417e+01 1.765905564239550785e+01 1.193565780861543146e+01 1.947689697739886938e+01 2.364004121875695219e+01 2.227466275188163181e+01 1.171025295822558476e+01 2.227466275193174283e+01 2.541457198969511921e+01 2.110584228505291904e+01 1.329490729863128351e+01 2.078188527606158686e+01 3.134919891302781281e+01 2.733415794591774173e+01 1.708128016436257823e+01 2.730782880853237415e+01 2.087170550484959364e+01 2.089545308019794589e+01 2.088239754310749419e+01 1.288709693585383498e+01 2.141809774091375118e+01 2.141852262447858379e+01 1.312639592444264380e+01 2.141852289114525121e+01 2.566945745322984251e+01
1.290000000000000001e-02 7.083967809439212004e+00 1.708396254211476872e+01 2.056892322371094650e+01 2.471144366018772587e+01 3.048524031844970139e+01 3.042236056828137336e+01 2.185944793391003316e+01 3.042236056828137336e+01 3.586273227530988095e+01 2.540361686703707633e+01 1.889764860053082884e+01 2.948989859169692096e+01 2.479543242539561732e+01 1.922588021570991046e+01 9.463666234333569349e+00 1.749058583585914306e+01 1.959577735998136561e+01 9.729757563018504030e+00 1.885687131855245013e+01 2.070275078037537497e+01 1.066489906124990839e+01 2.012529204333433341e+01 2.490363931818573562e+01 2.392295573369300854e+01 2.387670571330076186e+01 1.417991622977049282e+01 2.382904026488929361e+01 1.995452189119526665e+01 1.168655983566143597e+01 1.118744049230727633e+01 1.151189280913386170e+01 1.151189280913386170e+01 1.151189280913386170e+01 1.151189280913386170e+01 1.151189280913386170e+01 2.141852289028432565e+01
1.349999999999999985e-02 1.001349999999996321e+01 1.793564192193873197e+01 2.293579850278334575e+01 3.165580275407878830e+01 2.741995262126743782e+01 2.618417430637092380e+01 1.601667950965732956e+01 2.618417430637092380e+01 3.193211288528553737e+01 2.540361686703707633e+01 1.425373452953023268e+01 2.540361686703707633e+01 2.262540785126696363e+01 1.850146248991060816e+01 1.585978513223091824e+01 7.016083747765599732e+00 1.418538049738081952e+01 7.926820781493502999e+00 1.044509179240527352e+01 1.318027969478397843e+01 8.808808586337701030e+00 1.380107792501371655e+01 1.797375898781784898e+01 1.448044389012958888e+01 1.813222830872644664e+01 1.160622441591431198e+01 1.929681920563207598e+01 1.018926020439036684e+01 1.069067435617430739e+01 2.076324966672771666e+01 1.444271115201028088e+01 2.141783040358965096e+01 2.141852262447852340e+01 1.151189280913386170e+01 1.151189280913386170e+01 1.199186119274005335e+01
1.379999999999999977e-02 3.811989705149136043e+00 8.793444730093584738e+00 1.879344929022523303e+01 2.577486369707005665e+01 1.725050285643347436e+01 2.258943771880475282e+01 1.249396996598465925e+01 1.753115697643138304e+01 2.769895087391139654e+01 2.218492129819881598e+01 1.065964341636827051e+01 2.214592390058712112e+01 2.099038698090458155e+01 1.162128334479873892e+01 1.346895545654964543e+01 5.380476976322149163e+00 5.751495586824391992e+00 6.124792437531128009e+00 6.511178006215116554e+00 6.511178006215116554e+00 6.915991403980532581e+00 7.348264802005087581e+00 7.804969780959207348e+00 7.804969780959207348e+00 8.294170183656376594e+00 8.813776830482295210e+00 9.348014766794474184e+00 1.926344770399707329e+01 2.081637192512730650e+01 2.851321700775790902e+01 2.583190046834486964e+01 3.041854590718888929e+01 2.566945731180647883e+01 1.711291035571179364e+01 2.141852287237061248e+01 1.658761771187818468e+01
1.290000000000000001e-02 1.001289999999996283e+01 1.786881633364248856e+01 2.293571677585545743e+01 2.154861806203014396e+01 1.148704522947485707e+01 1.573956627868333058e+01 9.380711618654588690e+00 1.939698192104117425e+01 2.358836725125724598e+01 1.917413153314887353e+01 7.594172619395881618e+00 1.523093940928245260e+01 1.710575999694298233e+01 1.432942640529288703e+01 4.870920698224479040e+00 1.510914864948690628e+01 1.251976038192843532e+01 1.119925103042902492e+01 1.331733355964166243e+01 8.437423327981514731e+00 1.337802042294912042e+01 1.776054933929540880e+01 1.489331399890565955e+01 1.592712238287414372e+01 1.176431273490711149e+01 1.791061165807516531e+01 1.936116152707614901e+01 1.046529009166178170e+01 2.041303620913678074e+01 2.563357735298899698e+01 2.793080500735871041e+01 3.230266938865838711e+01 3.157260362589371283e+01 2.730009868196836464e+01 2.040594999655331776e+01 1.497629620322985211e+01
1.359999999999999924e-02 2.635752512626584054e-01 1.864766188424859550e+01 1.642107720828818529e+01 1.934745872019283652e+01 1.573895385037126537e+01 5.341198124374037626e+00 1.542725023443871635e+01 1.929599821152278594e+01 1.322201147026791546e+01 1.446233469986168529e+01 1.379618720648798025e+01 3.861478098554758986e+00 1.350347484482276172e+01 4.364277590880337954e+00 1.459261563249171445e+01 1.896850956312622571e+01 2.107868029478198579e+01 1.751450832388895762e+01 2.036390478916866442e+01 1.036890981714641846e+01 1.991104296291821285e+01 2.494435118655981398e+01 2.382792339557773431e+01 1.670914839988136436e+01 2.249065665057588959e+01 2.520222727279071862e+01 2.456767567115925743e+01 2.041188443845640421e+01 1.145897882519365574e+01 2.143144771016046235e+01 1.770700547450199025e+01 2.487797246922088945e+01 3.530099472458491761e+01 3.396795067987626737e+01 2.608024396943896406e+01 1.691783205416271230e+01
1.349999999999999985e-02 1.001349776633375299e+01 1.197891803559432056e+01 9.273955727811648231e+00 1.304567329829907862e+01 1.221393982519692933e+01 2.579337297769791260e+00 7.023087154942753152e+00 1.127830470971418109e+01 1.113753539736819143e+01 3.049181871394988086e+00 3.366414026082244160e+00 1.239676035282050925e+01 3.861478098554758986e+00 1.405358221023198340e+01 8.324853876600737834e+00 1.094466911441689838e+01 2.001140253995404095e+01 2.823816934704964865e+01 2.270873579611291859e+01 1.226552733810294527e+01 2.270873587640995339e+01 3.011264165457238207e+01 3.012586874941426274e+01 2.166982774685683211e+01 3.012752964528109345e+01 3.099638894938054889e+01 2.090240884895466067e+01 1.389251890456901073e+01 1.145897882519365574e+01 1.145897882519365574e+01 2.146469205011075942e+01 2.924746619515123669e+01 3.346889202663820129e+01 3.936934116632613723e+01 3.144637273629734864e+01 2.146234635390336365e+01
1.319999999999999993e-02 9.985932093259092923e+00 4.332560797199051628e+00 7.590666676932144696e+00 8.925990234549555424e+00 1.665516176866722153e+00 1.977283468662553778e+00 2.289231358346430767e+00 2.289231358346430767e+00 2.603576549863626077e+00 1.017849568417000938e+01 1.232286964521197703e+01 4.442461177186379118e+00 1.385713181039684727e+01 1.803329660368190446e+01 1.633643085049216737e+01 1.982946050189847398e+01 1.724842545867577570e+01 2.848296784203908061e+01 2.700694441209693153e+01 1.961218168833851649e+01 1.521737538588617333e+01 2.275600856147135431e+01 3.329103647072082595e+01 3.163557285531887686e+01 3.597064451976465449e+01 2.780240275318116261e+01 1.775253437589676864e+01 2.143409730475302766e+01 1.145897882519365574e+01 1.220928553075706091e+01 2.222355808305567848e+01 1.906986442067438148e+01 2.491626812409774772e+01 3.516400852333019600e+01 3.630158101144467508e+01 3.197714876350765323e+01
1.299999999999999940e-02 3.168437098752803216e-01 6.207123791319648642e-01 9.254523127716192121e-01 1.230733568207950102e+00 8.513415818468008212e+00 1.184484272599469534e+01 9.824401869585113189e+00 4.661059772857426786e+00 8.529669461420759546e+00 1.325821895849562360e+01 1.319506005828532302e+01 1.413661380038119297e+01 5.535517919013493326e+00 1.521266590178095335e+01 2.036202189031286736e+01 2.463463386619526219e+01 2.784020518655319876e+01 3.311958604408369666e+01 3.440171083518083606e+01 2.892903666000007945e+01 1.823400443744917965e+01 2.090612791418064731e+01 2.848537695441377338e+01 3.880771627882536734e+01 4.015826353455918252e+01 3.085185053316585879e+01 2.073797805130891447e+01 2.564768800872097998e+01 2.143409730475903174e+01 1.623561149687102656e+01 1.333869435703363315e+01 2.337142270919475706e+01 2.458820685880806423e+01 2.767515561559617865e+01 3.139199104945974028e+01 3.587409820559211937e+01
1.349999999999999985e-02 1.001349996395372166e+01 1.242467954338659553e+01 1.295239726156340154e+01 1.222194235877870661e+01 5.678594702316690501e+00 1.318199873712229397e+01 1.649019717348121006e+01 7.137707693601880621e+00 1.628447185613392634e+01 1.663985330328295120e+01 2.114890680929245192e+01 1.923886234690474595e+01 1.512509837994958062e+01 6.649076993460619533e+00 1.627631659893371108e+01 1.530184774234750300e+01 2.463463290754794244e+01 3.272669621498926062e+01 3.491156070836897385e+01 3.228173858787334183e+01 2.167956417884457565e+01 3.150906617768757556e+01 2.962129044755488039e+01 3.990870498338749428e+01 3.594445157414027392e+01 2.575924949691166788e+01 3.085185053316585879e+01 3.359138283603437714e+01 2.335719547249462735e+01 2.635471735508895108e+01 2.337126474573144819e+01 1.451818223894828108e+01 1.451818223894828108e+01 1.746056644624759002e+01 2.098289015541198665e+01 2.693677499438094003e+01
1.369999999999999864e-02 4.002962566340863226e+00 1.201261358713706784e+01 2.305534344467146113e+01 2.009649642033182104e+01 9.909685547218423096e+00 1.695131918551847860e+01 1.530617582735253990e+01 1.761416015497932719e+01 1.177715559584025051e+01 2.187833237535146935e+01 2.505964491868136790e+01 1.477490490938898127e+01 6.649076993460619533e+00 1.627631659880412229e+01 7.910230689272677473e+00 1.746993827879036232e+01 1.869455031140268275e+01 2.486801698573451347e+01 2.486801508999290533e+01 3.404096032758268819e+01 3.228173858997310219e+01 2.746857060867529654e+01 3.780885088215469381e+01 4.401572654700452603e+01 3.594445157414027392e+01 3.294990829883978023e+01 4.015826241608719727e+01 3.779768554643603551e+01 3.359138277263105010e+01 3.094014376020331625e+01 2.544044326202385164e+01 1.538932058137637426e+01 2.456494750482757183e+01 2.767515561455964956e+01 3.139199428407296821e+01 3.587442184850409888e+01
