output/example/elevation_000011.asc
nrows	50
cellsize	20.0
xllcorner	0
ncols	50
yllcorner	0
NODATA_value	-9999
[rows 17 to 33 of 50, columns 0 to 36 of 50]
9.098509734387574266e-01 8.817262833490792318e+00 -1.699778290036777832e+02 1.710049400766908700e-01 4.325368786967613843e+00 9.646626790759205150e+00 1.384853135173091765e+01 1.813647605528992202e+01 2.630471456786781559e+01 2.463005392631848522e+01 1.837049453280049249e+01 8.528452365614603181e+00 4.794304532409245034e+00 4.769221030771090497e+00 7.739714395725993512e+00 -9.316139618812638901e+01 9.761175295499295856e+00 1.700118385742487970e+00 1.991141440210461466e+00 2.102204358856247346e+00 2.208648451549250158e+00 1.199729872483590043e+01 1.233015867778869001e+01 -1.442293570040534121e+02 2.424857405363288088e+00 1.177000792281413410e+01 1.667093332242644266e+01 1.004103921958050627e+01 1.230098867594639422e+01 5.817312264595431159e+00 1.130745471726388907e+01 1.796147534459350936e+01 1.247849745330847604e+01 -2.764152105128047765e+01 1.198030925063139662e+01 -7.888047133934350086e+01 6.886069585246464619e+00
6.729603419142361487e-01 1.067276602352898429e+01 6.494232524513912530e+00 1.011219310730045962e+01 -1.381832913682469268e+02 -5.883380402029489975e-01 3.490322594600821837e+00 1.069804785504659250e+01 2.066399636776739257e+01 2.069502153721284543e+01 1.506078817134394221e+01 9.789027690427333894e+00 3.195228107075098745e+00 6.358268408195914212e+00 9.898330479767752266e+00 2.388185489644963688e+00 1.920429699178023419e+00 -4.618065502440762771e+01 9.874611811663605465e+00 -1.093081267007587627e+02 1.155075623437589272e+01 -4.312416370848328029e+01 8.992361792097476325e+00 -1.302003631261259216e+02 2.358222079938082083e-01 5.899439162443583129e+00 1.615526668636342222e+01 2.030809190779238449e+01 1.848859844437138022e+01 1.026616192550335249e+01 1.982048283290330204e+01 1.846991667518263469e+01 8.887937289935109675e+00 7.056889775948164356e+00 1.601597172394923874e+01 6.581780018864667348e+00 7.356131230285712697e+00
9.500813129397378543e-02 1.009486953967827105e+01 1.659272749959472648e+01 1.005499484146774414e+01 -2.252252371672130380e+02 5.514239186160814210e-01 7.062023049995675095e+00 1.457745845440193300e+01 1.224659789185004755e+01 1.402715046763223938e+01 1.015261089562962304e+01 -1.463618823398037421e+02 6.002361503586524982e+00 -7.851171957410267055e+01 8.387750747704076915e+00 -8.926150246561070389e+01 7.016928869573262340e+00 3.735296946902308957e+00 1.286475926166112238e+01 1.191390851236830706e+01 3.891345074071342669e+00 1.668051254108703807e+00 2.368205452660804511e+00 3.308493364053444186e+00 1.071182501483037797e+01 1.486459804589074452e+01 1.611618727011761720e+01 2.602433302917243196e+01 2.504110772757907455e+01 2.091685439071190444e+01 2.531971487787242836e+01 2.265644947846087476e+01 1.365539234326943507e+01 1.109136261754090391e+01 1.808740304616017269e+01 1.616558768242540367e+01 9.795508744052995098e+00
5.074168083889973868e-02 7.121820763064279802e+00 1.712243427176876054e+01 1.444128831531840085e+01 5.650252847698047809e+00 1.011673971151881624e+01 -1.028122881038066794e+02 6.229019117270865991e+00 3.267280001118455068e+00 9.813209700334972752e+00 9.385123605140616831e+00 3.313860173024782418e-02 1.040554599187058393e+00 7.838387638575819993e-01 1.550744373699071810e+00 8.419696935594423337e+00 1.543333283222202823e+01 1.310734504122081745e+01 1.666183940298046551e+01 9.380021906892846317e+00 3.911303745908401019e+00 -8.445412990756670979e+01 4.541883793492838883e+00 2.976408090923575056e+00 3.812287815486302911e+00 1.187277009793922034e+01 1.378211033150089015e+01 1.790352306477816313e+01 2.345328273806615371e+01 2.763213109076166774e+01 3.320318218623373241e+01 2.767555326671116944e+01 2.345671321384443786e+01 1.611254538575628459e+01 2.435494750572399170e+01 2.261279030045608707e+01 1.295718232659865166e+01
2.528005767708579876e-01 7.323868041453676092e+00 1.732348350436291184e+01 1.980366733551051794e+01 1.569454520464242719e+01 8.421388351255215454e+00 6.634648934196629710e-01 8.569954982530958443e-01 8.978829208807898254e+00 -4.091863207483234532e+01 9.198576446544709739e+00 -1.148679003514119046e+02 5.709907500562568572e+00 -1.423420679058112626e+02 9.109005954093403190e+00 1.565518768537836181e+01 2.251760063490635844e+01 2.067198372393226080e+01 1.079709169331634833e+01 6.535309832986154532e+00 9.279111124176482761e+00 8.851941652631071022e+00 1.386492824609435814e+01 6.106916215776277745e+00 2.917606933063263686e+00 3.400103594127097395e+00 -1.920344283210296510e+01 1.188447559358321826e+01 1.370478384942281913e+01 1.955913366330404557e+01 2.922823809826865471e+01 3.038016177085065905e+01 3.041858659373589191e+01 2.619373456174606218e+01 3.033467529440119037e+01 2.570359693338169293e+01 1.738253334567720287e+01
9.791283598286071310e-04 7.072046830595547284e+00 1.707172367261033941e+01 2.225149866644388652e+01 1.207759272178278742e+01 5.013830415280710717e+00 -2.476002894694458405e+02 8.455069260460996716e+00 -6.490091699295574301e+01 8.179380591355903674e-01 1.003301801974560092e+00 7.138028073555301667e+00 1.457643887649371273e+01 9.743977053320159953e+00 8.500534588907830980e+00 1.949636294918635571e+01 2.694060761005392379e+01 1.624870575939949191e+01 9.069499018650454047e+00 8.195720201867285226e+00 1.820331632523291887e+01 1.891747888544512435e+01 1.863730326831284856e+01 1.436675677640532101e+01 1.030856932762891986e+01 3.620590790091391842e+00 5.189326227272307079e+00 7.786075353532337040e+00 1.190808111918124723e+01 2.197852494145292823e+01 2.220697643202982619e+01 2.160469877131206573e+01 3.038019679621001501e+01 3.313233934341258191e+01 3.702161075228109866e+01 3.187801887510928722e+01 2.339973574089823316e+01
4.600753433092569233e-01 7.531142426931852540e+00 1.753069591238615743e+01 2.498349935685915213e+01 1.500097337489286176e+01 1.265558206477385639e+01 6.226437976006217845e+00 2.182808444032465545e+00 8.404977182884170617e+00 -8.517222380334472120e+01 7.233679097067182262e+00 4.187088994617817583e+00 9.006365366460558519e+00 1.862673095998450279e+01 1.971986223890580092e+01 2.470477640949740916e+01 2.467507568034946885e+01 1.535588729096580884e+01 1.118722921269484338e+01 1.792178047795963636e+01 2.230752466757126840e+01 2.205438186962262748e+01 1.116789197036407622e+01 5.442203372210189016e+00 5.414759965795106211e+00 4.471274675136531762e+00 4.535444720262700180e+00 5.084608146990374777e+00 1.404469355026024324e+01 1.624256695773356185e+01 1.463454060008801072e+01 2.220857432958678146e+01 2.860814100338954802e+01 2.378324812045825354e+01 3.165747477184007508e+01 3.641349501805365918e+01 3.431577040518904198e+01
5.979472710492108600e-01 7.669014164753400919e+00 1.766852414802062654e+01 2.567177287107242734e+01 1.608835189782830355e+01 9.167754282977208291e+00 5.242068845994630522e+00 8.383143071444330019e+00 5.403061740268778834e+00 8.769597540600706509e+00 1.520615375893746446e+01 9.004413297658851789e+00 7.972563596705127154e+00 1.305308291707592439e+01 2.310317999040606907e+01 3.078891204267474890e+01 2.109459705503506655e+01 1.436849269334124735e+01 1.383869336253465754e+01 2.325780469715972743e+01 2.773487966517982528e+01 1.811676785665858702e+01 1.095971733567110817e+01 1.102907662832356905e+01 8.565666675905349692e+00 8.832788693291677262e+00 5.109307578111553561e+00 5.191320016000297244e+00 6.071029761958969040e+00 9.279738593745987529e+00 1.456994711619745786e+01 2.297905073658562003e+01 2.009889484123153025e+01 1.807186179438106421e+01 2.230702727159413001e+01 3.236342112468907573e+01 3.893260404770655470e+01
1.534601171854249602e-01 7.224527175848988847e+00 1.722398408330184338e+01 2.533137350788608089e+01 1.709962780535473215e+01 7.143534289785254288e+00 7.842718560110466086e+00 1.528903630035670780e+01 1.026119326096726070e+01 1.121830875413931317e+01 2.124174373072008493e+01 1.884999107359908521e+01 1.099102117162700587e+01 1.292349437881981622e+01 2.281508217114384607e+01 3.047741371277818700e+01 2.111060139425261895e+01 1.766936928412262020e+01 2.047101764446628636e+01 2.734412436367638222e+01 2.972368751025230793e+01 2.075177068964225668e+01 1.879114109054765791e+01 1.555664429099345014e+01 7.141666505782556129e+00 6.372077487440336085e+00 1.376812126069147624e+01 4.962956857816774203e+00 5.340167504986792046e+00 6.530647567524296093e+00 1.836982039210151996e+01 1.989388400924259415e+01 1.500656083368770410e+01 1.409181783917422948e+01 2.288773441054865643e+01 2.564643823396454181e+01 3.506345188233071042e+01
1.123418600940028211e-01 8.596629474275601979e+00 1.123318593562241396e+01 2.120836516391966597e+01 2.121735765267598239e+01 1.695797904256666300e+01 1.098798458472920636e+01 1.667417888941509929e+01 2.096127692990257074e+01 1.710562603480725841e+01 2.576318893582243064e+01 2.519760742620272964e+01 1.678817089195015200e+01 1.873077009242918578e+01 2.713358304644398089e+01 3.432326175110600275e+01 2.547531026146440780e+01 2.316674790342722545e+01 2.976349744255045593e+01 2.901610370786456627e+01 2.413854420378402565e+01 2.025562169938230994e+01 1.938211369044082133e+01 9.747713244027929491e+00 7.793040766615943582e+00 1.402859286427976038e+01 1.947197105846371556e+01 1.295688665830702924e+01 5.964722496926662565e+00 6.245555977336668896e+00 1.303716231655998570e+01 1.160349034373838428e+01 1.272565035863192939e+01 1.510955658395888079e+01 1.768153572279426911e+01 2.313761239307721596e+01 3.317586509984091947e+01
2.368195578726151052e-02 3.185959615955636259e+00 8.752258893560796338e+00 1.583132657623164086e+01 2.583379436341273561e+01 2.481128687139755229e+01 1.554453986086035400e+01 1.724651074578729748e+01 2.704843396982604276e+01 2.746433056093626490e+01 3.173657577494658710e+01 3.098695796423694304e+01 2.683477837043526648e+01 2.878190640489010121e+01 3.294951508823073993e+01 3.881088306007309541e+01 3.496714024385160968e+01 2.978481143732947345e+01 3.317646896676892965e+01 2.192626716519932728e+01 1.450095673613404657e+01 -3.400717324518053863e-01 1.189587586031650268e+01 9.242399145557213203e+00 9.500951967126756159e+00 1.943055507116911329e+01 2.369442531148767372e+01 1.368900018492334958e+01 1.358488989136055025e+01 7.187569857655423000e+00 8.183917205390955019e+00 1.010510159638375249e+01 1.959489130785348721e+01 2.185745126368247782e+01 2.193928255788621229e+01 2.265627808115356956e+01 2.832015724369287923e+01
6.540601710037032834e-01 9.307215225325538910e+00 1.120294216214132632e+01 1.829544372218512294e+01 2.829654695072551718e+01 2.969636433384532381e+01 2.556500982083543150e+01 2.428044412158782350e+01 3.130462350621650458e+01 3.427843679062157634e+01 3.233901715102142305e+01 3.302453281537604113e+01 3.045183874170956884e+01 3.312126881598331352e+01 3.283844746063023479e+01 3.392911561181834657e+01 3.798321624871708480e+01 3.891658221165356935e+01 3.408908058075170544e+01 2.271558783883318000e+01 1.511506318486854994e+01 1.692248987835113638e+01 1.082585489544789326e+01 1.187045230563111353e+01 1.939841721380219042e+01 2.393680742393188865e+01 2.828903414251346149e+01 2.400381830788441562e+01 1.746948106032478520e+01 7.701045033884259539e+00 8.016541999500718774e+00 8.795218841201297266e+00 1.568564792744291481e+01 2.616862090595130041e+01 3.013095302938503295e+01 3.029991053115177024e+01 2.934289468744653462e+01
4.909850854147627119e-01 3.451960931052218129e+00 1.296246020681172872e+01 1.851708582058165575e+01 2.053645330089703691e+01 2.661029639159546889e+01 3.217866778596019373e+01 3.425189226534092768e+01 3.427844381804767693e+01 2.412090759879221480e+01 2.217789796575726768e+01 2.286730359116170774e+01 2.156613644282462516e+01 2.396683894536981185e+01 2.252139201308300542e+01 2.370344455855318344e+01 3.277763382685877502e+01 3.892253405660871834e+01 3.736078339569015583e+01 2.590538638553962159e+01 2.400883408385324103e+01 2.155091348255309569e+01 1.632142965944280988e+01 -4.681178915997093348e+00 1.748305273470788990e+01 2.694201606102983959e+01 3.558871213346816376e+01 2.906606484526271572e+01 1.818532335496640329e+01 1.198166607768332881e+01 8.622751551417501048e+00 8.993679425616285528e+00 1.871489694200992560e+01 2.353078161647701450e+01 2.630149696944383919e+01 3.557280382904059479e+01 3.859141569621674250e+01
3.962370847149454534e-02 7.196820673144586955e+00 5.776040746290673766e+00 8.763829817249243703e+00 1.283573928166528511e+01 1.783246095357721117e+01 2.794587609918634996e+01 3.707822570500365345e+01 3.426436721997056623e+01 2.465178421189059677e+01 1.584039676527329554e+01 1.538249979644298193e+01 1.629454049096332469e+01 2.059434770428133277e+01 1.513197542795879436e+01 1.764690151115145866e+01 2.352999645073436596e+01 3.389942176341844515e+01 4.018114143918703718e+01 3.167897311574641250e+01 2.180639727607537637e+01 1.512807863234257333e+01 1.163159264930654757e+01 1.208150583907211839e+01 2.009934805954827297e+01 2.312633131935354669e+01 3.207587192577644686e+01 2.881457070569949153e+01 1.920235411338055442e+01 1.354086348097455961e+01 1.399765697211247506e+01 9.750325328887734955e+00 1.087126331580225091e+01 1.666239789584501452e+01 2.566343453295259991e+01 3.047538533553433382e+01 3.130115599027952555e+01
2.605283927408929001e-01 2.442707295107892751e+00 9.362707306093138726e+00 7.942249313007190281e+00 1.288139179969868309e+01 2.295002725688411971e+01 3.219296168999427010e+01 2.723307306174752895e+01 2.433307303585308290e+01 2.513549558369938808e+01 1.466488229999889548e+01 1.058194198440783040e+01 1.393955073222068108e+01 1.336452161430800167e+01 1.537030402088884351e+01 1.720202175983344617e+01 2.121495556734988952e+01 2.616728546921245169e+01 3.620783395915196934e+01 3.153874213185701336e+01 2.167492070698983753e+01 1.630112897235127534e+01 1.712704658703917815e+01 1.338482153459650092e+01 1.550117917919355826e+01 2.464273372953404007e+01 3.100457130866794841e+01 3.278506694049120540e+01 2.747508881527134861e+01 1.919239258901071565e+01 2.098990132760576444e+01 1.073330879517879843e+01 1.083325257759118898e+01 1.152141808528904221e+01 2.169104669262436147e+01 2.069048207801295192e+01 2.145559891471494041e+01
3.048053885361223792e-01 8.961959499480714797e+00 1.655532242152324685e+01 1.627374929823352900e+01 1.504908151668314709e+01 2.506751864609100622e+01 3.388691211350126764e+01 2.616937047585865628e+01 1.723458360750316132e+01 1.920022617594496950e+01 1.795536589007876671e+01 9.849375495036261086e+00 1.072320316945081942e+01 1.685446489247486568e+01 2.286379374544192800e+01 2.518266899320265040e+01 2.371895197976241221e+01 3.434301432035784529e+01 4.042321318140493958e+01 3.610910621214728167e+01 3.016334834200400650e+01 2.169780001386350321e+01 2.453003870862645286e+01 1.535343446204138829e+01 1.498454323719868775e+01 1.793388814028856970e+01 2.701482531358172068e+01 3.377002916233781349e+01 3.276261490030066881e+01 2.879382652173123702e+01 2.522440968670847639e+01 1.798623407295530896e+01 1.136008919743010992e+01 1.218120665411820269e+01 1.455595699182645397e+01 -1.712669479256452476e+01 1.583538908384683985e+01
5.470844782054917754e-02 4.526844418337143239e+00 1.030035364477956783e+01 2.030238863328373711e+01 2.506755226283488014e+01 2.923305158664625836e+01 2.763795707782832523e+01 1.978811497978623635e+01 1.769017069685350307e+01 1.147686023495681518e+01 9.257211057854830116e+00 8.513156316113962063e+00 1.746848249417462995e+01 2.449334487361394963e+01 2.789753025818403032e+01 3.204629521664405445e+01 3.449608404179289067e+01 3.887404413385602453e+01 3.900710324628595771e+01 4.315623612284171173e+01 3.636952505933209068e+01 3.160212440199062200e+01 2.884119076256941483e+01 2.085996737382713562e+01 1.937165153463058687e+01 1.737904624100695017e+01 2.041195062767573631e+01 2.692851670826230404e+01 3.650054232615598693e+01 3.126415163173629352e+01 2.138991053228756911e+01 1.570219071451252546e+01 1.880925800222674837e+01 1.460324609705128651e+01 1.360605278173176202e+01 1.451252905487894651e+01 1.555448840170018343e+01
