output/example/elevation_000282.asc
nrows	75
cellsize	13.33333333
xllcorner	0
ncols	75
yllcorner	0
NODATA_value	-9999
[rows 0 to 16 of 75, columns 0 to 36 of 75]
1.369999999999999864e-02 4.485835958765173714e+00 1.025933937538741425e+01 1.733042847293555511e+01 2.733080945877419765e+01 2.974919037550457546e+01 3.204249449948633099e+01 2.911449536548834516e+01 3.020819802668309606e+01 3.434827055818563224e+01 3.680747756471782139e+01 3.539931588416393993e+01 3.367499253031419215e+01 3.780597831845905432e+01 4.279825672947576720e+01 4.974917673171508881e+01 4.683183160708211545e+01 4.049534189827222264e+01 3.635931110377742215e+01 4.049533412361338236e+01 4.343138256637697481e+01 4.756069112479940486e+01 4.834470249335032577e+01 4.419623325912233724e+01 4.289969560964777173e+01 4.704667425450350748e+01 4.581501503532754782e+01 4.996560955215098687e+01 4.760309618471039528e+01 4.345110153448202794e+01 4.345110153448202794e+01 4.638077490050076079e+01 4.414451622734410563e+01 4.829512818670109908e+01 5.120564477437164186e+01 4.720096001343819836e+01 4.628257218195079759e+01
1.279999999999999888e-02 1.001279999999996306e+01 1.862808880662271349e+01 2.069159943872764273e+01 1.975136755049161508e+01 1.975143781353078154e+01 2.204378414321940483e+01 1.911502155611531606e+01 2.020889295808553499e+01 2.864803132905039007e+01 2.681316099453334445e+01 2.540376433689184665e+01 2.367803433187229345e+01 2.867796106427628899e+01 3.867202399635273480e+01 3.977468911927630302e+01 3.685152498922792574e+01 3.635931099920109233e+01 2.628673490464295170e+01 3.635931083211789883e+01 3.342996284996280565e+01 4.343138256637697481e+01 4.419623325912233724e+01 3.425505522474129805e+01 3.296995787926476140e+01 3.877438949856447437e+01 3.585806691364684440e+01 4.581501503532754782e+01 4.345110153448202794e+01 3.354750327660839559e+01 3.354750327660839559e+01 3.644820004819231940e+01 3.422700732108838650e+01 4.255184189327572852e+01 4.558276989750481079e+01 3.743247043845711630e+01 3.650845757787074319e+01
1.299999999999999940e-02 1.001299999999951851e+01 1.255453432972201711e+01 1.069760127365957203e+01 9.751735871612961404e+00 1.592215289438600401e+01 1.713482502489928194e+01 1.204396502631776400e+01 2.001572072845356587e+01 1.864877550980879306e+01 1.974258672195963982e+01 1.833282070883442927e+01 2.540376433689184665e+01 3.539931588416929031e+01 4.279825672711535844e+01 3.942629288424766543e+01 2.974036021158884324e+01 3.669792020261146348e+01 3.255223499610995930e+01 2.628673490464295170e+01 3.342996284996280565e+01 4.343138256637697481e+01 4.360587650597003773e+01 3.369036509819748204e+01 2.733403245142365989e+01 2.891130094886404223e+01 3.877438948472365610e+01 4.489936947490103591e+01 4.306991661658286574e+01 3.321187776929671287e+01 2.673923321148399523e+01 3.277837386976523959e+01 2.864941264749527150e+01 3.841863979062684109e+01 4.156111992774683728e+01 3.180419538238743016e+01 2.963218398617533111e+01
1.369999999999999864e-02 1.001369999999996274e+01 2.554535448277092335e+00 3.626647983114885232e+00 4.751735884040906299e+00 5.922147356002209762e+00 7.134825481183872498e+00 8.508431120670758574e+00 1.001598784355957328e+01 1.157772546244562939e+01 1.425033788156431136e+01 2.424949331212474135e+01 3.104740273459162481e+01 3.518346522293952461e+01 4.017925622944514430e+01 3.528720303920749046e+01 2.517167334649288790e+01 3.022943820248578817e+01 2.236909841954264522e+01 3.255223499610995930e+01 4.049532698738107683e+01 3.989822919052691930e+01 4.009460535619422927e+01 3.369036509819748204e+01 2.397274387539452789e+01 2.528723072167688457e+01 3.086562653159889535e+01 4.075766417785897033e+01 4.015747257166086825e+01 3.033819628786723399e+01 2.358447710765125649e+01 2.316207602665557275e+01 3.277836005560065757e+01 3.975609552744963082e+01 3.573146233088961310e+01 3.287403845047584383e+01 2.627061877861475025e+01
1.290000000000000001e-02 1.055472070285372155e+00 1.105546902303507295e+01 8.098783938768699286e+00 1.475174078431862235e+01 1.169564367592538545e+01 1.713485100960367902e+01 1.121730832009660084e+01 2.001550034220767316e+01 2.156964653840057267e+01 1.474000312235908083e+01 1.751350410176650385e+01 2.104903792436246235e+01 2.604902543708159612e+01 3.604578003210164638e+01 3.710709189534897234e+01 2.695581498026198375e+01 1.987733335413549440e+01 1.979510952062254248e+01 3.015206766489951562e+01 3.704373573363552907e+01 3.005433740964314282e+01 3.315515504759259358e+01 2.621572747742351339e+01 2.129766596094750142e+01 2.599647565866315446e+01 3.158882336609748975e+01 4.149050581348079447e+01 4.273103647246500003e+01 3.291082464754065029e+01 2.957262008849329860e+01 1.990702479199223518e+01 2.957292988393220767e+01 3.417127715635779595e+01 2.607614021215461975e+01 2.326771372053620723e+01 3.287403845047584383e+01
1.299999999999999940e-02 1.001299999999996260e+01 1.519760491144281822e+01 1.387228674497086089e+01 2.224094776619509517e+01 1.876640530733970635e+01 2.121488280735092502e+01 2.122195639822891522e+01 1.621730375059946994e+01 2.621395753564768327e+01 1.882248588945601853e+01 2.751244695554662911e+01 2.567818272663103230e+01 3.518346522293952461e+01 4.017925622944514430e+01 3.454728668220538879e+01 2.695582002999780968e+01 1.624555317835716650e+01 2.695572462528346236e+01 3.430744985882657261e+01 3.293754657264622665e+01 2.328510403349425673e+01 2.683280546568360236e+01 1.956779797954776257e+01 1.956779797954776257e+01 2.621572778932374703e+01 3.597205076680319991e+01 4.563285575534535354e+01 3.983729626128456403e+01 3.004382367759711414e+01 2.324589105018522872e+01 1.990702479199223518e+01 2.957271849360526161e+01 3.015695950652543544e+01 2.050694008117540434e+01 3.015695950629779887e+01 3.287403844698120281e+01
1.299999999999999940e-02 7.084067811865485176e+00 1.708406781186555179e+01 2.387230070660029568e+01 2.801437310969523509e+01 2.875785147846769263e+01 3.120048123987819011e+01 3.037850205725257524e+01 2.121727144468247772e+01 3.037692319413644881e+01 2.589340513907294650e+01 2.698705763309568084e+01 3.567398682766065576e+01 3.980731906895017858e+01 3.753506211977729379e+01 2.741712043467373405e+01 1.996401053454600572e+01 1.426100818453038421e+01 2.214691647567209642e+01 3.247009476076169676e+01 3.367240498260073878e+01 2.399975101568188407e+01 1.739397689943654157e+01 2.486467162650601281e+01 2.890056229289544731e+01 3.315527013682109470e+01 3.303801871694223991e+01 3.714424772698846056e+01 4.274276276482672898e+01 3.291226538474922592e+01 2.774590051280121372e+01 1.796137578407226698e+01 2.769167886597440287e+01 2.845106096274744445e+01 1.869999513771733390e+01 2.845105328051268501e+01 3.543882569771697888e+01
1.290000000000000001e-02 1.001289999999996283e+01 1.598417434275892823e+01 2.234661836377197019e+01 2.649912443414688212e+01 2.724936751239350841e+01 3.139836218367319987e+01 3.538894545372718170e+01 3.122213080867576096e+01 3.538894545376740552e+01 3.588964556809811768e+01 3.698239478016660797e+01 4.111832428945245255e+01 4.070917480990246418e+01 3.488500216628751360e+01 3.072516389302881024e+01 2.350703501142491447e+01 1.255078103262296274e+01 2.350703475036233314e+01 2.610509353587200110e+01 3.033881094933705924e+01 3.088569699005019586e+01 2.486456486516304665e+01 1.542511384422576270e+01 2.486467001029849655e+01 2.621106607706406066e+01 2.338324973536489182e+01 3.303801871694223991e+01 3.875645464247558181e+01 2.897380246045157293e+01 2.615725376670719271e+01 1.628065800535722829e+01 2.331118532541717059e+01 2.678664741839795838e+01 1.695203644657747333e+01 2.165922268775984350e+01 2.858323524670751326e+01
1.349999999999999985e-02 1.839241858372882010e+00 1.184026403666036309e+01 1.233501453755812882e+01 1.906957064230888577e+01 1.723120324673340065e+01 2.543881337728192449e+01 2.959324251303625886e+01 3.461134660955514875e+01 3.815160593413554579e+01 3.404314255354317709e+01 3.276966568251711465e+01 3.687142726769226186e+01 3.657944745199905157e+01 2.644292361281856785e+01 2.031262946991276763e+01 2.189161287779173293e+01 1.109694443565803290e+01 2.189150030768787403e+01 1.542276267033371440e+01 2.424555090477551644e+01 3.030798629477308381e+01 2.073951512075243286e+01 1.406438186507110721e+01 2.173539622368569724e+01 1.671747307471916599e+01 2.214509852262539624e+01 3.176891436129742985e+01 3.586128666710996526e+01 2.612091309159605856e+01 1.921566839328438547e+01 1.470295661170114698e+01 2.459510906645530781e+01 2.604940812572163011e+01 2.235182905863714353e+01 1.459415759290831183e+01 2.451174795550905827e+01
1.379999999999999977e-02 1.001379999999996251e+01 4.560897280276840604e+00 6.560897697062064715e+00 9.060902354276429094e+00 1.207610126264548001e+01 1.541016473628689631e+01 2.041800486816115878e+01 3.045962188640269375e+01 3.404314255354317709e+01 2.421806728633954719e+01 2.294218178085412063e+01 3.117825294217337628e+01 3.381011139033647339e+01 3.488500216628751360e+01 2.516057713744574187e+01 1.431810785066334901e+01 1.109694443565803290e+01 1.993694818388264878e+01 9.575728779749846709e+00 1.682740247395079081e+01 2.744727596866280450e+01 2.756043729006075793e+01 2.173539651383695315e+01 1.217946597792734842e+01 1.893937815883871423e+01 2.848558190077145724e+01 3.586532864731582748e+01 3.279344100516669158e+01 2.860440389152466878e+01 2.319950545606572234e+01 1.328043729085468527e+01 2.115840197881084706e+01 2.150411944353465543e+01 1.245943860941489589e+01 2.226640546054216685e+01 2.287257290634158835e+01
1.290000000000000001e-02 1.001289999999996283e+01 1.456420843581076774e+01 1.362599196233955645e+01 1.464551094547874577e+01 2.205750823443861108e+01 2.543881337728192449e+01 2.959324251303625886e+01 3.461134660955514875e+01 3.377122541840552827e+01 2.395603918655339015e+01 1.721020722156672633e+01 2.691918737915659676e+01 2.331261332360899274e+01 3.052702351820291682e+01 2.937916222283775269e+01 2.516057705516877618e+01 1.682743411490938001e+01 9.575728779749846709e+00 1.822193619003947163e+01 2.197804570455290119e+01 2.287533939701058827e+01 1.930081263295956617e+01 1.898750678647784440e+01 1.096522633778017486e+01 1.778849989970597179e+01 2.733726459802374364e+01 2.897963757001672036e+01 2.759312859991598543e+01 2.055555755534689766e+01 2.259806182420561527e+01 1.942198456903272685e+01 1.130572942871503272e+01 1.178453914834227589e+01 2.166389469984659755e+01 1.245943860941489589e+01 1.295846245070702096e+01
1.359999999999999924e-02 7.084667811865485554e+00 1.708466781186555394e+01 2.354662958297799591e+01 2.433435220643484698e+01 2.823581595055417992e+01 2.526309522757149040e+01 2.927967878160082194e+01 2.852546712476135582e+01 3.090041324661024191e+01 2.107958526870454108e+01 1.403611924571175962e+01 2.035318930307744623e+01 1.618447526931307934e+01 2.334020654293999897e+01 3.395436298267114239e+01 3.167239786361824372e+01 2.423894957486767865e+01 1.822193421753955889e+01 8.312423721448618963e+00 1.544184917881039176e+01 1.582803107431847955e+01 7.999185303546491710e+00 9.245737728766833641e+00 1.889192584602865921e+01 2.332213598393127896e+01 2.384414408276846586e+01 1.928437733932550557e+01 1.938814329958278293e+01 1.905143124884064676e+01 1.469388277530980780e+01 1.066401593120290059e+01 2.049051681296273486e+01 2.088684859948389771e+01 2.567060053130397179e+01 2.243245649125032770e+01 1.794116925535519158e+01
1.349999999999999985e-02 5.311683241996726146e+00 1.213646913666773486e+01 2.209887257308026420e+01 2.294391792967627453e+01 2.365497485633563102e+01 1.534712943445504330e+01 2.365433023212730035e+01 1.781458414672883706e+01 2.418641385531518395e+01 2.669994611632788306e+01 2.034314080624742971e+01 1.036860762460334229e+01 2.035318930305333751e+01 2.702763316773737401e+01 3.120130494931887455e+01 2.970819994186240010e+01 2.561640497615429268e+01 1.803336639452411916e+01 7.332904021545044948e+00 1.444134318678299600e+01 6.325977276448456088e+00 1.398709764850822701e+01 1.687014217266414207e+01 1.209071607864680686e+01 8.864442553505455180e+00 1.290926264268354373e+01 1.758668434407593040e+01 9.458352404556494619e+00 9.832942778318578547e+00 1.021295561553728071e+01 1.021295561553728071e+01 2.043637490914769828e+01 2.155491615592393018e+01 2.575592619096398295e+01 3.179630777107053774e+01 2.781378808236396694e+01
1.319999999999999993e-02 1.001319999999996213e+01 1.858562532790031341e+01 1.786230244771817866e+01 1.294677744671761133e+01 1.448072978374080400e+01 9.168664790190469205e+00 1.611320030020870675e+01 1.074503033570292487e+01 1.461718495365363957e+01 1.814658239083452784e+01 1.832998531384978236e+01 8.252104269486824961e+00 1.835831903236316620e+01 1.750740842054630875e+01 2.723294818653175753e+01 2.561713854562765036e+01 1.515076928822639957e+01 1.809970616419316158e+01 8.542926769387042540e+00 5.878889611657728054e+00 1.608680435452816582e+01 6.810226016023155360e+00 7.187833016878663273e+00 7.612822678906073115e+00 8.064188929265423411e+00 8.511924344598739367e+00 8.921839407322194049e+00 1.731315624786914853e+01 1.616231473211990988e+01 1.089284222520930712e+01 2.040636091592949697e+01 1.127639117995577678e+01 1.127639117995577678e+01 2.151604392728927095e+01 2.636075083426689858e+01 3.645490041687819627e+01
1.299999999999999940e-02 1.001299999816349562e+01 1.133597173227322763e+01 2.933743668231591606e+00 8.899596333291572847e+00 6.377138390334903484e+00 2.365369370981283748e+00 5.421772750073060365e+00 5.980936655194740936e+00 1.288530156639361657e+01 1.202542875445485926e+01 1.534639284883455623e+01 6.334374467729776192e+00 1.039824165644178677e+01 2.035873474701810082e+01 2.257785262496710033e+01 2.065824388841522818e+01 1.820131674474919947e+01 7.504362288784893309e+00 5.424592724494379681e+00 1.562226253588155167e+01 1.454814210709442790e+01 1.744056641929594065e+01 1.755371647205368646e+01 1.614553762331199138e+01 9.729288679097304993e+00 1.842964682889987316e+01 1.625670046026869286e+01 1.465635768583147680e+01 1.984982484999378016e+01 2.712810157590828908e+01 2.471287616665183151e+01 2.029186302095390459e+01 1.127639117995577678e+01 1.596351533817152735e+01 2.337121213490265603e+01 3.360402390098317227e+01
1.349999999999999985e-02 2.927903865923827675e-01 5.721897569544427409e-01 8.519167028148152410e-01 1.132631877347283211e+00 1.414783034194139200e+00 1.698156875614619477e+00 1.981847470667375433e+00 4.524871907979059138e+00 7.263304495155876062e+00 1.218428349792855769e+01 4.376067655068579754e+00 5.647312681530958223e+00 1.448524987671888198e+01 1.624553301492993285e+01 1.358760741097326985e+01 9.440012176171711289e+00 1.527792137902348735e+01 5.098401895662290961e+00 5.098401895662290961e+00 1.529856277142860321e+01 2.435045471541100781e+01 2.831056214908257118e+01 2.619640180518516459e+01 1.591263696173236397e+01 2.021281687016041317e+01 1.205504822735375647e+01 2.129939996278555370e+01 2.389669143885348390e+01 2.722656083627274270e+01 3.191484578752881163e+01 2.669174659441950226e+01 1.845390164584697956e+01 1.205378017843051808e+01 2.228850542051069183e+01 2.775845663885171888e+01 3.041341087225103124e+01
1.369999999999999864e-02 9.982669455311938833e+00 7.695220420732153066e+00 4.712859529367923628e+00 3.896048605775329410e+00 1.107777483340380797e+01 6.599458299601921318e+00 5.636010197612439043e+00 2.384258026555197585e+00 2.670820515864376077e+00 2.958524845839945350e+00 3.246828115996871489e+00 3.540544957598309672e+00 1.223732484119780928e+01 3.955285392785066190e+00 4.247256579825568146e+00 7.394788490078179954e+00 5.098401895662290961e+00 1.528726207941186388e+01 1.360222542959031955e+01 1.099509592130643654e+01 1.690089689974188403e+01 2.713282255883533622e+01 2.646782872933739483e+01 2.641685054996930404e+01 2.386500044011237875e+01 1.373917398169829873e+01 1.879825077549303103e+01 2.613208097992852785e+01 3.622304545701969403e+01 3.212598762216902060e+01 2.518462406318215940e+01 1.490605919731487283e+01 2.223114633477948487e+01 1.328922479890910857e+01 2.371994025614173296e+01 2.031138588082812646e+01
