output/example/elevation_000051.asc
nrows	75
cellsize	133.333333333
xllcorner	0
ncols	75
yllcorner	0
NODATA_value	-9999
[rows 51 to 67 of 75, columns 0 to 36 of 75]
5.882205962523524567e-01 8.921553929585680720e+00 1.728397402965657648e+01 1.172839669453517217e+02 1.380818364226521169e+02 5.063097107947749720e+01 1.506309438506167737e+02 1.727193798246400434e+02 8.645548237648837642e+01 1.864554209158507376e+02 1.815680777351194308e+02 1.714573803093693414e+02 2.628767399272767307e+02 3.402029461794512599e+02 2.695016714158921332e+02 2.804405086841348407e+02 3.804342783375101931e+02 3.445384782360171130e+02 2.531183033976653576e+02 3.445384783538897295e+02 3.368485063417170409e+02 2.368472199983056043e+02 1.819235508967355202e+02 2.819240909615551232e+02 2.613194765076437989e+02 1.613191263848031838e+02 2.220961000419699189e+02 1.376189096102161784e+02 2.376191478879391070e+02 2.951579159372214463e+02 3.658697313399693485e+02 3.391705092703922446e+02 2.899369778427854953e+02 2.062496929994964603e+02 2.551964589606214417e+02 1.649090427881758103e+02 1.719104432083159679e+02
9.768667279832560224e-01 1.009768667279825394e+02 1.172839669453517217e+02 9.893363140485803342e+01 1.920517834505533870e+02 1.506309438506167737e+02 6.343465907276704741e+01 7.271942598161957960e+01 1.727193798246400434e+02 2.278756902926525356e+02 2.815677570978634776e+02 2.421680504603599502e+02 3.128756479399743284e+02 3.436828850348471178e+02 3.694995867725641574e+02 3.804342260875722559e+02 3.677877509410899393e+02 2.677654486724720755e+02 2.031182659871692238e+02 3.031184015632929913e+02 3.259092101016323682e+02 2.259081698801642233e+02 1.551974264632186475e+02 2.235748824005615347e+02 2.493759121671435537e+02 2.079539351986946372e+02 1.220958990960893260e+02 2.220961000419699189e+02 2.376191478879390786e+02 3.376202107611636620e+02 3.300034317178369179e+02 2.391694993170273165e+02 2.391694993170273165e+02 1.485146531167923456e+02 1.551961841646030393e+02 2.551964589606214417e+02 2.719107704797687006e+02
2.138324179527880675e-01 7.092451053660703053e+01 1.709245105366056237e+02 1.989335967094075954e+02 2.403546333669414707e+02 2.048552818663657149e+02 1.134346590703763411e+02 1.434301032861556564e+02 1.359649790202166741e+02 2.066756509881584236e+02 3.066752447547391398e+02 3.421672979922976765e+02 3.143912896118532672e+02 2.436829349165709857e+02 2.936854250336276095e+02 3.351447837629791593e+02 3.372851318904225764e+02 2.677637141654556103e+02 1.677629254112565320e+02 2.677637141654561219e+02 3.306160501518535852e+02 2.891937537180153868e+02 2.235748824100924708e+02 1.235746497999294178e+02 1.940864057238057399e+02 1.079537634723583039e+02 2.079539351986946372e+02 2.635181673375694800e+02 2.666125589505154494e+02 3.080347443265019933e+02 2.300024930362041289e+02 2.300024930362041573e+02 1.391692668464722544e+02 2.391694993170273165e+02 2.551964589606214417e+02 2.051961892847516538e+02 3.051967286364912297e+02
1.069909363418946047e-01 1.001069909363411909e+02 1.593913475779118585e+02 1.947466866372389802e+02 2.361680428745478935e+02 2.548548807339895745e+02 1.841453349887237039e+02 2.434299484759449399e+02 2.359648538864901184e+02 2.773847339140497184e+02 2.860867165234708409e+02 3.275084688387073015e+02 2.643957808853983238e+02 1.729721611927128606e+02 1.936828777262585390e+02 2.936857616762483190e+02 2.958590149622695549e+02 1.958577709680117209e+02 1.400279155396486885e+02 2.400284153727819785e+02 2.728804046698904813e+02 1.891931787499042628e+02 2.444341367829122191e+02 1.940864057238057399e+02 9.408625856672750842e+01 1.911578820062910040e+02 1.970300930136446027e+02 2.029329157884784252e+02 1.666121723896376068e+02 2.148966123647948621e+02 2.209488993144228743e+02 1.300022818761900112e+02 2.300024930362041573e+02 2.098799854408525221e+02 3.098806409522035779e+02 2.759070257771611523e+02 2.759070257771611523e+02
3.726996606557795300e-01 2.924021312013702101e+01 5.939134757791327957e+01 9.474668663724040130e+01 1.524817135562021804e+02 2.524817135562007593e+02 2.841450856091753963e+02 2.610802407764903705e+02 2.196586166866343888e+02 2.153758275839226997e+02 1.860864183777040637e+02 2.860867165234708409e+02 2.229723829488079900e+02 1.229721567391175654e+02 2.229721098447079726e+02 2.904507438686965202e+02 2.849196965224653013e+02 1.849187387440541670e+02 1.142080265612173946e+02 2.142083411523277903e+02 2.314583948410591745e+02 1.314581244328853415e+02 1.444337876667682110e+02 1.784477737462363507e+02 8.531567837365716400e+01 9.115774075202706683e+01 9.702994294717414903e+01 1.029327563081837553e+02 1.088771392909614377e+02 1.148964319452499439e+02 1.209487072719380194e+02 2.209488993144228743e+02 2.714244839733743220e+02 3.098806409522035779e+02 3.513030697050629101e+02 3.759083265173639461e+02 3.759083265173640029e+02
9.622267309149505898e-01 1.009622267309142387e+02 1.593913475779118585e+02 1.947466866372389802e+02 2.361680428745478935e+02 2.939030697935076546e+02 2.202552978661585712e+02 1.788337359625940053e+02 1.196584901027505481e+02 1.153757106253153069e+02 2.153758275839226997e+02 2.039363722610059142e+02 1.941047745211289168e+02 9.410464324861534635e+01 1.490282083819000150e+02 2.490285495641388991e+02 2.628194855370485357e+02 1.928881713377549261e+02 9.288795492559248146e+01 1.928881713377549261e+02 2.085295556992771253e+02 1.671077917439201030e+02 7.372309426360726548e+01 7.844765017622265191e+01 1.784477737462363507e+02 1.911578820062910040e+02 1.970300930136446027e+02 1.736434579641461369e+02 1.666121723896376068e+02 2.148966123647948621e+02 2.209488993144228743e+02 1.492329785226443164e+02 2.492332463010574202e+02 3.074976857528606615e+02 3.408312835278908892e+02 3.786281953138099539e+02 4.200510790481396839e+02
2.536103556318918262e-01 7.096428847428613551e+01 1.709642884742847286e+02 1.763833797165487738e+02 2.178047878879056327e+02 2.297205434309395287e+02 1.625201557602182163e+02 7.883365947953011243e+01 6.192346095380779047e+01 1.619235166844324283e+02 1.306985735941860582e+02 1.039361999864334223e+02 1.357558047290353613e+02 6.737851905356998827e+01 1.380892099639804087e+02 2.380894866925097517e+02 1.921083730281978887e+02 1.213972605193516898e+02 7.288795492559009404e+01 1.558908734562949405e+02 1.605282673285321380e+02 6.710768224705098817e+01 1.671077917439201030e+02 1.784477737462363507e+02 1.100704267815159341e+02 2.100706074943294084e+02 2.731611621744452805e+02 2.736439221025357824e+02 2.666125589505154494e+02 3.080347443265024481e+02 2.906553243923086143e+02 2.069680205437586835e+02 1.816772629001751795e+02 2.074971523637763369e+02 2.408304902028004335e+02 2.786269664020214805e+02 3.363622957214524263e+02
9.431841708974398886e-01 1.009431841708967283e+02 1.056726859195918138e+02 7.638335754408123535e+01 1.763833797165487738e+02 1.590097316813561577e+02 8.829891993177373877e+01 2.109863189287375818e+01 1.210986648861138946e+02 1.271271377930558231e+02 3.069852197571279007e+01 3.322551545430910380e+01 3.575574245115536343e+01 1.357558047290353613e+02 1.419151255245218408e+02 1.444708464714890397e+02 1.470290752434917465e+02 5.068657151555322571e+01 5.327634141177155414e+01 5.589077633985153426e+01 6.052816529745324203e+01 1.605282673285321380e+02 2.085295556992771253e+02 2.514925228191054885e+02 2.100706074943294084e+02 1.454257659774651472e+02 1.731607762033238203e+02 2.731611621744452805e+02 3.580987997972110293e+02 3.995215148215493741e+02 3.483910236376627836e+02 3.069686183822120142e+02 2.394123239495432927e+02 2.782079782728185364e+02 3.074976857528606615e+02 3.786281953138100675e+02 3.689591874188311635e+02
7.631321084887311423e-01 3.217535576857777357e+00 5.672678657558925863e+00 1.056726859195918138e+02 1.116172647794803794e+02 1.140843373982948208e+02 1.758823890871012452e+01 1.175882656291278749e+02 2.462865444096475542e+01 2.712709340428426330e+01 1.271271377930558231e+02 1.332255723258327293e+02 1.357558047290353613e+02 3.936183468102841942e+01 4.191504928696921439e+01 4.447076418527275621e+01 4.702898673575598565e+01 1.470290752434917465e+02 1.532764359513146530e+02 1.558908734562949405e+02 6.037413473647370665e+01 1.603742364248456909e+02 1.648666386563539561e+02 2.648671795186791655e+02 2.868481084329852138e+02 2.454260453140553864e+02 2.731611621744452805e+02 2.203012418803794503e+02 2.580977252036643108e+02 3.288088593531798551e+02 4.288109712582925113e+02 3.808357924498175180e+02 3.394131805148459762e+02 3.782092947891194967e+02 4.074994614817396723e+02 3.396699013633522100e+02 2.689579402025577792e+02
7.628124041380348608e-01 1.007628124041373212e+02 1.056726859195918138e+02 9.153177239886836958e+00 1.161724814306871423e+01 1.408431670052592466e+01 1.140843373982948208e+02 1.590097316813561577e+02 9.533933693566105205e+01 1.271271377930558231e+02 5.294698237901064175e+01 7.651720841865511602e+01 1.765172867115408906e+02 9.709686313934705026e+01 1.419151255245218408e+02 1.444708464714890397e+02 6.528640531926164670e+01 1.652882778496827996e+02 2.356035223994506111e+02 2.017959722106767799e+02 1.603742364248456909e+02 6.486653217129752136e+01 1.648666386563539845e+02 1.693749918707690370e+02 2.693755531800778726e+02 2.381631656647895738e+02 2.795851718025933792e+02 3.203019463381049263e+02 3.580987997972110293e+02 3.995215148215429508e+02 3.838492873479951299e+02 3.424267588844238617e+02 3.838492873479939931e+02 3.597316910581657226e+02 3.183093053986463588e+02 2.982476273850913913e+02 1.982470834962474271e+02
2.106757229907613160e-01 1.002106757229900467e+02 1.505745991659323124e+02 7.986385671186376101e+01 8.232792804541672638e+01 1.140843373982948208e+02 5.880567627763957006e+01 1.588057136711986459e+02 1.953394571697214133e+02 1.830982025057006126e+02 8.309811683812698391e+01 1.765172867115408906e+02 1.130320456279869461e+02 1.970970259635375044e+02 2.385188032222065715e+02 2.067163026007145845e+02 1.230214749562435372e+02 9.415391878889484190e+01 1.941605842693972761e+02 2.680821223571662699e+02 2.062883860792600501e+02 1.355772236690368686e+02 6.937488034463466136e+01 1.693749918707690654e+02 1.771611115059307906e+02 1.381628789077218187e+02 1.837053450437527999e+02 2.251271433968035183e+02 2.590637049066589270e+02 3.004858069231532340e+02 3.096849253726184656e+02 2.424258135597794706e+02 3.338485386806905808e+02 3.019959630400887818e+02 2.183086174857643869e+02 2.707440429640219008e+02 2.293220994523708498e+02
4.089467787567467871e-01 7.111962489741098636e+01 1.711196248974095795e+02 1.798638954132047729e+02 1.823279787557693226e+02 2.002271880351744073e+02 1.165407048798643075e+02 1.295163603927871918e+02 2.295164675890763988e+02 2.164315786545070637e+02 1.164314502080876395e+02 2.164315786545070637e+02 1.837427477661605337e+02 1.538568755279889615e+02 2.538570823789704605e+02 2.644571924974376884e+02 2.230258043388704152e+02 1.648654838051236311e+02 1.265982036526937264e+02 2.266141501045146356e+02 2.769995484894899960e+02 2.107967512923997617e+02 1.400855727535561357e+02 7.389935037642591453e+01 7.716099074169311223e+01 8.042784834361710011e+01 8.370521597033939543e+01 1.837053450437527999e+02 1.590633070466054733e+02 2.590637049066589270e+02 2.096842324361565488e+02 1.924257613316944173e+02 2.924262862221015666e+02 2.605738813129960931e+02 1.605735663745604143e+02 2.236652335527375328e+02 1.293218935050285268e+02
7.605404438924017185e-01 1.007605404438916850e+02 1.795790298270223388e+02 2.243003893770178081e+02 2.820354162959775977e+02 2.579623210859425058e+02 2.165407893713340570e+02 2.295164675890763988e+02 2.709380156775587807e+02 2.578532608257399374e+02 1.664314535794499932e+02 2.578532608257451670e+02 2.837430865876550570e+02 1.946817098218397177e+02 2.245676084577589222e+02 3.245681275543325341e+02 3.063415609937777049e+02 2.540153847031583894e+02 1.543332167764242797e+02 2.082535570188111080e+02 3.083084747901945093e+02 2.815079298312447804e+02 1.905661588348023656e+02 9.056601704309268541e+01 1.771611115059307906e+02 1.511385432430471099e+02 1.837053450437527999e+02 8.835261009374110586e+01 1.883527454584624934e+02 1.963335050421208337e+02 1.389735017385183937e+02 2.389737572738926019e+02 2.556618109178371583e+02 2.142399195209926006e+02 1.197487370055962970e+02 1.236650392555360867e+02 2.236652335527375328e+02
3.612262887922438326e-01 3.815767358971483958e+01 8.287903313971031594e+01 1.406140600586720950e+02 2.406140600586706739e+02 2.685664897973431380e+02 2.271451335601250889e+02 2.271451335601250605e+02 3.271451335601222468e+02 3.078535074907487115e+02 2.664317037295642194e+02 3.078535074907561011e+02 3.361039305852063990e+02 2.446817474338687077e+02 3.245681275543325341e+02 3.659900954725295037e+02 3.376387383858378257e+02 2.361482599500379820e+02 1.896886317558926294e+02 2.897360008341357229e+02 3.497897539788169183e+02 2.654513027058880539e+02 1.654509089656106653e+02 1.077158755573436792e+02 2.077160484608704110e+02 2.511389121903544890e+02 2.297745569848740956e+02 1.883527454584624934e+02 9.302021037383445901e+01 9.633335818344730228e+01 1.963335050421208337e+02 2.048985512570474441e+02 2.087475594684938471e+02 1.142397431176838865e+02 2.142399195209926006e+02 2.236652335527375328e+02 1.531534304926614993e+02
2.027203060114903810e-01 7.091339842466572918e+01 1.709133984246643081e+02 2.172934052817895747e+02 1.758720490445138864e+02 1.962844635677069220e+02 1.271451335601264958e+02 2.271451335601250889e+02 2.913949805383953162e+02 3.230177571400786860e+02 3.608142044410003564e+02 4.022355606776047807e+02 3.861043828593281546e+02 3.446823535885610568e+02 3.861043828573257883e+02 4.196769144605071347e+02 3.816026428695564618e+02 3.312663927565828885e+02 2.396909602771606558e+02 3.312657957349304070e+02 3.754490173219699045e+02 3.068736808092978094e+02 2.262856239884585534e+02 1.262854093750540301e+02 1.969961233005585086e+02 2.969967336903710020e+02 2.637313246026961338e+02 1.637309086578086124e+02 1.637309086578085839e+02 1.963335050421208337e+02 1.010579140960626319e+02 1.048983909592754742e+02 1.087473927538729868e+02 1.420807261076046473e+02 2.420809761489383334e+02 2.945757488277891980e+02 2.531537060374388659e+02
4.264044037055534364e-01 1.004264044037048365e+02 1.933888330951168939e+02 1.519674768578261990e+02 7.587204904451530751e+01 9.628446356770832892e+01 1.962844635677069220e+02 1.636599707271370789e+02 1.913949805383981584e+02 2.230177571400815282e+02 2.608142044410031986e+02 3.315248825596559641e+02 4.315248825596531219e+02 4.130699929828060135e+02 3.711418214345878823e+02 3.206783651505578518e+02 3.905582625308678075e+02 3.813507257199458422e+02 3.397814187455753654e+02 3.813528693998291033e+02 3.340215958724646157e+02 2.340204870654937110e+02 1.840204458634223386e+02 1.512854093769046813e+02 2.079351472417215518e+02 3.079358814684317736e+02 3.051534463062083091e+02 2.637313246026961338e+02 2.637313246026960769e+02 2.078465217990620602e+02 1.078463564290839969e+02 2.048985512570474441e+02 2.087475594684938471e+02 2.420809761489383334e+02 1.998157673256949352e+02 2.998163250977427197e+02 3.270203194305169632e+02
2.601976539121070298e-01 1.002601976539113906e+02 1.296067970828283933e+02 5.196747685782761295e+01 1.519674768578261990e+02 1.258720490445149522e+02 2.258720490445135454e+02 2.636599707271342368e+02 2.913949805383953162e+02 3.230177571400786860e+02 3.608142044410003564e+02 4.022355606769687597e+02 4.330401064756368896e+02 3.711589753924571937e+02 2.707938369411940585e+02 2.500597366986816326e+02 3.412858367616540818e+02 3.598627926573708464e+02 4.012353059918056601e+02 4.014259465213749536e+02 3.754501127738656123e+02 3.254456142033965307e+02 2.771056859097892016e+02 1.771052983811558761e+02 2.771056855148539739e+02 3.493587746878257008e+02 3.320931181681096405e+02 2.906711191225459743e+02 2.299328739462212923e+02 1.299326616440746420e+02 2.078465217990620602e+02 1.185984230404934863e+02 2.185986083332741714e+02 2.708991427054215819e+02 2.998163250977427197e+02 2.814657208881332622e+02 3.814671503022750585e+02
