output/example/elevation_000005.asc
nrows	75
cellsize	133.333333333
xllcorner	0
ncols	75
yllcorner	0
NODATA_value	-9999
[rows 0 to 16 of 75, columns 37 to 73 of 75]
5.000195274534213468e+02 5.000242145075745270e+02 5.000365582771030404e+02 5.000432813832443912e+02 5.000344684309452532e+02 5.000215997645753419e+02 5.000161547236448882e+02 5.000159237336065416e+02 5.000080292871386405e+02 5.000076844697031220e+02 5.000265114529131552e+02 5.000301095507389846e+02 5.000121269289824681e+02 5.000044769405577085e+02 5.000081266341354080e+02 5.000033281292559195e+02 5.000037758240143262e+02 5.000158168707041000e+02 5.000196474201383126e+02 5.000219439043968350e+02 5.000280982780016075e+02 5.000257062434746445e+02 5.000239188299503894e+02 5.000395836146353759e+02 5.000546587923965376e+02 5.000379511254565159e+02 5.000568406878683163e+02 5.000328729905269824e+02 5.000381775879762927e+02 5.000519117663386623e+02 5.000578039495234179e+02 5.000553681543528342e+02 5.000489999189370565e+02 5.000339393624008721e+02 5.000424022165808537e+02 5.000545775272544233e+02 5.000566366916842185e+02
5.000208794540736790e+02 5.000333085475764392e+02 5.000263004722207256e+02 5.000241152473081456e+02 5.000178476064577353e+02 5.000043845353808933e+02 5.000036091420639650e+02 5.000116736646907043e+02 5.000033374363458165e+02 5.000097912800956124e+02 5.000221279989909249e+02 5.000359738913192587e+02 5.000135631465708457e+02 5.000130929754578801e+02 5.000015263703057826e+02 5.000013597939371834e+02 5.000013585702112096e+02 5.000024659371965186e+02 5.000121450690793949e+02 5.000138425226841150e+02 5.000151079418715767e+02 5.000211330451323875e+02 5.000138410468028383e+02 5.000228612975136002e+02 5.000347548286179631e+02 5.000198188542665889e+02 5.000237645408502090e+02 5.000185827703272707e+02 5.000196098675232861e+02 5.000238530408815905e+02 5.000440383054024664e+02 5.000424418696654811e+02 5.000220206909268086e+02 5.000477270605166495e+02 5.000582414553284138e+02 5.000501922439807458e+02 5.000568686944328647e+02
5.000314681764706961e+02 5.000220500146867266e+02 5.000088842918115688e+02 5.000283021263817886e+02 5.000136672404562432e+02 5.000202346944795408e+02 5.000104391029311159e+02 5.000033098405564260e+02 5.000033101114977967e+02 5.000034545626792806e+02 5.000070941992470921e+02 5.000337432057352771e+02 5.000345244694246958e+02 5.000212161376038580e+02 5.000038650137170180e+02 5.000013613706545925e+02 5.000078587493231908e+02 5.000161361816843169e+02 5.000201616776001856e+02 5.000174266851406060e+02 5.000137308422987985e+02 5.000196354664998353e+02 5.000137389291823524e+02 5.000229435375376283e+02 5.000356353515484216e+02 5.000283307947155436e+02 5.000181232759841805e+02 5.000237391877136020e+02 5.000354932181813297e+02 5.000302022853799144e+02 5.000452328148325591e+02 5.000396788865263602e+02 5.000169060034446034e+02 5.000451863706907716e+02 5.000681980471107977e+02 5.000540566340563373e+02 5.000662192400995423e+02
5.000111368055294747e+02 5.000137292903835942e+02 5.000077886088231480e+02 5.000149871227216636e+02 5.000288484083730509e+02 5.000177909776348315e+02 5.000041604014537029e+02 5.000033065980064180e+02 5.000086904691056588e+02 5.000132779819463167e+02 5.000311536595717712e+02 5.000243511071765283e+02 5.000368234661138445e+02 5.000257668092460221e+02 5.000037380674715450e+02 5.000083401871034994e+02 5.000022028766458675e+02 5.000152794057050869e+02 5.000137559575301225e+02 5.000137317464094053e+02 5.000137308175276303e+02 5.000137308197040511e+02 5.000203960350935972e+02 5.000145301187908444e+02 5.000250625306104553e+02 5.000334146833774298e+02 5.000202770228464146e+02 5.000173819938517568e+02 5.000156981822951821e+02 5.000137163976696115e+02 5.000182218134995082e+02 5.000137068346581941e+02 5.000400554342175496e+02 5.000571671074539495e+02 5.000736095567015695e+02 5.000662193823535517e+02 5.000733584203775308e+02
5.000076976933247579e+02 5.000076976923600114e+02 5.000105048262680612e+02 5.000293995031721010e+02 5.000254104799533934e+02 5.000067039761416368e+02 5.000033843290873961e+02 5.000082366857406555e+02 5.000033065962264800e+02 5.000033081546420135e+02 5.000120852376169296e+02 5.000067145145800396e+02 5.000138415294758829e+02 5.000317317663456151e+02 5.000255312332993753e+02 5.000152644051925677e+02 5.000138890394500777e+02 5.000274545270717113e+02 5.000145911981967970e+02 5.000173902114051430e+02 5.000137308236924696e+02 5.000170079237191203e+02 5.000298536950599555e+02 5.000303954086523390e+02 5.000343141338473743e+02 5.000294023027412891e+02 5.000187863781487749e+02 5.000184547967327831e+02 5.000177348233655721e+02 5.000135015814188932e+02 5.000135016802807968e+02 5.000135047167490825e+02 5.000145491649676615e+02 5.000347303061638513e+02 5.000505009802167251e+02 5.000652209535383577e+02 5.000647655100171391e+02
5.000143476710273376e+02 5.000077449169866668e+02 5.000117038748101095e+02 5.000288244533826969e+02 5.000208677748075274e+02 5.000195647780515742e+02 5.000095373200948075e+02 5.000079108788944495e+02 5.000033169470704024e+02 5.000099423865331119e+02 5.000036271347232173e+02 5.000141841275702745e+02 5.000329440566233075e+02 5.000278392691396334e+02 5.000410713123995947e+02 5.000487707733871048e+02 5.000396907821461241e+02 5.000459931669483922e+02 5.000209043243808651e+02 5.000138413478912298e+02 5.000137316866689048e+02 5.000213384950677664e+02 5.000349645654989672e+02 5.000185567121219492e+02 5.000203774342154475e+02 5.000272291995993896e+02 5.000271539388777455e+02 5.000281727834475305e+02 5.000168141559593096e+02 5.000135016066590197e+02 5.000203165231163780e+02 5.000278821589167819e+02 5.000402929576184192e+02 5.000329523196273271e+02 5.000264164759187224e+02 5.000428230653627111e+02 5.000414593843581770e+02
5.000168554718892437e+02 5.000121587375062404e+02 5.000084038694541846e+02 5.000175051920516580e+02 5.000156033993410460e+02 5.000253035350137338e+02 5.000203469705668340e+02 5.000056195355741124e+02 5.000040671423220715e+02 5.000182607025902257e+02 5.000126595210954292e+02 5.000277305382483632e+02 5.000182734320742952e+02 5.000175304369723790e+02 5.000276463378077096e+02 5.000349028061773993e+02 5.000160319061969290e+02 5.000224430509490503e+02 5.000199429254944903e+02 5.000209645826938072e+02 5.000144469989400022e+02 5.000321301643949710e+02 5.000204663428938829e+02 5.000134626236900885e+02 5.000134680306665587e+02 5.000141865147018052e+02 5.000271910839996394e+02 5.000213941155249131e+02 5.000137256959751539e+02 5.000184086575445690e+02 5.000331289200086644e+02 5.000410071533977430e+02 5.000320668655484155e+02 5.000208704572103784e+02 5.000346867221041975e+02 5.000316296228581336e+02 5.000404679841738016e+02
5.000134874830840772e+02 5.000102299949190865e+02 5.000164257516805151e+02 5.000111060014029931e+02 5.000133629798122001e+02 5.000163304508180886e+02 5.000348941861213348e+02 5.000181473704639643e+02 5.000185031016256971e+02 5.000223199136199810e+02 5.000149130565914675e+02 5.000170323968267780e+02 5.000174598087515392e+02 5.000174500167172482e+02 5.000229335220770395e+02 5.000212959051141297e+02 5.000134291346104192e+02 5.000098013467132319e+02 5.000101057493605481e+02 5.000219738603074688e+02 5.000334186989774139e+02 5.000326185354990116e+02 5.000145553271702852e+02 5.000134625919721998e+02 5.000199887299866646e+02 5.000269898688201806e+02 5.000293813403310423e+02 5.000345947617242359e+02 5.000222335174946124e+02 5.000397376439705681e+02 5.000406986114408596e+02 5.000227659090879229e+02 5.000208583648892500e+02 5.000207732448362208e+02 5.000274898782012087e+02 5.000346811096925421e+02 5.000250493150334137e+02
5.000145338935512314e+02 5.000200309672778189e+02 5.000124831257683127e+02 5.000197816981232108e+02 5.000247922435814303e+02 5.000354890249018354e+02 5.000244987603464892e+02 5.000136877461249583e+02 5.000119610556117777e+02 5.000064607776442358e+02 5.000058953823826755e+02 5.000175796244677713e+02 5.000165228041916521e+02 5.000174558601455033e+02 5.000287610210371554e+02 5.000328151270455805e+02 5.000171700992812021e+02 5.000183884779286245e+02 5.000074579475166274e+02 5.000153295645247908e+02 5.000106761979720318e+02 5.000369924210778549e+02 5.000216359491849403e+02 5.000134672785276848e+02 5.000167739880199633e+02 5.000321957744447445e+02 5.000281615778592368e+02 5.000278200524410863e+02 5.000236617959316163e+02 5.000276114837217278e+02 5.000408352074662162e+02 5.000363278143003072e+02 5.000253565259712332e+02 5.000206295034128061e+02 5.000207769010003176e+02 5.000271688615057428e+02 5.000227856493754075e+02
5.000307691269543966e+02 5.000222921566871150e+02 5.000138634261467701e+02 5.000156907148433447e+02 5.000254038073828156e+02 5.000333324976188578e+02 5.000076176165113111e+02 5.000050920036199500e+02 5.000050793280854577e+02 5.000050793280843777e+02 5.000067133809952225e+02 5.000056358474583931e+02 5.000191033534529197e+02 5.000272130417619678e+02 5.000202819094224651e+02 5.000390020273276264e+02 5.000183703867316467e+02 5.000074859691021061e+02 5.000072243695084921e+02 5.000072299337398363e+02 5.000073729464641588e+02 5.000222284688238119e+02 5.000273695891152101e+02 5.000136812781324807e+02 5.000255221004253485e+02 5.000315975698342186e+02 5.000211984483674428e+02 5.000137492786232656e+02 5.000133198629903859e+02 5.000123909741142825e+02 5.000212199534776687e+02 5.000166057919564651e+02 5.000263094754045596e+02 5.000198818073164944e+02 5.000244101292726100e+02 5.000269969333613176e+02 5.000207717066384703e+02
5.000419346914656558e+02 5.000188255627685407e+02 5.000177004226534905e+02 5.000301553206318204e+02 5.000304283716705527e+02 5.000156025728883264e+02 5.000122755888826873e+02 5.000050794221625097e+02 5.000072104884389432e+02 5.000111681348431034e+02 5.000050794879619502e+02 5.000056608776109783e+02 5.000097802530939930e+02 5.000369114710867962e+02 5.000390444519641164e+02 5.000625972218380184e+02 5.000404178425839632e+02 5.000111205172497648e+02 5.000072243738052293e+02 5.000073071241068874e+02 5.000207928960899721e+02 5.000232002525484063e+02 5.000408882911705177e+02 5.000219169028400188e+02 5.000319719914636494e+02 5.000223838153586939e+02 5.000126053991643289e+02 5.000122757984515829e+02 5.000172870399092631e+02 5.000121939311853225e+02 5.000121993734773582e+02 5.000180612790235841e+02 5.000314039037598377e+02 5.000207731805494973e+02 5.000165595910476100e+02 5.000170025952689343e+02 5.000300647355701358e+02
5.000483004335173405e+02 5.000362195372132419e+02 5.000345810839212390e+02 5.000290877597549866e+02 5.000103800487812009e+02 5.000051077615694908e+02 5.000050814625740259e+02 5.000091488015252708e+02 5.000198240101062197e+02 5.000139424404598572e+02 5.000050833964510275e+02 5.000070869589829385e+02 5.000327769283343855e+02 5.000415175602838076e+02 5.000533947401523847e+02 5.000450315932980629e+02 5.000135529137490948e+02 5.000072842279298584e+02 5.000106150442960598e+02 5.000173078092550440e+02 5.000121563691546385e+02 5.000374366919921272e+02 5.000248499536609188e+02 5.000111446688682122e+02 5.000089780739634193e+02 5.000235133408390880e+02 5.000221653242989532e+02 5.000183934180251413e+02 5.000121961610155381e+02 5.000156829223533919e+02 5.000187521145929281e+02 5.000224060786937912e+02 5.000295203826748889e+02 5.000281867750018137e+02 5.000115194467989568e+02 5.000192808830875606e+02 5.000176470905478254e+02
5.000341697176991715e+02 5.000347612397705461e+02 5.000468701707913510e+02 5.000176082019629575e+02 5.000065749630390428e+02 5.000139131896565345e+02 5.000050983152968911e+02 5.000054805297426128e+02 5.000232964161444897e+02 5.000287282830853428e+02 5.000072816100386603e+02 5.000269504905252234e+02 5.000381575460088470e+02 5.000400551208716706e+02 5.000293919185699565e+02 5.000430908263382435e+02 5.000168309190752325e+02 5.000075124072648691e+02 5.000243859957308246e+02 5.000520964838599980e+02 5.000264611354059525e+02 5.000362535815782508e+02 5.000069949719326701e+02 5.000032726532403444e+02 5.000041154443208029e+02 5.000174046758280610e+02 5.000309134598068681e+02 5.000141795207923678e+02 5.000210919189287893e+02 5.000192568979846897e+02 5.000133932749875498e+02 5.000145326928105760e+02 5.000133326328770522e+02 5.000176738330172839e+02 5.000088814587422235e+02 5.000112666045610013e+02 5.000127527368840674e+02
5.000253795650054371e+02 5.000223626875346667e+02 5.000349927779806762e+02 5.000251737092040685e+02 5.000220555976230798e+02 5.000202608801232032e+02 5.000053658553784999e+02 5.000191611052139251e+02 5.000127745890898723e+02 5.000378125901657427e+02 5.000375603849565209e+02 5.000523387877145183e+02 5.000331429339166789e+02 5.000317363018446599e+02 5.000144666323437264e+02 5.000464813850149994e+02 5.000376261296530060e+02 5.000153407648652433e+02 5.000179847060463203e+02 5.000554544881497918e+02 5.000673588374718861e+02 5.000372581958740170e+02 5.000066810081869448e+02 5.000028049002298758e+02 5.000048620177441876e+02 5.000093262646692551e+02 5.000163548523171357e+02 5.000308362087681644e+02 5.000262608309199663e+02 5.000097871248410684e+02 5.000108439630277530e+02 5.000063103757562999e+02 5.000152080846813760e+02 5.000068019372682784e+02 5.000180795998668373e+02 5.000143719056667919e+02 5.000129548305192770e+02
5.000184784449030531e+02 5.000256278561790850e+02 5.000338022390496917e+02 5.000354793549969372e+02 5.000463588069026173e+02 5.000307592376719867e+02 5.000071308145741114e+02 5.000346280027158059e+02 5.000417433509842908e+02 5.000427995882021719e+02 5.000423180747777678e+02 5.000348615117619033e+02 5.000144258509500901e+02 5.000181473595999364e+02 5.000111390108411342e+02 5.000294142113912699e+02 5.000583340619257342e+02 5.000492109514583490e+02 5.000557477532830148e+02 5.000557273263533489e+02 5.000274177627929362e+02 5.000319828667227853e+02 5.000241174750270829e+02 5.000037116490215681e+02 5.000027489090721815e+02 5.000027488737472368e+02 5.000044613053425451e+02 5.000136298187329089e+02 5.000127408173602248e+02 5.000062047500939002e+02 5.000161696035017940e+02 5.000055186573518426e+02 5.000176958584889348e+02 5.000059237121395199e+02 5.000265638333443690e+02 5.000358438160413357e+02 5.000192894162938160e+02
5.000162841226567707e+02 5.000280771229511174e+02 5.000219507195673145e+02 5.000223793899829730e+02 5.000238157643352110e+02 5.000438208127993107e+02 5.000365129000048228e+02 5.000537285320664296e+02 5.000326493578571672e+02 5.000170944366388994e+02 5.000137851435368930e+02 5.000190066062758092e+02 5.000159398735917762e+02 5.000107373546156282e+02 5.000223106721639397e+02 5.000169399044698366e+02 5.000263944809016152e+02 5.000505611157962562e+02 5.000662410728721170e+02 5.000209120166392154e+02 5.000073068980786957e+02 5.000069823507516844e+02 5.000244274968679861e+02 5.000113190133475882e+02 5.000085246439926436e+02 5.000027488915004028e+02 5.000096508980064982e+02 5.000055490604456168e+02 5.000053791055575516e+02 5.000053782165411462e+02 5.000090733711011808e+02 5.000053830536886608e+02 5.000054099212626966e+02 5.000214789723627291e+02 5.000187926920823429e+02 5.000587125796656665e+02 5.000618782007055643e+02
5.000277306757652127e+02 5.000209019303072182e+02 5.000289192330006358e+02 5.000365013835677246e+02 5.000457529468334315e+02 5.000706869173447444e+02 5.000667231769501768e+02 5.000340891523850360e+02 5.000108881358593749e+02 5.000192756262129024e+02 5.000107342531119912e+02 5.000107195051984945e+02 5.000107191495741858e+02 5.000167560360243328e+02 5.000177760321437859e+02 5.000240998904637308e+02 5.000228088063351493e+02 5.000583741577329988e+02 5.000699160864098189e+02 5.000334860711606098e+02 5.000077032772968550e+02 5.000046716136345708e+02 5.000108013594360159e+02 5.000046514307324514e+02 5.000027912027860566e+02 5.000070505131317873e+02 5.000283931068150309e+02 5.000130508083601626e+02 5.000125965574766269e+02 5.000093283817815291e+02 5.000053782176037203e+02 5.000124616892599079e+02 5.000223087377063962e+02 5.000476398236972955e+02 5.000627360238163419e+02 5.000710888516969703e+02 5.000669344070892635e+02
