output/example/elevation_000019.asc
nrows	75
cellsize	13.33333333
xllcorner	0
ncols	75
yllcorner	0
NODATA_value	-9999
[rows 34 to 50 of 75, columns 37 to 73 of 75]
4.933520537730096578e+00 5.171406904871667543e+00 5.171406904871667543e+00 1.464686825660700720e+01 1.627691013615492821e+01 1.628352812161427821e+01 1.939093748161735320e+01 2.611049805340534391e+01 1.617697606778981978e+01 2.071929123943413131e+01 1.197329619668347789e+01 1.332636995413724890e+01 7.626343937387701111e+00 7.626343937387701111e+00 2.087707393662983080e+01 2.481610036666496910e+01 3.226026613316990677e+01 3.389808763684098381e+01 3.766122326368409290e+01 4.105907573591875348e+01 3.694368296077450253e+01 4.105704711092833747e+01 3.737153531831203424e+01 3.325022903206158276e+01 2.620132245853105957e+01 3.164139287681929957e+01 2.495480390600749487e+01 3.507148969850634046e+01 3.939568494875697979e+01 3.514885835462719399e+01 3.517691583314986303e+01 2.713767724847694041e+01 3.729296571975045538e+01 3.260679700282283733e+01 3.532122044231997648e+01 3.809394890603918071e+01 4.384080651581442112e+01
5.834814827622315292e+00 1.467101380226317175e+01 1.488459629712319554e+01 1.999081219558795652e+01 2.759594475358880672e+01 2.704239777681333834e+01 3.001423559213589343e+01 3.023222576170381970e+01 2.110631042255303313e+01 2.414461020624472809e+01 1.634358148024328727e+01 1.434740611112897568e+01 7.858221792213673673e+00 1.385606978355624541e+01 1.954313845468809419e+01 2.509012264889596011e+01 2.688681858050906470e+01 2.442315733404028677e+01 3.389818803285210436e+01 3.604983298864483032e+01 2.689604143565794914e+01 3.604983298864483032e+01 4.105620783686598685e+01 4.027635373445351519e+01 3.136084078800431385e+01 3.903445491891809382e+01 3.216208009565986714e+01 2.914846199008905714e+01 3.904562086630544826e+01 4.506287047975930449e+01 4.148564232282086550e+01 3.735511793953453719e+01 2.955393590715642205e+01 3.968085930665454697e+01 3.970629808710739184e+01 4.801881129882930566e+01 4.384080651581442822e+01
1.535183165109214620e+01 7.671212875272207299e+00 1.713148509479639259e+01 1.906105150462551734e+01 2.060305865271257275e+01 2.594969896040273127e+01 3.010734279137718872e+01 3.520532975109668428e+01 2.818635503683227128e+01 2.856830474779394180e+01 2.397711939562493555e+01 1.966011160896078636e+01 1.631257520623731239e+01 8.139207930410060854e+00 1.748471466534940788e+01 1.864359876830990004e+01 1.785307192830010337e+01 2.714358089377811822e+01 3.159859156749503128e+01 2.762724518048912259e+01 2.185304825031274945e+01 2.689604141951017979e+01 3.694341101102252622e+01 4.513738265367328495e+01 4.128637209312392997e+01 4.513738210941667717e+01 4.209542581872237577e+01 3.416787354384292286e+01 3.486940769085833836e+01 4.039584623936669772e+01 4.980922718882601430e+01 4.246520684131313317e+01 3.242881742215175933e+01 4.246520684131313317e+01 4.673473080782190436e+01 5.356451665768694426e+01 4.960285923850526757e+01
1.360486503684468573e+01 1.713148509479634996e+01 9.659683061272566817e+00 9.659683061272566817e+00 1.300106892944602244e+01 1.649312773527698184e+01 2.182887477254924136e+01 3.157891387116544379e+01 3.816779696200041627e+01 3.145295606250511256e+01 2.718882273826092799e+01 2.238088423896644130e+01 8.501776594337032478e+00 8.349009635146638075e+00 1.615510705236995648e+01 1.290587183127142268e+01 2.299755855801647542e+01 2.817912866393951177e+01 2.422360701391088256e+01 1.771158001210691424e+01 2.337523338324068689e+01 3.343560131272160163e+01 4.105620783686598685e+01 3.989351033453048956e+01 3.989351033453048956e+01 4.398369245861844945e+01 4.791040295784245018e+01 4.109082935152924421e+01 4.346479204718286127e+01 4.826765633858667570e+01 5.369840415778343612e+01 4.624217748464253219e+01 3.625116151284456834e+01 4.063957534189724186e+01 5.071243178585265099e+01 6.028095664517060470e+01 5.935848530538939372e+01
1.837175872270890409e+01 2.220844797242821400e+01 1.685504079139070299e+01 9.659683061272566817e+00 1.353597330630457307e+01 2.345698362810545490e+01 3.010734279138150171e+01 3.581848444213948568e+01 3.641291925849567690e+01 2.718945134214672166e+01 1.643118226077284305e+01 1.367458543503166801e+01 1.551198275097424073e+01 1.803883838788444649e+01 8.694871419281028579e+00 1.868962714515629031e+01 2.286703201081132164e+01 2.134822577339781091e+01 1.463341806545771817e+01 2.130039512999434592e+01 3.128075858692493938e+01 3.755957689268986854e+01 3.693614562768930654e+01 2.988859879676016007e+01 2.988859879676016007e+01 3.989351033453048956e+01 4.713053144104920733e+01 5.076172185695944705e+01 4.986369631101650413e+01 4.666324816563309952e+01 5.174281013984868594e+01 5.038030222463945762e+01 4.201254808218306636e+01 5.038030222547477877e+01 5.494807737591416696e+01 6.172215824992374422e+01 5.881142016719316956e+01
2.462267179931232164e+01 2.666295095881088528e+01 2.096957119689839644e+01 1.153409518222636265e+01 2.162363616676991640e+01 2.043561853649606874e+01 3.075120420999571280e+01 3.942609733780583525e+01 2.924849567444303133e+01 2.153800259294142805e+01 2.718945134214171588e+01 2.431410975015465326e+01 2.104032837909752374e+01 1.121940399039505643e+01 1.389458071187335442e+01 9.112455131977860390e+00 1.853431671454790930e+01 1.194055868429467537e+01 1.720106878796730143e+01 2.401941648075194280e+01 3.384279013924926005e+01 3.298149411455179347e+01 2.884113718483878586e+01 2.267744713858503403e+01 2.725973242075928482e+01 3.312120611711034712e+01 4.304734690686591847e+01 4.730036551812380452e+01 4.501283465463195199e+01 3.538009352721111611e+01 4.508787880498353928e+01 5.147566730548706460e+01 5.201457964096113784e+01 5.612132856977053308e+01 5.699568033439398818e+01 5.169578457072275057e+01 4.874839180175992226e+01
3.406255683201809603e+01 2.487937381425270900e+01 1.447011558629314898e+01 2.162378440739065510e+01 2.605564367923286895e+01 3.075120420976698909e+01 3.510634655013166139e+01 3.942609733780568604e+01 2.924849567444303489e+01 3.222944618542648954e+01 3.098093747371828499e+01 2.377934924490287116e+01 1.379205903907066499e+01 2.104032837909752374e+01 1.403439301718677967e+01 1.923853012072681068e+01 9.593678725074331837e+00 9.960377429609906130e+00 2.006901374187618359e+01 2.460488198864312892e+01 2.973807598237218031e+01 2.565998522595124953e+01 1.878145141197211387e+01 2.457030255636001215e+01 3.467520578270305265e+01 4.141124811048889143e+01 4.429769006595656577e+01 3.730736073630102823e+01 4.051239515826065229e+01 2.997417667835360788e+01 3.668253820094925999e+01 4.511329279786048829e+01 5.102822389286663451e+01 5.661965423473124304e+01 4.701001081046361207e+01 4.701001081204699261e+01 4.175575737112595220e+01
2.920081491863788159e+01 2.935644133379092580e+01 2.487937381425270900e+01 1.792383984184661472e+01 2.868348166097457508e+01 3.762672656544880567e+01 4.389527340082339890e+01 4.357734284157864835e+01 3.942609733780568604e+01 3.439502221375019531e+01 2.680248257341703422e+01 1.655053866493374315e+01 2.377934924490287116e+01 2.750724734404950311e+01 2.227022584312186737e+01 1.262026577341780786e+01 1.976382257002083165e+01 1.949771509898033983e+01 1.050336442445021845e+01 2.057511346586505141e+01 2.292077068468334033e+01 1.579732356810129623e+01 2.565998522595124953e+01 3.298149411455179347e+01 3.878435791546521472e+01 4.013090738028795812e+01 3.603461056588856337e+01 3.002324450255268573e+01 3.304271321321972721e+01 2.617638707401118126e+01 3.036269801093913401e+01 3.614432913435751260e+01 4.679210186028969787e+01 5.249482294932371929e+01 4.259647947262425305e+01 3.729235986653414869e+01 4.701001081204699261e+01
2.505741017732681186e+01 3.206461880693800737e+01 3.316730849778844714e+01 2.868348166097457508e+01 2.217884923475950387e+01 2.854053222562709635e+01 3.949637027485506025e+01 4.412363061272493781e+01 3.836980497922220934e+01 3.024858016640364511e+01 1.991028738744386217e+01 2.680248257341703422e+01 3.098093747381755492e+01 2.565787290141612331e+01 1.570793310850984703e+01 2.258597142032784078e+01 2.642976256309445660e+01 1.870151990393425123e+01 2.058808554455353601e+01 1.106210833114040248e+01 1.310406226426621323e+01 2.292435659698318062e+01 2.565998375586381641e+01 3.570422367356480464e+01 3.776781931381885471e+01 3.363599037012157567e+01 2.576626717688228041e+01 3.010499387414814265e+01 2.258562696594798780e+01 2.868263355430513073e+01 3.899869278982083642e+01 4.511329134581605871e+01 5.053030166437181236e+01 4.650714159558881278e+01 4.441285934834822058e+01 3.475302731610105411e+01 4.441285935300304999e+01
1.800386234033320321e+01 2.501085583919807576e+01 3.494222033418236606e+01 3.762672656544880567e+01 2.997277729325459106e+01 2.997277729325459461e+01 4.089224121132417622e+01 4.003003897099769404e+01 3.002969374194158547e+01 2.403852191028957463e+01 3.024858016640364511e+01 3.439502221375018820e+01 2.934785677060618880e+01 1.924751691302607526e+01 2.138610078311721452e+01 2.981895265764347158e+01 3.243297528976025745e+01 2.776825093639984487e+01 2.060842208214069160e+01 1.106210833114040248e+01 2.110338229939198840e+01 2.167750899645790952e+01 3.181902414220922992e+01 3.360432923170358066e+01 3.189034979130419600e+01 2.334932768768120326e+01 1.974508756925170161e+01 1.974508756925170161e+01 2.576710996304579382e+01 3.610699959905598888e+01 4.321106107801955432e+01 4.820179786507635100e+01 4.650713732723568938e+01 3.700188848147214316e+01 3.955574475339528817e+01 3.252828506725622759e+01 3.737732080432963500e+01
2.791968515334367140e+01 2.330415676121733171e+01 2.900899486265059579e+01 3.897204925889120375e+01 4.089224121132416911e+01 4.089224121132417622e+01 4.528067583764304516e+01 4.057435128364578958e+01 3.058469350910323570e+01 3.133404624081674328e+01 3.836980497922220934e+01 3.350102411701109872e+01 2.333427049607827897e+01 2.934785677060618880e+01 3.149950163854641261e+01 3.564824241485519707e+01 3.127889426203946144e+01 2.261545834757595586e+01 1.891600676629940736e+01 2.057636128108416074e+01 1.165549652794713964e+01 2.181285639072049420e+01 3.051825358617992379e+01 2.333997093331648287e+01 2.770521205377411889e+01 1.746343364437207057e+01 2.770521218710745259e+01 3.013205155330639329e+01 3.438852918704267125e+01 4.039359508804341203e+01 4.532324944054492022e+01 3.832929125025814443e+01 4.118586498361977277e+01 3.709534717168553897e+01 2.960275167853753686e+01 3.955574474884480196e+01 4.634601282582885773e+01
3.308037226358062810e+01 3.029679127809610861e+01 3.738823200023637838e+01 4.316905104402184179e+01 4.682890307856946777e+01 4.682890308339919017e+01 5.118521088498423666e+01 4.466809246345838602e+01 3.768266446214376941e+01 4.131137085090772132e+01 3.854953943276441919e+01 2.846248061866119983e+01 3.350102411701109872e+01 3.764861624489545022e+01 3.455021755151827989e+01 3.051801597793799559e+01 2.860322403451078443e+01 2.448333940809838793e+01 1.474781642842124008e+01 1.353839613728809432e+01 1.208797244593664288e+01 2.198317392200841880e+01 2.450161076234039825e+01 1.629359115862725105e+01 1.746343364437207057e+01 1.746343364437207057e+01 2.127578814584259703e+01 2.648928736033795062e+01 3.382626787958844261e+01 4.402095897156267057e+01 4.122087634418626578e+01 3.117717924982717648e+01 3.486868310145547412e+01 2.675505862980729077e+01 3.093341084736760394e+01 3.500423869850141045e+01 4.158398246000867715e+01
3.598517209334188749e+01 4.027720243320020899e+01 3.917275978617053056e+01 4.249054729478859116e+01 3.515476289945203803e+01 3.515476289945227961e+01 4.682890308339919017e+01 4.930720097755952480e+01 4.755550082625396868e+01 4.561434799270960383e+01 3.562319991166559419e+01 3.854953943276441919e+01 4.266257488625710437e+01 3.744284829098686629e+01 3.051801597793799559e+01 2.024225250843416291e+01 1.840820877619339768e+01 1.676933217151465882e+01 2.445774167025565404e+01 2.159007421388658443e+01 1.255244349746281962e+01 1.381148545219383372e+01 1.483323470027823276e+01 2.452285504826497231e+01 2.770521187325575241e+01 2.334951601789250830e+01 3.163025587445548581e+01 3.585463765052261209e+01 4.097208863864763373e+01 4.443155579747979544e+01 4.184390070363942726e+01 3.486868165672824915e+01 2.415230263387554999e+01 3.337567294227905279e+01 3.758567889884425739e+01 4.291374920360372158e+01 4.252003679557147109e+01
3.728649945572811220e+01 3.679571663329539888e+01 2.981577032578778130e+01 3.674671195335885443e+01 2.620181283245482007e+01 3.828475724649774037e+01 4.077893213578954601e+01 3.886224745175270101e+01 4.930720097755952480e+01 4.977644194831206192e+01 4.561434799270960383e+01 4.623871158818917593e+01 3.684924990248712362e+01 3.346310659678337629e+01 2.325824975900925651e+01 3.051801597793799559e+01 2.567457272173991001e+01 2.388578008699915145e+01 3.055872137389926024e+01 2.257191830939181898e+01 1.304961183568611460e+01 2.239108349531668551e+01 2.444298960637951623e+01 2.451507363387994332e+01 3.468841867214059249e+01 3.365520381235189262e+01 3.782237079777809186e+01 4.273742345955550803e+01 4.145912952185128830e+01 3.437360260453338867e+01 3.161353850219941819e+01 3.161356489250856328e+01 2.249143634131986147e+01 2.249143634131986147e+01 2.701504996893593358e+01 3.560330711273543614e+01 4.770990225506219673e+01
2.703805395615903606e+01 2.536651890845377366e+01 2.401415007396397527e+01 3.140859645180764659e+01 2.325483412211346845e+01 3.402057359413826987e+01 3.024827164701745730e+01 3.634588344056368214e+01 4.683458917305144098e+01 5.272231799531842000e+01 4.802624961414403515e+01 4.411947029103256313e+01 3.687477862589142319e+01 2.692431739872819563e+01 2.932292560176881580e+01 3.744284829105385626e+01 3.569773834698454351e+01 3.395397374879301111e+01 2.957403126158023809e+01 2.539097142365889681e+01 2.208579206266646011e+01 1.368680250599818571e+01 2.012100513893048870e+01 2.882380625100908844e+01 2.933758191603525134e+01 3.788570635878387094e+01 4.273742345955550803e+01 3.258116945032202949e+01 3.444486919491878751e+01 2.684541837111539309e+01 2.991319235292451495e+01 2.067652308679412343e+01 3.161356489432542460e+01 2.554240130305104017e+01 3.599932853522106768e+01 3.642904911730103379e+01 4.414414758961479635e+01
2.524128505001062805e+01 1.687506943532170922e+01 2.703575911594158399e+01 2.118111054567179252e+01 2.713106066447831211e+01 2.554246686030989011e+01 3.551360189719699889e+01 4.452063416493393788e+01 5.109287024154900791e+01 4.879910886152776328e+01 3.943983175491504056e+01 3.468900816206772220e+01 3.135780631605564750e+01 3.408266324030567063e+01 3.911869901604973165e+01 4.304476681665898496e+01 3.700075147130453956e+01 2.715650787222139684e+01 2.556420599258381898e+01 1.557301269552274725e+01 1.464480184551206676e+01 1.413641177067887256e+01 2.371194627925264697e+01 2.044442389333792676e+01 2.687668150391483479e+01 3.544001998004160470e+01 4.132815921757169519e+01 3.444487677964259120e+01 2.380513467378624171e+01 2.830197157543175024e+01 1.905879097627602903e+01 2.991238725182830294e+01 3.581679335514577645e+01 3.599932853522106768e+01 3.008895943842300014e+01 3.982891560090298810e+01 4.461263319328362797e+01
1.504809237694607660e+01 2.523916607009180169e+01 1.882902948561130430e+01 2.899619870068809036e+01 3.423875044888077213e+01 3.551360189695357406e+01 2.969167885496849379e+01 4.022363657828275763e+01 5.054713728506266790e+01 5.272232244981075411e+01 4.802624961414403515e+01 4.411947029103256313e+01 4.097598291024200989e+01 4.361554145748205968e+01 4.446235011989465846e+01 3.777685402663032477e+01 3.285656596107620686e+01 2.715650787231960450e+01 1.721255393367380648e+01 2.556420637957194586e+01 2.477908841341196933e+01 2.371389293304135393e+01 1.470023236614748896e+01 2.430087855551944287e+01 2.869507145363816392e+01 3.264978761655946471e+01 3.613990553165384512e+01 2.678849209798526587e+01 2.679350490216303626e+01 1.764677146504968874e+01 2.830201866435056601e+01 3.415362151131341051e+01 4.052308759834374996e+01 4.388832340377229002e+01 3.982891560090298810e+01 3.504519800852234113e+01 4.173755634343252297e+01
