output/example/elevation_000206.asc
nrows	75
cellsize	13.33333333
xllcorner	0
ncols	75
yllcorner	0
NODATA_value	-9999
[rows 0 to 16 of 75, columns 0 to 36 of 75]
1.369999999999999864e-02 5.013700000000007151e+00 1.208476781186639215e+01 2.208476781594365690e+01 2.903264022278061773e+01 3.207400769689804321e+01 3.335838859299226300e+01 3.433841112026222930e+01 3.825264817734273493e+01 3.515283850880195615e+01 3.384893638767390200e+01 3.801022182145086958e+01 4.381053297190550211e+01 4.726709890394450042e+01 4.432376363143660569e+01 4.169823058775627089e+01 4.586243974120956324e+01 4.373092233619656355e+01 3.977439575350025791e+01 3.908937836137366872e+01 3.908937836137366872e+01 4.314055300515594382e+01 4.476066135711363358e+01 4.058483279695380475e+01 4.058483279695380475e+01 4.046443295382871952e+01 4.464149640881466752e+01 4.900749867878852228e+01 5.189255865219724484e+01 4.782312828665870796e+01 5.191501383517343982e+01 4.984540102693045327e+01 4.984540102693045327e+01 5.392916804002820896e+01 5.091137493311183704e+01 4.682181674253529735e+01 4.682181674253529735e+01
1.279999999999999888e-02 1.001279999999996306e+01 1.915583571894099180e+01 1.903259575869349973e+01 1.903259575415721017e+01 2.214125719324642461e+01 2.351600584283067263e+01 2.458630834535788878e+01 3.216067233029860972e+01 2.511949934264752926e+01 2.381908042288451810e+01 2.960273030391601168e+01 3.964936176779123400e+01 3.711668054120536198e+01 3.413140898008175128e+01 3.145367134686361865e+01 3.998008467693831847e+01 3.849770279069327472e+01 3.058782895256433676e+01 2.977738568411532682e+01 2.977738568411532682e+01 3.908937836137366872e+01 4.058483279695380475e+01 3.038276142123325840e+01 3.038276142123325840e+01 3.026560080955862730e+01 3.458165990934302414e+01 4.464562225621967428e+01 4.681791012458879919e+01 3.789649052502621629e+01 4.693565349661226094e+01 3.996083201745475577e+01 3.996083201745475577e+01 4.984540102693045327e+01 4.682181674253529735e+01 3.693677867697489603e+01 3.693677867697489603e+01
1.299999999999999940e-02 1.001299999999996260e+01 1.817423938573298159e+01 9.032589987664190190e+00 1.691077244090642751e+01 1.508125987718643835e+01 1.647000261202401461e+01 2.164890264035658873e+01 2.378296128387410491e+01 1.804273859123534152e+01 2.805819634646957894e+01 3.480371570984883078e+01 3.981017465257536969e+01 3.711667856700739776e+01 2.677733718944514152e+01 2.541654991205521341e+01 3.537364599157015022e+01 3.454911839000057938e+01 2.545448874747648915e+01 2.347300939253177532e+01 3.250480519292482740e+01 3.791968908901912272e+01 4.034790945424592934e+01 3.336738414553597210e+01 2.304731048840976726e+01 2.427516192828759145e+01 3.026560167821425651e+01 4.046572351896144681e+01 4.285494443814153698e+01 3.255098811566108452e+01 3.770334038559199996e+01 3.255098848754749241e+01 4.285595525122379712e+01 4.504732225723596173e+01 4.093086364648755904e+01 3.983203929409040001e+01 2.968598466147631143e+01
1.369999999999999864e-02 1.001369999999996274e+01 1.233006026213181272e+01 4.032589987334939785e+00 6.919341190586993484e+00 1.069896092775686114e+01 1.914592088603413345e+01 1.164656937842642037e+01 1.377857711691614284e+01 1.711193772536245206e+01 2.064768231132533316e+01 2.564977038003982557e+01 3.566516169843874451e+01 3.711661582386120983e+01 2.677733718607735014e+01 2.074259399881580634e+01 2.746863411262380694e+01 2.999397489203627032e+01 2.642750399768683423e+01 2.015255732731946736e+01 2.477051482582432840e+01 3.389334583895195152e+01 3.605215769380769331e+01 2.546344176470638487e+01 1.927965063421085290e+01 2.971972297526888696e+01 3.765299144810540355e+01 4.181748960405929694e+01 4.490288670748369526e+01 3.472128084317171925e+01 2.676696773773289095e+01 3.770347186938564477e+01 4.549841047161847740e+01 4.090648926152298515e+01 3.074538095402957083e+01 3.369576406799886570e+01 2.684650793956614834e+01
1.290000000000000001e-02 1.167600538379250041e+00 2.330076925817441413e+00 1.232963472630218504e+01 6.012885073320131113e+00 7.456260746379781423e+00 9.146569256496889011e+00 1.914742793641575958e+01 1.664672011779971683e+01 2.665108533405721403e+01 3.065746603923929214e+01 3.480371570984883078e+01 3.981017465257522048e+01 4.130325695405792885e+01 3.266379593159957295e+01 2.227347131526705226e+01 1.710219570077338958e+01 2.441175052458102712e+01 1.702114835487192579e+01 2.642750399768683423e+01 3.327343694139137398e+01 3.791968908901903745e+01 3.388886392002729053e+01 2.427176718470605365e+01 1.703550198153736517e+01 2.748098578631050160e+01 2.745537402801414117e+01 3.765299144810540355e+01 4.346712039910148206e+01 3.531691647263048139e+01 2.415589774924653099e+01 3.087484745755969939e+01 4.138511725464015001e+01 3.969331239710458448e+01 3.314838975218749795e+01 2.334683011147146203e+01 3.369576406775405530e+01
1.299999999999999940e-02 1.001299999999996260e+01 1.233008113595444044e+01 1.647237688516773702e+01 1.308480661352148466e+01 1.745682635593620446e+01 1.172028357030116652e+01 2.172047751344524613e+01 2.665108533405720692e+01 2.297295866033782374e+01 3.004926181566656140e+01 4.005630095642059985e+01 4.405481720929356726e+01 4.289461434912067972e+01 3.266379593159956585e+01 3.171556384306300203e+01 2.441175052458073580e+01 1.411619299002824768e+01 2.386282905662783094e+01 2.624753427253110161e+01 3.111333112008533419e+01 3.634952958818985280e+01 3.359560610797102953e+01 2.685325039716191498e+01 1.703550198153736517e+01 2.033591141100560762e+01 2.599074635833813929e+01 3.633502300633361415e+01 3.932393770361866814e+01 2.859253400382557331e+01 2.190353111141203968e+01 3.023004700223377128e+01 3.456910684927039057e+01 3.672969898720856463e+01 2.700331405087020897e+01 2.135521515033190454e+01 2.868013067055431620e+01
1.299999999999999940e-02 7.084067811865485176e+00 1.708406781186555179e+01 2.362717161334472848e+01 2.311680937247178846e+01 2.172047751344524968e+01 1.879168805382735030e+01 1.804510077478758134e+01 2.804491592456083993e+01 3.298025572039421860e+01 3.712140691935978509e+01 4.123178704217117030e+01 3.436298938829064298e+01 4.123178704217037449e+01 3.396133888429217507e+01 2.981067688577781283e+01 2.429145831884984119e+01 1.271369166921316562e+01 1.881792986559996805e+01 1.700329950069174245e+01 2.667077619455545801e+01 2.603748939656784955e+01 2.343520052491462025e+01 1.474544895209177042e+01 1.630136880643197017e+01 1.678185775377573563e+01 3.404006817288991016e+01 4.050539201321831939e+01 3.679553726104382605e+01 3.192360729426228971e+01 2.753301206067015983e+01 1.909258693004426988e+01 2.991312501015538317e+01 3.865660346077466158e+01 2.780911976024381005e+01 1.960459284478831421e+01 2.737340174372392099e+01
1.290000000000000001e-02 4.485035954999585073e+00 9.485035954999601060e+00 1.655610376686512453e+01 2.655610376692300889e+01 3.171815262449498363e+01 2.879120074819014619e+01 2.511687698412598380e+01 3.218300565946154990e+01 3.959032424051076759e+01 3.556725179441180273e+01 3.720166003496996865e+01 2.759032360966035213e+01 3.720166003496996865e+01 2.981067688577810415e+01 1.982219784205972601e+01 2.274775562022489339e+01 1.917414076732761075e+01 1.076811781991926331e+01 1.896375414047820485e+01 2.919581085080601213e+01 2.557039186182646162e+01 1.625872015674808679e+01 1.353720579380252076e+01 2.343507950729739520e+01 2.374287554942650758e+01 3.378694938009567750e+01 4.005097810715383133e+01 2.937781172810558772e+01 2.138862660546935501e+01 1.658850831488139477e+01 2.517561062249585646e+01 2.958992747393827827e+01 3.502394598372389112e+01 3.299341670633239687e+01 2.737340174393920478e+01 1.728479682946668206e+01
1.349999999999999985e-02 1.001349999999996321e+01 1.479617917668414151e+01 1.746879191864107383e+01 2.100432611519768855e+01 2.514649464999682493e+01 3.014650533374178210e+01 3.511382724947593914e+01 3.492857359616484558e+01 3.556725179441180273e+01 2.596055863903306715e+01 2.877429391946511217e+01 2.397966982993492735e+01 3.211951976607004156e+01 2.742210909274178121e+01 2.251205253180211585e+01 1.275816204714659108e+01 8.869181032767059492e+00 1.917414076732761785e+01 2.527935538753623135e+01 2.370610118157989632e+01 1.953797374558611111e+01 1.162082708417878152e+01 2.138284617833073398e+01 2.763790321749869250e+01 3.395430086319760932e+01 3.406505207077949393e+01 3.852231263146013163e+01 3.678690124574018938e+01 3.192245177013483470e+01 2.517392962555451064e+01 1.429203126389328204e+01 1.975188259145450331e+01 2.706519923575758924e+01 2.125788901874862802e+01 2.376289423163422398e+01 2.430775974452747690e+01
1.379999999999999977e-02 2.370822603955160535e+00 4.796178854318494444e+00 7.468791273442741740e+00 1.100432517937549015e+01 1.600432517938088850e+01 2.600432697610624544e+01 3.211544700559500853e+01 2.527776407290512495e+01 3.211543829575490605e+01 2.877429388819979650e+01 1.913677321622045113e+01 2.877429391946511217e+01 2.823845870049209594e+01 1.996655233322858081e+01 1.552694063734384322e+01 1.165074670446016292e+01 7.355799411975201707e+00 1.755304332178550197e+01 2.159246883660160421e+01 1.777758423492266004e+01 9.809285251440039488e+00 1.953797374558611111e+01 2.138139333870199366e+01 3.147828902989308020e+01 3.236631481315674108e+01 2.346453671854110823e+01 3.236631481315674108e+01 3.471438209154882770e+01 3.860688237606216688e+01 2.959120412455426674e+01 2.295650307134675572e+01 1.195819483404400962e+01 2.242499713437561226e+01 1.283818387131887029e+01 1.350047928775064321e+01 1.418733292992369854e+01
1.290000000000000001e-02 1.001289999999996283e+01 1.479617917669668614e+01 1.746879191864114489e+01 1.563375724604188299e+01 2.514649464881713925e+01 3.014650484371303207e+01 2.777935007772396858e+01 1.840350547695951633e+01 2.777934028675191414e+01 2.636491317070132467e+01 1.666284180986376029e+01 2.636490489750383404e+01 2.815386388865546863e+01 2.303561468046457605e+01 2.083319966458129358e+01 1.638105741068595478e+01 6.082792818867001294e+00 1.373511507920986396e+01 1.618366683648288884e+01 8.024328278565167949e+00 1.776845984826303138e+01 2.260050130725314688e+01 2.656249962153360045e+01 2.293748575369009401e+01 2.239294403561138935e+01 1.791900672352221946e+01 2.685000169616536780e+01 2.417688970579649421e+01 3.471092635036990970e+01 3.205941149166378068e+01 2.580534201047251486e+01 2.169160698607642246e+01 1.195819483404400962e+01 2.193889131565869022e+01 2.371585833389201525e+01 1.522589993387428819e+01
1.359999999999999924e-02 4.485735955000254904e+00 1.025923864946406994e+01 2.025926975798572727e+01 2.563377531523592623e+01 2.977630871141640156e+01 3.061725197792171471e+01 2.376601994715438337e+01 1.400460256487986577e+01 1.916445565499963166e+01 2.113230876672572833e+01 1.439596737736388832e+01 2.413910628828493898e+01 1.969382794609941811e+01 1.124325835643446325e+01 6.126442904715991844e+00 5.251197534566277803e+00 5.599375667257038280e+00 5.944630284738090076e+00 6.284512509278019188e+00 1.137872668192902914e+01 1.618134678258258319e+01 2.106775869690112657e+01 1.700010072364759495e+01 1.279175468768850266e+01 1.259097480920429746e+01 2.211970296303945460e+01 1.628907025425378663e+01 2.313896921894151149e+01 2.672390550471432036e+01 2.397064731646834801e+01 1.795202863399481075e+01 1.122441894063811674e+01 2.168011480243972144e+01 1.950979011475573444e+01 2.887635533780901298e+01 2.218080287933780781e+01
1.349999999999999985e-02 1.001349999999996321e+01 1.862802969374267192e+01 2.440176598164714150e+01 2.171638137750306896e+01 2.388750402400223294e+01 2.570485539484155524e+01 1.684755332200510836e+01 1.684760021134498587e+01 9.384817931638588462e+00 1.136704405748643865e+01 2.113172680406717063e+01 2.125753122837560127e+01 1.279188121319576332e+01 4.780945728636779357e+00 4.780945728636779357e+00 9.508286034945026444e+00 1.534707116555061823e+01 1.586276966488359896e+01 1.616589762872624547e+01 6.789392004101125089e+00 7.154547093515545519e+00 1.677685274955094741e+01 7.679606536488664759e+00 8.061879850159629157e+00 1.733341548954613742e+01 1.868627036068244252e+01 1.262176093900327700e+01 1.460244952375083116e+01 1.996112721903761056e+01 1.736061658882165659e+01 1.054218165136513186e+01 2.096290404884189584e+01 2.585962956475864516e+01 2.902317536046149726e+01 3.296382458314313624e+01 2.974289368109009501e+01
1.319999999999999993e-02 7.084267975233328407e+00 1.708433562334112565e+01 1.902734881123976152e+01 1.161529745409959702e+01 1.416087550784723881e+01 1.864774088521584972e+01 1.180272239129007161e+01 7.028030966866538165e+00 1.684731041967532406e+01 2.069261401726030414e+01 1.907462787605133059e+01 9.284260807843367047e+00 1.415484770586258456e+01 4.780945728636779357e+00 1.401470267150750360e+01 1.012800982650363579e+01 1.898339940547301907e+01 2.188499242867639794e+01 1.167107360783966463e+01 1.739772599795493235e+01 1.649736439222713358e+01 7.679606536488664759e+00 1.721357052364608364e+01 1.790081527516461435e+01 8.609306101200287387e+00 8.994696505053669355e+00 9.379740608009333513e+00 9.773201476427123779e+00 1.015875328449276438e+01 1.054218165136513186e+01 1.119971742112537960e+01 2.098879323260669949e+01 2.615855987965193918e+01 3.020102411217773408e+01 3.435944490294892262e+01 3.971133451639430234e+01
1.299999999999999940e-02 9.952401165819589224e+00 1.184892369166565551e+01 1.110569179750748958e+01 5.086595885878364420e+00 1.194534553883319639e+01 1.361802035559079904e+01 4.781259012779627504e+00 1.371321948032104920e+01 1.529856010913701425e+01 1.438123973770053077e+01 7.790341111919359740e+00 9.158226761813077488e+00 4.315804584221932139e+00 1.418266838122382900e+01 1.446025545063920781e+01 1.523938602324964720e+01 2.288335466452185685e+01 1.913662402796875384e+01 1.923762511443058543e+01 2.158659289425539640e+01 2.104200935607315159e+01 1.754206824158968203e+01 1.067499152747326185e+01 2.046870432367717285e+01 1.868140952099209429e+01 1.688335518527325974e+01 1.048631042801547508e+01 1.894153652814907929e+01 1.495402037940812434e+01 1.936114027605903942e+01 2.110705771016063892e+01 1.215365973150103152e+01 2.206667380271615997e+01 2.006871339042013247e+01 3.020110378825391706e+01 3.579210178877302440e+01
1.349999999999999985e-02 1.001349634697112023e+01 7.016581341627791124e-01 9.871394689327368521e-01 1.272970444170250293e+00 9.677290836282047337e+00 8.251870487198321058e+00 6.936483024314180845e+00 2.664573280207368278e+00 2.962772913204429148e+00 3.260472189344464589e+00 3.556593399902316932e+00 3.853923295034943131e+00 1.384829605853922985e+01 1.819082736691450108e+01 2.338753198266113031e+01 2.381952338259112523e+01 2.792097202463531147e+01 2.463635962412932656e+01 2.918301052410979324e+01 3.016049304337536441e+01 2.376138674309315491e+01 1.393386534464297100e+01 2.049555404043351459e+01 2.458505379251946010e+01 2.327987544651305285e+01 1.336308339753378682e+01 2.117408966593241004e+01 2.550504374025205578e+01 2.465209899763559065e+01 2.714143745825786525e+01 2.618281687028302329e+01 2.198570438214076006e+01 1.312500902055423069e+01 2.303641480088652216e+01 2.824383115978519854e+01 2.465193359020663522e+01
1.369999999999999864e-02 2.982551966122346521e-01 7.808535268708173049e+00 9.952854527073753843e+00 9.691248302891464661e+00 1.678857923404347918e+00 1.966814065264800071e+00 2.255129031117244942e+00 6.073385367155597514e+00 3.393797641255436925e+00 1.063947339246394108e+01 5.421865864462790618e+00 1.250983130171108471e+01 4.910609902763975576e+00 1.493988782539763349e+01 1.993762329602165906e+01 2.091878056808116071e+01 3.058841100288936943e+01 3.372615345438354240e+01 3.759428078711631116e+01 3.074151510162826995e+01 2.087018642332024498e+01 2.376143148759589607e+01 1.809578462403474930e+01 2.797315738369787397e+01 2.735153303681880743e+01 2.328021136797194757e+01 1.667606207534827334e+01 2.368913399676632636e+01 3.336107080323341734e+01 3.399881167565848727e+01 2.384709584134600391e+01 1.677425490095654226e+01 2.303644219228970869e+01 1.413570954760475296e+01 2.406032669518592826e+01 1.513794497824987673e+01
