output/example/elevation_average_000057.asc
nrows	75
cellsize	133.333333333
xllcorner	0
ncols	75
yllcorner	0
NODATA_value	-9999
[rows 34 to 50 of 75, columns 0 to 36 of 75]
3.337042190676853259e-01 3.209631235844531716e+01 6.582356774525125331e+01 1.153984411516051836e+02 2.113012607477574250e+02 2.436335445882339457e+02 1.666946829545402124e+02 1.879163986900940699e+02 2.632930630337378375e+02 2.324433213589836669e+02 2.326809461747085095e+02 1.632249472279353881e+02 1.865201640074366480e+02 2.114780321096125704e+02 2.773492073591539793e+02 3.701360738046112147e+02 3.907740114002236282e+02 3.921371176428293097e+02 3.166695702888872574e+02 2.537534973809979988e+02 2.212442233083687881e+02 2.831934920554442101e+02 3.194390033885487128e+02 2.861415783487820477e+02 3.599973527016263120e+02 3.172898909206718372e+02 2.425421178680599894e+02 3.287578834111016022e+02 3.607617189468319907e+02 2.715938099677967443e+02 2.140430415921424299e+02 1.708295706841479387e+02 2.645110154353556027e+02 2.581685155299061307e+02 1.624953502320746566e+02 2.502492609737286671e+02 2.102719515613308090e+02
7.136489310454718904e-02 9.832498390588671100e+01 1.622245919976841435e+02 2.021352346235733819e+02 2.491716174415836349e+02 2.941282017040827554e+02 2.603897215993886789e+02 2.825966109416067980e+02 3.209571691537038305e+02 3.263022679248255145e+02 2.585619912131378442e+02 2.583710211097572369e+02 2.175358726533378046e+02 3.055511115197084564e+02 2.587167625055445228e+02 3.159897606538489185e+02 3.954478483375769429e+02 4.274547030707564090e+02 3.818789119315557627e+02 3.413702229788451632e+02 2.861541787729658495e+02 3.293093928352295165e+02 3.356585852161056778e+02 3.534137870881795038e+02 3.928351020966271108e+02 3.426352081683431265e+02 2.687033497159873150e+02 3.562283145057413662e+02 3.937743418615742144e+02 3.119726188802572437e+02 2.834807926882529614e+02 1.930229915779246426e+02 2.850336726912782979e+02 2.702378554999821176e+02 1.747644452564602204e+02 2.702383824307232771e+02 3.052000879501429154e+02
9.059049790830050464e-01 7.047021722918383091e+01 1.672851487266995036e+02 2.160578780578096882e+02 2.124252455522708942e+02 3.055096507985667813e+02 2.937838177949870442e+02 2.579109915657049896e+02 2.766385677211467282e+02 3.147226449277428628e+02 3.519153009382839059e+02 3.496207824468901322e+02 3.043750061468524564e+02 2.946408553066847844e+02 3.520030298522905809e+02 3.334392339891305710e+02 4.246376440982649001e+02 4.123991296507114157e+02 3.731080324901529934e+02 3.818649144603449486e+02 3.656911691917441658e+02 3.872945291645672228e+02 4.275697421132626346e+02 3.939372788991865946e+02 3.248514015482416539e+02 2.827097547249160243e+02 3.409548502180396667e+02 3.846234754387494945e+02 4.189077355112499959e+02 3.590113526960793138e+02 2.767554738516117254e+02 2.188033552172622649e+02 3.057155341772687507e+02 2.806226277241292451e+02 1.936806189918285952e+02 1.986237032768463280e+02 2.938311003238205217e+02
3.236511337782697062e-01 9.857749015147959426e+01 1.657777955853158858e+02 1.200531265356038091e+02 1.904570739147041252e+02 2.840547637211781193e+02 2.395009248294603310e+02 1.627662343474366935e+02 1.816451383917516011e+02 2.481953237790984304e+02 2.876623178469770892e+02 3.181534153818128630e+02 3.493779548413620546e+02 3.873302825988708378e+02 4.246890030401913236e+02 4.253020611477574562e+02 4.079460169493921740e+02 3.604993975143150919e+02 2.831915015290481961e+02 3.013772706832348263e+02 3.734256547193161282e+02 4.534363778315276932e+02 4.734326170896924282e+02 4.419480357509128226e+02 4.033592189472505538e+02 3.448510327171528047e+02 3.471844672433830397e+02 4.268733171529086121e+02 4.204500324844203192e+02 3.444558094291268162e+02 3.284906558303226234e+02 2.475363558525781968e+02 3.268477184237230517e+02 3.054072873029969628e+02 2.136635682491773593e+02 2.938495024987582269e+02 2.234138288492098638e+02
7.051176975622763798e-01 9.894936028106828019e+01 6.883899046393298704e+01 1.657329252765239289e+02 2.526735423550481130e+02 2.632387495311046450e+02 2.003395655911983226e+02 1.044750999564765550e+02 1.778096261324808154e+02 1.534826531359468902e+02 2.450732887367035460e+02 2.248620517042777465e+02 2.982795621721070916e+02 3.421321239945808657e+02 3.517188323061121196e+02 3.894714213614304867e+02 3.381740609938701709e+02 2.789943728082284338e+02 2.284538672428729171e+02 3.220039707527700443e+02 3.660807890954590675e+02 3.870805303326753801e+02 3.921679873039650488e+02 4.478090856106344972e+02 4.435656383290007625e+02 4.141426117296217058e+02 4.351540682415857191e+02 4.390946637608340666e+02 3.973964971417937591e+02 3.578160080380152976e+02 2.795252492164397040e+02 3.366786131171699026e+02 3.571545713705068579e+02 2.934847236699611130e+02 2.358712622027213115e+02 3.285024619216275710e+02 3.182011493233302986e+02
2.762602726440547274e-01 2.747101820269579164e+01 1.252299189902728642e+02 2.029884221269419129e+02 2.034302777774320816e+02 1.954807656835860143e+02 1.301663074182835942e+02 7.175102582036473109e+01 8.105355378885087703e+01 1.728311477382008832e+02 1.986082207167347065e+02 1.643712645364730633e+02 2.581762500859354077e+02 2.486645187827344614e+02 2.580855852320242434e+02 3.179488351729996793e+02 2.796846679038972070e+02 2.054927062978696028e+02 3.000467892188078736e+02 2.551859640372507272e+02 2.747867972961307146e+02 2.974738231980810497e+02 3.238279778767342236e+02 3.692836886433937593e+02 4.288336747130551316e+02 4.631680673720161394e+02 4.462303981775798434e+02 4.034513421799350112e+02 3.455932331866154072e+02 3.032881666026945595e+02 3.378395697849246062e+02 3.954182195523970904e+02 4.095686819663646929e+02 3.509894627484779903e+02 2.609085854120382351e+02 3.526606594877480916e+02 3.439936630144047172e+02
1.850613594792993588e-03 8.674285196744721205e+00 1.066478125770417336e+02 1.270313226192024842e+02 1.084422963081525921e+02 1.440174261685606325e+02 5.911425016402582600e+01 1.558570476317350426e+02 1.778149481003589756e+02 9.457909251029333575e+01 1.043752809576712934e+02 1.982422838898984594e+02 2.250003417517867774e+02 1.802572459701421224e+02 2.481910962443027699e+02 2.602301106034699956e+02 1.847380682197043598e+02 2.795929368780555251e+02 2.799256331512501674e+02 3.483604830919774145e+02 3.443339801595587346e+02 3.494943087083307205e+02 4.148514424970160235e+02 3.945951640157081215e+02 4.760420090284000025e+02 4.713741594701749591e+02 4.679049830945211284e+02 4.563787018531964463e+02 4.218660724210901662e+02 3.481274502802434654e+02 4.160180195162498649e+02 4.432121183620421334e+02 4.450271939166943866e+02 3.769305459452175455e+02 2.920197370041149725e+02 3.790172907106350522e+02 4.365560184589132859e+02
5.933543570421615510e-01 9.883688294368756999e+01 2.084506371695841409e+01 2.942294025383876033e+01 3.802635122906769283e+01 4.669038164209685959e+01 1.160706800782269426e+02 1.956147276825619485e+02 2.299628249778276654e+02 1.455300424581779453e+02 2.007087799480343051e+02 1.188006306084809580e+02 1.292940954629203816e+02 1.407146325614531008e+02 1.527352844302072299e+02 1.649974109615626787e+02 2.603081206675974499e+02 3.179827410214253973e+02 3.729754378152158552e+02 4.031309353578936339e+02 4.325222184587387915e+02 4.412038137731204301e+02 4.781021010424422002e+02 4.853151511034767509e+02 5.220604758680466375e+02 5.100696444983536253e+02 4.641572299679212961e+02 4.341581703412524575e+02 3.949497253303408684e+02 4.030328857272115783e+02 4.596411525423888520e+02 4.739812314254807006e+02 3.901792411380103545e+02 3.463769295482661050e+02 3.448386963423338329e+02 3.607673799883871197e+02 4.430988013542895487e+02
5.242591108685094037e-01 9.841318090582852562e+01 1.185873772495214240e+02 1.270366515040774118e+02 1.355186828800334240e+02 1.440470112934686995e+02 1.834903864346899525e+02 2.510942869236133674e+02 2.772512180392275809e+02 2.138113678434053213e+02 2.535426198778669971e+02 1.765907589001469944e+02 1.561862695768063816e+02 2.363631749153157671e+02 2.478203180456619350e+02 2.601893556602470881e+02 2.058508277984188055e+02 2.597569259412364886e+02 3.253988409663132870e+02 4.177044644006488738e+02 4.523885865548971879e+02 4.667562446487827401e+02 4.935718347188588382e+02 4.661431005085565289e+02 5.026183934727288829e+02 5.213242559812276795e+02 5.148557056116470676e+02 4.882092101535611164e+02 4.451307768905714397e+02 4.476771028513338138e+02 4.830140802955256731e+02 4.945316532206992974e+02 4.423769671407852684e+02 3.923866806364600279e+02 3.985592379273235792e+02 4.071598417885621757e+02 4.799351916172531105e+02
2.245761403057450201e-01 9.847575424597835081e+01 1.389639691002277857e+02 1.605699958294689225e+02 1.838207203107265002e+02 2.092287018483384031e+02 2.376067033875253287e+02 2.707697161473446386e+02 3.050012825241577730e+02 3.042183109925502436e+02 3.087087035702087974e+02 2.705785112271585149e+02 2.026407456180410804e+02 2.070861085398173316e+02 3.016406884148514109e+02 3.384541812158677203e+02 2.732748181760637749e+02 2.737343090470638458e+02 3.663831464758352467e+02 4.264203183844642240e+02 3.669479565414526974e+02 3.768793224122487118e+02 4.420923286997771697e+02 3.755920710198850543e+02 4.392682792947268808e+02 4.813313230222208858e+02 4.992060484477514137e+02 4.886464250667843885e+02 4.325858588816211068e+02 4.358867798954253203e+02 4.581534238903337268e+02 4.388178887734990781e+02 4.866639052966625059e+02 4.824579166183669940e+02 4.817238625354613646e+02 4.700797727779483921e+02 5.097893427022101491e+02
6.918070203250719086e-01 2.099142552110625459e+01 4.162509903480779627e+01 6.359916669381176746e+01 8.727440138919480717e+01 1.131808394102408499e+02 1.422000320685507120e+02 1.759089091798526567e+02 2.310027434704895200e+02 2.978902995795682500e+02 3.907139797804225054e+02 3.348669679145381224e+02 2.617574394521183194e+02 2.744858594256621700e+02 2.838240602867762163e+02 3.766529573020016528e+02 3.665278820204147223e+02 3.670584663579111862e+02 4.046882439097858537e+02 3.811192548344667443e+02 2.990725891083207557e+02 3.138463410701305634e+02 3.793930935586888609e+02 3.271368844532233879e+02 3.730454992042454023e+02 4.580375581547185107e+02 4.486280276170329557e+02 4.253043559620741121e+02 3.705616354379891391e+02 4.108101102815541594e+02 3.941482898632315823e+02 3.728464172289710632e+02 4.450436111997133821e+02 4.929759782024864876e+02 4.979194889086306830e+02 4.552289484063801979e+02 4.973617094801940084e+02
7.517111381045206153e-01 9.899836698687866487e+01 1.389826895695400708e+02 1.605658559620336803e+02 1.838240427427046200e+02 2.092575454293557016e+02 2.377186383034027131e+02 2.708300091912963694e+02 3.093488842716143381e+02 3.557549536540071244e+02 3.923323631765823052e+02 3.834664484936062649e+02 3.515511295333511157e+02 3.674542330490013455e+02 3.769476879679755825e+02 3.691926093524126600e+02 3.322766123895963801e+02 3.554672639145741186e+02 3.600063426554788180e+02 3.223122753910560050e+02 2.502565338719018939e+02 2.680401090890090359e+02 2.872213886915456555e+02 3.796061539666118279e+02 4.467878602084871886e+02 4.532891545031478131e+02 4.114312135997971041e+02 3.635349793445739124e+02 3.431567134904882437e+02 3.750335377839597868e+02 3.963860123176638126e+02 3.332350080851857683e+02 3.778751983471894391e+02 4.522650365438103108e+02 4.569513547593904832e+02 3.739958478542834541e+02 4.572925775313780150e+02
8.558244295687547076e-01 9.909925769218267533e+01 1.371938879809329705e+02 1.576027002778077133e+02 1.793684601474934652e+02 2.028850957997629791e+02 2.287585365678182541e+02 2.579334503039584661e+02 2.923578472510225765e+02 2.624532520587162594e+02 3.500373148067310467e+02 3.371500445341925456e+02 3.069436252327894294e+02 3.459244038398117596e+02 3.529982053994052649e+02 3.158336597172364009e+02 2.386026737101561821e+02 2.622096130579517421e+02 3.024488779831545457e+02 2.285337175717037042e+02 3.223120999721675162e+02 3.608058332073670726e+02 3.753517134694227479e+02 3.634384731689798400e+02 4.136869869680129455e+02 3.772190484627955698e+02 4.251373395207035628e+02 4.100374064453170035e+02 3.630236509452900009e+02 2.997482403675192018e+02 3.674038959566506151e+02 2.948074655200340999e+02 3.712935671043716184e+02 4.167979896817506074e+02 3.891442365632714200e+02 3.311329230904340761e+02 3.721740362217872189e+02
8.802730031229742957e-01 2.022593055343372015e+01 3.984174428415896330e+01 6.059563060193419659e+01 8.274111399874654182e+01 1.067391034834464136e+02 1.330829942514947675e+02 1.628135159978036199e+02 1.979273412019580576e+02 2.915965800974853437e+02 3.209466623749980840e+02 2.977191623488575374e+02 2.177193411859487924e+02 2.968117416332436846e+02 2.596719563709494309e+02 2.609509528543208035e+02 1.828681999593632383e+02 1.953778304604146001e+02 2.083751304369816069e+02 2.997975074051877868e+02 3.162153745835440759e+02 3.917686335129286022e+02 4.048923391528512639e+02 4.074981247878210411e+02 3.629518762267791203e+02 3.501833634304472298e+02 3.886804999810930781e+02 3.497306019554621912e+02 3.408947373773254981e+02 2.616534774649939550e+02 3.384108464011009119e+02 2.577316124137079782e+02 3.314436883849402875e+02 3.587653728822534163e+02 2.959679426227631893e+02 3.891507751081168180e+02 4.577245879862135780e+02
1.825126015476009611e-01 9.840792014380404851e+01 1.372210940424696730e+02 1.576046994089606130e+02 1.793674004146543268e+02 2.016545131489818345e+02 2.287454649312520587e+02 2.553184969669406428e+02 2.805662911403431394e+02 2.477629448274261676e+02 2.328069055105988525e+02 2.578402753170687447e+02 1.661387372840115688e+02 2.270553256008765004e+02 2.447093991344149231e+02 1.658494820751041345e+02 2.609562597132846804e+02 2.643013482476986837e+02 2.739577647047717619e+02 2.792614301249486743e+02 3.658354990761408203e+02 3.680498691599927383e+02 3.601572260412934270e+02 4.029249346710658415e+02 3.626027725955588039e+02 3.114233755702329063e+02 3.622142089112176677e+02 2.947353531054574205e+02 3.093354331231366245e+02 2.238353781533732558e+02 3.003051869442142561e+02 2.265991328827473126e+02 2.452268088287688101e+02 2.650761375387801877e+02 3.588671678011565405e+02 3.824228668270824869e+02 4.038309867181357617e+02
2.234715563764334556e-01 9.695694886660412237e+01 1.650212460306867683e+02 1.266244051424736341e+02 1.347284982698603528e+02 1.742540194062885064e+02 2.423042388535436658e+02 2.846131850649284729e+02 2.308013948828177604e+02 1.550943361404145264e+02 1.629725206819283017e+02 2.103332849505451918e+02 1.280772298564786524e+02 1.382648455821498032e+02 1.494452531798127097e+02 2.448806484456550550e+02 2.993134237580966328e+02 3.563419411822713414e+02 3.668369855077288548e+02 3.675556047077346875e+02 4.097307872978790897e+02 3.703815184385518364e+02 3.250826027318715887e+02 3.819016652543185160e+02 3.440190276418532562e+02 2.806376262792943521e+02 3.276458007484640689e+02 2.406406815133549344e+02 2.656041609739217506e+02 1.913326028591025079e+02 2.055086648832960918e+02 3.003756992848402660e+02 3.393099934030051372e+02 3.587756944476430476e+02 3.536074196532191536e+02 2.910946531339078547e+02 3.108811454841414275e+02
8.205654311753158847e-01 9.906509193228868071e+01 1.147720252357208466e+02 2.889308685755510808e+01 3.728762828343851510e+01 1.075719591591605706e+02 1.859278820721031877e+02 2.182091182418531616e+02 1.540960228821166709e+02 9.556295342119247493e+01 1.048186261583122274e+02 1.142769293142338825e+02 2.103887540111130647e+02 2.338181601488716410e+02 1.747875114581536309e+02 2.578178580739798917e+02 3.151187839693135970e+02 3.596783922195459695e+02 3.736234056400090253e+02 3.977485619381333208e+02 4.008003292829555448e+02 3.570517518119208944e+02 2.912207068625354509e+02 3.509943905536366628e+02 3.105912355717983360e+02 2.343713567357951035e+02 2.921208235771547379e+02 2.495917660554262341e+02 1.738657479956670215e+02 2.418020655132046386e+02 3.002437409314625825e+02 3.387994717967019369e+02 3.566590025463917755e+02 3.185267746470085513e+02 3.140199459866535676e+02 2.207102789129346263e+02 2.863587427258416938e+02
