output/example/elevation_000005.asc
nrows	150
cellsize	6.66666666667
xllcorner	0
ncols	150
yllcorner	0
NODATA_value	-9999
[rows 51 to 67 of 150, columns 37 to 73 of 150]
3.932779429812602530e+02 4.932481162989118388e+02 5.014880310413707889e+02 4.392502831166823398e+02 4.839668618839932606e+02 5.417501876573121535e+02 6.418916687926130180e+02 6.982333594465825399e+02 5.985389614582678632e+02 5.486856149691549263e+02 5.040969591616600951e+02 4.740372628527537131e+02 5.443375102735122937e+02 5.856314407253863692e+02 5.886533384144139518e+02 6.299454194800240430e+02 6.681551299095289096e+02 5.722353902323653756e+02 4.725410683507819840e+02 4.149898907234877470e+02 3.835743253726403736e+02 4.334147709118169587e+02 4.747066591722344242e+02 5.377669804792609511e+02 4.382458128852643426e+02 3.678990351496269682e+02 3.181724256400470949e+02 3.644755855500899315e+02 3.066168369862784857e+02 2.071064060943390928e+02 3.066168369862784857e+02 3.336492295391598191e+02 3.571029566845623435e+02 3.819795485881649029e+02 4.232155958408945367e+02 4.806861293093224390e+02 5.318576849767300700e+02
3.724764646324453565e+02 4.671928664231843982e+02 4.015013034855442129e+02 5.014880310413707889e+02 5.807889977767229084e+02 6.255668465124971362e+02 6.833917980355718100e+02 7.395194914936679424e+02 6.782969590896435648e+02 5.786003825575443216e+02 5.210358949102535462e+02 5.737375087835000613e+02 6.150305688428362600e+02 6.241516184250918968e+02 5.830811129785063258e+02 6.241516184250659762e+02 6.386740375466062005e+02 6.135273494803432186e+02 5.559699412303422150e+02 4.832552164509933732e+02 4.334092635541008462e+02 5.245485875522039123e+02 5.327573989485637185e+02 4.915612739191657283e+02 5.086200414161173171e+02 4.474852252153768291e+02 3.644755855500899315e+02 2.650150274035073039e+02 3.199954717309244643e+02 3.066168369862784857e+02 2.119081392835816473e+02 2.341432281645656985e+02 2.575972196328830250e+02 2.824731809737547223e+02 3.399126470661292956e+02 4.394440047257634774e+02 5.053355568526177990e+02
3.545522898329410850e+02 3.672688685370638382e+02 4.249182016350786171e+02 4.956211716361473805e+02 5.957257795299044574e+02 6.037123380510997777e+02 6.452079351721001785e+02 6.937888527706170407e+02 7.195841846665662160e+02 6.620278587902483878e+02 5.786003825575386372e+02 6.620278587902483878e+02 6.241516184249969683e+02 5.745729802184372375e+02 4.839220533135975870e+02 5.745729802182116828e+02 5.395169663280271379e+02 6.096301019980760429e+02 6.242396041008526026e+02 5.743943389986865213e+02 5.331011693478862981e+02 5.743943389986865213e+02 4.915612739191657283e+02 3.921351190078877949e+02 4.212563655540971013e+02 4.062781864358486814e+02 3.068343603602515941e+02 3.199954717309244643e+02 2.205522927378228815e+02 2.169666149009579783e+02 3.113990112148817389e+02 2.296536922242229366e+02 3.293217558267951404e+02 3.819795485881649029e+02 3.293703691649586744e+02 3.645461661575918697e+02 4.143084480720150395e+02
3.371641368406424135e+02 4.370646474646363799e+02 4.754265720598393159e+02 4.977566804834101504e+02 5.219942492351171950e+02 5.036285278738030229e+02 5.521511874770841359e+02 6.314763188968252052e+02 6.893030663403175140e+02 7.195836906100438455e+02 6.782969574432480613e+02 6.531957579311592781e+02 5.540386761181440534e+02 4.839220533135975870e+02 4.343546998683819993e+02 4.984478663964763427e+02 4.694067182637658675e+02 5.501674233092578561e+02 5.912379235544076437e+02 6.144867827834808622e+02 5.442205835775499736e+02 5.030589876490388974e+02 4.915612739191657283e+02 3.921351190078878517e+02 3.218627829806865179e+02 3.744017813913743566e+02 3.250826424507523029e+02 2.256688574931271205e+02 3.199954717309244643e+02 2.872904926789992146e+02 3.576466794656203092e+02 3.293217558267951404e+02 2.479077769690835282e+02 3.477226292339009319e+02 4.090393038633603169e+02 4.640912074522465787e+02 5.053355568526177990e+02
3.244634951953307223e+02 4.243772699279595599e+02 3.756093109360165840e+02 3.978934006221675190e+02 4.220601942385505936e+02 4.521319412334947856e+02 4.898910943906249713e+02 5.476585016633905525e+02 6.477969727850920663e+02 7.029931063923415877e+02 6.899279996586112702e+02 6.663291002873241951e+02 5.671729065530054186e+02 4.970563330354398204e+02 4.984478663964763427e+02 3.993264092191952841e+02 4.692185433101921603e+02 4.510256976855088737e+02 5.145359542926031509e+02 5.556055924941246076e+02 4.739543843716180618e+02 4.037144998543233783e+02 4.402280167662189001e+02 4.624462589782253872e+02 3.744017813913743566e+02 2.750204952106831229e+02 3.286908846474358938e+02 2.292981412022594441e+02 3.286908846474358938e+02 3.867782048521829665e+02 4.052767503364688650e+02 3.055900884018489592e+02 3.477226292339009319e+02 2.677765404990475986e+02 3.677469627831357570e+02 4.304465450299008467e+02 4.750945521994585761e+02
4.108662376791443194e+02 3.455331033681007398e+02 4.453305352022280204e+02 4.977566804834101504e+02 5.219942492351171950e+02 5.521511870570401470e+02 5.899819927007253000e+02 6.314763186151844820e+02 6.740536938578379704e+02 6.042937913902443370e+02 5.912186956075940998e+02 6.610045707548811151e+02 6.372852651364530630e+02 5.962150833011404529e+02 5.264548420457389284e+02 4.273186645985814494e+02 3.701200777773769914e+02 4.444439269269881834e+02 4.154108585779242162e+02 5.145359542926031509e+02 5.200538525165613919e+02 4.402280167662189001e+02 3.409130564157719618e+02 3.905705365909954594e+02 3.801920286167294307e+02 3.338295412040075121e+02 2.344670848519012907e+02 3.286908846474358938e+02 2.824158484552706341e+02 3.818299653226310966e+02 4.465335215106048281e+02 3.631710273465807859e+02 3.677469627831357570e+02 3.677469627831357570e+02 2.889959008064345198e+02 3.339051565561288726e+02 3.916621103247530868e+02
4.108662376791443194e+02 4.453305352022280204e+02 3.770429190044670236e+02 4.764963431141374031e+02 5.403404837086835641e+02 5.752657327990448266e+02 6.166415782433027744e+02 6.664489063357924579e+02 6.331973930708476246e+02 5.344987221758314035e+02 5.214251525962861251e+02 6.116557942078734413e+02 6.453196279402959590e+02 6.044298322883355468e+02 5.675255981311963751e+02 5.102863572053221333e+02 4.444439269269881834e+02 3.453520205843932445e+02 4.222863030667798512e+02 4.633475837433974789e+02 4.208594962084649183e+02 4.208594962084649183e+02 3.905705365909954594e+02 2.912687858845263804e+02 3.390260011797813036e+02 2.396946737023737626e+02 3.338295412040075121e+02 3.338295412040075121e+02 3.818299653226310966e+02 3.527051691545815970e+02 4.521434432328891262e+02 4.336237609824090100e+02 4.674665782008520409e+02 3.708167696175665924e+02 3.891330669326138718e+02 3.135180721194714693e+02 3.585946017794373688e+02
5.108827696640022964e+02 5.178649850987854961e+02 4.764963431141374031e+02 4.120928298553551485e+02 4.418094156299235920e+02 4.761385618170315865e+02 5.255651707556830843e+02 6.249709447181415953e+02 6.277653020401178310e+02 5.290596495373530388e+02 4.721010604587475541e+02 5.347462036609935012e+02 5.756257301348560986e+02 5.057423943349878641e+02 5.238518766189097278e+02 5.647346745455282644e+02 4.855082255360240993e+02 4.222863030667798512e+02 3.231874239943946918e+02 4.013944249708912366e+02 4.123614663116282486e+02 3.216925745378551369e+02 3.644145263266310053e+02 3.482281278190246780e+02 2.489412319279314829e+02 2.441875207063766027e+02 3.434895184822328247e+02 4.332309408260085206e+02 4.398646250337845913e+02 4.521434432328891262e+02 4.933475401904960904e+02 5.332179978211138405e+02 5.119023330651099855e+02 4.706312439616849588e+02 3.955683416517869091e+02 4.139038561460440064e+02 3.429335798464907157e+02
4.713675201688613470e+02 5.091899723034673002e+02 5.506690137178181885e+02 5.111109069302863759e+02 4.928510293319815787e+02 5.609051918977583000e+02 6.166415782433027744e+02 6.665019416145320292e+02 6.686387049747560241e+02 6.116557942078734413e+02 5.347462036609935012e+02 4.361071485377369754e+02 5.035539290748001235e+02 5.238518766189097278e+02 4.252250441755459178e+02 5.238518766189097278e+02 5.409224090735000345e+02 4.633475837433974789e+02 4.013944249708912366e+02 3.022904218068172781e+02 3.712760353731600276e+02 2.721215167652698597e+02 2.652185786341698872e+02 2.584589714700691729e+02 3.479607850730543532e+02 2.486875641855308174e+02 3.479607850730543532e+02 3.588280888914683260e+02 3.406155429981436669e+02 4.398646250337845913e+02 4.696481553349661908e+02 5.107715831909154076e+02 5.576441877580363098e+02 5.367694112395637376e+02 4.954875398168945821e+02 4.143986452427002973e+02 4.437280368116441878e+02
3.713279021468306382e+02 4.091211699806564752e+02 4.798670808391531182e+02 5.799816945646083468e+02 5.923580450084193672e+02 6.338045579519766761e+02 6.648063563542336851e+02 7.163277402059984524e+02 6.762059403229283134e+02 6.508954907476335165e+02 5.756257301348560986e+02 5.035539290748001235e+02 4.049502484283574972e+02 4.750896005838483234e+02 3.904000065772842163e+02 4.431856947843021999e+02 4.840708001447982838e+02 4.010017835852167991e+02 3.893370361484867885e+02 2.903176110359648305e+02 2.820723267175438878e+02 3.712760353731600276e+02 3.027042782269072063e+02 3.576934715347751990e+02 3.891061850215457412e+02 3.479607850730543532e+02 2.550805867025964346e+02 2.596231441647829570e+02 3.588280888914683260e+02 3.886341095352848356e+02 3.704266182311235980e+02 4.172676056582805586e+02 4.934655307939848967e+02 5.430960874449762059e+02 5.558600021193917655e+02 4.853056141562302059e+02 5.224805787598502320e+02
4.713675201688613470e+02 5.091899723034673002e+02 5.506690137178176201e+02 5.314479508362434217e+02 5.075049489527390278e+02 5.479582554078643852e+02 5.379325226767906543e+02 6.522731833916274127e+02 6.508928944427041188e+02 5.588817539179613050e+02 5.888225353626536389e+02 5.444302835986196669e+02 4.750896005838483234e+02 3.765273766529140858e+02 3.576066783375570708e+02 3.445848925966303113e+02 4.253318468344405687e+02 4.010017835852167991e+02 3.020869662829351228e+02 3.893370361484867885e+02 3.521367832533098863e+02 3.629776873705084768e+02 3.470671912632837461e+02 4.430188080657892442e+02 4.353722280320047844e+02 3.360964213024565765e+02 3.543138712684872758e+02 3.588280888914683260e+02 2.660925577546973955e+02 2.894503071821163189e+02 3.180782654915703915e+02 3.531352261600816860e+02 4.027196747970604633e+02 4.728852733130247543e+02 5.721726156229832441e+02 5.851142249173491336e+02 5.801078596077777547e+02
5.340275511912965385e+02 5.197981184828169035e+02 4.779820649375488415e+02 4.292278119936746634e+02 4.028841687647835101e+02 4.405372951113307067e+02 5.083369748650175666e+02 6.113640908802727836e+02 6.717754304669143721e+02 5.646159226020376991e+02 4.930301714838007001e+02 4.634610364346904703e+02 4.871014414185079886e+02 3.891573727341999529e+02 4.561213525958173705e+02 4.253318468344405687e+02 3.266106815618238102e+02 3.141889534963877963e+02 4.010017835852167991e+02 3.828477047375520783e+02 4.512449903338580839e+02 4.330543931840473419e+02 4.043374864361251753e+02 4.873940604073559939e+02 4.765155571881977608e+02 4.267861536283691635e+02 3.718209464428346109e+02 2.727022263096451979e+02 3.652562631260209969e+02 3.886341095352848356e+02 4.172676056582805586e+02 4.523427686933413838e+02 4.934655307939848967e+02 5.202394533883770009e+02 5.576870985097980338e+02 5.576861566964154235e+02 6.567793466725097460e+02
4.530710364403057042e+02 4.613243750943867099e+02 3.765672838307247048e+02 3.563849928555277415e+02 4.591673974868327264e+02 5.012106439798766360e+02 5.351287301401467857e+02 5.779086863100842493e+02 6.298384415799547469e+02 5.951938017124696216e+02 5.888225353626536389e+02 5.205119595528169611e+02 4.231353301480823461e+02 4.871014414185079886e+02 4.971036735579650667e+02 4.565041958800528050e+02 4.247175353135286855e+02 3.260534108637426129e+02 4.247175353135286855e+02 4.817781712075781684e+02 5.227647019918375690e+02 5.321838657670411976e+02 5.035768769784033339e+02 5.446946204042504860e+02 4.557722362499702058e+02 3.567346761765998053e+02 2.867034022767158490e+02 3.718209464428346109e+02 2.802288801224548820e+02 3.792910578032896183e+02 4.278447533786366535e+02 4.979208071053330968e+02 4.735453481494129164e+02 4.211860345214432186e+02 4.586096107071472261e+02 5.576870985097980338e+02 6.005447148052708144e+02
3.520401510932726978e+02 3.949272381191302657e+02 3.175217921200756450e+02 3.426589665654782948e+02 3.697251746951070004e+02 3.989975195433066801e+02 4.325798031291852226e+02 4.817668352351538488e+02 5.770586657374693687e+02 6.826400364685249542e+02 6.183962450412715270e+02 5.205119595528169611e+02 5.205119595528169611e+02 5.171156625601314545e+02 4.565041958800528050e+02 3.583588616709411099e+02 3.444751761356958468e+02 4.247175353135286855e+02 3.753941949755507608e+02 4.323538633314570347e+02 5.309863934885675008e+02 5.482520642255038865e+02 5.073405886603831618e+02 5.211847276464036440e+02 4.512900979790989595e+02 3.957785351102576215e+02 2.968169161156837390e+02 3.957785351102576215e+02 3.792910578032896183e+02 2.877811460738765277e+02 3.577686996519397553e+02 4.347064833997145570e+02 3.745250968241971350e+02 4.735453481494129164e+02 5.576870985097980338e+02 5.987270787803195162e+02 5.436711561385451432e+02
2.802759464065547945e+02 2.933921641232505522e+02 3.949272381191302657e+02 4.448133047997392282e+02 4.719418099040313450e+02 5.012106425405425512e+02 5.351287082275886178e+02 5.779086829445750482e+02 6.298119677588712193e+02 6.419611071827550859e+02 6.029951635927334337e+02 5.681330355869076811e+02 5.394968763166993995e+02 4.767119512988634256e+02 3.789876583592364341e+02 4.565041958800528050e+02 3.885061703480800475e+02 4.835836374363516939e+02 4.323538633314570347e+02 5.148975002298997197e+02 5.718441859925388826e+02 5.073405886603831618e+02 4.088858184749185511e+02 4.377225530220778182e+02 3.813954683117939908e+02 3.115138756532636535e+02 3.957785351102576215e+02 4.367887895102074935e+02 3.921197295087372936e+02 2.931489053159256173e+02 3.921197295087372936e+02 3.357206819121972217e+02 4.347064833997145570e+02 5.145851784696934601e+02 5.518340031869694258e+02 5.108836050781274594e+02 5.028289532461502631e+02
3.816314123021384148e+02 3.949272381191302657e+02 3.256233941700100445e+02 3.539341130403644229e+02 3.834622669784698132e+02 4.559509447516858245e+02 5.578859213795061578e+02 6.303985194136173504e+02 6.624266320874393159e+02 5.734888414733553645e+02 5.090186583695178797e+02 4.729806368205438503e+02 4.993654576532166516e+02 4.022526648541668806e+02 4.767119512988634256e+02 4.354661745789180145e+02 4.868423970081047401e+02 4.688061388684550366e+02 5.309863934885675008e+02 5.718441859925388826e+02 5.095140384501419248e+02 4.688229542592613370e+02 4.377225530220778182e+02 3.392668439203588377e+02 3.270826279272875468e+02 4.103306076032457668e+02 3.740246774685783748e+02 4.728043716251887645e+02 4.331635732455865195e+02 3.921197295087372936e+02 3.007890948705183973e+02 3.997097717886041437e+02 4.076801584369038665e+02 5.066647159053924838e+02 4.947933471487605175e+02 4.121135012997530112e+02 4.648034066592163072e+02
4.104734162487932849e+02 4.691912772429390657e+02 3.976468271351396879e+02 4.087340769355030830e+02 4.858070089188159386e+02 4.350216796875459409e+02 4.817397039039730089e+02 5.612442067693150420e+02 6.750276376591758662e+02 6.419611071827550859e+02 6.029951635927334337e+02 5.239332390224817573e+02 4.276188798100716326e+02 4.709793246914775864e+02 5.394968763166975805e+02 4.842966355335861977e+02 5.734454824534041109e+02 5.670945425986633381e+02 6.078065308700196283e+02 5.286922670624287548e+02 4.688229542592613370e+02 3.709009503609845524e+02 3.576079705203276262e+02 4.377225530220778182e+02 3.534975030743228785e+02 4.520537230471861108e+02 4.438418104313833510e+02 5.137991362496366037e+02 4.385365695034365672e+02 3.395472699043110083e+02 3.997097717886041437e+02 3.088165467746853778e+02 4.076801584369038665e+02 4.567123924678887192e+02 4.388287869940289738e+02 3.552008529086533599e+02 3.661943007029537966e+02
