output/example/elevation_000495.asc
nrows	75
cellsize	13.33333333
xllcorner	0
ncols	75
yllcorner	0
NODATA_value	-9999
[rows 17 to 33 of 75, columns 37 to 73 of 75]
3.298459207507960400e+01 2.766737643882096265e+01 1.787037245719352896e+01 1.499224940428227981e+01 2.463476121524283258e+01 2.299656961123124788e+01 2.852340277474583274e+01 3.800720714281149526e+01 4.509019796183098094e+01 4.373364505855075635e+01 3.847818669445265272e+01 2.892434411417597673e+01 3.473072082033399965e+01 2.944132439933829204e+01 3.900596724082141264e+01 3.170825423885788297e+01 4.133195141413542473e+01 3.841530262722293543e+01 4.331681951614989146e+01 5.321101853058105036e+01 5.354339354503228066e+01 4.277712795250785405e+01 4.358527981822728492e+01 4.358527981807628038e+01 5.433639741463096584e+01 4.714246406198197548e+01 5.461668294495280662e+01 5.348595264970638397e+01 4.923971316359322969e+01 4.068814282618044587e+01 3.006387952103948535e+01 3.508253920314511731e+01 2.499088803646746371e+01 2.745099564228802436e+01 3.048102183959011668e+01 3.416268216454817974e+01 4.340067196608776356e+01
2.912317985968890710e+01 2.229553396571592216e+01 2.766737160466789902e+01 2.499529223643535047e+01 1.674177510484068776e+01 2.659422175365432039e+01 3.285932207736126998e+01 3.103777281764768148e+01 4.094352983787669586e+01 4.823813504734325619e+01 3.847818669445265272e+01 3.205004865598291985e+01 4.169166455999945953e+01 3.900596724082141264e+01 3.448981873956486055e+01 4.133195145171982432e+01 3.953061561699445292e+01 4.826391902336546735e+01 4.826391902336546735e+01 5.728270685641412285e+01 5.433639760173514333e+01 4.358527981811508312e+01 3.598595303858567718e+01 4.267175029920344542e+01 4.706029965723131170e+01 3.949895910804570320e+01 4.927176042436153836e+01 5.093732486259852976e+01 4.034865514986346113e+01 4.034864383100701701e+01 3.683895892112666104e+01 3.427110620735496127e+01 2.442052920423456541e+01 3.428343324947823589e+01 4.178205323634623625e+01 4.564085057025290126e+01 4.961747583934714356e+01
2.785734602045934949e+01 3.201303525187055499e+01 3.465545133013105783e+01 2.819692263531872811e+01 1.844733692472538067e+01 1.947073718308045187e+01 2.315640604900759669e+01 2.996116032705088372e+01 3.987680360487691900e+01 4.951816026575091456e+01 4.538164124663473586e+01 3.562116733490528020e+01 4.538164124663473586e+01 4.824456533952920978e+01 3.929044325929028503e+01 4.824456533952920978e+01 4.934697687049904857e+01 5.342466013271641145e+01 5.812522845443492514e+01 6.046211758269404868e+01 4.964285661420251472e+01 4.174852743309381964e+01 3.630906590164082104e+01 3.202288600692919829e+01 3.953761262139713040e+01 3.418537659058113576e+01 4.488984865227300247e+01 4.787435546486324256e+01 3.723140801303506464e+01 2.982725516251736408e+01 2.666791466885156225e+01 3.249396255919161547e+01 2.389277198950354730e+01 3.351338826486708200e+01 3.997319559781404053e+01 4.306272385471795872e+01 4.113345798225115146e+01
3.768981231221169992e+01 3.721840333852941285e+01 3.054289123853885712e+01 2.086776380454255175e+01 2.818723387628571686e+01 2.919221767644395982e+01 2.264494013930289640e+01 3.233650564437679265e+01 3.588568591820293818e+01 4.399748171187739132e+01 4.946385865056249287e+01 4.249322102986855043e+01 4.946385865056249287e+01 5.314173731790155131e+01 4.909356217240659248e+01 5.314173731790155131e+01 5.224309767995349318e+01 4.924829989055645285e+01 4.862895838860940501e+01 5.301793369522794563e+01 5.673918955123659913e+01 4.923937523719418863e+01 4.639765137352561908e+01 3.953761247245119392e+01 2.908731573030035378e+01 3.953761262139713040e+01 4.927176040796591394e+01 5.093715207583881011e+01 4.034864080149380783e+01 4.034725521808152138e+01 2.321209489846362573e+01 2.321209489846362573e+01 3.249733477629168021e+01 2.674650530595875608e+01 2.951982691296953476e+01 3.276927097123232357e+01 3.882710901293916095e+01
4.008903839315451734e+01 3.018625974273084367e+01 2.340280701688811504e+01 3.054376304470825332e+01 3.463792201880091426e+01 3.646410162919413267e+01 2.944273346791402801e+01 2.625686217964208780e+01 2.986697461506237516e+01 3.683270672392300327e+01 4.700979184365562702e+01 5.235490450778407734e+01 5.086082435373035082e+01 4.668255108737002956e+01 5.086082435371473309e+01 5.054174182801610726e+01 4.223881976686921291e+01 3.935339981860354186e+01 3.864550361818761104e+01 4.564237867673480764e+01 5.659044090738603927e+01 4.958477981094701903e+01 3.891547797080878723e+01 3.150374873439385581e+01 2.756958102075165939e+01 3.777354581266872913e+01 4.154863512985363627e+01 4.591904893012598166e+01 4.498245823924145270e+01 3.400792164135512508e+01 2.888955044366704072e+01 2.275227012957331141e+01 3.183193109041624069e+01 3.699069133460925229e+01 3.505478720013012861e+01 4.326649881093789674e+01 4.752118219960985357e+01
4.304507045661662801e+01 3.308669033821123406e+01 2.640799420466640868e+01 2.713230473647897156e+01 3.050644956677745867e+01 4.044236413687463028e+01 3.932267263465750773e+01 3.310112946508638032e+01 3.603023375753347324e+01 3.794464524244615689e+01 4.812896162591911065e+01 5.162989873703084243e+01 4.602470827010513688e+01 3.718222244558273104e+01 4.442935023323151000e+01 4.652437605319003211e+01 3.740142472403068297e+01 3.278068993886929405e+01 4.225154894346812995e+01 4.902048840589324641e+01 5.535348389363877430e+01 5.179808248675554694e+01 4.185826240021354039e+01 3.620233409633167554e+01 2.632683978028161675e+01 3.422857825097961637e+01 3.119651141440837350e+01 4.154863512985374996e+01 4.128110263775091937e+01 3.547878695815877848e+01 2.411561408304029186e+01 2.228317299547657626e+01 2.823698355107913116e+01 3.834218591364764706e+01 4.556977583610728999e+01 4.976395511336558286e+01 4.711478691559565846e+01
4.325511753920804381e+01 3.324293999193572802e+01 3.067987722352393121e+01 3.193593325536512850e+01 4.044236430122471404e+01 3.671995311580723609e+01 4.684773766939159856e+01 4.310171705443354284e+01 4.606533927587233990e+01 4.812896162591911065e+01 4.708049595918679131e+01 4.744067190575108839e+01 3.790004218195057462e+01 3.256653623345379600e+01 3.497462665198549558e+01 4.032379395973703851e+01 3.629161067710739275e+01 2.998041475669326061e+01 3.531132143997633221e+01 4.482838933460658382e+01 4.434441212021752676e+01 5.052709338072325096e+01 3.974296283252490269e+01 3.233921436756112655e+01 3.407706757500827877e+01 2.483990749312560453e+01 3.248816491000690121e+01 3.674820877187453050e+01 3.702184377224811840e+01 2.746476601557698416e+01 2.997048361273337136e+01 2.180276616926294864e+01 3.057863292941074462e+01 3.383891727735082355e+01 3.609407896994204634e+01 3.959535077711377227e+01 3.648069834761931673e+01
4.743758588277172805e+01 4.325511753920804381e+01 3.556499677770445800e+01 4.192304252992188651e+01 4.192304252992192204e+01 4.386768664620323932e+01 5.102822379080539150e+01 5.004827792558707245e+01 4.674253892418708745e+01 4.296957795514762779e+01 3.862689058759116989e+01 4.482816063104178284e+01 4.602470827010513688e+01 3.774385107468809508e+01 2.836477956258028854e+01 3.629161053978840812e+01 2.691973875410873163e+01 3.629161078983852917e+01 4.342372664351775313e+01 4.560414859002242594e+01 3.745230445098407301e+01 4.560414859002242594e+01 4.731855251588313394e+01 4.287944346770233750e+01 3.854053307683135188e+01 3.248808537834370469e+01 2.358587171426990992e+01 3.247851146187139904e+01 3.299575308090303594e+01 2.917827816251659101e+01 2.129956337874087779e+01 2.129956337874087779e+01 2.272140559530389226e+01 2.420236724019040508e+01 2.598762667017233241e+01 2.910923082816758267e+01 3.509620400426940279e+01
5.545097218592011501e+01 4.986309311423971735e+01 4.567788660604183093e+01 4.986309311423971735e+01 5.206148057461088285e+01 5.404221726613678811e+01 4.710497664263414208e+01 3.988739408181388768e+01 4.296957795513961997e+01 3.473626931091499159e+01 3.301149168693405045e+01 4.069836692386500232e+01 4.331821727474210348e+01 3.295389913556854822e+01 2.581554827112001504e+01 3.207151330580195747e+01 2.497171140786887733e+01 3.381865169463969778e+01 4.072103365132388575e+01 3.755338878031276550e+01 3.220513292213063039e+01 4.147745652935877558e+01 4.811799405955071052e+01 4.205894537538803490e+01 3.167809069212718143e+01 2.526675407297459586e+01 2.275361151661686421e+01 2.992236446572474051e+01 2.756870064385990204e+01 2.060105677068661123e+01 2.918036781164671822e+01 2.129956337874087779e+01 2.707722592796445582e+01 3.383891727734665977e+01 3.609997746111788786e+01 3.083017612488468728e+01 4.136977941897327327e+01
5.337174803645138610e+01 4.893025574141270084e+01 5.102436913954785069e+01 5.522449406303382347e+01 5.143236960443770300e+01 4.634564997440695322e+01 4.210348141037645320e+01 3.288023611795411227e+01 3.580425119682728052e+01 3.714774958001363103e+01 2.872916595029640519e+01 3.416059743997625731e+01 4.194045896094782222e+01 3.923572649364065512e+01 3.207151339503174370e+01 2.259953576859570390e+01 2.307341147886432964e+01 3.333112789945528220e+01 3.688230047886858642e+01 2.726687641856700850e+01 3.085503746223404065e+01 3.580058035258360860e+01 4.424341210563066085e+01 4.205894537538496536e+01 3.167809069212718143e+01 3.470987707584808390e+01 2.992784950586043990e+01 2.160835545625204190e+01 2.073751236618205951e+01 2.007066726152529768e+01 2.828860409306424373e+01 2.997225354257689389e+01 3.418858308060197260e+01 4.126707097954507475e+01 4.569473878200349048e+01 4.136977941533881165e+01 3.825806782890197866e+01
4.773162932208330744e+01 3.944535928490038401e+01 4.108400218563689776e+01 5.111893357682023975e+01 4.716200899387450818e+01 3.704495382687982641e+01 3.212734160013225448e+01 2.891495749079423305e+01 2.603058705043881815e+01 3.221475174946353803e+01 2.592567214568524037e+01 3.174263037599331483e+01 3.609465169035237864e+01 3.687964791029872913e+01 2.728017693498407326e+01 2.040739329023444171e+01 2.820567401831458909e+01 3.223695725369698550e+01 3.067314055413093499e+01 2.437882991598442572e+01 3.360314398743070541e+01 4.010792409787669044e+01 4.603452781731756005e+01 4.644747443630610206e+01 4.205894537538496536e+01 4.010446932589288593e+01 3.267214275289536829e+01 2.299547459610076316e+01 2.840081304875615231e+01 1.951163046012815627e+01 2.342134393128204906e+01 2.809079909229184224e+01 3.350990482348449007e+01 3.560268820381453736e+01 4.002733805613392803e+01 4.619045697567750608e+01 4.888211698949778850e+01
4.389960417994826969e+01 3.412499694790494686e+01 4.079165166076841587e+01 5.062675212065664709e+01 5.143236960443770300e+01 4.634564997440695322e+01 4.210346950797796950e+01 3.877810025095969593e+01 3.245191231917796415e+01 2.271899199351834397e+01 2.874407606036749385e+01 2.230386666734042578e+01 2.896041236694866328e+01 3.811198572574515708e+01 3.412691809091788997e+01 2.820567404534495992e+01 1.835612426708657452e+01 2.820554299003490328e+01 2.100439936423772025e+01 2.385637162099857278e+01 2.688184244897877306e+01 3.219935393871799789e+01 4.192172342183133793e+01 5.058893828089190947e+01 4.537414965388030197e+01 3.584159294170919452e+01 2.586271619021330181e+01 2.693333196662373297e+01 2.978382359878204610e+01 2.744201914591541325e+01 1.880298593347225733e+01 2.051414959629225621e+01 2.940382286540030421e+01 2.552905075822189929e+01 3.109386896309286286e+01 4.176184838239954189e+01 4.859628129167688115e+01
3.700515465633999668e+01 3.112284116274861390e+01 3.949480397172918344e+01 4.317127605388076717e+01 4.730839875229925440e+01 4.988351499337098716e+01 3.972261925962680351e+01 3.271609953957732131e+01 2.787529453291201520e+01 3.012557408417320559e+01 1.998308809760998273e+01 1.998308809760998273e+01 2.782849279229748518e+01 3.182594711811722732e+01 3.504873233319971604e+01 3.079758223687615271e+01 2.676536972481937937e+01 1.835612426708657452e+01 2.820555711528962561e+01 3.347576595072726491e+01 3.607611129142959783e+01 3.331323703800331515e+01 4.274627978518724802e+01 4.635058611171288590e+01 3.583928867843440003e+01 3.058824848638355576e+01 3.584159292543139230e+01 2.979643182391289002e+01 2.291535785998742369e+01 2.646211518430588328e+01 1.829701363499562206e+01 2.713291365033243352e+01 2.278092474091977948e+01 3.204111967350824131e+01 2.973204081926828479e+01 3.336631998908306684e+01 3.873242842811774977e+01
2.743366251142929002e+01 3.495696918534434872e+01 2.986714530945533852e+01 3.344514425344129194e+01 4.026892877437731499e+01 5.017988689600912267e+01 4.694057575333229693e+01 4.191144735884836336e+01 3.770738919398900180e+01 3.391858035268701599e+01 2.440639251882408800e+01 2.782847934739382367e+01 1.798151826599374559e+01 2.605019969713838179e+01 2.533428822754862253e+01 2.533428822766303057e+01 1.677060760616469537e+01 2.676536938284572642e+01 2.643949576174058080e+01 3.322252811943979367e+01 4.291737014574771081e+01 4.274627978518724802e+01 4.704016914307499064e+01 5.058893828089190947e+01 4.537414965388030197e+01 4.109493739507362164e+01 3.763074345164331191e+01 2.865435095080379568e+01 2.624739970935327449e+01 2.088199649785455136e+01 1.778238747932276809e+01 2.327940596200005174e+01 3.128299022658028861e+01 3.640285275781881325e+01 4.035214206379747282e+01 4.417281414673126250e+01 4.859628129167688115e+01
2.546130434687255217e+01 2.546130262104302489e+01 3.495696918534434872e+01 4.317127605388076717e+01 4.730839875229924729e+01 4.732120396236977200e+01 4.293470086658164320e+01 4.293470074910491974e+01 4.403119061434380654e+01 3.412547734794925702e+01 3.122017495321340874e+01 3.182583540152733192e+01 2.595962633461601854e+01 1.603447060797331858e+01 2.531025176949868083e+01 1.523855958953115852e+01 2.439247975348973441e+01 2.646363890711839773e+01 2.860332704118285108e+01 3.287713069052841774e+01 3.878648492507998213e+01 4.352193848944452270e+01 4.798185738311109105e+01 4.720206291839890866e+01 4.205417372187638847e+01 3.781199809256264643e+01 3.429647637564533369e+01 2.889538390186647732e+01 2.163735712769801367e+01 2.165256425818810726e+01 1.726571880656867819e+01 2.785108689959042749e+01 3.547518484394606730e+01 4.004720881081466644e+01 4.998611882099829984e+01 4.786805581518293451e+01 4.786805581493521089e+01
3.005831695265010950e+01 2.280961586178796452e+01 3.221718818869582179e+01 3.846617699561748793e+01 4.255744106192857856e+01 4.293470087969892290e+01 3.287991698399823548e+01 3.287991698397323859e+01 4.010055648078337498e+01 3.976835291885373636e+01 4.089162143841919317e+01 3.214061205639739427e+01 2.199335407813896737e+01 1.472501878606250081e+01 2.295268680344409162e+01 1.422640149265061282e+01 1.422640149265061282e+01 1.628678093841022090e+01 1.856737044038938933e+01 2.437132933095814380e+01 3.439104426977093709e+01 3.310070899250564480e+01 4.352193848944068577e+01 4.298235366520012235e+01 3.264164252323045901e+01 2.726543294208411794e+01 2.365322166425394101e+01 2.089034384259140964e+01 1.875341722219787499e+01 1.653715179147393144e+01 2.571185197603905692e+01 2.381018500698565532e+01 2.938147375837476716e+01 4.004720881080987027e+01 4.472826281851704522e+01 3.734564955782809648e+01 3.734564955782809648e+01
2.069222422183008092e+01 2.999551933035825257e+01 3.179052997400332714e+01 2.902970672515627015e+01 3.846617699561748793e+01 4.105610763096662907e+01 3.582489500027709539e+01 2.596169919853299746e+01 3.117533989005726269e+01 2.925824111779820313e+01 3.647644001453306117e+01 3.451586358709183600e+01 2.480536485861450657e+01 2.268991917092932908e+01 1.301993440408129388e+01 2.288761493873384723e+01 2.441316475234181738e+01 2.351695245691864500e+01 2.565381373441633173e+01 2.241899770771677680e+01 2.611815938652590674e+01 3.310070899215806861e+01 4.352193763578617336e+01 4.720206286550693164e+01 4.205417640051007311e+01 3.781199809256264643e+01 3.429647637565778950e+01 3.110929788755725411e+01 2.505825652335548881e+01 1.603595649716550042e+01 2.001778649063241033e+01 3.097038964208549316e+01 3.462466735973362830e+01 3.893065622154986727e+01 4.042759099614847429e+01 2.990304350421574497e+01 3.691940849882963960e+01
