output/example/elevation_average_000091.asc
nrows	75
cellsize	133.333333333
xllcorner	0
ncols	75
yllcorner	0
NODATA_value	-9999
[rows 0 to 16 of 75, columns 37 to 73 of 75]
5.109218870248259918e+02 5.074919863719846376e+02 5.087808852845951151e+02 5.355959570214378118e+02 4.821137337374631784e+02 4.447613309616572224e+02 4.530244966998436666e+02 4.140942305310293250e+02 4.134112025145585676e+02 4.105318643414186113e+02 4.495394216078100271e+02 4.264382479030217041e+02 3.873875025506968655e+02 3.059635981045369135e+02 4.016292805623199911e+02 4.549060602020303463e+02 4.470547076970502189e+02 4.587635968848859989e+02 4.707690243690900047e+02 4.830675003160295660e+02 5.216906736027674469e+02 5.877791117891779322e+02 6.320790706748025514e+02 5.946085651949196063e+02 6.326473467922378404e+02 6.858163426614704576e+02 7.273189252526094606e+02 7.179852405695079369e+02 7.541837910854018219e+02 7.335112842970845577e+02 7.137966922596797303e+02 7.509928937881428510e+02 7.328483688476028419e+02 6.953873873865843507e+02 6.968273798055373618e+02 7.066072622032980917e+02 7.076388021948706637e+02
4.617504933603020163e+02 4.133102305178278471e+02 4.143872849347440024e+02 4.415248415940267819e+02 4.274322094602125048e+02 3.496565440745686715e+02 4.138913516690461165e+02 3.185742946424001616e+02 3.178840887942637323e+02 3.150264824457916575e+02 3.642015040947931084e+02 3.734563459903424700e+02 2.915602054455362691e+02 3.873913603036360200e+02 3.205040556819870403e+02 4.159925979709099693e+02 3.519187706739254509e+02 3.638110530131897349e+02 3.759602550064485058e+02 3.883936090196669397e+02 4.555912163297212487e+02 5.377859174442683070e+02 5.445885291609633896e+02 5.012234544807782868e+02 5.552898542948589693e+02 6.478568505727514548e+02 6.389988265565126540e+02 6.262008488258798025e+02 7.053042338433956502e+02 6.807229984975684829e+02 6.278927203524934839e+02 6.995232480305963918e+02 6.910778396245520980e+02 6.030852948645850802e+02 6.051965286612678483e+02 6.144604059572125152e+02 6.155013756091362893e+02
4.207469256349367583e+02 3.473663767601216250e+02 3.474773432268773945e+02 4.426511989424820968e+02 3.872436600541198573e+02 2.933419232792425078e+02 3.731708988733917067e+02 3.328108966301466580e+02 2.499410732958036476e+02 2.589815346053494522e+02 2.681916869195017057e+02 2.775067026956386371e+02 3.734995179874458131e+02 4.262688122605659373e+02 4.160012432289479420e+02 3.353410986912439284e+02 4.306740961503666654e+02 4.587635940436393298e+02 4.707488789037795982e+02 4.830627874260496242e+02 4.069056184469388882e+02 5.014022228780104342e+02 4.506184561593946114e+02 5.445971986584495426e+02 5.948203119459045638e+02 6.178052941705849435e+02 5.666229299849137533e+02 6.591806710592794616e+02 7.026724203114210923e+02 6.630179617279295599e+02 5.841539147165926806e+02 6.486185805966897533e+02 7.014554451650305964e+02 6.284452785313205823e+02 5.371881002581028497e+02 5.495434961345786178e+02 6.423801097960699735e+02
3.486882045720675478e+02 2.927753236444946765e+02 3.885643381486349881e+02 4.100970055133208234e+02 3.474819487811321324e+02 2.526684850552158821e+02 3.217355586545809274e+02 2.374827346290996388e+02 3.339347961554061044e+02 3.551270941458244010e+02 3.642404190546672567e+02 3.734519855835156932e+02 3.209107214527243173e+02 4.164077833255940959e+02 4.694895182852027347e+02 4.306737200495559819e+02 3.729499245014513349e+02 4.097919834251336511e+02 5.042590282556804482e+02 5.398856154433103711e+02 5.013924719505698704e+02 4.263293318976178625e+02 5.205973433173031708e+02 4.801797366175916295e+02 5.016062419179613130e+02 5.249080505040284379e+02 6.179758784722318978e+02 6.920422012478452416e+02 6.505039144712443431e+02 5.910519920543720218e+02 5.412245826976038643e+02 5.731893126595518879e+02 6.658387856534291132e+02 5.958306044761989142e+02 5.027944964227383480e+02 5.958283437851723647e+02 5.957441708493912529e+02
2.524085790929578081e+02 3.486783962549470175e+02 3.523057232935979073e+02 3.422013578265112415e+02 2.750690807783786909e+02 2.173150294185098517e+02 2.255653857766004364e+02 3.221504561499888268e+02 2.856643981387855433e+02 3.523694864019680040e+02 4.463435536097167073e+02 4.550821123858623878e+02 3.767772340138577647e+02 3.886643185355439414e+02 4.833877918583729638e+02 5.065048432887301715e+02 4.217572941857787896e+02 4.972563302882624612e+02 4.773758571153884418e+02 5.710771576140367642e+02 5.559075572003443995e+02 4.632719420346032280e+02 4.719334639399914977e+02 5.656468578168514796e+02 5.939842295662838296e+02 5.898732801512190917e+02 6.480333173904009527e+02 6.274944652248545935e+02 5.874865270176757122e+02 5.202867650872786953e+02 5.019067267938817167e+02 5.954446740830194358e+02 6.362831024410147620e+02 5.742438787014727950e+02 4.808996591122405562e+02 5.195723037764677201e+02 6.128245729755019511e+02
3.213717088892151423e+02 3.236314389130624818e+02 2.560991313056078980e+02 2.916475543749569965e+02 2.059463688150743792e+02 2.743396415683743612e+02 3.219734633601695464e+02 3.040247213428958730e+02 3.815111893595920947e+02 3.544652722770159130e+02 4.490140001654667685e+02 5.097061657159359243e+02 4.716321608584858041e+02 4.833867239597127536e+02 5.219781127896695807e+02 5.544943077629199024e+02 5.161097432966217866e+02 5.533583453434495141e+02 5.703655440371472878e+02 6.090321415681809185e+02 5.953358243178690827e+02 5.123118344398665158e+02 5.656446928591338974e+02 5.283750657319395714e+02 6.213885333240657474e+02 6.820754806721953400e+02 6.368766825662407882e+02 5.687663247967849429e+02 4.977326624626333569e+02 4.659789695256404229e+02 5.599293473810702153e+02 6.057545065065945664e+02 5.663044840745506008e+02 5.047802060603613654e+02 4.600995294481895712e+02 4.958225727729326309e+02 5.501005409945331621e+02
3.130073156755472610e+02 2.734392540902947530e+02 1.870922303467494032e+02 1.947898736675697080e+02 2.917050777430950461e+02 3.421974520167414653e+02 4.092370976386644088e+02 3.996932099238983938e+02 4.381187165632742904e+02 4.495604253634360248e+02 4.883361572321275048e+02 4.915387555575977672e+02 4.647246498150115599e+02 4.653942127678477618e+02 5.037984837165828935e+02 5.229743854061157435e+02 4.846883106124120673e+02 5.223409091504141770e+02 5.618526019716981637e+02 6.156578216809127753e+02 6.435667019905574762e+02 6.056081471315374074e+02 6.417157355147795670e+02 5.957867572943010828e+02 6.462068951237234842e+02 6.362754064611517606e+02 5.919441189799905487e+02 5.074465857256454910e+02 4.360817628710041163e+02 5.301510361662776631e+02 5.955975412466502803e+02 5.507198479340164567e+02 4.737186247360664311e+02 4.379276683980679650e+02 5.321537401645175578e+02 5.370575410597923565e+02 5.723761304280915283e+02
2.628694234472185940e+02 1.763132049872751566e+02 2.734448868087804954e+02 2.915641265975961005e+02 2.510180442058772314e+02 3.068791740327585558e+02 4.025412150058627390e+02 4.299904663399444189e+02 3.909974615124352226e+02 4.135200108219110007e+02 4.404058150277926984e+02 3.969036580194185717e+02 3.698071840067828475e+02 3.704438361178100649e+02 4.239301693675604952e+02 4.397851186243221946e+02 3.899501647087326432e+02 4.291584798868055941e+02 4.838584295829236908e+02 5.775139616688190927e+02 6.180902882352556844e+02 6.307066702904553495e+02 6.691919022267680930e+02 6.879100791694347663e+02 6.602871793047083884e+02 5.834398472233874600e+02 5.122849142240119136e+02 4.596283840414919837e+02 4.179012965911014703e+02 5.118953160292894609e+02 5.325701701166444764e+02 4.870326561470654383e+02 4.177848423834224718e+02 5.122313643994018548e+02 5.047878070005887139e+02 5.710891437583392189e+02 6.301429754550705411e+02
1.657125598717645687e+02 2.625034205293010245e+02 2.555401927990621402e+02 3.517713442359461737e+02 3.473028467048233665e+02 3.865563763532178996e+02 4.415135968314999673e+02 3.749047083430259590e+02 2.951920251986534822e+02 3.179754146793698055e+02 3.452028772024361274e+02 3.790071225203743097e+02 3.016086278177300528e+02 3.153341239365540218e+02 3.297743031240421487e+02 3.446776600202900909e+02 4.399253935327479894e+02 4.840671954556103174e+02 5.052016828792933438e+02 5.267465260137587393e+02 5.251539629189248899e+02 5.382750826407933573e+02 6.274595396448813744e+02 6.808151283726894007e+02 6.389495383924203225e+02 6.007441108544111330e+02 5.617283206601701977e+02 4.678650999206740266e+02 4.016886526365944405e+02 4.960821293933657898e+02 4.768317170354086443e+02 3.993429184676729733e+02 4.940050472372761874e+02 4.941930077416643030e+02 5.857274739903371028e+02 6.362905968587612051e+02 7.014912593856161038e+02
2.363200149290236141e+02 2.348646840725554057e+02 3.312582470234704033e+02 3.907101877225954354e+02 3.922934242764117130e+02 3.531518000380864351e+02 3.603465223120081760e+02 3.209665959602716043e+02 2.391524898873450695e+02 2.499000609759217753e+02 3.462205913811797018e+02 2.830694093792544095e+02 3.790248330342808458e+02 4.108144823302701525e+02 4.250722202447888662e+02 4.398056245212891326e+02 3.699195397006599819e+02 3.895354689674610427e+02 4.109474759328934397e+02 4.341900807633053319e+02 4.598927934587085815e+02 4.958593670061087550e+02 5.501158034299298834e+02 6.429866123444810455e+02 5.849788071293978646e+02 5.074897267805158663e+02 5.473713273340500791e+02 4.557876740983854802e+02 3.863393168812666545e+02 4.604909128384553583e+02 3.819678928729073277e+02 4.768238220487793910e+02 4.767960258847044202e+02 5.705597446342943613e+02 6.258615230864580781e+02 6.718501138284935905e+02 6.727663969895829723e+02
3.319328662335573199e+02 3.312945549802216760e+02 3.706399211504306663e+02 3.442179930708628035e+02 3.369521263791331762e+02 2.569132003733067222e+02 3.066360478078313463e+02 2.243628045606370733e+02 3.205596728323716889e+02 3.461520190253966689e+02 2.657326300637255372e+02 3.563431465222735710e+02 3.378274804434336147e+02 4.032542528671715445e+02 4.961978764802423143e+02 5.034594568973024593e+02 4.256995858968288644e+02 4.556743140673763151e+02 5.051991307763049122e+02 5.280904966109220595e+02 5.533427270293743732e+02 5.884670813412865300e+02 6.274620390211609902e+02 5.796430282029087948e+02 5.413170176048358826e+02 4.526165027490053490e+02 4.867932859465565798e+02 4.823369677847561547e+02 4.479442979909861720e+02 3.654341482307611386e+02 4.589685218064354899e+02 4.497242139866952471e+02 5.438151647465085716e+02 6.087547149947820344e+02 6.137991628222936242e+02 5.802128205644974059e+02 6.727869117804084453e+02
3.407560972839192459e+02 3.731353616227531802e+02 3.156385368293028364e+02 2.478879060887493608e+02 2.846197018066652049e+02 2.005936834427808719e+02 2.099221769523013279e+02 3.066899473476131561e+02 3.603354053045418937e+02 4.009491149686955396e+02 3.618759361249589119e+02 3.141833963739934461e+02 4.097136995559468460e+02 4.175870450119148813e+02 5.100109472002549751e+02 5.573232257871329693e+02 5.200001796811178565e+02 5.496267998875174499e+02 5.365949903433076997e+02 5.752017988262936115e+02 5.892354470568378702e+02 6.276551512226384375e+02 6.182807610941931671e+02 5.413075594194120868e+02 4.472092058669991843e+02 4.747584425295537471e+02 3.920556782686234101e+02 4.357398859715893877e+02 3.527435649689383581e+02 4.479416330841420404e+02 4.613649950895500638e+02 5.434868603098246922e+02 5.821398960494394714e+02 6.128752774509556502e+02 5.205476783983449423e+02 6.095112306572245870e+02 5.932378077505509282e+02
3.834268821824795168e+02 3.036612275498962958e+02 2.392690873033370167e+02 1.789607223025905114e+02 1.876584356442183434e+02 2.846765725930897588e+02 3.066205046874096070e+02 2.454488061887458628e+02 3.418224665610837860e+02 4.197169875281201712e+02 4.484725018206111713e+02 4.097734331116940325e+02 3.818745644688718812e+02 4.766799705372682183e+02 5.504552668556586923e+02 5.191312005421091271e+02 4.798845320405022790e+02 4.591993512238819335e+02 4.426979598086771261e+02 5.201557956659690944e+02 4.960229479837500435e+02 5.895627624755976512e+02 5.524043389257301442e+02 4.864872355504225538e+02 4.747531618508457996e+02 3.798849216771491228e+02 4.240178165131126207e+02 3.404023575891124551e+02 4.357436230801849320e+02 4.315658073700809041e+02 5.258566112511247184e+02 5.935292744889580945e+02 5.881966728907264041e+02 5.499880099847471229e+02 4.868139551874751874e+02 5.168866477751478214e+02 5.830877069843704703e+02
2.919324544314732748e+02 2.522556465793566929e+02 1.668167449798326629e+02 2.628383663761666185e+02 2.846253870672227322e+02 2.337782352573261733e+02 3.302670886729044355e+02 3.418169643600284644e+02 2.849658698304898508e+02 3.323547385448809450e+02 3.875452438012438279e+02 4.820668707369861750e+02 4.766857879206635289e+02 5.151089472861705190e+02 4.905332925221560458e+02 4.510267526835284571e+02 3.858843457320717789e+02 3.641556846324016306e+02 3.943617412413349257e+02 4.286737484711682100e+02 5.228133949968270144e+02 5.451603015592545489e+02 5.139387001993000013e+02 4.195145422101485906e+02 4.542441520860350579e+02 4.239639436928635519e+02 3.285458612966214105e+02 4.239666118932408381e+02 4.745851592679154010e+02 5.255233007264033631e+02 5.325465701662533320e+02 5.699609054900699903e+02 5.497582417996103459e+02 4.559771258441712121e+02 5.497700689934022193e+02 6.093461959040122338e+02 6.101949384266999914e+02
2.405259014809876703e+02 1.548861011507216290e+02 2.522665931771619228e+02 3.036938145101235023e+02 3.691762922980628332e+02 3.038648967901734750e+02 3.016862062875210313e+02 3.969346375406889820e+02 3.533953505419350449e+02 3.537313758977040266e+02 4.484180455099681240e+02 5.208736947205479737e+02 4.878865163454941580e+02 4.490269222773338242e+02 4.348015153223179254e+02 3.566711365134764264e+02 3.291144409162791362e+02 3.969513092174294684e+02 4.885424624410614456e+02 5.219092107009639676e+02 5.171181204064467920e+02 4.511227507983575151e+02 5.162425009101318665e+02 4.542486892116951367e+02 3.591291945811344704e+02 4.067432946318436393e+02 3.204597756939615465e+02 4.160190433593318744e+02 4.424128490579540767e+02 4.563539282903053049e+02 4.383615919531410441e+02 4.944487492235570585e+02 5.086453573149761951e+02 4.364794930719474451e+02 5.027503123325089973e+02 5.962031178533055709e+02 6.434492890707125525e+02
1.430829647834636660e+02 2.405966407524080921e+02 2.276225159685176322e+02 2.956368704465523365e+02 3.909192286031543517e+02 3.992668823897351444e+02 3.974144597174705495e+02 4.364158065583484927e+02 4.484631092532799244e+02 4.488618999213495613e+02 4.876302456890454096e+02 4.564810653352800500e+02 4.173481158076318707e+02 3.539946053528136076e+02 3.693877082966055241e+02 2.999964223115140385e+02 3.957735751826418777e+02 4.634476618306644014e+02 5.301891950893647163e+02 5.454225863821942539e+02 4.521042887273550264e+02 3.836537928086677880e+02 4.269448405603110928e+02 4.341131510481018836e+02 3.977252401836203717e+02 3.110811953320090879e+02 4.067540239028300562e+02 3.370778038129546417e+02 3.490083906466088592e+02 3.613167531681554578e+02 4.564131246796719665e+02 3.998002212139886637e+02 4.142447692648099178e+02 5.087316637399451906e+02 4.792257145233686515e+02 5.129252939834098015e+02 5.523120820221884060e+02
2.405556992207583278e+02 1.486426355259192746e+02 2.460977458089397203e+02 2.912814458930137675e+02 3.364346542988629949e+02 3.760319358881858989e+02 3.842637285217447243e+02 4.235353675068196253e+02 4.507555959630788038e+02 4.118312071403416894e+02 4.495891861987198013e+02 4.154876200704060807e+02 3.222235954213981586e+02 3.457385058471256798e+02 2.744988334767825222e+02 3.705701180274019748e+02 4.348084188382093771e+02 5.031361320921312199e+02 5.087168595756843956e+02 5.509520219908498575e+02 4.824664494719611980e+02 3.876778619837639326e+02 3.315045682288251783e+02 3.887613134391726248e+02 3.019515137191447707e+02 3.977258485486030395e+02 4.457383938812985207e+02 4.324489108836289120e+02 4.170859490126146625e+02 4.563573867733069278e+02 3.798126756941152280e+02 4.747017817154173827e+02 5.084933443735085348e+02 4.908885657134969165e+02 5.725062904031428843e+02 6.053543760480528135e+02 6.434501999920109938e+02
