output/example/elevation_average_000036.asc
nrows	75
cellsize	133.333333333
xllcorner	0
ncols	75
yllcorner	0
NODATA_value	-9999
[rows 17 to 33 of 75, columns 37 to 73 of 75]
3.039864111864061442e+02 2.670687058826529210e+02 1.794953603696529854e+02 2.687265582835761393e+02 2.643265075067363341e+02 3.330032540951216902e+02 3.131391319974909493e+02 4.020564932160859826e+02 4.150089076426946235e+02 3.375120864025244032e+02 3.981570837261618863e+02 3.841750231009294225e+02 3.459395895618518466e+02 2.774329396565736943e+02 3.681400696425558863e+02 4.027867145275697567e+02 4.223333652220212002e+02 4.205381757983369084e+02 4.373852696767913812e+02 5.220954555474075960e+02 5.286569836018184105e+02 4.797044278316336658e+02 4.082071928964460881e+02 3.186496449235682462e+02 3.999916497234893313e+02 4.310922549014289302e+02 4.678491628555191255e+02 5.105627572612551148e+02 5.217908256633428437e+02 5.223642752959286781e+02 4.637799211995977657e+02 4.734931063547057306e+02 5.583024334146663250e+02 5.857653410303072405e+02 6.188792068786373193e+02 6.032860759085988320e+02 6.018556079156027181e+02
3.703037608758328929e+02 3.099004047331044944e+02 2.701223004299149579e+02 1.853936344359062218e+02 2.722593662646400503e+02 2.453887961654154992e+02 3.332354081553437481e+02 3.714804918942441532e+02 3.351885785867412437e+02 2.890528697405469529e+02 3.792906388126929187e+02 3.474255632361811763e+02 2.566458188255076038e+02 3.474476240736138379e+02 3.711104080081153143e+02 3.132135053636283715e+02 3.376531747565990145e+02 3.685180506050822373e+02 4.280976663728346807e+02 5.140305921074319713e+02 5.028901458311221404e+02 4.586008723066574362e+02 4.299460185519682796e+02 3.999597639519174663e+02 3.101892131101593577e+02 3.447089584182845101e+02 3.886401428828058329e+02 4.501939612981516916e+02 5.355737029756870697e+02 5.771807013188267774e+02 5.487208214105806974e+02 5.579972058540473654e+02 5.604489973021935612e+02 5.740059828605236589e+02 5.552207473894610530e+02 5.200762227133139959e+02 5.814595270762922610e+02
3.791657233432554790e+02 2.987682883565778411e+02 2.320223047592097885e+02 2.768921460366792076e+02 1.913377456432728820e+02 2.777357809330305827e+02 2.939500414585452859e+02 2.983999099093707059e+02 2.435725615275312350e+02 3.351690852459877874e+02 3.144921334817866523e+02 3.186199769297630837e+02 2.425161094145710194e+02 2.615252587968247440e+02 2.811808047139175528e+02 3.458566018555739561e+02 4.255365976786471265e+02 4.546623262842663280e+02 4.912164894282259411e+02 4.714680997738831820e+02 4.363507134296497156e+02 3.806374166083279533e+02 3.411732041708811494e+02 3.862147894387711062e+02 3.043077983521980059e+02 3.685213007398979244e+02 4.565416519561332507e+02 4.901884307936560958e+02 4.583217297124969605e+02 5.165901758801347796e+02 5.302306758977795198e+02 5.294472774104897326e+02 4.760074398443703672e+02 4.898115642244713399e+02 4.704030864811832089e+02 5.552536041818481181e+02 5.948717505687212679e+02
3.633469345144117710e+02 3.022133691081314169e+02 3.199201611495381030e+02 2.752471939143089799e+02 2.819350007462190320e+02 1.972610774314101718e+02 2.014913228798176590e+02 2.057165058266219830e+02 2.984673660732289022e+02 3.084533214473456155e+02 2.221676731434801866e+02 2.264645608753629631e+02 3.186813498802173967e+02 3.511972997207624871e+02 3.711092013471784981e+02 4.076300632970904871e+02 4.695411728632616928e+02 4.494627373354263682e+02 4.723213790469685591e+02 4.360423352844786677e+02 3.477183834949059928e+02 3.715804795543663204e+02 2.902188380037110278e+02 2.960360607921538190e+02 3.862674184097698458e+02 4.126013172983630852e+02 4.219902012856557576e+02 4.033096930754693972e+02 3.963466569111128592e+02 4.486884967185226287e+02 4.447702746359711341e+02 4.788137755557111745e+02 4.129864991929528628e+02 4.290894035833004523e+02 5.152267685194459546e+02 5.129709202968230102e+02 5.725690282551544215e+02
4.001856412171914030e+02 3.487395756907819191e+02 3.833123561467825198e+02 3.613977500854995810e+02 3.044119952760308934e+02 2.236687464006730295e+02 2.809194871174848345e+02 2.984049033225783205e+02 2.117462668600976485e+02 2.160345129101313262e+02 3.084922050660548507e+02 3.186105980320492677e+02 2.329783169455216978e+02 3.250203131184224503e+02 3.675895085026542120e+02 4.072685955394479151e+02 4.217187582237462493e+02 3.613016192481296684e+02 3.849385648944356717e+02 4.008985898633053466e+02 3.648979415128160895e+02 2.820920889831481304e+02 3.727330591143816036e+02 3.862289510160183568e+02 4.008517996724765453e+02 3.241368539415253736e+02 3.330014160274429855e+02 3.419741928624846423e+02 3.511358642452341883e+02 3.605935872294919591e+02 4.488426116319409402e+02 3.915184841849221584e+02 4.788342189563769580e+02 5.147676498041433888e+02 4.592371372626450921e+02 5.444290504657285510e+02 5.842104833365998502e+02
3.795453336414244063e+02 4.070129054079667981e+02 4.062891100136637306e+02 3.334205786008560040e+02 2.887129474446557538e+02 2.573206023997806255e+02 3.250487257036635356e+02 3.342348534467891454e+02 2.444293725270869118e+02 3.084434167410005330e+02 2.463733031818562722e+02 3.379361431958195681e+02 3.249880072559330983e+02 2.393268081939471017e+02 3.257892367463181245e+02 3.186303680769063931e+02 3.455642341290331387e+02 2.960990016331401193e+02 3.542107382482597586e+02 3.585111122649941535e+02 2.740526503945249601e+02 3.649148856248433503e+02 3.826431403202760180e+02 3.037617072841894128e+02 3.117038062646338403e+02 4.008222142207303023e+02 4.217574086104264097e+02 4.253866522120065383e+02 4.187439812472931067e+02 4.487322000665824362e+02 3.743397032355125589e+02 4.621973272282237417e+02 4.218756961836897972e+02 5.082141929483671561e+02 5.442964005445667226e+02 5.003105071089637477e+02 5.602213234179843084e+02
4.280130820539056913e+02 4.272539267907361022e+02 3.908269326649610775e+02 4.039026828629309307e+02 3.656886901829677754e+02 2.964226227158131906e+02 3.619029795361640254e+02 3.699119824239197669e+02 2.819515969258339396e+02 3.583533192794595266e+02 2.690734427701345339e+02 3.506721336789172483e+02 3.675920233335561988e+02 3.129344845895857361e+02 2.455632674382749769e+02 2.499624172247435752e+02 2.543909807527898010e+02 2.587865106976573202e+02 2.631729224423281153e+02 2.675504311513126936e+02 3.586029126508895502e+02 2.848736255115625227e+02 2.925851476109638156e+02 3.826862620417423386e+02 4.003764690310494530e+02 3.390057886001089287e+02 4.278031007610180723e+02 4.904587465555302401e+02 5.043206528181736985e+02 4.830562890168901617e+02 3.969398876143892494e+02 4.086117307405686461e+02 4.954085778166314071e+02 4.537998022400702780e+02 5.391259727682520406e+02 5.837307646439290920e+02 5.692216864087612294e+02
4.497598549759120488e+02 4.607436152072545497e+02 4.577765520258656693e+02 4.502533482070446098e+02 3.799981007662562433e+02 3.521972309119966553e+02 4.114444812644847502e+02 3.668234704899948042e+02 3.465196633629112739e+02 3.830606263305179482e+02 2.942120103317867574e+02 3.808375075616227150e+02 4.367758640591466701e+02 3.736117985781575044e+02 3.319454623844683852e+02 2.698479348523216572e+02 3.457543101482165184e+02 3.426183714404106126e+02 3.329402636558772883e+02 3.585778047401779531e+02 2.882485119735420085e+02 3.753605271222364195e+02 3.827631277966793846e+02 3.500621653877619792e+02 4.384953500454900563e+02 4.277308195234082859e+02 3.676252375514404775e+02 4.556210476504315352e+02 5.214293951695503893e+02 5.062207614858165812e+02 4.209778440344276191e+02 4.953393205628291867e+02 4.466984793092023551e+02 5.322920247892132011e+02 4.877815565856993203e+02 5.720543559913091940e+02 6.419207520359619821e+02
4.678962684158004208e+02 4.443848381287252209e+02 4.469234113551028713e+02 4.711449031046028608e+02 4.476725901252083872e+02 4.378151130668029509e+02 4.596452589408494305e+02 4.545208804440341055e+02 4.350098089844938727e+02 4.194989653061634840e+02 3.401817774165052697e+02 3.461049479156847610e+02 4.340706519464437747e+02 4.150812938757204051e+02 3.278088640558989368e+02 3.608309010921087747e+02 3.041820850121381454e+02 3.940222821241241604e+02 4.195027727536484008e+02 4.145421579169711777e+02 3.444293149602489734e+02 3.099951307742255153e+02 3.997881445207165712e+02 4.386021051325731150e+02 4.382757409798006165e+02 4.903527006186696440e+02 4.555837927875694504e+02 4.000009059185737783e+02 4.870227599345327008e+02 5.415479839644649473e+02 5.073991973927189747e+02 4.605118912368037059e+02 5.323165916972441210e+02 4.907489094458757108e+02 5.720487538575621329e+02 5.261572151885868607e+02 5.915787302636849745e+02
4.559522418267259809e+02 4.281941175898593315e+02 3.728431072181471109e+02 4.355380933712017395e+02 4.955443223611720782e+02 4.836907022670594074e+02 4.907646679276580812e+02 4.563547788398612397e+02 4.911177489783575538e+02 4.641000060389565647e+02 4.045116875672268861e+02 4.094214632616166796e+02 4.306833853991143428e+02 4.524825378252150472e+02 3.881010899881635510e+02 4.215059373626571073e+02 3.567600080156316835e+02 3.489230367075792287e+02 4.374259007548459408e+02 4.682777064807976899e+02 4.299887779598667521e+02 3.947069820439512000e+02 3.325503066149512961e+02 4.216942099437601428e+02 4.815214998121542749e+02 5.579648710498448736e+02 5.214348720782003284e+02 4.870103901769211916e+02 4.387279511629262174e+02 5.245096934856838971e+02 5.731519058509956039e+02 4.918896941104401321e+02 5.648533886899913341e+02 5.749581054654328227e+02 5.406442958094381765e+02 6.091810778145782024e+02 5.780414137942717616e+02
4.317636414513733598e+02 4.216572298149176277e+02 3.479064889376172118e+02 4.213401505038020787e+02 4.666202044917250760e+02 4.068575498155717014e+02 4.518758192003015211e+02 3.683553634929348277e+02 4.505636903868292507e+02 5.041045407027966689e+02 4.909509754746367207e+02 4.959625940139377462e+02 5.164483365501560002e+02 5.068395053454760841e+02 4.739557298898371300e+02 4.800009721743658133e+02 4.450526768637587338e+02 4.120886978778997900e+02 4.101899635866860194e+02 4.965641576266299353e+02 4.756785397684865302e+02 3.904810978667420613e+02 4.200996608514608397e+02 3.582204380480731061e+02 4.465475663552612673e+02 5.015708737892524027e+02 5.336804440779887955e+02 5.584257151584993153e+02 5.078504363156711747e+02 4.903863330355214316e+02 5.673998545194039025e+02 5.585234810767796034e+02 5.536944514465219527e+02 6.311557216775723873e+02 6.011712513517497882e+02 6.084999167036734207e+02 6.593031658319803228e+02
4.010589491278068976e+02 3.865431955280652119e+02 3.090648926605987867e+02 3.865834433442514069e+02 4.306833809357153768e+02 3.479041614379887051e+02 3.767792864210139783e+02 3.285381246311105770e+02 3.819459735533288267e+02 4.655707829390583470e+02 5.305167286665351867e+02 5.049841409014558167e+02 4.722171822227120401e+02 5.009782096794105541e+02 4.985481474327510227e+02 4.638102050825896185e+02 4.985833134751727584e+02 4.986700336336869555e+02 4.967574248391124456e+02 5.228244323754844345e+02 5.125813299260519216e+02 4.500127310385582859e+02 4.722969664531747753e+02 3.984088632754551327e+02 3.900985138951327258e+02 4.166178144689804981e+02 4.511555109525536409e+02 5.360076277284109665e+02 5.891365062111008228e+02 5.485068691894068706e+02 6.075767091182323156e+02 6.376050288810060920e+02 6.359660127045817717e+02 6.683950530425350962e+02 6.816324633947314169e+02 6.888497795864188902e+02 7.205186698482930296e+02
4.140733562395167837e+02 3.540151509928500673e+02 2.664199992610466552e+02 3.518208887333096868e+02 4.066791496293271848e+02 3.752960135001893036e+02 2.863879854720138383e+02 3.719731865292015414e+02 4.112759992848882575e+02 4.098584129194402408e+02 4.901841913524939969e+02 4.568083596312346231e+02 3.848962440334955772e+02 4.398241388801021685e+02 4.598086442885821725e+02 3.759475050379816139e+02 4.598524554326692737e+02 4.919520581478818144e+02 5.057143151837686332e+02 5.409926774074862124e+02 5.676305030838337871e+02 5.320149551138915740e+02 5.199899061768396678e+02 4.494023480067738205e+02 4.412243546375063943e+02 4.967215600345172675e+02 5.031648717644534372e+02 5.137408429232129947e+02 5.972489858132479412e+02 6.305759501621979553e+02 6.115463087911221010e+02 6.175310402464735944e+02 6.502257476270352754e+02 6.405713944129738593e+02 6.282247245249071739e+02 6.607381388437928535e+02 7.168500380983959985e+02
3.854565870945568236e+02 2.996289211814280407e+02 2.356705542475870629e+02 2.895317070547553158e+02 3.659487016580903855e+02 3.311652153295653420e+02 2.638880036882374611e+02 2.944570653567217278e+02 3.299608430021474419e+02 3.996558486522007456e+02 4.447618807041316700e+02 4.078697154639143037e+02 3.333551457190962992e+02 4.065102826673303298e+02 4.235743486945509630e+02 3.369666820529017741e+02 4.089450712575750799e+02 4.056801776696797788e+02 4.202562951878770150e+02 4.885231306226446009e+02 5.253653242524956113e+02 5.693072404054158824e+02 5.687017920265805060e+02 5.349064201550382904e+02 5.269986200832058785e+02 5.608884917544235122e+02 5.855678128918722223e+02 5.961532376143364900e+02 6.302548137208971184e+02 5.835320919616593756e+02 5.290461062710228362e+02 5.346700416698307663e+02 6.100652352511914387e+02 5.593402782721071844e+02 5.457651899050930524e+02 6.046335019773829345e+02 6.545746150776441254e+02
3.579051651629218895e+02 3.012161110688239773e+02 2.095289273710870077e+02 2.997974478464901722e+02 3.086617755585475606e+02 2.394123389622961611e+02 3.311416327142633804e+02 3.838530006570777573e+02 3.774509417623057175e+02 3.785754266545128530e+02 3.831459766381125291e+02 3.273237596721781415e+02 2.971168922555754079e+02 3.866717399717520038e+02 3.709765157181747099e+02 3.038780827351661742e+02 3.236498571054000877e+02 3.449411464689005697e+02 3.725898339420317598e+02 4.039162943056704762e+02 4.498301848706277042e+02 5.159379106381055635e+02 5.969255014588427457e+02 6.015727638604081449e+02 5.683072952444955490e+02 5.761050160504426003e+02 5.949337649540477742e+02 6.271978445885067686e+02 5.916779796532687214e+02 5.473819794804894627e+02 4.647476633652273676e+02 5.455059401358722653e+02 5.394579994046677029e+02 4.931249345228787320e+02 5.772972018604867799e+02 6.029763770450474567e+02 5.729912098952572705e+02
2.712548133704249835e+02 2.753919022169528716e+02 1.879528168411923446e+02 2.811802506685631329e+02 2.162685185685183171e+02 3.086592418462391834e+02 3.029995443696186612e+02 3.070807713126430372e+02 2.877459194163485563e+02 2.883223792866756412e+02 3.188616062106627851e+02 2.555814791589538686e+02 3.437106728550036792e+02 3.493063511411149875e+02 2.802993413435189041e+02 3.664661244688910529e+02 4.122391358263287202e+02 3.999493485494032257e+02 4.589940516743220655e+02 4.885353439943700664e+02 5.253670424113673789e+02 5.458433762472321860e+02 5.794374099467382848e+02 5.457110128915610403e+02 4.840972345919409463e+02 4.922454707540094319e+02 5.761068488320537426e+02 5.706586093604004191e+02 5.162310138605370184e+02 5.072209240842816484e+02 4.341468160200427064e+02 5.052218076718482962e+02 4.540621606405608190e+02 5.394938148034386813e+02 5.674571709702966018e+02 5.196476964179356628e+02 5.684334328385224353e+02
1.779578084316220554e+02 1.821009630246704489e+02 2.754748999704720518e+02 1.938521813366918707e+02 2.869256622808293287e+02 2.968645118118857340e+02 2.105450130824537212e+02 2.146908358231914349e+02 2.187316867357569947e+02 2.227149455753652489e+02 2.266883782144187762e+02 2.306511703956596762e+02 3.227304768832794934e+02 2.579833456441928661e+02 3.493283769534007206e+02 4.069169138022238599e+02 4.619486063994683036e+02 4.826699557528244213e+02 5.213351017668705936e+02 5.108880503369682060e+02 4.763748309334882265e+02 4.607787991652865571e+02 5.202146877361620909e+02 4.858122066341086907e+02 4.338471336043402857e+02 4.945725295356263587e+02 5.781470044967229569e+02 5.354241837103896842e+02 4.510657965042651654e+02 4.774615523926243554e+02 4.073800072330693638e+02 4.191582439389834462e+02 5.057022332909783700e+02 5.386908844511430061e+02 4.829363282929673460e+02 5.674425825620365913e+02 6.358646458331157874e+02
