output/example/incision_000003.asc
nrows	100
cellsize	10.0
xllcorner	0
ncols	100
yllcorner	0
NODATA_value	-9999
[rows 17 to 33 of 100, columns 37 to 73 of 100]
2.517833288297657237e-11 9.158977149224209383e-12 1.294101815484968952e-11 7.617296285892987336e-12 6.757423002284870573e-12 2.440572293760900004e-11 3.224529760557671413e-11 3.197127862583398332e-11 3.190496140138731335e-11 3.042849874749865705e-11 3.203418525779393698e-11 3.223595891414146044e-11 3.355673070110783529e-11 3.329335178003079850e-11 3.322344999526672770e-11 3.246687622648677408e-11 3.214081493086665840e-11 2.260463280198198329e-11 3.072421480250986787e-11 2.925295627883262228e-11 1.284681941792900774e-11 2.966835494597390650e-11 8.509278705685710278e-12 3.757284473403210706e-12 1.272817400162515481e-11 2.400183714532500157e-11 3.037026876655390928e-11 3.081036227708938522e-11 3.092128142670045767e-11 1.940083142634083701e-11 1.551303427042855184e-11 2.208733219078503290e-11 3.376622832621058836e-11 3.562677990160910835e-11 3.252988871937253127e-11 3.481490328582710405e-11 2.528016820799487741e-11
1.927507576118842504e-11 4.025941727314547779e-12 1.134667731487870400e-11 1.792291740857749969e-11 9.910951042061597030e-12 1.848956514513709401e-11 2.989019960787416346e-11 3.001774881214842958e-11 3.163967845513031659e-11 3.200447286731883687e-11 3.236414782462657757e-11 3.259107689242541538e-11 3.255624862350495864e-11 3.244822371333101134e-11 3.253631114457149453e-11 3.067987233975140988e-11 2.862772601714045350e-11 2.054610413043265592e-11 2.518084001104919182e-11 2.490944757828158348e-11 2.088459953053818566e-11 6.379992953517632252e-12 4.970082370447502392e-14 3.368489939899804849e-14 3.206016188600452739e-11 3.508306041213659992e-11 3.296289816564987205e-11 3.298200262280523833e-11 3.280794181565010399e-11 3.300830488247739185e-11 2.540696871205207725e-11 2.080606463956406822e-11 3.540493529266826294e-11 3.270005135212450331e-11 2.723982001340926067e-11 3.509121916751899987e-11 1.789910249231208945e-11
1.908782748409369490e-12 2.242071464670833729e-11 2.369080142505367546e-12 2.575992192619961168e-11 1.665660460030128939e-11 1.952379206871859070e-11 1.878156352417963617e-11 3.139316296533402820e-11 3.163644011131189208e-11 3.151273083427304205e-11 3.218684559293125921e-11 3.182301451880543252e-11 3.420458244579653576e-11 3.329218390193422559e-11 3.297282169405915716e-11 3.277476203941445455e-11 2.752724219347281008e-11 2.607587162833771191e-11 2.176882597791041999e-11 1.457367892487515827e-11 9.020445689319486078e-13 3.185288304153227528e-11 3.039851733750051424e-12 2.291994751148378930e-11 1.052742559883662700e-11 2.906449271220657165e-11 3.363698091040862533e-11 3.211446509002643312e-11 3.221885497917522184e-11 3.217334438434529876e-11 3.423558242760241482e-11 3.540957097336831425e-11 3.516608642051072119e-11 3.290450096684664423e-11 3.031206563351735841e-11 3.141582228051525200e-11 2.461008289311204335e-11
3.383361932477401999e-14 2.704299297976895247e-11 3.247966112602059669e-11 3.753708960745576713e-11 3.297254665680238296e-11 2.555576803848906925e-11 1.342526761234659237e-11 3.053365057409323070e-11 3.143624070178711215e-11 3.219564273310472239e-11 3.133149391096762293e-11 3.070413125446020296e-11 1.796234836305519648e-11 2.128268855745500650e-11 2.170626921689046599e-11 3.165676379328104117e-11 2.644608981226030417e-11 1.562825429142565482e-11 1.499288225786536592e-11 7.918860666640901309e-12 3.410674958912386501e-12 7.092753975462944289e-14 2.267151643961790334e-11 2.563159990844632740e-11 4.021257633516354334e-12 5.574534978673196203e-12 2.823765921094278222e-11 3.093806448535897032e-11 2.335409660416525674e-11 3.227187684057813960e-11 3.208585969189204691e-11 3.340260630885871446e-11 3.326188513594525241e-11 3.403954335435397107e-11 3.346101248226054918e-11 3.162930887457335011e-11 3.224628791721069254e-11
3.992366903672749238e-11 3.734732162740565425e-11 3.698011608968049890e-11 3.621611583828936234e-11 3.181229950739518590e-11 3.163988949802285508e-11 3.061209406005879109e-11 3.162934463506551219e-11 3.148932025625859019e-11 3.259938713423933285e-11 3.272929675116386497e-11 1.486658594319297691e-11 9.201391463756281636e-12 7.792546207229480378e-12 2.089823142346892697e-11 3.212409912620206944e-11 2.674630025599113648e-11 1.157855902162622243e-11 5.499454847354036760e-13 1.568678094093630180e-11 2.561011872315846251e-11 4.341976795684822234e-11 4.107741921825022642e-11 2.838590344896372083e-11 7.855392053050724581e-12 6.625314896666828637e-12 2.541012159629491757e-11 1.028064151552351212e-11 1.577652104166226430e-11 3.149502976126966013e-11 3.218791387627929877e-11 3.611560970390386200e-11 3.663950973041422295e-11 3.451881675733908675e-11 2.858591878692829858e-11 3.808585265915402297e-11 3.076929082945926699e-11
3.106813976288887263e-11 3.122546831136949055e-11 3.149414665230654824e-11 3.157319786456383621e-11 3.122434556737231090e-11 3.109654381292731075e-11 2.226993525436235749e-11 3.144885960358278371e-11 3.186996206677823227e-11 3.178027523777552550e-11 3.271467855178437446e-11 2.563537070398320549e-11 1.512795297829807460e-11 2.202867537680645497e-11 1.150322016279560360e-11 2.015878197314128335e-11 1.631686526735756828e-12 7.752747447055140691e-13 5.158446965582048189e-14 7.212086265587297531e-14 3.543637370564162351e-11 4.041894241015290976e-11 3.315985606024792543e-11 3.337265165211917950e-11 1.609301161317189121e-11 2.647109948739766898e-11 3.354293634131444682e-11 1.030394532314118750e-11 1.970709985263603097e-11 3.288981279922543339e-11 3.224076128654938406e-11 3.716259513549398363e-11 2.201874277754042749e-11 1.529964250219074126e-11 2.411554981406887492e-11 3.486417725306334285e-11 3.164303935664881159e-11
2.577526983204556195e-11 2.959720694315511104e-11 3.112510255128557941e-11 3.084968517163038166e-11 2.888947264945824275e-11 1.581468173439353292e-11 3.051141732437151371e-11 3.130451044237070210e-11 3.180027954926142871e-11 3.128679423489280490e-11 3.237407462299381181e-11 2.372286130964301036e-11 2.931052087182925949e-11 1.150368450607381102e-11 1.692822574145954276e-11 2.102707731633690369e-12 2.172449319437590479e-11 1.829266649524544687e-11 2.942598751486643498e-11 2.763725375922934578e-11 3.949372539576070840e-11 3.662245731858803952e-11 3.097810652177724372e-11 3.307888273346862105e-11 2.969793880069486795e-11 3.041307200270846006e-12 2.105633901002242014e-11 3.166045874812195615e-11 3.134767492124684394e-11 3.264913807907262300e-11 2.845160096875782066e-11 3.449214833055903544e-11 1.393758848328636147e-11 1.556949143060623008e-11 1.540627131837854229e-11 3.494817491769762221e-11 3.222675113362492099e-11
8.024633099482334459e-12 1.043054370609154404e-11 1.637440663046201330e-11 1.812228980249349860e-11 1.624550074781013730e-11 6.238924682725246242e-12 2.619272391809444758e-11 3.146028453888647134e-11 3.300438821467823824e-11 3.255675867562616194e-11 3.247571871744530469e-11 3.183699491252709829e-11 3.175854279956701709e-11 2.703276886474102724e-11 2.213343120860011243e-12 7.644648567583657542e-14 1.279239418317250827e-12 2.994108880105145371e-11 3.254554369480769964e-11 3.763097835185526385e-11 3.638732640861014657e-11 3.294645066046509935e-11 3.316011483280150479e-11 3.286456614003831334e-11 3.264570569662497808e-11 3.151816590355888243e-11 3.258295311449860932e-11 3.260244511468722053e-11 3.352592926373590950e-11 3.378898016841976266e-11 2.757058905119433633e-11 2.782536524765474979e-11 2.082738007139158745e-11 1.440217531349115953e-11 8.969282008075983909e-12 3.384215591143712595e-11 3.188352350965334541e-11
2.583975178706657014e-12 8.855600923931245570e-12 1.307579756603318919e-11 2.645803337422750502e-11 1.749922354347189733e-11 2.104988125290940291e-11 3.085066601017466925e-11 3.153856364859155512e-11 3.259783082158457763e-11 3.189388015151559349e-11 1.852859012965499362e-11 3.149538329056556095e-11 3.132214894063255072e-11 3.252662525934808280e-11 4.794080540675891312e-12 5.703505161542374290e-12 9.720407932876617954e-13 1.797542052345869843e-11 3.186472688411438277e-11 3.261303263067840056e-11 3.118803705071323686e-11 3.121789695405021146e-11 2.030846555254042681e-11 2.051654977691205720e-11 3.286453173091299206e-11 3.230457179828026260e-11 3.226341207484794713e-11 3.376352331228858528e-11 3.401473572029363966e-11 3.432216754116501631e-11 3.395661760936205338e-11 2.638996817113677315e-11 3.101026477026457831e-11 2.306960461088691703e-11 7.371370974736520437e-12 3.206154580549333637e-11 3.180110820351293525e-11
2.615143051025512357e-11 1.245299249934720916e-11 6.613286574208489156e-13 2.034024595978362650e-11 2.846923450230955979e-11 3.006122306456056059e-11 3.140114133990495613e-11 3.174318238237709822e-11 3.283134484321884817e-11 1.703903715677754801e-11 1.520379242556159825e-11 1.989835336465650777e-11 3.148342981487175094e-11 3.277522002865570995e-11 2.772329073848157816e-11 6.068162092539011281e-12 2.565823733557506591e-11 7.753541439276422186e-12 8.038612099964039267e-12 9.157355374450705044e-12 5.842330809112662546e-12 1.435377416009737446e-11 2.599513328158786996e-11 1.527325833066736550e-11 3.334189781993425938e-11 3.259472659874887201e-11 3.343138376565818671e-11 3.372926076540403932e-11 3.142762936748888408e-11 3.211482581369217203e-11 2.234460180128656409e-11 2.950118765506867894e-11 3.055291996264714668e-11 1.313298187931207387e-11 7.312422674064318560e-12 2.422265117052534816e-11 3.696302743586245785e-11
3.102199713594388551e-11 2.862006018848887022e-11 2.823673915080292158e-11 2.169627979419799484e-11 3.068291672592730866e-11 3.118337342980929977e-11 3.193467614974597759e-11 3.088957848128266219e-11 3.119226636335081367e-11 3.124253013557132242e-11 1.151238917259196204e-11 1.729034826583364726e-11 1.664330409603611932e-11 3.080413671913217034e-11 1.702161612500939758e-11 6.060149386940671447e-12 4.948002728957916532e-12 1.978920449717496738e-14 6.353677279219718195e-12 1.942190357592182202e-11 8.910840976423865189e-12 4.998782359865246362e-12 3.424848857341061970e-11 3.171286522154174044e-11 3.303717782159031461e-11 2.586186511564905756e-11 3.365331957513977008e-11 3.397854966372886188e-11 1.786957730156007590e-11 1.893999678661338985e-11 2.492121406518952497e-11 3.995999060159546136e-11 1.838602547894247000e-11 5.581954403085450505e-12 1.279400504407805597e-11 3.181014708272207963e-11 3.528649695844748891e-11
3.145249491984538223e-11 3.116377798850984936e-11 3.108968878100395303e-11 3.110837619636243711e-11 3.006136995271815583e-11 3.162948483717434146e-11 3.119308005362909038e-11 3.142311426914705924e-11 3.124661640646793235e-11 3.024983165365291067e-11 2.954178770062802089e-11 1.461152387684243186e-11 2.204660742953645198e-11 2.054374431727636576e-11 3.139843825013009783e-12 4.728772946068277001e-13 9.264611237810858704e-12 2.902739975288458755e-11 2.200804742661632045e-11 2.577417660960223163e-11 2.660670457834785594e-11 4.025121315333950979e-11 3.283602047467132893e-11 3.066648324155687688e-11 2.088071825962102102e-11 2.696606732943556105e-11 3.504740749785884033e-11 3.534111795901132982e-11 4.549415776134749023e-12 1.220655598856087221e-11 1.366575150455683910e-11 3.755399199401908305e-12 1.716623152725819229e-11 2.286765207273864026e-11 1.400032995076971090e-11 1.324122976074062357e-11 3.576001443866573997e-11
2.895644252364831256e-11 2.856547288514324036e-11 2.858376247546010103e-11 3.277325648664320086e-11 3.095933031683037905e-11 2.954805739543922390e-11 3.046827823688590977e-11 3.102639772707741468e-11 3.118932731373907618e-11 3.134619301395530581e-11 1.907985393608432277e-11 2.636357480940901353e-11 1.049079889394518318e-11 2.379983389345354481e-13 5.699452983943977983e-14 9.040847726982025816e-13 3.001829573760086332e-11 3.037324141672621675e-11 2.966610061489596270e-11 3.359238833498739674e-11 3.096457000430093569e-11 3.670816113368534394e-11 3.397362184066857091e-11 1.983559096450883402e-11 2.204755314601531135e-11 2.768222569937780550e-11 2.771230695366175988e-11 3.369709016355511799e-11 2.650244066174581675e-11 3.035363545963274492e-11 9.589856947283798120e-12 1.194054467043428149e-12 8.701251183708846152e-14 1.685957601182803092e-12 2.605210796777962302e-12 2.709397836698612913e-11 3.395442219441129302e-11
2.838259718519514063e-11 2.740926719902786810e-11 2.636303098549974517e-11 3.702809284590473504e-11 3.731819579998525843e-11 2.504736336594462840e-11 2.045877987195840895e-11 3.008586701231286292e-11 3.426625424785665483e-11 3.360458599340908628e-11 2.944860094888153639e-11 1.356820495129802966e-11 4.387297789512067596e-12 1.320810759630199070e-11 1.861490529934358574e-11 3.780595591683661983e-11 3.164401675494461473e-11 3.168120709818059323e-11 2.799695974037652718e-11 3.065988219323997355e-11 3.058300526496484177e-11 2.731171050449441077e-11 2.691913344463264614e-11 2.855060501590278436e-11 2.264469993540574489e-11 2.880271145206023851e-11 2.945518279007425806e-11 3.168404919034839080e-11 3.383890079093158178e-11 1.619150873318501882e-11 1.244337586893700944e-13 8.898645672235054069e-12 8.711865878516486913e-13 1.741904748640981830e-12 1.210800135279561710e-13 3.518090165022114380e-13 1.970490393927299503e-11
3.200681924177435958e-11 2.603040709235051672e-11 1.725059101605389596e-11 2.376458007240750827e-11 9.133516382360614951e-12 1.150656634789498470e-11 1.911663346065695666e-11 3.134491312734049155e-11 3.425969791305917523e-11 3.240847702464193091e-11 7.277204509351026311e-12 1.798435043321029633e-12 2.479381350456818909e-11 1.403750591196288038e-11 3.093235118341875451e-11 3.569429698476517546e-11 3.445967509484549473e-11 2.763867054650790934e-11 2.673112299590845431e-11 2.901510505880689860e-11 2.978814315794467289e-11 2.534659641125209082e-11 2.468842968694750582e-11 3.502387375255077381e-11 1.554683881724925359e-11 1.514453357092344345e-11 2.501420964928983121e-11 3.640342832979818307e-11 2.072006595045572953e-11 4.401804882143440966e-13 8.804499701786177913e-14 1.066476479378651109e-11 2.510526933919130096e-11 1.334062469958483091e-11 1.295589962792613641e-12 8.520501977180282117e-14 7.787165753266686689e-12
1.116977017842914273e-11 1.910544189514823806e-11 2.776606476132887144e-11 1.183366972326819303e-11 1.747950237804608791e-11 9.812622050270102962e-12 3.083584307883076930e-11 3.298914202029623632e-11 3.284002414278082889e-11 3.434830264928217250e-11 1.302733680477830885e-11 8.383879987912495831e-15 1.275150923321883639e-13 3.813726545913674030e-13 3.180145278447608290e-11 3.603005887450448631e-11 2.492446770530330715e-11 2.411839216430199865e-11 1.380983411304132941e-11 1.253162724194211378e-11 2.791174986484235134e-11 1.778084526672654578e-11 2.432951412072947789e-11 1.967581667976096379e-11 3.203922957421179901e-11 1.838904087849412750e-11 1.100809360988796099e-11 7.315494772022309629e-12 1.253583317163471314e-13 9.937989236353341585e-12 7.592655889528243763e-12 2.735288979203880875e-11 2.792003440940705926e-11 2.249133320168966047e-11 1.418676634031408424e-11 8.895028972807502986e-12 4.316808905192007840e-11
1.984065096000937536e-11 1.641406718660116703e-11 8.580198432551843985e-12 1.649784930970767578e-11 1.231565347833649108e-11 3.186372417378545556e-11 3.035233828667598121e-11 2.937064782979309101e-11 3.214690520963622484e-11 3.251403855039197964e-11 3.050888922569118132e-11 1.836146534612698150e-11 9.355473237563856254e-12 1.057302938375864137e-12 1.687090998678609108e-11 3.680073772003085147e-11 2.295269146525690700e-11 2.810424259036246224e-11 1.071069843314466698e-11 1.997410392365792503e-11 2.719095797244916233e-11 2.233692940097573898e-11 1.424350828624899472e-11 1.865503524942723087e-11 2.323560584781737108e-11 2.767659749333877794e-11 5.438132662590500642e-12 2.068314685176820415e-12 6.459018204046478546e-12 8.028063298615243423e-12 2.327829974721091028e-11 2.865225929480691622e-11 2.838551722236350196e-11 1.977901032077189047e-11 3.366338529121894397e-11 3.052246431819182055e-11 1.096781212041176637e-11
