output/example/incision_000001.asc
nrows	100
cellsize	10.0
xllcorner	0
ncols	100
yllcorner	0
NODATA_value	-9999
[rows 34 to 50 of 100, columns 37 to 73 of 100]
3.168649130533182181e-11 3.168471330454937471e-11 3.168808678202183998e-11 3.168459036631381376e-11 3.168668433620779376e-11 3.168350725683041260e-11 3.168367244152221887e-11 3.168307464699634248e-11 3.168208016691953466e-11 3.167285940015658438e-11 3.167686975452958768e-11 3.167886775476438727e-11 3.168617976375407736e-11 3.167828255668140888e-11 3.168382574007274766e-11 3.168683696878777321e-11 3.168410128508120292e-11 3.168316051005411494e-11 3.168646689991688310e-11 3.168646690035749895e-11 3.168891883943333352e-11 3.168696231006671397e-11 3.168713882181847712e-11 3.168833137850389802e-11 3.168788193755441780e-11 3.168907316533835738e-11 3.169012843211277250e-11 3.169037046521998257e-11 3.169059130154653504e-11 3.169066421853089892e-11 3.169131183095153183e-11 3.169441275612953640e-11 3.169542200009681063e-11 3.169179662475896247e-11 3.169474524219452352e-11 3.169521433961878263e-11 3.169348464692902355e-11
3.168483239799628924e-11 3.168808733004124195e-11 3.168471330756851286e-11 3.168808570507241295e-11 3.168446335425013839e-11 3.168565199385704005e-11 3.168315832504991590e-11 3.168368033562044163e-11 3.168188490254774204e-11 3.167798071173071506e-11 3.167984017306586083e-11 3.168108219580910094e-11 3.168696451537104323e-11 3.168279761841001615e-11 3.168307926622409385e-11 3.168710942028727775e-11 3.168350600078739383e-11 3.168235657860183030e-11 3.168595959132230971e-11 3.168678705630514629e-11 3.168763208965570169e-11 3.168678705826865335e-11 3.168602983342400810e-11 3.168904476873367830e-11 3.168814626161890553e-11 3.168958151916998503e-11 3.169039712278220428e-11 3.169058983791527787e-11 3.168844407653618118e-11 3.168969563527170636e-11 3.169230149947807794e-11 3.169591212708138272e-11 3.169525095595218289e-11 3.169481326707021024e-11 3.169479039643555143e-11 3.169685938968940123e-11 3.169301006448244629e-11
3.168808759696925907e-11 3.168544514781106531e-11 3.168399256108035576e-11 3.168446335534129302e-11 3.168808367499182727e-11 3.168608646523257330e-11 3.168393347497987369e-11 3.168303092575776033e-11 3.168284136256121046e-11 3.168072878602678179e-11 3.167856833506924438e-11 3.168229936475309423e-11 3.168296924808921341e-11 3.168759936793591356e-11 3.168743274545317112e-11 3.168307926619344940e-11 3.168414448215801035e-11 3.168327263186260586e-11 3.168230527081764015e-11 3.168725470395078686e-11 3.168570294528567662e-11 3.168634237240072894e-11 3.168730059467672606e-11 3.168861352109468911e-11 3.169009699350457749e-11 3.168866746077376319e-11 3.169236855499621751e-11 3.169087413022385459e-11 3.168713102071209269e-11 3.169150523145274044e-11 3.169134598201162389e-11 3.169511771358173075e-11 3.169590865402683762e-11 3.169719794048528786e-11 3.169824422154496479e-11 3.169471370594234887e-11 3.169685938893463123e-11
3.168556129874894353e-11 3.168411305735448396e-11 3.168278126399773969e-11 3.168423691952856511e-11 3.168808155319721634e-11 3.168423692091508784e-11 3.168316649958606374e-11 3.168355368675995360e-11 3.167541346689484837e-11 3.168246846985731305e-11 3.168192119598980078e-11 3.168342892430290830e-11 3.168775362179698928e-11 3.168296924781874474e-11 3.168307926765691931e-11 3.168332047263442401e-11 3.168298929707984330e-11 3.168331472428929729e-11 3.168242871643694835e-11 3.168764246063013387e-11 3.168647930082468221e-11 3.168729775019733590e-11 3.168765750060988179e-11 3.168644172756707367e-11 3.168998185821163852e-11 3.168790191711502906e-11 3.169113528532529442e-11 3.169213584165074215e-11 3.168690544198571011e-11 3.169213588864703450e-11 3.169332063632248302e-11 3.169191383507206597e-11 3.169184462499454278e-11 3.169693885191729458e-11 3.169900273598258977e-11 3.169867424966931507e-11 3.169664997061507703e-11
3.168423145508682373e-11 3.168290106436714499e-11 3.168272611761765540e-11 3.168472559796957686e-11 3.168807847032647391e-11 3.168413996575841863e-11 3.168327621563174105e-11 3.168241567055224353e-11 3.168131115838543672e-11 3.168306226722382875e-11 3.168257438427726160e-11 3.168325907149792642e-11 3.168783238287296537e-11 3.168309004847608055e-11 3.168196858578922424e-11 3.168200600310598114e-11 3.168127251036447795e-11 3.168242871969560053e-11 3.168242818505530859e-11 3.168664124917104940e-11 3.168830834077372778e-11 3.168764311024022683e-11 3.168644136405771318e-11 3.168555033457918307e-11 3.168686568499482676e-11 3.169124222786664434e-11 3.169396225712129531e-11 3.169160373641338328e-11 3.169213590561023412e-11 3.168870266909955670e-11 3.169067174542247711e-11 3.169332067669269031e-11 3.169163771920394903e-11 3.169474035378613542e-11 3.169849763363392274e-11 3.169942289745894387e-11 3.169789632003228036e-11
3.164431380375166703e-11 3.164246503895399140e-11 3.168259702565622870e-11 3.168448673094652242e-11 3.168413996275400817e-11 3.168807099156690705e-11 3.168399893291031657e-11 3.168430239499490740e-11 3.168364343739756940e-11 3.168492636320483613e-11 3.168342556573933651e-11 3.168792034581186091e-11 3.168325907316079209e-11 3.168421764848390469e-11 3.168281914607891309e-11 3.168257302746576290e-11 3.168221017255681973e-11 3.168048382737147321e-11 3.168073491845570653e-11 3.168574177476137542e-11 3.168697833387016365e-11 3.168574985623015300e-11 3.168422456904963172e-11 3.167673771277774455e-11 3.167887168024441198e-11 3.169268573921332924e-11 3.169300965938206333e-11 3.169396250749457847e-11 3.169299259397586789e-11 3.169231935127955029e-11 3.169332064274044168e-11 3.169336129646099268e-11 3.169330882279068026e-11 3.169088617092963918e-11 3.169317539317375685e-11 3.169421084226747221e-11 3.169281050441685328e-11
3.168625044074060613e-11 3.164431380081763801e-11 3.162917780938008787e-11 3.168259702658099077e-11 3.168399893007693216e-11 3.168399893098866614e-11 3.168805867202584689e-11 3.168804676535752028e-11 3.168803072076532221e-11 3.168800939165954803e-11 3.168798134777807213e-11 3.168342556486843811e-11 3.168257480982434085e-11 3.168225180906088640e-11 3.168196858789692567e-11 3.168130913063260190e-11 3.168072508992337226e-11 3.167969952259083095e-11 3.168052997639037479e-11 3.168155974556903056e-11 3.168052972314695584e-11 3.167928811147419722e-11 3.167993307555206718e-11 3.167879884883315554e-11 3.168144128559927253e-11 3.167879774485567955e-11 3.169919200213730858e-11 3.169201786548906286e-11 3.169235741148643010e-11 3.169490899696564234e-11 3.169235742700778929e-11 3.169330882215667864e-11 3.169536769198696162e-11 3.169419156394169661e-11 3.168900938344350763e-11 3.164961654277777159e-11 3.165792109230089599e-11
3.164431379979299387e-11 3.168238962243674788e-11 3.163053148508811599e-11 3.161412734950917251e-11 3.168225379315450165e-11 3.168314352386053150e-11 3.168518203673606040e-11 3.168374967974724889e-11 3.168364343919675832e-11 3.168458429593379411e-11 3.168342556517844343e-11 3.168733007115446973e-11 3.168296940030251133e-11 3.168259819635481668e-11 3.168154441802649550e-11 3.168174468788669900e-11 3.168186716551734057e-11 3.168102100088027084e-11 3.168138511981075168e-11 3.168294798953065577e-11 3.168225387240361298e-11 3.168038275945259063e-11 3.168228612635005053e-11 3.168119575841651863e-11 3.168304363395275908e-11 3.167880049205695592e-11 3.167858771326488450e-11 3.167857613223336355e-11 3.169111273802705846e-11 3.169486574176406173e-11 3.169111280040732047e-11 3.169188955616220750e-11 3.169632351159509308e-11 3.169188975040158612e-11 3.168851765132223348e-11 3.165429515357323421e-11 3.167313376309969111e-11
3.163627717623984090e-11 3.163053148717969387e-11 3.167426567901901859e-11 3.161492295858267219e-11 3.160918121243346195e-11 3.168220102108727478e-11 3.168277973637637841e-11 3.168277973602224171e-11 3.168248659082444240e-11 3.168248659067434789e-11 3.168335502635997012e-11 3.168296940326802491e-11 3.168607750427318596e-11 3.168259819962556637e-11 3.168226967744789873e-11 3.168245078878241007e-11 3.168256235317962573e-11 3.168230199507736250e-11 3.168231228143632974e-11 3.168261166215146514e-11 3.168225386815622148e-11 3.168199980798421707e-11 3.168313936426326783e-11 3.168322083898425207e-11 3.168119576365038763e-11 3.168212730935442811e-11 3.168109903561381073e-11 3.167880627431122095e-11 3.168911510602481420e-11 3.169106497120486396e-11 3.168804875922722775e-11 3.169348091387792467e-11 3.169188982825863004e-11 3.169626177663979742e-11 3.169011520431152822e-11 3.164961411933797904e-11 3.165786775505337137e-11
3.166834226798851909e-11 3.159278916946558923e-11 3.166201734004469403e-11 3.165050019676512261e-11 3.160768579524910410e-11 3.160574703950617371e-11 3.160834777977214212e-11 3.168161282631891723e-11 3.168127984276633260e-11 3.168203837539955292e-11 3.168203838450241706e-11 3.168257877764498169e-11 3.168259817743138642e-11 3.168452000778302556e-11 3.168340860439085301e-11 3.168255003518631096e-11 3.168202926817361126e-11 3.168198310484971312e-11 3.168221099196784758e-11 3.168231228140750766e-11 3.168288418226579535e-11 3.168299940500592284e-11 3.168199981012454044e-11 3.168119575783043531e-11 3.167984306718218820e-11 3.167940241677286878e-11 3.167880292029503580e-11 3.167926779179792718e-11 3.167827444319980455e-11 3.168694161549545284e-11 3.168673799450283553e-11 3.168804877582812872e-11 3.169297721025258918e-11 3.169011520061101943e-11 3.169371398480365913e-11 3.168763117244475126e-11 3.165429476661627604e-11
3.114958232406681180e-11 3.156946976739549179e-11 3.164485709794143429e-11 3.160768579318729180e-11 3.162045772423042622e-11 3.159976554915426095e-11 3.160574704019893747e-11 3.161217447615626637e-11 3.161795804226022488e-11 3.168074573900095340e-11 3.167893830099070887e-11 3.168197963469230350e-11 3.168259866329445968e-11 3.168264586493194265e-11 3.168226967792058721e-11 3.168224404190301537e-11 3.168210135193989408e-11 3.168227929554470322e-11 3.168231224941844943e-11 3.168256615570186317e-11 3.168212292006561963e-11 3.168199980925198768e-11 3.168313599622001881e-11 3.168320275836400093e-11 3.168105487863172656e-11 3.167913612596353499e-11 3.167798739827874914e-11 3.167827520388436933e-11 3.167810900495562737e-11 3.167868719680072933e-11 3.168509598460020615e-11 3.168814674472554803e-11 3.168872117565172641e-11 3.168606180965459101e-11 3.169102303888538428e-11 3.168606181058273289e-11 3.164316523383187286e-11
3.153383450543429240e-11 3.161271685192304389e-11 3.156946976564731019e-11 3.156946976485554325e-11 3.160066189973164154e-11 3.160574704315155867e-11 3.158295862414644671e-11 3.160160035068022112e-11 3.162082211936795195e-11 3.161899341510123251e-11 3.168094794763127810e-11 3.168221172709558812e-11 3.168219906778181307e-11 3.168242691062932516e-11 3.168219906864242988e-11 3.168225493928207081e-11 3.168237686353051109e-11 3.168251300828051473e-11 3.168218457391323253e-11 3.168118278057129013e-11 3.168014832793173641e-11 3.168113857728865652e-11 3.168321853391419258e-11 3.168113857799123659e-11 3.168265681823519943e-11 3.168183528065445918e-11 3.167960132724113843e-11 3.167801797770253921e-11 3.167868724197603526e-11 3.167833058388871879e-11 3.168400941500526479e-11 3.168509598486293939e-11 3.168559082021651727e-11 3.168507507652502753e-11 3.168766587742555857e-11 3.168507546176890111e-11 3.151127055047754292e-11
3.150732867060424554e-11 3.158701585796810045e-11 3.150732866835102494e-11 3.156858508341213488e-11 3.161545129337239396e-11 3.161584772533072637e-11 3.158047904842926743e-11 3.161584799592971288e-11 3.162410544855734494e-11 3.162324403542240217e-11 3.161925297150272792e-11 3.168094794723196312e-11 3.168194767073476090e-11 3.168274874660731807e-11 3.168194767707253474e-11 3.168212635472914215e-11 3.168274313071353697e-11 3.168218457582605538e-11 3.168289729279349536e-11 3.168186653198613945e-11 3.168036206806085021e-11 3.167994729909019118e-11 3.168113866802850856e-11 3.168278069890772095e-11 3.168007917917576159e-11 3.167913489837322870e-11 3.167975061968219937e-11 3.167833650262498022e-11 3.167747010969490976e-11 3.171437368141588909e-11 3.170871575462029141e-11 3.168503561636958721e-11 3.168442004075138852e-11 3.168381243752571194e-11 3.168498846729797168e-11 3.168381269323785142e-11 3.149940080072659185e-11
3.154407545001319008e-11 3.150732866875327383e-11 3.150937887739640740e-11 3.150550027904360533e-11 3.151245975262997174e-11 3.161561223770890562e-11 3.161584799688800809e-11 3.159361780857241395e-11 3.161273707311864755e-11 3.162689647641430846e-11 3.162324406399422219e-11 3.161541476649835723e-11 3.168132863561157805e-11 3.168285624949814696e-11 3.168132906400192910e-11 3.168188561894995528e-11 3.168298893926966030e-11 3.168188561797925883e-11 3.168186653257301117e-11 3.168301218467843197e-11 3.168129379060717469e-11 3.167950911578594557e-11 3.167885054132212370e-11 3.168007917551566833e-11 3.168139876233300643e-11 3.167931604159732334e-11 3.167808263972033953e-11 3.167658466698723811e-11 3.171972452180781617e-11 3.174840449582622765e-11 3.174511675311379912e-11 3.191847481544945561e-11 3.191848332830604121e-11 3.192465348454206804e-11 3.168421432314355753e-11 3.224566343634332010e-11 3.308947143155497336e-11
3.150304607542408769e-11 3.146195576229442436e-11 3.150550028117843571e-11 3.149765000654007927e-11 3.151622394731790345e-11 3.162376352302488996e-11 3.161635432770148580e-11 3.162162510955031153e-11 3.162410545318189849e-11 3.162324403471554402e-11 3.162911998932772950e-11 3.161945005252826519e-11 3.168081997391036391e-11 3.168208694841640009e-11 3.168071096017117998e-11 3.168274566735820501e-11 3.168248234820002981e-11 3.168296995094545878e-11 3.168100862435002722e-11 3.168129378941951781e-11 3.168270426329224589e-11 3.168102582149759528e-11 3.167901661485280510e-11 3.167756412749960020e-11 3.167972867432826472e-11 3.167767207789422282e-11 3.167602895866574209e-11 3.171045558773167484e-11 3.173843080483104230e-11 3.175814917808705487e-11 3.173843081478545011e-11 3.180245562952987456e-11 3.180245564041838901e-11 3.191848347910660511e-11 3.214635571202478909e-11 3.200487315221638817e-11 3.213541893701423879e-11
3.146134932081556131e-11 3.147124394857755122e-11 3.150429345599814150e-11 3.151638318978233961e-11 3.151246083075327792e-11 3.162010737046600774e-11 3.162598192286154223e-11 3.162812649120034849e-11 3.162416363637520532e-11 3.161541519528042999e-11 3.161945005074055986e-11 3.162331114715755209e-11 3.161556594820250830e-11 3.168048006641971444e-11 3.167975899522486458e-11 3.168163037680908519e-11 3.168044527227026528e-11 3.168255920301558204e-11 3.168016061111649613e-11 3.167951134316822945e-11 3.168172123654640892e-11 3.168102582011414863e-11 3.167901499418132803e-11 3.167661690834981577e-11 3.167807957211475001e-11 3.167661875922234860e-11 3.167901124276209557e-11 3.173018272240601771e-11 3.175332922469041990e-11 3.175790530235971167e-11 3.176965423487269188e-11 3.176077073500785810e-11 3.183643666574999676e-11 3.197421791506868686e-11 3.207536690921508111e-11 3.188200090108821968e-11 3.160652343876634049e-11
3.147124408993469813e-11 3.142655585823401649e-11 3.149568496173947627e-11 3.152504905019157946e-11 3.150852803907841582e-11 3.161423284466948043e-11 3.161926893479091707e-11 3.162885995218865625e-11 3.161926893483910034e-11 3.161122785800037210e-11 3.161099323859434686e-11 3.161966678792698036e-11 3.161097604496186343e-11 3.167912170667423056e-11 3.167846775928206823e-11 3.167945501141838455e-11 3.167928848813356456e-11 3.168072741512575417e-11 3.168049324396553598e-11 3.167849371192863628e-11 3.168008828848999826e-11 3.167901499896218640e-11 3.167800124441139535e-11 3.167716608530945628e-11 3.169629547431820846e-11 3.171076824665749440e-11 3.171076402034443079e-11 3.170079352237107409e-11 3.174908042033551086e-11 3.175162915616265591e-11 3.174999370970881900e-11 3.176965030475100132e-11 3.184238537735477131e-11 3.189552659223843220e-11 3.189552482039419872e-11 3.182664783839135725e-11 3.195645675206300488e-11
