output/example/lateral_incision_000434.asc
nrows	75
cellsize	13.33333333
xllcorner	0
ncols	75
yllcorner	0
NODATA_value	-9999
[rows 34 to 50 of 75, columns 0 to 36 of 75]
0.000000000000000000e+00 1.043160900905215158e+03 6.518279089776181081e+02 9.125277227429858584e+00 2.299764813823729241e+02 8.858934544193336933e+02 1.040781952078861423e+03 4.330986910804853665e+02 1.547989522322260427e+03 4.162305990703654288e+02 5.819645324227958554e+02 6.131719718406228594e+02 3.725844507942159680e+02 6.286744381521231873e+01 6.503373213844262182e+02 3.508869378583104890e+02 4.004220381753072502e+02 7.642816265168028167e+01 1.355486955776077821e+03 2.648125021586965389e+01 7.713109489585684742e+02 1.216752607857258681e+03 1.219928889955150225e+03 7.015870767938952213e+02 1.431343702261084445e+02 2.439146781025665689e+02 6.336266509343654434e+02 1.514751888838945320e+02 1.310047970727104882e+00 0.000000000000000000e+00 2.810769929076958533e+02 1.362023644591853099e+03 6.282801278907107490e-01 7.870321421864919103e+02 5.177711030045207963e+02 1.583234207074728204e+02 3.678592671002308521e+02
0.000000000000000000e+00 1.136999617308703591e+03 1.809850882694800589e+01 1.752089419755362087e+03 0.000000000000000000e+00 2.090673160273557318e-01 2.511458676293617298e+00 4.419092780087899852e-01 2.556014600074519194e+01 2.760867193407974014e+02 5.566471414277056056e+02 1.589302026851272558e+03 4.889437952299502399e-01 1.565480334090100769e+03 1.213671165542723202e+03 4.116175517826804935e+02 4.575534978930461421e+02 5.583722619848189197e+02 0.000000000000000000e+00 3.914371090460231351e+00 1.612821230616188132e+03 1.489202056539633077e+02 1.055418236073413709e+03 1.479196662272441017e+03 4.177816161218920143e+01 1.049992576453356151e+03 7.794142263545758169e+02 5.713608368998931297e+01 1.211674198819769344e+03 1.718369244151226098e+02 1.967502149396679840e+02 6.304499355301994683e+02 2.589485042375440571e+02 4.407538963717313436e+02 1.797643081129094185e+02 4.999160143188383358e+02 2.262576732355597358e+02
0.000000000000000000e+00 0.000000000000000000e+00 1.391298833837595794e+03 2.839203998777630886e+02 0.000000000000000000e+00 2.602373143361037933e+02 1.196754110698703926e+03 4.758597141089232991e+02 1.624397047616071177e+03 1.185921725016735166e+02 7.488465506638298166e+02 1.160378068876416702e+00 3.809301865167525989e+02 5.806527892285099597e+02 1.589927159839687079e+02 1.687677455260785830e+00 1.132348121387079345e+03 0.000000000000000000e+00 8.589041326328198238e+02 5.013244040640303183e+02 4.654414777387327717e+01 0.000000000000000000e+00 0.000000000000000000e+00 1.005696740606339631e+03 3.413995123877609785e+02 2.105500566613762459e+01 1.166736595537347966e+03 1.448111009756970873e+02 2.214868329734897556e-01 6.346882413398990366e+02 1.326767778303383011e+03 4.425658674494595823e-01 3.241209889073061845e+01 1.618805667179331067e+02 3.257555020037739002e+00 4.434550863959286744e+02 1.035369552155167696e+02
0.000000000000000000e+00 2.382167730404391648e+02 1.625241334624348838e+03 7.312608079798163772e+02 5.384122206526133141e+02 9.820635689603559513e+02 4.783638334344360032e+02 5.481874961628343499e+02 1.737594597762179660e+01 3.084207263559185321e+02 5.352539136755918889e+02 9.533736443382487380e+01 1.759107032154436865e+03 3.118632849518782564e+02 1.122416505190502221e+03 4.270156672299253131e+01 2.141393992893941061e+02 8.884930129635149569e+02 6.411654474154513537e+02 8.441663728028704128e+00 0.000000000000000000e+00 7.198376419812296945e+01 4.964773291326829963e+02 8.838910874667462849e+02 2.191755107239874178e+03 1.541433986566570184e+03 0.000000000000000000e+00 9.033001009755713540e+01 7.242738561851693930e+02 1.556515032749544844e+03 2.355443311243289486e+02 4.611015037130231917e+02 4.336365389366662271e+01 0.000000000000000000e+00 2.779491692149851811e+00 5.185000803966261884e+01 1.735412350735056464e+02
0.000000000000000000e+00 0.000000000000000000e+00 0.000000000000000000e+00 4.697256960646195978e+01 1.095113022106582775e+03 1.921008092045662086e-01 7.274802526594850542e-03 8.929985694653419515e+00 1.297339693737108846e+01 1.783397951497534706e+01 3.663785201537972114e+01 2.053353506900518255e+01 1.219554349129130969e+03 0.000000000000000000e+00 4.831043972483846716e+01 9.599165783179282698e+02 1.364481277185099088e+02 4.822516281797621787e+02 0.000000000000000000e+00 0.000000000000000000e+00 0.000000000000000000e+00 1.372070679131511497e+03 1.675458541758844788e+00 4.853066651549561357e+02 1.833056680944747768e+03 5.834370413375395401e+02 1.355706829588742153e+02 0.000000000000000000e+00 1.910248947193834468e+01 1.004488047103794543e+03 1.127438608149552550e+02 6.060328356090979014e+02 5.247823942266688846e+02 3.010935576035489589e+02 1.011834154847546046e+02 1.187548470473430370e+03 9.555785315183484272e+02
0.000000000000000000e+00 5.225540560799588548e+02 1.905026112756943121e+03 3.469893264323306994e+02 5.040125193712314058e+02 4.392384169077076308e+02 8.954684056020294065e+02 1.075855373180144397e+03 2.677795436723971737e-06 1.351345347417227671e+01 7.542442028419371809e+02 1.206863446934983358e+03 1.058185406092193830e+02 2.601108917354926575e+02 3.539120142073038551e+02 8.079974487967153607e+01 4.903310926110728474e+01 9.187658060386762315e+01 5.931041656109096039e+02 1.732265139353207246e+02 7.241790880883997943e+02 1.560156998175361423e+03 1.130239348444330744e+03 1.347498015264094917e+01 2.625678621242680038e+02 3.280153177556480415e+01 4.920697594379004158e+02 2.900957317390633605e+01 6.983190784945497853e+02 4.886231612844159145e+01 4.299155761300339940e+00 4.140069225029823201e+02 3.658025518824356936e+02 2.798534958949792895e+02 6.453010341418605833e+01 2.420984238827283548e+02 5.734720721342737448e+01
0.000000000000000000e+00 0.000000000000000000e+00 1.153788154545242378e+03 4.610646316106789300e+01 2.369622891387230723e+01 1.857571343556358201e+01 2.005894158405383682e-03 2.246843542722147546e+01 3.282662072709977963e+01 2.783769600763218666e+00 1.042703489146544538e+00 2.336248337649290647e+02 8.031436553779030874e+02 5.983473716202060189e+01 6.818455900703268071e+02 3.094857453119909110e+02 3.810047218419182400e+02 5.673606669200981401e+01 6.931781227570012049e+01 3.628369637132840553e-01 2.355416349913795671e+01 6.285915031598997302e+02 4.985333737036553003e+01 9.991634745630611860e+02 0.000000000000000000e+00 1.269255613221206204e+03 1.886936987947646230e+03 5.908072747207482962e+02 1.951043897894290922e+02 1.313624415868546862e+02 1.442288716275679917e+03 3.392753963195895039e+02 7.727167338596362924e+02 4.907245782404591523e+02 3.327228880239389497e+01 2.404653002473386607e+02 4.265332384046726588e+02
0.000000000000000000e+00 1.267124012467855891e+03 0.000000000000000000e+00 1.305340806150720027e+03 2.896465191709352212e+02 2.426644634482944429e+00 7.272447693066314969e+02 2.476063243653302237e+01 1.669386080576872246e+03 6.077964944326672594e+02 3.438096104385741683e+02 0.000000000000000000e+00 1.228073242840306193e+03 3.863186361504227762e+01 1.391381966088221589e+03 2.839139587913571177e+02 2.655669870951260236e+02 6.630317512750916649e+02 9.373144887315849871e+01 0.000000000000000000e+00 0.000000000000000000e+00 2.055192215878877278e+02 3.621823172131752244e+02 1.445780954148401179e+03 1.767252845977836495e+00 5.688457485330895906e+02 8.563158306759331708e+02 4.098327245404827863e+02 4.748691228165610734e-02 5.704376843268956918e+02 9.380389181243782559e+02 2.457917790643526246e+02 1.826028960669588086e+00 7.314059631312475176e+02 0.000000000000000000e+00 2.168098703472604996e+02 1.219254727814000461e+01
0.000000000000000000e+00 1.143849846748167010e+03 5.752052196764982455e+02 1.817980145914101797e+02 9.251681264501714850e+02 4.637172011045286126e+02 1.694868440405866977e+03 2.808079371223608511e-01 1.111840186689516941e+03 6.667551808252018191e+02 1.430397404083755752e+01 0.000000000000000000e+00 7.160825533502832059e+02 9.359785649863718859e+00 2.527817028377641861e+02 0.000000000000000000e+00 2.511077764807305002e+01 1.307637618879716301e+00 2.912027707533018983e+01 1.232732454902474274e+03 4.348857948068716155e+02 1.765778241239901902e+00 4.804051624492643100e+02 6.775400075906136799e+00 1.657998599380508722e+03 1.158830563811312686e+01 6.092685668178880576e+00 0.000000000000000000e+00 1.496907317658839176e+01 4.554570497675868523e+02 8.328308237138404593e+02 9.057717114452918850e+01 2.489447532600962063e+02 2.728649953415211940e+02 1.580519960468159979e+03 1.592272975802537076e+03 0.000000000000000000e+00
0.000000000000000000e+00 6.428067741357326668e+02 1.191000409106991675e+00 2.287713392766727054e+02 2.355430832982761160e+02 7.374486256460349942e+00 1.146686987680924631e+03 1.106541540451016346e+02 3.414572153074164476e+02 1.233288578536726391e+03 2.592750291901110060e+01 1.614524103210319197e+02 1.119896409499097672e+03 1.324796083147620784e+01 1.118368905677971952e+03 1.524544670109577504e+00 8.812404089311498012e+01 1.381564982867162561e+00 1.097775201928508153e+02 9.382576376356635137e+02 4.985061880024740049e+02 3.116498302189948504e+02 1.329830662937163765e+02 1.149789498206342842e+01 1.920430848648934216e+03 2.766027023207890068e+01 9.460995203108432179e+02 8.087356951500981950e+02 2.225541088460974493e+01 4.226702986384304950e+02 5.749185343809351707e+02 0.000000000000000000e+00 3.648501260726355895e+02 3.096914823991981507e+02 1.307741339584264097e+03 1.141647216173160587e+03 2.585030420232678807e+02
0.000000000000000000e+00 5.695173042871537064e+02 5.039982423540733407e+02 5.894761674252022203e+02 4.423917481347351167e-03 1.377297563719697337e+03 4.248939388335764420e+02 1.635008299905950082e+02 1.197242854332926754e+03 1.144982919371975640e+03 5.539784407447393733e+02 0.000000000000000000e+00 6.434820513880913495e+02 2.519836722179361743e+01 2.330478755382804650e+02 4.068286493518806424e+02 2.591565474291883788e+02 1.098620596699392937e+00 3.663494925302549063e+02 2.043562633568951270e+01 7.974557607925055436e+02 2.925049811522167147e+02 2.572731808904215711e+00 3.745275964058694171e+02 1.707148094817675883e+02 5.435486551825385959e+02 1.340078034201945911e+03 4.574772364814403431e+02 4.397719823107485126e+01 4.871746669467337938e+02 3.184478499198409907e+01 6.952709347087793503e+02 1.114724922353287639e+03 1.926537392985331394e+02 5.715896444085260555e+02 2.740344369803030418e+02 0.000000000000000000e+00
0.000000000000000000e+00 4.030317501567989069e+00 0.000000000000000000e+00 0.000000000000000000e+00 0.000000000000000000e+00 0.000000000000000000e+00 0.000000000000000000e+00 0.000000000000000000e+00 0.000000000000000000e+00 0.000000000000000000e+00 1.212365696662735672e+03 0.000000000000000000e+00 4.593694517374944297e+01 8.191680212485372294e+02 6.967796125600837343e+01 1.104816376328963770e+03 1.832354666550033073e+02 3.045367448362192135e+02 6.898400269630121784e+02 1.773409586191923779e+02 1.136963983139655966e+03 1.105302420152342620e+03 3.194793767222903469e+01 4.193857513260894621e+02 1.859111388658611919e+00 2.353137369681304563e+02 5.298301707992724232e+02 1.116671211117321177e-01 1.019420015673169928e+02 3.778952772420211659e+02 1.011144573507081503e+02 0.000000000000000000e+00 1.514337752664318941e+03 2.862133516908568431e+00 1.585137410978014032e+03 1.199428365314425946e+03 3.077416326939722353e+02
0.000000000000000000e+00 1.486724179186453796e+02 0.000000000000000000e+00 0.000000000000000000e+00 0.000000000000000000e+00 0.000000000000000000e+00 0.000000000000000000e+00 0.000000000000000000e+00 0.000000000000000000e+00 4.414949188476298332e+02 0.000000000000000000e+00 9.792492543339992608e+02 4.738670488935384810e+02 2.919536401157182581e+02 3.839983965458162061e+02 0.000000000000000000e+00 0.000000000000000000e+00 0.000000000000000000e+00 0.000000000000000000e+00 0.000000000000000000e+00 0.000000000000000000e+00 0.000000000000000000e+00 1.495492082414299830e+03 0.000000000000000000e+00 5.417787639339716179e+02 7.312203380418357028e+02 1.174039428440743933e+02 1.066903031290814763e+00 4.825750236117070813e+02 1.454558874871216875e-05 3.985976285981934097e+02 1.790975083040152356e+02 1.702076316468855168e+02 3.145630643244587787e+01 1.459488580134370068e+03 8.310549040779204688e+01 6.694672630679481244e+02
0.000000000000000000e+00 3.806330171044436952e+02 3.435138776492142370e+02 5.718370513837321180e-03 6.486384365648198127e+02 9.592329590554454430e-03 1.275974025290310919e+03 4.867965034189720086e+01 1.314690935624430267e+03 2.800666989447120159e+02 7.690518461403043204e+01 6.758822832588660609e-03 0.000000000000000000e+00 0.000000000000000000e+00 0.000000000000000000e+00 6.678656582155825845e+02 0.000000000000000000e+00 0.000000000000000000e+00 0.000000000000000000e+00 1.543732403981403536e+02 1.170098204281165408e+03 0.000000000000000000e+00 0.000000000000000000e+00 5.262957326993197285e+02 1.386467286009584576e+00 1.513477631315950475e+03 1.058109540804461624e+01 1.314925132448647446e+03 4.690111989531029622e+02 1.468366476515764589e+03 1.173337085479332700e+03 2.920375966370359038e+02 9.895046118836728510e+02 3.568693809498061569e+02 4.940343169594724150e-04 7.391879380684546277e+02 8.040568297101293638e+02
0.000000000000000000e+00 1.334738037514054838e+02 0.000000000000000000e+00 3.421240200832964096e+00 5.528781928560550796e+02 0.000000000000000000e+00 1.123293608486700805e+03 0.000000000000000000e+00 5.549098303526128575e+02 1.083348459059397101e+03 8.852423074853004437e+01 8.532433012198524693e+02 2.419930073784719227e+01 1.612226433342849987e+03 9.454086966461350130e+02 2.695762799830539507e+02 6.334361109058766459e+01 6.095533343528926480e+02 1.008808273996630760e+03 6.944775963667714890e-04 1.336585182606044031e-01 8.864068843242640696e+02 5.443413115390345638e+02 8.109005858840417886e+02 6.094036315862314268e+02 1.888068368272814102e+00 0.000000000000000000e+00 0.000000000000000000e+00 0.000000000000000000e+00 4.600339804043434566e-01 0.000000000000000000e+00 1.672534347169314799e+02 6.911239663072613060e-02 0.000000000000000000e+00 0.000000000000000000e+00 0.000000000000000000e+00 8.556647452880127958e+02
0.000000000000000000e+00 1.445688471379290831e+03 1.047460284666932921e+03 6.773723139831744788e+00 1.247525315954649727e+01 0.000000000000000000e+00 3.515881955058405310e+02 2.716594512206545460e+02 9.548634494131948713e+01 7.884878689669106961e+02 4.394138509573559226e+00 1.187439244587071926e+03 0.000000000000000000e+00 5.514782255177441357e+02 0.000000000000000000e+00 7.794074252335458368e+02 1.088763751325102280e+00 1.036827396733651085e+03 0.000000000000000000e+00 1.701229139962822101e-01 0.000000000000000000e+00 1.508249150511255152e+02 1.156338843668380605e+03 1.420391554247887825e+03 3.271255709075799960e-04 3.821021480542463564e+02 0.000000000000000000e+00 1.352666634238891220e+03 0.000000000000000000e+00 1.329644507849107868e+03 0.000000000000000000e+00 0.000000000000000000e+00 3.193750963388969808e+02 1.249463912776909638e+03 0.000000000000000000e+00 1.047031192356859265e+03 0.000000000000000000e+00
0.000000000000000000e+00 1.872768717110303779e-02 2.543712431240794274e+02 8.592340780338228114e+02 0.000000000000000000e+00 7.694157262636268797e+02 5.148379103745996872e+02 1.606260031964423433e+03 1.188876387802960153e+03 5.544147686865736659e+02 1.622348610396714408e+00 5.901480594262632167e+02 1.221741937320190763e+00 1.507153026425817055e+00 1.012238472159263210e+03 1.997778857246830908e+00 3.356487511308037597e+02 6.829553176192554247e+02 8.722235113051668804e+02 6.295277258857623792e+02 2.680450609035123648e+02 1.843881233162698891e+03 6.767600106431715403e+02 1.148522757760614610e+01 1.470078602850972629e+03 1.204389243883314066e+03 1.994659869502355409e-01 2.538207462149302103e+02 1.361806223515256079e+03 1.284338927716817125e+02 1.469757056538047436e+03 2.155881706966574711e+02 2.741264367313114008e+02 1.098972739284546151e+03 8.508299268743393213e+02 7.404366908694580474e+00 3.637164904257391527e+02
