output/example/lateral_incision_000455.asc
nrows	75
cellsize	13.33333333
xllcorner	0
ncols	75
yllcorner	0
NODATA_value	-9999
[rows 17 to 33 of 75, columns 0 to 36 of 75]
0.000000000000000000e+00 2.152192673906699838e+02 9.852159046106656888e+02 1.414619755339734013e+02 2.533784522258888217e+02 2.001493882681829817e+01 9.175297609008581503e+02 2.144277020450402027e+00 1.491084510827550336e+00 4.391049241225249311e+00 7.997780116699150454e+00 4.607383585032192741e+01 6.908445644022543775e+01 1.671289590793353227e+03 1.186954075347567141e+03 3.003289764632378622e-01 3.997106215446630806e-01 9.115515769476052743e-02 0.000000000000000000e+00 1.647032555880323343e+03 6.950923309786045365e+02 5.379817398683027250e+02 1.082884110228734244e+03 5.603351596282550418e+02 1.421301828330042554e+03 2.940900896880440740e+01 3.928526501545144356e+01 5.896999978152781523e+02 8.519070250751004778e+02 4.035014960753105129e+02 1.018311047782126252e+03 3.975009078136586993e+00 1.286724798327333019e+03 1.326716990533736151e+01 5.969963959509448159e+02 9.577637055287013368e+01 5.565410224439035574e+02
0.000000000000000000e+00 2.466967986206984431e+00 0.000000000000000000e+00 0.000000000000000000e+00 0.000000000000000000e+00 0.000000000000000000e+00 0.000000000000000000e+00 1.517790413863990352e+03 5.371886631653011364e+02 6.043147672513086945e+02 1.179316071551283130e+03 0.000000000000000000e+00 2.648849425134724243e+02 0.000000000000000000e+00 7.706067115450329652e+01 6.658669453551337938e+02 5.993518208040669606e+02 6.982553562693027516e+02 3.616748933361936338e+02 0.000000000000000000e+00 0.000000000000000000e+00 1.840396453140279846e+03 1.178930313033410130e+03 8.653536072942094961e+02 1.347930615950006313e+03 5.457871425868340793e+02 1.523075712153681494e+01 1.864748665391557703e+00 2.331454767891509405e+00 8.676747954625193415e+02 2.453086273048780352e+00 3.701004309918267268e+02 7.842095569750592858e+02 3.890826300714090280e+02 6.380006728911886285e+02 0.000000000000000000e+00 3.987142161979218713e+02
0.000000000000000000e+00 1.702493446523270450e+03 0.000000000000000000e+00 0.000000000000000000e+00 0.000000000000000000e+00 0.000000000000000000e+00 0.000000000000000000e+00 0.000000000000000000e+00 5.936703081522480261e+02 5.329570014293265103e+02 1.309853888228129506e+02 1.613056651443334886e+03 5.461005478526448087e+02 4.720629985853964286e+02 1.478701061487082313e+02 1.472862228788108041e+03 8.286258959933604729e+02 8.730997793304632637e+01 1.502527962905069892e+01 7.406613240436598744e+02 4.703228185035110975e+00 1.163129668225552223e+03 8.066771730815712544e+02 4.075353967681907079e+02 9.965953233733566208e+01 3.314648271002154729e+02 6.052606236702579281e+02 6.067996910901731411e+01 1.109423186646093171e+02 8.507967160662951756e+02 1.081343589263180576e+02 9.160851776155736843e+02 3.486935981182925275e+02 1.426749861252939411e+02 5.523291003626154634e+02 9.339051651859850267e+01 6.430328858959553600e+02
0.000000000000000000e+00 5.918754020871954680e+00 5.619627447966882983e+02 8.187137633240731702e+02 1.750305171938850663e+03 1.361650213501715179e+01 1.602223853080080517e+03 1.183581863937518165e+03 3.000431947050669237e+02 2.901304657127037103e+02 1.566057673571110172e+03 1.709764327814141893e+01 7.411307075931874806e+02 1.332598564494096536e+03 6.104124626291644518e+02 4.223738019460998583e-01 1.194230521062162097e+03 8.241861653571783464e+00 4.733397033901176609e-02 7.766690194556125562e+02 2.439825582654360403e+02 3.672460083592824986e+01 9.335474413291359497e+01 2.400617049815617747e+02 3.976072270155354431e+02 5.066590645324969273e+02 8.472451290774462223e+02 2.357464212522845344e+02 3.241310441544408718e+02 0.000000000000000000e+00 5.100527422112255636e+02 9.663585582757617658e+02 4.082062924587251587e+02 3.241877659322570793e+01 3.120395732496161827e+02 2.214706686659320667e+02 0.000000000000000000e+00
0.000000000000000000e+00 0.000000000000000000e+00 9.324558020728157715e+01 2.570777743479883526e+00 2.390253509235441811e+02 1.469577700514447315e+03 5.393310964235990213e+00 5.464129198149124278e+01 2.648101488907813064e+02 1.051685696358401174e+03 2.141325048198090641e+01 6.667234662779924292e+02 1.643684670440240803e+00 8.443656923929205504e+01 1.967933040363864848e+03 6.789724747777139555e+02 4.128586483008470642e-01 9.586808812491790377e+02 8.571409191921293313e+02 0.000000000000000000e+00 1.168494127139880675e+03 5.926651464603162367e+02 0.000000000000000000e+00 4.311438475380403368e+00 1.309355970204715732e+03 1.566160150737157437e+03 5.857621574969248286e+02 2.346697188457960976e+02 2.749100517196720830e+02 4.447213409946611051e+01 6.418605651068198767e+02 1.285352098174602418e+02 2.470596972425395066e+01 4.242763804263173597e+02 7.369408446034783822e+01 0.000000000000000000e+00 7.556974211417298193e+02
0.000000000000000000e+00 7.348807451087720892e+02 1.398222513215661991e+02 1.174434568093868165e+03 7.312320283866105228e+02 4.049286864543374804e+02 5.615912478434113098e+01 2.201656555466823817e-01 8.590842175181560947e+01 1.144484848740297451e+02 9.925993607299594714e+02 1.601683581149552083e+03 3.447017864521452424e+00 1.192419105101368132e+03 1.954888162209155098e+03 6.744985211518967461e+00 1.983659521894478317e+01 1.280849456458847499e+03 5.748541344714469759e+00 1.045617536029715922e+02 2.540888317528327605e+02 9.465385101335392619e+02 3.758735244772166766e+02 4.202148692020801377e+02 6.259680659135074166e+01 1.392078017426860868e+02 1.300231598751267015e+01 6.005343082729490334e+02 9.509408579915923383e+02 1.545023003911795058e+03 1.120653720457210966e+03 0.000000000000000000e+00 1.122763033413211815e+03 1.604624268572002022e+00 1.951467661031020100e+02 9.606763688777926973e+02 0.000000000000000000e+00
0.000000000000000000e+00 6.244479035610623896e+01 5.380898661823438260e+02 2.287295812059538136e+01 1.392179735619246550e+01 2.174712191759962252e+02 5.841247139198856075e+02 1.471814766945828694e+02 2.500590313760926051e+02 9.669009914145556195e+01 0.000000000000000000e+00 1.092182903494165771e+02 3.753748390975245997e+01 1.152362564819836280e+03 7.531865457976501830e+02 6.011933580254789149e+02 4.111073184874144886e+02 1.202144929330736886e+03 2.780316041664683553e+02 5.045938762412711185e+02 1.426964111158486901e+02 6.937956989075825254e-01 7.685037001182110998e+02 9.124841038005658902e+02 1.737766496074923452e+02 7.310054234479486013e+02 1.106769559886512866e+01 1.091569628743508019e+03 1.418345332922687703e+03 7.441122585065268140e+02 2.253899503529397563e+01 7.996516843503658265e+02 6.417229612282139897e+02 9.309603237660147670e+02 1.259424004712244596e+03 3.660050356180919806e+01 8.632465131198048311e+02
0.000000000000000000e+00 1.277012822019679334e+03 2.330960566508748855e+01 1.953707226426565358e-01 1.604496474474107799e+03 1.290819465660579681e+03 7.050956787697141408e+02 4.443230771252969475e+02 6.269861769093907355e-01 4.766228060638742076e-02 9.908644682596221855e+02 1.012217714701456998e+03 6.473182284661966435e+01 6.940255368901431243e-01 7.978932199132050300e+02 1.393650923429366458e+03 1.222274422591143122e+02 2.096201743224668519e+02 4.906247302504651202e+02 0.000000000000000000e+00 1.292373473190054654e+02 2.680336342290428675e+01 1.739535763659306213e+03 7.482257238320440820e+02 4.842779858119030528e-02 3.378260479519256165e+01 4.039249555790915736e+01 1.772617632154408511e+02 0.000000000000000000e+00 6.830210463792953135e+01 4.325034386319796340e+02 1.832361708647310252e+03 2.632096757154563988e+02 9.295674686554735899e+01 1.727452396424432095e+02 5.865259837440382285e+01 4.374475428888695774e+02
0.000000000000000000e+00 8.074992889658988133e+02 2.869450641151518155e+01 8.683364108629538123e+02 2.748412636809664491e+02 3.523672600789205944e+02 1.074795959980683620e+03 1.447206909272818542e+01 2.359336373390686958e+02 6.863919492920601897e+02 1.077735202890823302e+03 8.569668494379864114e+02 0.000000000000000000e+00 1.499028500020678223e+02 7.141523166488004790e+02 5.998522114067607163e+02 1.246237931928595088e+02 4.757328139210763425e+02 6.462049552792292317e+00 7.236361948268119022e+02 5.068886340835921374e+02 5.528567971498085321e+00 4.057006095746444885e+01 5.391930750956613565e+02 1.060741973715151744e+03 0.000000000000000000e+00 6.747161902300258589e+02 1.378998351841337566e+01 1.738818648593950002e+03 8.561225036372262309e+01 3.026356085105577449e+02 7.613586473849769618e+02 1.171974372353738772e+03 1.173014760273030788e+03 3.561685881309297770e+02 9.977463662568795826e+02 1.614352541014494591e+02
0.000000000000000000e+00 0.000000000000000000e+00 1.820364680089797389e+02 8.333412513748344281e+02 2.790600768251064778e+02 8.497911605531712098e+00 2.647342404630839141e+00 1.011463397017964922e+02 4.115411002824528737e+02 8.787134827747808075e+00 1.434812705808518842e+02 1.310691941059550118e+03 3.426462415165462971e+02 5.797321326449669954e+01 9.695825223033857299e+01 1.933824901339835378e+02 4.186238067476902636e+00 3.342273529869896898e+00 7.199550338700659324e+01 5.999134651010986090e+02 3.719813831138108640e+01 1.353247000255149146e+02 2.994908519341785222e+02 0.000000000000000000e+00 0.000000000000000000e+00 6.600842818680117716e+02 1.399471739812086298e+03 9.335876227753831813e+01 2.906763661365858411e+02 3.523786304937116256e+02 1.251461874249073844e+03 1.050334274257766225e+02 0.000000000000000000e+00 5.863523764972675281e+02 7.535287292078320434e+02 4.885322774218534505e+02 6.277380512263514447e+02
0.000000000000000000e+00 1.777561044067001149e+03 0.000000000000000000e+00 2.364852013084224609e+02 6.163369575106000866e+02 1.932587053130726531e+02 1.167222619586477094e+03 0.000000000000000000e+00 6.646078917057417357e+02 3.536623323651140254e+02 1.339968491217236704e+02 1.693461549716187449e+02 0.000000000000000000e+00 1.418631718725575013e+02 1.833152100723826550e+02 1.637755892918985126e+02 7.492382435648754502e-01 1.784097529378153979e+01 0.000000000000000000e+00 1.938239020467386524e+02 4.724804232721618860e+02 5.020853616802567672e+02 4.701099515490776639e+02 2.467843872028398522e+01 0.000000000000000000e+00 6.974499679668106182e+02 2.686194304378500988e+02 1.772965227920792231e+01 1.103107651400641060e+02 5.734833484481017649e+02 2.260666860624841945e+02 5.906133697594092382e+02 4.733651496436439174e+02 8.151522149634577090e+02 7.418739987374879385e-01 4.765499009164953748e+01 6.481451734022803066e+02
0.000000000000000000e+00 3.639343498248704734e+00 6.184598589844669050e+02 1.365699805437643136e+03 1.398959691899418623e+01 4.669119720568435383e+01 7.973505945989725205e+02 1.097806938787906802e+03 1.065644708419665903e+03 1.740610872994329554e+02 7.342204811733350311e+01 1.046990887732626561e+03 5.692209357911420398e+01 1.045811838465415576e+03 8.472773067379296208e+02 7.276036173400676716e+02 5.107730502112129329e+02 5.137415411945485175e+02 3.288413658984815129e+02 4.787333545295011561e+01 1.072937488995566127e+03 6.368861963087749700e+02 2.564453468170011519e+01 0.000000000000000000e+00 3.734385391054786965e+02 2.264051816162936959e+01 8.981489901519460091e+02 5.190636689992040829e+02 0.000000000000000000e+00 3.567597408847816176e+00 4.262853161142992064e+01 1.126652609195708976e+02 2.692606440588465375e+02 3.651824105790028341e+01 2.532032481871160314e+02 1.982456952574859699e+01 3.454133179543283632e+02
0.000000000000000000e+00 1.072462737005085955e+03 1.615464314518783340e+01 8.400692130805372804e-01 6.229791221622824651e+02 4.897910516250359336e+01 1.715845181414590925e+01 0.000000000000000000e+00 0.000000000000000000e+00 4.861418758942327401e+01 0.000000000000000000e+00 2.739367837497844107e+02 5.194486823011402521e+02 2.014153492004796533e+02 1.423712486944489797e+02 7.463999881366753471e+02 2.365242143699987309e+02 8.065637951571395661e+02 6.722103834881713869e-02 4.496161983301888085e+02 1.024265042895174929e+03 1.046204072621466821e+03 1.955392898975674143e+02 9.833306841455470249e+02 7.374093359837662831e+01 4.472947994924583668e+02 0.000000000000000000e+00 1.885272017569089655e+02 2.294310536548577204e+02 8.044991598747761827e+02 1.031237563983376731e+03 4.770631778866662671e+02 4.104540482035786226e+02 9.796066124616163506e+02 1.024796038982577329e+03 2.454395455811826707e+02 9.312498103602557364e+01
0.000000000000000000e+00 1.174699866044962164e+03 0.000000000000000000e+00 5.112080271169693191e+01 3.511360282964528778e+02 3.553553949213029739e+01 1.593395551161547246e+03 3.908076689937936976e+02 1.529067301324865639e+03 6.316534323504780559e+02 0.000000000000000000e+00 5.319694670981385798e+02 3.509865530815894363e+00 6.011243542847480859e-01 8.433752113993494959e+02 2.744474155476747228e+02 6.029286275212289992e-01 1.300099856799593852e+02 5.385006146083802605e+02 6.280401525700775665e+02 6.450629395549715355e+02 5.742396803368174574e+01 2.841958666909927729e+02 7.060843896484967672e+02 4.070209529322790445e+02 5.418181031508840988e+02 3.414497353542116684e+02 2.285114441927504458e+01 2.982509746002166562e+00 1.551808649083318059e+01 6.681337159248464559e+02 7.546936484275224757e+02 7.939055342104121848e+01 1.862776245150173793e+02 9.123221292439663443e+01 9.475636302366799555e+02 9.069617423918208488e+01
0.000000000000000000e+00 0.000000000000000000e+00 1.037055635335816532e+02 3.821772169929813145e+01 7.988035598921568692e+01 1.901847624882396133e+02 5.292617094986159145e+02 1.674346053782667809e+02 3.657417697506380136e+02 2.477064476161205846e+02 0.000000000000000000e+00 4.536529868240822339e+02 4.682555119385601756e+02 4.754244749120091456e+02 4.069731205497266728e+02 4.630150004863878621e+00 1.236343672914472691e+01 6.679679388000198514e+02 4.550234312343823717e+02 3.470284409416780704e+02 2.509479998386599675e+02 6.401745824905262907e+02 1.426443349377774155e+02 8.816116664786438832e+02 3.880893444383460746e+02 1.666404929129215589e+02 5.238978411021536203e+02 5.500847543109420030e+02 1.321619538432326863e+03 4.019338916852134957e+02 4.762363036167728296e+02 2.979059060473784371e+02 4.857223393266397125e+02 1.496896301206613089e+03 5.633004569860108335e-01 1.538610591370917824e+01 2.280619899093309400e+01
0.000000000000000000e+00 1.804906053063053548e+02 3.401006589585088591e+02 8.786493284159804773e+01 6.657077035389242781e+01 7.184490167885307983e+02 4.566183237590717567e+02 7.886167048184903328e-01 2.256563948946603304e+01 2.854692788769156095e+02 4.828478496731939629e+01 2.798178584244415106e+02 2.211229553294207761e+01 7.204610592405343823e+02 1.280480446838902253e+01 1.052364917043349124e+03 1.056604579505650288e-01 1.074523980015568668e+03 0.000000000000000000e+00 2.044479019141021681e+01 1.052185264376057745e+02 5.062350761413510440e+02 2.658804454095521805e+02 4.869238315006851394e+02 3.000959256093954082e+02 9.621151112392986988e+02 9.372346098317979113e+02 2.157234660306281455e+02 1.710062339266069671e+02 0.000000000000000000e+00 1.045577133967916552e+03 3.568486518515333614e+02 1.072089811025621771e+02 2.379832990935585002e+01 5.610092443334767722e+02 7.752865617267156040e+02 1.239313500164020088e+00
0.000000000000000000e+00 1.064280172324514979e+03 8.642147558070021773e+01 5.157598178525793742e+01 1.043173114273193960e+03 1.508980416934103630e+01 2.317635568475936054e+02 2.568449156905402901e+02 6.198996884536146013e+01 1.365089287327301236e+03 6.072234484344661496e+02 3.738105327638815645e+00 0.000000000000000000e+00 5.468381705407892923e+00 1.115106685385433138e+02 5.406937840481618878e+02 4.777719307033883211e+01 5.693399976281069712e+02 0.000000000000000000e+00 4.633717726599265774e+01 3.045189768141056685e+00 1.605978273132592676e+03 3.789477074380807835e+02 0.000000000000000000e+00 1.615392903975474042e+02 1.551951460102131477e+03 4.265985185667181554e+02 1.774487176032991727e+02 1.011112766978370843e+02 1.220752160071437174e+03 1.027817092191832671e+03 1.530011156307243425e+02 5.871595779216656865e+02 8.434099594089934726e+02 2.136141591200138805e+02 3.063714248082869893e-02 6.793904877930878001e+02
