output/example/lateral_incision_000304.asc
nrows	75
cellsize	13.33333333
xllcorner	0
ncols	75
yllcorner	0
NODATA_value	-9999
[rows 17 to 33 of 75, columns 0 to 36 of 75]
0.000000000000000000e+00 2.123489459737033087e+02 1.119161289692271112e+03 0.000000000000000000e+00 5.506475072316759878e+01 4.448755222709920645e+02 6.747188209580433522e+02 5.049936930629745575e+02 1.965089445604397689e+00 1.019134952570024325e+03 2.970639176715479834e+02 6.860987108643655574e+02 1.089406799053998839e+03 4.470397666833945323e+02 1.074353299099103064e-02 0.000000000000000000e+00 3.340361912220905793e+01 0.000000000000000000e+00 1.059974289130349661e+02 0.000000000000000000e+00 8.481750878401497079e-03 6.179855652545586508e+02 1.120113675030202330e+03 4.504368733844718804e+02 1.708778354919228804e+00 4.568014307590616774e+00 1.713688745008710157e+01 3.084920752283966863e+02 1.324136707074720789e+02 2.016053906271330902e+02 7.703081807790595121e+02 9.211984750341059014e-01 3.319911314309701993e+02 6.524162210782677107e+01 7.003794477330804966e+02 0.000000000000000000e+00 9.333193270391584520e+02
0.000000000000000000e+00 4.351491774708373117e-01 0.000000000000000000e+00 6.253678609470898664e+02 0.000000000000000000e+00 2.726739159512448829e+00 2.799539265525234910e-01 2.230434662970582071e-01 1.481424377219316511e+03 1.569343707374998758e+03 3.365608749957893053e+01 8.621100924201694227e+01 3.259332362660348963e+02 4.402843301266589719e+02 1.114690364454682140e+03 7.329733665249998467e+02 1.487318318581733756e+01 1.143922452671604105e+03 3.272977076427251859e+02 7.027920388921811536e+02 9.164316147043792853e+02 5.173606809546117624e+00 3.656520062905071313e+02 2.435613668325153469e+02 4.467587650920911102e+01 7.012921459672728588e+02 1.555509685703557068e+02 0.000000000000000000e+00 0.000000000000000000e+00 1.003177878604264151e+03 6.227007715877832084e+01 1.300484726152997382e+03 5.025110545161783193e+01 3.592559495463893882e+02 5.066447779860024703e+00 3.875323492160792398e+02 2.964059220582994647e-01
0.000000000000000000e+00 1.211418199921395626e+03 0.000000000000000000e+00 1.062310015131172122e+03 6.485829648965336673e+02 3.824018639842902871e+02 0.000000000000000000e+00 1.347862363590714040e+03 0.000000000000000000e+00 1.166751575378178586e+03 4.279954919281767189e+01 1.586449448034268244e+02 7.327067393180278998e+01 4.872762079082976925e+02 9.925108538074844091e+02 8.898849380114637597e+02 1.499037363358875382e+03 8.216419934366881250e+01 2.962493731423526810e+02 9.125343729939813784e+02 1.390428030987366583e+03 7.534053869144578641e+01 2.594893774551479169e+02 2.221252074714537628e+02 2.370603927011226464e+00 3.733817239886528938e+01 3.298475217294403024e+02 2.433325992940375215e+01 1.092968323828661852e+02 8.418412576685493605e+02 7.887445333962971006e+01 3.194845368661954694e+02 8.004126699485441350e+02 8.508295419665421022e+00 9.074983838606245854e+02 5.205881498592350454e+02 7.372005242132911462e+01
0.000000000000000000e+00 0.000000000000000000e+00 5.469259501661572358e+02 5.591025190511282972e+02 7.109035116260616860e+01 2.964788873947072645e+01 1.898532669983332144e-01 7.478465981568255074e+02 7.346461089017061186e-01 4.040082034374614182e+02 3.068446359350865578e+02 3.387840998131126753e+02 1.884543257207090790e+02 4.675533950084497405e+02 1.274415381003000221e+03 1.189106137450004326e+03 1.208137736840605925e+02 0.000000000000000000e+00 0.000000000000000000e+00 2.174398375829234009e+00 1.994966400315221051e+02 3.207625998828962111e+02 2.020760007304454859e+02 7.489529480459856359e+02 5.372352639336479569e+02 4.025538954118633228e+02 2.685951204428846495e+02 2.022926164313169011e+02 3.205253982478194530e+02 8.973029415396156310e+02 5.055673956928450821e+02 4.062092610328648590e+01 6.028853224744185724e+01 1.814116023308489218e+02 9.919813882090842583e+01 1.379953790325264208e+03 1.233898450299613216e+02
0.000000000000000000e+00 1.624997461568560311e+03 1.605441463719100284e+03 1.727819028126610874e+03 1.297882344516819558e+03 4.382118802369089963e+02 0.000000000000000000e+00 1.084001273692053473e+03 4.792474251171783095e+01 9.812742383858558242e+02 3.537774926291416477e+02 6.347430144230391988e+02 8.495446749135044229e+02 9.262337614040003473e+02 3.971958506733253671e+02 1.490354359379550253e+01 1.426906192648252727e+03 3.153568663769906379e+02 9.156892580265637207e+02 1.669747510795014932e+03 3.356641454136360281e+00 1.072943985878750482e+03 1.784480082796776060e+03 1.335542554696403840e+03 6.768547309064166484e+01 5.519421416654203085e+02 4.933234054519223264e+02 1.184135198612219483e+03 4.122453123843723120e+02 9.750373119952064371e+02 1.593246563938704128e+02 4.228247418298244753e+01 8.199833225394968395e+02 4.024384397514938314e+02 7.369408446034783822e+01 6.086746506838376263e+02 2.016339754129752464e+02
0.000000000000000000e+00 4.019263827562311042e-02 2.244305586478749035e+02 3.899129374412559628e+02 3.924346020288834325e+01 1.853631351015869455e-01 1.590396803843756035e-01 1.502226614614467337e+02 0.000000000000000000e+00 1.014063528705310802e+02 8.934619286107857761e+01 1.298061753730922590e+02 2.978438215251900374e+02 3.931058672751086078e+02 4.837826045847543242e+02 5.449056810653224403e+01 3.193592461167532974e+02 5.231495449261631236e+00 4.972243664333705624e+02 3.076274600749057413e+02 1.651596394766623234e+03 2.020028845169884235e+00 8.835338564022970331e+02 3.023882245699168969e+00 4.180985619169032930e+01 1.258472792990468037e+02 3.866139466896027699e+01 1.894581585527446421e+01 1.913424639486424894e+02 1.040027687777396181e+00 2.428951868232102527e+02 9.513147097342982761e+02 4.612961355307926965e+02 1.604624268572002022e+00 6.147183762951377162e+01 6.474834603807568101e+02 1.571467817399934130e+00
0.000000000000000000e+00 1.698028027734734906e+03 1.253848950355801890e+03 1.209773122090818788e+03 1.480676295073406891e+03 1.631262904338585145e+02 4.161128122905880105e+02 1.458158896665957904e+01 8.126222540493083457e+00 2.675353614200815924e-05 2.557658473164789470e+01 4.013648472418898905e+01 5.610809618159328238e+02 7.052770375033317407e+01 1.330454535983661572e+03 2.847319415469406478e-01 1.059656731258805394e+03 5.272776980968145608e+02 2.037784176167675128e+02 6.061471132810002018e+02 1.162313278868448833e+03 5.385532898985562866e+01 0.000000000000000000e+00 1.156163575418612027e+03 1.358256454857938934e+03 4.424951839903448558e+02 1.058272349896278229e+03 1.213071734297048124e+03 8.105789802242255746e+02 7.637822203797102247e+02 2.682105188773636906e-01 5.506590779288910653e+02 1.404671885151266224e+02 7.919165791127243947e-01 2.446714441477401465e+02 1.304028049544008354e+02 1.912312716648318478e+00
0.000000000000000000e+00 5.971043797438519161e-07 0.000000000000000000e+00 7.881040796258234877e+02 8.001740298961165081e+02 5.939276113895497033e+00 7.050175925199682752e+02 4.443230771252969475e+02 2.386340617120737963e-06 1.112492899171364343e+03 2.571321078543297745e+02 0.000000000000000000e+00 7.117974330137653851e+02 8.931648962957930280e+02 1.260578129913767071e+02 7.907354109933649511e+01 1.460097808499008636e+02 1.637687758557841278e+01 1.155532838043707500e+02 1.353900837477234063e+03 1.567009433865209758e+03 7.393693079732484819e+01 1.264289029509435068e+03 4.295004747194785750e+02 3.695900197050284675e+01 1.736509875755003485e+00 0.000000000000000000e+00 5.687466328071657529e+01 2.105486468873964157e+01 6.572132771413097885e+01 0.000000000000000000e+00 2.652763902126665485e+01 0.000000000000000000e+00 5.921609873197440947e+02 2.083176247920209221e+02 2.808282456738364630e+00 9.949952231372366214e+02
0.000000000000000000e+00 7.992793271050578596e+02 4.354677309933367990e-01 8.682951236998039803e+02 2.576767822254345219e+02 3.397563850156337821e+02 7.935150413609220550e+02 0.000000000000000000e+00 6.499732312620388086e+01 6.664711646054763605e+02 2.950555005894569831e+02 1.147737196533842905e+02 6.434068930514746043e+00 1.470805479760873027e+02 5.705362501588773512e+02 6.231281269591695491e+02 3.583114633187835807e+01 4.104363429697114043e+02 8.714969405146865711e+02 3.802997072778072720e+02 1.989822522213319678e+00 3.745059710227535561e+02 1.343586461240722008e+00 1.412273419845333137e+03 1.681475229552985638e+03 1.260090631083596463e+03 4.530800420588211637e+02 6.579544781010192764e+02 1.021200976326012778e+03 2.067092984882134772e+02 1.207136174464896961e+01 2.443590268221279018e+02 8.113588059051263457e+00 6.016521428512641023e+02 3.427846745558201036e+01 4.905962532938278287e+02 7.164089937472281235e+02
0.000000000000000000e+00 2.178106484471776572e+00 5.458683469848111827e+02 4.207093643342003588e+02 5.472723451145593287e+01 3.167428085228218038e+02 2.536054450512390872e+02 3.819175673295343927e+02 1.495585837215811296e+02 1.568099771213423255e+00 1.067859424225017007e+00 1.364002669243875289e+03 4.917153504615473025e+02 5.229210213786540606e+01 9.695825223033857299e+01 1.831371273195907747e+02 1.168684515030761304e+03 8.168985043820434839e+02 8.511998025795423928e+02 0.000000000000000000e+00 3.114319004060451448e+02 1.618385086905106846e+03 1.353282039495268691e+03 8.600697586036734776e+01 0.000000000000000000e+00 2.452012134327344484e+02 2.147933173155534803e+01 4.410417016529670491e+02 4.948011347244670901e+02 1.165825097452408727e+03 3.180506784824346482e+02 1.706412138150208477e+02 6.571449639157846150e+02 4.592506916290214463e+02 6.576919205841077201e+02 1.755205819288414375e+02 1.052032753629364237e+01
0.000000000000000000e+00 6.303177499017109540e+02 2.033416645587352356e+00 1.087046728899769732e+03 1.244099587992084935e+03 5.866400230214110678e+01 3.582674747167417451e+01 3.186044318767025985e+00 2.798940972888752867e+02 1.168526122809855224e+03 8.928715800218476488e+02 3.683560809931020685e+02 3.920380350007317816e+02 1.270192981636992045e+03 0.000000000000000000e+00 1.637755892918985126e+02 2.687628479731671973e+02 0.000000000000000000e+00 2.353534357862123159e+02 3.157911919149172491e+02 1.104194498898294569e+03 2.345094366763158789e+01 2.897255324979946067e+02 5.466402173007303134e+01 1.247715809337362316e+03 1.782913667922422974e+03 1.638637788842952432e+03 0.000000000000000000e+00 1.487898230469221517e+03 4.651672099229845259e+01 1.063386806644308713e+01 2.186787764549143198e-01 3.066690444467872823e+01 5.186630082803782571e+00 6.353082793574122888e+02 4.765499009164953748e+01 6.442787364763191817e+02
0.000000000000000000e+00 1.133906802892011683e+03 1.459468071384022096e+03 3.604286677499798941e+01 1.176377111172282142e+01 3.386938727582756883e+02 1.173025591808428771e+03 1.088266620116682361e+03 1.202781089239091301e+02 1.687208931903923030e+02 2.560053412864489815e+02 1.361434499879079704e-02 3.070155942653175316e+02 0.000000000000000000e+00 4.649142093567530054e+00 5.245374528661476461e+02 2.157897903133620616e+02 1.075417534271547993e+03 1.145127414882254925e+03 2.132089425109411138e+02 1.150172604665287054e+03 9.987020263294502911e+02 6.087688602527637632e-02 1.583723684085230616e+03 2.788319734472885898e+02 9.448588182625657055e+02 2.555758780906186871e+02 5.985878451144582186e+02 8.627624343096124448e+02 4.127440396941020140e+02 1.329975049644797025e+02 7.371890354447270965e+01 4.885908210412410426e+02 2.611787539825273541e+01 1.450469831678959736e+02 0.000000000000000000e+00 3.173239682033484996e+02
0.000000000000000000e+00 1.224433384887809325e+03 4.915912575696187901e+02 8.031975216512075804e+02 2.235359393642158352e+02 8.781727791746692446e+02 9.236800978181007338e+01 8.039795388918187200e+02 1.134856553667300886e+03 1.118021670955831581e+02 2.936521213037877231e+01 2.604127722451336808e+02 1.689526517157297070e-01 1.132237339001798659e+02 7.401295448485374209e+02 4.833786808696186199e+02 2.198591945653948301e+02 3.762852761897839855e+02 3.760042561231986724e+02 2.240714649850577302e+02 2.672389289904118073e+02 9.643438835466920409e+02 1.278574170590945300e+02 1.392417995027116604e+03 7.889390776783808406e+02 0.000000000000000000e+00 8.067047751631770325e+02 7.292216986642035863e+02 2.992317105946378888e+02 6.203246318459551958e+02 6.547623883394791164e+02 5.510127141350960756e+02 1.017595231945655030e+02 9.437770607601274833e+02 1.459711083260537237e+02 2.094357324065551751e+01 3.306794701929866278e+02
0.000000000000000000e+00 1.419062761686286755e+01 7.574595538677610929e-01 0.000000000000000000e+00 1.835745979725770667e+02 7.186929371369349395e-01 0.000000000000000000e+00 3.262032278939786352e+02 9.175109985405142652e+02 4.482971563827728687e+02 2.224771578199286353e+02 3.983742388947537734e+02 7.369877273947309071e+00 3.374100615084425669e+01 1.112811891800376770e+03 2.508529965747447932e+02 0.000000000000000000e+00 1.428473634355099193e+03 1.274973819481720909e+02 2.276702714962922869e+02 6.450629395549715355e+02 1.788792512494253728e+01 5.428238251355879811e+02 3.112223661820369358e+01 3.123506373882037792e+02 7.254233213579815356e+02 3.975138503951162749e-01 2.594988606497272698e+01 1.751105498523241408e+02 9.738770569836680124e+02 6.567006766655217689e+02 3.896267845740850930e+02 1.235781733900779727e+03 8.219794807574266997e+02 2.971901252227757482e+02 1.757460009878686265e+02 1.012787646840599507e+02
0.000000000000000000e+00 0.000000000000000000e+00 1.028825028119698800e+03 9.959593788080592276e+02 7.973679663800209028e+01 6.258426710753655975e+00 5.287682988352586335e+02 1.280238112695878954e+02 2.194202532336759646e+02 1.682767438315910269e+01 0.000000000000000000e+00 7.980412669121724321e+02 9.156641871756794160e+01 6.967082489392482536e+00 2.002071680700611580e+02 4.630150004863878621e+00 1.236343672914472691e+01 6.679358237720414309e+02 4.550234312343823717e+02 3.470284409416780704e+02 2.268802533797119452e+02 6.401745824905262907e+02 8.184730329613709898e+01 4.132196320772189893e+02 3.880893444383460746e+02 1.128763818896499060e+02 3.977606357291685413e+02 5.108528093942215378e+02 7.208759382733181837e+02 3.938349315508556856e+02 4.761724122360417937e+02 8.734707311009808564e+02 0.000000000000000000e+00 7.164617699469140462e+02 1.612347414299714046e+03 4.957629863347638661e+02 5.830708538628587121e+02
0.000000000000000000e+00 8.687918552626335895e+02 3.177121855243706250e+02 8.786493284159804773e+01 6.657077035389242781e+01 7.184490167885307983e+02 4.566183237590717567e+02 7.886167048184903328e-01 2.256563948946603304e+01 2.852499062213454977e+02 4.828478496731939629e+01 4.088823135689385602e-01 1.357138383316429575e+01 7.020115875799913283e+02 1.280480446838902253e+01 1.052364917043349124e+03 1.056604579505650288e-01 1.066730191959791910e+03 8.699407188658933592e+02 9.058492985520928187e+02 1.031348810986084032e+02 3.311841392991833573e+02 5.264212619817727301e+01 1.246028640333225439e+03 5.060336626745800537e+00 3.949263990147501886e+02 7.371390458342078773e+02 2.157234660247594604e+02 1.162543267989073037e+01 1.272974975671857152e+02 1.210474919995682086e+01 3.859761261893684718e+02 5.940235594595313842e+02 1.143459598242819952e+00 1.269096686582571238e+03 5.260841822714165801e+02 1.022471366753881838e+01
0.000000000000000000e+00 1.557536106770915922e+03 7.842647621006325380e+02 9.862880416268318413e+02 1.043173114273193960e+03 1.397524668349466381e+01 2.317635568475936054e+02 2.007797743591102080e-01 1.033465567382044583e+03 1.029851457589400752e+03 5.843202090233900208e+02 3.738105327638815645e+00 0.000000000000000000e+00 5.468381705407892923e+00 1.115106685385433138e+02 2.806720245663068454e+02 4.887093301747566443e+02 4.556819184148758382e+02 5.574337559440177756e+02 2.493791153921054899e+02 0.000000000000000000e+00 6.453295501958630211e+02 6.020218374722276167e+02 7.029243693551176508e-02 5.839529144841794732e+02 1.227051926577796394e+03 8.261861665314351910e+01 1.280421391067147169e+03 1.859861494782433908e+02 6.126960900203136617e+01 7.181418148123550509e+02 6.775585402895953848e+02 4.955537673089122563e+02 1.292838374255607278e+03 2.971318832406504384e+02 2.160000777234259886e+02 1.240535395952022782e+03
