output/example/lateral_incision_000086.asc
nrows	75
cellsize	13.33333333
xllcorner	0
ncols	75
yllcorner	0
NODATA_value	-9999
[rows 34 to 50 of 75, columns 0 to 36 of 75]
0.000000000000000000e+00 8.132346995576787663e+01 1.940919735317385175e+01 6.196765474353898071e+02 1.031561790590789315e+03 4.082771883940606585e+02 1.332011209534599629e+03 7.746618745753778512e+02 1.547230469268685965e+03 1.169655701600028941e+01 6.533014540099837575e+01 1.697734350197070086e+01 4.100405637698917189e+02 5.644929958275913151e+01 5.307733789844175376e-02 1.025519450348428336e+03 1.570961376801925491e+00 5.957971863036099158e+00 2.716892095552022468e+01 1.448835053632552444e+03 4.133864273636071971e+02 3.641351883752558933e+02 1.198578983072908528e+02 5.937033325058724813e+02 0.000000000000000000e+00 1.297860688763148005e+02 2.747521185704570712e+01 8.875437432409299277e+01 1.418848734259910998e+03 5.409053436234533052e+01 4.186876383063924436e+02 2.949106057694727417e-02 1.249500463011932425e+03 1.427170721294447048e+03 4.072245888942875780e+01 1.531998677571527196e+03 6.685542495230939721e+02
0.000000000000000000e+00 1.395002521663547213e+03 1.769262603883398242e+03 4.394334518437921666e+00 3.313084840244606255e+01 6.799461767442313231e+00 2.277159445604750942e+02 1.246305046109753505e+02 1.133752477300455723e+02 4.356380201763814171e+02 4.505466371428568095e+02 2.552845075866120226e+02 2.412593386786670902e+00 1.861608296464568824e+01 2.578495665487883457e+02 1.760348058322112941e+00 2.923451477610844625e-04 1.094145667334374394e+02 1.563455912741615521e+03 6.700108381843651983e+00 1.650374878551678648e+03 4.385755148258026281e+01 1.038220801441958798e+02 1.265924902887972621e+03 1.543825868476175629e+03 1.818532362381644418e+02 7.008872388823442634e+02 4.050433801641406149e+02 9.635940873226930989e+02 1.474492235200310461e+03 8.046466855162491072e+01 1.581414690019810450e+03 0.000000000000000000e+00 3.787210234085367233e+02 3.924361813584100300e+00 1.149340001117202519e+03 9.179919923531248287e+02
0.000000000000000000e+00 2.052657916803533489e+00 1.963386708720188611e+00 4.551964668761071948e+02 1.388630636391934559e+02 3.556638666334532104e+02 4.867041536238449453e+02 8.160400371269427922e+01 8.156057194253149873e+02 6.371329651064659174e+02 4.613714989042404682e+02 0.000000000000000000e+00 1.424697003007868716e+03 7.320865026108082247e+02 1.607113398598773557e+01 4.635953734173192241e-05 8.451875105025459689e+00 4.448238375427347364e+02 4.384813135512915778e+02 3.714200802793190803e+01 9.393286009208292171e+02 1.050275466738826253e+03 9.972089913057178592e+02 4.489127133867875727e+02 3.146079597721416690e+02 1.084308295364093738e+03 3.411271633821052092e+02 3.084846390996338172e+01 4.955958484861004365e+01 4.020146861285419391e+02 0.000000000000000000e+00 1.285118834725767329e+03 6.616775101735228191e+02 2.116960611154062377e+01 6.264803119392422559e+02 5.530223622781611539e+02 1.512849567712433156e+02
0.000000000000000000e+00 4.799695875539559893e+02 2.191960989504043482e+02 4.684645817540959456e+01 3.901060421121333661e+02 8.834793440698955465e+02 3.205723644853873679e+02 7.872045294586567543e+00 7.060052280271719383e+02 2.661672627634017658e+02 1.017217579791488106e+03 6.860329332992592981e+02 2.320868967625640096e+02 5.912091272701459899e-02 1.356015273791624266e-02 4.692864000504502542e+01 7.509504040045935369e+01 1.444859234915826846e+03 1.573742031820893089e+03 1.000178577338330967e+02 4.553404667415773588e+01 3.949040910562916196e+01 3.568642546383541685e+02 6.391291448171412704e+00 1.957517224523830066e+02 1.052695025376175863e+03 2.987995372020259310e+02 6.776582343857231763e+02 9.709164530619915467e+02 5.474696307397160808e+02 1.364746136959501200e+03 6.513601529812315105e-01 2.529282075162050205e+02 3.955452685014964231e+02 1.825880663136161274e+03 1.118880158221748161e+03 7.623293267244986282e+01
0.000000000000000000e+00 5.477487118289376440e+02 9.609392150241782247e+02 2.899008664603227037e-01 4.572700573098549270e-01 1.569364786473843587e+01 1.661784548300243216e+02 2.709375781222657906e+02 6.481629664329341400e-02 7.748687720164573633e+00 3.679113180547613382e+01 2.418398819976776224e+02 1.940850420530709286e+01 0.000000000000000000e+00 1.068833147438187625e-04 5.412343534237847962e+02 7.221408724414053495e+02 2.972499429287414046e+02 7.987011147008361434e+01 1.064155335360158915e+03 1.413236267914892551e+03 1.120672785350174081e+03 2.479846285221616995e+02 3.983256655246195237e+02 9.118102267822230260e+02 5.405546764625045242e+00 1.872729216987586369e+02 1.188370523778656434e+03 1.414361478829427483e+02 1.097908345963016563e+00 3.991756659292474696e-01 7.568349930333101838e+02 3.401672481362496114e+01 6.416435489350621424e+01 4.920473132450477465e+02 0.000000000000000000e+00 9.271675567138769338e+02
0.000000000000000000e+00 1.555769868817980523e+03 1.867133727642062411e+02 1.271925623136833678e+02 4.179715804749266350e-02 0.000000000000000000e+00 0.000000000000000000e+00 5.559624761960914263e+00 2.677795436723971737e-06 0.000000000000000000e+00 1.117876312380636676e+02 6.997390942465689534e+01 1.254671541616899276e+03 1.620746352304027482e+02 2.603758671806185134e+02 2.749023335068694109e+02 1.061839011066987723e+03 1.329795477848110750e+03 1.023220034567681758e+01 6.121446426269335461e+02 8.386268414825113950e+02 0.000000000000000000e+00 1.433098958362752917e+00 0.000000000000000000e+00 4.619027667543284110e+02 1.840377081025393124e+02 3.038838946327289818e+02 6.735735274358084501e-01 8.992086302548764252e+02 2.617692526467405969e+02 1.098019028058279645e+01 2.915596058455412276e+02 1.319433934101062732e+03 1.450895350772887014e+03 4.793633722488969795e+00 9.996375130846785169e+02 1.803398376180111728e-01
0.000000000000000000e+00 2.637525306610929761e+02 4.331530570447787909e+02 9.963553848711623573e+01 2.335324791193728089e+01 1.857571343556358201e+01 2.005894158405383682e-03 2.489479767233764539e-03 0.000000000000000000e+00 0.000000000000000000e+00 1.940764894287285074e+02 7.069615942845167638e+02 0.000000000000000000e+00 5.406144185407077174e+01 1.976340470188025051e+02 1.234065817666024998e+02 9.048591619916307991e+02 1.823241670309147366e+01 8.100253247909541821e-02 2.333684368088382257e+02 0.000000000000000000e+00 1.284289794234038062e+01 2.855091481123430981e+02 1.910597331191332273e+02 2.410548148180064345e+02 3.322372399111865775e+02 1.274669836539802873e+03 1.763951108870908797e+02 1.390776531623051593e+00 7.619076443107544492e+02 0.000000000000000000e+00 6.623550365458333311e-02 1.615731589075307895e+00 8.999697227804405202e+02 1.478450943374149347e+03 2.526741195158230813e+00 4.935995872108114924e+01
0.000000000000000000e+00 1.601813090798505755e+03 1.605721352323138831e+02 9.001283419188019934e+02 2.896465191709352212e+02 2.426644634482944429e+00 1.676958743886356373e+01 1.252521951022917968e-01 3.345097290596198150e+02 2.383343912593675782e+02 1.026869979346004357e+03 7.994211742873977755e+01 6.439100433329292628e+02 1.174369907148983430e+03 2.236403499470555278e+00 2.241996109712176890e-06 2.070595638120298645e+02 6.198329036133469572e+02 4.266774801191227766e+02 1.170368964579132864e+02 1.663631593925646712e+03 8.263766534885853616e+02 9.196413551388232008e+02 1.827664214364915551e+02 1.587196487075190632e+01 9.393617930895345580e+01 0.000000000000000000e+00 1.289749595199864643e+03 3.508180334221019381e-01 5.940368896166375379e+01 1.223359708259812351e+03 1.207272685720986374e+03 4.154612110280269555e+00 7.296742389233207859e+01 1.028409418891167206e+03 4.079048704174895335e+01 1.137097902284298470e+03
0.000000000000000000e+00 0.000000000000000000e+00 5.750046490989519725e+02 1.817980145914101797e+02 2.607189507088962728e+02 4.637172011045286126e+02 3.280874964910570952e+02 3.127878848753708212e+02 1.694024436833511800e+02 7.895521875437452763e+02 9.035932031516895222e+02 2.872250675278127119e+02 1.147094358114601391e+03 4.189353548178524989e+02 5.329476396999375254e+01 0.000000000000000000e+00 9.929870493946673093e+01 2.949782504006723229e+02 7.953486245701801636e+02 1.185156636866029061e+02 1.668924050187275043e+03 4.934834266884570830e+00 3.973027795972996046e+01 5.079002527854185587e+02 2.957281072445384211e+02 0.000000000000000000e+00 3.983836583055697100e-01 1.269843593993975475e+02 1.006344179094047746e+02 1.179679020644296905e+01 3.749295521486693019e+02 6.914569755168774918e+02 3.335476690875112240e+02 7.490031808276014544e+02 5.358096950724496992e+02 1.988084367873003355e+00 6.022763164632194730e+02
0.000000000000000000e+00 5.831114568923408115e+02 1.191000409106991675e+00 0.000000000000000000e+00 5.952889619244532469e+02 8.638499271375255972e+00 1.657664802639199024e+03 1.307107902229934204e+01 1.609653611866027404e+03 2.434835858681321668e+02 7.305816478964076168e+02 8.561338045336516700e+01 1.135482072493631307e+02 0.000000000000000000e+00 2.176969388807265915e+01 0.000000000000000000e+00 1.865692601136616346e+01 9.057498083130984696e+02 0.000000000000000000e+00 1.456558109225518137e+03 4.122822413140944664e-02 3.610052858440094496e+02 1.055047413122982107e+03 8.830818552849596017e+02 2.948423422874183757e+02 6.614108050932216543e+01 4.113432770139877448e+02 1.532845165309913966e+02 9.701563827850367261e+01 5.936427290180669161e+02 2.598132213668587909e+01 9.438593710788213684e+02 7.234060795845930443e+02 9.781058802245096331e+02 5.882732951547274070e+02 4.422172824058538936e+02 1.871013197335924971e+01
0.000000000000000000e+00 5.694979216268486653e+02 1.494308239256346724e+03 2.610143010236490824e+01 4.935924725549917298e+02 2.198109429095016480e+02 9.768511233200578090e+02 8.403270727464206402e+02 5.336734630813982960e+01 1.561737370687128532e+03 4.574790043465304734e+01 5.383064422689376016e+00 7.237671991511034797e+00 2.106040279888587463e+02 1.140412502471267544e+02 1.365539510586873178e+02 3.736933236820800630e+02 3.945273018141068064e+02 0.000000000000000000e+00 3.091655383542511117e+02 1.440086933616104847e+00 3.100754433187534480e-07 4.551992396337816871e+01 5.837598222871069993e+02 7.601238419341598274e+01 6.156817270969123790e-01 1.556500142470097501e+02 4.364574104161326886e+02 8.009127924156224481e+02 1.594218166658735981e+03 5.768965227113612571e+01 9.483767587119746167e+02 3.611253860906487603e+02 2.098145343678351935e+02 6.739801547467714045e+02 9.655427015818519294e+02 1.907431757537148371e+02
0.000000000000000000e+00 3.878158162598421388e+00 0.000000000000000000e+00 0.000000000000000000e+00 0.000000000000000000e+00 0.000000000000000000e+00 0.000000000000000000e+00 0.000000000000000000e+00 0.000000000000000000e+00 0.000000000000000000e+00 0.000000000000000000e+00 4.951245207870820764e+02 1.692245087223477773e+00 7.228113941649887693e+02 5.763731293162635438e+02 1.825678589499307947e+01 1.037142564805897109e+03 5.529762088152956494e+02 3.984179990077187767e+02 4.226467309221242363e-01 3.612574162391860710e+01 4.989810824754241594e+02 4.679966881207155893e+01 0.000000000000000000e+00 7.931452522996346488e+02 1.727533917361042626e+01 8.867829775662666236e+01 4.791661009886843203e+01 0.000000000000000000e+00 3.391829109226372907e+01 4.852319303303798570e+00 3.177257029766348069e+02 2.008233146810298138e+02 1.627653045612615479e+00 5.288143688321172249e+02 3.165934071053969490e+01 3.528455309265550000e+02
0.000000000000000000e+00 9.008821869489054279e+01 0.000000000000000000e+00 0.000000000000000000e+00 0.000000000000000000e+00 0.000000000000000000e+00 0.000000000000000000e+00 0.000000000000000000e+00 0.000000000000000000e+00 0.000000000000000000e+00 0.000000000000000000e+00 0.000000000000000000e+00 1.131364344581426167e+03 1.452481356027425079e+02 9.950197943493905086e+02 0.000000000000000000e+00 7.606103624736739448e+02 1.086573844059431337e+02 4.312973271044693302e-01 6.535242205958726345e+02 1.280028545126807558e+03 7.833073954328459365e+01 5.232367380367146659e+00 4.220767594308484263e+02 1.117127466582671332e+03 3.955362747220587494e+01 6.995426958055060140e+02 5.046199687625168906e+01 6.851469992868718464e+02 5.468980944703295544e-01 1.068941928785083746e+03 1.107241746998206899e+01 2.747821259416816133e+02 8.851949453075550309e+02 2.200598084999069926e+01 3.834168493070249184e+01 3.996929003277504648e+02
0.000000000000000000e+00 3.805663115124858109e+02 5.309663216107177277e+02 6.675603596355520040e+02 1.487441554484074231e+03 9.036717258051017154e+01 1.607142430239726536e+03 1.110693703901520155e-02 1.224041937234228953e+03 3.871785576621692652e-03 1.726216736045286780e+03 3.803938411006064371e+02 0.000000000000000000e+00 8.202360318019144643e+02 0.000000000000000000e+00 6.849122728279643297e+02 8.882314346293504741e+02 8.663429738479658226e+02 7.627307502443335352e+01 1.152047466632042642e+03 7.566105418293764160e+02 0.000000000000000000e+00 5.512357096374470302e+02 1.186510506418745763e+03 1.508240888347660125e+01 1.452054137700815595e+00 1.680621690326450107e+03 5.750077100458134538e+01 3.007648386273070074e+00 1.634228378747193489e+01 2.024721315746216987e+01 2.334602833296171909e+00 1.542185632722464845e+02 5.653316624586340140e+02 4.197628473669445839e+02 0.000000000000000000e+00 4.233211473904738114e+02
0.000000000000000000e+00 1.227736116489282239e+02 9.636526375966666391e-01 4.458251551741523713e+02 0.000000000000000000e+00 3.028095788753927877e+02 5.893875565401021959e+02 0.000000000000000000e+00 6.164742137525129237e+02 0.000000000000000000e+00 2.291969748231427104e+02 8.454616419541672201e+01 1.456851273952103384e+03 0.000000000000000000e+00 0.000000000000000000e+00 2.125128274471885348e+00 7.193116700449699863e-01 0.000000000000000000e+00 1.946097841482457680e+00 1.029507419497195542e+03 2.918174827512668799e+02 1.308754426555258760e+03 5.207209639442253319e+02 2.816809133138203265e+02 1.758627025656002374e+00 1.795346136909463439e+02 2.809388433543400083e+02 6.676039469810693845e+02 1.745112645054969960e+02 8.787839042581389037e+01 2.775979688601830730e+02 2.822611286719284180e+02 0.000000000000000000e+00 3.840402616147896575e-01 1.188025544046512778e+03 6.323730640626315562e+02 2.631470441646737299e+02
0.000000000000000000e+00 4.989214005198005283e-04 4.371594222229365639e-02 6.135841050045138800e-01 0.000000000000000000e+00 5.446891482811776086e+01 1.146015401938247805e+03 0.000000000000000000e+00 2.684363828696346559e+02 0.000000000000000000e+00 2.370944717969745170e+02 2.519121439812027177e+02 0.000000000000000000e+00 4.060678436169595784e+02 3.257103464334297200e+02 6.105712958409009161e+02 2.708182146419335012e+01 1.492549667873299768e+03 8.361623331436525177e+02 0.000000000000000000e+00 0.000000000000000000e+00 1.198186078890872977e+03 7.650380818578429398e+02 7.264723231657420683e+02 6.385067267205788539e+02 1.635651436573569706e-01 4.772975996622990920e+02 2.903597477557675575e+02 6.853117754669018495e+02 1.096088667055521597e+02 1.115593355157765245e+02 1.166222001255198393e+01 9.723714357875402357e+02 6.848019567394939031e+02 1.263217957420200719e+02 9.542886165553117053e+02 7.696215334853921952e-01
0.000000000000000000e+00 5.713264971944186073e+02 4.787606606983272286e+02 1.384011067462178971e+03 0.000000000000000000e+00 6.460174568202181611e-01 2.717567733019590150e+02 5.826526448492122654e+02 1.719727431547770413e+00 1.150208708972905924e+03 1.027975953781434782e+03 1.122710304977670432e+02 1.407096095176955941e+03 1.580997016503023815e+03 1.224909103375268700e+02 2.330469367239748806e+02 7.368440056137271768e+02 0.000000000000000000e+00 5.017860724846874518e+02 1.779446217337130633e+02 0.000000000000000000e+00 0.000000000000000000e+00 0.000000000000000000e+00 0.000000000000000000e+00 0.000000000000000000e+00 0.000000000000000000e+00 0.000000000000000000e+00 0.000000000000000000e+00 0.000000000000000000e+00 1.241792656300336375e+03 7.101901556883150306e+02 6.276749806974180501e+01 1.459334657337091357e+03 4.240383747567960659e-01 1.419490227134716179e+03 5.385218043697171275e+00 1.407396259915290557e+03
