output/example/lateral_incision_000418.asc
nrows	75
cellsize	13.33333333
xllcorner	0
ncols	75
yllcorner	0
NODATA_value	-9999
[rows 0 to 16 of 75, columns 37 to 73 of 75]
3.361469718034777543e+01 0.000000000000000000e+00 4.020924072664800331e-04 0.000000000000000000e+00 3.979261858437778687e-01 0.000000000000000000e+00 0.000000000000000000e+00 5.525900172972106512e-03 1.975129308987696054e-03 1.188172025416675964e-01 0.000000000000000000e+00 0.000000000000000000e+00 0.000000000000000000e+00 1.935879317804396393e+01 8.108273727206165293e-02 2.093329821185450912e-01 3.815658800127624204e+02 5.534273966179734998e+02 6.760571021001833287e+02 5.558879181938473835e+01 8.372223329491361028e+02 2.360458973370409552e-01 7.433396736143911312e+02 0.000000000000000000e+00 2.180565317816837592e+02 1.428309556372911402e+03 1.396657549266640444e+03 3.140809061741036317e+02 0.000000000000000000e+00 5.267006942434419869e+01 1.048169385794283137e+01 1.122292021492203240e+01 2.215767845423674220e+00 1.171760928489934850e+00 1.107207941568070879e+02 5.611708923416804140e+01 0.000000000000000000e+00
1.607757624399950913e+01 8.097447668449901936e-01 1.091569533275524926e-05 3.608004507753123313e+00 6.153507232558649775e+02 4.953131626821362943e+01 5.969994987675589755e+02 3.793830986573159691e+01 6.780575591388370071e+01 6.412547454996051783e+02 7.038431330337188285e+01 1.141720280415114530e+03 2.486639504391773983e+02 7.397369280921828327e+00 8.454185330267705467e+02 7.264773933231059573e+02 1.224630036345175341e+02 1.744911411933004501e+02 1.698775907357321557e+02 1.697736447348369843e-02 1.070884278219881708e+03 2.085330551890377535e+02 9.401025453798034732e+02 1.020103530596745941e+03 2.583358394296815277e+02 3.511429912298265066e+01 1.908235921220756097e+02 5.828612757261247879e+01 3.204111934259205441e+01 3.595333971346759938e+01 5.764757463916935443e+00 8.064082196030755156e+00 6.237886924413664502e+01 7.104574988295803450e+02 5.305544677363387791e+02 3.418334205468430582e+02 1.729303510631301055e+00
1.302119352954393037e+02 2.282142213577490395e+02 3.729532826492695676e+02 6.939708237406011904e+02 1.402748532331162608e+02 0.000000000000000000e+00 9.412500772422447426e+02 1.339734687094310459e+02 1.155483171579089685e+03 7.241136066185341633e+02 9.156819666484215077e+02 1.472345461814287262e+02 3.365264111865430436e+02 1.190604106003420839e+03 1.284326932960518342e+01 6.648413140465023616e+02 3.163025351858022418e+02 4.536969821396933185e+02 1.717060472207641624e+02 0.000000000000000000e+00 1.393430266177370868e+03 4.282256211279034801e+02 1.172367795649363487e+01 7.025760650547351105e+00 7.112562851694362962e+02 1.214494504984361811e+03 4.140265891106436698e+02 7.926212957615948653e+02 2.047002467898143721e+02 4.212699071092880558e+02 6.083648369324255327e+02 5.561891727686930835e+02 1.981176932438752374e+02 2.569716908576238978e+01 1.930691924572256823e+02 1.139275143717410174e+03 3.280385413773713843e+00
2.775332718809638521e+01 4.914916428760000144e+01 7.285266248559167934e+01 4.845354481292545046e+01 2.438969032274446533e+02 6.880099773202348388e+02 6.484074284870021643e+01 1.067720155783519431e+03 7.009546686039266206e+02 5.608702890495912925e+02 2.464503533809972566e+02 1.589791632552985902e+03 4.601561893236183920e+01 5.508759789873096224e+02 1.660471800729107983e+01 1.142345835397962617e+02 2.256843995028640677e+02 1.389239278525959946e+02 0.000000000000000000e+00 8.983995469563440111e+02 5.686250877370375747e+02 2.634483802968842422e-02 1.892588327998899478e-01 4.924747825253386395e+02 3.197395845932594511e+02 6.266895356741504202e+02 9.819640355079617393e+02 4.352053955114740802e+01 4.308894315716959795e+02 9.560528860506595947e+02 2.563773978595548897e+02 5.681746245373678903e+02 1.220589220136069116e+03 0.000000000000000000e+00 6.107812935605011262e+02 1.838501198905194656e+02 3.598729230979532012e+00
9.953048060756600535e+01 1.296760079697640776e+03 7.175812911014286044e+01 1.137630238945405381e+03 6.980112048927678643e+02 8.131962139334689255e+02 4.979860254730569480e+00 9.565274799564353998e+02 4.431608821584680413e+02 1.088498653217808169e+03 0.000000000000000000e+00 1.592376185990872727e+03 1.445324121754283169e+03 1.705195772258206546e+02 2.552127072167283757e+02 1.108795020922175127e+03 4.162121408036585422e+02 7.970405207126997311e+02 8.370805732098009457e+02 4.172510979439357470e+02 2.050073790685696338e+02 1.509678988576960137e+03 9.895890136015010512e+02 1.038944849290374179e+02 3.762322709628505208e+02 5.512748598930963908e+02 1.083981569003324239e+03 4.288535250864876502e+02 4.395089983927096000e+02 1.291814742137457017e+02 0.000000000000000000e+00 5.282231740314035306e+00 9.191566218308067846e+02 2.447140768678407028e+02 1.037595034900406787e+01 2.115754622400685321e+02 1.195374516734436384e+03
2.623434424718366813e+02 1.292899372808980161e+03 0.000000000000000000e+00 5.970208285830907471e+02 5.190908997459240481e+02 0.000000000000000000e+00 3.177133252343203367e+02 8.523860423807083642e-01 8.633795603040607602e+01 1.259648627964565094e+03 8.678660470010660219e+02 2.225478240425230680e+00 0.000000000000000000e+00 0.000000000000000000e+00 8.373424396932779246e+02 5.805349983010745646e-02 0.000000000000000000e+00 7.974217174949471882e+02 2.140266201769699705e+02 0.000000000000000000e+00 1.663719731307098300e+03 2.147239135431468924e+02 6.371881604623949613e+01 2.107270224466766678e-02 4.424438938571387894e+02 2.677071916258526016e+02 6.135689479328075322e+02 1.068185885350943067e+02 9.912188811487806106e+02 1.979608707723994598e+01 3.823944744910328950e+02 6.350189385028035076e+02 2.300704732170237410e+00 1.505580640037276680e+03 1.177468840645398814e+03 1.309359168137204051e+03 3.667389439567537579e+02
7.670496881837467029e+00 2.040935030497768565e+01 9.941800186382043876e+02 2.912403187078822786e-02 1.751674862008026423e+02 1.552375711204313689e+02 1.533766834186679944e+03 3.409602283325924645e+02 3.479603482637681395e+02 1.724845124965098080e+02 4.134969326578861626e+01 9.875306466162056722e+02 0.000000000000000000e+00 1.520200319466243011e+00 1.210227154299863287e+03 1.812041228884758368e+02 5.881712554166036853e+02 1.041148925479124500e+03 1.681375979451297781e+03 2.668833890740125270e+01 1.974236052849782874e+00 1.525687394152900424e+03 3.867297696768819719e+02 8.006088049842501277e+02 0.000000000000000000e+00 2.391726762759708720e+02 5.682544128570708608e+02 2.540815355036692225e+01 1.110581011401544401e+03 4.873610225713964610e+02 1.820226025467103455e+02 3.950085858089017279e+02 2.745084010865025181e+00 5.661411995285325247e+02 6.821233106118378373e+02 9.481564520913099159e+02 1.719157572091976505e+00
1.409399917823976466e+03 1.278135705386939946e+01 1.430563971635273219e+03 6.744138977449721324e+02 4.148806590184432252e+02 4.039087451082044034e+00 5.674142453423910410e+02 1.092269513298680749e+03 2.316397374894908978e+02 1.183561288766810904e+01 1.319432897422472251e+03 1.950871290472244937e+03 8.029707151163768231e+02 8.437553735164713089e+02 9.526503512761448178e+01 4.396949029559980460e+01 0.000000000000000000e+00 3.769022865214694207e+01 2.031496715911650242e+01 2.711634637756902748e+02 6.297358718687142982e+02 4.393195996460018016e+00 2.223799743522406516e+02 2.609668814658348310e+02 7.362325557534481959e+02 4.861399514869190170e+02 1.373424274610381872e+03 1.240164996003372693e+02 8.614041482918260044e+02 3.918563789178859906e+02 3.050798034890052577e+02 1.275294906918011506e+01 1.226055647125550649e+03 1.021380515067905037e+02 1.592464606747483344e+02 2.062540001291514500e+02 3.744845956088874317e+01
5.577292883310516345e+02 1.211868300354629355e+03 4.160860633738919567e+00 5.821494232466032059e+01 5.715474707019752465e+00 4.767216967799391369e+01 7.359638425505238502e+02 1.492259750565746117e+03 3.307526966356101639e+01 5.280726934870467630e+02 8.221842765287991597e+02 1.542360894421301793e+02 4.046797580591907035e+02 5.572053653767243304e+02 7.018016077298018445e+02 3.688718054321076920e+02 1.109837929828338190e+02 1.706436237788996095e+02 9.364820344855745589e+02 3.378515404964428512e+02 8.866967753062882593e+02 1.842919546469971976e+02 1.546441880416192589e+03 3.729321292806536121e+02 3.764026149523107279e+02 8.344468817699286092e+02 8.592195929132728338e+01 7.688385517965238591e+01 1.194048250920614919e+03 9.064253714731909213e+02 9.384212601030554879e+00 7.835105883015735344e+02 8.787719341191895239e+01 1.591762441364929437e+01 1.658747396442384172e+02 4.948662368973430148e+02 1.545565123478267111e+01
3.607949015616746351e+02 3.484313688927184671e+02 2.117899474193286835e+00 5.394362550355299391e+02 1.275105311791880467e+03 3.920285194317982587e+02 1.590575243011503062e+03 0.000000000000000000e+00 9.426796283762711255e+02 1.567376909996447694e+03 9.912655561750912057e+02 1.765351292015864271e+00 3.938920415621421398e+02 1.507981311621319946e+03 1.253377473525833210e+02 1.393958407633667321e+03 1.138031712510387024e+03 3.705702681669134222e+02 1.924648412843754386e+02 7.465209778089873680e+02 3.879100186968695425e+02 3.777835989594770183e+01 3.920514940204865866e+02 2.837082972403500776e+02 4.566576793670186021e+02 6.397335301335874647e+02 1.381270686473859996e+03 2.065080834898112983e+01 1.646043145042768174e+03 3.622196276169157869e+01 2.655614127443620305e+02 7.327799821540201037e+02 8.848474736663218891e+02 1.223203516903511101e+01 2.168379124049618838e+02 6.039960508847071878e+02 3.982036185008936968e+02
0.000000000000000000e+00 7.352329885985410840e+01 1.781289858331465666e+03 0.000000000000000000e+00 1.784951021149876382e+01 1.258525748320145077e+00 2.984174466023329586e+01 6.064045399991989598e+02 2.357176685715855342e+02 6.730171668274716694e+02 7.645613643371286798e+02 1.688574711992230776e-02 8.749534179011409378e+02 2.785049202248777647e+02 4.324028401830781831e+02 1.977580013661037697e+02 7.750438872318197525e+01 2.338060681301565467e+02 8.898493288932880318e+01 7.172338383041445695e+02 1.135306521344575913e+03 1.087186610865284848e+02 2.905836996182773078e+02 9.164155928916525085e+00 7.689817226232456449e+00 0.000000000000000000e+00 1.280868808871250621e+02 1.711630242319463235e+01 1.012934940920606778e+03 7.931765440390238382e+02 6.956882712028434526e+02 1.884863837799537123e+02 4.457122896674574690e+02 8.973885136383847794e+01 1.147593389161632558e+03 1.470513406775331333e+01 8.885351228217454889e+01
6.784554621552054243e+01 8.674357119529312286e+02 8.119428454168747749e+02 1.307836769417257074e+03 1.480722362283769826e+03 3.356065886475477100e+02 1.336929885419827087e+03 7.246653410722268518e+02 2.254076690949057422e+02 1.347457035909917522e+01 6.025220195486242574e+02 2.241728999722122069e+02 2.261381190841554485e+02 6.364862366496338382e+02 1.033335796107393890e+03 5.286330734659632924e+01 2.369423376751211094e+02 6.006939785946192387e+02 5.724074545521850723e+02 4.088704741150696691e+02 3.043190473384807433e+02 3.741952785229240135e+02 6.130905453117460269e+01 3.062103022875551233e+02 6.698283522346234804e+02 5.141430699982213071e+01 3.730625563944691976e+02 0.000000000000000000e+00 0.000000000000000000e+00 1.113266726452783395e+01 1.495189108627153729e+01 0.000000000000000000e+00 2.756835669690097461e+02 1.443336507970392404e+02 1.902076688929381021e+02 7.140539388756384369e+02 1.319972715963992869e+02
0.000000000000000000e+00 1.004858653204588336e+03 8.929296506958445434e+02 0.000000000000000000e+00 1.835220110917522334e+02 3.637153859867087817e+02 2.829532071531377824e+02 1.142716398172098479e+03 6.281431702854589503e+02 0.000000000000000000e+00 0.000000000000000000e+00 4.560775061538749355e+02 3.014774521339083435e+02 0.000000000000000000e+00 2.741530689228973472e+01 4.037128948739077146e+02 8.996253797255948825e+01 4.953412043249076078e+02 3.925646620997735567e+02 1.333676559230884493e+02 6.620450712538799110e+01 2.357154608903234987e+02 1.525784631071312702e+01 1.846565240782044555e+02 8.586201090511667644e+02 1.363067729484649135e+03 2.716428405785692668e+00 1.526344287219480407e+02 9.013330592264945835e+02 1.892776347179070399e+03 1.577148658553763916e+01 5.950690231188813186e+02 5.720330729143246344e+02 3.842859863511050378e+01 7.319079967543648308e+02 0.000000000000000000e+00 0.000000000000000000e+00
0.000000000000000000e+00 5.494590275926226468e+02 3.457348295705620522e+00 6.007539848911193303e+01 5.536987247365743769e+02 0.000000000000000000e+00 3.345177163033309853e+02 0.000000000000000000e+00 7.565420282384498023e+02 1.602269478171456569e+02 1.256774990089774747e+03 0.000000000000000000e+00 5.207929578269381636e+02 1.339598252487048740e+02 6.104231516394416985e+02 4.937269495704709357e+02 1.070974146745135869e+01 4.687274806731735453e+02 1.147347613591941951e+01 4.730575690388962471e+02 3.859559515775359841e+02 0.000000000000000000e+00 2.992971782466683450e+01 1.373989548403669048e-01 3.625165579509390312e+01 1.948773753864751490e-01 7.875814537138791138e+02 1.298949138699507557e+03 1.148930753578651753e+01 5.063741681505037340e-01 2.013344819589403869e+02 3.303363472614312855e+02 1.557356915181436079e+03 3.836574707612475521e+01 1.025994476249415811e+03 7.756134066307301964e+02 4.131351854178686267e+02
5.703647510417513331e+02 1.054651010909502020e+03 2.802493815602737914e+00 1.270253790608522877e+02 1.137762376656420997e+02 2.639887726032408750e+02 2.674140222389081334e+00 6.932029522663957550e+02 0.000000000000000000e+00 1.941744190714035412e+01 0.000000000000000000e+00 1.209977932021837432e+03 2.973753629873453406e+02 5.626139762316419137e+02 6.064488327955538125e+02 7.981378877382200017e+02 0.000000000000000000e+00 5.095537464727147494e+02 7.064402985518343030e+02 3.556626088816953484e+02 4.581800493993305281e+02 5.263746892574390586e+02 1.065411395867228919e+02 1.124162007038016782e+02 6.354682680990715653e+02 9.367000823939780503e+02 4.970953329000232657e+02 2.986522192543175720e+02 1.033511058062548045e+03 3.458965518057784294e+01 8.693532559389344216e-01 5.410062602140266108e+02 8.111235930335993771e-01 1.435800599546735384e+03 1.304491809035723406e+02 7.529637294799163101e+02 2.496525044202763581e+02
1.435081700863178867e+03 3.177338672405945772e+02 5.021938381641795246e+01 1.191252522432968561e+02 3.588109919560324101e+02 6.064372212223427141e+02 2.219514735974773600e+02 0.000000000000000000e+00 2.248011326620595014e+02 5.485673618911813492e+02 1.617391421382182557e+02 7.016941036711752133e+01 4.555753969608463544e-02 5.628694677608568782e+02 2.971749811818730791e+02 3.596943021192895458e+02 1.093608573460330413e-01 9.860666525251921257e+02 3.230651550744620977e+02 1.211757873255996287e+01 6.187310125017774887e+00 4.585908355790862743e+02 1.254868737251553739e+03 1.873251145351622711e+02 8.416798580894571842e+02 0.000000000000000000e+00 3.933977376033927840e+02 2.247371203698276076e+02 0.000000000000000000e+00 1.273044893522323036e+03 1.639537872140822856e+03 8.586548874886752725e-02 5.732927365973419001e+02 1.668575892900263852e+03 8.762373220311561681e+02 9.722280719999762368e+02 3.327975043386558127e+02
5.163246045258441796e+01 8.346065221277860928e+02 7.343891031894287380e+02 9.954664637582871123e+00 8.712173567479458143e+02 5.920574974905903218e+02 2.490900531237092821e+02 2.600488434761663257e+02 4.292033056163333526e+02 2.959084195090584402e+01 7.189918728752296602e+02 8.136708167314488946e+02 3.382931845871443102e+02 8.595291154171598169e-01 1.235505187373601757e+03 0.000000000000000000e+00 3.956751773602914000e+02 2.339890073192669817e+01 9.948534939373637087e+00 1.096928940147643971e+03 2.820984994560342329e+02 6.128278581865997054e+00 4.201852789264905255e+02 2.248749628284166846e+01 1.119598796905236668e+03 7.900111971113052505e+02 1.157183853762019908e+03 4.990522813461261649e+02 5.003522028876986951e+02 3.206045073653559712e+02 6.458581705233084449e+02 0.000000000000000000e+00 0.000000000000000000e+00 6.549556950305202463e+00 1.256231548033195367e+00 2.293770435112446648e+02 2.877450995920459036e+02
