output/example/lateral_incision_000012.asc
nrows	75
cellsize	13.33333333
xllcorner	0
ncols	75
yllcorner	0
NODATA_value	-9999
[rows 17 to 33 of 75, columns 37 to 73 of 75]
3.377563089338213187e-12 0.000000000000000000e+00 1.675522207916435896e-12 0.000000000000000000e+00 8.693338870680724919e-12 0.000000000000000000e+00 4.428385239240064036e-12 2.425213434604721048e-11 1.669871575118029881e-12 1.664926045682265631e-12 1.663381722555081819e-12 0.000000000000000000e+00 0.000000000000000000e+00 0.000000000000000000e+00 0.000000000000000000e+00 5.695181504414204335e-13 0.000000000000000000e+00 0.000000000000000000e+00 4.103838631490245711e-12 0.000000000000000000e+00 1.675530856795964771e-12 0.000000000000000000e+00 1.464327330098066336e-12 0.000000000000000000e+00 0.000000000000000000e+00 0.000000000000000000e+00 4.178219826004356644e-11 0.000000000000000000e+00 3.415697107292003438e-12 1.663248663812158708e-12 0.000000000000000000e+00 0.000000000000000000e+00 8.631383753146759099e-12 4.364243242431468899e-12 0.000000000000000000e+00 4.216418938643359611e-12 3.390559735790259168e-12
0.000000000000000000e+00 3.420688757109470471e-12 0.000000000000000000e+00 1.106853526340845525e-11 1.671786305489415683e-12 0.000000000000000000e+00 1.673249366693670400e-12 9.847032883272247929e-12 0.000000000000000000e+00 5.730440667240391695e-13 0.000000000000000000e+00 0.000000000000000000e+00 0.000000000000000000e+00 0.000000000000000000e+00 5.695181504421958144e-13 0.000000000000000000e+00 5.700433856837499759e-13 3.402550286601254573e-12 0.000000000000000000e+00 3.399569916304504715e-12 0.000000000000000000e+00 3.399569916335230355e-12 0.000000000000000000e+00 0.000000000000000000e+00 5.701245007495589924e-13 0.000000000000000000e+00 5.422261338281801522e-12 3.401327404410134561e-12 5.073368027759662629e-12 0.000000000000000000e+00 1.658117406290472804e-12 1.658588995344551713e-12 0.000000000000000000e+00 3.389257665799506640e-12 1.848461181638487371e-12 0.000000000000000000e+00 5.695054514020111217e-13
0.000000000000000000e+00 3.015388624249673021e-12 3.409417962416609311e-12 1.668648062116662225e-12 0.000000000000000000e+00 5.743046082854203918e-13 0.000000000000000000e+00 0.000000000000000000e+00 0.000000000000000000e+00 1.033358178988015153e-12 5.701654735707184324e-13 0.000000000000000000e+00 0.000000000000000000e+00 0.000000000000000000e+00 3.396146055585630755e-12 4.231691551136357342e-12 0.000000000000000000e+00 3.006130715884308747e-12 3.406982027679661739e-12 6.102233681669507641e-12 0.000000000000000000e+00 3.394238439375160077e-12 0.000000000000000000e+00 0.000000000000000000e+00 1.665522843551066477e-12 1.663732332868259066e-12 0.000000000000000000e+00 2.064332625596547256e-10 1.650207983375403768e-12 8.680526119729778826e-12 0.000000000000000000e+00 5.693593545280960663e-13 0.000000000000000000e+00 0.000000000000000000e+00 0.000000000000000000e+00 1.658344974687022426e-12 0.000000000000000000e+00
0.000000000000000000e+00 5.710770326079905793e-13 3.401462205094119491e-12 8.471854512810380011e-12 1.674870650691877697e-12 0.000000000000000000e+00 0.000000000000000000e+00 0.000000000000000000e+00 0.000000000000000000e+00 0.000000000000000000e+00 0.000000000000000000e+00 0.000000000000000000e+00 0.000000000000000000e+00 0.000000000000000000e+00 0.000000000000000000e+00 3.402550286601254573e-12 1.665648283177750974e-12 0.000000000000000000e+00 1.668141437628909536e-12 0.000000000000000000e+00 5.734073412825198881e-13 1.150949718846003439e-10 3.433447016046058630e-12 5.203033113533151178e-17 0.000000000000000000e+00 1.663731483070840883e-12 1.667848840070197931e-12 5.658048304364493230e-13 0.000000000000000000e+00 0.000000000000000000e+00 1.658117406290472804e-12 5.691663179314274201e-13 0.000000000000000000e+00 0.000000000000000000e+00 0.000000000000000000e+00 0.000000000000000000e+00 0.000000000000000000e+00
8.742846388826598809e-11 0.000000000000000000e+00 2.718991324150158704e-11 2.835532692145755616e-11 0.000000000000000000e+00 0.000000000000000000e+00 0.000000000000000000e+00 0.000000000000000000e+00 0.000000000000000000e+00 0.000000000000000000e+00 0.000000000000000000e+00 0.000000000000000000e+00 6.068522162705926080e-13 0.000000000000000000e+00 1.746607055577344727e-12 0.000000000000000000e+00 3.406982582990873659e-12 1.668141437628909536e-12 0.000000000000000000e+00 4.347297664608412425e-12 6.839271220545638963e-12 0.000000000000000000e+00 0.000000000000000000e+00 1.667254454568123849e-12 3.359870873044018351e-12 3.407992554763466737e-12 0.000000000000000000e+00 0.000000000000000000e+00 0.000000000000000000e+00 0.000000000000000000e+00 0.000000000000000000e+00 0.000000000000000000e+00 0.000000000000000000e+00 0.000000000000000000e+00 1.661110551936865509e-12 1.661710833640764087e-12 0.000000000000000000e+00
0.000000000000000000e+00 8.535576608431051483e-11 3.403343305717336889e-12 0.000000000000000000e+00 0.000000000000000000e+00 0.000000000000000000e+00 0.000000000000000000e+00 0.000000000000000000e+00 3.374634954626884194e-12 1.646260288252806513e-12 0.000000000000000000e+00 5.638471526641383594e-13 0.000000000000000000e+00 6.009082462222976573e-13 0.000000000000000000e+00 1.717285627892314101e-12 0.000000000000000000e+00 3.401647780302372804e-12 1.175659642536469062e-16 0.000000000000000000e+00 5.532468084631714733e-13 1.459194678942179664e-12 3.607423803321945227e-11 3.407048479128018226e-12 3.470619962605598155e-11 3.409177855032646607e-12 0.000000000000000000e+00 0.000000000000000000e+00 0.000000000000000000e+00 1.660318726108116482e-12 0.000000000000000000e+00 0.000000000000000000e+00 0.000000000000000000e+00 1.076011370127527299e-11 0.000000000000000000e+00 0.000000000000000000e+00 0.000000000000000000e+00
6.092264699795929959e-12 9.976969749185151051e-10 3.376861006867130240e-12 0.000000000000000000e+00 0.000000000000000000e+00 0.000000000000000000e+00 0.000000000000000000e+00 3.374507920744564028e-12 1.651926662827348550e-12 0.000000000000000000e+00 5.651881766392104455e-13 3.366556059188512770e-12 0.000000000000000000e+00 0.000000000000000000e+00 5.937031329795023592e-13 0.000000000000000000e+00 9.721100901240225539e-11 3.388129018938741030e-12 0.000000000000000000e+00 3.710974703842295207e-10 5.316610708475462497e-13 0.000000000000000000e+00 0.000000000000000000e+00 1.669092605984251264e-12 0.000000000000000000e+00 3.396057921888970631e-11 3.411694493857594009e-12 1.539441018805040572e-10 1.661883602038643207e-12 0.000000000000000000e+00 0.000000000000000000e+00 3.008036426092049308e-11 1.662169982228995684e-12 0.000000000000000000e+00 1.661110551936865509e-12 1.661710833640764087e-12 0.000000000000000000e+00
1.673558749954268661e-12 0.000000000000000000e+00 5.697837376323282572e-13 1.066896429267996238e-11 0.000000000000000000e+00 4.201897126239908654e-12 3.377802514855301719e-12 1.650940794948079317e-12 0.000000000000000000e+00 3.332402381084581426e-12 3.374634954626884194e-12 0.000000000000000000e+00 0.000000000000000000e+00 5.720455277019789204e-13 3.173171794966146871e-12 4.458666957212141676e-10 0.000000000000000000e+00 0.000000000000000000e+00 1.664884091550542918e-12 3.346004144037935037e-12 0.000000000000000000e+00 0.000000000000000000e+00 0.000000000000000000e+00 3.409177855027858410e-12 1.671048158242291949e-12 0.000000000000000000e+00 1.668690612336556484e-12 1.669502786045016059e-12 0.000000000000000000e+00 1.666283813500254044e-12 0.000000000000000000e+00 1.662278805447710515e-12 0.000000000000000000e+00 4.720591680372185820e-12 1.661065178889055839e-12 1.661539435849993474e-12 0.000000000000000000e+00
3.383855278635269951e-12 5.364966966340441835e-12 1.381478848799848690e-16 0.000000000000000000e+00 5.361254867460615039e-12 5.669414468700997553e-13 4.206431230081990667e-12 0.000000000000000000e+00 5.033437927991866253e-12 3.378476328920528595e-12 0.000000000000000000e+00 1.667213675155364373e-12 0.000000000000000000e+00 3.002831599143790673e-12 1.575599270101723236e-12 0.000000000000000000e+00 3.792479067571008648e-10 3.273971478007927264e-11 0.000000000000000000e+00 1.666531517595576192e-12 1.828623260389133040e-10 0.000000000000000000e+00 0.000000000000000000e+00 0.000000000000000000e+00 0.000000000000000000e+00 9.830749707499367783e-12 0.000000000000000000e+00 5.739512690391742625e-13 2.472676589524691248e-11 2.788812400172141906e-19 1.318105288780815781e-11 2.063434954774894725e-19 1.375359262923602551e-11 3.398691113584065598e-12 0.000000000000000000e+00 0.000000000000000000e+00 0.000000000000000000e+00
0.000000000000000000e+00 0.000000000000000000e+00 1.651798491676842672e-12 1.341501638832561746e-16 3.380374450032588218e-12 1.651525084360725098e-12 1.985130879847122072e-09 5.672216975800825649e-13 1.979312515983948113e-11 0.000000000000000000e+00 0.000000000000000000e+00 3.389131671022556830e-12 5.725234004282552045e-13 2.989095527414171953e-12 1.075784648959890925e-11 1.659143630712233660e-12 3.372846572488414051e-12 0.000000000000000000e+00 1.329294209129820584e-17 2.901182784147014781e-11 1.649641038524604976e-12 1.647916692823530673e-12 0.000000000000000000e+00 0.000000000000000000e+00 0.000000000000000000e+00 1.663431833816284188e-12 5.738788092325526662e-13 5.417034132992317175e-12 3.465892761685351362e-12 3.382530780276078813e-12 0.000000000000000000e+00 2.821508760518129953e-11 3.397774119652130654e-12 3.694876661058865778e-12 1.851671411142633705e-12 5.702221620883371942e-13 0.000000000000000000e+00
0.000000000000000000e+00 0.000000000000000000e+00 0.000000000000000000e+00 1.649077334596417280e-12 5.514236872924946960e-16 9.622040803775972214e-10 3.376999053095812003e-12 1.490418155233180286e-11 0.000000000000000000e+00 0.000000000000000000e+00 0.000000000000000000e+00 1.765974112753242504e-11 8.499673200329256856e-19 0.000000000000000000e+00 1.621259351541962939e-12 1.664112517077398296e-12 1.866927940354479149e-12 0.000000000000000000e+00 0.000000000000000000e+00 1.558601641106405991e-11 5.735972854249109548e-13 2.805358526728392547e-11 0.000000000000000000e+00 0.000000000000000000e+00 0.000000000000000000e+00 0.000000000000000000e+00 1.649903809676090659e-12 0.000000000000000000e+00 6.937685509304790854e-13 7.177037767116406669e-11 2.985135532752212485e-12 0.000000000000000000e+00 1.654024685027183882e-12 3.696350938635915914e-12 9.727924672888589059e-12 5.695687366104016265e-13 0.000000000000000000e+00
0.000000000000000000e+00 0.000000000000000000e+00 0.000000000000000000e+00 0.000000000000000000e+00 0.000000000000000000e+00 3.348583463674719088e-12 0.000000000000000000e+00 3.299270431221199799e-10 3.375739319639747984e-12 0.000000000000000000e+00 5.965925638274370009e-12 1.657692521674978720e-12 0.000000000000000000e+00 1.856189395287656303e-12 0.000000000000000000e+00 5.766253626197258981e-13 0.000000000000000000e+00 1.679734753140922995e-12 0.000000000000000000e+00 7.784861185324784034e-11 1.843413322046784690e-12 1.671635595667822506e-12 0.000000000000000000e+00 0.000000000000000000e+00 0.000000000000000000e+00 0.000000000000000000e+00 0.000000000000000000e+00 0.000000000000000000e+00 0.000000000000000000e+00 0.000000000000000000e+00 5.663226328850386601e-13 5.704292317664159492e-13 1.648930161947446800e-12 0.000000000000000000e+00 8.690287796537607004e-12 0.000000000000000000e+00 5.697325700696088500e-13
0.000000000000000000e+00 0.000000000000000000e+00 0.000000000000000000e+00 0.000000000000000000e+00 4.246114403978711366e-12 0.000000000000000000e+00 5.447066993416523039e-13 0.000000000000000000e+00 1.651291451941943564e-12 2.386105066311165561e-11 1.657137569577708460e-12 0.000000000000000000e+00 1.664250427173514343e-12 1.099482684275313701e-11 1.664254274800803101e-12 3.421135055883103267e-12 5.764253981795293249e-13 0.000000000000000000e+00 0.000000000000000000e+00 3.417656934652125445e-12 0.000000000000000000e+00 1.976917501777281452e-18 3.418237716127819161e-12 1.670782112098612711e-12 0.000000000000000000e+00 0.000000000000000000e+00 0.000000000000000000e+00 0.000000000000000000e+00 0.000000000000000000e+00 0.000000000000000000e+00 0.000000000000000000e+00 0.000000000000000000e+00 0.000000000000000000e+00 1.659861499813926383e-12 1.660163571226288864e-12 1.660314650564820045e-12 0.000000000000000000e+00
0.000000000000000000e+00 0.000000000000000000e+00 0.000000000000000000e+00 5.224576334515509171e-13 0.000000000000000000e+00 1.537036251394382093e-12 1.005275897551239708e-11 1.653687756823757304e-12 0.000000000000000000e+00 1.087168624469654347e-18 1.568640644536118483e-12 5.330519717703569702e-13 3.391973850629232350e-12 5.709618973764377628e-13 0.000000000000000000e+00 0.000000000000000000e+00 0.000000000000000000e+00 0.000000000000000000e+00 0.000000000000000000e+00 0.000000000000000000e+00 4.264876072455877665e-19 0.000000000000000000e+00 2.210470245204326729e-11 1.111176977207087175e-11 0.000000000000000000e+00 0.000000000000000000e+00 0.000000000000000000e+00 0.000000000000000000e+00 0.000000000000000000e+00 0.000000000000000000e+00 0.000000000000000000e+00 0.000000000000000000e+00 0.000000000000000000e+00 1.660383630700622135e-12 0.000000000000000000e+00 1.661813070135130615e-12 0.000000000000000000e+00
1.659179630178952158e-12 0.000000000000000000e+00 0.000000000000000000e+00 0.000000000000000000e+00 5.233869628941532964e-13 0.000000000000000000e+00 1.651193275986780858e-12 3.375482017565532925e-12 5.518051921325663421e-17 4.881800037095653486e-10 2.266739594121291391e-16 0.000000000000000000e+00 0.000000000000000000e+00 0.000000000000000000e+00 0.000000000000000000e+00 0.000000000000000000e+00 4.233244885338078487e-12 0.000000000000000000e+00 0.000000000000000000e+00 0.000000000000000000e+00 0.000000000000000000e+00 1.669426709147064389e-12 1.860161308367665338e-12 6.800821597339427913e-18 0.000000000000000000e+00 0.000000000000000000e+00 0.000000000000000000e+00 2.631630127124266534e-11 3.393983989319605419e-12 0.000000000000000000e+00 0.000000000000000000e+00 0.000000000000000000e+00 0.000000000000000000e+00 0.000000000000000000e+00 0.000000000000000000e+00 0.000000000000000000e+00 0.000000000000000000e+00
0.000000000000000000e+00 0.000000000000000000e+00 0.000000000000000000e+00 0.000000000000000000e+00 0.000000000000000000e+00 1.645610419174819376e-12 0.000000000000000000e+00 1.651193275986780858e-12 0.000000000000000000e+00 5.526092877594417847e-10 5.685752908073629261e-13 0.000000000000000000e+00 0.000000000000000000e+00 0.000000000000000000e+00 1.652166816878398647e-12 1.662009712265574408e-12 0.000000000000000000e+00 0.000000000000000000e+00 1.674954094883232580e-12 0.000000000000000000e+00 0.000000000000000000e+00 0.000000000000000000e+00 1.669578300027106592e-12 1.876480310491786213e-11 1.374994170657844912e-11 3.402376883440982435e-12 2.069742537943796145e-18 0.000000000000000000e+00 1.450334843102145025e-12 8.639665230013276888e-12 4.252295892287678587e-12 1.677300426291499320e-12 1.678593018997840907e-12 5.761541074985697328e-13 0.000000000000000000e+00 0.000000000000000000e+00 0.000000000000000000e+00
5.684532673940802639e-13 1.552401031091914111e-12 0.000000000000000000e+00 0.000000000000000000e+00 0.000000000000000000e+00 0.000000000000000000e+00 1.645610419174819376e-12 0.000000000000000000e+00 1.661873496586344223e-12 3.386731135378324037e-12 3.386731080026465444e-12 2.169626156514043594e-16 0.000000000000000000e+00 3.369534764544394660e-12 0.000000000000000000e+00 0.000000000000000000e+00 1.667732507521822338e-12 1.674954094883232580e-12 0.000000000000000000e+00 0.000000000000000000e+00 0.000000000000000000e+00 0.000000000000000000e+00 1.212480278465124436e-10 1.667883304058212349e-12 3.413913837368859697e-12 1.028621711642126960e-12 2.975846489157556129e-12 1.427118436305574987e-19 1.671948341629714565e-12 1.676112909042837282e-12 0.000000000000000000e+00 0.000000000000000000e+00 5.757553344816051178e-13 0.000000000000000000e+00 0.000000000000000000e+00 0.000000000000000000e+00 0.000000000000000000e+00
