output/example/lateral_incision_000005.asc
nrows	75
cellsize	13.33333333
xllcorner	0
ncols	75
yllcorner	0
NODATA_value	-9999
[rows 17 to 33 of 75, columns 37 to 73 of 75]
0.000000000000000000e+00 0.000000000000000000e+00 1.661385359934226297e-12 0.000000000000000000e+00 8.695637462853795450e-12 1.680212683324236225e-11 0.000000000000000000e+00 5.722698031484053456e-13 1.642931533319753742e-12 1.640012101751075316e-12 5.628275400228842359e-13 0.000000000000000000e+00 0.000000000000000000e+00 0.000000000000000000e+00 0.000000000000000000e+00 1.658499668696972858e-12 0.000000000000000000e+00 0.000000000000000000e+00 3.549905782015312465e-12 0.000000000000000000e+00 1.610217700691537597e-12 0.000000000000000000e+00 1.223005352827456610e-11 0.000000000000000000e+00 5.526861788004113028e-13 0.000000000000000000e+00 0.000000000000000000e+00 3.255433526660385758e-12 1.664907431924370821e-11 3.250672400799910404e-12 0.000000000000000000e+00 0.000000000000000000e+00 8.364833003956620275e-12 6.340782247219916295e-12 0.000000000000000000e+00 1.795621147035057967e-12 0.000000000000000000e+00
0.000000000000000000e+00 1.387104574004657681e-11 0.000000000000000000e+00 5.451798471766604888e-12 3.419235010070159604e-12 0.000000000000000000e+00 5.667689157515682236e-13 1.641824357766034711e-12 0.000000000000000000e+00 5.636528571823242948e-13 0.000000000000000000e+00 0.000000000000000000e+00 0.000000000000000000e+00 0.000000000000000000e+00 5.688402104024010806e-13 0.000000000000000000e+00 1.647641898781034783e-12 3.339924595770098038e-12 0.000000000000000000e+00 3.308398351695741436e-12 0.000000000000000000e+00 3.308398351695741436e-12 0.000000000000000000e+00 0.000000000000000000e+00 0.000000000000000000e+00 7.352477011213566289e-11 5.178844734658541783e-12 3.258222558677947851e-12 0.000000000000000000e+00 0.000000000000000000e+00 2.882296804527025517e-12 1.603324502646381860e-12 1.609188341255393702e-12 3.302121531667858228e-12 2.901924985783035853e-12 5.539085549317391449e-13 1.613931744808039297e-12
0.000000000000000000e+00 6.148291180192522211e-12 8.826523762843342869e-11 0.000000000000000000e+00 0.000000000000000000e+00 5.678929870437849763e-13 3.400128922905036011e-12 0.000000000000000000e+00 1.838367140309056019e-12 1.014172899094090380e-12 0.000000000000000000e+00 0.000000000000000000e+00 0.000000000000000000e+00 0.000000000000000000e+00 3.361903212857789825e-12 5.682457364377001547e-13 0.000000000000000000e+00 4.103153540334606557e-12 3.345298087588614954e-12 3.325514613281943638e-12 0.000000000000000000e+00 6.309790874158753650e-10 0.000000000000000000e+00 3.295928707257505918e-12 1.601916263741333110e-12 1.849038637164789890e-12 1.601973868233314939e-12 6.497977828269531438e-13 5.515966334701491961e-13 5.488650581135148694e-13 0.000000000000000000e+00 1.600021526647184942e-12 0.000000000000000000e+00 0.000000000000000000e+00 0.000000000000000000e+00 5.562716503819075873e-13 0.000000000000000000e+00
0.000000000000000000e+00 3.416791754823694680e-12 0.000000000000000000e+00 3.416791754823694680e-12 1.658160846765004021e-12 0.000000000000000000e+00 0.000000000000000000e+00 0.000000000000000000e+00 0.000000000000000000e+00 0.000000000000000000e+00 3.498389788557053901e-12 1.727241481406256827e-12 0.000000000000000000e+00 0.000000000000000000e+00 0.000000000000000000e+00 3.339924595750784906e-12 5.634028676164280763e-13 0.000000000000000000e+00 1.631448668186078422e-12 2.840100953396958194e-11 7.539436630733800429e-12 3.351297882866711438e-12 0.000000000000000000e+00 1.621758181002622215e-12 7.547297427245068519e-11 1.734766223704046411e-11 5.480227824495985001e-13 1.602299445543128680e-12 0.000000000000000000e+00 0.000000000000000000e+00 5.514927164319487747e-13 5.535044294615844708e-13 5.488679459921018151e-13 0.000000000000000000e+00 0.000000000000000000e+00 0.000000000000000000e+00 0.000000000000000000e+00
9.906895834927633214e-10 3.386752778518344345e-12 6.074428273315923292e-13 3.011953358080898878e-12 0.000000000000000000e+00 0.000000000000000000e+00 0.000000000000000000e+00 0.000000000000000000e+00 0.000000000000000000e+00 3.479203777948619101e-12 1.706316600185305017e-12 0.000000000000000000e+00 1.727241481406256827e-12 0.000000000000000000e+00 0.000000000000000000e+00 0.000000000000000000e+00 3.345298087141482232e-12 1.631448668186078422e-12 3.366300788422917433e-12 1.647353431373025955e-12 8.516037659572327987e-11 0.000000000000000000e+00 5.120658653463517247e-12 3.058181818816807598e-12 3.464209509709711342e-11 3.247387859575633744e-12 0.000000000000000000e+00 0.000000000000000000e+00 0.000000000000000000e+00 0.000000000000000000e+00 0.000000000000000000e+00 0.000000000000000000e+00 0.000000000000000000e+00 0.000000000000000000e+00 1.617796334214175811e-12 1.629318869832657164e-12 0.000000000000000000e+00
5.692912912304148520e-13 0.000000000000000000e+00 8.596414880314002638e-12 0.000000000000000000e+00 0.000000000000000000e+00 0.000000000000000000e+00 0.000000000000000000e+00 0.000000000000000000e+00 3.494591911373018366e-12 1.695492429976178680e-12 0.000000000000000000e+00 1.486165273588102675e-12 0.000000000000000000e+00 0.000000000000000000e+00 0.000000000000000000e+00 3.349256262731491898e-12 1.624661768379337134e-12 3.367631702586576036e-12 1.640050122641070659e-12 1.072338276301319411e-10 5.626266518681339795e-13 1.451525385181829301e-12 4.720985554497771087e-10 5.011561501381052916e-13 0.000000000000000000e+00 9.618690657456141473e-11 0.000000000000000000e+00 0.000000000000000000e+00 0.000000000000000000e+00 1.615694549081269473e-12 0.000000000000000000e+00 0.000000000000000000e+00 0.000000000000000000e+00 1.036845072979432462e-11 0.000000000000000000e+00 0.000000000000000000e+00 0.000000000000000000e+00
4.169133117334301900e-13 3.385953473343436973e-10 0.000000000000000000e+00 3.371341756078881461e-10 0.000000000000000000e+00 3.244316828789928146e-12 0.000000000000000000e+00 6.366095147957452095e-12 1.708494876455223461e-12 0.000000000000000000e+00 3.025945135466320793e-12 3.479203777948619101e-12 0.000000000000000000e+00 0.000000000000000000e+00 1.647419748040832331e-12 1.647192043383527223e-12 1.960208781816396229e-10 2.981044200779392746e-12 0.000000000000000000e+00 1.142828889739767682e-16 2.449225693130950108e-18 0.000000000000000000e+00 0.000000000000000000e+00 0.000000000000000000e+00 9.033701130807055420e-11 0.000000000000000000e+00 5.475386926130897866e-13 1.377187829937479806e-10 1.609950806432106641e-12 0.000000000000000000e+00 0.000000000000000000e+00 2.933148390104818402e-11 1.610368774597556471e-12 0.000000000000000000e+00 1.780881515443249020e-12 5.572661629085514046e-13 0.000000000000000000e+00
0.000000000000000000e+00 1.656464182387621115e-12 1.655753638275688385e-12 3.398699472295030285e-12 1.656201717847112705e-12 2.782056173640627229e-11 3.498367214950859993e-12 1.727236729103426477e-12 0.000000000000000000e+00 1.708494876455223461e-12 3.398798123104124397e-12 0.000000000000000000e+00 0.000000000000000000e+00 0.000000000000000000e+00 0.000000000000000000e+00 3.364584639762679904e-12 1.647633095966428721e-12 0.000000000000000000e+00 1.645511040190774827e-12 0.000000000000000000e+00 0.000000000000000000e+00 0.000000000000000000e+00 0.000000000000000000e+00 0.000000000000000000e+00 3.261426125564926344e-12 0.000000000000000000e+00 1.594170604231197465e-12 2.663265851483934481e-11 0.000000000000000000e+00 2.229929517126579748e-11 0.000000000000000000e+00 1.614472005922423586e-12 0.000000000000000000e+00 1.610368774597556471e-12 1.615375209475829288e-12 1.626592624841123504e-12 0.000000000000000000e+00
0.000000000000000000e+00 0.000000000000000000e+00 1.656464182387609604e-12 5.418913823383147625e-12 0.000000000000000000e+00 5.412003505572196257e-16 1.712089710868140333e-12 0.000000000000000000e+00 1.704355344341282028e-12 0.000000000000000000e+00 0.000000000000000000e+00 5.529619942335090182e-13 0.000000000000000000e+00 1.579776941154470222e-12 5.643956386042923825e-13 1.646020269554374825e-12 0.000000000000000000e+00 3.277406850485896863e-11 1.119650924746335016e-18 1.638503049661971794e-12 6.039048463137423160e-12 0.000000000000000000e+00 0.000000000000000000e+00 0.000000000000000000e+00 0.000000000000000000e+00 2.890277215298374313e-12 2.891144396080799934e-12 0.000000000000000000e+00 3.201434143240441183e-12 3.223719798466964326e-12 1.609152798552619181e-12 3.295682623534611830e-12 1.338161631776825392e-11 3.304545353889745979e-12 0.000000000000000000e+00 0.000000000000000000e+00 0.000000000000000000e+00
0.000000000000000000e+00 0.000000000000000000e+00 1.454498122974144248e-12 0.000000000000000000e+00 9.528998292152042824e-10 3.378474347514802825e-12 1.859021266839183719e-12 8.284541514748206044e-12 0.000000000000000000e+00 0.000000000000000000e+00 0.000000000000000000e+00 3.273660765373633166e-12 2.839150651758968923e-12 4.447011795333665390e-10 1.071316984538664933e-11 6.080549430918336370e-12 1.515196722054528218e-10 0.000000000000000000e+00 1.638571125726702803e-12 0.000000000000000000e+00 1.630419806805476745e-12 1.645688420905820614e-12 0.000000000000000000e+00 0.000000000000000000e+00 0.000000000000000000e+00 0.000000000000000000e+00 1.612606715216344055e-12 3.263043020913731740e-12 5.548382080948777840e-13 1.259674003985239617e-11 0.000000000000000000e+00 2.666988130541471075e-11 3.302470775387286332e-12 3.566369412105696516e-12 1.615375209476137865e-12 1.626592624841164096e-12 0.000000000000000000e+00
0.000000000000000000e+00 0.000000000000000000e+00 5.662740047079995882e-13 5.677895155802592123e-13 1.647668756181907723e-12 2.477320066106559559e-11 1.717824247278870907e-12 2.367108508121600164e-11 0.000000000000000000e+00 0.000000000000000000e+00 0.000000000000000000e+00 1.758274758038254441e-11 8.499673200329256856e-19 0.000000000000000000e+00 5.668058292747319781e-13 3.351417393731390235e-12 1.831159503467297738e-12 0.000000000000000000e+00 3.353797360290796675e-12 2.721069677078460492e-11 0.000000000000000000e+00 0.000000000000000000e+00 5.659436666025549246e-13 0.000000000000000000e+00 0.000000000000000000e+00 0.000000000000000000e+00 1.614430894057933058e-12 0.000000000000000000e+00 5.531157918265039356e-13 6.701665995845917312e-11 2.920351439105218087e-12 0.000000000000000000e+00 1.626064681614390141e-12 3.599023168071113482e-12 8.351283973806713819e-12 5.539470963631419271e-13 0.000000000000000000e+00
0.000000000000000000e+00 0.000000000000000000e+00 5.659884181948383080e-13 0.000000000000000000e+00 0.000000000000000000e+00 3.331908257500992021e-12 0.000000000000000000e+00 1.673799932023748862e-12 3.518809898072635216e-12 1.609623924556917964e-12 8.522763795466387145e-12 1.635405063820452861e-12 0.000000000000000000e+00 1.624640242492226815e-12 2.865190381686887729e-12 1.647988620432231253e-12 0.000000000000000000e+00 1.662911949654151408e-12 0.000000000000000000e+00 7.317496884059731691e-11 1.404655908498004531e-12 1.626921046880983122e-12 0.000000000000000000e+00 0.000000000000000000e+00 0.000000000000000000e+00 0.000000000000000000e+00 0.000000000000000000e+00 0.000000000000000000e+00 0.000000000000000000e+00 0.000000000000000000e+00 0.000000000000000000e+00 5.544294002475005256e-13 5.530105604618476753e-13 0.000000000000000000e+00 8.396969873983341150e-12 0.000000000000000000e+00 5.188612630584255059e-12
0.000000000000000000e+00 0.000000000000000000e+00 0.000000000000000000e+00 0.000000000000000000e+00 3.344655360817474402e-12 0.000000000000000000e+00 6.238534482487835030e-13 0.000000000000000000e+00 1.686380909088173052e-12 2.008439785624338871e-11 1.635527776586304342e-12 0.000000000000000000e+00 1.623386934786761825e-12 1.105507146555453536e-11 1.617253255398757905e-12 3.381998081967254682e-12 5.719559516369364141e-13 0.000000000000000000e+00 0.000000000000000000e+00 3.307357686346847656e-12 0.000000000000000000e+00 1.811964853278553268e-18 3.326420947485118522e-12 1.658346469779924154e-12 0.000000000000000000e+00 0.000000000000000000e+00 0.000000000000000000e+00 0.000000000000000000e+00 0.000000000000000000e+00 0.000000000000000000e+00 0.000000000000000000e+00 0.000000000000000000e+00 0.000000000000000000e+00 1.617396152115898072e-12 1.395314117563645281e-12 1.634305332314763466e-12 0.000000000000000000e+00
0.000000000000000000e+00 0.000000000000000000e+00 0.000000000000000000e+00 6.012092651347559408e-13 0.000000000000000000e+00 1.825039870985070885e-12 1.336119476886268363e-11 1.723556108182099791e-12 0.000000000000000000e+00 2.057843809153464409e-10 3.215511300106128566e-12 5.579206620355171727e-13 3.337327820182095241e-12 5.570540545360070027e-13 0.000000000000000000e+00 0.000000000000000000e+00 0.000000000000000000e+00 0.000000000000000000e+00 0.000000000000000000e+00 0.000000000000000000e+00 4.916760210450436614e-19 0.000000000000000000e+00 1.976787409541573657e-11 1.065662858788216026e-11 0.000000000000000000e+00 0.000000000000000000e+00 0.000000000000000000e+00 0.000000000000000000e+00 1.461330190900564238e-12 1.036607007790931510e-12 0.000000000000000000e+00 0.000000000000000000e+00 0.000000000000000000e+00 1.630387170286161906e-12 0.000000000000000000e+00 0.000000000000000000e+00 0.000000000000000000e+00
1.645228337100262240e-12 0.000000000000000000e+00 0.000000000000000000e+00 0.000000000000000000e+00 0.000000000000000000e+00 0.000000000000000000e+00 1.764145629815926517e-12 2.660223804945552859e-12 2.292350948846578793e-12 0.000000000000000000e+00 5.740491649077996576e-10 0.000000000000000000e+00 0.000000000000000000e+00 0.000000000000000000e+00 0.000000000000000000e+00 0.000000000000000000e+00 4.108432306095948528e-12 0.000000000000000000e+00 0.000000000000000000e+00 0.000000000000000000e+00 0.000000000000000000e+00 1.643585470804143993e-12 1.794945612708606663e-12 1.811632218892254360e-11 3.335334272395144163e-12 0.000000000000000000e+00 0.000000000000000000e+00 1.991829291470286801e-11 3.392365698041285136e-12 1.671589825655506354e-12 0.000000000000000000e+00 0.000000000000000000e+00 0.000000000000000000e+00 0.000000000000000000e+00 0.000000000000000000e+00 0.000000000000000000e+00 0.000000000000000000e+00
0.000000000000000000e+00 0.000000000000000000e+00 0.000000000000000000e+00 0.000000000000000000e+00 0.000000000000000000e+00 0.000000000000000000e+00 0.000000000000000000e+00 1.091598581929641664e-12 1.040689301800702334e-09 1.889432387682932538e-10 1.653392862514429982e-11 0.000000000000000000e+00 0.000000000000000000e+00 0.000000000000000000e+00 1.616683256494520724e-12 1.625831663807590694e-12 0.000000000000000000e+00 0.000000000000000000e+00 1.648722958486872028e-12 0.000000000000000000e+00 0.000000000000000000e+00 0.000000000000000000e+00 1.619949089222348825e-12 0.000000000000000000e+00 1.418626622713025557e-11 3.345262825995405077e-12 1.425442316767487501e-18 0.000000000000000000e+00 1.667819178649369385e-12 5.420401239752284484e-12 1.673914994070968028e-12 1.667971301646623122e-12 0.000000000000000000e+00 0.000000000000000000e+00 0.000000000000000000e+00 0.000000000000000000e+00 0.000000000000000000e+00
5.399197873151392879e-18 1.642515972164735307e-12 0.000000000000000000e+00 0.000000000000000000e+00 0.000000000000000000e+00 0.000000000000000000e+00 1.770235293681775822e-12 0.000000000000000000e+00 1.560865994125652182e-12 3.348330476988084177e-12 0.000000000000000000e+00 1.834075184028684866e-10 3.344658741752271468e-12 3.325550723516481173e-12 0.000000000000000000e+00 0.000000000000000000e+00 9.965728993857773204e-13 1.648722958486872028e-12 0.000000000000000000e+00 0.000000000000000000e+00 0.000000000000000000e+00 0.000000000000000000e+00 3.335334272395144163e-12 1.656453424542865817e-12 0.000000000000000000e+00 1.017672037325569308e-12 4.187464046463361348e-12 1.035248122542349701e-19 1.673399698888186202e-12 1.668173849869875110e-12 1.040037292878567377e-12 0.000000000000000000e+00 0.000000000000000000e+00 0.000000000000000000e+00 0.000000000000000000e+00 0.000000000000000000e+00 0.000000000000000000e+00
