output/example/lateral_incision_000039.asc
nrows	75
cellsize	13.33333333
xllcorner	0
ncols	75
yllcorner	0
NODATA_value	-9999
[rows 17 to 33 of 75, columns 37 to 73 of 75]
3.363109185130125657e-12 0.000000000000000000e+00 1.667501238421510323e-12 3.404436382813022909e-12 0.000000000000000000e+00 3.401004197150967170e-12 1.663622307253227358e-12 0.000000000000000000e+00 3.011383759222179884e-12 0.000000000000000000e+00 5.707725356663121887e-13 0.000000000000000000e+00 0.000000000000000000e+00 0.000000000000000000e+00 0.000000000000000000e+00 5.860290470385703547e-13 0.000000000000000000e+00 0.000000000000000000e+00 3.421636624678840281e-12 5.751041643740464642e-13 1.684024440079671252e-12 0.000000000000000000e+00 5.806990266227788010e-13 0.000000000000000000e+00 0.000000000000000000e+00 1.770307790637234471e-11 1.833800749539517106e-11 0.000000000000000000e+00 7.917730870019572723e-12 4.065376960440999684e-12 0.000000000000000000e+00 0.000000000000000000e+00 8.700575946956788950e-12 3.728040704687071454e-12 0.000000000000000000e+00 1.851812256126358564e-12 3.383912029675128114e-12
0.000000000000000000e+00 1.177331496063585689e-11 0.000000000000000000e+00 4.226911199736026892e-12 1.102641695378644272e-11 1.662304919138959577e-12 0.000000000000000000e+00 5.725526380673364712e-13 1.812175644022244461e-18 5.725801776397338389e-13 0.000000000000000000e+00 0.000000000000000000e+00 0.000000000000000000e+00 0.000000000000000000e+00 5.825134156351965374e-13 0.000000000000000000e+00 4.309760741319174906e-12 3.457746773732518215e-12 2.599950219266390407e-11 5.776304212137188549e-13 6.136491284947486403e-12 1.684024440079671252e-12 0.000000000000000000e+00 0.000000000000000000e+00 8.811168019320325456e-12 1.660247361571766443e-12 0.000000000000000000e+00 1.665084231316121365e-12 1.667860942822151611e-12 0.000000000000000000e+00 1.651634683647984658e-12 3.387633728949732803e-12 0.000000000000000000e+00 3.399467209564818925e-12 2.992736114689685019e-12 0.000000000000000000e+00 5.662419607375887521e-13
0.000000000000000000e+00 6.136294969930800869e-12 1.664887785423329470e-12 3.393779976993258586e-12 1.661841273491032372e-12 0.000000000000000000e+00 5.718885250215640053e-13 3.401004197150967170e-12 0.000000000000000000e+00 0.000000000000000000e+00 0.000000000000000000e+00 0.000000000000000000e+00 0.000000000000000000e+00 0.000000000000000000e+00 3.473558934611552940e-12 4.309760741319174906e-12 0.000000000000000000e+00 3.032710754890120870e-12 3.440669453318103968e-12 5.767264300582526258e-13 3.405797668535035181e-12 0.000000000000000000e+00 0.000000000000000000e+00 3.371710232627111843e-12 1.658940003935265515e-12 0.000000000000000000e+00 1.715868152984717441e-12 3.391992081913436170e-12 5.677334473578592264e-13 8.762754954651050415e-12 0.000000000000000000e+00 5.679600879945056603e-13 0.000000000000000000e+00 0.000000000000000000e+00 0.000000000000000000e+00 1.648957698876644056e-12 0.000000000000000000e+00
0.000000000000000000e+00 0.000000000000000000e+00 6.076861694513475171e-12 1.657598832015821680e-12 0.000000000000000000e+00 1.666936403096919285e-12 6.125066407856127889e-12 0.000000000000000000e+00 0.000000000000000000e+00 0.000000000000000000e+00 0.000000000000000000e+00 0.000000000000000000e+00 0.000000000000000000e+00 0.000000000000000000e+00 0.000000000000000000e+00 0.000000000000000000e+00 5.842982723988427750e-13 0.000000000000000000e+00 1.677439224917794005e-12 0.000000000000000000e+00 1.027280813233973765e-10 1.034884783441348807e-10 3.388580599983974213e-12 1.568466322679506329e-12 0.000000000000000000e+00 5.869941060741395575e-13 8.626011655900702653e-12 1.659670226293687520e-12 0.000000000000000000e+00 0.000000000000000000e+00 1.028655180197216403e-12 3.387633728949732803e-12 0.000000000000000000e+00 0.000000000000000000e+00 0.000000000000000000e+00 0.000000000000000000e+00 0.000000000000000000e+00
1.658226448550462168e-12 0.000000000000000000e+00 1.648762463095299170e-12 0.000000000000000000e+00 1.657598832015821680e-12 6.728051368859692283e-11 0.000000000000000000e+00 0.000000000000000000e+00 0.000000000000000000e+00 3.413017764710585108e-12 0.000000000000000000e+00 5.716493529962323769e-13 0.000000000000000000e+00 0.000000000000000000e+00 1.668804823013016118e-12 0.000000000000000000e+00 0.000000000000000000e+00 1.677439224917794005e-12 3.045140459191179435e-11 7.602415349245301062e-12 3.398834015467704583e-12 0.000000000000000000e+00 0.000000000000000000e+00 3.458973525090774113e-11 3.396199313299966467e-12 1.099349528806999132e-11 0.000000000000000000e+00 0.000000000000000000e+00 0.000000000000000000e+00 0.000000000000000000e+00 0.000000000000000000e+00 0.000000000000000000e+00 0.000000000000000000e+00 0.000000000000000000e+00 1.657635198970374656e-12 1.651630553060515978e-12 0.000000000000000000e+00
0.000000000000000000e+00 3.355692781354083396e-12 0.000000000000000000e+00 1.664907987090341296e-12 6.076861694513475171e-12 0.000000000000000000e+00 0.000000000000000000e+00 0.000000000000000000e+00 3.404646946111642745e-12 1.669006775825710560e-12 0.000000000000000000e+00 1.666066080913647025e-12 0.000000000000000000e+00 5.725469526905123538e-13 0.000000000000000000e+00 1.668634337275647665e-12 0.000000000000000000e+00 3.395849661063529096e-12 9.659686438006902553e-12 5.726185459523325402e-13 1.657691120546076507e-12 4.244120694569406095e-12 3.407525586287612119e-12 3.339105987718353470e-12 3.340856130173660390e-18 3.399299063609473899e-12 0.000000000000000000e+00 0.000000000000000000e+00 0.000000000000000000e+00 0.000000000000000000e+00 0.000000000000000000e+00 0.000000000000000000e+00 0.000000000000000000e+00 1.087575079588381037e-11 0.000000000000000000e+00 1.655633650333757654e-12 0.000000000000000000e+00
1.656596036571323522e-12 1.057195213120225817e-10 1.006616462021547457e-09 5.633644815411965518e-13 0.000000000000000000e+00 0.000000000000000000e+00 0.000000000000000000e+00 0.000000000000000000e+00 1.665492646878549261e-12 0.000000000000000000e+00 8.724375425034258338e-12 0.000000000000000000e+00 0.000000000000000000e+00 0.000000000000000000e+00 5.727163368090993253e-13 0.000000000000000000e+00 1.663850068003749057e-12 1.659483279081807738e-12 0.000000000000000000e+00 2.096718545713034999e-17 1.665286935795899406e-12 0.000000000000000000e+00 5.727436381269951501e-13 2.467079907818207320e-19 0.000000000000000000e+00 3.093976884779149167e-11 1.102374643483803355e-11 0.000000000000000000e+00 0.000000000000000000e+00 0.000000000000000000e+00 1.650639834512449436e-12 0.000000000000000000e+00 1.673809867367119854e-12 0.000000000000000000e+00 1.657635198970374656e-12 1.651630553060515978e-12 0.000000000000000000e+00
0.000000000000000000e+00 1.656189350316269420e-12 3.381743541095312370e-12 0.000000000000000000e+00 1.654187284519763261e-12 1.665173057771622172e-12 3.382536598021457787e-12 1.663518516671957024e-12 0.000000000000000000e+00 3.692097417933024964e-12 3.404646946111642745e-12 0.000000000000000000e+00 5.721963377519392333e-13 5.725090304341585849e-13 3.402546019915299776e-12 2.995733345775519661e-12 1.025036544128619980e-12 3.393817953081895835e-12 1.336238805842416122e-10 3.395849661060034177e-12 0.000000000000000000e+00 0.000000000000000000e+00 0.000000000000000000e+00 0.000000000000000000e+00 1.668380726918763591e-12 1.666080792062278677e-12 8.657504641241735413e-12 1.333244246627898583e-11 3.410116565395200855e-12 1.337587805291264373e-11 1.814097264777826896e-18 3.417895972733325501e-12 0.000000000000000000e+00 3.729446198993367092e-12 1.666892562236816659e-12 1.659608153962734716e-12 0.000000000000000000e+00
2.957407338121698624e-12 0.000000000000000000e+00 1.656248218660757307e-12 1.415697263793558590e-16 0.000000000000000000e+00 2.467079907818207320e-19 4.202849282912453498e-12 0.000000000000000000e+00 5.987081880953952994e-12 3.398075243079799403e-12 0.000000000000000000e+00 1.665371285616321466e-12 0.000000000000000000e+00 2.991737181794949780e-12 7.857700382962787206e-18 1.272772165109453786e-16 1.281581167758281008e-10 3.391730457941458932e-12 0.000000000000000000e+00 0.000000000000000000e+00 0.000000000000000000e+00 0.000000000000000000e+00 0.000000000000000000e+00 0.000000000000000000e+00 0.000000000000000000e+00 5.717509160157927418e-13 1.667623682392469330e-12 1.033366708015385772e-12 3.014991343347013224e-12 0.000000000000000000e+00 1.036706035540730294e-12 2.046946640050548527e-11 3.155971665870376407e-11 6.588010934766476705e-12 0.000000000000000000e+00 0.000000000000000000e+00 0.000000000000000000e+00
5.585532513553514239e-13 1.087168624469654347e-18 1.641196217407012855e-12 3.387126555444995905e-12 5.678553364769336885e-13 1.661096149929273088e-12 5.658192173622746825e-16 5.710494973592880838e-13 0.000000000000000000e+00 0.000000000000000000e+00 0.000000000000000000e+00 3.399458761103943520e-12 6.505321415543156680e-12 2.986094311889935636e-12 6.513389620927016546e-12 5.711120663363026838e-13 1.931477233167168039e-11 5.712010583558315299e-13 1.659356724344259271e-12 3.395718147520908742e-12 0.000000000000000000e+00 5.721737456509536559e-13 0.000000000000000000e+00 0.000000000000000000e+00 0.000000000000000000e+00 5.728774215450557125e-13 1.664389302365354404e-12 3.414120073252005443e-12 5.729950178752238211e-13 1.560805903740892560e-11 1.662428093459375187e-12 2.581475732337779686e-11 4.723187799568784581e-12 1.669964910052848654e-12 1.873993142713390193e-12 1.659608153962734716e-12 0.000000000000000000e+00
4.618049887789822633e-12 0.000000000000000000e+00 0.000000000000000000e+00 0.000000000000000000e+00 0.000000000000000000e+00 3.948511054295755814e-16 8.582738818604757671e-12 3.183420716989544408e-19 0.000000000000000000e+00 0.000000000000000000e+00 0.000000000000000000e+00 1.972436905149818984e-11 4.916760210450436614e-19 0.000000000000000000e+00 9.378472001102227823e-17 1.664186664493919162e-12 1.031303938202810200e-12 4.320220185604386592e-11 0.000000000000000000e+00 4.010147917212995552e-11 3.394730662220946899e-12 0.000000000000000000e+00 0.000000000000000000e+00 0.000000000000000000e+00 0.000000000000000000e+00 0.000000000000000000e+00 1.667702654657797855e-12 0.000000000000000000e+00 0.000000000000000000e+00 0.000000000000000000e+00 0.000000000000000000e+00 3.423548144364605925e-12 0.000000000000000000e+00 2.265022644090142976e-12 7.669138460936613391e-12 3.407017062360992134e-12 0.000000000000000000e+00
0.000000000000000000e+00 6.702039627121930086e-13 0.000000000000000000e+00 0.000000000000000000e+00 0.000000000000000000e+00 5.678553364769336885e-13 1.161912942008832437e-11 6.288885829911042830e-19 0.000000000000000000e+00 0.000000000000000000e+00 0.000000000000000000e+00 1.654459769825873260e-12 0.000000000000000000e+00 2.991766070185803625e-12 0.000000000000000000e+00 5.722407678797239366e-13 0.000000000000000000e+00 1.665003562184413138e-12 1.658483128742970263e-12 0.000000000000000000e+00 1.659418972475133190e-12 1.100288491207981979e-11 0.000000000000000000e+00 0.000000000000000000e+00 0.000000000000000000e+00 0.000000000000000000e+00 0.000000000000000000e+00 0.000000000000000000e+00 0.000000000000000000e+00 0.000000000000000000e+00 0.000000000000000000e+00 0.000000000000000000e+00 1.682261767646004440e-11 0.000000000000000000e+00 5.699550662796025911e-13 0.000000000000000000e+00 4.227610960339768300e-12
0.000000000000000000e+00 0.000000000000000000e+00 0.000000000000000000e+00 0.000000000000000000e+00 5.690545677926122487e-13 0.000000000000000000e+00 1.337520704367008257e-16 3.173645531300738683e-11 2.292821701957898573e-16 4.290830851735698151e-13 1.767372353298495293e-12 0.000000000000000000e+00 1.851212022683637914e-12 6.304207737148685489e-12 5.715776937933084945e-13 0.000000000000000000e+00 0.000000000000000000e+00 0.000000000000000000e+00 1.978261435060998466e-11 1.667217576033336854e-12 0.000000000000000000e+00 6.288885829911042830e-19 1.668379281394944212e-12 0.000000000000000000e+00 0.000000000000000000e+00 0.000000000000000000e+00 0.000000000000000000e+00 0.000000000000000000e+00 0.000000000000000000e+00 0.000000000000000000e+00 0.000000000000000000e+00 0.000000000000000000e+00 5.690343761083079714e-13 1.652807666123596107e-12 1.460575850793154378e-12 1.647678592523765830e-12 0.000000000000000000e+00
0.000000000000000000e+00 0.000000000000000000e+00 0.000000000000000000e+00 5.655091116958782317e-13 0.000000000000000000e+00 1.649409303064671188e-12 5.792857027844932939e-13 7.373936915066211399e-20 1.196788874398195680e-11 2.981674110832195987e-12 3.382442656403368891e-12 1.729441373998981436e-10 3.201365006263505364e-12 1.666587445586738605e-12 0.000000000000000000e+00 0.000000000000000000e+00 0.000000000000000000e+00 0.000000000000000000e+00 0.000000000000000000e+00 6.116138505682456331e-12 5.703596365621219802e-13 0.000000000000000000e+00 8.471084021281654105e-11 1.668749284286527443e-12 0.000000000000000000e+00 0.000000000000000000e+00 0.000000000000000000e+00 0.000000000000000000e+00 5.708950047250459573e-13 0.000000000000000000e+00 0.000000000000000000e+00 0.000000000000000000e+00 0.000000000000000000e+00 0.000000000000000000e+00 0.000000000000000000e+00 0.000000000000000000e+00 0.000000000000000000e+00
1.633688584786610172e-12 0.000000000000000000e+00 0.000000000000000000e+00 0.000000000000000000e+00 1.616776732607696043e-12 3.361797749751535611e-12 1.903829328023124602e-12 5.565102319448818062e-10 1.928805937145447260e-19 1.656663909692651558e-12 6.947418708142467827e-13 0.000000000000000000e+00 0.000000000000000000e+00 0.000000000000000000e+00 0.000000000000000000e+00 0.000000000000000000e+00 0.000000000000000000e+00 0.000000000000000000e+00 0.000000000000000000e+00 0.000000000000000000e+00 4.240866597350935448e-12 8.799109213172601322e-11 3.397359574304813798e-12 4.009882023521647130e-12 2.816904926989332880e-11 0.000000000000000000e+00 5.737048911984888676e-13 1.673041763577801107e-12 3.769273312316225799e-11 3.424537948285398675e-12 0.000000000000000000e+00 0.000000000000000000e+00 0.000000000000000000e+00 0.000000000000000000e+00 0.000000000000000000e+00 0.000000000000000000e+00 0.000000000000000000e+00
0.000000000000000000e+00 0.000000000000000000e+00 0.000000000000000000e+00 0.000000000000000000e+00 0.000000000000000000e+00 1.741554743517164306e-12 0.000000000000000000e+00 2.694027435799096655e-12 0.000000000000000000e+00 1.884572016584250346e-10 2.981640015386630493e-11 0.000000000000000000e+00 0.000000000000000000e+00 0.000000000000000000e+00 1.662513396784951407e-12 1.661233267526187545e-12 0.000000000000000000e+00 0.000000000000000000e+00 0.000000000000000000e+00 5.714266137887173878e-13 0.000000000000000000e+00 1.666150490464663786e-12 5.709810767156604088e-13 1.666150893095687044e-12 0.000000000000000000e+00 2.112951246633363470e-11 4.201880880373674123e-18 0.000000000000000000e+00 1.035226336059995410e-12 0.000000000000000000e+00 9.859424057672522580e-12 7.688037474984668261e-12 8.721391048379451458e-12 4.227549359549246150e-12 1.654749036510195842e-12 1.652364363918454740e-12 0.000000000000000000e+00
1.638643574438275921e-12 0.000000000000000000e+00 0.000000000000000000e+00 0.000000000000000000e+00 0.000000000000000000e+00 0.000000000000000000e+00 5.893892152116555936e-13 0.000000000000000000e+00 1.659044606123720661e-12 0.000000000000000000e+00 1.874693744620241743e-10 3.388713941408667762e-12 0.000000000000000000e+00 1.270953420134392279e-11 0.000000000000000000e+00 0.000000000000000000e+00 5.699976844123467915e-13 0.000000000000000000e+00 0.000000000000000000e+00 0.000000000000000000e+00 0.000000000000000000e+00 1.668150121258623706e-12 0.000000000000000000e+00 1.668150527600950908e-12 6.665270673322127053e-12 0.000000000000000000e+00 3.719923631141876470e-12 1.505919904331899361e-11 5.749224292741926001e-13 1.665868857694024094e-12 0.000000000000000000e+00 1.029240447022391751e-12 0.000000000000000000e+00 4.235128602166588325e-12 0.000000000000000000e+00 1.654745106848407006e-12 0.000000000000000000e+00
