output/example/lateral_incision_000106.asc
nrows	75
cellsize	13.33333333
xllcorner	0
ncols	75
yllcorner	0
NODATA_value	-9999
[rows 0 to 16 of 75, columns 0 to 36 of 75]
0.000000000000000000e+00 1.264865797416843662e+02 6.280882974928823614e+02 1.136239400627864825e+03 3.770966564847290101e+02 1.774830361101238168e+03 2.889703924857864692e+01 1.334620413499106235e+03 3.989037117104237495e+02 5.953693517562656723e+01 6.425295078029544804e-01 1.194283342739616287e-05 2.638001873447476815e-05 2.026420197800674146e+02 9.138677871282839149e+00 0.000000000000000000e+00 5.412460465191597483e-06 0.000000000000000000e+00 1.430772275955948469e+00 4.990219084527659776e-02 0.000000000000000000e+00 8.214038731092654518e-05 2.132444891575236974e-04 0.000000000000000000e+00 2.231114699250212551e-07 0.000000000000000000e+00 1.467995409988723132e+00 2.394697288128030332e-06 8.592563712945595588e-06 0.000000000000000000e+00 1.059712603314569833e+03 8.663382208646086156e+02 9.240312403002536712e+02 0.000000000000000000e+00 0.000000000000000000e+00 0.000000000000000000e+00 1.548180209182953640e-03
0.000000000000000000e+00 1.425478237122793201e+00 3.569415480792363127e+01 2.918059753024406344e+00 4.678168937331226971e+02 1.420471100486586693e+03 0.000000000000000000e+00 2.400943397259631524e+02 8.756443200026927798e+02 1.070117113321628494e+03 5.896243685552930991e-01 2.663333595828128963e+01 2.075377802363997830e+02 5.245793269908450611e+02 8.372697545537533870e+02 3.131538663470167307e+02 1.871878876377573589e-03 1.315370211327804057e-06 9.184407767794006139e-01 6.483564771567249352e+01 5.815755047017586321e+01 8.763151664203197910e+00 4.623939332681852754e+00 0.000000000000000000e+00 5.704786405746865796e+01 2.232924703102273511e+01 9.662371485168516072e-01 4.901356252687427855e+02 3.104656176944889125e+02 4.556377439010560124e+02 1.206445278155573320e+01 1.103335409996964245e+03 1.397020842789511903e+02 3.655390711571771423e+00 5.044055294350693538e-03 3.315906617922359089e-03 0.000000000000000000e+00
0.000000000000000000e+00 5.171632230440689426e+01 5.044758679077255010e+02 1.460430159801301897e+03 7.297875842687411296e-01 6.114841139837295936e-01 8.506427986338328537e+02 3.048634274930855668e+02 3.779608585637578511e+00 3.145889683670608861e+02 0.000000000000000000e+00 1.115082572614752280e+03 6.065164913507646816e+02 1.329569689162333134e+03 4.620549651609517383e+01 7.201366083928664921e+02 6.481505483696199690e+02 8.596663342795888951e+00 1.247715971556315480e+03 4.060955196747422065e+02 3.376155278520865863e+02 4.759417449566312541e+01 9.046534984011083225e+02 2.314726681787244331e+02 9.518253910860003089e+02 1.751308758787423301e+02 6.646611580464291364e+02 0.000000000000000000e+00 1.062428029321580425e+03 5.142028575586160741e+02 1.255501809219933421e+03 4.464550245007644662e+02 4.462082035017708108e+02 3.997259082520096740e+02 0.000000000000000000e+00 5.062770177249850434e+01 8.618271413996678803e+02
0.000000000000000000e+00 4.324020270068886020e+02 0.000000000000000000e+00 9.388412257266683980e+01 0.000000000000000000e+00 7.536513346938799032e+02 0.000000000000000000e+00 1.109113735187241673e+03 1.417887606007617478e+02 4.600902637141692786e-01 6.417864715091822063e+02 0.000000000000000000e+00 6.342656838788159348e+02 4.773351319260158903e+02 3.893033334445718765e+02 3.677506604829003436e+02 0.000000000000000000e+00 5.944069703466882144e-04 1.636479794757806076e+03 6.414887823638414588e+00 9.027957370766947633e+02 1.103644648334354542e+03 1.326325945553845145e+02 4.116610743460768731e+02 7.092015011962978406e+02 1.553288575200077446e+02 2.838220293955300235e+02 4.995809620084243647e+02 6.106567966910642298e+00 1.503242250389785113e+03 1.147429109510430408e+03 2.318739809996204713e+02 6.628016144988370115e+02 9.408030602935713027e-03 0.000000000000000000e+00 4.514108725962436210e+02 7.992241458986817406e+02
0.000000000000000000e+00 9.461664427029708122e+02 1.111881501425376200e+03 1.522389373639217865e+03 0.000000000000000000e+00 4.611398493685076119e+02 1.104152177297375829e+03 5.420471389146952106e+02 2.481159840835427417e+02 2.281360049525019207e+01 0.000000000000000000e+00 1.807803176662934845e+02 3.473359522572430365e+02 8.920590061510563373e+02 1.377948785342485882e+00 5.106219139449358977e+02 1.152734500300463424e+03 2.671117485477313380e+02 6.880355638185797762e-01 5.931799048481992713e+02 2.607887677314745929e+02 1.186634000131873108e+03 1.158081929285630395e+03 3.815335855869230386e+02 1.271803839320755998e+02 9.764791642390545121e+02 1.206743806531182145e+03 1.105751072070484042e+03 5.177256510770929481e+02 3.176389221060304635e+02 0.000000000000000000e+00 1.677548766967160191e+03 1.462054723595776977e+03 6.664659361790225489e+01 7.433698188221318333e+02 4.390687867354230320e+02 6.843623451538050517e+01
0.000000000000000000e+00 5.412202207972261192e+01 3.683483370688003800e-01 1.962598497961662303e-01 1.320678809351276755e+02 0.000000000000000000e+00 0.000000000000000000e+00 2.857064122448772991e+02 3.954365041261362990e+02 3.521475389117848067e+02 4.630361665738916486e+02 1.080782614327400069e+02 4.105695594580783592e+01 5.146133748420480742e+02 1.668425680544044942e+00 1.360628273836469475e+02 1.401528266998505615e+03 2.095847879250200663e+02 6.009712248855476169e+00 1.581387597837532155e+02 4.726293972251702940e+02 6.659640235809584965e+02 1.384785343273559510e+00 7.068569688408683760e+02 5.847534921546698570e+02 8.249676291536056638e-01 0.000000000000000000e+00 2.872018862437366593e+01 4.528082897123662747e+02 1.444304004884988224e+01 1.490889453233952736e+03 8.074694298211530850e+02 2.510612382594152621e+02 3.822621631906520179e+02 1.357882267638417034e+03 0.000000000000000000e+00 4.652150314303059417e+02
0.000000000000000000e+00 4.414722048744867493e+02 4.851062938912520508e+02 1.449658067487079961e+03 4.702874055998253198e+02 6.884249429919406111e+02 2.024557205601814474e+02 0.000000000000000000e+00 4.529926910732251031e+02 1.406731694134638055e-01 7.314274221720459082e+02 1.762039025078531949e+03 3.211421014384601449e+02 5.830901129422213671e+02 1.084824124438394620e+03 4.257132249058778228e+01 1.725344978156003322e+02 1.271566380429595938e+03 1.622921302656823217e+00 9.315416166610544906e+02 5.840891490102102352e+02 4.067789808441498595e-02 8.336294796408975571e+02 3.651136903747614042e+02 2.808661299170723282e+02 4.043751604822192203e-01 0.000000000000000000e+00 8.806692043124387226e+01 5.161744321776069455e+02 2.728663207307227481e+02 1.325797664278697940e+00 3.857598067091616372e+02 2.423929225005943522e+01 1.918006073684544788e+02 1.631433489584961478e+02 1.052112682353004175e+03 9.680744460981945849e+02
0.000000000000000000e+00 0.000000000000000000e+00 1.089196163901309866e+01 3.587669709466680956e+00 7.856988426894235999e+01 6.042110714006654462e+02 7.379998931058814549e+01 5.718368009797565037e+02 6.175415189404654939e+02 7.249818634918958651e+02 6.252466614737872419e+01 1.439798646172731424e+03 1.036008794846321507e+03 1.190009909540625586e+03 2.433279617863588762e-01 5.600896508566743250e+02 2.283662561545633025e+02 1.530462670622162591e+02 5.539759828483131976e+00 8.337288613675459601e+02 1.202027440458633691e+03 6.147758245477680106e+01 1.387127831820240544e+03 3.527830325151621764e+02 1.182179495024512477e+02 7.041749009839177234e+02 0.000000000000000000e+00 5.660302953111865918e+02 8.176445882811477759e+02 4.723608983302364805e+01 5.106458134661722283e+02 0.000000000000000000e+00 1.076701755601687793e-01 4.428005574153342394e+01 4.691041457545469484e+01 1.608805800164168659e+03 1.909512140510692461e+03
0.000000000000000000e+00 3.248252891188310088e+01 3.959306362926220686e+02 4.482010134078332158e+02 2.971932544217621626e+02 6.088461680588386571e+02 3.671091030348624940e-01 2.287193052302995682e+02 4.918900333118447747e+02 1.505179017915842905e+03 1.491286145013475277e+02 1.507143774733890496e+00 1.431023119475595195e+03 1.752478966823542123e+03 3.961362945756285399e+02 2.005984188580187400e-01 2.227539256824658764e+02 9.000475755992430322e+02 1.349369248092277189e+02 5.052466776625614671e+02 1.068310754272338045e+03 3.228220853666105561e-02 9.525910804773901930e+01 8.825785177564932837e+02 1.836458663916882017e+02 2.684012869802110686e+02 4.356858661568439288e+02 6.364960982037797521e+02 8.914802200209070548e+00 3.097829141978849776e+01 1.683970079597162567e+03 3.537709447301372023e+01 3.007048744658096098e+02 5.723476771311620723e+02 1.058406258013774504e+03 8.269585313302842966e-01 1.506000341905561299e+03
0.000000000000000000e+00 0.000000000000000000e+00 6.184667769172853014e+02 1.658066728446426907e+02 3.667433704377044137e+02 3.379432390865983962e+02 1.489814236288489610e+03 1.071843432886904850e+02 8.979954432561730755e+02 2.005157327468155870e+02 1.282996295925580853e+03 1.021861857848949285e+03 0.000000000000000000e+00 9.898116930558877584e+02 4.371620834763627954e+02 1.075147307586925535e+03 1.008123916868443075e+02 1.553305953902637668e+02 4.384152551346620044e+02 1.234917505064739316e+03 2.568991042977718298e+00 6.170480960134759698e+02 1.910158153295371530e+00 2.587801160596214345e+02 8.780666485742536906e+02 4.400767338349620559e+02 4.500337237001071244e+00 0.000000000000000000e+00 2.226911967652808642e+02 9.779459359213232119e+02 0.000000000000000000e+00 4.608124270127371460e+02 0.000000000000000000e+00 9.723755178503998309e+01 1.310361269817428592e+03 8.458259118229696014e+02 7.848631847182329579e+01
0.000000000000000000e+00 5.975986226821220271e+02 1.031535893015664442e+03 3.192127768467750002e+02 3.386689455638955906e+02 1.307530265020369370e+03 1.075589946193611229e-01 1.311527929408913906e+03 2.861968036738733190e+02 6.454247427768020771e+02 9.444816231361705832e+02 1.160815580899713495e+03 2.715435277771424083e+01 1.872583787096767196e+02 5.640605752499345726e+02 1.140445236066850384e+03 5.643623712599501232e+02 0.000000000000000000e+00 1.672071516527910035e+03 6.342494963524508194e+02 2.113695711738364196e+02 1.231213964441536291e+03 1.000146352864456617e+03 1.392219919412308855e+03 7.220214652089718133e-01 4.851558753761318066e-01 1.291256442423874091e+02 0.000000000000000000e+00 8.697078210189470155e+02 1.545254752290557292e+02 1.998807861091922007e+02 3.960984596082257667e+02 1.965235464421690494e+02 4.882343873561495116e+02 9.948099642143474739e+02 7.585100302288960847e+02 3.572304036795429738e+02
0.000000000000000000e+00 1.366017154884885485e+03 1.515327396588707529e+02 3.827998630067915542e+02 5.294986975050686624e+02 1.386957135304847270e+03 0.000000000000000000e+00 1.061263425700003836e+03 2.064036673805933863e-08 9.271979228638243740e+02 4.779849557582272155e+02 6.142475131964577031e+02 1.090878773848456149e+03 2.125349084105356001e-01 3.366288658972132336e-02 3.243523352638378299e+01 5.205131126969786237e+01 1.908730132072733454e+01 4.821572145156282119e+01 6.266277138886796649e+01 5.828146273260127685e+00 9.495500921848194054e+00 8.497476315620975384e+00 2.750449241942798384e-01 3.224717151653794076e+02 1.211663190859674614e+03 8.274697799831277507e+02 3.058783544929268032e+02 4.884891464295395558e-01 3.899683771091814037e+02 9.905356805422503612e+02 8.959146195550381719e+00 2.591944562160794590e+02 5.585570815123762713e+02 5.913019347936795356e+01 2.650635931317281688e+02 3.192195326608227219e+02
0.000000000000000000e+00 5.810926301053166299e+02 3.737924221415031382e-03 6.850804089382058919e+02 8.718206681568252634e+02 1.558286957077541047e+03 2.096591261998844402e+02 6.380757284613725915e+02 1.367893688742912673e+03 5.973738043847238721e-01 1.137756939591742444e+01 2.379440444865642268e-01 6.778675132314482710e+00 6.126550320393336051e+02 1.371284068212705051e+03 1.267284028995422432e+03 1.434073354817327527e+03 3.431722368961429765e+02 1.084446605885997315e+03 5.021041225450462093e+02 1.978703974188650250e+02 1.543111582053580378e+03 1.350675001697096377e+03 5.079923069159738702e+02 8.710876082730903818e+02 0.000000000000000000e+00 4.638715339641219089e+02 7.468677471684485454e+02 5.856547674812430104e-01 6.935554950330187012e+02 7.800434583523901892e+02 2.473468116186565737e+02 3.976608102494584784e+01 8.931585072484948284e+01 7.467572365979843596e+01 9.563581098129037628e+02 1.114162525765111553e+02
0.000000000000000000e+00 0.000000000000000000e+00 1.319519022719760414e+03 7.607435194531690925e+00 3.292566723705755294e+01 1.948085252112616317e+01 2.628857119977923418e+01 5.226041349504503053e+00 2.954445875416386613e+01 1.873337006990632858e+02 7.396666345537049665e+02 3.935195139211323863e+02 5.442670132853577769e+01 0.000000000000000000e+00 1.670827915148148804e+03 1.113105871010548981e+03 7.897381226163793144e+02 8.760364941841241659e+01 6.209225756470929127e+02 0.000000000000000000e+00 1.244221823464186514e+02 0.000000000000000000e+00 1.053306749284142683e+02 7.410773403369403489e+00 2.716178424635184996e+01 4.777507995230916293e-01 7.856397528096106271e+02 2.281741647976838294e+02 8.731787733528882711e+00 1.475882418067797062e+03 5.881402931111640555e+02 1.064204831456141619e+03 5.013802065489861661e+02 6.355753707135870512e-01 4.433958007261907142e+02 1.283989980788991033e+03 7.069467763335816279e+00
0.000000000000000000e+00 9.600726998553408293e+02 6.933691277533177981e+02 2.249205187693240475e+02 1.763296593964809915e+02 5.970724794911482149e+02 4.769470183966215018e+02 4.354216121349212898e+01 0.000000000000000000e+00 0.000000000000000000e+00 0.000000000000000000e+00 7.516399848343555732e+02 5.939356474477636993e+02 1.151865619064529255e+03 7.562084506633868219e-01 0.000000000000000000e+00 2.549768913505228387e-06 2.082591301578090111e+02 6.115063381317900166e+02 2.410337059573797092e+01 6.621015641683848685e+01 1.233791428876887267e+03 1.199541136854217029e+02 8.558022603728167041e+02 2.970494184358040801e+00 5.978551952372260985e+02 6.582167491693835473e+02 4.624276799628294157e+02 7.649385190668648420e+02 3.579633372483156606e+00 3.165699236812550339e+02 2.286711003481012483e+02 1.380713641220911086e+03 7.357879933897723390e+01 7.452033971902303620e+02 6.086228041594818023e+02 9.090871955708486496e+00
0.000000000000000000e+00 4.417250226566144278e+01 9.014410833795220697e+02 1.229729055962477133e+02 1.703101204765303862e+02 3.701553931113404019e+02 1.478853035746167666e-01 4.883321510606093625e+02 3.472888353911326931e+02 5.105872871310898518e+02 1.376216940189768593e+03 1.413374391239167771e+01 4.767228938372579705e+02 1.064745310563493632e+02 3.273272984988163614e+01 0.000000000000000000e+00 7.789101277411192825e+01 1.465038054767131541e+02 6.009668477639078787e+01 0.000000000000000000e+00 1.653893544713077119e+02 8.835344907594065944e+02 1.065126227100346354e-05 6.209278000823918546e+02 1.838102667340816954e+00 1.693794065735166043e+02 1.425891352094349962e+01 1.319449644779914763e+02 5.344850320822632739e+02 1.997517890456805745e+01 1.706644932812938805e+03 2.447927780885187303e+02 0.000000000000000000e+00 2.680912337410225064e+02 9.415139018716672581e+02 0.000000000000000000e+00 4.500417303086615028e+00
0.000000000000000000e+00 0.000000000000000000e+00 4.660814062588659681e+02 6.371427154016898697e+01 1.430096383604103039e+03 3.124306699023546798e+02 0.000000000000000000e+00 4.806590735220120791e+02 3.514537986343534612e+02 8.576599375255353834e+02 2.237852962447671956e+00 9.248315912765114035e+02 1.108528257426877985e+02 7.064763005458568159e+02 3.108567801572197098e+01 1.490321949485485797e+00 5.066939613931068038e+02 3.012201275679615153e-01 4.663799096018814083e+01 5.249340049553040899e+02 1.234898102265339475e+02 1.516111943492276453e+02 4.013884491820923586e+02 1.583348744707987521e+02 1.328468570897515519e+03 5.276896179539569403e+02 2.156828084981618758e+02 0.000000000000000000e+00 1.648877687763185829e-01 1.097860823715906236e+03 5.477435167144104611e-01 2.018170140165028386e+02 3.055026690562906424e+02 3.805176529564403722e+02 4.014171121006319822e+02 1.396973425086783891e+02 6.302991533147560688e+01
