output/example/lateral_incision_000010.asc
nrows	75
cellsize	13.33333333
xllcorner	0
ncols	75
yllcorner	0
NODATA_value	-9999
[rows 51 to 67 of 75, columns 0 to 36 of 75]
0.000000000000000000e+00 0.000000000000000000e+00 1.243984197536825501e-03 4.824850278182994390e-01 0.000000000000000000e+00 0.000000000000000000e+00 5.421215793777673753e+02 1.381722479089459966e+03 5.294816882105098932e-01 3.323853490948918079e+02 7.603916004357154179e+02 1.136305219885217639e+02 0.000000000000000000e+00 1.355668509312514232e+02 1.481790573532403565e-01 9.862958603440125671e+01 1.343341123422484851e-01 9.719128025915532021e+01 6.219752619547592758e+02 6.863676567554459318e+00 1.043073464008867290e+02 3.873886478714048565e+01 2.284645783816564801e+02 7.746517744230007452e+01 1.252148380425314826e+03 3.813244024050388958e+01 5.083689612012775001e+02 1.676533224728470486e+03 6.161344930213285807e+02 6.945661048383063019e+01 1.857491999535983211e+02 1.449168660256283658e+02 9.328977765834121287e-05 4.151427167548639718e-01 0.000000000000000000e+00 1.043517397968458226e+03 1.096443556449358312e+03
0.000000000000000000e+00 1.314756084204342699e+02 3.652707318012571136e+02 8.681638073250870491e+01 0.000000000000000000e+00 0.000000000000000000e+00 4.500107826940216604e+00 3.313774401891714660e+02 2.903611121373363630e+02 1.199859882401249479e+03 9.300913831018623341e+02 4.340611967613298816e+01 1.296758258005801963e+03 1.205839771511966319e+03 2.511393761620868403e+01 3.576037177050202445e+02 1.740334839611386542e+03 4.689537336876603568e+00 8.015101094945015348e+02 6.123667141677206018e+02 3.771610744168322871e+00 2.032682375918892226e-01 7.940472389941165277e-02 3.193579528730531355e-03 4.409316891897826167e+02 7.548926319540813665e+02 9.918907759646149180e-02 1.959015702892714117e+01 2.084255685529444975e+02 1.184982136278978714e+03 1.027509984873888470e+03 7.396298606645027576e+02 0.000000000000000000e+00 1.037725451162755235e+03 2.879571898138576103e+02 5.472835185964843030e-02 6.311385643867323836e+01
0.000000000000000000e+00 1.338537001083547580e+02 3.149344465292747941e+02 6.844026785563826820e+01 1.160311854389241004e+00 0.000000000000000000e+00 0.000000000000000000e+00 9.286272462296163610e+01 1.028932585966649214e+02 9.440747465053725591e+02 4.266597480588560529e+02 0.000000000000000000e+00 1.111466498824131122e+03 9.109449092199336064e+02 1.710671769992323732e+02 1.592567602631937689e+03 6.496177385332879339e+02 3.444233203759364983e+02 0.000000000000000000e+00 2.914724994036934049e+02 4.508803466769564920e+02 7.881352573507230952e-01 0.000000000000000000e+00 1.406688876424346972e+02 2.295427729883812447e+02 0.000000000000000000e+00 4.199945727493826553e+02 2.176572603989582966e+00 2.601756380145972969e+01 1.334136349988355050e+02 7.972269693602308962e+02 5.168699273065994930e+02 1.530528304355448881e+03 1.247916836539914584e+03 7.576901982173678274e-02 3.003440820845335111e+02 8.424982611789737348e+02
0.000000000000000000e+00 0.000000000000000000e+00 7.076961088329959404e-01 4.537799248056808921e+01 2.575133873456000444e+01 0.000000000000000000e+00 1.135660048704734729e-07 0.000000000000000000e+00 0.000000000000000000e+00 6.660833997932765404e-04 7.589424838475220783e-05 1.100835075703002275e+02 0.000000000000000000e+00 8.838795221998704932e+00 4.185850352600815540e+02 5.793693052488134649e-05 2.029876790385426659e+02 9.394612414077646463e+02 2.636901199771933193e+02 1.026807415246323352e+01 1.884040482924513924e+02 9.767397247239156144e+00 4.179845871861717112e-03 1.070101131999088011e+02 2.679795357105250631e+00 3.251349086563868127e+02 1.458810468352381235e+02 3.954260134429897562e+02 1.260454281443800539e+02 4.329164543139695231e-01 4.328637983879381146e+00 1.002567354477636563e+01 1.023044409362441121e+00 0.000000000000000000e+00 1.602729156801706722e+03 1.430402178797531633e+03 8.134728668902613435e+02
0.000000000000000000e+00 1.534349235509791697e+03 1.642525628698563196e+03 1.006384379209142566e+02 1.445660750259065352e+01 2.571964999996949075e+01 0.000000000000000000e+00 0.000000000000000000e+00 3.550616058945139645e-06 0.000000000000000000e+00 1.032222820938239787e-06 0.000000000000000000e+00 3.840364267860449723e-03 4.384187114116230966e+00 9.675736306365141814e+00 3.133015789423974411e+02 0.000000000000000000e+00 1.358939934297582113e+02 4.314684958885915762e+02 1.446336895124994726e+02 6.585412778416309676e-01 1.190043112126933478e+00 2.487419340389766657e-04 1.733430128340687588e+02 2.316103888070502492e+01 1.380371420980536072e+02 2.670842785259289087e+00 5.052449805822848248e+02 4.721138941457196925e-01 4.246052659167291381e+02 2.510640162995512696e+02 1.189728175686494978e+03 5.792001951232945700e+00 7.819493858421973300e+02 4.895469140811106712e+01 1.986484211992507198e+02 5.933457280906131928e+02
0.000000000000000000e+00 1.950395446844661365e+02 2.614157464530189259e+02 1.146030543065854999e+03 5.342294425812367535e+02 7.804623631870830991e+01 7.510585205006580445e+00 0.000000000000000000e+00 0.000000000000000000e+00 1.032222820938239787e-06 0.000000000000000000e+00 3.865066979256656584e-10 5.799158913076285808e-05 0.000000000000000000e+00 0.000000000000000000e+00 1.218794335685080305e-05 9.807055415744605398e+01 1.706210566020735855e-02 4.081667359934601502e-01 1.709841442310287505e+02 9.640506589957823280e+00 0.000000000000000000e+00 1.302701203770587556e-04 0.000000000000000000e+00 1.888849314390500211e+01 0.000000000000000000e+00 6.620871055409553700e-07 4.566954833245755907e+01 9.258051095141280484e+01 1.493184713972098621e+01 6.616834469238589200e+00 0.000000000000000000e+00 1.649773514930427041e+02 3.240039988948386736e+02 2.665754958293273376e+02 4.588283877103580011e+01 1.586238408831220113e+03
0.000000000000000000e+00 5.367896865606842738e+01 3.180625909271596470e+02 3.148753136645925110e+02 2.299654927466628695e+00 1.364492895544871089e+02 1.078351102901525138e+02 4.796368146241327395e+02 2.503209777311293793e-01 6.679380679332475665e+02 0.000000000000000000e+00 2.302235548513747447e-09 6.260049252717586549e-07 2.405332064189023795e-06 9.016517984116718769e-05 0.000000000000000000e+00 2.019348902056936762e-03 4.077625771254127507e+00 0.000000000000000000e+00 7.010602156918054690e-08 2.176350979998743218e-01 2.996248654600246297e+01 3.244083147700051878e-04 2.496997734309692844e-03 4.660393222029972756e-05 9.525419821356988584e-05 4.187844236854216607e-04 8.485192057105572783e-02 4.079790230535888416e-05 2.442058319542566441e-02 0.000000000000000000e+00 0.000000000000000000e+00 2.088551643424874271e+02 2.490871695105332151e+02 2.937229040745535826e+02 1.791831992437791996e+03 1.472764771595354460e+00
0.000000000000000000e+00 1.362629218513378646e+03 1.054354654750812188e+03 1.651504902835392556e+02 3.104644719435889755e+01 1.296825222105658426e+00 8.830919847293714042e+01 5.319577847960797499e+02 2.478740577582225626e+02 3.549550645123223376e+02 7.044061439515573966e+02 3.740941999141256247e+02 1.295547816206789327e-01 5.683800091624123496e+01 0.000000000000000000e+00 7.769067801540751358e-05 4.141117930131502363e-06 3.576616336343329298e-06 0.000000000000000000e+00 3.076812305902339517e+02 6.535617819322989419e+01 4.228523146197905164e-06 2.705003296621339359e+01 4.722400647480299085e+01 1.553601039492608776e-03 8.483171705167219610e-04 4.630990740248225324e-04 1.729002560170989555e-03 6.719667132963681754e-05 9.666163104455847588e+00 3.066149246802025163e-01 5.034556113999566875e-04 3.428641578983815918e+01 0.000000000000000000e+00 3.742599453864920633e+02 5.141131149833629479e+02 1.552337470119877480e+03
0.000000000000000000e+00 0.000000000000000000e+00 1.578075395176626216e+03 1.996456133183001782e+02 2.626260354980597955e-01 1.908360940451223797e+01 2.090124388286073298e+01 6.690439429233313717e+01 4.064825996851924970e+02 8.082391473017265682e+00 1.384346946164797600e+03 1.775836344142196488e+00 1.012837731433658973e+03 5.587120109052211570e-01 5.844573479047670617e+01 0.000000000000000000e+00 9.501547108780318274e-01 3.745819899352995970e-05 4.773966554702265057e+02 1.878780443945892102e+02 5.962936618061133842e+00 9.307240780470063157e+01 2.801409166687171250e+02 2.367217598457811633e-06 2.620985803949381534e+02 0.000000000000000000e+00 0.000000000000000000e+00 8.680624633911856236e+00 2.333317385223686244e+02 7.308562669141177537e+01 0.000000000000000000e+00 0.000000000000000000e+00 1.823992709393755547e+02 6.754998611827200961e+00 4.321866544844389750e+02 1.149626241477719617e+02 0.000000000000000000e+00
0.000000000000000000e+00 0.000000000000000000e+00 7.342498819605351723e-02 1.429986986032055540e+02 1.449874183539706110e+03 1.125348564602560515e+02 3.061901678582928943e-01 2.437744374171938233e+01 1.352331655586545594e+03 7.350683852998578516e+01 1.804393526645378287e+01 1.457480039588834018e+02 0.000000000000000000e+00 4.140188060764057809e+02 4.419705502153663588e+02 8.692418276780371400e+01 1.384234076905962486e-02 8.203050005550558410e+01 3.244421714310040556e+02 1.820170720167944654e-06 2.654964823190398988e+02 5.125706131643244134e+01 1.441945253643619651e+02 7.791286845512328796e+01 4.481594879063069357e+02 1.764607124113401682e+01 4.664185388114497499e+01 2.381084665524377044e+02 7.374528738768506173e+02 8.769262728728331041e-03 8.867464569086324744e+00 6.363284414613314902e-04 1.160028844613426173e+02 1.305824423985909277e+01 7.594380969935122039e+01 7.336187601829206706e+00 1.347348828121017732e+02
0.000000000000000000e+00 1.637202712724858202e+03 1.314340311966093395e+03 8.838083052730469902e-01 3.249757055231360603e+00 4.285369004312097330e-01 7.789710361208709628e+02 9.962189704818994187e+02 2.868600943684058393e+02 4.409986613955420012e+02 4.167012527782127336e+02 1.109098780929941057e+02 0.000000000000000000e+00 5.601393464411031573e+02 8.288044559352198348e+02 3.695925434603416875e+02 1.282087244148885475e+03 9.454559605337269659e+02 2.608594939412018121e+01 7.386839131885412826e+02 5.471222167629292699e+02 0.000000000000000000e+00 9.683771466048746106e+02 8.125968972831937975e+00 6.395251132765440616e+02 0.000000000000000000e+00 7.715386468652372969e+02 1.157759806836576587e-06 1.577008703302135473e+02 2.005068264004358127e+02 0.000000000000000000e+00 8.325172891768920793e-06 6.193660061043058107e+01 3.429296537321056548e-01 7.429272008484227285e+01 1.408369150999604601e-02 1.973535447404489718e-02
0.000000000000000000e+00 1.544845997922923857e+02 2.629642531483053745e+02 7.602948171377850883e+01 6.130146388952430243e+02 1.476921902022550739e+03 2.040895139135354697e+00 1.569962631363126206e+02 8.085187882856824899e+02 1.185710775480287793e+03 8.127124989341626815e+01 1.199652243998106798e+02 4.730237335659425071e+02 4.479170872349759520e+02 2.446995148756075480e+02 5.413770377969489118e+02 7.245081572477153031e+02 4.404278638527613907e+02 4.489314020809869743e-01 1.659730178161492518e+02 7.575397576630884089e+00 8.746466036168074609e+00 5.168255070551250583e+02 4.428870274844947517e+02 1.297465094170829843e+03 6.910773079318799361e-01 5.363695061547457676e-01 8.051086272620182172e+02 5.722473227110863263e+02 0.000000000000000000e+00 5.975860862797179873e-01 4.198671893425490254e+01 1.472709095355370090e+00 2.981854841525905658e-02 1.568106343819797386e-05 7.851330146115086778e-06 2.880798839205363790e-04
0.000000000000000000e+00 0.000000000000000000e+00 0.000000000000000000e+00 5.300171073963021867e-02 2.650314995384497668e-04 7.816299384697569508e+01 0.000000000000000000e+00 0.000000000000000000e+00 8.406872081453263812e-01 1.242290293018036891e+03 5.997052660253282141e+01 2.888710412385673862e+02 5.964218391620461635e-01 1.141772201398233847e+03 7.102341916706456004e+02 1.892025047297621825e+02 1.262012996442225585e+03 1.656009072145824632e+02 4.299740164832720666e+02 1.038852320286452624e+02 4.986504523547002918e+02 0.000000000000000000e+00 5.398978717091483759e+02 1.474795475561606054e+03 1.010542516785114202e+02 3.072051069099161396e+02 9.881331125956940014e+02 0.000000000000000000e+00 3.680124723432759879e+02 9.420497988231803674e+02 4.089174729677037590e+02 3.485129159532456811e+02 7.477627994278503998e-01 3.160689781317817942e-02 3.086527488611764611e-02 5.568700660486307569e-04 6.877805692577178220e+00
0.000000000000000000e+00 1.348963956478893635e+02 2.583920851742932996e+02 0.000000000000000000e+00 1.335835261008053881e-04 1.619137946894559832e+01 1.872215580018010028e+00 1.055358028145204116e+03 4.919862823718688105e+02 1.468781038382517679e+01 9.532756492052658359e+01 2.420549847329934892e+02 2.222307734618963480e+02 8.558067809389782497e+02 5.634652198276664876e+02 2.621440282936055723e+02 1.724373177569395011e+03 4.313955371625511503e+01 1.263711813464960642e+03 4.949436801163647033e+02 6.469583313696059577e+02 4.547171021837594935e+02 2.022731857632217327e+02 1.831588677533003695e+00 1.688657593334667354e+03 9.901145711771275728e+02 6.120759383638281292e+01 3.052706896234398641e+02 7.342616630990451916e-06 1.209715269306311993e-04 7.233384857956379221e+01 1.515638242089461796e-01 8.440364655169979358e+01 5.097258260814527819e-01 2.675616920841498991e-02 7.230176778201226817e-04 1.430956599913593289e-05
0.000000000000000000e+00 4.544260256497526029e+01 4.393782443578886920e-01 2.573137890575197002e-03 0.000000000000000000e+00 1.213305247220348473e-05 0.000000000000000000e+00 0.000000000000000000e+00 2.180933808859550709e+02 2.719883300074723707e+02 5.939522566506023615e-01 3.751897895089389312e+00 3.841227022867824470e+00 3.583142111768117388e+01 2.396879823103506268e+01 2.833797217775391619e+00 2.300537889920873713e+00 4.460436182910227920e-01 5.308026143934974925e+02 9.110133658035977078e+01 5.971305016403445052e+02 1.421092212292549448e+03 1.519013134308395649e+02 5.388234504341237425e+02 6.320292743985593233e+02 8.081275942203907334e+02 1.106880690715075161e+03 1.828513265678376953e+01 3.107139908946659261e+02 5.770572018402481262e+02 1.583783722849132118e+02 2.645887561012818310e+02 0.000000000000000000e+00 4.075931152699892035e-01 4.138495550899401465e-03 4.191738642781341895e-01 3.687062006635119928e+02
0.000000000000000000e+00 0.000000000000000000e+00 1.034665521565193062e-08 8.339862926412540389e+01 1.368327515194324125e-04 4.367308249209088996e-05 0.000000000000000000e+00 2.814219431497362315e-09 0.000000000000000000e+00 2.540104173991479253e-01 2.587973608794411575e+02 1.821796650556950681e+02 5.592634289263072134e+01 1.795586422973257868e+03 1.055202310823176731e+03 4.646273058995204792e+02 9.089621952142588270e+02 4.150865812745627181e+02 2.331832935980878574e+01 7.149938542374669304e+00 7.415483620813328791e+00 0.000000000000000000e+00 3.683153007412335569e+02 2.464163636656841732e+02 1.229020081448570600e+01 7.975544311107717022e+02 8.019783126583087096e+02 3.253217709332940899e+02 1.116225828861280434e+03 1.720444626685210254e+00 7.038946060330728531e-06 4.997644846812804786e+01 3.142802573813886981e-06 4.535219229522402173e+01 9.514218561136685182e+00 2.890529662016655621e+01 1.420708207921239364e+03
0.000000000000000000e+00 1.736977640838555317e+03 1.493549607080762200e+02 0.000000000000000000e+00 8.607704315783458071e+01 5.939733952074116985e+01 1.847989146866217547e-05 1.376297094235936451e-09 1.912929805977968887e-08 6.296529634704067667e-06 7.165804876520702464e+02 1.787761610302657118e+02 3.671214648423710400e+02 8.997872169281046695e+01 6.847075966836071075e+02 7.557623679168780200e+02 9.578344311341990647e+01 6.824205237290905188e+02 6.862929333959556288e+02 1.481758417672639780e+03 0.000000000000000000e+00 1.546392122773015672e+02 5.105739148997989751e+00 1.526155248323176011e+03 0.000000000000000000e+00 1.727515734001660803e+03 0.000000000000000000e+00 6.520173195814868095e+00 0.000000000000000000e+00 7.264601713728691834e+01 0.000000000000000000e+00 1.011208664508255310e+02 4.458825855989084097e+00 9.907273588662120289e+01 1.035260189604172183e+02 3.034862820640591394e+02 1.882258291106926107e+00
