output/example/lateral_incision_000314.asc
nrows	75
cellsize	13.33333333
xllcorner	0
ncols	75
yllcorner	0
NODATA_value	-9999
[rows 34 to 50 of 75, columns 0 to 36 of 75]
0.000000000000000000e+00 4.844733379650705842e+02 1.020215803584353012e+02 5.034393226713097533e+02 2.247772235159758338e+02 2.183158238575582288e+02 2.753335802691246954e+02 7.268273063910727387e+02 1.052588101263971566e+03 4.130397868099313996e+02 5.819645324227958554e+02 6.131719718406228594e+02 1.244204819945098563e+02 6.286744381521231873e+01 6.503373213844262182e+02 5.993211477362360711e+02 3.589076196747465133e+02 6.825693802168608499e+02 1.577513769740341161e+02 8.367672918456644311e+02 9.041111001281710742e+02 1.175639198391904756e+03 1.276568153935891132e+03 1.504410745373575651e+02 9.372953713086489813e+01 2.873735695431356589e+02 1.275213253990202702e+03 2.319136237587841549e+02 6.990053305705281446e+02 2.670816557833462070e+02 3.637578906183723007e+02 2.092844583462439232e+02 1.260924081743832403e+03 1.439264014005895206e+03 1.418226241053462900e+03 0.000000000000000000e+00 3.621599451526306552e+02
0.000000000000000000e+00 1.626698001550609888e+03 2.142473540655841724e+00 2.502643012610478479e+01 1.101866660679025784e+02 8.649015993565155895e+02 0.000000000000000000e+00 4.607994744738694948e+01 2.693459709459630176e+02 5.199688397482093478e+02 1.059463855072063687e+01 7.691731019390615529e+02 1.392949463117509595e+03 2.364755153338080618e+01 1.043477472021381345e+03 7.480134178226942367e+02 4.668266124512248325e+02 1.290518201831098168e+03 1.249371763773863933e+02 8.145987322829888626e+02 2.715524290878482248e+02 0.000000000000000000e+00 6.738202064587160294e+02 7.443980013060443071e+02 2.115756860959859598e+00 4.865132230841033447e+02 3.261261621908723214e+02 9.920085692214943265e+02 1.420693786683386151e+01 4.655145328873266521e+02 6.349923432990091214e+02 3.702605457541528153e+02 5.374590885412401349e+02 4.186280858138049439e+02 2.921167521085052954e+02 6.031017966727437063e+00 1.429462000526978272e+03
0.000000000000000000e+00 1.229797362563502716e+01 3.100572182568976132e+02 1.560064897489949090e+03 3.902946584844867672e+00 9.483420251783252652e+00 0.000000000000000000e+00 1.119512214257126061e+03 3.908371661928130152e+02 8.269703161191823426e+01 4.915470498921867488e+02 9.729144423240444484e-01 0.000000000000000000e+00 0.000000000000000000e+00 1.607113398598773557e+01 0.000000000000000000e+00 3.306978460490700513e+02 5.051951416567699766e+02 1.826842918572683345e+02 3.355210788919326603e+01 2.106356707102822767e+01 1.007353994238758617e+02 9.416865620898805389e+01 1.726047899801400717e+03 0.000000000000000000e+00 3.772250868062902214e+02 0.000000000000000000e+00 0.000000000000000000e+00 4.946544838992176665e+02 7.059599877171220328e+01 3.175555243476616329e+00 1.071096626474907776e-01 3.194838869333505045e+02 1.908847487371585716e+00 4.358868834879099836e+02 1.443340625722070399e+03 1.283188519198897950e+02
0.000000000000000000e+00 1.598331547482037195e+03 4.541877332088829462e+02 5.344455649045528389e+02 1.182958034038611686e+03 1.405206243034867839e+02 2.338043935859801437e+01 7.021316022852114429e+02 6.987240273724030892e+00 3.051064182719813402e+02 1.035341183679033520e+03 2.026527647277349899e+02 5.306669269604338823e-02 9.650652670910380948e+02 5.230245169251331845e+02 0.000000000000000000e+00 6.301108133305702950e+02 2.330462644079627523e+02 1.115030224378300687e+02 1.284349491806317019e+03 5.541865002846748212e+02 8.977853113788918904e+01 3.405283243830040192e+02 1.081872262254665657e+03 6.353228729794062701e+02 1.164112187871663373e+00 1.050132938786489831e+03 1.279115539803115780e+03 2.361224338909413234e+02 1.033079941476672047e+03 5.900301435894672295e+02 1.295706356790295217e+02 3.365793477926324329e+01 2.146279283848103034e+02 2.372237973175723198e+02 0.000000000000000000e+00 7.781202699532478846e+02
0.000000000000000000e+00 5.211934531218808121e-06 1.108080827817646423e+03 0.000000000000000000e+00 9.151371523807614494e+01 8.593731440690373802e+02 5.504662175146614800e+02 4.772487417380166335e+02 6.481629664329341400e-02 1.518490268711164859e+01 1.469854289029919414e+02 5.043456718507512448e+01 8.864061501228601401e+02 1.481692148189538329e+03 3.661170408195653181e+01 9.603546095708289840e+02 4.008543536042517417e+02 2.623500426530269181e+01 2.549796853429068335e+02 1.504508870528178832e+01 7.292381591869487423e+00 6.529113199232483566e+01 2.103555027371843380e+02 8.838677393209325146e+02 6.752691716297851698e+00 1.431238844942787409e+03 0.000000000000000000e+00 6.572516483372058405e-01 7.020116771448795134e+02 7.801017342616071346e+02 7.440526593364668884e+01 4.499704467632801652e+02 3.751520613779824771e+02 2.678055463240848439e+02 6.892214655585050878e+02 1.457639305044890818e+02 3.711807455046221094e+02
0.000000000000000000e+00 0.000000000000000000e+00 1.758753350721031893e+03 1.021551350243727939e+03 3.248133183585165398e+02 3.035362949334976861e+02 9.711015616167530595e+01 1.603699476207358998e+01 2.677795436723971737e-06 1.019914539023517897e+01 9.316906467274772563e-01 1.801512700244672360e-01 1.674709203992250877e+03 9.140152834084153710e+02 5.134087160633298481e+02 9.591568790431426805e+02 2.678835119927180042e+00 9.187658060386762315e+01 4.386434360722543779e+00 2.109242537967447220e+02 1.324051239243955536e+02 1.253492656393639382e-01 1.145160953330100028e+03 3.116030461421345876e+00 6.054971022172999255e+02 7.694851813230760627e+02 3.507784010546572517e+02 2.711824800695553872e+00 1.131634518350422695e+03 3.930020806098721664e+01 1.181551272896277396e+03 4.140069225029823201e+02 0.000000000000000000e+00 2.591285888757587941e+02 4.791275223818410041e+02 1.798270620974880829e-01 7.172466416556234492e+01
0.000000000000000000e+00 5.607757326028182661e+02 2.355511675040144226e+01 3.674323108575760166e+00 2.359459460075628456e+01 1.857571343556358201e+01 2.005894158405383682e-03 2.923176702060176213e-01 3.276787488581724261e+01 2.783769600763218666e+00 1.024021270797366469e+03 2.238825739566122075e-01 7.887336642812265382e+02 1.075084306798323269e+03 8.480496068342793237e+00 3.672859885523206458e+02 1.054041354977368838e+00 5.673606669200981401e+01 8.234102551180830787e-01 4.969392274270076015e+00 1.109548204165696006e+03 1.101212976922455482e+03 0.000000000000000000e+00 1.721613242294550446e+03 4.946619507205313226e+01 2.100047646419867533e+02 4.091213234673319334e+02 0.000000000000000000e+00 1.559491904669471978e+03 8.353244428177637815e+01 1.414108710311977575e+03 3.208796312955555550e+02 5.946730868638985257e+00 1.294791116453558743e+03 8.838951784836203842e+02 1.360759922606095870e+03 1.301919414810258502e+02
0.000000000000000000e+00 1.032804277402114849e+03 1.404617207053108132e+03 3.004988256239068534e+01 2.896465191709352212e+02 2.426644634482944429e+00 4.372847989913399402e+01 3.095645214075596527e+02 4.909917459616382871e+02 3.826204989811649853e+02 3.230225523775021088e+02 8.353418553998221796e+02 9.426165903390817391e+00 1.558739498522184249e+03 6.117689061713715404e+01 3.621216703131792656e+02 2.452687629838877683e+02 4.442100839971754453e+02 9.278980533312982004e+01 3.772598597565988854e+01 9.436002861691031285e+02 6.690262552153097886e+02 5.623336421281810438e+00 4.002626957704407573e+02 3.453645285263098685e+02 1.897771866102385161e+02 5.324439156793790744e+02 3.592277719555653004e+00 8.579651074716811081e+02 5.615337961395783850e+02 8.819490498607285289e+00 1.651690748074076282e+03 4.211732401074817744e+02 4.712859253673300941e+02 5.918007183664848725e+01 8.476824972823149551e+01 8.714747774597229935e+00
0.000000000000000000e+00 1.375929847779765396e+02 5.752052196764982455e+02 1.817980145914101797e+02 7.389262712578607761e+02 4.637172011045286126e+02 1.379226157578373886e+03 4.067719282559937000e+01 1.713732329562595780e+01 8.506391584212849466e+02 9.848944298372646244e+02 3.946287655574033693e+01 2.557862037308837841e+02 7.687033048421093584e-01 1.519297042657341763e+03 2.561727797088349803e+02 1.188158554057002220e+03 3.622859341965657336e+02 0.000000000000000000e+00 1.676734108806805068e+01 1.633758238727429216e+03 5.340820376311642121e+02 3.690869885928102434e+01 3.327702492592309795e+02 0.000000000000000000e+00 4.368290519911504930e+02 0.000000000000000000e+00 5.590405715734235947e+00 0.000000000000000000e+00 4.546275803986955566e+02 2.377940981651339882e+02 2.817140698050796477e+00 1.534595662224814703e+02 5.627044564687495409e+01 4.113115611359985380e-02 1.291881154890633070e+03 8.108048886959551282e+02
0.000000000000000000e+00 6.027121090063234305e+02 1.191000409106991675e+00 2.257480349700403224e+02 1.299089749218184942e+01 7.374471354566660253e+00 4.147478725637054886e-01 4.440526969827794801e+02 1.421030632990449476e+02 2.687821317704029980e+02 2.476984816494411064e+02 7.197298051754578410e+02 9.558978911523814759e+02 1.595083612772052817e+01 6.209144792460004965e+02 9.237825497279792444e+02 6.912025297998570750e+02 1.994483281450673076e+02 8.030891999895163735e+02 5.777572193465393866e+02 4.712298322688574359e+01 6.641819635899305752e+01 1.494021482274210484e+03 1.018622872603037081e+03 4.996115065959316439e+02 7.881256227039611417e+01 1.154751552534085590e+01 3.135127770112009102e+02 1.604927558421228539e+01 3.572248821435261448e+02 1.503304541371692494e+03 5.556216461352487812e+01 2.977504994411117991e+02 1.281576540247099594e+01 4.105708692649528757e+01 5.452188801831325691e+02 2.241637254292855062e+02
0.000000000000000000e+00 5.695084778302385757e+02 1.494318669782733878e+03 2.398346795377836713e+02 1.706264894910750627e+02 5.759973963902390892e+01 1.331257367293775587e+03 8.896358607025940728e+02 2.613891836092635117e+02 3.107274960641401407e+01 9.219234114420083870e+01 3.216872013745287404e+02 4.925167845208645190e+02 1.514901669661952042e+02 3.867865105690642054e+02 4.389421018705859296e+02 2.160265877254834663e+02 5.413709797119705627e+02 2.852306430147695551e+02 1.025050777204707629e+03 1.976263898415925979e+01 1.130815164473508730e+03 4.318209581937445023e+02 1.352256219227026008e+02 2.668138600537639604e+02 6.002712326494232542e+01 6.510675710994527208e+02 3.647907773783675793e+02 1.577787074501638998e+01 4.487027818777104826e-02 9.100667163375582049e+02 3.543710443034385804e+01 2.566705951059362079e+01 4.631417927122763558e+02 1.960212133038734450e+01 9.856181982936985941e-02 5.118903808649061489e+02
0.000000000000000000e+00 3.878158162598421388e+00 0.000000000000000000e+00 0.000000000000000000e+00 0.000000000000000000e+00 0.000000000000000000e+00 0.000000000000000000e+00 5.887864141439289045e-02 9.918667459989611643e+02 1.537463885949710630e+03 3.133820922887560414e+02 0.000000000000000000e+00 1.191758056182732616e+03 1.623487453646043477e+01 1.575317814663401577e+03 3.480246227323672770e+02 4.265566882853534025e+02 0.000000000000000000e+00 6.872445648883004878e+02 1.649790066478630024e+02 4.829182511653934284e+01 6.307204597555348755e+02 0.000000000000000000e+00 0.000000000000000000e+00 1.016715861858918828e+02 0.000000000000000000e+00 2.220504860425669236e+01 2.581998591129199738e+01 2.716514714114774733e+02 1.345998043594999771e+01 6.554535034323033926e+01 1.387869338095589001e+03 2.791664459465815753e+02 0.000000000000000000e+00 6.741776993338892225e+02 4.265428136494046640e+01 3.900498685461972741e+02
0.000000000000000000e+00 1.467363050857241831e+02 0.000000000000000000e+00 0.000000000000000000e+00 0.000000000000000000e+00 0.000000000000000000e+00 0.000000000000000000e+00 0.000000000000000000e+00 0.000000000000000000e+00 0.000000000000000000e+00 0.000000000000000000e+00 1.352471564508900599e+02 0.000000000000000000e+00 2.013493983375012419e+02 2.438375323380010684e+02 3.834687113897072663e+02 7.461568453429741794e+02 0.000000000000000000e+00 6.048252533021468480e+02 1.633629128446436027e+02 1.600733239845397282e+00 6.603845347780866177e+02 8.101559445783433944e+01 3.389136200492670241e+02 5.193318792665804722e+02 0.000000000000000000e+00 5.005863985037571524e+02 1.658064426139795557e+02 1.159808436347578159e-01 6.736509367532285069e+02 9.944537946913558812e+01 3.756753011409456917e+02 2.115368830044583888e+02 4.955904227171078560e+02 5.772143806391648013e+01 8.230609378076045459e+02 4.802384537414770449e+01
0.000000000000000000e+00 3.805663115124858109e+02 6.494716867950853612e+02 1.386681411343763273e+02 5.661108411388532886e+02 1.358411500674498313e+02 3.838255123937617554e+02 2.304292049022380979e+02 0.000000000000000000e+00 0.000000000000000000e+00 1.653779855583568974e+02 0.000000000000000000e+00 0.000000000000000000e+00 0.000000000000000000e+00 6.370078214828758973e+02 4.109425637559374991e+02 1.082120059068505270e+03 6.801841375924185513e+02 1.224791719726049406e-03 1.247164751643802674e+03 2.739115215435645179e-01 2.059719492556547138e+01 0.000000000000000000e+00 1.544706014783287856e+03 1.133115329459978824e+02 1.108468722875509457e+03 1.318874413913881426e+03 6.302117589623305871e-02 1.258159966086702752e+03 7.288194350393613377e+02 1.819858519198589875e+01 5.613598044572986510e+02 3.111619305346820852e+01 1.049468924836095539e+03 4.427882107296228220e+00 1.104147973638288477e+03 1.348951334538539992e+00
0.000000000000000000e+00 1.227736116489282239e+02 1.532148375530683282e+00 7.935889311321961404e-02 4.364899586343145010e+00 7.022632097526800408e+02 2.727363214738955435e+02 2.547354574775338563e+02 4.071137055825216180e+02 2.132517507759802911e+01 2.964121406913877621e+01 2.155073853633671987e+01 2.747419175313854112e+02 7.594848790985074629e+02 0.000000000000000000e+00 8.227335829920534707e+02 8.340314340773575452e+01 3.426199481144706738e+02 0.000000000000000000e+00 0.000000000000000000e+00 0.000000000000000000e+00 1.072260967064220722e+03 1.384961624976981739e+03 1.034920490865755482e+03 9.258499661149039994e-01 1.234530410913388039e+02 9.073192283167630876e+02 6.049278398963261907e+02 9.842872769234190855e+02 2.195066064708476290e+02 7.388353165778585030e-01 1.285989923151397306e+03 1.239871419533837297e+03 2.018414601166648481e+02 9.029782640420475071e-01 1.567554452717372669e+03 6.244009026007815919e+02
0.000000000000000000e+00 8.632901170852519499e+02 5.356723067747120837e+01 5.001028324837667682e+00 0.000000000000000000e+00 9.537378863890588718e+02 2.795219946052212663e+02 8.170108109444646161e+00 2.851906050991676693e+02 1.005811821965719901e+03 6.760695107863462505e-01 5.881534269301658568e+00 5.430243300571036258e+01 3.360531070463280230e+02 9.150777783906438145e+00 0.000000000000000000e+00 0.000000000000000000e+00 0.000000000000000000e+00 1.394693273698906296e+03 0.000000000000000000e+00 0.000000000000000000e+00 4.302696270734711561e+02 5.814601131899974007e+02 0.000000000000000000e+00 1.455580452259743879e+03 2.710469122580753378e+02 6.314423623831927443e+02 6.517916367066316070e+02 1.511086219880700810e+03 1.562412192449504289e+02 1.101317459208567495e+00 7.039894481334569036e+02 4.005987977073266393e+02 1.211524084074668735e+03 7.649455864496204072e+00 1.554994054903847633e+01 0.000000000000000000e+00
0.000000000000000000e+00 7.214813724619751838e+02 1.157452790203606554e+02 0.000000000000000000e+00 0.000000000000000000e+00 7.694157262636268797e+02 5.148379103745996872e+02 1.173718779360066947e+03 0.000000000000000000e+00 9.042780180371147480e+01 1.864523260884927680e+01 3.432880191538805192e-01 2.630682013516727693e+02 0.000000000000000000e+00 9.333910829940600706e+02 1.551769394201673322e+03 0.000000000000000000e+00 5.388938603062865695e+02 5.592768909583333681e+01 6.382457848660520767e+02 0.000000000000000000e+00 9.342147118413971612e+02 2.077829293853469816e-01 3.301385175863858876e+02 0.000000000000000000e+00 0.000000000000000000e+00 0.000000000000000000e+00 0.000000000000000000e+00 0.000000000000000000e+00 8.024987135052838028e+01 9.506929968238547417e+02 1.581194623613203021e+03 0.000000000000000000e+00 1.006434659243891247e+03 2.273738202334796767e+02 1.350214960019437513e+03 4.905835914588200097e+01
