output/example/lateral_incision_000041.asc
nrows	75
cellsize	13.33333333
xllcorner	0
ncols	75
yllcorner	0
NODATA_value	-9999
[rows 17 to 33 of 75, columns 37 to 73 of 75]
9.897519042184052540e-02 1.180349712806031022e+02 0.000000000000000000e+00 5.745167558410176980e+02 1.039733151773316422e+02 2.831270234977184685e+01 5.696520869141926369e+02 3.895203774194796686e+00 2.672944372426396740e+02 5.736726777383851505e+00 1.011759006216298395e+01 6.617622906452405473e+00 1.010732967392487922e+03 1.604025018438384507e+02 5.727574232559258682e+00 1.533729729931929342e+03 2.197440832088251227e+03 4.577989471989328507e+01 2.178813027921498247e+01 2.689902332421309605e+00 2.338968600465431109e+02 5.957339707753478706e+02 2.423601581081786804e-01 0.000000000000000000e+00 1.261044691357983993e+03 1.640821968366126100e+02 2.575121212883469184e+02 3.611928844652862836e+01 8.210028865887312577e+02 5.741787727965711241e+01 1.811711883636390894e+02 6.896296490639741705e+02 0.000000000000000000e+00 4.530704801997382702e+01 4.459303838943847609e+02 9.870751053924381324e+01 8.541040169961346464e+02
8.962897292377051599e+02 4.512765709148940800e+02 5.893021152849412658e+01 1.515645868699663424e+03 1.480048159226166433e+02 1.069042541328968525e+02 1.963552112832331602e+02 2.102407736744125941e+02 0.000000000000000000e+00 5.890417414200821433e+00 0.000000000000000000e+00 1.438241119647170052e-01 7.107597866218563354e+01 6.998199172796606717e+02 1.616055191613413172e+03 2.253004864033691490e+00 8.572613684393064659e+02 1.604068684154823359e+03 6.224586694053401743e+02 1.433056929269685270e+03 1.983378689561539332e+01 1.608253616854963639e+03 1.311086713220521460e+03 7.400452420132743327e+02 1.445887201952840769e+03 4.036010961602868292e+02 0.000000000000000000e+00 1.078730336212957354e+03 1.286687567657802219e+03 1.994044971774997288e+00 1.121784156804533723e+03 3.132152013082567805e+02 2.487255923652230649e+02 4.287555127837681539e+02 3.769810194610021199e+02 1.581500121949702020e+02 4.239004655255964735e+02
3.295152940842258895e-04 1.469153459868884283e+03 7.168152066264110545e+02 3.844959366163707273e+02 6.031773114892639569e+02 0.000000000000000000e+00 4.845275436104410005e+02 3.551219108747865789e+02 2.647438335274604171e+01 6.278312376445716936e+00 2.173800427460512857e-02 1.132148298417776089e-03 6.881844946991817551e+02 9.451033905773879269e+02 1.742182277519165723e+02 1.525853470443714968e+03 1.252007873805924554e+01 2.539154115121584709e+02 9.762327084690283527e+02 1.424972147536343755e+03 0.000000000000000000e+00 1.177140170913375414e+03 9.671831519077420225e+00 1.717944001377917917e+00 2.091980229068184727e+01 2.380893914754596274e-02 1.391174041636993024e+03 6.674450086517795171e+02 1.566195794300899479e+03 8.482371541619797881e+02 0.000000000000000000e+00 2.969196449626425647e+02 5.921942099718609853e+00 1.020734796423528878e-01 2.001954212577967596e+01 4.290355771876598396e+02 0.000000000000000000e+00
0.000000000000000000e+00 9.740240430276031702e+02 5.305395600139370345e+02 1.300040774840514132e+03 1.166928477067236436e+01 1.465375407111660934e+03 8.837477498950543975e+01 8.660265867738546319e+01 0.000000000000000000e+00 3.883642561464786702e+00 2.076436911599305120e+02 6.189518062070608551e+01 0.000000000000000000e+00 2.008081669892986199e+00 2.131554567715038888e-05 2.010548483226204723e+02 1.196532673040646159e+03 4.083106713392268716e+00 6.257561599179113045e+02 1.639896840547003649e+03 7.675437838264667789e+02 4.322727794242197774e+01 1.696943072882865636e+03 2.331067628649390429e+02 5.477210314676540293e+02 3.204117453863816536e+02 0.000000000000000000e+00 9.363476679517142429e+02 3.386945014540168586e+01 6.808622188971506617e+00 6.027164612254979374e+02 2.430818856632643019e+02 4.480250707651263298e+01 6.566853748400694357e+00 2.556157124711341916e-05 7.130350342907661556e-05 0.000000000000000000e+00
1.132049830162881790e+03 8.744354944136707442e-01 5.031979111784074234e+02 6.548392676558407857e+02 8.033956839958003471e+00 2.744890773634083416e+02 1.190542608305488983e+02 4.082629279052480911e+02 4.481930038576880548e+01 7.756518548866204128e+02 2.010653139710262280e+02 1.784994961091684047e+02 6.658907389548045330e+01 1.494983799839303629e+02 2.392906909760631606e+02 1.333752358272806191e+02 1.145077015084666527e+03 9.323320394354834661e+01 0.000000000000000000e+00 1.287251079785410184e+03 2.162034064214412155e+01 8.921411795269189042e+02 1.445326263291941814e+03 1.021718212085767590e+02 6.452059874728518025e+02 1.072321370671590103e+03 5.750021329943998438e+01 0.000000000000000000e+00 2.709787350826205810e+00 1.075716792124281618e+00 1.778436890393661152e+00 1.591299269600295754e-05 3.468519120183972403e-06 6.153929690712433143e+01 6.812331437104571705e+02 1.364484572929781962e+03 0.000000000000000000e+00
8.625047266406969584e+02 1.861629974569194985e+02 1.831937642544101408e+01 4.343107811916641481e+02 9.547029062029139368e+01 1.275400637218510383e+03 3.392006214685164611e+00 8.224015807941511014e+01 1.043580273374884428e+03 8.217583774452298258e+02 5.569649180384502740e-01 5.665810659141003498e+02 1.445955445900469556e+02 2.473451038509391253e+01 4.018892920696656574e+02 8.680767873725274058e+02 1.573219549662686345e-01 1.168365469730177210e+03 1.761649787574401216e+03 7.119272328028013241e+00 6.643568348814142155e+02 4.620802330024552020e+02 1.150524636207027243e+02 3.413635716467546217e+02 0.000000000000000000e+00 0.000000000000000000e+00 1.179377684355059870e+02 0.000000000000000000e+00 4.354536084199172024e+02 2.396210649106768926e+02 1.114675581251452883e+02 5.276384053289370257e+01 6.990590189536089838e+01 9.104418461195083410e+02 4.321214756510460120e+01 5.041740583211866067e+01 9.916048737145598257e-03
1.021889005705756553e-01 8.409854334365464865e+02 8.399766179092087270e+01 4.851084975264963077e+02 3.479416655613071452e+00 7.902742072098351400e+01 1.491877354066710666e+02 8.874279365777046347e-02 7.684140174092676716e+02 2.854373489465914986e+02 3.884690821016722140e+01 1.292484035101991253e+02 4.854780737994873334e+02 6.850640737294096425e+02 1.282698379278664147e+00 1.236577260372590246e+02 1.286203598689450018e+03 7.401287369684619080e+02 7.049115389242194496e+00 1.105671700426575399e+03 0.000000000000000000e+00 1.476440855127579823e+02 2.283391005263350593e+00 8.804107127842085490e+00 3.078397062978705776e+02 0.000000000000000000e+00 2.584789360427730003e+02 9.189822940124810202e+01 1.277149998090683539e+03 3.030673675964981726e+02 1.005701537066503448e+02 3.050395888976199643e+01 0.000000000000000000e+00 5.644402347802442819e+02 5.704694449748976659e+00 1.356381733423143714e+03 4.882372705490560261e-05
1.307813321781518653e+03 4.785719764132700220e+02 1.828783805333754060e+02 2.198192400305414651e+01 1.186786014339281337e+03 6.422926294137323566e+02 1.539761907596252755e+00 1.111760410133087134e+03 2.800994120499305851e+00 1.223784917775175927e+03 4.962587533143068441e+01 7.823990404561136529e+02 1.549742240531997339e+01 1.637736901278191226e+02 8.680248169938224123e+01 3.000852718921408950e+02 2.406590277462180723e+02 7.591904729608458524e+01 0.000000000000000000e+00 1.296611283802079015e+03 0.000000000000000000e+00 0.000000000000000000e+00 1.533429805967860524e-05 0.000000000000000000e+00 0.000000000000000000e+00 1.531478343027114875e+02 7.275888027746152602e+02 8.321777353194567795e+00 4.493129876293036205e+02 3.139794673077644802e+02 5.094207185320206577e+01 1.079307389700616568e+03 1.733637471003138728e+02 1.223400394169954325e+03 2.060447108299800334e+02 1.632738193827394184e+02 1.151024298199154333e-01
1.255863043572476727e+03 3.560848512045834582e+02 1.054922676817519005e+03 9.260261523592093980e+00 1.994214645050348054e+02 3.307143202116676548e+02 1.522570005342917284e+03 1.212375891869045716e+02 0.000000000000000000e+00 6.118606992437801040e+01 0.000000000000000000e+00 5.234452621224976383e+02 0.000000000000000000e+00 1.862766273241616091e+03 7.394413948235079488e+02 7.863611233621319030e-02 0.000000000000000000e+00 7.863727807115435553e+02 8.799775034365435431e+02 7.422563858068155014e+02 1.760406648404237551e+00 3.771474663465018917e+00 1.552710749641583510e+00 0.000000000000000000e+00 1.583954559958230812e-01 9.157542238480555170e+02 3.667983082160382082e+02 0.000000000000000000e+00 1.382491652709540404e+03 1.215363459158787009e+03 6.663210033243703379e+01 6.540554125869634845e+02 1.291948418597221071e+01 2.301941171309977818e+01 6.378770030642493793e+02 2.201802738317047385e+02 3.234661231205861895e+02
0.000000000000000000e+00 1.213235010221073708e+03 6.574637378534426944e+02 4.611723452933329099e+02 3.558064396219612746e+01 1.732349921477878752e+03 6.684156927544536586e+01 2.853941885253227042e+02 4.392129604620907735e+00 6.735214958059985690e+01 4.332213900570853298e+02 9.865687575723308678e-02 7.240041840904016226e+02 5.950170183114412339e+02 1.293276219775481684e+00 7.074084411973159376e+02 8.612497892805736228e+02 0.000000000000000000e+00 8.937894142842086467e+02 7.171487059256863859e+02 0.000000000000000000e+00 4.830543569672834678e+02 2.163784328827605066e+02 2.133610178279678848e+02 3.651350969812291236e+00 4.547205228515690010e+02 2.245501968834724948e+01 9.592732312243389288e+02 8.807647388713935754e+01 1.528454783757132596e+01 1.654853892733087806e+00 7.439692654989116249e+00 1.149260608351362123e+01 1.087494933973908019e+03 9.806652552184681326e+02 2.009177794551566478e+02 5.319774149483396378e-05
3.264969931713253004e+02 0.000000000000000000e+00 4.255190800132359641e+02 4.632215459866650349e+02 1.065302354923373258e+02 8.201404125417567457e+02 7.827451356745555131e+02 3.604342120513067016e+02 5.699072469583109068e+02 3.639148242100657740e+02 2.342305582795064254e+02 8.508886161925076408e+01 1.414983086492992015e+03 3.949007730186857401e+01 1.604508776425247561e+03 9.997670846907986970e+02 2.125293048902368866e+02 1.587532260584014466e+03 1.061087789195966558e+01 3.980892819819434294e+02 9.947951456291293653e+02 0.000000000000000000e+00 3.942129544535733316e+02 9.511730508823317720e+00 1.168368479233895547e-03 0.000000000000000000e+00 2.141811072189238985e+01 3.309650131777044635e+02 2.174965499355526077e+01 3.661527479271431957e+02 2.112974979384254937e+02 1.281332395830382666e+03 5.708482229111676354e+00 4.483848732552780803e+02 4.108016361153571552e+02 8.118667414214520761e+00 3.642085301021880366e-04
4.615212425700478320e+02 4.270575093784714227e+02 1.502821110950667673e+02 9.207438744844114353e+02 2.223198926097333015e+02 0.000000000000000000e+00 0.000000000000000000e+00 1.363889097969811246e+02 2.108163091105265323e+02 4.709540888626013384e+02 6.334017371948535811e+02 1.679776856543008989e+03 6.986800260699953746e+00 3.521139202300920488e+02 1.283864829245623469e+03 5.850298815274117032e+02 5.914793591425131503e-01 4.368378433001394114e+02 5.987318178335918901e+02 3.606107037912069213e+00 3.505426627847318954e+00 1.585908201142210146e+03 3.656706013357734832e+02 2.239064181706376360e+02 7.641432020747587650e+00 1.018276218732710363e-03 0.000000000000000000e+00 9.292490758766850378e-01 7.934084860700569664e+01 6.769633606589763986e+02 0.000000000000000000e+00 3.696497972183265688e+02 1.114002708535479542e+03 5.935676608041968727e+00 1.604634298444865635e+03 9.046606880719242838e+01 8.091531400555139898e-05
1.054401618459260614e+00 4.870907910953510722e+00 3.403133745798306791e+02 1.380359519253572809e-01 2.640254165115497875e-02 1.327752303272229994e+02 9.663488877204047185e+02 0.000000000000000000e+00 3.330746077583992992e+00 1.209154630412915594e+03 1.592663436059812966e+03 7.681165390445964469e+00 3.008354679396191500e+02 6.704553735794461318e+02 1.656507875339548352e+00 4.658350878351970592e-01 6.744496078602746536e+01 2.890623529028493408e+02 1.493270472833148972e+02 0.000000000000000000e+00 1.668024051362650198e+03 4.531335510405165934e+01 2.139568650054871455e+02 1.434723610569491939e+03 6.778041951531442455e-02 9.642002154246682721e+00 3.621960328880459239e-04 0.000000000000000000e+00 0.000000000000000000e+00 9.805610287404345580e-05 4.189305456252100885e-06 0.000000000000000000e+00 2.007244009355476692e+03 6.113023353454335620e+02 3.750785072915548994e+02 2.779165498957677869e+02 1.403231664924315503e+00
2.756787756090310495e+02 1.770389440659407565e-01 3.658606152940259904e+02 7.511293069781422105e+01 4.455599319691121707e+01 1.584514049556174541e+03 2.041181839195648440e+00 1.426001564271393363e+03 1.995642060005166059e+03 9.072907218450503706e+02 1.747872038659919980e+01 4.034891015496079376e+02 7.046430647511582492e+02 0.000000000000000000e+00 4.067451135759037051e+00 7.050270701089905501e+00 0.000000000000000000e+00 0.000000000000000000e+00 5.887517175161062823e+02 1.114309895100713902e+03 7.094148200510838365e+01 1.121435595370288638e+03 2.371344487626959463e+01 1.209968599264153681e+03 2.199518321235527196e+02 0.000000000000000000e+00 2.618148870542185693e-04 3.168512331776546947e-04 3.516471448943179468e+01 5.245096830256980525e+01 6.894195274045621602e+01 4.734371997134597443e+00 8.020479087558445030e+01 1.677691684448473097e+03 7.805347489321617331e+02 4.730537101834628402e+02 3.986969152194717481e+02
6.166760390943502301e+01 0.000000000000000000e+00 4.683675261915396248e+01 9.554693644375622341e+01 1.101928224509252061e+02 0.000000000000000000e+00 1.613896770523696432e+03 0.000000000000000000e+00 1.497919494417748410e+03 8.448379779572176007e-01 7.905961872365371619e+02 1.297803123313420656e+03 3.269367606473623766e+01 1.604311715008164496e+00 2.630055834547246150e+02 3.408236269013186188e+02 1.138200060345661541e+03 5.590257270688025528e+02 1.806426922779587017e+02 1.320448920016287274e-04 1.183496559528136913e+03 7.169594786390492800e+02 1.225888976458173403e+02 3.718897082093922890e+00 2.936259326468323660e+00 5.411337881875359699e+02 3.621058568259576873e+02 5.659077192065742565e+02 1.382206084777938599e+02 5.960833850505566716e+02 7.694971368224622132e+00 7.418935219603606246e-02 0.000000000000000000e+00 9.180224560352718832e-01 7.159693850972449525e+01 3.787425980110648993e+02 1.580160176154194751e+01
8.649471992779307072e+01 9.399755090407389844e+02 0.000000000000000000e+00 2.651541913546949236e-01 9.526082669157027567e+02 2.802281685499817598e+01 1.408614615608557870e+03 4.383805889679368306e+02 4.226985597361585967e+00 6.406651140385478129e+02 7.516140366671504580e+02 9.340746141533091986e+02 2.982049809447603650e+01 1.859450250132343854e+02 8.697675925497858316e+02 3.301685811147322056e+02 1.835190033647396968e+00 2.275218773206994654e-04 1.104656165587241787e+02 1.068125843422574128e+01 3.113907685919760979e+02 8.427625047955525872e+01 2.167133748386209291e+01 1.179743748963750022e+03 1.146266695347734185e+03 9.512872850687461579e+00 9.578256738810820536e+01 2.159022788879168218e+02 6.507578486007532774e+02 7.462928055265933835e+02 1.178573641071739075e+03 5.436876374910887080e+02 1.298642588238861073e+01 0.000000000000000000e+00 1.948694662574524372e+01 4.001105830849293277e+00 8.637731008872531646e+00
1.757625424499296400e+02 4.125087831784277070e-01 1.748671236244329350e+02 4.658501766325468907e+01 3.757869860477605073e+01 3.670867685623053376e+02 3.518224476571777473e+02 0.000000000000000000e+00 8.242405136746083372e+02 9.328421519076758841e+02 1.592843212899995819e+01 0.000000000000000000e+00 1.063216645613519631e+03 0.000000000000000000e+00 4.312646839436060304e+02 6.085219097090443618e+00 7.536822619862677186e+01 7.093441971588125625e+02 0.000000000000000000e+00 5.480840159834822305e-03 3.824344446463362078e-04 1.430495413594669307e-04 8.764843194311472985e+01 1.071518023375318535e+03 1.540534087293633263e+02 1.201872574702050542e+03 8.346010122348703817e+02 2.401620632985939530e+00 2.677662939283038099e+02 4.683349249626406277e+02 1.023382714993254694e+03 6.253389869685279479e+01 7.400757495825224908e+01 1.169515241045659877e+03 6.099351551974003769e+02 1.048818007878268190e+03 5.637527123793684147e+00
