output/example/lateral_incision_000216.asc
nrows	75
cellsize	13.33333333
xllcorner	0
ncols	75
yllcorner	0
NODATA_value	-9999
[rows 34 to 50 of 75, columns 0 to 36 of 75]
0.000000000000000000e+00 1.328527021521491314e+01 9.054097219923036164e+02 6.942146182999937309e+02 6.043899587334559556e+02 2.065242735582145883e+02 1.579689083670612945e+03 3.938195756620428938e+02 4.183526512235594197e+01 1.195753729512124437e+02 3.974779902757988737e+01 3.795998572185735043e+02 1.225736383810098857e+02 6.055949089499168991e+01 2.131512131356075486e+02 3.477207671402934466e+02 0.000000000000000000e+00 1.281018702436879494e+03 3.395887799925849322e+02 6.692250128209453308e+00 6.873319047099660795e-01 1.082901084618687726e+01 8.511140601890745927e+01 2.910244602615253484e+02 2.128420214090126805e+01 1.284610235032847640e+03 1.204302268848645383e+02 7.390065800895058601e+01 0.000000000000000000e+00 2.670816557833462070e+02 3.611611101027505697e+02 6.357459361730525416e+02 2.095667974770871211e+01 1.115042314004611399e+03 1.044347875751306219e+03 0.000000000000000000e+00 1.133279488322569250e+03
0.000000000000000000e+00 1.516685177009177778e+03 1.366865309877301193e+01 1.065729963880165698e+01 9.398270796132928240e+01 6.820951481339280065e+01 3.438203648536354962e+01 1.840517487667758134e+00 4.519884899957012294e+02 9.585148659234129127e+02 5.616814170639282793e+02 7.690897158812732641e+02 1.392949463117509595e+03 2.070148899870117987e+01 2.578495665487883457e+02 3.779422630965418080e+02 3.618492880550205086e+02 2.659206022489350829e+01 3.909765649257183782e+02 1.196889079407713552e+03 5.130329333961859639e+00 2.156922161227716472e+01 4.856456445289530355e-01 9.695116158326443383e+02 0.000000000000000000e+00 1.040259005947311380e+03 1.013655572823224560e+02 1.507911567848060486e+03 3.937551269171807311e-01 4.655145328873266521e+02 6.349923432990091214e+02 1.295636066645435847e+02 8.596817241626673649e+02 3.506681321166868770e+01 1.197238400482189491e+03 1.414060398374179840e+03 1.434802103960534936e+01
0.000000000000000000e+00 6.068980875577964298e+02 1.449099283381894111e+03 2.523828168688218909e+02 8.250702390493393068e+02 3.169487066247353368e+02 1.320332360047119664e+03 9.445280018372396853e+02 1.289545798326471186e+03 7.002927382471026476e+02 4.613714989042404682e+02 9.729144423240444484e-01 0.000000000000000000e+00 7.320865026108082247e+02 1.607113398598773557e+01 1.378911483857065718e+02 1.492866804363366555e+03 5.904184789795266397e+02 1.210477274631218165e+02 7.037346614393059099e+02 5.949426098723093581e+00 1.065638084754522424e+03 4.745821167198585613e+02 1.286073582478879871e+02 5.212569977632254137e+01 2.088656222143545804e+01 1.670993444870664391e+01 3.510111921719085899e+02 2.210188690047185212e+00 7.059599877171220328e+01 3.175555243476616329e+00 1.071096626474907776e-01 1.977820559948379753e+02 2.350280869599141056e+02 3.732260782824830159e+01 1.017741731238573379e+02 5.262504145211813693e+02
0.000000000000000000e+00 3.603990824864034437e+01 0.000000000000000000e+00 2.763481893098283422e+02 9.777807627271226920e+02 6.718955907075747973e+02 1.809249952202316649e+02 6.846489741692357711e+02 9.150926184243006674e+02 2.661672627634017658e+02 1.017217579791488106e+03 9.621420396470346077e+02 5.132703001716995459e+02 2.891312322815259108e+02 1.356015273791624266e-02 8.604633258187359388e+02 4.975139643557313889e+02 5.733209033567374746e+01 2.041765598101388548e+02 3.012610612431573145e+02 1.434460465514198972e+02 8.018513710883255499e+02 3.741684099835297275e+02 4.111473899585473823e+00 7.633104764247637952e+00 7.224385671194994529e+01 2.237588193975827977e+00 7.967948040620467509e+02 2.085996886201767211e+02 1.033079941476672047e+03 5.900301435894672295e+02 1.255506078218098054e+02 1.132562676032348691e+03 1.258772735985646477e+03 3.587079817600369314e+00 1.340202804548848235e+03 2.772134853539959067e+02
0.000000000000000000e+00 0.000000000000000000e+00 8.594551852161449688e+02 1.230546396477522194e+03 9.151371523807614494e+01 8.588525233870303737e+02 9.673915972509098538e+01 4.772487417380166335e+02 6.481629664329341400e-02 1.518490268711164859e+01 8.232725680411842006e+01 2.231209245167550250e+02 5.585950926396299110e+02 1.559701548723075803e+03 1.157459469301009136e+01 9.020818684706312069e+02 0.000000000000000000e+00 6.821685341982968112e+02 7.626020661473434075e+02 1.047765773741937892e+03 4.658161086082617253e-01 1.643215377423495738e+03 3.227447556325513944e-01 3.567400939121966985e+02 7.444064281157815799e+01 1.342524566412157583e+02 1.105638521033757371e+01 5.819120161594107543e+01 3.336859939674324096e+02 2.165688265312184058e+02 5.923619699683874984e+01 1.965054077946388702e+02 5.834780354763903460e+02 3.806550355644308183e+02 1.833540385802970718e+02 6.013574743482156260e-01 7.653143034741244719e+02
0.000000000000000000e+00 5.558653642338915688e+02 2.697412601866532977e+00 1.830600779328202918e+02 3.248133183585165398e+02 3.035362949334976861e+02 9.711015616167530595e+01 5.559624761960914263e+00 2.677795436723971737e-06 1.019914539023517897e+01 5.761432160273908494e+02 1.671160172017406182e+02 9.662399616211816920e+02 1.413950786918381255e+03 2.780409152942871174e+02 7.078667379007698628e+02 2.678835119927180042e+00 9.483205450807329129e+00 3.983067427310832045e+02 0.000000000000000000e+00 6.231429114390829227e+01 8.784388221768641358e+01 4.012828846631087458e+02 1.092709536504904918e+03 8.074516937340108598e+02 2.138217078939345015e+02 0.000000000000000000e+00 6.221507057244772341e+02 0.000000000000000000e+00 6.770772302410736074e+02 5.392309231982367237e+02 0.000000000000000000e+00 1.589881753462417464e+02 1.227385797394196516e+03 1.177880511602219940e+03 5.719066557798891282e+00 2.310007002231113518e+02
0.000000000000000000e+00 5.707658829853439784e+02 1.408976619794715589e+03 2.497670039976088674e+01 2.353776492870745329e+01 1.857571343556358201e+01 2.005894158405383682e-03 2.489479767233764539e-03 0.000000000000000000e+00 2.783769600763218666e+00 0.000000000000000000e+00 1.625757799348675405e+02 6.160506799834194425e+01 1.362305404345328725e+03 2.608202415224126867e+02 1.795905271690590439e+02 1.054041354977368838e+00 5.326357342615738588e+01 2.169466645870856155e+03 6.218114625658676005e+02 1.521737862383349125e+02 2.460063126190708757e-02 5.841934474325054083e+00 0.000000000000000000e+00 1.012753346148958485e+03 1.284563640383990979e+01 6.790666705193437735e-01 6.867014072227964334e+02 4.501634644071604185e+00 7.870055586741103753e+02 7.829153341809754920e+02 3.570552806532043064e+02 9.077775386276715608e+02 5.111692404891009573e+02 7.111799688400685682e+02 1.103812133407961360e+00 7.574592800384162672e+01
0.000000000000000000e+00 1.874805234202017346e+02 0.000000000000000000e+00 1.097183702088917698e+03 2.896465191709352212e+02 2.426644634482944429e+00 1.676958743886356373e+01 5.640186794171758322e+01 2.344153637134667747e+02 2.980087603653640258e+02 3.230225514553672497e+02 1.336741369024739015e+03 1.593722025178801971e+02 4.939253361565027376e+02 1.062638599961531781e+03 3.332278896074083008e+01 2.124920969577119649e+02 7.410885712062530501e+02 1.685315934498115439e+03 9.073298680009640460e-01 0.000000000000000000e+00 6.437482733482994490e+01 6.608404194011267236e+02 4.402568191731907632e+02 2.152472324589215873e+02 7.919937303033062790e+02 1.427012782458452591e+02 3.033373287160925802e+00 6.004064494252290274e+00 1.281129527390216083e+02 8.056552491476999194e+02 3.933957042729713294e+02 3.639504614433171810e+02 3.195296260365281569e+02 0.000000000000000000e+00 5.641675292973445011e+01 1.153330684799062922e-02
0.000000000000000000e+00 1.375929847779765396e+02 5.752052196764982455e+02 1.817980145914101797e+02 2.607189507088962728e+02 4.637172011045286126e+02 1.020508328680679256e+03 1.456269944109986682e+03 3.335904375501513641e+01 1.662790586521300838e+03 9.367520636679993231e+02 1.285551611562460039e+03 3.108446838675111934e+01 9.767540285825812134e+02 2.947687915626811446e+02 2.271065308154387026e+02 7.164697624722014098e+02 4.583834878418779226e+02 2.746286775570926597e+00 6.568286598935221718e+02 0.000000000000000000e+00 1.347174920340254403e+03 6.266501986029769933e-01 2.548788809178207941e+02 4.443867137163924896e-01 4.295626863245268510e+02 7.078222628924385162e+02 7.129132768474559043e+02 1.597983388394195288e+02 4.378645704359713591e+02 1.148398354997407012e+02 1.067380995398121286e+03 0.000000000000000000e+00 1.792910083037343156e+02 4.113115611359985380e-02 2.029558108682265356e+02 1.633464645597551907e+03
0.000000000000000000e+00 5.831114568923408115e+02 1.191000409106991675e+00 0.000000000000000000e+00 6.151934097191663113e+02 1.392266159275067139e+01 1.939928625249629945e+01 1.725206345014882572e+03 7.182140859661618038e+01 1.627293879229304594e+03 2.082132713984948680e+02 4.166577186214301491e+02 5.020975805279136672e+00 4.785304900727021504e+01 5.649275150258180247e+02 2.501118456162928965e+02 7.883203454923407207e+02 4.171447371275728067e+00 1.268508186327830572e+03 1.778989046029631709e+03 5.114435018349927873e+02 3.438272246308791580e+01 2.964364884570932190e+02 7.939793864587592225e+02 3.645971656043770395e+02 6.614108050932216543e+01 1.228309382217707707e+03 2.737199945530767877e+02 3.197226366532980091e+00 1.364401297587579387e-01 7.682630131598778007e+02 1.305150570083851278e+02 1.048019758040832130e+02 5.759838631024935012e+02 1.492700602424460158e+03 4.891853804740207465e+02 3.984253285682913202e+02
0.000000000000000000e+00 5.695052085094600898e+02 1.494315477334504067e+03 9.430167642408231643e+01 8.926190224539346900e+02 6.337088186098971931e+01 6.462742848022263615e+02 1.149085862271926317e+03 1.543147310278879104e+03 5.047825102257026231e+01 1.164003838751209969e+03 1.664348988322724153e+03 9.064677962455850491e+01 7.886566112966025912e+02 7.002655763634191999e+01 1.006866490714463225e+03 0.000000000000000000e+00 1.641674695739472554e+03 1.491840283675727051e+03 1.133865443472818697e+03 1.103271366556399016e+03 2.859604690557309823e+02 6.021885010050767768e-03 1.319280736987381033e+03 2.628844194235231271e+02 6.002712326494232542e+01 7.478200654825468519e+02 9.215126599009015251e+01 7.806737712168926464e+02 6.482701945397509462e+02 0.000000000000000000e+00 8.814675730637620745e+02 8.717053249783747049e+01 6.812348444082508649e+02 1.525184667362358823e+03 3.567866986654297534e+01 4.959627247776388685e+02
0.000000000000000000e+00 3.878158162598421388e+00 0.000000000000000000e+00 0.000000000000000000e+00 0.000000000000000000e+00 0.000000000000000000e+00 0.000000000000000000e+00 3.019743546722345968e+02 0.000000000000000000e+00 0.000000000000000000e+00 0.000000000000000000e+00 0.000000000000000000e+00 0.000000000000000000e+00 0.000000000000000000e+00 0.000000000000000000e+00 5.479631612863137841e-04 1.255162490372831741e+02 6.012447563457036495e+02 2.291788844441484514e+02 8.631702899720882644e-03 9.074281504640650837e+02 1.257741757907187008e+01 7.839692031402889825e+02 1.153266714778742653e+03 1.787728716110699878e+01 5.963592369009403455e+02 3.641553325343516576e+02 2.028870922829975942e+00 6.040430956442644401e+02 6.855611495327889315e+02 1.605010088823504759e+02 2.817183235189834818e+02 1.641472615896433808e+03 1.466196927213282493e+02 1.127253068101919498e+00 3.337339310831949319e+02 4.918647165428253061e+02
0.000000000000000000e+00 1.466019402447684001e+02 0.000000000000000000e+00 0.000000000000000000e+00 0.000000000000000000e+00 0.000000000000000000e+00 0.000000000000000000e+00 1.782866005502837581e+01 0.000000000000000000e+00 0.000000000000000000e+00 0.000000000000000000e+00 0.000000000000000000e+00 0.000000000000000000e+00 0.000000000000000000e+00 0.000000000000000000e+00 0.000000000000000000e+00 1.571762646775837311e+03 3.268222890484211121e+02 8.808878087551280487e+02 0.000000000000000000e+00 2.435400906130929521e-01 3.927450893865122339e+02 0.000000000000000000e+00 1.448476686819834413e+03 2.612180996600700382e+02 1.422331523853056979e+03 1.369554037935172573e+03 1.819588581179069990e+02 5.732835198980437781e+02 1.571282007744045472e+00 5.661219105054881595e+01 1.557661936299521983e+02 3.838168512331983351e+01 1.368179643437096502e+03 5.748285997577058879e+02 2.515340914043018756e+02 1.266301700469712799e+00
0.000000000000000000e+00 3.805663115124858109e+02 6.494398688826915986e+02 2.786519432314972788e-01 1.124296599682087958e+02 1.765424496492226581e+03 0.000000000000000000e+00 5.004792176594161788e+02 6.872872087628564941e+02 1.074565320135267029e+03 7.799749894272655411e+02 3.361773366491343751e+01 1.451588117609744131e+03 5.602723149115704473e+02 5.473689843266944308e+02 3.970385940225114609e+02 1.174468950504567281e-02 1.277301223773387619e+03 0.000000000000000000e+00 6.320181126755913965e+02 1.009144706908386979e+03 1.954539213248594081e+02 1.493946463456182130e+02 1.152475961250264163e+03 1.741069252487709775e+02 0.000000000000000000e+00 6.655307845166525738e+01 6.387872491618286075e-01 3.228927684845858721e+02 8.490197004375554002e+01 0.000000000000000000e+00 7.539970351421800387e+02 6.456815382574112618e+02 5.045310209261697310e+02 7.276075824711387974e-02 1.020706742294041874e+03 2.536969737381322432e+01
0.000000000000000000e+00 1.227736116489282239e+02 1.532148375530683282e+00 7.935889311321961404e-02 4.364899586343145010e+00 1.165088601393477347e+03 1.415836429904914553e+02 1.277943037472797414e+03 9.689220976817083510e+02 1.464753019246490794e+03 5.250068256202745260e+02 2.603398454615584168e-01 3.397846574658055943e+02 8.596604756256006112e+02 3.643122210311482423e-01 3.268216926595054019e+02 1.191619422145176259e+03 4.764888295037883470e-01 1.244919183733554064e+03 9.240954807405830917e-02 0.000000000000000000e+00 0.000000000000000000e+00 1.410135033991239652e+03 5.647487170832177661e+00 1.000249922018406465e+02 4.186243833067755418e+02 0.000000000000000000e+00 6.595953592760147899e+01 1.381521955019607503e+03 7.338632171335912062e+02 4.463981335029838186e-04 1.176601597414382013e+03 4.686661486348622248e+02 5.528308928692379141e+02 6.517962173121759406e+02 1.755564174667946872e+03 1.082927084510923565e+00
0.000000000000000000e+00 5.887959727350040566e+02 1.289049448857329480e+03 5.001028324837667682e+00 0.000000000000000000e+00 1.028471152231272981e+03 1.142321201034384899e+02 1.208572672431041610e+03 8.934359748342309331e+02 1.617276922429857677e+03 1.575153918025871462e+02 1.677636572089229048e+03 1.111180660949428400e+01 0.000000000000000000e+00 5.514898093985834748e+02 3.256932896445656525e+02 2.029618496730418656e+03 1.294610275964016864e+03 5.837121300296720392e+02 8.384741214030165679e+01 0.000000000000000000e+00 0.000000000000000000e+00 0.000000000000000000e+00 8.168126352088904696e+02 1.206913986137641587e+03 8.373939779974727711e-05 1.207361643756787089e+03 1.152062772719533768e+03 1.487863079781368469e+03 2.463255723673409818e+02 7.957778270814451389e+02 1.527977768243878565e+01 4.887092366778661017e+02 1.105734478735147377e+03 3.330070109479479470e+02 1.086002625234252728e+00 1.476112364578847746e+03
0.000000000000000000e+00 0.000000000000000000e+00 0.000000000000000000e+00 0.000000000000000000e+00 0.000000000000000000e+00 1.360680247415162057e+03 1.080001556436749865e+02 2.594201723692061705e+02 6.494422357944869439e+00 4.190220817462821401e+02 7.626650863847412154e+01 6.552005977235266982e+02 3.026780429075867218e+01 5.503150710203733809e+01 6.738334604154404133e+02 0.000000000000000000e+00 1.471022605448300880e+00 1.466316519031252938e+03 1.820636195661408552e+00 6.768710932080158500e+02 4.688108881724504613e+02 0.000000000000000000e+00 1.288382763555244310e+03 0.000000000000000000e+00 0.000000000000000000e+00 0.000000000000000000e+00 0.000000000000000000e+00 3.088930942414863656e-02 0.000000000000000000e+00 0.000000000000000000e+00 0.000000000000000000e+00 0.000000000000000000e+00 0.000000000000000000e+00 4.548736184213034335e+02 1.716380718079940948e+02 8.941703072928463598e+02 0.000000000000000000e+00
