output/example/lateral_incision_000033.asc
nrows	75
cellsize	13.33333333
xllcorner	0
ncols	75
yllcorner	0
NODATA_value	-9999
[rows 17 to 33 of 75, columns 37 to 73 of 75]
3.320113177517726841e-12 0.000000000000000000e+00 2.980367436943485048e-12 6.102702463816947513e-12 0.000000000000000000e+00 3.378717559974519213e-12 1.660214624670682652e-12 0.000000000000000000e+00 5.614820341675256032e-13 3.366196769549538611e-12 1.621346791275869386e-12 0.000000000000000000e+00 0.000000000000000000e+00 0.000000000000000000e+00 0.000000000000000000e+00 5.538672638069002088e-13 0.000000000000000000e+00 0.000000000000000000e+00 3.443876253708721548e-12 5.614548245754418303e-13 3.426977201855794652e-12 0.000000000000000000e+00 6.402975226930156001e-12 0.000000000000000000e+00 2.433649124518731350e-11 1.684578771923866538e-12 0.000000000000000000e+00 5.232114621672718747e-12 3.422293462322686011e-12 1.633809079300523671e-12 0.000000000000000000e+00 0.000000000000000000e+00 8.525864894164650516e-12 3.447151485223334764e-12 0.000000000000000000e+00 1.752756529688194058e-12 3.267607947324762266e-12
0.000000000000000000e+00 5.585067111499028357e-13 0.000000000000000000e+00 1.655773531075262680e-12 1.098209598670871847e-11 1.659330821642872772e-12 0.000000000000000000e+00 5.578666333680628023e-13 4.213680175928886967e-11 0.000000000000000000e+00 0.000000000000000000e+00 0.000000000000000000e+00 0.000000000000000000e+00 0.000000000000000000e+00 0.000000000000000000e+00 0.000000000000000000e+00 4.152959743070359813e-12 3.359497472624804720e-12 2.471219188072102730e-11 3.425613017505547064e-12 1.688039532780555225e-12 3.389068554738712740e-12 0.000000000000000000e+00 3.386823274128803296e-12 1.674793955580870699e-12 0.000000000000000000e+00 5.372386212867879416e-12 3.359617202681255646e-12 3.688050185843676573e-12 0.000000000000000000e+00 1.616034397193963899e-12 3.289315418089508745e-12 0.000000000000000000e+00 3.283776237762577154e-12 2.832650960863978720e-12 5.559843245931010441e-13 5.576789310384530937e-13
0.000000000000000000e+00 6.102702463816947513e-12 1.632621310535955071e-12 3.350418955524139499e-12 1.650863631102190712e-12 0.000000000000000000e+00 5.634060224460764730e-13 3.378717559974469938e-12 5.578666333680628023e-13 0.000000000000000000e+00 0.000000000000000000e+00 0.000000000000000000e+00 0.000000000000000000e+00 0.000000000000000000e+00 3.320424420410064276e-12 4.152959743070359813e-12 0.000000000000000000e+00 2.998775818443630639e-12 3.389459739450777266e-12 3.408858523635856823e-12 0.000000000000000000e+00 3.408874303970214759e-12 3.368283911945467184e-12 1.661560895041974884e-12 0.000000000000000000e+00 1.629869436751472106e-12 3.404818718409412718e-12 0.000000000000000000e+00 5.565428931751671546e-13 8.438277030171956641e-12 0.000000000000000000e+00 0.000000000000000000e+00 0.000000000000000000e+00 0.000000000000000000e+00 0.000000000000000000e+00 1.617630488635861681e-12 0.000000000000000000e+00
0.000000000000000000e+00 0.000000000000000000e+00 0.000000000000000000e+00 1.638129042001539166e-12 0.000000000000000000e+00 1.645562404687580711e-12 6.084605992228044794e-12 0.000000000000000000e+00 0.000000000000000000e+00 0.000000000000000000e+00 0.000000000000000000e+00 0.000000000000000000e+00 0.000000000000000000e+00 0.000000000000000000e+00 0.000000000000000000e+00 3.359497472624804720e-12 5.564291319641763371e-13 0.000000000000000000e+00 1.668977256062748457e-12 2.338888455552199599e-17 1.839735830898360251e-17 5.625925613681305530e-13 1.648319259664140685e-12 0.000000000000000000e+00 6.769516244503091957e-11 3.386823274128803700e-12 0.000000000000000000e+00 1.617623693506917386e-12 0.000000000000000000e+00 0.000000000000000000e+00 1.616034397193963899e-12 5.579799546035940131e-13 0.000000000000000000e+00 0.000000000000000000e+00 0.000000000000000000e+00 0.000000000000000000e+00 0.000000000000000000e+00
1.640036236503714869e-12 0.000000000000000000e+00 3.333049964279908702e-12 5.641214556247949978e-13 3.333049964279908702e-12 6.188669131618561618e-11 0.000000000000000000e+00 0.000000000000000000e+00 0.000000000000000000e+00 3.327449515864018792e-12 0.000000000000000000e+00 0.000000000000000000e+00 5.569094852951531104e-13 0.000000000000000000e+00 1.634729615765345572e-12 0.000000000000000000e+00 0.000000000000000000e+00 1.668977256062748457e-12 3.349879041604219490e-12 5.404077463156703909e-17 0.000000000000000000e+00 2.940397865535513589e-12 1.040598763428456623e-17 3.375100979324607462e-12 3.368283911945467184e-12 0.000000000000000000e+00 0.000000000000000000e+00 0.000000000000000000e+00 0.000000000000000000e+00 0.000000000000000000e+00 0.000000000000000000e+00 0.000000000000000000e+00 0.000000000000000000e+00 0.000000000000000000e+00 1.659875482459009696e-12 1.649533491895760089e-12 0.000000000000000000e+00
0.000000000000000000e+00 1.638745713618271860e-12 2.934111529191317274e-12 0.000000000000000000e+00 2.938133709232403375e-12 0.000000000000000000e+00 0.000000000000000000e+00 0.000000000000000000e+00 3.349864112772079390e-12 1.634582514715390139e-12 0.000000000000000000e+00 1.628632955780232890e-12 0.000000000000000000e+00 5.604539987373762323e-13 0.000000000000000000e+00 1.665884186228627801e-12 2.887494374978040484e-12 5.997934319064382290e-12 1.635696590831180764e-12 0.000000000000000000e+00 5.690523167539159531e-13 5.688731920991701498e-13 3.351094822062343149e-12 0.000000000000000000e+00 3.113589789750451159e-18 3.371518191503653039e-12 0.000000000000000000e+00 0.000000000000000000e+00 0.000000000000000000e+00 0.000000000000000000e+00 0.000000000000000000e+00 0.000000000000000000e+00 0.000000000000000000e+00 1.127799044450076631e-11 0.000000000000000000e+00 5.842189923196236069e-13 0.000000000000000000e+00
1.638745713618271860e-12 2.558143378822439929e-10 1.340037680727760804e-09 1.064892751612142835e-10 0.000000000000000000e+00 0.000000000000000000e+00 0.000000000000000000e+00 0.000000000000000000e+00 1.640862973698202941e-12 0.000000000000000000e+00 8.608273258084856734e-12 0.000000000000000000e+00 0.000000000000000000e+00 0.000000000000000000e+00 3.027588378458118920e-12 0.000000000000000000e+00 1.682922964102319282e-12 1.634918937106897214e-12 0.000000000000000000e+00 1.192363374251392650e-10 4.623630087927100300e-11 3.211909508588237836e-11 5.666227921493865922e-13 3.637897938873035189e-19 1.574520985792698210e-12 3.002564373866647635e-12 3.437141380196966186e-12 0.000000000000000000e+00 0.000000000000000000e+00 0.000000000000000000e+00 1.661773074382950379e-12 0.000000000000000000e+00 1.713695599924049979e-12 0.000000000000000000e+00 1.872402107188717298e-12 1.649533491895760089e-12 0.000000000000000000e+00
0.000000000000000000e+00 1.443056626368757714e-12 3.438993408917392739e-12 0.000000000000000000e+00 1.662856090762446186e-12 1.633233674409640833e-12 3.329147732747826088e-12 1.635339515693669118e-12 0.000000000000000000e+00 3.661773167681652283e-12 3.349864112772079390e-12 5.599376714839063448e-13 0.000000000000000000e+00 0.000000000000000000e+00 3.416858805374261665e-12 3.055318044350843552e-12 1.320807196207982541e-10 2.864503505006988228e-12 1.615864562150926703e-12 3.348671486703186931e-12 0.000000000000000000e+00 0.000000000000000000e+00 0.000000000000000000e+00 0.000000000000000000e+00 2.775643582715035903e-11 5.710326470125991064e-13 1.273229263476482388e-11 3.482601972593379050e-12 3.514638510702597120e-12 9.068437061492609933e-12 3.542146818053913973e-12 6.453284271509842296e-11 3.542147076502213847e-12 3.521938959571003173e-12 1.670809216795612511e-12 1.654689649560813634e-12 0.000000000000000000e+00
2.965231842162898022e-12 8.019453789345185299e-11 5.647239312115780951e-13 4.979345144616767593e-10 0.000000000000000000e+00 2.467079907818207320e-19 4.115676902209462339e-12 0.000000000000000000e+00 1.635006809137483845e-12 3.342730158250901156e-12 0.000000000000000000e+00 1.636913108712349385e-12 0.000000000000000000e+00 2.940873720926334906e-12 0.000000000000000000e+00 1.768105377332843228e-16 3.772511981636879760e-10 1.728652176340667148e-11 4.307381869105080766e-11 2.982975345229141325e-12 1.616993574812110451e-12 0.000000000000000000e+00 0.000000000000000000e+00 0.000000000000000000e+00 0.000000000000000000e+00 5.631373227034914702e-12 0.000000000000000000e+00 4.399492217356249273e-12 1.065588896438140973e-12 1.067310675032071433e-12 2.830267141662505986e-11 2.204450890374970737e-11 3.114443331325486198e-12 5.942975448809439092e-13 0.000000000000000000e+00 0.000000000000000000e+00 0.000000000000000000e+00
1.160311327408309761e-10 4.003181139285797683e-13 1.634844486762204265e-12 3.382225939908767610e-12 1.369453759713365675e-16 1.632112345553740370e-12 5.633445906748504487e-16 5.617120335814261239e-13 1.077105951730824507e-11 0.000000000000000000e+00 0.000000000000000000e+00 3.339637375334719558e-12 5.616445911253921097e-13 2.923304528766941393e-12 7.549906003586347973e-12 0.000000000000000000e+00 1.961683886877622603e-11 1.628584718425618590e-12 0.000000000000000000e+00 1.134089170141510061e-10 1.644579852668643549e-12 3.380881797617060937e-12 0.000000000000000000e+00 0.000000000000000000e+00 0.000000000000000000e+00 1.692289684982051990e-12 2.526167757541685548e-11 5.786273570931383905e-13 5.748395121212251153e-13 9.068437061369395564e-12 1.677242866072464896e-12 3.542147076502213847e-12 7.717171779679443259e-12 3.466634387693493469e-12 1.896379074490023679e-12 5.689504671293398034e-13 0.000000000000000000e+00
1.637482208463279317e-12 0.000000000000000000e+00 0.000000000000000000e+00 0.000000000000000000e+00 0.000000000000000000e+00 3.928168188988473263e-16 8.551832551492954559e-12 0.000000000000000000e+00 0.000000000000000000e+00 0.000000000000000000e+00 0.000000000000000000e+00 1.726178402086773068e-11 6.288885829911042830e-19 0.000000000000000000e+00 4.802756081225527676e-13 1.633771588414040153e-12 2.994802156092426087e-12 3.327577332744227175e-12 1.098392895333253999e-10 2.970404783196406548e-12 1.637693354425106263e-12 0.000000000000000000e+00 0.000000000000000000e+00 0.000000000000000000e+00 0.000000000000000000e+00 0.000000000000000000e+00 1.696324345981134989e-12 0.000000000000000000e+00 0.000000000000000000e+00 0.000000000000000000e+00 0.000000000000000000e+00 5.746277800950774209e-13 0.000000000000000000e+00 4.338977463220830051e-12 5.387021686825235055e-12 3.383998434656191047e-12 0.000000000000000000e+00
0.000000000000000000e+00 0.000000000000000000e+00 0.000000000000000000e+00 0.000000000000000000e+00 0.000000000000000000e+00 5.980123529604574574e-12 1.237713978693453217e-11 1.341501638832561746e-16 0.000000000000000000e+00 0.000000000000000000e+00 5.936947561962327218e-12 1.623067091786495579e-12 0.000000000000000000e+00 1.819765791256326542e-12 5.340211177098768445e-13 1.024105039068378394e-12 0.000000000000000000e+00 1.637759703872081429e-12 0.000000000000000000e+00 3.213051676435570422e-12 1.654827298758565867e-12 1.104020657469615199e-11 0.000000000000000000e+00 0.000000000000000000e+00 0.000000000000000000e+00 0.000000000000000000e+00 0.000000000000000000e+00 0.000000000000000000e+00 0.000000000000000000e+00 0.000000000000000000e+00 0.000000000000000000e+00 0.000000000000000000e+00 1.478306275455788290e-12 0.000000000000000000e+00 5.677612818489571483e-13 0.000000000000000000e+00 5.655728199195623950e-13
0.000000000000000000e+00 0.000000000000000000e+00 0.000000000000000000e+00 0.000000000000000000e+00 5.617129383092833564e-13 0.000000000000000000e+00 1.638618608062971838e-12 3.425144966427616118e-11 5.557628788019543118e-17 0.000000000000000000e+00 1.624245198285821789e-12 0.000000000000000000e+00 1.632612376197003457e-12 1.075522890803211658e-11 5.610328146444088809e-13 0.000000000000000000e+00 0.000000000000000000e+00 0.000000000000000000e+00 0.000000000000000000e+00 1.637978116370752675e-12 0.000000000000000000e+00 3.650205370484715325e-18 1.632384577816227447e-12 0.000000000000000000e+00 0.000000000000000000e+00 0.000000000000000000e+00 0.000000000000000000e+00 0.000000000000000000e+00 0.000000000000000000e+00 0.000000000000000000e+00 0.000000000000000000e+00 0.000000000000000000e+00 0.000000000000000000e+00 0.000000000000000000e+00 1.652794314061994407e-12 1.647458587613038918e-12 0.000000000000000000e+00
0.000000000000000000e+00 0.000000000000000000e+00 0.000000000000000000e+00 0.000000000000000000e+00 0.000000000000000000e+00 5.617447112575539007e-13 5.584007910396618198e-13 5.625108654544529556e-13 9.469081402063730283e-12 1.638618607788597281e-12 1.637980770561110026e-12 5.555454881124687905e-13 3.321032515179756883e-12 1.635076657072440303e-12 0.000000000000000000e+00 0.000000000000000000e+00 0.000000000000000000e+00 0.000000000000000000e+00 0.000000000000000000e+00 0.000000000000000000e+00 5.719317792608471012e-13 0.000000000000000000e+00 9.012686082803978172e-11 1.623718857747588505e-12 0.000000000000000000e+00 0.000000000000000000e+00 0.000000000000000000e+00 0.000000000000000000e+00 0.000000000000000000e+00 9.743174154134005501e-13 0.000000000000000000e+00 0.000000000000000000e+00 0.000000000000000000e+00 0.000000000000000000e+00 0.000000000000000000e+00 0.000000000000000000e+00 0.000000000000000000e+00
1.640536066317532376e-12 0.000000000000000000e+00 0.000000000000000000e+00 5.592142508844159441e-13 1.636154515804591627e-12 3.345508711022478129e-12 1.636812147120147472e-12 0.000000000000000000e+00 2.283031847697382077e-16 2.615002767979873209e-11 3.350608198575362107e-12 1.901690328996356480e-10 0.000000000000000000e+00 0.000000000000000000e+00 0.000000000000000000e+00 0.000000000000000000e+00 0.000000000000000000e+00 0.000000000000000000e+00 0.000000000000000000e+00 0.000000000000000000e+00 4.242585446576151011e-12 9.001725057311092939e-11 3.406724076466927447e-12 4.095318468671206691e-12 1.668847986713833240e-12 0.000000000000000000e+00 0.000000000000000000e+00 4.738022881318419113e-11 3.320592016530408899e-12 5.508953642311836595e-13 0.000000000000000000e+00 0.000000000000000000e+00 0.000000000000000000e+00 0.000000000000000000e+00 0.000000000000000000e+00 0.000000000000000000e+00 0.000000000000000000e+00
5.630430728424342232e-13 0.000000000000000000e+00 0.000000000000000000e+00 0.000000000000000000e+00 0.000000000000000000e+00 1.634260044464433402e-12 0.000000000000000000e+00 1.636812147120147472e-12 0.000000000000000000e+00 1.894968954596996179e-10 5.619583990420803674e-13 0.000000000000000000e+00 0.000000000000000000e+00 0.000000000000000000e+00 1.631069187981809656e-12 1.626896822940128878e-12 0.000000000000000000e+00 0.000000000000000000e+00 0.000000000000000000e+00 0.000000000000000000e+00 0.000000000000000000e+00 1.644576402271425025e-12 5.736144129559995079e-13 2.296710067090264175e-12 0.000000000000000000e+00 2.069742537943796145e-18 4.552852098139626228e-18 0.000000000000000000e+00 1.769873574258224225e-12 1.060171881166784086e-11 5.801142262561528981e-12 7.081142837725329046e-12 8.032923351138726781e-12 4.040101381040046284e-12 1.625891997780666334e-12 1.640126040250530567e-12 0.000000000000000000e+00
3.354725844191677701e-12 0.000000000000000000e+00 0.000000000000000000e+00 0.000000000000000000e+00 0.000000000000000000e+00 0.000000000000000000e+00 5.607875440336118505e-13 0.000000000000000000e+00 3.486414163195195085e-12 1.865659410690541341e-10 4.464631880405550989e-12 3.320488570527195024e-12 0.000000000000000000e+00 1.271705269607085550e-11 0.000000000000000000e+00 0.000000000000000000e+00 1.624625653221001752e-12 0.000000000000000000e+00 0.000000000000000000e+00 0.000000000000000000e+00 5.521802609689553553e-13 1.617350246027571649e-12 0.000000000000000000e+00 1.617350250985054488e-12 6.797772273489611462e-11 6.406809135132864903e-12 7.676272906148818027e-12 2.467079907818207320e-19 2.839611531517194009e-12 1.601408938147253412e-12 0.000000000000000000e+00 9.826265116739715339e-13 1.621782492667022071e-12 9.902318656461396334e-13 0.000000000000000000e+00 5.614178342789973765e-13 0.000000000000000000e+00
