output/example/lateral_incision_000258.asc
nrows	75
cellsize	13.33333333
xllcorner	0
ncols	75
yllcorner	0
NODATA_value	-9999
[rows 51 to 67 of 75, columns 0 to 36 of 75]
0.000000000000000000e+00 1.324835908450434999e+03 3.555761784360153221e+00 7.208156577758752626e+00 0.000000000000000000e+00 3.547590982419662531e+00 0.000000000000000000e+00 8.092657881329887459e+01 2.268456875337253393e+02 0.000000000000000000e+00 3.363445286940572743e+01 1.267413479621949818e+03 5.269677731487032588e+02 4.721430692579608035e+02 1.239357378828520950e+03 1.664017455099514109e+02 6.203135359282216541e+02 7.386846699742452560e-02 1.366141965773675793e+01 3.800787838875550051e+01 1.320545715437547507e+01 6.307812562486594743e+01 1.147993287922939531e+00 1.438200221023782603e+02 7.409977304850259543e+02 5.223683763953325752e+02 1.359392057940685845e+03 8.740469885926873985e+02 3.666172719774256166e+02 0.000000000000000000e+00 0.000000000000000000e+00 0.000000000000000000e+00 0.000000000000000000e+00 0.000000000000000000e+00 0.000000000000000000e+00 0.000000000000000000e+00 4.710359129010252034e-03
0.000000000000000000e+00 7.506175393311747257e+02 1.039932759583370281e+00 5.947502695236602221e+02 1.572074167571562953e+01 1.212027575480543184e+01 1.800674628102402153e+01 4.716420508007621493e+02 4.611686633739989247e+02 9.882987130695436235e+02 2.834621119017057378e+00 5.375260757381986423e+02 3.397398055041099951e+01 1.845872020400209834e+01 1.412325138960372612e+02 2.157505941523970989e+02 6.398494792871485970e+02 2.541613083608781215e-02 3.335278556900748725e+01 0.000000000000000000e+00 2.214000383913001997e+02 2.498520625289253303e+02 1.174850822849227683e+01 1.074301423969097414e+03 9.835342123677312429e+02 6.479581330972209798e+02 4.670741646107474310e+01 3.133162246154675472e+02 1.452102996254022173e+03 1.072715415779657775e+02 1.651509601316809494e+03 5.482355512949650347e+02 1.160880759249216226e+03 1.081604428185183480e+02 0.000000000000000000e+00 0.000000000000000000e+00 9.678183224484951097e+02
0.000000000000000000e+00 9.573465257561156250e+02 9.457706435940004894e+02 1.207194014169389931e+02 3.968822983145123828e+01 0.000000000000000000e+00 2.453215292880573770e+02 1.082688793533472165e+02 2.931901235202929570e+02 9.415245562192300213e+02 1.184627066872275464e+03 1.070365948500884556e+01 5.636471086401754746e+02 1.405686420202579029e+03 1.211379333831215718e+03 2.151474256896749466e+02 2.898687256396025873e+02 5.209251560445736686e+02 5.202781583387628643e+02 6.275679562671459735e+02 1.981182027674162214e+02 3.664557379874909770e+01 7.941593122502011681e+01 8.175838224392221036e+02 6.214794345452800144e+02 7.537970686423469715e+02 0.000000000000000000e+00 2.557329217917720712e+02 0.000000000000000000e+00 5.717336349284689732e+02 2.548265413137132214e+02 6.598678223946344588e+02 0.000000000000000000e+00 2.349069221277385964e+02 3.048615392331153089e+02 7.226268761195440220e+02 3.662446964098016178e-01
0.000000000000000000e+00 7.859446614458203157e+02 4.155243650440801844e+02 7.701527380040409980e+02 1.155569635603457215e+02 1.071538341439538499e+03 6.647689567259106980e+02 5.695967470807664768e+02 0.000000000000000000e+00 8.757040067058312616e-01 9.186544093280723189e+01 8.442298940412927166e+00 5.113092299715975173e+02 7.886861051424282323e+02 1.141886572914090948e+03 0.000000000000000000e+00 9.423056756841946253e+02 4.368696119431044167e+02 6.035288159384410847e+02 5.882629406181986553e+01 0.000000000000000000e+00 5.750431779967931334e+02 7.606049323837136455e+01 5.332559718246681086e+02 6.430056228971163819e+02 1.111591101241086790e+03 0.000000000000000000e+00 1.510179730855687410e+02 0.000000000000000000e+00 1.186794689128519394e+03 6.341390767514401432e+02 0.000000000000000000e+00 3.970095883781614248e+02 9.139982015221542042e+02 2.671001994332507934e+02 0.000000000000000000e+00 8.030814474952927640e+02
0.000000000000000000e+00 1.536998461346013300e+02 7.544800127962744227e+02 7.585890746269021747e+02 2.766902454354769816e+02 1.153237930834983672e+03 1.413939319553443738e+03 2.250530996399993100e+01 8.781792632385104298e+02 0.000000000000000000e+00 6.016518240133681275e+02 2.404283581889425647e-01 8.383253286384340299e+02 3.541822056338249922e+02 2.976213257287195120e+02 1.682106592851003199e+02 1.139046853373687554e+03 1.492308040541434195e+02 7.827299241093310229e+02 3.326003936477926004e+02 8.293156812825486668e+02 1.703445902205756468e+01 1.126727412722923027e+01 1.545565379718070517e+03 5.222458231737681444e+02 1.426714439635194953e+00 6.896793553936744274e+02 7.697518718050416737e+02 5.424839665404416564e+02 7.244076005862657439e+02 2.194882348170995385e+02 9.210493812975549872e+02 8.837998143098859600e+02 1.352735960934043646e+02 5.686529715707298038e-01 2.028205732834809680e+02 4.579479933614572360e+02
0.000000000000000000e+00 0.000000000000000000e+00 3.557983168135504570e+01 1.420449052584081642e+02 6.191741693628561194e+01 9.048210590077370341e+01 2.542819295321481210e+00 1.736151340972910702e+03 1.932661721598204565e+02 2.520369851625043793e+02 0.000000000000000000e+00 8.336563538417852970e-02 6.721031187439585892e+02 8.103770937690235598e+01 9.480255111022587755e+01 3.328188361645016613e+01 2.851672277478822366e+02 0.000000000000000000e+00 1.157625013257892022e+01 4.041751672229368069e+02 9.607741254185231128e+02 7.874970161561599298e+02 3.437341139066698759e+01 3.659666134009823395e+02 0.000000000000000000e+00 2.328757564818475885e+02 6.256468432468146830e+02 8.231349427040801174e+02 0.000000000000000000e+00 8.014379428234589264e-01 6.442441570306039011e+02 1.433154748980580734e+03 6.496675562510384907e+02 1.225608135286277758e+02 2.437133939604311905e+00 5.313184452044173867e+01 2.574202803825227370e+00
0.000000000000000000e+00 6.618235977863970447e+02 2.902683627518381968e+02 9.432996047442082954e+01 1.403638321708284309e+02 1.529705533190181313e+03 1.302291931398918678e+03 2.483023737852503299e+00 1.241829702280717811e+03 8.981924025625403374e+02 4.078815930861843526e+02 3.792214054964321690e+01 1.189579954630608540e+02 4.204736921893866679e+02 3.080590604726327442e+01 1.554556306330647999e+02 1.265860552815020355e+03 5.290958844408572759e+02 1.585656282718501586e+02 1.436674107958085358e+02 1.937719411260181346e+01 3.112427285147291514e+02 9.889641025185396117e+00 1.451321328399945060e+03 1.044310206439595419e+02 1.157814678989460111e+00 2.646358789682753923e+02 6.342932185368052842e+02 6.184763821383319282e+02 9.577122371852308191e+00 6.985915807872469259e+02 3.515559058036990336e+02 1.458481510873620266e+02 0.000000000000000000e+00 6.039791021546680322e-02 4.655656335858408283e+02 3.673068933672257685e+01
0.000000000000000000e+00 0.000000000000000000e+00 6.748768631318083635e+02 0.000000000000000000e+00 1.071257254426036297e+03 4.208616010359344983e+01 1.157023399326989647e+03 1.365526169574051210e+03 5.070592853826913711e+02 5.627214368398579154e+02 2.255353997290404777e+02 1.643585396076004956e+00 5.908681542985053738e+02 3.016820307555055924e-01 6.386944853128522936e+02 6.705204207123141487e+02 3.591924115932266091e+02 1.072298810174368899e+00 4.297501997352630383e+02 5.033118922985750601e+02 3.498707127599193996e+02 3.718157984291860316e+02 5.260186747296268805e+01 5.182736807697825725e+02 8.355096569807842570e+02 1.484358076151820796e+03 9.219459147767830043e-01 5.466695016495934851e+02 3.103427280929494714e+02 5.613132759423220932e+02 3.994323181789968089e+02 5.841067275358093411e+02 9.164006234161506725e+00 3.736317857727509590e+02 7.829322582118633989e+01 5.274410136505471414e+00 1.302474065084945209e+01
0.000000000000000000e+00 1.159645575625704851e+03 3.530527867725173223e+02 8.385300030332948609e+02 1.120947235018531956e+03 0.000000000000000000e+00 7.176555408028768852e+02 5.225107813798783809e+02 8.528665803709438933e+02 5.651305230937402939e+02 4.939629663524234502e+02 6.020818290276183689e+02 0.000000000000000000e+00 2.078393633631340265e+01 1.106008243604370136e+03 2.316062847300370038e+02 1.108862028541429481e+03 6.317850211456423040e+02 1.582911432851021516e+01 6.935103244358140273e+02 8.699839062320772882e+02 1.271948398106198965e+03 1.321914842214397652e+02 5.632070184806213575e+01 8.194304869058853524e-02 8.401251067918523177e+02 1.112543216945978884e+03 2.519865426754845572e+01 3.878808428166440763e+02 3.249041796327043929e+00 5.022012468584312614e+02 3.149691827248529989e+02 4.436909197320638327e+02 0.000000000000000000e+00 2.602417047264366374e+02 1.736743010314955847e-06 7.007308445983534284e+02
0.000000000000000000e+00 1.054649783643064211e+03 1.419550938466014941e+03 2.542914049962173522e+02 1.022738520113305412e+03 4.276665109012624271e+02 3.720554758830449060e+01 2.445228698189342964e+00 0.000000000000000000e+00 7.042805459272869939e+02 2.066200680932407163e+00 7.934951986730166027e+02 0.000000000000000000e+00 1.030931602916595693e+03 3.339992134477720924e+02 5.006349351395377312e+01 9.520856259295842392e+02 3.516160288290099061e+02 5.154918497798906856e+02 7.486511648482108967e+02 1.197435791713591470e+03 3.523617680626504045e-01 0.000000000000000000e+00 5.336602893967409122e-06 1.054083396367256910e+03 2.029885128602061968e+03 1.131989991452102089e+02 4.412586152137406259e+01 0.000000000000000000e+00 1.051944037963836536e+03 1.126948617283733938e+03 5.060527117638634422e+02 0.000000000000000000e+00 3.082318815478507759e+02 0.000000000000000000e+00 1.391129152601043643e+03 2.334809907470514929e+02
0.000000000000000000e+00 3.158255176724912303e+02 1.252039263089307468e+02 4.575424140570217624e+00 2.338355289115719415e+01 1.463602982468722189e+02 7.290741549675876740e+02 8.837907686767199493e+02 6.718027903435951131e+00 1.420638782755902412e+03 1.500282361498365447e+02 7.382140142401573257e+02 9.637480226222247666e+02 2.790825815275333071e+02 1.238610247083704053e+03 1.461444945082164493e+00 4.400371097127032840e+02 2.880789529659093162e+01 6.304462045241849590e-03 4.984672001910586232e+02 5.684830368438922932e+01 7.697569516792124489e+01 1.606271891100988341e+03 1.016780499024665573e+03 0.000000000000000000e+00 9.802424116547463200e+02 5.107879049920414900e+02 6.630981055561993571e+02 3.307994694637323505e+02 2.743133078414327315e+02 7.472590163510982393e+02 5.179160557596529380e-02 3.770273576519757626e+02 1.638860686320067828e+02 0.000000000000000000e+00 3.243668620719849827e+01 2.141709700636866831e-01
0.000000000000000000e+00 0.000000000000000000e+00 4.439682615085104089e+02 5.638983720562121107e+02 1.252968774624996058e+03 3.927180886513613700e+02 0.000000000000000000e+00 6.611360444458501888e+02 3.847591988239453258e+02 4.795328515545914456e+02 9.615218177169659839e+02 4.217268432466026411e+02 4.290930903919968955e+02 5.149842176461131658e+02 1.821977814876823629e+02 1.767245404685296819e+02 4.339877005341828919e+01 1.937204180021248305e+02 5.589079842649216516e+02 8.132411203125933241e-01 1.533557382362790804e+03 5.092308265206522151e+02 9.720683414921666099e+02 0.000000000000000000e+00 1.501614797039235555e+03 4.589495560800454399e+01 7.149294548682848927e+02 8.628907001272467792e-01 8.093476041960130374e+01 3.060054912643853653e-01 9.579064709101258757e+01 3.036281468669545234e+02 4.431371058154190337e+02 8.320056834431412973e-01 3.355665149949224997e+02 9.503564916888550442e+02 0.000000000000000000e+00
0.000000000000000000e+00 2.714594887068716957e+02 3.115728406812119147e+02 9.416780413937304957e+02 6.940139009129296710e+02 4.009449877365535144e+02 2.605656484550623873e+02 6.567883896987927983e+02 1.216236551782246806e+03 1.391277534406180621e+03 9.966463694966559705e-01 8.606876466536326120e+01 7.358633723918297065e+00 9.479964912098683527e+00 9.509680628188366427e+02 3.565623086614344288e+02 4.174482405636699589e+00 3.974650606450126702e+02 9.604407992883677707e+02 5.159311163862935956e+01 1.570561630127190256e+03 0.000000000000000000e+00 3.088947501308083474e+02 2.993907559576767241e+01 4.319945615029468513e+02 3.792983822316366993e+00 1.588676192870410887e+03 8.426150090381479458e+02 7.208246012163259593e+02 2.929351307133538853e+02 1.411146552081887364e+02 2.681876376329820459e+02 1.840467362293293490e+03 4.850832159660625820e+01 7.601264496705188094e+02 4.832777332453729286e+02 3.782096273626276002e+02
0.000000000000000000e+00 1.996626668565377258e+02 8.118626269779149425e+02 1.749382672475454683e+02 3.745638250100064397e+02 8.642409557275003635e+02 0.000000000000000000e+00 1.559880657435168132e+03 8.907783861055271473e+02 1.126097952930015481e+03 1.156845039869932918e+02 1.048894659777193397e+02 1.534911603837209668e+03 1.211536166308324937e+03 3.501104763295572866e+02 1.745845834324251769e+02 1.324562277778246333e+01 7.665826129950677341e+02 1.777304580164924062e+02 5.486225084454900092e+00 1.232392866241859338e+03 7.569057052460503883e+02 2.044770593758232735e+02 8.919795533610900407e+01 8.678948150807103730e+02 0.000000000000000000e+00 0.000000000000000000e+00 4.429141373609387244e+01 6.623734052611048639e+01 2.550580934791961738e+02 1.113893294315618050e+03 0.000000000000000000e+00 1.298524619993686429e+02 7.562166843256567290e+02 8.135374462287237520e+02 2.339339464230194494e+02 5.706145417508429851e+00
0.000000000000000000e+00 1.112326924405520856e+02 0.000000000000000000e+00 2.250399588186659798e+02 4.985062061885084859e+02 1.004387402818216287e+03 0.000000000000000000e+00 7.724948257205962818e+02 8.412026227332814869e+02 7.088483605134074423e+02 5.907876849403198776e+02 9.475926809100943871e+00 3.242229859111893120e+02 8.502722556031220336e+01 2.520521937594971007e+02 8.547828036509476135e+01 3.759016512597860515e+00 6.862668689232967836e+02 4.714151203357105580e+00 2.338204119148002746e+01 3.403525071238927353e+02 1.936713647208155180e+02 5.978244497410454414e+02 3.552424897976836178e+02 1.156188086364624041e+03 7.286464475321120915e+01 0.000000000000000000e+00 1.090991624614095599e+03 4.256375024341887414e-01 1.608393255758647001e+03 9.677342783932929251e+02 0.000000000000000000e+00 7.954075568511309484e+02 9.428755427099947610e+02 4.663642248683290248e+00 2.387960781777495640e+02 4.320847337422706573e+02
0.000000000000000000e+00 1.739667582270730463e+03 1.250500755027614559e+03 6.568880914610294042e+01 0.000000000000000000e+00 5.468693003601926250e+01 4.471752925786058768e+02 1.896704072260592966e+02 1.015020399748759246e+03 1.565254409049011656e+03 4.662235958948049586e+01 3.816088076524612802e+02 1.301052122586425412e+03 1.231253264445470904e+03 5.399347497177859623e+02 3.856289528353423757e-01 4.207057793106344548e+02 2.338267155160894504e+02 3.852253573306916223e+02 6.804754651898299471e+02 2.984244616805441979e+02 5.774379027347851689e+01 4.319253982933128100e+02 4.725839620750313230e+01 1.965943976718032786e+02 1.635699673444265045e+03 6.422192951933833456e+02 2.651811464658052397e+00 9.141426679421552990e+02 1.500338198339577957e+03 3.948777870266174261e+01 0.000000000000000000e+00 0.000000000000000000e+00 2.164613874805421005e+02 1.097269952176817327e+02 4.941771488669744485e+02 2.993287992402592934e+01
0.000000000000000000e+00 7.323141408391310279e+02 2.347766682730613184e+02 1.665508647314912196e+03 2.502834372453506546e+02 8.139442485026997929e+02 1.138765523991482667e+02 8.264338181536913908e+00 0.000000000000000000e+00 2.358668756355382072e+02 1.383501464496740255e+03 1.817305625038114840e+03 1.214661264411647039e+02 3.104132534207297454e+02 1.162226967193808065e+02 6.917008975795347396e+02 8.349748240606901390e+02 4.540250963941447537e+01 8.042235444159317694e+02 7.616436139618794243e+01 1.697824901698691136e+01 0.000000000000000000e+00 5.731876984331859148e+02 1.268949601360021688e+03 4.426020734845819788e+02 1.210103474334546490e+03 2.091661598720491355e+01 4.121650459839183327e+02 3.998048579438847696e+02 4.180607649520811719e+01 5.797316814030995147e+02 9.799627419705901730e+02 1.147623035115901303e+03 1.604929447192010912e+02 4.236382077579056045e+02 2.032189034541079877e+02 2.230846207697332204e+02
