output/example/lateral_incision_000402.asc
nrows	75
cellsize	13.33333333
xllcorner	0
ncols	75
yllcorner	0
NODATA_value	-9999
[rows 0 to 16 of 75, columns 0 to 36 of 75]
0.000000000000000000e+00 3.111560667785954148e-09 0.000000000000000000e+00 7.593259462781106777e+02 0.000000000000000000e+00 6.938671446162800294e+02 3.322898466254517871e+02 1.334620413499106235e+03 3.989037117104237495e+02 5.961565685188394070e+01 5.062690216439984425e+01 1.837977988102178628e+01 3.436049804044909592e+02 2.232454613535915087e+02 3.757497399238296225e+02 1.600087617474366084e+02 5.412460465191597483e-06 0.000000000000000000e+00 1.430772275955948469e+00 4.457327673779949428e-01 5.350972943520834746e-02 8.214038731092654518e-05 2.132444891575236974e-04 1.614394187922306756e+01 2.010956727149804113e+00 1.936537849555193258e-01 4.863268802456290274e+01 2.394697288128030332e-06 8.592563712945595588e-06 1.072833790534963305e-01 1.062124016246730662e+03 8.673434552864750913e+02 9.240312403002536712e+02 0.000000000000000000e+00 0.000000000000000000e+00 0.000000000000000000e+00 1.729778388324247018e+01
0.000000000000000000e+00 3.060349882339425562e+02 1.410977902166286810e+02 1.112473900828803380e+03 2.424198311951535061e+02 1.928566076335825608e-01 4.270253581866188419e+00 4.169817429810783551e+02 6.229731200613967701e+01 4.784570075650958074e+02 3.878468593359269221e+02 3.263007832515222617e+01 8.589868184098633037e+02 9.930704483682771979e+02 1.207883267371859802e+03 7.691511751294913211e+02 3.360732011596183497e+02 1.779359462108671508e+01 4.778060027682983559e+02 1.185094227841942738e+00 1.422766720514090082e+02 5.811554503534511014e+02 6.306793887555367739e+00 4.046274533121911645e+02 2.255547992378675417e+02 9.048276834885716653e+02 6.713567696434146193e+00 5.540484788662165556e+02 4.266099728048768043e+02 3.092736700459576937e+00 3.372078915096752727e+00 1.389705808146670165e+02 4.852487352871007715e+02 3.655390711571771423e+00 5.044055294350693538e-03 4.941815577892190277e+02 8.188794065220305356e+02
0.000000000000000000e+00 0.000000000000000000e+00 2.246374556338482193e+02 1.041204189360367707e+02 4.842888959269994871e+02 4.840440373491586712e+01 1.083979654305124086e+03 1.812954736053800673e+02 1.452103910236569959e+02 9.555569132671479338e+01 3.513259984692303419e+02 1.872113137309733247e+03 1.032149686188390660e+03 6.008843875784216637e-01 1.606027371739008345e+02 1.882899938414031453e+02 6.266520754511052473e+02 3.421186628472665916e+02 1.331163341329187233e+02 2.560834052149864988e+02 0.000000000000000000e+00 7.549584523787544867e+02 9.978380608907219766e+02 3.403066085963852174e+02 1.572281586530189941e+02 4.754962587842863968e+02 0.000000000000000000e+00 6.318426020300142909e+02 8.807877803884044852e+02 1.967034700149804678e+02 3.322415016601048592e+02 1.810594174467673767e+01 5.521021012186675403e-01 9.746582083553541906e+02 1.189007634408661431e+02 1.064982316455410505e+01 4.006875121907951893e+02
0.000000000000000000e+00 8.187434924906420974e+02 6.081886984252334969e+02 1.499065350853350765e+03 1.739295714084065025e+01 9.650524144329034471e+01 9.292677613734728936e+01 1.128349832892073294e+02 0.000000000000000000e+00 7.205378974559016569e+02 1.310544126870303216e+03 1.447445080991939676e+03 2.566464006702567531e+02 1.306110416994554953e+03 2.355634155422485492e+02 3.422704473149902356e+02 7.157188715334968947e+02 1.711454574980576027e+01 9.134617384326314493e+01 1.993719428463901693e+02 3.926008807409393171e+02 6.858736304576466409e+02 9.851297111955294667e+02 5.232398934266745272e+01 1.940655826283569141e+01 2.050489736122490854e+02 5.920638171188813885e+02 0.000000000000000000e+00 1.966570729940414139e+02 5.436266499180717204e+01 2.825317695728066525e+01 1.672955387928219295e+02 4.721011445347012625e+01 1.110090771287808593e+03 5.831755890601261854e+02 9.331945121909268437e+02 2.409104332781998892e+02
0.000000000000000000e+00 1.618296210118256795e+03 7.541561242162096335e+00 2.137457102227476824e+01 4.836751980529451771e+02 1.468112741784705349e+03 6.207922207817427989e+02 4.571352444014407297e+02 1.296337237502681319e+03 9.159217763915679378e-02 6.157939333802067239e+01 1.627968128767606686e+02 7.845987967358816206e+01 0.000000000000000000e+00 2.220305393820208337e+02 6.342107235125632769e+02 1.735193880089536123e+00 3.903129351362429844e+01 8.447396963715996208e+02 3.725544863351758522e+02 5.167730897611600227e+01 3.890539314237022950e+02 1.469402022216123214e+03 9.671144347893639406e+02 1.163274538417884685e+01 1.034158375415711362e+03 8.515871775459763739e+02 7.067286824983368021e+00 5.461519025427283935e+01 3.637382637745932925e+02 1.340822226373314940e+01 1.048804033851799886e+02 6.946581452509803967e+02 6.733907292496192554e+01 6.440465302691133154e+00 5.234401613864481995e+00 5.977251086708322836e-01
0.000000000000000000e+00 4.415512193328906676e+01 0.000000000000000000e+00 1.228636147559634765e+03 5.175601355757837609e+02 1.171802035117016203e+03 0.000000000000000000e+00 6.680129372760035267e+02 1.194583582434275058e+03 8.602625189135890196e+02 4.692099332120190525e+02 6.924411489661068799e+02 3.018066486827866015e+02 1.105235568906515027e+03 1.040586444046737447e-01 2.338902975391935399e+02 8.486242998392935988e+01 3.493736834741482653e+02 3.991483740569890415e+02 4.231100554355896293e+02 5.784892391448202034e+02 3.717055772315732032e+00 9.959464296738839266e+02 1.174175853676735715e+00 9.639963929858650999e+02 2.242457183006459672e+03 7.525127052010544730e+02 9.208011020692684667e+01 5.953753027984838582e+02 6.598344189788472924e+00 3.267600546988505243e+02 7.371210830370744134e+02 0.000000000000000000e+00 1.460297264318430962e+03 5.746223702123915018e+02 1.828118894690779257e+02 9.526836946805756270e+02
0.000000000000000000e+00 8.564613039808666599e+02 5.739343037156496621e+02 4.844296038533705087e+02 1.974554783763755381e+02 5.153159643495835098e+02 1.106742867532614355e+03 1.258417444493117898e+01 4.133031254133197052e+01 2.210640437290803817e+01 2.599961358898058847e+02 1.628270705526039808e-01 5.784590216472046222e+02 3.506099313706566249e+02 4.117853783111362276e+01 0.000000000000000000e+00 8.386911412752327806e+02 3.784209810794671398e+02 1.822666294156991569e+02 3.404743999964112255e+00 1.469838887045631370e+00 1.598917953552848076e+03 0.000000000000000000e+00 1.009047381781031305e+02 6.501967858370399256e+01 7.435404485466685855e+02 0.000000000000000000e+00 4.225745597238736551e+00 1.949236208553330698e+02 1.037861374926941153e+03 1.443863189367014002e+03 2.356972595022857320e+02 9.195872277599684139e+02 4.684898397677557114e+02 4.072392198538197476e+02 0.000000000000000000e+00 8.520936054300267681e-01
0.000000000000000000e+00 6.979519464052935294e-05 6.956497252362483152e+01 5.950440095697889120e+01 7.856988426894235999e+01 6.044133580600638425e+02 5.529428431471319527e+02 2.334863430437520151e+02 1.026314989884556800e-01 4.754589807462774615e+02 4.315224211160217038e+01 9.423050441560060335e+02 5.208195873284645359e+02 4.548744352040105241e+02 0.000000000000000000e+00 2.434664417336451834e+02 1.736463046646476016e+02 8.067447823625217396e+00 8.960503214878046947e+02 5.199370958465751613e+01 2.199555724619063994e+02 6.505537489841457521e+00 7.453618729656260200e+01 8.480095536447383608e+01 1.104974384296736844e+03 0.000000000000000000e+00 2.513414712989031443e+02 0.000000000000000000e+00 5.191817362207616497e+02 1.604589161476978461e+03 3.551125083866194387e+01 7.230813129876116818e+02 6.955301980571650802e+02 1.200466857222155426e+02 8.106031835537118013e+02 1.322435958480064755e+03 5.160466129904707486e+02
0.000000000000000000e+00 0.000000000000000000e+00 7.907316864041031295e+02 3.670201051755601611e+02 4.991516506544177787e+02 1.068389767378148463e+03 2.857849739918057708e+01 6.249874022952590167e+02 1.236324462117812146e+02 0.000000000000000000e+00 9.300484367202125213e+01 2.833418170570084271e+02 6.790872392610508790e+00 3.731604920279856970e+02 1.045345355893788792e+03 6.155068716058344762e+02 3.597240951534610645e+02 1.833932494273076586e+01 7.297568367992518290e+01 4.207231041931417614e+00 7.039354226932226766e+02 1.274713097690103496e+03 1.689422224099490677e+02 4.142517536857254767e-01 5.320955879870573426e+02 6.485469570700421400e+02 7.326775676596881794e+02 0.000000000000000000e+00 7.439670820460453342e+02 5.932555859505707758e+02 1.758199788887146156e+02 1.178370208335373718e+03 4.754581001269554008e+02 4.051156746451047397e+00 1.125044455801980376e+02 1.348702505446362165e+00 1.523406853569943905e+03
0.000000000000000000e+00 4.845128961315525089e+02 3.117600272636462364e+02 1.352233801996179636e+02 4.323328040411530537e+02 3.540456163841169257e+01 1.047123905505272567e+01 3.447760770452009069e+02 0.000000000000000000e+00 0.000000000000000000e+00 0.000000000000000000e+00 7.860735711830164973e+02 1.275337007282533222e+02 2.969388058127951808e+02 1.298084782553697494e+02 0.000000000000000000e+00 1.361763240545989902e+03 5.090726403914325005e+01 2.527700617517224941e+02 1.694539320450814657e+01 7.039572985546612927e+02 6.436448854750997839e+01 9.632120672073456262e+02 0.000000000000000000e+00 0.000000000000000000e+00 8.248926200634483621e+02 1.152339935889279943e+01 8.459249001850115519e+02 5.283222814927487576e+01 1.178476683579600376e+03 7.211519362198473004e+01 9.875049239999272004e+02 3.344581538759084083e+02 7.962634552461693147e+02 2.276348627486703080e+01 2.596519125923830984e+01 2.677154658353128269e+01
0.000000000000000000e+00 7.590847670855300748e+02 0.000000000000000000e+00 1.977884839980177674e+02 1.003198576012839567e+03 1.588015678190249105e+02 1.124439275958423195e+03 2.497359559539447105e+01 3.362364147452862717e+00 9.506534210973155723e+02 0.000000000000000000e+00 5.777753349229224114e+02 9.036493766236213787e+02 1.375165368706899427e+00 1.009311043973162668e+03 6.531178155809152486e+02 1.779198365291179362e+00 1.637401718105279542e+02 5.718475880897302943e+01 7.547073992229467621e+00 2.623703453581960048e+02 4.959908850051001536e+02 4.039598403598090925e+01 7.164703152421691357e+01 8.203380341763435126e+02 1.253840342662683042e+03 3.109114521822942265e+02 6.831900392379024189e-02 0.000000000000000000e+00 6.407728535956955511e+02 2.295839208092134243e+01 6.859218730785069056e+02 1.626514592335357463e+02 2.742364377343205319e+02 5.035562289056006335e+01 6.373985558298296610e+02 5.313820968440274584e+01
0.000000000000000000e+00 8.845856570552240328e+02 1.068157627202685262e+03 4.537418437823648674e+02 1.047266584092438961e+03 8.361620464795806811e+02 1.867497260484380774e+02 4.710709227329563191e+02 7.711262003176655444e-01 1.298005406266554296e+01 1.786670332727425858e+01 1.226399375340268705e+01 7.972477876797645990e+01 5.693690047990585299e+02 0.000000000000000000e+00 1.048006727922740993e+03 3.053392211832032217e+02 5.749082244965321706e+02 2.018435553919885450e+01 2.261247538009734992e+00 2.160275830642075334e+02 5.869479154638639784e+02 8.041087248002850174e+02 9.337725478972674864e+02 1.015213638711086830e+00 9.251069856267222349e+02 6.205012809256918445e+02 3.335226456223048785e+02 5.206596185367310454e+02 1.499630215709387357e+03 1.045302410321922508e+02 1.391981750811501115e+02 1.286956450720530256e+03 3.558601249983169623e+02 5.112008006135995402e+02 1.552288543978624773e+02 1.848331237286449209e+02
0.000000000000000000e+00 9.497384380769191239e+02 2.359925037896618960e+01 5.562909405834102472e+02 4.141823105324194216e+02 2.971029476883082499e+00 4.876631567473052655e+02 2.511659229680293848e+01 4.602802554994732418e+02 1.063380236935796148e+02 9.123317392174375584e+01 1.676011360313450950e+03 1.443010627800434349e+03 7.159924946899918723e+02 3.629712428001390379e-01 9.504650654590172962e+02 2.653422583741477752e+02 2.798110677871178495e+02 4.470389962642798309e+02 1.127011236440324415e+00 8.495245632200185071e+01 2.696259567210900627e+02 6.341499832832762422e+02 1.209643296988870361e+03 7.184821662971249907e+02 0.000000000000000000e+00 0.000000000000000000e+00 4.533660671514413139e+02 1.480542869252260743e+03 1.254859982386718002e+03 2.072176542124422838e+02 1.179731913795526907e+03 1.379082637752659821e+03 1.909377704614435789e+00 6.960147744412010340e+00 1.571553563301164047e+01 8.178899883711443408e+01
0.000000000000000000e+00 1.670428428045708813e+01 1.312153384997065020e+00 1.428753441047637978e+02 0.000000000000000000e+00 3.969752705819079353e+00 0.000000000000000000e+00 4.002257216843887022e+00 7.292333916482285758e+02 9.563554555381556384e+02 1.584118701759767411e+01 4.017896005946585092e+02 9.105870592904486784e+02 1.093388775575745639e-02 6.629293799176362256e+01 9.383859377073996484e+02 2.165207027801061201e+01 7.641950473170954865e+02 3.304326684669064207e+02 6.851656188375496868e+02 0.000000000000000000e+00 0.000000000000000000e+00 6.793991266175632404e+01 7.765801869279192715e+02 1.291227767422948546e+03 2.315917146599751675e+00 1.192316559796584443e+03 3.672019364486088788e-01 1.235959677436025306e+00 7.965069914417071573e+00 2.282058133331197780e+01 2.478094527058808083e+01 1.690792596274652837e+01 4.492787514574840202e+02 0.000000000000000000e+00 3.498005069662323763e+02 0.000000000000000000e+00
0.000000000000000000e+00 9.214062008849252834e+02 2.268028268529978106e+02 7.594477464620017599e+02 5.462185103128736046e+02 1.019785755448751047e+03 0.000000000000000000e+00 9.494004802666457863e+02 1.167365701679236963e+03 6.425414201111850332e+01 1.421678671741428879e+01 4.660561758178316154e+02 8.214580682426406710e-01 0.000000000000000000e+00 7.925977161452995023e-01 1.368210586651382243e+02 1.703347976154435628e+02 1.931329600377295606e+02 0.000000000000000000e+00 6.462015982550725823e+01 3.762862621470069335e+00 4.419260065502117385e+01 0.000000000000000000e+00 4.834817206545932322e+02 8.493349947746741790e+00 9.786318774719276234e+02 3.480796614375208264e+02 4.009041764638733696e+01 4.922745538787562509e+02 1.766955114032862184e+03 3.925832331629030136e+02 2.596601149075460739e+02 1.497369384457207843e+03 4.888440107319863870e+01 5.706547448201337147e+02 8.081114199453426181e+02 7.192418305776368470e+02
0.000000000000000000e+00 2.061673206051902412e+02 4.257009274320165737e+00 3.903105925044720453e-02 4.351176627597582183e+02 0.000000000000000000e+00 3.239923577884545693e+02 2.149912988508826572e+02 5.316503433302822259e+02 1.145818591809259033e+02 9.593098481656487593e+02 8.207701525945255980e+02 3.715894643896958200e+02 8.683199932561769856e+02 3.856231251502879900e+02 1.768216217050805597e+02 1.513004964201028088e+03 5.471647829014743891e+00 6.020514064473521785e+02 9.692671646578918399e+02 2.320650488256613964e-01 2.261189679213723025e+01 4.999808584944172480e+02 6.880889387618822184e+02 2.104241063423077485e+00 1.259374756784875899e+03 7.826615174104556445e+02 7.308210015034555909e+02 1.595497023103571999e-01 3.462273042687304496e+02 1.013714386401781411e+02 6.823316977670241386e+02 2.519411722940112099e+02 1.103573255292375052e+03 3.083710216777828350e+02 9.278903309225619012e-01 1.546428722687826962e+02
0.000000000000000000e+00 1.684522492979786534e+02 6.162754020882118766e+02 2.823619897332764026e+02 1.232482181677387558e+02 0.000000000000000000e+00 2.132561947688515431e+02 1.074081662961170167e+02 1.275640709011834588e+03 1.475472648521731855e+02 1.451380087723809766e+03 1.223057841807770501e+03 3.438181177415577849e+02 5.318031225636345880e+02 4.255994482929356764e+02 5.591729195880988073e+02 8.017983801084359641e+01 6.901929380444653361e+02 6.974237185497910332e+02 1.001429196317986907e+02 1.426763050416666658e+02 0.000000000000000000e+00 7.629968387137364516e+02 5.541321398959189182e+00 3.157192460629926956e+01 7.863237197361119968e+01 6.502374739236153118e+02 3.005081944997104983e+02 3.777526233581580755e+02 1.264889344429665243e+03 3.696384459859403364e+02 3.891606392593278940e+01 2.053006913700406244e+01 1.113957721601038742e+02 5.270854672027021337e+01 1.093193886513610551e+03 5.978337400520705387e+02
