output/example/lateral_incision_000033.asc
nrows	75
cellsize	13.33333333
xllcorner	0
ncols	75
yllcorner	0
NODATA_value	-9999
[rows 17 to 33 of 75, columns 37 to 73 of 75]
8.027941813951824770e+02 3.529109737494901644e+00 1.553100908020121324e+03 1.919230310326609924e+03 1.417444120275340993e+03 9.542014447383265860e+02 8.232256492089085498e+01 0.000000000000000000e+00 2.672944372426396740e+02 5.736726777383851505e+00 1.011759006216298395e+01 1.643281914747314262e-03 4.403868813060427101e+02 1.426505040614282507e+03 9.500142745477402340e-01 9.192186859981985663e+02 1.123415736605421671e+03 4.577989471989328507e+01 1.371478382106848130e+03 3.057290429250713260e+02 4.221091411194107579e+00 4.001620638987348002e+02 2.423601581081786804e-01 1.363406132108751535e+03 1.507543771970841590e+03 0.000000000000000000e+00 6.703430623156175443e+02 9.083594799239776876e+02 3.199795481959935461e+00 1.016195456115572824e+03 1.980168637551735401e+03 4.486904243175696365e+02 1.070079030146663854e+03 1.754392982278691893e+00 5.987097467801800121e+01 7.014714480945359298e+01 8.541040169961346464e+02
5.532187348379785590e+02 2.553784712154017811e+01 2.975373550939918132e+01 8.235471162241813090e+02 3.310023099899498220e+02 6.295828838376439585e+00 1.108520319351259104e+03 1.210989791792127335e+03 0.000000000000000000e+00 5.890417414200821433e+00 0.000000000000000000e+00 1.438241119647170052e-01 7.107597866218563354e+01 2.104087960874619512e+02 9.226391367757260014e+02 2.253004846432045127e+00 1.915176537203315092e+02 3.358454448246567381e+02 6.054345277396001848e+02 7.746375824762177444e+02 6.489289451832141822e+02 1.661701133618855408e+00 8.481547953538731690e+02 1.260891489326252895e+03 0.000000000000000000e+00 1.163415193428874545e+03 2.287007674033180592e+03 5.534495257802575452e+02 7.865670128904102967e+02 1.994044971774997288e+00 1.069178687621657446e+03 3.132152013082567805e+02 8.161402036929233361e+01 1.132461725841931184e+02 1.605151937900242501e+03 6.898767335974166315e+01 3.438356981195158255e+02
3.295152940842258895e-04 1.232532095037700174e+03 3.536015540934502610e+02 3.070780679293447406e+02 1.140874398147267357e+02 1.300158695193199947e+03 1.278109680658693833e+03 3.550562259513862386e+02 2.449438384028968585e+01 6.278312376445716936e+00 2.173800427460512857e-02 1.132148298417776089e-03 4.631813488338492562e+02 8.415565903220805239e+02 1.582755118043121911e+03 8.438312621126625572e+02 1.116647161581216707e+01 8.899905531346074667e+02 0.000000000000000000e+00 6.261315585726999871e+02 7.105197747445346295e+02 4.806954800568665291e+02 1.739272899260432723e+02 3.758929755458176203e+01 8.281307673681026245e+02 7.259407604523551072e+02 1.039303125361078912e+02 0.000000000000000000e+00 1.520444776211376848e+03 7.934317859504837998e+02 0.000000000000000000e+00 2.969196449626425647e+02 5.921942099718609853e+00 1.020734796423528878e-01 4.135357603047015829e+00 3.431832606422098024e+02 0.000000000000000000e+00
0.000000000000000000e+00 9.740240430276031702e+02 5.300769416085399826e+02 7.406433336679882586e+02 3.774250985820433169e+00 1.192925117184667897e+03 1.515801832508510870e+03 4.990985903260497736e+01 0.000000000000000000e+00 0.000000000000000000e+00 2.076436911599305120e+02 5.775110324556507635e+01 0.000000000000000000e+00 2.008081669892986199e+00 2.130582944049878071e-05 5.981365399400426668e+02 4.214412803727844334e+02 1.379762134567216636e+00 3.105006598119903316e+01 4.661118418099367773e+02 3.464493824828639390e+02 4.102563272026275243e+00 0.000000000000000000e+00 0.000000000000000000e+00 8.741956322107940025e+01 8.004933961280627273e+02 0.000000000000000000e+00 5.914734294149944560e+01 3.991877363584089844e-01 8.117313332528999581e+02 4.900561731224922823e+02 1.956830050534571512e+02 4.480250707651263298e+01 6.566853748400694357e+00 2.556157124711341916e-05 7.130350342907661556e-05 0.000000000000000000e+00
1.132049830162881790e+03 8.744354944136707442e-01 4.002629330880617999e+02 1.225418336927080105e+02 0.000000000000000000e+00 1.078661890778648740e+03 1.054800207504625753e+01 4.065661653087520335e+02 5.785924202433146313e+00 6.272151930030070162e+02 2.010653139710262280e+02 5.272542981163180542e+00 6.617651722024614003e+01 1.140642491755693158e+02 2.946515813902412617e+01 1.333752358272806191e+02 2.727073377336392355e+02 2.679073690249653055e+02 8.611755461403516847e+02 2.506998236955634596e+01 6.992480004524852522e-01 1.344725345742535012e+02 1.523254552138682357e+03 8.355692149354099456e+02 1.108178957663857773e+03 3.898552421713097971e+01 3.609082424017635162e+02 4.291586650418507247e+02 0.000000000000000000e+00 2.015141123220435073e-04 0.000000000000000000e+00 1.591299269600295754e-05 3.468519120183972403e-06 6.153929690712433143e+01 6.249210109894335119e+02 1.326863690628631048e+03 0.000000000000000000e+00
8.625047266406969584e+02 1.068954016261800319e+02 9.724738176774399889e+00 1.066280363694557991e+03 5.646826629161397193e+01 8.918840577231514999e+01 0.000000000000000000e+00 7.679562752313307428e+00 1.043580273374884428e+03 5.546490397604911777e+02 0.000000000000000000e+00 2.941502114710496585e+02 8.375119384271189915e+01 2.473451038509391253e+01 2.444035941972149431e+02 8.095625417040008642e+02 1.573219549662686345e-01 1.176436583462871113e+02 0.000000000000000000e+00 1.449237785774371787e+03 4.285403478988379788e+02 9.519451535718015123e+01 3.827508413216508387e+01 3.413635716467546217e+02 1.524559343382220959e+03 2.706698186606449497e+01 6.280606011338323746e+00 3.065418015309562634e+02 4.411569991563676574e+00 4.531584987429505418e+01 0.000000000000000000e+00 0.000000000000000000e+00 9.003466928892919441e+00 8.207472195151467531e+02 0.000000000000000000e+00 5.041740583211866067e+01 9.916048737145598257e-03
1.021889005705756553e-01 8.385909272298371206e+02 1.217182070707614685e+03 4.618996757080125803e+02 3.003942335205310314e+02 1.291295545725369420e+00 1.232464645631609073e+03 0.000000000000000000e+00 7.684140174092676716e+02 0.000000000000000000e+00 5.859330117971451273e+02 5.901365548465278721e+01 2.372255745677890104e+02 5.048046339199708541e+02 2.084602955170911116e+02 1.254663004715490843e+03 2.301938178022217869e+02 1.711047430615276198e+03 2.344923860796758852e+00 4.729738712455303471e+02 9.810648335919418059e+02 7.735977839555694402e+01 2.283391005263350593e+00 8.804107127842085490e+00 3.078397062978705776e+02 7.385772768412774667e+02 2.511487682693506258e+02 4.890357376386526234e+00 2.042983289965617928e+02 3.019027732093928194e+02 5.107648920748192012e+01 3.050395888389331844e+01 1.294078176505422562e+03 5.218440874530177780e+02 1.399309301654410774e+03 1.003118757704736936e+03 4.882372705490560261e-05
1.307813321781518653e+03 4.780915533294777902e+02 7.184742745713876957e+02 1.627608581345890343e+03 6.091645632817147060e+01 8.927179303547937934e+02 1.422351345947721484e+03 1.111760410133087134e+03 0.000000000000000000e+00 8.029361792135829319e+02 3.285084969291827406e+02 0.000000000000000000e+00 1.549742240531997339e+01 6.748524948796829221e+02 1.109750785612571690e+03 1.491039700025997661e+02 1.587266353393824829e+02 5.700443316910491554e+00 1.206516186172982998e+03 3.888568557995979802e+01 0.000000000000000000e+00 0.000000000000000000e+00 1.533429805967860524e-05 0.000000000000000000e+00 0.000000000000000000e+00 1.531478343027114875e+02 1.122452425058221706e+03 1.431231395969636333e+00 3.980802039146034303e+02 2.278887777852609133e+02 5.094207185320206577e+01 8.478566033100930781e+02 7.082684706788093809e-01 3.063184789580568008e+02 0.000000000000000000e+00 9.971064507559716503e+02 0.000000000000000000e+00
1.255863043572476727e+03 3.381326683534052790e+02 7.251232497207223560e+01 4.116049523285868190e+02 0.000000000000000000e+00 4.684993454796006063e+02 1.522570005342917284e+03 1.212375891869045716e+02 1.158514715570245698e+03 2.884175904757412257e-01 0.000000000000000000e+00 5.264656987280970668e+01 1.632976889136143882e+03 4.710433262951087841e+02 3.675406364519976705e+02 1.278549517338507968e+00 0.000000000000000000e+00 1.022169913201548411e+03 1.742616372250794711e+03 6.447577878811283654e+02 1.760406648404237551e+00 8.459052788413752577e-03 1.036581484794158446e-04 0.000000000000000000e+00 1.583954559958230812e-01 9.157542238480555170e+02 2.576501987672958762e+02 0.000000000000000000e+00 3.471649073358748865e+02 4.343990631826358708e+02 2.001211940346181564e+02 0.000000000000000000e+00 1.444711167826211295e+03 1.578778825670871129e+03 2.098588488831717882e+02 1.592049441227059106e+02 2.442724739552267010e+02
0.000000000000000000e+00 1.210593838731029109e+03 3.936318192358752981e+02 3.350708545940604211e+01 1.112261683123938383e+03 7.499787030975418247e+02 6.684156927544536586e+01 2.847394314854263939e+02 1.591135484121602550e+00 1.960831787118437930e+01 2.113581211504070723e+01 0.000000000000000000e+00 1.117607987478980476e+03 4.008151757221077638e+00 0.000000000000000000e+00 5.283860176613246722e+02 1.003705673148293840e+03 1.913164289314517319e-01 1.611099972690709137e+03 5.617876677784207686e+02 5.323785472412950526e+01 3.975641374871555627e+02 2.163784328827605066e+02 2.133610178279678848e+02 3.651350969812291236e+00 4.509401409080849135e+02 2.139222731409552480e+01 1.594160060887619238e+03 0.000000000000000000e+00 2.513964481315859985e+02 1.226598116432802499e+03 2.476256298958267053e+02 8.595815321383576020e+02 4.717832239436384043e+02 8.672288252675214153e+02 9.110569002864410493e+01 5.319774149483396378e-05
3.264969931713253004e+02 8.167304253121609463e+02 1.522808793015206902e+03 1.751135499982143983e+03 2.955397580159937476e+01 1.683933590779953988e+02 7.612565576368011762e+02 3.604342120513067016e+02 5.699072469583109068e+02 3.633087548178869497e+02 5.279702295865055248e+02 3.688781601037168230e+02 1.078396648060949481e+00 9.025783548381058381e+02 0.000000000000000000e+00 4.834655470050545745e+01 0.000000000000000000e+00 7.267440551504867017e+02 1.749113908746644519e-01 7.097970146819756110e+02 1.223166777060838740e+03 7.681686219593208875e+01 2.620076222341374432e+02 6.194451751566749931e-02 1.168368479233895547e-03 0.000000000000000000e+00 1.597766214560709308e+01 3.932338198079312406e+02 8.509247525417005136e+02 0.000000000000000000e+00 0.000000000000000000e+00 1.093722923881131379e+02 1.210559024572314826e+02 6.935515294815073162e+01 9.950872735031202510e+00 8.118667414214520761e+00 3.642085301021880366e-04
4.615212425700478320e+02 4.239922263865900618e+02 2.510913670989223245e-01 4.452913896025998497e+02 1.351339472811666838e+03 2.280905832764494878e+00 1.497709682798356198e+03 7.961445170526391735e+01 2.106606927472234077e+02 4.028790137059860967e+02 2.492494440902952135e+02 4.056872275852404641e+01 1.131437606974423261e+03 1.928972209913557208e+03 2.422075316515983179e+00 4.455159370669159102e+02 0.000000000000000000e+00 1.508345519019642779e+03 1.557420979457330361e+02 2.958875335511431448e+00 1.270558639710382067e+02 2.511740860736755678e+02 4.479259633410592301e+02 2.008712630051174699e+02 2.217524629639895384e+00 1.018276218732710363e-03 0.000000000000000000e+00 5.804513143062637579e-05 1.930157966721330969e-04 5.519226631919446291e+00 1.300719472751029855e+02 2.842771468499312846e+02 7.120816188832799298e+02 2.478395398019635820e+00 1.270255723681585778e+03 8.136892772881867586e+01 8.091531400555139898e-05
1.054401618459260614e+00 4.870907910953510722e+00 3.199074423781916607e+02 1.206737897713019493e+03 1.609868304239781992e+03 1.753513832484569213e-01 1.415452440347663014e+03 2.462043013911240905e+02 1.115487237080354134e+03 1.415986164654582126e+03 0.000000000000000000e+00 1.553140653216975124e+03 5.340884538936360286e+02 1.202711450593584530e+00 8.157130896841299261e+01 1.018516933381601736e-01 6.744496078602746536e+01 2.890623529028493408e+02 9.455742722242452203e+01 1.511314928581951449e+02 1.793149664760523621e+01 0.000000000000000000e+00 4.355903284997413607e+02 2.740308615305863214e+02 6.778041951531442455e-02 5.081227777530068934e+00 3.621960328880459239e-04 0.000000000000000000e+00 0.000000000000000000e+00 9.805610287404345580e-05 4.189305456252100885e-06 0.000000000000000000e+00 1.681241064404800682e+03 3.172068001732287144e+02 3.750785072915548994e+02 7.752994736409846155e+01 1.403231664924315503e+00
2.756787756090310495e+02 1.770389440659407565e-01 3.658606152940259904e+02 7.005118520461830656e+01 1.115680381239522148e+03 6.810170768670448638e+01 1.279822648913247576e+03 9.009685709937183447e+02 7.365492435276074730e+02 1.470027214794952641e+01 3.628539331851684437e+02 4.813744227031745027e+02 3.513744448038136170e+02 2.150447542635594971e+02 3.266828427974977522e+00 7.050270701089905501e+00 0.000000000000000000e+00 0.000000000000000000e+00 2.545225217976337433e+02 8.570902565763000212e+02 0.000000000000000000e+00 1.252407611865756280e+03 1.082743971648906456e+00 4.016488273004948155e+02 3.298698012647930113e+02 0.000000000000000000e+00 2.618148870542185693e-04 3.168512331776546947e-04 3.508261483569832251e+01 5.245096830256980525e+01 6.894195274045621602e+01 4.734371997134597443e+00 8.020479087558445030e+01 1.228213524291712702e+03 5.346810765315813114e+02 3.929264229794292760e+02 3.177884212152539476e+02
6.166760390943502301e+01 0.000000000000000000e+00 4.683675261915396248e+01 0.000000000000000000e+00 2.668063996903169510e+01 1.629089207309333744e+02 0.000000000000000000e+00 1.261588445639570637e+03 3.906767201104098586e+00 1.338116599732334862e+03 5.512967756936180876e+02 1.588102567718734726e+01 8.303999417358531332e+01 1.086117898583357601e+03 2.628130794710828582e+02 3.408236269013186188e+02 1.138200060345661541e+03 5.590257270688025528e+02 1.020901593092359008e+02 1.320448920016287274e-04 9.158514141735410021e+02 5.767429593648588479e+02 1.058215885125469413e+03 0.000000000000000000e+00 7.337341458268717815e+02 1.508813037988211136e+03 8.062966304767228110e+01 6.293901843264612808e+02 9.261649211432783204e+02 5.958828910419451859e+02 7.694971368224622132e+00 7.418935219603606246e-02 0.000000000000000000e+00 9.180224560352718832e-01 7.159693850972449525e+01 2.931136329322868619e+02 1.580160176154194751e+01
8.649471992779307072e+01 8.848760341031209009e+02 0.000000000000000000e+00 2.651541913546949236e-01 9.504620058527823403e+02 1.598294941128666125e+01 1.141967452262468214e+03 6.782801755721705461e-03 3.714038802259055387e+02 1.546831109879574342e+03 1.278083041644865504e-02 9.340661057172815163e+02 2.963640449034038227e+01 1.859450250083337721e+02 6.311854271597175057e+02 2.838367718318774564e+02 1.835190033647396968e+00 2.275218773206994654e-04 1.058485999055322395e+02 2.234062830808229150e-01 8.465244353829541524e+01 8.427625047955525872e+01 6.546544249385361809e+02 0.000000000000000000e+00 1.522707374194757222e+03 1.005804339393029068e+01 4.551691305117776665e+01 2.672298235795661725e+01 0.000000000000000000e+00 1.595896050724232509e+03 3.693968588042177430e+02 4.846633865102064078e+02 1.298642588238861073e+01 0.000000000000000000e+00 1.948694662574524372e+01 4.001105830849293277e+00 8.637731008872531646e+00
4.874262657164451440e+01 4.125087646261053620e-01 7.441801216637911409e+01 3.774579099365536194e+01 9.374737045164491747e+02 1.568049370285362329e+03 1.028621489015466977e+03 3.449762629120241980e-02 4.037155448785248950e+02 8.689923254367649861e+02 0.000000000000000000e+00 0.000000000000000000e+00 1.063216645613519631e+03 0.000000000000000000e+00 2.936366146782618785e+02 6.085219097090443618e+00 6.328560603641683713e+01 7.093441971588125625e+02 0.000000000000000000e+00 5.480840159834822305e-03 3.824344446463362078e-04 1.430495413594669307e-04 8.764843194311472985e+01 8.354960576696636281e+02 1.189448084944145334e+00 8.895141894960607942e+02 8.171818585602003395e+02 5.430649902560986675e+02 9.385928841759667876e+02 1.748212671952725472e+01 3.447835771169011423e+02 6.253389869685279479e+01 1.301249079186159108e+01 6.623914784235602156e+02 5.960374633688463746e+02 1.039800393999742255e+03 5.637527123793684147e+00
