output/example/lateral_incision_000110.asc
nrows	75
cellsize	13.33333333
xllcorner	0
ncols	75
yllcorner	0
NODATA_value	-9999
[rows 17 to 33 of 75, columns 0 to 36 of 75]
0.000000000000000000e+00 5.466857707990285462e+02 1.590131542182353712e+02 3.463605898864975075e+01 1.075589678051214193e+01 1.056842081473517055e+03 3.839259028859027580e+02 2.883302321833150472e+02 8.181624447904870294e+02 1.556381578436108803e+00 9.083661886231742528e+02 5.893204888318214216e+02 5.451427309468356270e+02 1.535175105596248670e+02 0.000000000000000000e+00 1.712718764853237190e+03 1.071061229575617979e+01 1.012947652787934089e+03 7.927210273086362502e-01 5.103766803616989591e+02 4.444859308470334440e+02 2.579186172700871111e+02 4.131436586559574948e+02 3.256041717024655782e+02 9.555643487488023879e+01 3.602129218603923277e+01 5.775991806812061924e+01 6.850384111200016832e+02 1.899789731624959472e+02 1.030107765916496646e+03 0.000000000000000000e+00 4.645559220885083818e+01 1.321685226593694324e+03 7.240509707332046219e+02 0.000000000000000000e+00 9.176329420867286757e+00 2.723647987601508476e+02
0.000000000000000000e+00 5.929385625926647663e+02 6.638203948817974833e+02 1.295687485210659815e+03 9.176887270250158508e+02 1.066592710172467150e+03 1.482503708493560701e+01 1.310243368452163004e+01 7.094143443144532739e+02 4.111336295729071821e+01 1.148642906354615434e+03 0.000000000000000000e+00 5.799228360776731961e+02 0.000000000000000000e+00 4.919947975706623993e+02 1.347890263637902308e+03 3.482208690432769345e+02 4.535841412438125775e-01 0.000000000000000000e+00 0.000000000000000000e+00 4.229229174749456206e+02 1.106827953835053677e+03 1.084939093878330596e+03 2.115264582413659582e+02 4.832702052873007581e+00 3.510315643103076582e+02 7.380222650024051063e+02 1.284011868813487354e+03 1.658382490894833836e+02 7.317706293785872784e-01 1.197195033156022191e+03 5.394648222455432460e+02 0.000000000000000000e+00 5.043418668059744903e+01 9.238856881971363464e+02 1.159537935107989142e+03 4.681551443163038471e+02
0.000000000000000000e+00 2.348194461526599355e+02 6.569332061377772334e+02 5.110397827699768527e+02 2.047319490692126320e-01 4.147030499490941224e+02 3.039185083447147804e+02 7.119641803272624081e+00 9.139446331199983433e+02 1.140728076539207450e+03 1.180733220108819751e+03 5.994162067907587925e+02 1.607810509036507256e+03 7.034690282642396930e+00 5.711102785364704459e+02 3.247123884452891502e+02 9.307404424351918806e+02 2.162147587444551711e+00 9.480060885726401239e+02 8.366040004859274859e+02 1.037795062024561958e+03 9.256965663650186116e+02 4.528536873444576827e+02 2.484591351627468025e+00 9.562074177562702744e+02 2.800105820756413166e+01 2.773623892807209756e+01 1.032228302394101327e+01 1.386732976470413936e-01 8.805533988019029721e+02 1.304016123001828191e+03 2.852318295875670628e+02 0.000000000000000000e+00 0.000000000000000000e+00 2.145705940663689546e+02 7.604261463315204139e+00 2.358520005645281259e+01
0.000000000000000000e+00 1.747617282175421678e+03 1.405758343517356252e+03 3.578500371838702563e+02 1.523557935669025028e+03 6.394006480194950655e+02 1.624659999652617216e+03 5.399710286679949149e+02 3.316996409710205285e+02 1.066558096022430618e+03 6.989174071049851591e+02 4.901315073691860107e+02 8.641435939878090444e-01 8.360538453404234360e+02 1.358827909506024525e+03 0.000000000000000000e+00 1.040256813672976705e+03 7.882167463767257232e+02 1.376505395275929189e+00 2.934211118998658208e+02 6.540510404580732029e+01 4.549051434567685988e+02 1.839353338192867682e+01 4.482229894280485638e+01 2.703345221603248660e+02 4.011793667411128581e+02 0.000000000000000000e+00 2.806120931810353909e+02 0.000000000000000000e+00 5.301895293611504485e+02 8.858883491702304980e+01 4.360742927556152182e+01 6.528638469362272190e+02 1.552255819236303402e+01 1.306580328467471418e+03 4.511931704698540102e+02 4.271942230345406983e+02
0.000000000000000000e+00 1.282659022381314458e+02 1.083609094504386974e+02 1.744181930196405972e+02 2.934003553410591962e+02 5.696724566137106649e+01 3.618560527774496336e+02 1.512970637568250964e+01 6.635869673894542302e+02 6.860531445980311673e+02 2.388358197898148774e+02 1.136314737760227445e+02 6.139860490669984756e+02 9.112504280742935237e+01 9.895463114614018423e+02 3.463559396203342544e+02 4.299269794514705154e+02 2.283422493495542085e+02 1.074081563158046464e+02 7.369880182664239783e+02 1.725927268095442287e+03 5.144917046228874824e+02 7.693677007064369491e+02 6.309907232194268545e+02 7.402889454826255644e+01 5.399572060924819006e+00 5.378631573194694511e+02 8.024482739455156377e+01 0.000000000000000000e+00 8.557976337235845676e+02 4.127134022291994597e+01 1.857403040521394928e+02 9.647413531626456873e+00 1.363609254995909623e+03 0.000000000000000000e+00 5.775801186737930415e+00 5.030875836035119733e+02
0.000000000000000000e+00 3.354011325207553682e+02 4.002716383116199950e+02 1.271812467612685850e+03 9.268597648041599086e+02 6.406130029354902717e+02 2.603944836700851511e+02 7.862505331293481277e+02 8.118193317696138820e+02 9.918138206923836719e+01 8.934619286107857761e+01 9.454126618326181415e+02 7.412872116054075811e+00 1.622875841647641892e+03 1.308513982105741889e+03 5.690776773777299269e+01 1.200882457464834658e+02 4.308791080859514295e+02 1.885004398955539386e+02 1.571159272302852060e+03 2.399157317168245754e+03 0.000000000000000000e+00 9.704639319614477699e+02 1.410092966658395912e-06 5.981905847344679117e+00 5.253386253925140359e+00 1.175868111979079060e+02 9.538479604775973257e+02 1.181984574687715650e+01 4.308027937741111941e+02 0.000000000000000000e+00 5.289021591739679025e+02 3.894109700880817115e+01 1.174294671257527398e+03 4.624290050731882502e+02 0.000000000000000000e+00 2.158722550320374296e+02
0.000000000000000000e+00 6.607349844951586419e+02 1.140854552350489712e+03 1.213956259644313832e+03 1.500900515153836352e+02 5.248218638069684916e-01 1.580982554423455042e+02 1.408036409991983540e+01 8.126222540493083457e+00 2.675353614200815924e-05 8.154039362519407419e+00 1.060776730653623190e+03 9.309531074303066589e+02 1.901511701257486777e+02 2.017577363356172384e+02 8.935972946931353817e+02 1.754432641207821675e+01 4.834836220238638589e+02 1.234877740272062056e+03 0.000000000000000000e+00 8.297702537919592487e+02 1.883169351542377683e+02 7.802207057837927096e+02 5.390979066501200805e+02 5.662164419362806029e+02 2.496606308921739128e+02 8.047130710426845326e+02 3.879363288830151646e+02 1.546502504125101609e+02 1.107298647282871116e+03 0.000000000000000000e+00 1.162337135000815579e+03 9.929593212896287824e+00 1.045024023422694654e+03 3.147999192420057852e+02 6.081436983343782003e+02 1.260903627986620222e+03
0.000000000000000000e+00 1.296659053967499631e+03 1.352724674799369495e+03 1.596923084863277609e+01 7.906937504091578148e+02 0.000000000000000000e+00 6.086427971095374687e+02 5.527274396534087941e+01 2.619149005795918583e+00 0.000000000000000000e+00 0.000000000000000000e+00 4.585068165442059467e+02 8.846108289523105839e+01 1.019770567838824782e+01 1.784753761552515805e-01 1.277277732284702267e+02 4.320016977623158709e+02 1.283213120494202428e+02 4.046633121740365482e+02 1.059412651200657592e+03 9.987241575852844333e-01 4.419774301697644603e+01 9.408916945875299689e+02 5.907024348925071990e+02 0.000000000000000000e+00 1.483904444473956517e+02 1.274604745143393103e+02 1.132817201004250585e+01 6.543660200617681388e-01 8.513312125195265025e+02 8.289909276976251249e+02 3.949025869653607401e+02 2.146209092693747778e+02 2.798569329065526290e+02 1.182452960991292002e+03 7.012720593414363179e+01 8.464488945978368974e+02
0.000000000000000000e+00 0.000000000000000000e+00 3.845761923549601224e+00 5.789520782202479410e+01 3.902730358592081394e-01 0.000000000000000000e+00 4.297386881876798410e-05 2.595425376773641233e+02 1.804137574320907049e+02 1.997301271341599183e+00 2.534738549915601524e+01 7.622026549442774801e+00 1.015969788754068531e+03 1.381678768437060967e+02 1.020858374841009663e+03 8.689281893374696892e+02 3.638254336001381262e+01 8.550452495781592006e+02 2.473814371834966863e+01 1.348755713661736763e+03 3.020763652065855354e+02 1.348979135201562940e+03 5.437740278334268318e+00 8.261187258148700252e+00 4.330634068280687075e+02 1.582388544632352932e+03 1.221834878862588312e+03 5.292132925824089398e+02 8.893609464824525048e+02 1.772288719524572116e+02 2.169707776489622404e+02 8.551488182389309713e+02 2.472908731539772589e+02 3.194345292572897392e+02 4.365838809415036081e+01 3.355878140616175074e+02 1.600723265309515000e+02
0.000000000000000000e+00 1.161411437440391865e+03 1.371949677694249885e+03 1.623213944400207765e+03 1.143901023870337781e+02 9.826450452758848542e+02 0.000000000000000000e+00 7.465921103212446042e+02 8.185632331225191649e+01 9.759494606319767840e+00 4.583107735409886914e+02 0.000000000000000000e+00 4.314914941368043060e+02 9.853685667250836389e+00 1.452854066923371192e+03 1.092891977638670824e+03 7.598566883515442214e+02 2.767552534534086135e+02 2.087143811966513329e+00 9.019824651426904438e+01 2.514308745232974616e+02 1.267178709391084567e+03 1.150978041583202639e+03 1.017588055898504763e+03 1.383957080947921554e+02 3.021545331765018432e+02 6.363613108146523700e+02 2.530076719866805135e+01 6.740541333002327065e+02 1.783099912691876909e+02 8.767886106629356391e+02 9.526102279950673335e+01 1.173955754414015118e+00 8.601613120794717133e+02 2.919392862936705342e+02 1.711167777827087093e+02 5.645100404222612056e+00
0.000000000000000000e+00 2.567935758140712466e+01 2.747352532331188968e+02 1.725951667029022474e+03 1.008375178156333277e+03 6.462359746988306597e+02 0.000000000000000000e+00 3.424856086897601699e+02 0.000000000000000000e+00 4.994806863191471393e+02 4.948624353194599621e+02 1.117097512834420513e+03 2.460918405593609180e+02 7.827301764488602203e+02 1.162802570521840153e+03 4.073349623180751564e+02 4.731937529357311973e+02 7.661305600974667414e+02 2.565887276892845534e+02 7.460257081687752923e+00 5.789118575810983458e+01 3.921014476809190796e+02 2.335582391208600654e+02 3.648258524565790140e+01 3.451232017873293589e+00 5.100861448732538861e+01 3.111479839207276541e+02 0.000000000000000000e+00 1.030211116349693157e+03 2.101319613266084048e+02 2.041168410677631755e+02 1.086122019443195086e+03 1.606581016999522049e+01 1.055674845131013853e+03 1.440376262777928559e+03 4.546446347271960775e+01 6.423959419842318539e+02
0.000000000000000000e+00 1.704638126669079611e+03 2.517574925683225047e+02 7.920976731135000648e+01 1.668598576539061469e+02 5.954081767629909336e+02 3.718712606148231430e+02 6.135210359107048816e+02 3.017804507153986071e-01 1.025463851888986033e+00 7.078463611702808294e+02 2.794207320993427857e+02 2.368355121913538994e+02 2.898899003612979186e+02 9.174466609848707321e+00 2.483237866491375030e+02 4.038891816312602714e+02 6.240067662800437347e+02 4.596071111996518965e+01 4.936152155066359910e+02 7.168822289417652200e+02 2.823987763752003843e+02 2.697729993928163026e+02 1.514454259777376571e-09 3.065649625847506741e+02 8.137897173686765484e+01 6.966354121010875922e+00 1.012733519006727434e+01 7.479540841540523388e+02 5.550119207564761581e+01 9.636484746048180341e+02 5.801843213444208835e-01 0.000000000000000000e+00 1.155766684645287228e+02 9.619424831962743172e-03 6.206864558140970303e+02 5.219640951793099504e+01
0.000000000000000000e+00 7.799186566613728999e+00 3.854584279249468476e-02 1.714499041547960815e+03 1.666565456793119438e+03 1.053479520177538404e+02 3.996809261749002218e+01 1.429494896222321287e+01 2.816099422533790175e+02 8.968860945503915900e+02 1.585331813955400833e+02 5.671106728055505073e+02 8.094574819297270096e+02 1.024431811873402239e+03 1.322954347673598022e+03 4.633273477777526637e+02 7.754296954581372248e+00 7.350618328422294212e+01 3.722314754653535260e+02 7.746952440102602111e+01 2.672389289904118073e+02 2.690652297864270395e+02 4.726905925600019032e+02 9.916075498361676921e+01 2.365193129120728849e-02 4.198933696379946809e+02 2.355873100369632027e+02 2.403206092923728079e+02 3.469807813311219888e+02 8.468722355279960823e+01 1.439981486453045250e+02 2.354201395075220304e+00 5.547510299080331606e+02 1.379048823465923761e+03 0.000000000000000000e+00 8.074481742881289392e+02 8.548000757949115496e+02
0.000000000000000000e+00 5.165388797729481212e+02 2.776812289005005141e+02 0.000000000000000000e+00 9.402044862775546790e+02 7.249892625546894465e+01 1.072112721135274427e+02 4.858886858302656719e+02 9.894967611931602391e+01 1.268200115660101574e+03 4.284746911693605220e+00 0.000000000000000000e+00 1.051418972578445477e+02 1.488886324925627232e-03 0.000000000000000000e+00 5.649780255503132186e-04 0.000000000000000000e+00 3.914960374538878227e+02 1.251102713824882358e+02 4.056928570206771951e+02 0.000000000000000000e+00 5.351168893539888813e+02 1.872088811335312641e+02 4.198778879928020729e+02 2.980678985093902611e+02 7.169368727960966226e+02 9.317782732622167714e+02 5.625089871780082351e-01 5.129345181828828117e+02 8.216278787361467266e+02 8.866083237901090541e+00 3.560519642759791409e-02 2.294688242037924795e+02 5.695697844753419758e+02 3.868654422172394902e+01 1.104302414043783756e+03 1.934382211391863393e+01
0.000000000000000000e+00 9.005495653598192121e+02 4.411133499885685296e+02 0.000000000000000000e+00 7.564556947555063289e+02 0.000000000000000000e+00 5.287682988352586335e+02 6.214575119782375623e+01 2.172871325624610108e+02 4.872467261156489537e-01 9.334935516096021502e+02 4.828023764492479775e-02 5.632147585394794760e+02 7.129482678228263239e+02 2.445142929228539597e+00 6.729484812821326725e-04 4.796568585448429012e+00 5.621897234767707232e+02 5.587234275142947126e+01 3.593346096673561192e+02 4.351995854900173044e-02 6.504800777500779532e+02 2.334341294995569416e-01 1.298072959961399420e+03 3.683842464730631150e+02 1.128763818896499060e+02 3.900111026097304148e+02 6.861213458793902191e+02 5.654712771595512777e+00 1.659195617000509628e+03 5.653419494322208720e+02 1.874538908676281679e+01 2.989120427056943363e+00 3.728846767002062279e+02 1.669859437647121858e+00 1.397682494113192661e+03 6.090145885905783416e+02
0.000000000000000000e+00 2.629418556566199072e+01 1.080949793804252129e-01 6.016202822665663064e+01 2.166131475070123713e+01 7.184490167885307983e+02 4.566183237590717567e+02 7.886167048184903328e-01 2.256563948946603304e+01 1.038374846454905907e+02 0.000000000000000000e+00 9.980761816972923270e+02 1.237578000154886240e+03 4.089870813311471665e+01 3.389238141828608608e+00 0.000000000000000000e+00 3.990625775496226311e+02 1.476496275932790695e+03 3.149510568626274676e+01 9.295602439853375927e+02 1.428878071686511703e+03 7.192342824810222922e-08 1.275000471817720182e+02 1.328893114491924507e+03 1.491185885238131050e+03 4.566562939799874812e+02 9.523070194713935734e+02 3.175781141123236466e+02 7.600558582090066739e-01 7.286926942202910595e+02 3.717238300926264856e+02 3.931714466400970309e+02 0.000000000000000000e+00 3.007081528592271411e+02 5.207801446018129354e+01 1.362326126891167917e+02 1.000695148870051071e+03
0.000000000000000000e+00 1.759157193145406950e+01 1.094315946841921405e-02 3.483931378589717465e-01 3.908464570566565488e-01 2.159795316123122699e+00 1.091220562792673491e+03 2.260343134823135074e+02 1.741985238609408952e+02 1.264905341746949034e+03 1.016960734056137085e+03 2.270965128448047210e+02 0.000000000000000000e+00 1.175779255977670800e+03 8.559738429926676417e+02 4.494250432471919687e+00 3.131365742344140131e+02 1.462768766953364263e+02 1.791768767438394150e+01 1.905552041564981369e+00 2.061247075335054433e+02 4.503643554515650749e+01 0.000000000000000000e+00 5.076668986052893047e+02 4.496514078889126154e+02 5.893850551047312365e+02 1.185833457363986412e+02 1.512286499341689989e+02 1.119789429827341564e+03 1.210964590355830524e+02 3.159328437204733859e+02 6.618090489144444746e+02 5.891088346836272649e+02 0.000000000000000000e+00 1.557711319755767818e+03 2.175877882233322964e+02 9.926735240830532803e+02
