output/example/lateral_incision_000250.asc
nrows	75
cellsize	13.33333333
xllcorner	0
ncols	75
yllcorner	0
NODATA_value	-9999
[rows 34 to 50 of 75, columns 0 to 36 of 75]
0.000000000000000000e+00 5.195405725011704590e+02 0.000000000000000000e+00 5.368026108850276614e+02 5.487149275465277309e-01 6.093419382151553236e+02 7.924742203715037476e+02 7.148794029937876076e+02 1.464870501621750918e+03 3.714003987255403558e+02 3.154499020498349751e+02 5.181403932388210478e+02 1.244204819945098563e+02 6.286744381521231873e+01 5.426921800533626765e+02 4.443901865882877473e+02 3.211789065733789243e+02 5.108197959148646987e+02 7.130058423962204870e+02 9.716737703018302454e+02 9.804047817122375363e+01 6.034049346958994420e+02 8.907931485704423835e+01 3.677016383974194014e+02 7.496446188956178958e+02 1.710619125060705755e+03 2.487282803295977340e-01 1.914324161869632519e+02 1.820716962066033489e+02 2.670816557833462070e+02 3.611611101027505697e+02 0.000000000000000000e+00 7.540223291055055199e+01 3.710161690257103828e+02 1.143908295540656317e+00 2.437315973175386432e+02 7.822172497553405037e+02
0.000000000000000000e+00 1.379509090126146020e+02 5.868746857525775340e+02 1.614426647373307333e+03 1.251312287035888403e+03 1.718041996179618536e+03 3.645223136022225585e+00 3.073593490952163521e+01 0.000000000000000000e+00 5.288662135625355631e+02 7.287314603770481654e+02 7.690897158812732641e+02 1.392949463117509595e+03 2.364755153338080618e+01 8.972141308829629907e+02 4.218788454000766563e+01 2.609791950801364919e+02 1.176787538478150964e+03 1.903578192098887598e+02 1.225799537901994654e+03 2.931694251672091767e+01 1.568213686798147592e+03 1.622957816332353786e+02 3.315011930021460671e+02 6.056759427162126030e+02 6.205094092184296528e+00 1.413990844604946687e+03 3.155757527783595719e+02 3.937551269171807311e-01 4.655145328873266521e+02 6.349923432990091214e+02 2.926755452458079958e+02 7.606178677720157566e+01 1.480889275329242309e+03 7.628815131279180832e+02 5.070609675416957174e+00 9.167129164566963482e+02
0.000000000000000000e+00 2.005019005685091571e+01 1.948558931266533421e+02 1.044191214625258226e+02 2.351002510102318155e+01 5.315445250858679316e+01 1.632665873272091403e+03 7.187661765691493656e+02 6.930221613140873842e+02 2.940390145722927562e-01 4.723198803338233347e+02 9.729144423240444484e-01 0.000000000000000000e+00 0.000000000000000000e+00 1.607113398598773557e+01 2.481776063255836959e+02 1.579006501904667914e+02 2.178282177015271159e+01 0.000000000000000000e+00 1.185806447945418398e+02 8.014299505175172271e+02 1.006863077805511324e+02 3.563170929072417152e+02 1.318937146904417659e+03 3.496457929951535260e+00 6.375837770359772776e+02 1.406484180285197908e+03 5.516599468157531874e+02 2.210188690047185212e+00 7.059599877171220328e+01 3.175555243476616329e+00 1.071096626474907776e-01 1.994332068776276969e+02 1.263004153345899567e+03 1.319972106994901424e+03 2.754711084934548921e+02 0.000000000000000000e+00
0.000000000000000000e+00 1.705825540430302851e+02 1.584049072158185481e+03 9.773280210084661803e+02 1.644148246498679384e+02 1.730143224635264460e+03 4.116076777317036317e+02 1.098304327452958205e+03 9.232562338116399587e+02 2.864599547718500503e+02 1.018529939135704922e+03 9.621420396470346077e+02 5.132703001716995459e+02 2.920772948162057219e+02 5.230245169251331845e+02 1.522448452537923231e+03 4.969018281559434591e+00 1.385839324197690075e+03 1.456405588147945991e+03 1.878365734410878618e+00 1.710408431948010957e+03 1.842052064779339162e+03 2.098987809300048468e+02 2.392747655370296656e+01 1.493268822881366759e+03 3.237824283304785808e+02 8.796106203241008643e+02 9.091801934622955059e+02 2.196624506259460929e+02 1.033079941476672047e+03 5.900301435894672295e+02 1.295706356790295217e+02 2.954542835564985381e+01 3.780011463101808999e+01 8.759642072748175678e+02 9.910794436402677547e+02 5.935358642075792659e+02
0.000000000000000000e+00 0.000000000000000000e+00 1.107919923697500963e+03 0.000000000000000000e+00 9.151371523807614494e+01 8.590634139629744368e+02 4.414774220004892413e+02 4.772487417380166335e+02 6.481629664329341400e-02 1.518490268711164859e+01 9.428371568483896681e+01 3.421221252331662868e+02 1.210756930680177220e+03 1.174175700276035599e+02 3.661170408195653181e+01 9.603546095708289840e+02 0.000000000000000000e+00 6.830966630937351738e+02 1.161121567326887316e+03 3.472833997917723625e-02 5.312182398678526170e+02 4.685217050176139537e+02 2.919324611189605179e+01 1.751285872482371587e+03 2.234478171055996881e+03 1.012418865004144322e+03 2.737230734182448373e+02 2.998771017677356667e+02 5.077575437397901510e+02 2.165688265312184058e+02 5.923619699683874984e+01 2.039512943266459217e+02 2.277841535272779936e+02 1.715322049219700205e+02 7.793042908053591233e+00 0.000000000000000000e+00 0.000000000000000000e+00
0.000000000000000000e+00 1.108325321994869682e+03 4.296624060997452261e+02 1.880377348129412383e+02 3.248133183585165398e+02 3.035362949334976861e+02 9.711015616167530595e+01 1.603699476207358998e+01 2.677795436723971737e-06 1.019914539023517897e+01 7.068858534666127298e+02 1.692202992682490788e+02 3.097751532163811135e+02 2.473696957559672285e+02 5.039338239031033027e+02 9.193963397099161057e+02 2.678835119927180042e+00 9.483205450807329129e+00 4.097607619633461695e+02 4.199224519031460545e+02 0.000000000000000000e+00 1.795335542335639332e+02 1.995315526325138364e+02 6.026781479579925644e+02 8.074516937340108598e+02 1.112804045713611231e+03 0.000000000000000000e+00 0.000000000000000000e+00 3.081385329816409353e+02 6.770772302410736074e+02 5.996334228682893581e+02 4.869563322222582542e+02 1.371019370790249013e+03 1.265328130352500224e+01 1.373694810190230783e+03 9.252826531158752914e+02 2.454717429797788952e+02
0.000000000000000000e+00 0.000000000000000000e+00 2.988976058240839784e-01 4.298439150645572795e+02 2.353776492870745329e+01 1.857571343556358201e+01 2.005894158405383682e-03 2.489479767233764539e-03 2.013960698119653259e+01 2.783769600763218666e+00 1.796774034091064607e+02 1.145102104422089951e+03 8.879308305022320935e-01 1.670942793762047586e+03 4.668052617915008682e+02 3.103349456089808882e+02 1.054041354977368838e+00 5.326357342615738588e+01 1.321400722141113420e+02 1.112681278285219150e+03 4.308055439389520984e+02 2.823441746729978874e+01 4.571266737644320415e+02 6.150714223271620540e+01 1.012753346148958485e+03 1.284563640383990979e+01 4.885556170112082874e+00 7.877061811063815639e+02 1.657364366233633390e+01 7.870055586741103753e+02 6.812889619239246297e-01 2.137813626095297650e+02 5.946730868638985257e+00 1.046509511811805396e+03 8.693638292816153808e+02 1.358029908304179116e+03 9.096233075904422094e+02
0.000000000000000000e+00 6.109204004539467405e+02 5.134550136750759748e+02 1.098979968918426948e+03 2.896465191709352212e+02 2.426644634482944429e+00 1.676958743886356373e+01 5.383394753089035021e+02 2.484720102753484241e+02 3.097984233230041013e+02 3.230225523775021088e+02 5.440939060161664429e+02 0.000000000000000000e+00 9.292455679621884883e+02 2.269726919035889967e+00 4.785866152979394172e+01 2.452687629838877683e+02 4.209413665862263656e+02 6.093294982820002481e+00 7.231878332775586387e+02 4.211552328537967469e+02 4.274344507584663333e+00 1.068024658001059379e+03 5.335165313180515341e+02 2.152472324589215873e+02 7.919937303033062790e+02 1.427012782458452591e+02 3.033373287160925802e+00 6.004064494252290274e+00 1.281129527390216083e+02 8.658308713153734288e+02 4.619816516667126507e+02 1.467617069019037785e+02 1.599628786763119308e+02 5.918007183664848725e+01 8.476824972823149551e+01 5.311327859933888895e+00
0.000000000000000000e+00 1.375929847779765396e+02 5.752052196764982455e+02 1.817980145914101797e+02 7.328209482480594943e+02 4.637172011045286126e+02 8.268768020582324425e+02 9.982436062940507338e-01 1.173804318024811209e+03 0.000000000000000000e+00 9.848944298372646244e+02 5.567714850805572269e+02 1.330781722255116847e+03 3.016820807727672005e+01 5.786644672673644436e+02 2.272819681242094703e+02 1.175946146129906765e+03 3.622859341965657336e+02 1.165465184262324556e+03 5.698034745222189201e+01 6.169041991905684199e+02 2.995243322212457482e+00 1.996633905142770402e+02 8.858385652745740799e+02 6.937858671088002893e+01 4.295626863245268510e+02 7.078222628924385162e+02 7.129132768474559043e+02 1.597983388394195288e+02 4.378645704359713591e+02 1.148398354997407012e+02 1.067380995398121286e+03 0.000000000000000000e+00 1.792910083037343156e+02 4.113115611359985380e-02 1.291881154890633070e+03 7.947472078608745960e+02
0.000000000000000000e+00 5.959897906910260872e+02 1.191000409106991675e+00 0.000000000000000000e+00 1.364576662443522309e+03 9.283626466377876341e+02 2.288539782941619027e-02 1.094909370478285155e+03 1.038277562112531314e+03 1.335013565060343133e-01 2.476984816494411064e+02 6.708694800352916445e+02 3.177610645187428986e+02 5.297234172102738370e+01 7.931251056652282614e+02 3.618142756286417807e+02 5.145750106576823555e+02 1.994483281450673076e+02 6.735442280330317999e+02 1.143879330128839001e+03 2.145423366702922507e+01 1.418709046201626052e+03 1.988477917301596420e+01 0.000000000000000000e+00 3.763718700728530280e+02 6.614108050932216543e+01 1.242375568772578617e+03 5.258096297625779698e+02 4.469259196899847808e+01 2.521106275359791482e+01 7.809463424828772986e+02 1.323709693072214009e+02 2.347980751688810130e+02 7.068293350772544272e+02 0.000000000000000000e+00 5.451784915360852892e+02 2.239152274479904747e+02
0.000000000000000000e+00 5.695055349855598479e+02 1.494315762254153242e+03 9.430199189164370921e+01 8.135163315708422428e-06 9.298287653415579825e+02 1.891719954057964781e+00 9.854318172575989365e+02 4.034148027223621824e+01 8.892374389388421605e+02 3.653652326616084167e+01 6.084397015663890897e+02 9.242215302088417275e+02 6.374577247751378906e+01 2.821612801390294294e+02 1.332656604099095070e-05 2.657359571820242650e+02 0.000000000000000000e+00 0.000000000000000000e+00 2.774388014773364262e+02 6.361721221440691520e-02 0.000000000000000000e+00 2.969112777400556524e+02 1.358264365333369597e+03 2.628844194235231271e+02 6.002712326494232542e+01 1.202910776278166850e+03 4.134987899822188524e+02 1.231472919423384383e+03 6.772951276892417809e+02 1.005706822702713588e+01 1.014078157888816236e+03 1.517172253536153335e+02 6.730090192805826099e+00 8.607442013523578908e+02 1.417691519448715326e+03 4.997636888554494590e+02
0.000000000000000000e+00 3.878158162598421388e+00 0.000000000000000000e+00 0.000000000000000000e+00 0.000000000000000000e+00 0.000000000000000000e+00 0.000000000000000000e+00 0.000000000000000000e+00 1.792087792168791793e+02 1.001908820131838418e+01 5.599822940669181570e-02 5.825571196804362444e+02 6.300540315674879821e+01 9.823842611185462648e-01 4.470699805612504178e+02 1.200961736829330420e+02 2.142083198106743680e+02 0.000000000000000000e+00 1.522673790747827297e+03 5.460421615589785560e-01 5.241002105212822926e+02 1.257741829113168386e+01 7.839692031402889825e+02 1.153266714778742653e+03 1.787728716110699878e+01 5.963592369009403455e+02 6.269353542439537250e+02 3.390508287663433862e+02 3.967056091938642908e+02 9.562759856229881734e+02 1.605010088823504759e+02 2.818457423539991282e+02 2.258445135129479411e+02 6.296501329659778321e+02 5.573557272511058258e+00 1.565277759256918671e+03 1.263459799287202713e+03
0.000000000000000000e+00 1.466518060905499112e+02 0.000000000000000000e+00 0.000000000000000000e+00 0.000000000000000000e+00 0.000000000000000000e+00 0.000000000000000000e+00 1.937148901933915823e+01 9.526485603155995818e+01 4.141094248812289038e+02 0.000000000000000000e+00 1.458928290095896955e+03 3.516010107516454752e+01 1.499586706856907767e+03 6.506254371293285885e+02 3.706285523750167399e-01 1.609243084717811634e+00 2.727436494641284526e+02 5.039440388532256065e+02 1.384904171785758864e+00 0.000000000000000000e+00 5.077229086347375073e+02 1.397300983672539303e+02 0.000000000000000000e+00 2.623117349627512453e+02 1.422331523853056979e+03 1.094313903676106520e+03 6.057972660702004575e+00 1.311433137383686471e+03 2.137181974818142649e+01 5.661219105054881595e+01 1.557661936299521983e+02 3.872844213008469438e+01 1.088440184997633878e+03 4.202590848827945820e+02 1.279276896133136319e+02 7.214183176640937063e+02
0.000000000000000000e+00 3.805663115124858109e+02 6.494517454832985095e+02 2.906289212572441549e-01 5.660908432679934776e+02 6.238291990810322651e-03 1.295747899209625302e+03 1.483512302924565347e+03 0.000000000000000000e+00 6.087020927492329747e+02 9.806627794529391622e+02 1.661525651039903323e+03 6.979085996300707393e+02 1.300802366741051799e+02 6.042665476347859794e+02 2.752195969393598034e+02 7.701705977444821656e+02 1.193276676596867901e+03 9.533498404645455082e+01 1.646084194843982232e+03 2.003340757359803490e+02 1.055829477703945258e+03 1.940205417441752616e+02 3.186566558505797389e+02 2.667493807403363917e+02 9.251664634685789679e+01 1.104117617552012689e+03 1.480503659319566800e+01 0.000000000000000000e+00 1.782174394623076239e+02 1.672497936408062458e+02 0.000000000000000000e+00 8.125840315637245794e+02 5.045310209261697310e+02 1.572457252463966825e+03 7.980605105571324032e+01 6.749223693129312585e-01
0.000000000000000000e+00 1.227736116489282239e+02 1.532148375530683282e+00 7.935889311321961404e-02 4.364899586343145010e+00 4.421719781684620330e+02 5.653981991502322444e+02 1.210999556501390089e+02 0.000000000000000000e+00 0.000000000000000000e+00 0.000000000000000000e+00 0.000000000000000000e+00 0.000000000000000000e+00 0.000000000000000000e+00 0.000000000000000000e+00 0.000000000000000000e+00 0.000000000000000000e+00 0.000000000000000000e+00 0.000000000000000000e+00 0.000000000000000000e+00 4.179301163914182666e+02 7.318459352601896626e+02 1.632551864536558317e-01 1.519013677379860212e+02 0.000000000000000000e+00 3.632166132866082364e+01 9.357836310331215657e+01 1.656168583681722112e+03 4.775593589690790850e+02 8.217561885730129916e+02 4.652041272294364944e+02 0.000000000000000000e+00 6.899679301297405800e+02 5.528308928692379141e+02 4.907340251506632285e+02 1.140789317893529784e+02 1.459002015590473547e+03
0.000000000000000000e+00 8.201501299806168390e+02 7.178004405870428428e+00 5.001028324837667682e+00 0.000000000000000000e+00 6.453588568369791574e+02 1.272285254350078247e+02 1.424059178360981377e+03 9.292652002272959066e+01 2.166359532290882157e+02 0.000000000000000000e+00 0.000000000000000000e+00 0.000000000000000000e+00 0.000000000000000000e+00 3.846262385931492531e+02 0.000000000000000000e+00 0.000000000000000000e+00 0.000000000000000000e+00 0.000000000000000000e+00 0.000000000000000000e+00 1.285588636650667436e-02 0.000000000000000000e+00 2.755125513087457989e+02 1.749154288516096472e+02 1.534449898670186485e+03 1.320067803177102633e+03 1.374919058075747387e+02 6.939536001630538919e+01 1.573722220272930864e-05 4.129292125372657551e+02 1.746688006957926405e+02 2.854525344679531145e+02 5.880661979513996585e+02 1.667526746794595169e+02 2.208108798389212382e+02 4.629521515168381143e+02 1.236641954512299662e+03
0.000000000000000000e+00 0.000000000000000000e+00 2.448270916210757875e+01 0.000000000000000000e+00 0.000000000000000000e+00 7.284242998221373000e+02 4.405204547179432666e+02 9.531103923005082379e+02 6.494437328893900130e+00 8.918224253345466650e+02 7.136385545069485943e+02 4.506532909029528611e+01 1.526108404041667200e+03 1.840460953450849786e+02 3.726850880231616259e+01 1.616687455138646783e+03 2.742723200342230515e-03 1.496812633206487135e+03 1.517768166695298987e+03 5.330792330372232755e+02 1.507225885553752781e-04 2.724629553307933634e+02 4.145807789373127106e-01 1.572794196774517786e+03 9.831189297508365144e+02 3.835267370843789649e+02 4.981406566062786396e+02 1.722531635162494013e+02 9.451633919287314711e+02 8.254060101412693484e+02 2.755112231096855453e+02 1.250307059347672975e+03 7.121655466935555978e+02 4.602262578179335719e+02 7.329623093569316552e+02 6.972164517040125702e+02 0.000000000000000000e+00
