output/example/lateral_incision_000179.asc
nrows	75
cellsize	13.33333333
xllcorner	0
ncols	75
yllcorner	0
NODATA_value	-9999
[rows 51 to 67 of 75, columns 0 to 36 of 75]
0.000000000000000000e+00 4.462780450094953011e+01 3.276745631461204198e+02 4.824850278182994390e-01 0.000000000000000000e+00 0.000000000000000000e+00 6.099054659637147324e+02 7.737898783087922538e+01 1.135638466722763269e+02 1.435758590282335945e+03 6.921392919029618440e+01 8.250131034740337554e+02 4.935974012047515680e-02 4.721430692579608035e+02 3.606747939100819877e+01 1.524336254822532965e+03 3.388761402610617068e+01 1.474708182344275656e+03 1.723553138568287750e+03 3.742386983072621964e-01 9.771942750655410181e-01 7.747848605572024150e-01 8.765300602789794766e+02 0.000000000000000000e+00 0.000000000000000000e+00 8.872843837713479953e-01 5.155825385874982203e+02 6.278206511264987633e-01 5.232199054860761862e+02 0.000000000000000000e+00 0.000000000000000000e+00 0.000000000000000000e+00 0.000000000000000000e+00 0.000000000000000000e+00 0.000000000000000000e+00 0.000000000000000000e+00 0.000000000000000000e+00
0.000000000000000000e+00 5.157409968795457189e+02 1.035051014728850532e+03 5.947502695236602221e+02 1.298532648190870731e+01 1.212027575480543184e+01 1.800674628102402153e+01 4.661741264733843764e+02 4.594583670872632979e+02 1.503980027953790795e+03 8.964563422624152622e+00 2.567046843020017022e+01 0.000000000000000000e+00 7.694091410401083131e+00 7.702936602554525791e+01 1.402886010780295178e+00 1.437479607304020703e+02 4.436689335391390614e+02 2.454575781694993566e+02 8.963286945620474455e+00 3.628850062778513319e+01 2.489026486762833112e+00 1.279088149996918219e+03 4.553758858832330816e+02 7.200076956299807307e+02 8.816309665525584593e-02 9.814812604623308516e+02 0.000000000000000000e+00 1.642833196176039792e+02 4.699568095500847420e+01 1.509377152384819965e+03 6.326022194762773339e-04 7.893509173684744837e+02 4.936574459652325686e+02 4.009531331752580741e+01 2.372280069998640499e+02 0.000000000000000000e+00
0.000000000000000000e+00 6.055167908724661174e+01 1.616886832748758991e+02 3.722373875527313203e+01 7.098256933895249858e+02 1.623369104198639207e+03 2.310499297960212175e+02 1.082688793533472165e+02 2.915286157217613550e+02 3.888297190871214060e+00 6.171558333865925228e+00 6.922248822408322440e+02 1.805772317603369093e+00 2.838609980617316708e+01 2.615667558403386010e+02 6.439025121772743887e+01 1.484491716286067003e+03 6.553447995002898985e+00 5.201562927917848356e+02 6.275679562671459735e+02 0.000000000000000000e+00 4.699798634931307788e+02 1.710099322145814824e+02 0.000000000000000000e+00 1.592117477284693994e+00 5.371893879504901861e+02 1.112621484655125315e+01 8.115359916666041045e+02 6.029336865415032207e+02 4.488215436817835524e+00 5.302031564301450999e+02 1.453539884870893957e+02 0.000000000000000000e+00 7.684187931070471378e-02 5.445758014458818934e+02 1.593727046828613993e+03 2.674113776320976967e+02
0.000000000000000000e+00 7.755972521438703779e+02 1.214822385752124774e+03 1.027889010852320650e+00 4.050078397233038885e+01 1.479006752620159659e+03 3.661582262236528322e+02 3.956687322376124598e+02 0.000000000000000000e+00 8.757040067058312616e-01 1.659525015650819446e+00 4.365994866957940985e+02 1.281496527629681692e+00 7.228695138056795422e-01 1.649378254999464559e+02 3.349816368684031875e+00 1.335934411589740876e+03 4.368696119431044167e+02 6.035288159384410847e+02 1.026807415246323352e+01 1.166495741002697514e+03 1.267191170488424859e+03 4.172102309091399661e+02 0.000000000000000000e+00 9.387047624634841725e+01 1.119089030925668794e+03 3.917580048661445744e+02 1.391763843816181634e+02 1.602404590164316005e+03 6.871880423306383534e+01 1.003009860230023833e+03 4.149794395721573892e+02 2.822865647346807236e+02 7.808002861092455760e+02 4.882590948613627546e+01 1.042393336279751338e+03 4.189975463088622676e-01
0.000000000000000000e+00 0.000000000000000000e+00 9.320944864124245441e+02 2.989376235729644691e+02 1.608806024954409395e+02 1.410212929814082550e+01 1.479860689395675024e+02 1.300397597661430382e+03 4.672728357999326931e+02 0.000000000000000000e+00 8.097542696337769996e+01 0.000000000000000000e+00 2.216908943618987564e+02 3.007463277193579287e+01 2.460054869574553891e+02 1.007572464829946135e+01 2.500466559364179773e+02 1.458041920039488275e+02 7.827299241093310229e+02 3.326003936477926004e+02 4.110563209636381998e+02 7.767037196653569708e+01 6.647222700305330818e+02 9.944031018197826199e+00 1.277179316511547995e+03 6.631310193645622064e+01 6.817178412598785826e+02 7.697518718050416737e+02 1.089370918836938017e+03 6.959457846593849695e+01 1.207906536224247986e+02 3.604212333388842353e+02 7.332784797681958366e+01 6.469356742927006021e-01 1.894101919603789952e+02 6.469356742927006021e-01 4.212338263557834352e+02
0.000000000000000000e+00 3.060490170848003117e+02 9.826894496053926105e+02 1.174360732236033073e+03 2.390791652988157239e+02 1.257868695627540546e+03 2.629380608605913050e+00 2.115177537382070483e+00 1.674269686554834990e+01 7.232063728917495493e-02 0.000000000000000000e+00 8.336563538417852970e-02 7.451692523329671758e+01 2.572815371013697572e+01 8.624061232685524203e+01 2.983620229764881060e+01 1.324229972530098394e+03 0.000000000000000000e+00 1.157625013257892022e+01 1.724445951763851212e+02 1.069255388602734229e+03 3.769434934623267281e+02 1.291872102881854190e+01 1.073255067790573548e+03 1.312015088545439312e+03 2.418074521942570243e+01 7.728274997650964906e+02 8.231349427040801174e+02 2.664592178856980240e+02 1.273273343171477876e+02 1.006645743216813912e+03 4.433427572382386472e+01 4.423126843655295488e+02 0.000000000000000000e+00 4.134175921011014907e+02 1.114194091586184186e+03 5.138741784820034582e+02
0.000000000000000000e+00 1.740868102717582522e+00 0.000000000000000000e+00 0.000000000000000000e+00 8.266451536131672810e+02 1.243172943355335747e+03 3.588575577422493552e+02 5.810942524575038988e+02 2.370642657172733720e+02 8.976994651588022407e+02 4.078815930861843526e+02 1.589130645772087291e+01 4.232473632863531066e+01 1.138982168089532479e+03 5.978539337155092426e+02 1.277914895254113503e+02 6.715591987030933296e+00 5.290958844408572759e+02 1.585656282718501586e+02 1.436674107958085358e+02 2.653601639572834188e+02 1.192738423896455515e+03 0.000000000000000000e+00 8.538241038656781257e+02 1.809707379955225690e+02 1.483504365071859254e+01 9.674384046205666436e+02 4.152212425349549108e+02 1.703807394954550091e+03 5.104721211816924438e+02 5.456674410797864994e+02 0.000000000000000000e+00 3.876898324250654504e+00 6.150961898513094184e+02 7.437812620288341350e+02 3.472083028513616796e+02 1.621005718952753138e+00
0.000000000000000000e+00 0.000000000000000000e+00 4.636908294476646120e+02 1.248959312231256945e+03 1.071257254426036297e+03 2.725524352170936027e+01 2.645587807495418247e+02 7.798022223129909207e+02 5.070592853826913711e+02 5.627214368398579154e+02 2.255353997290404777e+02 1.643585396076004956e+00 5.908681542985053738e+02 1.084025895909658630e+03 1.104944768946414797e+03 1.967056474224127101e+02 1.414594310060908356e+03 1.072298810174368899e+00 4.297501997352630383e+02 5.032976196208529700e+02 1.246282525284467965e+03 8.372580304002326557e+02 9.638465340922780911e+01 1.804365692501173726e+03 9.029792420881522048e+02 2.436646966944591668e+02 1.304167731083441311e+02 1.121896627184931504e+03 2.203875139056568599e+01 1.883023316260948548e+02 3.399757305408375032e+02 1.056846850675230144e+03 8.611640400779549509e+00 6.053280352194309266e+00 3.939656027505548650e+02 5.269540424304159387e+02 1.592679986869692925e+02
0.000000000000000000e+00 3.820924347642373391e+02 9.701613404502229514e+02 5.009779858425166026e+02 1.190286283950914310e+02 6.690694361936793939e+02 5.520808147124719198e+02 6.690439429233313717e+01 8.343204901906013902e+02 5.651305230937402939e+02 4.939629663524234502e+02 6.020818290276183689e+02 0.000000000000000000e+00 5.587120109052211570e-01 9.752138600298067104e+02 2.205010047225893857e+02 9.505767875913037415e+02 6.314572487329729711e+02 9.311831251808023353e+02 6.806378358222761049e-01 1.783566216518896397e+02 1.623918020322828852e+03 1.086903120206905129e+02 8.217754457578535039e+02 5.778260820953516941e+02 1.227529719933008664e+03 7.407764696129969479e+02 1.540607400661397897e+01 3.686798872800660121e+01 5.689027842238246757e-01 5.020312802746018406e+02 3.121960222269763108e+02 4.600395243451937688e+01 1.129913902551872297e+03 1.055843082596510158e+03 2.631784535457823608e+02 6.771238512284512581e+02
0.000000000000000000e+00 0.000000000000000000e+00 1.298134352689241496e+03 8.819077111800601720e-01 5.366510968149021954e-01 6.051304994794747927e+02 3.720554705255951689e+01 2.445228698189342964e+00 0.000000000000000000e+00 4.719880446144163102e+02 1.177145434479642677e-01 5.102856833516767097e+02 1.523009819388389360e+03 1.030208913334161480e+03 3.339992134477720924e+02 5.006349351395377312e+01 9.520856259295842392e+02 1.983656560540644591e+02 4.202224758107307139e+02 2.332791500399395801e+01 0.000000000000000000e+00 1.371985601337338039e+03 5.355305596527202283e+01 9.278519730580304667e+02 3.468199017928674266e+01 3.241767834336244647e+01 8.683822446418854497e+02 2.948685500742091392e+01 1.317009312424021118e+03 1.051944037963836536e+03 1.126948617283733938e+03 5.059361522393560904e+02 1.313411380865304864e+03 1.161015133328322122e+02 2.469626438884043296e+01 8.363282550695812461e+02 2.933961470085571364e+02
0.000000000000000000e+00 5.772962474392387549e+02 1.901626279416138345e+02 9.143262526316010508e+02 4.269327708396673415e+01 1.031170908503999186e+02 6.290250177834237775e+02 8.693308140786361946e+02 6.718027903435951131e+00 5.711902336138185774e+02 2.597567867822712628e+02 5.449294231629222622e+02 6.113394190092343479e+02 0.000000000000000000e+00 4.828672510911310383e+02 1.461444945082164493e+00 4.364439439692792462e+02 1.223870951052866296e+01 1.356392198623885115e+01 3.868578366065403316e+02 1.479428491395118272e+03 3.492545394665955882e+02 7.105118828349495175e+01 4.103051044521598669e+02 1.017304958046840397e+03 9.023084353961232864e+02 3.482740277343621926e+01 6.536825079962732161e+02 3.307994694637323505e+02 2.716366290728377635e+02 1.301420689894063685e+02 6.391728398411088392e+02 6.886948950765727204e+02 4.314503727061305227e+01 1.111880981966539593e+03 7.095873555370874328e+02 9.168411140288705852e-01
0.000000000000000000e+00 6.522226835013126447e+02 2.887223807995239326e+02 7.720691514044912083e+02 2.785929431300305623e+02 3.919579890941955114e+02 0.000000000000000000e+00 6.611360444458501888e+02 1.502368686073338040e+02 5.893918680941685579e+02 4.513745648457847892e+02 4.742852475291082328e+02 1.119488702494858444e+03 0.000000000000000000e+00 6.831634982714853095e+02 1.766488868401355035e+02 4.339877005341828919e+01 2.415020999531074075e+00 8.905806669661187698e+02 4.505657731852049324e+02 1.169986400123834301e+03 2.384888984081995034e+02 0.000000000000000000e+00 8.269492921107464554e+02 1.251689956582014474e+03 7.386879593279728624e+02 6.923032420010265753e+01 1.055862689833723607e+03 8.093476041960130374e+01 2.214847930625613581e-01 4.679157169615160115e+02 7.704039614773380151e+01 1.948962770047504591e+02 2.737738656373051427e+01 2.320301385730938648e+01 2.037430446164558617e+01 7.294322507188999225e+02
0.000000000000000000e+00 2.606344099809597878e+02 3.115728406812119147e+02 9.416780413937304957e+02 6.940139009129296710e+02 3.008625266328784846e+02 5.045819081410474194e-01 6.501714791683414205e+02 1.174422947280651215e+03 8.433437414628632212e+01 1.493990421904395021e+02 2.519130026605809576e+02 9.422212839822307728e+00 2.056276544560146391e+01 4.733895536713256291e+01 3.565623086614344288e+02 4.900621066037710556e-09 1.258100834548196190e+02 2.511864732043514792e+01 2.915150333115792023e+02 2.452271310357927170e-01 1.317928264368647888e+03 1.152666161686345049e+03 2.080130032508069604e+00 9.765828293089178942e+02 2.146037937436658467e+02 4.365097706335592420e+02 5.566744646737512312e+02 7.208246012163259593e+02 2.928216858376651430e+02 2.065089644969414451e+02 5.327088226718758506e+02 1.763235697658188883e+03 1.128111179061965913e+03 1.897433847048913691e+01 3.033276172380547564e+02 1.139666399364151175e+03
0.000000000000000000e+00 0.000000000000000000e+00 1.972192622564311080e+02 1.748205462164522714e+02 5.722791487636430929e+01 1.371696622627426265e+01 1.081934348229818397e+03 4.205618415563038752e+02 1.519154107791070373e+03 6.574347161932004724e+01 3.725052224095223323e+02 6.978140264636209622e+01 9.679970399074347824e+02 8.452974964913240683e+02 3.501104763295572866e+02 3.686114551115277749e+01 1.324562277778246333e+01 7.599775296858622369e+02 6.508086645153167638e+02 2.335880465478932138e+02 2.725272646406589843e+02 5.483359578285994758e+02 2.588482340909038157e+02 1.213915870099664147e+02 6.762027136901414224e+02 5.509718030471868815e+02 2.196646839798240478e+02 0.000000000000000000e+00 6.623734052611048639e+01 2.550580934629603291e+02 4.269458640360057302e+02 9.464721819944599019e+02 5.187565931616913986e+02 0.000000000000000000e+00 1.519475751082265788e+03 4.660385678257811719e+02 4.237203939360388176e+02
0.000000000000000000e+00 1.699716480258560694e+02 3.497710287381942607e+01 3.822151236849589964e+02 4.307855753302235939e+02 9.266415766339738411e+02 5.695383257848388894e+02 1.368196901879298821e+03 7.934370710589300302e+01 1.189811615299411187e+03 5.201397751029893470e+02 5.921375129383077365e+02 0.000000000000000000e+00 1.257835523303439459e+03 1.034371626644539743e+00 1.131313548083674732e+03 9.004496004610674618e+02 4.225193707179477620e+00 6.717201586678803551e+02 4.344388819079663335e+02 5.266730994467819471e+01 1.801056823328293603e+02 4.566601978005068645e+02 1.492600186376989996e+03 2.566597844248863680e+02 2.393172721756097872e+02 6.284765434078702810e+02 7.593566541618267820e+02 3.485126979694218585e-01 1.520193219888717749e+03 4.351450601979360400e+00 2.080040787141308840e+02 6.701076992070805716e+01 1.588303318697235909e+03 2.253210023452707446e+03 5.226774188507479213e-01 4.260096966199222379e+02
0.000000000000000000e+00 7.325157134639234755e+02 1.126697518959933859e+03 7.203063438306243071e+00 9.408797110034466726e+00 7.728246673915622367e+00 2.526346722040284476e+01 0.000000000000000000e+00 0.000000000000000000e+00 0.000000000000000000e+00 1.132878549951928875e+02 0.000000000000000000e+00 4.299016297134464537e+01 8.951060054238968178e+02 3.411504730358104975e+00 1.236048904245829135e+03 2.490298631744951308e-01 6.996759499918348411e+02 0.000000000000000000e+00 3.866656640014904269e+02 2.984244616805441979e+02 4.271926453268292079e+01 3.222444716788247092e+02 1.074149736245662098e+03 2.380872557063365491e+02 2.003548125734143639e+02 4.340998300922913131e+02 0.000000000000000000e+00 4.044495577459404103e+02 2.540823279642489183e+02 1.567185087979344871e+03 1.004955612878010697e+03 3.445305705273020180e+01 3.085510467122404634e+02 1.192583327859506852e+02 6.627952407517678068e+01 2.993287992402592934e+01
0.000000000000000000e+00 7.430920982187280970e+02 1.373789198445535476e+03 1.455816305096411156e+02 7.838637157623160192e+02 1.062484640758142405e+03 1.408022501900335328e+03 4.010949836756223590e+02 0.000000000000000000e+00 1.533909854333043995e+03 1.820259437991506957e+02 1.097160153554413228e+03 0.000000000000000000e+00 4.833021350609284355e+02 9.629643820524734110e+00 1.207891963371291695e+03 5.014333685649257859e+02 1.147009992845821671e+02 6.599335463446462882e+02 6.761561182503730549e+01 9.664647592058251746e+00 0.000000000000000000e+00 5.731876984331859148e+02 7.588588783827251518e+02 8.852530008698742403e-01 3.937020120764792068e+02 0.000000000000000000e+00 2.180780130444844076e+02 3.111615006140075366e+02 1.678487035566754741e+02 1.080492349812817793e+03 1.454562668064655995e+01 3.891124317790668101e+02 6.883852625950454467e+02 3.040026635136197797e+02 4.381092323303943659e-02 2.230846207697332204e+02
