output/example/lateral_incision_000052.asc
nrows	75
cellsize	13.33333333
xllcorner	0
ncols	75
yllcorner	0
NODATA_value	-9999
[rows 17 to 33 of 75, columns 37 to 73 of 75]
9.897519042184052540e-02 3.606890734235640821e+02 6.805064844332890939e-01 1.425619359224490609e+03 6.270214884076683575e+02 0.000000000000000000e+00 1.160929265859433826e+03 4.178782084736745617e+00 2.672944374068929960e+02 5.736726777383851505e+00 1.011759006216298395e+01 4.823658205373623673e+02 2.631577698586558540e+02 6.061248880811961115e+00 5.902627463804859786e+01 2.605085357114875251e+02 6.278427978241525409e+01 7.452256453678019454e+01 6.547619021409321931e+02 6.304628139010007004e+01 2.298858243442833498e+02 4.719040521427603494e+02 2.495855338778248389e-01 3.485330348741268836e+01 9.912002559868948310e+02 3.791694589172174545e+01 7.551913429157499422e+02 1.116376398424023137e+03 2.489894858860585458e+01 1.211403435104175060e+03 2.827758527194020530e+02 8.492694747163036482e+02 5.102704002490118569e+02 9.650008113242110994e+02 3.101143782775968916e+00 2.568629579653234600e+02 8.541040169961346464e+02
1.283681694132980965e+03 1.266827783485078044e+03 3.974437789409375341e+02 2.222586062643469234e+02 1.142802447360674307e+02 7.357046862211185498e+02 6.060395797169021535e+02 2.905902976281347492e+02 0.000000000000000000e+00 5.890417414200821433e+00 0.000000000000000000e+00 7.459384415294145754e-01 2.586238412676600547e+02 5.412607630629779898e+00 5.960822184612310082e+01 3.109850782005921244e-01 1.033830171044659892e+03 6.612029873224086884e+01 1.009401065418621897e+03 1.147525145316304588e+03 0.000000000000000000e+00 1.521755144200490122e+03 6.554246514879932874e+02 2.101236966450892396e+02 1.052255971864561213e+00 3.939764291318575715e+02 8.092730058920815850e+01 9.075589828085358590e+01 1.000454488457219782e+03 1.994044971774997288e+00 1.121784156804533723e+03 3.132152013082567805e+02 2.772349461659275107e+02 6.095443217160009226e+02 7.726255532931825201e+02 2.733693393313670867e+02 5.376539850758529155e+02
3.295152940842258895e-04 1.655266267469658032e+03 9.847547453690780230e+02 2.303258844860213728e+01 9.613781601121640108e+01 5.763391326292753547e+02 6.047452898091318048e+02 3.551219108747865789e+02 2.647438335274604171e+01 6.278312376445716936e+00 2.173800427460512857e-02 9.660888003439441718e+01 8.788364106974994456e+02 1.042900607918777496e+03 6.278427978215313487e+01 6.977201969497318146e+01 1.503718318449083213e+00 2.587716121760572605e+02 5.846200725707926438e+01 8.630782346370798450e+02 1.858800366772890698e+02 6.886239472937590200e+00 1.399494718601891236e+03 4.860192932818599765e+00 2.836966666675834858e+02 1.656335718497829703e+03 3.564127272819074221e+01 1.493396380250619814e+03 5.341651891470985447e+02 8.482371541619797881e+02 0.000000000000000000e+00 2.969196449626425647e+02 5.921942099718609853e+00 1.020734796423528878e-01 2.815385033419045158e+01 5.472740297816369548e+02 0.000000000000000000e+00
0.000000000000000000e+00 0.000000000000000000e+00 0.000000000000000000e+00 8.358354754006566054e+02 3.460703704781604273e+00 8.375449281359450424e+02 1.456987947890211785e+02 8.660265867738546319e+01 0.000000000000000000e+00 4.051955847627759510e+01 2.076436911599305120e+02 1.104045717594349441e+02 0.000000000000000000e+00 2.008081669892986199e+00 1.065328003082236819e+03 5.229143831993122831e+02 6.319679474829732868e+01 6.043568665535924644e+00 1.280160720824471454e+01 6.938594417501204816e+02 5.015240976206212054e+01 9.246861571410769329e+02 0.000000000000000000e+00 6.468736916653753042e+02 9.958519953067326469e+02 2.086026882740134624e+03 1.391231277669106703e+03 1.511469122342012028e+00 9.715039403678729286e+02 5.851023490399938964e+02 1.325095647574624536e+03 3.826081504768505397e+02 1.958028588511309920e+02 6.566853748400694357e+00 2.556157124711341916e-05 7.130350342907661556e-05 0.000000000000000000e+00
1.135190815079273307e+03 3.010643019486416847e+02 1.388709571328926813e+03 1.179581829725733044e+01 1.531658821273312242e+03 1.604246146904991519e+03 2.829557310617084340e+02 4.082629279052480911e+02 4.481930038576880548e+01 9.485685608459584728e+02 2.010653139710262280e+02 3.746690270982410311e+02 6.658907389548045330e+01 1.494983799839303629e+02 3.586174566524950365e+02 1.336876485990514993e+02 2.436714599528175142e+02 4.812090375047608291e+02 8.209750055966617310e+01 4.344194780029480896e+00 2.916372979623012611e+02 6.414843721551626459e+02 1.484127888239335334e+03 7.114915614168074853e+02 6.452385708175979744e+02 2.175363306818096305e+02 6.899641958058381306e+02 4.046505180910828585e+02 3.596687656421111434e-01 2.224204555083641139e+02 1.864809810740359453e+00 8.417744204953982035e+01 2.502966668462481836e-01 6.153929690712433143e+01 6.812331437104571705e+02 1.371421619991933085e+03 0.000000000000000000e+00
0.000000000000000000e+00 2.048322272091635909e+02 1.418102288118574847e+02 4.061407142304769735e+00 1.338660554045394292e+03 8.721306625158125598e+02 3.392006214685164611e+00 1.913179862967408553e+02 1.043580273374884428e+03 1.270670419899708122e+03 1.286393600915004765e+00 1.059489683403454819e+03 1.639973825540360508e+02 2.473451038509391253e+01 5.418371015024908957e+02 9.013163228747114317e+02 1.573219549662686345e-01 1.583235445708553698e+03 7.172297257672952355e+02 4.690286089709780448e+00 2.838203959053236645e+02 1.746752497946403082e+02 4.922648506217497015e+02 4.327690184083339204e+02 0.000000000000000000e+00 0.000000000000000000e+00 8.598106309962166449e+01 1.354764423896964672e+03 4.684044778075471527e+01 1.667493894661726927e+03 8.426219173634356139e+02 4.279039969766436116e+02 2.385231951902323146e+02 9.104418461195083410e+02 1.291952364892746914e+02 1.015530215055642316e+02 9.916048737145598257e-03
3.328807466016681094e+00 9.283890252964660021e+02 2.323488148862675189e+02 5.264054896667738070e+00 4.085456227899957753e+02 3.892728557474844706e+02 4.116250361341587336e+02 8.874279365777046347e-02 7.684140174092676716e+02 9.025525120234862015e+02 6.983498281210371772e+01 5.280013773035672102e+02 6.041204793066190177e+02 8.187591751348503522e+02 1.282698379278664147e+00 3.560146613375742390e+02 1.349714754757547553e+03 1.660897725392848997e+03 7.199879047776415852e+00 1.915809040862186237e+02 1.132053527724344804e+02 3.270813812562315661e+02 2.283391005263350593e+00 1.567620116766319782e+01 3.078397062978705776e+02 0.000000000000000000e+00 8.999141213962218444e+02 2.244910044863404437e+02 1.421306259101500302e+02 4.456828045040151842e+00 1.151826938219862626e+02 3.050395888976199643e+01 0.000000000000000000e+00 1.672911279302475123e+03 1.191468947561528466e+02 4.723128130951355530e+00 5.125447180603503483e+01
1.989319676260170366e+00 9.714760913287191215e+02 2.035457122415659796e+02 1.297333620730398934e+03 8.436099055117169598e+01 1.512496864379640783e+03 1.539761907596252755e+00 1.111760410133087134e+03 2.800994120499305851e+00 2.761678093126344606e+02 1.733998918365792008e+02 1.646219222753110898e+03 1.549742240531997339e+01 6.918750820360651232e+02 5.448547563931817876e+02 4.414272199962503009e+02 1.560965218451378789e+01 4.327487643367754266e+00 8.273560754547897886e+02 3.477393988192538359e+02 1.506549100671892916e+02 1.996029767204721850e+01 7.600917065820934404e+00 2.491582440835036216e+00 0.000000000000000000e+00 1.867215470483466788e+02 5.155221830740649658e+00 1.518556013397080795e+00 8.177706487876141637e+02 2.622830873765253479e+00 2.712073351158530841e+02 1.079307389700616568e+03 1.212777473602044211e+03 1.761351182390436065e+02 2.090458911380860343e+02 4.642314937477790977e+02 1.151024298199154333e-01
6.285104609217821547e+01 3.580354502168497106e+02 3.465426732379930854e+02 1.596295263919591889e+03 0.000000000000000000e+00 1.296616455534047191e+03 0.000000000000000000e+00 1.212375891869045716e+02 0.000000000000000000e+00 1.131944184121162493e+02 1.649140735466190506e+02 5.663924547594914927e+00 6.682704645013518530e+02 2.834045647866672653e+02 4.633735458380206751e+02 2.044232840114844691e+02 3.181458554698863850e+01 0.000000000000000000e+00 1.354781329914015487e+03 2.399747077964851627e+01 1.760406668889087589e+00 3.771474663465018917e+00 4.532965697845844133e+00 0.000000000000000000e+00 1.583954559958230812e-01 9.188703268882554767e+02 4.422778195696175771e+02 1.197671423554886694e+01 1.310015745948012636e+03 1.251066743712028817e+01 1.527770563109343811e+03 7.093794182835403035e+02 6.167712449500143066e+02 2.397300930017858889e+01 1.369249951711210088e+03 6.094824816924852939e+02 4.311488770730982196e+02
5.646156242606755749e-01 1.588919679464694354e+03 1.423474015981734965e+03 4.415033112565948414e+01 3.299966337984555764e+01 1.057045864332676956e+03 9.256644121843795858e+01 2.853941885253227042e+02 4.392129604620907735e+00 9.306234673244004796e+01 9.756289698531310250e+02 1.769234938148952274e+00 3.052411773044653955e+02 1.656481312611750127e+03 2.425467749309118801e+02 0.000000000000000000e+00 0.000000000000000000e+00 4.451295542846706255e+00 1.078562101303330145e+01 3.112362427918277774e+00 1.089862112530132435e+03 5.597552828975493640e+02 2.163784328827605066e+02 2.133610178279678848e+02 3.651350969812291236e+00 4.547205228515690010e+02 2.436759641401048526e+01 0.000000000000000000e+00 1.230747648961581490e+03 1.238333442007299823e+01 1.369699554874166836e+02 1.374669536961689857e+02 0.000000000000000000e+00 5.108959891584160005e+02 3.777484100872468389e+02 3.185361106210312414e+02 5.319774149483396378e-05
3.264969931713253004e+02 0.000000000000000000e+00 8.393569880973518593e+01 2.644179582452360933e+02 2.998148842980709787e+02 6.866592170227676206e+01 6.464925792082385669e+01 4.066142906343737309e+02 5.699072469583109068e+02 3.639148242100657740e+02 3.863434084433740168e+02 1.179053090321805939e+03 0.000000000000000000e+00 3.526213890851859674e+02 1.049870979227704915e+01 6.979488956969906894e+02 0.000000000000000000e+00 4.121585948947661677e+02 1.066797031299606942e+03 9.201667841100412488e+02 2.877688540384189082e+02 0.000000000000000000e+00 4.474376161422463838e+02 1.022975781139621176e+01 7.533957870190505446e+00 0.000000000000000000e+00 2.141811072189238985e+01 4.242494995328221989e+02 1.152284183305668250e+02 1.088759248029459513e+03 1.117987824050460688e+02 4.181041212427035703e+02 3.809528082955844042e+01 1.030844439955133112e+03 1.403409737144139854e+03 8.118667414214520761e+00 3.642085301021880366e-04
4.615212425700478320e+02 4.270575093784714227e+02 3.176674706672752677e+02 1.680224890491367091e+02 7.479882984476346337e+02 3.860488352219618946e+02 0.000000000000000000e+00 1.380538161352437328e+03 1.070855739856424407e+03 4.089019177394413340e+00 3.172917004668269101e+02 9.414615096115379629e+02 1.627228019358703023e+03 4.323331803198022527e+01 1.318228229046693059e+03 8.333765839923399881e+02 6.066950176900494398e+02 1.243418245867241811e+00 5.875736900250948338e+02 4.704159904015627944e+02 0.000000000000000000e+00 2.562110362452688150e+02 4.372519960932752383e+02 3.829603976656452460e+02 7.641432020747587650e+00 1.747820395634085244e+01 0.000000000000000000e+00 9.292490758766850378e-01 7.973898619170616087e+01 6.811503794002213681e+02 0.000000000000000000e+00 4.117644293826502917e+02 4.644492137299573074e+02 9.957416849926387314e+00 4.411555177268066927e+02 5.515951562290091488e+02 8.091531400555139898e-05
1.054401618459260614e+00 4.870907910953510722e+00 3.618440979536838427e+02 9.265477380996011902e+01 0.000000000000000000e+00 1.090169035806357670e+03 7.956549793131592878e+02 4.958996406469122320e+00 6.431360057909830630e+02 1.696694695708708423e+03 1.060131753155959359e+03 1.616785692516338258e+03 9.526201598245629398e+00 1.472738643593207144e+03 6.125733657597006641e+02 6.067610232590765236e+02 4.947476369827219287e+02 1.335419034348155719e+03 7.431902824622868664e+00 9.952650175667626442e+00 1.097433022911450280e+03 7.529413636386174176e+02 1.598448172217084107e+02 2.234280289192548423e+02 1.631397474903383511e+02 1.359563072134892003e+01 3.621960328880459239e-04 0.000000000000000000e+00 0.000000000000000000e+00 9.805610287404345580e-05 4.189305456252100885e-06 1.470186319811312720e-07 6.661458624213233861e+02 1.199435326531875262e+03 1.074882129345331894e+00 4.743278763976222194e+02 1.403231664924315503e+00
2.756787756090310495e+02 1.770389440659407565e-01 3.732888494637907684e+02 1.070998123239304647e+02 5.368994179617821771e+01 4.729693958415430899e+01 1.725692754793014728e+03 6.931050155355538891e+02 3.743646229509062096e+01 1.487309058467634941e+03 8.700097602121732052e+02 6.629828390568819341e-01 6.618655131947567725e+02 1.067299299245546308e+03 1.338605830509131636e+02 7.050270701089905501e+00 1.908243050906667904e+01 2.135588506125033348e+01 7.843970976975761005e+02 1.504885255493381692e+03 5.300232899588899205e-01 2.553359394719067836e+02 1.567289663625572757e+03 0.000000000000000000e+00 1.526823816989943907e+02 1.255768886775752602e+00 2.618148870542185693e-04 3.168512331776546947e-04 3.516471448943179468e+01 5.245096830256980525e+01 6.894195274045621602e+01 4.734371997134597443e+00 8.020479087558445030e+01 2.602161300930346783e+02 0.000000000000000000e+00 0.000000000000000000e+00 6.004650647826065324e+02
6.166760390943502301e+01 0.000000000000000000e+00 4.683675261915396248e+01 1.007576376877611466e+02 1.101928224509252061e+02 1.136508929815221205e-07 0.000000000000000000e+00 1.173003976402955686e+03 9.183256983980550103e+02 1.468243703898144403e+01 1.328405102805714364e+02 0.000000000000000000e+00 0.000000000000000000e+00 6.868423372522134684e+01 4.229049762158203407e+02 3.408236269013186188e+02 1.170419838486309345e+03 5.590257270688025528e+02 2.369391170679774916e+02 2.480766197857385293e+02 0.000000000000000000e+00 0.000000000000000000e+00 1.093573312857384394e+01 1.642372597334114516e+03 8.844602010807683712e+01 1.034766815194178434e+03 1.408231656191049524e+03 5.853056375345272500e+02 2.906088605604028317e+02 5.960833850505566716e+02 7.694971368224622132e+00 8.660160029800118009e-01 0.000000000000000000e+00 9.180224560352718832e-01 7.171125827238917338e+01 4.972290148068491362e+02 1.580160176154194751e+01
8.683914509256078418e+01 0.000000000000000000e+00 2.482634228118034798e+02 2.651541913546949236e-01 0.000000000000000000e+00 1.039732339385885922e+02 3.721084526204607279e+00 0.000000000000000000e+00 5.699142529358059619e+02 0.000000000000000000e+00 0.000000000000000000e+00 4.627531323038890037e+02 3.041286533351215127e+01 1.859450250132343854e+02 1.085897528404680770e+03 3.947161096364260970e+02 1.835190033647396968e+00 2.275218773206994654e-04 1.121848651715042706e+02 1.684288758032380073e+01 3.895225448279102238e+02 0.000000000000000000e+00 7.667055661368533492e+02 1.579937163356447627e+02 5.094911181596371108e+01 1.157769461041487915e+02 7.003792247378263482e+02 9.769435102302605856e+01 3.467828943805545805e+01 8.493461040168488125e+02 1.178602793130583450e+03 6.174293078027707224e+02 1.298642588238861073e+01 0.000000000000000000e+00 1.948694662574524372e+01 4.001105830849293277e+00 8.637731008872531646e+00
2.595556802428596939e+02 4.125087831784277070e-01 4.479337238441644331e+02 2.147268106052397343e+02 1.559539762329155508e+02 9.183765485502257775e+01 4.300280250444951946e+01 7.862343149709266754e+02 1.376576825937168813e+01 1.432021624163630577e+03 6.750628966432196876e+01 0.000000000000000000e+00 1.063216645613519631e+03 0.000000000000000000e+00 5.646520774174341568e+02 6.085219097090443618e+00 7.536822619862677186e+01 7.093441971588125625e+02 0.000000000000000000e+00 2.360277223098665722e+00 3.824344446463362078e-04 3.760891841591933371e+01 6.022252266993315288e+02 4.262721173138492858e+00 1.460423492623234552e+03 2.482703196039410614e+02 8.503213112162484322e+00 7.579515185885071560e+02 1.178997975964089164e+03 6.166458853314427415e+02 6.194575121595333300e+00 6.323626428924949749e+01 1.467346396761128631e+02 0.000000000000000000e+00 6.179470071810090985e+02 1.053767634414957456e+03 5.637527123793684147e+00
