output/example/lateral_incision_000039.asc
nrows	75
cellsize	13.33333333
xllcorner	0
ncols	75
yllcorner	0
NODATA_value	-9999
[rows 0 to 16 of 75, columns 37 to 73 of 75]
7.502961367587193805e-04 0.000000000000000000e+00 4.020924072664800331e-04 0.000000000000000000e+00 0.000000000000000000e+00 0.000000000000000000e+00 0.000000000000000000e+00 5.525900172972106512e-03 0.000000000000000000e+00 0.000000000000000000e+00 0.000000000000000000e+00 0.000000000000000000e+00 0.000000000000000000e+00 9.255328140683416146e-05 0.000000000000000000e+00 0.000000000000000000e+00 3.406494484988912177e+02 7.773896239680702536e+01 1.638932671567318033e+00 0.000000000000000000e+00 0.000000000000000000e+00 8.373029254395878525e+02 2.170076602411976694e+02 3.876115161606607558e+02 5.022033694440563067e+02 9.270076761518872388e+01 1.639761441799737725e+02 4.971400586072146629e-06 0.000000000000000000e+00 5.267006942434419869e+01 1.048169385794283137e+01 4.724478034368194868e-05 0.000000000000000000e+00 1.171760928489934850e+00 0.000000000000000000e+00 0.000000000000000000e+00 0.000000000000000000e+00
1.756536206294911153e+02 4.235891705559774218e-04 1.091569533275524926e-05 5.378437562668199947e-05 3.630565180480008962e+02 0.000000000000000000e+00 9.171028499348058176e+02 4.022313294467396645e+02 0.000000000000000000e+00 4.743027464626772875e-05 3.898638805586060130e+00 0.000000000000000000e+00 4.591000277398487839e+01 1.896901962634336926e-03 6.147309689919144375e+02 4.041139779023879441e+02 1.052706464401811218e+03 4.293598971394060868e+02 0.000000000000000000e+00 8.759548008011663001e+01 1.164401874654580524e+02 4.823115635552365461e+02 0.000000000000000000e+00 2.359474694223332278e+02 1.615479656482528696e+02 1.473348623455931090e+02 5.759269071095228583e+02 9.705886978976743009e-06 3.174979991003321089e+01 3.595333971346759938e+01 2.769643502044647931e+00 5.176973811176477511e+02 5.356355494311496841e+02 6.947543909288482755e-01 3.299352647238887357e+02 3.866405719284156817e+02 0.000000000000000000e+00
3.464588117899519943e+02 7.172320316514678780e+02 2.868331285608616099e+02 7.476247129309795127e+02 2.830957811244513422e+01 1.473234719722879390e+03 1.038499124421662145e+03 3.335583092764195451e-05 4.700239867377783298e+02 2.467616041414593439e-05 2.411232227885818986e+02 0.000000000000000000e+00 1.098270022385933316e+03 3.777298251592618499e+02 1.276167240517851951e+03 1.959000830174105090e+02 1.350571554613946468e+01 1.250342910360260618e+01 8.698765420352771116e+02 2.258360765740697218e+01 0.000000000000000000e+00 5.023603117823329853e+02 1.084247213367798167e+03 4.147492775545980521e+02 8.350001323001326909e+02 4.742854672245132974e+02 4.883203134387369460e+02 1.347563321575256623e+03 6.182032675024535706e+01 2.521043512905923656e+00 7.901761059543805459e+02 6.850486563371603665e+01 9.817112943770216589e+02 1.365997910888512024e+03 2.944810152065836633e+02 2.564440711383591633e+02 4.054206392524881721e+02
3.153429271746617246e+02 9.644801131887975316e+02 8.585711542675992405e+02 2.441034438014584964e+02 1.485658809427596054e+02 1.980562876834645465e+02 0.000000000000000000e+00 8.436398152160652444e+02 5.206935723208224545e+02 4.133442381440878632e-07 9.192105285176518237e+02 1.275249888968428195e+03 8.065982370297136583e+01 7.007352291667141344e+02 3.431712496937766446e+02 1.331027273535885627e+02 5.315856579495557526e+02 8.087043623777283585e+01 9.999830844774098182e+01 1.276894703513583181e+03 1.553123430831415590e+03 2.662013723294599572e+02 1.561546360508898488e+03 6.520491727974379046e+02 2.673871179237413003e+02 4.235709033604491083e+02 3.243610247073864343e+02 7.131356333557693006e+02 0.000000000000000000e+00 5.519589059649540985e+01 1.697022490898417118e+03 9.641333553059388350e+02 0.000000000000000000e+00 1.035892977118061708e+03 3.488846432716828758e+02 8.016094336834866851e+01 5.545577706642811933e+01
1.886636178807318265e+00 9.714688089316273363e+02 4.436471425054960491e+02 3.916182225434160387e+02 1.739181641189654499e+02 3.136423461684652807e+02 1.155615199404910527e+03 1.922420756580097247e+02 4.802209855758071910e+01 6.552049370594929769e+02 1.108746651362478588e+03 7.264101952034045517e+00 9.267358721166016267e+02 3.339146618661077071e+01 1.464148225415455954e+03 7.302531002225663315e+02 1.016094457841676785e+03 2.795702361213753875e+02 1.794970034356579447e+02 2.038691158185657937e+00 0.000000000000000000e+00 2.119961914409468591e+02 3.585543237036090147e+01 9.269966827286243216e+00 1.296522294693872709e+03 1.334637789004354090e+03 1.547060578841754079e+02 6.875708223921783429e+02 9.788449671221290771e+01 1.291814742137457017e+02 1.304815171890208347e+01 3.989938754839336639e+02 6.759431667516075777e+02 1.739556130231301836e+02 1.437440468607729258e+02 5.628220294715822547e+02 2.144468033008935492e+01
4.004993797917275060e+02 4.718772986861868048e+02 1.315257008527466382e+02 5.689521428114129087e+00 1.551014523488050600e+03 1.026030952581576230e+03 5.573100259012779816e+02 0.000000000000000000e+00 1.269019359931618425e+02 7.508528055086769655e+02 1.624205185783305749e+00 1.099963409318340609e+03 0.000000000000000000e+00 7.493303167510426874e+02 1.131954245140405533e+02 3.550888955329536998e+02 9.510920711526019033e+01 1.824481786008237520e+02 2.517623964136085135e+02 5.253677939310930469e+02 2.191455979593882546e+02 1.050323519032039030e+03 1.543942274239027483e+03 6.250997845939135686e+02 2.066812548444441973e+02 1.857454544400554539e+02 1.377039019583752690e+02 7.166504518125628920e+02 0.000000000000000000e+00 9.484165710205651578e+00 1.388901402146616032e-03 9.694581381136525522e+01 2.993629543034459743e+02 4.861059431516578933e+00 4.569744113035733903e+02 3.431869898667973189e+02 4.306511369075060713e+00
2.658235690082557312e+02 9.004571159699086280e+00 1.363989311206518551e+03 1.480288153336128062e+03 0.000000000000000000e+00 9.997728141573604717e+02 2.700318205491520906e+00 1.046632468293790225e+03 2.765066262644581911e+02 1.820062495678324233e+00 4.204463250574902986e+02 1.210700597985333786e+02 9.722149812917481313e+02 9.078607278910557170e+02 8.282334508939611624e+02 0.000000000000000000e+00 7.444322008856516959e+02 7.506323177795765389e+01 1.122767665928527947e-01 1.147015337683860849e+02 0.000000000000000000e+00 4.896100559595640078e+01 1.435647895072083884e+02 9.016978654684590992e+02 9.460653175585908912e+02 5.054096731603141102e+00 1.072179039834165224e+03 1.958178329773124782e-01 3.055110593105530015e+00 3.619879875779796963e-05 4.468492814098038366e+02 2.087112021265365058e+01 5.221870519051043402e+02 4.376684270999342630e+01 1.321778741737061409e+03 1.209601937615162939e+02 0.000000000000000000e+00
5.933504202762456003e+01 1.326286717289182207e+03 8.622576683662202868e+02 9.231026730999021765e+02 1.498485485296957222e+03 6.290639323418833584e+01 7.172267538057656822e+00 4.835495470693304298e+01 1.929995282318509586e+00 2.438176074160006923e+00 1.547026129081222734e+03 1.563058021900452559e+02 3.980794683161729353e+01 7.627782008611555753e+00 7.107494552096108009e+02 9.016686658507562697e+02 1.537986719903173949e+01 7.101997305642498759e+02 4.886645215054830373e+02 4.487201156402487072e+02 3.318376324301942049e+01 8.168307299102137294e-05 6.217274299497653089e+01 8.898787359739136760e-02 1.149598044136236240e+03 1.346816984333297551e+00 2.328498684135238861e+01 0.000000000000000000e+00 1.213945515249506113e-04 0.000000000000000000e+00 6.033330384971251306e+02 4.032429461545399274e-01 7.052099096407797560e+02 4.592431554537630944e+01 1.051829673782996508e+02 2.606436297199842400e+01 0.000000000000000000e+00
3.260578674670687178e+02 3.979327650532977145e+02 1.074899014986004033e+02 1.525315973040945892e+03 2.995005080587511088e+02 4.897816032103998509e+02 2.532596793226455532e+02 1.425970641483061627e+03 8.643616855127143026e+02 3.859623105319510472e+01 6.590964792943441353e+02 7.214445036676016798e+02 2.921913358375820735e+02 2.313198456258387381e+00 6.258342902451101963e+02 9.506267579911996108e+02 4.593191313727514853e+02 7.867891754495398118e+02 1.135045408242494318e+02 8.922154032574443363e+02 3.938999905608771002e+00 1.361158367655138761e+02 8.803397587700685278e+01 1.356568608600197194e+02 6.719883679772909773e+02 2.711892432489635496e+01 1.226884234802933861e+03 4.935910936974898391e+02 2.612198951985685724e+01 2.436172883681510726e+01 4.762330504017985788e+01 9.382159821893460503e+02 2.176902888600392494e+00 1.771993968562375130e+03 7.429410894114231212e+01 6.463239352321461411e+02 0.000000000000000000e+00
5.536599980125946558e+02 1.304196693065882755e+03 1.016787415209349277e+01 1.141940006900319304e+03 1.379953623097202126e+03 9.831600441574512672e+01 7.169502796990150273e+01 1.008822302123092669e+02 2.285603987801297308e+02 1.915103318563901382e+02 7.858112318717727476e+02 6.571698477552367876e+02 3.079369493674773395e+01 1.617684757421607173e+02 3.898190107912088820e+02 9.730010162787998240e+01 2.254577074114344839e+02 1.156962413789598632e+00 1.762269112203814529e+02 6.393396287917508403e+01 2.285611389913304314e-01 3.617261679956872200e+01 5.053006711425221953e-01 1.361073296371068331e+00 5.693443031709144861e+02 2.463871263958534452e-01 3.640992882646893918e+02 6.384673192053074899e+02 1.033015227542173761e+03 0.000000000000000000e+00 0.000000000000000000e+00 7.963631224097840686e+02 0.000000000000000000e+00 1.059840370624504203e+03 7.133118929607994687e+02 4.122606362110262239e+02 0.000000000000000000e+00
1.099685347748104959e+03 1.381738046911930269e+03 1.880349538227873722e+02 3.023842408502025680e+00 0.000000000000000000e+00 3.884015976270924853e+02 1.496249609414722386e+02 4.327537292234582651e+02 6.287784103552712622e+02 6.081814918101026706e+02 7.391163711593415857e-06 6.089289756351578831e+01 1.158797853532578586e+02 1.952434443545434606e+00 1.638016525099914418e+02 2.252067379099350930e+01 5.547983409441759477e+02 1.080260792216775485e+02 7.007856875343331637e+01 6.247479038557278272e+02 0.000000000000000000e+00 1.671002975342724426e+02 5.187259764911806315e+02 3.287331471356453108e+02 2.007993152810666970e+02 3.905787843525160952e+02 3.870724799916803249e+01 1.186823018762188212e+03 1.059151181874282202e+03 2.677671508607018040e+02 8.624287410709536061e+02 2.899759915966679813e+00 0.000000000000000000e+00 0.000000000000000000e+00 8.232290257714992094e+02 1.163486956087713509e+01 4.122690258556100389e+02
2.421171478952567213e+02 1.011476891178259052e+01 9.628991797553875358e+02 1.337476380572586265e+02 3.169533262400244666e+02 2.737628606838842682e+00 7.986897369608779440e-02 0.000000000000000000e+00 9.993857042664134032e-04 3.706197550375188318e-05 2.694665249150798303e+01 0.000000000000000000e+00 2.579582941004981755e+00 1.698552335565448956e+01 0.000000000000000000e+00 1.322744358908522599e+02 9.819324099749908328e+02 1.212541119860572181e+01 2.671006986943366996e+02 6.682853929919311895e+02 7.121476357704237614e+01 2.517608979538272607e+01 1.622797856504320180e+01 1.071357702396980585e+03 2.855541327603791046e+02 1.754380526536441948e+03 4.142272614157780595e+02 0.000000000000000000e+00 1.077542367124967541e+03 1.665963853214585413e+02 5.602979267164511779e-01 4.227307145856149759e+02 9.894100558791834601e+02 3.073773257234728931e+02 1.056950736852384082e-01 1.449813200277030091e+03 1.736250960229366171e+02
5.480788768364440067e+00 7.660596273169983743e-05 1.101378061728048863e+00 8.861715597692133883e+01 3.939113691527998729e+00 4.983776017939754943e-05 5.852744324975675538e-02 2.219693709170043189e-02 6.421606793889085626e-06 0.000000000000000000e+00 1.407011278239136800e+02 1.870243755998038271e+00 5.502310039869732217e-01 1.331509119265623653e+01 9.806808047791607530e-01 8.658818122183244270e+01 1.855800188175713004e+02 6.103284764675799501e+00 1.109007454230177927e+03 8.762433274899366324e+02 1.130143253057664623e+02 9.368478720554602290e+00 1.083449177822839005e+01 6.968272034463891984e+00 8.608372088477223016e-02 1.840464743008061177e+01 1.407546386234768079e+03 1.413841209450495398e+03 1.140696343003391036e+02 0.000000000000000000e+00 1.201927133049676058e+03 3.480846972635521865e+02 6.314230491327856498e+02 5.970928357908306907e+02 0.000000000000000000e+00 1.142917497063006522e+03 1.049068079792610661e+03
1.679744324939028209e-04 0.000000000000000000e+00 6.602127518346834862e-05 2.236280488263703498e-04 9.236189230832451358e+00 1.179278493232235903e+01 2.297587507445724242e+01 2.272104775190402108e+02 3.973924666595236204e+02 8.359661857665983007e+02 2.433034692481597574e+02 0.000000000000000000e+00 1.949736737597194747e+01 2.502665076346167073e-03 7.289461687244028099e+02 7.289560203598614230e+00 2.942503907993131520e+02 2.172857028604278469e+02 1.041833301859154233e+02 6.135688356206976550e+02 5.374602593513396869e+02 1.495494946236313893e+01 4.182398226697603718e+02 9.973294946071852018e-02 2.180686969498754624e-02 3.845574110427655956e+00 7.229300673905619306e+02 1.412434982379296798e+03 0.000000000000000000e+00 1.618541975764708241e+03 2.998994448476243591e+01 8.659908799913533517e-02 1.075082742940601293e+03 0.000000000000000000e+00 8.881868711608237845e+02 0.000000000000000000e+00 4.080214087458213044e+02
2.583426828969222822e+00 2.565383039585252019e-05 0.000000000000000000e+00 6.078827789687890970e+01 3.677881378597344913e-03 4.693937098921450684e+02 4.346177108040952248e+02 1.958079250308501829e+00 5.051622842557449076e+02 1.089862238892967561e+01 4.134672276991888107e-02 3.039491836875722015e+02 5.083023663958845972e+00 8.668677650257843652e+02 8.765937500115931869e+00 7.884884476669803917e+02 3.355097674087967334e+02 1.699024979953804177e+03 1.636464209574354300e+03 2.528043841853353513e+01 9.974435799335307706e+01 1.244767010671592828e+02 9.284330611232716137e+02 9.276073076185276989e+00 4.383428905052055846e-01 0.000000000000000000e+00 5.424159249462122716e+02 2.653611655146092403e+02 2.646624186492451125e-01 8.092333726623954249e+01 1.511841914907164153e+02 1.320159874803073592e+02 4.460665581714575723e-01 3.818439722611043918e-01 1.532209004904756284e+03 6.011755046951839176e+02 0.000000000000000000e+00
7.638518093040913470e+01 2.261878471333951666e+02 2.942781386809014421e+01 2.805816749323740851e+02 2.916967497374869822e+02 1.154175495589159027e+03 0.000000000000000000e+00 5.037262763502515099e+02 9.633845154569411307e+02 6.558167256170113202e-01 5.932280525119615504e+02 4.701157757510866020e+01 3.253809574488386858e+01 1.107422846600969251e+03 9.468803117034035877e-01 3.674512698034095024e+02 0.000000000000000000e+00 6.869645147475882823e+02 1.617953227439978946e+03 8.091273702885843022e+01 5.054078156241860142e+02 2.335247769158300173e+02 1.262670768641632321e+03 1.062577429729008216e+01 1.058618638410255164e+00 1.170757110044449291e+03 9.008928393218900510e+02 2.174596532542062732e+01 1.226232653614165883e+03 1.308168059328451136e+02 1.579280812361324315e+01 1.696219321562244087e+00 1.018150242389955196e+02 1.316433740572985869e+02 0.000000000000000000e+00 1.304957741781690795e-03 0.000000000000000000e+00
2.935778748560484814e+02 5.749877303564048816e+02 1.110580123063048141e+01 1.183196247812879776e+01 2.049806918503435043e+02 1.340897978619150877e+02 1.234078833491260411e+03 1.425059261789527227e+03 1.046035892003348948e+02 2.891155398149093685e+02 1.776492210954894570e-04 7.740189409015473032e+00 1.107276397021240655e+02 6.181779631781937345e-01 3.201601114619624582e+02 2.675863108860992270e+02 4.643902739090165710e+01 2.272930758703774359e+02 1.010732033188551213e+02 2.300963691533138089e+01 1.057304223415639854e+03 1.001724834867066193e+03 9.711171816486872785e+02 7.238385607386411493e+02 4.700258458178290653e+02 1.759805420696902267e+00 2.675638376774278981e+02 4.323500726330267163e+00 1.827220356119113376e+02 1.438238614110904368e-01 1.767680353453429234e+03 3.944902268740185036e+02 9.646933032587163837e+01 7.704729571484912185e+02 1.458051183181194574e+03 7.143892523203043083e+02 0.000000000000000000e+00
