output/example/lateral_incision_000302.asc
nrows	75
cellsize	13.33333333
xllcorner	0
ncols	75
yllcorner	0
NODATA_value	-9999
[rows 51 to 67 of 75, columns 0 to 36 of 75]
0.000000000000000000e+00 0.000000000000000000e+00 2.890589563061827789e+02 7.208156577758752626e+00 0.000000000000000000e+00 3.547590982419662531e+00 0.000000000000000000e+00 8.693026731286572328e+01 4.108541235392871158e+02 5.967795051105461823e+01 7.175455071941699998e+02 7.838415445796869108e+02 7.259571572236878865e+02 4.721430692579608035e+02 8.170623344568640789e+01 1.954737604386767487e+02 1.346435163231368961e+03 1.531582540776927601e+02 1.366141965773675793e+01 1.486062865862993192e+02 1.320545715437547507e+01 1.363783694345685717e+03 4.704415088519295551e+01 1.561515966251749887e+02 1.342431519484325463e+03 2.989551295473425085e+01 1.621617448182279020e+02 1.003410815248555021e+00 2.605453829577686520e+02 8.165392994560944544e+02 6.248668170865129241e+02 2.740155357974855406e+02 1.508333912133488468e+02 1.061350677225012532e+03 0.000000000000000000e+00 0.000000000000000000e+00 1.334518651196087603e+03
0.000000000000000000e+00 7.907361908213632660e+02 3.664309173940798559e+01 6.851392747955642335e+02 2.626446358132513481e+01 1.212027575480543184e+01 1.800674628102402153e+01 5.257813089022730537e+02 1.999887412828235540e+02 2.545108256958491211e+02 4.167161748309089830e+02 5.247606903751616869e+01 1.595936993516729103e+02 2.020864108095898715e+01 6.235939350898648854e+02 1.614176970567385183e+02 6.874472012425958383e+02 2.541613083608781215e-02 3.335278556900748725e+01 0.000000000000000000e+00 2.214000383913001997e+02 3.823727350964633729e+02 4.941564495363611798e+01 7.992107887298302558e+02 9.848659154212524527e+02 1.077867125706940442e+03 0.000000000000000000e+00 1.913491384085026823e+02 9.129824217927033487e+02 1.104183141042223951e+03 0.000000000000000000e+00 9.298441139299545739e+02 8.513603691325871523e+02 1.307575053166487805e+03 5.720006396540105698e+01 1.471395840398159407e+03 2.327745910114908945e+00
0.000000000000000000e+00 0.000000000000000000e+00 9.459417767999867692e+02 5.634557867961204920e+02 7.635179737603209560e+01 0.000000000000000000e+00 2.453215292880573770e+02 1.082688793533472165e+02 7.059069917194769914e+02 4.295334843254496349e+01 1.633670100179542430e+02 0.000000000000000000e+00 6.008989758981638261e+02 0.000000000000000000e+00 1.676271419665921712e+03 9.521109628857324481e+01 1.153984732884066943e+03 6.994418761547347003e+02 5.202781583387628643e+02 6.275679562671459735e+02 2.445202120844353715e+02 1.665393009655726019e+03 1.202312302442027203e+02 3.563253337436785841e+02 6.214794345452800144e+02 9.702358048886047754e+02 1.648187965097089247e+01 7.290786222596804578e+01 2.626267425626642282e+00 0.000000000000000000e+00 8.185556570324911263e+02 4.184493638483696714e+02 4.844800606709183910e+01 7.576384807593631969e-03 9.904254125683722805e+02 2.023932500102040876e+03 3.432815577049944977e+02
0.000000000000000000e+00 4.685358024101186629e+02 1.897802976977255867e+02 3.754786415378038100e+02 1.003639481246951419e+02 1.468499685502877294e-01 6.647689567259106980e+02 5.695967470807664768e+02 5.059825537902456176e+02 2.928543280301918728e+01 3.196587267258320963e+01 2.788415127178438624e+01 9.736312692935579207e+02 7.892843300024421751e+02 1.149756537203226344e+03 1.228944031254517171e+02 6.876929804745867614e+02 4.369069496898618468e+02 6.035288159384410847e+02 5.882629406181986553e+01 2.904587083411777826e+02 1.205760458159618793e+03 1.674114128319306394e+00 7.631224433727807082e+02 6.638947100290552044e+02 1.121384084502811902e+03 0.000000000000000000e+00 1.638388662978993580e+02 7.801392067586712074e+02 7.387946674803814631e+02 4.832006873849327349e+02 0.000000000000000000e+00 1.748524477800086515e+03 9.815081987130395191e+02 1.353758157833496853e+03 1.290131475216752051e+03 4.343167007280457348e-01
0.000000000000000000e+00 2.194223300105526409e-01 3.257333326982363815e+02 8.841986080475909375e+02 6.286304730435276156e+01 4.521875720358566468e+02 1.563668452630973249e+01 3.550165514109810516e+01 8.781792632385104298e+02 0.000000000000000000e+00 8.519964721384641280e+02 2.404283581889425647e-01 1.081712209767657669e+03 3.617965378073358806e+02 1.587689112116145679e+03 1.007897697687458987e+02 3.985587497260158898e+02 1.492308040541434195e+02 7.827299241093310229e+02 3.326003936477926004e+02 3.833076112619017977e+02 1.952742978704954879e+01 7.557681941537572357e+02 0.000000000000000000e+00 1.167084634262446387e-02 1.426714439635194953e+00 6.896793553936744274e+02 0.000000000000000000e+00 6.770077934896812621e+02 4.273213513175885510e+02 3.482918440696647910e-01 6.317142030957038514e+02 1.550330887043226539e+03 2.511145682104000230e+02 1.446811826464037722e+03 1.985955824188056340e+01 1.227462455113891110e+03
0.000000000000000000e+00 9.833084738499155719e+02 1.490806773626644315e+02 2.006360639539290602e+01 5.850776520653425905e+02 9.690405363437307642e+02 7.153044252983319211e+02 1.354642620108650590e+03 1.062692998273880448e+03 2.520369851625043793e+02 0.000000000000000000e+00 8.336563538417852970e-02 7.227125269419608458e+02 0.000000000000000000e+00 8.502233550611629198e+01 4.631263364239802058e+02 2.260412253270573899e+02 1.651695764508643305e-01 1.157625013257892022e+01 4.041751672229368069e+02 9.609669159327290799e+02 9.361622733105566851e+01 8.397189815348889752e+00 1.398282067381749812e+03 2.088786881787573435e+00 3.264594612043867983e+02 6.256468432468146830e+02 8.260638307105316471e+02 6.612242424355822550e+02 1.552177776528587350e+00 9.215661178369798563e+02 9.801584168650202855e+02 6.536760721829939484e+02 4.504135754654653852e+02 4.364777883314977771e+02 1.750354769186900228e+01 3.677224556336511228e+02
0.000000000000000000e+00 9.619356412307047322e+02 5.027531536334190605e+02 1.446409176245222397e+03 1.829223734860589756e+00 4.114183949087208703e+01 1.542198814262373787e+02 2.779158050825379860e+02 0.000000000000000000e+00 1.097170199875765320e+03 4.078815930861843526e+02 3.792214054964321690e+01 1.190451613165452756e+02 1.764771258511586325e+02 1.248697427732506782e+02 1.308891905502564441e+03 1.646509632454074890e+00 5.457855214954265648e+02 1.653486465550381581e+02 2.195763816655060054e+02 2.279120260934512032e+01 3.155607928228434957e+02 3.164871866213262592e+02 5.068548499194731107e+02 6.203122261999035345e+02 1.157814678989460111e+00 2.870828556425449847e+02 6.981473997651673926e+02 1.685452527582143745e+01 3.176363517064107782e+02 0.000000000000000000e+00 2.273115445904581122e+02 1.481802567895267657e+02 7.937024875439256277e+01 1.163994582603209835e+02 7.920882149840510422e+00 5.705943592803126307e+01
0.000000000000000000e+00 0.000000000000000000e+00 6.866840919652740922e+02 3.572355757410036148e+01 1.373857186242406215e+03 9.577502565308599287e+02 1.742951382305157949e+03 1.115547608088873858e+03 1.541865305947552542e+03 5.627214368398579154e+02 2.255353997290404777e+02 1.643585396076004956e+00 5.908681542985053738e+02 2.949842977819448038e+02 0.000000000000000000e+00 3.890225890982231931e+02 4.202883167583947852e+02 1.228223595688836234e+01 1.047821442274503845e+01 8.874665562245735373e+01 2.365767137621620364e+01 1.180460534441697291e+03 0.000000000000000000e+00 7.577756257913139279e+02 0.000000000000000000e+00 0.000000000000000000e+00 9.219459147767830043e-01 5.546250555011664574e+02 1.495107921569709788e+02 5.139738828218268054e+02 5.075690730704785096e+02 0.000000000000000000e+00 5.454399479199820178e+01 4.421233251661715258e+02 2.432488070500466506e+02 2.414673977053902121e+01 1.302474065084945209e+01
0.000000000000000000e+00 1.159645575625704851e+03 3.530527867725173223e+02 8.385300030332948609e+02 1.152901889031026258e+03 2.768988743095517080e+01 8.778499867984942284e+02 1.037899728503263532e+03 1.014776045690537217e+03 5.651305230937402939e+02 4.939629663524234502e+02 6.020818290276183689e+02 0.000000000000000000e+00 3.481676312438144549e+01 1.106008243604370136e+03 2.317407222609632811e+02 1.112373664542453298e+03 6.318901773328589115e+02 9.047891649173465112e+01 7.288362560269385995e+02 6.149516091715879540e+00 1.732344602451715900e+03 1.689556163887402818e+03 9.978341114976516337e+02 5.273208220872224956e+02 2.637164898847756067e+00 1.112543216945978884e+03 2.519865426754845572e+01 1.347932964026777427e+03 1.938724054770146665e+02 1.125703771931632218e+03 3.198559990881860244e+02 0.000000000000000000e+00 0.000000000000000000e+00 3.883175792276583138e+02 1.746593788157413485e+01 1.231609627626259318e+01
0.000000000000000000e+00 1.471984053619029964e+03 1.611762127255315136e+03 1.372141698737527520e+02 8.382899945610699888e+02 2.355076116683167413e+02 3.720856978713057117e+01 2.445228698189342964e+00 0.000000000000000000e+00 7.042805459272869939e+02 1.991473546451658549e+01 7.934951986730166027e+02 2.925150480663438088e+02 1.037087567764742289e+03 3.339992134477720924e+02 5.006349351395377312e+01 9.520856259295842392e+02 8.772139159677548150e+02 0.000000000000000000e+00 9.467035083570403913e+02 1.193797521448590032e+03 0.000000000000000000e+00 3.763005577956793357e-01 8.489549647860412733e+02 6.733914624530299307e+02 2.245631042667326085e+02 2.176589045517975762e+02 6.548996562982033254e+01 3.199318808292504741e+02 4.991007263822235984e+01 1.267285797076614472e+03 5.060527117638634422e+02 8.821148483489585246e+00 5.011535931183138359e+02 2.401847287185781852e+02 5.563108816954235181e+02 1.811025308773789106e+02
0.000000000000000000e+00 1.513694150203636624e-01 3.846323080283650664e-01 1.780264600085696998e+02 3.148812583449329949e+01 3.245445769563701788e+01 8.773309016128847588e+02 8.837907686767199493e+02 6.840451649214702279e+00 5.138290188921306623e+00 3.211785945314345554e+02 1.442412255440900935e+03 2.654536036083558770e+01 1.548857953572025735e+03 7.876537478799855307e+02 1.461444945082164493e+00 5.697009713438112612e+02 2.880789529659093162e+01 5.294091114243929042e+01 6.847030140684818207e+02 2.821661480178487835e+01 7.423412345694081296e+02 1.080808554709301461e+03 2.576190239367728054e+02 7.191354905124561583e+02 4.197207220177515410e+02 4.650644019766369865e+02 0.000000000000000000e+00 3.307994694637323505e+02 2.743133078414327315e+02 7.472590163510982393e+02 7.106060624102805434e+01 0.000000000000000000e+00 7.375150828584911267e+01 1.486529318291598827e+02 2.468034488720126873e+01 5.037527657635928335e+02
0.000000000000000000e+00 4.647454177928590298e+02 7.160084144852136205e+02 2.381606029242397540e+02 1.164748432594120004e+03 7.502438128459443760e+02 0.000000000000000000e+00 6.611360444458501888e+02 3.880302355358095383e+02 6.683375021675910830e+02 6.964053713105040515e+02 1.589993904380113179e+02 5.101077362096410184e+02 3.521485217125598410e+02 5.167782052303712135e+02 1.767245404685296819e+02 4.339877005341828919e+01 5.621749718278998671e+02 1.460794482292781424e+02 1.045392238655928674e+00 9.133634435279431045e+02 0.000000000000000000e+00 1.243015484195683484e+03 0.000000000000000000e+00 1.571945726100943519e+00 3.666843455893283590e+02 2.795236198375155823e+02 2.990612686282626100e+02 8.093476041960130374e+01 3.060054912643853653e-01 1.105403920166419738e+02 1.524095753335632253e+02 8.527750910179161110e+02 3.043130056347498069e+01 1.102084130091603129e+03 4.813008459896878435e+02 3.768190291297902377e+02
0.000000000000000000e+00 9.992694885269776250e+02 1.247518196872810904e+03 9.416780413937304957e+02 6.940139009129296710e+02 4.009449877365535144e+02 3.089435970999200549e+02 6.586511052020478019e+02 0.000000000000000000e+00 8.692735676147872255e+02 7.308932032427148897e+02 0.000000000000000000e+00 2.691468408625781308e+02 5.043306128446888579e+02 1.162551210836811379e+03 3.565623086614344288e+02 4.174482405636699589e+00 4.250786803263099500e+02 1.205392729587328631e+03 1.024153848945662872e+02 1.669391275742244034e+03 2.186411954154562665e+01 3.142788210929943489e+02 7.535290963859346220e+02 1.615149238345750064e+03 2.637852553118009382e+02 2.084619195284186333e+02 1.489525511014469146e+02 7.272180087760391416e+02 2.929351307133538853e+02 3.119534239067374983e+02 1.246794991458194772e+02 2.035766560958306286e+02 5.559129788973059476e+02 8.568749615182206298e+02 1.108341501958706658e+03 2.742231835273442719e+00
0.000000000000000000e+00 1.996626668565377258e+02 8.118626269779149425e+02 1.749382672475454683e+02 3.745638250100064397e+02 1.027410772519400780e+03 1.973428075009066163e+01 3.544847888090449040e+00 8.885787255307016039e+02 2.142174153944222326e+02 1.799563071642167813e+02 6.246403620544346040e+02 0.000000000000000000e+00 1.213697668586967211e+03 1.947576926982786176e+02 4.878608581561804272e+02 1.324562277778246333e+01 7.665826129950677341e+02 3.559464100257389418e+02 7.964853684255103872e+01 1.505439673674658820e+02 5.034967893504525591e+02 2.055642181341130197e+02 8.168499053890282084e+02 1.313139533470397737e+03 1.012035121141322236e+02 1.333912605375003977e+03 2.923447471464255045e+02 6.623734052611048639e+01 2.642801159355922778e+02 2.278153932263224704e+02 4.586127710279097158e+01 2.396147928785937253e+01 1.269201118681354046e+03 8.164778741832515152e+02 6.953027581817570191e-01 1.518124859819904259e+03
0.000000000000000000e+00 1.466905649356795607e+02 2.623580376811410556e-03 2.285454701934671107e+02 5.061800881236237615e+02 1.650511123112818623e+01 1.674905604521342184e+00 1.676777033359709094e+03 1.011766864626376446e+03 7.597192991078247815e+01 1.645883272965051901e+03 6.477682923245356506e+02 3.569977409455219117e+02 2.846180996087380208e+02 3.913161372630766550e+02 8.763770725553064267e+01 3.759016512597860515e+00 6.980548615782591924e+02 1.059484493405418704e+02 2.670746096172657644e+02 1.063924877348190421e+03 6.399285865274825937e+02 0.000000000000000000e+00 7.281533036709832913e+02 1.058309497199711586e+03 4.641059326768500171e+01 4.631638968609548215e+02 5.856542085177125045e+02 4.256375024341887414e-01 3.925454411249047482e+00 7.387324778758963930e+02 6.415731397607623876e+01 1.426613693512873169e+03 2.924989130823939263e+02 0.000000000000000000e+00 1.245369270102921746e+03 8.498045665234714079e+02
0.000000000000000000e+00 0.000000000000000000e+00 1.775528748151364653e+03 4.814915071010258174e+01 8.092902854062893994e+02 1.437155106796881910e+03 6.007487500571035071e+02 1.722695111065753963e+03 1.989590195224842373e-01 6.118629678966140091e+02 6.908872656471454832e+01 1.513881439519504646e+01 1.758169509082828483e+02 1.391083118960704041e+03 2.996121523375061315e+02 2.637544212325733497e+02 4.207057793106344548e+02 2.338267155160894504e+02 3.898711972473947753e+02 9.890754066179802066e+02 2.984244616805441979e+02 5.774379027347851689e+01 4.357954506069563081e+02 9.083970282964994567e+02 8.517070772638851039e+00 1.219451276588478379e+02 5.049666922031109948e+02 2.789370277601126880e+00 0.000000000000000000e+00 3.666140733477845970e+02 1.704379601467378507e+03 1.017818896952396585e+03 1.696699101201902977e+03 7.151009169883761274e+01 0.000000000000000000e+00 8.685628464648206091e+02 2.093617612031428621e+02
0.000000000000000000e+00 2.251416078204224789e+02 1.001983846721341678e+02 8.751438567656606438e-01 1.004593935719838127e+00 2.151427102057450469e+00 0.000000000000000000e+00 0.000000000000000000e+00 3.660349256921653023e+02 0.000000000000000000e+00 0.000000000000000000e+00 6.853278409865816911e+01 1.870605763854352688e+02 3.104132534207297454e+02 1.162226967193808065e+02 6.917008975795347396e+02 8.349748240606901390e+02 4.540250963941447537e+01 8.042235444159317694e+02 7.616436139618794243e+01 1.697824901698691136e+01 0.000000000000000000e+00 5.961785441974973310e+02 2.162357004360332979e+01 2.229953476126906367e+02 2.498133353847025830e+02 0.000000000000000000e+00 7.845184291007875572e+02 1.183300722834925864e+03 2.809382323083415258e+02 1.870180725645187225e+00 5.769241451405492427e+01 1.451096653494758755e+02 6.547860277579979993e+02 1.279048047057065318e+01 3.329975901115756187e+02 2.232277890778951814e+02
