output/example/lateral_incision_000281.asc
nrows	75
cellsize	13.33333333
xllcorner	0
ncols	75
yllcorner	0
NODATA_value	-9999
[rows 51 to 67 of 75, columns 0 to 36 of 75]
0.000000000000000000e+00 0.000000000000000000e+00 2.172948888081138463e+01 7.208156577758752626e+00 0.000000000000000000e+00 3.547590982419662531e+00 0.000000000000000000e+00 8.092657881329887459e+01 5.666598436826454872e+02 8.128777950078218737e+02 2.472627901444485872e+02 2.112576467499596902e+02 7.259571572236878865e+02 4.721430692579608035e+02 8.299667886982088021e+02 6.979994947112409420e+00 1.584712631447388276e+03 7.386846699742452560e-02 1.366141965773675793e+01 3.800787838875550051e+01 1.320545715437547507e+01 4.729037579672082074e+02 6.276673075687969003e+02 9.747594513175132036e+00 1.411300079516300684e+03 7.715671732567462868e+02 2.457148008080323223e+02 1.239800028356132998e+03 3.630068632776807362e+02 0.000000000000000000e+00 0.000000000000000000e+00 0.000000000000000000e+00 0.000000000000000000e+00 0.000000000000000000e+00 7.864583948287431667e+02 3.146251836716514845e+02 7.623977948975639265e+02
0.000000000000000000e+00 7.592783515362665412e+02 1.959310563663223448e+01 6.833114564298591631e+02 1.887792361540082098e+01 1.212027575480543184e+01 1.800674628102402153e+01 5.257813089022730537e+02 4.619304271511721254e+02 4.836396538855154859e+01 1.614245331783870654e+02 1.155600454216920525e+03 1.595936993516729103e+02 1.847850695026811962e+01 1.269700104867526306e+03 1.325118385700588064e+01 9.420279194837884233e+02 2.541613083608781215e-02 3.335278556900748725e+01 0.000000000000000000e+00 2.214000383913001997e+02 3.799655722778884410e+02 9.954759490667918209e-01 7.326471755569119182e+01 8.499707878931998266e+02 9.676659024458446083e+02 1.085256325746875063e+03 1.977296816152149528e-01 9.117060635971607780e+02 2.448647464152524833e+02 1.142439727300404257e+02 1.063160857726137692e+03 0.000000000000000000e+00 1.079703442369869663e+03 0.000000000000000000e+00 3.495430719562673403e+02 0.000000000000000000e+00
0.000000000000000000e+00 0.000000000000000000e+00 9.457706435940004894e+02 2.150218293013435016e+02 4.012254869386444511e+01 0.000000000000000000e+00 2.453215292880573770e+02 1.082688793533472165e+02 4.246112068452686117e+02 0.000000000000000000e+00 4.429436287151284546e+02 6.523511652180849296e+02 6.008989758981638261e+02 0.000000000000000000e+00 4.919919501684395158e+01 0.000000000000000000e+00 0.000000000000000000e+00 6.207465668086911137e+02 5.202781583387628643e+02 6.275679562671459735e+02 2.304140848756141509e+02 2.045112720545839977e+02 1.575444833801208411e+01 1.436998601462521265e+03 6.214794345452800144e+02 8.982074697680959616e+02 1.335100732003561497e+01 1.016972301747171903e+00 1.805949727378678649e+00 1.046379272301658830e+03 3.517144009491900647e+01 2.715106638277464235e+00 8.306947836750364331e+02 1.292745242485530298e+03 3.315755138199738212e+02 0.000000000000000000e+00 1.159837538931200697e+03
0.000000000000000000e+00 1.418954973484450420e+03 6.917937568937840069e+02 2.986066902107717738e+02 1.354259301737947908e+03 0.000000000000000000e+00 6.647689567259106980e+02 5.695967470807664768e+02 1.876735449024646130e+02 7.713110086615000860e+00 9.552625998728244667e+02 2.518415125664688503e+01 9.666537553603577635e+02 7.892843300024421751e+02 4.581616959789545973e+01 9.276744365608784904e+01 1.061909258041431940e+03 4.368696119431044167e+02 6.035288159384410847e+02 5.882629406181986553e+01 2.499140366204106272e+02 4.340679289072496516e+01 0.000000000000000000e+00 7.108200455045140416e+02 6.430056228971163819e+02 1.121384084502811902e+03 0.000000000000000000e+00 1.611461421798495337e+02 0.000000000000000000e+00 4.354716912775829201e+02 1.317002922611731908e-01 6.423105983553406304e+02 2.548730760646685667e+02 8.176169415804539540e+02 3.865584529576481145e+02 3.458101359009020825e+02 8.755405252207108902e+01
0.000000000000000000e+00 1.317218171641719664e+03 4.208301656625198461e+01 4.542546577749039898e+02 7.259257615232270382e+02 1.771315636841114156e+03 1.563668452630973249e+01 3.550165514109810516e+01 8.781792632385104298e+02 0.000000000000000000e+00 8.519455151520131722e+02 2.404283581889425647e-01 1.081712209767657669e+03 3.580066496851085276e+02 9.186738983210300376e+02 2.732256801918635603e+01 8.822823036964815628e+02 1.492308040541434195e+02 7.827299241093310229e+02 3.326003936477926004e+02 8.259177185468985272e+00 6.738185540164344047e+02 3.759551268198422225e+00 1.124679623072635763e+02 9.197680702291827401e+02 1.426714439635194953e+00 6.896793553936744274e+02 7.697518718050416737e+02 1.040205425231155232e+03 7.112314077591370278e+02 1.618776835434688621e+02 9.731193434854011457e+02 9.559919952345765068e+02 2.511145682104000230e+02 4.877810176053352507e+02 5.161367725695028552e-01 7.510689853271641141e+02
0.000000000000000000e+00 0.000000000000000000e+00 1.771048000434434243e+03 1.372231019444438793e+01 4.045983413256595895e+01 2.601377153890664431e+02 9.774621528585120132e+02 7.125289854334555457e+02 3.769097889580791048e+02 2.520369851625043793e+02 0.000000000000000000e+00 8.336563538417852970e-02 6.721031187439585892e+02 3.611010214514064955e+02 9.036652125055367151e+02 4.514999787014251531e+00 7.126476139184741214e+02 0.000000000000000000e+00 1.157625013257892022e+01 4.041751672229368069e+02 0.000000000000000000e+00 6.928392327084476392e+02 0.000000000000000000e+00 1.667335707337427493e+03 0.000000000000000000e+00 3.264594612043867983e+02 6.256468432468146830e+02 8.231349427040801174e+02 4.923503390668929569e+01 9.926006210364100752e+02 1.405866564884028094e+02 5.293477818528899661e+02 6.535993318070113673e+02 2.768834558541211663e+02 2.682399071302987181e+01 4.688055930278835604e+02 1.495657825647432659e+01
0.000000000000000000e+00 9.014844514667848898e+02 2.120823818487121759e+00 3.556580200083335797e+01 5.324349880492846978e+02 1.277559347925672682e+03 1.018359003761619306e+02 1.098941337699838670e+02 0.000000000000000000e+00 9.381531602044019564e+02 4.078815930861843526e+02 3.792214054964321690e+01 1.190451613165452756e+02 3.626253708348075588e-01 5.539277049007776399e-02 6.930226278730713148e+02 1.124505256274568543e+00 5.351193143505594207e+02 1.585656282718501586e+02 1.436674107958085358e+02 1.526581006199533874e+02 3.908557815143532821e+02 4.653655383496764841e+01 7.044160121617142067e+02 4.450518929188909283e+02 1.157814678989460111e+00 2.870828556425449847e+02 6.342932185368052842e+02 1.277365017834812306e+03 8.736178523702213852e+02 8.286725111551666245e+00 1.037128574697393560e+03 1.477173468676461425e+02 0.000000000000000000e+00 6.039791021546680322e-02 4.918450601646321161e+02 3.673068933672257685e+01
0.000000000000000000e+00 0.000000000000000000e+00 6.866840919652740922e+02 0.000000000000000000e+00 1.071257254426036297e+03 7.986682904758372104e+01 1.336492007810644282e+03 2.683491726005809710e+02 7.354028117518197405e+02 5.627214368398579154e+02 2.255353997290404777e+02 1.643585396076004956e+00 5.908681542985053738e+02 3.075509951025717115e+01 9.642640433501602502e+02 3.880239705658450475e+02 4.202883167583947852e+02 1.072298810174368899e+00 4.297501997352630383e+02 5.033118922985750601e+02 5.281771235593412257e+02 8.029169669109310803e+01 4.202393540035253494e+01 2.877994180686623622e+02 9.199502477407916103e+02 0.000000000000000000e+00 9.219459147767830043e-01 5.466695016495934851e+02 7.722648719845800542e+02 9.425893007249607081e+01 9.929645222553140229e+02 5.841067275358093411e+02 3.043888798260612560e+01 4.421233251661715258e+02 2.432488070500466506e+02 5.274410136505471414e+00 1.302474065084945209e+01
0.000000000000000000e+00 1.159645575625704851e+03 3.530527867725173223e+02 8.385300030332948609e+02 1.140195088098200813e+03 1.417497481154629035e+01 8.778499867984942284e+02 1.037899728503263532e+03 1.014776045690537217e+03 5.651305230937402939e+02 4.939629663524234502e+02 6.020818290276183689e+02 0.000000000000000000e+00 3.481676312438144549e+01 1.106008243604370136e+03 2.317407222609632811e+02 1.112373664542453298e+03 6.317850211456423040e+02 1.582911432851021516e+01 7.033011536178576080e+02 1.397362762700195617e+03 6.830775817191542956e+02 2.477039806074292638e+00 4.306883073926974816e+02 5.210932891625614047e+02 2.637164898847756067e+00 1.112543216945978884e+03 2.519865426754845572e+01 4.177262587807674663e+02 1.217865158331553133e+01 5.293988392873847033e+02 3.149691827248529989e+02 0.000000000000000000e+00 0.000000000000000000e+00 3.883175792276583138e+02 1.746593788157413485e+01 1.231609627626259318e+01
0.000000000000000000e+00 1.088261674378962198e+03 8.386083052415924044e+01 1.257505717024133673e+03 1.056691371836829774e+02 7.704434778232867131e+01 3.720856978713057117e+01 2.445228698189342964e+00 0.000000000000000000e+00 7.042805459272869939e+02 8.533588322959101191e+00 7.934951986730166027e+02 1.023570314996141946e+02 1.037087567764742289e+03 3.339992134477720924e+02 5.006349351395377312e+01 9.520856259295842392e+02 8.772139159677548150e+02 1.322380007672207057e+03 1.850649863380930640e+02 1.056457972357067774e+03 6.956345658362325324e+00 1.534010841276195379e+03 3.999794504413050333e+01 3.156661276637241258e+02 2.242004279266656113e+02 2.176589045517975762e+02 6.469778636450639908e+01 2.593279599139338032e+00 0.000000000000000000e+00 1.129541896882873289e+03 5.060527117638634422e+02 8.821148483489585246e+00 5.011535931183138359e+02 2.401847287185781852e+02 4.094422104693074402e+02 1.730799099358528679e+02
0.000000000000000000e+00 1.300590967783097767e+03 4.069731473173300742e+02 8.988175554805803102e+00 4.731249750376508132e+02 5.098081245786011095e+02 8.772382454648992507e+02 8.837907686767199493e+02 6.840451649214702279e+00 0.000000000000000000e+00 1.753814432491710420e+02 1.108173726456348504e+03 5.033384730541640369e-08 4.272298322702283144e+02 1.851816976117884650e+01 1.461444945082164493e+00 5.697009713438112612e+02 2.880789529659093162e+01 5.189660511354971817e+01 3.553794126265994180e+01 4.339933001385934972e+02 6.412988905680381890e+01 1.063651699139812081e+03 1.607709561353902700e+03 2.346178575619185480e+01 1.400310193288214350e+03 3.701402959846071781e+02 0.000000000000000000e+00 3.307994694637323505e+02 2.743133078414327315e+02 7.472590163510982393e+02 6.837714106736210340e+01 0.000000000000000000e+00 7.375150828584911267e+01 4.864778643444101647e+01 4.353759818448787122e+00 2.176779191345248421e+02
0.000000000000000000e+00 2.982506990178063200e-02 7.390118204569892102e-01 9.584088005183913310e+02 6.579151006403425299e+02 7.322583399413593952e+02 0.000000000000000000e+00 6.611360444458501888e+02 3.868753645454153798e+02 4.795328515545914456e+02 1.187610351128540060e+03 8.417420970606638093e+02 8.291660459626390534e+00 0.000000000000000000e+00 2.531583982092054441e+02 1.767245404685296819e+02 4.339877005341828919e+01 5.621749718278998671e+02 1.175591621863344471e+03 4.666688987122182652e+02 1.376582972676805809e+02 5.824343153647214422e+02 1.093755596018961569e+03 3.995401637401459425e+02 5.519148602073581600e+01 3.663301275295528967e+02 1.493736081928707382e-01 1.544557943803828550e+02 8.093476041960130374e+01 3.060054912643853653e-01 1.105403920166419738e+02 1.495468752808083650e+02 5.992829899688647401e+02 2.080515423123201924e+00 8.253167888532822190e+02 1.049235164263618572e+03 7.717533465521553637e+01
0.000000000000000000e+00 3.509112859729335696e+02 4.081966681191161115e+02 9.416780413937304957e+02 6.940139009129296710e+02 4.009449877365535144e+02 3.089435970999200549e+02 6.567883896987927983e+02 1.217534929989707507e+03 3.348095923640985205e+01 0.000000000000000000e+00 0.000000000000000000e+00 1.396443768743253713e+03 4.746251934048038379e+01 9.555925891171816602e+02 3.565623086614344288e+02 4.174482405636699589e+00 3.974650606450126702e+02 4.793862802832973102e+02 7.256030007583436827e+02 8.525029031822231218e+01 1.040091698143330632e+03 3.142371343965228334e+02 1.855323577924203278e+02 3.711610810458896026e+01 1.640771068026795319e+03 3.076574409923086932e+02 1.489525511014469146e+02 7.252555647458437988e+02 2.929351307133538853e+02 2.952548847648884589e+02 8.320459151496517052e+02 0.000000000000000000e+00 7.725061223380060937e+02 5.269180615163413677e+02 1.714681046231014605e+01 3.998468209591506728e+00
0.000000000000000000e+00 1.996626668565377258e+02 8.118626269779149425e+02 1.749382672475454683e+02 3.745638250100064397e+02 1.027410772519400780e+03 1.973428075009066163e+01 6.068322688704000933e-01 2.411445336104257535e+02 6.408729700417700315e+02 9.114397577010959139e+01 3.468727321787288247e+02 1.597170126813625757e+03 2.655325752796209144e+02 8.697814872739538714e+02 1.745845834324251769e+02 1.324562277778246333e+01 7.665826129950677341e+02 1.428362091782985317e+03 1.136035794277812329e+03 3.308211794405860218e+01 1.195233230140340538e+03 2.044770593758232735e+02 8.919795533610900407e+01 1.398665118691420957e+03 9.387729002479446194e+00 2.508160819389231051e+02 2.780973271454720930e+02 6.623734052611048639e+01 2.550580934791961738e+02 2.130824240948981014e+02 4.161677312210434252e+02 6.516406524237365829e+02 4.089506134832811313e+01 2.490500968215583555e+01 1.523970453069810276e+02 6.183726319611793087e+02
0.000000000000000000e+00 1.298575203949383194e+02 2.623580376811410556e-03 2.285454701934671107e+02 5.010364241680184705e+02 0.000000000000000000e+00 1.674905604521342184e+00 1.134354032434903729e+03 4.094398984549204670e+02 5.352098358827666402e+01 5.938278251713594500e+02 1.635607182674179285e+03 1.067754620652857644e+00 2.846180996087380208e+02 3.672866256161817091e+02 8.547828036509476135e+01 3.759016512597860515e+00 6.980548615782591924e+02 7.866827911415401786e+01 2.346798974095273422e+02 8.769153020221662018e+02 1.936713647208155180e+02 5.978244497410454414e+02 3.552424897976836178e+02 1.768411833489791718e+02 9.178978156798370591e+00 9.390760425908883917e+02 5.856542085177125045e+02 4.256375024341887414e-01 0.000000000000000000e+00 1.092971605257362853e+03 1.297841803422940075e+03 4.866124701367547267e+00 3.788997549211444937e+00 8.072645313715771636e+02 7.676324610687918266e+02 5.021290790170837570e-02
0.000000000000000000e+00 9.784847361716994101e+02 1.018343070412774523e+03 1.639192752821248291e+02 1.337055500516673874e+03 4.885445655652205232e+02 8.239955234793677619e+02 1.115964648065478968e+03 2.191631623625389409e+02 1.546389272890778557e+03 1.952930215708012156e+03 1.082198682393676336e+03 1.261405504538994649e+02 8.095926595969125401e+02 9.856431393657418312e+02 3.856289528353423757e-01 4.207057793106344548e+02 2.338267155160894504e+02 3.898711972473947753e+02 9.186302547111658896e+02 2.984244616805441979e+02 5.774379027347851689e+01 4.357954506069563081e+02 8.606085463859025140e+02 1.321641855317848012e+03 3.869177172178516866e+00 1.938711195002079535e+02 2.789370277601126880e+00 0.000000000000000000e+00 1.741671762082151190e+03 1.231846269001371866e+03 0.000000000000000000e+00 4.543053133115945457e+02 3.990263568316391911e+02 1.415406920293586666e+02 5.294150331993483860e+02 7.425227637300434935e+01
0.000000000000000000e+00 8.789864406272296549e+01 1.136826611508952283e+03 1.136041671675785125e-01 1.063120373777058525e+01 3.671797199104853604e+01 1.834448605700985624e+01 1.568627401375973029e+01 7.453403647412970656e+01 4.871898332807992347e+02 6.156015785548185022e+02 4.478139341288695618e+01 1.595448943105903084e+02 3.104132534207297454e+02 1.162226967193808065e+02 6.917008975795347396e+02 8.349748240606901390e+02 4.540250963941447537e+01 8.042235444159317694e+02 7.616436139618794243e+01 1.697824901698691136e+01 0.000000000000000000e+00 5.895509940718529833e+02 0.000000000000000000e+00 1.443946209838347841e+02 1.354333589185915514e+02 9.603949133968698106e+02 4.127891156288765728e+02 4.604513267485772499e-01 1.103190889692700466e+03 5.057376858096813699e+00 4.656195829441161322e+02 2.965272571832304038e+02 6.963720020245872320e+02 5.021981367500233659e+02 2.032189034541079877e+02 2.231519560741865007e+02
