output/example/lateral_incision_000416.asc
nrows	75
cellsize	13.33333333
xllcorner	0
ncols	75
yllcorner	0
NODATA_value	-9999
[rows 51 to 67 of 75, columns 37 to 73 of 75]
0.000000000000000000e+00 0.000000000000000000e+00 0.000000000000000000e+00 0.000000000000000000e+00 1.299635809643182029e+03 4.411828567584777261e+00 1.496601529756567094e-02 0.000000000000000000e+00 1.485552808909829992e+03 0.000000000000000000e+00 0.000000000000000000e+00 9.551240328254453971e+02 9.011033668274315005e+02 0.000000000000000000e+00 1.582177067168831002e+02 1.370817388397981858e+03 1.556508578629191391e+02 3.836272316353440601e+02 1.718859689741329078e+02 9.658212576416920001e+02 1.854071650730845988e+02 6.427966085902568238e+00 6.869199562992324672e+02 0.000000000000000000e+00 2.581478298521350245e-01 4.058245407638808899e+01 1.618293188007233994e+02 3.497034952699625610e+00 0.000000000000000000e+00 3.214117645298907746e+02 9.639026125328510943e+02 6.578817258081056707e+01 3.606389715941847385e+02 2.473991854422136782e+02 6.027717391047522355e-01 2.839941260593568018e+02 0.000000000000000000e+00
1.085647019252970495e+03 0.000000000000000000e+00 8.612523656761231905e+02 0.000000000000000000e+00 0.000000000000000000e+00 3.083547808667228196e+02 1.304240185204246472e+03 4.768623330898138875e+02 6.763745517872074515e+02 4.327575594250355948e+02 1.414144397325867430e+03 4.390194944246960773e+01 1.080575658668898456e+02 1.968931952859895773e+02 8.398403792911680599e-01 3.548252447066191451e+01 6.902608973902090383e+01 1.272820640643611341e+03 7.756179768609533767e+02 4.959180635348616875e+02 2.798683428033805285e+02 8.946238076691538481e+02 0.000000000000000000e+00 1.225171734119292296e+03 0.000000000000000000e+00 1.516759944694120350e+03 1.528066009990574798e+02 4.536615289259361816e+02 5.507342096149092185e+02 3.517095512538566737e+01 3.707682420048682275e+02 3.835314084174422646e+02 1.441172361713166481e+02 1.192447693183435604e+03 9.903419693515721747e+02 3.954163220145058499e+00 1.103011850305545977e+03
7.750215922947280944e+01 7.978603459225122378e+02 5.303306667176676683e+02 0.000000000000000000e+00 1.362263466550781459e+03 8.432749173345783902e+02 1.152735677187186525e+02 2.483927622215194901e+02 2.934036505811820348e+02 4.340491881168192094e+02 1.117453289054918287e+03 1.248304504988686176e+03 1.771741276087158923e+00 1.568536576838139069e+02 4.480997421489037874e-02 9.006397600776550050e+00 9.633700436367001885e+02 9.239353275818743549e-01 7.385909552304498220e+02 0.000000000000000000e+00 1.833813273207391035e+02 2.500048113171290165e+00 3.282137458729575883e+02 4.912112253807613342e+02 3.398922657120095336e-01 8.346060412201916279e+02 8.197575479384576056e+02 9.683125237938390910e+02 1.917978660748094200e+00 7.533659178786723309e+00 6.417393366174753737e+02 8.025780545666840737e+00 1.481122151714011579e+03 1.192997460302951822e+03 5.481476159534095416e+01 2.810238168429737016e+02 4.059554240508854264e+02
3.626239120078146860e-01 9.139918279428949290e+02 1.027955623626878605e+03 8.157693182718145364e-01 1.007788385315117239e+03 6.404872923956478417e+02 5.663566889695181317e+02 1.167209449146685607e+01 2.335719730115761479e+02 9.188052176368113066e+01 4.609532019647904235e+02 3.196564430429810386e+02 6.733431316559813418e+00 1.665893434281728869e-01 3.584528113916030634e+02 0.000000000000000000e+00 6.431781465060025766e+02 3.592536165010996285e+01 3.035909007278255558e+02 5.474608239061766426e+02 2.389441508043961804e+01 2.450909193333757230e+02 8.559634697955694946e+02 5.306892331728031564e+01 0.000000000000000000e+00 0.000000000000000000e+00 0.000000000000000000e+00 2.175178591986017551e+01 2.406705537254227636e+02 1.707211085065831355e+02 1.268749933512541247e+03 0.000000000000000000e+00 1.263557398459246457e+02 1.016996237480585208e+00 4.065376675139833083e+02 9.626177549039051655e+02 1.204097565984307561e-01
2.419155692340095243e+02 7.085862024948464466e+01 1.261494849488119144e+03 0.000000000000000000e+00 6.529493771954672638e+02 3.152294807836926225e+02 3.258157799217593009e+01 8.148540396911024573e+02 3.100490533481911726e+01 9.013794336294579068e+01 1.231752321613594887e+02 4.121278413284712201e+02 1.413001987584823382e+02 8.986079859443665274e-01 4.937340731865267003e+02 1.407321229913599836e+03 5.175616859252056834e-01 2.432152630475460171e+02 1.484203054502296197e+02 1.450092793077840838e+02 8.855314188262361768e+02 1.054030960198394524e+02 1.601302042982440454e+01 8.033342393812464843e-02 6.236388464046989384e+02 6.889045335230916862e+02 0.000000000000000000e+00 3.777905000217954807e+02 0.000000000000000000e+00 6.874480725912630596e-01 6.772883143457907984e+00 1.010684004928904187e+02 5.464836928793289417e+02 1.465507832944234224e+03 0.000000000000000000e+00 6.859925285802764847e+02 3.772177614417965685e+01
9.782405881032181014e+02 2.759624429724620298e-01 3.708309662233230029e+02 1.530424482832421518e+01 7.062253959934496379e+02 0.000000000000000000e+00 0.000000000000000000e+00 9.148885494392557121e+02 0.000000000000000000e+00 6.240946493499084227e+02 2.351408597580470494e-01 7.811421087963050240e+02 4.216421722488514661e+02 1.109563329123493105e+02 0.000000000000000000e+00 7.894109472969721537e+02 9.796472641792395279e+02 6.693161497526511994e+02 3.491309771764044445e+00 2.765275514854015455e+02 7.116883627889359332e+02 1.383730441210414881e+02 3.631280134117167080e+01 6.204654336321958681e+02 5.010322763554004268e+02 6.607003169452150360e+02 1.096925686914914195e+03 7.250559504317724446e+00 1.290471555879005905e+02 2.971663568412835730e+02 8.009661892396641178e+02 5.809175802408976779e+02 0.000000000000000000e+00 9.508261285014250461e+02 0.000000000000000000e+00 5.545529445169031533e+02 6.261179337342886697e+01
4.425880530568332460e+02 2.686844408108307221e+02 1.330670741681246227e+03 2.663184333230340783e+01 2.903958348404500498e+02 4.455107327853737331e+01 9.449712397588118620e+02 1.086863141750862269e+03 2.565208684805652979e+02 5.396592192700028079e+01 4.536779738187315161e+02 1.307428062834521597e+03 7.166885740986501787e+02 7.455714132933514975e+02 0.000000000000000000e+00 2.416290191215475716e+02 1.822856166971692744e+02 6.605066157822989226e+02 6.368724151981435853e+02 2.145130097296909071e+02 1.281415180643115718e+03 2.149360194693879578e+02 7.058819669339865186e+02 0.000000000000000000e+00 4.695711954303137645e+02 1.047727888163886973e+03 0.000000000000000000e+00 9.954127446825725656e+02 7.510811652843754018e+02 3.255690922907427307e+02 3.774139528286224454e+00 8.479825830211343600e+02 1.866724211140539467e+02 4.755760412957573635e+01 6.125579663576669418e+02 4.645956081145156986e+02 0.000000000000000000e+00
0.000000000000000000e+00 3.407569733489153805e+02 1.228635565206534238e+03 6.690055626587050597e+01 1.215623710901529364e+02 8.447064763889131882e+02 1.709898140579618087e+02 1.806258005011040950e+02 4.181972838615731121e+02 0.000000000000000000e+00 4.493419644972869946e+02 7.769252964969840605e+02 8.625607375627724593e+01 0.000000000000000000e+00 1.559252424796330843e+03 4.491794389949208544e+00 3.974183197872398523e+02 1.421044494947457508e+02 9.754004693032675277e+02 1.356733209777638649e+03 5.057229786524606752e+00 3.416534823680926252e+02 1.301277911384573372e+03 2.926556063543064301e-01 7.954183140077191183e+02 1.419596571666726335e-02 1.717634190498442194e+03 0.000000000000000000e+00 1.243914846351350889e+03 4.550094023616625805e+02 1.029961478245419926e+02 4.788521999670097102e+02 6.189685017017811788e+02 7.523988162620669300e+02 0.000000000000000000e+00 3.564706258750908887e+02 3.545908750415413238e+02
2.391470111034984996e+02 1.120191437334536466e-01 2.729446529736813787e+00 6.046307748865356189e+02 2.696283269855026106e+02 6.786930649662251369e+01 1.311268127196461364e+03 7.618693430068146881e+02 3.091199131490138825e+02 6.025246034353132529e+01 1.055647872658241340e+03 4.358201498836802301e+00 2.019981073810292003e+02 1.775865560541370769e+02 1.424076625022352573e+03 6.717470469660025856e+02 9.709837828047633934e+01 1.507225446122357084e+02 2.408852513558839519e+02 2.149612542745655333e+02 0.000000000000000000e+00 6.157345076298404365e+02 7.292932507241731344e+01 9.209820414741382137e+02 4.864767192031461605e+02 8.960666170108889661e-01 4.631696849899810076e+01 1.166214855226428881e+03 1.055204025129436200e-03 1.174689347366311495e+03 4.209490144101305873e+02 3.964876834441202647e+01 6.029512152544400578e+02 1.181119823074875058e+03 3.608768392145360053e+02 3.398809696080980984e+02 3.273418617427699928e+02
2.401870835046707100e+02 9.060485397638476002e+01 2.199279729497712594e+02 0.000000000000000000e+00 1.966411703335655830e+02 4.218915034680652809e+01 6.805421523353166968e+00 9.585395610498194685e+01 0.000000000000000000e+00 3.075141971432278751e+02 1.120760413730120746e+02 1.178753476645862293e+02 3.318644461024262000e+02 9.442680510909277700e+02 8.092355869790917211e+01 1.421044494947457508e+02 8.179627097132590734e+02 4.155527930600933928e+01 6.608477584957405497e+02 1.304403252038048322e+02 0.000000000000000000e+00 2.204681848701127365e+02 8.314656592802239174e+02 2.961766392331734998e+00 1.669549880498928829e+01 5.572111033756779364e+01 1.083672966559113782e+01 4.350763204321607418e+02 1.112726936233175365e+03 2.311435446852692088e-01 1.197965380603264293e+03 1.879506529227285512e+02 5.201827882776418610e-01 6.468763132664490101e-01 1.528582060124792292e+02 1.282508477848288294e+03 1.391280357887754917e+03
5.404708689390282643e+02 1.262492001515687662e+03 1.247311032409070549e+03 7.260721093783355506e+00 1.396883444554434391e+03 1.995324480972331287e+02 1.992397096941349730e+02 4.259031214881335359e+01 4.440709218767865423e+02 6.316832396329392623e+02 6.732234877758453706e+01 1.401801435058891002e+03 5.970654616358347084e+02 1.492825434641868831e+01 4.222112916966368061e+02 7.154111942928157220e+00 1.635972250294754758e+03 7.747205628139974820e-01 5.089741282296403142e+02 3.345827513891944704e+02 6.581146354813842692e+00 0.000000000000000000e+00 4.622210579623221349e+01 1.559210631676518688e+03 1.148632002975204159e+03 1.467108768999612067e+01 2.340919609637023058e+00 2.769898933983293787e+00 1.977297595297531188e+03 1.219959641902607018e+03 2.111759998405996264e+00 9.623207303138930229e+02 3.837334912724634250e+02 1.488880072305148815e+03 5.624094235743536956e+02 7.245507082996043664e+02 8.726395500100541369e+01
4.175219195826666407e+01 3.879116507924204171e+01 4.401233366639236699e-01 1.190209995825545803e+02 5.559609201533558007e+02 5.923662099527994087e+02 6.563986264949966198e+01 2.996704769444386685e+01 0.000000000000000000e+00 1.042393554402190830e+03 4.063247828019861458e+02 1.276118076831195509e+02 2.911890274370986731e+02 0.000000000000000000e+00 4.229763965709473723e+02 5.536600578863685769e+02 5.660859718849254705e+02 7.908641943417459288e+02 1.522747399184456469e+02 1.058975921699581932e+03 7.458783727638804066e+02 0.000000000000000000e+00 3.631313506440495757e+02 1.163506802570464288e+03 0.000000000000000000e+00 1.176237096832565641e+02 1.237447043976915438e+03 1.744614863383834518e+02 5.874829454650913476e+02 2.651064919564644242e+02 4.189155127876703411e+00 2.736578201778773405e+02 2.411369380761004777e+01 1.023470616693374950e+03 2.297202862341976584e+02 1.140730150782906549e+03 4.518942536827788015e-01
9.856726162913547284e+01 1.439899813389399924e+03 8.511608859484596223e-01 1.550949597983713375e+03 2.892289540460905641e+02 5.546776395377227118e+02 6.319016378670174845e+02 1.727772176727664601e+03 1.331759330922635627e+03 2.209643093397405167e+01 1.741921863498732250e+02 8.047054141156086189e+02 5.092692017605155002e+02 7.277027627475756617e+02 5.403534839302741375e+02 5.320933928057945650e+02 1.207660241024424721e+02 3.712530172734764733e+02 4.313056405292259399e+01 1.477286927610817202e+03 1.604231235025163471e+02 9.802476870371395989e+01 3.576928438166776800e+02 0.000000000000000000e+00 5.702575489090996825e+02 1.682541418100513795e+02 6.990657855531363793e+02 1.116804838545912617e+03 1.038585839346919329e+03 5.756250069173032671e+02 3.533530564025309673e+01 1.092872186709807011e+03 1.023531915280779799e+03 2.569131729193435909e+00 5.420795976418435913e+01 3.859704826348248616e+02 4.248234506289550438e+01
5.510866980649801690e+02 9.264866969037324225e+02 0.000000000000000000e+00 1.376600607176817675e+03 1.428794452564866788e+03 0.000000000000000000e+00 9.898867108701873576e+02 1.297739720955341454e+03 1.286652537581246314e+00 1.313479057855919336e+03 3.621317803162460223e+02 1.577243713238954115e+02 7.387569726250997064e+02 4.366591748385571918e+02 8.403950294964183740e+02 2.990302119721004601e+02 6.777491969136837824e+00 3.140533886437036770e+01 8.203848990484027581e+01 0.000000000000000000e+00 4.662433770286149297e+02 3.056289586422402067e+02 7.219949676586119267e+02 8.183718210448274704e+02 8.274470246886671703e+02 3.641035110356193059e+02 1.490548344812798177e+03 4.043997521362118874e+00 3.343920873186596032e-01 3.089481559333572935e+00 1.742614395759519084e+03 1.158010643605476980e-01 6.368128276162814245e+02 7.520091857779483746e+01 1.425023109969959478e+03 4.463629506951190251e+02 7.002101050352154061e+02
1.208985765528551156e+03 1.508006141422422104e+02 9.057442998188202310e+00 6.654080784698154503e+02 1.389706997365251254e+03 7.505582680515592422e-09 6.234211335831124643e+02 1.241175965785640756e+01 3.334369380337983557e+02 4.796334062020253555e+02 6.522397119537920389e+02 1.323825973825851854e+01 1.965806529789590741e+03 4.424998794209491848e+02 4.688807564327145627e+01 1.980768161339602216e+02 0.000000000000000000e+00 7.666002655125388401e+02 1.831561597867039648e-01 3.953954298413867718e+02 1.125351302141089263e+03 2.024246111314050722e+02 3.340860390292252191e+02 5.098084880637640737e+01 6.286161246953362252e+02 8.695027442174890098e+01 4.061174765857773394e+01 1.310270256258271957e+03 3.029274074285407536e+01 4.920631270556025356e+02 1.606427627054315735e+03 3.535298119280792406e+00 1.548150513436645042e+03 3.969145165875387349e+00 0.000000000000000000e+00 8.528985396389560947e+02 5.760643878305667442e+01
9.941360577660390163e+01 1.331919005767809722e+03 8.780625824790416800e+02 0.000000000000000000e+00 3.219410388994842265e+02 3.586912160110611580e+02 1.664202565421039424e+02 1.290592426443486147e+03 1.998884220849154417e+03 6.771036314441159902e+02 3.629156805553394065e+02 9.237789951651606088e+02 1.051935188125220975e+03 0.000000000000000000e+00 9.155421380369182316e+02 3.572666111573940384e+02 1.774546397065626309e+02 3.022518813276795413e+02 3.119678153771985407e+01 5.427969859756183268e+01 0.000000000000000000e+00 4.512522393841803137e+02 8.694532040139117157e+01 0.000000000000000000e+00 7.835552546309310173e+01 9.643062985448003701e+02 9.049392081337305882e+00 1.329042738289273530e+03 8.597188370716897055e+01 9.802807940761348391e+02 0.000000000000000000e+00 8.875218417934570425e+02 8.524045190128197447e-02 0.000000000000000000e+00 2.209779814648909451e+02 1.106824788463982031e+03 3.420271134385974392e+02
1.835042008434402794e+00 0.000000000000000000e+00 1.468296268746611076e+03 6.793264401925262064e+02 1.376984690169307912e+00 1.275925178006423621e+01 7.512587886454244313e+01 1.173150994070977504e+03 1.076296892502742594e+03 9.350574568718375303e+02 7.584497014822849659e-02 8.199595506228052955e+02 8.522252308012069122e+00 7.330414208873953612e+02 9.076690829734316139e+02 4.501802496837016179e+02 4.787621876549243893e+01 7.775735573658626265e+01 5.297213255895454864e+01 7.208026926122189479e+02 5.374432594591782575e+00 1.820646998891952473e+00 1.261181802091751969e+01 2.676577069646228892e+02 3.404780142155481570e+01 7.282329274368624965e+02 1.190981990077932977e+02 1.239646865794447422e+03 1.055201062910221481e+03 1.388875023912719371e+02 0.000000000000000000e+00 1.337111669591076179e+03 2.814266948471201601e+01 0.000000000000000000e+00 2.505620719632660496e+02 1.343134605158318436e+03 1.862979496745369659e+02
