output/example/lateral_incision_000347.asc
nrows	75
cellsize	13.33333333
xllcorner	0
ncols	75
yllcorner	0
NODATA_value	-9999
[rows 34 to 50 of 75, columns 0 to 36 of 75]
0.000000000000000000e+00 1.070139868914580347e+03 9.737340131747283749e+02 6.546556614290327616e+02 2.247772235159758338e+02 4.578142918099935628e+02 3.485122887857462501e+02 6.773743141240704517e+02 1.625835456350318282e+03 4.130397868099313996e+02 5.819645324227958554e+02 6.131719718406228594e+02 1.244204819945098563e+02 6.286744381521231873e+01 6.503373213844262182e+02 2.419486628874177203e+00 1.304069798345472897e+01 1.644210960758182125e+02 6.449413265542997351e+02 3.247685773746000759e-01 1.273389963072095952e+03 1.175639198391904756e+03 1.276568153935891132e+03 3.269960753048555944e+02 3.365674243414207467e+02 6.748950113083807878e+01 1.041594820944687916e+00 6.540744484738698930e+02 7.092167105749545044e+02 2.773633343677312837e+02 3.637578906183723007e+02 2.951066080964196772e+02 1.508698283052785655e+03 7.846051015123167645e+02 1.268551082679926481e+02 1.095599798534563121e+02 1.044238479364516252e+03
0.000000000000000000e+00 1.170377751653691973e+02 1.028714706896617145e+03 1.146642382014001811e+02 1.285984286694549837e+03 1.377418593055251222e+03 6.709998023935904143e+01 6.852128894321812425e+01 5.098391584165615313e+02 1.217579369102001010e+03 5.566471414277056056e+02 7.883381765711942535e+02 0.000000000000000000e+00 4.281262616551338596e+01 1.043586452391850344e+03 9.323456464970868183e+02 2.108957350442010750e+02 5.153620137826141701e+00 8.752753336495115946e+02 4.959673494689913582e+02 2.759255325996948613e+02 0.000000000000000000e+00 6.738202064587160294e+02 6.160590453286723687e+02 1.228754255808368953e+03 1.819471831245351723e+02 1.385566898379497616e+03 5.624373840681926140e+01 6.979341406929257801e+02 6.574356369121534271e+02 6.349923432990091214e+02 3.702605457541528153e+02 5.374590885412401349e+02 4.406975280921963645e+02 7.376671111766097511e+02 7.065546960299943748e+02 4.588069407386259257e+01
0.000000000000000000e+00 2.778988143646794029e+01 4.898611357834266045e+01 2.113710881615680250e+02 8.267116766697739649e+01 1.755549007185153414e+02 7.611386410843113026e+02 2.021628429167030561e+01 3.038810491150240978e+02 1.125910758952311852e+02 4.915470498921867488e+02 3.197127225436986464e+02 0.000000000000000000e+00 4.064109699730499301e+02 1.607113398598773557e+01 0.000000000000000000e+00 8.933513320914364613e+02 8.892025037008399977e+02 1.883290918346766540e+00 5.298142727216561525e+02 1.382355730241720721e+03 1.008122685797606977e+02 9.633340686544816833e+01 4.636520557668538345e+02 1.833062433441563712e+02 5.908554732253415978e+02 6.112814098589140599e+01 4.192500261349621269e+02 4.842511011064922286e+02 7.068909191410264725e+01 3.175555243476616329e+00 1.071096626474907776e-01 3.194838869333505045e+02 1.595907770758469155e+02 1.131726304281255352e+03 4.223917245367352535e+01 3.525545659124271936e+01
0.000000000000000000e+00 1.747401121958477461e+03 2.060683309597975779e+02 2.253521204448475430e+02 7.731277918727588485e+02 6.226971696339397795e+02 3.513964375642133291e+02 3.584327433254496214e+02 1.737594597762179660e+01 3.051064182719813402e+02 1.035341183679033520e+03 7.859363546961525344e+02 3.601908066204734382e+02 1.802927700230769203e-01 5.230245169251331845e+02 4.033911556602259196e+00 0.000000000000000000e+00 2.291070907301446482e+02 1.468806784613806258e+02 6.715805855254502887e+01 1.614326523880035609e+02 2.976363146197900988e+01 7.070151561132880715e+02 8.438730398181664896e+02 3.082837825398292466e+02 8.115619155176003687e+02 3.657614635689823590e+00 1.471892491155964535e+03 7.210867241001971024e+02 1.049937882968182976e+03 5.900301435894672295e+02 1.295706356790295217e+02 3.365793477926324329e+01 0.000000000000000000e+00 2.648129328398300952e+00 8.103981994127855160e+01 7.163692223011631768e+02
0.000000000000000000e+00 7.388415679564049015e+02 6.605207931821208831e+02 1.384310569057215057e+00 9.151371523807614494e+01 9.186009042104050195e+02 5.504662175146614800e+02 4.775076891342381487e+02 1.297339693737108846e+01 1.518490268711164859e+01 4.898399499378714381e+02 7.218677805347039111e+02 1.331441931887968622e+02 1.127150628121871705e+03 8.560384948951656270e+02 0.000000000000000000e+00 4.008543536042517417e+02 1.695153800473052002e+02 5.327921265232194514e+01 6.997295511924810398e+02 2.734640866135973791e+00 4.695328374342677762e+02 3.438457907086582388e+00 7.156641230357803352e+02 1.376304404726950906e+03 3.260109198113059392e+01 1.343265456617364407e+03 2.356712900714270802e+02 2.295588533411927585e+02 0.000000000000000000e+00 7.440526593364668884e+01 4.499704467632801652e+02 3.751520613779824771e+02 3.010935576035489589e+02 7.499985965155455858e+01 5.275781709553597238e+02 1.243457291968725713e+03
0.000000000000000000e+00 2.732467043087261072e-01 1.162797948096544616e+02 3.123373179581719894e-01 3.325392704558693140e+02 3.035362949334976861e+02 9.711015616167530595e+01 1.603699476207358998e+01 2.677795436723971737e-06 1.019914539023517897e+01 5.128094885558751912e+02 3.961364688590401784e+02 3.367604623253136964e+01 4.670638447356942606e+02 9.473843747280677690e+02 3.644845045002131201e+01 2.678835119927180042e+00 9.187658060386762315e+01 1.191117922788028380e+02 6.829992248988553456e+02 0.000000000000000000e+00 0.000000000000000000e+00 5.093294893651556663e+02 7.097150182992501186e+02 1.021261911943785918e+02 1.588937109289154478e+03 1.257547437230995456e+03 7.489303101752128669e+02 1.408607500151929628e+02 4.272492912286778477e+01 1.430481368158133591e+03 4.140069225029823201e+02 2.277965823674083197e+02 9.834275800552188684e+02 8.476198152303478537e+02 1.385936383222686459e+02 4.502663224798459929e+00
0.000000000000000000e+00 1.374691580939674850e+03 6.887666621732128069e-01 4.610646316106789300e+01 2.369622891387230723e+01 1.857571343556358201e+01 2.005894158405383682e-03 2.923176702060176213e-01 3.282662072709977963e+01 2.783769600763218666e+00 1.077152091429415805e+03 2.217242137886211939e+00 3.858540235026916321e+02 4.692283494683673339e-01 4.169786984045210261e+02 9.111125765954122357e+01 7.287569930202767665e+00 5.673606669200981401e+01 6.931781227570012049e+01 2.951353899915417282e-06 3.061230967811773951e+00 9.724990817079857379e+02 1.398894383662191785e+03 4.551450572676281503e+00 2.184871274889770802e+02 3.734339582216954909e+02 0.000000000000000000e+00 7.545896883749834672e+01 1.955575531610336676e-02 8.353244428177637815e+01 5.440805986602628082e+02 3.265786866572573217e+02 5.579718811948710027e+02 0.000000000000000000e+00 8.838951784836203842e+02 1.365205447371944274e+03 2.581841118952146985e+02
0.000000000000000000e+00 1.190989252256582631e+03 8.317172562897671924e+02 2.950970331104084039e+02 2.896465191709352212e+02 2.426644634482944429e+00 4.372847989913399402e+01 7.444280927305758269e+02 1.681141402822689770e+02 5.479074013578708673e+02 3.438096104385741683e+02 1.341166381107228290e+03 8.730590865738746515e+02 2.742983895177204801e+01 8.953724568136411790e+02 5.699448753205141429e+02 2.452687629838877683e+02 4.442100839971754453e+02 9.278980533312982004e+01 7.452139510133594058e+02 7.436286247038025294e+02 0.000000000000000000e+00 1.261520525521576985e+02 1.722014146314931327e-01 4.358970598250667763e+02 3.770595648887003648e+01 1.136702545992394789e+03 9.766872985902372406e+00 8.651828487192494777e+02 5.704376843268956918e+02 5.834229185997257900e+02 2.471336841518160270e+02 6.165895000109735520e+02 4.949677425900507615e+02 6.255262314466660456e+01 8.476824972823149551e+01 1.219254727814000461e+01
0.000000000000000000e+00 1.375929847779765396e+02 5.752052196764982455e+02 1.817980145914101797e+02 8.192491638884163194e+02 4.637172011045286126e+02 1.444209382573520315e+03 1.047447238649002884e+03 2.223635387960295589e+02 2.076080480142143969e+00 1.064464383034330922e+03 1.002632674387592488e+03 1.691219669258387285e+03 2.368780327667110797e+01 4.940888957784386548e+02 1.586021047817083058e+02 1.188158554057002220e+03 3.622859341965657336e+02 0.000000000000000000e+00 1.676734108806805068e+01 4.161986524658145754e+02 1.286511361069433860e+03 3.488077244118737497e+01 4.609290352549499516e+02 2.552561845566000898e+01 4.224284027866848135e+01 0.000000000000000000e+00 5.590405715734235947e+00 0.000000000000000000e+00 4.554570497675868523e+02 7.411266128127781485e+02 6.423202542053627440e+01 1.335346819318206144e+02 1.484271849091264244e+02 2.054202524772010108e+01 1.291881154890633070e+03 8.170672069282694565e+02
0.000000000000000000e+00 6.290474603645345724e+02 1.191000409106991675e+00 2.287713392766727054e+02 1.722242661489033253e+02 7.374486256460349942e+00 1.520226422841630551e+02 6.471937960930915779e-01 1.010111753115811894e+03 1.126898222846279385e+00 1.051249666926656573e+03 5.271780820805081476e+02 1.480249973673785178e+02 7.024526373471349228e-01 7.262575910393114498e+01 1.181793631605293740e+03 6.912025297998570750e+02 1.994483281450673076e+02 8.030891999895163735e+02 6.883253108978227601e+02 0.000000000000000000e+00 1.398396138578369118e+03 6.978901001805282078e+01 1.376171845361461692e+03 0.000000000000000000e+00 0.000000000000000000e+00 5.992985137227689165e+02 3.135127770112009102e+02 1.604927558421228539e+01 3.646489011210089188e+02 1.559711980197641424e+03 7.926158792094871508e+00 3.468459270942324224e+02 4.458686596347875479e+02 4.105708692649528757e+01 5.452188801831325691e+02 2.241637254292855062e+02
0.000000000000000000e+00 5.695119860956169759e+02 1.408255247496980189e+02 7.467437299016298766e+02 7.623323096744185250e+02 2.278138886423950566e+02 1.933206306045049701e+02 4.415786439089695818e+02 1.233192421187142372e+03 5.532913601805321377e+02 4.098788611583557895e+01 1.439486380573012639e+03 1.610842566360243495e+02 5.317327510039388194e+00 8.877801499421128710e+02 4.389421018705859296e+02 8.055552865846782424e+02 1.122128091050297982e+00 4.033724280765508752e+02 2.757923220011640364e+00 7.007986409264392478e+02 2.846280237533820241e+02 5.597551822680162381e-01 9.752616720949647515e+02 3.091586268328690039e+02 8.983836050848846355e+01 6.510675710994527208e+02 3.647907773783675793e+02 2.979524063240602771e+01 8.862137526465971860e+01 1.002460179951571263e+03 3.050492392832443045e+01 4.887640616115562864e+01 0.000000000000000000e+00 1.960212133038734450e+01 9.856181982936985941e-02 5.118903808649061489e+02
0.000000000000000000e+00 4.030317501567989069e+00 0.000000000000000000e+00 2.825877390354548525e-05 1.468039370749999151e+01 1.708607103949248938e+02 7.707110397633275056e+01 1.129944306197278223e+02 8.428478254971730621e+02 1.419483743954671809e+03 7.615938144003237085e+02 0.000000000000000000e+00 7.213544436864904696e+01 0.000000000000000000e+00 3.009055250730593229e+02 2.439919167340472086e+02 1.320225127371656704e-01 1.644023357205564251e+00 8.831170599834687209e+02 1.225092219134567813e+03 0.000000000000000000e+00 1.539719992560384298e+03 0.000000000000000000e+00 1.381566155418590370e+03 1.560522747628016873e+02 0.000000000000000000e+00 2.220504860425669236e+01 2.581998591129199738e+01 2.965553074094283943e+02 3.123404471407812935e+02 2.628218844835765253e+02 4.849616423674285581e-01 2.238683545207494774e+01 4.621181631804951451e+00 7.382108021151246930e+02 4.265428136494046640e+01 3.952376926799831267e+02
0.000000000000000000e+00 1.483884409098922106e+02 0.000000000000000000e+00 0.000000000000000000e+00 0.000000000000000000e+00 6.975447636816661801e-02 0.000000000000000000e+00 1.907713052576114413e-02 1.132950027043589444e+03 1.579236172003059892e+03 0.000000000000000000e+00 4.842432264334854040e+02 2.120114282530054766e+02 0.000000000000000000e+00 5.696283875857739076e+02 2.367574268526874448e+01 1.764519296625609854e+02 3.399375382200399809e+00 3.974801929139738945e+02 5.365177326011287278e+02 6.073217668824058819e+02 1.036390350993781340e+03 3.348015710693309899e+01 5.421535645848791773e+02 0.000000000000000000e+00 3.767278390207241614e+02 0.000000000000000000e+00 3.088485080512190279e+02 1.159808436347578159e-01 1.430438685794744970e+03 1.012741838318385987e+02 7.982942082798537058e+02 1.006252648520256230e+03 4.987253361935914313e+02 1.220428002820536193e+02 1.067395709396318125e+03 4.802384537414770449e+01
0.000000000000000000e+00 3.805663115193924568e+02 7.285993496390408382e+02 3.544716374825063052e-06 9.053240803690601979e+02 8.001875522119382822e+02 1.460951824047527907e+03 8.973577846769322832e+02 0.000000000000000000e+00 0.000000000000000000e+00 0.000000000000000000e+00 0.000000000000000000e+00 0.000000000000000000e+00 9.215305877439546975e+02 0.000000000000000000e+00 1.330817107634341134e-01 4.858972029919012243e+02 1.028435729009845687e+02 5.059132897279494614e+02 7.603469503322831997e+02 1.237145365816551475e+03 1.160287502342348262e+03 6.113380511982329324e+01 2.821375032672975749e+02 9.885057226070270708e-01 2.447072544113772778e+02 1.180426061170464322e+02 1.218369796978766156e-01 4.308697798803937644e+02 9.857702132278993759e+02 6.384631493053421991e+01 1.206873460253878648e+03 1.049535874274926982e+03 1.508156944024086101e+02 2.102183702490536916e+02 3.482218981163433114e+01 1.348951334538539992e+00
0.000000000000000000e+00 1.334738037514054838e+02 2.250782586507424021e+00 0.000000000000000000e+00 1.168652096136502394e-01 3.320882094098511175e+02 2.387814037151367756e+02 1.034174432685554166e+03 0.000000000000000000e+00 0.000000000000000000e+00 1.193311630762496634e+03 3.432685459535056793e+02 3.128881014778616176e+01 9.699456437832543543e+02 4.919282250792415994e+02 6.612666280546915232e+02 6.274079237074630007e-03 1.118676539372709833e+00 0.000000000000000000e+00 0.000000000000000000e+00 0.000000000000000000e+00 0.000000000000000000e+00 6.932231063970938294e+02 1.572169248890200834e+03 1.545010827543724190e+03 6.326178474009329875e+02 2.594276044790021842e+02 7.493534865952059363e+02 3.192055408138887174e+02 4.156637421347224824e-03 5.967284177296065764e+02 3.381254341125660403e+02 5.128715319011013207e+02 1.271009945525098601e+03 1.012782565229339582e+02 1.344138247017379172e+03 6.244009026007815919e+02
0.000000000000000000e+00 8.632901170852519499e+02 5.739300319049869614e+01 6.773723139831744788e+00 1.247525315954649727e+01 0.000000000000000000e+00 3.515881955058405310e+02 2.129815324115306225e+02 3.469814673911789660e-01 4.956918881854638812e+02 7.964857857015495028e+02 1.785985148647631604e+01 8.057741301799507028e+02 1.395748247184220661e-08 6.076721270625799889e+02 1.227391308802370986e+03 6.282713411393129377e+01 1.526067213678183634e+03 0.000000000000000000e+00 0.000000000000000000e+00 0.000000000000000000e+00 0.000000000000000000e+00 0.000000000000000000e+00 0.000000000000000000e+00 0.000000000000000000e+00 0.000000000000000000e+00 0.000000000000000000e+00 0.000000000000000000e+00 0.000000000000000000e+00 0.000000000000000000e+00 0.000000000000000000e+00 0.000000000000000000e+00 1.286000242733960704e+03 3.165536093458956657e+02 7.260666546337886302e+02 8.961848315684715089e+02 1.199579823043414883e+01
0.000000000000000000e+00 9.555541141921253256e+02 5.914834143298546110e+01 1.117411886681254373e+03 0.000000000000000000e+00 7.694157262636268797e+02 5.148379103745996872e+02 4.559955801092085892e+01 6.067503617237586013e+02 6.958582882992584473e+01 5.097641823737707689e+00 9.300080450071865812e+01 2.631154340180119675e+02 9.550307953096339730e+00 2.537149057874778748e+02 1.022296860036301723e+03 1.468049979897781410e-01 1.249838965512550885e+03 8.426259806138283466e+02 5.093111225362029870e+01 8.164362088818588745e+02 2.777528638432089565e+02 3.772346517445322434e+01 0.000000000000000000e+00 4.041562265450202744e+02 2.050642849884297618e+02 0.000000000000000000e+00 2.572585528475945083e+01 8.745554694361967449e+02 0.000000000000000000e+00 9.337389705124447801e+02 0.000000000000000000e+00 0.000000000000000000e+00 0.000000000000000000e+00 0.000000000000000000e+00 0.000000000000000000e+00 8.741628147452260009e+02
