output/example/lateral_incision_000215.asc
nrows	75
cellsize	13.33333333
xllcorner	0
ncols	75
yllcorner	0
NODATA_value	-9999
[rows 51 to 67 of 75, columns 0 to 36 of 75]
0.000000000000000000e+00 6.137911514785173495e+02 1.374909288583624857e+03 7.208156577758752626e+00 0.000000000000000000e+00 0.000000000000000000e+00 7.762449817013584834e+02 7.737898783087922538e+01 1.135638466722763269e+02 1.010360904669266944e+02 1.598753540946291309e+02 1.201502451041415270e+03 4.935974012047515680e-02 4.721430692579608035e+02 1.130624417818653910e+03 1.295180938232372910e+03 3.945858932404555617e+02 3.843020783621201586e-01 8.346948981963613505e+02 8.969408986671841149e+02 5.482928792113457206e+01 5.803265760483209306e+02 5.126273518543122236e+02 0.000000000000000000e+00 0.000000000000000000e+00 0.000000000000000000e+00 1.940318784605754558e+02 1.727213378079120503e+03 2.259154988197744842e+02 0.000000000000000000e+00 1.354382667374977473e+03 0.000000000000000000e+00 1.544234094228110735e+03 0.000000000000000000e+00 0.000000000000000000e+00 0.000000000000000000e+00 0.000000000000000000e+00
0.000000000000000000e+00 7.506175393311747257e+02 6.990944465292961429e-02 5.947502695236602221e+02 1.572074167571562953e+01 1.212027575480543184e+01 1.800674628102402153e+01 4.661741264733843764e+02 4.611686633739989247e+02 1.231645768283735443e+01 3.985584726982395409e+02 5.795167577277478586e+02 0.000000000000000000e+00 1.845872020400209834e+01 4.058735430887398934e+02 2.900207609110663043e+02 1.110022710586498818e+00 1.694210268767972821e+03 8.694481302650768839e+02 2.174248179794111024e+01 3.628850062778513319e+01 2.489026486762833112e+00 1.018650033674778342e+03 2.488023297571575938e+02 0.000000000000000000e+00 4.196407656914866280e+00 7.665554666214899271e+02 6.414739420260483485e+02 1.123467108297567847e+03 8.207670953337825495e+02 1.207054920495843753e+01 5.500282529076348510e+02 2.408365135043460281e+00 5.343475118816089662e+02 7.709921018408590498e+02 6.906666328723536026e+02 5.647174231127204393e+02
0.000000000000000000e+00 9.488944146827615214e+02 9.438234129876983616e+02 1.207194014169389931e+02 3.968822983145123828e+01 0.000000000000000000e+00 2.453215292880573770e+02 1.082688793533472165e+02 2.915286157217613550e+02 9.415245562192300213e+02 2.945519654680891009e+01 1.035439190597426887e+03 1.805772317603369093e+00 1.108215668988929565e+03 8.575284353848871888e+02 8.720915296489265245e+01 2.881651771956446737e+02 3.500723219703343148e+02 5.201562927917848356e+02 6.275679562671459735e+02 1.978694149939595661e+02 3.799826381746702282e+02 1.064443651702081013e+02 1.211723285438399444e+03 9.654228787774235343e+01 2.755475719247973032e+01 8.453626791867695829e+02 1.765933235249219706e+02 1.808275955966155664e+02 7.738001557845880143e+02 9.256856675216306840e+00 0.000000000000000000e+00 1.048114557421594100e+03 9.430179954512859695e+02 2.278606481368616343e+01 1.919190725022811961e+01 8.168370972931522829e+02
0.000000000000000000e+00 4.445940652635015056e+01 6.694101462334770076e+02 9.314937193611292514e+02 8.149028871150945861e+02 1.125502285711121658e+03 5.543088743080335234e+02 3.956687322376124598e+02 0.000000000000000000e+00 8.757040067058312616e-01 1.659525015650819446e+00 4.365994866957940985e+02 1.281496527629681692e+00 7.833202911101619748e+02 4.161985846489369978e-01 1.504733225514683909e+03 9.847552211082786471e+02 4.368696119431044167e+02 6.035288159384410847e+02 5.882629406181986553e+01 0.000000000000000000e+00 2.973957744486864030e+01 5.554702039476344311e+01 3.202422656910248406e+02 2.459989602483759086e+01 3.413092065735979475e+01 3.917580048661445744e+02 1.391763843816181634e+02 6.719239204026279140e+02 2.141561677714520329e+02 9.113252805369542386e+01 1.355021724701149139e+02 2.954449933846657927e+02 1.121760289173362708e+03 4.976444278223056727e+01 2.469549592082624656e+02 1.568192141756815516e+01
0.000000000000000000e+00 3.644920995361968608e+01 4.680701812863321543e+00 8.200463439331326754e+01 5.329110112343132144e+00 4.221122837435093516e+02 9.024153267114621713e+02 9.388947942087748970e+02 2.662252173564310453e+01 0.000000000000000000e+00 8.097542696337769996e+01 0.000000000000000000e+00 2.221278119331279584e+02 1.309887923316174920e+03 4.021960917265561193e+02 0.000000000000000000e+00 3.019429152810730557e+02 1.488026501407404396e+02 7.827299241093310229e+02 3.326003936477926004e+02 8.292148780381576216e+02 1.626504800930064221e+02 2.668649599806902870e+02 1.393478627675850703e+02 1.122358388053912535e+02 1.789479051276060090e+03 6.896793553936744274e+02 7.697518718050416737e+02 5.424839618043025666e+02 1.310593712477551662e+02 5.296022497788252537e+01 3.619017777363282562e+02 7.332784797681958366e+01 6.469356742927006021e-01 3.657499979372323082e+02 5.450842390536866588e+01 4.479650930599187291e+02
0.000000000000000000e+00 6.844545628155444774e+02 1.483034826029399483e+03 7.461504993849389393e+02 9.740885252903391347e+02 5.043691401923145889e+01 3.488485478415536534e+01 1.375964657301128824e+01 1.093900125274952195e+01 2.244442083342117655e+01 0.000000000000000000e+00 8.336563538417852970e-02 4.195707061100466149e+02 2.645349016932701147e+01 1.278367769556860821e+03 1.234792432577962558e+02 3.637886556345766849e+02 0.000000000000000000e+00 1.157625013257892022e+01 4.041751672229368069e+02 2.012858645017227559e+02 6.745108393625769416e+00 3.218579452161538939e+02 7.844929896751764318e+02 5.159234467318556483e+01 1.260066007654770601e+03 6.968575817275808326e-01 8.231349427040801174e+02 4.961502775727846029e+02 3.047295970746437774e+02 5.105404886882903384e+02 4.433427572382386472e+01 4.423126843655295488e+02 0.000000000000000000e+00 4.134175921011014907e+02 0.000000000000000000e+00 0.000000000000000000e+00
0.000000000000000000e+00 2.113821441716472123e+02 6.244616271836273214e+00 1.091601510308737488e+03 4.045648093987539440e-01 8.254955036812500424e+00 1.454389859032956338e+03 6.636903302473148187e+02 4.653985967784172431e+02 8.981924025625403374e+02 4.078815930861843526e+02 2.134644673513893309e+01 4.512181478137869561e+01 3.146393082189515553e+02 7.067975110244151438e+02 3.787985600226909355e+02 1.191426396422629296e+03 5.290958844408572759e+02 1.585656282718501586e+02 1.436674107958085358e+02 0.000000000000000000e+00 1.438170984646047543e+02 0.000000000000000000e+00 0.000000000000000000e+00 2.475116356855010906e+02 0.000000000000000000e+00 8.754692902771432728e+02 1.152777009697253447e+02 5.437587883923100662e+02 5.232827839658632456e+02 8.621865694055126141e+02 0.000000000000000000e+00 3.876899369735078871e+00 0.000000000000000000e+00 1.710584439411582935e+03 3.751389497888436608e+02 6.398458850127353514e+01
0.000000000000000000e+00 0.000000000000000000e+00 6.748768631318083635e+02 0.000000000000000000e+00 1.071257254426036297e+03 4.208616010359344983e+01 2.645587807495418247e+02 8.030914550258886493e+02 5.070592853826913711e+02 5.627214368398579154e+02 2.255353997290404777e+02 1.643585396076004956e+00 5.908681542985053738e+02 1.084061994649964163e+03 1.521484407377958803e+02 3.275320845144208306e+02 1.581680871163816846e+03 1.072298810174368899e+00 4.297501997352630383e+02 5.032976196208529700e+02 1.329725772630402162e+03 7.808682197247727572e+02 1.581319747023630043e+03 9.545832573545549593e+00 9.435829583343871718e+02 1.736425899894132385e+02 1.641015383642312475e-01 1.591528935080189910e+02 2.570908062695801846e+02 1.883023316260948548e+02 3.399757305408375032e+02 1.056846850675230144e+03 9.164005848017978906e+00 6.053280352194309266e+00 8.510610405582348221e+02 0.000000000000000000e+00 1.180458957533722696e+03
0.000000000000000000e+00 1.125297537234082029e+03 2.952022708813116196e+02 7.835621201760669692e+02 7.742368688134417880e+02 8.231853452809079954e+02 5.639357910682200554e+02 6.690439429233313717e+01 8.343204901906013902e+02 5.651305230937402939e+02 4.939629663524234502e+02 6.020818290276183689e+02 0.000000000000000000e+00 5.587120109052211570e-01 1.106008243604370136e+03 2.316062847300370038e+02 1.108862028541429481e+03 6.314572487329729711e+02 1.163610517268914464e+03 6.922232109430119635e+02 8.699839062320772882e+02 5.075349798962984664e+02 0.000000000000000000e+00 6.946317797447874227e+02 1.104631904916694111e+03 1.251949376405213599e+02 6.093306519783699287e+02 1.321505456992349764e+03 3.726789841004204504e+02 3.249041796327043929e+00 5.020312802746018406e+02 3.121960222269763108e+02 4.600395243451937688e+01 7.601955703414845402e+02 3.360550221334925141e+02 1.397491541793446459e+03 1.671261768202060694e+01
0.000000000000000000e+00 7.247493349465693768e+01 6.206199046839711855e+02 2.489894779809049297e+01 8.354264898243174002e+02 0.000000000000000000e+00 3.720554705255951689e+01 2.445228698189342964e+00 0.000000000000000000e+00 7.042805459272869939e+02 2.066200680932407163e+00 7.934951986730166027e+02 0.000000000000000000e+00 1.030931602916595693e+03 3.339992134477720924e+02 5.006349351395377312e+01 9.520856259295842392e+02 2.037061978550519257e+02 4.236296429653712039e+02 2.144252425365755244e+02 9.283373684947384845e+02 2.618403096001971448e+02 0.000000000000000000e+00 0.000000000000000000e+00 5.625567852247332894e+02 3.326119295867108150e+01 3.581565357571048214e+00 3.200586178888415390e+01 0.000000000000000000e+00 1.051944037963836536e+03 1.126948617283733938e+03 5.060527117638634422e+02 1.313411380865304864e+03 5.030621111173846316e+02 1.388108861249552774e+03 0.000000000000000000e+00 1.058089228997621376e+03
0.000000000000000000e+00 0.000000000000000000e+00 4.405594195019972403e+01 4.019443093390658817e+01 4.651575141281048431e+00 4.074261660340869184e+02 6.407786999922838049e+02 8.837907686767199493e+02 6.718027903435951131e+00 1.283653062279585129e+03 1.066271216162978988e+02 1.978831535634436420e+02 4.831995523514315209e+02 1.669590991232550152e+02 1.229184601711876894e+03 1.461444945082164493e+00 4.364439439692792462e+02 1.223870951052866296e+01 3.767729385411174690e+02 0.000000000000000000e+00 9.998657053884640433e+00 1.333032874943902470e+03 0.000000000000000000e+00 2.004128718377373630e+01 8.419626256450004576e+02 1.075057061081198754e+03 2.986446170160343740e+02 6.630981055561993571e+02 3.307994694637323505e+02 2.743133078414327315e+02 7.472590163510982393e+02 8.672909440252303739e+02 1.543711673673562643e+02 9.240525391069772922e+02 2.681983437920716540e+01 4.427907271518192260e+02 1.449637799322634237e+03
0.000000000000000000e+00 1.253385861147017522e+03 1.503165813059124048e+03 5.044728278718158663e+02 8.342985774260827156e+02 3.919579890941955114e+02 0.000000000000000000e+00 6.611360444458501888e+02 3.847591988239453258e+02 4.692716200436711915e+02 4.211544870779697902e+01 1.497171733278853026e+03 5.390675392643818213e+02 3.499005005068536320e+02 1.524590327588497871e+02 1.767245404685296819e+02 4.339877005341828919e+01 1.452984134966970231e+01 5.373415408212478539e+00 0.000000000000000000e+00 2.257708651764169616e+01 9.834990158665927993e+02 4.115972290530082773e+02 1.378698732492047611e+03 3.713720503096209047e+00 0.000000000000000000e+00 6.923032420010265753e+01 0.000000000000000000e+00 8.093476041960130374e+01 3.060054912643853653e-01 9.566204228874126159e+01 2.023594389205737798e+02 4.251393170469825691e+02 4.261954130042601152e-01 2.511651922132285506e+02 1.417765003992602033e+03 5.711863384392459864e+01
0.000000000000000000e+00 2.606344099809597878e+02 3.115728406812119147e+02 9.416780413937304957e+02 6.940139009129296710e+02 3.960481583902774787e+02 5.045819081410474194e-01 6.567883896987927983e+02 1.216236551782246806e+03 2.972361785224831578e+02 4.699828453020144536e+01 7.398974749820985153e+01 2.009211025542869891e+02 9.431522546543618546e+02 9.023506657643981725e+02 3.565623086614344288e+02 4.900621066037710556e-09 1.258100834548196190e+02 3.363801092739292926e+02 4.499761956150026094e+02 7.483591529445238848e+02 3.933240285808187187e-01 1.464051037235514514e+03 9.782431881661287889e+02 8.231673482433663480e+01 0.000000000000000000e+00 8.804870762734566370e+02 5.660900622336773722e+02 7.208246012163259593e+02 2.928216858376651430e+02 6.991541171380599735e+02 1.417574147414740764e+03 1.655503901559798123e+03 1.241068397350384345e+02 1.138764201532551169e+03 6.650730878992469570e+02 2.813186191551660720e+00
0.000000000000000000e+00 1.996626663066868161e+02 8.118626269779149425e+02 1.749382672475454683e+02 3.742451612107109895e+02 1.666851493860372102e+01 0.000000000000000000e+00 5.714678761604968713e+02 8.905584167102024367e+02 8.598356367516041132e+01 1.992999027354672492e+01 3.489608454262099144e+02 2.088743703415805157e+02 8.477610544806806274e+02 3.501104763295572866e+02 1.745845834324251769e+02 1.324562277778246333e+01 7.599775296858622369e+02 1.284273337092779002e+03 1.077184885770102341e+01 1.430599860872982390e+03 7.569057052460503883e+02 1.095859602572172520e+02 0.000000000000000000e+00 1.029823382815941159e+03 8.331486441219504968e+01 4.679551978788445012e+02 3.459754854629773835e+00 6.623734052611048639e+01 2.550580934791961738e+02 6.199069104894191469e+02 1.476910202238709189e+03 7.004845727797123445e+00 4.932225729572085697e+02 5.070668647209828919e+02 9.151448284916369857e+01 5.706145417508429851e+00
0.000000000000000000e+00 2.590771127779317453e+02 0.000000000000000000e+00 1.134282892423020712e+03 3.358745122493014037e+02 4.557071113785752345e+02 1.695918245070712146e+03 6.540432361757633544e+02 2.971870320865747317e+02 2.621051393873924606e+00 1.187458304146187174e+03 1.171283581263178348e+03 1.514030876240404382e+02 1.257835523303439459e+03 1.420563909598470342e+00 7.093230536443401490e+01 3.759016512597860515e+00 3.864779872194690142e+02 6.735408881013809150e+02 4.344388819079663335e+02 5.689403199802232081e+01 1.936713647208155180e+02 5.975906450256957214e+02 6.276923371856620406e+02 3.600265910855961806e+02 1.182679190614270283e+03 6.374853963677422826e+02 7.593566541618267820e+02 4.256375024341887414e-01 1.324197589716422726e+03 3.755122920168284963e+02 4.337733393459674858e+02 4.409455571144227370e+00 1.084301160901917001e+03 8.519432173858227770e+02 2.368252269342818579e+02 4.320847337422706573e+02
0.000000000000000000e+00 3.436895542536751691e+01 4.882297027145586981e+02 7.174422758449812818e+02 2.801571450602705582e+01 1.375973002100574050e+01 1.071160593891039703e+01 8.065360107382433252e-01 0.000000000000000000e+00 7.689609489577374291e+01 1.117047014981706752e+03 2.409170562859758604e+02 2.045019315109731792e+02 1.291656918650578064e+03 4.833588426100691322e+02 3.856289528353423757e-01 4.199991115353901137e+02 2.266797034625056142e+02 0.000000000000000000e+00 3.866656640014904269e+02 2.984244616805441979e+02 4.907499825622775091e+01 3.256559251386862570e+02 7.388763929672082895e+02 8.025149110048606360e+01 7.484535846734286224e+02 4.340998300922913131e+02 0.000000000000000000e+00 8.345926559755772587e+02 2.871956422559966313e+02 6.392906995056135688e-01 1.222910988048997361e+01 5.796828830828438868e+02 5.770207460528620658e+01 0.000000000000000000e+00 3.765685207367248495e+02 2.993287992402592934e+01
0.000000000000000000e+00 0.000000000000000000e+00 1.537094749015745498e-01 8.907288229049163064e+00 2.943062318958334913e+02 3.531189665434022231e+02 1.277295470042252873e+03 1.691801952516021856e+03 2.382453266829682548e+02 3.498231426358579643e+00 1.160053028969928164e+03 6.559793126369736456e+02 0.000000000000000000e+00 1.476556523638700185e+02 1.134602658653920031e+02 6.382993569692135907e+02 8.246997358842863832e+02 4.540250963941447537e+01 8.042235444159317694e+02 6.761561182503730549e+01 1.697824901698691136e+01 0.000000000000000000e+00 5.731876984331859148e+02 8.628823486192460734e+01 2.528989159447766042e+02 2.620649230106532457e+01 1.373551029946936453e+00 4.121650459839183327e+02 3.120517556055949058e+02 3.712174796987957848e+02 1.584786256956485317e+02 1.354375418081907583e+03 1.469598688626578678e+03 4.442601583629364193e+00 1.660045003467797187e+03 1.819160711432953690e+02 2.230846207697332204e+02
