output/example/lateral_incision_000075.asc
nrows	75
cellsize	13.33333333
xllcorner	0
ncols	75
yllcorner	0
NODATA_value	-9999
[rows 0 to 16 of 75, columns 0 to 36 of 75]
0.000000000000000000e+00 0.000000000000000000e+00 5.183526336865537587e+02 3.130071850360415056e+02 4.915655414831697954e+02 1.380356962336363267e+03 4.059387701498345677e+02 1.497715842015582666e+03 4.927873980484428529e+01 5.953693517562656723e+01 6.425295078029544804e-01 1.194283342739616287e-05 2.638001873447476815e-05 2.026420197800674146e+02 9.138677871282839149e+00 0.000000000000000000e+00 5.412460465191597483e-06 0.000000000000000000e+00 1.430772275955948469e+00 0.000000000000000000e+00 0.000000000000000000e+00 8.214038731092654518e-05 2.132444891575236974e-04 0.000000000000000000e+00 2.231114699250212551e-07 0.000000000000000000e+00 1.467995409988723132e+00 2.394697288128030332e-06 8.592563712945595588e-06 0.000000000000000000e+00 1.059712603314569833e+03 6.411687323813055173e+02 9.050124820083419763e+02 0.000000000000000000e+00 0.000000000000000000e+00 0.000000000000000000e+00 1.548180209182953640e-03
0.000000000000000000e+00 3.903323803496964217e+01 0.000000000000000000e+00 3.822332464390925111e+02 1.747069842035752218e-01 1.277973847053754298e+03 1.725453100725463401e+03 3.402688696267625268e+00 6.026997813361262279e-01 2.762050309593033148e+02 5.896243685552930991e-01 2.663333595828128963e+01 2.075377802363997830e+02 5.245793269908450611e+02 4.067074524752393927e+02 3.131538663470167307e+02 1.871878876377573589e-03 1.315370211327804057e-06 6.431548036872198042e-04 8.093339867031787662e+02 5.742582469539013346e+01 8.763151664203197910e+00 4.623939332681852754e+00 0.000000000000000000e+00 5.704786405746865796e+01 2.232924703102273511e+01 9.662371485168516072e-01 3.115299452218753800e+02 2.664358829895895298e+01 4.556377439010560124e+02 1.578665690686590350e+00 3.735935789336210178e+02 0.000000000000000000e+00 3.655390711571771423e+00 5.044055294350693538e-03 3.315906617922359089e-03 0.000000000000000000e+00
0.000000000000000000e+00 3.706438184343450644e+02 1.354910892565219456e+03 2.317175221944229313e-01 3.336554770548605688e+02 1.121241613718879648e+02 2.936622570487326556e+01 5.547647460741283112e+02 1.113452091265446825e+03 5.499064951435177484e-01 7.299907213706868561e+02 1.108454484823685789e+03 6.065164913507646816e+02 6.784563503209242299e+02 3.122677348490141753e+02 5.187894246657212989e+02 6.273072462110786773e+02 4.999348875285669069e-01 1.109800311792458416e+00 2.266314906070272528e+01 9.695299549347784023e+02 4.022188547107383272e+01 1.618363705059254244e+03 1.439235121310832142e+02 1.348508674668209551e+03 1.657460816093116591e+02 2.216251499852577069e+02 7.284253613940381911e+02 1.025721788186291121e+02 1.573685620201835945e+03 0.000000000000000000e+00 1.451336827429603638e+01 1.215268139827273899e+03 5.198728765501588704e-07 0.000000000000000000e+00 3.830548698776343031e+01 1.315712383145058084e+03
0.000000000000000000e+00 4.321738776459571909e+02 3.526945198711780449e+02 4.295298147199419958e+01 2.469252750417161053e+02 1.422215036380517290e+02 9.011629700751353766e+02 9.926467945682312575e+02 8.158505690833576409e+02 1.131680469178843396e+03 5.644792882607193860e+02 0.000000000000000000e+00 6.342656838788159348e+02 1.426782133628509882e+03 1.056164793755641085e+03 0.000000000000000000e+00 1.282106176231684458e+03 5.944069703466882144e-04 4.810660147928610400e+02 2.774359696594624438e+02 2.989874742875969815e+01 1.103644648334354542e+03 4.022526461222264516e+02 2.878666638923773462e+02 2.236806807455230484e+01 1.553288575200077446e+02 1.068151827089905282e+03 0.000000000000000000e+00 1.250517635008274738e+03 5.861587468595557766e+02 3.111474522022604106e+01 3.492420698684328499e+02 5.413448835742681098e+01 9.408030602935713027e-03 0.000000000000000000e+00 1.652734901006946870e+02 5.326982743998011074e+02
0.000000000000000000e+00 7.671222772442811220e+02 7.166619716759680614e+02 5.145197956422990160e+00 1.521448029729593372e+03 0.000000000000000000e+00 1.100739853572022412e+03 5.420471389146952106e+02 7.545689451042371159e-04 2.876345523351163669e-01 8.240625060960857127e+02 1.724702472839093446e+02 2.364097109277676054e+02 3.970654243175820284e+02 1.049448728316859558e+02 8.532227800596164116e+02 7.448468740884742374e+02 0.000000000000000000e+00 8.544185164246532622e+02 7.916623940321370867e+01 1.199101675907093522e+03 8.216028509423825881e+02 1.011845998251883088e+03 3.279373614774788166e+02 4.050112502004960788e+02 9.764791642390545121e+02 1.068002578622389592e+03 1.576371341742954655e+03 1.283186665923982162e+02 5.525146982942705876e+01 1.630038457637406964e+03 4.743432343942417901e+02 1.423942039091529978e+03 6.664659361790225489e+01 0.000000000000000000e+00 9.023099363283345156e+02 1.311631894309459589e+01
0.000000000000000000e+00 5.412202207972261192e+01 0.000000000000000000e+00 1.680629530109441910e-03 1.162441314207831589e-01 8.343096487349473591e+02 0.000000000000000000e+00 2.857064122448772991e+02 3.954365041261362990e+02 3.657412846187524025e+01 1.164610392720202420e-01 2.524962919166801356e+01 3.944094844758586760e+01 1.363009594963762083e+03 3.064078375273571631e+00 6.167087386879219366e+02 6.610420786214185682e+02 7.804130167280860633e+02 7.947622056040665939e+02 1.925659389823360925e+02 1.026956033027778403e+03 1.660699793968640847e+02 6.788694601344346893e+02 2.507268693618173927e+01 5.613230934851391112e+02 8.249676291536056638e-01 0.000000000000000000e+00 2.549936093655905722e+01 3.625638968574444334e+02 1.061764465956209991e+00 3.049620458368086133e+02 6.867459475514383485e+02 2.492065227196201533e+02 4.795864873991277477e+01 0.000000000000000000e+00 1.431368976772101291e+02 2.713210467408540083e+01
0.000000000000000000e+00 1.831639471989755350e+02 3.858526378796240692e+02 4.248960483413411282e+01 2.012090750138676398e+01 4.564519089314982807e+02 1.987875454533530046e+02 0.000000000000000000e+00 4.426529117752059506e+02 3.843297198946522144e+02 1.022273775677025753e+01 4.463782024152005761e+02 3.211421014384601449e+02 5.829525027385002431e+02 6.018708914319913674e+02 8.069114495088459960e-02 8.422681714877519425e+02 8.013995021989160250e+02 7.780172247374536028e+02 4.407261461181332152e+01 2.037734061164365329e+01 8.380240525786017542e+02 9.957191253321242357e+02 6.282206247178047320e+00 1.758369233286048825e+02 4.043751604822192203e-01 1.092609855841752506e+03 2.969711154051583435e+01 1.392761152093278042e+03 1.311247951752706911e+02 1.318397113222636108e+03 8.019845092150268329e+02 6.057974389314432528e+02 0.000000000000000000e+00 2.616298426171107394e+02 1.015793891808496483e+03 2.921422698120658978e+01
0.000000000000000000e+00 1.051355300324367590e+03 1.089196163901309866e+01 3.587669709466680956e+00 7.856988426894235999e+01 3.897077840932901154e+02 7.379998931058814549e+01 4.009090575028018861e+02 0.000000000000000000e+00 1.841085959627690727e+01 6.127313447350189080e+01 1.951129913720436093e+02 1.737485134769370916e+02 6.610929836212001192e+02 3.770725763263285302e+01 3.971127399575501045e+02 6.574960202094081296e+01 1.589039482627406414e+03 1.821685981141574473e+02 1.004070420191723656e+02 5.874208079937832139e+01 0.000000000000000000e+00 1.806229878582785773e+02 1.046402254495215402e+03 8.296967552174233163e+01 7.023773106168814593e+02 1.073915039825003987e+03 6.991002175177662821e+02 5.086502944346656250e+02 3.533733322067763583e-01 7.065447974613620374e+01 9.453041424552893757e-02 5.188607742256624533e+02 4.023602009870269853e+02 1.072924142454503226e+03 2.448131616484068900e+02 6.218695473520094765e+02
0.000000000000000000e+00 2.921079354327098013e-06 3.956879311070782137e+02 4.482010134078332158e+02 2.971179345688183844e+02 3.400370063713371565e+02 3.671091030348624940e-01 1.926556263303979506e+02 4.918900333118447747e+02 1.321422014996140426e+01 1.432273847752128972e+02 4.134011823501589333e+01 1.012923529147048953e+03 2.246051346607377752e+02 1.682056691370932413e+03 2.025796989484875521e+00 2.591022613367748306e+00 3.848999575652003813e+01 1.107232471265643881e+01 5.951359415929581473e+02 0.000000000000000000e+00 5.277013197284258013e+02 1.380117102761231536e+03 1.188437065981091109e+03 1.816042455465130558e+02 4.756583749679901985e+02 1.011123065347171860e+03 6.697710579891515970e-01 1.146110862918870765e+01 2.702486659353068887e+01 6.964508370951111829e+02 1.315279748651094224e+03 3.826324406123552535e+01 0.000000000000000000e+00 2.350621258447697315e+01 0.000000000000000000e+00 1.381692583082807914e+03
0.000000000000000000e+00 1.260012520702495522e+03 6.215050768015370295e+02 3.486979713493982445e+02 3.876396599164373242e+02 1.098105259917861121e+00 4.381785148606450093e+02 1.892129935598397026e+02 1.112224348851892046e+03 0.000000000000000000e+00 3.342022359474932358e+01 4.912915658318674446e+02 5.416583371206220363e+02 4.490291748112043706e+02 5.924876325377380626e-01 7.494004721075003772e+02 1.411448885794881789e+03 1.281684539130989606e+03 1.598143082834190636e+03 6.448066305883474847e+00 4.223280891877646468e+02 6.577905476139607188e+00 1.738690697485897330e+00 8.788400064318918226e+01 1.196995435904756505e+03 0.000000000000000000e+00 3.081015114057024551e+00 1.655824154696413757e+02 1.084892124943591170e+03 1.015246629022955062e+03 1.231474488143739109e+03 3.252830981324873960e+02 5.167142401212702691e-06 3.599940778342632370e+02 1.367934202634282656e+03 1.456413789738611058e+03 2.959601442619574740e+01
0.000000000000000000e+00 0.000000000000000000e+00 1.492891900346741068e+03 1.569115913444100670e+03 3.024211717348708248e+02 9.730421994105248018e+01 1.577437149324033498e+03 1.909359482120338498e+02 2.412075404658634170e+02 3.142973455882589029e+00 1.177275776108748460e+03 7.175329824186902670e+02 1.818214219071226712e+00 1.193952780432792210e-02 7.536955187856285647e+02 7.064563136009653590e+02 9.170622509134726670e+02 4.754134930436811146e+01 2.045905696498234420e+03 9.212827765244172724e+02 1.079458437976526497e+01 7.881499818542590674e+01 1.296664768912875843e+03 2.327057213533250402e-01 3.467636769511495487e+01 0.000000000000000000e+00 1.665995557796155254e+03 2.407376475673333118e+02 4.426485458436322062e+01 2.361449248474810414e+00 1.597000887726496217e+02 1.444355603625471884e+00 3.919060847950655102e+02 1.090404067430239138e+03 3.389118096222404120e+02 1.118991222178873841e+03 4.121126178244348921e+02
0.000000000000000000e+00 5.947941007958946784e+02 2.289513781382901403e+00 1.684201518913931750e+01 1.687522968501828302e+01 3.241012864365657720e+01 9.261178194909005512e+00 3.309305642866782478e+02 1.578220006406067114e+03 1.144462025323207854e+03 5.785151833112165605e+02 5.813531252637622160e+00 3.213953456744681034e+02 1.085586972159054312e+03 2.159179514345562212e-01 1.740767495070508630e+02 3.830042519731915895e+00 8.522308182123437348e+01 3.388282020811853954e+02 2.410805017916360926e-01 1.036860581258183402e+03 8.456777181646046415e+01 2.834217251291665889e+02 6.157427128697813714e+02 8.872537960344103567e+02 2.008731761194183285e+00 3.768341368136757410e+02 9.091395073169036323e+02 5.920604508818538534e+02 1.010252124538041233e-03 1.915330979047742801e+02 3.723508926294980981e+00 3.606033246429179258e+02 3.177729932162462205e+02 4.638339834403478079e+01 1.070235749972592430e+03 1.079673284100488573e+01
0.000000000000000000e+00 5.116353338680563212e+01 1.020625349544077835e+03 1.810612383273913224e+02 1.625233887798369551e+03 9.022266694610855211e+02 1.095608423618324878e+03 1.455913196459068248e-01 1.921166865523903811e+00 7.136114991095837690e-01 0.000000000000000000e+00 2.680317421078625557e+02 1.420912851654584074e+03 1.071763801483531552e+03 7.536601335217055748e+02 1.016720899685805648e+03 7.946150719828087006e+01 0.000000000000000000e+00 2.891180707409410502e+02 3.353303299871602121e+02 4.332589486132301992e+00 5.547676132451731519e+02 1.831812440398658453e+02 1.272094537417898437e+03 9.285404611396192820e+01 1.479346258700825274e+03 3.115318616429758602e-01 5.190272546353411371e+02 4.793702132289870406e+02 1.734834074398374071e+02 7.353133397011991974e+02 9.619544602462559624e+02 3.812708387590644321e+01 1.515017956409100179e+03 7.461200306369268276e+01 4.318770643870969934e+02 4.451881291633697515e+02
0.000000000000000000e+00 9.659759422694922932e+02 2.439534561186283312e+01 0.000000000000000000e+00 8.089987610546079395e+02 4.179745296494003242e+02 1.038625065227368850e+03 8.069111186337079289e+02 7.017030152872424651e+02 4.689645628502643717e+02 2.204622369934701851e+02 4.510149149184986689e-02 8.189123931174835889e+02 5.020392837839873437e+02 2.939865592466153998e+02 2.602299960768538085e+02 7.891816517836743969e+02 8.760364941841241659e+01 5.999989360102867977e+02 8.711673972202390814e+00 5.193702965847255167e-03 5.061329807702287553e+01 1.057035771552229306e+02 6.142890863257947132e+01 5.043511048978972440e+02 1.482378590457924247e+03 7.044423652009165835e+02 4.329470020532351526e+01 3.414157229956311426e+02 6.803929704932127009e+00 5.604178092511261866e+02 1.064040365186400322e+03 2.863802409936901654e+02 6.355753707135870512e-01 4.378584605836666697e+02 5.538584275080303413e-04 0.000000000000000000e+00
0.000000000000000000e+00 0.000000000000000000e+00 0.000000000000000000e+00 3.194114981387759826e+02 4.150996917130582164e-01 2.377318053372237046e+02 1.511244608405149847e+01 1.058916556217400284e+03 3.397412031469199345e+00 1.386218144589500980e+03 1.738505159112547105e+00 2.443456871891078492e+02 4.277603034213483646e+00 1.544960240694589857e+03 3.540679799292724965e+02 4.711393415859250240e+02 9.071164155802674713e+02 1.105606195080839882e+02 6.064567376944911530e+02 4.777367428417837042e-03 1.617754446903602317e-01 1.715540558919018466e+01 1.197553760325429266e+02 7.893203692014406914e-02 2.970494184358040801e+00 3.736397320969010138e+02 3.387397123551272102e+02 5.354159817357319184e+01 1.538146467764976023e+03 1.510308005299977594e+03 9.733757506899815484e-06 1.776499105941080304e-04 1.241348312679020637e+03 7.357879933897723390e+01 7.452033971902303620e+02 1.132706919641651060e-03 0.000000000000000000e+00
0.000000000000000000e+00 1.027172427527529635e+03 9.014410794791808712e+02 1.229729055962477133e+02 1.591823099334591234e+02 0.000000000000000000e+00 0.000000000000000000e+00 6.425257104028925426e+01 3.472848377406924669e+02 1.267447568241695535e+03 4.321585050831980652e+02 6.288953435917323986e+02 2.241309419907996983e+02 2.190633239497634221e+00 1.586127292822377058e+03 2.465765932625015182e+02 2.972951795647830409e+02 1.297979827937482185e+02 5.887972003947681543e+01 0.000000000000000000e+00 1.653686514596642496e+02 1.879297774226629087e+02 1.065126227100346354e-05 3.692066644187515456e-05 3.075566685024510583e-01 1.959689038415897335e-03 2.501029249422021223e+02 9.297858533450493042e+02 8.679081913997020337e+00 7.725279019736742612e+02 5.652751875495021068e+02 5.548952102121265106e+00 1.176462892816695103e+03 2.657935606977758312e+02 9.415139018716672581e+02 0.000000000000000000e+00 1.597007668537113290e+00
0.000000000000000000e+00 1.482235278311535239e+03 2.799140936407944196e+02 6.156385815112997051e+01 1.430096383604103039e+03 3.088327706451379981e+02 1.446285696495598359e+03 4.772430880689906871e+02 3.514537986343534612e+02 4.735101617558898965e+02 8.912229076160868568e-02 1.086251379190256557e+03 3.540679799292724965e+02 1.583049233257150718e+03 6.654030149954578199e+00 1.506815315469802954e+02 1.330311228638254573e-01 2.858038730173449267e+02 2.118927479760504795e+01 5.249340049553040899e+02 1.234898102265339475e+02 1.516111943492276453e+02 4.013884491820923586e+02 1.583348744707987521e+02 1.328468570897515519e+03 5.276896179539569403e+02 8.002323297739865282e+00 1.163845620060830697e+03 0.000000000000000000e+00 4.926308677782252516e+02 3.440092235435769794e+02 6.104428213011808566e+02 7.338273362196761127e+02 1.088085205800144024e+02 3.087250102460909034e+02 1.477972323077990228e-04 5.885383277768121957e+01
