output/example/lateral_incision_000267.asc
nrows	75
cellsize	13.33333333
xllcorner	0
ncols	75
yllcorner	0
NODATA_value	-9999
[rows 17 to 33 of 75, columns 0 to 36 of 75]
0.000000000000000000e+00 2.513021228251591310e+02 0.000000000000000000e+00 7.849128938220386544e+02 9.427339263951283783e+02 0.000000000000000000e+00 0.000000000000000000e+00 1.713914625508257643e+02 8.895202327262759354e+02 1.731368766299048332e+02 1.308148657593879349e+01 1.353571926066396372e+03 1.037923295163333705e+03 1.266425777775623146e+03 0.000000000000000000e+00 1.521043506021917210e+03 5.494875340196077786e+02 5.720044973449425196e-01 4.713497882534275050e+02 1.178185079747971429e+02 7.041157410493509587e+02 2.860675677252426112e+02 3.908980705447919490e+02 1.199990792192032103e+02 1.052549177023805896e+03 2.067611420199573047e+02 8.409131813497182293e+02 2.559476042594849616e+02 1.344601159646400902e+03 2.403866732107228454e+00 2.537156140420111328e+01 8.720337549792375187e-01 2.185063265502364231e+02 0.000000000000000000e+00 5.724116576285426561e+01 0.000000000000000000e+00 1.803467977420004420e+00
0.000000000000000000e+00 1.468204381012901422e+03 4.567053651601177648e+02 4.658364618829644033e-01 2.000466653397615602e+01 6.545779552317417256e+02 1.401282615647598391e+02 1.212367903671254453e+03 0.000000000000000000e+00 1.792344757086148661e+02 9.434985415364574237e+02 0.000000000000000000e+00 1.392395753980155138e-01 4.526468331163346268e-06 1.552039659227096990e+03 1.214831116770047625e-01 1.333798434587870588e+03 3.475902449679683741e+02 6.198260039026192914e+01 4.249403983852113953e+01 6.363955006731085007e+01 1.064220175563030608e+02 1.550808188173204371e+03 9.531432976952245895e+00 1.630925301265641110e+03 3.510315643103076582e+02 8.952960476249506883e+02 2.154167628859298986e+02 8.388344079007320033e+02 5.987370558727797061e+02 1.258067067155108816e+03 1.680620885926801122e+02 3.908224396429811804e+02 3.377484063750755467e+02 5.329769227613406883e+02 9.441996197836316469e+02 1.823526429989572932e+02
0.000000000000000000e+00 4.521675058835069194e+02 1.033915453967340454e+03 7.659023715933459471e+02 0.000000000000000000e+00 7.364508968373331754e+02 1.226421060841516464e+03 1.172880346143442409e+02 1.530531888094771148e+03 5.730790630806287567e+01 2.380043349353395854e+02 1.027431061470527993e+03 4.146401018070118312e+02 6.183074634753787677e+02 0.000000000000000000e+00 1.478675206343513764e+03 4.567566015883396346e+01 8.840949715434119582e+01 8.537074307430863485e+00 1.307299725179289567e+02 2.107988383734588922e+02 1.900280496271738286e+02 2.587612523499643089e+02 2.081846997884618702e+02 2.370603927011226464e+00 3.733817239886528938e+01 1.364072448746731197e+03 0.000000000000000000e+00 1.421153083782993463e+03 3.439766749228778053e+02 7.888920827558029032e+02 1.387327852533494088e+01 1.453900969323674644e+03 1.337993939170098567e+00 4.759988969682045195e+02 1.066687769636550684e+03 5.037753024690234156e+02
0.000000000000000000e+00 7.258103000723579044e+02 2.731848631422438611e+00 5.246767822095429210e+02 7.109035116260616860e+01 1.102323969337284204e+01 1.110770178349339858e+03 9.455011780387596598e-01 6.636725052058465053e+02 1.181109510511406597e+03 1.101030872778923353e+01 2.558589032388418616e+02 3.017182878031666959e+00 4.297723140527153163e+01 1.285849044350044892e+02 4.828773317498462347e+02 9.747650165622603708e+02 6.068313232881830999e+00 1.076978303603654695e+03 7.451209317281766289e+02 5.214250003592691201e+02 9.293068159257080652e+02 4.314741924801845130e+01 6.693497533649701836e+02 5.372352639336479569e+02 4.025538954118633228e+02 1.108123190563818206e+01 2.022926164313169011e+02 2.260864615357808134e+02 5.966809805482523643e+02 7.188528633376330390e+01 7.659299176635522599e+02 0.000000000000000000e+00 9.301419642700106682e-03 3.548623834078581041e+01 2.015916235188998762e+00 4.175844055668697479e+02
0.000000000000000000e+00 3.779699055504123635e+02 1.302792647236955418e+03 1.221454842113816767e+03 6.012648031777272308e+02 3.279169525384775739e+02 1.062133560412670249e+03 5.881668165632363525e+02 7.063056064396486136e+02 3.507772544536236410e+02 3.296042817838627457e+02 5.829271754276971933e+02 8.495446749135044229e+02 7.775341587353003661e+02 7.343075089106959830e+00 5.998154841027969724e+02 1.633618921449338757e+01 1.374417955910665901e-01 2.191118189937428156e+02 5.542530161128227064e+02 5.783750132972531901e+02 1.235792820985335538e+02 5.962803358538571956e+02 5.595452583951065435e+02 6.470709356555064460e+02 0.000000000000000000e+00 5.785668705575510558e+02 8.322289961860892049e+01 3.415056876231147953e+01 4.657743125427860491e+02 1.150417930364787793e+02 1.433671944822015803e+03 8.111412355150855547e+02 4.024384397514938314e+02 7.871049239416317960e+02 2.477533474303972696e+02 8.433357484134319515e-01
0.000000000000000000e+00 0.000000000000000000e+00 2.211956081702284962e+02 6.383574944786543881e+01 3.587041427474179045e+01 1.853631351015869455e-01 1.590396803843756035e-01 1.463783576317879351e+02 8.476580475221613824e+02 9.960200566412288481e+01 8.934619286107857761e+01 1.298061753730922590e+02 2.978438215251900374e+02 2.015194778037707408e+02 2.404076000844094807e+01 1.287711887521059140e+01 1.221793250151497205e+03 1.167340683984948981e+02 2.053482107282293523e+00 3.304147982734192510e+02 4.198558164608951984e+02 3.433061502151284685e+02 1.270761102634490136e+01 1.237473436145630323e+01 0.000000000000000000e+00 8.949864331289187476e+02 4.126834817708944456e+02 0.000000000000000000e+00 4.578782131621427425e+02 3.561327562237408539e-01 2.268285842355944908e+02 9.512561920552727770e+02 4.588107189176764678e+02 5.416231214807486483e-01 1.442304538424171369e+03 4.566373902098797011e+00 1.449367082849253848e+03
0.000000000000000000e+00 1.207698300540408809e+03 6.295812993584555670e+02 1.734726005439843448e+03 6.053539324588060708e+02 8.342805443873183435e+01 4.161128122905880105e+02 1.458158896665957904e+01 8.126222540493083457e+00 2.675353614200815924e-05 2.557658473164789470e+01 4.013648472418898905e+01 5.610809618159328238e+02 7.052770375033317407e+01 1.010523532668321650e+03 0.000000000000000000e+00 0.000000000000000000e+00 2.034958624758073142e+02 0.000000000000000000e+00 5.987718566382724248e+02 2.791990066074001220e+02 8.916306696379454024e+02 1.584974301390289275e+00 1.822995152236025973e+01 9.006799375957459688e+02 1.232208189219983012e+02 2.218832635637653823e+02 1.272032651816745386e+02 4.831883878812821536e+02 3.632620786948681939e+02 2.682105188773636906e-01 5.506590779288910653e+02 1.404671885151266224e+02 2.454089534102894277e+02 3.303527061723684000e+01 1.470818935366228652e+00 3.569892778718495308e+00
0.000000000000000000e+00 5.971043797438519161e-07 0.000000000000000000e+00 7.881040796258234877e+02 8.001740298961165081e+02 5.939276113895497033e+00 7.050175925199682752e+02 3.444401156987827903e+02 6.687015399974875436e+02 5.289871263779166384e+02 3.342471707566282362e+02 9.237124122977896832e+02 1.420490416825766715e+02 8.931648962957930280e+02 9.795584578506746709e+01 1.840363589356526219e+01 5.298599594137173199e+02 1.062413154493328271e+01 6.029700859498161236e+01 6.871981274466524070e+00 6.090821878088688379e+01 6.462476661751710481e+02 1.010646637656871327e+01 2.767857745134642755e+02 6.280629102091307425e-01 1.288784191934153569e+03 6.344431668259981052e+02 5.631210789588342180e+01 1.120795611880828702e+01 5.835032653418988247e+01 0.000000000000000000e+00 2.652763902126665485e+01 1.872875130800922534e+02 5.078237826637848684e+01 5.883078907516489835e+02 1.173839774564863319e+03 7.579153829344527367e+02
0.000000000000000000e+00 7.985881509465527870e+02 0.000000000000000000e+00 8.682951236998039803e+02 2.503202819812927089e+02 1.932711977527691829e+02 7.740271861329617877e+02 4.341863294941310869e+02 0.000000000000000000e+00 0.000000000000000000e+00 9.871810062590698820e+00 4.526263510927040556e+02 2.061666902895591680e-01 1.470805479760873027e+02 4.031801379327648647e+02 2.662879263943876822e+02 5.503483544995396493e+00 1.155511614410850370e+03 2.179186139133180689e+02 2.273854795200205814e+01 4.161753199523473086e+02 6.724526161888172426e-02 5.087453949883685027e+02 2.062940383734789691e+02 1.041720675313348693e+03 1.840723077460757224e+02 1.247075573284130769e+03 1.524739704702803067e+02 0.000000000000000000e+00 1.843982529229188287e+02 1.207136174464896961e+01 2.443590268221279018e+02 7.578878614755045646e+02 1.917511992341517058e+01 4.622229341446060857e+02 4.748920816528555520e+02 7.164089937472281235e+02
0.000000000000000000e+00 1.514911195601642930e+02 7.748112260303604444e+02 4.176533167495010446e+01 6.029840716610166282e+02 1.062180165936720471e+02 1.083783339220254618e+02 7.927500422050246698e+01 9.571530772233160178e+02 1.379943752869951140e+03 1.298968002598460032e+02 8.564689683539131693e+02 0.000000000000000000e+00 5.229210213786540606e+01 2.067799054568157047e+01 1.831371273195907747e+02 7.319093375600394893e+02 1.024072390562532675e+01 0.000000000000000000e+00 6.632200287605363656e+02 7.215784487234474227e+02 1.025620255641250196e+03 0.000000000000000000e+00 0.000000000000000000e+00 8.685017553279618596e+01 3.502753026602813069e+00 7.870537337124169142e+00 1.005677124256990709e+02 9.433295654283788281e+02 1.961588130875328488e+02 3.118940891248728349e+02 1.706412138150208477e+02 6.565620114934362164e+02 9.950890906247714440e+01 3.061871105098094858e+02 1.755205819288414375e+02 1.052032753629364237e+01
0.000000000000000000e+00 1.120400812894127540e+01 1.590577978733664111e+01 7.310730075198296163e+01 1.533423108951959257e+01 4.328057676654112895e-01 1.597098118432642266e+00 0.000000000000000000e+00 6.281427869471878012e+02 8.909823938133171168e+02 9.997836514270225905e+01 2.561534907386431428e+02 3.920380350007317816e+02 5.041870977751357827e+02 1.342108276299529962e+03 1.022567028448442557e+02 1.226101470534663576e+03 9.266541807679910789e+02 7.193763045140391341e+02 9.663063930200593177e+00 1.119356567814755181e+03 9.986770123389977698e+02 1.656616512597369422e+02 8.768448649063947187e+02 1.544539617827705115e+03 9.646319261706523776e+02 1.428464544167406530e+03 2.623938612009901306e+00 4.776736140149019434e+02 2.519439030652504963e-01 8.864911959324068675e+02 2.186787764549143198e-01 3.066690444467872823e+01 5.186630082803782571e+00 6.353082793574122888e+02 4.765499009164953748e+01 6.442787364763191817e+02
0.000000000000000000e+00 1.198514777750077656e+03 3.314566019337257075e+01 1.401241427938944980e+03 5.980949062128980813e+02 1.187772222267543611e+03 1.189530733787341887e+02 1.526900167967669177e+03 7.076078532508581986e+01 1.757838993572018126e+03 1.982456104905810435e+02 7.673085111374276721e+02 5.764556640881702378e+02 3.228441225166216668e+02 1.139358575998908009e+03 1.034380928245269393e+00 1.015708902310251602e+02 1.065487703371170710e+03 1.720384454394296938e+02 3.562665503351819529e-02 7.178548341660587084e+02 2.931846646555273423e+02 8.785958196033556078e+02 2.193094070754816016e+02 5.232682878951001157e+02 5.405647509098029104e+02 1.201435621454491638e+03 4.562396519227478962e+02 1.247821573391380980e+03 1.422574103454691681e+02 1.269924249941834375e+02 7.371890354447270965e+01 4.885908210412410426e+02 2.611787539825273541e+01 1.450469831678959736e+02 0.000000000000000000e+00 3.173239682033484996e+02
0.000000000000000000e+00 6.046133934905404885e+02 6.144598350313270885e+02 4.065213430139676234e+02 1.465344913492964452e+02 6.469710185917492140e+01 2.990172621276287259e+02 1.240402555463509316e+03 4.994517364480013271e+02 1.602348775331629724e+02 2.769714389368867273e+02 1.872077609078160663e+02 2.791104987846222230e+02 9.019589474435639431e+02 9.728267678483073055e+00 4.182510736040620714e+01 2.198591945653948301e+02 3.762852761897839855e+02 3.760042561231986724e+02 7.948807380914915655e+01 2.672389289904118073e+02 2.690652297864270395e+02 1.082897732224991842e+03 1.822099367668074024e+02 3.116573885416384542e+02 0.000000000000000000e+00 8.067047751631770325e+02 7.292216986642035863e+02 2.992317105946378888e+02 6.203246318459551958e+02 6.547623883394791164e+02 3.842022266196849500e+02 7.874185532940886389e+01 5.207361880713019673e+02 1.459711083260537237e+02 2.094357324065551751e+01 1.746053544066101892e+02
0.000000000000000000e+00 1.419062761686286755e+01 7.574595538677610929e-01 0.000000000000000000e+00 1.835745979725770667e+02 0.000000000000000000e+00 7.804361043865227430e+02 3.139815343190419412e+02 1.798701843945098062e+02 6.880293201577303535e+02 1.240468836181779579e+03 1.242072675804980236e+03 9.147284010402224794e+02 2.460335368591215968e+02 6.107853420884331399e+02 1.324696813519451553e+02 0.000000000000000000e+00 1.428473634355099193e+03 1.274973819481720909e+02 2.276702714962922869e+02 6.450629395549715355e+02 1.788792512494253728e+01 2.617345262137519057e+02 2.531845164643963031e+01 3.123506373882037792e+02 7.169368727960966226e+02 3.975138503951162749e-01 2.594988606497272698e+01 1.751105498523241408e+02 9.738770569836680124e+02 6.567006766655217689e+02 3.465255534089978369e+02 0.000000000000000000e+00 0.000000000000000000e+00 1.672369746644676880e+01 1.757460009878686265e+02 4.464503230893010368e+02
0.000000000000000000e+00 1.758455655696585609e+03 1.044508646659617625e+03 7.657859434945409021e+02 8.370725817949810335e+02 9.465608425350700017e-01 5.287682988352586335e+02 6.214575119782375623e+01 2.194202532336759646e+02 4.872467261156489537e-01 9.334935516096021502e+02 4.828023764492479775e-02 7.123346466508232879e+02 3.985271180246013500e+01 2.002071680700611580e+02 6.729484812821326725e-04 1.236343672914472691e+01 6.629817282744705835e+02 4.550234312343823717e+02 3.470284409416780704e+02 2.268802533797119452e+02 6.401745824905262907e+02 8.184730329613709898e+01 4.132196320772189893e+02 3.880893444383460746e+02 1.128763818896499060e+02 7.683313227889954078e+00 3.723396814954505771e+02 7.186022824583168358e+02 3.938349315508556856e+02 4.761724122360417937e+02 4.691439339428586663e+02 2.185221378620117036e+02 1.438114557787095237e+03 7.729645704931648424e+02 7.933846168961163903e-01 1.272071076221431213e+03
0.000000000000000000e+00 6.857005712941922582e+01 3.118473871194078129e+02 6.016202822665663064e+01 2.166131475070123713e+01 7.184490167885307983e+02 4.566183237590717567e+02 7.886167048184903328e-01 2.256563948946603304e+01 2.852499062213454977e+02 4.828478496731939629e+01 1.003166266560684335e+03 1.237578000154886240e+03 4.090704117382639993e+01 1.280480446838902253e+01 6.292396912417808608e+02 1.056604579505650288e-01 7.249875899909393411e+02 8.699407188658933592e+02 6.691183871279326922e+02 1.031348710322834279e+02 3.311841392991833573e+02 5.264212619817727301e+01 1.246028640333225439e+03 5.060336626745800537e+00 7.594375867564646221e+00 3.277237241000940315e+01 6.001464770591494613e+01 7.465963528980514639e+02 1.272974975671857152e+02 1.210474919995682086e+01 1.806324063164540348e+03 2.850909557623760406e+02 4.407774000880848142e+00 5.666840210733939784e+02 1.284600166035539246e+02 1.625771140928328578e+02
0.000000000000000000e+00 1.237005376769206123e+03 2.073589535232538310e+02 1.039092310389231443e+03 1.880010690078413802e+02 8.741275421885601915e+00 2.317635568475936054e+02 0.000000000000000000e+00 7.774746730000258594e+02 5.102238890917252547e+02 4.481910319698619674e+02 3.738105327638815645e+00 0.000000000000000000e+00 5.468381705407892923e+00 1.034963596943473050e+02 6.074574675090406117e+02 1.195379202910039282e+02 1.916769576256138805e+02 1.879043064933767937e+02 2.174070174949514112e+01 7.545270916614405223e+02 6.367733877097064124e+02 6.020218374722276167e+02 7.029243693551176508e-02 5.408995849115759711e+02 5.218765047478727865e+02 9.785946325517983269e+02 1.782597654047584399e+02 1.556172888756355803e+02 6.126960900203136617e+01 7.181418148123550509e+02 4.042949172747427724e+02 1.278653883021612955e+03 0.000000000000000000e+00 1.520987145913987604e+01 1.561395203114270316e+03 2.951360583703835871e+01
