output/example/lateral_incision_000373.asc
nrows	75
cellsize	13.33333333
xllcorner	0
ncols	75
yllcorner	0
NODATA_value	-9999
[rows 51 to 67 of 75, columns 0 to 36 of 75]
0.000000000000000000e+00 0.000000000000000000e+00 0.000000000000000000e+00 2.475979490406746493e+02 0.000000000000000000e+00 3.547590982419662531e+00 1.273753126685122794e+01 1.573514789077188993e+02 2.337696886738843034e+02 1.734918582233439421e+00 3.496632223583677614e+02 1.512421291453996952e+00 7.259571572236878865e+02 4.910022996023918722e+02 1.921383773231580676e+02 1.883651094192220796e+02 1.250867412760816478e+03 1.046317072756716470e+03 1.283426491072682009e-02 7.635549941607308710e+02 9.760178922714269447e+02 5.676575297675403675e+01 5.785561321323137918e+02 2.567773860811225859e+02 4.034472489255174210e+00 0.000000000000000000e+00 5.383804671717493875e+02 1.697524563235723605e+01 1.036486228953782529e+03 3.076160787477798522e+02 1.345087478867563277e+03 0.000000000000000000e+00 6.365986999535213045e+02 1.370016595622842715e+03 0.000000000000000000e+00 2.432648160272469227e+02 2.739610444289392603e+02
0.000000000000000000e+00 1.044213487665793309e+03 1.734323555822812523e+03 6.145867857414514219e+02 2.626446358132513481e+01 1.212027575480543184e+01 4.071393080005022114e+01 0.000000000000000000e+00 6.792814357853832519e+01 1.309459432913156888e+03 4.333605878957866864e-01 9.373693465313699562e+02 1.595936993516729103e+02 2.020864465751933992e+01 1.166673125790628774e+03 1.853732130423853164e+02 1.175793495456791106e+03 1.182685358293157378e+02 3.335278556900748725e+01 4.088559687240533549e+02 3.950338068119966795e-01 1.285044905119953000e+02 2.218545477678318605e+02 0.000000000000000000e+00 1.070254900137808534e+02 7.317028607815660735e+01 1.440196444344637939e+03 1.685321852048592817e+01 1.107089666810940258e+02 3.842241193699661750e+01 0.000000000000000000e+00 7.606092277675783180e+02 7.140467107425815811e+02 5.339056986647067333e+02 1.584597284856954502e-01 1.730135593671813240e+03 4.355851086596516097e+02
0.000000000000000000e+00 0.000000000000000000e+00 9.643742291872487158e+02 8.307061238926096394e+02 1.006454297139182330e+02 8.761513224207529760e+00 2.531337328245307106e+02 1.130271814812158624e+02 1.004027060833641087e+02 3.816306468574058499e+02 6.361119863067824554e+02 2.363924293471869120e+01 6.210505475386643184e+02 0.000000000000000000e+00 4.666629950417822137e+00 5.557563149064299068e+02 3.297415311195708796e+02 6.997462809322531712e+02 5.213638422689015215e+02 5.284244815150309478e+02 2.609636642509724158e+00 8.320664665058570790e+02 9.783159355256567551e+02 1.431558361689702224e+03 6.333082461350521726e+02 9.063974850624497037e+00 1.263157497359243706e+02 1.616992943619531502e+02 1.031564092044956851e+03 6.669511871261019076e-02 1.337291635801878975e+01 5.299791147221900474e+02 4.128547090708464680e+02 7.120027555069701748e+02 7.010568525190945255e-02 5.830059485453932666e+02 9.360479640724499859e+02
0.000000000000000000e+00 0.000000000000000000e+00 6.062691140652983677e+02 1.208967898628022510e+02 4.575306332424805760e+02 1.468499685502877294e-01 6.647689567259106980e+02 5.695967470807664768e+02 1.262492867537501127e+02 8.650758796612474555e+01 6.702367539180116573e-02 1.006561990695847726e+02 1.905942087467398096e+02 1.696849620408076134e+03 4.414621371929576377e+00 6.744203784910365584e+02 3.480014741619543770e+02 5.163403639891301964e+02 0.000000000000000000e+00 4.251172180283199395e+02 1.747551258994933505e+02 1.254447575668320158e-01 2.764132073625135604e+02 8.855601900052629389e+02 0.000000000000000000e+00 1.573621092192894366e+02 1.391167157417435618e+01 3.672573528606101201e-01 8.337278417738561984e+02 1.245306088438206189e+03 9.933657551609645964e+01 5.873780954713741949e+02 4.687857297493511055e+02 1.858299776346099996e+00 1.082864534699393971e+03 6.140553574365870872e+02 1.438696963689183804e+03
0.000000000000000000e+00 1.651719168434076437e+03 8.044788509521971775e+01 1.033624185881259336e+03 5.453118461781987207e+02 5.759405427725332629e+02 2.049974670572680679e+01 3.550165514109810516e+01 8.781792632385104298e+02 7.190538236090006363e-02 0.000000000000000000e+00 1.232754929520951848e+01 6.823774874642536759e+01 1.231836567669161582e+02 1.365600617329433362e+03 2.377356684320471629e+02 3.664905911256182236e+01 1.543290842462826049e+02 9.795572509590114123e+02 8.672101651711140846e+01 4.617851012809029498e+02 6.195348295778531078e-01 7.467864161299601165e+02 3.788570811228501611e+02 8.277971226610816302e+02 1.314581884280184568e+03 4.796412391056447788e+00 1.265761702952304631e+03 0.000000000000000000e+00 3.598112577733743045e+00 3.542157337555673280e+02 2.597288299001103837e+02 8.934775793772563190e+01 2.812072886132248186e+02 5.904139399219575353e+02 1.387904156160538378e+03 2.335652728649143341e+02
0.000000000000000000e+00 2.175814157151027928e+02 5.040812139442279971e+01 1.103745139802968396e+02 5.804664259476417953e+01 8.714800034451973261e+02 3.484299497428560244e+02 4.724368808034898848e+02 4.449948204208481251e+00 2.547775257284604322e+02 0.000000000000000000e+00 7.245472873322626128e+01 1.251084212237869480e+02 1.644666831140157228e+02 3.483857812410295196e+02 2.662285914294444069e+02 3.783448180992409675e+02 1.651695764508643305e-01 1.493535224396352987e+02 3.866872124928121934e+01 1.712540452929089952e+03 6.377928459504875747e+01 1.366598089904525523e+03 3.472731315458712515e+02 2.599366582665060719e+02 2.837649203383022041e+02 1.854910103932405852e+00 9.454087045289429059e-02 3.471944298867495338e-01 2.355601162413844918e+02 1.831691319238006770e+02 1.579144426352715946e+01 1.231598257615725970e+03 4.845697930663555439e+02 8.291627940917983324e+02 4.380587224960552106e+01 3.601203728941403597e+02
0.000000000000000000e+00 1.532952477401642000e+03 7.689078531295826906e+02 8.055965711908642746e+00 1.752890503934745993e+03 1.230239415533757352e+01 1.853799215419153370e+02 0.000000000000000000e+00 5.508386540364931534e+02 3.074290001378151871e+01 4.079520549395504645e+02 3.792214054964321690e+01 1.220478358718339820e+02 2.863703370675603566e+01 1.828985618636944466e+01 0.000000000000000000e+00 2.240654425607818467e+00 1.188376896570931194e+03 3.289402637417148298e+02 1.057706437195469418e+00 7.886132646152321968e+02 3.798240411527031313e+01 7.726847447933879494e+02 3.812576433174879598e-01 4.454238817661610597e+02 1.454976045167401480e+03 5.846336207376323273e+02 7.504994534550905882e+02 6.514833452188621266e+01 1.276086898432229555e+00 1.027216197080191478e+03 5.491185851548568309e+01 4.536206183445992224e+02 7.991743483541943078e+02 0.000000000000000000e+00 9.552488901682518474e+01 7.088461965391248896e+02
0.000000000000000000e+00 0.000000000000000000e+00 1.234902993415633091e+03 0.000000000000000000e+00 1.425197345033884858e+03 2.780647024339981499e+01 7.545512856211506687e+02 0.000000000000000000e+00 7.930743746389188118e+02 5.735149545360525281e+02 2.255353997290404777e+02 1.643585396076004956e+00 6.047228390450208053e+02 2.951134142818876853e+02 0.000000000000000000e+00 3.890225890982231931e+02 4.202883167583947852e+02 5.102930705536236928e+02 2.342334087171468013e+02 2.726346860070964908e+02 1.754997180498821763e+03 4.522652824558874585e+01 2.964087204241424161e+02 8.260115686553009482e+02 3.827594804549858623e+02 3.888603098852697570e+01 8.044086846867374518e+00 5.546250555011664574e+02 0.000000000000000000e+00 8.452346022874897926e+02 1.668578922619618083e+02 2.584698406293672974e+02 4.123160888016058720e+02 5.832563996823462276e+02 2.902149911278173136e+02 3.966145447414622254e+02 1.302474065084945209e+01
0.000000000000000000e+00 1.172145043565682954e+03 9.061844920945153490e+02 8.558589021943085982e+02 1.153402696869402007e+03 2.879513986216756649e+01 2.053937339630888061e+02 3.590162296549888055e+01 8.637272392646178076e+00 5.748845264316349812e+02 4.939629663524234502e+02 6.099437542327810888e+02 3.006687398016835377e+00 3.481676312438144549e+01 1.110236743404415847e+03 2.317407222609632811e+02 1.112373664542453298e+03 6.318901773328589115e+02 2.236702588100504130e+01 6.491788261780991434e+02 4.978894247414888810e+02 1.039105887932553429e+02 1.643126180047156311e+02 2.494589214290831478e+02 7.862167163799530556e+01 1.191077875156615988e+02 1.112543216945978884e+03 2.701457322775636172e+01 1.342437974376156529e+00 8.543070223844081568e+01 1.658031469306481540e+02 2.029781377675905674e+02 1.454554533096491014e+03 3.234673856470917741e+01 3.883175792276583138e+02 1.746593788157413485e+01 1.231609627626259318e+01
0.000000000000000000e+00 7.043233996654532802e+02 1.584469860326067646e+03 3.426425960445748653e-01 7.486406492737746987e+01 4.355197005238010455e+00 4.144788802801532057e+01 1.670520880171725153e+01 0.000000000000000000e+00 1.156122067015062385e+03 3.899035215672916621e+01 1.032183369790698607e-01 4.310880048573451973e+02 1.182022948129121687e+03 5.273297148615048400e+02 1.405436624457448147e+02 9.520856259295842392e+02 8.772139159677548150e+02 9.957015970890884304e+00 6.686029614275702215e+02 1.804100752724263346e-01 4.533826522226697762e+02 2.133517407116176514e+02 0.000000000000000000e+00 1.274000295951625503e+03 5.582147881256064466e+02 2.234082287886409688e+02 6.548996562982033254e+01 8.541568567615124424e-03 3.458706919486058950e+02 4.752295057844863209e+02 2.534599144124265422e+02 2.547155985827275870e+01 5.031474381646157781e+02 2.401847287185781852e+02 6.502660926255290406e+02 8.004974353324838603e+02
0.000000000000000000e+00 1.317230204727117098e+03 1.252402093951963167e+02 9.340202876795591465e+02 1.499031016903520594e+02 5.604000083674711874e+01 0.000000000000000000e+00 8.837907686767199493e+02 7.009342392618608919e+00 1.449190249826967314e+00 7.585519503883426751e+01 3.380149947872739631e+02 9.866326211705634819e+01 2.605911405871918873e+01 1.505144404167068899e+02 4.749196429333067044e+02 5.697009713438112612e+02 2.880789529659093162e+01 1.095031582892978577e+03 1.605613372805831432e+03 6.342716861694848163e-01 9.817392273380647794e+02 1.284052542460859968e+03 4.415153267228242839e+02 2.518999970857333537e+01 3.618775433126539269e+02 4.682505410604127860e+02 0.000000000000000000e+00 3.718580499007625804e+02 3.770810309772670621e+02 4.052085670477126200e+02 6.613234558375581855e+02 0.000000000000000000e+00 7.375150828584911267e+01 1.780073077967456356e+02 3.232527069372947608e+02 2.047205299446475391e-01
0.000000000000000000e+00 0.000000000000000000e+00 1.172128184830455893e+03 1.164588777547282007e+03 9.597747546838866128e+02 6.026350615848044754e+02 4.148006206473637825e+00 7.594326584052913631e+02 6.185616334885735768e+01 7.202657336983124878e+02 1.306448791434006296e+02 2.435673927619794732e+00 3.269090419642034817e+02 2.345246345333712270e+02 4.062064862018559666e+02 2.501940172417864972e+02 4.339877005341828919e+01 5.629057511956341386e+02 1.515470264105955173e-02 3.046957138976677637e+00 1.370212192441917068e+03 2.864947510278378573e+00 7.459476434205560054e+02 1.456917354656163752e+03 1.081882058072132622e+03 7.023794437667095769e-01 5.783946760747172675e+02 2.990612686282626100e+02 8.093476041960130374e+01 5.863429621755327226e+00 1.106293648312629472e+02 1.589454903649072435e+02 9.227846706534643317e+02 3.284146715764676401e+02 1.607767111409763743e+02 3.913675590646478213e+02 4.025669981904025576e+02
0.000000000000000000e+00 9.180697897427556597e+01 0.000000000000000000e+00 9.416780413937304957e+02 6.940139009129296710e+02 4.009449877365535144e+02 3.089435970999200549e+02 8.868738521379913209e+02 1.146753267510107577e+02 5.473105946326529647e+02 3.425033533249454365e+01 1.176299606036669275e+03 1.252806542820881885e+00 3.313641989964513641e+02 3.109150521794533688e+02 3.565687889433709188e+02 4.174482405636699589e+00 9.587030630579307626e+02 6.276804866487544814e+02 0.000000000000000000e+00 3.226596178036196534e+02 1.547640814119838751e+03 4.022164148987834864e-02 3.446924356328677277e+02 4.746392058497710877e+02 1.691593268134928110e+02 4.115923855749962286e+02 3.486196648141446985e+02 7.293067761391081376e+02 2.929351307133538853e+02 3.720984095455225997e+02 2.401342562946060184e+02 7.467873780092931568e+00 2.025510320604392334e+01 6.345863294837225510e+01 7.036431170842014353e+02 1.089334879487715398e+03
0.000000000000000000e+00 2.139906590050852060e+02 8.120421408035688273e+02 1.749382672475454683e+02 3.854664837495071197e+02 1.007811116169677916e+02 3.523929017004642361e+01 1.509328911509601767e+03 1.375631119670916860e+03 0.000000000000000000e+00 5.730127090555973979e+01 2.274428515414985839e+02 2.193452876256758444e-01 5.613230412946110164e+02 1.261194352990433345e+03 6.518437537560706687e+02 1.324562277778246333e+01 8.981547832276972940e+02 4.456538993876481527e+02 5.765855901546304949e+02 2.797937832979350148e+01 1.264768285894821474e+03 1.246139905147316085e+03 0.000000000000000000e+00 3.566134171022296329e+01 8.245384549565620773e+02 3.930300349203235442e+02 1.107963736704269195e+03 6.623734052611048639e+01 2.642801159355922778e+02 2.294566128228852051e+02 5.832010519451705477e+02 2.867094758979982885e+02 2.376441322956424642e+02 4.578629256327325834e+02 1.098538920766939722e-02 0.000000000000000000e+00
0.000000000000000000e+00 1.577031983358840080e+03 1.325644233533917600e+02 1.433264075137976306e+03 1.305375895579506505e+03 7.398519462112501515e+02 5.504973904816382628e+02 3.721784353906414822e+02 1.457857465642756756e-01 7.270685139172823597e+01 6.868716623946492064e+02 1.047226200488302084e+02 3.732963814194517909e+02 1.613177090547922021e-01 1.535096446346058130e+00 8.378971275274661821e+02 8.271189722951484669e+01 7.010587664541164941e+02 1.156172251821777195e+02 2.670746096172657644e+02 8.450046066927155834e+02 1.494411230485040107e+02 4.285945729308180034e+02 8.428841740919961012e+02 8.413180622771023991e+02 8.215407485131999366e+00 1.063053973913026482e+02 1.223900563470435365e+01 2.221978450075455953e+02 3.925454411249047482e+00 0.000000000000000000e+00 5.609428252267496191e+02 1.056830460316508606e+03 9.085235352633244110e-01 8.420835775446354887e+01 1.359036985831353661e+02 1.344340640995232206e+03
0.000000000000000000e+00 3.094148404320541168e+00 1.810802395975088785e+01 8.885555580211756421e+01 5.011037873749634741e+01 6.168047682501907758e+01 1.081059919719289724e+02 7.999791063630589782e+00 1.293978444836460312e+03 6.452002636719955717e+02 1.122445946824151861e+03 5.105026148784369298e+02 5.691297036820649282e+02 1.261431598844864311e+03 5.967689942345198233e+02 7.143816561659648290e-01 3.011995266142537275e+01 2.339337648424736642e+02 3.898711972473947753e+02 9.939499307662440515e+02 7.433524133282321600e+02 9.924246944412184348e+02 2.155529578840702243e+01 2.893379525859159003e+02 2.280900427872583123e+02 3.490891218565305110e+01 2.048873149282992756e+02 5.687317164882782663e+02 0.000000000000000000e+00 4.102467521991504782e+02 1.290627606581978398e+03 3.815497674428335699e+02 2.125217615401401474e+02 1.112705468725129210e-01 1.420555380166937539e+03 9.772624035660123809e+02 1.316061825767248195e+02
0.000000000000000000e+00 1.382607384878387165e+03 6.012482379547964229e+02 1.109202620354202963e+03 3.129967413692817786e+02 1.565679823918137288e+02 6.831375563289049069e+02 1.545226134862027493e+03 8.804553182527325106e+00 7.788975123539270271e+02 1.342998556993238708e+02 9.913412892053584073e+02 2.394683078361200899e+02 3.104132534207297454e+02 5.298214165182718034e+02 7.788581295747216018e+02 0.000000000000000000e+00 4.774665525878005923e+01 0.000000000000000000e+00 7.629585830677926594e+01 8.904777758472542359e+01 1.270321765992575180e+00 3.989718660115437956e+02 1.530488566129411083e+02 1.127087895719772405e+03 9.929970607935544535e+00 1.268677488273528525e+03 8.612042504457540417e+02 4.234006531579633474e+02 8.782185028676875618e+02 6.934284690013555519e+02 1.522312257067526843e+03 4.566611136541466180e+02 5.267241467569559745e+02 9.222832071152328126e+02 4.471313964485944581e+01 1.455684671386464117e+02
