output/example/lateral_incision_000321.asc
nrows	75
cellsize	13.33333333
xllcorner	0
ncols	75
yllcorner	0
NODATA_value	-9999
[rows 51 to 67 of 75, columns 37 to 73 of 75]
0.000000000000000000e+00 6.437293199223477131e+02 3.883865083999751278e+02 2.011024340747587730e-08 1.127114151053389605e+03 4.052824372339371450e+01 6.365230756479388674e+02 4.202616960722855310e+01 1.044026699992256681e+03 8.279387093618545634e+01 1.130066135408670789e+03 2.590504930003407935e+02 9.264078669346796460e+02 7.121620724820315900e+02 6.203736429899562665e+01 1.127939454668569851e+03 0.000000000000000000e+00 4.460207878331902975e+01 2.769308154052101258e+02 2.083974196985317537e-02 5.935217227291640363e+00 1.078579507240737101e+01 1.079465480344277921e+03 1.839404949347805086e+03 7.238945616511685444e+01 4.429731216369860863e-02 0.000000000000000000e+00 2.033809034548892392e+00 0.000000000000000000e+00 3.211669085174389124e+02 2.603389268526304932e+02 3.169480328409104875e+00 3.507514369692949572e+02 8.882174539183883155e+01 1.813703391313204634e+02 4.769441410883795243e+02 6.169428638861639911e+02
0.000000000000000000e+00 0.000000000000000000e+00 0.000000000000000000e+00 0.000000000000000000e+00 0.000000000000000000e+00 1.535844855557468463e+03 6.557141262000106963e+01 1.229919886611113725e+03 9.774619577564355950e+02 6.432757235354380487e-01 0.000000000000000000e+00 3.207450982525864802e+00 0.000000000000000000e+00 9.847803238984219831e+01 3.798403868950933884e+02 1.693052272832077563e+02 1.149937372793385975e+03 1.213557800288612754e+01 1.762550395934066705e+00 2.674745626098187046e+01 0.000000000000000000e+00 0.000000000000000000e+00 1.385080907601620083e+03 1.327690520752944622e+03 1.158028954345402326e+03 1.875271265270053789e+02 8.875489601194975364e+01 8.934489432216821569e+01 5.507342096149092185e+02 3.517095512538566737e+01 3.693427468349749461e+02 8.367388811826983783e+02 6.761416818765130756e+02 3.303014807344237056e+02 1.464488584241031276e+03 1.276157087911609551e+03 5.311175931826570462e+01
2.508634797461523362e+02 1.568266665960354430e+03 0.000000000000000000e+00 0.000000000000000000e+00 0.000000000000000000e+00 3.121847999918234834e-02 0.000000000000000000e+00 7.305352201615926333e+02 5.434388916429495620e-01 1.612359717850944207e+03 1.531466158712763900e+03 2.190245747896811679e+02 1.161283922614922858e+03 1.252953366132567137e+00 1.394886541189772067e-01 3.262640966553221333e-01 8.790157854190502884e-02 1.778634369917916445e+02 1.242739597508364795e+03 6.509337340587659071e+01 1.151333211179968657e+03 1.109352542843747869e+03 3.325310564640461819e-01 9.693166793786707558e+02 8.994149679001485538e+02 9.013198108677677567e+01 1.381052612006694158e+00 5.735474416674543363e+02 0.000000000000000000e+00 7.921925563489137403e+02 1.452958249343295847e+03 9.553017509076727265e+02 3.249660963304730199e-01 6.927545648255641026e+02 4.969822956605174795e+02 0.000000000000000000e+00 7.477663896232216985e+02
1.430966024221861801e+02 1.738290637218202050e+02 6.869785450655605246e+02 1.223100177412799194e+00 3.139780831068305247e+02 9.971783348081318081e+02 0.000000000000000000e+00 1.259770039010676274e-02 9.701982551765861444e+02 0.000000000000000000e+00 9.720826042622293244e+02 5.471616922899936526e+02 3.525275290755801905e+01 1.220482996753995849e+03 1.385256015316706737e+02 1.137426750648577126e+03 1.318259092078052959e+02 8.681078786890835772e+02 0.000000000000000000e+00 1.292867124897920348e+03 2.175321050548394552e+01 1.529834578504326828e+03 1.095233660109639459e+03 1.554548063224466536e-01 9.930761579712399225e+02 3.536173613692699291e+02 1.517868214333937082e+01 4.270924357083670770e+02 1.294262077212542408e+03 3.620949027762316064e+02 1.178471216252910835e+03 0.000000000000000000e+00 1.694615174838511393e+03 0.000000000000000000e+00 5.109619410101722714e+00 9.722054561126874432e+02 1.045030766840648617e+01
4.533988459381240688e+01 3.278863753030460657e+02 1.306232236322264043e+03 6.030100469505897109e+01 5.440454046987548509e+02 0.000000000000000000e+00 3.050174148469346846e+01 0.000000000000000000e+00 1.683369694471499542e+02 1.270765000850424116e+02 8.517286802660097464e+02 2.294115387381431219e+02 1.802962970525445883e+02 3.361497227368884788e-01 0.000000000000000000e+00 3.979718214836949528e+02 5.175616859252056834e-01 2.752095278929694544e+01 1.125658339963739110e+02 1.601757932122885864e+00 2.339026402525064086e+01 1.118723511087005818e+03 1.956779513491974285e+03 1.125860701684663809e+03 2.147485842705008707e+01 1.251098453521669285e+02 1.058389530127251192e+03 1.258791630862299371e+03 4.009133894112777057e+02 2.964077539643436694e+02 6.678553224315995749e+02 9.160392547800337848e-01 1.354766911766866087e+03 0.000000000000000000e+00 8.888856029558068030e+02 6.179784721792633491e+02 3.772177614417965685e+01
8.588545245358757256e+02 0.000000000000000000e+00 2.982247909707229638e+00 0.000000000000000000e+00 1.352460184923658062e+03 9.485372759413273513e+00 8.895574593674677999e+02 1.110440542261067321e+03 8.405278348773773445e+00 2.544958119833287924e+02 6.632244357023732846e+02 1.064362057858564413e+03 9.644079114005726296e+02 6.189633743588925263e+00 7.729893613892572830e+02 1.217581623947945815e+02 4.909072223145928504e+00 6.614266133419650942e+02 3.491309771764044445e+00 2.765231843252051362e+02 2.670226928879651496e+02 8.877400480658743618e+02 1.781961026399754644e+02 2.057051956994184536e+02 1.460185961207442915e+02 0.000000000000000000e+00 1.150827456860934994e+01 2.964499163438466667e+02 1.817333371885359611e+03 1.392098046630293993e+03 3.842772871529371770e+01 0.000000000000000000e+00 2.812595509985703188e+02 4.512199817649678835e+02 8.486495462556443954e+02 4.841677149458154190e+02 6.261179337342886697e+01
4.425880530568332460e+02 7.887413463861514629e+02 9.157715329847922803e+00 2.050483416067136773e+02 1.488452473988294059e+03 2.441781512795421216e-01 5.143027541973283405e+02 2.718633522900753405e+02 1.693672237736198127e+00 6.573078339766550426e-01 4.536779738187315161e+02 1.518331690213267109e+02 0.000000000000000000e+00 8.251647022114052561e+02 8.291485221830718899e+01 8.538188600149370586e+02 0.000000000000000000e+00 4.507848118150424170e+02 6.355908524018745993e+02 1.165660228386014978e+03 4.706246786613181143e+02 0.000000000000000000e+00 1.047772183196063224e+03 4.570341397734167543e+01 1.490584906714856743e+03 4.085827638647909765e+00 1.237196814301693394e+03 1.578612638100662934e+03 5.290817415508764725e+02 1.420895674322772972e+00 1.417365948517383003e+03 6.404219865374722076e+02 0.000000000000000000e+00 3.603155693726564834e+01 5.578756083521657274e+02 1.266018015774838403e+02 0.000000000000000000e+00
0.000000000000000000e+00 2.356813427615708001e+00 5.178203224472339343e+02 0.000000000000000000e+00 3.084931105155900077e+00 4.680911711575503205e+02 1.315818963477541274e+03 1.009718128891881179e+03 4.181972838615731121e+02 0.000000000000000000e+00 4.493419644972869946e+02 5.698699083586549250e+02 2.989603582854281285e+02 9.985155376403843093e+02 2.426696138409711807e+02 6.523266488372788672e+02 0.000000000000000000e+00 1.042018710563144168e+03 1.321179856940953243e+02 8.640581243257828419e+02 4.794742076734391567e+00 1.037470681632282549e+03 6.368404397193555155e+01 1.603545084339627635e+02 8.885098297873034880e+02 0.000000000000000000e+00 0.000000000000000000e+00 8.139492617464978821e+02 4.504442853964675253e-01 1.083591327371721491e+03 8.910772488615591556e+02 6.639402886058310287e+02 5.529718112002415182e+02 2.376476802340824293e+02 8.340010984962403784e-01 5.368663337411960583e+02 3.029484372514999801e+00
1.564117161540753216e+02 4.237171559501252460e+00 3.559773285823412721e+02 1.713262962788996447e+03 3.051493142081737719e+00 1.154951242655665510e+03 1.114938497327836558e+03 1.992368643787574500e+00 2.847001886708770826e+02 6.025246034353132529e+01 1.055047012234129625e+03 6.229894226995951385e+02 1.519017981565218633e+02 7.594585687165856598e+02 6.876630134940202765e+01 1.445676991792520994e+03 4.640484469424918643e+02 1.058238060859187257e+01 8.693219008773061773e+01 0.000000000000000000e+00 6.750568954083271365e+02 5.346839905949541389e+02 1.593593763476529368e+01 7.407844167862308495e+02 6.541083860051867305e+01 4.689583919248168513e+02 8.772473586936699803e+02 1.216691873428630686e+02 3.246767213939362478e+02 0.000000000000000000e+00 8.568691744574025506e+02 1.585144560948436947e+02 1.739317194986428561e+00 1.768355532209023409e+02 6.073952148464372147e-01 1.404496641493447129e+01 3.547688014927727522e+02
0.000000000000000000e+00 1.471242497078486338e+02 6.056786705643717141e+02 1.330627959728849646e+03 4.581193126443040597e+01 0.000000000000000000e+00 5.332778275149817091e+02 8.918326668731008340e+02 3.128518320261235441e+00 1.127226539262356653e+02 4.627482812233932918e+01 1.066291122265197941e+02 3.204875316072544251e+02 9.151907368390595821e+02 4.902303018325312678e+02 4.850257240969416728e+01 1.364764951759549945e+02 1.019477957592557686e+02 1.318623521417617894e+02 6.888741157660295267e-01 9.958331821557958392e+02 9.623175986801618365e+01 2.290237981086299612e+02 2.187420486549329635e+00 9.167468330240170644e+02 5.209558516606828107e+02 1.611041920804206484e+03 3.603548180828626268e+00 7.578032719550176353e+02 4.163573833245006313e+02 4.551803442543226197e+02 1.240623089246690597e+03 0.000000000000000000e+00 2.030302471788588718e+02 9.942086129984451190e+02 3.647854447063801331e+01 1.396193564273712582e+02
1.068530975285201805e+02 1.199444003215047161e+02 7.220635989128874144e+01 6.452399602269876411e+00 1.048272470513888948e+03 6.989104240571697346e+02 2.335433269395862865e+01 1.492449095113075373e+03 1.039102209764788114e+02 7.682095848214511591e+01 9.496876685403235570e+02 3.176460947594019331e+02 5.970654616358347084e+02 1.492825434641868831e+01 1.400034476473716950e+03 2.302843181635043095e+02 2.726649334532709190e+01 1.407938675843084184e+03 3.251165774838154903e+02 0.000000000000000000e+00 1.279610768513053245e+03 0.000000000000000000e+00 9.017583866935357264e+02 1.224375767487656219e+02 1.416251198167052507e+03 7.568527614526546188e+01 1.037443832199350879e+00 2.530832258357463331e+02 4.863215154327710898e+00 1.547710331617815200e+03 1.114246284025005252e+03 8.606911692605093478e+00 2.086792339507113354e+02 2.280185603109880503e+02 5.349217611165101971e+02 6.979897990568987298e-01 3.627829645336469611e+01
2.202961576882378267e+03 1.378638776491714680e+03 6.332527442655825567e+00 5.669583048453308720e+02 1.109259123571926466e+03 8.918326692286459547e+02 1.379665141654704712e+03 1.497313815511872193e+01 5.083434016071092998e+01 4.288633900340963834e+01 2.103896367962166778e+02 2.703047628696604934e-02 4.960900237451419947e+00 0.000000000000000000e+00 3.913814240597323533e+02 0.000000000000000000e+00 3.036250286483541458e+02 5.530476018266552440e-01 5.327509793518261461e+01 7.679881281633080334e+02 5.169565478368393769e+02 1.246580204935783058e+02 8.821218011590295873e+02 1.865119536280308132e+00 4.657991571727722544e+02 8.882378794011943910e+02 0.000000000000000000e+00 3.868563768152324656e+02 1.392265352224539129e+03 1.503276605311124037e+01 1.267879001972942660e+03 5.372803176528260138e+01 1.787864313413749739e+00 6.987496313934804526e+00 3.770103895059967680e+00 8.512962079692051702e+02 6.436929292028783038e+02
1.667666269027674161e+03 9.960603878622344975e-01 5.510718900491127670e+02 1.067452175339408996e+03 1.328542633925811174e+02 6.635819755517931071e+02 0.000000000000000000e+00 8.968469264620636068e+02 3.107991064307274698e+01 1.034060174987773053e+03 4.833959515972670147e+02 1.112125111176784458e+03 1.833170786020903336e+02 4.660426429821887950e+02 1.300835438077435583e+03 3.423467421134393476e+02 7.428144933085831099e+02 5.775002682019086251e+02 1.045445353248543142e+03 0.000000000000000000e+00 2.828495617201286336e+02 0.000000000000000000e+00 2.266769808716030354e+01 5.693482709596861469e+02 8.759847835066785819e+02 1.602890086430403187e+02 2.374238130886485862e+02 7.415633608472272442e+01 5.144737531021944505e+02 4.631509391344806659e+01 2.942111881629339223e+02 5.632811783322880217e+01 2.656037177256062591e+02 1.553051588754743761e+03 5.261828314483666418e+02 2.052375121979587220e+02 4.086625845432171786e+02
4.020384636957862057e+01 1.272992932840111735e+03 1.023497194614760559e+02 0.000000000000000000e+00 1.412772065605876870e+00 1.022118024866275050e+03 8.262886185947955937e+02 6.515623561647910833e+01 8.125904166366602794e+02 2.676191955909148845e+01 1.326553163948497911e+02 1.867125348171863664e+02 1.608859670129739925e+02 2.580056969302261223e+02 9.638170506717758101e+00 1.716281616850947103e+02 5.769452488018210943e+02 9.019851536274236992e+01 1.172175036748109051e+03 1.093339317628035815e+03 1.245910922157262490e+02 6.235053451163500995e+02 5.065935888674287568e+00 6.527000916320223496e+02 8.274470246886671703e+02 2.052969600708781286e+02 9.130739660208167841e-08 7.248053339944226536e+02 2.538611726098287704e+02 0.000000000000000000e+00 1.411577277759482286e+03 1.272347072019190136e+03 9.399427045329282464e+02 4.170718576180445325e+02 4.141028856435099783e+02 3.109417537697892726e+02 4.648983374028042022e+02
5.388285905896761960e+02 1.764557205585538213e+03 3.824277770992996466e+02 2.534826460875303944e+00 2.015765114809342862e+01 7.393478598783897269e+02 6.667974118234373471e+00 5.042214702814433736e+02 9.846432114901008390e+02 7.064478331618132643e+02 1.933809433969257974e-01 1.465268847172405628e+02 1.896166122943805021e+02 4.797969908579534604e+02 9.256164353926185413e+02 1.511806866609718554e+03 3.808551210686468949e+02 6.532729194950472902e+02 1.058164585510880443e+03 2.745948055841180917e+02 4.308842494991663443e+02 7.514016403255372900e+00 9.422134557159824908e+02 2.354055592912560968e+01 5.669672710910783735e+02 1.210724942727154485e+03 3.742300083825522847e+02 6.718861667306820209e+02 8.898084026037894319e+02 0.000000000000000000e+00 0.000000000000000000e+00 4.891280086030271832e+02 6.537012534829767674e+02 3.038406051271689421e+02 1.009043648290833517e+03 6.009900645198105167e+02 5.760643878305667442e+01
6.101224437061149501e+02 5.845677574679381650e+01 4.246183241120309038e-02 9.992499787220698870e-01 0.000000000000000000e+00 1.175359674604313565e+00 5.040843684033667955e+02 1.022155846616929807e+03 3.668536257618958407e-01 1.864549331167851562e+02 2.882289158159821909e+02 9.365303713690944676e+01 1.020116103343350922e+01 1.248453499305532432e+03 5.139593922541120037e+02 1.394695305681847231e+02 1.651300672648660282e+02 1.250269970872827656e+02 1.886566680891965220e+01 1.498480541432896729e+01 1.059761617281958934e+03 3.266549065227687834e+02 7.063340092808594761e+01 3.854730060239932072e+02 1.231749418559465875e-01 8.536116971836835887e+01 1.095314534005565065e+03 1.234695380876057840e+02 2.358827445956163671e-01 1.145992591559345328e+03 4.459141077619567000e+02 8.138749308087835033e+00 1.530071273490729027e+03 1.253659141500663964e+03 0.000000000000000000e+00 2.441269386719023373e+02 3.402814460155265692e+02
3.147785556073131943e+02 1.221775757277972161e+03 0.000000000000000000e+00 3.493295835180029485e+02 1.341886044708846612e+03 4.810657470744919451e+00 1.006739173264329281e+02 7.541343916271656553e+02 3.572899722372931706e+02 7.008350913959644686e+02 7.563651050699241978e+02 8.237955399735491255e+02 1.973539694647170961e+01 3.645361489069433105e+02 0.000000000000000000e+00 7.974679344248945654e+02 1.110808976794896097e+02 0.000000000000000000e+00 1.097176138458317837e+03 7.165804955486097469e+02 7.760302272831427484e-01 1.167409843957986970e+00 1.261181802091751969e+01 2.155702372292803659e+02 4.590826855559569140e+02 9.818891046622054475e+00 4.098767315256440043e+02 4.544500202911235078e+02 0.000000000000000000e+00 1.223253429936023906e+02 6.537012534829767674e+02 1.545285246292650754e+03 9.793554208148522733e+00 0.000000000000000000e+00 1.548548823372125753e+03 1.266280899543358373e+03 5.737339789295799619e+02
