output/example/lateral_incision_000014.asc
nrows	75
cellsize	13.33333333
xllcorner	0
ncols	75
yllcorner	0
NODATA_value	-9999
[rows 34 to 50 of 75, columns 37 to 73 of 75]
1.655760609335780868e-12 4.224915885084218803e-12 5.644020774698455771e-13 0.000000000000000000e+00 0.000000000000000000e+00 0.000000000000000000e+00 0.000000000000000000e+00 1.657815282737926064e-12 0.000000000000000000e+00 0.000000000000000000e+00 1.737713298162099514e-11 2.276810303225382348e-11 0.000000000000000000e+00 0.000000000000000000e+00 9.725639118354096983e-12 3.386313375618275368e-12 0.000000000000000000e+00 0.000000000000000000e+00 0.000000000000000000e+00 0.000000000000000000e+00 0.000000000000000000e+00 0.000000000000000000e+00 0.000000000000000000e+00 0.000000000000000000e+00 1.653081403179506843e-12 5.673742957010434958e-13 3.383101639938108524e-12 5.675189530035080400e-13 1.654479291312664292e-12 5.335357872598988701e-12 1.023227561040712722e-12 5.681361398742893009e-13 3.382841599278044059e-12 0.000000000000000000e+00 0.000000000000000000e+00 0.000000000000000000e+00 0.000000000000000000e+00
0.000000000000000000e+00 3.247362529188688426e-11 0.000000000000000000e+00 0.000000000000000000e+00 0.000000000000000000e+00 0.000000000000000000e+00 1.661832139636714979e-12 0.000000000000000000e+00 2.985214513960721131e-12 1.815219108412602488e-10 0.000000000000000000e+00 1.809748732732499243e-10 5.682491513419799212e-13 3.381927841119724057e-12 1.025354641762988095e-12 0.000000000000000000e+00 0.000000000000000000e+00 0.000000000000000000e+00 0.000000000000000000e+00 0.000000000000000000e+00 1.650465890336487122e-12 1.648457639131556279e-12 0.000000000000000000e+00 0.000000000000000000e+00 0.000000000000000000e+00 0.000000000000000000e+00 1.654184005690165753e-12 0.000000000000000000e+00 5.684216645110600095e-13 0.000000000000000000e+00 0.000000000000000000e+00 0.000000000000000000e+00 0.000000000000000000e+00 0.000000000000000000e+00 0.000000000000000000e+00 0.000000000000000000e+00 1.625680303374705621e-12
2.569155540274063375e-11 1.655000698110547740e-12 5.384923916195361811e-12 0.000000000000000000e+00 0.000000000000000000e+00 0.000000000000000000e+00 0.000000000000000000e+00 5.713832647395343571e-13 3.394957882481235415e-12 1.655229211945563167e-12 1.650680493028797938e-12 3.377851527446795266e-12 1.879403840358728369e-18 5.369786109787403010e-12 0.000000000000000000e+00 0.000000000000000000e+00 0.000000000000000000e+00 0.000000000000000000e+00 0.000000000000000000e+00 1.652076341604659092e-12 0.000000000000000000e+00 5.666270178890794410e-13 0.000000000000000000e+00 0.000000000000000000e+00 0.000000000000000000e+00 0.000000000000000000e+00 0.000000000000000000e+00 0.000000000000000000e+00 0.000000000000000000e+00 0.000000000000000000e+00 0.000000000000000000e+00 0.000000000000000000e+00 0.000000000000000000e+00 0.000000000000000000e+00 0.000000000000000000e+00 1.625680303374705621e-12 0.000000000000000000e+00
1.641560647154716490e-12 0.000000000000000000e+00 7.274015522986882283e-12 3.362042189474934234e-12 0.000000000000000000e+00 0.000000000000000000e+00 0.000000000000000000e+00 0.000000000000000000e+00 1.656420985434935006e-12 0.000000000000000000e+00 1.655229211945563167e-12 5.667175881883272126e-13 0.000000000000000000e+00 1.736736792616121447e-10 1.654586330323609436e-12 1.652084661247228732e-12 0.000000000000000000e+00 1.656326836744015145e-12 1.654259476351185759e-12 0.000000000000000000e+00 1.444035756107243437e-12 3.376940224564975776e-12 0.000000000000000000e+00 0.000000000000000000e+00 1.646637373750253726e-12 0.000000000000000000e+00 0.000000000000000000e+00 0.000000000000000000e+00 0.000000000000000000e+00 0.000000000000000000e+00 0.000000000000000000e+00 1.624323697529761421e-12 3.315534144359568173e-12 0.000000000000000000e+00 0.000000000000000000e+00 0.000000000000000000e+00 5.580216998729844086e-13
0.000000000000000000e+00 1.647746070993878746e-12 0.000000000000000000e+00 1.634500623231398296e-12 9.092943176895792726e-19 0.000000000000000000e+00 0.000000000000000000e+00 1.653065880611827924e-12 0.000000000000000000e+00 1.849008758436730611e-12 3.380299068742353540e-12 1.652978747826271108e-12 1.650872974287736013e-12 3.375665633991340766e-12 1.928805937145447260e-19 0.000000000000000000e+00 2.711675469985057741e-11 1.653556220923541371e-12 5.684822566143191466e-13 5.676280780537656098e-13 6.111580373218672922e-12 0.000000000000000000e+00 3.372538981457502885e-12 1.647651561369460435e-12 0.000000000000000000e+00 0.000000000000000000e+00 0.000000000000000000e+00 0.000000000000000000e+00 0.000000000000000000e+00 0.000000000000000000e+00 5.576036573609627913e-13 0.000000000000000000e+00 1.620099282089858450e-12 3.305886201601324721e-12 0.000000000000000000e+00 0.000000000000000000e+00 0.000000000000000000e+00
0.000000000000000000e+00 1.761725736129002146e-11 1.641835645049955236e-12 0.000000000000000000e+00 0.000000000000000000e+00 0.000000000000000000e+00 0.000000000000000000e+00 0.000000000000000000e+00 5.669010754254989528e-13 3.384319371072134381e-12 1.656073419604609228e-12 0.000000000000000000e+00 1.652978747826271108e-12 5.667644522156352234e-13 0.000000000000000000e+00 1.653659731505541345e-12 1.654283741488462594e-12 1.449229453243199649e-12 3.390195727867105130e-12 0.000000000000000000e+00 0.000000000000000000e+00 3.377950974286793322e-12 4.202519221609268031e-12 0.000000000000000000e+00 5.656117300223520309e-13 0.000000000000000000e+00 0.000000000000000000e+00 0.000000000000000000e+00 0.000000000000000000e+00 0.000000000000000000e+00 1.075150020473357992e-11 2.917076420470579778e-12 0.000000000000000000e+00 1.614037583442193488e-12 1.623860851842445653e-12 3.298904615436406604e-12 5.815692580685332412e-12
0.000000000000000000e+00 0.000000000000000000e+00 3.352433739032914936e-12 1.634748237884818183e-12 0.000000000000000000e+00 0.000000000000000000e+00 0.000000000000000000e+00 0.000000000000000000e+00 3.385076918055711920e-12 2.990157774698236780e-12 0.000000000000000000e+00 1.656073419604609228e-12 3.380299107618541783e-12 3.377525131781070011e-12 6.467897752280721378e-12 3.376072340221288414e-12 1.649163996291413275e-10 0.000000000000000000e+00 0.000000000000000000e+00 0.000000000000000000e+00 1.558865469805467487e-11 1.653696860931490588e-12 0.000000000000000000e+00 2.600388508356535928e-12 3.372538981457502885e-12 0.000000000000000000e+00 0.000000000000000000e+00 3.369161692763186578e-12 1.646630589824923144e-12 1.646129387455926000e-12 0.000000000000000000e+00 3.305886201601324721e-12 1.614037583442193488e-12 0.000000000000000000e+00 3.300211218027759271e-12 1.610224040713755903e-12 0.000000000000000000e+00
0.000000000000000000e+00 0.000000000000000000e+00 1.428421131240286417e-12 0.000000000000000000e+00 0.000000000000000000e+00 0.000000000000000000e+00 0.000000000000000000e+00 0.000000000000000000e+00 1.654081853809310118e-12 0.000000000000000000e+00 5.675782907963443384e-13 3.384319371072134381e-12 0.000000000000000000e+00 0.000000000000000000e+00 3.376299217312407973e-12 5.682417933836660572e-13 1.642146629054204574e-10 0.000000000000000000e+00 0.000000000000000000e+00 3.388763917055374539e-12 1.658007199417433133e-12 0.000000000000000000e+00 1.652012903206239502e-12 3.377950974286793322e-12 0.000000000000000000e+00 0.000000000000000000e+00 3.373901754624304538e-12 5.359674464058848191e-12 0.000000000000000000e+00 1.646838194643656415e-12 0.000000000000000000e+00 0.000000000000000000e+00 3.299204265062323168e-12 1.610405640859153919e-12 1.611973844882685155e-12 3.296946372559392627e-12 1.610224040713755903e-12
3.378659619104352427e-12 0.000000000000000000e+00 0.000000000000000000e+00 5.605059982046575070e-13 0.000000000000000000e+00 0.000000000000000000e+00 0.000000000000000000e+00 0.000000000000000000e+00 5.665066176268948602e-13 5.673161903836968873e-13 3.385076918055711920e-12 0.000000000000000000e+00 0.000000000000000000e+00 3.334051500133016916e-12 2.636940895533920995e-11 0.000000000000000000e+00 1.578368893340764602e-10 0.000000000000000000e+00 6.111215195209254176e-12 1.659920653849517252e-12 0.000000000000000000e+00 5.666385188977848738e-13 3.385005521087394277e-12 0.000000000000000000e+00 0.000000000000000000e+00 3.383319637171110443e-12 1.651415395426988141e-12 0.000000000000000000e+00 5.654503325395814091e-13 0.000000000000000000e+00 0.000000000000000000e+00 0.000000000000000000e+00 0.000000000000000000e+00 5.543165378043623033e-13 0.000000000000000000e+00 1.617122673429908617e-12 0.000000000000000000e+00
5.666787823398695955e-13 1.645798138637958033e-12 1.641259760702604263e-12 0.000000000000000000e+00 0.000000000000000000e+00 0.000000000000000000e+00 0.000000000000000000e+00 0.000000000000000000e+00 5.666405871561629032e-13 0.000000000000000000e+00 0.000000000000000000e+00 0.000000000000000000e+00 1.641486341010087021e-12 0.000000000000000000e+00 4.415940925995989087e-10 0.000000000000000000e+00 5.670177043236183604e-13 0.000000000000000000e+00 1.658083189034193007e-12 0.000000000000000000e+00 1.659920653849517252e-12 3.388763917055374539e-12 1.648177905486937147e-12 0.000000000000000000e+00 0.000000000000000000e+00 1.657484701421221105e-12 0.000000000000000000e+00 4.207999156916297174e-12 0.000000000000000000e+00 0.000000000000000000e+00 0.000000000000000000e+00 0.000000000000000000e+00 1.614748175343142344e-12 2.172490541797803546e-11 5.255022946640806653e-12 0.000000000000000000e+00 0.000000000000000000e+00
1.643874602954568960e-12 0.000000000000000000e+00 5.649667519909018655e-13 0.000000000000000000e+00 0.000000000000000000e+00 0.000000000000000000e+00 0.000000000000000000e+00 3.375218730565889832e-12 1.648045178397292847e-12 3.415721384539746268e-12 3.412843428527059544e-12 1.659181639355670188e-12 0.000000000000000000e+00 2.944164908407083931e-12 1.654387535686522601e-12 1.093596755113456555e-11 1.651988290276346638e-12 3.378862638821930253e-12 0.000000000000000000e+00 1.654282331937551301e-12 3.387047574128839072e-12 0.000000000000000000e+00 0.000000000000000000e+00 0.000000000000000000e+00 1.660325478923681625e-12 1.683478661981071239e-12 7.318180975498970432e-12 3.383319637171110443e-12 0.000000000000000000e+00 0.000000000000000000e+00 1.616720393467843187e-12 0.000000000000000000e+00 3.323450681311091943e-12 1.628345318492798071e-12 3.329601621395721230e-12 1.616731498481745908e-12 0.000000000000000000e+00
0.000000000000000000e+00 1.844865940102985191e-12 1.641259746117762366e-12 0.000000000000000000e+00 0.000000000000000000e+00 0.000000000000000000e+00 0.000000000000000000e+00 0.000000000000000000e+00 1.652256884819714177e-12 0.000000000000000000e+00 0.000000000000000000e+00 0.000000000000000000e+00 3.386658290759185572e-12 1.657843939963917986e-12 0.000000000000000000e+00 3.483517907851868507e-17 0.000000000000000000e+00 7.743759856517487907e-19 1.654429882975019516e-12 3.382303594345731692e-12 0.000000000000000000e+00 0.000000000000000000e+00 1.660688511954264374e-12 3.403772459501391068e-12 1.651531640609893422e-12 9.521978448245824266e-12 5.676017228286513070e-13 0.000000000000000000e+00 0.000000000000000000e+00 5.549054640027547418e-13 0.000000000000000000e+00 5.613901702317814715e-13 1.628345318492797263e-12 0.000000000000000000e+00 1.803793180645892742e-12 0.000000000000000000e+00 1.615429784683913882e-12
0.000000000000000000e+00 0.000000000000000000e+00 0.000000000000000000e+00 0.000000000000000000e+00 0.000000000000000000e+00 0.000000000000000000e+00 0.000000000000000000e+00 5.642172958698004137e-13 3.398511433805092294e-12 5.661147818905971931e-13 3.412843428527059544e-12 3.387245153801179822e-12 1.658884767015105413e-12 0.000000000000000000e+00 8.466590271811778875e-12 0.000000000000000000e+00 5.671004578560592469e-13 9.685839209310486276e-12 1.389502239483258937e-10 0.000000000000000000e+00 0.000000000000000000e+00 4.371981805485733571e-11 0.000000000000000000e+00 5.685426407766732674e-13 1.664778164828646559e-12 3.394993889739468400e-12 0.000000000000000000e+00 0.000000000000000000e+00 0.000000000000000000e+00 1.624008667124978547e-12 7.587668682125984800e-11 2.580520678023525095e-11 3.355345222167205594e-12 6.153356255819901557e-18 3.307060843116965431e-12 5.552175168241040287e-13 0.000000000000000000e+00
0.000000000000000000e+00 0.000000000000000000e+00 0.000000000000000000e+00 1.631376347741518820e-12 0.000000000000000000e+00 0.000000000000000000e+00 0.000000000000000000e+00 0.000000000000000000e+00 0.000000000000000000e+00 0.000000000000000000e+00 1.650126751598035294e-12 1.375772187799431177e-11 0.000000000000000000e+00 1.658884767015105413e-12 0.000000000000000000e+00 2.990966267384963566e-12 1.654979071000711948e-12 1.651988290276346638e-12 2.379764997020750543e-11 2.410109649629150763e-17 1.656338612380791879e-12 0.000000000000000000e+00 4.025067715890465894e-11 3.403772459501391068e-12 0.000000000000000000e+00 0.000000000000000000e+00 0.000000000000000000e+00 0.000000000000000000e+00 3.352814241230290678e-12 2.264734599169724391e-18 5.565965561217817568e-13 7.307535308465359335e-11 3.343932753119742217e-12 6.913794988812222500e-12 3.323660284999995799e-12 5.560551637684255194e-13 0.000000000000000000e+00
9.337551076149773929e-11 0.000000000000000000e+00 3.322541413217216588e-12 0.000000000000000000e+00 1.075646950474188983e-11 1.634028109088364828e-12 0.000000000000000000e+00 0.000000000000000000e+00 0.000000000000000000e+00 0.000000000000000000e+00 1.651795019751134960e-12 0.000000000000000000e+00 7.592962402065346157e-12 0.000000000000000000e+00 1.653065722424328703e-12 0.000000000000000000e+00 5.674703226232770417e-13 0.000000000000000000e+00 5.671930997651067592e-13 0.000000000000000000e+00 3.263058262352045062e-10 3.077024742822065579e-12 3.384419479595703131e-12 0.000000000000000000e+00 0.000000000000000000e+00 0.000000000000000000e+00 0.000000000000000000e+00 0.000000000000000000e+00 1.646950388367315418e-12 0.000000000000000000e+00 6.776343363350766904e-19 0.000000000000000000e+00 1.628346233777511420e-12 0.000000000000000000e+00 1.618605297285207588e-12 3.309543563636919856e-12 0.000000000000000000e+00
1.648900742181184111e-12 0.000000000000000000e+00 1.643360056530140597e-12 0.000000000000000000e+00 2.918424681420628695e-12 0.000000000000000000e+00 1.631922209623014375e-12 0.000000000000000000e+00 0.000000000000000000e+00 0.000000000000000000e+00 5.662153257975014811e-13 1.651623743193331605e-12 3.380341747675558980e-12 0.000000000000000000e+00 0.000000000000000000e+00 5.669158100632611983e-13 0.000000000000000000e+00 3.381964539667470138e-12 1.654142978552402425e-12 3.286649896389113939e-10 3.378498029035635953e-12 0.000000000000000000e+00 1.645751038962013988e-12 2.972397572085121938e-11 0.000000000000000000e+00 0.000000000000000000e+00 0.000000000000000000e+00 4.841932640106282185e-11 3.375702439985156349e-12 1.646950388367315418e-12 7.818960326857894732e-12 0.000000000000000000e+00 6.001613376660122651e-12 4.613122779500149727e-12 0.000000000000000000e+00 1.798229026880400187e-12 3.303606351382841824e-12
3.377652844046077827e-12 1.232382400986038688e-11 3.363404263180631131e-12 1.635983368618131525e-12 3.343731900595652655e-12 5.622271655428712222e-13 0.000000000000000000e+00 0.000000000000000000e+00 0.000000000000000000e+00 0.000000000000000000e+00 0.000000000000000000e+00 4.199802719491991603e-12 0.000000000000000000e+00 0.000000000000000000e+00 0.000000000000000000e+00 0.000000000000000000e+00 3.386632763997880766e-12 1.657600576437790007e-12 0.000000000000000000e+00 1.654142978552402425e-12 5.680523683870212344e-13 1.618237543148549600e-12 0.000000000000000000e+00 1.574250113499162321e-10 0.000000000000000000e+00 3.359341020788276916e-12 4.998527905910727823e-11 0.000000000000000000e+00 1.651304171563298440e-12 1.642190114826596689e-12 3.342628725179665746e-12 0.000000000000000000e+00 0.000000000000000000e+00 8.423814609288089656e-12 2.906139611844672372e-12 0.000000000000000000e+00 5.557701836958636833e-13
