output/example/lateral_incision_000423.asc
nrows	75
cellsize	13.33333333
xllcorner	0
ncols	75
yllcorner	0
NODATA_value	-9999
[rows 0 to 16 of 75, columns 0 to 36 of 75]
0.000000000000000000e+00 3.111560667785954148e-09 0.000000000000000000e+00 7.593259462781106777e+02 0.000000000000000000e+00 6.938671446162800294e+02 3.322898466254517871e+02 1.334620413499106235e+03 4.073628599788000884e+02 5.961565685188394070e+01 5.062690216439984425e+01 1.837977988102178628e+01 3.436049804044909592e+02 7.628841068651413480e+02 3.757497399238296225e+02 1.600087617474366084e+02 5.412460465191597483e-06 0.000000000000000000e+00 1.430772275955948469e+00 4.457327673779949428e-01 5.350972943520834746e-02 8.214038731092654518e-05 2.132444891575236974e-04 1.614394187922306756e+01 2.010956727149804113e+00 1.936537849555193258e-01 4.863268802456290274e+01 2.394697288128030332e-06 8.592563712945595588e-06 1.072833790534963305e-01 1.062124016246730662e+03 8.673434552864750913e+02 9.240312403002536712e+02 0.000000000000000000e+00 0.000000000000000000e+00 0.000000000000000000e+00 1.729778388324247018e+01
0.000000000000000000e+00 3.510232002236056132e+02 1.661326857666118997e+02 1.121036240264067828e+03 2.424198311951535061e+02 1.928566076335825608e-01 4.270253581866188419e+00 6.276444907988079649e+02 6.229731200613967701e+01 5.056383728443443601e+02 3.878468593359269221e+02 3.263007832515222617e+01 1.062334162586900675e+03 2.722592338931820066e+01 1.337566661974037459e+02 1.367979824671463120e+03 3.360732011596183497e+02 1.779359462108671508e+01 4.778060027682983559e+02 1.185094227841942738e+00 3.486841195594734018e+02 5.811554503534511014e+02 6.306793887555367739e+00 4.046274533121911645e+02 4.324059878488755544e+02 9.462420203552370594e+02 2.410149866844131168e+02 5.540484788662165556e+02 4.266099728048768043e+02 3.092736700459576937e+00 6.002223907945896144e+02 6.494317933116406039e+02 4.852487352871007715e+02 3.655390711571771423e+00 5.044055294350693538e-03 4.941815577892190277e+02 9.169361945789667061e+02
0.000000000000000000e+00 0.000000000000000000e+00 2.246374556338482193e+02 2.530601377979240851e+02 9.207350685620111790e+02 2.489337406779018522e+02 1.194355125549003560e+03 1.956243588344840134e+02 8.055522309654205628e+02 9.947855765700008135e+01 4.385408642097855250e+02 3.288137082922547734e+02 1.438419887509944886e+02 7.088866568315965822e+01 8.648099032338203642e+02 7.335195840449017624e+02 8.340814655672937761e+02 3.421186628472665916e+02 1.331163341329187233e+02 1.138527204824916680e+03 0.000000000000000000e+00 7.875481998967572963e+02 9.978380608907219766e+02 7.103750873849523941e+02 0.000000000000000000e+00 1.572973023022967482e+03 0.000000000000000000e+00 8.556876798030453983e+02 8.807877803884044852e+02 1.967034700149804678e+02 1.332795509787393030e+03 2.014799452659286771e+01 5.257216882447763737e+02 9.746582083553541906e+02 1.368620825736577160e+02 2.857247085344868083e+02 6.708235382642597777e+00
0.000000000000000000e+00 8.222495985939375487e+02 2.756664718464224961e+02 9.757861024414833082e+02 6.385201600852325328e+02 1.133135781298303300e+03 3.029557668451984682e+02 1.750917427539333858e+03 1.024165553400935778e+03 4.809755915265651538e+02 6.160869343981216844e+02 1.419081921894082143e+03 3.490999904151845499e+02 1.126737245911015634e+03 1.610627090894646187e+02 5.607820147517178384e+02 7.157188715334968947e+02 1.711454574980576027e+01 9.134617384326314493e+01 0.000000000000000000e+00 7.583151320712440793e+02 5.936024988302392558e+02 9.851297111955294667e+02 4.836485704509408947e+02 9.778022770277580094e+02 1.696350283742350251e-01 1.027337824598374027e+03 4.122124746158475261e+01 1.966570729940414139e+02 1.020828366460216785e+03 6.820288463902699050e+02 2.150296256580375598e+02 1.255375145022756897e+03 1.110090771287808593e+03 5.831755890601261854e+02 1.314011198361583865e+03 7.781213458413566286e+01
0.000000000000000000e+00 5.422705503133782940e+02 1.142507408206674654e+03 2.163301312605949267e+00 7.456981295054012193e+00 5.757550425079730161e+01 4.523231671155421907e+01 0.000000000000000000e+00 1.387254169990722403e+03 0.000000000000000000e+00 8.738118258500991260e+02 2.177258337563150974e+02 3.025390808338985948e+01 2.481822696688814176e+02 8.839240006920985024e+02 7.101962836485383832e+02 1.735193880089536123e+00 3.903129351362429844e+01 1.450790579541388979e+03 1.060350114214154019e+03 5.257112205251377191e+01 1.452538721966835283e+03 3.112595192427659030e-01 4.049576253799258438e+02 9.773826394361338998e+01 1.331558858244285602e+03 9.688978260264765652e+01 7.067286824983368021e+00 5.461519025427283935e+01 2.468475278937293069e+02 5.922805724277776562e+02 7.997269533037110989e+01 9.175038889486969538e+02 6.733907292496192554e+01 6.440465302691133154e+00 7.951958778644165022e+02 1.324136144903152434e+01
0.000000000000000000e+00 7.090578326249954877e+00 4.262232192840004785e+01 8.447734068102873550e+01 6.306222692627331980e+02 2.921146590205304960e+02 3.890249369398575254e+02 1.547571778650734814e+03 8.335629228352199604e-02 8.645750805827367458e+02 0.000000000000000000e+00 1.079184800409113677e+03 1.487111462605343604e+03 1.664998063307098846e+03 1.040586444046737447e-01 2.462003939813427564e+02 8.486242998392935988e+01 3.493736834741482653e+02 3.991483740569890415e+02 1.540420683212602626e+03 0.000000000000000000e+00 1.205334490965608580e+02 1.634189859591797358e+02 1.131655790573368904e+03 1.885461257971132731e+00 6.507212752964204583e+01 1.360618005297867805e-01 9.208011020692684667e+01 5.953753027984838582e+02 8.058124016991083636e+02 2.567083715866939997e+02 5.769027080907366667e+01 1.093907181092067958e+03 0.000000000000000000e+00 5.746223702123915018e+02 0.000000000000000000e+00 6.250504107014840116e+01
0.000000000000000000e+00 9.972700171187295837e+02 7.473173657532292964e+02 2.852493147876297712e+02 0.000000000000000000e+00 5.153159643495835098e+02 0.000000000000000000e+00 1.747598601382224615e+03 5.315796290854053723e+02 7.694320383359284961e+02 5.304723066577190593e+02 1.602565809138810415e+00 8.028788617271229668e+02 8.737598085833511732e+02 2.642921507747008150e+02 3.723924800293487891e+01 8.386911412752327806e+02 3.784209810794671398e+02 1.822666294156991569e+02 3.404744039990044158e+00 2.531420863670513777e-01 5.209736087310770927e+02 6.112430000990160579e+02 4.973882039878822492e-01 9.022957885622618335e+01 9.625586419103051412e+02 6.985987936072046978e+01 4.225745597238736551e+00 1.949236208553330698e+02 1.100022741016850659e+03 2.269742562020605590e+02 6.239205169757117631e+01 1.122775915057711018e+03 4.690766971191425228e+02 4.072392198538197476e+02 3.006984907563153087e+01 1.476754781893560903e+03
0.000000000000000000e+00 4.293830933646820114e+01 1.361427031085867725e+02 5.950440095697889120e+01 7.856988426894235999e+01 6.044133580600638425e+02 5.529428431471319527e+02 2.364338608880732409e+02 5.054486740478735669e+02 0.000000000000000000e+00 4.628283681573065564e+02 8.686258372080065726e+01 5.208195873284645359e+02 4.548744352040105241e+02 0.000000000000000000e+00 2.434664417336451834e+02 1.736463046646476016e+02 8.067447823625217396e+00 8.960503214878046947e+02 5.109821990893541965e+02 6.910739369139689643e+02 1.946306335590772392e+02 1.118119196863993068e+02 1.453261027734720756e+03 1.322974024566397020e+02 7.550071501214908665e+01 2.513414712989031443e+02 0.000000000000000000e+00 5.191817362207616497e+02 6.538564616204600100e+01 7.071716369956629933e+02 5.190761246059138578e+00 2.412879773357385318e+02 1.200466857222155426e+02 8.106031835537118013e+02 0.000000000000000000e+00 0.000000000000000000e+00
0.000000000000000000e+00 1.081083163873004516e-01 3.213322113077725639e-01 7.819709120583708000e+02 1.254174541096847861e+03 1.525171682438404105e+03 2.059577518648867169e+02 6.249874022952590167e+02 1.236324462117812146e+02 0.000000000000000000e+00 9.300484367202125213e+01 2.834053464805134581e+02 6.790872392610508790e+00 3.731604920279856970e+02 1.045345355893788792e+03 6.155068716058344762e+02 5.255452463838503263e+02 1.833932494273076586e+01 7.297568367992518290e+01 4.346310849899290396e+00 1.558234239698390056e+01 1.144012987383421660e+03 1.234032238328437927e+02 1.588960848580899210e+03 6.941332513456715958e+01 0.000000000000000000e+00 7.326775676596881794e+02 0.000000000000000000e+00 7.523510538518311250e+02 1.134422903022334822e+03 2.407521688998498632e+02 3.727907641995369659e+01 5.103308681989420847e+02 4.051156746451047397e+00 1.125044455801980376e+02 6.211440743931712660e+01 8.309321266891380731e+01
0.000000000000000000e+00 1.370095094646741700e+03 5.609121480601568237e+02 1.855106912576565605e+02 8.352225489905850964e+01 1.795451977071224405e+02 8.688100958020669395e+01 3.449613894237643308e+02 0.000000000000000000e+00 0.000000000000000000e+00 0.000000000000000000e+00 7.860735711830164973e+02 1.275337007282533222e+02 2.969388058127951808e+02 1.309045728156321786e+02 3.178279645953116415e+02 7.572532797101180790e+01 3.525540096973430195e+02 3.138965313164803206e+02 1.694539320450814657e+01 8.819641069392478130e+02 1.126329393517983135e+03 2.867693905658252262e+01 1.345151371292556348e+02 2.720317633552853831e+00 1.146071868513070513e+03 1.152339935889279943e+01 8.459249001850115519e+02 5.283222814927487576e+01 3.780920167415997639e+02 1.355664054197935009e+00 4.281558294643528484e+02 3.344581538759084083e+02 7.962634552461693147e+02 2.276348627486703080e+01 1.088305174472629204e+02 9.026259900014250661e+02
0.000000000000000000e+00 7.892603064277143403e+02 3.966756006981379983e+02 8.445372552629685288e+02 4.016969702826013986e+02 3.123006468635834381e+02 5.181055527026569685e+00 2.497359559539447105e+01 3.362364147452862717e+00 9.506534210973155723e+02 0.000000000000000000e+00 7.865917550162126872e+02 9.036493766236213787e+02 1.375165368706899427e+00 1.009311043973162668e+03 4.226495618872972955e+02 6.734043123162345523e+01 1.424831547657294550e+03 2.615829509279402600e+02 7.547073992229467621e+00 2.625159696063660704e+02 3.737282336152772899e+01 3.608003076039459245e+01 1.522214428614543067e+03 6.860945086206813812e+02 1.331606901641099204e-09 3.281831290622837969e+02 6.831900392379024189e-02 6.221748283738153162e+01 1.686004561081970905e+03 3.977817979940818560e+01 4.419012920652508569e+02 6.664667209209944758e+02 4.471179695889823051e+02 4.323689134159781133e+02 1.251930445852037792e+03 9.735451428087604882e+02
0.000000000000000000e+00 8.845856570552240328e+02 1.068157627202685262e+03 4.537418437823648674e+02 1.047266584092438961e+03 8.377210709273774683e+02 1.867497260484380774e+02 4.710709227329563191e+02 7.711262003176655444e-01 8.362603660443326703e+01 5.690211489904388600e+02 4.238296893370879275e+02 3.002493270131041641e+02 5.693690047990585299e+02 0.000000000000000000e+00 3.499949606147607710e+02 4.104818549666565985e+01 6.393409715207200179e+02 2.018435553919885450e+01 2.261247538009734992e+00 2.338561574926781077e+02 4.624378895619104810e+02 1.177488590904275298e+02 1.540243223047195215e+03 6.539309030114879988e+02 0.000000000000000000e+00 1.526398112268613204e+03 4.395042536247075304e+01 1.348220166799243316e+03 6.874307133143152271e+01 1.190178960381720344e+03 9.368411497594664752e+02 1.915425347306890957e+00 7.514103530808717402e+00 1.466001869982183514e+01 1.101474048828807994e+01 1.249217291720467671e+01
0.000000000000000000e+00 1.055674816129477676e+03 1.278202380295728517e+03 1.755464011229149719e+03 1.126846455765565679e+03 2.971029476883082499e+00 4.876631567473052655e+02 2.511659229680293848e+01 4.602802554994732418e+02 6.064404119653650014e+02 1.000071633947571968e+03 1.586278467394788265e+02 1.446887530937233350e+02 7.159924946899918723e+02 4.495319074419015792e-01 3.013809951639161113e+02 2.697197752832490210e+02 4.040167672880737086e+02 5.275506597844448606e+02 1.127011236440324415e+00 8.495245632200185071e+01 5.708027649868662365e+02 1.032800847533693371e+02 1.308655145147209396e+03 1.484658789381575843e+03 6.874740382836624697e+00 2.402629291497556885e+00 3.364088493343670621e+02 1.435849622434416005e+03 1.870479064864377650e+00 8.609554694838077893e+00 4.263418627050177712e+00 2.507064249790360293e+02 9.458124373858527179e+02 1.984097636015564774e+02 1.318971861910528958e+02 1.392706146511931820e+03
0.000000000000000000e+00 3.898383125871166754e+01 1.312153384997065020e+00 1.443236706484006788e+02 0.000000000000000000e+00 3.969752705819079353e+00 0.000000000000000000e+00 4.002257216843887022e+00 7.292333916482285758e+02 9.564113422093748795e+02 1.201775053166904570e+02 1.604665751686494332e+03 1.273845408078556602e+03 1.093388775575745639e-02 6.629293799176362256e+01 1.082697535808322073e+03 1.109585478728815815e+02 1.569739683768406849e+03 3.304326684669064207e+02 6.851656188375496868e+02 0.000000000000000000e+00 5.015877076557495684e+01 1.546233821588970159e+03 0.000000000000000000e+00 0.000000000000000000e+00 1.469380783859797020e+03 1.130897206330426570e+03 1.439403193493525857e+00 3.802843801814991043e+00 5.370779099069995510e+01 5.397825024298371090e+02 3.340086546523193078e+02 4.808739375987071298e+02 2.644769969319746039e+01 9.140329301659925250e+02 1.371891256008481441e-01 1.162744875811275961e+03
0.000000000000000000e+00 1.018966258331757672e+03 1.482526701854922749e+03 2.620272274877282825e+02 1.302268535179390938e+03 1.019785755448751047e+03 0.000000000000000000e+00 9.547555998053442181e+02 7.366658711769233605e+02 1.812352244711923799e+00 8.825315007825236080e+02 4.026694390116439308e+02 8.214580682426406710e-01 0.000000000000000000e+00 7.925977161452995023e-01 1.021980858398790701e+03 1.494866796653393806e+02 2.429569221207034104e+02 0.000000000000000000e+00 6.462015982550725823e+01 1.160238316108058569e+02 3.784830885528025846e+01 1.295838917547702522e+03 1.479512843076654917e+03 6.300214347141492865e-01 6.929403006260199049e+01 3.692248998370725985e+02 3.395699007211700291e+02 7.337161262107490529e+02 4.713958059073322602e+02 4.252378177504847656e+01 1.341669726850990855e+03 1.799825271493176899e+02 6.116561323794037435e+02 5.903952216358456795e-01 8.302128673757600836e+02 2.095922102397780762e+00
0.000000000000000000e+00 2.061673206051902412e+02 4.257009274320165737e+00 3.903105925044720453e-02 4.351176627597582183e+02 0.000000000000000000e+00 3.239923577884545693e+02 2.965385575112738366e+02 2.103524651278910085e+01 1.204314013659203226e+02 1.499382661403132033e+03 3.286834809743174102e+00 3.715894643896958200e+02 8.683199932561769856e+02 4.455007204282706539e+02 3.617167078692881432e+02 9.692176339429043708e+01 7.953428974591356564e+02 6.610453189231184297e+02 1.328661752063968038e+02 1.064005215843277341e+00 1.967961822534950445e+00 8.383784484004924025e+02 3.257625922723349277e+01 1.821602854278903578e+03 2.595216679629473219e+03 6.287412671598145835e+02 3.241463618677074692e+02 3.269092814604125010e+02 9.107895214084617237e+02 1.228201550452169840e+03 6.922768205771642869e+00 1.416779183196837721e+03 1.103573255292375052e+03 4.910567592714087368e+02 5.231850894302541519e+02 3.696871096907916865e+01
0.000000000000000000e+00 1.747626164534656255e+02 6.162754020882118766e+02 9.220348748916132990e+02 8.741713509288148387e+00 6.076057437167658009e+02 1.322441830093023555e+03 2.798095432717606457e+01 1.544377446085641623e+03 5.846060115813392599e+01 1.455876514675444696e+03 6.266543758310189061e-01 4.442674655615244319e+02 6.146956758107452456e-01 7.493259677038338396e+02 1.256420299093507165e+00 6.471297371486315342e+02 5.523460588823286344e+02 9.788860368575511757e+02 8.893144811781233727e+01 1.532767531043834310e+02 1.321847435223168166e+00 0.000000000000000000e+00 0.000000000000000000e+00 0.000000000000000000e+00 6.956666839966273983e+02 8.777542164672034630e+01 3.005571698329757737e+02 3.777526233581580755e+02 1.265041707569452910e+03 6.209932125916984660e+02 1.447490517510745462e+02 3.943921071667097777e+01 1.493608007182851907e+02 7.858827794281029355e+01 8.907562168336366994e+02 3.154512803291791845e-01
