output/example/lateral_incision_000475.asc
nrows	75
cellsize	13.33333333
xllcorner	0
ncols	75
yllcorner	0
NODATA_value	-9999
[rows 34 to 50 of 75, columns 0 to 36 of 75]
0.000000000000000000e+00 0.000000000000000000e+00 1.022182719292994648e+03 1.002491780650796045e+03 1.120357877857258927e+03 0.000000000000000000e+00 8.646459588648996260e+02 1.645816741264821530e+03 0.000000000000000000e+00 4.162305990703654288e+02 5.819645324227958554e+02 6.132529960479513420e+02 3.934349824698541056e+02 6.286744891185748685e+01 6.503373213844262182e+02 3.508869378583104890e+02 8.024018358975248475e+02 3.676878337363003766e+02 3.927404290266150042e+02 3.154836433397080475e-02 1.072354785396283887e+03 1.445666564366850707e+03 1.577291041356640910e+01 1.407850583145884229e+03 1.517294696422637344e+03 5.230601629708614837e+02 8.089245773337452192e+02 1.087725594273174750e+02 2.997089043130337700e+02 5.714150324397011218e+02 4.828416827952993207e-01 1.254057004813733101e+03 1.741767716387129894e+03 7.870321421864919103e+02 5.177711030045207963e+02 1.583234207074728204e+02 5.082966780955203490e+02
0.000000000000000000e+00 7.076238640873085615e+02 6.446576162678488231e+01 3.581187539892701466e+01 1.452793314507435980e+02 1.598251762853752780e+03 9.046980759561093919e+02 7.703791435095598672e+01 5.726882091682665532e+02 3.203002635855548306e+02 5.569872119525016387e+02 2.481125596279219110e+02 6.980069362961338584e+02 7.291649012388180040e+01 1.257342241832458967e+03 4.116175517826804935e+02 4.575534978930461421e+02 1.252836991250605479e+03 0.000000000000000000e+00 1.539079371328251682e+02 1.544747682175403270e+03 1.343477778735096422e+02 1.277044409605510054e+03 3.644277705111646242e+02 1.232917795639898770e+02 0.000000000000000000e+00 1.012399036737328743e+03 5.604462746139530438e+00 5.682267108256603478e+02 1.854213830833214445e+02 1.051654639058827797e+03 1.223642564872705407e+03 4.228759223552920048e+02 4.407538963717313436e+02 1.797643081129094185e+02 5.029664275164231526e+02 8.588154692863332684e+02
0.000000000000000000e+00 1.271374932828618284e+03 1.735453569387334255e+03 9.122128730098175993e+02 9.001143465724848625e+01 4.292709805648117083e+01 7.171941801110533277e+01 1.707781252659404345e+03 1.546201299484476710e+00 1.185921725016735166e+02 2.018477001021101813e+01 1.283404758586458001e+03 6.989489329700820930e-01 1.381189756429629369e+03 1.086287539208345379e+03 7.073584907026069004e+02 1.145931966276613366e+03 0.000000000000000000e+00 8.592845328084110861e+02 6.934994348498188401e+02 0.000000000000000000e+00 0.000000000000000000e+00 1.515769290364237349e+03 2.628596814414312348e+02 3.193744943148843270e-06 5.977747137638688457e+01 1.408431172841123669e+02 3.792842177492299243e+02 2.385767052180434575e+02 1.487791449835731328e+02 0.000000000000000000e+00 7.969492692006227230e+01 1.725729380444132062e+02 1.618805667179331067e+02 3.257555020037739002e+00 0.000000000000000000e+00 1.030217259632304092e+02
0.000000000000000000e+00 1.079030193732279486e+03 1.218041852353173908e+03 4.247152924131786449e+02 8.269154064191434372e+02 6.671937740330110955e+01 1.324808559983304349e+03 5.481874961628343499e+02 1.737594597762179660e+01 3.084207263559185321e+02 2.494660719889098459e+02 2.122816448551118356e+02 0.000000000000000000e+00 5.466927386609517043e+02 0.000000000000000000e+00 1.320954074177525968e+02 2.594333175853530520e+02 8.884930129635149569e+02 6.411654474154513537e+02 8.772506030609923400e+00 9.767587893862316832e+02 5.037279606669662257e+02 3.229149830344073990e+01 0.000000000000000000e+00 7.110624977501320276e-02 1.564079680406547823e+03 1.501632680581384875e+03 1.769003068059910504e+02 9.003000120341506545e+02 4.939101376108270074e+02 8.728300492948253577e+02 1.452910000871385137e+03 6.603584747231543588e+02 0.000000000000000000e+00 2.779491692149851811e+00 5.827186039269472531e+02 1.117050504402923707e+03
0.000000000000000000e+00 0.000000000000000000e+00 0.000000000000000000e+00 4.697256960646195978e+01 1.147093224892986427e+03 1.921008092045662086e-01 7.274802526594850542e-03 8.929985694653419515e+00 1.297339693737108846e+01 1.783397951497534706e+01 6.199142516516031947e+02 2.810935007704964619e+02 9.285834916317524801e+01 1.612161349241534651e+02 8.963529275822055524e+02 2.128231246954607059e+01 8.210578550005734542e+02 4.822516281797621787e+02 0.000000000000000000e+00 0.000000000000000000e+00 2.302842895777099219e+00 8.522071064956135444e+01 2.115317071830637303e+02 2.631983059840439410e+02 1.581370107830939560e+03 1.155310649013421009e-01 0.000000000000000000e+00 3.140807563973651213e+02 3.266513543335616276e+01 3.778507616446890438e+02 4.674302335516983931e+02 6.060328356090979014e+02 5.247823942266688846e+02 3.010935576035489589e+02 1.011834154847546046e+02 1.232396822180373697e+01 3.895751500773181331e-01
0.000000000000000000e+00 1.210265976920307594e+03 4.944441811594538194e+02 3.616108144359255334e+02 5.040125193712314058e+02 4.401781780519872314e+02 9.092027210222480562e+02 1.514129627574398107e+01 1.373431809801404135e+01 2.845141091697634650e+01 7.598393140161006158e+02 1.677909397005538267e+03 4.450193898388904046e+01 4.341806863533839760e+02 1.145016559272525683e+03 8.234713022243164460e+01 4.903310926110728474e+01 9.187658060386762315e+01 5.931041656109096039e+02 1.732265139353207246e+02 7.432862631894531660e+02 4.263586751131774655e+00 1.571129638277906082e+00 0.000000000000000000e+00 6.984285788535369299e+00 1.291238191920314875e+03 1.264349749530391136e+03 1.021373993847742578e-01 1.352221869093795021e+02 3.230166469530769859e+02 4.355393762417397596e+01 4.140069225029823201e+02 3.658025518824356936e+02 4.755890440150870973e+02 6.453010341418605833e+01 7.037010275215674255e+02 5.134974033198687948e+02
0.000000000000000000e+00 2.891837811214936664e+02 9.478645551377326228e+00 4.756453461358211143e+01 2.369622891387230723e+01 1.857571343556358201e+01 2.579700101556192635e+02 7.910026751790165918e+02 0.000000000000000000e+00 1.257781798894390590e+02 1.042703489146544538e+00 4.009035938148166451e+02 3.357103590948329241e+01 2.008668411817203605e+02 2.533960492073768478e+02 1.447878829836843408e+02 7.502744256698096024e+02 5.673606669200981401e+01 7.598984458105903173e+01 3.228876634434313075e+01 2.851187245431393080e+01 7.451632223665848187e+02 1.019779380465396628e+02 1.742105296909504375e+02 0.000000000000000000e+00 3.989715514425808465e+02 1.276647618091731606e-01 1.015870798740973100e+03 2.085799623152693130e+03 5.620728047992552092e+02 4.432883885144311975e+00 4.008160490294966394e+02 1.286261746468973399e+01 8.855885939460370082e+02 3.327228880239389497e+01 6.228316320927397101e+02 4.265332384046726588e+02
0.000000000000000000e+00 0.000000000000000000e+00 7.785228828653843038e+02 1.990234985001633872e+00 2.897089348443101358e+02 2.799032990445699642e+00 2.301938966430504934e+02 2.289983017737021953e+02 3.881048130854908851e-01 8.838661005916617341e+02 3.438096104385741683e+02 3.959216504650239443e+01 3.037424030997934210e+02 4.362536452816323518e+00 7.384262534990016036e+01 2.218840397852393949e+02 2.726037882157798435e+02 7.576195686401568992e+02 6.290085639022429405e+02 1.315073258774968110e+02 3.799783928398139210e+02 3.328072030835135138e+02 5.670903728661513696e+02 1.033714079590068650e+03 1.235681513464995760e+03 5.195640225991154182e+01 1.432384804471100281e+00 9.384069613913676449e+02 4.748691228165610734e-02 5.704376843268956918e+02 9.380389181243782559e+02 4.544634457501472866e+02 2.845520563632280187e+02 0.000000000000000000e+00 7.100592129910511119e+01 2.585912745512229662e+02 1.241904183332102285e+01
0.000000000000000000e+00 0.000000000000000000e+00 5.762226193533008427e+02 1.822124161302050140e+02 9.251681264501714850e+02 4.637172011045286126e+02 1.654493525349345646e+03 6.090982700398613225e+00 6.351898965895039737e+02 8.504421035543263088e+02 1.902524003375606654e+01 2.160167744803484311e+02 9.215371898041212262e+02 7.858630891495900883e+00 1.106073748110724182e+03 2.497563869441253637e+00 4.094786714514220876e+02 1.307637618879716301e+00 2.555869997625275118e+02 5.930419601585293066e+01 9.207197931491361942e+02 4.699189268270543174e+00 6.992242118458460709e+01 2.459809856966432449e+02 5.542854143363927051e+02 1.103263598250165671e+02 1.574480374061720795e+03 0.000000000000000000e+00 1.496907317658839176e+01 4.554570497675868523e+02 8.328308237138404593e+02 1.351228063159710700e+03 5.240782376142771426e+00 7.838866600199705772e+02 1.711491745339849047e+02 2.256708352010492433e+02 8.648388102441853675e+01
0.000000000000000000e+00 6.428067741357326668e+02 1.191000409106991675e+00 2.287713392766727054e+02 2.355430832982761160e+02 7.374486256460349942e+00 1.544316971847995092e+03 7.733102489381390399e+01 6.301497145165669878e+01 8.017396779642244837e+02 2.592750291901110060e+01 8.314061229128820969e+02 6.650614324060876470e+02 1.050812228344035065e-01 1.356545325653944190e+01 2.374278302035634169e+01 2.507758840950824606e+02 8.081293636813695613e+00 9.041719991358311290e+02 2.356696164144784689e+02 5.399309496097795318e+02 5.072301986124515452e+02 1.372986484675745977e+01 1.069813157165711743e+02 7.432194613802121239e+02 8.074245344277856873e+01 4.857575195249795001e+02 1.087486770673216597e+03 2.225541088460974493e+01 4.226702986384304950e+02 7.298718128714720024e+02 8.181234696224970904e+00 1.999592929890914661e+02 1.240020615407999685e+03 0.000000000000000000e+00 1.497401810508703647e+03 2.918252712060686349e+02
0.000000000000000000e+00 5.695212982306198910e+02 5.040023831571003825e+02 8.802952376195577244e+02 8.426730432962895034e-03 1.634380332706357649e+03 4.808560468787417790e+02 1.079192232261329536e+03 1.235708529226254626e+02 1.372053345345914295e+02 2.255620866969286737e+02 1.040613419005760250e+02 1.220487193522020107e+03 5.647762120875543133e+02 1.126665512523595680e+02 1.544460901282389614e+03 2.031516340703529977e+02 8.022051971282170371e+02 1.523563449882020109e+02 2.384593415442064099e+02 1.849759055309228017e+02 5.219035316406085201e+01 0.000000000000000000e+00 1.432125926569140688e+02 1.165483586440193221e+03 9.977470606630217276e+01 1.453767098104206070e+03 4.574772364814403431e+02 4.397719823107485126e+01 4.871746669467337938e+02 3.382020077458241190e+02 3.926784210893078608e+00 1.486342490966528658e+03 9.691981821345873414e+02 3.093368404290671378e+02 1.011373668335072466e+03 1.656428756036656011e+02
0.000000000000000000e+00 4.030317501567989069e+00 0.000000000000000000e+00 0.000000000000000000e+00 0.000000000000000000e+00 0.000000000000000000e+00 0.000000000000000000e+00 0.000000000000000000e+00 0.000000000000000000e+00 0.000000000000000000e+00 0.000000000000000000e+00 0.000000000000000000e+00 0.000000000000000000e+00 0.000000000000000000e+00 0.000000000000000000e+00 0.000000000000000000e+00 0.000000000000000000e+00 0.000000000000000000e+00 0.000000000000000000e+00 0.000000000000000000e+00 9.804982348098509419e+02 4.426779159065321210e+02 1.285489181240399148e+03 0.000000000000000000e+00 5.136827257807959768e+02 1.800759797523192063e+01 1.135478529608942381e+03 4.750194121366056947e+02 1.756205453706988635e+02 3.917433788074323502e+02 2.944560909052503916e+02 8.328532123657241826e-01 1.701767055495502348e+02 1.375663833800330394e+03 3.861650197466831287e+02 9.600811586303594325e+00 1.114511923010838018e+03
0.000000000000000000e+00 1.487170650915158490e+02 0.000000000000000000e+00 0.000000000000000000e+00 0.000000000000000000e+00 0.000000000000000000e+00 0.000000000000000000e+00 0.000000000000000000e+00 0.000000000000000000e+00 0.000000000000000000e+00 1.705740796337794791e+03 0.000000000000000000e+00 0.000000000000000000e+00 9.148826467431830922e-02 7.455097806533159428e+02 4.388822607088356449e+02 0.000000000000000000e+00 3.028115548607148071e+02 0.000000000000000000e+00 1.316595334102667721e+03 0.000000000000000000e+00 0.000000000000000000e+00 8.166526398630428503e+02 5.667068127699643583e+02 1.693269915041360946e+03 0.000000000000000000e+00 1.210680653138000025e+03 3.647967201711214802e+00 4.513409078162909793e+01 9.632528981132486479e+02 1.412523975378457180e+03 1.349714423934637807e+03 1.156513852323922187e+01 4.753035912495903403e+02 5.527852930270347542e+01 1.280498048053010734e+03 0.000000000000000000e+00
0.000000000000000000e+00 3.806330171044436952e+02 3.435237589167832084e+02 1.529175802698962833e-02 6.755345725703309654e+02 2.391747113351957239e+02 7.747296520304488565e-01 2.961148353623560183e+02 4.614582985752268759e-03 1.690010047494988157e+03 1.629246978450942657e-03 1.080029655493578503e+03 3.231935113760348486e+02 1.251833589779207387e+03 9.568465675231871046e+02 4.862251896282624233e-03 1.181943283356323491e+02 5.725321925859515204e+02 8.550751793071900408e+01 4.357731905042905396e+02 1.056542722049653776e+03 0.000000000000000000e+00 0.000000000000000000e+00 0.000000000000000000e+00 4.718541407691626546e+02 2.319167132121216834e+00 9.691659738666128305e+02 1.580237759178674196e+03 2.864076106192132443e+02 6.513900144500813667e+02 1.292152055373999701e+03 2.385340967544626665e+02 9.368857523756137198e+02 9.471392862175889604e+01 1.628045658018927725e+03 1.790422813838802654e+02 4.345789666089176535e+02
0.000000000000000000e+00 1.334738037514054838e+02 0.000000000000000000e+00 3.421240200832964096e+00 5.687267273542245221e+02 1.116322206444995345e+03 1.569377772168143448e+00 1.086405170655868005e+03 1.319829246356704971e+03 1.247298839195339237e+00 1.327062944241957609e+02 1.596792373100591647e+02 1.485294366951909639e+00 4.557538030392281030e+02 0.000000000000000000e+00 1.095092128256447268e+03 0.000000000000000000e+00 8.348668475566501002e+01 5.934359691134385457e+02 4.201893505870543777e+02 1.030812450077634367e+03 0.000000000000000000e+00 0.000000000000000000e+00 0.000000000000000000e+00 0.000000000000000000e+00 1.356721668766322637e+03 0.000000000000000000e+00 0.000000000000000000e+00 0.000000000000000000e+00 8.503799788311548582e+02 1.587786282271438040e+03 7.887134736662347601e-02 3.553256383518392170e+01 2.691150874860860753e+01 1.217062976721284162e+00 4.770228015877054500e-02 7.298054502840665592e+00
0.000000000000000000e+00 0.000000000000000000e+00 1.916471232452404365e+02 2.087158447278916071e+02 1.247525315954649727e+01 5.071674663406671471e+02 4.141701872012145600e+02 6.965200411476765794e+02 3.312397096679420088e+02 3.268355046852430501e+00 6.227145696417414911e+02 7.284619700926627957e+02 0.000000000000000000e+00 8.026349045360102252e+01 1.069678102794855022e+03 4.384098077664234694e+01 5.747655625942788902e+02 4.160674227254925611e-02 1.011392681571288810e+00 0.000000000000000000e+00 3.445961531761450942e+02 1.079593226340091633e+03 9.748087489618355794e-05 5.706961459269489296e+02 3.423699634901321929e+02 1.310095799194572692e+03 3.623988177002975597e+00 3.823723610553640810e+02 0.000000000000000000e+00 0.000000000000000000e+00 0.000000000000000000e+00 4.194962851548556491e-03 0.000000000000000000e+00 1.655086998661850772e-01 0.000000000000000000e+00 0.000000000000000000e+00 0.000000000000000000e+00
0.000000000000000000e+00 9.138174202887461206e+01 1.039909466657894077e+00 3.686648094530787034e+01 1.371152966182835655e+02 7.694157262636268797e+02 5.148379103745996872e+02 0.000000000000000000e+00 5.039964384646470421e+02 1.578352905015000651e+01 2.175902846931703891e+02 0.000000000000000000e+00 1.221741937320190763e+00 4.803983523196421856e+02 1.270260411880389029e+03 5.475788987485263881e+00 7.262918688377585568e+02 6.869687167761805995e+02 8.722235113051668804e+02 6.295277258857623792e+02 1.586120254548999810e+03 6.652895118020736618e+02 4.962082663413545647e-01 9.251167964076483941e+02 5.622194974971251895e+02 4.014806306748972275e+01 0.000000000000000000e+00 4.549711956412049858e+02 4.215665900327563520e+01 0.000000000000000000e+00 0.000000000000000000e+00 2.094926436431035768e+02 2.632279060565464874e+02 6.762396861128632963e+01 1.701784371947075670e+03 1.484514226001555016e+03 9.434415521118315837e+02
