output/example/lateral_incision_000038.asc
nrows	75
cellsize	13.33333333
xllcorner	0
ncols	75
yllcorner	0
NODATA_value	-9999
[rows 17 to 33 of 75, columns 37 to 73 of 75]
5.567654457923772462e-13 0.000000000000000000e+00 1.562266173312861723e-12 3.072656273254790096e-12 0.000000000000000000e+00 3.381375016925048959e-12 1.665430843891358003e-12 0.000000000000000000e+00 5.646900837374706754e-13 0.000000000000000000e+00 5.579623859634474315e-13 0.000000000000000000e+00 0.000000000000000000e+00 0.000000000000000000e+00 0.000000000000000000e+00 0.000000000000000000e+00 0.000000000000000000e+00 0.000000000000000000e+00 3.412095453487356476e-12 5.703630893543662374e-13 1.659790435347030608e-12 0.000000000000000000e+00 5.724054449631133562e-13 0.000000000000000000e+00 0.000000000000000000e+00 1.761899964356463071e-11 1.724086061721574098e-11 1.468670083982120702e-12 5.741466947188637086e-13 1.670397792799338013e-12 0.000000000000000000e+00 0.000000000000000000e+00 8.662153033609333308e-12 3.674966077409279247e-12 0.000000000000000000e+00 1.839124169873732664e-12 3.378955873456529863e-12
0.000000000000000000e+00 1.191952577792726878e-11 0.000000000000000000e+00 4.077110254256910867e-12 1.095090696003164105e-11 1.658598850245007791e-12 0.000000000000000000e+00 5.599514457118823568e-13 1.812175644022244461e-18 0.000000000000000000e+00 0.000000000000000000e+00 0.000000000000000000e+00 0.000000000000000000e+00 0.000000000000000000e+00 5.616261878357646683e-13 0.000000000000000000e+00 4.215226276785315744e-12 3.381121059711655988e-12 2.355592519122940460e-11 5.740654643781734609e-13 6.130393209380493832e-12 2.235410653005851193e-12 0.000000000000000000e+00 0.000000000000000000e+00 2.978489076981753531e-12 3.378925506128767607e-12 0.000000000000000000e+00 1.671193900512061655e-12 3.740254321355899043e-12 0.000000000000000000e+00 1.659798475758567621e-12 3.385992249389996587e-12 0.000000000000000000e+00 3.379883184296667302e-12 2.972230745514754267e-12 5.689877546913609991e-13 5.684830665169607792e-13
0.000000000000000000e+00 6.125481223923806284e-12 5.361369446116846346e-13 3.360215766671099408e-12 1.649705215479630490e-12 0.000000000000000000e+00 5.655432365213558544e-13 3.381375016925048959e-12 5.599514457118823568e-13 0.000000000000000000e+00 0.000000000000000000e+00 0.000000000000000000e+00 0.000000000000000000e+00 0.000000000000000000e+00 3.360786685408876473e-12 5.616261878357646683e-13 0.000000000000000000e+00 3.004937885948837139e-12 3.391393936931127943e-12 9.740237225356780324e-12 3.382129831250455547e-12 0.000000000000000000e+00 3.378961356719608113e-12 5.114318023644672556e-17 0.000000000000000000e+00 5.729106714410684556e-13 5.713261604297261188e-13 3.384636697262604210e-12 1.662234291076532198e-12 8.699114273198086921e-12 0.000000000000000000e+00 0.000000000000000000e+00 0.000000000000000000e+00 0.000000000000000000e+00 0.000000000000000000e+00 1.657667916014741466e-12 0.000000000000000000e+00
0.000000000000000000e+00 0.000000000000000000e+00 6.045525445126179723e-12 1.642951544415432739e-12 0.000000000000000000e+00 1.652941262205262527e-12 6.080336407202531660e-12 0.000000000000000000e+00 0.000000000000000000e+00 0.000000000000000000e+00 0.000000000000000000e+00 0.000000000000000000e+00 0.000000000000000000e+00 0.000000000000000000e+00 0.000000000000000000e+00 0.000000000000000000e+00 5.640962971867008525e-13 0.000000000000000000e+00 1.663585825484941294e-12 0.000000000000000000e+00 1.650671861971964670e-12 1.041063508997559687e-10 3.365885930148387460e-12 0.000000000000000000e+00 2.048255173068518721e-10 3.376283598979536083e-12 0.000000000000000000e+00 5.708659412103238352e-13 0.000000000000000000e+00 0.000000000000000000e+00 1.022742869549146119e-12 3.385992249389996587e-12 0.000000000000000000e+00 0.000000000000000000e+00 0.000000000000000000e+00 0.000000000000000000e+00 0.000000000000000000e+00
1.694912843041985620e-12 0.000000000000000000e+00 1.640260371996103839e-12 0.000000000000000000e+00 2.640551410904099784e-11 6.585743023323769598e-11 0.000000000000000000e+00 0.000000000000000000e+00 0.000000000000000000e+00 3.382644542677330328e-12 0.000000000000000000e+00 0.000000000000000000e+00 0.000000000000000000e+00 0.000000000000000000e+00 1.654918563089555168e-12 0.000000000000000000e+00 0.000000000000000000e+00 1.663585825484941294e-12 0.000000000000000000e+00 7.578195203127665030e-12 3.373553913379970867e-12 0.000000000000000000e+00 0.000000000000000000e+00 1.651136644663834700e-12 3.369183928078695389e-12 0.000000000000000000e+00 0.000000000000000000e+00 0.000000000000000000e+00 0.000000000000000000e+00 0.000000000000000000e+00 0.000000000000000000e+00 0.000000000000000000e+00 0.000000000000000000e+00 0.000000000000000000e+00 1.648271513004330432e-12 1.649425786045139716e-12 0.000000000000000000e+00
0.000000000000000000e+00 1.639441531279053916e-12 0.000000000000000000e+00 1.647402365470455641e-12 6.045525445126179723e-12 0.000000000000000000e+00 0.000000000000000000e+00 0.000000000000000000e+00 3.391926358790960895e-12 1.660003123019344681e-12 0.000000000000000000e+00 1.449439091158514038e-12 0.000000000000000000e+00 5.675848737265759224e-13 0.000000000000000000e+00 1.663172133722274718e-12 0.000000000000000000e+00 3.373801777780264139e-12 9.544700479578995791e-12 0.000000000000000000e+00 1.045273813869797446e-10 5.574563209256341752e-13 3.320500694226988807e-12 0.000000000000000000e+00 1.651028326834421366e-12 3.382360579958136816e-12 0.000000000000000000e+00 0.000000000000000000e+00 0.000000000000000000e+00 0.000000000000000000e+00 0.000000000000000000e+00 0.000000000000000000e+00 0.000000000000000000e+00 1.069761261291694789e-11 0.000000000000000000e+00 5.668236349068853934e-13 0.000000000000000000e+00
1.670873695583101950e-12 0.000000000000000000e+00 1.007926424741949583e-09 3.354881965012161112e-12 0.000000000000000000e+00 0.000000000000000000e+00 0.000000000000000000e+00 0.000000000000000000e+00 1.661949935256262659e-12 0.000000000000000000e+00 8.727641122128487337e-12 0.000000000000000000e+00 0.000000000000000000e+00 0.000000000000000000e+00 3.005165820481685666e-12 0.000000000000000000e+00 1.660255220898047194e-12 1.647981601156615315e-12 0.000000000000000000e+00 2.807215867091412938e-17 1.598939860723636876e-12 0.000000000000000000e+00 5.549256498109759543e-13 3.379134370234207741e-18 1.664418857599231580e-12 3.014152765928412673e-11 1.092738870694638935e-11 0.000000000000000000e+00 0.000000000000000000e+00 0.000000000000000000e+00 1.647622755376742415e-12 0.000000000000000000e+00 1.658985300153952019e-12 0.000000000000000000e+00 1.648271513004330432e-12 1.649425786045139716e-12 0.000000000000000000e+00
1.121107983885536782e-10 1.647843797894170167e-12 3.365145955195761079e-12 0.000000000000000000e+00 1.645635926863554832e-12 1.654283982887978940e-12 3.374438123187826241e-12 1.656133456003130115e-12 0.000000000000000000e+00 4.234781502553556143e-12 3.391926358790960895e-12 5.684160541797261234e-13 0.000000000000000000e+00 0.000000000000000000e+00 3.390650492039816987e-12 2.993115537481920290e-12 1.016312606166030493e-12 3.374521883246181617e-12 1.310019884622209239e-10 3.373801773394554146e-12 0.000000000000000000e+00 0.000000000000000000e+00 0.000000000000000000e+00 0.000000000000000000e+00 1.666897287465756767e-12 5.725770772980638453e-13 8.576691307066885715e-12 1.335975039424085609e-11 3.425895877948528727e-12 1.360868414849587717e-11 1.814097264777826896e-18 3.437253144158383791e-12 4.852124144631544208e-12 5.739410003990014411e-12 1.653453923129340164e-12 1.649006565879118724e-12 0.000000000000000000e+00
2.977585255122349994e-12 3.465127861704589376e-10 5.670766200742643710e-13 1.416706966893196362e-16 0.000000000000000000e+00 1.376465083035099201e-16 4.177027786163612939e-12 0.000000000000000000e+00 5.957978708319223689e-12 3.384429255005481852e-12 0.000000000000000000e+00 1.657849677428986448e-12 0.000000000000000000e+00 2.979027475840149169e-12 7.857700382962787206e-18 7.734604394152129557e-18 1.270061383145349525e-10 3.367026496718713896e-12 5.655368164437755316e-13 0.000000000000000000e+00 0.000000000000000000e+00 0.000000000000000000e+00 0.000000000000000000e+00 0.000000000000000000e+00 0.000000000000000000e+00 1.038082967503843978e-12 1.665823029122093623e-12 4.264864046521900990e-12 3.007114010208683441e-12 0.000000000000000000e+00 3.007692813171152547e-12 2.082780530773969352e-11 3.253834386779772496e-11 5.746179729730434585e-13 0.000000000000000000e+00 0.000000000000000000e+00 0.000000000000000000e+00
1.363522362651331494e-10 0.000000000000000000e+00 1.655767860173157194e-12 3.369490615645496819e-12 5.649197957889814915e-13 1.653318020088242658e-12 5.662319284117583156e-16 5.691296771140145797e-13 0.000000000000000000e+00 0.000000000000000000e+00 0.000000000000000000e+00 3.382766280448136656e-12 5.695117863330163642e-13 2.967137096415374202e-12 6.443910946131644525e-12 5.685455824785656726e-13 1.907374970238369038e-11 5.687500555810931145e-13 1.648027178916336877e-12 3.374182814244698067e-12 0.000000000000000000e+00 5.672583120978114813e-13 0.000000000000000000e+00 0.000000000000000000e+00 0.000000000000000000e+00 5.719448563879395977e-13 1.652863201586004236e-12 3.421691597719080004e-12 5.680813869463411488e-13 2.748708180112376950e-18 1.653366296565626610e-12 2.638121658580966954e-11 5.760970358263766518e-11 1.667506214536100499e-12 1.853218997559288777e-12 5.667199367460513236e-13 0.000000000000000000e+00
5.627541933682269635e-13 0.000000000000000000e+00 0.000000000000000000e+00 0.000000000000000000e+00 0.000000000000000000e+00 3.948511054295755814e-16 8.531484182429849253e-12 0.000000000000000000e+00 0.000000000000000000e+00 0.000000000000000000e+00 0.000000000000000000e+00 1.960458765063766823e-11 4.916760210450436614e-19 0.000000000000000000e+00 9.378472001102227823e-17 1.655693712179781652e-12 2.963250778359022507e-12 4.263258652395573477e-11 0.000000000000000000e+00 1.648914799172699059e-12 3.375664828959770678e-12 0.000000000000000000e+00 0.000000000000000000e+00 0.000000000000000000e+00 0.000000000000000000e+00 0.000000000000000000e+00 1.665247857988251771e-12 0.000000000000000000e+00 0.000000000000000000e+00 0.000000000000000000e+00 0.000000000000000000e+00 5.684475460809601926e-13 0.000000000000000000e+00 2.246520687743145053e-12 7.549668658449855246e-12 3.371439573367386373e-12 0.000000000000000000e+00
0.000000000000000000e+00 5.627512853800940503e-13 0.000000000000000000e+00 0.000000000000000000e+00 0.000000000000000000e+00 5.649197957889814915e-13 1.256253178223274126e-11 1.348475646966192141e-16 0.000000000000000000e+00 0.000000000000000000e+00 3.369635856348192154e-12 1.645713297042733939e-12 0.000000000000000000e+00 2.978811657104868801e-12 0.000000000000000000e+00 5.622960530077616690e-13 0.000000000000000000e+00 1.637716598660922290e-12 3.957432411863014030e-11 0.000000000000000000e+00 1.651925163325356256e-12 1.094530675885916907e-11 0.000000000000000000e+00 0.000000000000000000e+00 0.000000000000000000e+00 0.000000000000000000e+00 0.000000000000000000e+00 0.000000000000000000e+00 0.000000000000000000e+00 0.000000000000000000e+00 0.000000000000000000e+00 0.000000000000000000e+00 1.684551790461012261e-11 0.000000000000000000e+00 5.661565465014269880e-13 0.000000000000000000e+00 5.660800252908111988e-13
0.000000000000000000e+00 0.000000000000000000e+00 0.000000000000000000e+00 5.679435502139076047e-13 4.209905685350509095e-12 0.000000000000000000e+00 5.690235299416387231e-13 3.347612656185350977e-11 8.830566110799824144e-20 0.000000000000000000e+00 1.645620815734291012e-12 0.000000000000000000e+00 1.843196233687522447e-12 1.090640976501900007e-11 5.683094252292265708e-13 0.000000000000000000e+00 0.000000000000000000e+00 0.000000000000000000e+00 1.959554549503866386e-11 1.662555723262801253e-12 0.000000000000000000e+00 6.288885829911042830e-19 1.663728832366213545e-12 0.000000000000000000e+00 0.000000000000000000e+00 0.000000000000000000e+00 0.000000000000000000e+00 0.000000000000000000e+00 0.000000000000000000e+00 0.000000000000000000e+00 0.000000000000000000e+00 0.000000000000000000e+00 5.672458654683990870e-13 1.648384833243132936e-12 1.437823007132815522e-12 1.648441098576896159e-12 0.000000000000000000e+00
0.000000000000000000e+00 0.000000000000000000e+00 0.000000000000000000e+00 0.000000000000000000e+00 0.000000000000000000e+00 5.698182984144960250e-13 5.657880416239528005e-13 2.003949933397001572e-16 9.593540546960703612e-12 2.966260166137457695e-12 3.364956976568662913e-12 1.645620815734291416e-12 3.369624312883278660e-12 1.658364920430271432e-12 0.000000000000000000e+00 0.000000000000000000e+00 0.000000000000000000e+00 0.000000000000000000e+00 0.000000000000000000e+00 6.088492369108018142e-12 5.692435803672702039e-13 0.000000000000000000e+00 8.304682801665091744e-11 1.661841200279746386e-12 0.000000000000000000e+00 0.000000000000000000e+00 0.000000000000000000e+00 0.000000000000000000e+00 5.649604219435160296e-13 0.000000000000000000e+00 0.000000000000000000e+00 0.000000000000000000e+00 0.000000000000000000e+00 0.000000000000000000e+00 0.000000000000000000e+00 0.000000000000000000e+00 0.000000000000000000e+00
1.649517657322686327e-12 0.000000000000000000e+00 0.000000000000000000e+00 0.000000000000000000e+00 1.657712850664319575e-12 3.385788479062233282e-12 1.641808063265289833e-12 5.562049284428829986e-10 2.467079907818207320e-19 1.657760321052738326e-12 3.364955472699469802e-12 0.000000000000000000e+00 0.000000000000000000e+00 0.000000000000000000e+00 0.000000000000000000e+00 0.000000000000000000e+00 0.000000000000000000e+00 0.000000000000000000e+00 0.000000000000000000e+00 0.000000000000000000e+00 4.344684208362878411e-12 3.970430023710101995e-12 3.390711761318087350e-12 0.000000000000000000e+00 2.812077534037146803e-11 0.000000000000000000e+00 5.665399568450485116e-13 1.550940161830495467e-11 3.818936764266243736e-11 3.397694327243724895e-12 0.000000000000000000e+00 0.000000000000000000e+00 0.000000000000000000e+00 0.000000000000000000e+00 0.000000000000000000e+00 0.000000000000000000e+00 0.000000000000000000e+00
0.000000000000000000e+00 0.000000000000000000e+00 0.000000000000000000e+00 0.000000000000000000e+00 0.000000000000000000e+00 1.636618567517915012e-12 0.000000000000000000e+00 1.641808063265289833e-12 0.000000000000000000e+00 1.876890070426471339e-10 2.958227564075278289e-11 0.000000000000000000e+00 0.000000000000000000e+00 0.000000000000000000e+00 1.658498583213050288e-12 1.650795186980540312e-12 0.000000000000000000e+00 0.000000000000000000e+00 0.000000000000000000e+00 6.129598626506035854e-13 0.000000000000000000e+00 1.664143997672534993e-12 5.713341888059533408e-13 1.664649008350801479e-12 0.000000000000000000e+00 2.158173321640362829e-11 4.201880880373674123e-18 0.000000000000000000e+00 1.032775030436123674e-12 0.000000000000000000e+00 9.749989727251632461e-12 7.536385563974203290e-12 8.549355516104820463e-12 4.177149115580690122e-12 1.642026193884020673e-12 1.642128490583256892e-12 0.000000000000000000e+00
5.644926224606923916e-13 0.000000000000000000e+00 0.000000000000000000e+00 0.000000000000000000e+00 0.000000000000000000e+00 0.000000000000000000e+00 2.951122195784695786e-12 0.000000000000000000e+00 1.651934168968247034e-12 0.000000000000000000e+00 1.858896024866684372e-10 3.369182975847545986e-12 3.379280916012838392e-12 1.271063536906809053e-11 0.000000000000000000e+00 0.000000000000000000e+00 1.652813978755117632e-12 0.000000000000000000e+00 0.000000000000000000e+00 0.000000000000000000e+00 5.715338197929577964e-13 1.659098942196210351e-12 0.000000000000000000e+00 1.659608607881855326e-12 4.802902962216466635e-12 0.000000000000000000e+00 1.663783078537918489e-12 2.467079907818207320e-19 5.704158360022801734e-13 1.643491608093802565e-12 0.000000000000000000e+00 1.835989708112956311e-12 0.000000000000000000e+00 1.015995220407659021e-12 0.000000000000000000e+00 5.636765674738374394e-13 0.000000000000000000e+00
