output/example/lateral_incision_000104.asc
nrows	75
cellsize	13.33333333
xllcorner	0
ncols	75
yllcorner	0
NODATA_value	-9999
[rows 51 to 67 of 75, columns 0 to 36 of 75]
0.000000000000000000e+00 0.000000000000000000e+00 1.105763585897183106e+02 4.824850278182994390e-01 0.000000000000000000e+00 0.000000000000000000e+00 5.576963174612311605e+02 7.737898783087922538e+01 1.135638466722763269e+02 4.140183769749653742e+00 9.116894478590776316e+02 2.406269354767993605e+02 1.654035298572908005e+03 4.177370322249523982e-01 0.000000000000000000e+00 1.237938469064009269e+03 6.607694679985172570e+01 4.397304654753501723e+02 6.966638467759466380e+01 6.863676567554459318e+00 4.525268440416886051e+02 9.952660338812239216e-01 3.606579528312794309e+02 2.614725473000921738e+02 4.090330199183841273e+02 1.642148234092724124e+03 1.260732970859717597e+02 3.355794245624575467e+01 1.134118330981021272e-01 6.450801347893985849e+02 6.989308886734153514e-01 5.652433766764778511e+02 3.430757189088313908e+02 5.554017949508147090e-02 0.000000000000000000e+00 1.631117459846567954e+03 0.000000000000000000e+00
0.000000000000000000e+00 7.283477516249912469e+02 1.827418336369490532e+02 1.053138122128244277e+03 1.132813518944985054e-01 1.212027575480543184e+01 1.800674628102402153e+01 4.661741264733843764e+02 4.594583670872632979e+02 0.000000000000000000e+00 1.273298029263740250e-01 7.118869115073885041e+02 5.914762209234835382e+02 4.674128269500670285e+00 9.198876806295912445e+01 1.613936868143817946e+03 1.882840768570929413e+01 3.654404992426997723e+01 0.000000000000000000e+00 1.421517935017316177e+03 9.978758792300891400e+02 5.525642447462959517e+00 7.435612622076810112e+02 3.821547514330265471e+02 2.261601211691728395e+02 7.589990022760979838e-02 2.810457683134657714e+02 3.576364098044994222e+01 1.449149912805654310e+02 5.022010245924694694e+00 0.000000000000000000e+00 3.894315029646765538e+02 6.861197556048745128e+02 1.093914942084783434e+03 4.225530410488418198e+01 1.305766396912605987e-01 1.520719669784245525e+03
0.000000000000000000e+00 1.182008640735870358e+03 6.012035711759823471e+02 1.152616383770131733e+03 6.241466391380154164e+02 4.714335569573862017e+02 2.151090752485026769e+02 1.082688793533472165e+02 2.915286157217613550e+02 1.030722391282456783e+03 2.370372321857822373e-01 1.049951117135571394e+03 1.339627449727101975e+03 1.054494102547629382e+03 6.328107617415151935e+02 8.426147240684154838e+01 6.596529893146591803e+02 5.391270845626070241e+02 3.064706963209706259e-01 6.220957638310597986e+02 0.000000000000000000e+00 3.538595909989829238e+02 2.305317770030513032e+02 3.471052163701602353e+02 1.631528608346723086e+00 6.133980971435690890e+02 3.735272828877839402e+02 5.304674502874303244e+02 5.308192006734799501e-05 5.406391774497758433e+02 4.692208802611086416e-01 3.833923571152440246e+01 1.643681057480408754e+03 1.176821366437914776e+03 8.554933974415386899e+01 1.544423639235903465e+03 3.353082228994597358e+02
0.000000000000000000e+00 5.075422860886003917e+01 1.101980205349467923e+02 3.927157779541950049e+02 9.142186174678423640e+02 1.569663934632709470e+03 6.457724814841886882e+02 3.956687322376124598e+02 0.000000000000000000e+00 8.757040067058312616e-01 0.000000000000000000e+00 4.365434492693826201e+02 9.719690827111764975e+02 1.122349256506801041e+01 9.830325730221823051e+02 5.970315090512843881e+01 1.136914054111888674e+02 2.484563742014827596e+02 6.035288159384410847e+02 1.026807415246323352e+01 3.332768804264392770e+02 5.959795790793138792e+01 5.736325370529626753e+02 1.182173285021098991e+03 1.529680784821821149e+01 2.252439789608178842e+02 4.172165720404813101e+02 6.190406453076359412e+02 0.000000000000000000e+00 2.131049453304054353e+01 4.482983413423854131e+02 1.297848436089081815e+03 1.135136676535745210e+03 8.889175588553308671e+01 1.452183709800245197e+03 1.022642325373594758e+02 1.109248156567818342e+03
0.000000000000000000e+00 3.497304278874127590e+02 1.618064993741711305e+03 9.762410045436990913e+01 2.219564981982941887e-01 8.490065737083326667e+02 0.000000000000000000e+00 1.681240991916942562e+02 3.413395613246485709e+02 0.000000000000000000e+00 8.097542696337769996e+01 0.000000000000000000e+00 1.324825297961715478e+02 5.014215314355796238e+01 1.765986862086114115e+02 5.816306288703066940e+01 1.012632834636845132e+03 8.859980008788787700e+02 7.827299241093310229e+02 3.326003936477926004e+02 1.069191884795731440e+01 2.310121313985585800e+01 7.713474901600346811e+02 0.000000000000000000e+00 5.708523666337547411e+02 1.377049469517390889e+03 0.000000000000000000e+00 5.932555136448952453e+02 0.000000000000000000e+00 1.745714120169514771e+00 1.368980497718273682e+03 1.039331348984390615e+03 2.325392953460850176e+00 1.049932420633410402e+03 3.352196558081323019e+02 1.215988445093164728e+03 3.828564596958239008e+02
0.000000000000000000e+00 8.198156038205668210e+02 1.347227262343853681e+03 0.000000000000000000e+00 1.690946380044963234e+03 7.832994239466037811e+01 2.247395755376927582e+02 7.855082621074133442e+01 1.328502282500723330e+00 1.032222820938239787e-06 0.000000000000000000e+00 3.865066979256656584e-10 5.799158913076285808e-05 2.534531266340550530e+02 1.810530160595986331e+02 2.685970647586613040e+02 9.052596200955562722e+01 6.691362843354659162e+02 1.157625013257892022e+01 1.709841442310287505e+02 9.640506589957823280e+00 1.071399648148247330e+01 5.871544920499241371e+00 4.447786493215638757e+02 9.693191836104518870e+02 1.393973812217795967e+02 2.657251681853206264e+02 6.766795295144726197e+02 1.580103900514832627e-01 1.373131124195562052e+03 1.147629346234951981e+03 1.486437468314728250e+01 6.745307659853915538e+02 1.628417991783095658e+03 4.133322283448234771e+02 1.114194091586184186e+03 5.138653615921620030e+02
0.000000000000000000e+00 8.073194968845124322e+02 4.791757367146624915e+02 1.284492760024280415e+03 1.145316605890306391e+03 5.691750704067204651e+02 5.941565486842395103e+02 1.709976019899970652e+02 2.901735452548653029e+02 8.976994651588022407e+02 4.078815930861843526e+02 2.302235548513747447e-09 5.113301179944241603e+00 1.566047563494757000e+01 7.682800975818940969e+02 1.537763889045727694e+00 2.637775086620768548e+02 1.753249731163884064e+02 1.585656282718501586e+02 7.010602156918054690e-08 4.739020780364948564e+02 1.002851020657460936e+03 1.548655114272832236e+02 1.514915145200154939e+03 0.000000000000000000e+00 9.363335092178232344e+02 7.304179717652588977e+01 3.308798945833799365e+01 1.837977110081853880e+02 3.801938243905509012e+02 2.543711098269763227e+02 5.575562850240615944e+02 2.135811064913069458e+03 1.858393655297160763e+02 4.239513314652589315e+02 0.000000000000000000e+00 1.265553534791568154e+03
0.000000000000000000e+00 4.934587718340670222e+02 7.219513432100510553e-01 3.924065134164885227e-01 3.006020456026352008e+02 1.461689831419267804e+01 2.645587807495418247e+02 7.597812439795088721e+02 5.070592853826913711e+02 5.627214368398579154e+02 2.255353997290404777e+02 1.643585396076004956e+00 3.319095043575595696e+02 1.427001085125733368e+02 5.427609426902924952e+02 1.513652338827187577e+03 3.595654813972874453e-01 0.000000000000000000e+00 2.738568354327127850e+02 3.356939961392008627e+02 6.535617819322989419e+01 8.300780376760411627e+02 1.580806557995300352e+02 7.652934103020184011e+02 1.165288608983407357e+03 8.483171705167219610e-04 4.505587102982624401e+02 7.843295547063072490e+02 1.813422649809173890e+03 2.686335234807738814e+01 2.762667723486644604e+02 1.034687212517991156e+03 8.611640400779549509e+00 8.691463848943346380e-07 3.869605933781687099e+02 2.747907099570813827e+01 2.477575414925281336e+02
0.000000000000000000e+00 0.000000000000000000e+00 3.118231254740803138e+02 1.449304863253794565e+03 9.907741037802023243e+01 6.690694361936793939e+02 5.520808147124719198e+02 6.690439429233313717e+01 8.343204901906013902e+02 5.651305230937402939e+02 4.939629663524234502e+02 4.875301175728239969e+02 0.000000000000000000e+00 5.587120109052211570e-01 8.779151626651436402e+01 4.600341715141029795e+02 1.141610742464862085e+02 4.858467722834871552e+02 6.291573269986080277e+02 3.228527499676195021e+02 5.962936618061133842e+00 1.097473423551257611e+03 1.865112812752127525e+02 4.835865098093075289e+02 5.357303156523495318e+02 8.760489260365186936e+00 6.644791858933707545e+02 0.000000000000000000e+00 1.105177271356161306e+01 4.640149121993633798e+02 4.987294316817010440e+02 3.121960222269763108e+02 4.600395243451937688e+01 5.158145695663711194e+01 9.304755312964844052e+02 1.253559757113799833e+03 1.534169396843319419e+03
0.000000000000000000e+00 2.221709386557481878e+02 3.787789903471519324e+02 1.252691359158447767e+03 3.197536527490310618e+02 5.883013914454943460e+02 3.720554705255951689e+01 0.000000000000000000e+00 5.981422209677297133e+02 1.279578011237459577e+03 3.167522183667885542e+02 9.435879503142868430e+01 3.685459652086484539e+02 4.321955616579840580e+02 5.485088299091802355e+02 3.128107238266651962e+02 5.367112926994695954e+02 1.670746490169102572e+02 6.299988635816574742e+02 1.820170720167944654e-06 3.851024056348966838e+02 1.280788790678750502e+03 4.074865126717938324e+02 4.240946068248478582e+02 5.496456041911401371e+02 1.764607124113401682e+01 1.323144081024139723e+03 0.000000000000000000e+00 3.397530444363949300e+02 1.051944037963836536e+03 1.064188389896891067e+03 1.553237850957322053e+02 2.247961649284916916e+02 1.097098558064143816e+02 1.221546322337776246e+03 7.307177497188075677e+02 1.784641313712030453e+01
0.000000000000000000e+00 1.684628620807857260e+03 1.527401012456851959e+03 4.355590784764664818e+02 1.074027908427246075e+03 2.978538063883693354e+01 6.290250177834237775e+02 1.418280433876976865e+01 0.000000000000000000e+00 5.789365236093506155e+02 2.127425694708352105e-02 4.032206411428710453e+02 4.486202655896823543e+00 5.633517873601614383e+02 0.000000000000000000e+00 5.836770435644639292e+02 0.000000000000000000e+00 8.043208497020854111e+02 7.612826033431048245e+02 1.490626669307087404e+01 6.287625955234285584e+02 3.932632492354567262e+02 0.000000000000000000e+00 4.201319046679269036e+02 8.849117175114378142e+02 5.529867672586673422e+01 4.119210970292647822e+00 1.666471145033155778e+02 3.263018757287367748e+02 2.661679075706858839e+02 9.686041309934201138e+01 4.282872965497093674e+02 2.994476336762459923e+01 2.046759732625266111e+02 1.394361050579511812e+03 2.972661953781518207e+00 1.469167631115676841e+03
0.000000000000000000e+00 4.986837847094856002e+00 3.280363237313454139e+00 3.981799861462359900e+02 9.477806234852769762e+01 1.419566518723091519e+02 1.083336232573374218e+03 1.955984573590916966e+02 6.086035601291042667e+02 1.035204640087244332e+00 5.928503958287939213e+02 6.359785127002642184e+02 5.234354951833785208e+02 5.076341692344857961e+02 6.377814630826986786e+02 1.125175103832580135e+02 0.000000000000000000e+00 1.073558642484739266e+03 4.271384801002052711e+01 2.919871240119962863e+02 4.519886161079729447e+01 8.746466036168074609e+00 5.354230039069531131e+02 7.097919567733010808e+02 5.065010885815159725e+01 8.972201851521260778e+02 1.885257369566940611e+01 6.754301638035807400e+02 7.832266483822334635e+01 2.214847930625613581e-01 1.903277185965865037e+00 0.000000000000000000e+00 7.181802063521354285e+02 1.290962985766066595e+03 2.812061441574714493e+00 1.498588353677325586e+03 0.000000000000000000e+00
0.000000000000000000e+00 0.000000000000000000e+00 1.351166628382232602e+03 9.274676485706559448e-02 0.000000000000000000e+00 1.277668131966621331e+03 9.376054110934978780e+02 4.655546566494993499e+02 1.502573872282527645e+03 2.003948604326284340e+02 8.854654078450192856e+02 7.041819353641512862e+02 6.284313777039587379e+00 5.649570305291543946e+02 0.000000000000000000e+00 2.922498817773298470e+02 1.345861296100210893e+03 1.257941484232609497e+02 8.147589089437311713e+02 2.705131416476136508e+01 7.369749182723644481e+02 5.172134576919975579e+00 5.904452899883340322e+00 1.662647188091190609e+00 1.329166467316868250e+02 1.662504401664645215e+01 2.443116274353371580e+02 5.291042299450645032e+02 5.234038437684550900e+02 3.122069712340054259e-01 4.151693603433699309e+02 4.268495945670068750e+02 1.515555451094744512e+03 1.661737839899784852e+00 3.380822084407382135e+02 2.104828975058462220e+03 5.439830573912910268e+02
0.000000000000000000e+00 9.410285966071835206e-01 3.720617185605963755e+02 3.305800309679279394e+02 5.081467343510519186e+01 9.166085144014301704e+02 1.258868300325290420e+03 2.925015753613024572e+02 5.408709746677017094e+00 1.286280003327870872e+03 1.646172986114982905e+03 8.749247794860730210e+02 1.817340156026142211e+02 5.403212467353504280e+02 5.232355936533480190e+00 8.398458149158940387e+02 1.260453894584984937e+03 6.222795772023378049e+02 9.129670124771625694e+01 0.000000000000000000e+00 3.556156451601182198e+02 3.465531965162433337e-01 6.097711296338394504e+02 9.648477290789634253e+02 1.691253787296344910e+02 6.539098061919278848e+01 7.557707493130421881e+02 6.642364379871206665e+02 4.704136058160622014e+01 2.208287210795497515e+02 1.693634913593102453e+01 0.000000000000000000e+00 2.692137259099358459e+01 1.332050296492039706e+03 1.283695094493867146e+03 1.117494458256471489e+03 2.341841767469409774e+02
0.000000000000000000e+00 6.649241053878911316e+02 1.250872139697678449e+02 2.614854065129963712e-02 5.896585693778059749e+02 7.534219872089576029e+02 3.909706953682422750e+02 7.598676848782728754e+00 1.476283610956375242e+03 0.000000000000000000e+00 6.188432863127857217e+02 5.921375129360054643e+02 7.952719910469882052e+02 1.885206107218994731e+01 1.089390975548591086e+03 0.000000000000000000e+00 6.278151270137853999e+02 5.929197471467554124e+02 6.677810418062289273e+02 1.328266405848696934e+02 1.662761655480694287e+02 3.288872288865871383e+02 0.000000000000000000e+00 3.274832997919526201e-01 1.107456377961155340e+03 1.059323113280384632e+03 4.466771545327147237e+02 6.336522391852507781e+02 2.359483321225748114e+02 1.105024263447210160e+03 1.007738776257946824e+03 0.000000000000000000e+00 2.841975379944433371e+02 4.207041908934286880e+02 2.919737134725349392e+02 1.025362262570899929e+03 9.050792115633713308e+01
0.000000000000000000e+00 0.000000000000000000e+00 0.000000000000000000e+00 0.000000000000000000e+00 1.002429087062728712e+02 5.186323358901598795e+02 7.047418426030593537e+02 2.357590696425250698e+01 2.853242239787783205e+02 6.014225514782154960e+02 8.137833470104919797e+02 6.665869560104533775e+01 8.641547824063654843e+02 1.316426993011355329e+01 1.638008524829016096e+03 1.275808463558610981e+02 8.673217225063137903e+02 7.840636238137916791e+01 1.712281565645247099e+02 2.952906644722342322e-01 1.467446245786376267e+03 8.067547790751144703e+02 3.208055945954625940e+02 6.017826100244160443e+02 1.298135475061336138e+03 4.922645317917132388e+02 0.000000000000000000e+00 3.553057743241271851e+02 2.217947383284018770e+02 1.180933713028625931e+02 2.298511278920315135e+02 6.462329131405365388e+02 1.671838920116076110e+01 2.026595549058191352e+02 4.089616020206689129e+00 5.123845133103303340e+01 1.261283585333203305e+01
0.000000000000000000e+00 1.191149267756176329e+02 4.644141308499686147e+02 1.253109994909471254e+02 3.738445997457234853e+02 1.313678431323002087e+03 5.792970185576366049e+01 1.028125241027734319e+03 6.163678963936723676e+02 1.522932732166620781e+03 1.198326767495057538e+03 1.927834738725479891e-01 5.073170704093643124e+00 8.821316320680523404e+00 8.820656850721107389e+01 7.544779311445178109e+02 3.427718053433713408e+02 1.226481906180420765e+03 0.000000000000000000e+00 2.670865609488783434e+02 2.418583894638027232e+01 3.576435405821237623e+02 1.543890858163256752e+01 4.620089496453795732e+02 9.856868589291336775e+02 1.858861084257628349e+01 4.908135761805622792e+02 8.747361972519368010e+02 1.368363468245034937e+03 4.642704498160136382e+02 3.867320363030807471e+02 1.544926180638833785e+03 2.215572840723700665e+01 3.702868024811368173e+02 4.222429891550640946e+01 4.381092323303943659e-02 1.712437416864836450e+02
