output/example/lateral_incision_000381.asc
nrows	75
cellsize	13.33333333
xllcorner	0
ncols	75
yllcorner	0
NODATA_value	-9999
[rows 34 to 50 of 75, columns 0 to 36 of 75]
0.000000000000000000e+00 1.070139868914580347e+03 1.031435911185727264e+03 7.409941172413733739e+02 1.104687855416282218e+03 1.615250443136933143e+02 1.493859206473211771e+03 5.365975673573942686e+02 1.597114281135723672e+02 4.162305990703654288e+02 5.819645324227958554e+02 6.131719718406228594e+02 1.244204819945098563e+02 6.286744381521231873e+01 6.503373213844262182e+02 2.347076537392036073e+02 3.865133672690329547e+01 1.368257126253605065e+03 5.162959700518840691e+02 4.481059527691543849e+02 1.785155356242863078e+01 1.202003913329191391e+03 4.030347937351037331e+02 4.940162960455376719e+02 9.710956405393313844e+02 6.804752155765542057e+02 3.317316422762777250e+01 1.808080274616380052e+02 7.346425392795417793e+02 6.490199250880360751e+02 4.853362606476055419e+01 8.510865013647037358e+02 0.000000000000000000e+00 7.870321421864919103e+02 3.867321702530837229e+02 2.670593643527541516e+01 1.382028824825962147e+03
0.000000000000000000e+00 9.290262682578500062e+02 3.984689251864534185e+02 1.419798563558402060e+00 1.190596217662528602e+02 1.513442572304625067e+01 9.981134724155612048e+01 1.388632530871097792e+01 3.534913617855002030e+02 6.529723287319158520e-02 5.566471414277056056e+02 7.883381765711942535e+02 1.235206994578886075e+01 1.236317553788824313e+02 1.043586452391850344e+03 1.502366153048280850e+01 1.657457239744234414e+02 2.909900903310252573e+01 6.327847273760974076e+02 0.000000000000000000e+00 9.103659110925898403e+02 0.000000000000000000e+00 1.083871903644016328e+02 1.887181347473598692e+01 1.452112804854637716e+03 5.949738232807958411e+02 0.000000000000000000e+00 1.236795068166311466e+03 2.226022273146831765e+02 1.291711761013011255e+03 0.000000000000000000e+00 7.512597325183600105e+02 5.374590885412401349e+02 4.406980836123354379e+02 1.222623772056665672e+02 2.610364375400232575e+02 5.295593425883253502e+01
0.000000000000000000e+00 0.000000000000000000e+00 3.649525673130210635e+02 1.270599066460544464e+03 5.747026140731801434e+02 4.457620848306968924e+02 1.311264820302570115e+03 1.206827552470665523e+03 6.700244194574967196e+02 1.132269697003701623e+02 4.915470498921867488e+02 5.494816453700710781e+02 2.797594333814930678e+02 9.078397023646157749e+00 4.725683632233511844e+01 0.000000000000000000e+00 1.076085694278575829e+03 1.118178622930873871e+03 8.713331116898729078e+00 1.571257163363726477e+03 4.215048279168064482e+02 1.896350597411502861e+02 3.489803594964628815e+02 1.824126576688695778e+01 9.220761100052468464e+02 5.841459092147291585e+02 1.352895210129642010e+03 1.156591004116406509e+02 1.687145616071195491e+03 5.411624467017551865e+01 1.018718020946923048e+03 3.978049320280466077e+02 3.194838869333505045e+02 1.618180404744049952e+02 3.257555020037739002e+00 1.180760911650248090e+03 3.416456066183869780e+02
0.000000000000000000e+00 2.346060025151019772e+02 1.068015733817186629e+03 6.838310105416934848e-01 0.000000000000000000e+00 2.938516273349702601e+02 4.759429646511862302e+02 5.480175994973247953e+02 1.737594597762179660e+01 3.051064182719813402e+02 1.035341183679033520e+03 2.563288762287423879e+02 2.761853917721168372e+01 4.568541866910645126e+02 7.505168032056436687e+02 4.033911556602259196e+00 0.000000000000000000e+00 1.630727882025743838e+03 5.980808342408224689e+02 1.226218391090779791e+00 1.248101217061223593e+02 7.035520798571883461e+01 8.651065502444421327e+02 5.642333681556417559e+02 0.000000000000000000e+00 5.463276879808356625e+02 1.043969485098763471e+03 3.247630941292493745e+00 0.000000000000000000e+00 6.294709557954084858e+02 1.270689850925790552e+03 2.421105357137137730e+02 3.365793477926324329e+01 0.000000000000000000e+00 2.779491692149851811e+00 5.027022472802247677e+01 1.439616436721544460e+03
0.000000000000000000e+00 0.000000000000000000e+00 0.000000000000000000e+00 3.650209986767393389e+01 4.544132109034779319e+02 1.921008092045662086e-01 7.274802526594850542e-03 8.929985694653419515e+00 1.297339693737108846e+01 1.518490268711164859e+01 4.898399499378714381e+02 8.835496439007997651e+02 6.047547081625381082e+01 1.046123486062465417e+03 5.710987811907120886e+02 0.000000000000000000e+00 4.008543536042517417e+02 4.742676079588640619e+02 8.247073879480099379e+01 6.408829874082861089e+00 9.456289626478275068e+02 1.128465856467936192e+03 6.255268917446988297e+01 7.098160389513259361e+02 1.674300168281268498e+03 0.000000000000000000e+00 4.696634832104150803e+01 6.522865949724800885e+02 4.564752828635903938e+02 1.277571131738560553e+02 7.440526593364668884e+01 4.499704467632801652e+02 3.751520613779824771e+02 3.010935576035489589e+02 1.011834154847546046e+02 8.720261196784502999e+02 4.227979440925636254e+02
0.000000000000000000e+00 3.735688213869739798e+02 8.329655139679905460e+02 2.456947183571653071e+01 4.712511361355170720e+02 3.956568008171553288e+02 8.929420587470435748e+02 1.075855373180144397e+03 2.677795436723971737e-06 1.019914539023517897e+01 5.609667435839104428e+02 2.268486468790094648e+02 6.010229361060277853e+01 1.047152935403689526e+03 1.397346307425759505e+03 3.644845045002131201e+01 1.334003824643434832e+01 9.187658060386762315e+01 5.697787908156957428e+02 9.358123493770546020e+02 1.328979826104132478e+01 6.876978868487941554e+02 0.000000000000000000e+00 3.455663411721810689e+02 6.353439322685859452e+02 5.677795344637819426e+02 3.067995609444620797e+01 1.173471865094002851e+03 1.473712557567354509e+02 4.391014586007726450e+01 1.531381304986218993e+03 4.140069225029823201e+02 3.197455798876992503e+02 9.834275800552188684e+02 8.476198152303478537e+02 1.452714556546029883e+02 4.993007011209710555e+01
0.000000000000000000e+00 0.000000000000000000e+00 6.887666621732128069e-01 4.610646316106789300e+01 2.369622891387230723e+01 1.857571343556358201e+01 2.005894158405383682e-03 3.663366870103141326e-01 3.282662072709977963e+01 2.783769600763218666e+00 1.077152091429415805e+03 1.089245968338355851e+03 0.000000000000000000e+00 2.377290506487326525e+02 2.422702939738390739e+02 4.351654489840047404e+02 7.287569930202767665e+00 5.673606669200981401e+01 6.931781227570012049e+01 2.282704562871665530e+03 9.112848663663399975e+02 9.662752898347616792e+01 1.152460139352237775e+03 4.312331010788612957e+02 2.184721511830769884e+02 4.181928835701889113e+00 1.051835926693880992e+03 6.803801301460606510e+02 4.356466588721514377e+00 8.353244428177637815e+01 1.442288716275679917e+03 3.387752005791666079e+02 1.419781103004738270e+03 7.765486869368890765e+00 8.938844776441001159e+02 1.560654262032372571e+03 4.224933160410100186e+02
0.000000000000000000e+00 2.393229029228826619e+02 1.599195923145079632e+03 3.206417666433990803e+02 2.896465191709352212e+02 2.426644634482944429e+00 1.328730882476089050e+02 9.551794127290520464e+00 3.110283410349205724e+02 6.077964944326672594e+02 3.438096104385741683e+02 1.341166381107228290e+03 1.416206057299440999e+03 8.786895023914239289e+01 9.706257148690624490e+02 5.703979971149088897e+02 2.655669870951260236e+02 4.442100839971754453e+02 9.373144887315849871e+01 1.110303155569687533e+03 8.347507772463885090e+01 5.322261163148492358e+01 1.419436482880420458e+00 1.182511442589934859e+03 2.114037490034391453e+00 1.503993974058874983e+03 6.046284965554609698e+02 9.766872985902372406e+00 0.000000000000000000e+00 5.704376843268956918e+02 9.380389181243782559e+02 3.400933207330119217e+02 5.885097541888226402e+01 6.863320532207194447e+01 2.657173699521011372e+02 8.476824972823149551e+01 1.219254727814000461e+01
0.000000000000000000e+00 2.050843270732038945e+02 5.752052196764982455e+02 1.817980145914101797e+02 9.251681264501714850e+02 4.637172011045286126e+02 6.434893259061875597e+02 1.623758088143515010e+02 1.293291575311488259e+03 1.879951861678737757e+01 0.000000000000000000e+00 1.046351672603572297e+03 3.261400347522296528e+01 6.346149266735056083e-01 4.835818422732896806e+02 1.833753697896891879e+02 5.745062919892202080e-02 4.221048804409045374e+02 6.460418857414816252e+00 1.676734108806805068e+01 4.178093192225473445e+02 9.088069278027792279e+02 7.075520660236512640e+02 1.853437899263057034e+02 1.091993817286718098e+02 8.864438913923098653e+02 1.757936958621955910e+02 7.091163576793114487e+01 4.336910833405410948e+00 4.554570497675868523e+02 8.325961328704236166e+02 4.025053066795125574e+02 9.169881953271134023e+01 1.110473419118855190e+03 2.514059000533994208e+02 1.291881154890633070e+03 8.170672069282694565e+02
0.000000000000000000e+00 6.428067741357326668e+02 1.191000409106991675e+00 2.287713392766727054e+02 2.355430832982761160e+02 7.374486256460349942e+00 1.123950724590070195e+03 3.837732282484985262e+02 8.227950915198812831e-01 1.281067934504148297e+03 0.000000000000000000e+00 7.629280878478262196e+01 4.064589525672635091e+02 2.179964539297473358e+00 2.914214939689227890e+02 1.459582363822409832e+02 1.533347530910140311e+00 3.158496649023830969e+02 9.679978117254378276e+02 1.107912460333109639e+00 1.960564419747553586e+02 9.090835787825343459e+02 3.826403673045339815e+02 1.911939300133028485e+00 1.418156869633674887e+03 1.390047410546368267e+00 5.992985137227689165e+02 3.185229752584719449e+02 2.225541088460974493e+01 4.226702986384304950e+02 5.708872917565015541e+02 2.071224190898617792e+02 9.029071718042021644e+01 2.057330116382193808e+02 4.586559751802754192e+01 5.452662019130725639e+02 2.241637254292855062e+02
0.000000000000000000e+00 5.695139859713113992e+02 5.039949643832902666e+02 1.702820166310862362e+02 1.075382217646579305e-03 1.283811161548065229e+03 1.107009422950135189e+02 1.458891067543060899e+03 4.498711778544940785e+02 2.258131005512065883e+02 2.268921403097626524e+02 1.110818713827491365e+03 1.503824569623926209e+03 1.261964343031921203e+02 6.040620670167791104e+02 1.240244220418387840e+03 1.533688527737757568e+03 2.104749361600269992e+02 7.303615351594597769e+02 1.904289763678584180e+01 0.000000000000000000e+00 1.277490918087509272e+03 2.734077551848017151e+02 7.747762315973063529e+00 1.761935708682939094e+03 1.346050207014652926e+02 6.510675710994527208e+02 4.574772364814403431e+02 4.397719823107485126e+01 4.871746669467337938e+02 0.000000000000000000e+00 4.774676020134476744e+02 8.444430149354217008e+01 7.578818336313152031e+02 1.265085311321132906e+02 2.250765583023367000e+01 5.777722829937623601e+02
0.000000000000000000e+00 4.030317501567989069e+00 0.000000000000000000e+00 0.000000000000000000e+00 0.000000000000000000e+00 0.000000000000000000e+00 0.000000000000000000e+00 0.000000000000000000e+00 0.000000000000000000e+00 0.000000000000000000e+00 0.000000000000000000e+00 1.188575386772497041e+03 0.000000000000000000e+00 9.501267328359846260e+02 2.563750695465668628e+01 1.011001150269132154e+03 3.155444145518454775e+02 1.338520276943529325e+03 1.607865287943827980e+03 5.780493418391544083e+02 1.336309083036091806e+03 8.248255458476478452e+02 7.891952326662151052e+01 5.867006438139696201e+01 9.212267517890437603e+02 1.771113471776281472e+02 4.326558201855615948e+02 4.579419386182370886e+02 0.000000000000000000e+00 2.866602101428594551e+02 6.176029481964786072e+00 5.712640608385883070e+02 6.133421103628067783e+01 9.421396395349291879e+02 1.102166918610476159e+03 4.686985542900141155e+01 5.573218842154657295e+02
0.000000000000000000e+00 1.486092469529816640e+02 0.000000000000000000e+00 0.000000000000000000e+00 0.000000000000000000e+00 0.000000000000000000e+00 0.000000000000000000e+00 0.000000000000000000e+00 0.000000000000000000e+00 0.000000000000000000e+00 0.000000000000000000e+00 7.250130920061742534e-01 0.000000000000000000e+00 3.054387920393547562e-01 6.229941245895174139e-03 0.000000000000000000e+00 0.000000000000000000e+00 0.000000000000000000e+00 0.000000000000000000e+00 0.000000000000000000e+00 0.000000000000000000e+00 0.000000000000000000e+00 0.000000000000000000e+00 0.000000000000000000e+00 0.000000000000000000e+00 0.000000000000000000e+00 1.734323653376738321e+03 5.760539505772468374e+02 1.839712448059358110e+02 2.836494089531180407e+02 1.711011435207745080e+03 6.427845212177945200e+01 1.043066572341336268e+03 1.457748361357743931e+02 7.180433467535431191e+02 6.121834217366931341e+01 1.375732667855729687e+02
0.000000000000000000e+00 3.806330171044436952e+02 3.434994873901096071e+02 1.258301033514254186e+03 2.033762883579477716e+02 1.551733975072075737e+03 1.756297283048583893e+02 9.507966378366386380e+02 4.863769984719908166e+02 1.011803437323404893e+02 0.000000000000000000e+00 2.580041276230889480e+02 6.785942763711859698e+02 6.244018077720774045e+02 4.106522946113718717e+02 9.247124482810917243e+02 0.000000000000000000e+00 1.299321867591007049e+03 1.031433545497766545e+03 0.000000000000000000e+00 0.000000000000000000e+00 0.000000000000000000e+00 0.000000000000000000e+00 0.000000000000000000e+00 0.000000000000000000e+00 0.000000000000000000e+00 0.000000000000000000e+00 0.000000000000000000e+00 0.000000000000000000e+00 1.126070533180203004e+00 0.000000000000000000e+00 6.640534987395760869e-01 9.040781019477915947e+01 1.192678423971296070e+03 0.000000000000000000e+00 6.767204087837748148e+02 1.461270998287894542e+02
0.000000000000000000e+00 1.334738037514054838e+02 0.000000000000000000e+00 2.197656229554806995e+00 0.000000000000000000e+00 1.038246015594299479e+03 6.252813030410727606e+02 3.612801121929880566e+01 8.663604913054416556e+02 4.974147272766909111e+01 5.493616223360687627e+02 1.077867801699950584e-01 4.040940992720857494e+00 0.000000000000000000e+00 2.448405662100366271e+02 7.032452964552244339e+02 8.355003798634589884e+01 1.502448790356179416e+03 5.118105223751542212e+02 1.698853193994890262e+03 1.557464017982438918e+03 5.970298213864274572e+01 1.613838244941911626e+03 8.162742555523612964e+01 4.527819142240941801e+02 3.635405070091798052e+01 6.191024291378888620e+02 0.000000000000000000e+00 1.738725484889232803e+03 6.971657421439675772e+02 2.120343241891753507e+02 5.850075985934372511e+02 3.359994511685919158e-03 3.221625789177499644e-01 1.107825893314383393e+03 0.000000000000000000e+00 3.344181691495836048e+02
0.000000000000000000e+00 8.632901170852519499e+02 5.739300319049869614e+01 6.773723139831744788e+00 1.247525315954649727e+01 0.000000000000000000e+00 3.515881955058405310e+02 2.599571874832857930e+02 5.583820924806775565e+02 5.893383621033006392e+01 5.491965408016120591e+02 5.370817202787790734e+01 0.000000000000000000e+00 5.514782255177441357e+02 6.077953592810259806e+02 2.855168432416403945e+00 4.730283472196738899e+02 2.797242789135156613e+02 9.403698490833841461e+00 6.224490964827674588e+02 1.301070807437787948e+02 4.310531329463040406e-01 1.314597024306748096e+02 6.071481575875966428e+02 1.210894581250319568e+01 9.459441234379379893e+00 1.283670690705342167e+03 1.558314173629370543e+03 0.000000000000000000e+00 2.335061031893915562e+00 3.268067765223498213e+02 0.000000000000000000e+00 2.339907908983215748e+03 1.614350378671134422e+03 1.094424046969208462e+02 6.825856744111283660e+02 0.000000000000000000e+00
0.000000000000000000e+00 1.650844949276573288e+03 1.379226105760113796e+03 1.420103308431798041e+03 0.000000000000000000e+00 7.694157262636268797e+02 5.148379103745996872e+02 4.838801602741624919e+01 1.442413224081534509e+03 8.543810534239698029e+01 6.336011093152985723e+02 1.501645351269285982e+02 0.000000000000000000e+00 1.507153026425817055e+00 1.118111501602825683e+03 1.911201755386002787e+00 1.302108425558023100e+03 1.453165202169573604e+03 1.319777300463066922e+03 3.173892028148017630e+02 8.059976903651277098e+02 3.424548436953295472e+00 3.728354665955579890e+02 6.184026341188924789e+02 0.000000000000000000e+00 2.075968708562805887e+02 1.068083252300280719e+03 1.077428892444133680e+03 1.259079586081907252e+02 8.858819077090215615e+02 5.997831322646174357e+00 0.000000000000000000e+00 1.954024563037939686e+02 7.057422249566552637e+02 2.670156661223323269e+01 0.000000000000000000e+00 0.000000000000000000e+00
