output/example/lateral_incision_000433.asc
nrows	75
cellsize	13.33333333
xllcorner	0
ncols	75
yllcorner	0
NODATA_value	-9999
[rows 0 to 16 of 75, columns 37 to 73 of 75]
3.361469718034777543e+01 0.000000000000000000e+00 4.020924072664800331e-04 0.000000000000000000e+00 3.979261858437778687e-01 0.000000000000000000e+00 0.000000000000000000e+00 5.525900172972106512e-03 1.975129308987696054e-03 1.188172025416675964e-01 0.000000000000000000e+00 1.490839285678350612e-01 0.000000000000000000e+00 1.935879317804396393e+01 8.108273727206165293e-02 2.093329821185450912e-01 4.566308148231929067e+02 5.563837012072933703e+02 6.760571021001833287e+02 5.558879181938473835e+01 8.372223329491361028e+02 2.360458973370409552e-01 7.437037567947003254e+02 1.862404962884342297e+01 2.854164778976436310e+02 6.274531075995691936e+02 5.314794041576982409e+02 4.355727816931004668e+02 0.000000000000000000e+00 5.267006942434419869e+01 1.048169385794283137e+01 1.122292021492203240e+01 2.215767845423674220e+00 1.171760928489934850e+00 1.107207941568070879e+02 6.909699642465498926e+01 0.000000000000000000e+00
1.674604901676386604e+01 8.097447668449901936e-01 1.091569533275524926e-05 3.608004507753123313e+00 7.550558769261488123e+02 2.790962997481088905e+02 6.276474554242790873e+02 3.793830986573159691e+01 6.780575591388370071e+01 6.412547454996051783e+02 7.101247375537336382e+01 2.528337050041488112e+02 2.492921108911788508e+02 7.397369280921828327e+00 8.454185330267705467e+02 9.220281490072659381e+02 2.853466941627920050e+02 1.744911411933004501e+02 1.698775907357321557e+02 9.833625407296770149e+00 3.126269442607764737e-01 2.185320369482435297e+02 1.288384450474941332e+03 1.487988205522199905e+03 2.583358394296815277e+02 3.526983292557645200e+01 1.908235921220756097e+02 1.422212238438034717e+02 3.204111934259205441e+01 3.595333971346759938e+01 5.764757463916935443e+00 8.064082196030755156e+00 2.184822747406822714e+02 7.514676642634526615e+02 0.000000000000000000e+00 3.776118948894325058e+02 1.729303510631301055e+00
1.044528271353815626e+03 2.288775821637609340e+02 3.755916709073558195e+02 8.119088473375090871e+02 2.803187142331329937e+02 3.341163003402329679e+01 6.021667601433027706e+00 1.124223183110758981e+02 1.171035036769407270e+03 7.251069476063823913e+02 2.590723101752716317e+01 1.938020183766651030e+02 1.302446113032224957e+03 1.202933405832577364e+03 3.148065395550459016e+02 1.241987417667237423e+03 3.163568454187992529e+02 6.502905138261269258e+02 1.725513826367906347e+02 3.438508976401896007e+02 9.085420431512838846e+00 3.712761150339489404e+02 1.190588201317671974e+03 2.727248958570859116e+01 1.581521270633708582e+03 1.604969281063004928e+03 1.483360533954210041e+03 1.471910727441717427e+03 2.497657139124668504e+02 4.364951885879644919e+02 6.083648369324255327e+02 7.953942394380285350e+02 2.081187528052822415e+02 5.341126958066449788e+02 6.465814020967526687e+01 3.196407256296242139e+01 4.150464368891559275e+01
2.346095223051689396e-02 9.347126261601155761e+01 7.285266248559167934e+01 4.845354481292545046e+01 1.222617338521680495e+03 0.000000000000000000e+00 1.561125494854970555e+02 2.351624971785423384e+02 7.067322028921435049e+02 6.616210593226520587e+02 4.459625088330576546e+02 1.782848074765010438e+01 8.834194161400075700e+02 7.620865214531511356e+02 6.973451026982640997e+02 1.142345835397962617e+02 6.348146701643962615e+02 1.354051286455382751e+03 1.161868342395579248e+03 0.000000000000000000e+00 5.565279892946771270e+02 3.747896060800788405e+02 2.851981750530486082e+01 1.623204572678973591e+03 0.000000000000000000e+00 1.456448170805474085e+01 2.114106897434337284e+01 4.514601584602845463e+01 4.426036042896867002e+02 0.000000000000000000e+00 2.567312940988911691e+02 6.866012702401162642e+02 1.217222594024824360e+02 7.535807634827078161e+00 1.189597108393407439e+02 2.879699691408837339e+02 3.598729230979532012e+00
7.403023260143289974e+01 1.471731602376699129e+03 7.175812911014286044e+01 1.137630238945405381e+03 0.000000000000000000e+00 2.043974476042332640e+02 1.509417169716335820e+03 6.700081575200349526e+00 9.305146485476005864e+02 2.869007154854983810e+00 5.497588883344999289e+01 7.629723845421377746e+02 8.699602613035480658e+01 3.677798784409006885e+02 4.740831150173215747e+02 3.332130513565238630e+02 1.731135909207291945e+02 1.064154778178122873e+00 2.474977765140637387e-01 1.959008607935066095e+02 1.088422393061126968e+03 8.537978664109540716e+01 6.613242428397951471e+02 5.441467056471520891e+02 4.137064032937931302e+02 8.352191233996034043e+02 1.427202430338575709e+02 6.083372162794993301e+02 5.298997301767569752e+02 1.444067556924223652e+02 0.000000000000000000e+00 5.282231740314035306e+00 1.204615836223654952e+02 5.807768891794921728e+02 1.023155366643804687e+00 6.363407908219058982e+02 1.196074035139102079e+03
0.000000000000000000e+00 1.875768613240337279e-01 0.000000000000000000e+00 5.970208285830907471e+02 5.201036685618963702e+02 1.548663724022362764e+01 1.021176163822734679e+03 4.532379811203525399e+00 1.513888866830515326e+03 1.181490255323760266e+03 1.159494991148146482e+03 9.527747320353306293e+01 7.894058671343116451e+00 0.000000000000000000e+00 0.000000000000000000e+00 1.273590297957707890e+03 2.770522028557295791e+00 3.374977420559565076e+02 1.111445926582593756e+03 0.000000000000000000e+00 0.000000000000000000e+00 0.000000000000000000e+00 1.154283166892491010e+02 2.107270224466766678e-02 4.424438938571387894e+02 2.677071916258526016e+02 6.135689479328075322e+02 1.068185885350943067e+02 9.912811761686348291e+02 1.979608707723994598e+01 3.862280074450416123e+02 1.010733108565651492e+03 7.916595027396731439e+02 5.282941337570440510e+02 4.415036261962388409e+01 0.000000000000000000e+00 3.972966303993362658e+02
1.294704432024973428e+01 8.411336821918386022e+02 1.008979270456002951e+03 2.912403187078822786e-02 1.751674862008026423e+02 1.552375711204313689e+02 1.962348294501745016e+01 1.432261608714177328e+03 0.000000000000000000e+00 3.429527495724973960e+02 7.344884351105963605e-01 7.685487505374762804e+02 1.713024761330694616e+02 2.471122928622622226e+02 8.081678889605510676e+02 7.940538296726793455e+00 6.183216358824654435e+02 6.459267050220060469e+01 1.520249077419454352e+03 3.442645000827441777e+02 1.189962693860537257e+02 1.038890510529623498e+03 6.988217117550181001e+02 1.425622621225314333e+03 0.000000000000000000e+00 2.391726762759708720e+02 8.846594215950653961e+02 6.690763934454756168e+01 7.652165385875854264e-01 4.880307528973589797e+02 1.820226025467103455e+02 7.344695344785930047e+02 9.711332814211236837e+02 1.307785521857165278e+01 1.412220837465377144e+03 1.153108852047125538e+03 1.719157572091976505e+00
5.746203329961745965e+01 1.386174086003335560e+03 1.569696855587147013e+02 7.023696161245491112e+02 4.148806590184432252e+02 1.933786034616426974e+01 9.135385060756626672e+02 7.129317354729502121e+00 6.002203710707531172e+02 1.099127939643813434e+01 7.675207741063687763e+02 1.636044858775850116e+03 0.000000000000000000e+00 4.306747442366473422e+01 1.007181919841418562e+03 3.704350804813550530e-02 6.937945169583387042e+02 0.000000000000000000e+00 1.943083520912867641e+02 8.303922238478052122e+02 1.473635105452423204e+03 6.562009420354273459e+01 3.120874017708911765e+02 2.936604074587893933e+02 8.455595747426133357e+02 4.861399514869190170e+02 1.605834794678587969e+03 3.845398031157734522e+02 3.864570663294357722e-01 4.004824388436900335e+02 3.050798034890052577e+02 4.793365405322763309e+02 9.704717716225184176e+01 7.344349620769458298e+00 9.381962902455924223e+02 2.092822217694708229e+02 1.512704334908731880e+02
1.178856809835214818e+02 1.085132834984142534e+02 3.343812931212348758e+02 3.724305633338278909e+01 2.700288754010250614e+02 4.242239459975955640e+01 1.428314720148906645e+03 1.197400899214510019e+02 5.956471517673245231e+00 8.519447836594492856e+02 1.358952545604909346e+03 1.048251224622531026e+03 7.890619992000147249e+02 0.000000000000000000e+00 1.818895351426085085e+02 1.110850811938646920e+01 2.803276054274563762e+02 2.816427504071161252e+02 1.350326578168750302e+03 3.378515404964428512e+02 6.315944398243881324e+02 6.781692839600464140e+01 4.208452093022449390e+02 5.987300330175800127e+02 3.764026149523107279e+02 8.344468817699286092e+02 8.556206888048222936e+02 1.042921091138263705e+02 9.420721800857589869e+02 1.069228661284877035e+03 9.384212601030554879e+00 5.879805649471687730e+02 3.628070225269690923e+02 1.117517718134053428e-01 1.424965067146517015e+02 7.259364478971793915e+02 1.545565123478267111e+01
4.184109788468451541e+01 4.713298496566108042e+01 1.294197976879332224e+01 2.245416417180748070e+01 4.598454275423021542e+00 3.153499819209648436e+01 6.667373849318043444e-01 3.857214918171404661e-02 7.239925657285731404e+02 7.305419827794695493e+02 6.356443932027660821e+02 1.765351292015864271e+00 3.944958919738503482e+02 0.000000000000000000e+00 3.225035545656889440e+02 5.316910145149440048e+00 2.620649444247785098e+01 9.641258425935735659e+02 1.924648412843754386e+02 1.031354044503643763e+03 1.274593073558604374e+03 3.777835989594770183e+01 1.301844255681502318e+03 2.837082972403500776e+02 4.566576793670186021e+02 6.397335301335874647e+02 7.307062353767978493e+02 1.070591523822062072e+02 1.377271766566531824e+03 3.622196276169157869e+01 2.655614127443620305e+02 7.332753998768612291e+02 9.520394512073871738e+02 1.731671050166851046e+03 1.173435837626298195e+02 9.528498313639713615e+02 3.982036185008936968e+02
1.184039982981463709e+03 1.175348229128783714e+03 3.492702862991241091e+02 3.346682188523257651e+02 2.556211367550434943e+02 1.498805350717476358e+03 2.785823915037289566e+02 1.367067315907129341e+03 2.082408634863563535e+00 3.377795782780699483e+02 5.555655901837483270e+02 2.945190420364152928e+01 8.854764031349683364e+02 2.785049202248777647e+02 5.171996923328219964e+02 1.979088386094403518e+02 8.031768138726451411e+01 1.453528527740544632e+03 8.898493288932880318e+01 1.312808618509728149e+03 1.405884832127381515e+03 2.248115675520932655e+02 1.131248553686630430e+03 9.164155928916525085e+00 7.689817226232456449e+00 0.000000000000000000e+00 5.926365762777929831e+02 1.477143194439726859e+00 3.799738226502233260e+02 4.620765722464087730e+02 6.973581951853738019e+02 9.394286381003295219e+02 1.665981406663361440e+03 5.435027199500022110e-01 1.390969092114787827e+03 8.609304801839600714e+02 1.832973041103157641e+02
1.904927557092654524e+03 0.000000000000000000e+00 2.903308152021463684e+02 1.241051536273839417e+02 1.189784594267108105e+03 4.375975262407818036e+02 8.080599849696874060e+00 1.167382422841243624e+03 1.223701492753611547e+03 1.471427958059194729e+01 1.698718401963290319e+02 2.468275377659566630e+02 2.342874990994245650e+02 6.372659077274922765e+02 1.033335796107393890e+03 5.286330734659632924e+01 2.369423376751211094e+02 6.006939785946192387e+02 5.724074545521850723e+02 4.088704741150696691e+02 8.508516698776929843e+02 3.741952785229240135e+02 5.823350271189456180e+02 3.062103022875551233e+02 6.707084693175706889e+02 2.639250197144322669e+02 9.703399370281681513e+01 9.774716348082885133e+02 5.688969281972572567e+00 3.088563081035034656e+02 1.283323605963149930e+03 5.753818818213730992e+02 7.552591956771380621e-01 1.587717982259973269e+03 0.000000000000000000e+00 6.047601452716529380e+00 1.734727566549366884e+02
9.774967760288228646e+02 2.099378117800342025e+01 6.693563092082942312e+00 3.128137873488095693e+02 1.841238900137162204e+02 5.513465482796051447e+02 2.829532071531377824e+02 1.143716547800750277e+03 5.147468290925827432e+02 3.669560048506991023e+01 6.275153279275114926e+01 2.067349919458273888e+01 1.010791339669641360e+02 0.000000000000000000e+00 2.741530689228973472e+01 4.037128948739077146e+02 8.996253797255948825e+01 4.953412043249076078e+02 3.925646620997735567e+02 1.333676559230884493e+02 6.620450712538799110e+01 2.357154608903234987e+02 1.525784631071312702e+01 1.847116125447554964e+02 6.049936683977900742e+00 7.720709098404315851e-02 1.807748370062795118e+02 2.289157987555794989e+03 8.943058418519958650e+02 2.421406832001333598e+01 1.589198778720509836e+03 2.977190417867810468e-01 8.180051207993153639e+02 1.286541313278344433e+03 7.964180952276954883e+00 3.642699076730876584e+01 0.000000000000000000e+00
3.278952513439300720e+00 7.915038985849215578e+02 3.457348295705620522e+00 8.734687318789686117e+01 6.927621168376072092e+02 7.805473159851214149e+00 3.345177163033309853e+02 0.000000000000000000e+00 9.513555309162387630e+02 2.236679517188289026e+02 9.245809865609276130e+02 7.323616982341706327e-01 8.245256793943384537e+02 1.537964081722783476e+02 6.104231516394416985e+02 5.378356886383911615e+02 1.070974146745135869e+01 4.687274806731735453e+02 1.147347613591941951e+01 4.730575690388962471e+02 3.859559515775359841e+02 0.000000000000000000e+00 2.992971782466683450e+01 1.373989548403669048e-01 3.855499362409878472e+01 7.864696464503549578e+01 1.243443794511246097e+03 6.435480997870105568e+01 4.693909885552870378e+02 1.285176987053754829e+03 0.000000000000000000e+00 0.000000000000000000e+00 0.000000000000000000e+00 0.000000000000000000e+00 1.126925953125715296e+03 8.153057826836372897e+02 4.131351854178686267e+02
2.416543077623692781e+01 1.173138608521331207e+03 2.802493815602737914e+00 1.270253790608522877e+02 1.137762376656420997e+02 2.639887726032408750e+02 2.674140222389081334e+00 7.654571494215298344e+02 0.000000000000000000e+00 2.204610848596792039e+02 1.145112871168731317e+03 7.071799365707722984e+01 3.375296949246088030e+00 6.167759355035008184e+02 6.113233631049295127e+02 1.269654434815276414e-02 4.469070363758777376e+01 5.802893914241907396e+02 8.019479794314892160e+02 3.582050870089207706e+02 4.581800493993305281e+02 5.263746892574390586e+02 1.065411395867228919e+02 1.124162007038016782e+02 8.242467165931037698e+02 1.146288227763640634e+03 5.840181647408826393e+02 2.995754516769989664e+02 1.413117294529927904e+03 8.709908675351200600e+02 3.591546980439059289e-01 1.029749122769645737e+03 9.701716929313603259e+02 4.777701512533566301e+02 1.399136998208766443e+02 7.646217225930256518e+02 2.496525044202763581e+02
2.993971475546543388e+02 0.000000000000000000e+00 7.336912752180218149e+02 1.285912519086413965e+02 3.689196442794752215e+02 6.064372212223427141e+02 2.219514735974773600e+02 0.000000000000000000e+00 2.922799662729654528e+02 7.310618187042327918e+02 8.289278365710814889e-01 2.916500604400648626e+02 3.284811723454766508e+01 1.074487591043574497e+02 1.038602025305771576e+03 6.003985902438422499e+02 9.570213720958078341e+01 6.774149253530723058e+01 9.638184953289094210e+02 3.171975807698512995e+02 6.187310125017774887e+00 5.095265675825193625e+02 4.287811531826943856e+00 2.633097627252896586e+02 8.416798580894571842e+02 0.000000000000000000e+00 3.933977376033927840e+02 3.535228751910847791e+02 1.225293497840893480e+02 7.530308998264855518e+02 9.961093057728198801e+02 9.389057993561328885e+01 3.479726066155516264e+02 8.894918882698592597e+02 2.045518286276625588e+02 2.886088909820059456e+01 3.327975043386558127e+02
1.054688131217573073e+03 4.407846202075460518e+00 4.218474469419769548e+02 2.285533006291462641e+02 0.000000000000000000e+00 5.920574974905903218e+02 2.490900531237092821e+02 2.600488434761663257e+02 4.354280179678640934e+02 2.959084195090584402e+01 8.965544214537121661e+02 5.412497196851829813e+02 1.393073678354550964e+02 6.036357387248492756e+01 3.385846942187826780e+00 2.440250556342016068e+02 2.316350236274768193e+01 2.724878280507217596e+02 1.301228944790847777e+02 6.744612799008143922e-01 3.621859987951028188e+02 8.064723471450012937e+01 4.653985074678798810e+02 2.903554505718553287e+02 1.119598796905236668e+03 7.900111971113052505e+02 1.158348063473560842e+03 4.990522813461261649e+02 5.003522028876986951e+02 0.000000000000000000e+00 6.389987841067909358e+02 2.584487792215045543e-01 1.423951543790714069e+01 8.278489779604882415e+00 1.830986277841517449e+02 3.891300657566424093e+02 4.311961971701002767e+02
