output/example/lateral_incision_000283.asc
nrows	75
cellsize	13.33333333
xllcorner	0
ncols	75
yllcorner	0
NODATA_value	-9999
[rows 17 to 33 of 75, columns 37 to 73 of 75]
5.847403108969549521e+02 3.711367672399302364e+02 7.445339877997622580e+02 0.000000000000000000e+00 6.463093796727822564e+02 0.000000000000000000e+00 4.759424538264975126e+02 1.191943883470535411e+03 0.000000000000000000e+00 1.503775262675982276e+02 1.724671010006896950e+03 0.000000000000000000e+00 0.000000000000000000e+00 1.539478285190441795e+02 1.210027959703442377e+02 7.840299678267589343e+02 9.753364327560697120e+02 2.757099151444925269e+02 2.101970298514511342e+02 4.665487206251333419e+02 0.000000000000000000e+00 5.809880323525866288e+02 3.416941833050977380e+02 8.780722499478949672e+00 4.612499468497500699e-01 3.535550173308039490e+01 1.963109777071944109e+02 4.810103018064583580e+02 9.212498476308516615e+01 1.702115212827847699e+03 1.226571686639634891e+03 6.691168696638261970e+00 4.580044979416525166e+02 3.600604046927354602e+02 5.057296029144662270e+02 4.691450118560042029e+02 4.532776352637952186e+02
7.736497940854879971e+02 0.000000000000000000e+00 1.007895461602161147e+00 2.241796011040060819e+02 2.996223782642923883e+00 4.467940123217805093e-01 1.472394484102244121e+02 6.468640079196711667e+01 4.680418239226384891e+00 2.014221577995069197e+02 6.229795376089173260e+02 9.856573023682176427e+01 1.440224995168087389e+03 2.239806270845795666e+01 9.262222572379499752e+02 0.000000000000000000e+00 1.196129398897399341e+02 4.081270641321902417e+02 6.649429996467591764e+01 1.057820819679515125e+03 3.913866360274234921e+02 3.312748873901399520e+02 5.450261933632826583e+01 3.068608666445097111e+00 0.000000000000000000e+00 1.129678110028930178e+03 3.535047805896378748e+01 2.126300092713163448e+00 8.854678576555097607e+02 4.526944908030108650e+02 4.755463198172136003e+02 2.189662979639328455e+01 5.669157005440213197e+02 8.219055934694095455e+00 0.000000000000000000e+00 1.318290125243663340e+02 7.472072341026320146e+02
3.709243365918409863e-01 8.532928721123886362e+02 1.482728493849117513e+02 1.385210926139022831e+03 1.958251054229250485e+02 3.787546385063540555e+01 3.952002049038358678e+02 8.386394341569153994e+02 3.238206405881020089e+01 7.736455599756458241e+02 2.280485150278957178e+02 6.213563617299985253e+01 1.054724893495641254e+03 3.493062575435280337e+02 1.096629268314889032e+03 4.836345177529657491e+01 5.015723231647991609e-01 1.050623050333072797e+03 1.039752840735209993e+01 4.335022978267289204e+02 7.631581433261325174e+02 2.477220872837935701e+02 5.030323951510729330e+02 7.621108001834257948e+02 5.948102235993210307e+00 6.700771624945018630e+02 1.027649706457964669e+02 7.769837472350218377e+01 2.704373220378755605e+02 1.313364172880339311e+03 7.028540364018426772e+02 0.000000000000000000e+00 1.054358598226029699e+03 1.206104287560522792e+00 5.442613050676698094e+02 2.510060769579320450e+00 9.572110137600824229e-06
6.721063262746113196e+02 1.412859397676060098e+02 0.000000000000000000e+00 5.905514273021044858e+01 2.620060329160343713e+02 2.032717618499199830e+01 2.110761027757319255e+02 1.262691784548352871e+03 4.195053900063800825e+02 7.211089907112486799e+02 8.393671112186693790e+02 5.658731447004268489e+01 1.254490745112353352e+03 8.216079586796683998e+01 1.286973200948649065e+01 9.416566095015507472e+02 9.310459487411897328e+01 4.858014317707039709e+02 6.657472571460656354e+02 1.077219049837969678e-01 1.144969541730278806e+01 9.185079471335254766e+02 1.116492770589547519e+02 1.027335373528165292e+03 2.294022093579112520e-01 0.000000000000000000e+00 2.179493072706917722e+00 4.758869814242945608e+02 1.032017625442949338e+03 2.273048006069279836e+02 7.219980226286176048e+02 3.459054622869230400e+01 3.207159061741054984e+02 1.940840995492507659e+01 3.231913112413202498e+02 2.523452551315644712e+02 1.819372725014626369e+01
2.805143450314641314e+02 9.888800700773065273e+02 9.797967813193569100e+02 1.353663362915735888e+02 5.348891014197009497e+01 0.000000000000000000e+00 1.844837461152910976e+02 0.000000000000000000e+00 4.503275654654601681e+02 3.862040524785905404e+01 7.222379161417019304e+02 6.619484286898994014e+02 3.295420146529600629e+02 1.399109719392299667e+02 3.035469064377643917e+02 5.053311721675105446e+02 1.374872516673904101e+02 4.119220949719480984e+01 4.033474420850286606e+02 1.597079700096300257e+03 1.596764063904590536e+01 4.479158521315588226e-01 0.000000000000000000e+00 9.475689720130154114e+01 8.152760355490684105e+02 9.072065650163219743e+02 3.469706415524005365e+02 2.272804850794884999e+02 1.854037132377254482e-01 5.099161447212902658e+02 2.867009531549267081e+02 2.020850379300012989e+01 2.060539518580833658e+02 1.477094127878874552e+01 1.123091647174552463e+02 4.968143422322965108e+01 8.393135823445272763e+02
1.503315155306690656e+02 1.522233710980344540e+03 6.104027425654495573e+02 8.997623371554594485e+01 8.905935019661700380e+02 6.263213360072973757e+01 3.362087832559501521e+01 9.653397097084636016e+02 4.439186298646495388e+00 1.855324591457896020e+02 9.040965128550187968e-02 1.305747780444582133e+02 1.765982354765870070e+02 1.095991023231026247e+03 6.862645655484529925e+02 1.466572223519347517e+03 6.004830944117386480e+02 7.883707597807126604e+02 9.551006404990655119e-01 4.959619175652952627e+00 3.769977375635942849e+02 2.576470229306088413e+02 7.001401398926836439e-01 1.554587372519572909e+03 0.000000000000000000e+00 1.711669380945453733e+00 2.733337859360655102e+02 6.863174772351361526e+02 6.954829357743730043e+02 9.781066458298737221e-01 1.596719847474174458e+03 3.301988847256373560e+01 1.327231817610031840e+03 4.857391262637248701e+02 7.309405177442783952e+02 2.762994455589913301e+01 1.075541176943965411e+03
9.279170301077742522e+01 1.354132093693224533e+03 7.048600738866794018e+02 3.043583984403933300e+02 9.687442566500978458e+00 1.177609681464537204e+02 1.084861338924682059e+03 3.732104970089922062e+02 1.118204544490613372e+01 2.660004831134157257e+02 3.660656684800800349e+02 1.165437387424673510e+01 5.397644353770696171e+02 1.208517934290125822e+03 9.363736643213267143e+02 3.616454507964683529e+01 8.098411189217094375e+01 4.789750354689377332e+02 1.151156392052327533e+02 3.178485197652620968e+02 3.999366772050878467e+02 1.372273464154468911e+03 7.130050073781293349e+02 7.087910789942149847e+01 1.595114478633883209e+03 9.223669244647887808e+02 6.297123618676723211e+00 1.053894308812676073e+01 2.025879116918836473e+02 2.525778067635967616e+01 1.578451845795170838e+00 8.665958987362976131e+02 5.435591034787931903e+02 1.179870341648073463e+03 1.101056311364381827e+03 3.666453286724952818e+02 6.083088999585415877e+02
1.609616294705610699e+03 2.703518621298092484e+01 6.451076234800509610e+02 3.938493264326287431e+02 1.614975657583157727e+02 1.288734213365695041e+03 7.829876894822472195e+02 3.579070278713545576e+02 2.133589388388711683e+01 3.751867080874314411e+02 1.973798008851104271e+02 2.624199711620773883e+02 9.181781605851864470e+01 3.940906770600959135e+02 2.211648846948916685e+02 0.000000000000000000e+00 1.278764782164232656e+02 5.279416333520354101e+02 3.207010976119303969e+00 1.322777652766644223e+03 1.026277202694935340e+03 6.029246597324261714e+00 0.000000000000000000e+00 1.500847864657683431e+03 3.197723992941038773e+01 7.225231611100371083e+02 2.172360908121921241e+01 7.787114302324706614e+02 4.468880936388001714e+02 5.464908778587366811e+01 2.169069954488113752e-02 1.834903795405855931e+02 1.221265638575556878e+01 8.153379675285206574e+00 1.253686248441708813e+03 3.400681583303855859e+02 5.055578595976587053e+02
2.763741092645053072e+02 9.775524160478180136e+01 2.196072450863161762e+01 5.629401318455831671e+01 8.761531125766772732e+01 1.453007571822228556e+03 1.341248320869789040e+03 5.200376677711901721e+02 0.000000000000000000e+00 1.014715749589739744e+02 2.055123926916330390e+02 2.192254061370285712e+01 5.312984902760170769e+01 2.475433854368433799e+02 2.261482428585011064e+02 9.289315156706519474e+02 2.937129153662219778e+02 1.000737515463566297e+03 3.804850387914077459e+01 1.145883746584676999e+01 1.452435636626388943e-02 6.378467099368090203e+02 4.717910531866659767e+02 2.082407223645333829e+02 2.454965559602270631e+01 3.696024141854469747e+01 3.838398054343081611e+01 1.670008458610994921e+03 0.000000000000000000e+00 0.000000000000000000e+00 1.102169700161616639e+01 1.020365280717242285e+03 7.007700813414310232e+02 7.553565444030903109e+01 1.329142228347085286e+01 9.812088537185950643e-02 7.058549502514179039e+02
5.068118866713657411e+00 2.107845214706124466e+02 3.482017758290406846e+02 3.229885164065704544e+02 2.449555472765189847e+02 8.930675178332704718e+02 1.138705456203972290e+03 1.342530019563150177e+02 2.351912597053936960e+00 5.069717744797399632e+02 0.000000000000000000e+00 2.108424249723713615e+02 2.610382737812328742e+02 7.754965541546388295e+02 0.000000000000000000e+00 8.605999491538942721e+02 3.913093577632147912e+01 4.286466476310480544e+01 9.501442669286805653e+01 5.479136846187223000e+02 3.172726901443734278e+02 2.807368644393864656e+02 5.559363905007705853e+02 4.931530866276808069e+02 4.531450951676702488e+01 2.335614444876181395e+01 3.586796462968729671e+00 8.228408131631485958e+02 1.417041856531189296e+03 3.499329093314230144e-01 2.500353651113989599e+02 1.257410067141616764e+03 4.344653565085480409e+02 0.000000000000000000e+00 1.186859088409135893e+03 8.299820676258252661e+02 1.389155410487506117e+02
6.035071354778322075e+02 7.180214159086804102e+02 1.768946958931961078e+01 2.525164517065998666e+02 1.670498675512624516e+02 3.630447450637113320e+02 1.713919957708085064e+02 2.220205864555115625e+02 1.136441787376453192e+02 7.943058874407795429e+02 5.670005957340605640e+00 1.319948674196723175e+02 9.273689545269484142e+02 1.486198377270720794e+00 7.226080707484488812e+02 6.930756599735966006e+01 1.076962645435094373e+03 5.680239845424371197e+02 0.000000000000000000e+00 1.193377967407626841e+02 7.993674572435812706e+02 7.892323477468466990e+02 1.177827795650308644e+02 1.551889777120219360e+00 4.633418909660453551e+02 1.050792192559733166e+03 1.459306750442373414e+03 2.621429772607010378e+00 3.220942002724394571e-01 1.647714105951029751e+03 1.603172273785790765e+02 4.229352567512361816e+02 4.410209741498011482e+01 4.904775549378875894e+02 4.549640330832736481e+02 1.337955278659796647e+02 8.106205849729750526e+02
8.142996723755739197e+01 1.120470942823799021e+01 0.000000000000000000e+00 3.941961446818520471e+02 7.770186658996417464e+02 4.476646911946360774e+02 1.699098716841468786e+02 0.000000000000000000e+00 7.444706584806471028e+02 1.033973259698603897e+03 4.645162261634337710e+02 4.254393429753360465e+02 8.378648856222473569e+02 0.000000000000000000e+00 1.398116252380477817e+03 6.907690936349662252e+02 5.357727138077688096e+02 2.022888329897219535e+02 4.666478602957878365e+02 2.597550619296206165e+01 2.763044315120912198e-01 1.165140837040511769e+03 8.217997438494929696e+00 1.409556209473025135e+01 1.927928969876926431e+02 1.324741275964851006e+01 5.639546645872022879e+01 1.348273985025567981e+03 2.642015172060252226e+01 2.179174720862206698e+02 1.173481812509198008e+01 2.277729455818057858e+00 5.764259972150588283e+02 7.109786973936342065e+02 7.174271270551240605e+02 1.069526747202347750e+01 5.486897331471254802e+02
8.481949355672792024e+01 7.718649390357300577e-01 3.284104346612397194e+02 1.069977771783395838e+03 1.416091000758644668e+03 7.997557283311063259e+01 9.426188107951359996e+01 5.559705850084081646e+01 5.282639258980487966e+02 5.500851509753259450e+01 1.051429267539826640e+01 7.508857661834169903e+02 1.416231264660915201e+02 0.000000000000000000e+00 3.460006339972616018e+01 2.127773928797383860e+02 6.506987985691176846e+01 6.865324148100113710e+00 7.575515803831136097e+00 1.949371392921837582e+02 9.477427932873355303e+02 3.563326142948318989e+02 4.853866621214560269e+02 2.018112418975312607e+02 0.000000000000000000e+00 2.940993259074773505e+02 1.029712232355474953e+03 6.288368322046241019e+02 3.400599792096714591e-01 3.359616429903400370e+00 1.301816965821356234e+03 3.500003263957660806e+02 1.408753211126714177e+03 4.204783269808287400e+02 0.000000000000000000e+00 8.402840996432640850e+02 2.913167867049787363e-01
1.999517262990843491e+01 4.512961426572007895e+01 1.170582855898452408e+03 0.000000000000000000e+00 2.920581698631322443e+00 0.000000000000000000e+00 6.863092378078750926e+02 1.002945800817731765e+03 8.842858678509409742e+01 4.909757163963467974e+01 1.704665131948050316e+01 1.232088235162164665e+03 1.608155547088945809e+02 7.532025433735361730e+02 5.221285516513447647e+02 1.569522594197500531e+01 4.429339897291279726e+02 3.808734073685899943e+02 1.582523678542758603e+02 8.476323043841899789e+02 1.410140306530641681e+02 1.709087255401419441e+02 1.537725645335774516e+02 7.931002059081589550e+02 1.611911304524575144e+03 3.121444841686181748e-01 2.371894017254864195e+01 0.000000000000000000e+00 3.379996312721160621e+02 2.230313602858072031e+01 2.643309485165945105e+01 2.560534857345784303e+02 1.544214439748408040e+03 2.767384208111904513e+02 1.049544589078378067e+03 0.000000000000000000e+00 5.517506361707887663e+02
2.635844907530656656e+02 5.045852088646915377e+02 5.939981828385069207e+01 1.874309018298433216e+02 1.245027196461262974e+03 1.125221746049669491e+03 6.278761029367811943e+02 1.190446940776900192e+03 4.780773121302853923e+01 4.627437826634511531e+00 1.313239193494576284e+03 4.769263889294758485e+01 3.545665108871235134e+02 1.459344849121850700e+02 4.707459476022957290e+01 4.768562497543100964e-02 1.007289550341432232e+03 5.117102832016266589e+00 9.380786443951352567e+02 5.470969033449549102e+01 5.121945154512999352e+02 8.393219198505100849e+02 1.052497190473953651e+03 1.790261187693593881e+00 1.715995263717162288e+03 1.719290760705846196e+03 8.179658212190885058e-05 2.891977291845232756e+01 1.061267535081052074e+03 7.439754077869568505e+01 6.472970444144464182e+02 2.254425658315457426e+01 0.000000000000000000e+00 6.377589471171800142e+02 6.377656248741729428e+01 9.840574127402761633e+02 1.631590163414718830e+01
1.062043051617233402e+01 2.274889787702570914e+02 1.710278353899013837e+02 6.421521557982025570e+02 1.003496541374222943e+03 4.075351515565363014e-01 0.000000000000000000e+00 1.557901027436275001e+02 4.286250139241150237e+02 5.946036785817440204e+02 1.677348007479289693e+00 5.676740104702103906e+01 8.487715755099267767e+01 2.327326847490146540e-07 1.569770174867222522e+03 1.152465924408470386e+02 8.154550663824969661e+02 8.194418896237644745e+00 1.160101584842060447e+02 1.666157034533904948e+02 1.136687025946484937e+02 4.342167641575239259e+02 1.039409408400610346e+03 6.956345791463490968e+02 3.156287233066190634e+00 8.746206695129773223e+00 1.688345478752613189e+03 0.000000000000000000e+00 0.000000000000000000e+00 1.181633590373252900e+03 1.541421224320736769e+02 1.651221571029655706e+03 1.577206114416698256e+03 9.201495725248126973e+02 4.035664582329264931e+02 3.725552560109980504e+02 1.268780998656940717e+01
3.566822705234570776e+02 5.019336063153964744e+01 5.982535072251038173e+02 1.365497369234205678e+02 2.959219361402325035e+02 8.297883486447140911e+00 3.687574332183518209e+02 1.936053734882696631e+02 8.771491487331161352e+02 7.158070559103657970e+00 5.395044067736455951e+00 1.356460301693120307e+01 8.143183450569116530e+02 2.775657370838172824e+02 2.515531195848770381e+02 4.933418158668203546e+00 2.979322046662420398e-01 1.131430508777593104e+03 1.041612355481255690e+03 6.630160671598825957e+02 6.707036092133178045e+02 1.014779775141528603e+03 6.872972776088588489e+02 4.141731384167999153e+01 4.423466455116262068e+02 1.636052559327808240e+03 5.419459354340717994e+01 9.499882177244792225e-02 1.053043540373024598e+03 1.639157907658198496e+02 8.458790391315980060e+02 2.611449881462776261e+02 4.262707762224492853e+02 8.552313612766887445e+02 2.067226016483323008e+02 1.124560497420425008e+03 2.761067150465295867e+02
