output/example/lateral_incision_000268.asc
nrows	75
cellsize	13.33333333
xllcorner	0
ncols	75
yllcorner	0
NODATA_value	-9999
[rows 17 to 33 of 75, columns 37 to 73 of 75]
2.432692450590274973e+02 4.233906592901013255e+02 6.278028409410875383e+02 0.000000000000000000e+00 6.463093796727822564e+02 1.230568128939932876e+03 4.098819776613213435e+02 9.582622870601851446e+02 7.536239942082255538e+02 0.000000000000000000e+00 7.580186316137060203e+02 2.515416418178255640e+02 5.529015096769115871e+02 1.433303233928980092e+02 1.210027959703442377e+02 7.840299678267589343e+02 9.660640234892769058e+02 1.596113087561758732e+02 1.372796524061570153e+03 1.049408334453894582e+02 6.926023463392249369e+02 5.809880323525866288e+02 3.416941833050977380e+02 8.780722499478949672e+00 4.612499468497500699e-01 3.535550173308039490e+01 1.963109777071944109e+02 3.890938973414185398e+02 3.831107144281003229e+02 5.103529102447267318e-01 5.300649857241029395e+02 1.195374533185750806e+03 3.919782767382768611e+02 3.592077708716564644e+02 3.176597245666555125e+01 3.113154011402315859e+02 4.532776352637952186e+02
3.903695820701736352e+01 1.130243507666159076e+03 4.634926355866833205e+02 1.121910143262411594e+02 0.000000000000000000e+00 1.013895799522690595e+03 1.471821109686522675e+02 0.000000000000000000e+00 4.604962074251056414e+00 1.228833473193976289e+02 1.017924588508300985e+03 6.715678675360075545e+01 8.060223055878136620e+02 2.097808112554737647e+01 9.262222572379499752e+02 0.000000000000000000e+00 1.196129398897399341e+02 5.958991330211068771e+02 1.639256180425092468e+00 2.122461589566010502e+02 3.832552101090079759e+02 3.312748873901399520e+02 5.450261933632826583e+01 0.000000000000000000e+00 1.182445862087386558e+03 1.126547907208280094e+03 3.535047805896378748e+01 0.000000000000000000e+00 9.506382975187648299e+01 1.138585898471716318e+00 1.263072811890786511e+02 6.198911024467752213e+02 7.219214617209630660e+02 3.721990573145100289e-01 0.000000000000000000e+00 1.166678693045347899e+02 7.472072341026320146e+02
4.851949660843420702e+02 0.000000000000000000e+00 9.219409196944649239e+02 3.483913074617457255e+02 1.780769281777474475e+02 3.639568973226079152e+01 2.497324452874807719e+02 8.374498883234961113e+02 3.238206405881020089e+01 7.723925509660703028e+02 5.667705255253017604e+00 0.000000000000000000e+00 5.005919040372086215e+02 3.493062575435280337e+02 1.096363398566343676e+03 4.836345177529657491e+01 5.015723231647991609e-01 7.343164729548570335e+01 1.461130384576714960e+03 0.000000000000000000e+00 5.896351034451077311e+01 2.399139299715976392e+02 5.030323951510729330e+02 1.654401872370029025e+02 3.379568110274958070e-01 2.619059372795992431e+02 1.025466610402251177e+02 1.537289755186282491e+03 3.732117418762910575e+02 3.854265094372796074e+00 5.651421848264601522e+02 7.179797021120119780e+02 8.189282273972875004e+00 8.135277414467696477e-01 3.610458122808142889e+01 9.141462448768958211e+02 0.000000000000000000e+00
1.684685872931181621e+03 0.000000000000000000e+00 1.082217508014567557e+03 2.987083116876713120e+02 1.217964800839393774e+03 3.928059212693838287e+00 4.104363963820855110e-01 1.241420782588352949e+03 4.195053900063800825e+02 7.174192621072171505e+02 7.052495013403007533e+02 3.858960172993565152e+01 1.174072832809117926e+03 8.216079586796683998e+01 8.979191774292640815e+00 7.281145743039355693e+02 2.894090728270377326e+02 1.377258714970258552e+03 1.171007567007285665e-06 2.609003822700415185e+02 6.110515725399296798e+02 5.403203848331910422e+02 8.697026255229320668e+01 4.269749340912711659e+02 2.294022093579112520e-01 4.229278388954117531e+02 2.179493072706917722e+00 4.406968129356037025e+02 1.495416088323051554e+03 1.279728144931250654e+03 4.124616516356213936e+01 4.725827526370596843e+02 5.318989149539972594e+00 1.223762617674983858e+03 6.507135949036337479e+02 4.795321186021668325e+01 5.379636421051623429e+00
2.245310924392608456e+02 1.728782688644119219e+02 2.186207644105626855e+02 5.875519491776622090e+02 1.356060671566445919e+01 6.747616268517416529e+02 1.323753637699710772e+01 9.482963624108338081e+02 3.890242200582538885e+02 3.862040524785905404e+01 7.214882845038451933e+02 6.610902636987086680e+02 3.295420146529600629e+02 1.399109719392299667e+02 2.015908962441678796e+02 1.707017512671918382e+02 3.382051702743533497e+02 0.000000000000000000e+00 7.682991330456401329e+02 1.154538596747896406e+02 2.929145518746766874e-01 4.480298220578810486e+01 9.238566042687028812e+02 5.625979596474636191e-01 3.254493593075133049e+02 7.354613178220622558e+02 3.469706415524005365e+02 2.272293602199618192e+02 0.000000000000000000e+00 5.829609544661667542e+02 3.635390312331400509e+01 1.903660244420861432e+02 1.497319780669181000e+03 8.898884409454651534e-01 9.106173067264951015e-01 1.209922750487767189e+03 7.129310437995325174e+02
1.305699780637391541e+03 2.791979886098994825e+02 3.006153441624018902e-02 1.414088624772661660e+03 7.369563647906625192e+02 8.726957827316667817e+02 3.362087832559501521e+01 3.710144127002428718e+02 3.857375464606929594e+00 1.376664737887512899e+02 9.040965128550187968e-02 1.305747780444582133e+02 1.765982354765870070e+02 1.095991023231026247e+03 6.823742895298101985e+02 7.792384795944117286e+02 1.493335941251746419e+02 1.326155858676424373e+02 9.278598156870427829e+02 4.200398729202627806e+02 8.374010298682271980e+01 1.320147847418504883e+00 4.612181834093535144e+02 1.318675580542595526e+03 6.091714666259322257e+02 1.711669380945453733e+00 2.733337859360655102e+02 6.838599220991239918e+02 2.124625685970220275e+02 8.191338735718983344e+02 1.059855734550869855e+01 1.068557829262416817e+03 2.124749095629114493e+02 2.565004309001121783e+02 1.359432069030109460e+03 0.000000000000000000e+00 9.956641474177738473e+02
3.304734809484642710e+01 8.242706680799416290e+02 1.097900581025552498e+02 5.111359837143919549e+01 3.753431412037389237e+02 3.472853765516621394e+01 2.321711587623178445e+02 8.392514660818716266e+01 1.471982166467065781e+03 2.659436958806909388e+02 3.660656684800800349e+02 1.165437387424673510e+01 5.396651533030000110e+02 1.208517934290125822e+03 9.363736643213267143e+02 3.382561718686912400e+01 1.044865327579620043e+03 4.782998081967901953e+02 0.000000000000000000e+00 2.481015562916716135e+02 0.000000000000000000e+00 1.007825249420412774e+02 4.902115787128510926e-01 6.123724895931187717e+01 6.542128539836901382e+02 4.311445637508804793e+02 2.664570086245007907e+00 1.053894308812676073e+01 1.252099806958810404e+03 1.377074847158237425e+01 7.916678409524033344e-02 1.802102743089798480e+02 8.127967951046858843e+02 1.172634101111246991e+03 1.083248574037341086e+03 2.463602073269720165e+02 6.083088999585415877e+02
1.342603743205833325e+03 2.703518621298092484e+01 2.824324574988837639e+02 1.177920384327163902e+03 0.000000000000000000e+00 1.666828179039402755e+02 4.304251843941661946e+02 2.240890678767548820e+02 2.133589388388711683e+01 3.533502286965785970e+02 1.973798008851104271e+02 3.027401148667865982e+01 9.433171400812083718e-01 2.190622192804258646e+02 2.211648846948916685e+02 0.000000000000000000e+00 1.278285254004070879e+02 5.279416333520354101e+02 1.108228216002333719e-02 8.766218798085623121e+02 8.581702379798576885e+01 2.811470387348182953e+02 8.571936816080353765e+02 1.602352626996578010e+03 7.799302786234060036e+00 1.201306515454986993e+03 1.176350653631462592e+03 0.000000000000000000e+00 2.871687297904020397e+02 1.403789430439287056e+00 1.584839558297521080e+03 3.423991844665459183e+01 1.436206454414924792e+03 1.126423575399750689e+03 8.198691240958369235e+02 3.775404139284024296e+01 5.055578595976587053e+02
2.749519097371079965e+02 7.326966150254259347e+00 5.572570485595945478e+00 1.401847065831398140e+03 2.969523488461329297e+00 1.065730372490486388e+03 1.341248320869789040e+03 4.142715103801688770e+02 1.183563770405571177e+03 0.000000000000000000e+00 2.030363521607382893e+02 9.707637902929837992e+02 2.055507057913084357e-01 1.278746564283526141e+03 2.236395525308034848e+02 9.282222650793909224e+02 2.937129153662219778e+02 1.000372556962948124e+03 1.049646127892318418e+03 1.420727772420284964e+03 0.000000000000000000e+00 8.638982241972769316e+01 4.310217904451610593e+02 3.890669816025540513e+02 4.148209547909974617e+02 2.060751248394116075e+01 4.414608873162819123e+02 3.788923631960554985e+02 1.502701929697450851e+03 9.969046071795851560e+00 1.419207209639819666e+03 1.704128461395712861e+02 2.871008513578794350e+02 1.611188947399992522e+00 5.437805868675281928e+00 8.350920140979986854e+02 7.058549502514179039e+02
5.068118866713657411e+00 2.107845214706124466e+02 3.482017758290406846e+02 3.109014285554505932e+02 1.577386320646164393e+02 7.707709605054584472e+02 1.138705456203972290e+03 0.000000000000000000e+00 6.575526650770091237e+02 4.733027437037098935e+02 0.000000000000000000e+00 1.091018433155445337e+03 1.015447790049265535e+02 1.517602345073729850e+02 0.000000000000000000e+00 8.557041830908318616e+02 3.913093577632147912e+01 4.284481995438486024e+01 0.000000000000000000e+00 2.623879765053566349e+00 5.652014209351018081e+01 9.090218366539590988e+01 4.739009005902788090e+02 2.867937011224328785e+02 5.954172672227058882e+01 1.638535069630713394e+02 0.000000000000000000e+00 1.645836200486742200e+03 0.000000000000000000e+00 2.497421054687202684e+02 2.670166096522147825e+01 1.160456639709823094e+03 2.567865262012001040e+02 7.028794540410759737e+02 7.718328002745899994e+02 4.456283341652636523e+02 1.389155410487506117e+02
6.035071354778322075e+02 7.180214159086804102e+02 1.768946958931961078e+01 2.525164517065998666e+02 1.166180375564275522e+02 3.560463029731899383e+02 1.285221643780051863e+02 0.000000000000000000e+00 1.052973198182967423e+02 7.592835811868748124e+02 5.670005957340605640e+00 1.046505250971498754e+03 3.826964326334943678e+01 8.287893116531535043e+02 0.000000000000000000e+00 5.607515883470122731e+01 1.076962645435094373e+03 5.679952038090000315e+02 1.185577440516763090e+03 1.207821773285410700e+03 7.993672184337872295e+02 7.892323477468466990e+02 1.177827795650308644e+02 1.405365318967464860e+00 2.613033259395605228e+02 1.096075990818921895e+02 6.175904219820434946e+02 3.578214812838817593e+00 1.639154688922817968e+03 7.314062123404556814e+02 0.000000000000000000e+00 4.229352567512361816e+02 4.410209741498011482e+01 4.904775549378875894e+02 4.549640330832736481e+02 5.178083845413659247e+01 7.381336605661898602e+02
8.134735323827423770e+01 8.535983521726413059e+00 0.000000000000000000e+00 3.941961446818520471e+02 7.763280652665673642e+02 4.410259830733739932e+02 1.626471775720475819e+02 4.609824240700389169e+02 1.077269557538553940e-01 6.229590184450962624e+02 4.645162261634337710e+02 5.152045097788224837e+01 1.406389273310032806e+01 8.059142655109847055e+02 3.417772278754358126e+02 6.907690936349662252e+02 5.357727138077688096e+02 2.022888329897219535e+02 4.666478602957878365e+02 1.163115904839136405e+01 0.000000000000000000e+00 1.165140837040511769e+03 8.217997438494929696e+00 2.138334894350943927e+00 1.699528289438513013e+02 1.324741275964851006e+01 6.705730710073714818e+02 2.027527537254740497e-01 5.262791517605724039e+02 3.595547516752116053e+02 2.217094670453259475e+00 2.277729455818057858e+00 5.764259972150588283e+02 1.467280156312259805e+03 3.200686227456099573e+02 3.173351439185385203e+00 5.332843271758579249e+02
4.267736609630555904e+02 3.652334680196212844e+02 3.277106983084673857e+02 1.069977771783395838e+03 1.416091000758644668e+03 3.509567356920251058e+01 1.043495400888102495e+03 4.393345558204001122e+02 5.637538993694737854e+01 5.477399408659479150e+02 1.051429267539826640e+01 6.540490947878582801e+02 1.109333725244609496e+02 5.362733955811169153e+02 9.735220606161996102e+02 3.038229887069939039e+01 6.506987985691176846e+01 6.865324148100113710e+00 7.575515803831136097e+00 7.883962468552449820e+01 1.460455865575206417e+03 2.586903981264346797e+01 3.734264419643980659e+02 1.434161911784821086e+02 0.000000000000000000e+00 2.940993259074773505e+02 6.047124533349266358e+02 1.034909281308705658e+03 3.307177122263222913e+01 1.100782857976040532e+02 1.285560676398270914e+02 1.613385510193494156e+03 4.074641587373705534e+02 1.308191344437728276e+03 4.904090355531446903e+02 3.366103931687324007e+02 2.913167867049787363e-01
1.791467083410925909e+01 6.449137712314901592e+02 1.001888043722082330e+03 0.000000000000000000e+00 0.000000000000000000e+00 0.000000000000000000e+00 5.105304106282690668e+02 6.063704026691169702e+02 8.764576608373705824e+01 8.516612983792523437e+02 1.193240791208354949e+03 8.563324257042605723e+02 2.270509981248125655e+02 0.000000000000000000e+00 2.277175855232396273e+01 8.825733701941858911e+00 4.429339897291279726e+02 3.808734073685899943e+02 1.582523678542758603e+02 4.316722522003960307e+02 1.115176021138838252e+02 1.522727106766859038e+02 6.987488535880149243e+01 1.739134436344621122e+02 2.298235163714540477e+02 0.000000000000000000e+00 8.907961389131189662e+02 1.701621659266327242e+03 7.419785084790980534e+00 2.190523112077286498e+02 4.522913036316472244e+02 1.490868448079721929e+03 1.927614916502322018e+01 6.600742940076225196e+00 3.178737590632311480e+02 2.072866545626326058e+02 5.260321696293359537e+02
3.047844789586957148e+01 7.262977312897295405e+02 1.588675296468078457e+01 4.204879448158403932e+01 1.245027196461262974e+03 1.125221746049669491e+03 6.252841423150933906e+02 4.816260731641693269e+02 8.761130657048062176e+02 4.516247480223001709e+00 1.061247873034403938e+03 7.355146079351213757e+02 9.561510566616917117e+01 2.551091642403527828e+02 1.350727051137248282e+03 4.768562497543100964e-02 1.007289550341432232e+03 5.117102832016266589e+00 9.380786443951352567e+02 3.732328440136237191e+01 1.153891046264683609e+03 7.956459134516264839e+02 3.208235657347174197e+02 2.539444029358525756e-01 5.330094418657794222e+02 7.312233828020750934e+02 7.181233191889492673e+02 1.609947454876171378e+02 1.851165947016257363e+01 5.501850630258816182e+02 8.170212220975533457e-01 4.780937296750199295e+01 1.520702327481145858e+03 1.433267901062487908e+03 5.981045798474804087e+01 8.880378786337028032e+02 1.631590163414718830e+01
1.932938939416945914e+02 1.282201777205934150e+03 1.429623769901056995e+00 6.262082432281401907e+02 1.003496541374222943e+03 4.075351515565363014e-01 0.000000000000000000e+00 1.044790066398864248e+01 1.442431497664613062e+03 2.913563793579822914e+02 1.627856484047193135e+03 4.315029234588766194e+00 1.614667171708372848e+02 1.163340917596088048e+03 9.220944972751839259e+02 1.489683212582781834e+03 8.121792102302057401e+02 8.194418896237644745e+00 1.160101584842060447e+02 1.666157034533904948e+02 1.135378137212157554e+02 4.342167641575239259e+02 8.532247784863998277e+02 9.143338377752471615e+02 2.289192676531723036e-01 4.433310086098272151e+00 1.133907350129717218e+00 5.862846499645107770e+02 5.009832758809358921e+01 7.610993937534750557e+02 8.175275683786314858e+02 2.817861173750922603e+02 1.367309790511528490e+03 9.198098053998245405e+02 4.035664582329264931e+02 3.725552560109980504e+02 1.268780998656940717e+01
9.979289482197874577e+02 8.699547415722070909e-01 4.182576745917590415e+02 1.365497369234205678e+02 2.959219361402325035e+02 5.598373011664080856e+00 9.239308558618830602e+01 1.927598913811456498e+02 1.480837516058267511e+03 2.866347655859003973e-01 1.713696688988622796e+01 1.516726592952524584e+02 3.765183291476492400e+02 2.035892951793007555e+01 2.475292845767670826e+02 7.770062413742621077e-01 6.885351421804896290e+02 1.131430508777593104e+03 1.041612355481255690e+03 6.630160671598825957e+02 1.888793333909925138e+02 1.597062269198681179e+03 3.758473356168966575e+02 4.115198595921813762e+01 1.124176177227665903e+03 5.372578154959617081e+01 8.571251008583727753e+02 9.494993505710236548e+01 0.000000000000000000e+00 4.788352460664970636e+02 7.320325929817975066e+02 2.486835033936912964e+02 1.103076379482361972e+03 4.737636250994622742e+02 6.140806755224629399e+01 9.771277565957492470e+02 2.761067150465295867e+02
