output/example/lateral_incision_000252.asc
nrows	75
cellsize	13.33333333
xllcorner	0
ncols	75
yllcorner	0
NODATA_value	-9999
[rows 17 to 33 of 75, columns 0 to 36 of 75]
0.000000000000000000e+00 0.000000000000000000e+00 8.732113562162924154e+02 2.505763698357561111e+02 2.252824430498951642e+02 7.920486165711071180e+02 3.563499252753132840e-02 1.050254981211990497e+02 5.752724242068575222e+02 6.827371722929427289e-01 3.760080876636046696e+02 4.912408154344904077e+00 1.680531876136907613e+03 1.601263809502704362e+03 8.684351430497365243e+01 7.923352862908663496e+01 6.394714899768264331e+02 5.649371378409732136e-01 4.713497882534275050e+02 1.178185079747971429e+02 7.009783006349457537e+02 2.860675677252426112e+02 8.726840688659145826e+02 5.173158077021432888e+01 2.238610615147687213e+02 2.067611420199573047e+02 1.240605267468329203e+03 1.645597740259179886e+02 1.055121046287642912e+03 2.403866732107228454e+00 1.458364388646446514e+03 1.220239019986565381e+03 5.544745983827210900e-02 2.112435149747556977e+02 1.068943821584337783e+01 8.643935125534550252e+02 2.911082618658852894e+01
0.000000000000000000e+00 3.032834336122257923e+02 5.251037494391290466e+02 9.115879193657575570e+02 5.378057973269351351e+02 0.000000000000000000e+00 1.554005931964121828e+03 7.171237604703838997e+02 4.470923111538205035e+02 6.131827010558390612e+02 4.862927585392304763e+02 1.585988095739839082e+03 1.010073798268169787e+00 0.000000000000000000e+00 5.846839452119377256e+01 4.978605109691130082e+01 3.054047041350614577e+01 1.297157835712008556e+01 0.000000000000000000e+00 0.000000000000000000e+00 6.363955006731085007e+01 1.064220175563030608e+02 9.636148057336080228e+02 1.565278840628980150e+00 8.881417438328154503e+02 3.510315643103076582e+02 5.932800166162552102e+01 2.139534876267788377e+02 1.660774351097616318e+03 5.368637791869809917e+02 4.732154725171296263e+02 1.564562425600753670e+02 4.256968759984193866e+02 6.211720037913777759e+01 7.111958614958089129e+02 1.027016414472501893e+01 2.233351336875255981e+02
0.000000000000000000e+00 1.212247158704891774e+02 5.944571288990653102e+01 3.009164045875949434e+00 5.908642605738104976e+02 7.077324511197726906e+02 1.978873345852315708e+02 4.180576378272341458e+02 1.483436327819181031e+02 1.225060337759421571e+02 1.093577805274966749e+03 2.444268866694914379e+02 1.175365775108760289e+02 0.000000000000000000e+00 0.000000000000000000e+00 6.055564809660750143e+02 1.362086482375501895e+01 1.161789359702978004e+02 5.356493224389644183e+02 1.300866463230489671e+02 2.107988383734588922e+02 1.900280496271738286e+02 2.587612523499643089e+02 5.913552337291698535e+01 2.370603927011226464e+00 3.733817239886528938e+01 8.437421883635740869e+02 0.000000000000000000e+00 9.416145382890193787e+02 3.172203513042143754e+02 1.053569981001586520e+01 1.042118926108043297e+03 1.698399378346873903e+02 1.337993939170098567e+00 0.000000000000000000e+00 6.815699302129263515e+01 1.009465864654537995e+03
0.000000000000000000e+00 7.101363439656718128e+02 2.731848631422438611e+00 5.246767822095429210e+02 7.109035116260616860e+01 1.102323969337284204e+01 7.634589038096090690e+02 9.455011780387596598e-01 3.756805990927488779e+02 8.279122262466825077e+02 1.101030872778923353e+01 0.000000000000000000e+00 8.991878238620030746e-07 1.792837042831644965e+02 6.635105652629758310e+01 4.573160872395101606e+00 8.274079071854040421e+02 1.520958334746459002e+02 5.299956624041102486e+02 6.782472721891563197e+02 5.214250003592691201e+02 9.293068159257080652e+02 4.314741924801845130e+01 6.693497533649701836e+02 5.372352639336479569e+02 4.025538954118633228e+02 1.108123190563818206e+01 2.022926164313169011e+02 2.260864615357808134e+02 8.501400039854605950e+01 7.061271835513896633e+01 1.392897752934141181e+03 0.000000000000000000e+00 9.301419642700106682e-03 3.288213643732669311e+01 1.823070013217845542e+02 1.701344055615495732e+00
0.000000000000000000e+00 3.083128029085870594e+02 2.885675282166142779e+02 3.967159931619839881e+02 2.432598301313849447e+02 2.768745134126766629e+02 8.526203777799058798e+02 5.294249263096870664e+02 7.035948133276602903e+02 5.432466830206650599e+01 3.296042817838627457e+02 2.820754332762133458e+02 7.907769939263781680e+02 1.147528997314837937e+02 1.116278922132157447e+02 0.000000000000000000e+00 3.171347239609999633e+02 1.585973894339016852e+03 1.175735949560819790e+03 5.334046986719048391e+02 3.672398099635796598e+02 1.567983483347507345e+01 4.193322151279782020e+02 5.595452583951065435e+02 6.470709356555064460e+02 0.000000000000000000e+00 5.785668705575510558e+02 8.322289961860892049e+01 3.415056876231147953e+01 9.397524443651762738e+01 9.184562369149368521e+01 1.089893834316210814e+03 8.111412355150855547e+02 4.024384397514938314e+02 1.801027604281622416e+03 9.910969568572279513e+02 4.499347249792431569e+01
0.000000000000000000e+00 0.000000000000000000e+00 2.180678048643337945e+02 7.231635918376142946e+00 4.789784501158837055e-02 1.367205444990211845e+03 1.590396803843756035e-01 1.442828016695787881e+02 8.474184394573212558e+02 9.960200566412288481e+01 8.934619286107857761e+01 1.298061753730922590e+02 2.098712070015794495e+02 2.374384239924928508e+01 1.144463464078705783e+03 3.998419753781073496e+02 5.147334020873985061e+00 8.066055143521409718e+02 0.000000000000000000e+00 2.679292499771947291e+02 4.905873002353124690e+01 3.433061502151284685e+02 1.123798088643776737e+03 1.237473436145630323e+01 1.155574513485643365e+03 7.871503905407739694e+02 4.126834817708944456e+02 0.000000000000000000e+00 4.578782131621427425e+02 3.561327562237408539e-01 1.066288501541127687e+02 9.512561920552727770e+02 4.588107189176764678e+02 4.899622287053697622e-01 6.308076937153419976e+02 2.009994384189927707e+00 2.728869278015048963e+02
0.000000000000000000e+00 9.168496522823643318e+02 1.512056327176776222e+03 1.220134545028897719e+03 1.506409973615537297e+02 3.238561531293058948e+01 4.161128122905880105e+02 1.458158896665957904e+01 8.126222540493083457e+00 2.675353614200815924e-05 2.557658473164789470e+01 4.013648472418898905e+01 7.950796077724785960e+01 1.176044933932710634e+01 7.437380730368205377e+02 1.249754640208860337e+03 1.074029295104744897e+01 8.467424462597874069e+00 1.358788513629560384e+03 8.095174359179877683e+02 3.333508557896556113e+02 4.557970166933901623e+02 1.244968389490535628e+03 1.733731156983549582e+01 5.346073703527903263e+02 1.232208189219983012e+02 1.233781302446747077e+02 1.272032651816745386e+02 4.831883878812821536e+02 3.632620786948681939e+02 2.682105188773636906e-01 5.506590779288910653e+02 1.725304546298990971e+01 0.000000000000000000e+00 7.165045690080799723e+00 1.798396561012919221e+02 8.516287053235610074e+02
0.000000000000000000e+00 5.971043797438519161e-07 0.000000000000000000e+00 7.881040796258234877e+02 8.001740298961165081e+02 5.939276113895497033e+00 7.050175925199682752e+02 8.444673097851261900e+01 5.441682098035541912e+02 3.912684527339582132e+02 3.189248478941922258e+02 9.127896797844772436e+02 1.372101884312256175e+02 6.949089905774892486e+02 6.978810458649230952e+01 1.065284914734495942e+03 2.129176693853705515e+01 6.234610065107034416e+02 2.418332370503328832e+00 0.000000000000000000e+00 9.405965802825620585e+02 7.780624590854712608e+01 0.000000000000000000e+00 1.513505903817826947e+03 0.000000000000000000e+00 9.693897947464793106e+02 3.849129862266636337e+02 5.083768178476932320e+01 5.335095307318171720e+00 5.835032653418988247e+01 0.000000000000000000e+00 2.652763902126665485e+01 1.335896994589806752e+02 0.000000000000000000e+00 9.537989399391739198e+01 5.765091646744260743e+02 7.579153829344527367e+02
0.000000000000000000e+00 6.040097140695903590e+02 1.473536857557059193e+03 8.682951236998039803e+02 2.503202819812927089e+02 1.932711977527691829e+02 7.728810125877108703e+02 4.378757765890963327e+00 0.000000000000000000e+00 3.590392535327121095e+02 9.871810062590698820e+00 4.526263510927040556e+02 2.061666902895591680e-01 1.470805479760873027e+02 3.253738749448019121e+02 1.880567362457868796e+01 1.210226747311302461e+03 9.681445727551704072e-01 2.242215388193005197e+02 0.000000000000000000e+00 1.975868504929736247e+01 3.058080119705564925e+00 7.455891457040960404e+02 1.419828201525339182e+03 0.000000000000000000e+00 3.609178507127282955e+02 1.808801028648961164e+02 0.000000000000000000e+00 0.000000000000000000e+00 1.799071999688804055e+02 1.207136174464896961e+01 2.443590268221279018e+02 6.319375519694829109e+02 4.973043836514576128e+02 3.821178644801037763e+02 4.322534815370249248e+02 7.164089937472281235e+02
0.000000000000000000e+00 2.064709004144480176e+01 1.636518839867722264e+01 3.511905722502922913e+02 6.914873489752693558e+02 1.680638754762874896e+03 6.283528834468850022e+01 2.899660883756009966e+01 4.541771548729493588e+02 1.208877315220680657e+03 1.121554426065221719e+02 8.564689683539131693e+02 0.000000000000000000e+00 5.229210213786540606e+01 1.115010455841420708e+03 9.821316391414511315e+01 1.517009151711209824e+03 1.275388807414579560e+03 5.631091953660776426e+02 2.072144628031718838e+01 9.367988125515774200e+00 1.396679569573671188e+03 0.000000000000000000e+00 0.000000000000000000e+00 1.063252747509041228e+03 1.122032366971406191e+03 5.624977364886351552e+02 1.339432638662496402e+03 5.036958721344806804e+02 1.961588130875328488e+02 3.118940891248728349e+02 1.706412138150208477e+02 6.565620114934362164e+02 8.978495337995905601e+00 3.061871105098094858e+02 1.742220881609354137e+02 1.052032753629364237e+01
0.000000000000000000e+00 9.280549394611535945e+02 1.428134107479626891e+03 6.420114722163214083e+01 3.512377423068677018e+01 5.675349243858939730e+01 4.191086425359713985e+01 1.683561645639160247e+02 1.404424640123425206e+03 1.109671190370333534e+03 9.937910894680808838e+01 2.561534907386431428e+02 3.920380350007317816e+02 5.041870977751357827e+02 3.127135867020475075e+02 4.216787435432098619e+01 2.474570087680514519e+02 4.602872163036100233e+02 1.583486084516999703e+01 1.611285644271124283e+03 4.252671603390267023e+02 4.474574961267087474e+02 1.168471737955263876e+02 0.000000000000000000e+00 1.142341026939415229e+02 1.619061325417087858e+02 8.093763026957202555e+01 6.768400433978294473e+01 4.604925664886263803e+02 2.519439030652504963e-01 8.864911959324068675e+02 2.186787764549143198e-01 3.066690444467872823e+01 5.186630082803782571e+00 6.353082793574122888e+02 4.765499009164953748e+01 6.442787364763191817e+02
0.000000000000000000e+00 1.035648508984473665e+03 3.727043901189441044e+01 5.417493368314146807e+01 8.696933526011656568e+02 4.817804614799940168e+02 1.206579503077603476e+03 6.233261555570579731e+02 6.873669149408937074e+01 8.719404552315788806e+02 1.366374540967950907e+03 2.070361500146896958e+02 5.764556640881702378e+02 3.228441225166216668e+02 4.959723476629818038e+02 8.130484879613311122e-01 1.096058499741990317e+03 9.125002706970894906e+02 1.704148901930660145e+02 1.148759869134561313e+03 7.168822289417652200e+02 2.823987763752003843e+02 3.557326540729587805e+02 1.460612740869526647e+02 1.256929658790211306e+03 7.026958547610199730e+02 1.183976386708349764e+03 7.143597059964932328e+01 9.678683150832131332e+02 1.422574103454691681e+02 1.269924249941834375e+02 7.371890354447270965e+01 4.885908210412410426e+02 2.611787539825273541e+01 1.450469831678959736e+02 0.000000000000000000e+00 3.173239682033484996e+02
0.000000000000000000e+00 6.046133934905404885e+02 6.144598350313270885e+02 4.065213430139676234e+02 6.777787122048530932e+01 6.469710185917492140e+01 2.990172621276287259e+02 1.460012647995399902e+03 1.625193953474843511e+03 6.499184870966823269e+01 1.469545623913053021e+02 6.722591262710913895e+01 1.307312261109188114e+02 9.019589474435639431e+02 9.728267678483073055e+00 4.182510736040620714e+01 2.198591945653948301e+02 3.749693423348977035e+02 3.760042561231986724e+02 7.755955082512856791e+01 2.672389289904118073e+02 2.690652297864270395e+02 8.248721431369134507e+02 2.968397038324633996e+01 5.138283782401681066e+01 0.000000000000000000e+00 8.067047751631770325e+02 7.292216986642035863e+02 2.992317105946378888e+02 6.203246318459551958e+02 6.547623883394791164e+02 2.352178353150840735e+02 1.347985201107445441e+01 1.757026103997281439e+02 1.459711083260537237e+02 2.094357324065551751e+01 5.834300419953562766e+01
0.000000000000000000e+00 1.419062761686286755e+01 7.574595538677610929e-01 0.000000000000000000e+00 1.835745979725770667e+02 0.000000000000000000e+00 7.804361043865227430e+02 3.139815343190419412e+02 1.569906250010310771e+02 2.204941247670487030e+02 2.724943519408206498e+02 9.805044351661855444e+02 9.147284010402224794e+02 2.460335368591215968e+02 6.107853420884331399e+02 1.324696813519451553e+02 0.000000000000000000e+00 1.428473634355099193e+03 1.274973819481720909e+02 2.276702714962922869e+02 6.450629395549715355e+02 1.788792512494253728e+01 2.617345262137519057e+02 2.531845164643963031e+01 3.123506373882037792e+02 7.169368727960966226e+02 3.975138503951162749e-01 2.594988606497272698e+01 1.751105498523241408e+02 9.738770569836680124e+02 6.567006766655217689e+02 2.238741491084133202e+02 0.000000000000000000e+00 1.358213026213070407e+03 0.000000000000000000e+00 1.755945463156632513e+02 1.304778369750005140e+03
0.000000000000000000e+00 1.695319120480840411e+03 2.832167397977011092e+01 1.431081760661715805e+02 7.580226397868543700e+02 8.880737862429762680e-03 5.287682988352586335e+02 6.214575119782375623e+01 2.194202532336759646e+02 4.872467261156489537e-01 9.334935516096021502e+02 4.828023764492479775e-02 7.123346466508232879e+02 3.985271180246013500e+01 2.002071680700611580e+02 6.729484812821326725e-04 1.236343672914472691e+01 6.629817282744705835e+02 4.550234312343823717e+02 3.470284409416780704e+02 2.268802533797119452e+02 6.401745824905262907e+02 8.184730329613709898e+01 4.132196320772189893e+02 3.880893444383460746e+02 1.128763818896499060e+02 7.683313227889954078e+00 3.723396814954505771e+02 7.186022824583168358e+02 3.938349315508556856e+02 4.761724122360417937e+02 3.850233088439321136e+02 4.704627041581429125e+01 7.551775540772263184e+02 6.221434443516013744e+02 7.933846168961163903e-01 9.451790871523716078e+02
0.000000000000000000e+00 0.000000000000000000e+00 3.115852043437158159e+02 6.016202822665663064e+01 2.166131475070123713e+01 7.184490167885307983e+02 4.566183237590717567e+02 7.886167048184903328e-01 2.256563948946603304e+01 2.852499062213454977e+02 3.780460139064991409e+01 1.003166266560684335e+03 1.237578000154886240e+03 4.090704117382639993e+01 1.280480446838902253e+01 5.410983032993707411e+02 0.000000000000000000e+00 7.249875899909393411e+02 8.699407188658933592e+02 5.859730666174467615e+02 4.220975369653407938e+01 3.299552129287964135e+02 5.264212619817727301e+01 1.246028640333225439e+03 5.060336626745800537e+00 7.594375867564646221e+00 1.283733134638292995e+03 9.603469654724893445e+00 7.295982428046312407e+02 1.272974975671857152e+02 1.210474919995682086e+01 8.965279234705832323e+02 9.050516201882282985e+02 2.684175235723467612e+00 1.323608136569455837e+03 1.280876565906643805e+02 2.054069259477477516e+01
0.000000000000000000e+00 1.172747934519395130e+03 9.481616921410297891e+02 2.749576826746278471e+02 1.694668075559946629e+01 7.780169655848775179e+00 2.317635568475936054e+02 0.000000000000000000e+00 3.875081709850080074e+02 3.873047286930242450e+01 2.777005953445192290e+02 3.738105327638815645e+00 0.000000000000000000e+00 5.468381705407892923e+00 1.114002962047168666e+01 5.560277069235753089e+01 4.516839292773228749e+02 4.241759915571496720e+01 2.175451686694489517e+00 1.402312736540013702e+03 2.425539143170429384e+02 3.978391274266588198e+02 5.978453904660140097e+02 0.000000000000000000e+00 5.367231379053623641e+02 4.554543822245546494e+02 2.062539751551545066e+02 1.757067733234556954e+03 9.823375516165147019e+02 6.126960900203136617e+01 7.181418148123550509e+02 4.042949172747427724e+02 8.249231717277893949e+02 2.601862540325840882e+02 7.343579397266776141e+02 1.134420228376410023e+03 6.272428447883637546e+02
