output/example/lateral_incision_000005.asc
nrows	75
cellsize	13.33333333
xllcorner	0
ncols	75
yllcorner	0
NODATA_value	-9999
[rows 0 to 16 of 75, columns 37 to 73 of 75]
7.502961367587193805e-04 0.000000000000000000e+00 4.020924072664800331e-04 0.000000000000000000e+00 0.000000000000000000e+00 0.000000000000000000e+00 0.000000000000000000e+00 5.525900172972106512e-03 0.000000000000000000e+00 0.000000000000000000e+00 0.000000000000000000e+00 0.000000000000000000e+00 0.000000000000000000e+00 9.255328140683416146e-05 0.000000000000000000e+00 0.000000000000000000e+00 0.000000000000000000e+00 0.000000000000000000e+00 7.865564418201793757e-06 0.000000000000000000e+00 0.000000000000000000e+00 5.962587443119788304e+02 1.858524977304443127e+01 0.000000000000000000e+00 7.468834330161396906e+01 4.362135133764398631e+01 7.922845993944669374e+01 4.971400586072146629e-06 0.000000000000000000e+00 5.267006942434419869e+01 3.111803438307622627e-01 4.724478034368194868e-05 0.000000000000000000e+00 1.171760928489934850e+00 0.000000000000000000e+00 0.000000000000000000e+00 0.000000000000000000e+00
0.000000000000000000e+00 4.235891705559774218e-04 1.091569533275524926e-05 5.378437562668199947e-05 1.542961921479014542e+01 0.000000000000000000e+00 1.641434311164410360e+02 4.284486942143588095e+01 0.000000000000000000e+00 4.743027464626772875e-05 0.000000000000000000e+00 0.000000000000000000e+00 0.000000000000000000e+00 1.896901962634336926e-03 2.136598153328593620e-05 5.418507760827921516e+01 9.280100268443725042e+01 1.519853833270303085e+03 9.439697619359742475e+02 1.522459283888340767e-07 0.000000000000000000e+00 3.412877228567816701e+02 0.000000000000000000e+00 2.246513415038276378e+02 7.619945749210282315e+01 0.000000000000000000e+00 0.000000000000000000e+00 9.705886978976743009e-06 3.174979991003321089e+01 3.595333971346759938e+01 6.372955493148987349e-01 4.368255235648268098e+01 4.119847936681215295e+00 6.947543909288482755e-01 2.129245501359255144e+01 4.035403967003057346e+01 0.000000000000000000e+00
4.539352999426706781e+00 4.279347361940367733e+01 4.246437160682634726e+01 6.234565138117840633e+01 1.206654665184993718e+02 2.087178966964320921e+02 9.773841274630338205e+01 3.335583092764195451e-05 4.416945611457835241e+01 2.467616041414593439e-05 2.229857371188352033e+01 3.668867629766572366e-06 1.237793926723172007e+02 0.000000000000000000e+00 1.141560509967974667e+03 6.538456521196524136e+02 3.067250705318373960e+00 7.442836588840394541e+01 2.986386421562382765e+00 5.127361746759939933e+02 1.667910726665667198e+03 0.000000000000000000e+00 5.490754800203641253e+02 0.000000000000000000e+00 2.023727899449413314e+02 1.315119043138927566e+02 6.785501439151391878e+01 1.361967408246867706e+02 6.182032675024535706e+01 0.000000000000000000e+00 8.297718706115064435e+01 5.932681213437864898e+01 5.355005987473295193e+01 4.382472974087235684e+01 6.928398323133106373e+01 9.771019645077223004e+01 4.122636315368045246e+01
2.359478570916720486e+01 1.122420717702473780e+02 2.633304755531083288e+02 4.503454801473879415e-02 5.970588603907543757e+02 1.256456541699750034e+02 0.000000000000000000e+00 9.531882638266301910e+01 1.207722270032322314e+02 4.133442381440878632e-07 3.979907286430084813e-09 8.163119292045647057e+01 1.917900897202665647e+02 1.640496894325636731e+03 2.782782111731838676e-02 0.000000000000000000e+00 6.228149031077041400e+02 2.019418913913386291e+02 1.378328755081247891e+03 2.775726429799434847e+00 1.531024121668706016e-06 0.000000000000000000e+00 1.780412715233823917e+02 4.759505034275234721e+02 1.727405339308553209e+02 1.822971091172567810e+02 4.172758710265949844e+02 2.755317629610840413e+02 0.000000000000000000e+00 5.519589059649540985e+01 1.740194793893445251e+02 6.174434014867386367e+01 1.874352785252344589e+01 3.150345113773942103e+02 6.760497441094692306e+01 2.232515248868617448e+02 4.322212957580748852e-06
4.987442388805327482e+02 1.939894089815594214e+02 2.620638369897777693e+02 2.001809151690992294e+01 2.459287805594262863e+02 1.523096787125948386e-05 1.252847640950477057e+02 3.147642988155356127e-03 1.140801594508557135e-07 0.000000000000000000e+00 1.939503358795725490e-07 8.491378599686098596e+02 0.000000000000000000e+00 1.358429551913279170e+02 1.294700253417683200e+02 7.882903335486834067e+02 8.845085305696899241e+02 0.000000000000000000e+00 1.482652927640032559e+01 4.740088739497248298e+02 8.261177163036312550e+02 1.011208196064601736e+02 0.000000000000000000e+00 9.157410798441021882e+01 2.123003759748924040e+02 1.667653546073040260e+01 2.801063043089289994e+00 2.439870248356120097e+00 9.788449671221290771e+01 1.291814742137457017e+02 1.807997013863786639e+00 1.910756227908644522e+00 6.132213613175442788e+02 0.000000000000000000e+00 0.000000000000000000e+00 5.424980628926851978e+01 7.569408732902545012e+00
6.778785345322137168e+00 0.000000000000000000e+00 0.000000000000000000e+00 1.204121580271626790e+01 1.655053442175907463e+01 1.546366814059702222e+02 9.626457942418333632e-04 0.000000000000000000e+00 2.244882368691857266e+01 5.546693532206597155e+01 1.003963224734635219e+03 6.589826094729058870e-05 8.897904553603780187e+02 2.863383155700452107e+02 0.000000000000000000e+00 2.323285997692503813e+01 0.000000000000000000e+00 1.263080807146981783e+02 2.019872279099942034e+02 5.192137952745721208e+01 1.606634821249417998e-05 5.252092016858603829e-01 5.979007046368840150e+01 3.690589729556357779e-01 4.721931776611107523e+01 4.963330216814765805e+01 3.714875754643949790e+02 2.107462926325449075e+02 0.000000000000000000e+00 2.494399994105386043e+00 1.388901402146616032e-03 2.420379038611527278e+01 3.229100365585771328e+02 7.983001824755859843e+00 7.710050517559150762e+01 6.311011698379831003e+00 0.000000000000000000e+00
6.805854395947758348e+02 0.000000000000000000e+00 3.153853580383482722e+02 8.833783520953555808e+02 1.543000224861346581e+00 0.000000000000000000e+00 1.080460195658702408e-05 0.000000000000000000e+00 2.221587511970001572e+02 5.772536401939204476e-01 0.000000000000000000e+00 0.000000000000000000e+00 0.000000000000000000e+00 6.774667582065357010e+02 4.076196526687699020e+02 0.000000000000000000e+00 4.972463643311742203e+02 2.750594594810562654e+01 0.000000000000000000e+00 1.109131325012468210e+02 0.000000000000000000e+00 2.876240956638298929e+00 0.000000000000000000e+00 1.132619977761954555e+00 2.141887724023340284e-03 1.785350170187392038e+01 5.618627113832689313e-01 1.544459607966837211e+01 3.055110593105530015e+00 3.619879875779796963e-05 3.069752455977940286e+01 3.458069682891882479e+01 5.924107320263486187e+00 9.003353828434634352e+02 0.000000000000000000e+00 1.885077812020097637e-08 0.000000000000000000e+00
8.669889179637962116e+02 6.000284620971406184e+02 0.000000000000000000e+00 0.000000000000000000e+00 3.495374995378382437e+02 8.418759152979433793e+02 1.095638266430994918e+03 1.028269693814150742e+03 3.384036292262275225e+01 2.151942312037249394e+02 6.805937762887394911e+02 2.217387419296049984e+02 2.245996373369654187e+00 8.626393998010266841e+02 4.780649061998013138e+01 7.359236670498549984e+02 1.537986719903173949e+01 4.546149432502838295e+02 3.142859207260357834e+02 0.000000000000000000e+00 3.318376324301942049e+01 8.168307299102137294e-05 1.221963207651291228e+01 8.898787359739136760e-02 3.038960769621010423e-03 5.754830390371608928e+01 8.446278857476310865e-04 5.482901189285998811e+01 1.213945515249506113e-04 0.000000000000000000e+00 4.895416873632443711e+00 1.641229809504008699e+03 4.576441204863434109e+01 9.447573411396255096e+02 1.672504106024380428e-05 6.488220329691301913e+00 0.000000000000000000e+00
2.288635439102715807e+01 1.033701570442710160e+00 1.220834113198899757e+02 8.475647422217856501e+02 1.128128526910306684e-01 1.959755216320798965e+00 1.294087330168830476e+03 0.000000000000000000e+00 2.249214054210778215e+02 1.627798417701664221e+03 7.167370908927799178e+01 4.750113275808297431e+02 1.320944198344800043e+03 4.531590806523465020e-01 3.984936301339818669e+02 6.516044205874702584e+02 4.180903395702998750e+02 0.000000000000000000e+00 3.692850057433837492e+02 2.131526930179104085e+01 3.938999905608771002e+00 1.013923838566554991e+01 1.027480128137075177e-01 0.000000000000000000e+00 0.000000000000000000e+00 1.158989237298157633e+02 5.679019575730707814e+00 5.410079469468949043e+01 3.854517178043122438e+00 7.974584134811154429e-05 6.651830238689885846e+02 4.223189412402620633e+02 2.714758425735895209e+00 8.811767866053067166e+01 4.975614586874526734e-05 9.720685183001333485e+01 0.000000000000000000e+00
2.088562039154147953e+02 0.000000000000000000e+00 3.087329827221326539e+00 0.000000000000000000e+00 1.473983252285463323e+03 9.135439331515367485e+02 9.987957879274411255e+00 5.586756828966899775e+02 9.851411072855827342e+02 3.990939313935738824e+02 4.340930069409664327e+01 0.000000000000000000e+00 9.851859884716840270e+02 3.232507775409283113e+01 2.507589519262216697e+02 0.000000000000000000e+00 4.280052218685563048e+02 1.168732465904547407e-01 5.562581210337295943e+02 3.519251491058130341e+02 2.285611389913304314e-01 4.577651238970230629e+00 5.053006711425221953e-01 4.762488528521294029e+01 1.015285567661261155e+02 3.932650745435873318e+02 6.839885447115636907e+01 4.135849823269304437e+01 2.608545975985515142e+01 6.820540144563167360e+02 5.562711066398010189e+02 0.000000000000000000e+00 3.700170569858541398e+02 2.154023096752101907e+01 3.694583847099882519e+02 1.646632729905758552e+01 2.470256337213936888e+02
6.496929736635107133e+01 4.836561338960349232e+00 1.050521678400044643e-04 1.604310797886888524e-06 0.000000000000000000e+00 1.110061505509849212e+03 1.759889311235757248e+01 4.327537292234582651e+02 7.627858183038982573e-04 4.191324761134502808e+01 7.391163711593415857e-06 6.552168085385753080e-06 7.999380824032526505e+01 1.952434443545434606e+00 1.169901294504944076e+02 0.000000000000000000e+00 4.053954881338312667e-07 2.411828317414945957e+02 2.280519041327271883e-06 9.770696027269153205e+00 0.000000000000000000e+00 0.000000000000000000e+00 1.303032982889202884e+01 2.626975905513266429e+00 3.350648609222918139e+01 3.126755747892003967e+01 1.540687140447832171e+00 2.553258429045849596e+02 3.097214964435553952e+02 5.815846920524186316e+02 0.000000000000000000e+00 4.458442972239035953e+02 1.291027120065358758e+03 1.848118508573278618e-06 2.641411742613975662e+02 1.092949386970085257e+00 7.122080990757324059e+01
2.628687012714090656e+02 2.837292940749046033e-01 0.000000000000000000e+00 0.000000000000000000e+00 1.397097018137722685e-05 2.726895908834052246e-06 7.986897369608779440e-02 0.000000000000000000e+00 9.993857042664134032e-04 3.706197550375188318e-05 0.000000000000000000e+00 0.000000000000000000e+00 2.579582941004981755e+00 1.522880532364618666e+01 0.000000000000000000e+00 0.000000000000000000e+00 2.830416435639601147e+01 4.302376217368551892e+01 6.981954162015745169e+01 1.110691331204964740e+02 7.121476357704237614e+01 2.517608979538272607e+01 1.622797856504320180e+01 2.007512296853274236e+01 4.521458745872093488e+01 2.850918561426501014e+02 2.843530017848323723e+02 1.370031780817511757e+00 3.754918662551426678e+02 0.000000000000000000e+00 5.155410514974340686e+02 1.465125679184187447e+03 2.514321336262085822e+02 0.000000000000000000e+00 0.000000000000000000e+00 1.925869528617709250e+02 2.760766586028401193e+01
3.363170425178205747e-01 7.660596273169983743e-05 1.206995619719523080e-04 2.003480455487989585e-04 2.023005855529292282e-05 4.983776017939754943e-05 5.852744324975675538e-02 2.971904475048307371e-04 6.421606793889085626e-06 0.000000000000000000e+00 1.398715497963329142e+02 1.870243755998038271e+00 1.224640711044539204e-04 0.000000000000000000e+00 8.441894371517951745e-01 7.831602980172252398e-04 1.090757288036689410e+01 1.399850754226895511e+01 5.029319278649374070e+01 2.409867245053465626e-02 4.512927125680718632e+00 9.227615912729300263e+00 1.800107731245556841e-01 6.968272034463891984e+00 8.608372088477223016e-02 2.056825176058802059e-03 4.197011861261667476e-01 2.415349650457611688e+02 8.446619230296744177e-05 8.627662020614824314e+02 2.887241128834506299e+02 3.268501001920105296e+02 8.245838745451960160e-05 2.504538097338310365e+02 0.000000000000000000e+00 9.167118718069909278e+01 5.612450303792076056e+01
1.679744324939028209e-04 0.000000000000000000e+00 6.602127518346834862e-05 2.236280488263703498e-04 1.491338506733056457e+00 1.858475897126043284e-05 6.244631887057328079e-02 4.653310171365783390e+02 1.116171143711301816e+01 2.334149491134135701e+02 7.941916956757007995e+01 0.000000000000000000e+00 9.953398056968714158e+00 2.502665076346167073e-03 6.715809680220544056e-04 1.929786653950959219e-01 0.000000000000000000e+00 1.326463419054878301e+00 2.059337675912149379e+01 3.915189175707119063e+01 9.035796194090262645e+01 1.486355119076715603e+01 2.809377934380389519e+01 9.973294946071852018e-02 2.180686969498754624e-02 5.478673237393778539e-01 6.383735000792192693e+00 1.279846588554448317e+03 7.411029252603296982e+02 0.000000000000000000e+00 5.165544387003803877e+02 0.000000000000000000e+00 3.245366170598249482e+02 2.152643437500312587e+02 8.832032635807109955e+01 0.000000000000000000e+00 4.139122570185784866e+01
0.000000000000000000e+00 2.565383039585252019e-05 0.000000000000000000e+00 1.791711541051062895e+01 3.677881378597344913e-03 1.304351674924470501e+02 7.656065591618430517e+02 3.098223814055178309e+02 5.984368448933009149e-02 3.628779027435206785e+02 1.939900630496601967e-04 1.239631398213195439e+02 1.814710442754894834e-02 9.696814657575071605e-02 4.153968599416960927e+01 2.977445204336564011e+00 2.253896575162363192e+01 2.152513324261674654e+01 0.000000000000000000e+00 3.439872410944186498e+01 2.316102779691538416e+01 3.834784431987946363e+01 9.591978853468171451e+01 9.276073076185276989e+00 4.383428905052055846e-01 1.918390529072584894e+00 1.505231046706181387e-02 6.369369455806885583e+01 1.456762319771021339e+03 1.442209248774646312e+03 3.838159367025789415e+00 8.621916026550040897e+02 4.088390509648580746e+02 3.988459437720640873e-05 1.541438487437968377e+02 4.495965138769448544e+01 0.000000000000000000e+00
0.000000000000000000e+00 3.924647629586465314e+01 5.298107107595234052e-05 5.286091941989773346e+01 9.998852269243964486e+01 5.447991878861298091e-03 4.799515409304059972e+02 1.645361702841862950e-01 4.574573489644155302e+02 4.652031493871191969e+02 2.120231972822254534e+02 4.701157757510866020e+01 1.546888605191721311e+01 0.000000000000000000e+00 1.219477804170868041e+02 4.661375203059461847e-01 1.219374156953489745e+02 3.287734352027407425e+01 1.409276524977969736e+00 6.934461506408281650e+01 2.227951288812478126e+01 8.928647430925762762e+01 1.470564330376232363e+02 4.322454115166634914e+00 3.340542548845087191e-05 0.000000000000000000e+00 9.540719668515842500e+01 2.120542982690860542e-02 2.085983958645269922e+02 2.126750921583048637e+02 5.307062843965206778e-01 1.027412276838740866e+02 2.488976968393998401e+00 2.337124895263959274e+02 3.582334449480809440e+02 1.304957741781690795e-03 0.000000000000000000e+00
2.220632613255741887e+02 1.849854942782884698e-05 2.235384854580379681e+02 0.000000000000000000e+00 4.833761251135778592e-01 2.010909536697066073e+02 0.000000000000000000e+00 5.058250408457122376e+02 8.962297492164942696e+02 4.728435498074645693e+01 1.776492210954894570e-04 7.740189409015473032e+00 3.709881661490347371e-01 1.959981463666837526e-03 1.531941199626994603e+02 1.415400301215763257e+01 8.249588528966958734e+01 1.548655702666848732e+01 2.847859389043579714e+00 1.012849911254378128e+02 4.666731107340037283e+02 8.183294767998700081e+01 2.025538415514122903e+02 6.459731312777634571e+00 0.000000000000000000e+00 1.075648104678360237e-05 3.230110528496235034e+00 5.181300639334582456e+02 1.483491243623025866e+03 3.356258410765275357e+01 1.568447628666947594e+03 2.403921184207302417e+02 6.058299137100859753e+02 0.000000000000000000e+00 1.887642976817182614e+02 2.180858677612330894e+02 0.000000000000000000e+00
