output/example/lateral_incision_000387.asc
nrows	75
cellsize	13.33333333
xllcorner	0
ncols	75
yllcorner	0
NODATA_value	-9999
[rows 51 to 67 of 75, columns 37 to 73 of 75]
4.489289986161162460e+02 5.458883654589819798e+02 9.130537470755193681e+02 0.000000000000000000e+00 0.000000000000000000e+00 5.509489498370091951e+02 3.430932163475804320e+00 6.695806867090829950e-01 3.549100000283258893e+00 1.195188097573536057e+00 0.000000000000000000e+00 0.000000000000000000e+00 5.062652757248023327e+00 1.510776285485508765e+02 1.249469844197866678e+03 2.280267913693376727e+02 9.432152997174089251e+02 2.214374338408920835e+02 1.288826310007049415e+03 1.569637261887513944e+02 1.334094353587961905e+03 5.587845791471661716e-01 6.049076173312649018e+00 5.667859209335491641e+02 9.505492989688270882e+02 5.884377632067225932e+02 1.450730425634155836e+02 0.000000000000000000e+00 0.000000000000000000e+00 3.214117645298907746e+02 9.639026125328510943e+02 6.578817258081056707e+01 3.606389715941847385e+02 2.463572886508123361e+02 9.959052565900014997e+02 2.083989848479047280e-01 9.752385567237849955e+02
2.952290466403987921e+02 5.665928955627598498e+02 1.023183305581702825e+03 4.826830704639588703e+02 1.345215746286346459e+01 1.481604197180594156e+03 1.065817219161452158e+03 4.612615494593085828e+02 1.246506822140559279e+03 8.298388493618123221e+02 0.000000000000000000e+00 0.000000000000000000e+00 9.043955379884317836e+02 1.753895494766042020e+02 0.000000000000000000e+00 7.003770064415637080e+02 6.872901660375919164e+01 1.708645527373367656e+02 2.054993449877811962e+00 4.895185861844446435e+02 2.448390783919367095e+02 7.456820314186036285e+02 2.300775867032427584e+02 1.982096578399385933e+01 1.517972900408202577e+02 4.728806605677392554e+02 0.000000000000000000e+00 4.516874649839558629e+02 5.507342096149092185e+02 3.517095512538566737e+01 3.707682420048682275e+02 7.289195602837031629e+01 1.448434184874056108e+01 6.006922118622400149e+02 2.208402643397034808e+02 1.676463756497568511e+03 7.445689741743683498e+02
7.156714141601112260e+02 6.858652146547809499e-05 4.950304414692308086e+00 1.698547012939456863e+03 1.172789443546926869e+01 5.683186372429581752e+02 2.095939142465005034e+02 7.332722122672995511e+02 2.416242290558331547e+02 5.627799165969169053e+02 3.450865408674605987e+02 6.571995478172547145e+00 1.100463196380410636e+03 8.927495490958796154e+02 0.000000000000000000e+00 3.604086724000824665e-02 1.934660135135155201e+02 5.636081569804910485e-01 6.320585825887466171e+02 0.000000000000000000e+00 1.833813273207391035e+02 2.500048113171290165e+00 4.021552702652425069e+02 5.060544259798485882e+02 0.000000000000000000e+00 3.682409446151517355e-05 5.148782522459960092e+02 6.436655356339558693e+02 1.265886663977574100e+00 0.000000000000000000e+00 8.311699400290775941e+01 1.622887235691832075e+03 0.000000000000000000e+00 0.000000000000000000e+00 4.265086603093340756e+01 8.828665803062257567e+01 8.151821029730049304e+02
3.626239120078146860e-01 7.938189096663774080e+02 4.306162168487973645e+02 5.282909443454612983e+02 1.941355889405170032e+01 7.608563665122015891e+02 5.878801582809445136e+01 0.000000000000000000e+00 2.335719730115761479e+02 1.964633287186630772e+00 8.680167250164683992e+02 5.965279908221762071e+02 6.412224646487661062e+01 8.700718526363655201e+02 9.345377566530147533e+02 0.000000000000000000e+00 5.033713286689221036e+02 1.224311987129425461e+00 1.276676887929140491e+02 5.474608239061766426e+02 2.389441508043961804e+01 7.839845178234381819e+02 1.416148931331913445e+03 1.079851205390591105e+02 0.000000000000000000e+00 1.621644788280444118e+03 7.208796980046314502e+02 3.777128429497282127e+02 5.397954297697013999e+02 5.833239916254579072e+01 1.113348841808303405e+03 1.548960154302423462e+03 1.334683940998752689e+02 9.468749561925153557e+01 1.050714462884593786e+03 2.594194972945156792e+02 0.000000000000000000e+00
2.419155692340095243e+02 6.797507067683511650e+01 7.378819578899849319e+01 1.265386616072142033e+03 1.312731075449195650e+01 1.639680512447257570e+02 1.759095771114588952e-02 8.148540396911024573e+02 3.100490533481911726e+01 0.000000000000000000e+00 7.468445802365667987e+02 1.252833759467921082e+00 5.075356731967733026e+02 1.131731882457332574e+02 4.381774833484367946e+02 5.274635267369889107e+02 5.175616859252056834e-01 2.077353148287119495e+02 1.484203054502296197e+02 1.450092793077840838e+02 2.341118260109899651e+01 2.444026384358078303e+02 0.000000000000000000e+00 6.639027442571469919e+02 8.800401123915298740e+02 7.734852119919416680e+01 3.487527912481764929e+02 1.113111524200830900e+03 0.000000000000000000e+00 1.009183890306254398e+03 7.263701421427172136e+02 1.818635387363773059e+00 1.374047524360272234e+02 6.739092866656386605e+02 0.000000000000000000e+00 6.859925285802764847e+02 3.772177614417965685e+01
9.782405881032181014e+02 2.759624429724620298e-01 8.185134792928657532e+01 1.293395842535553797e+01 4.788000621262556677e+01 5.127264063390667843e+02 1.349273763618144358e+03 9.102637338401382294e+02 0.000000000000000000e+00 6.067499635712615600e+02 1.991224233749371020e-01 6.328042080875910642e+02 1.495782672023366786e+03 1.324753530456868589e+02 1.416470386971005269e+02 4.685596789897492727e+02 9.752836671754495228e+02 6.693161497526511994e+02 3.491309771764044445e+00 2.765275514854015455e+02 5.976310263171579891e+02 5.847665771192729522e+01 2.582032554950176859e+02 1.484981974808450332e+03 5.101607451016058690e+02 0.000000000000000000e+00 2.116266918823679621e-01 2.819009538983140715e+02 3.279404622456573861e+02 6.403479847089503210e+02 4.519752819383203446e-02 7.451766514947139513e+02 1.311956178018192531e+02 9.508261285014250461e+02 0.000000000000000000e+00 5.545529445169031533e+02 6.261179337342886697e+01
4.425880530568332460e+02 4.793579893358941035e+01 1.103663664945001528e+03 6.848137576219817220e+02 7.145667895457676444e+00 1.666906308313781722e+02 1.439402206240599753e+02 2.751836996096304802e+02 2.565208684805652979e+02 5.396592192700028079e+01 4.536779738187315161e+02 9.892962057509729448e+02 3.530794620181185905e+02 5.036247366318158356e+02 1.002248787510518127e+03 7.478424186036490617e+00 8.949104973817534301e+02 6.441683762257716808e+02 6.368724151981435853e+02 2.145130097296909071e+02 1.281415180643115718e+03 4.065437889112088143e+00 6.984384923350875169e+02 0.000000000000000000e+00 4.569454170306824494e+02 4.967789214021880753e+02 3.184965659450900262e+02 1.784903075193478017e+01 7.268339678689341099e+02 1.351563753956197331e+02 4.374283421214999521e+02 1.997172742356804633e+02 1.847818014391007750e+02 4.755760412957573635e+01 5.584005388053703882e+02 1.549918639703161034e+02 0.000000000000000000e+00
0.000000000000000000e+00 6.670229689823446506e+01 3.252021011497385317e+00 4.714762683479345355e+02 3.864205674310693439e+01 1.164960493482839183e+03 1.354696978061495827e+02 1.006746710913478324e+02 4.181972838615731121e+02 0.000000000000000000e+00 4.493419644972869946e+02 6.015281762107829309e+02 0.000000000000000000e+00 1.332832965949308118e+03 1.244103667816371512e+02 1.163469065285329118e-01 5.091311919332357547e+02 9.122355606653705706e+01 9.427491385599746536e+02 1.356733209777638649e+03 5.057229786524606752e+00 3.416534823680926252e+02 1.301277911384573372e+03 0.000000000000000000e+00 1.042417517570511563e+03 1.296755372925018492e+03 1.422187472621227045e+01 3.325299569438941560e+00 4.514432403262919280e+01 0.000000000000000000e+00 2.561399676077978143e+02 7.714147932292231644e+02 6.180635870452781546e+02 2.576720795628637575e+02 1.255147127765426831e+03 0.000000000000000000e+00 3.151844391032588177e+01
1.574052840782283056e+02 9.295608191726325913e+02 1.360436625370180991e+03 1.253835421351115883e+03 2.151721606109269658e+00 1.299922315685539616e+03 4.024812801362220398e+02 9.512288751090332539e+01 3.075545101768242375e+02 6.025246034353132529e+01 1.055647872658241340e+03 1.222979720764911235e+03 1.911207701649643411e+02 1.115782460703467365e+02 5.806559414019350243e+02 7.297484339634557955e+02 1.825872152147663385e+01 0.000000000000000000e+00 2.342697474100085060e+02 2.149612542745655333e+02 0.000000000000000000e+00 6.157345076298404365e+02 7.037335323836283862e+01 1.303967440981689606e+03 8.071872046670863483e+02 2.045670389170277872e+02 9.316918104593511316e+02 1.833359597680086495e+02 5.688158282133240391e+02 7.976637948339403010e+02 6.881428060291436277e-02 1.917278094081672180e+01 8.660214438124630760e+02 1.054346017797705599e+03 1.684782752119712768e+03 1.830405289188585414e+02 9.330400794420553723e+01
2.401870835046707100e+02 1.366285142573246389e+02 4.559963085346616367e+02 1.206180059910585896e+03 2.105140232591277361e+00 3.140812387257993237e+02 6.693060996941126177e+02 1.940075148534648575e+00 1.368078709659603419e+03 3.075141971432278751e+02 1.120760413730120746e+02 1.144084001296748312e+02 3.204875316072544251e+02 9.151907368390595821e+02 1.212827145453016328e+03 1.223261197270362572e+03 2.572542313665615765e+01 0.000000000000000000e+00 9.342579231586969399e+02 5.410702566987323081e+01 0.000000000000000000e+00 9.676943130254777259e+01 1.130842927625664970e+03 9.979222949173964707e+02 4.499809567382671105e+01 0.000000000000000000e+00 7.627254240268752028e+02 7.754644061690495960e+01 2.481972273507014037e+01 4.109702394808350050e+02 1.372575619151495175e+03 7.544944079038194786e+02 4.539848610668077100e+00 1.038650673337341290e+00 2.170128089782958014e+01 1.145989254413491608e+03 1.391280357887754917e+03
3.685708188175605073e+02 3.311935312109698657e+02 6.123183555694001825e+02 6.466402905324465564e+02 0.000000000000000000e+00 0.000000000000000000e+00 2.647644106451787938e+00 1.518481859643752685e+01 4.437207042692542700e+02 5.540079646476148127e+02 0.000000000000000000e+00 6.711717377442549832e+02 5.970654616358347084e+02 1.492825434641868831e+01 4.018573167700798621e+01 0.000000000000000000e+00 6.237677203888802069e+02 7.739558804653837569e+02 3.251165774838154903e+02 7.009084141609254459e+01 1.279610768513053245e+03 1.396952244914720268e+03 1.095674293112124360e+03 1.063365242546467186e+02 6.876081464254062894e+02 8.242182072537997328e+02 4.242614519568863152e+00 2.769898933983293787e+00 2.590159213501356916e+01 4.130558074583194639e+02 2.903396283865629925e+02 2.608232395535703319e+01 1.797841353077512849e+02 3.803012094312779254e+02 3.489546850537465730e+02 7.245507082996043664e+02 8.726395500100541369e+01
2.261121423331472968e+01 4.699326384538817933e+02 9.031853266995897229e+02 2.869683777779171580e-02 0.000000000000000000e+00 6.053243158004212310e-01 6.217221005515490333e+02 9.480659093249344096e+02 5.995749524487529243e+02 4.229638584734469759e+02 3.268923546015489023e+02 8.965582109951435541e+01 2.911890274370986731e+02 0.000000000000000000e+00 3.937637184723004111e+02 5.399192042031952496e+02 5.524018810011027654e+02 7.843515044752502945e+02 5.858167905332804537e+01 1.066997067127537093e+03 6.480430137481124575e+02 9.648149788653818177e+02 1.373122425767597576e+02 7.007105864254012886e+02 1.366358435825283095e+03 6.447513528127936411e+01 2.962160362337038464e+02 1.744614863383834518e+02 1.278288337564450558e+03 1.008846102877521957e+03 3.082269377421615673e+02 7.252443327426730590e+00 1.321262022032542291e+03 1.885119197164138996e+02 1.378332429587054094e+03 7.574677302519439763e+02 0.000000000000000000e+00
5.675023921488391352e+02 1.619287512528030447e+03 6.144551986721761949e+00 2.939794184511372919e+02 1.278859250461417787e+03 1.649761004341353555e+03 3.086095130998542935e+00 1.502156678114550914e+03 9.417854896098073141e+02 8.424715156571067620e-01 6.048124083021083379e+02 4.538767285682700958e+02 5.092692017605155002e+02 7.277027627475756617e+02 5.403534839302741375e+02 5.318501486134287006e+02 1.207660241024424721e+02 7.512638520582991077e+02 0.000000000000000000e+00 1.790315098984552833e+02 1.523632327449078332e+02 6.000443246348968529e+01 7.330213273601111723e+02 1.018233437457039031e+03 0.000000000000000000e+00 1.663287063337890856e+02 2.425037778212335127e+02 9.501357601767404049e+01 1.673903924952329589e+03 8.038365287101078138e+02 1.448854542537132417e+01 6.462238859303450056e+01 9.586864340382874161e+02 1.069899477180038048e+03 1.304684281961828063e+00 1.043918513472112508e+01 6.454495934585569330e+02
6.380298646866157242e+02 0.000000000000000000e+00 1.547099578722392607e+03 4.699326384538817933e+02 9.907975097583968704e+01 1.013598531711978808e+03 3.453043256661721330e+02 3.802000986596068444e+00 5.709062659352260880e+02 0.000000000000000000e+00 1.080558730239248234e+03 1.577243713215934520e+02 7.387569726250997064e+02 1.094650716925523568e+02 7.715862564156501548e+02 2.990302119721004601e+02 6.777491969136837824e+00 1.101348147007748395e+02 0.000000000000000000e+00 1.124367359028465216e+03 5.590291905754542086e+02 1.798691750555506701e+02 9.010452847303514545e+02 8.183718210448274704e+02 8.274470246886671703e+02 2.052969600708781286e+02 0.000000000000000000e+00 2.545792793637070162e+01 3.274283188773741244e+02 0.000000000000000000e+00 3.543888197791561083e+02 4.580909909540710032e+02 3.083524645971369864e+02 1.044401301281967108e+03 0.000000000000000000e+00 1.102362771295143602e+03 4.648983374028042022e+02
2.178998338403637902e+01 3.146849257346060540e+02 9.976400128671683660e+02 5.451434413767422029e+02 0.000000000000000000e+00 2.401320634282695323e+02 5.499889049984697067e+02 1.379307777523400205e+02 7.585583163731941170e+01 1.427558854861732982e+02 2.265466106166879285e+02 9.549522858020338845e+00 1.254318071224788582e+03 7.337291903206433119e+01 4.298697653205130820e+01 1.980768161339602216e+02 0.000000000000000000e+00 6.532729194950472902e+02 1.058164585510880443e+03 2.745948055841180917e+02 6.885267288066356741e+02 1.784608794963928915e+02 9.160667464099941526e+01 5.098084880637640737e+01 5.835614758382472473e+02 8.248996862766401819e+02 1.256529303280636441e+03 8.188333212466611499e+00 1.713516544026339794e+00 1.097503221612521202e+03 0.000000000000000000e+00 1.161047177099412693e+03 8.812880121127925577e+02 8.778478289942220272e+02 1.009746149128405250e+03 6.029584477825628710e+02 5.760643878305667442e+01
1.595104351413703171e+03 4.710503762227697848e+02 3.129180573789619046e+01 2.944612823495739562e+01 3.997786431433236203e+02 1.423250171824310428e+03 7.192254721249166778e+02 1.827358211285177561e+02 1.245745166815464927e+03 3.632387594684788557e+00 4.738124875841177031e-01 3.480201447198594451e+02 3.498535319165169994e+02 1.582129349691827201e+03 3.522780343946833455e+02 2.456415928845457870e+02 1.712922804370781762e+02 2.979537288102345087e+02 3.119678153771985407e+01 1.498480541432896729e+01 1.109294806906008489e+03 3.427155484962469245e+02 8.694532040139117157e+01 0.000000000000000000e+00 3.073804686593307078e+00 6.752160456192159472e+02 2.726722018801314462e+01 1.305455787207660251e+03 0.000000000000000000e+00 6.954250963719307492e+02 1.059445416941453232e+03 1.898898403030784721e+01 1.377349073315476971e+03 7.616088180467470181e+01 1.317535674266954686e+02 1.106824788463982031e+03 3.420271134385974392e+02
1.505955305889774763e+03 1.688858418298848862e+00 9.150421685311471265e+02 7.652755380489854875e-02 9.732481040024985077e+02 9.205803628087744528e+02 0.000000000000000000e+00 6.313322741061641636e+02 1.922783733069984891e+01 1.610451131556724022e+03 1.671367497130751190e+02 1.110285967931127118e+02 0.000000000000000000e+00 1.304470711875985444e+03 2.310761568853536563e-01 2.727040691631179357e+02 4.787621876549243893e+01 7.775735573658626265e+01 5.297213255895454864e+01 7.202212169271996345e+02 7.760302272831427484e-01 1.167409843957986970e+00 1.261181802091751969e+01 2.182573074558511337e+02 1.493663410010152120e+03 1.344154367917958126e+01 3.233370719294944138e+02 9.766614634128579837e+02 0.000000000000000000e+00 3.045212027627382767e+01 1.415275296486676780e+03 4.851932679260149825e+02 3.327400326224184690e-01 0.000000000000000000e+00 0.000000000000000000e+00 6.763550532648730496e+02 1.862979496745369659e+02
