output/example/lateral_incision_000410.asc
nrows	75
cellsize	13.33333333
xllcorner	0
ncols	75
yllcorner	0
NODATA_value	-9999
[rows 34 to 50 of 75, columns 37 to 73 of 75]
6.533463445956908089e+00 5.788236498780050852e+02 1.896017115662629138e+01 5.543695899042729707e+02 3.224592991008910303e+02 0.000000000000000000e+00 6.292339209028418736e+02 5.966858456610983552e+01 4.720482676975410072e+02 2.448094583670130078e+02 1.336899367220979116e+02 0.000000000000000000e+00 6.169412492376115154e+01 1.217325142636383589e+03 9.711637174800336059e-01 1.112491681140043511e+03 4.051757013244943195e+00 3.284342724508863220e+00 3.658967849305534870e+00 3.375524852068077166e+02 3.107654257992549560e+02 1.500446449167755532e+02 7.122004969415382902e+02 2.104536897722606881e+01 8.599051214439066726e+00 4.155677433462063846e+02 6.445549091209053358e+02 3.981659560766593842e+01 1.116475217505280398e+03 1.117964482618305510e+03 0.000000000000000000e+00 5.727030963580740064e+01 3.328089809901871945e+02 1.478969072393579381e+03 4.547792218379162676e+01 1.582490649768532194e+03 2.485773110896889193e+02
6.925285371773372844e+01 8.264769217114670710e+02 2.368508255293319564e+02 4.020779480569073598e+02 7.180127254085823196e+00 6.780724359044020266e-01 1.337716371790333369e+03 8.512611506645150428e+00 1.675056397056751166e+03 7.566701746948579057e+02 4.582521874876552488e+02 5.095230164145518756e+02 9.825898560154115557e+01 1.214893873377842048e+01 1.485093957516234696e+03 1.009916201512048133e+03 5.665826709220424391e+02 7.867146984260713225e+02 1.200624940697808114e+02 6.939058938889410229e+02 1.779351119693929490e+02 9.399007089504322039e+02 8.620075990138591493e+00 1.685325525826233104e+02 1.031979523207565762e+03 9.244751392661206637e+02 1.476550408203981078e+03 4.347134905616232281e+00 9.008406504325572541e+02 9.814697908978052965e+02 1.308713069083552000e+03 7.718938863700411730e+02 1.153664642921929158e+02 1.047674375454042028e+01 4.534453869133816966e+02 7.883446676761816434e+02 1.249416121702756328e+02
9.705084797004197128e+00 3.350777654073648932e+02 1.413574077403841784e+03 0.000000000000000000e+00 3.082444584448454066e+02 5.851110861976500246e+02 3.837897170179611521e+02 4.740586137024031359e+02 9.779657991005259987e+01 1.520549133048951035e+03 6.330174932395016185e+02 1.329239393911318984e+03 1.086894602451531910e+03 1.796035469175302168e+01 8.654404008005271862e+02 7.697945369006980627e+02 4.316979125931649151e+02 7.110607770528232550e+02 1.311840209630295249e+02 2.019115303532123562e+02 2.256303618295591562e+00 0.000000000000000000e+00 3.882645299503175806e+01 5.755933997862060778e+02 3.088748171872187243e+01 1.312849667552180335e+03 2.837489939324112598e+01 1.369286480564592011e+03 1.143860047614020203e+01 1.332589174355744035e+02 3.837867975583051816e+00 2.646353284841101772e+00 9.110038132242136726e+02 3.400177316446116720e+02 4.896386636101733814e+01 1.602943752051141928e+03 9.024008796194901834e+02
1.825380169927615981e+01 4.334292893537845544e+02 1.574520914064343742e+03 8.289467306457153200e+02 3.062042349114399258e+02 4.735131722044040430e+02 4.599057081019522997e+01 1.011873198821258711e+03 1.260178542430501693e+03 0.000000000000000000e+00 6.554155547958170018e+02 1.448201095416729459e+03 5.428839767222586765e+00 4.102056698667338424e+02 5.448057796667926311e+01 2.546461498188503185e+02 0.000000000000000000e+00 1.324722925412437178e+02 6.480092079675374634e+02 3.145045023759864122e+01 8.367597238611811008e+02 6.176066961689379013e+02 9.359336169306798183e+02 1.262934233208372916e+03 1.595385249161837180e+02 1.181235098757988933e+00 9.471200618251613150e+02 5.028470063887767765e+02 2.544989666031493059e+01 1.468684775756890758e+03 1.366884999636914245e+03 9.443644238696680304e+01 5.354485356862047638e+02 5.932997149321881807e+02 1.654557787519918293e+02 4.851727214454953128e+02 2.774462676287116665e+02
3.235704704736209010e+02 5.575197299659964134e-01 1.704890522319950108e+01 5.956735887748541458e+00 4.249604298429991331e+02 9.710401474064550484e+02 3.226218292649443153e+00 4.532725413042642515e+01 1.294438231724327125e+03 0.000000000000000000e+00 9.329508460832217906e+02 0.000000000000000000e+00 4.410149713853460298e+02 1.762069818312998677e+03 5.517558235952275680e+01 1.674270497276923342e+00 3.897983664364046774e+01 7.397155686679900555e+02 4.804856070404549087e+02 2.131034914608888897e+01 6.087027952900035643e+01 2.768093511149817054e+00 1.393012060543157986e+03 3.160457784135899715e+02 1.143840224340339546e+03 9.864211521495101351e+02 6.887359376312945187e+02 1.005945983072435013e+01 1.380590030855197625e+01 5.178892636637972373e+02 4.484552280352799585e+02 1.223446518215525174e+02 6.203379167472820477e+00 2.864823444241607064e-01 2.779254364435234379e+02 8.392169022029439418e+01 3.894808202701749877e+01
1.691119129241903352e+02 3.048527036175972285e+02 6.106689071785075384e+02 6.965399900191096094e+02 5.523888798890871499e+01 2.753773493327238420e+00 0.000000000000000000e+00 6.630657693614438131e+02 8.823606716648474730e+02 1.425075886141192541e+03 4.915793942193750432e+00 1.655766267561751647e+03 5.747192564908236818e+02 1.103200296222160546e+02 2.305087549806948743e+02 8.457022723638189063e+02 1.229126532452447549e+02 6.451157731136337361e+02 5.954214313298463139e+02 1.485879024043346064e+01 1.205980929434840846e+03 1.349958439301782107e+02 2.728627557823710603e+01 1.024485679667130171e+03 1.076749495965817005e+03 2.802318127756535660e+02 1.129010656783616469e+03 9.701774277059488440e+02 2.439219569517926178e+00 4.204607019554089220e+02 1.417662743215440969e+03 2.106703103267092203e+00 0.000000000000000000e+00 1.283120608895609394e+02 2.169048359055533126e+02 6.596368475596170811e+01 1.862282635041153753e+02
8.951343476996430581e+02 1.612198119733474755e+02 5.652346545119036136e+02 2.363973791813716332e+02 1.390954954364513924e+03 1.119758443855201051e+02 3.677577526139311104e+00 1.291790988349192276e+03 5.320742870167086949e+02 6.785484678801090297e-01 1.374961719421282396e+03 0.000000000000000000e+00 5.470188211509379244e+02 3.706509989161505132e+02 3.979074842354307862e+01 3.066028243388578267e-01 8.091491684287933595e+02 1.212791846794150842e+03 1.597766715460995215e+02 1.376367895909354957e+03 5.349796635234121140e+02 1.166921974117120044e+03 9.114765739067793504e+01 2.110754150815404628e+01 7.775280558137040998e+00 1.058638947305534117e+01 6.652215270307826813e+02 1.133256883965303814e+03 1.156655011694497404e+01 1.885233217074876109e+02 0.000000000000000000e+00 1.056552906913386778e+03 4.474902499715287831e+02 1.325941338292479486e+03 2.599844559181672139e+02 9.384318562334711942e+02 5.197729576949959851e-01
4.316608552292202603e+02 2.104093368356289204e+02 0.000000000000000000e+00 2.548929651429123169e+02 6.943918982353061438e+02 1.197547113077514268e+03 0.000000000000000000e+00 9.509376306072215357e+01 6.985521208180862196e+00 5.287870814879696582e+02 1.698952159357368600e+03 4.947430399686122087e+02 5.636289847050517804e-02 1.556686318234706619e+02 1.399238827579623479e+00 0.000000000000000000e+00 4.673746755616066935e+02 6.217004900569601205e+02 4.932629106187581547e-01 8.501832890901408746e+02 1.798954729553026652e+02 4.687252216384945882e+02 8.579471524452264575e-01 1.259053979811444151e+03 2.884986961143750932e+02 8.842874553361360768e+02 1.107004501674306454e+02 5.231067226017073324e+01 1.207350746722697643e+01 1.145852951116046825e+03 1.630314027232564285e+03 4.853792674641443927e-01 1.985664821622469276e+02 3.442597898091344746e+02 8.296473723165609044e+02 0.000000000000000000e+00 2.558580229362620742e+02
1.500647692293871387e+02 1.436157105351392147e+02 7.816659122246369051e+00 1.662314127938106765e+02 0.000000000000000000e+00 1.978948731987140519e+01 3.934635333971542650e+02 0.000000000000000000e+00 1.592813672571656753e+03 1.443756822413199416e+03 2.361224159962482716e+01 9.425580818715304758e+02 3.550384512550048157e+02 1.957817347945810527e+00 4.423626473795101219e+02 2.840877312690506074e+02 8.651801578214447375e+01 2.951405080841379913e+02 1.451619583339263954e+03 0.000000000000000000e+00 6.633213608702250212e+02 4.744603507664782569e+02 0.000000000000000000e+00 1.593953770794842342e+02 1.873262914226924067e+02 1.658716643935559318e+02 1.093735711288573142e+01 3.971101877496224120e+02 1.042535100198179165e+01 3.520822814406327694e+01 1.073772317387572395e+00 5.862647159547597084e+02 0.000000000000000000e+00 1.580975304062850682e+03 1.078563945956996122e+03 1.536693706117185911e+02 2.540811687181700407e+01
5.071658561233845148e+02 8.253690205068310206e+02 2.297194915684766841e+02 4.832555419449965370e+02 7.673681062137807203e+02 4.417617115704213688e+02 1.231062932514787690e+03 1.937081527088184929e+00 1.236766633133154755e+03 1.841863169156590914e+02 0.000000000000000000e+00 3.480960043643174799e+02 3.214487143363429595e+02 0.000000000000000000e+00 6.354511045095456439e+02 1.865234563025058492e+02 1.016448036163004986e+03 1.374095824954562772e+02 1.314101666953424967e+02 7.077970936457003290e+02 7.321910332852768306e+02 2.950565300747094888e+00 0.000000000000000000e+00 3.135528629046918425e+00 0.000000000000000000e+00 4.977692182963988330e+02 4.831486153167124371e+02 1.699866456564002192e+03 6.004277717584255925e+01 1.325830759267196981e+03 1.329942341678570529e+03 1.555678693304861504e+01 9.348469572145900202e+02 1.785984933623988582e+03 1.893935808044884936e+02 1.224196535116718906e+03 3.931499755462871235e+02
3.395347663554563411e+01 7.299397149414336354e+02 2.985740562341326836e+02 1.516511376280150980e+00 1.154450988767249783e+03 2.958478420803364770e+02 8.228428950845139411e+01 0.000000000000000000e+00 1.828936265399916579e+02 1.073239739500313590e+03 4.801518883894148075e+02 4.551908023776973664e+02 1.817101675169665498e+02 0.000000000000000000e+00 5.363601020447421206e+02 1.106085117016901904e+03 9.442571221580927840e+02 3.500373234324477494e+02 7.505537221750070103e+02 6.055660454144327787e+02 2.014852011772676832e+01 1.028543397186348102e+03 3.493218671716467583e+01 9.598804688842104724e+02 5.674647286702119118e+02 4.045604284562535327e+02 2.574009035292335739e+02 7.280179151190590225e+00 0.000000000000000000e+00 5.321068855457514246e+02 2.002590676713564335e+03 1.414920412083632982e+03 2.547582662902313722e+00 0.000000000000000000e+00 0.000000000000000000e+00 5.349568525499103089e+02 1.905585023429118863e+01
2.571957631928341357e+02 4.669832150642918833e+01 5.762265496229422297e+02 3.031460038697017723e+01 5.085382649445521208e-01 2.076148114630800308e+02 4.202195999363138412e+01 1.026514256857519740e+03 0.000000000000000000e+00 7.262609677184831298e+02 7.850112824732789818e+00 7.162954620181428709e+02 3.265908341566633339e+02 7.020247096947673349e+00 8.429224673599574089e+02 1.049352699640028504e+03 1.814738092907674183e+00 1.258962622714972213e+03 5.655687108989085345e+02 3.805300587747254326e+02 9.085424610495248317e+02 6.606342143279129004e+02 6.925526207071008855e+01 1.114791439690209245e+03 1.708536990933220295e+03 1.663506407425722500e+03 8.079159942700776753e+00 1.617971623076630067e+03 2.317316211006700996e+03 4.075183905727556635e+02 7.134477225445919224e+00 2.470279514470870197e+01 7.768181277105131812e+02 0.000000000000000000e+00 3.741301124371682931e+02 4.514551775282648691e+02 2.904144378458757387e+02
1.385925960079489450e+01 2.191725508816216106e+01 4.277691337629364909e+01 6.640285418822732026e+02 1.210284029632272791e+02 0.000000000000000000e+00 2.386328524102548556e+02 2.181078006261666644e+02 1.654606206308658400e+00 1.036766139987573979e+03 1.212896992685751684e+03 1.482005138883751840e+02 2.141200254334268323e+02 3.075588529267628815e+02 1.450741199465925320e+03 1.057514473486070639e+00 7.604313585032990659e+02 1.112871219235115859e+03 2.392722975530828649e+02 4.080674503547415100e+01 0.000000000000000000e+00 4.063668678213023213e+02 9.837668411822214694e+02 1.174570777464797828e+02 5.454000655089544125e+02 4.080977204518463708e+01 1.098517132511845489e+02 1.109787144185303987e+03 2.737333495903501444e+02 8.828618208876817164e+01 1.916843581171440576e+02 0.000000000000000000e+00 4.987372411500491012e+02 7.394894815929471861e+02 7.177437730501701196e+01 5.515109365369518173e+02 7.427625477365616007e+02
5.087217129837542728e+01 2.302136089317163226e+01 6.961288857008042896e+02 0.000000000000000000e+00 8.607347526948641581e-02 1.373567538683268765e+02 1.187574107536075148e-03 1.175302564480600722e+02 4.646925793068223398e-01 1.279076400903257991e+02 4.886886388532701631e+02 7.490897266074194931e+02 7.466068420316115350e+01 5.078514125208585597e+02 1.308159259753101651e+03 1.071634575074147051e+03 9.202716877017189745e+01 2.867195001340069211e+02 2.323294554857270668e+02 1.342813801592675645e+03 5.034490434720354415e+02 7.907416534201865943e+01 2.220015116743868191e+02 9.934935907181732091e+02 3.986575149194101186e+01 1.571806832860314955e+02 9.859943071277639319e+02 4.035158666016280193e+01 1.059073956184816552e+03 8.399894756244672180e+02 2.076561705295027205e-01 0.000000000000000000e+00 7.249604417595988934e+02 2.895680543505108631e+02 1.153031544541905760e+03 2.557357895806133286e+01 6.978188029011846538e+02
1.129425994470802380e+03 1.794192557736820390e+02 3.844949853204032024e+02 5.669068629038380180e+01 1.032153219326076396e+03 8.162807969035759470e+02 9.398821778235077318e+02 7.758399036488068532e+02 0.000000000000000000e+00 1.716703891446429225e+03 8.107047956782489351e-01 1.302389878515127219e-01 8.007695245410335616e+00 3.291133169337244202e-01 2.171349626209580830e+00 6.037156479240965545e+00 1.689877710272422506e+00 0.000000000000000000e+00 1.207446237169159664e-01 0.000000000000000000e+00 1.623790174821072019e-01 0.000000000000000000e+00 1.552398968992626038e+01 4.519697224354563758e+01 6.106197178047428906e+02 9.677297861232636933e+02 3.086542479129424805e+02 3.525357466013874159e+02 2.067313546680506153e+00 7.976173680073073911e+02 9.373425971919883750e+02 1.335076152883255531e+02 8.843570073428902560e+02 1.086681536111952227e+02 6.557294989110670258e+02 1.872020459604311498e+02 3.070178049910318236e+02
1.812901266495861705e+02 1.187744643857345324e+02 0.000000000000000000e+00 4.506940264794677908e+00 0.000000000000000000e+00 0.000000000000000000e+00 2.525146445123824321e+02 7.750421705635893659e+02 2.864032438829612559e+00 1.002668266690425014e+01 8.998880715658409599e+02 3.193688218020539580e+02 1.045417138026631619e+03 1.017464135839020116e+02 1.628837994003099084e+03 8.013847378667104522e+02 1.678600271471622989e+02 1.376045409138010427e+03 4.944740821157528217e+02 1.179353100503374662e+03 1.583776484364666999e+02 1.398714903859543938e+03 2.417463542399353855e+02 0.000000000000000000e+00 2.565802202375214165e+02 1.772849990335517703e+02 1.206209604802822014e+03 1.386012509033082551e+03 1.573842917970138842e+03 2.750448409886049035e+02 8.893174187612835624e+01 1.772291830911268917e+01 4.409387321490291924e+02 1.023665827765294634e-01 6.854666313096093972e+02 1.133917942138524950e+03 5.569224480640966135e+01
1.299975633555928880e+03 2.136901609589216946e+02 4.175091500997558001e+02 6.592742707408287970e+02 6.807874549454056705e+02 3.331021889944175314e+02 1.771291252492778199e+02 1.433508194526287527e+00 1.255601570806041991e+03 2.078693132138876649e+02 0.000000000000000000e+00 2.735419868143330859e+02 8.019061538695870794e-01 0.000000000000000000e+00 3.297665790392057374e+02 3.042166558163659715e+02 5.994067534489103082e+02 3.164018631075255712e+02 4.928861754853130606e+01 3.593366443548173947e+02 5.191181314884941003e+02 1.175387415309123753e+03 5.267974899095155479e+02 4.679336910108901293e+02 2.648486947280084891e+01 1.035595171825665091e+02 4.681918747904424549e+01 1.668749485615970585e+00 1.151531495450465627e+03 1.048636520323626797e+02 2.289661638784379250e+01 5.000539677414974449e+02 6.271197737392195215e+00 7.523938868269274849e+01 8.873128376945350615e-01 2.628050610179781756e+02 9.608749382758730917e+02
