output/example/lateral_incision_000401.asc
nrows	75
cellsize	13.33333333
xllcorner	0
ncols	75
yllcorner	0
NODATA_value	-9999
[rows 17 to 33 of 75, columns 0 to 36 of 75]
0.000000000000000000e+00 2.134440551752120427e+02 1.382568709772667148e+02 7.432744982492971531e+02 1.017743489886158841e+03 1.846268197860378848e+02 2.797554640348860744e+01 1.273714347840499158e+03 1.148212868900340027e+02 3.280356996014139668e+02 8.111745249264804443e+02 3.743694669985728751e+02 0.000000000000000000e+00 1.042761450867159056e+03 1.052453839576930477e+03 0.000000000000000000e+00 8.680600088716166738e+02 1.258862193269860200e+03 1.280894179675958867e+03 2.421779419271288418e+02 4.497553057624350004e+02 1.694886959488570488e+00 9.393875370266489000e+00 6.668320852811304178e+01 1.753909108978524046e+03 1.075742672772511455e+01 1.838063208382606319e+02 9.675756922655288861e+01 1.974392486964976001e+01 3.857032972288068322e+02 5.689729447271765821e+02 1.795352671571265546e+01 3.727598292572174046e+02 8.329782477868701562e+02 0.000000000000000000e+00 4.696404226479069166e+02 6.635568613143497032e+02
0.000000000000000000e+00 2.162664119330083423e+01 0.000000000000000000e+00 4.450151614043770110e+02 1.460977646033393057e+03 8.683435967341135893e+02 3.199518556272619776e+02 9.526064982859459178e+02 1.751240491830061956e+03 1.213557701335409149e+02 6.944362542910529328e+02 2.458259980061653778e+02 2.645713719820664664e+02 8.624049011449694717e+02 8.861748863337464854e+01 1.574948537587382816e+03 1.592802633786806155e+03 1.259607699715755871e+03 8.538165316811440197e-01 1.766303507947690221e+01 0.000000000000000000e+00 1.746465386224595932e+03 1.197250449325009868e+03 4.352638845825056819e+02 7.306645472270824371e+01 8.500964359844859928e+02 6.005940110122072610e+02 0.000000000000000000e+00 0.000000000000000000e+00 6.468441031961364160e+02 1.344350953378685517e+03 1.519683881747903342e+01 1.193565731635540942e+03 6.822218173493146196e+02 2.326333224105273700e+01 0.000000000000000000e+00 2.096510962682277466e+02
0.000000000000000000e+00 1.571030032635213729e+03 0.000000000000000000e+00 3.521443529211075729e-01 6.057402851870657273e-02 0.000000000000000000e+00 3.568458228471861560e+01 1.471364440799194107e+01 1.149958439499125440e+01 2.967466510796443746e+00 3.750635786445890574e+01 4.446438119747826434e+00 2.262014537027342009e-01 8.568964346866701831e+00 6.172805272954206224e+00 0.000000000000000000e+00 1.663833291348307819e+00 2.585703760747362079e+00 4.916004086273937332e+02 2.901538789782028971e+02 4.787160617505205606e-01 1.448212944843881587e+03 4.286429534366624807e+02 2.282821880594001982e+02 2.370603927011226464e+00 3.733817239886528938e+01 3.334409920158590239e+02 3.668650998280914877e+01 1.109423186646093171e+02 8.453803392804505847e+02 8.590718117165623369e+01 4.686598046037556742e+01 1.985680911661911239e+02 5.333352220032044215e+02 5.459083226291328401e+02 9.290180472948138686e+02 2.427882131885022829e+02
0.000000000000000000e+00 3.754274558156147190e+00 1.015709490258947312e+03 9.199256754982234270e+02 1.486462186316188934e+02 1.990600213891087265e+02 6.300107116462495469e+02 1.258738027879996480e+03 1.393999725897119561e+03 2.578434171012252136e+02 2.261951124961913138e+02 2.268067562008889695e+02 3.610257668499552892e+02 2.356078754078565396e+02 4.676771809467684875e+02 7.149505311960886011e+00 4.482287304177663145e+02 9.694029553963856642e+02 2.038504283733744558e+02 8.298604313286388479e-01 6.351976908921132008e+02 0.000000000000000000e+00 1.622294739954428451e+03 1.054076832186374759e+03 7.041833073529884359e+02 4.025538954118633228e+02 2.686892742069518931e+02 2.124035477018970255e+02 3.236536532334004619e+02 8.973029415396156310e+02 5.088163296260669881e+02 6.106186569119242904e+02 2.494602689459194380e+02 1.276486403591168051e+00 3.120395732496161827e+02 2.202051266320877403e+02 0.000000000000000000e+00
0.000000000000000000e+00 0.000000000000000000e+00 9.324558020728157715e+01 2.570777743479883526e+00 4.614566274616361263e-01 7.066686488971606650e+02 1.789980548646204284e+01 1.620575786215521785e-01 9.434541527460090720e+02 6.974506576278905641e+02 9.907161551831840107e-01 1.596707648549215719e+02 7.055954245105510836e+02 2.129911227475918878e+01 7.220069821543555690e+02 3.172657995696812705e+01 2.374429760347326557e+00 1.059936004366230691e+03 8.571409191921293313e+02 6.379858889740920631e+02 1.623009827063416878e+03 6.756739696849413690e+01 9.400499805744384503e+02 2.419597743032393389e+00 4.132646954661677796e+02 1.094187422827106047e+03 9.181371087668244400e+02 2.325331962868452820e+02 2.067919188161260990e+02 9.758554636812295939e+02 1.336343575632781949e+03 5.368720931216630277e+01 2.484608167164065184e-02 4.101186283045088885e+02 7.369408446034783822e+01 0.000000000000000000e+00 7.292776267774993357e+02
0.000000000000000000e+00 5.529277369646534908e+02 5.220774429786116571e+02 1.631267416053458646e+03 1.691798645034575429e+03 4.006113967275894971e+00 2.069478989123731405e-01 1.502226614614467337e+02 1.276735903006920580e+03 6.418309053184027562e+02 7.825321381881147431e+01 9.026019671954484238e+02 1.045029862224949966e+03 3.990989427581830569e+02 5.189555705161841388e+02 1.654206516632690182e+03 6.978969678412169309e+00 1.326227862885292780e+03 5.716821401391216639e+00 1.045617536029715922e+02 8.454482482920905113e+02 1.625969064050422958e+03 9.038586258273133112e+00 0.000000000000000000e+00 1.711284196561785791e+02 5.090901193051338147e-01 1.017100426882007014e+02 7.439347166084643277e+02 4.677326048486794434e+02 9.444864678815964965e+01 3.169611739217874629e+02 0.000000000000000000e+00 4.612961355307926965e+02 1.604624268572002022e+00 1.951467661031020100e+02 9.606763688777926973e+02 7.953974706501877563e+02
0.000000000000000000e+00 6.244479035610623896e+01 1.781443958963371799e+01 9.048294271883326800e+00 1.392179735619246550e+01 1.693002916942802187e+02 4.162584173103945773e+02 1.458158896665957904e+01 7.155763992631948156e+01 2.859111421631877481e-01 8.960676775936359491e+02 8.569867808617327398e+01 6.830928297833780789e+02 9.910105266823894965e+01 7.477089871548089377e+02 1.709214885183341153e+02 3.569169443321432311e+01 5.300548729269817159e+02 2.780316041664683553e+02 5.045938762412711185e+02 8.145747845611072080e+02 6.229263026646099206e+02 0.000000000000000000e+00 0.000000000000000000e+00 1.387846915815181319e+02 9.770530585967419768e+01 1.540319109358273124e+02 9.471074587767216713e+01 8.318316296224224971e+01 1.840606083906041306e+02 1.334443787979568867e+02 5.544768044806091893e+02 1.404671885151266224e+02 1.587238031029864604e+00 1.258746457371780934e+03 9.982729426609469101e+02 2.134009427564227224e+02
0.000000000000000000e+00 4.988465510614293521e+02 4.222944106338013057e+02 6.937095480761890940e+02 9.678214313311250407e+02 1.290819465660579681e+03 7.050175925199682752e+02 4.443230771252969475e+02 6.269861769093907355e-01 4.766228060638742076e-02 8.133692407631285732e+02 5.991051612067698429e+00 7.133334544708828844e+02 8.931648962957930280e+02 6.687263651169247396e+02 3.551515712558088467e+02 6.390928833545822272e+02 3.053587380295668936e+02 4.906247302504651202e+02 0.000000000000000000e+00 7.948006280852034706e+02 1.202540700701391188e+03 9.126815083547248353e-01 9.068776766049307980e+02 7.212791263501659955e+01 0.000000000000000000e+00 1.178590786640685565e+03 9.555863938595695117e+02 1.724427781176481176e+03 7.274906747188839518e+02 1.817234702500163124e+01 2.652763902126665485e+01 5.682227248867510044e-02 7.937054881687622299e+01 0.000000000000000000e+00 3.256404649734490420e+01 1.239319934748880996e+03
0.000000000000000000e+00 8.074992889658988133e+02 4.354677309933367990e-01 8.683364108629538123e+02 2.748412636809664491e+02 3.523034770251922509e+02 1.000617471867344761e+03 3.391362542110135880e+00 2.359336373390686958e+02 6.863919492920601897e+02 1.077735202890823302e+03 8.540581125450003128e+02 6.492563817915315667e+02 1.470805479760873027e+02 5.810009295229735926e+02 0.000000000000000000e+00 2.960222740643611132e+02 3.457729310517169665e+02 9.258058586367376996e-01 0.000000000000000000e+00 9.236899301202145125e+02 1.720360284161397715e+02 1.913575136980205684e+02 1.647338159336645049e+03 6.700698412686156846e-01 1.599783955257219532e+03 4.688632306472395044e+02 7.342378356492297371e+02 1.231309066158144788e+03 1.250861585680622738e+03 6.080330064037002558e+02 2.454877509241406415e+02 8.113588059051263457e+00 7.284154528630458572e+02 3.259798371022152992e+02 6.526650652190064648e+02 1.399638789992285865e+03
0.000000000000000000e+00 7.482266780347308668e+02 1.984622175539981754e+03 6.120359680658351635e+02 2.783694619574075091e+02 8.070729942527607363e+02 8.785408625802446068e+02 9.562564602648043888e+01 3.948874927615280512e+02 7.570310439169135319e-02 1.434812705808518842e+02 1.173105756475315729e+03 3.028065211753620929e+02 5.797321326449669954e+01 9.695825223033857299e+01 1.880424945901358171e+02 4.145959040862065237e+00 3.342273529869896898e+00 2.889314895896183444e+01 8.176691351368489222e+02 1.721323344585430348e-01 1.432569388489755283e+03 1.065656024346786808e+03 0.000000000000000000e+00 3.230978863833491346e+02 1.018846153029717705e+00 1.616210481191850477e+03 1.557057819076983378e+03 1.553809200095041888e+03 1.361000951887224119e+03 4.501947648641023392e+01 9.842293197425368589e+01 1.402554840800131615e+03 5.863523764972675281e+02 7.495383108359822018e+02 4.885322774218534505e+02 1.052032753629364237e+01
0.000000000000000000e+00 0.000000000000000000e+00 1.489081486150358160e+03 1.245440080478249989e+01 5.330352324701540283e+02 4.308534837215435687e+02 3.625731688734686742e+01 5.797164652705972685e+02 7.013445080981324509e+02 4.753710160690753241e+02 4.044202268628625347e+02 5.467227609726897981e+02 0.000000000000000000e+00 1.418631718725575013e+02 1.833152100723826550e+02 1.637755892918985126e+02 7.492382435648754502e-01 1.345518802565528205e+01 1.159167936316783653e+03 1.082707887000272873e+00 6.696122693142327762e+02 1.537130889522473581e+03 3.615779977737032027e+02 2.467843872028398522e+01 6.489546475957446319e+02 1.051882129822639733e+00 6.977370332525912318e+02 4.960479850756379960e+01 3.144372934513009099e+01 9.360436977168606063e+02 6.324800299790464351e+02 4.410396997104556505e+01 3.066690444467872823e+01 5.186630082803782571e+00 6.353082793574122888e+02 4.765499009164953748e+01 6.442787364763191817e+02
0.000000000000000000e+00 1.998514945038873236e+02 4.621938199579453510e+00 1.634329615936924938e+03 6.210431472591840946e-02 6.951462379984459972e+01 1.900288150943928542e+02 1.244889816653324715e+03 2.922014862991335917e+02 8.951119373282768947e+02 7.878767863151122128e+02 5.013207231776497679e+02 8.135150630230765501e+02 1.471047276874560055e+02 9.946257594181270534e+00 7.276036173400676716e+02 5.107730502112129329e+02 1.785339717955863819e+02 4.988957557054646372e+02 5.445118726407087024e+02 1.338271687940026140e+03 1.631432098695805962e+03 7.269133669351730831e-02 1.266329775776803444e+03 3.973953143060702331e+01 5.831833578860635470e+01 6.856560600198919886e+00 1.060420572372705237e+03 1.466848230719302819e+03 2.074043030024427803e-01 2.381232803163746610e+02 7.928234317760328622e+02 1.223334173632622651e+03 1.532302912377533346e+02 1.450782646280739243e+02 0.000000000000000000e+00 3.173239682033484996e+02
0.000000000000000000e+00 5.604934155352297012e+02 5.432500618384817699e+02 3.876670522216667791e+02 3.411068099650705676e+02 5.169361495113010960e+02 9.748080774871674681e-01 1.534623248828041220e+01 1.181160280806961396e+02 1.816144927201591486e+02 1.668699718030768224e+02 2.109631349373354396e+02 1.539477927516215232e+03 1.498580949468589552e+03 8.847650932492749121e+01 4.889112688964861491e+02 2.365242143699987309e+02 5.152951809717626475e+02 2.836205187285946181e+02 7.011087968568136830e+02 3.251843564634737049e+02 8.474935039583700700e+02 1.955392898975674143e+02 9.119961533367920765e+02 5.661139663636938479e+01 1.536320831345426768e+03 1.063846105728798230e+00 1.145951454145111256e+03 8.078103492103659846e+02 2.665430844755161957e+02 6.926713580299898467e+02 5.519541244759205938e+02 2.449146569824455923e+02 8.751510918328310462e-02 4.144726223364107227e+02 1.006906037852062809e+03 1.301124508483017280e+03
0.000000000000000000e+00 4.921992472150641333e+02 1.372403936059227817e+03 8.586583210164944830e+02 5.083439315731069774e-01 5.086455295391796583e-02 1.685576645236472757e+02 1.040879085802327381e+03 1.579501034320248209e+03 3.247537679992941548e+02 1.434345676800964839e+03 2.635608109713281237e+02 4.926168384977288817e+00 2.198285415510634948e+02 2.165735049934620520e+02 2.508529965747447932e+02 6.029286275212289992e-01 1.300099856799593852e+02 3.698334888075938807e+02 2.276861185127474130e+02 6.450629395549715355e+02 5.742396803368174574e+01 2.841958666909927729e+02 7.060843896484967672e+02 4.021379495423981325e+02 5.143991311191296063e+02 3.081929184954115613e+02 1.664983585166389801e+01 7.145037742940158978e+02 1.463506496487251596e+01 6.681337159248464559e+02 7.546936484275224757e+02 7.939055342104121848e+01 1.435056096554409919e+02 8.750981775571837318e+01 6.760407276803148306e+02 6.845006775699784995e+00
0.000000000000000000e+00 1.293117247011437030e+03 1.239213857167634615e+03 2.311583484750327955e+01 7.973679663800209028e+01 1.008517209608922229e+02 5.292617094986159145e+02 1.330516201559525484e+02 2.219438469088223940e+02 2.196838698246288004e+02 9.873974972854264252e+02 1.134609057028988275e+02 1.996973145327235954e+02 2.739857146058418493e+02 3.852562597889658491e+02 4.630150004863878621e+00 1.236343672914472691e+01 6.679679388000198514e+02 4.550234312343823717e+02 3.470284409416780704e+02 2.268802533797119452e+02 6.401745824905262907e+02 1.406358325038523560e+02 8.816116664786438832e+02 3.880893444383460746e+02 1.666404929129215589e+02 5.238978411021536203e+02 5.500847543109420030e+02 1.321619538432326863e+03 4.019338916852134957e+02 4.762363036167728296e+02 2.864936370563384571e+02 4.857223393266397125e+02 1.250733191776974991e+03 1.377686717551455786e+03 3.997752891385129903e+00 3.966537613035531535e+02
0.000000000000000000e+00 0.000000000000000000e+00 3.401006589585088591e+02 8.786493284159804773e+01 6.657077035389242781e+01 7.184490167885307983e+02 4.566183237590717567e+02 7.886167048184903328e-01 2.256563948946603304e+01 2.852499062213454977e+02 4.828478496731939629e+01 2.795919899001241333e+02 2.211229553294207761e+01 7.204610592405343823e+02 1.280480446838902253e+01 1.052364917043349124e+03 1.056604579505650288e-01 1.066943828404029773e+03 1.020099098958618470e+03 1.335548616265836053e+01 1.052185264376057745e+02 3.311841392991833573e+02 5.497484570444415652e+01 0.000000000000000000e+00 7.393056133012663622e+00 9.621151112392986988e+02 9.372346098317979113e+02 2.157234660306281455e+02 1.269748198964120078e+01 6.900718807743360230e+02 1.920425670844045669e+02 3.159049991202810759e+01 1.072089811025621771e+02 2.379832990935585002e+01 5.606775658820865829e+02 1.029959770552913341e+02 1.327619384658802346e+02
0.000000000000000000e+00 6.376539980265634995e+02 1.205998817858606117e+03 3.676306178953886672e+01 1.043173114273193960e+03 1.397524668349466381e+01 2.317635568475936054e+02 8.041535438079975506e+01 3.791590012505345442e+01 1.365089287327301236e+03 6.072234484344661496e+02 3.738105327638815645e+00 0.000000000000000000e+00 5.468381705407892923e+00 1.115106685385433138e+02 5.406937840481618878e+02 4.760832204464497153e+01 4.564967685985539703e+01 4.593073605182120822e-01 7.759712690403516717e+02 3.045189768141056685e+00 6.576153873467997073e+02 7.720436575062550446e+02 7.029243693551176508e-02 1.148323782909909141e+03 3.682189013627935879e+02 9.652031689443839468e+01 1.729056775770741865e+02 1.860283137698116036e+02 8.619415257023293861e+02 1.068547500938609147e+02 4.024791000885804237e+02 1.000789568687861504e+02 8.434099594089934726e+02 2.136141591200138805e+02 6.405092488517948368e+02 5.975135659014790690e+02
