output/example/lateral_incision_000177.asc
nrows	75
cellsize	13.33333333
xllcorner	0
ncols	75
yllcorner	0
NODATA_value	-9999
[rows 34 to 50 of 75, columns 0 to 36 of 75]
0.000000000000000000e+00 2.659055228721918525e+02 8.495539199901710958e+01 1.230802774265283688e+03 2.693058770217288789e+00 4.686047304305074590e+01 1.472919937064244209e+02 2.719117998409809047e+02 2.781710636519098898e+02 3.262632080227683105e+02 2.493180476502268448e+02 1.787945682446946023e+02 1.225736383810098857e+02 6.055949089499168991e+01 5.307733789844175376e-02 0.000000000000000000e+00 1.552543925288801177e+02 6.748166416837177621e+02 1.701894290182009172e+03 6.312304044256607085e+02 5.129842597962111839e+00 0.000000000000000000e+00 4.760011453806205850e+01 1.677376701473018983e+01 2.128420214090126805e+01 1.364829111488260480e+02 1.076183199467862863e+02 2.986945498191832371e+01 8.915690356271782093e+02 8.088953477089552280e+02 1.095860588690476106e+03 7.022774941536971127e+00 8.225583011598721441e+02 0.000000000000000000e+00 6.558672656255035918e+02 1.722359194368732460e+03 1.875544477463062165e+01
0.000000000000000000e+00 3.382431719738967946e+00 9.680837677516647588e+00 8.348410323385060394e+01 3.150564620658811350e+02 8.314287110132430598e+02 1.199260207827413751e+03 6.697557990781573380e+02 1.680887089157025116e+02 1.171963887601850018e+02 5.167696478304712855e+02 7.690897158812732641e+02 1.392949463117509595e+03 2.070148899870117987e+01 2.578495665487883457e+02 3.681360133859760708e+02 4.948355204650638370e+02 4.314628900711010573e+00 6.778079769230133707e+02 5.148447312023653133e+00 7.257062426677213125e+02 4.342687136199904785e+01 0.000000000000000000e+00 4.527259248081716123e+02 0.000000000000000000e+00 4.679541360411316759e+02 0.000000000000000000e+00 2.160530453895526080e+02 3.903397843562121938e-01 5.738507025839077735e-02 1.779821042974721195e+02 7.582079046998569716e+00 7.117036645984529741e+02 2.852328998835251355e+02 1.280931040488982944e+03 5.637482190114468494e+00 2.106169634449753687e+02
0.000000000000000000e+00 1.492658161676384339e+02 5.568907177894910774e+02 9.642532334995460133e+02 1.455567760772217696e+02 1.323655404015291879e+03 3.627997245698820734e+02 2.524171721943893658e+02 1.289545798326471186e+03 7.002927382471026476e+02 4.613714989042404682e+02 9.729144423240444484e-01 0.000000000000000000e+00 7.320865026108082247e+02 1.607113398598773557e+01 1.378911483857065718e+02 4.278467565390218965e+02 7.163210117369816317e+02 2.577332532052432725e+02 1.260419549409655815e+02 5.849893320423558407e+02 3.768399220984534850e+02 4.522782510895479504e+02 5.652847865692516649e+01 7.262472838702076388e+02 5.972231088350716846e+02 3.594906489643389023e+02 2.133893585520991394e+02 2.210188690047185212e+00 5.148326745667689153e+01 5.412263608563144999e+02 1.379857468028045560e+02 9.019990788903013978e+00 1.111347487181165439e-01 6.420383921168166808e+01 0.000000000000000000e+00 3.381929037860238054e+02
0.000000000000000000e+00 0.000000000000000000e+00 1.341635996361281286e+03 2.763481893098283422e+02 2.611362314664451105e+02 1.312262100473586379e+00 1.242262795462566487e+02 5.160012091038200879e+02 9.150926184243006674e+02 2.661672627634017658e+02 1.017217579791488106e+03 9.430139392232151749e+02 2.627003827218395031e+02 2.698535506047188051e+02 1.356015273791624266e-02 8.604633258187359388e+02 4.974900796730182151e+02 9.508869768168062819e+02 2.579220191788611416e+01 1.519142524621078110e+03 7.071535966709600984e+01 1.937830120394813207e+02 3.474641081972716847e+02 4.445767674468041832e+02 2.409535717540792632e+02 2.775208654452769679e+02 5.264453121095907591e+02 6.967973568535703635e+02 2.085996886201767211e+02 1.033079941476672047e+03 4.934713537075058412e+02 7.612135722298190785e+02 9.369836736015855649e+02 1.284196059744740296e+03 2.245096501610414919e+02 7.779391416189545438e+00 5.763106699571275726e+01
0.000000000000000000e+00 1.192112959707669688e+03 1.688954618907447639e+03 8.675723237777414170e+02 6.805295651206674279e+01 5.931985970625951268e+02 9.142389236718839811e+02 4.761420781587038960e+02 6.481629664329341400e-02 7.748687720164573633e+00 5.320864846587052455e+01 1.142531801424796640e+03 5.281754825079039506e+01 6.692655783891365218e+02 1.157459469301009136e+01 5.412343534237847962e+02 0.000000000000000000e+00 3.362913867668718240e+02 0.000000000000000000e+00 0.000000000000000000e+00 4.030021779800463264e+02 0.000000000000000000e+00 1.692521808889246813e+03 6.601891876471863725e+02 2.913915616026768740e-01 3.218651635910846949e+02 0.000000000000000000e+00 3.227726660859294725e+02 1.478428588975426976e+02 2.165688265312184058e+02 5.923619699683874984e+01 1.213225608957572099e+01 1.502151614753371334e+00 7.435902656067240102e+00 1.173918468781840147e+03 1.949467458016696355e+02 0.000000000000000000e+00
0.000000000000000000e+00 1.717763502736018300e-01 1.400587876093437156e+00 2.249671437484986214e+00 2.365392227151876341e+02 3.035362949334976861e+02 9.700119006620417395e+01 5.559624761960914263e+00 2.677795436723971737e-06 1.013827856771859359e+01 6.458633187232373984e+02 9.955838403801082848e+01 2.842743665377241058e+01 3.005838448334967694e+01 2.741878909262936190e+02 2.749023335068694109e+02 2.664395778911384571e+00 9.163710207417700815e+01 1.023288957496719007e+02 1.683943177779318376e+03 5.410340810300021985e+02 6.519016086690911607e+02 1.379645053867459865e+03 0.000000000000000000e+00 9.398383908909682987e+02 4.392788106552230261e+02 5.255467354294042934e+02 6.735735274358084501e-01 9.006937138053776835e+02 6.770772302410736074e+02 5.392309231982367237e+02 9.263829816354659670e+02 5.066742631831942134e+01 1.250607989283930010e+03 9.294882367805455488e+02 9.630751521534315884e+01 6.488484851557366255e+02
0.000000000000000000e+00 1.524907501706880112e+03 1.461545896327803121e+03 1.353284781867278298e+03 2.353776492870745329e+01 1.857571343556358201e+01 2.005894158405383682e-03 2.489479767233764539e-03 0.000000000000000000e+00 2.783769600763218666e+00 9.246753650066959835e+02 1.490188022061683341e+03 7.862454684013506778e+00 4.111734357439004270e+02 2.608202415224126867e+02 1.234065817666024998e+02 1.054041354977368838e+00 9.874101392289408068e+02 1.268552292026993655e+03 1.056752285398170788e+00 4.280342272477824963e+02 1.120870232023353992e+03 0.000000000000000000e+00 9.187765424413352093e+02 0.000000000000000000e+00 2.157138825426423434e+00 9.189254874141626033e+02 6.815302913419300239e+02 4.501634644071604185e+00 7.870055586741103753e+02 7.829153341809754920e+02 3.570100959841039980e+02 8.574734146900766518e+02 4.404779279255989763e+02 1.209992855289842510e+03 1.581219145126076910e+03 7.093750429475683461e+01
0.000000000000000000e+00 0.000000000000000000e+00 0.000000000000000000e+00 1.071886841551702219e+03 2.896465191709352212e+02 2.426644634482944429e+00 1.676958743886356373e+01 2.013783590278058711e+01 6.821183429597508621e+02 2.662179310398739176e+02 0.000000000000000000e+00 2.917464495034979564e+02 9.338438831984420574e+01 1.441981730276969301e+03 5.586991085324787036e+02 2.248921031845657392e+00 2.087613995166339009e+02 0.000000000000000000e+00 0.000000000000000000e+00 8.923205026084406910e+00 7.916105944393177651e+02 0.000000000000000000e+00 7.858551191978928046e+02 1.419114672635673742e+03 5.585104690590569021e+01 5.787792221615135304e+02 1.418087895978484596e+02 3.033373287160925802e+00 9.658543762099175423e-01 1.281129527390216083e+02 5.587821883461434709e+02 4.681118685958296943e+00 3.639504614433171810e+02 3.195296260365281569e+02 1.548827724463773166e+03 3.599568055211288087e+00 3.067995096015929448e+02
0.000000000000000000e+00 1.281494052468968903e+02 5.752052196764982455e+02 1.817980145914101797e+02 2.607189507088962728e+02 4.637172011045286126e+02 1.020435240415223120e+03 1.257763320187314321e+03 2.408384457250455313e+01 7.878283403979681054e+01 9.300843353697365501e+02 1.034032881474467558e+03 1.591094877368310345e-01 1.239719393501535762e+02 2.947465903708338146e+02 8.111462806403682180e+01 1.090533100251058585e+02 1.114197147821284943e+03 8.140929213069518937e+02 7.514431330768638873e+02 0.000000000000000000e+00 6.611580098430023327e+02 1.419712580572178467e+03 1.234296764407481959e+02 1.059779839823902648e+03 4.295626863245268510e+02 7.078222628924385162e+02 5.929248527073665400e+02 1.597983388394195288e+02 2.876358579329457825e+02 6.000174699030503689e+01 3.187047704724484287e+00 1.477471402996938252e+02 1.430720127986674015e+03 8.356460763469833353e+00 1.622334023248555013e+03 9.737166747181667006e+02
0.000000000000000000e+00 5.831114568923408115e+02 1.191000409106991675e+00 0.000000000000000000e+00 5.952889619244532469e+02 1.001818995472468110e+01 8.045594237641826019e-02 9.480400487958786471e+02 1.068225555733823285e+03 4.418000318463857767e-01 5.722217821245069445e+02 4.757524637825362106e+02 6.600012199262989725e+02 2.515710967426258904e+01 4.254573560246327588e+02 1.464255281296842348e+01 2.584334056475545367e+02 1.088688268893537092e+01 6.311864323966755137e+02 1.168694005301549765e+00 9.969844149130855158e+02 1.074421230073035758e+03 1.013911587036078231e+03 3.102516759728854936e+02 2.962326479778053567e+02 6.614108050932216543e+01 4.113432770139877448e+02 1.534502849565365921e+02 2.479149810424885914e+02 0.000000000000000000e+00 5.674225856062935947e+01 1.078138647742587636e+03 1.204859307291519022e+00 1.301149288840817917e+02 4.745518053407757009e+01 1.215105802997689580e+03 3.040015052063590701e+02
0.000000000000000000e+00 5.695045249142752937e+02 1.494314762400427526e+03 8.154253596573613549e+01 5.177049026352639203e+02 1.518616584286961825e+03 7.788016054918728059e+02 7.692710739632927925e+02 5.877724795790997803e+01 0.000000000000000000e+00 4.377399024920059389e+01 5.820786851223407865e+01 1.237980250076008360e+03 4.670208787361838400e-03 9.294567878053653658e+02 2.859870846678428080e+01 8.310224384580813251e-01 4.733830554095528669e+02 5.466820813069736005e+02 8.316792506808534426e+02 6.167337846467513263e-01 5.082969364241137100e+01 0.000000000000000000e+00 1.272678886866591029e+03 2.628844194235231271e+02 5.019580281715215619e+01 7.012509447836245045e+02 5.285312955915518387e+02 2.558037709334299237e+01 6.482701945397509462e+02 0.000000000000000000e+00 8.108101751454418036e+02 1.795410616787702622e+02 5.671016449772832857e+02 4.327511355269591320e+01 1.540646046371652574e+03 5.918799033246056069e+02
0.000000000000000000e+00 3.878158162598421388e+00 0.000000000000000000e+00 0.000000000000000000e+00 0.000000000000000000e+00 0.000000000000000000e+00 0.000000000000000000e+00 0.000000000000000000e+00 0.000000000000000000e+00 1.501678697655460155e+03 2.189941833837171146e+02 1.592413091041049167e-02 5.489971732660828829e-01 0.000000000000000000e+00 6.676791094274815350e+02 0.000000000000000000e+00 6.745155361908900886e+02 0.000000000000000000e+00 0.000000000000000000e+00 4.681738390354063881e+02 3.315660519285681396e+00 8.628716420281895125e+02 6.763319959095385911e+02 6.774665527492495585e+02 1.787728716110699878e+01 1.919839294721907095e+02 2.410744995420413659e+02 1.278599723262786512e+02 7.098970963303519284e+02 6.855440137109469561e+02 1.605010088823504759e+02 2.817183235189834818e+02 2.549172826174516899e+02 9.613654602344320210e+01 1.288449701220830690e-01 3.643452801911469123e+02 1.068175508520558878e+03
0.000000000000000000e+00 1.465448622602817181e+02 0.000000000000000000e+00 0.000000000000000000e+00 0.000000000000000000e+00 0.000000000000000000e+00 1.078043369881993385e+03 0.000000000000000000e+00 0.000000000000000000e+00 6.571276198979948864e-03 0.000000000000000000e+00 6.223640099723751717e+01 1.092177093894225209e+03 0.000000000000000000e+00 8.303178544953530036e+02 0.000000000000000000e+00 0.000000000000000000e+00 7.500899786418086705e+02 7.687259127446495768e+02 1.048189106161610262e-01 1.355940699579910529e+02 2.324431497791603931e+02 1.925285744540730093e+01 5.040670309690731301e+02 0.000000000000000000e+00 4.751577998366784072e+00 7.169186083850655677e+02 2.371958633652755566e+02 8.508046857764884408e+02 1.059812119691159069e+03 5.260921120673477702e+01 1.161586530964525110e+02 2.221912781036669742e+02 6.423963358624169118e+00 3.247449308248312150e+02 1.304041574363104132e+02 3.786668599828044157e-01
0.000000000000000000e+00 3.805663115124858109e+02 6.316847692381705883e+02 2.651045702567249029e-01 1.045445054479426119e+02 5.458479229736907712e+01 6.294769514879385497e+02 1.282125277292812484e+02 9.169919972390915746e+02 8.183558827094154027e-05 9.195078268410081819e+02 9.045072451748882258e+02 3.246438583775868096e+02 9.586568390812628877e+02 0.000000000000000000e+00 4.485720566370054598e+02 1.014439458144326807e+02 0.000000000000000000e+00 1.252097473724293422e+03 0.000000000000000000e+00 0.000000000000000000e+00 8.143829124217422759e+02 3.826241491281164144e+02 2.950574872423711099e+02 4.012097004952283896e+02 3.007782340498890790e+02 1.487191453578926257e+03 1.238113432879004705e+02 5.637844195501056532e+00 6.203878898342072716e+02 8.809305096861102413e+01 4.843557801041039852e+02 1.740515288442952169e+03 3.597517641256067833e+01 1.287001497162879105e+03 5.596474883717386319e+02 2.892823862602447775e+02
0.000000000000000000e+00 1.227736116489282239e+02 1.532148375530683282e+00 7.935889311321961404e-02 4.364899586343145010e+00 1.204212484065229631e+02 1.785010714290995226e+00 3.025311808806161551e+01 3.044609100361138871e+02 1.112991924872582672e+02 1.063738446206531307e+01 4.500162963943554928e+01 1.355844093615063002e+03 1.787039113781570904e+03 8.923457916140798716e+02 8.249153058457732186e+02 2.126820658745783703e+02 1.448732294018459697e+03 0.000000000000000000e+00 1.389801640705706859e+03 1.495230216004591512e+03 1.164422223738700995e-01 0.000000000000000000e+00 0.000000000000000000e+00 0.000000000000000000e+00 0.000000000000000000e+00 0.000000000000000000e+00 1.194991884225780495e+03 1.839471125497437072e+02 3.166335835948000295e+02 0.000000000000000000e+00 2.147167606951751395e+02 7.941024761151425082e+02 1.762931181476243836e+00 3.041358550068546265e+02 6.459472740267490281e+02 5.900076584032309945e-01
0.000000000000000000e+00 4.989214005198005283e-04 4.371594222229365639e-02 6.135841050045138800e-01 0.000000000000000000e+00 2.682635752030960816e+02 2.195126123206546254e+01 3.939474362697617380e+02 8.934359748342309331e+02 6.991389532891619183e+02 4.479857824920920883e+00 4.158441738269544885e+02 9.202566384441437322e+02 1.136018374639458671e+03 5.332678338318861506e+02 5.494737180349217986e+00 1.457839864697564735e+03 0.000000000000000000e+00 3.018066290769310811e+01 8.536074783838834037e+02 3.595746366080124972e+02 9.344285635251648614e+01 7.881747633550734236e+02 0.000000000000000000e+00 1.605884629186111624e+03 0.000000000000000000e+00 0.000000000000000000e+00 0.000000000000000000e+00 3.991902441574641216e+02 1.007726697671603056e+01 7.069613553806102573e+02 9.142122519085331760e+02 1.582930411598214050e+03 1.356511807043821349e+01 4.874349530483267756e+01 6.025728602260156777e+02 7.227801679729071793e+02
0.000000000000000000e+00 1.119472691937550962e+03 1.389753206592063179e+03 1.404541375522319640e+03 0.000000000000000000e+00 9.934815073088958570e+01 5.352516884764642491e+00 3.864472744722600055e+02 6.494422357944869439e+00 4.292106167437556223e+02 3.999655882059673484e+00 1.349783573310756765e+03 3.026780429075867218e+01 5.503150710203733809e+01 6.738334604154404133e+02 1.055702683317318588e+03 1.005170341612196353e+03 3.590748401668820033e+00 3.710278970238260285e+02 4.194213540561466669e-01 5.369978705526543905e+01 7.428000164373094094e+02 2.667811222533103457e-04 9.305303980845827709e+02 9.487871998449072635e+02 5.558025545259794171e+02 2.432937050466276591e-03 9.606551550614085500e+02 0.000000000000000000e+00 0.000000000000000000e+00 0.000000000000000000e+00 0.000000000000000000e+00 0.000000000000000000e+00 0.000000000000000000e+00 0.000000000000000000e+00 3.007493482985658488e+02 6.343569109261854919e+02
