output/example/lateral_incision_000050.asc
nrows	75
cellsize	13.33333333
xllcorner	0
ncols	75
yllcorner	0
NODATA_value	-9999
[rows 51 to 67 of 75, columns 0 to 36 of 75]
0.000000000000000000e+00 0.000000000000000000e+00 1.015418729100669424e+02 4.824850278182994390e-01 0.000000000000000000e+00 0.000000000000000000e+00 5.576963174612311605e+02 7.361416899718558682e+01 1.591834473988097542e+01 1.523746716178218549e+03 1.696221324651446821e+03 4.152465189829905867e+00 1.138965310433279967e+02 0.000000000000000000e+00 1.169460612455862929e+03 5.568938491696346205e+01 8.791453975388910180e+01 1.005114057020472046e+03 7.127149553685094361e+02 6.863676567554459318e+00 2.679235117453960697e+02 2.520850337638922838e+02 0.000000000000000000e+00 1.396442283827889923e+03 1.531306901871754690e+03 9.355504072732144323e+02 4.383079040141735661e+00 1.740881814362088562e+03 1.052300622460993509e+03 3.493062791382235446e+02 7.720412939429745620e+02 6.104363284113334487e+01 6.745782797985175883e-01 1.573620906975151712e+01 1.167219831628729843e+01 1.449812793955703683e+03 5.556348874801969941e+02
0.000000000000000000e+00 2.506982949305079558e+02 1.393483114877245157e+02 1.053138122128244277e+03 1.132813518944985054e-01 0.000000000000000000e+00 1.094001011223920194e+01 4.661741264733843764e+02 4.594583670872632979e+02 5.502457893511040083e+02 4.137632486866244363e+01 1.638106458443839699e+02 2.649625613246834632e+02 4.674128269500670285e+00 1.192418859645116299e+03 7.299011661413778711e+02 6.016496616084720728e+01 3.806434884043748923e+01 1.245673650044154556e+03 1.341718454104239527e+03 4.447225111653694540e+01 5.758946262863819499e+00 7.462174724325758461e+02 1.935754059745431732e+02 2.035294880587491377e+02 1.813402282970806745e+00 1.430490035601708996e+03 3.197001461314543658e+00 1.311670980504338786e+03 2.438860707980585630e+03 6.220906569528233376e+02 1.620654938393424560e+00 4.183706360931115569e+02 2.609881734633343053e-01 5.881517758124460897e+02 7.915314435558501600e+02 7.554841431808684282e-01
0.000000000000000000e+00 6.038129484999587930e+02 3.330589628415147558e+02 9.087645046127410069e+02 3.870256375146374950e+01 3.402403115873926822e+02 0.000000000000000000e+00 1.082688793533472165e+02 2.915286157217613550e+02 9.589901491091477510e+02 1.038317927418853515e+03 3.678530080038219907e+00 2.841116287957366922e+02 1.054494102547629382e+03 5.102339726621185605e+02 3.673365756601131693e+01 1.326470174259709722e+02 1.327424722744997553e+03 2.347190357798334404e-01 6.176552158409466529e+02 9.959763803177629597e+02 7.881352573507230952e-01 2.628799725819123978e+01 2.372083270252707621e+02 2.602143378483264824e-01 1.665306494124074561e+02 1.254090586326050243e+03 6.564063395329577588e+01 3.700933460021213151e+00 1.427917547283337854e+03 7.933496560911682991e+02 7.809732359977530223e+02 8.425891535041897669e+02 7.894807205247273032e+02 1.148750610191403041e+02 1.248612974508620255e+02 0.000000000000000000e+00
0.000000000000000000e+00 2.475721736992799720e+02 8.309900047983093430e+01 1.933168575066452206e+02 2.047163386815645651e+02 1.396944215702196175e+02 6.165217958776913747e+02 3.550124333894981987e+01 0.000000000000000000e+00 6.660833997932765404e-04 7.589424838475220783e-05 4.079497904908859027e+02 5.208421690422407324e-02 1.122349256506801041e+01 0.000000000000000000e+00 3.042267826312385068e+02 1.210126325710879591e+01 6.160766206907006790e+02 6.030747570734681631e+02 1.026807415246323352e+01 3.332768804264392770e+02 9.767397247239156144e+00 5.503445790603839072e+01 0.000000000000000000e+00 1.573703622859807751e+02 1.743598371314321014e+02 1.223936143153295717e+02 7.537427046586844881e+01 4.870551396278609104e+02 8.183974677619628935e+00 1.535672034656245614e+03 9.671249256647090533e+02 0.000000000000000000e+00 1.329461429433917601e+03 5.057842669832409710e-01 8.519154144738075729e+02 6.614802192028330410e+02
0.000000000000000000e+00 0.000000000000000000e+00 1.303661659289258296e+03 6.963947794073707200e+02 6.653912839775207431e+02 1.307102886766765337e+01 1.364591205870809176e+01 1.391410272164502082e+01 3.550616058945139645e-06 0.000000000000000000e+00 1.032222820938239787e-06 0.000000000000000000e+00 3.840364267860449723e-03 4.730670283520792196e+01 5.220046763880242224e+02 1.511205855202395583e+02 1.920198110924401791e-01 7.559470669077686580e+02 7.197394815961234826e+02 3.326003936477926004e+02 1.069191884795731440e+01 1.203008193966421047e+01 1.399291312511029730e+02 1.395972399834909993e+03 1.362312727901224889e+03 1.054532714387265884e+02 4.014334190877552828e+02 2.678574092831844382e+02 7.933496560911682991e+02 1.527136264677125837e+03 1.222763236826775710e+02 8.794068152379331593e+01 4.756578668608480598e+02 9.610653999385833686e+02 2.634220073395762824e+02 1.308537468703588729e+03 7.969885880178234627e-02
0.000000000000000000e+00 1.950395447308579264e+02 2.614157464530189259e+02 1.146030543065854999e+03 5.342294425812367535e+02 2.994772108021758754e+02 9.197545241721341824e+01 9.060140843134471211e+00 0.000000000000000000e+00 1.032222820938239787e-06 0.000000000000000000e+00 3.865066979256656584e-10 5.799158913076285808e-05 3.980334736987686028e+01 1.326263299870437322e+02 8.107260050647690264e+01 9.899377826529978108e+01 1.597437001709675997e+02 1.157625013257892022e+01 1.709841442310287505e+02 9.640506589957823280e+00 5.978732502199922010e+02 9.633955226219485439e+02 1.132591318550211099e+02 1.783136716382791178e+02 1.333703820199095617e+03 6.620871055409553700e-07 2.396650962528383673e+02 3.515657248136960789e+02 2.756317958788103510e+02 0.000000000000000000e+00 0.000000000000000000e+00 8.121957042494145185e+00 0.000000000000000000e+00 7.804531671941988691e+01 1.663531951541981243e+03 3.075044506164201152e+02
0.000000000000000000e+00 5.244376409137158817e+02 6.228215219500865487e+02 1.121288062086815216e+03 4.737010686796804748e+02 3.722031320883195917e+02 1.078351102901525138e+02 4.864238386826058900e+02 2.503209777311293793e-01 8.976994651588022407e+02 1.949280362800111988e+01 2.302235548513747447e-09 6.260049252717586549e-07 1.345863117134920728e+01 1.899316586868400805e+02 6.582017820428002324e+02 5.838382278799776515e+01 1.257509456474796480e+03 0.000000000000000000e+00 7.010602156918054690e-08 2.246810706587762638e+02 5.215092039365607945e+01 1.989534393318350283e+02 2.296893886706723720e+02 7.808912693536238976e+02 2.234208260356100340e+01 4.187844236854216607e-04 1.083645902388403556e+03 7.583094205799754661e+01 1.250770537946508057e+03 1.718758801264858960e+01 1.212628707321708589e+03 4.202824076118279777e+02 1.518816685261021121e+03 1.542250965074282703e+03 5.738399218736096152e+00 8.771375486632481397e+02
0.000000000000000000e+00 7.241363098548105448e+00 3.630722386301852733e+00 5.855195169613991766e+02 1.281064725122462505e+03 1.296825222105658426e+00 2.645587807495418247e+02 7.597812439795088721e+02 5.070592853826913711e+02 5.459419258194250233e+02 0.000000000000000000e+00 1.680515772552650560e+03 3.315182484218336185e+02 5.683800091624123496e+01 0.000000000000000000e+00 7.025489976167956740e+01 3.897436679104953328e+01 1.844633419417112350e+02 0.000000000000000000e+00 3.217963220300542275e+02 6.535617819322989419e+01 8.774588339910222885e+02 1.183920890837584210e+02 3.449300581808549282e+02 1.356298732294608499e+03 8.483171705167219610e-04 4.630990740248225324e-04 1.301521403010311587e+03 3.382124079388317739e+01 1.135951090307151823e+01 1.027507786540618895e+02 1.415293365887132815e+01 4.711844806331147879e+02 1.802583174921404350e+02 1.555016755108676989e+03 8.481551681838197965e+02 6.997368108831741651e+00
0.000000000000000000e+00 7.127227967093293728e+02 1.075681994563684839e+03 6.894807120825462432e-01 3.348977519177668949e+00 6.097857437261325231e+02 5.520808147124719198e+02 6.690439429233313717e+01 3.612606685881749513e+02 1.280983706577109615e+03 1.464415511808947485e+02 1.038413321533221279e+01 0.000000000000000000e+00 5.587120109052211570e-01 5.844573479047670617e+01 0.000000000000000000e+00 2.803944802873223097e+01 3.745819899352995970e-05 6.291573269986080277e+02 2.940716556977359346e+02 5.962936618061133842e+00 2.077565562169653504e+02 5.417388344962318358e-01 4.955713803408518743e+02 5.357303156523495318e+02 0.000000000000000000e+00 2.580867188930657790e+02 7.046275263596511740e-02 2.397051553081766428e+02 4.081526980382862462e+02 7.720674306460771277e+02 2.474115687486948900e+02 1.743281820917460090e+00 1.382560891714606896e+03 4.328080878320910756e+02 0.000000000000000000e+00 1.356856046365223847e+03
0.000000000000000000e+00 6.014287184456991326e+02 0.000000000000000000e+00 9.771150929167883987e+02 2.934814937895799289e+02 5.883013914454943460e+02 1.112104698186371365e+01 1.178829350019178719e+03 2.542947998707783483e+02 9.712479451307083878e+01 1.603093856809060526e+03 8.029406728156600366e+02 3.315371307782500025e+02 4.321955616579840580e+02 4.419705502153663588e+02 9.215609319752846318e+01 1.384234076905962486e-02 9.452412481439999681e+01 6.285957137144657736e+02 1.820170720167944654e-06 3.851024056348966838e+02 5.125706131643244134e+01 1.943529472003608021e+02 8.860677277958521358e+01 5.496456041911401371e+02 1.764607124113401682e+01 2.514038192532952962e+02 0.000000000000000000e+00 1.118425105443091297e+03 2.865714625192406384e+00 1.060711418196431850e+03 1.021907869747379777e+03 4.301588133006708503e+00 1.496935127366408096e+03 0.000000000000000000e+00 9.757592318220039260e+02 1.737649901615330236e+03
0.000000000000000000e+00 1.269902267341302831e+03 1.335412324256299712e+02 5.490790999446392107e+02 1.074027908427246075e+03 2.978538063883693354e+01 0.000000000000000000e+00 6.141626655683604241e+01 9.701101175671350774e+00 8.319498328461747860e+02 2.395299682162542013e+03 1.729998039133919576e+02 0.000000000000000000e+00 5.633517873601614383e+02 0.000000000000000000e+00 5.777928518105461535e+02 1.323816110556375179e+03 7.277406535775603516e+02 4.882345974215825777e+02 1.349926597446629373e+01 6.287625955234285584e+02 0.000000000000000000e+00 9.768226803669938363e+02 3.646765229849758327e+01 8.849117175114378142e+02 5.250914158825747080e+01 4.478878605078511299e+01 9.609032390765262832e+00 3.307343878044983398e+02 2.627998643225186584e+02 9.686041309934201138e+01 5.261992534115685203e+02 3.926344238948421550e-01 7.387852479068508273e+02 4.769325559432868999e+02 5.664600130642152180e+02 1.007868144975886253e+03
0.000000000000000000e+00 0.000000000000000000e+00 9.587544909700012052e-01 2.842622258186621025e+02 9.477806234852769762e+01 1.418976758187899350e+02 6.692225231727630899e+02 9.241388004681258650e+00 8.843177093327099101e+02 1.771780951963008874e+03 4.875563132163254636e+02 1.199652243998106798e+02 5.092309060233165496e+02 5.076341692344857961e+02 6.377814630826986786e+02 1.125175103832580135e+02 1.170013356337286268e+03 4.762108872701515452e+02 7.577097171214762561e+00 9.668204747724539629e+02 7.575397576630884089e+00 8.746466036168074609e+00 5.354230039069531131e+02 7.097919567733010808e+02 5.065010885815159725e+01 4.137880053825298887e+01 6.853884938359131240e+01 0.000000000000000000e+00 8.488722964240629381e+02 2.214847930625613581e-01 5.975860862797179873e-01 4.198671893425490254e+01 2.474827669323966859e+02 2.981854841525905658e-02 4.161458470445602131e+01 5.386132711190108466e+02 1.593169265146207714e+00
0.000000000000000000e+00 7.592863065252618071e+02 8.521897473916391164e+01 3.479298210940224862e+02 0.000000000000000000e+00 1.277668131966621331e+03 4.915568063372234064e+02 9.721731756009811320e+00 1.378936162278568190e+03 5.750862081228276566e+02 6.470445522668649696e-01 6.263417143067554207e+02 6.284313777039587379e+00 5.607111634701344656e+02 1.562778841704216575e+03 2.132104618993486156e+02 7.002889054400154123e+01 3.670832680436424766e+02 7.239324747785882437e+02 1.064562681446789156e+03 4.986504523547002918e+02 0.000000000000000000e+00 1.434635192442111929e+03 9.127356929971003865e+02 1.281056084741105678e+02 9.125983819383509399e+02 1.109413806475229194e+03 0.000000000000000000e+00 4.439247420109301174e+02 9.919383427927376715e+02 4.089174729677037590e+02 3.485129159532456811e+02 7.477627994278503998e-01 3.160689781317817942e-02 3.086527488611764611e-02 1.650281959348644705e+02 5.941329727426473539e+01
0.000000000000000000e+00 0.000000000000000000e+00 3.702268558958290896e+02 3.305800309679279394e+02 5.081467343510519186e+01 9.166085144014301704e+02 1.189800066307921327e+02 8.240943443028189819e+00 8.196165629518876585e+02 1.299009377187239238e+02 2.674600515376195631e+02 8.749247794860730210e+02 1.764909140464706923e+02 0.000000000000000000e+00 1.530965709842647584e+03 6.496541762496482306e+02 7.240336857037075191e+00 7.390616004704646684e+02 1.938985868007371138e+01 4.949436801163647033e+02 6.623388510143249732e+02 5.157516926434542484e+02 1.514037934749768056e+03 4.226873418115537220e+02 1.348158153009750890e+02 1.904430989888834347e+01 1.041354959667701081e+02 3.576327050854800973e+02 3.703060607622551403e-01 2.184473042738883066e+02 7.248898338099483851e+01 1.515638242089461796e-01 8.545265206787843226e+01 5.097258260814527819e-01 2.675616920841498991e-02 2.096897888155810463e+00 1.538483472168287491e+01
0.000000000000000000e+00 6.085223518790293156e+02 1.044911203631783252e+02 2.614854065129963712e-02 5.896585693778059749e+02 6.881933685825202929e+02 1.340441184164519655e+02 3.544521929060259708e+02 1.719144817035383426e+02 1.599462662524035977e+03 6.188432863127857217e+02 5.820659942942448879e+02 6.002540242367987275e+02 0.000000000000000000e+00 1.426267948729309410e+03 9.649672870032630954e+02 4.485209681081293809e+00 1.218701466359861342e+03 2.524185514443842067e+02 5.975343887260047495e+02 2.607273183019278306e+01 4.741634651795058630e+02 3.374640417480609926e+02 2.981312943524750381e+02 7.546752821501884227e+02 1.059323113280384632e+03 0.000000000000000000e+00 3.039557175641987783e+02 7.297981072208999649e+02 4.505680390374932287e+00 8.191088657113139107e+02 6.551731423789548217e+02 0.000000000000000000e+00 3.222414112124512258e+02 2.898499799219292186e+02 2.518380958083755505e+00 6.115714589333501863e+02
0.000000000000000000e+00 0.000000000000000000e+00 1.144387873087818434e+03 7.694947440493641579e+02 3.816688199732592466e+02 2.216104479460696552e+02 5.801137981030862756e-01 1.216525691819741951e+03 2.674583379967544943e+02 5.888474472923593339e+02 8.137833470104919797e+02 7.184930001945913602e+01 1.440799886669714851e+03 0.000000000000000000e+00 5.133223906698674455e+02 1.203398239446124535e+03 3.793875801331653363e+00 9.318140417056031310e+02 0.000000000000000000e+00 3.136764303872919299e+02 2.726168004779806253e+00 9.765198444539929596e+02 2.350532888211365901e+02 9.272738757607978641e+02 5.115166940348825619e+02 3.538156626644267249e+02 6.431026189269197175e+02 0.000000000000000000e+00 9.875189781630164134e+02 6.486800701521934798e+02 0.000000000000000000e+00 6.309534531830828428e+02 3.739340383670674228e+00 5.664943806539247362e+02 5.048580737300158994e-01 3.966442404991248054e+02 4.537502521776239064e+02
0.000000000000000000e+00 1.178500763804899094e+02 8.797616691776793232e+02 1.109422250695403136e+03 1.407843414129229814e+03 2.869146485316133521e+01 1.674254610507230154e+03 9.614985265983699492e+02 1.150914638882426743e+03 9.082125864473031243e+02 0.000000000000000000e+00 9.823881326061250547e+02 2.039695826661211981e+02 9.802646765175360599e+01 9.306453039654180657e+02 3.264173801022891297e+01 1.779255751106253683e+03 2.845730751111144059e+02 1.630901372196193279e+03 2.491973929523145443e+02 4.803986375941298093e+02 1.607812909321789618e+02 2.301176247447458536e+02 1.854132044562375654e+02 7.779883268835657191e+02 1.218158928103876661e+02 8.512133611442715164e+02 6.400296496109403961e+02 3.434611252406511426e+02 1.307013701174903872e+03 2.374903352227466655e+02 1.404224969168925099e+03 4.905627538182123004e+01 3.831061166477186362e+02 9.776845923060055839e+02 6.995511224120035649e+02 4.764797373042727031e+02
