output/example/lateral_incision_000451.asc
nrows	75
cellsize	13.33333333
xllcorner	0
ncols	75
yllcorner	0
NODATA_value	-9999
[rows 0 to 16 of 75, columns 0 to 36 of 75]
0.000000000000000000e+00 3.111560667785954148e-09 0.000000000000000000e+00 7.593259462781106777e+02 0.000000000000000000e+00 6.938671446162800294e+02 3.322898466254517871e+02 1.334620413499106235e+03 4.073628599788000884e+02 5.961565685188394070e+01 5.062690216439984425e+01 1.908731984851879560e+01 3.460644357067516239e+02 7.628841068651413480e+02 3.757497399238296225e+02 1.600331517760587587e+02 5.412460465191597483e-06 0.000000000000000000e+00 1.430772275955948469e+00 4.457327673779949428e-01 5.350972943520834746e-02 8.214038731092654518e-05 2.132444891575236974e-04 1.614394187922306756e+01 2.010956727149804113e+00 4.037682547253197640e+00 4.863268802456290274e+01 2.394697288128030332e-06 8.592563712945595588e-06 1.072833790534963305e-01 1.062124016246730662e+03 8.673434552864750913e+02 9.240312403002536712e+02 0.000000000000000000e+00 0.000000000000000000e+00 0.000000000000000000e+00 1.735495984371692302e+01
0.000000000000000000e+00 4.189462385105501880e+02 2.066144310508343835e+02 1.143583346192409635e+03 2.424198311951535061e+02 1.928566076335825608e-01 9.827617015355968988e+01 9.095687257564957235e+02 6.289732337969026332e+01 5.056383728443443601e+02 6.562063622362288697e+02 2.535050073491299827e+02 0.000000000000000000e+00 2.783748373746746196e+01 5.943296427299654852e+02 5.223777410936929755e+01 3.370132842758679317e+02 1.779359462108671508e+01 4.778060027682983559e+02 1.287561009007647916e+00 7.604558689415603112e+02 5.811554503534511014e+02 6.306793887555367739e+00 4.046274533121911645e+02 4.502574862921687213e+02 1.857012519395957213e+02 5.644500238687592173e+02 5.540484788662165556e+02 4.266099728048768043e+02 3.092736700459576937e+00 6.002223907945896144e+02 9.954017742446934562e+02 4.852487352871007715e+02 3.655390711571771423e+00 5.044055294350693538e-03 4.953269723825541178e+02 1.401151956050069600e+02
0.000000000000000000e+00 0.000000000000000000e+00 2.246374556338482193e+02 2.530601377979240851e+02 9.207350685620111790e+02 2.496682562123682771e+02 6.323662969543707959e+02 1.964956093476674823e+02 2.535687629272372021e+02 1.160414222255435106e+03 9.085647053406263467e+02 1.297920179622622427e+01 1.101464883144960140e+03 1.433153423560868760e+03 1.540236791158595224e+03 1.718847187115174506e+02 0.000000000000000000e+00 3.671200544221227346e+02 1.488146155584592805e+02 9.256534347337644419e+01 1.760389464828773214e+02 2.775251887819882768e+02 9.978380608907219766e+02 7.514728932135233208e+02 3.705518945045454302e+02 3.402570572130173900e+02 4.763764944224794107e+01 0.000000000000000000e+00 8.815401699615277948e+02 2.204063968097215422e+02 7.068289366433375562e+02 2.872553588878974828e+00 1.111889747900659358e+03 9.746582083553541906e+02 1.368620825736577160e+02 1.052431370145156279e+03 1.335897137412738722e+01
0.000000000000000000e+00 1.410832847208632074e+03 1.752964298020998058e+03 8.146947753533047489e+02 1.475636344405624868e+03 1.062365398511291687e+03 1.240492809671003215e+03 2.438259814840744752e+02 9.484643896050790772e+02 6.737035257296884083e+02 5.886774115390468465e-01 6.868494298761957495e+00 8.421934707956738819e+00 1.326665579536201903e+03 1.711765585904254010e+02 1.196127597034575729e+03 0.000000000000000000e+00 1.711454574980576027e+01 1.073736405814400541e+03 5.673841487958118250e+02 8.047922789994947923e-01 5.667239189858541693e-01 9.851297111955294667e+02 4.836485704509408947e+02 4.274874316392862283e+02 2.874503572643452287e+01 2.286631646431976606e+01 1.697231790134050584e+02 1.966570729940414139e+02 1.020828366460216785e+03 1.437452716068297605e+03 2.882581483552782231e+01 2.704200862546058488e+02 1.110090771287808593e+03 5.831755890601261854e+02 5.965693750688462842e+02 0.000000000000000000e+00
0.000000000000000000e+00 9.780280894551282245e+01 0.000000000000000000e+00 1.683104371997747251e+02 1.234835601672904062e+02 1.752693363326880842e+02 2.848503809812941086e+02 1.021909746421592558e+03 1.097484563881244867e+03 0.000000000000000000e+00 4.940286958217180313e+02 4.531581159981534768e+01 1.303861489564941849e+03 1.280733837958367758e+02 7.898929971751688299e+02 7.516857790015678802e+02 1.735193880089536123e+00 3.903129351362429844e+01 2.054837793067905238e+02 3.558550666379835525e-01 2.320646883163848031e+02 8.806744478334259441e+01 3.112595192427659030e-01 5.916602506625537217e+02 8.408050819104752804e+01 1.021230414643386730e+01 5.404029097741392889e+02 7.604199084026928013e+00 5.461519025427283935e+01 2.468475278937293069e+02 2.904413171451325297e+02 1.893589070743617526e+02 1.569824622323790436e+03 6.733907292496192554e+01 6.440465302691133154e+00 6.546159878684729847e+02 2.030331343340978023e+01
0.000000000000000000e+00 5.698854487682488070e+02 2.321812053466586008e+02 7.177663125162007418e+02 1.210491987829083428e+03 1.321953238514245641e+03 5.342668264301195080e+01 1.750440016383608022e+00 1.288908629026199826e+01 1.602702220768678671e+03 6.814134809415312475e+02 4.840330747252346555e+01 9.605518146838296616e+02 2.183275078890239911e+02 1.218246200254831813e+01 4.232911075388416862e+02 8.486242998392935988e+01 3.493736834741482653e+02 7.965311010584709948e+02 7.633445828398505739e+01 9.640812315471926013e+02 1.212095962279273635e+03 4.115481619837243557e+02 6.592910678724756508e+02 1.570085053912665671e+03 6.861032013920620898e+01 5.323815582791669954e+01 9.208011020692684667e+01 5.953753027984838582e+02 8.058124016991083636e+02 7.501680314721818377e+02 4.548203433877755231e+01 8.119593282946132149e+02 0.000000000000000000e+00 5.746223702123915018e+02 1.539575249789045984e+03 1.530817741127933004e+03
0.000000000000000000e+00 1.242311031417269533e+03 1.174187063560356364e+03 2.956312884025299468e+02 0.000000000000000000e+00 5.153159643495835098e+02 5.649098070529007742e+01 9.126096077111618854e+01 6.429129373274431600e+02 1.335949569127683390e+02 1.077942984919797709e+03 3.425417293546423991e+01 0.000000000000000000e+00 1.099137386266354270e+03 4.721895610752002881e+02 2.657976780353097297e+02 8.386911412752327806e+02 3.784209810794671398e+02 7.301812010360303020e+02 3.046447510833928618e+02 0.000000000000000000e+00 1.130667356035175089e+03 1.175216374513181790e+03 4.393427976762673097e+02 3.245868356399253116e+02 6.459916456219020553e+00 4.352487362617777649e+02 4.225745597238736551e+00 1.949236208553330698e+02 1.108752453441756415e+03 9.619519696546932437e+02 2.560751086261900156e+01 9.041931760995470313e+01 4.690766971191425228e+02 4.072392198538197476e+02 1.348079118495458317e+02 1.073918548611266260e+03
0.000000000000000000e+00 6.732101670338055328e+02 8.479072048180488537e+02 5.950440095697889120e+01 7.877684102470566074e+01 6.044133580600638425e+02 5.529428431471319527e+02 2.364338608880732409e+02 1.070584946761554193e+03 1.995224440857467130e+02 2.646677828482271622e+01 1.391878313005054792e+02 5.208195873284645359e+02 4.548744352040105241e+02 0.000000000000000000e+00 2.434664417336451834e+02 1.736463046646476016e+02 8.067447823625217396e+00 9.178740050006365436e+02 6.849395036948702682e+02 1.692177142954719216e+02 5.962297613618450214e+02 1.284774360726778696e+03 1.388184307653140195e+02 1.235580866698598790e+00 1.199869191701525097e+03 2.513414712989031443e+02 0.000000000000000000e+00 5.191817362207616497e+02 1.139207471824508048e+03 8.248173499009965326e+02 1.846366277342375284e+01 5.390832167656370757e+02 1.200466857222155426e+02 8.106031835537118013e+02 4.723381919957842712e+01 3.942133823723363548e+02
0.000000000000000000e+00 2.438519404844392398e+02 1.274665170729904958e+03 9.877454776349459280e+02 1.722273580973923686e+02 1.144935249432181337e+02 2.234741464886100459e+02 6.249874022952590167e+02 6.942660541835314234e+02 4.448447329752642787e+00 7.921116377503806234e+02 2.834053464805134581e+02 6.790872392610508790e+00 3.731604920279856970e+02 1.045345355893788792e+03 6.155068716058344762e+02 6.370836838492700736e+02 1.833932494273076586e+01 7.297568367992518290e+01 1.650254396073374323e+02 6.162760762351980475e+02 3.075551893503160716e+00 1.190814995969390111e+03 1.492560386200767653e+02 0.000000000000000000e+00 5.041338401337635560e+02 7.326775676596881794e+02 0.000000000000000000e+00 1.107634242346017345e+03 6.802652688456830674e+02 7.533569613721226688e+01 1.191924956458422457e+03 5.796936741849191321e+02 4.051156746451047397e+00 1.251341037304904091e+02 6.211440743931712660e+01 5.072599333795063785e+02
0.000000000000000000e+00 3.503554919392447431e+01 3.158607150719032930e+01 2.077612445358301159e+02 2.233230585825457979e+02 3.311354948928711224e+02 3.452683172216518415e+02 3.449613894237643308e+02 0.000000000000000000e+00 0.000000000000000000e+00 0.000000000000000000e+00 1.085824678627736830e+03 1.275337007282533222e+02 2.969388058127951808e+02 1.309045728156321786e+02 8.128893893907617212e+02 1.393651552052080262e+02 1.176675584430040090e+03 3.138965313164803206e+02 1.700323935711616841e+01 5.302847524860791282e+02 6.360456714656138502e+02 9.959848175553780436e+01 5.402086178449352616e+01 4.144359592967743993e+02 2.077570740530402205e+01 1.556734048102629409e+01 4.859208636642331491e-01 6.869624417757693209e+02 0.000000000000000000e+00 6.421402667803987470e+02 9.215988439547728603e+02 4.530993998777104821e+02 7.039399571505941822e+02 3.854209049565147893e+02 3.996099237282575132e+02 1.086576923041761120e+03
0.000000000000000000e+00 9.221667430177509459e+02 5.518468291324452366e+02 3.011432074345902379e+02 1.577885223068702089e+03 6.041808934206261306e+00 1.160975692322111819e+01 2.497359559539447105e+01 3.362364147452862717e+00 9.506534210973155723e+02 2.058671615289274257e+02 2.709065167767100846e+01 2.042492853200419063e+02 1.868350318827017631e+01 1.009311043973162668e+03 4.996527483933997473e+02 3.728432495703867176e+02 2.384497613284003705e+02 2.615829509279402600e+02 7.547073992229467621e+00 3.473262992305310490e+02 1.090286609823351682e+03 1.972666562392904268e+02 4.512096320844094510e-02 1.698434446461766129e+03 5.884464631002822443e+02 0.000000000000000000e+00 5.830546545131227276e+02 3.722679792095225371e-01 1.084311370852197570e+03 1.310455010874228037e+03 1.593743230078795932e+03 3.305671587244175385e+02 1.433006297620702298e+03 8.418446264665526257e+01 2.695545282515230383e+02 1.059248353938097353e+03
0.000000000000000000e+00 8.845856570552240328e+02 1.068157627202685262e+03 4.537418437823648674e+02 1.047266584092438961e+03 8.402188407798719254e+02 1.867497260484380774e+02 4.710709227329563191e+02 4.537930153347263129e+00 8.753461485977408074e+01 1.355657615166183128e+01 2.276454194855847035e+01 0.000000000000000000e+00 8.922820793431083075e+02 0.000000000000000000e+00 1.201594829809100020e+03 8.441457993594544007e+01 5.540740123736907208e+02 2.018435553919885450e+01 2.261247538009734992e+00 2.338561574926781077e+02 1.271843268070478416e+03 7.736871470399111104e+02 2.295135726861491605e+02 2.915568624544026477e+01 1.015811674835017470e+03 6.705914993263283463e+01 8.879869157162989950e+02 8.741154206982735104e+02 1.555100147865206850e+02 1.198591274091209925e+03 2.363548202490588057e+00 8.001423685748394021e+00 1.922657408012497271e+01 2.752304861583907680e+01 2.039889295004085668e+01 3.024399356446546605e+01
0.000000000000000000e+00 1.224615314133337961e+03 1.204892585678272098e+03 1.313031192370116969e+03 5.619353444276108611e+00 2.971029476883082499e+00 4.876631567473052655e+02 2.511659229680293848e+01 4.602802554994732418e+02 1.111861270781506619e+03 3.243758578978372498e+01 1.409426482264059587e+03 7.706008628656819610e+02 7.159924946899918723e+02 4.495319074419015792e-01 3.901745497063102164e+01 1.900214595815592702e+02 5.314378188689006066e+01 5.275506597844448606e+02 1.127011236440324415e+00 8.495245632200185071e+01 5.886485350255867388e+01 1.569469295720493164e+03 3.068745287699957203e+02 1.277613154800207518e+01 4.769274350007520269e+01 1.181106937127478140e+01 1.705926932528316797e+01 4.172081358201111811e+01 3.413464334006216205e+01 5.364099543049922403e+01 1.327219572277316729e+03 8.738483529600924840e+02 1.067354016693250287e+03 1.293848526410530667e+03 6.893698397746898081e+02 6.669384940401570248e+02
0.000000000000000000e+00 7.536854315767864421e+01 5.861217776236918198e+00 3.037005000751885291e+02 6.378612645962866168e+01 3.969752705819079353e+00 0.000000000000000000e+00 4.002257216843887022e+00 7.295982787234102034e+02 1.504438898227870141e+03 2.219007841527131291e+02 6.787332932531122651e+02 1.383941745023389103e+03 1.093388775575745639e-02 6.629293799176362256e+01 5.771956450557908056e+02 2.237311319427616070e+02 8.783392654134530630e+02 3.304326684669064207e+02 6.879360697254027173e+02 1.736154330765532450e+02 3.037340034197752061e+02 5.829528631469788058e-02 2.091268940707240986e+01 1.760309001145079037e+03 3.402030801450413264e+02 1.698800533757137373e+03 9.752592388307812143e+02 9.529806297396189620e+02 3.283196993727686390e+02 1.239957860697789101e+03 2.466005442683112392e+02 1.787088274475622640e+01 8.238981386708817354e+02 3.037186079931126983e+02 1.509713231447734572e+01 4.634227505104197462e+02
0.000000000000000000e+00 0.000000000000000000e+00 1.394394074959405771e+03 7.354216081114050212e+02 3.009673618719082810e+02 1.171273324211383624e+03 0.000000000000000000e+00 1.097608578670257202e+03 2.082569322068584086e+02 1.181197212371000393e+00 4.145624949330479581e+02 1.868563899360308156e+01 8.214580682426406710e-01 0.000000000000000000e+00 9.931936414099953314e-01 6.407671053599499373e+02 1.804666771358959352e+02 7.383962257053659641e+02 1.368915998181143845e+00 1.390093146306377093e+03 1.762095268577520528e+03 8.485205805365926557e-02 1.628010939751597732e+02 1.329303844551654493e+03 1.351004783846672808e+03 3.995007626616687162e+02 1.101831624359637999e+03 7.373817337661138254e+02 4.507773824891482262e-01 7.675942556830694912e+02 1.260407123380442727e+02 1.190270050883953843e+02 1.311743374897127296e+03 4.998511592799787451e+01 6.247993094285048983e+02 1.930842457341034191e+01 7.775906253033811311e+01
0.000000000000000000e+00 2.129096845164226011e+02 4.257009274320165737e+00 3.903105925044720453e-02 4.351176627597582183e+02 1.207270987136991835e+03 1.426766773132661399e+02 1.427360306191383415e+03 6.243900478481193659e+02 7.510279513019068709e+00 7.796898371292211323e+02 1.355697906818360480e+03 1.105110212593063352e+03 4.873118533696468830e+02 1.394800443216513486e+02 8.926026348270637811e+01 5.365141710032831952e+02 1.195276270791447359e+02 2.728473371783689458e+02 1.195823617421080343e+02 1.116731049548072674e+00 5.355262444922972236e+02 1.306543981018870113e+02 3.067743523776435555e-01 6.086798098244444191e+02 1.537184926803228109e+02 1.181186292248639575e+03 7.194438556946050767e+02 1.879298724007761621e+02 3.612962331081281775e+01 9.304357546373646528e+02 3.575771966493380916e+01 1.041551929460023018e+02 8.016801381436424663e+02 4.910567592714087368e+02 6.828802854879422739e+02 6.376065508041979228e+02
0.000000000000000000e+00 1.854058537983582085e+02 6.162754020882118766e+02 1.253802794184466393e+03 2.919989380085564790e+02 1.105989562693440121e+03 4.360384926327418498e+02 2.974146224078301657e+02 9.349333098184390565e+02 8.429601517365978225e+01 1.324199903124506818e+03 1.428324806932030924e+03 2.064675107144770205e+00 9.090597009844665877e+01 5.742729437828176060e+02 5.649253469875610278e+01 5.512644937578274895e-01 1.152071744527490615e+01 8.682745459325303727e+00 2.555760532418226560e+01 1.362171979502989643e+03 5.321626854315653645e+02 1.043727271318496150e+03 6.941729290240277805e+02 2.462458857741472329e+00 6.583341120462912954e+01 8.335837034138983199e+02 3.187857133660180011e+02 1.373755848719045616e+03 0.000000000000000000e+00 1.305653595873254972e+03 7.733023853875864972e+01 2.900541192286596583e+02 7.452450707400796182e-01 1.886637054744431907e+02 5.531852037565490718e+02 2.236096593419235035e+02
