output/example/lateral_incision_000227.asc
nrows	75
cellsize	13.33333333
xllcorner	0
ncols	75
yllcorner	0
NODATA_value	-9999
[rows 51 to 67 of 75, columns 37 to 73 of 75]
5.655853080943812756e+02 3.357862488438502169e+01 4.176022932429065122e+02 0.000000000000000000e+00 1.074115230955982497e+03 1.168852934189719548e+02 3.780371886907666976e+02 1.200840766220440159e+01 0.000000000000000000e+00 5.311918464564894293e+02 1.734409432569623050e+03 7.362246226084155296e+02 0.000000000000000000e+00 4.869789980298964593e+00 4.874698549725421515e+01 0.000000000000000000e+00 1.532689436392180596e+03 1.236044040748667356e+02 9.851507190438942416e+02 4.066253984623169231e+02 8.854088535752068765e+02 1.638755443507102427e+03 0.000000000000000000e+00 1.045421558083605532e+03 1.230225169062981877e+03 6.848409511771519647e+02 4.982976565283334480e+02 7.488116206191733681e+02 2.918181569636956283e+02 0.000000000000000000e+00 4.130613798816165172e+02 0.000000000000000000e+00 0.000000000000000000e+00 1.438591260011213990e+03 3.867965766631982660e+02 1.488787895594173847e+02 1.245436797731694689e+01
1.236029689438335481e+03 0.000000000000000000e+00 1.189946949475588781e+03 1.367066478445225130e+03 2.936621812878006388e-01 1.585150549950657251e+03 1.205306325268729779e+02 1.320546948307011007e+03 5.996922344794767668e+01 1.635510322045551902e+03 1.482234291218860744e-01 5.691242071492800925e+00 1.325889025320354442e+01 4.935877497076857594e+02 4.624953667796659147e+02 0.000000000000000000e+00 1.500471292842187040e+03 1.193506674077123364e+02 5.733629073755249692e+02 0.000000000000000000e+00 0.000000000000000000e+00 2.368312736776847203e+02 6.507443000924383796e+02 5.175192206690168439e-02 1.193314835866813382e+03 0.000000000000000000e+00 2.335134281892954107e+02 1.736277908123336378e+00 6.671374989882810951e+02 6.190555013840081529e+02 6.768816266266421735e+02 1.570624883379197172e+02 2.751603891827117536e+02 1.630328310042530404e+02 5.561194941219589793e+00 3.434465033254418143e-03 6.414083328517310001e+00
1.613450784186269693e-02 7.246601492234624402e+02 0.000000000000000000e+00 1.403745190374382917e-02 1.593322179146525741e+03 0.000000000000000000e+00 1.503813083668780791e+03 0.000000000000000000e+00 5.510119646601994298e-02 3.680245728508628744e-01 8.721659529007163769e+01 1.286102933062174998e+03 4.448367823317446579e+01 4.439894704961609477e+02 3.436771730127993578e+02 0.000000000000000000e+00 7.266416102960013177e+02 7.191143652161966315e+01 3.445963331399248659e+02 2.924292600488413427e+02 2.701655241560198206e+00 3.349068259628799069e+02 1.596232449565672596e+03 1.598533937702497497e+03 5.760875029937967406e-01 1.699490527301943303e+03 1.145374423342153705e+03 5.651904714625691213e+02 3.983399143467719909e+02 1.036445618118626300e+02 2.253547421756632030e+00 8.518857719298233633e+02 7.675280283561730812e+02 1.160160110884047384e+02 8.200217095691358509e+02 5.063361064164473078e+02 6.637384679512655339e+02
7.109549394586171047e+02 9.242439366406902082e+02 0.000000000000000000e+00 0.000000000000000000e+00 9.067043241098382396e+02 3.103207338819706251e+02 0.000000000000000000e+00 6.612952556914250408e+02 1.753124726414996530e+03 8.107387822470644778e+02 1.640152027632784950e+02 1.155587626128548891e+03 5.547862922278293252e-02 5.326619292840659909e+02 2.899024293443221723e+01 8.864512930691259953e+02 4.098084598295619116e+02 2.533144433618050306e-01 8.673144226383877822e+02 1.790389934700832697e+01 2.588669733648091551e+02 1.329170979920088485e+02 1.014992949955048971e+03 0.000000000000000000e+00 1.219183877752041781e+03 4.576506869460923443e-01 1.942273661179355670e+01 5.082573864570320552e+02 1.329913100195716197e+03 6.996112033125272944e+01 4.470171466686855979e+02 1.267419168569230578e+03 4.579569533461032620e+02 8.307740625181514815e+02 2.301538001359360806e+02 4.903202591765165721e+02 1.312605780909098030e+03
0.000000000000000000e+00 1.004230034533709244e+02 9.448598419128485304e+00 1.240222852831936962e+03 8.525303971216322907e+02 2.595067650206439112e+02 6.962035916159192084e+01 3.311990945320239188e+00 1.123437681466042704e+03 5.676489409282420695e+01 6.375807632226495603e-01 9.830630071874511486e+02 1.666570671728602520e+03 2.128363763366112327e+00 5.383061382447846199e+02 1.281055812059231300e+02 4.225722178816389487e+02 9.603469590842431671e+02 5.012554149672977521e-01 1.303657031455924880e+03 0.000000000000000000e+00 4.420536883921014351e+02 4.460643153175500863e+00 1.897789869555655571e+02 1.745101712134782019e+03 3.918121382144818909e+01 3.322561704072563771e+02 1.052064682019885122e+00 3.679696430078382718e+01 4.506478360417430054e+02 3.816069855254027630e+02 1.400626124418840561e+02 7.310175253798839776e+02 2.225823285138889673e+01 3.939858448834600608e+02 5.360395006510383809e+01 6.190498148218426877e+02
1.707030282750321817e+02 7.849844559784037301e+02 1.084815915147672349e+01 1.655694392739656678e+03 1.402778949443623105e+03 6.116866556386835327e+02 8.869777692632951016e+01 1.569564567389259082e+02 5.559305845397544772e+02 1.365687761391607857e+01 3.168402300072290814e+02 2.207849938597762502e+02 2.509984029913983932e+02 2.264958197401972129e+01 1.268513083142697951e+03 3.490944953342953028e+01 5.654454692066136801e+01 1.092154718851225653e+03 2.131528213744334987e+00 4.494187362919901716e+02 5.750417619459981324e+02 6.352018998171835165e+02 4.682819189659229164e-01 3.423887561425885195e+01 1.082950107385458693e+01 2.188689539129761830e+00 2.752198522955617932e+02 0.000000000000000000e+00 2.511992886619720480e+02 8.500986149853640654e+02 3.718110224696584254e+01 2.065889087589697937e+01 9.178663494514685226e+02 5.307165204138034653e+01 1.600816645384367689e+02 9.186829384263954807e+02 1.192033410255237840e+02
1.121279272327454009e+03 2.997298455248754934e+00 3.632365763331951047e+00 2.016998786246972375e-01 8.751546039108552577e+02 8.859779969960184189e+02 6.535491861530243751e-01 1.092130687464353514e+03 3.626195490980211389e+01 4.464050211442450404e+02 1.317057950575948553e+03 1.329551288741277482e+01 1.323132722080455096e+03 3.438075827434361713e+02 4.926790341444830545e+01 1.404374529406213696e+03 4.626172154350821302e+02 0.000000000000000000e+00 5.237896085057031996e+02 1.781886251509108288e-01 9.874996535301887661e+02 5.063353003611536565e+02 8.981254582926969761e+02 2.304431502854248137e+01 3.076744991597869330e+02 8.374990028095526284e+00 8.726155829428623747e+02 3.410657114695152359e+01 1.171530937458886683e+03 9.939535414037305827e+02 9.058846926104370141e+02 8.666329256186155590e+02 5.694778648283198663e+02 3.386628780259171378e+01 5.958602077478435604e+02 1.051969276317486468e+01 2.001316044414525948e+02
2.015581611606803047e+00 6.189654939212426044e+00 4.194085598503078671e+01 1.240800860371564340e+03 4.210826601794933621e-01 0.000000000000000000e+00 1.785031329005753093e+02 4.454781691929180170e+02 8.568113865117551597e+01 4.609549541918910904e+02 3.419031477287327334e+02 2.434694342025037486e+02 9.149705921459023727e+01 1.007932573606830942e+03 1.214526166497358417e+03 2.276580992722441579e+02 4.599958063117747997e+02 9.032693856010948821e+02 5.790113805603011032e-01 1.007115645568004084e+03 1.349927742477023457e+03 3.539832933774883372e+02 2.260860925200914551e+02 3.395973293244646385e+01 0.000000000000000000e+00 1.748915247856160931e+03 6.906120582489030824e+01 0.000000000000000000e+00 0.000000000000000000e+00 5.169279594542308587e+02 9.822485219743032303e+02 9.806403633753114946e+02 8.877413104096448251e+02 2.733923429303593000e-01 0.000000000000000000e+00 1.007882376030284490e+03 1.017805260897577169e+00
1.144767136036854481e+03 3.221011537407407559e+02 9.102732806620875863e+02 0.000000000000000000e+00 4.274570064311517399e+02 0.000000000000000000e+00 4.771464561707738312e+02 3.397004428741024640e+01 1.308650149016045532e+02 3.584542757460887685e+01 1.055047012234129625e+03 8.576894672227306273e+02 7.965734819602138828e+01 1.454615542913432364e+03 9.165023202526933801e+02 2.753803081971652205e+02 0.000000000000000000e+00 1.555603541708437945e+02 2.679013029953166702e-01 9.787686796591689244e+02 1.016963582414660777e+03 1.163491414576533316e+03 3.461426608996907017e+00 2.248009119423886659e+02 3.560074802669720953e+02 1.032665898298974298e+03 5.828375200319831778e-02 1.263166224304747857e+03 1.341250729268317400e+03 8.668777294557310142e+02 3.311961735628140335e+00 0.000000000000000000e+00 0.000000000000000000e+00 1.766763898598550213e+02 1.551756949571930363e+03 9.401721079001262069e+02 7.009309126332270434e-01
1.926689324092513516e+03 5.678699576776880065e+01 1.156415426888662523e+01 4.780423906803728187e+02 1.536405977514965571e+03 6.480276811419355631e+00 1.248587864249890799e+03 3.137207833634619192e+02 2.727637552940755086e+02 1.563484278529766591e+01 4.627482812233932918e+01 1.544213912402540018e+03 7.341974811225508990e-01 8.270925673546574899e+02 7.752764783022785195e+02 1.941791467545518799e+02 8.523997531662689653e+02 0.000000000000000000e+00 7.184753063570283871e+01 4.757464681950787053e+02 5.306730597384428982e+00 1.469358331895250274e+02 1.256448507583977971e+03 3.526644268240641509e+02 6.333811013802653767e-02 4.252265004686612571e+01 1.231936382502045035e+03 0.000000000000000000e+00 3.910738845682235478e+02 4.524603403358433411e+02 1.084170174052449056e+03 1.937108497511015628e+02 5.334814200016927543e+02 5.393090380426963293e+02 1.315994605901715886e+03 6.294323013319182110e+02 1.591030339047951259e+01
5.235734749123747633e+02 5.240474437837191468e-01 0.000000000000000000e+00 9.680996772844594034e+02 4.955818683541394876e+02 4.310883125782711431e+02 1.210928079531105084e+01 1.767592292242704559e+02 7.671352462244597064e+02 5.753991226525351443e+00 7.751564418885745908e+02 2.765196605924401183e+02 5.804782852384256557e+02 0.000000000000000000e+00 7.976352970537815281e+02 5.083868931076712556e+02 1.086351177420121758e+03 7.796944349464563402e+02 2.995306943376541540e+02 5.894567523709888945e+01 4.695713732807100200e+02 0.000000000000000000e+00 1.415848035479888267e+03 1.180661075651124065e+03 1.482167521273217436e-01 9.213540772972537241e+01 1.930026042013492713e+02 9.604866759308284827e+02 1.505181069779980785e+00 4.401558788239025830e+02 8.065604864552243498e+02 0.000000000000000000e+00 1.383320021188201565e+02 3.710824927461118818e+02 8.252849539474792664e+02 8.867871868353034870e+01 1.169697889094531774e+03
1.184140092305097056e+02 2.114358356563579093e+02 0.000000000000000000e+00 1.380683488140613008e+03 5.195537742759337334e+02 1.604657985221997023e+03 4.162635581480970792e+00 2.641447021990945245e+02 3.621195934947976980e+02 2.827374035792950622e+02 1.100059559707481233e-01 2.765378704696594809e+02 4.960900237451419947e+00 8.015411761075063168e+02 1.014313377931861282e+03 7.374765119843760708e+00 2.830951609044620341e+02 6.738094595661523556e+01 4.394990751487772407e+00 0.000000000000000000e+00 4.035366917380305551e+01 3.263475714495004922e+02 7.691439829974646614e+01 2.488059871662116507e+02 4.711795831027781674e+02 4.877344565083880639e+02 2.946245580441797642e+02 8.413397085786650678e+02 1.398678397937858335e+03 5.748055212523879298e+00 3.463028455735321813e+02 1.993875174571624598e+02 1.659669394446913202e+03 6.906424088812799482e+02 2.292049327036077386e+02 5.984462627603907094e+02 1.012212194500394276e+03
8.064587923580877771e+01 6.889691310476021613e+01 6.057601379219009914e+02 8.979841140734450846e+02 2.629233125247417320e+02 3.498031012595073435e+02 1.794990731272721263e+01 6.164443110242648345e+02 0.000000000000000000e+00 1.999373895295725276e+02 1.223668410382749840e+02 0.000000000000000000e+00 9.778013239696138115e+00 5.768539451954831065e+02 7.194989080859858177e+02 7.549245954361847453e+02 3.306192982202703661e+02 5.523115333496431276e+02 6.051762618611459921e+00 0.000000000000000000e+00 1.344299433204380705e+02 1.337423956002871819e+03 2.192801949111392901e+02 7.061676607445383524e+01 0.000000000000000000e+00 0.000000000000000000e+00 8.673654189773359349e+02 1.719757252593636849e+02 0.000000000000000000e+00 2.964659976927138700e+02 1.300813481196744448e+01 9.429574728588984271e+02 4.407129286222474320e+02 0.000000000000000000e+00 1.336864872873524973e+03 3.478286136362007142e+02 4.649880310378163131e+02
2.130714063285901716e+02 7.028792858832440515e+02 1.569566211798076427e+00 4.908042889299490525e+02 4.553067434921339895e+02 1.601417550633412020e+03 3.441214268084279659e+00 1.048569945073127201e+03 1.198968943972272882e+03 3.730330197318961609e+02 0.000000000000000000e+00 6.654671006493259711e+02 1.389967866460510550e+03 0.000000000000000000e+00 6.196652548965566893e+02 1.716281616850947103e+02 5.769452488018210943e+02 8.990183896134436736e+01 8.194130545822318936e+02 0.000000000000000000e+00 9.995609589245833604e+01 3.034369705389573255e+02 4.511689127085383575e+02 5.487066920321236552e+01 2.816039235303051100e+02 2.052969600708781286e+02 0.000000000000000000e+00 1.235425743792140111e+03 7.868284843296780018e-01 9.287983045524582622e+02 8.881245667096105763e+02 1.359404699391123359e+03 4.686632799103823466e+00 4.614817371181893577e+02 4.080643379789522669e+02 3.489331489372286228e+02 1.606752564077521228e+01
1.908120841570550752e+01 5.068060353005002128e+01 2.375467565086742070e+02 4.277806861333660891e+02 2.171866103862783746e+02 1.353999955761098363e+03 1.455506108840794752e+02 0.000000000000000000e+00 4.744367828130893372e+02 5.752893578747308538e+02 2.276133528747971297e+02 1.969495781786801558e+02 1.398279784953730996e+03 2.752530770587351299e+02 2.080506231741206022e+02 1.838227170934067374e+02 0.000000000000000000e+00 1.940488869422557059e+02 2.272756989131926864e-01 6.196090038623644887e+02 3.981096417464521409e+01 1.091469512928382528e+03 5.306223038390994589e+02 2.343213105988974831e+01 4.116951846838722986e+02 9.864500760192435109e+02 6.802751555690368832e+02 3.067080316568494140e+02 0.000000000000000000e+00 0.000000000000000000e+00 4.552678201643827265e+02 2.958430128193239739e+02 4.824344092077992059e+02 2.902849765131848017e+02 1.286498119196334926e+02 0.000000000000000000e+00 5.760643878305667442e+01
4.274561739316273812e-01 3.872146287519638008e+01 1.545437942288710360e+02 1.923481403590713228e+02 1.498504033668784359e+03 2.488025460609850192e+00 1.232726128653118167e+03 1.535468629089488331e+03 9.379593686366840544e-01 1.923958359243264526e+00 1.464943860421954241e+03 1.581290830686778236e+03 7.252405092009418297e+01 7.936576149909379296e+01 1.189621299591149182e+03 6.909101377081950659e+02 1.344786302270920109e+00 1.367659611472427983e+01 0.000000000000000000e+00 7.809803750301391574e+02 6.976483517146042459e+02 4.074464502973413005e+01 0.000000000000000000e+00 3.854328175824957157e+02 1.036961494244681717e+03 3.746008747286153380e+02 6.675604347887461927e+02 2.776324995575614629e+00 1.560913039068291539e+02 4.825500984896116279e+02 0.000000000000000000e+00 1.020911293491664651e+03 1.436976002089106714e+02 6.121804725448208728e+02 9.506696833796785313e+02 1.578315811315991937e+02 3.402814460155265692e+02
1.895220657530163919e+02 9.473178123046486210e-01 1.114145723577282297e+03 9.617968505562218979e+02 6.343811672202297025e+00 1.454679386359457112e+03 2.171991585531524436e+02 3.542335174897527850e+02 0.000000000000000000e+00 0.000000000000000000e+00 1.220375055858977248e+03 8.554195645247494539e+00 1.120069519950590802e+03 7.736532668336755023e+02 2.039109668692233868e+02 9.502331994488493194e+01 7.352762552848861333e+02 6.487974927666313079e+02 7.095525460520985916e+02 1.942722980044088672e+02 4.381416522078109779e+02 4.879891862072922208e+02 4.922329631565582453e+00 2.120677660098987261e+01 1.553079526579397680e+03 1.634544008467564481e+03 0.000000000000000000e+00 2.614034684116908238e+02 4.135871853716594160e+02 1.353155718777541097e+03 1.489817936099793769e+03 1.290916360751163161e+01 0.000000000000000000e+00 9.228553591243930896e+02 3.004288140745758824e+02 1.056794852380476186e+03 5.694837388912101233e+02
