output/example/lateral_incision_000309.asc
nrows	75
cellsize	13.33333333
xllcorner	0
ncols	75
yllcorner	0
NODATA_value	-9999
[rows 51 to 67 of 75, columns 37 to 73 of 75]
0.000000000000000000e+00 0.000000000000000000e+00 0.000000000000000000e+00 8.376894970142242158e+00 1.718597073090920162e+02 9.048274836527172056e+02 1.082365525688816206e+03 1.252419691189548212e+00 4.534255628738783912e+02 2.653835349730335338e+02 2.897561724561406322e+02 2.943604619123261656e+00 3.986188378883178984e+02 0.000000000000000000e+00 1.715836605091471734e+00 1.044738986211322072e+03 8.183627204297065418e+02 8.084434828154948960e+00 0.000000000000000000e+00 1.230086002784766606e+03 3.320242009391070503e+00 3.568495036586424476e+02 0.000000000000000000e+00 0.000000000000000000e+00 7.231186353719338911e+01 4.429731216369860863e-02 0.000000000000000000e+00 2.033809034548892392e+00 1.484618344501223191e+03 3.211669085174389124e+02 2.475348566200321727e+02 9.790631138161288618e+02 3.240948383317884804e+02 1.163971197709399348e+03 1.776526831107975966e+02 2.735576383314723898e+02 2.906764022767535494e+02
8.304720068250699114e+02 0.000000000000000000e+00 0.000000000000000000e+00 1.704944022490409679e+03 7.993100495437025985e-03 1.176438582105735264e+02 5.194954842683956713e+02 1.879435780616558418e+02 7.250565649731935309e+02 8.803439039573094078e+02 2.472923602340218565e+02 3.522991683341009548e+02 1.260417080364942649e+03 5.629093863372263939e+01 7.266719375583609235e+02 1.711177059452817048e+03 1.660777182081023739e+03 2.628937697336660904e+02 2.518648341858014916e+01 7.935395681974667923e+02 1.443804317153223565e+03 3.814275345177589998e+02 3.502042768792593961e+02 1.432101963219807850e+01 8.474106587181843224e+02 9.176105110962780032e+01 8.552894996477391487e+01 8.934489432216821569e+01 5.507005499256847543e+02 2.269806413212239704e+01 1.659041540608434843e+03 1.256711760917863785e+03 1.642597955007206512e+00 8.412823795004831595e+01 1.044032800884060180e+03 7.021042183000892010e+02 5.311175931826570462e+01
1.362073856911521716e+03 5.647841803682290163e+01 0.000000000000000000e+00 2.194021162860580318e+02 9.507609226252376402e+02 3.204366668382602867e+00 0.000000000000000000e+00 0.000000000000000000e+00 1.349742202563570856e+02 1.323837386993518066e+03 4.313950006858476849e-01 1.866500577878387412e+00 5.562100210223025476e-01 1.376692506354451325e+03 9.709329295628219825e+02 4.509156030720350259e+02 3.635224066902014215e+02 1.496533721268013437e+02 8.438018969659725599e+02 0.000000000000000000e+00 8.667899108803228501e+02 0.000000000000000000e+00 5.364412327622612331e+00 8.770986371389163878e+02 9.990914409455617715e+02 6.129791497600132288e+01 6.966209446510852104e+02 5.735474416674543363e+02 0.000000000000000000e+00 7.765492899423059043e+02 3.240964944290657854e+02 6.352362328826456350e-01 1.312183937281267390e+03 0.000000000000000000e+00 8.111492217459307312e+02 1.699405600635927385e+03 7.477663896232216985e+02
7.951352189896888945e+01 1.738290637218202050e+02 6.666926838216298847e+02 3.621767125787631226e-05 1.500978430520978918e+03 1.001648061876219231e+03 3.054885214054910136e+01 1.647153348325197385e+03 3.378739943214945640e-01 0.000000000000000000e+00 3.040606403362475021e+02 1.599794626179735133e+03 9.844340222691032523e+02 1.773783937068693888e+02 1.092274406804847558e+03 5.836092934932869412e+02 6.240742825499238506e+02 1.031367402016826645e+03 0.000000000000000000e+00 0.000000000000000000e+00 1.347804467764661673e+01 1.167713941607908055e+03 1.917484721958100181e+03 3.125015574568756165e+02 4.738908624453107343e+00 1.240413780474494388e+03 1.138025352012323310e+03 4.263008821350044855e+02 1.249408520916127145e+03 1.640207146781598624e+02 1.245607327753072546e+01 1.508202466748319466e+03 1.863464150555246235e+01 9.949632962101544535e+02 5.012704897928893288e+00 6.084661146919683006e+02 1.045030766840648617e+01
1.049383129377354340e+00 3.275123573655328073e+02 1.303515523653921719e+03 5.567093237254746185e+01 1.060503637577699010e+02 2.219389724142808884e+00 1.230073048383167588e+03 5.749160750887134554e+02 1.321600931826526221e+03 4.528150561099145648e+02 7.488102233396487009e+02 5.240659662994557948e+02 1.094731528099370133e+00 1.890993284795346483e+02 6.430275186734842237e+02 9.686811154023198469e+02 3.906370488357836024e+01 1.274822932314698676e-01 5.482255442210568486e-01 0.000000000000000000e+00 1.251355532185602669e+03 1.944920929413548905e+01 8.637153708669258094e+02 2.164315010144093208e+02 1.140109116086661203e+02 1.509714069503677365e+02 1.057656393239946055e+03 8.784010286688777569e+02 2.310550286590923008e+01 4.503513941030275802e+00 1.361825926735986059e+03 2.232892037401676646e+02 1.298863864798690315e+00 1.392693309317535977e+03 3.189333743705788606e+02 6.179784721792633491e+02 3.772177614417965685e+01
8.588545245358757256e+02 0.000000000000000000e+00 2.982247909707229638e+00 0.000000000000000000e+00 7.729193953700126940e+01 2.887968753474848782e+01 6.261441412213596323e+02 7.849774404641716501e+02 1.254808189702563595e+03 2.544420330992792856e+02 6.260635195847069099e+02 8.685934538712959920e+02 4.774597298199244477e+01 6.189633723326193326e+00 3.607947211645799257e+01 7.594193497162613937e+01 0.000000000000000000e+00 6.388793552654680070e+02 3.491309771764044445e+00 1.048630979829957397e+02 2.248561153373401851e+02 1.330742280143949756e+03 6.426735153870158967e+01 1.812076634589843422e+02 7.718137010915718292e+02 4.857815530052498048e+02 5.977426428314587383e+02 1.613351983231498252e+03 2.076560342464721742e+01 0.000000000000000000e+00 6.613330501234652381e+00 6.674785371670268432e+02 9.055478820466392165e+01 4.490734639423644694e+02 8.486495462556443954e+02 3.640270396559906771e+02 6.261179337342886697e+01
4.425880530568332460e+02 7.887413463861514629e+02 5.011487069505239367e-01 1.046647763521885537e+02 7.788502353843448418e+02 1.029622630886974655e+01 9.210449975340383162e+02 1.004475979567842387e+03 1.628599536192661617e+03 6.163815443385035620e-01 4.359983865472748903e+02 1.471462219480527835e+02 2.799911922586709352e+02 4.938683560948555140e+01 1.675699088246805957e+01 6.188880435344021862e+02 5.344734252027770935e+02 4.471868169473158900e+02 6.355908524018745993e+02 5.455861185425491158e+02 8.651780191156915123e+01 3.830449090063733593e+02 7.263031852114745561e+02 4.000199575767137361e+01 4.082612721331763623e+02 4.499763653546925184e+02 2.347345296445289762e+02 1.200063612323941129e+02 6.519106233195352615e+02 5.112114183578734128e+02 4.228763823541957549e+02 0.000000000000000000e+00 0.000000000000000000e+00 3.386628780259171378e+01 5.578756083521657274e+02 1.262952927183013827e+02 1.318858650250379696e+03
0.000000000000000000e+00 2.356813427615708001e+00 4.689291113887256301e+02 8.169398724287706415e+00 5.006213440389351490e+02 3.235157150185114716e+01 1.200702469093927448e+03 0.000000000000000000e+00 4.181972838615731121e+02 0.000000000000000000e+00 4.493419644972869946e+02 5.673459733247102577e+02 2.951284875313035627e+02 6.189262366848423653e+02 1.863684502731906889e+02 1.591103776971084471e+02 0.000000000000000000e+00 1.042018710563144168e+03 1.321179856940953243e+02 5.373339504950424725e+02 4.794742076734391567e+00 6.460314401284423411e+02 7.969242592301966397e+02 3.418578478624708623e+02 1.131343058337339436e+01 1.072961048580813213e+03 0.000000000000000000e+00 9.595386194063796665e+02 6.449276558496310372e+02 8.665872564764323105e-01 1.269421535884828927e+03 5.682202342807747755e+02 4.886797983448702780e+02 2.353422271567402788e+02 8.340010984962403784e-01 4.110993899158719387e+02 3.029484372514999801e+00
1.558696302007444672e+02 0.000000000000000000e+00 2.444132993779281264e+02 4.372285770645024172e+02 3.100685202115101333e+02 1.424928240897240350e+01 5.090120829003116114e+02 5.323137660344038347e-01 2.842766407987577963e+02 6.025246034353132529e+01 1.055047012234129625e+03 6.229894226995951385e+02 1.519017981565218633e+02 2.134354617135776522e+01 2.677226391216067469e+01 5.675350300517950473e+02 3.696691644123033598e+02 1.058238060859187257e+01 3.977200759419930876e+01 0.000000000000000000e+00 3.417550183949996381e+02 4.650973251089528304e+01 5.778792030291581341e+02 1.318646462401217832e+03 6.394692822535355390e+02 4.821036350799984405e+01 7.817396997808205583e+01 9.914726632690488941e+02 3.654345316446771221e+02 8.132815840458208640e+02 8.564140078905469409e+02 1.585144560948436947e+02 1.739317194986428561e+00 1.768355532209023409e+02 8.046591798220572400e+02 0.000000000000000000e+00 1.804591157549273532e+02
0.000000000000000000e+00 6.435957649870007913e+01 4.740410758383291068e+02 0.000000000000000000e+00 8.042172009379382871e+02 0.000000000000000000e+00 0.000000000000000000e+00 2.988241383860121800e+02 1.119726621215144633e+03 1.572264055894357782e+01 4.627482812233932918e+01 1.066291122265197941e+02 3.204875316072544251e+02 9.147171320158873868e+02 2.105090577583650031e+02 2.170601629579882541e+01 0.000000000000000000e+00 9.811219213327484567e+01 7.692462038730336360e+01 4.776489624064784607e+02 4.020313636870725418e+02 9.623175986801618365e+01 1.780632168285372927e+03 1.117710837692054156e+03 0.000000000000000000e+00 1.149970134863948942e+03 4.988768302373197230e+02 1.051102665095371265e+02 9.664028431410067697e+02 1.281728685046023884e+03 4.509793462516570344e+02 2.579089127696919377e+02 5.348682405360287930e+02 2.030302471788588718e+02 4.705580741680245751e+02 1.655732424666289404e+01 1.917170581980370869e+01
1.014137254114933597e+02 5.734292263720704996e-01 6.212723356540154782e+02 1.615961726007534253e+03 1.308265445853432012e-06 1.751246398495469521e+03 1.501383148792245720e+03 4.951468478616086744e-01 1.101938937477812033e+03 1.389689739847983446e+03 8.378065899876490903e+02 2.846830560727710235e+02 5.804782852384256557e+02 1.279398422513539302e+01 1.395545080409881621e+03 5.743068159261634520e+01 2.403545272700828761e+01 1.364851422239436943e+03 2.995306943376541540e+02 0.000000000000000000e+00 1.244984438936244032e+03 1.080249872803445442e+03 8.917475640157695125e+02 4.182712955367473562e+00 8.291937904829359240e+02 4.721801344932863032e+01 1.691168357683100794e+03 3.227481501612441548e+02 9.556393905679583156e+01 6.294136320729849103e+02 1.095542464837416901e+03 7.170633149369870125e+02 1.740036497993898257e+00 2.227126322161650762e+02 2.249935798169827805e+00 1.370604403257794957e+03 3.697633220837709955e-01
1.123920120009578341e+03 5.837670548766319598e+02 0.000000000000000000e+00 1.132484982978782817e+01 1.421501692045186019e+03 1.363995996596389432e+03 2.310663238833453477e+02 6.698331145965464657e+02 1.977547179676961919e+00 8.289050349185090454e+02 4.460324469205691571e+02 6.381348010480847961e+02 4.960900237451419947e+00 8.015411761075063168e+02 3.913814240597323533e+02 0.000000000000000000e+00 2.645697901668843315e+02 5.530476018266552440e-01 5.327509793518261461e+01 7.679881281633080334e+02 3.452563155381180309e+02 3.017856288322420699e+00 2.616256659105278004e+02 1.509900662718535159e+03 1.437157087548522895e+03 8.882378794011943910e+02 0.000000000000000000e+00 1.455608153796751594e+03 3.229434131903723255e+02 6.694604872348108415e+01 1.327367674761461785e+03 1.195750955746364639e+02 2.882388058882796713e+02 2.306491704960405684e+02 0.000000000000000000e+00 4.945389575935350877e+02 6.436929292028783038e+02
0.000000000000000000e+00 1.092976077186066703e+02 1.292777948371589900e+03 1.128611043934515950e-04 1.145730554153488185e+02 6.635819755517931071e+02 0.000000000000000000e+00 1.489647516734848068e+03 7.772479329760584505e+02 2.016231335487503329e-01 1.252818067410142703e+03 2.014843113893756481e+02 3.405669049633052481e+01 1.088089869405607288e+02 8.441529070089139850e+02 9.487101749882178581e+01 7.428144933085831099e+02 5.775002682019086251e+02 1.045445353248543142e+03 0.000000000000000000e+00 2.828495617201286336e+02 3.981004797983678714e+02 2.983079003727557392e+02 0.000000000000000000e+00 8.186462775529168994e+02 1.602890086430403187e+02 2.374238130886485862e+02 7.415633608472272442e+01 1.391046773081942774e+03 1.292702118739559403e+01 2.172772101801987503e+02 0.000000000000000000e+00 3.074899213160342129e+02 9.891385053059419761e+02 1.316941639380972529e+00 1.981673360783468638e+02 4.086625845432171786e+02
5.388578300259213165e+02 0.000000000000000000e+00 9.834819587516426509e+01 5.881090867084324145e+02 0.000000000000000000e+00 4.973106115413910970e+02 1.435780520179321002e+03 2.503792466180645988e+02 0.000000000000000000e+00 3.627810383761593727e+01 5.926317860690198813e+02 8.249214967282460975e+01 2.693354477449860784e-01 2.136676484873146080e+02 6.249589076540158494e+00 1.716281616850947103e+02 5.769452488018210943e+02 9.019851536274236992e+01 1.172175036748109051e+03 1.093339317628035815e+03 2.018278233714903180e+01 1.841718218532285123e+00 1.343492344913584247e+03 6.142365489837079906e+01 6.840983808614263353e+02 2.052969600708781286e+02 9.130739660208167841e-08 7.021400448712269053e+02 7.726159381102833095e+02 1.792078358927022634e+02 4.705309373039819221e+00 0.000000000000000000e+00 8.316750601916681944e+02 4.170718576180445325e+02 4.141028856435099783e+02 2.446348665177483497e+02 4.648983374028042022e+02
9.607802788610749758e+02 4.582251736223460625e+02 3.773113447633710393e+02 2.534826460875303944e+00 0.000000000000000000e+00 1.262307030033954106e+03 1.601051034661311860e+03 1.034953028596178985e-02 1.933017053569567736e+02 1.740404298017310225e+02 1.497988180153112525e-01 6.158748443713537881e+02 9.573177003869548116e+02 3.073713471537761848e+02 4.446079434597580757e+02 1.261152793053680170e+03 3.808551210686468949e+02 5.894273837286475555e+02 1.002166269320575907e+03 2.745948055841180917e+02 3.666726216758988812e+02 6.539404341901427387e+00 5.306223038390994589e+02 2.354055592912560968e+01 4.125646471880676245e+02 1.210724942727154485e+03 3.545473157768463466e+02 0.000000000000000000e+00 1.405966707755822426e+03 3.567266211084347560e+01 9.394133110315628699e+01 9.010233042066406597e+02 1.064306797359348593e+03 3.037484801619447694e+02 9.868107080193748288e+02 5.872408519940058795e+02 5.760643878305667442e+01
5.594978408717018965e+02 5.845677574679381650e+01 4.246183241120309038e-02 0.000000000000000000e+00 3.624280064682245097e+02 4.563764472241321641e+02 1.424212460928772739e+00 8.319904453253046768e+02 1.233888214343980962e+03 1.718235544199442302e+02 1.401948709779414628e+02 1.673253898240380266e+01 3.887630562896648284e-06 1.532614557124589965e+02 5.139593922541120037e+02 3.406709378798699817e+01 2.273098232588419876e+01 9.024314960957566711e+01 9.651693477458386794e-02 1.498480541432896729e+01 8.924550025308923296e+02 2.902858127985240912e+02 0.000000000000000000e+00 3.854730060239932072e+02 1.231749418559465875e-01 8.536116971836835887e+01 4.169324361507606795e+02 1.637822821234546836e+03 3.466676007734675657e+00 8.021673131830926877e+02 9.613988173738216574e+02 8.054884294088315855e+00 2.907442944101535431e+02 4.888177782538155611e+02 0.000000000000000000e+00 2.441269386719023373e+02 3.402814460155265692e+02
3.070636048096155264e+02 1.221775757277972161e+03 1.247563486787581724e+03 1.077023252669804833e+03 2.385387256173584092e+01 1.382385529945471481e+00 5.892862893265303228e+02 1.300272830283966186e+03 3.317294936486678694e+02 5.797456090994726310e+02 4.070997798099832465e+01 0.000000000000000000e+00 1.217530694926616206e+03 3.147336786327167069e+00 2.782260415358084629e+02 2.094172697166453929e+02 0.000000000000000000e+00 1.285699358297093795e+03 8.023172586973626039e+02 7.165804955486097469e+02 0.000000000000000000e+00 1.167409843957986970e+00 1.261181802091751969e+01 2.155702372292803659e+02 4.590826855559569140e+02 9.818891046622054475e+00 1.271308482844063548e+02 4.654975183429752583e-01 8.321124017284962520e+02 1.465036285809422452e+03 5.195766598134210881e+02 6.600182306692814471e+00 4.856431760920263407e+00 0.000000000000000000e+00 1.025124482063145024e+03 1.000426559152634354e+03 5.708500862785643903e+02
