output/example/lateral_incision_000326.asc
nrows	75
cellsize	13.33333333
xllcorner	0
ncols	75
yllcorner	0
NODATA_value	-9999
[rows 17 to 33 of 75, columns 0 to 36 of 75]
0.000000000000000000e+00 2.128120695981601500e+02 1.409558139744855907e+03 1.096100885674157325e+03 1.368036743949627328e-02 6.830387744855358712e+00 9.650939200994750777e+00 1.073228464611923272e+01 8.119870197479907015e-01 1.636575081995776600e+03 7.328589254357373761e+01 1.262119560742568325e+02 1.364447302798528881e+03 8.574028273714988018e+02 1.547436342654204964e+03 4.642766479366298427e+02 2.186488569444855201e-01 0.000000000000000000e+00 6.549671141946788566e+02 1.024425410201061595e+03 3.716012280403865020e+02 1.687877960997197135e+02 0.000000000000000000e+00 4.504368733844718804e+02 1.708778354919228804e+00 7.190806898917420540e+02 1.821901344977417381e+01 1.650553618421629835e+03 1.383469788299895811e+02 2.039830472866881621e+02 0.000000000000000000e+00 3.298855134589166127e+00 1.194548568563057870e+03 7.905619359266551101e+02 1.302716490059205398e+03 3.679963698406196926e+01 6.209891611766335195e+00
0.000000000000000000e+00 3.359896703225371262e+00 0.000000000000000000e+00 1.169620782310314959e-07 1.461186946823908386e+02 0.000000000000000000e+00 1.056934229031924360e+03 1.824245665168110975e+02 1.142015754145653773e+03 3.499995223421486834e+00 5.082708402320184504e+00 1.676678483943787867e+01 9.131127506307322506e+00 1.332717288532730038e+01 1.131201251755273951e+01 9.932702418096450714e+00 2.465797024674729698e+02 5.114212925654863966e+02 6.278467948633154094e+01 9.033860123469798964e+02 4.980257845416629436e+01 7.933299040406262748e+01 3.962618722029583864e+02 2.527192361591403369e+02 4.467587650920911102e+01 7.012921459672728588e+02 4.213125333682569362e+02 0.000000000000000000e+00 0.000000000000000000e+00 1.003177878604264151e+03 6.227007715877832084e+01 1.406688553383257158e+03 1.001019877890246789e+03 1.023171247781807779e+03 1.978948603193375178e+01 3.849920088487848489e+02 2.190428957113293773e+00
0.000000000000000000e+00 1.226303317555637477e+03 0.000000000000000000e+00 0.000000000000000000e+00 1.711598340769678998e+03 2.474098483523054313e+02 4.199259182898100562e+02 0.000000000000000000e+00 2.959634957999368226e+02 1.700482885292441779e+03 1.351729308202905486e+03 3.225438841295337511e+02 7.544899457976245003e+02 4.635665494642699969e+01 5.443948763338303252e+02 7.813020292850695796e+02 3.024395840780984486e+02 1.590915053798075007e+02 4.663256469170126195e+01 3.237031039008386735e-01 5.982054137692659879e+02 4.195252244967126103e+02 2.594893774551479169e+02 2.238975538899593403e+02 2.370603927011226464e+00 3.733817239886528938e+01 3.298475217294403024e+02 3.668650998280914877e+01 1.109423186646093171e+02 8.418412576685493605e+02 7.887445333962971006e+01 3.195359889129977660e+02 8.015108809008813751e+01 9.033575824579864744e+00 1.536898718000527651e+03 1.420265661119596871e+03 8.166639309456993345e+00
0.000000000000000000e+00 3.317261227598325979e-01 5.774929205875646403e+02 7.993632260977602266e-01 3.535245090806206463e+02 8.406664052738295823e+02 2.480498554042741777e+00 3.171448259556283347e+02 2.545928542932842209e+00 8.600222098773035668e+02 8.208623840227920709e+02 6.349929542973039576e-01 5.805927744472535323e+02 4.675768424910186809e+02 2.388842156362485647e-01 6.535970769707481622e+02 6.541912980239182218e+01 7.887382126194891043e+02 2.008122006067633265e+02 1.759160841842170612e+03 4.003923076242870138e-01 0.000000000000000000e+00 6.577639680366415860e+02 8.367781750247838772e+02 5.372352639336479569e+02 4.025538954118633228e+02 2.685951204428846495e+02 2.022926164313169011e+02 3.205253982478194530e+02 8.973029415396156310e+02 5.055673956928450821e+02 5.808282041426465980e+01 1.995413965916874304e+02 5.764116709684705029e+02 9.994569730946136588e+02 5.435340547051091820e-01 2.128920888124094191e+00
0.000000000000000000e+00 0.000000000000000000e+00 8.227172077568307884e+01 6.116491618975328226e-01 0.000000000000000000e+00 7.066086931193176497e+02 0.000000000000000000e+00 2.191688494883684371e+02 1.127165739062002388e+02 1.352938953870035675e+03 8.048918735446790151e+02 0.000000000000000000e+00 1.299682236759782427e+03 9.262337614040003473e+02 4.911298918964415634e+02 1.371788562191648225e+03 9.242423044525661657e-01 1.196620603798764705e+03 1.391593825266107615e+03 1.445219705014251531e+03 0.000000000000000000e+00 3.784885400842180729e+02 1.199126343744055703e+03 1.684879036096861071e+00 3.113023625837592476e+02 4.812907321040357829e+02 1.355911503872565845e+03 1.186021114102372565e+02 1.433574463624110422e+03 2.016044327755217935e+01 1.599455364274792259e+02 4.228247418298244753e+01 8.678908246883379434e+02 4.024384397514938314e+02 7.369408446034783822e+01 7.635490692879209291e+02 9.966358124665139258e+02
0.000000000000000000e+00 1.389823976780003250e+02 1.214900897490946363e+03 1.067669738502064547e+03 5.024105626101584932e+01 1.853631351015869455e-01 1.590396803843756035e-01 1.502226614614467337e+02 0.000000000000000000e+00 1.014063528705310802e+02 3.078660262418570710e+02 1.303076419684138898e+02 5.152751170687905642e+02 3.941272909453345505e+02 6.401158207977942993e+01 1.250976865359067034e+02 1.302079525344802732e+03 5.231495449261631236e+00 7.139561579584259334e+02 0.000000000000000000e+00 0.000000000000000000e+00 1.482479086705809095e+03 1.914447402380441332e+01 2.655834088241551783e+01 1.958638141835850206e+02 2.048576056154252001e+02 6.794858545317836729e+01 2.824192718173460435e+02 2.763351317652660555e+02 2.597640772235137874e+01 2.428951868232102527e+02 9.513147097342982761e+02 4.612961355307926965e+02 1.604624268572002022e+00 8.022547477340714295e+01 1.075312816203644161e+03 3.625070443234352524e+02
0.000000000000000000e+00 0.000000000000000000e+00 0.000000000000000000e+00 0.000000000000000000e+00 0.000000000000000000e+00 1.631262904338585145e+02 4.161128122905880105e+02 1.458158896665957904e+01 8.126222540493083457e+00 2.675353614200815924e-05 2.557658473164789470e+01 4.013648472418898905e+01 5.610809618159328238e+02 7.052770375033317407e+01 6.061942035415274859e+02 1.504461146676708836e+02 2.687013773202682501e+02 5.272776980968145608e+02 2.037784176167675128e+02 1.052480759164939855e+03 1.249784377260720476e+03 0.000000000000000000e+00 9.276645849009919687e+01 1.013651203083425003e+03 3.822938707791248021e+02 2.618261840998897583e+02 1.599141741305061942e+03 1.096109660113925628e+02 1.279197480480411514e+03 1.400857994490732835e+03 2.682105188773636906e-01 5.506590779288910653e+02 1.404671885151266224e+02 7.919165791127243947e-01 0.000000000000000000e+00 5.596300599851227844e+02 0.000000000000000000e+00
0.000000000000000000e+00 1.260277581149373134e+02 1.097640499082485348e+03 1.379035213400459497e+03 8.102197208795894312e+02 5.939276113895497033e+00 7.050175925199682752e+02 4.443230771252969475e+02 2.386340617120737963e-06 1.112492899171364343e+03 7.501658394020449805e+02 5.991051612067698429e+00 7.133334544708828844e+02 8.931648962957930280e+02 4.804627972989495674e+02 1.129526259653131319e+02 2.398383588835603177e+02 1.637687758557841278e+01 1.155532838043707500e+02 6.419023935259145901e+02 2.432855372725174905e-05 0.000000000000000000e+00 2.974025457101992131e+01 1.593591801081778158e+03 8.591098847494091615e+02 1.865428275765693700e+00 0.000000000000000000e+00 5.687466328071657529e+01 2.105486468873964157e+01 8.262221237131464591e+01 4.731637844898885170e+00 2.652763902126665485e+01 0.000000000000000000e+00 1.144461464690204139e+03 5.845982090348924203e+02 1.432714563358512407e+02 2.717282817480123072e+02
0.000000000000000000e+00 7.992793271050578596e+02 4.354677309933367990e-01 8.682951236998039803e+02 2.576767822254345219e+02 3.403242486330756265e+02 9.253557921132339743e+02 5.956410458129852981e-02 6.499732312620388086e+01 6.863919492920601897e+02 8.379538951744393671e+02 1.149686275524557573e+02 6.270444788026750160e+01 1.470805479760873027e+02 5.705362501588773512e+02 6.233489584676980257e+02 3.583114633187835807e+01 4.104363429697114043e+02 4.184468321311523482e+02 8.716503269072103377e-01 4.084274549780924701e+01 2.858209003723167143e+02 5.981467487710712021e+02 3.802180599125088545e+00 4.969176642462141444e+02 8.998823861445756620e+02 4.688632306472395044e+02 7.342378356492297371e+02 1.231309066158144788e+03 2.931296642045305134e+02 1.207136174464896961e+01 2.443590268221279018e+02 8.113588059051263457e+00 6.624131742724023297e+02 4.663229750722738487e+01 8.579045694414106720e+02 7.165076180980256595e+02
0.000000000000000000e+00 6.249952953724476856e+02 8.810463235307618106e+02 7.034016635107258253e+02 7.368969734965820635e+02 0.000000000000000000e+00 3.421127142756548665e+02 1.147474938858800670e+03 1.416247619415081317e+03 3.573640351963998114e+02 1.921329295673228188e+01 4.667966635818217469e+01 7.336376733976067044e+02 5.229210213786540606e+01 9.695825223033857299e+01 1.831371273195907747e+02 1.168684515030761304e+03 9.071235885653683226e+02 5.595030786288793934e+01 7.621114078677896364e-01 1.380385899894247132e+03 1.237629448825400914e+03 1.580844423006402394e+03 1.432758232090979845e+03 2.772040643597361576e-01 1.112686194150985374e-06 1.188219694472402125e+03 5.437663171369921944e-02 2.160212875168217010e+02 3.809096456788849423e+02 1.189592817659674893e+03 3.583964719536165262e+02 7.524797844750438571e+02 4.592506916290214463e+02 6.922739074415388814e+02 1.755205819288414375e+02 1.052032753629364237e+01
0.000000000000000000e+00 7.010238821191907732e+01 1.640391327011446378e+02 8.994279054726025890e+01 7.549395985462659553e+01 9.414159439787800920e+01 1.059730138177092613e+03 2.318360506999286827e+03 3.669498775679761025e+02 4.475644724907649561e+02 1.424165188466638256e+03 3.686914287116471201e+02 5.253177562977896287e+02 0.000000000000000000e+00 1.718624393384285440e+02 1.637755892918985126e+02 2.687628479731671973e+02 1.827031552798414227e+00 1.414549561870459229e+03 0.000000000000000000e+00 0.000000000000000000e+00 3.838735736784201436e+01 3.811385679056043045e+02 5.978408239642982380e+02 0.000000000000000000e+00 6.287164001607362884e+00 1.000007819756050139e+03 5.474590850690715342e+02 0.000000000000000000e+00 3.725497331327497363e+02 1.063386806644308713e+01 2.186787764549143198e-01 3.066690444467872823e+01 5.186630082803782571e+00 6.353082793574122888e+02 4.765499009164953748e+01 6.442787364763191817e+02
0.000000000000000000e+00 3.894972873769946773e+02 1.234113791423858686e+02 1.729256829673274979e+03 5.893044222844257547e+02 1.190317389572967399e-01 1.357092719981358164e-01 1.197324339795363585e+03 0.000000000000000000e+00 6.468530045677197222e+02 1.235606394149738492e+02 4.407936299324477432e+02 1.502982121202026519e+03 0.000000000000000000e+00 4.783886540500282614e+00 7.276036173400676716e+02 2.157897903133620616e+02 5.850908874289689976e+00 5.537897397779440212e+01 4.084380682798201860e+02 2.312182504906242855e+02 1.229195468218139013e+03 7.846192912071518322e+02 1.461678985481602808e+02 0.000000000000000000e+00 0.000000000000000000e+00 1.173886171105934579e+02 2.007462145282810084e+00 6.743199318756112461e+02 1.402907134859377493e+03 7.111705881195256325e+02 2.660425572419162563e+02 5.792455477250164222e+02 2.611787539825273541e+01 1.450469831678959736e+02 0.000000000000000000e+00 3.173239682033484996e+02
0.000000000000000000e+00 1.224433384887809325e+03 1.095405067289605540e+03 9.860095890041038729e+02 4.355879571420269372e+02 0.000000000000000000e+00 1.449638042972575704e+03 2.952293026782473184e+00 4.988684347887466970e+02 0.000000000000000000e+00 8.381726166051950031e+02 1.196703656978470747e+02 1.811247289585647380e+01 1.369101104832149076e+03 1.193527595896383673e+03 4.833786808696186199e+02 2.198591945653948301e+02 3.795370050132062261e+02 4.021182971127249175e+02 4.943172489539466028e+02 2.672389289904118073e+02 1.016338444663830387e+03 9.368818134668258608e+02 8.767767815739063053e+00 7.843444013127880865e+00 1.224352419767666049e+02 1.012899979179026104e+02 1.612248928008306621e+03 2.992317105946378888e+02 6.336757751956313314e+02 6.547623883394791164e+02 5.519541244759205938e+02 2.449146569824455923e+02 0.000000000000000000e+00 1.838539883643761641e+02 2.756669628021142415e+01 9.865000397234279035e+02
0.000000000000000000e+00 1.419062761686286755e+01 7.574595538677610929e-01 0.000000000000000000e+00 1.835745979725770667e+02 7.186929371369349395e-01 7.785320937797284842e+02 1.668932549788084418e-01 5.196958030865672526e+02 2.086580710551317566e+02 6.400621980872533641e+02 0.000000000000000000e+00 0.000000000000000000e+00 4.844360708823716664e+02 1.112811891800376770e+03 2.508529965747447932e+02 0.000000000000000000e+00 1.428473634355099193e+03 1.274973819481720909e+02 2.276702714962922869e+02 6.450629395549715355e+02 2.038179055935195549e+01 6.169922206021000193e+02 2.017029662167229276e+02 3.147428322412521311e+02 8.879961186282405379e+02 3.975138503951162749e-01 2.178181128897587371e+02 1.881093000599366292e+02 9.808285996513394593e+02 6.567006766655217689e+02 7.546936484275224757e+02 7.939055342104121848e+01 5.607199677251383036e+02 5.701984485360558210e+02 1.757460009878686265e+02 5.861592181084182585e+02
0.000000000000000000e+00 2.121484404604540686e+01 1.449873622000779505e+03 1.419785855650870417e+03 7.973679663800209028e+01 6.258426710753655975e+00 5.287682988352586335e+02 1.280238112695878954e+02 2.194202532336759646e+02 1.682767438315910269e+01 1.039819145875973589e+02 8.839275918081549221e+00 5.054610105146925321e+02 3.106031312635012398e+01 2.002071680700611580e+02 4.630150004863878621e+00 1.236343672914472691e+01 6.679358237720414309e+02 4.550234312343823717e+02 3.470284409416780704e+02 2.268802533797119452e+02 6.401745824905262907e+02 8.184730329613709898e+01 4.132196320772189893e+02 3.880893444383460746e+02 1.128763818896499060e+02 5.237235851555745967e+02 5.440162941649886079e+02 7.208759382733181837e+02 3.938349315508556856e+02 4.762363036167728296e+02 2.864936370563384571e+02 2.868497215045445614e+02 1.407491772579209410e+01 8.908714267820885198e+02 1.316329783324788650e+03 2.654731929980584937e+00
0.000000000000000000e+00 1.217668781346837704e+03 3.177121855243706250e+02 8.786493284159804773e+01 6.657077035389242781e+01 7.184490167885307983e+02 4.566183237590717567e+02 7.886167048184903328e-01 2.256563948946603304e+01 2.852499062213454977e+02 4.828478496731939629e+01 4.534808349472176481e+00 1.357138383316429575e+01 7.163769557392935212e+02 1.280480446838902253e+01 1.052364917043349124e+03 1.056604579505650288e-01 1.066844645112238140e+03 9.130522270946187291e+02 0.000000000000000000e+00 1.041315087313030716e+02 3.311841392991833573e+02 5.264212619817727301e+01 1.246028640333225439e+03 5.060336626745800537e+00 9.621151112392986988e+02 9.372346098317979113e+02 2.157234660306281455e+02 1.269748198964120078e+01 1.272974975671857152e+02 1.470152971557874544e+01 8.533459831381189815e+02 3.474797659621853541e+02 5.443138650539706136e-01 7.718640640876604948e+02 2.391125036895348785e+03 1.023356744813384921e+03
0.000000000000000000e+00 0.000000000000000000e+00 1.112919150706565915e+03 1.495656048883990252e+03 1.043173114273193960e+03 1.397524668349466381e+01 2.317635568475936054e+02 2.007797743591102080e-01 1.797123775063572111e+03 1.285435224802370158e+03 6.017215389100347238e+02 3.738105327638815645e+00 0.000000000000000000e+00 5.468381705407892923e+00 1.115106685385433138e+02 5.302400989307672035e+02 0.000000000000000000e+00 7.051062890150244584e+02 1.039589233400815829e+03 2.585188016338233297e+02 6.947638037853170019e-08 6.544760144271660920e+02 6.020218374722276167e+02 7.029243693551176508e-02 7.888895447973725368e+02 1.786450216776165112e+00 9.652031689443839468e+01 1.703260406193494134e+02 1.860283137698116036e+02 6.126960900203136617e+01 0.000000000000000000e+00 1.451406298991328754e+02 0.000000000000000000e+00 9.119188994350664643e+02 6.389627385200985499e-01 2.665534808991026807e+02 1.262957953021084734e+02
