output/example/lateral_incision_000484.asc
nrows	75
cellsize	13.33333333
xllcorner	0
ncols	75
yllcorner	0
NODATA_value	-9999
[rows 51 to 67 of 75, columns 37 to 73 of 75]
3.437207885192998447e+02 3.728843924198850459e+02 1.573164701536512382e+02 3.218339092086928872e+02 7.834989474936515990e+02 0.000000000000000000e+00 1.535866923165367552e+03 0.000000000000000000e+00 7.171158207976134236e+02 0.000000000000000000e+00 2.282378563541121252e+02 1.292750765766120247e-01 1.272756728227087024e+03 9.582699031923586972e+02 3.371998538650108346e-01 2.074634707006826950e+00 1.667857784492599293e+01 1.811610281215129419e+02 1.423070169321684034e+03 8.171780026068836378e+02 2.655026755477668985e+02 5.506359999037509851e+02 0.000000000000000000e+00 5.674814620790265280e+02 1.085794648482024286e+03 1.210860959207688836e+02 1.685403855623335971e+02 3.497034952699625610e+00 0.000000000000000000e+00 3.214117645298907746e+02 9.639026125328510943e+02 1.247593658420767184e+02 3.641414226631992506e+02 2.473991854422136782e+02 4.309714684991132003e+02 2.902043866199140325e+02 1.747444370932519586e+00
5.975278552009777968e+02 1.006320916343358505e+02 6.614719002564635275e+02 4.360334000771803744e+02 0.000000000000000000e+00 4.274676787933322544e+02 4.627208509052945260e+02 0.000000000000000000e+00 1.555976112829002389e+00 8.646469852448255722e+01 3.162665309002407525e+02 1.419165420580527325e+03 8.299557674721489420e+00 0.000000000000000000e+00 6.683945007613459666e+02 7.171419430064840981e+02 1.222955830163274413e+03 7.538600896622468794e-02 1.444138889532099013e+00 1.233202522067849571e+01 0.000000000000000000e+00 3.852244446703868164e+01 3.053912013019414644e+02 8.661787745199486608e+02 4.688651430840507146e+02 4.098359820023358679e+02 5.722895665363598710e+02 4.634576117609411767e+02 5.507342096149092185e+02 4.067218924676644320e+01 0.000000000000000000e+00 8.735139025002287099e+02 0.000000000000000000e+00 1.021428143512809584e+03 5.830818110103848539e+02 2.944408876082503923e+01 5.133100462028030506e+02
1.440279850859842554e+02 2.772435751969098305e+02 2.645089424308341677e+02 1.049842872196071085e+03 4.410347115638366677e-01 1.006151520783483079e+03 0.000000000000000000e+00 8.310644458246157456e+02 1.927654034895427060e+02 4.035093931242753342e+02 1.952259571290513804e+02 2.728001762274272437e+02 0.000000000000000000e+00 3.657419114668947486e+02 7.115366070946001209e-02 1.806797685630592980e+02 8.383434063820701567e+02 2.409875457662890597e+02 5.601447893490694696e+02 5.953928417046668073e+02 4.317240863107252267e+02 0.000000000000000000e+00 1.674544683185548593e+03 4.656313223009535136e+02 8.427920971579615070e+02 4.281183183032327406e+02 9.745323919848797800e+01 1.391293215265560264e+02 1.410805506369707452e+01 5.086457557383753851e+02 1.007678369534405874e+03 4.064261332853841395e+02 5.528389840487399169e+02 6.648968729949177714e+02 2.748808568911056796e+02 1.462156035472880149e+03 6.993855828078669674e+02
4.931696995891522306e+02 0.000000000000000000e+00 0.000000000000000000e+00 1.635904074947373277e-01 4.697496381526157734e+02 0.000000000000000000e+00 1.389812239300425290e+03 9.413839660841691881e+00 0.000000000000000000e+00 2.188804714496580459e+02 1.893190413847706566e+02 2.006838313433109988e+01 5.608755336474933983e+02 2.260591246739176086e+01 7.913951281386430310e+02 1.911020055917092009e+01 4.575763349945701179e+02 1.099427459766364564e+03 5.018313719500586103e+02 1.490433140588937873e-06 9.469788517576273534e+02 1.842206233122405479e+01 1.156647609105099718e+03 1.987715616949344394e+03 0.000000000000000000e+00 1.521271326430324866e-02 0.000000000000000000e+00 1.548089049995372307e+03 6.784854712366933427e+01 6.277760577249016904e+01 1.533864806383771509e+02 1.401635135697646604e+02 1.471732885657058603e+02 1.570002098702405533e+02 1.107370537550655854e+03 9.544955318663444359e+02 4.615720170292559601e+02
2.779668731356597391e+02 5.787390969157622749e+02 1.186969432763787836e+03 2.563386303235574104e+01 7.587351124026296247e+02 1.538796424228912201e+03 0.000000000000000000e+00 3.121037113613646596e+01 7.215515284949518673e+02 1.197566495820500677e+03 1.530180940906072692e+03 1.569886435977174699e+00 1.319928573068299102e+03 4.045752671299600820e+02 5.344009697189205781e+02 6.196811351552146796e+00 3.243955207857613914e+02 1.931303505224315131e+01 1.484784436591392023e+02 1.450092793077840838e+02 1.294249019355861719e+03 1.579534625063470912e+03 1.019937595691010159e+02 1.173170923718649647e+03 1.317950756393776601e+03 7.890349560224599372e+02 5.281635176257615250e-01 3.752649278764481977e+01 1.400695645138435566e+03 9.026974840968865692e+02 1.877916824667260869e+02 6.716904827224640258e+02 1.996141937248547436e+02 1.276690066475815684e+03 4.017804775484359325e+00 5.163177603100986168e+00 1.552544331451205437e+02
2.886825576166111773e+02 9.861095128755398491e+02 8.330429430946366676e-01 1.719641893134321435e+03 0.000000000000000000e+00 3.243784850994562134e+02 9.875062621895352777e+02 1.012621779775640675e+03 1.025838441456771655e+01 1.106022120283600316e+03 8.725483853997001233e+02 3.082353075972447343e+01 1.024964241667934857e+03 2.126777178817202685e-01 1.189808280323675547e+02 1.771493205910723034e+01 7.094615659210350032e+02 4.471175534708746113e+02 3.604434817353080689e+00 3.956232762102433185e+02 1.577380299864612709e+02 0.000000000000000000e+00 0.000000000000000000e+00 1.178915405708224995e+01 1.398721476194414436e+03 0.000000000000000000e+00 3.568337365268269537e+02 1.334343959728696518e+03 0.000000000000000000e+00 1.591364657970249175e+00 1.179921668103107777e+03 5.844916650264160580e+02 6.517472103617673040e-01 9.730863531674690137e+01 2.730642940014900546e+02 1.141474827791946154e+03 6.261179337342886697e+01
6.172744363156160716e+02 8.324833817551099173e+02 2.997881035176470643e+00 3.188290055400754568e+02 1.314187962061550479e+03 7.046685780475770855e+01 9.851871476008977879e+02 1.116962425909893682e+03 5.575627159099963137e+02 5.396592192700028079e+01 4.648375084129513652e+02 1.364351497846085692e+02 8.002761255003292717e+02 7.196264982937800596e+02 8.898089461732306518e+02 6.985336309833738433e+00 1.752926518754724611e+03 4.724461009554707402e+02 8.740755426292203083e+02 3.076383542082571125e+02 5.349385419764689509e-01 4.891283195063903690e+02 1.081909449671456287e+03 5.041823421688439453e+02 0.000000000000000000e+00 1.664503289720186331e+03 1.669355480910173583e+03 1.263502835919526660e+03 3.637338316243419740e+02 9.733957233855465921e-03 2.122179245893872235e+01 8.479825830211343600e+02 1.866724211140539467e+02 4.765095854371215722e+01 6.485968598400927476e+02 7.564141855502699627e+02 0.000000000000000000e+00
3.303286940325075305e-01 1.259794343741634520e+03 0.000000000000000000e+00 6.825211527375212199e+02 1.205529830597743512e+03 9.846099262836718253e+02 0.000000000000000000e+00 2.079578894531698836e+02 4.181972838615731121e+02 9.794519419333184373e+00 4.493419644972869946e+02 1.388882750985093935e+03 2.441950299751362365e+02 3.164438599325206383e+02 1.242135871430504494e+03 6.567096305889979391e+00 6.034358650834921036e+02 6.208769047679665221e+01 0.000000000000000000e+00 1.503094867921736295e+03 6.591036299757798034e+00 6.113532533269524265e+02 0.000000000000000000e+00 1.596802131838925106e+03 4.349266668795957003e+02 1.677491796840165639e-01 1.170141118752105580e+00 1.365799437743486351e+02 6.983869227160298578e+02 3.405102659464852022e-01 1.643842731716566732e+02 0.000000000000000000e+00 8.522259501444145258e+01 1.622532939290672260e+01 3.462226616158279739e+02 1.583886947284001963e+03 5.423292802538749129e+02
9.240451681306709588e+02 4.438823489779447868e+02 2.702571388858411794e+01 9.112086486788272168e+02 7.201278686769945807e+02 3.056358377966739113e+02 8.626651973425575326e-01 3.087178287886294665e-08 5.474421451653938675e+02 6.025246034353132529e+01 1.055647872658241340e+03 1.781314475744352137e+02 5.297291947944037247e+02 2.485806714111366844e+01 6.636439522313334294e+01 9.506769610724140307e+01 2.158457384472845675e+01 8.910866777336709674e+02 2.408852513558839519e+02 2.230329811643016740e+02 0.000000000000000000e+00 6.550414747268304154e+02 4.658322988511568497e+02 3.768833889553242216e+02 0.000000000000000000e+00 5.944366190475219582e+02 1.026728305822386346e+03 9.670246329550660676e+02 1.655658635457733112e+02 5.214872052952839567e+02 3.025420801246788916e+00 1.751335305238441435e+02 7.894697145875403521e+01 2.050404650536409861e+02 2.268162348859710562e+02 3.043562143522275960e+02 3.277446559939623398e+02
4.036136869137318399e+02 8.658491157304478065e+02 1.617798746809788923e+01 4.864027046326192760e+01 2.845575951843684237e+01 2.015092333390361290e+01 5.643049846364415600e+01 1.079116826592400002e+03 0.000000000000000000e+00 3.075141971432278751e+02 1.120760413730120746e+02 1.799905732854904841e+02 4.517707568599755064e+02 1.527489066235549672e+03 1.099993355614602990e+02 5.666433854647149992e+00 8.594192367950330436e+02 4.155527930600933928e+01 6.739838659445639450e+02 1.304403252038048322e+02 2.901877837704744820e+02 6.513073867022404784e+02 7.000500352033366198e+02 1.295008118117909135e+03 3.579732119635162348e+02 3.763321666669718901e-01 0.000000000000000000e+00 5.094656953610272012e+02 1.589641591188098118e+03 0.000000000000000000e+00 5.755101834399649761e+02 7.833428993580694168e+02 1.455861524114704864e+01 0.000000000000000000e+00 7.079901505945861118e+02 9.566642306823101762e+02 1.391280357887754917e+03
5.813371345599759366e+01 9.692575274037093322e+02 4.981498649086029573e+00 3.668896799554324843e+02 7.114357124762957483e+02 1.024524895175605934e+03 4.007910125068544289e+02 4.728368495908974865e+02 4.440709218767865423e+02 6.317973099183125214e+02 6.874229414866390186e+01 1.401801435058891002e+03 5.970654616358347084e+02 1.492825434641868831e+01 4.183201430043827145e+02 2.360427523061688930e+02 8.338092004095737764e+01 1.095267843596023027e+01 5.151195442080651219e+02 3.387565765933044872e+02 4.756866561211839439e+01 2.858266100942486219e+02 1.445706458869667586e+03 6.201066315974157988e+02 4.788263023804629759e-01 4.891703313332660628e+02 1.259613075052392333e+03 2.458371406160523875e+01 0.000000000000000000e+00 1.328007776482489362e+03 3.195811053563770088e+02 5.653023807239232212e+01 2.912237009676301227e+02 9.171799181913355596e+02 5.626553510585130198e+02 7.494906247824151251e+02 8.726395500100541369e+01
0.000000000000000000e+00 6.412177502323094131e+02 7.216783106294039074e-01 1.477248468612970555e+03 5.888164738555252598e+02 8.845751470674300663e+02 9.680430014130476479e+01 3.003152075521360231e+01 4.610934892809980852e+02 9.587984700959783879e+01 4.248228326737420275e+02 1.276118076831195509e+02 2.911890274370986731e+02 0.000000000000000000e+00 8.691004322628169803e+02 1.349233855074143094e+02 8.978155126102280974e+02 7.908641943417459288e+02 1.522747399184456469e+02 7.525441209615934213e+02 1.099605714690611791e+01 1.084801687900298248e+03 4.143752010972502262e+02 4.525048472217838480e+01 9.693850576073945149e+02 1.594422342296110855e+03 5.925653003817797071e+02 8.905559370431107027e+02 3.427577070633504945e+02 1.330744435022928762e+01 1.237184011576786816e+03 0.000000000000000000e+00 2.015630111323080769e+02 1.003671215004844953e+03 3.278632071277069144e+02 4.708442528772144442e+02 4.518942536827788015e-01
2.278959871848434560e+01 4.416437961227636606e+02 1.079743980594210306e+01 1.495161000299990746e+03 6.262697727331117221e+02 1.416780190118450689e-01 9.189600457544825929e+01 0.000000000000000000e+00 3.534470688214236134e+02 3.392052579858612944e+02 2.601269579278362016e+02 9.175441697463215007e+01 5.125984430383000472e+02 7.277027627475756617e+02 1.761791464408618708e+02 1.849183045044318305e+02 7.236602564743049015e+02 3.712530172734764733e+02 2.595098654194707706e+02 1.368601125548118034e+03 8.448714949109995587e+01 3.525691675017566951e+01 1.733908528429505509e+02 0.000000000000000000e+00 0.000000000000000000e+00 5.974139529053940123e+02 0.000000000000000000e+00 6.996338255488028608e+02 3.314330483400786420e+02 9.627897645462160199e+02 2.786433620118287990e+00 2.834100576835350012e+02 1.233668460973541642e+03 2.934559733192628528e+00 8.937452610292254462e+01 2.613220193396520585e+01 7.455842385136321582e+02
1.096545158807600728e+03 3.504014255969726577e+01 1.100819985082907579e+03 2.549604414789591189e+01 8.502758831313848020e+01 1.286840914715456620e+03 5.152996797920900462e+02 0.000000000000000000e+00 6.508650787010327399e+00 1.689070854357241842e+02 5.455328412341015820e+01 1.480939049922366848e+03 0.000000000000000000e+00 4.366591748385571918e+02 3.557996447068357071e+01 3.359967291581382369e+02 9.702678960772472010e+02 3.140533886437036770e+01 8.245327250797031127e+01 8.543065696724037252e+02 2.614661449672348112e+02 1.084635777249779267e+03 1.475755471440606470e+03 3.170676411331644573e+00 1.240264912882012595e+03 5.161936051639370362e+02 4.550681810336469901e-01 0.000000000000000000e+00 5.368384950469617252e+02 2.046801775705563159e+03 1.031875744620085925e+03 1.328985353792144330e+00 4.288959759247117809e+00 9.734229242979120045e+02 1.232950091882149991e+03 9.226759267205895867e+02 7.189992460577199154e+02
6.565217920258987760e+01 8.736927063510088374e+02 1.743564408107461077e+03 6.411491332451735161e+02 2.155986277246154437e+00 8.078380362414560523e+02 0.000000000000000000e+00 1.283717425395648775e+02 1.521185933913539657e+03 1.257653176526078823e+03 1.116402712972333511e+01 0.000000000000000000e+00 7.156587889074344275e+02 5.343036223169692676e+02 3.238982490545149631e+02 1.982619688024434197e+02 2.311176200469070920e+02 7.666400044877829032e+02 2.264832556918032651e+02 1.377587582304361113e+01 1.072485095094795270e+03 9.142927335679706857e+02 1.461899149312891097e+02 9.266033809274387067e+01 1.554062262622854178e+03 1.136626188143372246e+03 3.500733680013707527e+01 1.646026516094973147e+02 1.243456936301740399e+02 1.023079481491035096e+02 2.980944569782213875e+02 0.000000000000000000e+00 0.000000000000000000e+00 0.000000000000000000e+00 1.052453584418606852e+03 4.790589101109694639e+02 6.086236514806136455e+01
0.000000000000000000e+00 0.000000000000000000e+00 1.983240650173558492e+02 2.182398123155939174e+03 8.204528829371562324e+02 6.127172715327773034e+01 5.958064281235457429e+02 0.000000000000000000e+00 1.468498013094944099e+03 6.924378286760489054e+00 6.608880538279765915e+02 7.949085599928774855e+02 2.766511792028550354e-01 3.215412107328962321e+01 1.371758081266266061e+01 3.572666111573940384e+02 1.774546397065626309e+02 3.022518813276795413e+02 4.648517053410260758e+01 5.605229884560867504e+02 5.566914100288316831e+02 0.000000000000000000e+00 8.830611483292692299e+01 1.678851156971046699e+00 7.459693145154235481e+02 7.041279595224282373e-01 0.000000000000000000e+00 6.986935193122067176e+02 9.666928175382508925e+01 1.056880413330420424e+03 4.489691457040857481e-01 1.142086106599912000e+03 4.865298542102509316e+01 0.000000000000000000e+00 1.716335857996073244e+01 1.455440417663105563e+02 3.809255352131089012e+02
1.298778089005978700e+03 6.615362043784855928e+01 2.295716756072156386e+02 6.625578621623795864e-03 0.000000000000000000e+00 7.209314778340337853e+02 2.178456409877426836e+00 1.137082076281373020e+03 0.000000000000000000e+00 1.171000110467466584e+03 9.959110888891461855e+02 1.125163919883420022e+03 6.688553741818374192e+02 1.838330973210197783e+01 1.489543936425972825e+00 5.019001373420517780e+02 4.787621876549243893e+01 7.775735573658626265e+01 7.012469980836137040e+01 7.607364829286868826e+02 5.657741753229158377e+01 1.014916913338576592e+03 1.610618063417171697e+03 1.083326389328357493e+02 3.788312626717759031e+02 9.030710907797843845e+01 1.181618649324457238e+01 1.018111900092970359e+02 1.190473729802320833e+02 0.000000000000000000e+00 1.032492184973361645e+03 0.000000000000000000e+00 9.995616475857808609e+02 1.231679010468063638e+02 3.859616392079295792e+02 7.468188383662999286e+02 4.367245281907091226e+02
