output/example/lateral_incision_000062.asc
nrows	75
cellsize	13.33333333
xllcorner	0
ncols	75
yllcorner	0
NODATA_value	-9999
[rows 34 to 50 of 75, columns 0 to 36 of 75]
0.000000000000000000e+00 1.410588645287126155e+03 1.144730356027469043e+03 6.057878347506497221e+02 7.981868142886934265e+02 1.280619624801577629e+03 2.372818865956510592e+01 9.345498299684179244e+01 0.000000000000000000e+00 0.000000000000000000e+00 0.000000000000000000e+00 1.364705102038373525e+03 1.277638824234609274e+02 0.000000000000000000e+00 4.752717105702457161e+02 4.951061058038017677e+02 2.526431711872295259e-04 5.801909416199532643e+02 5.803190988877086056e+02 3.868751428808301398e+02 2.249928362734298446e+02 3.214340029456573689e+02 9.831299106053958781e+01 1.357440058413922316e+03 0.000000000000000000e+00 1.297860688763148005e+02 2.725813790757506538e+01 5.719160503843278320e+02 2.546049100566033019e+01 5.688177047273385369e+02 4.909692552252436570e+01 9.302039199890408838e+01 5.307918083498159376e+02 1.230240298540533814e+02 4.044241142358330876e+01 4.822238934292066688e+02 1.007321929481052081e+02
0.000000000000000000e+00 1.381389073895615184e+03 2.750518403094614683e+01 8.696252957256166383e+01 7.700848005207039648e+01 1.554822769514510696e+02 1.410769846073942233e+02 1.686611258764638706e+02 4.280323571704884102e+02 1.454931338569905847e+03 1.729415378369823657e+03 0.000000000000000000e+00 4.083439859881655138e+02 8.461660951404497837e+02 2.570777879504856287e+02 0.000000000000000000e+00 2.923451477610844625e-04 7.765707910077552275e-05 1.097095315202813026e+03 2.043631382761460316e+02 1.789509278245098187e+02 9.770613568523208414e+02 4.404517407491240988e+01 4.159355284136858586e+02 5.933007028800487888e+02 1.348112144381638233e-01 1.879095751576398188e+00 1.095221832603843268e+03 5.237376535374702513e+01 3.590455331560347645e+02 6.481649159886953271e+01 2.963715739573400842e+00 1.084840009540489802e+02 2.079720903879758609e+00 5.394755924556576474e+02 9.647305406820647704e+02 9.179919923531248287e+02
0.000000000000000000e+00 2.159582308827225017e+00 1.146972058035448299e+03 7.202528673226352112e+02 1.215525583560513724e+03 6.950188656232744506e+02 1.010031725658675100e+03 1.361096316204103914e+03 1.394316248573586314e+01 4.401939396945195426e+01 8.623417141114279261e+00 3.475203891582158917e+02 1.392523566811064939e+03 7.319523345689384541e+02 7.796561138421790105e+00 4.635953734173192241e-05 1.904891539768906845e-04 2.137640009550099377e-05 1.372281135140844793e-04 7.086618969134193549e+02 3.967563769206058168e+02 6.795833402366645259e+01 0.000000000000000000e+00 2.743156661669407868e+02 1.479470049348859220e+03 0.000000000000000000e+00 3.375817123510052511e+02 4.231911479558325482e+02 0.000000000000000000e+00 7.224909169589096791e+02 1.628592707824503520e+02 7.370517417144094452e+01 1.406329229270314727e+03 1.596230247967597279e+03 9.361932396840322212e+01 6.162838609324025052e-01 0.000000000000000000e+00
0.000000000000000000e+00 1.767727006452605792e+03 1.440593715500973531e+03 7.229056033730478248e+02 0.000000000000000000e+00 6.915334031902715139e+01 1.779252602586279819e+00 1.262714173760463581e+02 1.710373851473109653e+03 8.595520213613735905e+01 9.666795739938219185e+02 6.463029489903673266e+02 2.320868967625640096e+02 5.912091272701459899e-02 1.356015273791624266e-02 3.819035451109684942e+01 4.580643488638935423e+01 2.299562272380481147e+02 8.538100898067769506e+00 7.920414961127169917e+00 0.000000000000000000e+00 9.213157121651427417e+00 0.000000000000000000e+00 1.050982694490289077e+03 1.948039568744625853e+02 3.456596934471639884e+02 9.797758882372343123e+02 6.704685263549265528e+02 7.465192981651177888e+02 5.899223915499219650e+00 5.289219409087596659e+02 6.099580210272459908e+02 4.709157220782998476e-01 1.181341855669794541e+03 2.482000571532837228e+02 4.081675538863846668e+02 7.623293267244986282e+01
0.000000000000000000e+00 5.469936481386831701e+02 9.608824617932224328e+02 2.305767568303689619e-01 4.572700573098549270e-01 1.569364786473843587e+01 7.691974476468762134e+01 2.263358664602063186e+02 0.000000000000000000e+00 7.748687720164573633e+00 3.679113180547613382e+01 2.418398819976776224e+02 1.631410171239544127e+01 0.000000000000000000e+00 1.068833147438187625e-04 5.412343534237847962e+02 4.280041949258270506e+02 8.775768898885242919e+00 4.637585623072649241e+02 5.325015964180789751e+01 8.181706335687387137e-04 2.430879853141648539e+02 1.651327569583644905e+00 8.521991871990857135e+02 2.567532902929295915e+02 1.573791426453414299e+00 9.886608281997554286e+02 1.874164581698529446e+03 1.414361478829427483e+02 1.097908345963016563e+00 3.028416830905673010e+02 3.300579136886204878e+02 3.209345872996137938e+00 4.120363857208259333e+02 6.106892975969434474e+02 7.418655334287806546e+00 1.286708016380536890e+02
0.000000000000000000e+00 9.822903335480954183e+02 5.385076912996946703e+02 1.476927177164759087e+03 4.179715804749266350e-02 0.000000000000000000e+00 0.000000000000000000e+00 6.307588777194126843e-07 2.677795436723971737e-06 0.000000000000000000e+00 0.000000000000000000e+00 6.800739369683388702e+01 3.671411726192484792e+00 3.333381152223423527e+01 5.482856682508074724e-04 2.749023335068694109e+02 1.061839011066987723e+03 8.378543092381107726e+02 8.750901500513955966e+01 8.904837447488911266e+02 8.508457642232013995e+01 0.000000000000000000e+00 1.433098958362752917e+00 0.000000000000000000e+00 1.061985072680786516e+03 1.364804699933916481e+03 3.765178547861523128e+01 1.068111495030413380e+03 1.884225136288511294e+03 6.420602051412352962e-01 7.906567323405694125e+00 2.799203186665419096e+01 4.202776809413409609e+01 2.008876283630554127e+01 7.848811083685882295e+02 0.000000000000000000e+00 8.418639212824821243e+02
0.000000000000000000e+00 2.637525306610929761e+02 4.297156814642647191e+02 2.995248249997681245e-01 2.335324791193728089e+01 1.857571343556358201e+01 2.005894158405383682e-03 2.489479767233764539e-03 0.000000000000000000e+00 0.000000000000000000e+00 2.205246783660976291e-06 6.972465608287548093e+02 8.528670352691548260e+02 1.323589123871864670e+00 1.954291254644543940e+01 1.234065817666024998e+02 9.048591619916307991e+02 3.648822871821344620e+02 4.094939055207036915e+01 1.344196513813396450e+03 9.493815813765483114e+00 3.362821347939928263e+00 2.855091481123430981e+02 3.066051151123201990e+01 9.850927246868189968e+01 6.533068797573240545e+02 2.866205232181105202e+02 7.876426001359598805e-02 1.324625709411411663e+03 1.312639905227672671e+03 6.357589661981450035e+02 0.000000000000000000e+00 1.483622034972892720e+02 7.936543770865207534e+02 3.895109037325371615e-01 1.274502571892586275e+03 1.711037005899068575e+01
0.000000000000000000e+00 1.482771701999359038e+03 4.214864540545860905e+02 1.725686663950337788e+03 2.896465191709352212e+02 2.426644634482944429e+00 1.676958743886356373e+01 1.252521951022917968e-01 3.345097290596198150e+02 2.383343912593675782e+02 4.818104423461318788e+02 1.382124353159378416e+03 5.623372137995858999e-01 3.005971529341992436e+02 2.236403499470555278e+00 2.241996109712176890e-06 2.070595638120298645e+02 5.948534833524641954e+02 1.577246034835610544e+02 2.292684375478464744e+02 0.000000000000000000e+00 4.052042698664106157e-01 1.354805181777442158e+02 0.000000000000000000e+00 0.000000000000000000e+00 2.929134102210793245e+01 1.145102546589074791e+03 3.243060989047785370e+02 5.352714526159308761e+00 1.145460663352302163e+03 1.341136155298919903e+03 1.616622578431000790e+01 0.000000000000000000e+00 1.306242256835035732e+03 1.156575701922317194e+03 2.525201897212501656e+00 6.174683131136445269e+01
0.000000000000000000e+00 0.000000000000000000e+00 5.750046490989519725e+02 1.817980145914101797e+02 2.607189507088962728e+02 4.637172011045286126e+02 1.200125466564009002e+03 2.724231738363907880e+02 9.367066353001139305e+02 7.559196357468529186e+02 6.405377744101036797e+02 2.416488611164741940e+01 4.201161331000019459e+02 1.706869852059315008e+03 5.329476396999375254e+01 0.000000000000000000e+00 4.640531937780300353e+01 3.639970140760410686e+02 4.001023515412487797e+01 7.467532786978907779e+02 1.191884396694910464e+01 3.229850216842631880e+02 3.188659260800651207e+00 1.063465652689499848e+03 1.478081471737577957e+01 0.000000000000000000e+00 3.983836583055697100e-01 5.400979741995174663e+02 8.504390793693249861e+02 3.144056007577019085e-01 1.067478414629966665e+03 1.068333698780480972e+03 0.000000000000000000e+00 7.446672271508365384e+02 2.111873925228829648e+03 1.446385693606517009e+01 0.000000000000000000e+00
0.000000000000000000e+00 5.822108592233057607e+02 1.191000409106991675e+00 0.000000000000000000e+00 5.952889619244532469e+02 8.638499271375255972e+00 1.256140352432200643e+03 1.307107902229934204e+01 6.255981035711328104e+02 3.799154570128662201e+00 0.000000000000000000e+00 1.147389367834022778e+03 5.696217783583963410e+02 0.000000000000000000e+00 2.176969388807265915e+01 0.000000000000000000e+00 1.865692601136616346e+01 4.127706767139044359e+02 7.070124741662035639e+00 4.070635670300027869e+02 1.055766581762366059e+03 5.713429929435360766e-01 9.405360554584971666e+00 4.086198233749084352e+01 2.948423422874183757e+02 6.614108050932216543e+01 4.113432770139877448e+02 1.498999762378954301e+02 1.795506261663209671e+03 8.018336940663629093e+02 2.175970160763164518e+00 1.546183496549625033e+03 9.071175917419359394e+02 8.077090391722704226e+02 5.636009280667120720e+02 2.378895039760389523e+02 2.001141684083917767e+02
0.000000000000000000e+00 5.694958188024074843e+02 1.494306184776129157e+03 2.609936906465039996e+01 4.617300218711425828e+02 2.198089491323520406e+02 5.931815303711698562e+02 3.460784472329713140e+02 5.336528172680996107e+01 4.041860279829149931e+02 1.235973489228980498e+03 1.477037206625510066e+02 5.788310238902512310e+02 6.999605399841575260e-01 8.654901938317750876e+01 7.800081118283842763e+00 3.648504840364672077e+02 2.649230461812393855e+02 1.324537022756562237e+03 1.027743486641962676e+02 0.000000000000000000e+00 3.366183687689778594e+02 1.214440623445481606e+03 5.837598222871069993e+02 7.601238419341598274e+01 5.529927921998177842e-01 1.556500142470097501e+02 4.364574104161326886e+02 6.263665598101035812e+02 7.956585518248491553e+02 4.739047491789821152e+02 3.666295809108115922e+00 0.000000000000000000e+00 1.158862188182517684e+03 1.331798760225625529e+03 1.079052870799216862e+03 1.241232963584611682e+01
0.000000000000000000e+00 3.878158162598421388e+00 0.000000000000000000e+00 0.000000000000000000e+00 0.000000000000000000e+00 0.000000000000000000e+00 0.000000000000000000e+00 0.000000000000000000e+00 0.000000000000000000e+00 0.000000000000000000e+00 0.000000000000000000e+00 0.000000000000000000e+00 0.000000000000000000e+00 0.000000000000000000e+00 1.292644523467554041e-01 8.029185098076662825e+02 3.599111851215370166e+02 1.150605187193888469e+03 4.482939023474071405e+02 9.954190744200386121e+01 1.126168921790416789e+03 4.959675056922912972e+02 4.679966881207155893e+01 0.000000000000000000e+00 2.181556604373084269e+02 4.989324054275382991e+02 1.973002443598219635e+00 4.791661009886843203e+01 0.000000000000000000e+00 0.000000000000000000e+00 5.956261328515156883e+00 7.021154302677574606e+02 7.347138363884934051e+02 0.000000000000000000e+00 9.136415776231403925e+02 0.000000000000000000e+00 1.432718535936775197e+03
0.000000000000000000e+00 7.073507378325440698e+01 0.000000000000000000e+00 0.000000000000000000e+00 0.000000000000000000e+00 0.000000000000000000e+00 0.000000000000000000e+00 0.000000000000000000e+00 0.000000000000000000e+00 0.000000000000000000e+00 0.000000000000000000e+00 0.000000000000000000e+00 0.000000000000000000e+00 0.000000000000000000e+00 4.551821844020921048e+02 0.000000000000000000e+00 2.907556751472411065e+02 1.368268875673095863e+03 1.396058369722200041e+02 5.750194610214291515e+02 2.265495462029869884e+02 7.833073954328459365e+01 5.232367380367146659e+00 4.220767594308484263e+02 3.493364233383690589e+02 3.883068188852384850e+01 1.293946415811813608e+02 5.046199687625168906e+01 6.851469992868718464e+02 5.468980944703295544e-01 4.374425575263323935e+02 2.528494925553995074e+02 2.111146994097433005e+00 0.000000000000000000e+00 0.000000000000000000e+00 1.429628208078024272e+03 2.165054584224884820e+03
0.000000000000000000e+00 3.805663115124858109e+02 5.309596813169406460e+02 5.937345521681723994e+02 1.161730320046868428e+03 9.036001702445551587e+01 1.275923637699392430e+03 4.320686904023653477e-03 1.165598930719809459e+03 1.402845169528562224e+02 1.653055436633090039e+03 1.101647861689120418e+03 7.188430333070838047e-04 1.378428493721105042e+03 0.000000000000000000e+00 2.412631001944664888e+02 2.349006060515220096e+00 0.000000000000000000e+00 1.328196401203560084e+00 0.000000000000000000e+00 8.808815255943165994e+02 8.376875503892516690e+02 5.422243361883993202e+02 0.000000000000000000e+00 8.988186044285454273e+02 0.000000000000000000e+00 7.330589329391614228e+02 5.750075813577505812e+01 2.020507286730313989e+00 1.505296691790756647e+01 0.000000000000000000e+00 0.000000000000000000e+00 1.340447370436319943e+03 5.636934265558845709e+02 4.178221524602338377e+02 4.508542635885039545e+02 4.120932142808348075e+00
0.000000000000000000e+00 1.227736116489282239e+02 9.636526375966666391e-01 4.288785236865688830e+02 1.938771864221964734e+02 3.755898446259934786e+01 1.397937304976321229e+03 0.000000000000000000e+00 4.715566989409331882e+02 1.405073759181760522e+02 2.500114108618523687e+02 0.000000000000000000e+00 2.988736166270913373e+02 1.688675101480593639e+03 7.971040488707675422e+02 4.709761118523606456e+02 1.059966098234412584e+03 1.513466838579856955e+01 6.775415059066804133e+02 2.285746150907412755e+02 2.639941079209171676e-02 0.000000000000000000e+00 0.000000000000000000e+00 0.000000000000000000e+00 1.167024093809197666e+03 1.010921981405039332e+03 5.276942899036178147e+01 4.302324422701585860e+01 4.729097617565909104e+02 7.548743939957631710e+02 6.381297435764256534e+02 3.039484858829601510e+00 1.208170212108782806e+02 4.080138333579801042e+02 2.709601053352426181e+00 2.906547982924855056e+00 4.405502622130282653e+00
0.000000000000000000e+00 4.989214005198005283e-04 4.371594222229365639e-02 0.000000000000000000e+00 6.909040064456461323e+02 4.421203754800670538e+01 1.052466400717812121e+03 0.000000000000000000e+00 1.819219987261909637e+02 3.181112427194973975e+02 6.061886384075407364e+00 1.234535363855949527e+03 2.521365817613763909e+02 7.136910138425034802e+02 0.000000000000000000e+00 1.153640666655000359e+03 0.000000000000000000e+00 4.930060358621537375e+02 1.864544224587690167e+02 2.719819815095389117e+02 1.073894447704499271e+03 0.000000000000000000e+00 0.000000000000000000e+00 0.000000000000000000e+00 0.000000000000000000e+00 0.000000000000000000e+00 0.000000000000000000e+00 0.000000000000000000e+00 0.000000000000000000e+00 0.000000000000000000e+00 0.000000000000000000e+00 3.493142905873035033e+02 7.528463864833083790e+02 1.118066379281140854e+01 1.810599472104421848e+00 1.634007573712065453e-01 7.286215496408948411e+01
0.000000000000000000e+00 5.362144843401625849e+02 4.595264280807812725e+02 1.384011067462178971e+03 0.000000000000000000e+00 6.460174568202181611e-01 2.717567733019590150e+02 5.826526448492122654e+02 1.719727431547770413e+00 7.251728346891025012e+02 1.415928523718939047e+01 1.370938692987794639e+03 8.916779045578701357e+01 1.294491183173709260e+03 1.077620337291048003e+02 1.082649492852889125e+03 2.874402856570256048e+01 5.380064711856758777e+02 3.601424884758939129e+02 1.269464757623224784e+02 1.016860251791462133e+02 1.138091237545200443e+02 2.239366396710740617e+02 1.020392158084742960e+02 6.031391123754368664e+02 0.000000000000000000e+00 1.723234678344120084e+03 1.234340439297825014e+03 0.000000000000000000e+00 0.000000000000000000e+00 7.887096409109381057e+01 6.870089484740517491e+02 1.035721613126565188e+01 3.968831811627822947e+00 4.567218399409611607e+02 0.000000000000000000e+00 9.872891497630479307e+02
