output/example/lateral_incision_000045.asc
nrows	75
cellsize	13.33333333
xllcorner	0
ncols	75
yllcorner	0
NODATA_value	-9999
[rows 17 to 33 of 75, columns 37 to 73 of 75]
5.613126026956241417e-13 0.000000000000000000e+00 1.646442732494425742e-12 3.403951956753746095e-12 0.000000000000000000e+00 3.422676964431610089e-12 1.673116888007243130e-12 0.000000000000000000e+00 5.635635321333219551e-13 3.155604492838711086e-12 5.525818422457689342e-13 0.000000000000000000e+00 0.000000000000000000e+00 0.000000000000000000e+00 0.000000000000000000e+00 5.612708618307006040e-13 0.000000000000000000e+00 0.000000000000000000e+00 3.379581824902872787e-12 0.000000000000000000e+00 5.657521852032243186e-13 0.000000000000000000e+00 4.172039006079702671e-12 0.000000000000000000e+00 0.000000000000000000e+00 9.359889957145045561e-12 0.000000000000000000e+00 5.377131540106383717e-12 1.572024633327931627e-11 1.634646988974049972e-12 0.000000000000000000e+00 0.000000000000000000e+00 8.491810728754447145e-12 3.615727079445733407e-12 0.000000000000000000e+00 1.815214803553728502e-12 3.340742056134887332e-12
3.379069517694693622e-12 5.632623586636370061e-13 0.000000000000000000e+00 4.302716835763696053e-12 3.430184626009730725e-12 1.685052437521523021e-12 0.000000000000000000e+00 2.972817205342189929e-12 4.279265017417125946e-11 0.000000000000000000e+00 0.000000000000000000e+00 0.000000000000000000e+00 0.000000000000000000e+00 0.000000000000000000e+00 5.612708618307006040e-13 0.000000000000000000e+00 5.621440659796527689e-13 3.362449771357390566e-12 3.410685489559489995e-12 1.641152195441709544e-12 6.185030670569243336e-12 0.000000000000000000e+00 0.000000000000000000e+00 0.000000000000000000e+00 3.268598864824928615e-12 0.000000000000000000e+00 1.666024878897345659e-12 1.846916197006295834e-12 3.983618295272374590e-12 0.000000000000000000e+00 1.634738861255653695e-12 3.337220581365226021e-12 0.000000000000000000e+00 3.336236547968941973e-12 2.933590530326364319e-12 0.000000000000000000e+00 5.630111204449010326e-13
0.000000000000000000e+00 6.168415873356857135e-12 5.662780351970931919e-13 2.240284576554033060e-11 1.688530504773275170e-12 0.000000000000000000e+00 2.469773477048907186e-11 3.422676964431610089e-12 0.000000000000000000e+00 0.000000000000000000e+00 0.000000000000000000e+00 0.000000000000000000e+00 0.000000000000000000e+00 0.000000000000000000e+00 3.351065067953822867e-12 4.176161020635163429e-12 0.000000000000000000e+00 2.974877089529348164e-12 3.381293986356533374e-12 5.642170860049617459e-13 3.429389859360815358e-12 0.000000000000000000e+00 0.000000000000000000e+00 3.425726926548987409e-12 0.000000000000000000e+00 3.691834997828045138e-12 1.380679799397410450e-12 0.000000000000000000e+00 1.634714933189802784e-12 8.517407981766029436e-12 0.000000000000000000e+00 5.613415200873566524e-13 0.000000000000000000e+00 0.000000000000000000e+00 0.000000000000000000e+00 1.638512236126898290e-12 0.000000000000000000e+00
0.000000000000000000e+00 0.000000000000000000e+00 3.423090252252573004e-12 1.683133019881122276e-12 0.000000000000000000e+00 1.652952177980314968e-12 3.390596190018496709e-12 0.000000000000000000e+00 0.000000000000000000e+00 0.000000000000000000e+00 0.000000000000000000e+00 0.000000000000000000e+00 0.000000000000000000e+00 0.000000000000000000e+00 0.000000000000000000e+00 0.000000000000000000e+00 1.646647950114587016e-12 0.000000000000000000e+00 1.658863758827044857e-12 0.000000000000000000e+00 1.035983040946171186e-10 1.116676877297260862e-10 3.469179534771697929e-12 1.687982135557568345e-12 0.000000000000000000e+00 4.874129240215418792e-13 0.000000000000000000e+00 5.617173460434507760e-13 0.000000000000000000e+00 0.000000000000000000e+00 1.634738861255653695e-12 5.625796634963334125e-13 0.000000000000000000e+00 0.000000000000000000e+00 0.000000000000000000e+00 0.000000000000000000e+00 0.000000000000000000e+00
0.000000000000000000e+00 0.000000000000000000e+00 1.680994209239253114e-12 0.000000000000000000e+00 8.897499715419367808e-12 6.869549075587155636e-11 0.000000000000000000e+00 0.000000000000000000e+00 0.000000000000000000e+00 3.352642152692682283e-12 0.000000000000000000e+00 0.000000000000000000e+00 5.615016928300960444e-13 0.000000000000000000e+00 1.640532454240763835e-12 0.000000000000000000e+00 0.000000000000000000e+00 1.658863758827044857e-12 3.436230325234035140e-12 3.012892899950282225e-10 5.689037949248932311e-13 0.000000000000000000e+00 5.719790882068066792e-13 3.751139048397395689e-11 6.225366592612660596e-12 0.000000000000000000e+00 0.000000000000000000e+00 0.000000000000000000e+00 0.000000000000000000e+00 0.000000000000000000e+00 0.000000000000000000e+00 0.000000000000000000e+00 0.000000000000000000e+00 0.000000000000000000e+00 1.631950543080661482e-12 1.636714640321817458e-12 0.000000000000000000e+00
0.000000000000000000e+00 3.492481871809643895e-12 0.000000000000000000e+00 3.492480252006955262e-12 6.195658590897058180e-12 1.458625039359203920e-12 1.641135773064609208e-12 0.000000000000000000e+00 3.393013079942282644e-12 1.648998123817749756e-12 0.000000000000000000e+00 1.639439018751989766e-12 0.000000000000000000e+00 4.182899951459506725e-12 0.000000000000000000e+00 1.655869817539649767e-12 0.000000000000000000e+00 1.594501805736663661e-11 1.690947756992653191e-12 0.000000000000000000e+00 1.693499626714669870e-12 7.840703163364586494e-11 1.648331373753215554e-12 3.465573960020777348e-12 1.677909082528451804e-12 3.409783533965741646e-12 0.000000000000000000e+00 0.000000000000000000e+00 0.000000000000000000e+00 0.000000000000000000e+00 0.000000000000000000e+00 0.000000000000000000e+00 0.000000000000000000e+00 1.055030553515832676e-11 0.000000000000000000e+00 5.597286506813428819e-13 0.000000000000000000e+00
2.866773650850502823e-12 1.296955072009780568e-10 9.707674382800341702e-10 1.693742867850711342e-12 0.000000000000000000e+00 0.000000000000000000e+00 0.000000000000000000e+00 0.000000000000000000e+00 1.666359403207422549e-12 0.000000000000000000e+00 8.701663988082940372e-12 0.000000000000000000e+00 0.000000000000000000e+00 0.000000000000000000e+00 2.996763496754202091e-12 0.000000000000000000e+00 1.676127102402827797e-12 1.689162499287596426e-12 0.000000000000000000e+00 1.648528988590802090e-12 4.627187132850971358e-11 0.000000000000000000e+00 0.000000000000000000e+00 3.379134370234207741e-18 0.000000000000000000e+00 1.677909082528442110e-12 1.361007928654258014e-11 0.000000000000000000e+00 0.000000000000000000e+00 0.000000000000000000e+00 1.634512001026392011e-12 0.000000000000000000e+00 1.633776832249480274e-12 0.000000000000000000e+00 1.631950543080661482e-12 5.609772000176846186e-13 0.000000000000000000e+00
0.000000000000000000e+00 1.671959667423825800e-12 3.421243164590580130e-12 0.000000000000000000e+00 1.679245169142775260e-12 0.000000000000000000e+00 3.428523640867951990e-12 1.664044082917135450e-12 0.000000000000000000e+00 3.746037847924491995e-12 0.000000000000000000e+00 5.646152483800209488e-13 0.000000000000000000e+00 0.000000000000000000e+00 3.408519517543144320e-12 3.040776497033831998e-12 5.786836143801356691e-13 3.453546975843926407e-12 5.716867003303511918e-13 3.434523328901949174e-12 0.000000000000000000e+00 0.000000000000000000e+00 0.000000000000000000e+00 0.000000000000000000e+00 1.649032356296068103e-12 1.646414712226301105e-12 8.873758499078498874e-12 1.351980754197702431e-11 3.397390023352355518e-12 1.345462715262303169e-11 1.814097264777826896e-18 3.374264511260864038e-12 4.756462933214449735e-12 3.676195886685687211e-12 1.633237918026484774e-12 1.632331235247502455e-12 0.000000000000000000e+00
1.427118436305574987e-19 0.000000000000000000e+00 1.672344819570930184e-12 1.403595405118927643e-16 0.000000000000000000e+00 2.467079907818207320e-19 4.312695417033155510e-12 0.000000000000000000e+00 3.048425636480616695e-12 3.418106635704771634e-12 0.000000000000000000e+00 1.658185374646978844e-12 0.000000000000000000e+00 3.048871472995824736e-12 0.000000000000000000e+00 1.272772165109453786e-16 1.327046841767217166e-10 3.446941529133929546e-12 0.000000000000000000e+00 5.671304552361629203e-13 0.000000000000000000e+00 0.000000000000000000e+00 0.000000000000000000e+00 0.000000000000000000e+00 0.000000000000000000e+00 1.024313688669518288e-12 1.641410494203541002e-12 4.204979662984561361e-12 2.956148320087313276e-12 0.000000000000000000e+00 2.957549447746054141e-12 2.027326041702882135e-11 3.205925803123449029e-11 6.472486749966701701e-12 0.000000000000000000e+00 0.000000000000000000e+00 0.000000000000000000e+00
3.788427582120500018e-12 5.752910397702032077e-13 0.000000000000000000e+00 3.423238878032985770e-12 5.764572968699078754e-13 1.670021108204805925e-12 5.621083326027276181e-16 1.685210062332843561e-12 6.211197006282658001e-12 0.000000000000000000e+00 0.000000000000000000e+00 3.419051455659946673e-12 5.689632602778037163e-13 6.631429378074192704e-12 3.442327813344374382e-12 5.741910586144375227e-13 1.954621545356942741e-11 7.816595790732625738e-10 5.425804170635335046e-18 3.434936129023533411e-12 0.000000000000000000e+00 0.000000000000000000e+00 0.000000000000000000e+00 0.000000000000000000e+00 5.618199413412436858e-13 5.614558934946756034e-13 1.634999932225970494e-12 3.373039709561800917e-12 5.604023771416691294e-13 1.573172774283102997e-11 1.633475642556613780e-12 2.564221241165371368e-11 5.489255514069123305e-11 1.308978254648169333e-12 1.633237918026484774e-12 1.632331235247502455e-12 0.000000000000000000e+00
1.649461772639483548e-12 1.495960352989333002e-10 0.000000000000000000e+00 0.000000000000000000e+00 0.000000000000000000e+00 3.928168188988473263e-16 8.740490667686854234e-12 2.658305622386599917e-19 0.000000000000000000e+00 0.000000000000000000e+00 0.000000000000000000e+00 2.017322980822398469e-11 3.637897938873035189e-19 0.000000000000000000e+00 8.292465120484790383e-18 1.036406626586775252e-12 0.000000000000000000e+00 1.689594019116979578e-12 0.000000000000000000e+00 2.076065277780087768e-17 2.993605103692347859e-12 0.000000000000000000e+00 0.000000000000000000e+00 0.000000000000000000e+00 0.000000000000000000e+00 0.000000000000000000e+00 1.635460772108641689e-12 0.000000000000000000e+00 0.000000000000000000e+00 0.000000000000000000e+00 0.000000000000000000e+00 5.152167205414338211e-13 0.000000000000000000e+00 2.203959483654945776e-12 7.433307779228220425e-12 3.324878293996920572e-12 0.000000000000000000e+00
0.000000000000000000e+00 5.761761337725093538e-13 0.000000000000000000e+00 0.000000000000000000e+00 0.000000000000000000e+00 3.445337652653022473e-12 1.098191214976361298e-11 1.329568048374962099e-16 0.000000000000000000e+00 0.000000000000000000e+00 3.425907829907444315e-12 1.682273268958091388e-12 0.000000000000000000e+00 3.044706226699627655e-12 1.674949214247318672e-12 0.000000000000000000e+00 1.649462794540991379e-12 3.434936129020410481e-12 1.050795450009188172e-12 1.165660999087601062e-10 3.459486267643384914e-12 5.630305614767578889e-13 0.000000000000000000e+00 0.000000000000000000e+00 0.000000000000000000e+00 0.000000000000000000e+00 0.000000000000000000e+00 0.000000000000000000e+00 0.000000000000000000e+00 0.000000000000000000e+00 0.000000000000000000e+00 0.000000000000000000e+00 1.645534163791039808e-11 0.000000000000000000e+00 4.135687849988554465e-12 0.000000000000000000e+00 4.139459705408821381e-12
0.000000000000000000e+00 0.000000000000000000e+00 0.000000000000000000e+00 0.000000000000000000e+00 4.298345103959443138e-12 0.000000000000000000e+00 1.679245169142775260e-12 2.814157700086965280e-11 2.250477643769696247e-16 5.764572968699078754e-13 1.681377530289213198e-12 0.000000000000000000e+00 5.690361512824544459e-13 1.120061804928246653e-11 1.657627049388019824e-12 0.000000000000000000e+00 0.000000000000000000e+00 0.000000000000000000e+00 1.668898540861545335e-12 6.657386067025850784e-12 5.728642904797872898e-13 5.591896871024372208e-19 1.660490113655179122e-12 0.000000000000000000e+00 0.000000000000000000e+00 0.000000000000000000e+00 0.000000000000000000e+00 0.000000000000000000e+00 0.000000000000000000e+00 0.000000000000000000e+00 0.000000000000000000e+00 0.000000000000000000e+00 5.610697394759295070e-13 1.637019174367569686e-12 1.415662253218428431e-12 1.642325155451239546e-12 0.000000000000000000e+00
0.000000000000000000e+00 0.000000000000000000e+00 0.000000000000000000e+00 0.000000000000000000e+00 0.000000000000000000e+00 5.676332489700778774e-13 5.784143504453980292e-13 8.830566110799824144e-20 5.765378892268555252e-13 3.026840971053855131e-12 3.433680420485973019e-12 1.681377530289213198e-12 3.425907637275343056e-12 5.674371691986889719e-13 0.000000000000000000e+00 0.000000000000000000e+00 0.000000000000000000e+00 0.000000000000000000e+00 0.000000000000000000e+00 5.706068433440426610e-13 3.689368939171833376e-18 0.000000000000000000e+00 9.418348105560015115e-11 1.653795437039784528e-12 0.000000000000000000e+00 0.000000000000000000e+00 0.000000000000000000e+00 0.000000000000000000e+00 5.626888714619363282e-13 0.000000000000000000e+00 0.000000000000000000e+00 0.000000000000000000e+00 0.000000000000000000e+00 0.000000000000000000e+00 0.000000000000000000e+00 0.000000000000000000e+00 0.000000000000000000e+00
1.644009900690275680e-12 0.000000000000000000e+00 0.000000000000000000e+00 0.000000000000000000e+00 0.000000000000000000e+00 3.404792973266517188e-12 1.684740343716326060e-12 5.529586621947212493e-10 2.467079907818207320e-19 5.770571896145489609e-13 3.433680415674070333e-12 0.000000000000000000e+00 0.000000000000000000e+00 0.000000000000000000e+00 0.000000000000000000e+00 0.000000000000000000e+00 0.000000000000000000e+00 0.000000000000000000e+00 0.000000000000000000e+00 0.000000000000000000e+00 4.281231700489491091e-12 4.201393845937194919e-12 3.461060584079764609e-12 0.000000000000000000e+00 1.681203163024041489e-12 0.000000000000000000e+00 0.000000000000000000e+00 1.686555521780236984e-11 1.162219691964175354e-11 3.259671677548066123e-11 1.734463164666082567e-12 0.000000000000000000e+00 0.000000000000000000e+00 0.000000000000000000e+00 0.000000000000000000e+00 0.000000000000000000e+00 0.000000000000000000e+00
0.000000000000000000e+00 0.000000000000000000e+00 0.000000000000000000e+00 0.000000000000000000e+00 0.000000000000000000e+00 1.672506868292348512e-12 0.000000000000000000e+00 1.684740343716326060e-12 0.000000000000000000e+00 1.682192850625655256e-12 3.039903073518050760e-11 0.000000000000000000e+00 0.000000000000000000e+00 0.000000000000000000e+00 1.650512613598551890e-12 1.639700155769577357e-12 0.000000000000000000e+00 0.000000000000000000e+00 0.000000000000000000e+00 0.000000000000000000e+00 0.000000000000000000e+00 1.666417839434826794e-12 5.801645629276255500e-13 1.666417839434826794e-12 0.000000000000000000e+00 2.264734599169724391e-18 5.031910000210839160e-18 1.326572220064686796e-12 4.265455088236685795e-12 4.463616318085466010e-13 1.015002896267406692e-11 1.327625421097284416e-11 3.290041658928370364e-12 4.088168964863633607e-12 2.932690019567526175e-12 1.644679205018079633e-12 0.000000000000000000e+00
5.687438956345201754e-13 0.000000000000000000e+00 0.000000000000000000e+00 0.000000000000000000e+00 0.000000000000000000e+00 0.000000000000000000e+00 5.756411537091976385e-13 3.438557877859805945e-12 1.683471291066552619e-12 0.000000000000000000e+00 1.682184435218294925e-12 3.426290932907878628e-12 0.000000000000000000e+00 1.203593902959733287e-11 0.000000000000000000e+00 0.000000000000000000e+00 1.639051688630228744e-12 0.000000000000000000e+00 0.000000000000000000e+00 0.000000000000000000e+00 0.000000000000000000e+00 1.649310758756617769e-12 0.000000000000000000e+00 1.027199153538589823e-12 7.593544764394484625e-12 8.767457925681143953e-12 0.000000000000000000e+00 7.373936915066211399e-20 0.000000000000000000e+00 5.910288823981623516e-13 3.054133284109658726e-11 2.973292652293797750e-12 0.000000000000000000e+00 9.310632351640079056e-12 0.000000000000000000e+00 1.637859211620244143e-12 0.000000000000000000e+00
