output/example/lateral_incision_000070.asc
nrows	75
cellsize	13.33333333
xllcorner	0
ncols	75
yllcorner	0
NODATA_value	-9999
[rows 51 to 67 of 75, columns 37 to 73 of 75]
2.639764510440026584e+02 2.567499349364024397e+02 2.854771390990504809e-01 4.244529918951664627e+01 2.247038361261661343e+00 1.043130050230493907e+03 2.793988372974099965e-01 8.167108439165276934e+01 3.619888819002410401e+02 6.401231030229186103e-02 6.033746732015247716e+01 1.079633573924701068e+03 1.925967708487396521e+02 6.700647509771557679e+02 2.016516834811585284e+02 2.440466190277047431e+01 1.316493137331204707e+03 0.000000000000000000e+00 1.300379711174330851e+03 1.918377028798256561e+02 0.000000000000000000e+00 1.187376270775751266e+02 4.696013494291476036e+02 0.000000000000000000e+00 1.373896679100445681e+03 3.075622308382131820e+01 4.041916457616337333e+00 1.729859077562801417e+02 1.076805977583684495e+02 7.271818783820203969e+00 4.079135141240673335e+00 2.921120740569234613e+02 0.000000000000000000e+00 8.469520446216227683e-02 1.360518513396155868e+03 1.037362762794256696e+03 1.375034842303091446e-04
1.307147439966668578e+01 6.102165508205758471e+01 9.934174381468395723e+02 4.719609199062081650e+00 2.197113004754867802e+02 4.073950675968963653e-01 2.012652336448444712e-01 3.127439075607146606e+02 2.347566327786563267e+00 9.279454493939871895e+01 6.043736895354663829e+02 1.899097861348550298e+00 1.309130465821535836e+03 1.366077244738487479e+02 6.357312147022323643e+02 1.162724828609357019e+03 1.171287310930165631e+03 1.064648209895452737e+02 6.759346075698325649e+02 1.781412081631405186e+00 5.798818402376562062e+02 0.000000000000000000e+00 0.000000000000000000e+00 1.078912105029315626e+03 6.700178428859114774e+02 6.402881349777090918e+02 4.237897622950881669e+02 1.033617517653502738e+00 6.287259244676960401e-01 1.003625397145599209e+03 1.299597669740919628e+02 1.229022536611694932e+03 3.477098655994977889e+02 1.107328158691596400e+03 7.017681438516673325e+02 6.164184064440663633e+02 0.000000000000000000e+00
2.467358535093435421e+02 4.808526785872998630e+02 6.327895552593472139e+00 0.000000000000000000e+00 0.000000000000000000e+00 2.020533811853197026e+00 6.337411877486965217e+00 4.160094728878046908e+02 1.231325112370959971e+02 7.407225269173861593e-01 8.202826647509385560e-02 1.330236586973035742e+02 5.750439002972004801e+02 1.448254643309738583e+02 4.358387850808612711e+02 2.086248878988422177e+02 3.777456557729105491e+00 6.502138329994646426e+01 4.493229838720094627e+00 0.000000000000000000e+00 1.273223521656995217e+03 1.188964965588433445e-05 0.000000000000000000e+00 0.000000000000000000e+00 2.868567882518835859e+02 1.622728437749203749e+02 7.917463158919802027e+02 3.151022326036103216e+00 7.632681533339887210e+02 1.901739205818520986e+03 7.003153861347511793e+02 3.732020317141545585e-01 4.322128870475459053e+02 1.662527850824731331e+03 2.907077915079584045e+02 0.000000000000000000e+00 0.000000000000000000e+00
7.662077840605710435e+02 2.045931734466043110e+02 1.116213762066960555e+02 3.260219259738989628e+00 2.881755616313417931e+02 8.519835934941593791e+01 1.501565111657906515e+00 4.708318861311543202e+01 4.708289641490177146e+00 1.412958186513673127e+02 5.555022952199529982e+02 3.846052321726775745e+02 3.682029769827350663e+01 0.000000000000000000e+00 2.840148126940026145e+02 5.294240422929881618e+01 7.562898891503863297e+02 7.190333174802992744e+02 1.188483137047858008e+03 1.116870223905195871e+03 1.064616834987124561e+00 1.292609094532392191e+03 9.037765277267633337e+02 9.208049409912230487e+01 4.583842837099749157e-01 4.189663956659967425e+01 2.873872867015158405e+01 1.266307116921093439e+03 8.053420688680236026e+02 2.270992999595178219e+01 5.810374373159374954e+02 1.718647107178924500e+02 8.573899202873352721e+00 2.066820348231050986e+01 6.154507301922469864e+00 1.316933319884394450e+03 0.000000000000000000e+00
2.204538373992954803e+02 8.797613714831631171e+01 0.000000000000000000e+00 1.038870955791267647e+02 0.000000000000000000e+00 1.053433387084421611e+02 0.000000000000000000e+00 1.565442892195529566e+03 1.208715215474054503e+02 3.843395569047706886e+02 3.711091619221726745e+01 1.559154553672941868e+00 3.139598008115643211e+02 6.409845564582941506e+02 3.731859295180557297e+02 1.809021198294826149e+01 2.133723155158669726e+02 8.297730007528195983e+01 3.742547197286285154e+02 0.000000000000000000e+00 0.000000000000000000e+00 0.000000000000000000e+00 6.560796589204448992e+02 1.969081494497907556e+02 1.255570274815431503e+03 1.063577595632129658e+01 0.000000000000000000e+00 1.284499814885831256e+03 8.678830711323223568e+01 1.632957645703743879e+02 6.383945755722650119e+02 4.163935706981156386e+02 6.634146837815508846e+00 1.573510257002578498e+02 1.166386071420733685e+02 2.354334147545693554e+02 8.332497175027310732e+01
1.145191212278590456e+03 1.258869008634404025e+02 5.565337972066791963e+02 2.865597036560126298e+02 1.035035815907840515e+02 1.183636425666771174e+03 1.008809723113997620e+03 7.964357368850085095e+02 9.855899939240116225e+01 0.000000000000000000e+00 1.372591171791825104e+01 0.000000000000000000e+00 2.057399205957264314e+02 1.357275969440950973e+02 0.000000000000000000e+00 4.507580305659205919e+02 7.607052366672671724e+02 3.751399891872177932e+02 1.209820580517567690e+00 6.337993012950678349e+02 0.000000000000000000e+00 4.921140147720162190e+02 8.692774009909255994e+01 0.000000000000000000e+00 1.296244836909304468e+02 2.256547565219943863e+02 5.278199503062583631e+01 4.115313750845867702e+00 2.859424147850045372e+01 5.353793677678585254e+02 7.301639864672766578e+01 1.775215878460351178e+02 7.152405433952236535e+01 8.823237584473354218e+02 8.183092886054540713e+02 5.219141674810420000e+02 1.192033410255237840e+02
1.011028780744643640e+00 1.154388598024971770e+03 5.551009415069066790e+02 5.151189176277407569e+02 3.606054502346456729e+02 7.426309228258475059e+02 1.036100546625051038e+03 1.851068216817447265e+00 1.388884420283277223e+03 6.092323410035569253e+01 1.172688552244805123e+03 4.590746735203313733e+02 9.137455457938820302e+00 5.637985116114436757e-01 3.215836940563879409e+01 2.807632828151440663e+02 5.030667259590621221e+00 1.195026088876309814e+03 3.248974127487583630e+00 2.002065100651248031e+02 1.210428321002037137e+03 4.551179443791109520e+02 5.718340187867009945e+02 2.306667682469475835e+02 2.299405748079984448e+02 1.401475851351022470e+02 5.347045757272561417e+01 1.505206899267555627e+03 8.112136864231931810e+00 2.768582329475042343e+02 3.026853530373277863e+02 2.093696860659666754e+02 5.078919802046343079e+00 1.435190733650300920e+01 5.958602077478435604e+02 7.536153538139295227e-02 2.001316044414525948e+02
0.000000000000000000e+00 5.403190075468912710e+02 1.190358887702503353e+03 5.188012286721394730e+02 1.923084413463237752e+02 2.664590707624921606e+02 1.431072113748399488e+00 2.028672760530287462e+02 1.754284766553761983e+03 8.961406167080053820e+02 1.964484895636252304e+02 3.202026886456055621e+01 0.000000000000000000e+00 3.358037865545457775e-06 5.817839750845610070e+02 4.503059938961811213e+02 7.271763693734459366e+02 1.139775184370696159e+01 2.849727640146883800e+02 1.413579679056736950e+03 5.078486363459039694e+02 1.964750446418345931e+01 2.962235122524223030e+01 3.206536300002117201e+01 2.099003086803031124e+02 2.381427383594092451e+00 5.674902647975352465e+02 1.941250990621684380e+01 0.000000000000000000e+00 1.296046375198033957e+03 1.884976968534579782e+03 7.484642859095048095e+01 1.009140094341434368e+00 0.000000000000000000e+00 5.595068583709419130e+01 6.953761415293489563e+02 0.000000000000000000e+00
8.881852769526314262e+01 3.644859095440804140e+02 8.837711988648032957e+02 3.566865169543194014e+01 0.000000000000000000e+00 1.839126904065866199e+02 1.744330726941665546e+02 3.015237865126542829e+02 6.776581564145369896e+01 1.320051055055946563e+03 1.045121866261037212e+03 1.774591899884797783e+02 7.249079922568935162e-04 3.875107652362872086e-03 1.487762694820330358e-05 1.584071238057331925e+02 8.584933341671141989e+02 4.459354196437835149e+00 1.680121450072306516e+03 1.636265908416175474e+00 0.000000000000000000e+00 1.070349531997802160e+03 5.731491382440773208e+01 0.000000000000000000e+00 1.466909167337663575e+02 9.408325576976430966e+02 5.783130812349234020e+02 6.216313891612563758e+00 1.406126243498937072e+02 1.001070348235285401e+01 1.520143163570228353e+03 4.374262405812457644e+01 6.500853121388649924e+01 5.663276354701861237e+02 5.482897998287422752e+02 1.006402380222148452e+02 1.165504029681349323e+02
2.297832616802363559e-01 0.000000000000000000e+00 1.508361951022045666e+01 1.177846202723775832e+03 2.820545733111225104e+02 1.432647777167032928e+02 1.362669177583317605e+03 1.198129840181563850e+03 4.130364829866607010e+02 9.567605979750628649e+02 7.040912480436905980e+02 2.566933023408727266e+01 9.171355266404407303e+01 2.540108060977783566e+02 5.077739248055542589e+02 0.000000000000000000e+00 7.552985688207360226e+02 1.564691864065803486e+02 1.141019001876369430e+02 3.485945634499101686e+01 1.360159538883341099e+02 8.664637076123564157e+02 4.331448122415850577e+01 4.661678334767443521e-05 1.801865545710141134e+02 4.661151048410854969e+02 4.040988185897238516e+00 6.268066352447028748e+02 1.512729820853271121e+03 9.038230365544580991e+02 2.172156127174815410e+01 1.462873298499962630e+03 1.104586590587029150e+03 1.184487842263867606e+03 5.280994838565312222e+01 6.975567185761206019e+02 2.523343328907426724e+02
7.472664642855581008e+01 0.000000000000000000e+00 0.000000000000000000e+00 1.293320276057624142e+03 1.795671762458632088e+02 1.616963984408361057e+03 8.087498737706669161e+00 4.831226485952042253e+02 8.579882773165737717e+02 9.953280032941812578e+02 3.956536995440490045e+01 2.382182951003977962e+02 8.037280372652003280e+02 0.000000000000000000e+00 5.428379201371220830e+01 2.262450842988573356e+02 2.499937743795022982e+01 6.740841390367388613e+02 7.113106412518619948e+01 4.078506979354693840e+02 1.556212451127729253e+02 1.704768726878968153e+02 3.354011947673694749e+01 9.383778526064148195e+00 2.827543994389702107e+02 6.777484619371706742e+01 1.254302791406028064e+03 1.042675265147657001e+03 3.181026139735341346e-02 4.311930920017829862e+02 1.051202279942764939e+00 1.347642202336324317e+03 0.000000000000000000e+00 0.000000000000000000e+00 5.428955170651273221e+01 1.320168108820676935e+03 3.495772353939818231e+02
1.345369113185616015e+03 7.952684783966265770e-08 6.255869654646589879e+02 2.238680473875935384e+00 4.368451203579303979e+02 1.214675730615606881e+03 7.706562363908358293e+02 1.588805620837634791e+01 9.347237092544830261e+01 2.675892702216406178e+02 1.743887297019942935e+03 8.666010324444752655e+01 7.366736602607709017e+00 7.981705711555265452e+02 1.014218643248327112e+03 4.769428565601625678e+02 5.558786002196089839e+02 9.166212386886439845e+02 2.396950785416687157e+00 1.633272240850616299e+03 8.206039797222812240e+02 8.746389131898713032e+00 2.798168913638341948e+01 3.036623549825382185e+01 3.676305679278159459e+02 1.040142098305927831e+01 7.262641740077675649e+02 2.045052977069893814e+02 2.795791678773317130e+02 6.794264044770173427e+01 5.627033345447043757e+02 2.238993380083538209e+00 4.871100663235343973e+02 2.257061164847601447e+02 5.806552909757361931e+02 7.931172493071778717e+01 1.858577974257897125e+01
8.560658265402545339e+02 5.871812663630192901e+02 8.563250028360838542e+02 8.215108053794953902e-01 9.252402403479096620e+02 6.736619934078720462e+01 9.413244379654237548e+01 4.229118311252499751e+01 1.177436790891599230e+03 9.330545696523648758e+01 5.430187766368760549e+02 6.301126846009348128e+02 7.566603308024714636e+01 7.250899618135476885e+02 7.222647155307078126e-01 3.316410828512464946e+02 2.065199179967856367e+02 2.540200200817946730e+00 1.010584256419012377e+02 3.230108939222228628e+02 1.332292946691885618e+03 1.564231162061455791e+02 1.030135375756502469e+01 7.520625556563634291e+02 3.556085726764833908e+02 8.184857895303872510e+01 9.310162297451386166e+02 4.185638676798444067e+02 2.423653493058392314e+02 8.623875222687514608e+00 8.214529163539326646e+02 1.273911642743723178e+03 5.924552858911101616e+00 0.000000000000000000e+00 9.406612709392317129e+02 1.571204718001158369e+02 7.061490367748114672e+00
1.241727038715290377e+02 1.000654917984287664e+02 0.000000000000000000e+00 2.157114078260991903e+02 0.000000000000000000e+00 3.788041079007633982e+01 1.174225246655658195e+00 8.841489345724715676e+00 1.717923484769593472e+02 1.430295097075392732e+03 4.767089686799974579e+00 3.527873392746625996e+02 6.733421131324460873e+01 3.877868099184495065e+01 2.106468923020199924e+01 2.187717440425611670e+01 7.622019911972571435e+02 1.816455179552237675e+00 1.484633689481318697e+03 0.000000000000000000e+00 1.191293586345579797e+03 1.281039706953280586e+02 2.077890722850557340e-04 1.331192388120171870e+02 5.390244306337399394e+02 6.804017840753546409e+01 8.255669904268987693e+02 5.024218333300937047e+02 6.520889125250432699e+02 0.000000000000000000e+00 1.597061734230229391e+01 1.088994113908574946e+03 9.904778739264477258e-03 9.589998532141802343e+02 4.003539565410224554e+02 3.507832176111602962e+02 1.399927509778302159e+01
3.764246323076842482e-01 3.281414935048754842e+02 9.097860252362032218e-01 2.166517335316596515e+00 3.030628213518784086e+00 3.857946320004544294e+00 6.900441746183912528e+01 6.260540900571243128e+02 2.174116950775371606e+02 6.292802441771442545e+02 0.000000000000000000e+00 1.501334367429710710e+03 5.910667946308079763e+02 5.140607738081439493e+02 8.252667623427708321e+00 3.872671464297409472e+01 1.075612503567084985e+02 7.409486368098858122e+01 1.253633057485054906e+03 3.920979369925545939e+02 3.045995576140661569e+02 0.000000000000000000e+00 3.283896311374381298e+02 1.102963675547100138e+03 1.250692996065864463e+03 8.318128434229075552e+00 5.271166279011396227e+01 1.186501886250917863e+02 7.516961364933706591e+01 2.994558671291517538e+00 2.284747301083635218e+00 0.000000000000000000e+00 1.384470690775480307e+03 1.136973171072441335e+00 1.089288087338275545e+03 8.389737704544488679e+02 3.498094698763818400e+01
7.319364108562797355e+02 3.234200863677303914e+02 1.146807232521956099e-01 5.724891733187199350e+01 0.000000000000000000e+00 4.912253631917299401e+01 1.750742404234615579e+00 5.434643029648440233e+02 1.240729896473254996e+02 6.804334943639524909e+02 6.619100439399356901e+02 1.464792757840779700e+02 7.954560073127059638e+01 8.702920816978451057e+01 3.541690732109652906e+00 5.547039302292557750e+01 1.070458178527581822e+03 8.080916822209408323e+00 1.095805026846600640e+03 4.975441848994261136e+02 2.825523702333857523e-01 8.082010782275881411e+02 1.321585837237924807e+03 3.311275712455596931e+02 1.946043387458814777e+01 4.320962132854490392e+02 4.458411073064109473e+02 4.922761968182685450e+02 3.318631599248873272e+02 2.552664008531665019e+01 3.585875747532844571e+01 4.514939809700593969e+02 1.508306436252684762e+03 1.147500050735799960e+03 9.911975086787060407e-01 6.493492822603872128e+02 7.670146457791349803e+02
7.035589365102216561e+02 5.491330267812795682e+02 8.749079581754838841e+01 2.334226207678973992e+02 1.193347646230817418e+03 8.263453832395290419e+02 2.583490765351772467e+00 6.682657737419758348e+01 8.786687508999047935e+00 2.099753536940206189e+01 8.756756154579040867e+02 3.518395220652550393e+02 4.040766587482371506e+02 8.998780528771353815e+00 6.121729010351057241e+02 0.000000000000000000e+00 4.757158761279160331e+02 6.710974553812252275e+00 4.546100922912907549e+02 7.951230151940345081e+01 2.054212711013993555e+02 2.269971845098922003e+01 3.997863374183246492e+02 4.148580230587173290e-01 6.215234979008498613e+02 6.703404377081784560e+02 3.826500516059683150e+02 9.862666926166804160e+02 8.937023940032875089e+02 9.907662667471701020e-06 1.001956222390428934e+03 1.618125573386411816e+03 2.603685971110262898e+00 0.000000000000000000e+00 6.724204809441317821e+02 3.601022495738259721e+00 3.586803017032056005e+02
