output/example/lateral_incision_000206.asc
nrows	75
cellsize	13.33333333
xllcorner	0
ncols	75
yllcorner	0
NODATA_value	-9999
[rows 51 to 67 of 75, columns 37 to 73 of 75]
0.000000000000000000e+00 0.000000000000000000e+00 0.000000000000000000e+00 0.000000000000000000e+00 1.119984730912628379e+02 1.727729106134537176e+02 8.889332770245256254e-01 1.319391073155289405e+03 5.641786903259593089e+01 7.745422715429931486e+02 8.048401572381696951e+02 3.783748739121366000e+00 1.550410760598021511e+02 1.938720208951084203e+02 8.046528857228690867e+02 0.000000000000000000e+00 3.034444530264613604e+02 8.203409142470491133e+02 1.107445485567951437e+03 4.769848254675532218e+01 6.817604801694132277e+01 7.721914677221679568e+00 1.627998721892865888e+03 1.835669427277291862e-02 5.108004787198202834e+00 6.272364483982184993e+02 4.973026818362498602e+02 7.488116206191733681e+02 2.918181569636956283e+02 0.000000000000000000e+00 4.083730810201323607e+02 6.095010050995334723e+02 1.420345440182575658e+03 5.811540695069923856e+01 6.413891350234338233e+02 0.000000000000000000e+00 3.385249448530493144e+00
4.621988628654685840e+02 0.000000000000000000e+00 3.051911624262912142e+02 0.000000000000000000e+00 0.000000000000000000e+00 6.378243521569761931e-01 1.261632235085396161e+02 0.000000000000000000e+00 0.000000000000000000e+00 0.000000000000000000e+00 3.819883260807012404e-02 0.000000000000000000e+00 5.223611566252004401e-01 0.000000000000000000e+00 1.019489989395388534e+03 5.196056346477263332e+02 6.163097914239605188e+02 1.608009227938829791e-03 4.249131902540757150e-02 8.195539598627273048e-02 0.000000000000000000e+00 1.587355400616363113e+03 0.000000000000000000e+00 1.137037774507623666e+01 1.274070332028039942e+01 1.076390233563423493e+02 2.335134281892954107e+02 1.736277908123336378e+00 1.288288368152045962e+02 3.790675559717683285e+01 8.144082317580658810e+02 5.210300601628339336e+02 1.581831692777938997e+03 1.528095158353479519e+02 6.857729116085276928e+02 1.385281531510433297e+03 0.000000000000000000e+00
1.294688106532322089e-05 0.000000000000000000e+00 5.177639140425007724e+01 1.980723772850818989e+02 6.475503382154066401e+01 5.817559435995457306e+02 1.205653500299702728e+03 6.084972827462553658e-06 1.970840122593063271e+01 7.185938002041207255e+02 7.378109472296952731e+01 4.009515023150788693e+02 1.102670618229625461e+03 0.000000000000000000e+00 4.441755597234660624e-01 0.000000000000000000e+00 8.792152657927104764e-02 1.700433498609746437e+02 0.000000000000000000e+00 2.408888206392932148e+02 5.099338750996588487e+02 3.267062234028933698e+00 1.478267649996716727e+03 1.185936570280947763e+03 4.345936140378512960e+02 5.267189317352234639e+02 2.490789597317800741e+01 6.816062418999481451e+02 1.207054019293134843e+03 0.000000000000000000e+00 2.725458207807077571e+01 7.130375635447890659e+01 1.504549562275200092e+00 7.797005422226601468e+01 5.019926533165284610e+01 1.146822590987318478e+02 6.487061123264876414e+02
0.000000000000000000e+00 2.197774959557196439e+02 1.929484302551752080e+03 1.147450945736059566e+03 3.651174989204619692e+00 1.097765016540807665e+03 1.160322383372928698e+03 1.186867366000674792e+03 1.916835786355294147e+02 1.263319711391490500e+03 1.333190664214523849e+03 1.906939878080215180e+02 1.028664077075396335e+03 2.661546429231146931e+02 9.616973068698045490e-06 1.165100117023398298e+03 5.968628763163357007e+02 4.355570753974609488e+01 1.547765405216514978e+02 3.066573420166980100e+02 3.331782350393819456e+02 7.150933220180837679e+02 5.976529803752384851e+00 1.114701253236581806e+03 1.395563111945347998e+02 5.225249081147796915e+02 1.174634235144938657e+03 6.192637818987843445e+01 3.434874871735125623e+00 3.743218749447742084e+02 1.585298323301716437e+03 1.502462940453655165e+03 2.741965171826221308e+02 1.592085545931529396e+03 7.811171483301740182e+02 4.087606704958569281e+01 6.825754742517198110e+02
6.211721500867035957e+02 0.000000000000000000e+00 9.699067403421291829e+02 4.918947256933041134e-01 1.612055620919783507e+02 1.256902560490793803e+03 7.303946720567272166e+01 1.814581863129478023e+01 1.877862076793782649e+02 3.485655193644828955e+02 1.254121508370443735e+03 1.244882548208420076e+03 2.391813149164969445e+02 6.087613182377918264e+00 1.971287156163110978e+02 9.533258857276851472e+01 1.255725760034425321e+03 9.798704092641970647e+02 5.320421116445049847e+02 1.593295901717795289e+02 0.000000000000000000e+00 1.367339731968066587e+02 4.531889259618977067e-02 6.387251300771904425e+02 6.792468893624298971e+02 7.247022674001340192e+02 1.032862605938882780e+03 1.981930022749450071e+00 1.011336070687292363e+03 4.526630214814153987e+02 0.000000000000000000e+00 1.464789643802321564e+02 2.207645998673595500e+02 2.225823285138889673e+01 6.762575531314313082e+01 7.364249690893739597e+00 1.542961083538457103e+02
5.859692172113323068e+02 0.000000000000000000e+00 3.034728988708997832e+01 1.417631880021245024e+03 1.278236574561625275e+03 5.860986236336614184e+02 0.000000000000000000e+00 3.556420879568746045e+02 8.082917076403339252e+01 3.318783907222035054e+02 0.000000000000000000e+00 1.520215146811134673e+03 4.283764438463244346e+02 1.358362606505548058e+02 2.405174891274585889e+02 1.003736199338604820e+03 5.654453889312419790e+01 3.173509580604924736e+02 2.131528213744334987e+00 5.112087994923950163e+00 5.750417619459981324e+02 8.689432611945944700e+02 1.469201144804089608e+03 3.319635802854030704e+00 0.000000000000000000e+00 1.536608311182722673e+03 0.000000000000000000e+00 1.711254853210336250e+03 1.724493499391567184e+03 3.505429918945234249e+02 1.267795577466795521e+03 2.065889087589697937e+01 4.211855472725093250e+02 0.000000000000000000e+00 0.000000000000000000e+00 6.998843077395880528e+02 1.192033410255237840e+02
1.751286754069270444e+02 7.764956508309836525e-02 9.301685845226496667e+02 9.834303872725707834e+02 0.000000000000000000e+00 1.722717982895271689e+02 0.000000000000000000e+00 9.093202901032254886e+02 3.779232185289792323e+00 2.402407744677290964e+02 1.203042775645054235e+03 9.322192851947296299e-01 6.179128136250978969e+02 1.201566807612058938e+03 4.763799581576854791e+00 4.946182494594286823e+02 2.604265349303850599e+02 0.000000000000000000e+00 5.237896085057031996e+02 1.781886251509108288e-01 9.874996535301887661e+02 2.138641323089733817e+02 2.184790207797256301e+02 0.000000000000000000e+00 1.626090661411787323e+03 4.967063933815808241e+00 1.759096616302743996e+03 1.423049198793492678e+03 1.171530937458886683e+03 9.858245776138917336e+02 3.181805797033254066e+02 4.681762341734517463e+02 5.694778648283198663e+02 3.386628780259171378e+01 5.958602077478435604e+02 1.051969276317486468e+01 2.001316044414525948e+02
1.261229345247346828e+03 0.000000000000000000e+00 2.672001966573982372e+02 1.585268387508022215e+03 5.349891004809371680e+02 3.258711063424677690e+01 1.570014523987613870e+02 4.447423780432352487e+02 6.194339642383122957e+00 4.605353984161409926e+02 2.483639079432957715e+02 3.310523219350834978e+01 1.446306459458279505e+03 1.471684675826511011e+03 2.397598219090285170e+02 1.704329227640447471e+02 2.296942633671480394e+01 7.804481643817983922e+02 5.790113805603011032e-01 1.007115645568004084e+03 1.313270095633272149e+03 1.201595534637894644e+02 3.681563731489433167e+01 7.488905426195998416e+02 0.000000000000000000e+00 1.462311335266248761e+03 2.089609212757528756e+00 9.214606665871498308e+02 6.207874269310572117e+02 1.836298259375902830e+02 4.136142428638380011e+02 1.730599630721028461e+02 8.477798210057046617e+02 2.733923429303593000e-01 0.000000000000000000e+00 1.007882376030284490e+03 1.017805260897577169e+00
5.208270511309105899e+00 1.899632693757489577e+01 5.282088081108918809e-01 5.715433120053502307e+02 3.938539639035852247e+02 1.880450794750151999e+02 4.068617463740011999e+02 8.397173681854604865e+02 1.172495778824840045e+02 3.584542757460887685e+01 1.055047012234129625e+03 4.570281515667583676e+02 5.795952605071245500e+01 9.789996947293004723e+02 1.671654980572168370e+03 5.175250541239400803e+01 1.436662439470190066e+03 1.554907776892263485e+02 2.679013029953166702e-01 9.773314667874569750e+02 7.785806314356323128e+02 1.746854190126348385e+02 8.995546773521817840e+02 7.556747914291116786e+02 0.000000000000000000e+00 2.604673068745441924e+02 0.000000000000000000e+00 2.442771203516145988e+02 3.813020246924437515e+02 2.793279621833025317e+02 3.115549202424805486e+00 0.000000000000000000e+00 9.132447495255222520e+02 1.766763898598550213e+02 1.551756949571930363e+03 4.154729684453670870e+02 7.009309126332270434e-01
6.655171932629525600e+02 9.476117357712777221e+02 9.309195437501830384e+02 1.336137149904173604e+01 0.000000000000000000e+00 3.085504479792929544e+01 3.898302429603589871e+02 3.136673389817264024e+02 2.727637552940755086e+02 1.563484278529766591e+01 4.627482812233932918e+01 1.393328427752503558e+03 0.000000000000000000e+00 7.009079974737582006e+02 1.370382552330005637e+03 2.520030956374979869e+00 1.586199584411469914e+03 1.551744078137067845e+03 7.184753063570283871e+01 3.557284921756652238e+02 1.605354477615144617e+02 0.000000000000000000e+00 1.305669207040950596e+03 0.000000000000000000e+00 2.721452109441652283e+02 3.868163811783218193e+02 1.281772114121092955e+03 7.015511633802366021e+01 7.395710275448860216e+01 5.845770733102378927e+02 3.475845721509197119e+02 1.686512452890686120e+01 5.293625193534959408e+02 5.393090380426963293e+02 9.005915147025588112e+02 1.930048561680756904e+02 1.296707785629608679e+03
2.233565129318551215e+02 1.333035204570636324e+03 1.359679932453766469e+03 2.177586678587765050e+02 0.000000000000000000e+00 1.938822986145630978e+02 6.697334301667116563e+01 3.963740767616111782e+01 7.517793920330133233e+02 0.000000000000000000e+00 7.725662507531401388e+02 2.753019919295816180e+02 5.804782852384256557e+02 0.000000000000000000e+00 3.863655044037543007e+02 3.856384906146242884e+02 8.725948888471601776e+02 7.796944349464563402e+02 1.074856037712572032e+02 5.703357099888930293e+01 5.753096412342638359e+02 1.868976996249892579e+02 1.377640258685367236e+01 1.180661075651124065e+03 0.000000000000000000e+00 0.000000000000000000e+00 2.797062215838438988e+02 0.000000000000000000e+00 1.278880936364766512e+03 4.263429103105016438e-01 0.000000000000000000e+00 0.000000000000000000e+00 1.383320021188201565e+02 1.745612543983934870e+02 1.639287307765358037e+03 4.821194409528339264e+01 5.575093318889588545e+02
9.275189953333663198e+02 2.114358356563579093e+02 1.513452352062322916e+03 2.849704679540751329e+01 5.335127601229556404e+01 8.208167699294643853e+02 9.026120051558119712e+02 0.000000000000000000e+00 1.217262847652097435e+03 0.000000000000000000e+00 2.818108280748245420e+02 2.746771270572829735e+02 4.960900237451419947e+00 8.015411761075063168e+02 1.014313377931861282e+03 7.120358475690632183e+00 2.830951609044620341e+02 4.647943698804346013e+01 6.086915291862168287e-01 6.808131630493915054e+02 3.649626060740321520e+01 7.458277754930326182e+02 0.000000000000000000e+00 2.333130175873625944e+02 4.711795831027781674e+02 4.871091974445467940e+02 2.024212300109666529e+01 3.019429160115446464e+01 1.010758056404753461e+03 2.481411163683077348e+02 2.270062115073202591e+01 1.580368447046226095e+02 5.654593204228487480e+01 1.088224306199770126e+03 1.213386882692483596e+03 4.543028444567427826e+00 8.335926360956538872e+01
0.000000000000000000e+00 6.889691310476021613e+01 4.072260158705337290e+02 4.891990549713071346e+02 1.841811806125343765e+02 2.853386420621588093e-01 1.756058223867671870e+02 1.502145681638014139e+03 1.123646799249009064e+03 3.233098922882717119e+01 4.787216131442994516e-01 9.908218558620020531e+02 9.778013239696138115e+00 5.765425807318923717e+02 7.194989080859858177e+02 7.549245954361847453e+02 3.306192982202703661e+02 4.686207776031621393e+02 1.057236319495763022e+00 1.493670830777806259e+03 1.097130950123303694e-01 4.280090117921907336e+02 2.192801949111392901e+02 6.103335180018630979e+01 0.000000000000000000e+00 0.000000000000000000e+00 1.822214184650146990e+03 1.560882958068271620e+01 1.747879256133268427e+03 6.545210580300806669e+02 6.779175148995369682e+02 1.830549345947337940e+02 8.778054734568532069e+01 8.308509849746900500e+01 3.725036389887790023e+01 1.596496376147350702e+03 3.372535192320165720e+02
2.130714063285901716e+02 7.028792858832440515e+02 1.569566211798076427e+00 4.908042889299490525e+02 1.442509319396397132e+03 1.924930247436544164e+02 3.099034424953013289e+00 1.548083916421010372e+03 1.093741916050063594e+02 1.410266932096241135e+03 1.214911127299111513e+03 6.641316502830457011e+02 1.136023491817787999e+03 6.633074813204912061e+02 2.680641378917642328e+02 4.897556582978730688e+01 5.728626133202998290e+02 8.703186868713800095e+01 7.369024828600799992e+02 2.850139645457871325e+02 5.598823704741005258e+02 0.000000000000000000e+00 4.511689127085383575e+02 5.487066920321236552e+01 2.816039235275789565e+02 1.940864751299245199e+03 8.259055494092125400e+02 1.576733960610151257e+02 1.923317812432560459e+02 3.640634152634345977e+00 1.090788472702659419e+03 1.891363819068205601e+02 1.464913994904967240e+03 6.390207746455107554e+02 1.138883224214865550e+03 0.000000000000000000e+00 1.606752564077521228e+01
1.908120841570550752e+01 5.068060353005002128e+01 8.258872013033474957e+01 2.662908731834450577e+02 4.695137957498801597e+02 3.057347335387509020e+02 1.081758115449541435e+02 1.168079073112731692e+02 2.877925867334867576e+02 3.195656718859859211e+02 8.427194772341590578e+02 1.350786528118708020e+03 8.895953664898199804e+02 1.819428349473084339e+01 1.761790700285322373e+02 1.838227170934067374e+02 1.168264068826461198e+03 1.940488869422557059e+02 2.272756989131926864e-01 5.310926905839431811e+02 3.971411510548430357e+01 1.080513204277475779e+03 5.306223038359878501e+02 1.911504470306909198e+01 6.984941695434256417e+02 4.271022816142574356e+02 6.586134248845697314e+00 9.342740882258553938e+02 1.122161092399473773e+03 1.323747688661935626e+03 1.170599098785299219e+01 6.856844205935228729e+02 1.636355864754273171e+02 2.869398943952307235e+01 6.830582007938431843e+02 9.798349198380600455e+02 5.760643878305667442e+01
4.274561739316273812e-01 3.872146287519638008e+01 1.215939124870746468e+02 4.893933308398357553e+02 1.431179347537387912e+03 3.062172193151016018e+02 0.000000000000000000e+00 5.773001269657303283e+02 2.511655761748480487e+00 5.460735450598180023e+02 1.850117247726948335e+03 8.463364078957074526e+02 7.247581977832122391e+01 9.983283694197698424e+02 1.778761742186408412e+02 5.416790118775483052e+02 0.000000000000000000e+00 1.367659611472427983e+01 0.000000000000000000e+00 7.809803750301391574e+02 6.936390661663583614e+02 1.385990691625546560e+03 1.342149251277558506e+03 3.513583098753473166e+01 1.383898834824422295e+02 4.615165140370082852e+00 9.312689899801981710e+02 1.483475376163595229e+03 1.081610616433664973e+03 9.838438680126679401e+02 3.137302661323623898e+00 1.292338437061580180e+03 1.163183692935627391e+02 6.121804725448208728e+02 7.244401294135018361e+02 8.996724983286583210e+01 3.402814460155265692e+02
1.895220657530163919e+02 9.364146972382731064e+02 1.712692276451185080e+03 0.000000000000000000e+00 0.000000000000000000e+00 1.610968471998748486e+00 2.894672797689231061e+02 1.727668802814745732e+03 1.497997086826409941e+03 1.526058624300197453e+00 7.131817058164959917e+02 2.390152558459417099e-05 2.836147373162925192e+02 1.457270293534444363e+03 1.968435560177744890e+02 1.958927818556810863e+01 0.000000000000000000e+00 1.058458238750236546e+02 6.321091566336962160e+02 1.942722980044088672e+02 4.381416522078109779e+02 4.153853189715334793e+02 1.543781809398094993e+03 7.674567199057592006e+02 7.159211378293910855e+01 1.639852989790695801e+03 6.583631700143354237e+02 3.242469348656854544e-01 0.000000000000000000e+00 1.019592384590218444e+03 2.163231636898671297e+02 1.920574582406975708e+02 1.157805658616328401e+03 9.222909434829165320e+02 2.722433449887667507e+02 8.120706633911569270e+02 5.694837388912101233e+02
