output/example/lateral_incision_000032.asc
nrows	75
cellsize	13.33333333
xllcorner	0
ncols	75
yllcorner	0
NODATA_value	-9999
[rows 17 to 33 of 75, columns 37 to 73 of 75]
1.632780600932867657e-12 0.000000000000000000e+00 2.944640112516357745e-12 6.021897317485471756e-12 0.000000000000000000e+00 3.340910644589154856e-12 1.635074399527206033e-12 0.000000000000000000e+00 2.943280298301709070e-12 3.345423904636157427e-12 5.632663923480660052e-13 0.000000000000000000e+00 0.000000000000000000e+00 0.000000000000000000e+00 0.000000000000000000e+00 0.000000000000000000e+00 0.000000000000000000e+00 0.000000000000000000e+00 2.400325284247870838e-11 0.000000000000000000e+00 1.653324981156419453e-12 0.000000000000000000e+00 5.309358225871171528e-12 3.345993758047225082e-12 2.375003096332251811e-11 1.637179705754809951e-12 0.000000000000000000e+00 1.631839961338927025e-12 3.346894536483894530e-12 1.627361214859418130e-12 0.000000000000000000e+00 0.000000000000000000e+00 8.474636966278756715e-12 3.950902525551027396e-12 0.000000000000000000e+00 1.815851728602830968e-12 3.337743350147828836e-12
0.000000000000000000e+00 1.158728287438083423e-11 0.000000000000000000e+00 1.633849633709532027e-12 1.077768277598406842e-11 1.632314558373952369e-12 0.000000000000000000e+00 5.615386709692080367e-13 4.088873523159548885e-11 5.614291311422409088e-13 0.000000000000000000e+00 0.000000000000000000e+00 0.000000000000000000e+00 0.000000000000000000e+00 5.617154835681664675e-13 0.000000000000000000e+00 5.610504790032806145e-13 3.342751565349498433e-12 0.000000000000000000e+00 3.517536366915197178e-12 0.000000000000000000e+00 3.517536366915197178e-12 0.000000000000000000e+00 3.345179946188308582e-12 1.637107478060917471e-12 0.000000000000000000e+00 5.299069451511538923e-12 3.337647033015366726e-12 3.618329836385603032e-12 0.000000000000000000e+00 1.619589877773249117e-12 3.310159316982118246e-12 0.000000000000000000e+00 3.336893063950239952e-12 2.934619872577715272e-12 0.000000000000000000e+00 1.635046425048665262e-12
0.000000000000000000e+00 6.021897317485471756e-12 1.635625720548862288e-12 3.315541364689368363e-12 1.625663461859070473e-12 0.000000000000000000e+00 5.615132837031546321e-13 3.340910644527703576e-12 0.000000000000000000e+00 0.000000000000000000e+00 0.000000000000000000e+00 0.000000000000000000e+00 0.000000000000000000e+00 0.000000000000000000e+00 3.344289264014584321e-12 5.617154835681664675e-13 0.000000000000000000e+00 2.941872946488229702e-12 3.344016247198180512e-12 3.122242905808229910e-12 0.000000000000000000e+00 3.516945446172161608e-12 3.337972321246091097e-12 1.635348537309483763e-12 0.000000000000000000e+00 1.636747173726812985e-12 3.347697058638793081e-12 0.000000000000000000e+00 1.635418408814895028e-12 8.491639461228651315e-12 0.000000000000000000e+00 0.000000000000000000e+00 0.000000000000000000e+00 0.000000000000000000e+00 0.000000000000000000e+00 5.618082189819437741e-13 0.000000000000000000e+00
0.000000000000000000e+00 0.000000000000000000e+00 0.000000000000000000e+00 1.615503151761096942e-12 0.000000000000000000e+00 1.633806380503320069e-12 5.991725455100023421e-12 0.000000000000000000e+00 0.000000000000000000e+00 0.000000000000000000e+00 0.000000000000000000e+00 0.000000000000000000e+00 0.000000000000000000e+00 0.000000000000000000e+00 0.000000000000000000e+00 3.342751565349498433e-12 1.632767627128475021e-12 0.000000000000000000e+00 1.634352487485877164e-12 2.291532621505348807e-17 0.000000000000000000e+00 4.210129918416575237e-12 1.630388203610857493e-12 0.000000000000000000e+00 1.635348537309483763e-12 3.345179946188424500e-12 0.000000000000000000e+00 5.625905498553674329e-13 0.000000000000000000e+00 0.000000000000000000e+00 9.995913619228304501e-13 3.310159316982118246e-12 0.000000000000000000e+00 0.000000000000000000e+00 0.000000000000000000e+00 0.000000000000000000e+00 0.000000000000000000e+00
1.624875295576942634e-12 0.000000000000000000e+00 3.287598571263535338e-12 0.000000000000000000e+00 3.287598571263535338e-12 6.130157571486239284e-11 0.000000000000000000e+00 0.000000000000000000e+00 0.000000000000000000e+00 3.340135664634430784e-12 0.000000000000000000e+00 5.621587848441016831e-13 0.000000000000000000e+00 0.000000000000000000e+00 1.635493075339956580e-12 0.000000000000000000e+00 3.344016247198180512e-12 1.634352487485877164e-12 3.164017636038160146e-12 5.381641852066192871e-17 0.000000000000000000e+00 1.622453554230308330e-12 1.029285680666798728e-17 3.335079184258690243e-12 3.337972321246196110e-12 0.000000000000000000e+00 0.000000000000000000e+00 0.000000000000000000e+00 0.000000000000000000e+00 0.000000000000000000e+00 0.000000000000000000e+00 0.000000000000000000e+00 0.000000000000000000e+00 0.000000000000000000e+00 1.678448717830095843e-12 1.700942102455723565e-12 0.000000000000000000e+00
0.000000000000000000e+00 1.620560865132943361e-12 2.880858388464307391e-12 0.000000000000000000e+00 2.898065503256719747e-12 0.000000000000000000e+00 0.000000000000000000e+00 0.000000000000000000e+00 3.340657373620997956e-12 1.632900264705360438e-12 0.000000000000000000e+00 1.636679739876983966e-12 0.000000000000000000e+00 4.156058033883545805e-12 0.000000000000000000e+00 1.650927543728613372e-12 0.000000000000000000e+00 0.000000000000000000e+00 1.617221675118931656e-12 0.000000000000000000e+00 1.552298140499395165e-17 5.609759189369790333e-13 3.317554282530630263e-12 0.000000000000000000e+00 2.937163317763422001e-12 1.774676757058055491e-10 0.000000000000000000e+00 0.000000000000000000e+00 0.000000000000000000e+00 0.000000000000000000e+00 0.000000000000000000e+00 0.000000000000000000e+00 0.000000000000000000e+00 1.053347237694999439e-11 0.000000000000000000e+00 1.734014698424699840e-12 0.000000000000000000e+00
1.620560865132943361e-12 3.464570177205437856e-10 1.006584181414965706e-09 3.321488593634762606e-12 0.000000000000000000e+00 0.000000000000000000e+00 0.000000000000000000e+00 0.000000000000000000e+00 1.631741483939930484e-12 0.000000000000000000e+00 8.531624146701627732e-12 0.000000000000000000e+00 0.000000000000000000e+00 0.000000000000000000e+00 2.986772413926039569e-12 0.000000000000000000e+00 1.718840915204777101e-12 3.287583344256364311e-12 5.749094204394117804e-13 3.307696658117777075e-12 4.817495563099064277e-11 0.000000000000000000e+00 5.599038046565683649e-13 1.392090360505395821e-17 8.579039445049705323e-11 1.636430080717918466e-12 1.636535376872120932e-12 0.000000000000000000e+00 0.000000000000000000e+00 0.000000000000000000e+00 1.681936280121636256e-12 0.000000000000000000e+00 1.640842451097775811e-12 0.000000000000000000e+00 1.678448717830095843e-12 1.700942102455723565e-12 0.000000000000000000e+00
0.000000000000000000e+00 5.584903737025004558e-13 5.562028269932298266e-13 0.000000000000000000e+00 3.447926410817208161e-10 3.325005292615901145e-12 3.323594434602586359e-12 1.632053421057857792e-12 0.000000000000000000e+00 3.622968452337335514e-12 3.340657373620997956e-12 0.000000000000000000e+00 5.605804742316191779e-13 5.611457880036157476e-13 5.259945900780765915e-19 6.017282995534979022e-17 0.000000000000000000e+00 1.181049538039431907e-10 0.000000000000000000e+00 5.545622838610147038e-13 0.000000000000000000e+00 0.000000000000000000e+00 0.000000000000000000e+00 0.000000000000000000e+00 3.345125926395256971e-12 1.636148647871114660e-12 1.261025283064640789e-11 3.347558098144743786e-12 3.346601289858093041e-12 8.518752699907955730e-12 3.342527072682618197e-12 6.049283051573471193e-11 3.348991460571340238e-12 3.346893038985971230e-12 1.654357355698197749e-12 1.668734170271147061e-12 0.000000000000000000e+00
2.928818938816373356e-12 7.390011430109684421e-11 1.626567203845844592e-12 1.623619003029576994e-12 0.000000000000000000e+00 1.373459093584803161e-16 4.110870181583568392e-12 0.000000000000000000e+00 5.865294909132205980e-12 3.332902730344813011e-12 0.000000000000000000e+00 1.634190073066397433e-12 0.000000000000000000e+00 2.926174378354932627e-12 1.807901029318146513e-16 5.980819269311961323e-13 1.150436768144741935e-12 3.307687433982801530e-12 3.713217940021052315e-10 2.006306296469172634e-17 1.642158026972857682e-12 0.000000000000000000e+00 0.000000000000000000e+00 0.000000000000000000e+00 0.000000000000000000e+00 5.312299531281520736e-12 0.000000000000000000e+00 4.159081452382284722e-12 1.009534879322307717e-12 0.000000000000000000e+00 2.610015302152684889e-11 1.907915351494938595e-11 5.612123664190365811e-13 5.622017872086566177e-13 0.000000000000000000e+00 0.000000000000000000e+00 0.000000000000000000e+00
1.042347942687001351e-10 0.000000000000000000e+00 1.632911580550979735e-12 3.324998841323150238e-12 2.464182376169591339e-18 1.629081348299863469e-12 5.649940293834556035e-16 1.621559025828941049e-12 1.074884999459258643e-11 0.000000000000000000e+00 0.000000000000000000e+00 3.331731869756746306e-12 6.358751231675734519e-12 2.918122773379572240e-12 5.816233901779954118e-12 2.467079907818207320e-19 4.425265412280464531e-11 5.514976612870311006e-13 1.660509667020084197e-12 3.915803003815335891e-12 1.638374319996958703e-12 3.349938276891174366e-12 0.000000000000000000e+00 0.000000000000000000e+00 0.000000000000000000e+00 5.609338241437825415e-13 2.607069055836515775e-11 5.620150746742599166e-13 5.621495321558582063e-13 8.512718915488989960e-12 1.646119434529995627e-12 3.348991460571038931e-12 4.144538927951674678e-12 3.355402648133307747e-12 1.815838441208134941e-12 5.687643563764555212e-13 0.000000000000000000e+00
1.630493072419736913e-12 0.000000000000000000e+00 0.000000000000000000e+00 0.000000000000000000e+00 0.000000000000000000e+00 3.939789347838355841e-16 8.430720586669106549e-12 0.000000000000000000e+00 0.000000000000000000e+00 0.000000000000000000e+00 0.000000000000000000e+00 1.726361058589729164e-11 4.916760210450436614e-19 0.000000000000000000e+00 1.618929972543964683e-12 1.630853280962959582e-12 2.922391119775860743e-12 0.000000000000000000e+00 1.106855642955507082e-10 8.312078162815487422e-12 1.636443065669057157e-12 0.000000000000000000e+00 0.000000000000000000e+00 0.000000000000000000e+00 0.000000000000000000e+00 0.000000000000000000e+00 1.634024618157975344e-12 0.000000000000000000e+00 0.000000000000000000e+00 0.000000000000000000e+00 0.000000000000000000e+00 7.139749540525104797e-12 0.000000000000000000e+00 1.425634532040311546e-12 5.322719415921154215e-12 3.366589487693524522e-12 0.000000000000000000e+00
0.000000000000000000e+00 0.000000000000000000e+00 0.000000000000000000e+00 0.000000000000000000e+00 0.000000000000000000e+00 5.963297906918276358e-12 1.237847778766292622e-11 1.622830057339035677e-12 0.000000000000000000e+00 0.000000000000000000e+00 5.976716808652461651e-12 1.620287979711744561e-12 0.000000000000000000e+00 1.626445711266436165e-12 0.000000000000000000e+00 1.005675562376003965e-12 0.000000000000000000e+00 1.637033980627464415e-12 0.000000000000000000e+00 0.000000000000000000e+00 1.646977246278608071e-12 1.097620810745051176e-11 0.000000000000000000e+00 0.000000000000000000e+00 0.000000000000000000e+00 0.000000000000000000e+00 0.000000000000000000e+00 0.000000000000000000e+00 0.000000000000000000e+00 0.000000000000000000e+00 0.000000000000000000e+00 0.000000000000000000e+00 5.655434715030100692e-13 0.000000000000000000e+00 5.699682642192453758e-13 0.000000000000000000e+00 5.737805928950193174e-13
0.000000000000000000e+00 0.000000000000000000e+00 0.000000000000000000e+00 5.612279766754660084e-13 5.596451476399331195e-13 0.000000000000000000e+00 1.345485638420307560e-16 3.323322734420578867e-11 5.589343000009676438e-17 0.000000000000000000e+00 1.621591344760161131e-12 0.000000000000000000e+00 5.604719796703029995e-13 1.074308625467234531e-11 1.632918529179100662e-12 0.000000000000000000e+00 0.000000000000000000e+00 0.000000000000000000e+00 0.000000000000000000e+00 1.634433082702528040e-12 0.000000000000000000e+00 3.650205370484715325e-18 1.632591668621834026e-12 0.000000000000000000e+00 0.000000000000000000e+00 0.000000000000000000e+00 0.000000000000000000e+00 0.000000000000000000e+00 0.000000000000000000e+00 0.000000000000000000e+00 0.000000000000000000e+00 0.000000000000000000e+00 0.000000000000000000e+00 4.283580646004087745e-12 1.427516706694702755e-12 1.666170970195386556e-12 0.000000000000000000e+00
0.000000000000000000e+00 0.000000000000000000e+00 0.000000000000000000e+00 5.604561343686152067e-13 0.000000000000000000e+00 1.635014314764009273e-12 5.566545909562039255e-13 5.570909152059376250e-13 9.459526655268470303e-12 1.622823194588834218e-12 1.629079060031638956e-12 1.742113949350505241e-10 3.322431152097817546e-12 5.614102205169030783e-13 0.000000000000000000e+00 0.000000000000000000e+00 0.000000000000000000e+00 0.000000000000000000e+00 0.000000000000000000e+00 0.000000000000000000e+00 3.037815420677422173e-19 0.000000000000000000e+00 8.974592610047976236e-11 1.632743414414909708e-12 0.000000000000000000e+00 0.000000000000000000e+00 0.000000000000000000e+00 0.000000000000000000e+00 1.816966169205124114e-12 1.010659074981494185e-12 5.646635959124318684e-13 0.000000000000000000e+00 0.000000000000000000e+00 0.000000000000000000e+00 0.000000000000000000e+00 0.000000000000000000e+00 0.000000000000000000e+00
1.635818984529318571e-12 0.000000000000000000e+00 0.000000000000000000e+00 0.000000000000000000e+00 1.634464826919576053e-12 3.335040577109679141e-12 1.629382285215843104e-12 0.000000000000000000e+00 2.296087398749662641e-16 1.908658828410385472e-10 3.318324117994609714e-12 0.000000000000000000e+00 0.000000000000000000e+00 0.000000000000000000e+00 0.000000000000000000e+00 0.000000000000000000e+00 0.000000000000000000e+00 0.000000000000000000e+00 0.000000000000000000e+00 0.000000000000000000e+00 4.148687983781787417e-12 4.055666156897680629e-12 3.360954572015770596e-12 0.000000000000000000e+00 2.929484918848893931e-11 0.000000000000000000e+00 0.000000000000000000e+00 4.428458101572431175e-11 3.331582435748608248e-12 5.635549445418340734e-13 0.000000000000000000e+00 0.000000000000000000e+00 0.000000000000000000e+00 0.000000000000000000e+00 0.000000000000000000e+00 0.000000000000000000e+00 0.000000000000000000e+00
0.000000000000000000e+00 0.000000000000000000e+00 0.000000000000000000e+00 0.000000000000000000e+00 0.000000000000000000e+00 1.633262210606182624e-12 0.000000000000000000e+00 1.629382285215843104e-12 5.569165182474711410e-13 1.901775165183835144e-10 5.587395225763881981e-13 0.000000000000000000e+00 0.000000000000000000e+00 0.000000000000000000e+00 1.635461774030821592e-12 1.638604994016888896e-12 0.000000000000000000e+00 0.000000000000000000e+00 0.000000000000000000e+00 0.000000000000000000e+00 0.000000000000000000e+00 1.634045376099299048e-12 4.167954320102967483e-12 2.202298712372764113e-12 0.000000000000000000e+00 2.069742537943796145e-18 4.552852098139626228e-18 0.000000000000000000e+00 1.636507935642412335e-12 1.053472467338899875e-11 6.010342825723573444e-12 7.473000849681389910e-12 8.477451225622869315e-12 4.159573708664405443e-12 1.646927151972758817e-12 1.653629917435038943e-12 0.000000000000000000e+00
5.604247836785929712e-13 0.000000000000000000e+00 0.000000000000000000e+00 0.000000000000000000e+00 0.000000000000000000e+00 0.000000000000000000e+00 2.941178775710158683e-12 0.000000000000000000e+00 3.256213026443880156e-12 1.872466671500948639e-10 4.937682521489394047e-12 3.314917507951163320e-12 0.000000000000000000e+00 1.254648064245965463e-11 0.000000000000000000e+00 0.000000000000000000e+00 5.629113116904379931e-13 0.000000000000000000e+00 0.000000000000000000e+00 0.000000000000000000e+00 0.000000000000000000e+00 1.634410079164425590e-12 0.000000000000000000e+00 1.634416297222074564e-12 7.124480886644524861e-12 6.390442837234327200e-12 0.000000000000000000e+00 2.467079907818207320e-19 2.944683136654195427e-12 1.642032751224885854e-12 2.197256682740708077e-12 0.000000000000000000e+00 1.646550102650628727e-12 4.156843338351149256e-12 0.000000000000000000e+00 1.649614666653591259e-12 0.000000000000000000e+00
