output/example/lateral_incision_000306.asc
nrows	75
cellsize	13.33333333
xllcorner	0
ncols	75
yllcorner	0
NODATA_value	-9999
[rows 17 to 33 of 75, columns 0 to 36 of 75]
0.000000000000000000e+00 2.125479115912900454e+02 4.512508140706361246e+02 1.370557522277876394e+01 1.189003898305929852e+03 0.000000000000000000e+00 0.000000000000000000e+00 4.154132996796623400e-01 2.874695150185701209e+01 0.000000000000000000e+00 2.069810837357023203e+01 8.749511420679743523e+00 2.625407849061460297e+01 3.964746428193592465e+00 8.432001891870505972e+00 0.000000000000000000e+00 0.000000000000000000e+00 9.914171232658380006e+01 2.111297073138678115e+02 0.000000000000000000e+00 8.481750878401497079e-03 6.179855652545586508e+02 1.120113675030202330e+03 4.504368733844718804e+02 1.708778354919228804e+00 7.998111701374742211e+01 1.798671293576908070e+01 3.884505458246724743e+02 1.324136707074720789e+02 2.016053906271330902e+02 7.902872379167433792e+02 9.211984750341059014e-01 4.424021817811963047e+02 1.514230568248811437e+02 7.756948742602896800e+02 0.000000000000000000e+00 1.247951937890103864e+03
0.000000000000000000e+00 4.594583218141788383e-01 0.000000000000000000e+00 1.158257847896534409e-01 0.000000000000000000e+00 5.363659239563220993e+00 2.469607202822708913e+01 1.963411052198259767e+02 2.838885696369397351e+02 1.233645285888501576e+03 3.632439458216950356e+02 3.371339000046888827e+02 7.531499392550907714e+02 1.103737944013153538e+03 1.018417717833391634e+03 1.250792470600416664e+02 7.857724946078737105e+01 1.707696683069562596e+03 8.732459763476599619e+02 7.027920388921811536e+02 9.164316147043792853e+02 5.173606809546117624e+00 3.685477369437103334e+02 2.450446788597591592e+02 4.467587650920911102e+01 7.012921459672728588e+02 1.751401165729231764e+02 0.000000000000000000e+00 0.000000000000000000e+00 1.003177878604264151e+03 6.227007715877832084e+01 1.320700823952186511e+03 1.466069133912859002e+02 4.165148778811123407e+02 5.066447779860024703e+00 8.760312246435103134e+02 1.662114511842694764e+00
0.000000000000000000e+00 1.211418995127094831e+03 0.000000000000000000e+00 8.538758457243191060e+02 5.007404892989501946e+02 1.417835731632922318e+02 3.403655634729310719e+01 1.835574650690176952e+02 3.142578725322910316e+01 1.218313029552642092e+03 4.279954919281767189e+01 2.018563370956447898e+02 1.371171390508319803e+02 4.872762079082976925e+02 9.925108538074844091e+02 8.913704845718208389e+02 3.712969977709271916e+02 5.482372167295488374e+00 6.098812466825876299e+02 4.066789917124502267e+02 1.390428030987366583e+03 1.078000720358371041e+02 2.594893774551479169e+02 2.221252074714537628e+02 2.370603927011226464e+00 3.733817239886528938e+01 3.298475217294403024e+02 2.433325992940375215e+01 1.092968323828661852e+02 8.418412576685493605e+02 7.887445333962971006e+01 3.194845368661954694e+02 8.325758197878208193e+02 8.508295419665421022e+00 9.640210581995856955e+02 1.129352313664204075e+03 3.224973220486167520e+02
0.000000000000000000e+00 0.000000000000000000e+00 8.595136989024140348e+02 8.316221529261980550e+02 0.000000000000000000e+00 6.755243625580134221e+02 2.240707123327750905e-01 8.411414576401281238e+02 7.346461089017061186e-01 4.194470589357313202e+02 3.647333975207000663e+02 3.387840998131126753e+02 2.084199881540544936e+02 4.675533950084497405e+02 1.274415381003000221e+03 1.275875344760874668e+03 0.000000000000000000e+00 3.352353076219964123e+02 5.670750438759537132e-02 5.314867978119305008e+02 5.634320918403248015e+02 3.391319274867346394e+02 2.550847838464371478e+02 7.506209696620745717e+02 5.372352639336479569e+02 4.025538954118633228e+02 2.685951204428846495e+02 2.022926164313169011e+02 3.205253982478194530e+02 8.973029415396156310e+02 5.055673956928450821e+02 4.224652519815995788e+01 6.028853224744185724e+01 2.128071899246911869e+02 1.955539467605765083e+02 1.385200956872444067e+03 5.352782636326066950e+02
0.000000000000000000e+00 1.675267887239326001e+03 1.695544974397063925e+03 1.579687924604836757e-01 0.000000000000000000e+00 4.605851217518560361e+02 0.000000000000000000e+00 1.146818888852548298e+03 4.792474251171783095e+01 9.939158372799174685e+02 3.537774926291416477e+02 6.347430144230391988e+02 8.495446749135044229e+02 9.262337614040003473e+02 4.077356469434084261e+02 1.774242580564219196e+01 1.519845776055201668e+03 8.159964324455205542e+02 1.363001993209974671e+03 9.387253570722813023e-02 0.000000000000000000e+00 1.691872381984012691e+03 2.157371707786911585e+01 2.613227312919006895e+00 2.638700189616794773e+02 7.273024698297296027e+02 7.101023364625940530e+02 1.313008459337348313e+03 4.483701434557546008e+02 1.055102115493213887e+03 1.593246563938704128e+02 4.228247418298244753e+01 8.215648022427965316e+02 4.024384397514938314e+02 7.369408446034783822e+01 6.286654129152068435e+02 2.016339754129752464e+02
0.000000000000000000e+00 4.019263827562311042e-02 2.244305586478749035e+02 4.156568175904405393e+02 4.070803667054158836e+01 1.853631351015869455e-01 1.590396803843756035e-01 1.502226614614467337e+02 0.000000000000000000e+00 1.014063528705310802e+02 8.934619286107857761e+01 1.298061753730922590e+02 2.978438215251900374e+02 3.931058672751086078e+02 6.023128528594855879e+02 7.559458288615277866e+01 5.387543472462974705e+02 5.231495449261631236e+00 5.176351573446704606e+02 0.000000000000000000e+00 1.733424997313043434e+02 6.637516828659019552e+01 1.283648586863852188e+03 0.000000000000000000e+00 4.355712597307609002e+01 1.422681928678512691e+02 4.093599055935389686e+01 2.112871467022794292e+01 2.167454924971518153e+02 1.040027687777396181e+00 2.428951868232102527e+02 9.513147097342982761e+02 4.612961355307926965e+02 1.604624268572002022e+00 6.303551265454758123e+01 9.969638987505408068e+02 6.539641585057812456e+00
0.000000000000000000e+00 1.740787297183444934e+03 1.376655736844279545e+03 0.000000000000000000e+00 0.000000000000000000e+00 1.631262904338585145e+02 4.161128122905880105e+02 1.458158896665957904e+01 8.126222540493083457e+00 2.675353614200815924e-05 2.557658473164789470e+01 4.013648472418898905e+01 5.610809618159328238e+02 7.052770375033317407e+01 1.462633127271371222e+03 7.857191269440803039e-01 1.191178418999658106e+03 5.272776980968145608e+02 2.037784176167675128e+02 6.575564394481008321e+02 4.552194941617094770e+01 9.805840947052192860e+02 7.180674475562432235e+01 1.226266489436817892e+03 1.122607640087767145e+01 6.207229539103573188e+02 1.259027956587662857e+03 1.340013567036127142e+03 8.479478514828339257e+02 8.302649486730559829e+02 2.682105188773636906e-01 5.506590779288910653e+02 1.404671885151266224e+02 7.919165791127243947e-01 3.603051204719154725e+02 4.055201195019740226e+02 6.148456764551697873e+00
0.000000000000000000e+00 5.971043797438519161e-07 1.188754114318473221e+01 7.887502587928270259e+02 8.008406820802802031e+02 5.939276113895497033e+00 7.050175925199682752e+02 4.443230771252969475e+02 2.386340617120737963e-06 1.112492899171364343e+03 3.401332989340301651e+02 0.000000000000000000e+00 7.117974346057449111e+02 8.931648962957930280e+02 2.100384505158183117e+02 8.765238951387665622e+01 1.731442640206693682e+02 1.637687758557841278e+01 1.155532838043707500e+02 1.353967300582428607e+03 7.432245629333264958e+01 2.781064908425548410e+01 1.569100412178848046e+03 8.001568483797303770e+02 3.695900197050284675e+01 1.736509875755003485e+00 0.000000000000000000e+00 5.687466328071657529e+01 2.105486468873964157e+01 6.775815210318697268e+01 0.000000000000000000e+00 2.652763902126665485e+01 0.000000000000000000e+00 6.679230042356557533e+02 2.548661127599692122e+02 2.251597376133171835e+01 1.105024748818884973e+03
0.000000000000000000e+00 7.992793271050578596e+02 4.354677309933367990e-01 8.682951236998039803e+02 2.576767822254345219e+02 3.397563850156337821e+02 8.039075346261479353e+02 0.000000000000000000e+00 6.499732312620388086e+01 6.746954741255183308e+02 3.888087762272557484e+02 1.147737196533842905e+02 6.434069836684526145e+00 1.470805479760873027e+02 5.705362501588773512e+02 6.233489584676980257e+02 3.583114633187835807e+01 4.104363429697114043e+02 8.714969405146865711e+02 4.672121386955465709e+02 1.989822522213319678e+00 7.050708770452946510e+02 1.572786589811559166e+00 1.606034042109356051e+03 2.292883422240727214e+02 1.502926627475774922e+03 4.688632306472395044e+02 7.342378356492297371e+02 1.048482626221177725e+03 2.067092984882134772e+02 1.207136174464896961e+01 2.443590268221279018e+02 8.113588059051263457e+00 6.297377542193469253e+02 3.587013889830263480e+01 5.387051128226756873e+02 7.164089937472281235e+02
0.000000000000000000e+00 2.178106484471776572e+00 8.660626129784686782e+02 4.542231538307412393e+02 9.652495175007371131e+01 6.096043705416653893e+02 1.802628658419969554e+01 9.353922481974046832e+02 4.484905573142914932e+02 1.568099771213423255e+00 2.759641361748408794e+00 1.406867541170911863e+03 4.917153504615473025e+02 5.229210213786540606e+01 9.695825223033857299e+01 1.831371273195907747e+02 1.168684515030761304e+03 8.168985043820434839e+02 9.015654155158757703e+02 0.000000000000000000e+00 4.042093378403091606e+02 1.765730941174288304e+01 8.092916425604339281e+01 9.958427942152330559e+01 2.988566084796114453e+01 2.753424149319089853e+00 2.109714738284099269e+02 6.683824114173124826e+02 4.360932405503460174e+00 1.248992690008294403e+03 3.356374647778000053e+02 1.706412138150208477e+02 6.571449639157846150e+02 4.592506916290214463e+02 6.723597796750748330e+02 1.755205819288414375e+02 1.052032753629364237e+01
0.000000000000000000e+00 9.655385351757201988e+02 2.033416645587352356e+00 1.509281426951934009e+03 0.000000000000000000e+00 1.223213457581927912e+02 5.357593868846110752e+01 9.356980320669327611e+00 5.546705130871944223e-02 1.387047002237447941e+03 1.326393651214239981e+03 3.683560809931020685e+02 3.920380350007317816e+02 1.306339935952479436e+03 0.000000000000000000e+00 1.637755892918985126e+02 2.687628479731671973e+02 0.000000000000000000e+00 3.592083011553177130e+02 3.592522436444579625e+02 1.293343725775620442e+03 2.345094366763158789e+01 3.282406133747915646e+02 6.536891684717656403e+01 1.673345077518559719e+03 3.055939746435370807e+02 1.213493365681445724e+00 1.077651591663707720e+00 2.307625967430682579e+01 6.583382293563201415e+01 1.063386806644308713e+01 2.186787764549143198e-01 3.066690444467872823e+01 5.186630082803782571e+00 6.353082793574122888e+02 4.765499009164953748e+01 6.442787364763191817e+02
0.000000000000000000e+00 1.697655349835740253e+03 1.752444507033182845e+03 4.261733268401538766e+01 1.688363821021584101e+02 3.116246477406497775e+02 7.458788395127552917e+01 1.714494308420969901e+03 5.056235346143685092e+02 1.823131981722199271e+02 4.974443896586802225e+02 4.411634058713040218e+01 4.428945819365639522e+02 0.000000000000000000e+00 4.649142093567530054e+00 5.442241160006046812e+02 2.157897903133620616e+02 1.075417534271547993e+03 1.243464449741175713e+03 2.132089425109411138e+02 1.151890485060200263e+03 1.057349566243330855e+03 2.183049001992080562e+01 1.337316385236025695e+01 2.888169665474046042e+02 9.616702771887864856e+02 3.641836883746320268e+02 7.787322374471195872e+02 4.155535148366896081e+00 4.430768229152288313e+02 1.504024723954604781e+02 7.371890354447270965e+01 4.885908210412410426e+02 2.611787539825273541e+01 1.450469831678959736e+02 0.000000000000000000e+00 3.173239682033484996e+02
0.000000000000000000e+00 1.224433384887809325e+03 8.180729714134095047e+02 9.275416003251862094e+02 4.354202422493348763e+02 9.200645173073198748e+02 9.236800978181007338e+01 8.153856079234875551e+02 1.258861882024355737e+03 2.424075529454543982e+02 8.225692059757517427e+01 5.133413286676913003e+02 1.689526517157297070e-01 2.311735718226540257e+02 8.226470026467574144e+02 4.833786808696186199e+02 2.198591945653948301e+02 3.762852761897839855e+02 3.760042561231986724e+02 2.439036354882868523e+02 2.672389289904118073e+02 1.010932317944575743e+03 1.287156670746631448e+02 1.512207111264055584e+03 7.984959688088518988e+02 0.000000000000000000e+00 8.067047751631770325e+02 7.292637477472287628e+02 2.992317105946378888e+02 6.203246318459551958e+02 6.547623883394791164e+02 5.519541244759205938e+02 1.018858818146753578e+02 0.000000000000000000e+00 1.460871693837546559e+02 2.094357324065551751e+01 3.330257472485506014e+02
0.000000000000000000e+00 1.419062761686286755e+01 7.574595538677610929e-01 0.000000000000000000e+00 1.835745979725770667e+02 7.186929371369349395e-01 0.000000000000000000e+00 3.266245961867358005e+02 9.373692101547169386e+02 4.410272624213160952e+01 2.995335133346461589e+02 5.706180918916140854e+02 1.845695234950256491e+01 7.707744679701791313e+01 1.112811891800376770e+03 2.508529965747447932e+02 0.000000000000000000e+00 1.428473634355099193e+03 1.274973819481720909e+02 2.276702714962922869e+02 6.450629395549715355e+02 1.788792512494253728e+01 5.625452388224088054e+02 3.112223661820369358e+01 3.123506373882037792e+02 7.254233213579815356e+02 3.975138503951162749e-01 2.594988606497272698e+01 1.751105498523241408e+02 9.738770569836680124e+02 6.567006766655217689e+02 3.903706016756237887e+02 1.310055044019909474e+03 0.000000000000000000e+00 3.088945375732652110e+02 1.757460009878686265e+02 1.244281323779176773e+02
0.000000000000000000e+00 0.000000000000000000e+00 1.097908081797512295e+03 1.056753210256190641e+03 7.973679663800209028e+01 6.258426710753655975e+00 5.287682988352586335e+02 1.280238112695878954e+02 2.194202532336759646e+02 1.682767438315910269e+01 0.000000000000000000e+00 7.996974983387706288e+02 1.136134558195091273e+02 8.528788096570712796e+00 2.002071680700611580e+02 4.630150004863878621e+00 1.236343672914472691e+01 6.679358237720414309e+02 4.550234312343823717e+02 3.470284409416780704e+02 2.268802533797119452e+02 6.401745824905262907e+02 8.184730329613709898e+01 4.132196320772189893e+02 3.880893444383460746e+02 1.128763818896499060e+02 4.618355987143536936e+02 5.287334086797359305e+02 7.208759382733181837e+02 3.938349315508556856e+02 4.761840049992954960e+02 0.000000000000000000e+00 3.314426611093737041e-01 8.150811709338627224e+02 1.852259930056972053e+03 7.289046021063666103e+02 7.445006334496115414e+02
0.000000000000000000e+00 9.040194283628622998e+02 3.177121855243706250e+02 8.786493284159804773e+01 6.657077035389242781e+01 7.184490167885307983e+02 4.566183237590717567e+02 7.886167048184903328e-01 2.256563948946603304e+01 2.852499062213454977e+02 4.828478496731939629e+01 4.088823135689385602e-01 1.357138383316429575e+01 7.029379500659255200e+02 1.280480446838902253e+01 1.052364917043349124e+03 1.056604579505650288e-01 1.066730191959791910e+03 8.699407188658933592e+02 9.058492996662457699e+02 1.031348830588593870e+02 3.311841392991833573e+02 5.264212619817727301e+01 1.246028640333225439e+03 5.060336626745800537e+00 5.023401392658025202e+02 7.796936268442674418e+02 2.157234660247594604e+02 1.269748198964120078e+01 1.272974975671857152e+02 1.210474919995682086e+01 5.192552324478809851e+02 7.101905429317794187e+02 1.143459598242819952e+00 1.384030237354660585e+03 8.600327306929740416e+02 1.022471366753881838e+01
0.000000000000000000e+00 1.557536106770915922e+03 8.178177523901689483e+02 1.053730364302099133e+03 1.043173114273193960e+03 1.397524668349466381e+01 2.317635568475936054e+02 2.007797743591102080e-01 1.103190977846009446e+03 1.053911483783922449e+03 5.858764106304714687e+02 3.738105327638815645e+00 0.000000000000000000e+00 5.468381705407892923e+00 1.115106685385433138e+02 3.177163621014383352e+02 5.502321767819906881e+02 4.664398596038709002e+02 6.027941640900729681e+02 2.510656238763228600e+02 0.000000000000000000e+00 6.468685409101631194e+02 6.020218374722276167e+02 7.029243693551176508e-02 6.034124515042861958e+02 1.290822688657528261e+03 8.261861665314351910e+01 1.345955486826521337e+03 1.859861494782433908e+02 6.126960900203136617e+01 7.181418148123550509e+02 6.975426292057344426e+02 6.960020578581029440e+02 1.444004943099988168e+03 1.434485670867288150e+02 5.827232164816720683e+01 1.385055840271320676e+03
