output/example/lateral_incision_000412.asc
nrows	75
cellsize	13.33333333
xllcorner	0
ncols	75
yllcorner	0
NODATA_value	-9999
[rows 51 to 67 of 75, columns 0 to 36 of 75]
0.000000000000000000e+00 2.326135260937263354e+02 9.248092803810062605e+02 2.721825796216357389e+02 0.000000000000000000e+00 3.547590982419662531e+00 1.273753126685122794e+01 3.507785716212414968e+02 5.781446776630699169e+00 7.647829088537777125e+02 2.910174835985019399e+02 1.512421291453996952e+00 7.259571572236878865e+02 5.106706284853407851e+02 3.153265308654465398e-06 4.729835941838186955e+02 3.066947329167415859e+00 2.699350657934472224e+02 1.283426491072682009e-02 9.401203422933723175e+01 6.203991837039732218e+02 1.334589521381619988e+03 8.691967148609773819e-01 9.296615532617604458e+02 4.895591947351927615e+02 7.491779754340383306e+02 0.000000000000000000e+00 2.964240865811804042e+02 1.327457471987081306e+02 1.458125049522204790e+03 0.000000000000000000e+00 1.600414498051738519e+03 4.062993816865907206e+02 9.135753940838250742e+01 0.000000000000000000e+00 0.000000000000000000e+00 0.000000000000000000e+00
0.000000000000000000e+00 0.000000000000000000e+00 1.587486771293078846e+03 9.041035078711959159e+02 2.626446358132513481e+01 1.212027575480543184e+01 4.071393080005022114e+01 1.237143808806564138e+01 1.477542148719348233e+03 3.442763683217708603e+02 1.352452137362827898e+03 9.749395639030346956e+02 2.918542014349791316e+02 1.247688243420012896e+03 5.899465363297711065e+02 1.879888562603016311e+01 1.571830529233529603e+02 1.315853307842420463e+02 3.341934634907023849e+01 6.455453688546563171e+02 8.134780856072958954e+01 5.919569068351958663e+01 6.848937843619453361e+02 1.879214588585296042e+02 1.779577301894168784e+02 7.860605758163910650e+01 8.037096802194523093e+01 9.460028772214852779e+02 0.000000000000000000e+00 1.065350475994388489e+03 4.077333163686676585e+02 1.647328349295300143e+01 2.170768037481614101e+02 3.615818946306874295e+02 4.494653959925670961e+02 0.000000000000000000e+00 1.420293277778261825e+02
0.000000000000000000e+00 3.979907287517470804e-09 9.864529714172574586e+02 8.307061238926096394e+02 1.007162762522324186e+02 2.454431275224177966e+01 2.531337328245307106e+02 1.155779544591968033e+02 3.543403301072665386e+02 7.459421343099754687e-01 8.584191251957171289e+02 9.461725230428109512e+01 5.086195922217083165e+01 4.385549370356358878e+01 1.755227008318149540e-01 7.196925770228455121e+02 5.389041936000838859e+02 6.997462809322531712e+02 5.223790992264312081e+02 2.804349257931567081e+02 1.204696472200449080e+03 5.171204159696950597e+01 3.904009549232151244e+02 2.323185001347770253e+02 6.333082461350521726e+02 9.063974850624497037e+00 5.639799653941192901e+02 1.224387060527281164e+03 5.439358995471227587e+00 7.291134826431582496e+02 4.449040818380549922e+01 6.263378644125989467e+02 6.903605417470533894e+02 1.906961547176754266e+02 4.932495591572019777e-02 7.093388052545526534e+02 5.135795367269014378e+02
0.000000000000000000e+00 2.851558218498474844e+02 1.114369438630042623e+03 6.453634769098820243e+02 3.849980894144747481e+02 1.468499685502877294e-01 6.647689567259106980e+02 5.695967470807664768e+02 1.262492867537501127e+02 8.664075223180635987e+01 6.702367539180116573e-02 2.949089646289679649e+02 2.328455558627676947e+00 1.083486914663950529e+03 1.084756035459557211e+02 1.302374843129229930e+03 3.516985309589442750e+02 5.163403639891301964e+02 1.930033987822197483e+00 7.940565711092831407e+02 5.939907016010978396e+02 3.715829206797181428e+01 7.475353223903579192e+02 0.000000000000000000e+00 0.000000000000000000e+00 1.573621092192894366e+02 2.628864037695584557e+02 5.131411445822287760e+02 2.411944061776983261e+01 1.469569719180059110e+03 9.933657551609645964e+01 0.000000000000000000e+00 3.957763785325493018e+02 1.385130402752173140e+00 1.443573186508665231e+03 1.129215630465985441e+03 0.000000000000000000e+00
0.000000000000000000e+00 1.559331256971661105e+03 2.603693968628389044e+01 2.830810013129187155e+02 0.000000000000000000e+00 1.668081946389201448e+03 6.127244307210423813e+02 3.550165514109810516e+01 8.781792632385104298e+02 7.190538236090006363e-02 0.000000000000000000e+00 1.790943777687480676e+01 2.882840352985396315e+00 1.155772467390802376e+03 3.188776176504457105e+00 6.734409717146446610e+02 3.664905911256182236e+01 8.060691264534091260e+02 3.121965216311698441e+02 7.570141337820216449e+02 3.308179535547846939e+00 4.510414016020627059e+02 9.153877644139615768e+02 5.302982635703355072e+02 8.277971226610816302e+02 1.314581884280184568e+03 2.364857108985621181e+01 3.435090825871167652e+00 1.207383206912624871e+02 2.172154176715843903e+02 6.736953868140698205e+02 8.379911826137838489e+02 3.811772667252265592e+02 1.247401806810998323e+03 1.309861885943510629e+02 7.373374972791359028e+01 2.357325278498349235e+02
0.000000000000000000e+00 2.159748232783856281e+01 5.657064611351052008e+02 2.159660533920645609e+00 3.767349712366379322e+02 7.111778534652732020e+00 7.244769751929994754e+02 4.786338978272531222e+02 6.673162386137094018e+02 3.937861865795570111e+02 0.000000000000000000e+00 7.312199765129763307e+01 1.287138617416952258e+01 1.894545203064732846e+02 1.766423810443776006e+02 2.729848493172179360e+02 3.783448180992409675e+02 2.174955651664917389e-01 1.513099060478311912e+02 2.369515021810779842e+02 1.391484464477055649e+00 1.293186996739686037e+03 1.697270684878919855e+00 1.941189888669233099e+01 1.263247576966684392e+03 2.957923751187481116e+02 1.854910103932405852e+00 9.454087045289429059e-02 3.471944298867495338e-01 2.424057339882345161e+02 0.000000000000000000e+00 1.296103218384446791e+03 3.024354682928148463e+02 1.153283120206678447e-01 6.322619637065677125e+02 7.235247766545458603e+01 3.656223712103907246e+02
0.000000000000000000e+00 3.377891613775529436e+02 5.279506249927800354e+02 1.002088588256919707e+03 1.653644548069137272e+02 9.734262615429069001e+02 2.128369951808919041e+02 1.264446604748784694e+03 1.392827047815402921e+03 2.660510252970126999e+02 4.079520549395504645e+02 3.792214054964321690e+01 1.220923264238919472e+02 1.621673512360326868e+02 1.845624492759414892e+01 0.000000000000000000e+00 2.240654425607818467e+00 6.010242014850679482e+01 1.456470098501035181e+03 1.269041463076946918e+01 3.043483803498517091e+02 4.645202957569909863e+00 1.840168080982860204e+02 1.941261413218999508e+02 8.939408705962853219e+01 2.336258221982108125e+02 5.847110266034352435e+02 7.504994534550905882e+02 6.514833452188621266e+01 3.931881423150522323e+02 8.860365674614514546e+02 7.082686532340174779e+01 3.583596130634939758e+00 9.338333227669210146e+01 1.054393968816788885e+02 4.709228670220423396e+02 7.088461965391248896e+02
0.000000000000000000e+00 6.598563088149855957e+02 6.429183009511666569e+02 9.374312931851912367e+01 0.000000000000000000e+00 1.326822402198050384e+02 4.535416108390532486e+01 9.064081449833483184e-01 6.724276269242173498e+01 1.012830180391114595e+03 2.255353997290404777e+02 1.643585396076004956e+00 6.047228390450208053e+02 2.951134142818876853e+02 0.000000000000000000e+00 3.890225890982231931e+02 8.532060090618134609e+02 8.056471155978481136e+01 1.565040477506621301e+03 1.086147049144289554e+02 8.714732180095056719e+02 1.717952938554673992e+01 2.535374854909649400e+02 1.875684499672513823e+02 1.263324805775171029e+02 5.352795215446809607e+01 8.044086846867374518e+00 5.546250555011664574e+02 9.405626478247248770e+02 8.477290962232600577e+02 2.594807384451478516e+00 1.789828235292477530e+03 1.266168336570539736e+02 2.854558664333768547e+02 4.227822188590426435e+02 1.138662627767351978e+03 1.302474065084945209e+01
0.000000000000000000e+00 0.000000000000000000e+00 1.301174701857099535e+03 1.345744954974675693e+03 1.242635643037121326e+03 2.879513986216756649e+01 5.350465974888290930e+02 4.852997548355997424e+02 4.922824226621251000e+02 5.921313402163131059e+02 4.939629663524234502e+02 6.100536829786124144e+02 7.427968064494652189e+00 3.756051432597226380e+01 1.110236743404415847e+03 2.317407222609632811e+02 8.992583254567662721e+00 4.958361350333781559e+01 8.062619860134999783e+01 1.526276506736089004e+03 1.479368485794223488e+03 1.477216410061333995e+01 1.280559975941275297e+03 5.714646497498983990e+02 8.870490465890071619e+01 1.191413368862693716e+02 1.112543216945978884e+03 2.701457322775636172e+01 5.156963146827755473e+00 0.000000000000000000e+00 1.757859055151842824e+02 1.409653536057872429e+02 7.432626416347146048e+00 1.051273648586634181e+03 5.503675507258200241e+02 1.746593788157413485e+01 1.231609627626259318e+01
0.000000000000000000e+00 9.262563908103143717e+01 6.090723544504905718e+00 3.984401459670133931e+02 2.764780511864283881e+02 4.355197005238010455e+00 4.144788802801532057e+01 1.670520880171725153e+01 0.000000000000000000e+00 1.156122067015062385e+03 4.997302395102225603e+01 4.646742062186512356e+01 1.797102588361942566e+01 2.949726608452728271e+01 5.273297148615048400e+02 1.405436624457448147e+02 1.426062566868275781e+03 9.486895556951443496e+02 1.374137579999516220e+03 2.143600334239000631e+02 4.265045976552011009e-01 1.867231353220896324e+02 3.290981766056331708e+02 2.759336867082435307e-01 5.093944391440949460e+00 5.582147881256064466e+02 2.234082287886409688e+02 6.548996562982033254e+01 7.388474878017570973e+02 1.216644964425197060e+02 1.037453463060265051e+02 1.316509131789998435e+02 8.171366345357183718e+02 0.000000000000000000e+00 3.543530468095348169e+02 6.502660926255290406e+02 8.004974353324838603e+02
0.000000000000000000e+00 1.690866791431497859e+03 6.989764880099622815e+02 7.501230863636043296e+02 1.752143533966918767e+02 5.604000083674711874e+01 0.000000000000000000e+00 8.837907686767199493e+02 7.009342392618608919e+00 1.449190249826967314e+00 1.220400542799805095e+02 2.674487635887479655e+02 7.477912372995637043e+02 3.115979330604487245e+02 2.164016745957895296e+02 4.749196429333067044e+02 5.697009713438112612e+02 2.880789529659093162e+01 6.607820597114863581e+00 1.076212262535282662e+03 3.022306122817067564e+00 6.861381930569825727e+02 0.000000000000000000e+00 9.368593812028713046e+02 4.268298040056932905e+02 4.693542082938083126e+02 4.682505410604127860e+02 0.000000000000000000e+00 5.585454733205002640e+02 9.549932318238394657e+01 1.499315213136275361e+03 0.000000000000000000e+00 7.323217753397326533e+02 2.433039567384881536e+02 5.025581820910533111e+02 3.232527069372947608e+02 2.047205299446475391e-01
0.000000000000000000e+00 1.111053237590158602e+02 1.199668707592964211e+03 1.185371138250198101e+03 9.597747546838866128e+02 6.026350615848044754e+02 4.148006206473637825e+00 7.594326584052913631e+02 1.088791665077284279e+03 0.000000000000000000e+00 9.369569190093359339e+02 1.559838489078611445e+01 6.262468369998538265e+02 2.701112294440069377e+02 4.062064862018559666e+02 2.501940172417864972e+02 4.339877005341828919e+01 5.877923917162963789e+02 1.086105438994577099e+02 1.781120899832204145e+02 6.011058439275105769e+01 1.314067553815112310e+00 3.602765543659318723e+02 9.466649586375942249e+01 0.000000000000000000e+00 7.023794437667095769e-01 6.326606250786689998e+02 2.990612686282626100e+02 1.097277822659981666e+03 3.526313255936963742e+01 1.025111165990654854e+03 1.711208381850323690e+02 2.362907243567974831e+02 7.145363902402137910e+02 3.262366114981741703e+02 9.787169313804414514e+02 6.055342880482353394e+02
0.000000000000000000e+00 1.358205542814685600e+02 0.000000000000000000e+00 9.416780413937304957e+02 6.940139009129296710e+02 4.009449877365535144e+02 3.306889823342017962e+02 7.075718507552312531e+02 1.232902107895210520e+03 1.945604273547550989e+01 8.061246888465001348e+02 3.625712268948514065e+02 4.944448260336952927e+01 7.837456611054613553e+00 3.115276443627824392e+02 3.565687889433709188e+02 4.174482405636699589e+00 1.115159272631521617e+03 9.903164310786044666e+01 1.968019072265269926e+02 9.421014688007647919e+02 2.065200753922802335e-01 1.712180515718963079e+03 3.821817590598172387e+01 6.627840557300481805e+02 3.579114761864842649e+02 6.333620798137764041e+02 3.486196648141446985e+02 1.135212047495244178e+03 2.929351307133538853e+02 7.313908653001473112e+02 2.404054919657285438e+02 3.855661891779197248e+01 7.523469047550162259e+01 6.485830001103451536e+01 4.680773285689834168e-02 3.029637056163996363e+02
0.000000000000000000e+00 9.206285578004973331e+02 2.191706535469863866e+02 1.749382672475454683e+02 3.854664837495071197e+02 1.028214355571708154e+02 0.000000000000000000e+00 1.696391926125944792e+03 1.063022236319525717e+02 6.070094150284729722e+02 7.477241943990642881e+01 2.392890946282252003e+02 2.220972182916987094e+02 3.254606242772926521e+02 4.506684624132553836e+02 6.519655843194017280e+02 2.801231517572295004e+01 3.596411485421574525e+02 1.155939030175522131e+00 4.346737184135484044e-01 1.064706276653119176e+03 3.867298508018674283e+02 1.133428272609214460e+01 5.197534223117502279e+02 8.291559618436665460e+02 1.676073000604136212e+02 5.425683492383225257e+02 1.274300728470254171e+03 6.623734052611048639e+01 2.642801159355922778e+02 2.294566128228852051e+02 5.914102002272660457e+02 3.643307423876696021e+02 6.122659278084659462e+01 2.467807032234154985e+00 3.499865090699171333e+01 4.445123369521420500e+02
0.000000000000000000e+00 1.058138590843453812e+03 1.928509656725677814e+02 1.037635884495750815e+03 7.927294682390728440e+02 5.927276213080249363e+02 2.382796749712818574e-01 6.627332027805136243e-07 1.207839711056691158e+03 2.808308261585519006e+01 7.300249039795456838e+02 6.955120175742737274e+02 3.915233431342729773e+02 8.124824187069393133e+00 2.476046618250091758e+00 8.378971275274661821e+02 9.481964454356344163e+01 7.127469258820315190e+02 5.356136371150411151e+02 1.044000172406147158e+03 8.489120382360480335e+02 4.548161288620694336e+02 4.185305300220041858e+01 1.241215979587316776e+00 3.221084777577074760e+02 1.000855127470043460e+00 2.462652527422093840e+02 4.578424352289649590e+01 2.657219055327440174e+02 1.289140942600381834e+01 1.352248869068923796e+02 4.345302844016788413e+01 1.232502186503414123e+03 9.085235352633244110e-01 2.721436159644841268e+02 5.954949169579175532e+02 5.616351019996203604e+02
0.000000000000000000e+00 8.419843669109781104e+01 1.039137706490564170e+02 9.959321169353610514e+01 8.737273023610714517e+01 4.753669114045149513e+01 3.713000367262867485e+02 1.064539268823570865e+03 6.517784694521459699e+01 6.368409689820473432e+02 1.122445946824151861e+03 5.105026148784369298e+02 6.539234968746978893e+02 1.132536986320669037e+01 5.967689942376314320e+02 7.143816561659648290e-01 3.011995266142537275e+01 2.339337648424736642e+02 3.898711972473947753e+02 9.939499307662440515e+02 0.000000000000000000e+00 1.209687301484769080e+02 3.175834862935392380e+02 3.084699131399225025e-01 1.492715374840028744e+03 1.000881318090032437e+03 1.996482370173530398e+02 0.000000000000000000e+00 0.000000000000000000e+00 4.102467521991504782e+02 3.839850520553786595e+01 3.300810542818805260e+00 1.172586114178518983e+03 5.813438495208191625e+02 9.057446518902851551e+01 3.048483969215293854e+00 1.674602690429913991e+03
0.000000000000000000e+00 8.156393587355718182e+02 6.698050115186697440e+02 1.440998013767144357e+03 1.968587839496243248e+02 1.231375747092737583e+03 1.185988970957645506e+03 1.517589647809847122e+02 5.783055783599380817e+01 1.167089763266447335e+03 4.884208268375246007e+02 9.913412892053584073e+02 2.394683078361200899e+02 3.111096382700817458e+02 5.332697885092900378e+02 7.823307719901021073e+02 0.000000000000000000e+00 6.397733506897502309e+01 0.000000000000000000e+00 7.777124982840049938e+01 6.314889027716444616e+02 6.316925295088929033e+02 0.000000000000000000e+00 1.353206285182798865e+03 0.000000000000000000e+00 6.389098993104951205e+02 1.953946399901451798e+02 1.723653223470282398e+02 4.234917569353604563e+02 8.871844578824423024e+02 1.364470671876003749e+01 6.835346674754285345e+01 6.774362419871047258e+00 0.000000000000000000e+00 7.292611142601732581e+02 2.939715775225412742e+01 8.655870882034430451e+02
