output/example/lateral_incision_000187.asc
nrows	75
cellsize	13.33333333
xllcorner	0
ncols	75
yllcorner	0
NODATA_value	-9999
[rows 34 to 50 of 75, columns 0 to 36 of 75]
0.000000000000000000e+00 6.908630823760736348e+02 5.752528308750960662e+01 7.097917473187602582e+02 4.876150208143674547e+01 1.228795996505327537e+02 1.684367106763298523e+02 2.758556461333760979e+01 2.878994794893514495e+02 4.234689778146329218e+02 2.961012212855528674e+02 2.691420173002049978e+02 1.225736383810098857e+02 6.055949089499168991e+01 1.012038661264092809e+01 0.000000000000000000e+00 2.174471293240580678e+02 1.051416358736658594e+03 2.274742958544140663e+02 1.284137192460650795e+03 5.714862973354898124e+00 5.042419601436045014e+02 9.167747071495317641e+02 4.308952482549322127e+01 2.128420214090126805e+01 1.407256612194666445e+02 1.076183199467862863e+02 2.986945498191832371e+01 8.915690356271782093e+02 1.192484246981176739e+03 4.032425356940949257e+01 9.429639151025465935e+02 1.334998004113070465e+03 3.765656373069267704e-01 7.413830067889019801e+02 1.109294073941683564e+03 3.817290078574185372e+02
0.000000000000000000e+00 1.382653498571276884e+01 6.157956992887735623e+02 2.029297834131185696e-01 1.536261665776061591e+03 9.563771986656921626e+02 4.792667011450295149e+02 1.540057317501519719e+03 1.137148156954896194e+03 7.624823429280643268e+02 5.245614346613754151e+02 7.690897158812732641e+02 1.392949463117509595e+03 2.070148899870117987e+01 2.578495665487883457e+02 6.122088753047935370e+02 8.075478022597914105e+02 7.883222237948734445e+00 1.437565484308086070e+02 1.501815223775257557e+01 1.353290848708653357e+03 1.070842577307994816e+03 0.000000000000000000e+00 7.107714671114565590e+02 0.000000000000000000e+00 4.857038391436325355e+02 3.420600287871692569e+00 2.202494524580958455e+02 3.903397843562121938e-01 3.599193445841155636e+01 1.070536755316551080e+03 8.997725567358635601e+00 1.109515543119954600e+03 4.865861075654555634e+01 1.408264653114042858e+03 8.284177009118477599e+02 5.538255641497245030e-01
0.000000000000000000e+00 5.816313040256974318e+02 6.207441546209533954e+02 1.664061076735942606e+03 1.455567760772217696e+02 1.696147919182816167e+03 3.709706338418809537e+02 2.524171721943893658e+02 1.289545798326471186e+03 7.002927382471026476e+02 4.613714989042404682e+02 9.729144423240444484e-01 0.000000000000000000e+00 7.320865026108082247e+02 1.607113398598773557e+01 1.378911483857065718e+02 4.278467565390218965e+02 1.593347023679697259e+03 5.017702116061488304e+00 4.658820784489473681e+02 1.373161651456953223e+02 3.768399220984534850e+02 4.522782510895479504e+02 5.652847865692516649e+01 1.126044888470134765e+03 9.674191783494611627e+02 3.594906489643389023e+02 2.253700090033995593e+02 2.210188690047185212e+00 7.059599877171220328e+01 1.075875967873082573e+03 1.248456468584856793e+03 1.444994115545902780e+01 1.212326673106855157e+00 1.186117446832112989e+02 5.679032065622932635e+01 1.532871599475244238e+03
0.000000000000000000e+00 0.000000000000000000e+00 1.341635996361281286e+03 2.763481893098283422e+02 4.860710060429724990e+02 1.312262100473586379e+00 1.709431215950278613e+02 5.819015743318791465e+02 9.150926184243006674e+02 2.661672627634017658e+02 1.017217579791488106e+03 9.511816401607118223e+02 3.621481619748925596e+02 2.777930927724071353e+02 1.356015273791624266e-02 8.604633258187359388e+02 4.974900796730182151e+02 9.399566967742599672e+02 1.860302195441299933e+00 5.974827457340004457e+02 5.044219523126569129e+02 1.937830120394813207e+02 7.628886329344384194e+02 7.033225047587066001e+02 0.000000000000000000e+00 9.848281630921401586e+01 9.282469266322719932e+02 6.967973568535703635e+02 2.085996886201767211e+02 1.033079941476672047e+03 5.289112799131946758e+02 0.000000000000000000e+00 3.820863554468865573e+02 1.590115003132395941e+03 0.000000000000000000e+00 6.152503909512814744e+02 4.770080442412400146e+00
0.000000000000000000e+00 1.258273190182584585e+03 5.628241186091289592e+02 1.207057737782999766e+03 8.646497319428314654e+01 6.148676011248525128e+02 1.120140822081131773e+03 4.761420781587038960e+02 6.481629664329341400e-02 7.748687720164573633e+00 5.320864846587052455e+01 1.299799210074134407e+03 1.567436385001854262e+02 8.675626041105834929e+02 1.157459469301009136e+01 5.412343534237847962e+02 0.000000000000000000e+00 2.106427036202281888e-01 5.913773565381222852e+02 5.698480450318256452e+00 4.969558097862780528e+02 5.313749699816031402e+00 1.628815159077967110e+02 1.251646172674086529e+03 1.042154812539171331e+02 0.000000000000000000e+00 1.506458714946524324e+01 3.227726660859294725e+02 1.478428588975426976e+02 2.165688265312184058e+02 5.923619699683874984e+01 4.822959727748536096e+01 1.935222535278558098e+01 8.870402566424086217e+02 3.412449001306588769e+01 1.677293162809151681e+03 2.982155239937237070e+02
0.000000000000000000e+00 1.717763502736018300e-01 2.697412601866532977e+00 2.476035990291019573e+01 3.248133183585165398e+02 3.035362949334976861e+02 9.700119006620417395e+01 5.559624761960914263e+00 2.677795436723971737e-06 1.013827856771859359e+01 7.454467708311957495e+02 8.155355261099498421e+02 2.291344707570153503e+02 2.495376937640789095e+02 2.741878909262936190e+02 2.749023335068694109e+02 2.678835119927180042e+00 4.295881478215108906e+00 2.055627152965056723e+02 1.002253136119840633e+03 1.815266941444256332e+01 1.535139086438287563e+02 1.142337641419184820e+03 6.513011582628521978e+01 1.711623465900264364e+03 8.005252242055639726e+02 6.261017461504028461e+02 6.735735274358084501e-01 9.006937138053776835e+02 6.770772302410736074e+02 5.392309231982367237e+02 9.313745810678858561e+02 5.778755300196874600e+01 2.174153799295446277e+02 1.188479340911094937e+02 7.147797548729353423e+01 1.274309598383303637e+03
0.000000000000000000e+00 1.637831622272532059e+03 3.530304810826036146e+02 1.891393716486898580e+00 2.353776492870745329e+01 1.857571343556358201e+01 2.005894158405383682e-03 2.489479767233764539e-03 0.000000000000000000e+00 2.783769600763218666e+00 9.249146207402905020e+02 1.068135148944119010e+03 1.975988277150250028e+01 3.365202710633540732e+02 2.608202415224126867e+02 1.234065817666024998e+02 1.054041354977368838e+00 3.952977007390453545e-01 6.209740714450197174e+02 1.505347004706867438e+02 3.964497791232759027e+01 2.244091848641530191e+02 7.618590583482826695e+00 3.142921957740457515e+02 2.427719146739101461e+02 1.284563640383990979e+01 6.790666705193437735e-01 6.815656216907312910e+02 4.501634644071604185e+00 7.870055586741103753e+02 7.829153341809754920e+02 3.570100959841039980e+02 8.574734146900766518e+02 4.448994317972939712e+02 2.543528285118544545e+02 1.114290972163040124e+03 8.059379049117548277e+01
0.000000000000000000e+00 0.000000000000000000e+00 0.000000000000000000e+00 1.073016293247489557e+03 2.896465191709352212e+02 2.426644634482944429e+00 1.676958743886356373e+01 2.803176391369848020e+01 7.818977318076656502e+02 2.745323421638885861e+02 0.000000000000000000e+00 6.270849275963517755e+01 1.759394606132424315e+02 1.200780158434269879e+03 5.833837431229615049e+02 2.248921031845657392e+00 2.087613995166339009e+02 4.190117014232757953e+00 5.175326441371111059e+02 7.472737055636875425e+01 8.007779072830748746e+00 1.261842646627153954e+03 1.352559357906548030e+02 1.259484338623980371e+01 1.596126471394023270e+02 7.877267520852799407e+02 1.427012782458452591e+02 3.033373287160925802e+00 6.004064494252290274e+00 1.281129527390216083e+02 8.023138052482902367e+02 3.000099076146109383e+02 3.639504614433171810e+02 3.195296260365281569e+02 0.000000000000000000e+00 1.692807450730265941e+02 1.065386729709944120e+02
0.000000000000000000e+00 1.375929847779765396e+02 5.752052196764982455e+02 1.817980145914101797e+02 2.607189507088962728e+02 4.637172011045286126e+02 1.020435240415223120e+03 1.473371136661555738e+03 3.058149040058519574e+01 3.910301706744792227e+02 9.361624259103842860e+02 1.966840130163103240e+01 3.699056639977190919e+00 9.830283575534660940e+02 2.947465903708338146e+02 1.234795715400130831e+02 1.090533100251058585e+02 1.117279599223252490e+03 5.232026040183613986e+02 4.642885041402750517e+02 1.114447257804036751e+00 1.586481843644332379e+01 5.301857271746575506e+00 1.280936559188736510e+02 1.059779839823902648e+03 4.295626863245268510e+02 7.078222628924385162e+02 5.929248527073665400e+02 1.597983388394195288e+02 3.938729896148327043e+02 1.148398354997407012e+02 4.294314858452902968e+02 5.718453850416779005e+02 0.000000000000000000e+00 4.113115611359985380e-02 4.213586498663742077e+02 5.057978400427146637e-01
0.000000000000000000e+00 5.831114568923408115e+02 1.191000409106991675e+00 0.000000000000000000e+00 5.952889619244532469e+02 1.392266159275067139e+01 8.045594237641826019e-02 1.013508489774848613e+03 7.182140859661618038e+01 2.097981300232794979e+02 2.193249874600323057e+00 5.702988923123504037e+02 3.356915721243425743e+00 2.419955878356867061e+02 5.647388946961092415e+02 3.390692098015909650e+00 2.760398825390577713e+02 1.162803565961708507e+01 4.002720093826958419e+02 2.391680558533937884e+01 4.550087090001563865e+02 9.521038933570633844e+01 0.000000000000000000e+00 3.102516759728854936e+02 2.962326479778053567e+02 6.614108050932216543e+01 5.205534902462429727e+02 1.534502849565365921e+02 3.379780535624742015e+02 0.000000000000000000e+00 5.586170630017576286e+02 4.178711372904651711e+01 3.120029393570082021e+00 1.111204402930540255e+03 1.827680509467118952e+02 4.998544031598577675e+01 0.000000000000000000e+00
0.000000000000000000e+00 5.695051987259316775e+02 1.494315468780965148e+03 9.430166993963456434e+01 5.782416444248902962e+02 5.959962952165648176e+01 3.550074101015500787e+02 1.145177913044769411e+03 8.398875486910513928e+02 5.047555727482576771e+01 1.518311700134833472e+03 4.796234262439035660e+02 1.097422112388042166e+02 1.075614306074983460e+03 0.000000000000000000e+00 1.754780095820350709e+02 0.000000000000000000e+00 1.165859851732935226e+02 1.538836095800136528e-01 2.567273813181654418e+02 7.143886106505639191e+02 2.859604690557309823e+02 6.021885010050767768e-03 1.309449416539591084e+03 2.628844194235231271e+02 5.019580281715215619e+01 9.470196052091964702e+02 5.317192097099859893e+02 1.351386389106957040e+02 6.482701945397509462e+02 0.000000000000000000e+00 1.464687756016247931e+03 7.621537756220839128e+02 1.769382993680403047e+02 3.356651223213792719e+02 1.824295298444601769e+02 4.685647637792829983e+02
0.000000000000000000e+00 3.878158162598421388e+00 0.000000000000000000e+00 0.000000000000000000e+00 0.000000000000000000e+00 0.000000000000000000e+00 0.000000000000000000e+00 2.765871307665399286e+02 0.000000000000000000e+00 0.000000000000000000e+00 0.000000000000000000e+00 0.000000000000000000e+00 0.000000000000000000e+00 3.232088441520022002e+02 1.052349856346431579e+03 7.189365710945975252e+02 1.612466927593499577e+03 0.000000000000000000e+00 2.906214640695550315e+02 8.278001877502889556e+02 3.847298560495083279e+02 1.257741757907187008e+01 7.839692031402889825e+02 6.804818309885454255e+02 1.787728716110699878e+01 1.950079213344979792e+02 4.811682905663128054e+02 1.646955772819390518e+02 1.245208860353869341e+03 6.855440137109469561e+02 1.605010088823504759e+02 2.817183235189834818e+02 4.795106984167083510e+02 8.232532381223146558e+02 2.571730769764991464e+02 6.941586530718110453e+02 3.040269029640445542e-01
0.000000000000000000e+00 1.465581119224402471e+02 0.000000000000000000e+00 0.000000000000000000e+00 0.000000000000000000e+00 0.000000000000000000e+00 0.000000000000000000e+00 1.755135699882164335e-01 0.000000000000000000e+00 0.000000000000000000e+00 0.000000000000000000e+00 0.000000000000000000e+00 7.137552809617234706e-01 0.000000000000000000e+00 4.986400270907198617e-02 2.882220903464202677e-02 0.000000000000000000e+00 1.326393177174614024e+01 2.049002593944120321e+01 1.568868097089352887e+02 3.840102326540657174e+01 3.642188875908583708e-04 1.925285744540730093e+01 6.839649922690055064e+02 0.000000000000000000e+00 5.127513740800221598e+01 1.039789061312159220e+03 2.843461099575588946e+02 1.306649700259291080e+02 1.059812119691159069e+03 5.260921120673477702e+01 1.395044548525232528e+02 3.838168512331983351e+01 4.282432704934628305e+02 2.264878256290293166e+02 0.000000000000000000e+00 1.615056097179491132e+02
0.000000000000000000e+00 3.805663115124858109e+02 6.494291380260951883e+02 2.680652662821066956e-01 1.124190550510809032e+02 1.290841100613890376e+03 0.000000000000000000e+00 3.234663091494143146e+02 5.548175188573820833e+02 8.987306206850055332e+02 1.923054773748667998e-03 9.742238714933533856e+02 1.046010420988109217e+03 6.315961354596674404e+00 1.270002683933486423e+03 6.391684991601373440e+02 1.344386042020123568e+02 1.638528896689816065e+03 8.660939815383151199e+02 0.000000000000000000e+00 0.000000000000000000e+00 9.525505294523501334e+02 8.766150266925478718e+02 3.861147611718708390e+02 5.616264305412113345e+02 1.328006099000693212e+03 5.190713601622659823e+00 3.373021040892187443e+02 2.905383463619770268e+01 6.346870464238974137e+02 8.809305096861102413e+01 4.870167635050231638e+02 6.367261722302804401e+02 4.238088858330702919e+02 1.002481660579388063e+03 4.960161172452955403e-01 6.774186970477597924e+02
0.000000000000000000e+00 1.227736116489282239e+02 1.532148375530683282e+00 7.935889311321961404e-02 4.364899586343145010e+00 9.492855727672949797e+02 3.427215060583644224e+00 3.780108374361701067e+02 9.689220976817083510e+02 4.600846179246836365e-01 1.644739272560978634e+03 2.771241045046910045e+01 0.000000000000000000e+00 1.672631280487249796e+02 1.699167263197450373e+00 8.769457777692821310e+02 2.087112280277890193e+02 8.357002181386041002e+02 8.811538002007962405e+02 6.922916614705383262e-03 0.000000000000000000e+00 0.000000000000000000e+00 0.000000000000000000e+00 0.000000000000000000e+00 0.000000000000000000e+00 0.000000000000000000e+00 0.000000000000000000e+00 0.000000000000000000e+00 0.000000000000000000e+00 4.265723121072265940e+02 1.342692114321314989e+02 2.193949628357531765e+02 7.066101492817881535e+02 1.109389035264667882e+03 3.395072774483939781e+01 1.707240217152221476e+03 5.412233445301418300e+01
0.000000000000000000e+00 7.134085695946576777e+01 1.647952680314608926e+02 5.001028324837667682e+00 0.000000000000000000e+00 8.502134625057567519e+02 3.220786260840724680e+01 1.023833820072841377e+03 8.934359748342309331e+02 1.150646897926103520e+03 5.165685597268701201e+01 7.606760780172724026e+02 9.202566384441437322e+02 1.136018374639458671e+03 5.332678338318861506e+02 5.494737180349217986e+00 1.681369174042796203e+03 1.121340607891014770e+03 1.800177628549083989e-02 4.315671177692998413e+02 2.225976606601497849e+02 1.693437969003003118e+01 1.251433168923199901e+03 0.000000000000000000e+00 0.000000000000000000e+00 0.000000000000000000e+00 0.000000000000000000e+00 0.000000000000000000e+00 0.000000000000000000e+00 0.000000000000000000e+00 0.000000000000000000e+00 0.000000000000000000e+00 1.442130425735023664e+03 6.341745449234523448e+02 1.614274070769445643e+03 0.000000000000000000e+00 7.227801679729071793e+02
0.000000000000000000e+00 0.000000000000000000e+00 0.000000000000000000e+00 0.000000000000000000e+00 0.000000000000000000e+00 4.284625442498083885e+02 3.386865949555230060e+01 6.583361645754068832e+02 6.494422357944869439e+00 1.346105054305301394e+02 1.597165769946684755e+01 6.422953451340151787e+02 3.026780429075867218e+01 5.503150710203733809e+01 6.738334604154404133e+02 1.260485263843208031e+03 5.126007622665324561e+02 6.960206481436030046e+00 1.650658362069271107e+03 5.256373562561020663e+02 8.922195098976750671e+01 0.000000000000000000e+00 1.143443157706972002e+01 2.130135386642563900e-04 1.271849138991436121e+03 3.024795699695933990e+02 1.756621427178387194e+02 1.167257993701167379e+03 5.870672721200641481e-04 6.936066601472771254e+01 0.000000000000000000e+00 0.000000000000000000e+00 0.000000000000000000e+00 0.000000000000000000e+00 0.000000000000000000e+00 0.000000000000000000e+00 3.709301461529074118e+02
