output/example/lateral_incision_000278.asc
nrows	75
cellsize	13.33333333
xllcorner	0
ncols	75
yllcorner	0
NODATA_value	-9999
[rows 17 to 33 of 75, columns 0 to 36 of 75]
0.000000000000000000e+00 1.433640525883524142e-02 1.061124510538000550e+03 1.167419340567679029e+02 2.588175358472116159e+02 1.304849664031872862e+03 1.658422522648883614e+03 8.367475120971218416e+01 2.377528744642574736e+02 1.230513386554788440e+03 2.449300516242257402e+02 1.684673085259876189e+03 5.905223891973552099e+02 3.562022131286277613e+02 7.817447865873779165e+02 1.055292486326474773e+03 4.935246905330854084e+00 1.674324288741901228e+03 1.803572514084636623e+03 1.209114899170609903e+02 7.041157410493509587e+02 2.860675677252426112e+02 8.737872462242015672e+02 1.677193927231550958e+02 1.708778354919228804e+00 2.122466139007409538e+02 1.496921468164938233e+03 2.803898051755526240e+02 1.453216804650792149e+01 2.403866732107228454e+00 2.762104829406614499e+02 8.720337549792375187e-01 7.980349149468709129e+02 6.381929376455212832e+02 1.729697477042987259e+02 3.207543024778266982e+01 1.357808207414385571e+01
0.000000000000000000e+00 6.022871004691477310e+02 0.000000000000000000e+00 5.354683285335609666e-01 1.233761653993342833e+02 0.000000000000000000e+00 1.583963539507910525e+02 5.207113868448674339e+02 9.035834117399951237e-01 9.658668822080071550e+02 9.983046752854691022e+02 1.374016227425211412e+01 1.695288485235997844e-01 1.600407177240598244e+01 5.092073415109989583e+02 1.992466311293180183e+02 8.272507377732928546e+01 6.686758303788023738e+01 7.871177243978253273e+02 2.350457402580399275e+02 2.291605825150222699e+02 1.769472301106885084e+02 6.152517360169305505e+00 2.013320060985702185e+02 4.467587650920911102e+01 3.617503839224194735e+02 1.518778629414000761e+03 2.157027101175761175e+02 1.465462298687464681e+03 7.876698068402545232e+02 6.227007715877832084e+01 5.019343426697633390e+02 2.291727058875789851e+02 3.860057225367880847e+02 3.874805466338194293e+01 1.807848127403246963e+02 1.624609072147097777e+03
0.000000000000000000e+00 4.628180838607676719e+02 1.037604439499290265e+03 7.803351899099969842e+02 0.000000000000000000e+00 7.364508968373331754e+02 1.385375079335380860e+03 2.381067984824033772e+02 2.236946844893123227e+02 3.163465961743827961e+02 4.256815900152844847e+02 1.302021345397281266e+03 4.146401018070118312e+02 6.191214908017107064e+02 4.239689049476183413e+02 1.352304285942912884e+03 1.409302359799507656e+02 6.456256727414750003e+02 3.529351543441809902e+00 2.837698479365286630e+02 2.107988383734588922e+02 1.900280496271738286e+02 2.587612523499643089e+02 2.221252074714537628e+02 2.370603927011226464e+00 3.733817239886528938e+01 1.736327121494519588e+03 0.000000000000000000e+00 1.739194508022984337e+03 4.796856132078393102e+02 1.354537046684456958e-01 7.561343208310399859e+02 2.130280676861841584e+02 1.337993939170098567e+00 4.763673121243583637e+02 7.465807971798312792e+00 3.916500222929860229e+02
0.000000000000000000e+00 0.000000000000000000e+00 3.919227341437739209e+00 5.246767822095429210e+02 7.109035116260616860e+01 1.102323969337284204e+01 1.151714238190426158e+03 9.455011780387596598e-01 8.169532112059705469e+02 1.477846670894547060e+03 1.101030872778923353e+01 3.340318870232824224e+02 3.017182878031666959e+00 2.657900706968631539e+02 4.527898125072496782e+02 1.959034227266165828e+02 1.214062755329168795e+03 6.725058993503462261e+02 3.279824454432244352e+01 1.503599894318445536e+02 6.953988728407854296e+02 9.856936024781992955e+02 4.314741924801845130e+01 6.693497533649701836e+02 5.372352639336479569e+02 4.025538954118633228e+02 1.108123190563818206e+01 2.022926164313169011e+02 2.260864615357808134e+02 8.130040555306056831e+02 2.211853938904060328e+02 3.922702766919425699e+01 0.000000000000000000e+00 9.301419642700106682e-03 3.548623834078581041e+01 1.073125332561586674e+03 1.197180589802627082e+03
0.000000000000000000e+00 7.737465689583232233e+02 1.963614938745045890e+02 1.435699347012043745e+03 7.644092693673330814e+02 3.279169525384775739e+02 1.062133560412670249e+03 5.881668165632363525e+02 7.063056064396486136e+02 4.130526126186169336e+02 3.296042817838627457e+02 6.347430144230391988e+02 8.495446749135044229e+02 8.572720660483844313e+02 7.343075089106959830e+00 1.033486566800547735e+03 7.827713288449125457e+02 9.829692396066408833e+01 5.332185365089014795e+01 1.498124815607691289e+03 8.440299002740450760e+02 1.300505208207342491e+02 5.962803358538571956e+02 5.595452583951065435e+02 6.470709356555064460e+02 0.000000000000000000e+00 5.846344189367703166e+02 8.322289961860892049e+01 3.415056876231147953e+01 4.895788175847347929e+02 1.287476129210072884e+02 1.526328774261717399e+03 8.111412355150855547e+02 4.024384397514938314e+02 1.030035191367911921e+03 9.178266760659241754e+02 1.942652902426521555e+00
0.000000000000000000e+00 0.000000000000000000e+00 2.214713802675418322e+02 1.604191834312490244e+02 3.924346020288834325e+01 1.853631351015869455e-01 1.590396803843756035e-01 1.463783576317879351e+02 8.476580475221613824e+02 9.960200566412288481e+01 8.934619286107857761e+01 1.298061753730922590e+02 2.978438215251900374e+02 3.832344754257528052e+02 8.337935896526664692e+01 4.849310364510214413e+02 2.994113987774232877e-01 1.474053481512505186e+03 6.752264318719477387e+02 9.803249010424953269e+01 7.532134114887916212e+02 3.973802924652409843e+02 1.270761102634490136e+01 1.237473436145630323e+01 1.249643686344574718e+02 9.899831224685212874e+02 4.126834817708944456e+02 0.000000000000000000e+00 4.578782131621427425e+02 3.561327562237408539e-01 2.428951868232102527e+02 9.512561920552727770e+02 4.588107189176764678e+02 8.532227011731663424e+02 2.666881205896328879e+02 7.236463240838411970e+00 5.308213400276540597e+02
0.000000000000000000e+00 1.259438212596880931e+03 1.345431174934538831e+03 5.319680234167581148e+02 9.561939278606681683e+02 8.342805443873183435e+01 4.161128122905880105e+02 1.458158896665957904e+01 8.126222540493083457e+00 2.675353614200815924e-05 2.557658473164789470e+01 4.013648472418898905e+01 5.610809618159328238e+02 7.052770375033317407e+01 1.053311168374791805e+03 0.000000000000000000e+00 3.479742094632617864e+02 1.313307355196327251e+02 2.199564592683439628e+02 4.259004715317223599e+01 1.448375747199893794e+03 0.000000000000000000e+00 5.494436388527817883e+01 1.822995152236025973e+01 1.216381381225151472e+03 1.232208189219983012e+02 3.224331006332018319e+02 1.272032651816745386e+02 4.831883878812821536e+02 3.632620786948681939e+02 2.682105188773636906e-01 5.506590779288910653e+02 1.404671885151266224e+02 6.038188834916404630e+02 3.386963527996013568e+01 6.302024319278372104e+02 1.097997891001920152e+03
0.000000000000000000e+00 5.971043797438519161e-07 0.000000000000000000e+00 7.881040796258234877e+02 8.001740298961165081e+02 5.939276113895497033e+00 7.050175925199682752e+02 3.938510587746995384e+02 1.355584524011769065e-06 8.681783773738660557e+02 9.190461536123722226e+02 1.143402381165632733e+03 1.430333276245157776e+02 8.931648962957930280e+02 9.795584578506746709e+01 1.840363589356526219e+01 1.190563042140921652e+03 1.568641972871419021e+01 1.215672136704735522e+03 1.635904656644044735e+03 4.116534170402045589e+01 5.292108703564839516e+02 2.326902776661109783e+03 6.649740491325790117e+02 6.280629102091307425e-01 1.665316458471086889e+03 1.078352623663824488e+03 5.631210789588342180e+01 2.105486468873964157e+01 5.835032653418988247e+01 0.000000000000000000e+00 2.652763902126665485e+01 4.038263444545561356e+02 5.078237826637848684e+01 1.272958142044254146e+03 3.939553299360441088e+02 7.579153829344527367e+02
0.000000000000000000e+00 7.991349423884636280e+02 0.000000000000000000e+00 8.682951236998039803e+02 2.503202819812927089e+02 1.932711977527691829e+02 7.740271861329617877e+02 9.881228577627819050e+02 0.000000000000000000e+00 0.000000000000000000e+00 8.432348426900190930e+01 4.560137596261357089e+02 2.061666902895591680e-01 1.470805479760873027e+02 5.705362501588773512e+02 5.727742096115069899e+02 3.452491069882943719e+01 1.969840778981520657e+02 6.103750948072998881e+02 1.674328852202040935e+03 1.142538736171876963e+03 1.217045072709195042e+00 8.428802729093856669e+02 4.499990280345046472e+02 2.654669590166853936e+02 1.237228815325011738e+03 3.419226142034802933e+02 6.251850105826736126e+02 1.668727781822489220e+01 1.966632842506827217e+02 1.207136174464896961e+01 2.443590268221279018e+02 1.122155268179021959e+03 1.514143036715285291e+02 7.038911366468144024e+02 4.748920816528555520e+02 7.164089937472281235e+02
0.000000000000000000e+00 4.454314751404858725e+02 7.957835267831619603e+02 1.107992206167232553e+03 2.692091922287799548e+02 8.429042941093800891e+02 9.619394643730512371e+02 8.347505732058255035e+01 1.366574550564394713e+03 1.618034548662960333e+03 3.493740487844758036e+02 9.439640418468495682e+02 1.056589493843735905e+00 5.229210213786540606e+01 9.404147663174636307e+01 1.831371273195907747e+02 1.117161678385053165e+03 6.599063990533647939e+02 2.069058308208251873e+01 1.091675263797897060e+03 1.365573776823461594e-02 1.531420938694398501e+03 2.814218611737312470e-01 9.649943957263624839e+01 6.417382037244736637e+01 2.876815902244578638e+01 3.708019211920580288e-02 5.707543229210395808e+00 4.901148009984739673e+01 3.109493323590308478e+02 3.143493840293093626e+02 1.706412138150208477e+02 6.565620114934362164e+02 2.079178080086633429e+02 3.061871105098094858e+02 1.755205819288414375e+02 1.052032753629364237e+01
0.000000000000000000e+00 4.302278458626275182e+01 6.027905576704910118e+01 0.000000000000000000e+00 5.423713908011414730e+01 1.163883198929980125e+02 0.000000000000000000e+00 0.000000000000000000e+00 0.000000000000000000e+00 9.837298290274964074e+01 1.001679663438819148e+02 2.561534907386431428e+02 3.920380350007317816e+02 5.041870977751357827e+02 1.661088068046607532e+03 1.620000874461842955e+02 2.687628479731671973e+02 0.000000000000000000e+00 0.000000000000000000e+00 1.383888998773707435e+01 8.117078602750766869e-01 1.024292291417170873e+03 4.064297698441645821e+02 3.828591378379985599e+02 1.119667285692389243e+02 4.873193111140816995e+02 6.988600586054305950e+02 3.990624274652964800e+02 3.284466164133924337e+01 2.228750456483599152e+01 0.000000000000000000e+00 2.186787764549143198e-01 3.066690444467872823e+01 5.186630082803782571e+00 6.353082793574122888e+02 4.765499009164953748e+01 6.442787364763191817e+02
0.000000000000000000e+00 1.455797246597858020e+03 1.272942551864553252e+03 0.000000000000000000e+00 8.666779934065485804e+02 1.699158914017817779e+02 1.033064063090368336e+03 0.000000000000000000e+00 2.631150656465519546e+02 1.837654802460159331e+00 9.658239148586822012e+02 2.567811680093778932e+02 5.764556640881702378e+02 3.228441225166216668e+02 1.268834620942355741e+03 1.034380928245269393e+00 2.157897903133620616e+02 1.074227449575594619e+03 6.765358865876227128e+02 2.248903508097758674e+01 9.493643446084864763e+02 3.695483573344203023e+02 1.160645302419383825e+03 3.399946464673813296e+01 9.886644489011332837e+01 6.563135165807208296e+02 0.000000000000000000e+00 5.952695556455150836e+02 5.109664492309418904e+01 2.313797754490731791e+02 1.294477198986200221e+02 7.371890354447270965e+01 4.885908210412410426e+02 2.611787539825273541e+01 1.450469831678959736e+02 0.000000000000000000e+00 3.173239682033484996e+02
0.000000000000000000e+00 6.046133934905404885e+02 6.144598350313270885e+02 4.065648383166596886e+02 1.500877690830848792e+02 6.469710185917492140e+01 4.684603263511914406e+02 3.028315047075669497e+01 1.260064346910655104e+03 1.178015066551040263e+03 2.899869610378991069e+02 4.730038471494000873e+02 5.734302592255490936e+02 9.711749237555357013e+02 9.728267678483073055e+00 4.182510736040620714e+01 2.198591945653948301e+02 3.762852761897839855e+02 3.760042561231986724e+02 1.762385544854087982e+02 2.672389289904118073e+02 2.706540851867505921e+02 0.000000000000000000e+00 3.384133041805224593e+02 5.116724279034783649e+02 0.000000000000000000e+00 8.067047751631770325e+02 7.292216986642035863e+02 2.992317105946378888e+02 6.203246318459551958e+02 6.547623883394791164e+02 4.693076905063535946e+02 9.527380570239579072e+01 8.388404257790924703e+02 1.459711083260537237e+02 2.094357324065551751e+01 2.613182311989868367e+02
0.000000000000000000e+00 1.419062761686286755e+01 7.574595538677610929e-01 0.000000000000000000e+00 1.835745979725770667e+02 0.000000000000000000e+00 9.042290643205333254e+02 3.154713730883618155e+02 3.310643130905078237e+02 1.605449253638677646e+03 3.459135113203581682e+02 8.503326505332429974e+01 2.556087333866626210e+01 2.539421202268077309e+02 6.107853420884331399e+02 1.324696813519451553e+02 0.000000000000000000e+00 1.428473634355099193e+03 1.274973819481720909e+02 2.276702714962922869e+02 6.450629395549715355e+02 1.788792512494253728e+01 2.838296825226730675e+02 3.112223661820369358e+01 3.123506373882037792e+02 7.169368727960966226e+02 3.975138503951162749e-01 2.594988606497272698e+01 1.751105498523241408e+02 9.738770569836680124e+02 6.567006766655217689e+02 3.735890406434341457e+02 1.493597559113240720e+02 2.424311049424515261e+02 9.732371214141109306e+01 1.757460009878686265e+02 9.833663980209992133e+02
0.000000000000000000e+00 0.000000000000000000e+00 2.189805160277697951e+02 1.469829356118043279e+03 1.329135507710357615e+03 6.258426710753655975e+00 5.287682988352586335e+02 6.214575119782375623e+01 2.194202532336759646e+02 7.176957606058455674e+00 0.000000000000000000e+00 2.200685653896847782e+01 8.246769999875377835e+02 6.164127162360858847e+01 2.002071680700611580e+02 1.233790810203019062e+00 1.236343672914472691e+01 6.644403589331744797e+02 4.550234312343823717e+02 3.470284409416780704e+02 2.268802533797119452e+02 6.401745824905262907e+02 8.184730329613709898e+01 4.132196320772189893e+02 3.880893444383460746e+02 1.128763818896499060e+02 7.683313227889954078e+00 3.723396814954505771e+02 7.186022824583168358e+02 3.938349315508556856e+02 4.761724122360417937e+02 5.092847131001361163e+02 7.231126824320753030e+02 6.369442779695559942e+00 1.085347797584884120e+03 7.933846168961163903e-01 4.500189500197304824e+02
0.000000000000000000e+00 2.931580062263486752e+02 3.135716749352804982e+02 6.016202822665663064e+01 2.166131475070123713e+01 7.184490167885307983e+02 4.566183237590717567e+02 7.886167048184903328e-01 2.256563948946603304e+01 2.852499062213454977e+02 4.828478496731939629e+01 1.003166266560684335e+03 1.237578000154886240e+03 4.090704117382639993e+01 1.280480446838902253e+01 8.141294287614064160e+02 1.056604579505650288e-01 8.718747869221805331e+02 8.699407188658933592e+02 7.779401707718717489e+02 1.031348710322834279e+02 3.311841392991833573e+02 5.264212619817727301e+01 1.246028640333225439e+03 5.060336626745800537e+00 7.594375867564646221e+00 1.134673659936356387e+02 1.717144414573661493e+02 7.590457354772554481e+02 1.272974975671857152e+02 1.210474919995682086e+01 2.189274410456430815e+03 8.379435343284535520e+02 9.373786675266347856e+02 1.737997222459098623e+01 5.253408888562084940e+02 3.320238295993852375e+02
0.000000000000000000e+00 1.255015250570207854e+03 4.473461047419165766e+02 1.736813498058995719e+03 6.455167935841228655e+02 1.397524668349466381e+01 2.317635568475936054e+02 0.000000000000000000e+00 7.774746730000258594e+02 8.794321344116181081e+02 5.810227780663410613e+02 3.738105327638815645e+00 0.000000000000000000e+00 5.468381705407892923e+00 1.115106685385433138e+02 1.128925591122934293e+03 1.303718994368197741e+02 5.815713316882538493e+02 2.359000882297427495e+02 1.002358770001535220e+02 1.167327474616532754e+03 6.367733877097064124e+02 6.020218374722276167e+02 7.029243693551176508e-02 5.408995849115759711e+02 5.234068263648548509e+02 1.005975965480374335e+01 3.629701887341719839e+02 1.775416560204067480e+02 6.126960900203136617e+01 7.181418148123550509e+02 4.647909533053856990e+02 2.584275316990868632e+01 2.222585159324944186e+02 3.099735264023506147e+02 8.891436975032868304e+02 1.437429364543805548e+02
