output/example/lateral_incision_000211.asc
nrows	75
cellsize	13.33333333
xllcorner	0
ncols	75
yllcorner	0
NODATA_value	-9999
[rows 0 to 16 of 75, columns 0 to 36 of 75]
0.000000000000000000e+00 3.111560667785954148e-09 0.000000000000000000e+00 7.593259462781106777e+02 1.366821773850643012e+03 6.938183004394281852e+02 3.322898466254517871e+02 1.334620413499106235e+03 3.989037117104237495e+02 5.961565685188394070e+01 5.057625754280022790e+01 1.194283342739616287e-05 2.638001873447476815e-05 2.026420197800674146e+02 9.274754642652583314e+00 0.000000000000000000e+00 5.412460465191597483e-06 0.000000000000000000e+00 1.430772275955948469e+00 2.055395778728417444e-01 0.000000000000000000e+00 8.214038731092654518e-05 2.132444891575236974e-04 0.000000000000000000e+00 2.052103043362334955e-01 0.000000000000000000e+00 1.467995409988723132e+00 2.394697288128030332e-06 8.592563712945595588e-06 1.072833790534963305e-01 1.059712603314569833e+03 8.672218059349546593e+02 9.240312403002536712e+02 0.000000000000000000e+00 0.000000000000000000e+00 0.000000000000000000e+00 1.698044969286322470e+01
0.000000000000000000e+00 1.630093651863057147e+01 0.000000000000000000e+00 9.181560559919366824e+02 2.215433694015822539e+02 6.718291528649423299e+02 6.206895674130036014e+02 1.667000437543781572e+02 8.086859933058675551e+02 7.756836343791867421e+02 5.234657057675717340e+01 2.756855966895485111e+01 2.075377802363997830e+02 5.254029823123846654e+02 9.127989008906052959e+02 3.139775216685563919e+02 1.871878876377573589e-03 1.315370211327804057e-06 6.474550108259450099e+02 2.772953668570716559e+02 5.892164790052237322e+01 8.763151664203197910e+00 4.623939332681852754e+00 3.924501073987429436e+02 3.109618061356160297e+02 3.595664095261486182e+01 9.662371485168516072e-01 5.540484788662165556e+02 4.266099728048768043e+02 3.092736700459576937e+00 1.088092014467490003e+02 2.925446728397204765e+02 4.843894383846052278e+02 3.655390711571771423e+00 5.044055294350693538e-03 4.922751156755404622e+02 2.858867604204195345e+02
0.000000000000000000e+00 1.613989027196172174e+03 6.744732826012270834e+02 1.636430314468055371e+02 1.507177414271191083e+03 7.161440557498166299e+02 8.841322435727304310e+02 1.781873099452200506e+02 1.140758316238821408e+03 8.836671218298606618e+02 7.758309820418436864e+00 2.620807815908700178e+01 6.284133536495766066e+02 6.271783265663635802e+02 2.383440187014544449e+02 3.648469049873952486e+02 6.926032641691099343e+02 4.333847922684879705e+01 4.700177705228998661e+02 3.540524105413292091e+02 1.441864506670143783e+03 7.270257988390640946e+01 3.920194682828977761e+01 8.360835819668556042e+02 4.269844604209246768e+02 4.947825354768458510e+02 8.913726178508201201e+02 1.943643767923253733e+02 6.477545468151865862e+02 1.333932139612404910e+02 8.117052108189307091e+02 1.239209799946998025e+01 5.500437045961298281e+02 9.099709913976028020e+02 4.027652369086118256e+01 3.974790765090871218e+02 4.666804005631725971e+01
0.000000000000000000e+00 8.151087015339196773e-01 3.733953716673475043e+01 8.687421853566014818e+01 9.105750038918165501e+02 1.560991623773723234e+02 1.431458765851749149e+03 3.630787299090047782e+01 2.588272155406814363e+02 1.326304367620523372e+01 1.924859805209078729e+02 9.421824486091950890e-01 6.342656838788159348e+02 6.185420976064480101e+02 2.813495947929520753e+02 1.534997586096428668e+00 7.612527473842180825e+02 1.394545151351975164e+03 1.351695717466770219e+01 7.782515592684427475e+01 5.983020674695412708e+02 3.579953456608568896e+00 7.265847732884006973e+02 4.800542321604733615e+02 3.864562386526313276e+01 1.312592110748351843e+03 5.130008959060993448e+02 0.000000000000000000e+00 1.485680151891573644e+02 8.816655287756663029e+02 8.282383098215609252e+00 1.375277060109915283e+03 1.320440000592372371e+03 1.110090771287808593e+03 7.947602996034645457e+02 1.176349125038072771e+03 1.095480380085343164e+01
0.000000000000000000e+00 6.107553241154482038e+01 6.514936769428471734e+02 1.535325887847302965e+03 2.191384650133181111e+01 7.069379336443280692e+01 1.629668577289601501e+02 1.642614904585954946e+03 0.000000000000000000e+00 1.012947463000246444e+03 1.698431172812853163e+02 1.807803176662934845e+02 3.474892587926950114e+02 3.672372345905829434e+02 9.118078273310870827e+02 2.625222416725090397e+02 9.519210947596504768e-01 7.172376754643198637e+01 3.507619826174304478e+01 3.724060519014463466e+01 1.246494036446959399e+03 9.303846884914263455e+02 2.143380051320879431e+02 2.921100334164831338e+02 0.000000000000000000e+00 5.281044822655265989e+02 8.050467682983791065e+02 1.303681868211831185e+00 5.411411292318269517e+01 9.566163690798196058e+02 1.579491248524250047e+01 1.008105537512687846e+02 6.540800781786715561e+02 6.677217634172130545e+01 5.375255101939010274e+02 2.322942357025445972e+02 2.276526600673114409e+00
0.000000000000000000e+00 0.000000000000000000e+00 2.238761610048139801e+02 5.819370286683497397e+02 5.194540348444108986e+02 8.470795828689040263e+01 6.803517677107795691e+01 9.492918565674175397e+02 7.077652345682607802e+02 3.710393902872023091e+02 4.630361665738916486e+02 1.081554675810338750e+02 4.105695594580783592e+01 6.231685669067860545e+02 5.371142496568767077e-01 3.908907478983700798e+02 1.478404155786180809e+03 2.245432053108288528e+00 1.612844249121668099e+03 6.188800434262482497e-01 4.118554572375392908e+00 0.000000000000000000e+00 4.064282358722881128e+00 6.501897442486754244e+02 5.543690188465374291e+01 2.855794488431408240e+02 7.047125726760956468e+02 9.208011020692684667e+01 5.953753027984838582e+02 5.045380108382568096e+01 7.008321410437190480e+01 4.447151050346779471e+02 2.851885366530170813e+02 3.849374693888698289e+02 8.051495293375301117e+02 9.590267074377543111e+01 6.423187098015879428e+02
0.000000000000000000e+00 1.019201638735427764e+03 1.347714314822318556e+03 7.123980797373014866e+02 4.893851239226960956e+02 6.941322586568990118e+02 3.474001245316109703e+02 6.416727482273320682e+00 4.620108201502761744e+02 2.439669331729484725e+01 7.672657248859444508e+02 1.136911258774050424e+02 3.216789476574669493e+02 1.716152482942508470e+02 5.523619056777376954e+02 6.918491613381773959e+02 1.291534424957406600e+03 1.570521148756720820e+01 1.011479137424631858e+03 0.000000000000000000e+00 5.133509002117840510e+02 0.000000000000000000e+00 1.144520904320239197e+03 1.228462517392861919e+01 1.255252288497925747e+03 1.064987568304802892e+02 5.448552001062774934e+02 4.225745597238736551e+00 1.949236208553330698e+02 6.977217081213929077e+02 1.050997142618737598e+03 0.000000000000000000e+00 1.249863798069241305e+00 0.000000000000000000e+00 6.678747406825057169e+02 5.213097324002460908e+01 1.141052950448696038e+03
0.000000000000000000e+00 0.000000000000000000e+00 6.335789744839014048e+01 5.950440095697889120e+01 7.856988426894235999e+01 6.042110714006654462e+02 2.826519733074910050e+02 0.000000000000000000e+00 8.217669451577052087e+02 8.436379917440307281e+02 7.675961075003909855e+02 4.599863762055662733e+02 6.706716071324124506e+00 2.751618716864232397e+02 1.263280130999257381e+03 0.000000000000000000e+00 5.326921216422226735e+02 3.698849800933262877e+00 1.765398434791127045e+02 1.132989672033281295e+03 4.359474075924414933e+02 2.336455110536772395e+02 1.213222966615865062e+03 2.495534129625180064e+00 0.000000000000000000e+00 7.056037694569081964e+01 1.773315115405795552e+02 9.269409050557476348e+02 4.025818370046359860e+02 5.086488312575269788e+01 9.275780260649112430e-01 9.913653342086888642e+02 1.906200197122311693e+03 7.426150798742431789e+02 6.669402553295614098e+02 8.312500373861031733e+01 5.543364981880298501e+02
0.000000000000000000e+00 1.142601531216171225e+03 1.414637098824304985e+03 1.559440841336336916e+03 4.483182912116537295e+02 6.402687932624235145e+02 0.000000000000000000e+00 2.310388967473780042e+02 1.205144950876812118e+02 1.446179286614541525e+03 1.878865989642557395e+02 1.521537204189517922e+01 5.904459477890291907e+01 3.163244048637068317e+02 4.065687126529354600e+02 5.118944974333041387e+02 0.000000000000000000e+00 4.538970296306202385e+02 1.443649234912147972e-01 8.176761644103831941e+02 2.598819956536733002e+02 1.100475375354189964e+02 3.790203951937328952e+01 1.527104634501302826e+03 7.406687825741695406e+02 2.494374589877497783e+02 0.000000000000000000e+00 0.000000000000000000e+00 3.843960629442104278e+02 1.149365970894227530e+03 6.820886254857449558e+02 1.766922453526194925e+00 7.524295137158682110e+02 4.508535707567664872e+02 6.553133738023545902e+02 5.100503971408150505e+02 6.613015858250469670e+00
0.000000000000000000e+00 3.998360087891676358e+02 1.614517751251896271e+01 1.660190397534231010e+02 4.287785696499646519e+02 2.763869281088270902e-01 1.694136056139596747e+02 1.098734961677616084e+01 9.326978719288310913e+02 0.000000000000000000e+00 1.108528055645659379e+03 2.544464694759187395e+01 1.181593012909493837e+03 2.859620827215423446e+02 5.268221864473975984e+02 3.396404612268982959e+01 1.217939959866179834e+03 1.555020403965412186e+02 2.647663808161571453e+01 1.943963420410026686e+02 1.369566943249802534e+03 5.275591611887665344e+00 1.743809112946240418e+02 2.427361447907057368e+02 6.364644721734691046e+01 1.253325165060485915e+03 4.356020498803282521e+02 1.087633444711693073e+03 0.000000000000000000e+00 0.000000000000000000e+00 1.332761262266427366e+03 7.025054180158248300e+02 1.963211508055026977e+00 7.996023573630106966e+02 1.432393037969732632e+03 5.247994536625424189e+01 9.460590710780772952e+02
0.000000000000000000e+00 3.033664295630239280e+02 1.361436172022235269e+03 1.451100857734157444e+03 1.146779230932487735e+03 1.052659903248302726e+03 3.575331405939655127e+01 7.178175717590222575e+02 0.000000000000000000e+00 8.584382686074428648e+02 8.332333512681718730e+02 1.315705243241597486e+02 1.627783040357923483e+03 0.000000000000000000e+00 1.430690783672735051e+02 0.000000000000000000e+00 1.399753770257128508e+03 1.388003333745937198e+02 4.505908496142381523e+02 1.214583273974015356e+03 9.528087998462571306e+01 1.173446485155018991e+03 1.158298228332683038e+03 1.915233163314022136e+01 1.113666707786118423e+03 2.825957666580026171e+02 5.981435025868359290e+00 7.845317830668456338e+01 8.255718851507880345e+02 6.786624308835536112e+01 1.793842172764181441e+03 1.163539734781686548e+03 2.586421082725805718e+02 1.130052194321986150e+02 1.493100934688142800e+01 1.649070924344250216e+03 0.000000000000000000e+00
0.000000000000000000e+00 0.000000000000000000e+00 3.160817270949517024e+02 4.279235199736318123e+02 1.038171067481176351e+03 2.538100152830017464e+02 1.820490251325403221e+02 1.230443711803916358e+03 3.390961028545789180e-01 8.239711886361221787e+02 1.065541422734711290e+02 2.649715902280593127e+01 8.869312534876995642e+02 2.014701872437362340e+02 6.053349139600735498e+02 1.672540887797249070e+03 6.247454041793504587e+01 1.715780826652713586e+03 1.036046631032452751e+03 1.324949201275568612e+03 8.286752207541819359e+01 1.190012378271761463e+03 1.025499826707833790e+03 9.807827244194284049e+02 3.630461891207042981e+02 1.275701827056836279e+01 1.288525859800254466e+03 3.742538513091456593e+02 1.145454986643189386e+03 5.030100754600020991e+02 3.032968880969458825e-01 3.878841505224005282e+00 5.187388915301993393e+02 0.000000000000000000e+00 1.577823199453927373e+03 3.721892186782148571e+01 2.236062395056134449e+02
0.000000000000000000e+00 1.254028957787779746e+03 0.000000000000000000e+00 5.760863966737018727e-01 0.000000000000000000e+00 2.971029476883082499e+00 1.914654947002387928e+02 6.577950621003881224e+02 0.000000000000000000e+00 2.210406109677036568e+02 9.244846095476536618e+01 3.712790432242156839e+02 2.301620203921144707e+02 1.092566765556244718e+03 8.190061623551817149e+01 3.409547413257465109e+01 2.447874514187170902e+01 0.000000000000000000e+00 1.001772353344714134e+03 9.603872083490718126e+01 4.712640885078410520e+02 2.896319004698464141e+02 5.896031053945457643e+02 7.109220454120788872e+02 8.573814136800053802e+02 7.345609586811455927e+01 3.830148968356275532e+02 1.538828772155185789e+03 5.817801580478504597e+00 1.806371521207502884e+00 2.257593992820871733e+02 1.274737407722440821e+03 6.175807059162818291e+01 5.634722103741198680e+02 8.602320328135622276e+02 1.920451201564440282e+02 1.884685949541732839e+02
0.000000000000000000e+00 5.171961604116643230e+02 1.595373037374899994e+01 1.211041800419281333e+00 4.758699443320461455e+02 3.385454401719628095e+02 1.419377112999121096e+02 2.655853790281791476e+02 1.372060448095083302e+03 1.015268723119961862e+02 1.570267322925056305e+03 0.000000000000000000e+00 1.264368956482188878e+03 5.088581795369043448e+02 2.573967889961289224e+00 1.351329086006779335e+03 7.591874558179199539e+02 1.311184470460976399e+03 2.644470929647240354e+01 2.916889020965581025e+01 0.000000000000000000e+00 1.745842650928244666e+01 1.090278038238578162e+00 2.165793347287076287e+01 2.053563114246446020e+01 1.613382553124592889e+01 0.000000000000000000e+00 3.784618354049720779e+01 4.715905290844233377e+02 0.000000000000000000e+00 9.855636782347645521e+02 1.802626716732498380e+03 5.689100719187571258e+02 5.165103139004884741e-02 1.729848527994038932e+03 7.014617819853379288e+00 3.525069146798211364e+02
0.000000000000000000e+00 1.319722621703665936e+03 8.105038717414689131e+01 2.788259816393166943e+02 5.409734268490564091e+02 8.414785548733684664e+02 0.000000000000000000e+00 3.013752948307801827e-01 1.378180561876530774e+01 1.638352351407783125e+00 0.000000000000000000e+00 1.167362549680835855e+02 1.011894896473752283e+03 0.000000000000000000e+00 2.608292981074524164e+02 3.108018899605347087e+02 0.000000000000000000e+00 1.677431688361097031e+03 3.876200076831235037e+02 7.894695049380858620e+01 1.478076489144264769e+03 5.224912555220360844e+01 8.901320749058048705e+02 1.650136751074720678e+03 6.363697707096494014e+02 1.421536622638549716e+03 5.689096885742766290e+02 2.966560447893968444e+02 0.000000000000000000e+00 1.058142506406735265e+03 1.845426688786839975e+02 6.231164880851060843e+02 6.322953698128269480e+02 8.805903023426620013e-02 9.795233285511336589e+02 1.116824106386978201e+03 5.049587750869454226e+02
0.000000000000000000e+00 1.483914722557090045e+03 1.070118194887452177e+02 6.009298884842676491e-01 1.373056833303282609e+01 5.045975272322679395e+00 1.013229792390697526e+02 8.179139993084274920e+02 4.828929474878356132e+02 3.585200829069981410e+02 1.710871779151115334e+03 2.227903776219478660e-01 1.319773387775286189e+00 3.360365699094126768e+01 1.343737618290102546e+03 3.104909287702588472e+02 0.000000000000000000e+00 8.636353256866839274e+02 3.599914760926608892e+02 5.211497850550778139e+02 2.449659617383279198e+01 3.799017733193476829e+02 0.000000000000000000e+00 8.182197051224858342e+02 6.805537987333071897e+02 6.624695817260102331e+02 1.397853165292308404e+02 1.560083333505704559e+03 2.322373906005115174e+01 2.622089464725359562e+02 8.101596158947955928e+02 1.467336176839960427e+00 1.304617734904773442e+03 7.510023094152817293e+02 4.619597623623558080e-01 8.664892606362403740e+02 1.551620324141611263e+03
0.000000000000000000e+00 1.601995536383612034e+03 2.242673655289237011e+00 1.245926286666001033e+03 1.009644663224168653e+03 1.549457039809777257e+02 7.445709487915654563e+02 4.805799565949614589e+02 1.200426513098024088e+02 5.247348582558203134e+02 5.458658791874832161e+00 4.342022964440506030e+02 1.170874872058861001e+03 7.776829302541361812e+02 3.222819290871231601e+01 1.017568192947385683e+03 2.568956968049809575e+02 1.255418864292947546e+03 9.708608950647811753e+02 8.341820426102120223e+01 0.000000000000000000e+00 0.000000000000000000e+00 1.093927679848260823e+03 1.105743277529324686e+01 5.428979949122045809e+02 8.481977483781141700e+02 8.980226507951698522e+02 2.898825907416348002e+01 4.354818576437581328e+02 1.620154199498865921e+01 3.798075555878461955e+02 2.779387955123111169e+02 9.635960285840388551e+00 5.853909665964168880e+02 6.931586897790871262e+02 5.295103159292616213e-02 7.585064965268011292e+02
