output/example/lateral_incision_000346.asc
nrows	75
cellsize	13.33333333
xllcorner	0
ncols	75
yllcorner	0
NODATA_value	-9999
[rows 0 to 16 of 75, columns 37 to 73 of 75]
2.730880095320796741e+01 0.000000000000000000e+00 4.020924072664800331e-04 0.000000000000000000e+00 3.979261858437778687e-01 0.000000000000000000e+00 0.000000000000000000e+00 5.525900172972106512e-03 1.975129308987696054e-03 1.188172025416675964e-01 0.000000000000000000e+00 0.000000000000000000e+00 0.000000000000000000e+00 1.935879317804396393e+01 8.108273727206165293e-02 2.093329821185450912e-01 3.815658800127624204e+02 5.534273966179734998e+02 6.760571021001833287e+02 5.558879181938473835e+01 7.596894223654117013e+02 1.433435222519221952e+03 5.563956020383164969e+02 4.026352472758312615e+02 5.022033694440563067e+02 9.270076761518872388e+01 1.642259001771812166e+02 4.971400586072146629e-06 0.000000000000000000e+00 5.267006942434419869e+01 1.048169385794283137e+01 1.556254070430262981e-01 0.000000000000000000e+00 1.171760928489934850e+00 0.000000000000000000e+00 2.608628469712240827e-01 0.000000000000000000e+00
3.932863815346397729e+00 8.097447668449901936e-01 1.091569533275524926e-05 2.691510682692550560e+00 3.606262311784955443e+01 3.698383492775662944e+02 3.298986317843568372e+02 3.765819949223700291e+01 6.374126099482212027e+01 6.412547454996051783e+02 7.038431330337188285e+01 1.850239883113055441e+02 5.142995434043970704e+01 7.397369280921828327e+00 3.458020907887395197e+02 2.300781478800593902e+02 1.218119838240044430e+02 1.744911411933004501e+02 1.686245432540737852e+02 1.288587126946835042e+03 1.903294465726640112e+02 0.000000000000000000e+00 7.490078613739108278e+02 2.129040593959909131e+02 2.473597919061257926e+02 6.568773512519492215e+02 9.183698403841570723e+01 2.954087908138529617e+00 3.174979991003321089e+01 3.595333971346759938e+01 5.764757463916935443e+00 4.397826677826477635e+02 1.534099502341866206e+00 0.000000000000000000e+00 2.011215664924345781e+00 9.155487753023554376e+01 1.729301063392857829e+00
1.405241128514684306e+03 1.747773916233915656e+02 3.728455269687527789e+02 8.702203028715936171e+02 2.179161815187669404e+01 1.374444605586315902e+03 0.000000000000000000e+00 3.733316626860016640e+01 3.601008811248312327e+02 5.583797731661464923e+02 2.227256397462392385e+02 1.421126213835231965e+03 9.430075853874126324e+01 5.864008035539297907e+02 1.282572108056812795e+03 0.000000000000000000e+00 4.699731016700923192e+02 3.668786852435130754e+02 7.986833494313632400e+02 3.226918857721601057e+02 1.070867483855169411e+02 1.038496487522677853e+03 2.113149459617857246e+02 1.011259285695251833e+03 4.601423966607977434e+01 7.254887012585818411e+02 4.053479279178018402e+01 1.015873260039686102e+03 1.594030328202368594e+02 4.210310892323196299e+02 2.416541908908572793e+02 2.325922452985020783e+01 1.026600321373526640e+03 6.241406330013791331e-02 6.754709853738694392e+01 5.212311506526840788e+01 7.450207750535955711e+02
2.725599908214311995e+02 2.221222187883289401e-01 7.285266248559167934e+01 5.658204941088538362e+02 5.489987601621020303e+02 1.085811498150335730e+01 3.550752356657537856e+00 2.013538780244679458e+02 8.143778444903689717e+01 3.457152943293096428e+02 2.853498374979429855e+02 1.098982254662641225e+02 1.211560736647500335e+03 1.695457149783704381e+03 0.000000000000000000e+00 8.047096203469582179e+02 5.287727527175870819e+02 1.214373946175375067e+03 6.464679188503473597e+02 6.590412257714008604e+01 1.194672776523821085e+03 4.848196342459131074e+02 9.926319194411634044e+02 2.034069764822602266e+00 3.170813130593202231e+02 1.967050656653848932e+02 1.070210423618841986e+02 5.641141912617862317e+02 2.996328692802326543e+01 9.560528860506595947e+02 7.302734621707419365e+02 6.599052429968655531e+01 2.560820900349039562e+02 2.732304856479889077e-01 1.538423727446539033e+03 4.326798322748903192e-01 5.191312947702160727e+02
1.548270774823235115e+03 1.991207025423012453e+02 6.712163493526578861e+01 1.137630238945405381e+03 1.297703932386936856e+02 4.729553065858573859e+02 6.971769055457974673e+02 3.610036821015038555e+01 3.390435409977966401e+02 2.051936207457339947e+02 1.556443437547243569e-01 1.356311564207700940e+03 3.307424097133252872e+02 1.700813121469904900e+03 6.206810553561342481e+00 9.707517764863339380e+02 7.579553040405387492e+02 7.049186989434807060e+01 2.794962193401703487e+00 1.563223149259966931e+03 2.116186083392849469e+03 7.446146053618388123e+02 4.961983666591686983e+02 5.323628659318446665e+01 3.621131383283400282e+02 7.677092345464236587e+02 5.958331070805957097e+01 4.491966575929570240e+02 1.363620841949709757e+02 1.291814742137457017e+02 1.061936284454780889e+03 1.092800618471175540e+03 2.712454393468198166e+00 1.229915055625045852e+03 0.000000000000000000e+00 1.105038715080549309e+03 1.192785875282785355e+03
4.913665100769592868e+02 1.843796439518839918e+02 0.000000000000000000e+00 5.970208285830907471e+02 5.190908997459240481e+02 7.220969996910927193e+02 5.795614843325851098e+02 5.269517594817743275e-03 1.364653615957761303e+03 1.398015180993908416e+03 7.074522175558546166e+01 2.361208364222762555e+02 1.189547668126985371e+02 7.283964457659564573e+01 1.194066632231959524e+01 3.648009462247483015e+00 2.845968041512808711e+01 9.173151105274727968e+01 4.303748402313123620e+02 2.099509004804775998e+02 2.540475633346787561e+02 4.977773415966928638e+01 6.371881604623949613e+01 2.107270224466766678e-02 4.395842877881443655e+02 1.738335998036592116e+02 0.000000000000000000e+00 1.152820710636129434e+03 2.873087913999530585e+01 1.979608707723994598e+01 3.786834435878341765e+02 9.545994898201889782e+02 1.660644551580694952e+03 1.696139498577177385e+00 8.583034518732629294e+02 7.127816774133592617e+02 3.623733652403109886e+02
1.140478748331183169e+03 5.364535710397348112e+02 8.337389433688655060e+01 2.912403187078822786e-02 1.553267508655809195e+02 4.762695163385661772e+02 7.459803066310290660e+02 1.475853636224766205e+03 2.898843192517496803e+01 9.640776674486760385e+02 7.219942655620147889e+02 2.831033290994136209e+01 7.621202331866797977e+02 7.954757632133770358e+02 9.801702065160515076e+02 5.887425880960871609e+02 7.134881018139155913e+02 5.419333488917588966e+02 8.930405915856266530e-01 5.368098295148017769e+02 8.555717264419561161e+02 7.628684881064941692e+02 4.163295644582285959e+00 3.027911364988851233e+02 6.202724617724732070e+02 7.396766574206382074e+02 1.510495986988565278e+02 6.033289905054920155e+02 3.560871654067918612e+00 4.823832958457506379e+02 1.820226025467103455e+02 0.000000000000000000e+00 0.000000000000000000e+00 7.294409199782547759e-02 1.101116848559958044e+03 1.364286683606857480e+02 7.249766591997445175e+02
8.646919721265636838e+01 1.873684625593164954e+00 3.961315893071154619e+02 1.652059439208422020e-01 1.639720799560551541e+02 3.696009298899606499e+00 1.413198293958784689e+03 1.340691992231739050e+03 8.195139043763025484e+02 0.000000000000000000e+00 1.020165089241169909e+01 6.048730976292558807e+02 9.240073720723523820e+02 3.185693544237802826e+02 5.720801036048700325e+02 4.751592853077836187e-01 1.091850523492634466e+03 8.338369738166833258e+02 3.075511579639891746e+00 5.539396385075950775e+02 1.109153183562210820e+01 7.774845043309184121e+02 1.001013396769346002e+02 2.279757852804670790e+02 3.598841722439255477e+02 5.186211405968986128e+02 2.689586573684162873e-01 4.149789907234452926e+02 9.062569799867508102e-01 3.916957157096583728e+02 3.050798034890052577e+02 3.475000056803080994e+00 8.113092915281714568e+02 1.615481472116884333e+03 1.258445502024742666e+02 6.708718225197397942e+02 7.166847251561096073e+02
9.775318107099926692e+02 7.529048097424671937e+01 0.000000000000000000e+00 4.945010345708409716e+01 3.166408128565815900e+02 8.558159336194819389e+02 3.295871441702249740e+02 1.321171651021197704e+03 2.028680701706878864e+01 7.397117332376335064e+00 0.000000000000000000e+00 9.462255848661813218e+01 3.179263817889472765e-01 4.351517486780610966e+02 0.000000000000000000e+00 8.543298661654048374e+02 1.551024694908354036e+02 8.822884868680856698e+02 0.000000000000000000e+00 0.000000000000000000e+00 5.518979303903223865e+01 7.974791880974549940e+01 0.000000000000000000e+00 1.403103127689604889e+03 3.755428242187961700e+02 4.429925722805670318e+00 6.714042136221286228e+02 1.946194232011614815e+02 6.051365442570220132e+00 9.007709268876511715e+02 9.384212601030554879e+00 7.826392116344865144e+02 0.000000000000000000e+00 6.929361824889720083e+02 5.718465506665955900e+01 6.944058334780057749e+02 0.000000000000000000e+00
9.809633607824827095e+02 3.153770248275826589e+02 1.833286118031378464e+02 1.119871160597790322e+03 1.404182317952683434e+03 1.717335742170964750e+03 2.668047737086482698e+02 1.272249591046300088e+00 0.000000000000000000e+00 1.508365021064974144e+03 3.419953491733020314e+02 5.558205623094294197e+02 9.871034797681527380e+02 3.641957670375171574e+01 1.533371448806467008e+01 2.734014731833712686e-01 7.853824134569341595e+02 2.684798198267748717e+02 4.452930876322248110e+01 7.828540929715620678e+02 1.645863541449027423e+01 4.178756449265266610e+02 6.322079862819119853e+02 1.755566473084661254e+02 1.038654841435961544e+03 0.000000000000000000e+00 0.000000000000000000e+00 1.096428035717375906e+03 5.563135421733106796e+02 3.615378588106018753e+01 2.655614127443620305e+02 5.791093368153840402e+02 5.529240550335655371e+02 8.853932055008243651e+02 2.933060535585287809e+01 1.206054035716360318e+02 3.600819572531991071e+02
2.637311587309767802e+01 3.286258062218538445e+00 1.428626803038955728e+01 1.724438849676146468e+00 4.797347517345871282e+00 8.280116979156884049e-01 0.000000000000000000e+00 1.389562757007105802e+03 0.000000000000000000e+00 1.265690562617146071e+02 1.294972992843528736e+01 2.196894609687805477e+00 1.953662383417630792e+02 3.063372252777452331e+02 4.264826561787599530e+02 1.872901275593848709e+02 1.340836495964307915e+03 8.665447134888308867e+00 3.523591960441128208e+02 2.649673629406602782e+00 5.554884043450299487e+02 4.159826763302945665e+02 3.439033407286327702e+02 1.120411585477294921e+03 4.498959115332878156e+01 8.755312206757936622e+01 8.667556931797886364e+02 6.359780162228331868e+00 5.459953463047355626e+02 7.931765440390238382e+02 5.476085943409411811e+02 1.515105300815041858e+02 1.386429999496017672e+03 7.055130578539451358e-01 7.456933522727342734e+02 9.696577745468690068e+01 5.147809125058773816e+02
1.370987584578907899e+03 1.190970440782923561e+03 2.075976191575734617e+02 1.084063349602840617e+03 1.453219272243074101e+03 1.463948515483879760e+02 1.419956661084420602e+03 1.268444611377285369e+01 1.366532128877927107e+03 2.342748098736802604e+03 0.000000000000000000e+00 2.246789372057667222e+01 1.177214586576713600e+03 6.308893949245446038e+02 1.338717494704724515e+02 3.424671711938531757e+02 7.787507458002907015e+02 6.006939785946192387e+02 4.139192690661335519e+02 3.365841819089546760e+01 1.148599029344373257e+01 3.272514325267098201e+01 2.421231010889556057e+00 0.000000000000000000e+00 7.327933076966048702e+02 2.788345649372929813e+01 1.019886389577696491e+03 7.355481224711442110e+02 9.459617279132261913e+00 3.794997863787936243e+00 1.151079210355185234e+00 1.215948781279117384e+03 1.631580935546252942e+00 1.090563986617183218e+03 9.311866152346274248e+02 4.303966821468536637e+02 1.240373126670535555e+02
1.276002360814422900e+02 6.702125271835944886e+02 0.000000000000000000e+00 1.887897281726042209e+01 1.951846410661125963e+00 9.415563000441495944e+01 2.806341363871916528e+01 1.373428000347063971e+03 1.146196165580437309e+01 1.032926462284378886e+03 1.570344471888350654e+03 1.294665598695280551e+03 7.515502651997583143e+02 6.021977607346154571e+01 5.297464896062291473e+02 7.931400535577543565e+01 7.027134345695519642e+02 3.724959373547233668e+02 3.925646620997735567e+02 1.329957750530575424e+02 0.000000000000000000e+00 2.357154608903234987e+02 1.094313059830252932e+01 1.303178337308574100e+03 1.205983449040753612e+03 3.885264171165973153e+02 1.426218145142883031e+00 3.821799442045484057e+02 6.389107990114843005e+02 3.547761796007721387e+02 0.000000000000000000e+00 7.222768313448370918e+02 3.473320095653211315e+00 5.540661389601676774e+02 0.000000000000000000e+00 8.101492047921123003e+02 5.523458902680240499e+02
0.000000000000000000e+00 8.085890938367099068e+01 8.596107310019634724e+02 2.008164439924894680e+02 0.000000000000000000e+00 5.959042153845930443e+02 1.722122223335513524e+01 8.060343927098706445e+02 1.469746593026224900e+03 1.806902922043468322e+02 1.833401937389187140e+02 4.248550919535692749e+00 1.153394132605831324e+01 1.227730022178598688e+02 0.000000000000000000e+00 7.925279969246286100e+02 3.894688731029248885e+01 4.607135189153740953e+02 1.147347613591941951e+01 4.730575690388962471e+02 3.859559515775359841e+02 0.000000000000000000e+00 2.828550192469749547e+01 1.069478859742498798e+03 2.477000731019748798e+02 0.000000000000000000e+00 1.381077049326878978e+03 2.009125177426192899e+00 1.533439461456034678e+03 9.763213371113175754e+02 2.984556203760722042e+02 9.937227296305647997e+02 1.792281856903988002e+00 2.551248297227022874e+02 1.155178057638776409e+03 5.818936320826863948e+02 4.106665153485774908e+02
0.000000000000000000e+00 4.838534497632687135e+02 7.402733215162905367e+01 3.441557403313022405e+02 4.370929303042370151e+00 2.639708444493837760e+02 2.674140222389081334e+00 4.703155164280162808e+02 8.880421729795639294e+02 8.086895742523837782e+01 5.651455047564843426e+02 1.159088143551329722e+03 1.269544075079904360e+03 6.566120657044214681e+01 3.948023023655342456e+01 5.305941672636795374e+02 3.039066743295372817e+02 4.222287253884718439e+02 5.050888058892548429e+02 3.253277100886971880e+02 4.581800493993305281e+02 5.263746892574390586e+02 1.065411395867228919e+02 1.021903957410670216e+02 0.000000000000000000e+00 1.189469292176559520e+03 2.298806948291293793e+03 1.256863522578441916e+03 1.190084765124423960e+00 1.017869831872668101e+03 2.100885835634881857e+02 1.504275578913720990e+00 7.836217902894560439e+02 1.048101739343673415e+02 2.049987185907517642e+02 0.000000000000000000e+00 2.496525044202763581e+02
1.701551720500614465e+03 1.173050625167396817e+02 2.650773192434687076e+01 1.191252522432968561e+02 3.588109919560324101e+02 6.064372212223427141e+02 2.219514735974773600e+02 9.533351874339390406e+02 3.731859967180409399e+02 9.476073789947669468e+00 1.834629812973592209e+02 4.995593107574968883e+01 6.272681401815272011e+02 8.800439642402227491e+02 3.830893247026494475e+00 6.582497667983121801e+02 6.203130807339877038e+02 1.607538693564949384e+01 2.565333568379579106e+02 3.343569244995503027e+02 5.954266149517829732e+00 6.274836145207079596e+01 1.254868737251553739e+03 1.295475406402098542e+03 0.000000000000000000e+00 8.734117461705997130e+02 1.036428031214401472e+03 2.129012871217750273e+02 7.469788375227840334e+02 1.175351340057726190e+01 0.000000000000000000e+00 7.835825626672110502e+02 3.908350519695843559e+02 1.667142017978553383e+02 6.404852086645782947e+02 6.860236717571054896e+02 3.157848651532642634e+02
8.513848418745307072e+02 4.252957840389666178e-01 3.431388019071432982e+00 2.775553057415471017e+02 4.400605401791034765e+00 5.920574974905903218e+02 2.490900531237092821e+02 2.587308827189758063e+02 1.073060532715684303e+03 4.895023558546554909e+00 1.436891345737633628e+03 1.142548460979604215e+03 4.514998006796246841e+02 1.073287445792329208e+03 2.817451840544039783e+02 2.109899357690659372e+01 5.896136482363734643e+01 1.663464969464253329e+02 4.726718100213034859e+02 2.698439670601110265e+02 1.607369117960888900e+02 1.180296331145385835e+02 3.911358431325067109e+00 1.401530604782098877e+01 6.129428303213214804e+02 7.900111971113052505e+02 6.970469863655562222e+02 4.114311699799410462e+02 1.350560748835455115e+03 6.987312418406600045e+01 1.239823549101669187e+03 7.348086652419501661e+02 5.540632213799221972e+02 0.000000000000000000e+00 5.114885937631541424e+01 1.018780155622641360e+03 1.338960116206693662e+01
