output/example/lateral_incision_000490.asc
nrows	75
cellsize	13.33333333
xllcorner	0
ncols	75
yllcorner	0
NODATA_value	-9999
[rows 17 to 33 of 75, columns 37 to 73 of 75]
0.000000000000000000e+00 4.707702009014529381e+02 9.746669631216946073e+01 6.817295659056270551e+02 4.259042541773060009e+01 6.635910423511775491e+01 1.822978844343653861e+02 1.096016069758572087e+02 1.729757873460988264e+02 4.126294807259747017e+02 1.429099473261461526e+02 1.602033645976653631e+01 7.041261293543166175e+02 3.822427955586309167e+02 1.196323204741391493e+02 1.659392410370444622e+03 7.100056129972866756e+02 4.707300579481672571e+02 1.889080389585948083e+01 3.641176458671580463e+02 6.446257638188639305e+01 5.909152341171718348e+01 4.174106288323001195e+02 0.000000000000000000e+00 5.843255442635384043e+02 4.461430780661673623e+01 2.314048538150957768e+02 3.897403195336904105e+02 3.379041450241309121e+02 1.324190676086462645e+03 3.739456104233648830e+02 1.917768580403795653e+01 9.135012798884827134e+02 2.874905238339600260e+02 0.000000000000000000e+00 1.302014023210251935e+03 6.274207295553067070e+02
4.343198528600304940e+02 3.003295801000852361e+00 6.250656312908154888e+01 5.949082237751123330e+02 3.192594268945035552e+01 3.557806396489231560e+01 2.357848672037770044e-01 2.960395167524175690e+02 1.179896359772018428e+02 7.031626587902227357e+02 8.510627411187836060e+02 1.237973708534585882e+01 1.444699719274869494e+03 9.572859850553147680e+02 2.544870922003662486e+02 1.095212103284070963e+03 4.088538198937157517e+02 4.570237999254755437e+02 3.582005514870855905e+02 4.903139004305502908e+02 6.430972332054882372e+02 4.446205728655604617e+02 1.662651642177885606e+03 3.035118468961226768e+02 9.211627713365375030e+02 0.000000000000000000e+00 1.197693496497400929e+02 1.209531315463805612e+01 3.768528134445731759e+00 3.004774302916781181e+01 2.575881979158240824e+02 0.000000000000000000e+00 1.195692301140908967e+03 6.113651010540885444e+00 3.751920630064759621e+02 6.935084083271797226e+02 1.067139814352330859e+03
4.051943494257541190e+00 1.348404431110168616e+03 9.452313238219505820e+02 1.110634843780912888e+03 8.560313052815293133e+01 1.326507690062761569e+01 1.484999821946823431e+03 2.082964886593924803e+02 1.247819658325744058e+03 0.000000000000000000e+00 6.288455678339113319e+02 3.044655085590104591e+02 9.379084235176273978e+02 6.675112803215267832e+02 1.839310217883684970e+02 1.417139509951340699e+02 2.144235446089274149e+02 2.008327508602993987e+02 9.705643923313886035e+02 0.000000000000000000e+00 1.955797719284337006e+02 1.717568352085555148e+02 2.527138262476623964e+01 3.179443849804282536e+02 2.574107179318162366e+02 0.000000000000000000e+00 6.150514530679164409e+02 3.917838024580470035e-01 9.425026619958433827e+00 1.687017531391551417e+00 3.981596320015243577e+02 2.417935910307581793e+01 2.220613921174509642e+01 6.703010617916844467e+02 9.318460668817785972e+02 2.595180495142039945e+02 4.790200134614507554e+00
1.615471104510733937e+02 1.051203217219944463e+03 0.000000000000000000e+00 0.000000000000000000e+00 1.454972980737988564e+03 4.588784254471572126e+02 1.265016947915576964e+02 4.831085431059169650e+02 9.615353294090376721e+02 1.208126574965205464e+03 3.293483299200532883e+02 2.771434366048853235e+02 9.200322118748331945e+01 3.003127381989399396e+02 4.400335426473879430e+00 3.114405586977771634e+01 1.479214236538970226e+02 4.663927028957389531e+00 7.887353339982062153e+02 9.506755519748860479e+02 7.697087056128367522e+02 1.593100003126525444e+01 4.813143517225066148e+02 4.112562529401278653e+02 1.640094593100892268e+02 3.155343890059400564e+02 1.353576443102156645e+03 7.939744365657104481e+02 4.252252422068028181e+01 7.210356953031031253e+02 3.863530755022349581e+02 0.000000000000000000e+00 1.297559127180327550e+03 7.809066439579684271e+00 1.139231271402588064e+00 8.561385298160438140e+00 8.124487318416066728e+02
7.593900555101450891e+02 2.412079828181753101e+02 0.000000000000000000e+00 7.474187486887805676e+01 1.123673546061697607e+03 1.336556163856205785e+03 1.573435514670513157e+03 8.964752058563927051e+01 7.445784422120017609e+01 4.375894162447669373e+02 4.652951378817695627e+01 6.651020634372104041e+02 3.411702611141662942e+02 1.510650690635226567e+02 4.102320470128886996e+02 7.791465355456230668e+01 4.947761058358055948e+02 3.121396300834455815e+02 1.251562865657277541e+02 3.449707268226128463e+02 6.271636973115238334e+02 4.584723448942496589e+02 6.079489473277907337e+02 6.509133934407450397e+02 6.534591371717310970e-01 6.853860505316378067e+02 1.696046981541809373e+02 4.482759948517739872e+02 0.000000000000000000e+00 1.643313184059721834e+02 8.701536065766224510e+02 4.851992286923731257e+01 2.644563687113235346e+02 7.460004597185206876e+02 1.474851530774480580e+03 1.065350273533276777e+03 9.021522234514419551e+02
8.914385596073841498e+02 3.677545153005685847e+02 2.345575765456825934e+01 1.741979752185713551e+03 0.000000000000000000e+00 1.454580986804310442e+03 3.459686950243151955e+02 3.002490767188901373e+02 6.596464198618158434e+02 3.477599306852883387e+02 9.040965128550187968e-02 1.305747780444582133e+02 1.916616259726363580e+02 5.224215264348487153e+02 2.022342772506703170e+02 1.104230516549302592e+03 6.637442199907603424e+01 5.944879552669703138e+00 4.710907358108819949e+02 7.193731854923711353e+02 8.773082469577548181e+01 9.617229836301451229e+00 0.000000000000000000e+00 8.830008791836214641e+02 3.863024145167164392e+01 1.558769523348122448e+02 8.997139676725917923e+01 9.087059915765446476e+02 2.547834776298817938e-01 4.826861680083566739e+02 1.691597133921018292e+00 1.313496563357817877e+03 7.207248043034146576e+02 5.495087249336525481e+00 8.610135247729641605e+02 1.325164988786916922e+02 2.750411568388324568e-01
3.718346284547055802e+02 2.403564034141227239e+02 4.258595880425274345e+02 1.116840505013884233e+01 7.526533612610739965e+02 2.569287508083867806e+02 8.294072869708157825e+00 2.478999332299025582e+02 5.000490594174135026e+02 3.047981941317847827e+02 3.798307962791318459e+02 1.174232424207779069e+01 4.604590081908519892e+02 6.534054343140724086e+01 7.162587142106285398e+01 1.580420384677871368e+02 3.278987317673035591e+02 1.040176256340999316e+03 9.633029094058048258e+01 6.680557829488844579e-01 1.112467693313925992e+02 1.968260139060009184e+00 5.048609347663369107e+00 4.074409835985697441e+02 7.681820373436973171e+01 6.875198000009029586e-01 6.032279714662029164e+02 3.159146832836335079e+02 1.068499813716402741e+03 3.421260687770801923e+01 0.000000000000000000e+00 1.430030128286033687e+03 2.755320489082057520e+02 7.365726406337024628e+02 9.292920661102562008e+02 9.271511198780249288e+02 3.519473109493328700e+00
7.110658727435690274e-01 4.617968763064609448e+02 6.448922080312978267e+01 0.000000000000000000e+00 0.000000000000000000e+00 1.266219313246794442e+01 6.638964108104875095e+02 3.356572785016766147e+02 3.553128711528911481e+02 9.079465550446995437e+00 2.154477279747298724e+02 6.719011616870434409e+02 1.412340193841096834e+03 1.191095731732634022e+03 5.288382068674302872e+01 1.100165255616827153e+03 2.236116049475567138e+02 6.189278062717582998e+02 3.539977147440691141e+01 1.177833213462501135e+03 1.479766304742759644e+02 9.904578090477938304e+02 3.395787611107506905e+02 1.161306195694308599e+03 3.497138684115537330e+02 1.266024905385651209e+02 6.478239252397106895e+01 1.169118453549606556e+03 1.444429386412355854e+01 8.281687430548571172e+01 1.448624165364454257e+03 1.760698356922188346e+00 2.889068807838550583e+02 1.305169343219653655e+01 1.575457505768683859e+02 5.790253019544110202e+01 4.225351649248403305e+02
2.022155303060273184e+02 2.058931742869986259e+00 1.726182445498410378e-01 2.307680054686043150e+02 8.063897002024310723e+01 4.976196234374797882e+02 4.963468365820756389e+02 7.731374093077834964e+00 2.986283341548707071e+01 4.747813812323175284e+02 1.351198823078703981e+02 4.842150205193712509e+02 4.159213869743761620e+02 1.194245137032358571e+03 1.556337037933991269e+03 2.366136790651993671e+00 1.527981106590449826e+03 7.329114369767252128e+02 1.113162720549504911e+03 8.294425518094285508e+02 3.204282150423690041e+02 1.222451168128546897e+03 2.652983432145892380e+02 2.833696505853262124e+02 6.351335436952526834e+02 2.341148016025086918e+02 1.300994391078695571e+03 6.758345937104476286e-02 5.057182830777940126e+02 1.659770484559389160e+03 5.915337558354799796e+00 7.469956746816354780e+02 2.701319216245111647e+02 2.188715592025084220e+02 1.114706833178998522e+03 1.507518324171367340e+03 1.398203581575818362e+03
3.228851135072976319e+01 9.003927013518086824e+02 3.498560679380932470e+02 3.229885164065704544e+02 8.057578343471957396e+02 7.465490816593952417e+00 9.098094822687205578e+02 5.630577585090774164e+02 8.699611024160989246e+02 4.745127778726753149e+02 0.000000000000000000e+00 3.448876870063721753e+02 4.609044814255769893e+02 4.610726175595775089e+02 6.366929812887989328e+02 1.341689639300238879e+00 4.200642928044100586e+02 1.267181426866778565e+03 1.248792103701882979e+03 1.556062400944346109e+03 1.898036170738478523e+00 2.284855560880451435e+02 2.525760554024825808e+02 6.340341117340426536e+02 3.979680712615127050e+02 3.168915913442667716e+02 2.102233320300309060e+03 1.180502332908336257e+03 1.336073993633787040e+02 1.054398517006458320e+02 1.253453175264011406e+03 2.127910722936476873e+02 2.478363731548286353e+02 6.696099754049324702e+02 1.403656977086533061e+03 6.445665491734543195e+01 1.389772432707364942e+02
0.000000000000000000e+00 1.226092277359044601e+03 1.033363433158432656e+02 5.799490873143196268e+02 1.782528888740738182e+02 3.736360780274076774e+02 5.518497274260739260e+01 3.878706287811598372e+02 2.056443195997148052e+02 3.097986445044902553e+02 3.604377941520212971e+02 1.173505291607100389e+03 6.519410805977048540e+01 8.370785433026645705e+02 4.396450025705461506e+00 1.566644986962802705e+03 3.315828011830807753e+01 1.184305260581743141e+03 7.309554935162930178e+02 1.144352761079894343e+01 5.339294826619328660e+01 1.130367952094228713e+03 1.220779431644191391e+02 2.992753105290654858e+01 0.000000000000000000e+00 7.706239203830269844e+02 6.582909522024737043e+02 1.356828052047179654e+03 1.072416453456504314e+03 9.866748204158776403e+00 1.947854529921801259e+02 1.125882432996847456e+03 1.069089596570367576e+03 4.399848790407669412e+02 6.498648398895602440e+01 7.238780629274448302e+02 6.277083263582162509e+00
4.198154560239055400e+01 1.500548513125073441e+03 1.510271386311045294e+00 6.319256108356433970e+02 1.774237231009341542e+02 1.218126076427360402e+02 6.772977080315030207e+02 7.498301592383760408e+02 9.041948034640495280e+02 0.000000000000000000e+00 2.464346870813734824e+01 1.408826817955457045e+03 6.105712204025938945e+02 1.322506160924593246e+02 1.409509281980573860e+03 2.899964497903239362e+02 0.000000000000000000e+00 1.429102090236999857e+03 4.946430839342224317e+01 2.789209868802931425e+00 3.599076263293064244e+02 2.723027681076378030e+02 8.283669639774458915e+00 4.982853601851999201e+02 6.884024797695660425e+01 5.334488126342953365e+02 1.509999906506887783e+03 0.000000000000000000e+00 5.627782775454485318e+02 9.617896141554465927e+00 1.016911468932110211e+03 4.789150099586292981e+02 1.384237303254776862e+03 2.646990800220377338e+01 1.919458809805761916e+02 4.444119416399224178e+02 2.100949078497638993e+02
2.690794004574202631e+02 3.145329688685396263e+02 1.317033854814400684e+03 3.119691281534414884e+02 2.166877465155898719e+01 7.277056407829924183e+02 5.673082146430598414e+02 9.956811760588378775e+02 1.180539205620324879e+02 1.248792474464188729e+02 1.145696342301132972e+03 9.006070798113590570e+00 0.000000000000000000e+00 1.422374365992803869e+00 1.285738357662807402e+03 1.175829097725100155e+03 7.095418502582801921e+02 0.000000000000000000e+00 1.237435663314708563e+03 3.635936211442178774e+02 8.520535260993394786e+02 6.132758795503482361e+02 0.000000000000000000e+00 3.154813806060827801e+02 5.389299363069600304e+02 2.851506063424701551e+02 2.744045462623616345e+02 3.420852031303719514e+02 1.523974972560985179e+02 2.454780561982992282e+01 3.117602762815331374e+01 4.666032354984429844e+02 5.858562802940168623e+00 7.325302238317690353e+02 1.090401153919270882e+03 2.080626417468885450e+02 2.690746994075848608e+00
0.000000000000000000e+00 7.275670672584093381e+02 4.232232424406911377e+02 7.074734569630647911e+02 2.962391507806827029e+00 2.781833755113787953e-03 7.137723874553375936e+02 7.851159504909089870e-01 1.082766468409852356e+00 9.340941668750861737e+00 1.030463264894144459e+03 1.602354204275815164e+02 9.891922887085017635e+01 2.515590330157955634e+02 7.457537043239922525e+01 3.809969117246166093e+01 1.494969437247128496e+02 1.462602283733621334e+03 7.627824618818930276e+02 6.029867763839955614e+02 6.591274867304059626e+02 3.211778070018626750e+02 1.002524536788915732e+01 8.236724026413485262e+02 1.093925881699986576e+03 3.996315527108775996e+02 6.591389298511539891e+02 8.967474051085496001e+01 4.319830447056287994e+02 7.644974550298560700e+01 1.102160152867954366e+03 1.935053003756684320e-01 1.234540597541542638e+03 1.122561580236625787e+03 4.156791972508310096e+02 1.447509502767330332e+03 8.684763785944616075e+02
1.136479689338000981e+03 3.027149328313832322e-01 4.628059724372081973e+02 2.139818162436565103e+02 9.648147146627058746e+00 0.000000000000000000e+00 1.010585008501408311e+03 3.293275662272184263e+02 5.443140572059350006e+02 1.188058449183343583e+02 5.100248218775286659e+02 1.217369621319748148e+03 2.295910577248765776e+02 4.739506274032049049e+00 1.578062905219780987e+03 3.488327346534324391e+01 2.682045299136575522e+02 1.408611024484217751e+03 4.633323417451135384e+01 1.624639067510809980e+02 1.067608581202323876e+03 3.495759519046209221e+02 1.763605805835208571e+02 8.112266318506421214e+01 2.397269631558331671e-01 2.639588218251683429e+02 1.059020834721124174e+03 5.037736132378083198e+01 5.908382502610173788e+02 6.040982534473731391e+01 2.823555157026475513e+02 4.404690694846569841e+02 1.931024467447527684e+02 3.709426924891407396e+01 4.774677130822768678e-02 1.114210836760810707e+03 1.631590163414718830e+01
1.509042751718335182e+02 1.520449416516614471e+00 9.425732185773375704e+02 0.000000000000000000e+00 4.719295432664446821e+01 1.181969079427692122e+03 2.059730113992563929e+02 1.381414429558278925e+03 3.167744057484787845e+02 7.150817442495882849e-08 4.393561923632197619e+01 3.307706542883463499e+02 9.195771848525952237e+02 1.671255213064393956e+03 5.175418614930814565e-01 1.160722690674641626e+03 6.277337894115196804e+01 2.556794061481889102e+01 1.572468450967174476e+03 4.909533706876672454e+02 8.255346667229406421e+02 0.000000000000000000e+00 2.793291629511035126e+02 4.332284045184066485e+02 1.092502739097610345e+02 7.548351715138704954e+00 1.339686270810232998e+02 0.000000000000000000e+00 2.020231876941557516e+02 7.235180538273920092e+01 5.688579923901781967e+02 0.000000000000000000e+00 1.866362024766001468e+02 4.265766594692486535e+01 5.185935390131834311e+02 9.617399855489843219e+00 7.130989106495818532e+02
2.053311055159783791e+02 1.980090912687697013e+01 2.757450088376103849e+02 4.787313510493604873e+00 0.000000000000000000e+00 8.702924666830219849e+02 5.783747065879365437e+02 1.613880925531476862e+01 2.560621946325573006e+01 1.777069623830190537e+01 3.107539610950808395e+01 6.684912756144562991e+02 8.122266735005822511e+02 1.115244995850620398e+03 2.497553344783145590e+01 1.343056846383239190e+03 6.367400355297954775e+02 1.423190490379675566e+03 4.368860481424488285e+01 1.683904117465551167e+02 1.484782581447037160e+02 4.931139253000454801e+02 3.110701534634685128e+00 6.344765456619003317e+02 4.368465460660249278e+02 1.214195234111410400e+03 7.664260146080622462e+02 2.444577919267592563e+02 1.153041771267004151e+03 4.455972174762640847e+00 9.699047654523980100e+02 1.102836972654594092e+02 2.602948911952440767e+02 2.541535244046952755e+02 7.566662904142174284e+01 1.353159999543301240e+00 6.609376488257134952e+02
