output/example/lateral_incision_000097.asc
nrows	75
cellsize	13.33333333
xllcorner	0
ncols	75
yllcorner	0
NODATA_value	-9999
[rows 34 to 50 of 75, columns 0 to 36 of 75]
0.000000000000000000e+00 2.274005696928832663e+02 4.296881157313075050e+02 5.187217865756148285e+02 8.508790616647946559e-01 7.568819764220031630e+02 7.261642300578683944e+02 6.905744924783952854e+01 1.117419298824426050e+02 2.045870939105033131e+02 7.821328098519404648e+01 3.388750267639113645e+01 8.785732095654931300e+02 5.644929958275913151e+01 5.307733789844175376e-02 1.025519450348428336e+03 1.570961376801925491e+00 5.587412473220615539e+01 3.129709780742684302e+02 2.752672545889575417e+02 1.659762145756890845e+02 1.082733698270973036e+03 2.294682206882554567e+02 5.937033325058724813e+02 0.000000000000000000e+00 1.297860688763148005e+02 2.747521185704570712e+01 4.475166222640822298e+02 7.539416712325696324e+01 1.495637993836288160e+03 0.000000000000000000e+00 8.139988259000199733e+00 1.259588274441813155e+03 1.002324418160825871e+03 1.202552588243048831e+03 2.424280781089827919e+00 4.538743712524090368e-01
0.000000000000000000e+00 4.347915007894666672e+01 4.670116201105741283e+01 1.980673167984286920e+01 5.418502175672584826e+02 1.769745499622490115e+03 1.458971685978224059e+03 2.517638007161747282e+02 7.407649705919246799e+02 7.321224315128608851e+02 7.124297960844771751e+02 1.132456713507055383e+03 2.412593386786670902e+00 1.861608296464568824e+01 2.578495665487883457e+02 1.760348058322112941e+00 6.009554301088454231e+00 1.649331765982747982e+02 1.024818008819811894e+03 8.683291153501851340e+02 1.772046203560315059e+00 4.767654387050812375e+02 1.426095182244859245e+02 1.300635830193671609e+03 1.543825868476175629e+03 1.818532362381644418e+02 7.008872388823442634e+02 1.184477163731236033e+03 1.760706046765868678e+02 1.093636102506200558e+02 2.234348062364959753e-01 8.009458243235195596e+02 1.820415621230073612e+03 1.327887117479805056e+03 4.183572196413354760e+00 4.367462576452203393e+01 9.423160876010650782e+02
0.000000000000000000e+00 1.584273490549435337e+02 5.999439048709077724e+02 1.478500611845644016e+03 3.331465696481935623e+01 5.530145328648128356e+00 7.108151369104185768e+00 1.338879497801822481e+03 1.488123282996636590e+03 6.371329651064659174e+02 4.613714989042404682e+02 0.000000000000000000e+00 1.424697003007868716e+03 7.320865026108082247e+02 1.607113398598773557e+01 4.459501378950703199e+00 1.911098201714630207e+01 6.300021943353974621e+02 0.000000000000000000e+00 7.818169467755012647e+02 2.309038789604286421e+02 0.000000000000000000e+00 3.197433637201941847e-01 0.000000000000000000e+00 3.146079597721416690e+02 1.084308295364093738e+03 3.411271633821052092e+02 1.287911971721383111e+02 8.414291122922089983e+01 9.068486021751566568e+02 7.520396623597509915e+02 7.941327120621495794e+01 1.265598460041569524e+03 4.352282181432274855e-01 1.401781857976055107e+03 7.965778201670859460e+01 3.384879653223967466e+02
0.000000000000000000e+00 4.843152620262574146e+02 2.823914325937512899e+02 4.684645817540959456e+01 4.470507511084510952e+02 4.775077787253261263e+00 1.294602635091758430e+03 1.359984340463765129e+01 7.181639717596781338e+02 2.661672627634017658e+02 1.017217579791488106e+03 6.860329332992592981e+02 2.320868967625640096e+02 5.912091272701459899e-02 1.356015273791624266e-02 5.064552504961839929e+01 2.289387862543075300e+02 4.607768981399197514e+02 1.557161868042441938e+03 9.135125877345336154e-02 8.700643751265229184e+02 6.450331119661460377e+01 5.989505696551093479e+02 6.237910926631688824e+01 1.957517224523830066e+02 1.052695025376175863e+03 3.019178756601451141e+02 6.776582343857231763e+02 1.102384772441619816e+03 7.614405181424899638e+02 8.367055039695604819e+02 1.556586316015796001e+03 4.517130381470431999e+00 1.619173352946616262e+01 2.882923123698749812e+00 1.404159159279747655e+03 7.623293267244986282e+01
0.000000000000000000e+00 5.477487118289376440e+02 9.609392150241782247e+02 2.899008664603227037e-01 4.572700573098549270e-01 1.569364786473843587e+01 1.661784548300243216e+02 3.257906191515658634e+02 6.481629664329341400e-02 7.748687720164573633e+00 3.679113180547613382e+01 2.418398819976776224e+02 1.940850420530709286e+01 0.000000000000000000e+00 1.068833147438187625e-04 5.412343534237847962e+02 8.344800394539242916e+02 1.054473440773717563e+01 6.513240074968746285e+02 0.000000000000000000e+00 1.109480657008894241e+03 0.000000000000000000e+00 3.646249851221456311e+02 4.761480639726953541e+02 9.118102267822230260e+02 5.405546764625045242e+00 1.873623916706311547e+02 0.000000000000000000e+00 1.423584922970779303e+02 1.097908345963016563e+00 5.569396054308415955e+01 5.875961766983967749e+01 8.369803849328187084e+01 1.525684864431864526e+03 7.868140867613969931e+02 1.045673837056479094e+01 1.513655045316435917e+03
0.000000000000000000e+00 1.592961986488647426e+03 4.035665397942772188e+02 6.146477396734859440e+02 4.179715804749266350e-02 0.000000000000000000e+00 0.000000000000000000e+00 5.559624761960914263e+00 2.677795436723971737e-06 0.000000000000000000e+00 2.050613186635818863e+02 3.493837469131097464e+02 1.498210651073818781e+03 1.620746352304027482e+02 2.691871859630536505e+02 2.749023335068694109e+02 1.063540846771591987e+03 7.646376543129247239e+02 1.402664011788296534e+02 1.155043305008323387e+03 8.387272527814118348e+02 0.000000000000000000e+00 1.433098958362752917e+00 0.000000000000000000e+00 4.673671542822796141e+02 2.371649258271127678e+02 3.054988387451429617e+02 6.735735274358084501e-01 8.992086302548764252e+02 2.617692526467405969e+02 6.823974354583299373e+01 5.646842605936884638e+02 2.941600150052565144e-01 5.891121933622415554e+02 6.206078578586841559e+02 1.411835327297791309e+02 3.106539893972098909e+01
0.000000000000000000e+00 2.637525306610929761e+02 4.417328578782758655e+02 9.963553848711623573e+01 2.335324791193728089e+01 1.857571343556358201e+01 2.005894158405383682e-03 2.489479767233764539e-03 0.000000000000000000e+00 0.000000000000000000e+00 4.748028246853044720e+02 1.343514928382555354e+03 1.579210910768462095e-01 1.863987777833251300e+02 1.976340470188025051e+02 1.234065817666024998e+02 0.000000000000000000e+00 1.892545130971784886e+02 3.733069751770447198e+01 1.647617935097862983e+03 0.000000000000000000e+00 3.957808806830624349e+01 6.450470962917407860e+02 5.842024550961147611e+01 1.119230410843108302e+03 3.408011902605603041e+02 2.634925242015687985e+01 1.763951108870908797e+02 1.390776531623051593e+00 7.619076443107544492e+02 3.566381259017047389e-01 2.253973860423348796e+01 8.875016873340803158e+02 1.251395602394603799e+02 4.097679952009746103e+02 0.000000000000000000e+00 5.194042878519314144e+01
0.000000000000000000e+00 1.649074631406492244e+03 8.261506491770317098e+02 1.387148699243575265e+03 2.896465191709352212e+02 2.426644634482944429e+00 1.676958743886356373e+01 1.252521951022917968e-01 3.345097290596198150e+02 2.385012082082585323e+02 6.956052102470240470e+02 1.447941043375931827e+02 2.324849059321794442e+01 0.000000000000000000e+00 2.236403499470555278e+00 2.241996109712176890e-06 2.087613995166339009e+02 5.894899463415126775e+02 6.496917772515323009e+01 1.024739121883959115e+03 1.218597549335929443e+03 4.811083657989963847e+00 5.197261908746128967e+01 2.441640008540243798e+02 2.698505891971457871e+01 3.315247047385032602e+02 2.496361832165027383e+00 1.290891352185697770e+03 3.508180334221019381e-01 1.243938339811611371e+02 1.283783647563987643e+03 0.000000000000000000e+00 4.934957498875124884e+02 1.134541221364659123e+03 6.367523763949265003e+00 9.817488063721615390e+02 1.084877269499183967e+03
0.000000000000000000e+00 0.000000000000000000e+00 5.750046490989519725e+02 1.817980145914101797e+02 2.607189507088962728e+02 4.637172011045286126e+02 5.809189565420975896e+02 3.127878848753708212e+02 5.431104548688613249e+02 7.895521875437452763e+02 1.082170867428871361e+03 2.978830149775229756e+02 8.812482657459082702e+02 4.190056438536443011e+02 5.329476396999375254e+01 0.000000000000000000e+00 1.090533100251058585e+02 8.807779049556255586e+02 2.744962651138894216e+02 0.000000000000000000e+00 2.018545206781739125e+02 2.247215504313230099e+02 9.658399631868425104e+02 1.575851251924451617e+03 8.621857901076209600e+02 1.088556361494169122e+00 3.983836583055697100e-01 1.269843593993975475e+02 1.561557242526726554e+02 1.268493136316182834e+01 5.431778028106082274e+02 6.914569755168774918e+02 3.335476690875112240e+02 6.004165951067561764e+02 2.462527779110005497e+02 2.823811315386077325e+00 1.147662263021284389e+03
0.000000000000000000e+00 5.831114568923408115e+02 1.191000409106991675e+00 0.000000000000000000e+00 5.952889619244532469e+02 8.638499271375255972e+00 2.089247033974461090e+02 4.454233680574768641e+02 0.000000000000000000e+00 5.503620448047200853e+02 2.286133200254298288e+02 1.360422896777608344e+02 4.916567620179110421e+00 0.000000000000000000e+00 2.141526476631156584e+02 0.000000000000000000e+00 2.574091769000987711e+02 0.000000000000000000e+00 1.567276977783107270e+02 4.101128969801987978e+01 0.000000000000000000e+00 1.084775356584706287e+03 1.060422123001503223e+03 8.830818552849596017e+02 2.948423422874183757e+02 6.614108050932216543e+01 4.113432770139877448e+02 1.532845165309913966e+02 2.475114030392928157e+02 1.257040386807697587e+03 2.839263930257382285e+01 1.363682120903407395e+03 7.234060795845930443e+02 9.810892649611589604e+02 1.888395552824869128e+03 3.938039228908929772e+02 0.000000000000000000e+00
0.000000000000000000e+00 5.694980051681133091e+02 1.494308305643276981e+03 2.610149953113620214e+01 5.062888729657387330e+02 2.198109859381619913e+02 1.064583667126268665e+03 1.103427471148097993e+03 5.337183326009595419e+01 1.742283337528378524e+03 7.387608475191489106e+02 3.362339718919589160e+01 8.603943304033056165e+02 3.368487925058747692e+02 4.516792681092486532e+02 2.477418580778689829e+02 4.953224410237849042e+02 1.034263818342713876e+03 5.570285021198703029e-02 3.908947141055609222e+02 3.134035701511802472e+02 3.100754433187534480e-07 4.551992396337816871e+01 5.837598222871069993e+02 7.601238419341598274e+01 6.156817270969123790e-01 1.556500142470097501e+02 4.364574104161326886e+02 8.054916697109913457e+02 6.482701945397509462e+02 1.772038643819815320e+02 1.639440963646567070e+03 3.611253860906487603e+02 2.098145343678351935e+02 0.000000000000000000e+00 4.795763202897851443e+02 1.186278886538929783e+03
0.000000000000000000e+00 3.878158162598421388e+00 0.000000000000000000e+00 0.000000000000000000e+00 0.000000000000000000e+00 0.000000000000000000e+00 0.000000000000000000e+00 0.000000000000000000e+00 0.000000000000000000e+00 0.000000000000000000e+00 0.000000000000000000e+00 3.377368682020961614e+02 3.198640104997161302e+02 1.140243989032534046e+03 9.669715553689384535e+01 3.795246441401077959e+02 2.056799971069794992e+02 2.686480695620661550e+02 2.817280286157898828e-01 0.000000000000000000e+00 2.771706388383794888e+02 5.407292488740289400e+02 4.679966881207155893e+01 0.000000000000000000e+00 9.017672942016704383e+02 1.099202314912253797e+02 5.268244644371199001e+02 4.791661009886843203e+01 0.000000000000000000e+00 5.504831787922444164e+02 5.868266169623333361e+00 1.138670152929046253e+03 2.083136614429641895e+02 1.627653045612615479e+00 5.291671710288688928e+02 3.262449555887931751e+01 6.997414040857718192e+02
0.000000000000000000e+00 9.889460003631022289e+01 0.000000000000000000e+00 0.000000000000000000e+00 0.000000000000000000e+00 0.000000000000000000e+00 0.000000000000000000e+00 0.000000000000000000e+00 0.000000000000000000e+00 0.000000000000000000e+00 0.000000000000000000e+00 0.000000000000000000e+00 0.000000000000000000e+00 0.000000000000000000e+00 0.000000000000000000e+00 0.000000000000000000e+00 0.000000000000000000e+00 0.000000000000000000e+00 4.109200118386002600e+02 8.181324579823499477e+00 0.000000000000000000e+00 5.543671123846891078e+02 5.232367380367146659e+00 4.220767594308484263e+02 1.851052648898384518e+02 5.158897389271514555e+01 9.960423969143311069e+02 5.046199687625168906e+01 6.851469992868718464e+02 4.645627615406762345e+01 3.737603376140820188e+01 5.255552905500103407e+02 8.573094896659710002e+02 8.923655802658694256e+02 2.200598084999069926e+01 4.772041024136451881e+01 3.658984748160645495e+01
0.000000000000000000e+00 3.805663115124858109e+02 5.309706741294122594e+02 1.009921726075493439e+03 1.683640110575134486e+03 9.037128363270238651e+01 1.649625108540561314e+03 1.528652751698287952e-02 1.263453649026551375e+03 5.607563588146227573e+01 3.818032148276680573e+02 4.771468497948034404e+00 0.000000000000000000e+00 1.222937476723923510e+03 0.000000000000000000e+00 0.000000000000000000e+00 0.000000000000000000e+00 4.723842442849797294e+02 0.000000000000000000e+00 5.519114282921440235e+02 0.000000000000000000e+00 1.111520937472580727e+03 5.808062412665190095e+02 9.522207837233335113e+02 6.458800309509451836e+02 9.624784305908466564e+00 6.258799874385455375e+00 5.750077100458134538e+01 3.007648386273070074e+00 1.634228378747193489e+01 5.472629006557392586e+02 1.492885233449690929e+01 1.038310725062492793e+03 5.653885357685862800e+02 4.271817051794147346e+02 2.418033824916981871e+02 5.962885943672205258e+02
0.000000000000000000e+00 1.227736116489282239e+02 9.636526375966666391e-01 5.544243683021697962e+02 0.000000000000000000e+00 5.151269496917949482e+02 1.280721786422757077e+03 0.000000000000000000e+00 1.305052225291302420e+03 0.000000000000000000e+00 2.291969748231427104e+02 9.112654749588200502e+02 1.107630486277409773e+03 7.733587551424963083e-03 1.091454359353605923e+03 3.774263147429525134e+02 7.496335855818856544e+02 1.131186965112831484e-04 1.005933941485927335e+03 5.816011546181597547e-01 6.057044595197312586e-02 0.000000000000000000e+00 8.583320861770907251e-02 0.000000000000000000e+00 4.985444271606279187e+01 8.873447971201709379e+02 3.012253986574519899e+02 6.743821199907296204e+02 1.745112645054969960e+02 9.720018772975274146e+01 8.859035097899126185e+02 1.475936852231121065e+03 2.107423270437705387e+00 1.055544533931978549e+03 1.034969808054280078e-02 7.149930218179328278e+01 0.000000000000000000e+00
0.000000000000000000e+00 4.989214005198005283e-04 4.371594222229365639e-02 6.135841050045138800e-01 0.000000000000000000e+00 1.060014883351502419e+02 1.636250916567851391e+03 0.000000000000000000e+00 7.677834095101608227e+02 0.000000000000000000e+00 2.710606372521855292e+02 7.937470119071106183e+02 1.843480119108086228e+02 1.427599042576124248e+03 0.000000000000000000e+00 4.724728752140009647e+01 1.627795298004879987e+00 9.745268617700616005e+02 1.254185824997196505e+03 1.053390449178166818e+03 1.037689457484549393e+02 3.881066725498054666e+02 3.535496658466815347e+02 1.029553041316579993e+03 0.000000000000000000e+00 9.582996331545984958e+02 0.000000000000000000e+00 1.651282370098441561e+03 2.591879527053201926e+01 7.214583406728604587e+01 0.000000000000000000e+00 2.034678122536093952e+02 3.113861176724392887e-01 3.120468205373184674e+02 1.405811766172762702e+02 0.000000000000000000e+00 1.037677132128866788e+03
0.000000000000000000e+00 6.329056457331274714e+02 4.877838747387081071e+02 1.384011067462178971e+03 0.000000000000000000e+00 6.460174568202181611e-01 3.008553473545896395e+02 5.826526448492122654e+02 3.828942712195480880e+01 1.150208708972905924e+03 1.966899891332380150e+02 1.451061817396337801e+03 8.890952801646758719e-01 6.695975208982475806e+02 1.224909103375268700e+02 3.169807597908589401e+02 2.577055462945122244e+01 1.565068613691180644e+03 1.068471624762257079e+03 0.000000000000000000e+00 8.578405070545568334e-01 6.878376460621842625e+02 2.426627335022749605e+02 2.083117827224816097e+02 1.670206886359503187e+03 1.280183159926424341e-01 6.976449717822015373e+02 1.550188820096721348e-02 2.182589353135749093e+02 0.000000000000000000e+00 1.067319776439863517e+03 2.682971379724972962e+02 1.175719093601999930e+03 2.337528469699199150e+02 4.087785080486551124e+02 4.315150040979593768e+02 7.246663513577893809e+02
