output/example/lateral_incision_000257.asc
nrows	75
cellsize	13.33333333
xllcorner	0
ncols	75
yllcorner	0
NODATA_value	-9999
[rows 51 to 67 of 75, columns 37 to 73 of 75]
1.667001278714587329e+02 0.000000000000000000e+00 1.235394662540998524e+03 6.306953032054282176e+02 1.818095953729137193e+02 8.453152245486537595e+02 1.511404899851218886e+02 1.905631830127271655e+02 2.665035709680324771e+02 6.514321864803500617e+00 0.000000000000000000e+00 1.368007564337214490e+03 2.399738557430156106e+03 4.527758981238968694e+00 4.037602249359522943e+02 7.543179765484809707e+01 4.054399075235924101e+02 1.769497005567762642e+02 0.000000000000000000e+00 3.296547738948533635e+01 7.738543706949083116e+02 8.695827001144269275e+01 4.835704585492875651e+01 7.925640996068132438e+00 2.146783968666229327e+02 3.547499682721016825e+02 6.940313317644578817e+00 1.341680668245513743e+03 5.953623386007488989e+02 0.000000000000000000e+00 0.000000000000000000e+00 5.030322845582309021e-01 4.270088189072794194e+00 1.442323348918356203e+02 1.443400469093274978e+02 2.131408490876345638e+02 9.426926241350358282e+01
0.000000000000000000e+00 8.526323873781888096e+02 6.156155498012013823e+02 1.477655673416164291e+03 1.605472362994117020e+03 3.723932830125151554e+02 2.942576103369066800e+02 4.065207224307956224e-01 0.000000000000000000e+00 1.115518797371590267e+02 4.322618954359676309e+02 8.742981260299651467e+02 8.649602897554367473e+02 4.916453321703349388e+02 5.235378567433435819e+02 1.662569933475355981e+02 3.356040581688387903e+01 4.299127621131486308e+02 2.211961965841738618e+02 5.676779041572750373e+00 1.030877387877550344e+00 4.309102905665495200e+02 9.411760845496396541e+02 7.917148857262080810e+02 4.057777246998971776e+01 1.240402317904416122e+03 1.829855839964696088e+03 1.736277908123336378e+00 8.558440989986146405e+02 0.000000000000000000e+00 4.852734506117234332e+02 1.464878253432884847e+01 1.258993493766465235e+03 2.933862872960326627e+02 7.879941853360296591e+02 4.379142446648658620e+02 5.311175931826570462e+01
3.290132327918629471e+02 3.966447896548477736e+00 4.280855042970078905e+00 3.604368350255589348e+02 0.000000000000000000e+00 4.730114804295969255e-02 0.000000000000000000e+00 1.076894222064478072e+03 6.371003170903057935e+02 1.236695853989945590e+03 2.658943604554740769e+00 8.818186384885810867e+02 2.042840505442788753e+03 5.016560289709158837e+02 6.541098143490168013e+02 8.414331854632049499e+02 6.065696109327697059e+02 1.125836016816460585e+02 5.187001513591208095e+02 2.924292600488413427e+02 2.736906928098413516e+00 8.671656377264314415e+02 9.279394692228012218e+02 3.361330286308072459e+02 1.044057449940675497e+03 1.262271354221289332e+00 7.828673704004220326e+02 3.547575364725498304e+01 2.009178466272983883e+02 1.826609861904623813e+02 7.187141319409410016e+02 3.525472085108279918e-01 1.209162391142828028e+02 3.252524432094568851e+02 1.045173962966519639e+03 5.723338272297426101e+02 7.119891229162922173e+02
6.479584302632883919e+01 1.379675733195912699e+03 1.206225281592883221e+03 0.000000000000000000e+00 1.409358580877094255e+03 9.391855459303343423e+02 1.222354235414457889e+03 2.508403563898803839e+02 5.191069455840626290e+00 6.880794779558169694e+02 1.199583812710546908e+02 7.531181336335978926e+01 1.178618001154105059e+03 2.075264789167249546e+03 9.556884902555151484e+01 1.154930736253783607e+03 1.145848761758079036e+03 3.533374574670149855e+02 0.000000000000000000e+00 2.407603272244965353e+02 4.527294386935489001e+02 4.392143434015771390e+02 1.553477638907958180e+02 7.042194310330181679e+02 1.866840350945815771e+03 1.423914953890611059e+03 6.191899764941542372e+00 0.000000000000000000e+00 7.463275678317212396e+02 2.960595720774938400e+02 5.465798249555971466e+01 1.974205073115986409e+02 1.322111570993358214e+02 9.251935040958303489e+02 0.000000000000000000e+00 1.302039654109312778e+03 2.023416626770158700e+03
2.857991018086661938e+02 6.255968016428321476e+01 0.000000000000000000e+00 1.568193336845129409e+02 2.809573948947314079e+02 4.869413887327737029e+02 3.805794422368482799e+01 1.188999544006724474e+00 5.999049908565963278e+02 3.965815900645512215e+01 1.683977562110879376e+02 9.292217912682903034e+02 3.091338817632437141e+01 1.514841470089646691e+03 0.000000000000000000e+00 1.321213657665365986e+02 4.225722178816389487e+02 0.000000000000000000e+00 5.012554149672977521e-01 3.863821323962038701e+00 6.901371119511775021e+01 4.420536883921014351e+02 3.460323421462953206e+02 1.675003990726684719e+02 1.704925025031781161e+03 2.159211609191803216e+00 3.072932849176031027e+02 0.000000000000000000e+00 3.680086394645136760e+00 1.530863548522807926e+00 5.049355096284534739e+02 1.322361381797431363e+02 2.613901966507741577e+02 9.955723645808471929e+02 1.077975681975354973e+03 1.135462660689124448e+02 8.430001725742386043e+02
8.562270740676469813e+02 1.965662810465086920e+02 7.882967811556866877e+00 1.277763900064395102e+03 7.712926012789286005e+02 8.256782662392317889e+02 2.681877828870943503e+00 7.453717887485149731e+02 0.000000000000000000e+00 2.962650646248821218e+01 3.402288536369448479e+02 2.172440987547562145e+03 1.665189797707932939e+03 1.736593897833419646e+02 1.043886315103097786e+03 5.666420300623802859e+02 1.864758204780581536e+02 1.517909512592318379e+03 3.491309771764044445e+00 5.776606838240878687e+02 5.750417619459981324e+02 7.012230645794045358e+02 5.874195323510013722e+00 1.154187469870460973e+03 4.173884517844572315e+02 6.378967113092445240e-01 1.382648462925606964e+03 1.665291323267215660e+02 8.095487618016217084e+02 6.545275584051547924e+01 6.726869190803287211e+02 2.996097316778315900e+01 7.430620469976846110e+00 4.490734639423644694e+02 1.136794583224711232e+03 0.000000000000000000e+00 1.255748463239731478e+02
4.413915325626222739e+02 4.462772236978788101e+02 1.821083624288455667e+02 2.381259443742750337e-01 1.294399042161684065e+03 7.206062145077455625e+02 1.922731299318217566e+02 1.157234002145074328e+03 4.015516720108998783e+01 4.464050211442450404e+02 1.317057950575948553e+03 1.298971722344904549e+02 0.000000000000000000e+00 0.000000000000000000e+00 0.000000000000000000e+00 1.159427610145652125e+03 6.321634922857302854e+02 2.804641311482792432e+01 5.237896085057031996e+02 1.781886251509108288e-01 9.874996535333003749e+02 0.000000000000000000e+00 8.988415004461381841e+02 9.279428299352017575e+02 5.433136546646506986e+02 2.072283062739296078e+00 9.191783110244066393e+02 1.225699784677555499e+03 6.910934718492459439e+00 0.000000000000000000e+00 1.168487994081874149e+03 1.234031240059622633e+03 1.475359639114571564e+03 3.386628780259171378e+01 5.958602077478435604e+02 2.178159530200100136e+01 2.001316044414525948e+02
1.156435529984231152e+03 1.469294940090798889e+02 1.393682914854231740e+03 0.000000000000000000e+00 2.426361795122039666e+02 1.179115682099099558e+03 5.389463069906588544e+02 1.903735712685939063e+02 8.568113865117551597e+01 4.609549541918910904e+02 3.419882483658249726e+02 5.671965822471167940e+02 1.036566683382603742e+03 5.168082382116149631e+01 1.303513362603256837e+03 0.000000000000000000e+00 3.940901406438288035e+01 0.000000000000000000e+00 5.790113805603011032e-01 1.007115645568004084e+03 2.365266500293648377e+00 1.808668570394550557e+02 1.134994971078657045e+03 0.000000000000000000e+00 9.492303677750581983e+02 4.914922836008807394e+02 4.464898092993304601e+01 1.275213550207111666e+03 3.209773743425380985e+02 5.372575296474064999e+02 2.538461216581609960e+02 7.652403858984590101e+01 4.071053305764612418e+01 2.317577138589159063e+02 3.193201084055261041e-02 1.007882376030284490e+03 1.017805260897577169e+00
2.000090104536594708e+02 1.413756670133455373e+03 0.000000000000000000e+00 1.631381162617077507e+02 1.684855816001377704e+01 5.419577461701349108e+01 4.980970660273934527e+02 0.000000000000000000e+00 2.580975627960857537e+02 3.584542757460887685e+01 1.055047012234129625e+03 5.527480429276258747e+02 1.143348263374502523e+02 9.961179066932182877e+02 3.032021189245687083e+02 1.461855009916737799e+03 1.014209297354753403e+03 1.800123640391948356e+02 2.679013029953166702e-01 9.787869957089868649e+02 1.444964578527813615e+02 1.058159026292122773e+00 5.495209364170107165e+02 1.671920717340332430e+03 4.157610640604383789e+00 0.000000000000000000e+00 2.655498202275093078e+01 7.259462380185236725e+02 4.391086502926528965e+02 5.328061474322086042e+02 3.598001726706099817e+02 0.000000000000000000e+00 1.739317194986428561e+00 1.766763898598550213e+02 0.000000000000000000e+00 1.119164331348460564e+03 7.009309126332270434e-01
1.487340909262313271e-01 4.951278191042975863e+01 7.659838786260141319e+01 1.030692452748099583e+02 4.721813599432894648e+01 5.426585091252772486e+01 9.941268753253579504e+00 1.077506852585933075e+03 2.727637552940755086e+02 1.563484278529766591e+01 4.627482812233932918e+01 1.066291122265197941e+02 1.459156935571690781e+02 8.848816788736263561e+02 1.342770315109271223e+03 5.223658091374923096e-01 3.071980887293575506e+02 5.375657317217404625e+02 7.184753063570283871e+01 4.757464681950787053e+02 2.097985142352376897e+02 1.175691307193765397e+03 1.582262233361011283e+01 2.748308630577986733e+01 2.862726501124064953e+02 1.146889782312934358e+03 2.919196686236009555e+02 1.393259546555409756e+01 7.021679832834364365e-01 1.476749714697411491e+03 0.000000000000000000e+00 1.148128309430839181e+03 1.485472732438229741e+03 7.823215611564359051e+02 1.565917511617958098e+03 1.195266655296219596e+03 1.758819331591591251e+01
1.375186386230538574e+03 9.784591501360549159e+01 2.076319106673346084e+02 1.111090659532245809e+03 1.680528523897493542e+01 1.441718767269801219e+03 0.000000000000000000e+00 4.894148854655276182e+02 1.121633942070901412e+03 5.753991226525351443e+00 7.880507497876408252e+02 2.833083423635109170e+02 5.804782852384256557e+02 0.000000000000000000e+00 1.133412420791354180e+03 5.207491141893698341e+02 2.651643521927900954e-02 5.824744008181235166e-01 2.995306943376541540e+02 1.621944118860818890e+03 6.238094812283521833e+02 2.119826953011438420e+00 1.151136579517215068e+03 2.017023531974244577e+02 4.737088231561315297e+02 4.183789341068436443e+02 2.237981816669669755e+01 0.000000000000000000e+00 1.537389735419645149e+03 1.274804722973898130e+00 9.504147632814745066e+02 8.876937162351936195e+02 1.383320021188201565e+02 6.473421568541430133e+02 1.183203007112146679e+03 4.735821675873086178e+02 3.697633220837709955e-01
4.887240319936370270e+02 4.324272402373758268e+02 1.611961888554982281e+01 7.958231879149399219e+02 1.905328947378536614e-02 9.837155594385470749e+02 4.831426997245607140e+02 0.000000000000000000e+00 3.835736224523675020e+00 3.189561565131448333e+02 3.950352066158458797e+02 3.832702398095021863e+02 4.960900237451419947e+00 8.015411761075063168e+02 1.069933891666003802e+02 4.745457322358832641e+01 6.360468506405601374e+02 6.965860075264777151e+01 4.867726134847774944e+01 4.794102081959402994e+02 3.667195004486656806e+00 1.633141083245627669e+02 1.320466817756389673e+03 0.000000000000000000e+00 8.112508234640732780e+02 6.520981565172897945e+02 0.000000000000000000e+00 7.105109970260465957e+01 3.366203570914893248e+02 0.000000000000000000e+00 6.655653835744079743e+02 2.438221913765790134e+02 1.205027423097317069e+03 2.562269822594439574e+02 9.069032696569647101e+01 7.683964265461658272e+01 2.351248711209730970e+02
8.695044131684277033e+01 1.251577803859604217e+02 6.057601379219009914e+02 0.000000000000000000e+00 3.743493974728752960e+02 0.000000000000000000e+00 0.000000000000000000e+00 1.254749629686917615e+03 1.913154251770640997e+02 2.020861430730926145e+02 3.025439915583053221e+02 7.890382297736862505e+00 1.049650025179893298e+01 1.066313774629256557e+02 8.441529070089139850e+02 1.182832704431900694e+00 4.250981350137137724e+02 5.523115333496431276e+02 8.280462998463802933e+02 2.479523411191738091e+01 1.337250907750854367e+03 1.008242367726160069e+03 8.236964679804618754e+02 7.541779368096364067e+01 6.025386403520170688e+02 9.343558504702218670e+01 0.000000000000000000e+00 1.227356602989264616e+02 3.598511333250556277e+01 3.485124505118450884e+02 4.933988060920962759e+00 0.000000000000000000e+00 2.473642874287303249e-08 1.512917475273436366e+03 1.392251625146836886e+02 4.464060783436515294e+02 1.259223695048443119e+02
2.174846543026990275e+02 7.028792858832440515e+02 1.569566211798076427e+00 4.908042889299490525e+02 1.197363159345223266e+03 0.000000000000000000e+00 0.000000000000000000e+00 3.006948667896798497e+02 1.683037631154270912e+03 1.309443441160709654e+02 2.875246227869075710e+02 7.826100030613237095e+02 1.425091770532908640e+03 1.977347746368988339e+02 6.249589076540158494e+00 1.716281616850947103e+02 5.769452488018210943e+02 9.019851536274236992e+01 9.117615001856029266e+02 8.431871051333058631e+01 1.517225699470094241e+03 3.110871156937456021e+02 7.769756608992800011e+02 6.061336513313912633e+01 6.697757768955793836e+02 2.052969600708781286e+02 9.130739660208167841e-08 1.275574075319660636e+02 1.985273808816327346e+03 1.495615643272513125e+03 9.531934594790447690e+00 0.000000000000000000e+00 1.578320342332858445e+03 0.000000000000000000e+00 5.160721395634802775e+02 0.000000000000000000e+00 4.648983374028042022e+02
1.908120841570550752e+01 1.761701204729193648e+02 3.773113447633710393e+02 0.000000000000000000e+00 4.484448001960070762e+00 5.137675699655362678e+02 8.815452757090389113e+00 7.456350926008616042e+00 9.257462696918037182e+02 1.155057195681427174e+03 2.363588657289562605e+02 4.505150927563230425e+02 4.483009661508961585e+02 2.812183785810933045e+02 4.427685537339969528e+02 1.838227170934067374e+02 0.000000000000000000e+00 1.940488869422557059e+02 9.860468331955842132e+02 1.832953215862619913e+02 3.655261333816065417e+02 6.019737790501217489e+00 5.306223038390994589e+02 2.354055592912560968e+01 4.125646471880676245e+02 1.201247215629779930e+03 2.952182102785455413e+02 3.342507386629849861e+02 4.523307565204650018e+02 2.584653985553110545e+00 9.177111604043273019e+02 8.154078676657546794e+02 1.356880998494969845e+03 1.885408702680580750e-01 5.594746188526443120e+02 2.010399964252666294e+01 5.760643878305667442e+01
4.274561739316273812e-01 5.845677574679381650e+01 1.119268154750868462e+03 8.608929582187890901e+02 9.536746391856395014e-03 9.411956880534784464e-02 1.261642856388131804e+03 1.195961189390851814e+03 1.204905251767508467e+01 1.148135881657787877e+03 7.638498738161385404e+01 1.268660300733011809e+03 3.970052081251814684e+02 1.624235801987014156e+02 2.982031120012694032e+02 9.715250432585645513e+02 1.344786302270920109e+00 1.367659611472427983e+01 5.926552704996033754e+02 1.498480541432896729e+01 8.924550025308923296e+02 2.902858127985240912e+02 0.000000000000000000e+00 3.854730060239932072e+02 1.231749418559465875e-01 8.536116971836835887e+01 1.002145402500499813e+03 5.412840433823301964e+02 1.475824578187912834e+02 2.108277613485484494e+02 0.000000000000000000e+00 4.084773533671224754e+02 7.040457154979995948e+02 6.121804725448208728e+02 1.108854477890221460e+03 2.441269386719023373e+02 3.402814460155265692e+02
1.895220657530163919e+02 3.341615452421166310e+02 4.383594915598479247e+02 1.969313898317991973e-01 5.563546407885098688e+02 9.381451884940553154e-02 1.107322887951403523e+01 9.888286344686208622e+02 6.708670948192371419e+00 2.635358978441292854e-01 2.546181490587249741e+00 7.171277480975347451e+00 1.759708045023645013e+02 5.145827660156525241e+01 2.413536401763449248e+02 3.694798399354201592e+02 1.478018367678623690e+02 0.000000000000000000e+00 7.701638062782525367e+02 6.889288174247523102e+02 0.000000000000000000e+00 1.167409843957986970e+00 1.261181802091751969e+01 2.155702372292803659e+02 4.590826855559569140e+02 9.218983845197470828e+02 3.737571799883132826e+02 1.041107092916833743e+01 2.906759592663162266e+02 2.124335580163608483e+02 1.572385119254283836e+03 2.090430780885712547e+00 1.097927704559851236e+03 4.362722803074204876e+02 3.094651589961496256e+02 1.671680721063757957e+01 5.708500862785643903e+02
