output/example/lateral_incision_000342.asc
nrows	75
cellsize	13.33333333
xllcorner	0
ncols	75
yllcorner	0
NODATA_value	-9999
[rows 0 to 16 of 75, columns 37 to 73 of 75]
2.730880095320796741e+01 0.000000000000000000e+00 4.020924072664800331e-04 0.000000000000000000e+00 3.204114022286294605e-01 0.000000000000000000e+00 0.000000000000000000e+00 5.525900172972106512e-03 1.975129308987696054e-03 1.188172025416675964e-01 0.000000000000000000e+00 0.000000000000000000e+00 0.000000000000000000e+00 1.935879317804396393e+01 8.108273727206165293e-02 2.093329821185450912e-01 3.815658800127624204e+02 5.534273966179734998e+02 6.760571021001833287e+02 5.558879181938473835e+01 5.889509029692019340e+02 1.433435222519221952e+03 5.563956020383164969e+02 4.026352472758312615e+02 5.022033694440563067e+02 9.270076761518872388e+01 1.642259001771812166e+02 4.971400586072146629e-06 0.000000000000000000e+00 5.267006942434419869e+01 1.048169385794283137e+01 1.556254070430262981e-01 0.000000000000000000e+00 1.171760928489934850e+00 0.000000000000000000e+00 2.608628469712240827e-01 0.000000000000000000e+00
3.932863815346397729e+00 8.097447668449901936e-01 1.091569533275524926e-05 1.510866892439821418e+00 1.124943727286151216e+03 2.063158785056128863e+02 3.143115737239087366e+02 1.993882864683428480e+01 6.374126099482212027e+01 6.412547454996051783e+02 7.038431330337188285e+01 1.850239883113055441e+02 5.142995434043970704e+01 7.397369280921828327e+00 3.458020907887395197e+02 2.300781478800593902e+02 1.218119838240044430e+02 1.744911411933004501e+02 1.686245432540737852e+02 9.621917756934144563e+02 9.051847225937662245e+01 1.220986685693349500e+03 6.978082331320327967e+02 2.129040593959909131e+02 2.473597919061257926e+02 6.568773512519492215e+02 5.254837341214845026e+01 2.954087908138529617e+00 3.174979991003321089e+01 3.595333971346759938e+01 5.764757463916935443e+00 4.003640494684461828e+02 1.534099502341866206e+00 0.000000000000000000e+00 2.011215664924345781e+00 5.200468196726391312e+01 1.729301063392857829e+00
1.176164208026389133e+03 1.747773916233915656e+02 3.728455269687527789e+02 8.141587531183851070e+02 2.132314700121664686e+01 1.090584017727072705e+03 1.470259532802294871e+03 0.000000000000000000e+00 2.995005529266335884e+02 5.408362431262447672e+02 2.164902033632056657e+02 1.298881980064719528e+03 9.430075853874126324e+01 5.616898916281471656e+02 1.171572110888899715e+03 0.000000000000000000e+00 4.298858051329794989e+02 3.454925586018708827e+02 3.831094914363347925e+02 5.756807783024625991e+01 1.070867483855169411e+02 7.997296289830316027e+02 4.057642656557697336e+01 9.721073422177101975e+02 4.601423966607977434e+01 5.584400952119412977e+02 3.766116357192892394e+01 7.830445894839803032e+02 1.594030328202368594e+02 4.210310892323196299e+02 2.310841997454652486e+01 2.420398157998485900e+00 7.880955547842738724e+02 6.241406330013791331e-02 5.112973823342019841e+01 3.119164140215842096e+01 5.253453072738928995e+02
1.325827140378674471e+02 2.221222187883289401e-01 7.285266248559167934e+01 4.645581338376699705e+02 4.528772478161650383e+02 1.046745543043737037e+01 1.534128689477458920e+03 3.915244824127009360e-01 2.203165509320753390e+00 3.086109707930082209e+02 2.066952459027783675e+02 4.543779092516121443e-01 1.155116078793895895e+03 1.498467232446460002e+03 0.000000000000000000e+00 5.695771874936543782e+02 4.034299920535523825e+02 9.035276801175989476e+02 3.439926982608910180e+02 6.590412257714008604e+01 9.398893477955423350e+02 4.347036464392638067e+01 9.494637713775399561e+02 2.034069764822602266e+00 3.170813130593202231e+02 1.030919539070060154e+02 7.250416216960991278e+01 2.751607785649147218e+02 2.996328692802326543e+01 9.560528860506595947e+02 6.446771902428953354e+02 6.583181821298542502e+01 3.841984206401111379e+01 2.732304856479889077e-01 1.327526216707383583e+03 3.016287423994862826e-01 4.332787040733713297e+02
1.211610690340952715e+03 1.991207025423012453e+02 6.712163493526578861e+01 1.137630238945405381e+03 1.297703932386936856e+02 1.495944327329243038e+02 3.452668841994528037e+01 1.138049647083513705e+01 1.040738257015154659e+03 5.329988578245963282e+01 1.556443437547243569e-01 1.038800473933752301e+03 2.267151408158207460e+02 4.230297206377205725e+02 1.490344832780179104e+03 2.372555919624574585e+02 1.216548340387552116e+03 1.184686922494464625e+03 1.890980844064787059e+00 1.295139088761701032e+03 1.669051711727985321e+03 7.058720897075276071e+02 4.961983666591686983e+02 5.323628659318446665e+01 3.621131383283400282e+02 4.709403945706468448e+02 5.110592914626705152e+01 1.515514334041104689e+02 1.363620841949709757e+02 1.291814742137457017e+02 1.061936284454780889e+03 9.640218089178657692e+02 2.712454393468198166e+00 8.849159947210180235e+02 5.011682681145297806e+02 9.818628076358318140e+02 1.192785875282785355e+03
5.971382064434609447e+02 1.801687559469087887e+02 0.000000000000000000e+00 5.970208285830907471e+02 5.190908997459240481e+02 7.216967824143914640e+02 3.398229365095049275e+02 2.952289195265942112e+02 9.096621410687359912e+02 1.183218044713456948e+03 6.881785303828456790e+01 4.708907890610582854e+02 1.566483222480661880e+03 4.315298075713679538e+01 1.088016029510072968e+02 1.141708444474173234e+02 0.000000000000000000e+00 1.794588263611992147e+02 1.512776004653834434e+03 8.099785167893410289e+02 2.540475633346787561e+02 4.977773415966928638e+01 6.371881604623949613e+01 2.107270224466766678e-02 4.395842877881443655e+02 6.711795074547671902e+02 1.689975991039589189e+02 7.805959079522498314e+02 2.873087913999530585e+01 1.979608707723994598e+01 3.786834435878341765e+02 8.881628247856197049e+02 9.429732169604935734e+02 1.696136458768564337e+00 6.987925327487664617e+02 4.434405054807099305e+02 3.623733652403109886e+02
6.454053114146169037e+02 5.364535710397348112e+02 7.464255531146089595e+01 2.912403187078822786e-02 1.504936239683621579e+02 4.762695163385661772e+02 7.274817618542534774e+02 1.239161216029070147e+03 0.000000000000000000e+00 1.900753132733363202e+02 2.893057860077904823e-03 1.466886284310208666e+01 2.700797124934939571e-03 1.260092077685066442e+03 5.150061781049643059e+02 1.033321886140681727e+03 1.428704433256112452e+03 0.000000000000000000e+00 1.609739893023239574e+03 5.046155482612988976e+02 8.555717264419561161e+02 7.628684881064941692e+02 4.163295644582285959e+00 3.027911364988851233e+02 6.202724617724732070e+02 4.080678524581482520e+02 5.164091903716410314e+01 2.197528175936080288e+02 4.348659841473700993e-01 4.823832958457506379e+02 1.820226025467103455e+02 7.790069207807282510e+02 0.000000000000000000e+00 7.294409199782547759e-02 4.107971420557880151e+02 1.347313515462868452e+02 6.859796853705969397e+02
1.334139404445679929e+03 1.873684625593164954e+00 2.995699697599312117e+02 0.000000000000000000e+00 9.769093578184025262e+01 3.696009298899606499e+00 1.413198293958784689e+03 1.606293079303831746e+03 1.602298244622996890e+03 1.363423333277849636e+01 1.027344725337223281e+03 1.226966474124291835e+03 7.503951714781873079e+02 3.179066159596339389e+02 5.720801036048700325e+02 4.751592853077836187e-01 1.091850523485960821e+03 4.835839195817885070e+02 0.000000000000000000e+00 2.865213798408781827e+02 7.929569344694204602e+00 7.774845043309184121e+02 1.001013396769346002e+02 2.279757852804670790e+02 3.204259127046858566e+02 1.275051836204509783e+02 0.000000000000000000e+00 2.922292810694601144e+02 9.062569799867508102e-01 3.916957157096583728e+02 3.050798034890052577e+02 9.927173120451771027e-01 7.724179988999400166e+02 5.845595381617733892e+02 1.165809953517146766e+02 6.213970891401204426e+02 7.165263598730441572e+02
1.499382674129866189e+01 5.769298412232983253e+01 3.255273045133112078e+02 1.457837154850068373e+03 1.576759629892952034e+03 3.922647873847879509e+02 1.464926903835100802e+02 2.113559584884736466e+02 9.086606245853388941e+00 7.588414246477829010e+02 0.000000000000000000e+00 3.252671459750452954e+01 3.179263817889472765e-01 4.351517486780610966e+02 0.000000000000000000e+00 8.543298661654048374e+02 1.551024694908354036e+02 7.480186484494148544e+02 0.000000000000000000e+00 0.000000000000000000e+00 3.679127144870446386e+01 7.974791880974549940e+01 0.000000000000000000e+00 1.363377148341058955e+03 2.700952638073298231e-02 1.555282831057119893e+03 7.697964621995568280e+01 1.922178837895763763e+02 6.051365442570220132e+00 9.007709268876511715e+02 9.384212601030554879e+00 7.613883479052597067e+02 0.000000000000000000e+00 1.187015930019230382e+03 5.077919745245104366e+01 1.158388924874427630e+03 0.000000000000000000e+00
5.676034592014416376e+02 5.015349687941355796e+02 1.162659059585420437e+03 8.911061606353853914e-02 6.308081881691599335e+01 4.545851491547860390e-01 5.257852998553076986e+02 0.000000000000000000e+00 7.497488462872328228e+02 2.338814139813016936e+03 3.008300103268259136e+02 5.543810434796678237e+02 9.871034797681527380e+02 3.641957670375171574e+01 1.533371448806467008e+01 2.734014731833712686e-01 7.853824134569341595e+02 2.640668747808552439e+02 3.153337537389336021e+01 6.021197368131827261e+02 9.265153281157454401e+00 4.178756449265266610e+02 6.322079862819119853e+02 1.755566473084661254e+02 1.945284813097253789e+02 1.111240779799682343e+02 1.045780503687243936e+03 1.096428035717375906e+03 5.563135421733106796e+02 3.615378588106018753e+01 2.655614127443620305e+02 5.343857832362106137e+02 7.338937972204309101e-01 4.267429834456482922e+02 0.000000000000000000e+00 1.516246493533995590e+03 3.600095100749422272e+02
2.811663486898960684e+01 1.228735496248946447e+03 5.004793904210451672e+01 2.816522555500982889e+02 1.426069578923943254e+03 1.081333690159129901e+03 4.925878511311166524e-02 1.113128215665420612e+03 1.845396304204276248e+03 1.265690562617146071e+02 1.294972992843528736e+01 2.196894609687805477e+00 1.953662383417630792e+02 3.063372252777452331e+02 4.007647418353691933e+02 1.872901275593848709e+02 1.340836495964307915e+03 8.665447134888308867e+00 2.673996562094163210e+02 2.649673629406602782e+00 5.509830534636465700e+02 4.159826763302945665e+02 3.439033407286327702e+02 1.050441552529592627e+03 4.413781287397950450e+02 2.212024747299149041e+01 1.193501675245590405e+02 5.700936606429461762e+00 5.459953463047355626e+02 7.714808546250199015e+02 5.021934779043425578e+02 1.515105300815041858e+02 3.408548757736232346e+02 1.671250743650083223e+03 7.253514127460485383e+01 7.767977694450286208e+01 4.757403317723836835e+02
1.502911020361781880e+02 3.779676059679050351e-08 2.687031497121236612e+02 1.068784273149803994e+03 2.065284536779569464e+02 6.638259426282664890e+02 6.100175086619659623e+02 1.257036007015360468e+01 6.430917185790543726e+02 1.084055192276098069e+03 0.000000000000000000e+00 2.246789372057667222e+01 1.177214586576713600e+03 6.190769641141429247e+02 0.000000000000000000e+00 3.136567377620565935e+02 7.787507458002907015e+02 6.006939785946192387e+02 4.139192690661335519e+02 3.365841819089546760e+01 1.148599029344373257e+01 3.272514325267098201e+01 2.421231010889556057e+00 0.000000000000000000e+00 5.951939251777542950e+02 6.862709280091537245e+00 4.414171367142567419e+02 1.039033173909013613e+03 6.260208590528004713e+00 3.794997863787936243e+00 1.151079210355185234e+00 2.051771081950098505e+02 1.370935874161448282e+02 5.013876905526912253e+01 1.270917689538433706e+02 3.607479588331004265e+02 1.240373126670535555e+02
0.000000000000000000e+00 4.467430869073305644e+01 6.916480508841104893e+02 1.887897281726042209e+01 1.951846410661125963e+00 9.415563000441495944e+01 2.726218960373392264e+01 6.044035305079642058e+02 1.146196165580437309e+01 4.183200501079622313e+02 1.523664964029607745e+03 5.192534519188589002e+02 6.868269437694358714e+01 1.498604596122901285e+03 3.721278698441859092e+02 1.168406277844130692e+01 5.586015917678346341e+02 2.579746640861631022e+02 3.925646620997735567e+02 1.329957750530575424e+02 0.000000000000000000e+00 2.357154608903234987e+02 1.094313059830252932e+01 1.298699869184174531e+03 1.096650231124917809e+03 1.612765487908770183e+03 1.833174971443671950e+02 1.453251755326358307e+03 1.881742542709849204e+03 3.547761796007721387e+02 1.006788820660250053e+03 5.141781302601624475e+02 3.038182112122573386e+00 9.783743605125528120e+02 0.000000000000000000e+00 8.101492047921123003e+02 5.523458902680240499e+02
6.641651847514533529e+02 8.085890938367099068e+01 8.596107310019634724e+02 2.008164439924894680e+02 0.000000000000000000e+00 5.958444326756972487e+02 1.067562080778911195e+03 9.076697752171493221e+02 7.664843106945963882e+02 1.746859594659330241e+02 9.608547842377402048e+01 3.161382172374849642e+00 6.192799899007255249e+00 8.805866247883495035e+00 2.047852574976072333e+02 6.028453386521888433e+02 3.894688731029248885e+01 4.563163090316520538e+02 1.147347613591941951e+01 4.730575690388962471e+02 3.859559515775359841e+02 0.000000000000000000e+00 2.828550192469749547e+01 1.051061027337212408e+03 1.167399551755140834e+02 0.000000000000000000e+00 7.415307562268156971e+02 6.352067371038266907e-01 9.081693942194109468e+02 2.354848834793250717e+03 8.432729012027295994e+02 7.031046067515092091e+00 1.340737347248613332e+03 1.063681361399313090e+02 9.029112213887794951e+02 4.061518609287635968e+02 4.106665153485774908e+02
0.000000000000000000e+00 4.698466741221427583e+02 1.577560843738769769e+01 2.272406424556432398e+02 4.370929303042370151e+00 2.639708444493837760e+02 2.625017183895441697e+00 4.424467096857833894e+02 1.793631741304008358e+02 1.331485205382021242e+01 9.186860618775350531e+02 3.763304215377213495e+02 5.886858366756191572e+02 1.436683695267604662e+03 0.000000000000000000e+00 4.347691131495038235e+02 2.404186219587141409e+02 3.077060250952320644e+02 5.050888058892548429e+02 3.253277100886971880e+02 4.581800493993305281e+02 5.263746892574390586e+02 1.065411395867228919e+02 1.021903939233818903e+02 4.643608074116651778e+02 1.090172425442008034e+03 1.337186031498385773e+03 6.441843232247110791e+02 9.252171909323831933e-01 1.233716204618755000e+03 5.539786507396739168e+00 1.281751264795660518e+03 0.000000000000000000e+00 9.345195918270000845e+01 2.020937681593170510e+02 0.000000000000000000e+00 2.496525044202763581e+02
3.703210202927453452e+02 3.355176145774350971e+01 0.000000000000000000e+00 1.191252522432968561e+02 3.588109919560324101e+02 6.064372212223427141e+02 2.219514735974773600e+02 9.521254625191847936e+02 1.120527083047394854e+03 4.050118564954855671e+00 9.360615100729122560e+02 4.995593107574968883e+01 6.272681401815272011e+02 7.634207519219746700e+02 3.830893247026494475e+00 6.084813746439343731e+02 6.203130807339877038e+02 1.607538693564949384e+01 2.565333568379579106e+02 3.263238853130512211e+02 5.954266149517829732e+00 5.959637070762171618e+01 1.254868737251553739e+03 1.295475403218139490e+03 0.000000000000000000e+00 8.734056144633461827e+02 1.036428031214401472e+03 1.440235013826916202e+03 8.206514538603359199e+01 7.950930616227884329e+00 1.053964837263436493e+03 2.026042417570676207e+03 8.478019491240779359e+01 1.239124180507738657e+02 3.897570439459467480e+02 5.108878944586671196e+02 3.157848651532642634e+02
2.359174190895936647e+02 3.526701363539962131e+02 1.552346476530982500e+03 1.008374541008140852e+02 4.400605401791034765e+00 5.920574974905903218e+02 2.490900531237092821e+02 2.587308827189758063e+02 4.098208611614145980e+02 2.376835874308147911e+00 5.667672724901156016e+02 6.821304864749466788e+02 4.514998006796246841e+02 1.073287445792329208e+03 2.817451840544039783e+02 2.109899357690659372e+01 5.896136482363734643e+01 1.663464969464253329e+02 4.726718100213034859e+02 1.000392799641551989e+02 1.217542815398058451e+02 7.065751020491798329e+01 3.911358431325067109e+00 1.401530604782098877e+01 6.129428303213214804e+02 7.900111971113052505e+02 6.970469863655562222e+02 4.114311699799410462e+02 2.217633669663923257e+01 5.093559580264629716e+01 1.086303561212372188e+03 7.347190084699086583e+02 5.540632213799221972e+02 0.000000000000000000e+00 5.114885937631541424e+01 1.018780155622641360e+03 1.338960116206693662e+01
