output/example/lateral_incision_000212.asc
nrows	75
cellsize	13.33333333
xllcorner	0
ncols	75
yllcorner	0
NODATA_value	-9999
[rows 0 to 16 of 75, columns 37 to 73 of 75]
2.730880095320796741e+01 0.000000000000000000e+00 4.020924072664800331e-04 0.000000000000000000e+00 1.781994231056288625e-01 0.000000000000000000e+00 0.000000000000000000e+00 5.525900172972106512e-03 1.975129308987696054e-03 0.000000000000000000e+00 0.000000000000000000e+00 0.000000000000000000e+00 0.000000000000000000e+00 1.935879317804396393e+01 0.000000000000000000e+00 2.093329821185450912e-01 3.806198676219459571e+02 5.533227361939046887e+02 6.720165921480607949e+02 6.737363233089738834e+00 1.632179901113442133e+00 8.422788015463320335e+02 2.427252176180507206e+02 3.877028125657212740e+02 5.022033694440563067e+02 9.270076761518872388e+01 1.640646817504415651e+02 4.971400586072146629e-06 0.000000000000000000e+00 5.267006942434419869e+01 1.048169385794283137e+01 7.794786057581508387e-02 0.000000000000000000e+00 1.171760928489934850e+00 0.000000000000000000e+00 2.202483508468670581e-01 0.000000000000000000e+00
2.026421701667809216e+00 8.097447668449901936e-01 1.091569533275524926e-05 8.649230372919133325e-01 6.065265269530415253e+02 2.282855427465877440e-01 3.099353584313910233e+02 9.613063059099301810e+00 6.281378714593866874e+01 4.227500487754642791e+02 6.951521890982344587e+01 1.807788115597039678e+02 0.000000000000000000e+00 3.228414298892076761e+00 6.426037952281765229e+02 2.819967913872612826e+02 1.660130956658890655e+00 7.538074000899324574e+02 9.178297720483107014e+02 1.235549216767061580e+02 3.266617583167852334e+00 5.912604345033541264e+00 1.390627819258721161e+02 2.129040579010845988e+02 1.731099614414047892e+03 2.873869723527915880e+02 9.690599028091004357e+02 4.997687577612168752e-01 3.174979991003321089e+01 3.595333971346759938e+01 5.764757463916935443e+00 6.287852984082594503e+02 2.460203795953069061e+02 4.248792614206850615e+00 1.551008283961703982e-01 2.417600804339715808e+02 1.648010294740461124e+00
1.123381707516980441e+03 1.592821690895184474e+02 3.269440257271744485e+02 2.873395638846327529e+02 8.120804557830084036e+01 1.974002405775715658e+02 1.413888025390143184e+03 1.712783373912829745e+02 5.872085166913667535e+02 1.274310745147106729e+02 6.452084916070489271e+02 3.209718622857498644e+02 5.291487683652325131e+02 2.603389016911600606e+02 9.760654584231029958e+02 1.260229888248579073e+03 2.228734594687580000e+02 5.372467380075926258e+02 6.243011549481472855e+01 3.866534991584329646e+02 6.177036097467910167e+02 3.956559225308816394e+02 0.000000000000000000e+00 1.470116849525142300e+02 9.242010896303247591e+02 1.044346593347912631e+03 6.388716553246048591e+01 1.277312884202241094e+03 1.196403372209180560e+02 1.444368449038085487e+02 3.731318898276182381e+02 1.875540108637861181e+01 8.350871991621003190e+02 1.264144451356212357e+03 1.140111937633143498e+03 0.000000000000000000e+00 2.597253762298484503e+02
1.160991241555311007e+02 0.000000000000000000e+00 7.001513542071661789e+01 4.435100548500382160e+02 3.303164238664791696e+01 3.969312340436778754e+02 6.026054325048075953e+02 5.435406008196823677e+02 2.694504022654856499e+02 7.778318934964245557e+01 1.084188323227894443e+03 8.015193411673141100e+02 5.905096366040905878e+02 1.749694006570101692e+02 1.608916458006314542e+03 1.307233135567247928e+03 8.382538156044537914e+01 0.000000000000000000e+00 2.874570142835426054e+02 8.856232863844812755e+02 1.060045346934921781e+03 2.353806440490555190e+02 0.000000000000000000e+00 1.151178636276837324e+03 1.499547951723799599e+02 1.218365198445946589e+03 2.474347988123275055e+00 0.000000000000000000e+00 0.000000000000000000e+00 2.497844844762779246e+02 1.842566235419846521e+02 3.036612879034601633e+02 2.888634331386351732e+02 2.371424076396713474e+02 9.963773637441375968e+02 4.003295311590874661e+01 1.605061911373873416e-05
2.282928023618468387e+02 5.536457434293099444e-01 6.712163493526578861e+01 3.539671424160098923e+02 7.339853423807880972e+02 1.981600009296655784e+01 4.294207819512498503e+01 2.530926582756397067e+02 2.740207991505602649e+02 1.172459057105191960e+03 3.868228938457127697e+02 8.386778333374739987e+02 1.662600339387204485e+03 2.693266385022259968e+01 3.291765422508420968e+00 1.257735760753114551e+00 1.684554686491388111e+03 7.407229276285671631e+02 1.950038023466827894e+02 2.337707192598269312e+00 4.842759122317909259e+02 1.982934628221976538e+02 4.798154073593290150e+02 3.323996019335356209e+02 1.163677324476718979e+02 7.129283450850456916e+01 1.315235914442150261e+03 6.723251624237006752e+01 9.788449671221290771e+01 1.291814742137457017e+02 6.321937963132673133e+01 2.096034311396314251e+02 1.269022574068808126e+03 2.025839828188922809e+02 4.010634708474643730e+02 1.125365054520759486e+03 6.937272750968546688e+02
0.000000000000000000e+00 1.735590722073237941e+02 0.000000000000000000e+00 5.282317349762518006e+02 5.607688770736710921e+02 3.888693846427409540e+02 1.145729299898674469e+02 9.751955144349277589e+02 1.620286213259153030e+01 1.022525561474859330e+02 1.213637500201583066e+02 0.000000000000000000e+00 2.629588522066783796e+01 2.095889394126785987e+01 1.613029320576915779e+03 3.570103860853102447e+02 8.261049325623106370e+02 2.790351606621675842e+02 4.724692782848616162e+02 1.865536112805755806e+02 2.392137172072299904e+02 3.087591669859757104e+01 5.816314537813894248e+01 3.455110340117724945e+02 3.893246821495654899e+02 1.168537435278070689e+02 1.729476478065179663e+03 7.172499908568087221e+02 0.000000000000000000e+00 9.484165710205651578e+00 3.654551462156515527e+02 1.337621365680699057e+02 2.826811458903623588e+02 3.757436744514412730e-02 1.078124595840554321e+03 3.202584940139707328e+02 3.623733652403109886e+02
1.523393697453815776e+03 7.522868030138582185e+01 3.473477046423355432e+02 2.800238855995975218e+00 2.072324792311694708e+01 1.285574018138776466e+02 1.492985215362946519e+03 8.951487457213228538e+01 1.658289538398445757e+03 4.625087996410159121e+02 5.223362913486429306e+02 4.675884558446908272e+02 2.682029595929236621e+02 6.736912577045619628e+02 1.526801346488388944e+00 3.254832942365418376e+02 7.884132512019584738e+02 3.609063018816432873e+02 1.447411871105648906e+01 0.000000000000000000e+00 8.555717264419561161e+02 7.628684881064941692e+02 1.227093465228915381e+00 1.270847122549497499e+03 1.091659120182518791e+03 9.139000910244089226e+00 2.629386838091638197e+02 4.728625646511951004e+02 3.887941704658762205e+02 4.823832958457506379e+02 1.820226025467103455e+02 0.000000000000000000e+00 4.753065396502681779e+02 1.343538606545239702e+02 7.393600127995949833e+02 6.862801886034598056e+02 3.747155631561312816e+02
1.155014958031094011e+03 5.572295302126889283e+02 1.106800270392676389e+01 1.012585851323580144e+00 9.023682607042169366e+02 7.272692036098860058e+01 1.454910709790668122e+01 8.349582038752209883e+02 1.150415724594271296e+02 1.249006926367916464e+02 9.489232628904787248e+00 1.007577850958017507e+03 5.980327370428097922e+00 7.439163021876480570e+02 9.700257002527097256e+02 1.396343628359907107e+01 3.748230337085831820e+02 2.555139129948252332e+02 1.023250636382767169e+02 2.230670624510021867e+02 7.594607282741979937e+00 7.378520835909056359e+02 1.026058043966323794e+03 2.694587518382925850e+02 8.824733867563294325e+02 0.000000000000000000e+00 4.887152774343060457e+01 8.240192899230313515e+02 1.788282811430266017e+00 3.787161347045630464e+02 3.050798034890052577e+02 1.098653877976369358e+03 6.689666570762652782e+02 7.916854531203959766e+01 4.978128118324974594e+00 1.296086828733808431e+02 2.167289767016734459e+02
4.631534186381868068e+01 2.647351546760172880e+01 2.716769705936528112e+02 1.408005101261326445e+03 1.669721737535394141e+03 2.040663713574142335e+00 1.207578155793502674e+03 1.087778449404157470e+02 8.050980846446724115e+01 1.025758617832087660e+00 2.381327388494416653e+02 1.180343725876188728e+03 1.619131638937397533e+00 4.181608918168839750e+02 1.396569816695586269e+03 0.000000000000000000e+00 1.255173859364529392e+02 1.611045723077456415e+01 3.885137775546301953e+01 8.588785195376648363e-02 0.000000000000000000e+00 5.870883056821723400e+00 0.000000000000000000e+00 1.315254985557256305e+03 0.000000000000000000e+00 4.890048889365358491e+02 3.328250435229102777e+02 7.919815641657918093e+01 1.022756347730918947e+03 8.935819700310759117e+02 2.506673282706391781e+00 3.091581962388407874e+02 1.630514807598171046e+03 1.511997229410053194e+02 2.566904406495280000e+02 1.151869183041838369e+03 0.000000000000000000e+00
1.220115854039397618e+03 1.720231668093586222e+03 6.061095158907274794e-01 1.745348556356179914e-01 1.462583045094431045e+00 8.656639669842535341e+02 8.781500159151705702e+02 6.725447180421803068e+02 4.512441971393398603e+02 2.601460022316938989e+02 1.010617895248308855e+03 4.866717167376879871e+01 8.631039864338976031e+02 3.310943602290669929e+01 1.115134223732532064e+03 3.921845604525129829e+02 1.390504943644807554e+02 9.540645023789711558e+02 9.988911922557826983e+01 3.465227598277814423e+02 8.869540020681391468e+00 4.178756449265266610e+02 5.402923793287945955e+02 5.839679911351699957e+02 9.633038353300104291e+02 2.359775894455668765e-01 0.000000000000000000e+00 3.602891830559377695e+02 5.553320727203167735e+02 2.000252330516065058e+01 0.000000000000000000e+00 5.905934816354312034e+02 1.045112293847918181e+03 3.490461432791980911e+01 1.367737041472085821e+03 9.516633088586603435e+02 3.595160662980559323e+02
4.406151925543819914e+01 1.416267253208836337e+03 3.921609594411952315e+01 6.769442509419222915e+02 1.432923507676512145e+03 1.537701960362195974e+00 1.018176817113699826e+03 2.724634061090010846e+02 4.200515022794668880e+02 2.883009494865104898e+02 8.825752022323578103e+02 2.068199993837945172e+00 1.953662383417630792e+02 2.894327535130581168e+02 3.389839042937359181e+02 4.665060991751910251e+02 2.357958721389350387e+02 2.601043059475618406e+02 2.351008680658701735e+02 3.635888573883538015e+02 5.466151615603455411e+02 4.159826763302945665e+02 1.981613098944978049e+02 4.840581840330879260e+01 9.752735449574594213e+02 0.000000000000000000e+00 1.869267773603632463e+02 3.968043541263746192e+02 4.497314858847657320e+02 7.336529577022521380e+02 3.078954105154236913e+02 2.152830287876468560e+02 4.972872470811035441e+02 1.535605764159655884e+01 8.041743749195653663e+02 1.229048092496597491e+02 4.182937608832000365e+02
7.533306571577934108e+01 3.810503405705765623e+00 8.940921483366479379e+02 8.940760736828275412e+01 1.615632106246866613e+02 5.832538020464263617e+00 2.385497156310652844e+00 0.000000000000000000e+00 6.081200250899518522e+01 2.683390155540052646e+01 1.406103702782899745e+03 5.500691558906158889e+02 3.522172203194861027e+02 8.934817052677315132e+02 5.556355236254153063e+00 6.289691689466941398e+02 3.646717861310571607e+01 8.622153002949531810e+02 7.062387353536166756e+01 1.769391389982187535e-02 9.409295040503284469e+00 3.272514325267098201e+01 5.083596130311210572e+02 0.000000000000000000e+00 0.000000000000000000e+00 1.280095042916687362e+03 4.036469303764107508e+02 8.481860714687491365e-01 7.113944363691159651e+02 1.164089908827284489e+03 1.382079625908569369e+03 1.642622619607157901e+02 1.071862998316057940e+02 7.092091166815700944e+02 9.535048617203490551e+01 1.162402758445139398e+03 9.660365089291778986e+02
2.976855777080734811e+02 1.326857729930947194e+01 0.000000000000000000e+00 7.602226908707580151e+02 2.388663286028657353e+02 1.186533801391864472e+03 9.939803400059755489e+00 1.742437568151842925e+03 4.753572124750463104e+02 7.275723722518411023e+02 3.356170494824456796e+01 1.095117942644571514e+02 1.220668999474759353e+01 3.842279565846828149e+01 6.185921981365550693e+01 4.049389658487032762e+02 1.563780231996497960e+00 4.188328168059528593e+02 1.483800053839803240e+03 1.329957750530575424e+02 1.046389200742398771e+03 4.320739174960289475e+00 2.460001807830666678e+02 1.015147841081871150e+01 5.559602869447632933e-02 1.302735314615877542e+03 1.741679856062731687e+03 7.892782800761278850e+02 3.656962072541335429e-01 0.000000000000000000e+00 2.414678518625925392e+02 1.276196200626906752e+01 8.267001042938954924e+02 2.084395345682941297e+03 1.069624727937329453e+03 5.539292901531129854e-01 2.042186873160956964e+02
9.402415256181698169e+02 6.827268462046696129e+01 8.596107310019634724e+02 7.786181686896756560e+01 1.046267191819994657e+01 4.204749861794521735e+02 5.339727672882539764e+02 9.500011325407547247e+01 1.343487452231807310e+03 4.342182210599141854e+02 1.523995783100819381e+03 6.724852687017935295e+02 4.390838638256868762e+02 2.428848270657287287e+02 9.229057918720704379e+01 7.733042110375509814e+00 0.000000000000000000e+00 3.773573177051691800e+02 0.000000000000000000e+00 4.280538635250194375e+02 2.455774026328285231e+02 2.397997684590458256e+00 1.036146311829336355e+03 1.682135147634666964e+03 5.135930609846891457e+02 6.529691567498886116e+02 8.255217445528576263e+02 5.219419222216564549e+02 1.846712798421774266e+02 1.251938595855993299e+03 2.629417957780777915e+00 1.166318101892019968e+03 1.325226984317946233e+02 1.886562474854546565e+02 9.210319486045998474e+02 4.416987307255698170e+02 3.047283697648153975e+02
9.999914265474041031e+02 9.310249065711550429e+02 1.139880203266767921e+03 4.072859200938082402e+00 3.677881378597344913e-03 6.172701129664699238e+02 4.057510064408318158e+02 1.024971200553385842e+02 4.433144562244827966e+02 1.191838313464774401e+01 1.306979972445266753e+02 4.119417285455506317e+02 3.351780184920508532e+01 2.921988408424129489e+02 9.153142819795158402e+01 8.236581361602215168e+01 0.000000000000000000e+00 2.718302511415475298e+00 5.050888058892548429e+02 3.225468900420466412e+02 9.995668026576052245e-01 1.323433278027235019e+03 3.584329706570169094e+01 1.149358157077414262e+03 0.000000000000000000e+00 9.097858020150442826e+01 3.700861505660168973e+02 7.750217275973786855e+02 8.200790259501504806e+02 4.623177946521106918e+00 4.121280725734992529e+02 1.249205595144837616e+03 3.056072950874541334e+02 2.216403349434813776e+02 0.000000000000000000e+00 5.072011287509834574e+02 4.411292751818149394e-01
3.964647600719110301e+02 1.375865570144937919e+02 3.124409663062174900e+02 9.757443182112011471e+01 3.588109919560324101e+02 4.302023045220829545e+02 2.205267857459743936e+02 1.259503743164501373e+02 9.042511890374942141e+02 7.834122975592693328e-01 1.862573665375092391e+00 5.467916439476574908e+01 3.573125738045177968e+02 6.603936923088302819e+02 7.701590281002022209e+01 3.577096858855954338e+02 6.087837528138517200e+02 0.000000000000000000e+00 2.341748732850785775e+00 3.246203109076569717e+02 1.906492973226235621e-02 0.000000000000000000e+00 2.009833380783714745e+02 3.676936179632910040e+01 1.247830701757273317e+02 9.527382076502137807e+02 5.538738504932834985e+02 1.201714568432377291e+03 0.000000000000000000e+00 1.483863922491228550e+03 9.846421965016983791e+01 9.661613876942482193e+02 1.553636999511607655e+03 1.325937719587391030e+03 6.205432403113961755e+02 7.044792135780688795e+02 0.000000000000000000e+00
0.000000000000000000e+00 1.896727218690718431e+01 1.027037023476436389e+03 7.790924163350580329e+02 0.000000000000000000e+00 5.917845303041362968e+02 2.490900531237092821e+02 1.244717738938831644e+03 1.046035892003348948e+02 2.891155398149093685e+02 6.329733939351559684e+02 3.530093388965969439e+02 1.471250791270980471e+03 1.166946576458475874e+03 1.428026165516734522e+02 1.290277314167196820e+01 4.721885049890783392e+01 2.839867573730610051e-01 1.117346441891127569e+02 1.717077580017275062e+00 6.170652922230625563e+02 3.895463479936017137e+01 2.432487632391131083e+00 1.019533777766366143e+03 1.053887589818158858e+03 1.299847206175133829e+00 1.406319816994049233e+03 1.390087052299122217e+00 6.082100112107183350e+02 1.016264987006533374e+03 9.201332531596918898e+02 1.262843433475595667e+01 8.718627147126704813e+01 5.083251267194145839e+01 1.379931979143474621e+02 9.359066783565532788e-01 4.330158179914160996e+02
