output/example/lateral_incision_000248.asc
nrows	75
cellsize	13.33333333
xllcorner	0
ncols	75
yllcorner	0
NODATA_value	-9999
[rows 0 to 16 of 75, columns 0 to 36 of 75]
0.000000000000000000e+00 3.111560667785954148e-09 0.000000000000000000e+00 7.593259462781106777e+02 1.366821773850643012e+03 6.938183004394281852e+02 3.322898466254517871e+02 1.334620413499106235e+03 3.989037117104237495e+02 5.961565685188394070e+01 5.057625754280022790e+01 1.194283342739616287e-05 2.638001873447476815e-05 2.026420197800674146e+02 9.274754642652583314e+00 0.000000000000000000e+00 5.412460465191597483e-06 0.000000000000000000e+00 1.430772275955948469e+00 2.055395778728417444e-01 0.000000000000000000e+00 8.214038731092654518e-05 2.132444891575236974e-04 0.000000000000000000e+00 2.052103043362334955e-01 0.000000000000000000e+00 1.467995409988723132e+00 2.394697288128030332e-06 8.592563712945595588e-06 1.072833790534963305e-01 1.059712603314569833e+03 8.672218059349546593e+02 9.240312403002536712e+02 0.000000000000000000e+00 0.000000000000000000e+00 0.000000000000000000e+00 1.698044969286322470e+01
0.000000000000000000e+00 4.662305678928895958e+01 1.094221885439737640e+00 1.088452221270128803e+03 2.215433694015822539e+02 6.896587067175167931e+02 1.241426308004630073e+03 2.076686819180659995e+02 8.824079838131412998e+02 7.031776059239899723e+02 1.462459469541048520e+03 2.756855966895485111e+01 2.075377802363997830e+02 5.254029823123846654e+02 9.127989008906052959e+02 5.850606970050096152e+02 1.871878876377573589e-03 9.616579689766544092e+00 3.837274257912167172e+02 6.972118849105162326e+02 5.895753460504741383e+01 8.763151664203197910e+00 4.623939332681852754e+00 3.924501073987429436e+02 7.017602933676440671e+02 2.244406458963234172e+02 9.662371485168516072e-01 5.540484788662165556e+02 4.266099728048768043e+02 3.092736700459576937e+00 1.088092014467490003e+02 6.169581885485903285e+02 4.843894383846052278e+02 3.655390711571771423e+00 5.044055294350693538e-03 4.922751156755404622e+02 9.063316126158682664e+02
0.000000000000000000e+00 1.435136820088719332e+03 4.990620880330991440e+02 1.335764909578182824e+03 0.000000000000000000e+00 7.966339511521442773e+02 5.545328024573100265e+02 1.364672254643582789e+02 8.175803874272403391e+02 1.563167570015522756e+02 2.908237261358011665e+02 5.779756550648040729e+02 6.284133536495766066e+02 6.906392090243313078e+02 7.776461824053623104e+02 1.547632929706981963e+00 1.096006093658766304e+03 1.935909484389123065e+02 5.730511258130740089e+02 5.010307483547874696e+00 3.655466082961515895e+02 7.281019878365728459e+01 3.929781879207377671e+01 6.425008203027449838e+01 2.646312917852158364e+01 4.587343210477566231e+02 1.095104945060065347e+03 1.974924824548125173e+02 8.529722365575870526e+02 1.333932139612404910e+02 1.462342291545868193e+03 1.243098168453654750e+02 3.414480506589639219e+01 9.148356430724549000e+02 5.109180269437895561e+01 2.885786875544284840e+02 2.702280666108767946e+02
0.000000000000000000e+00 1.929442330016789953e+01 4.890622800908385415e+01 2.578892680059567510e+02 1.479356635292784631e+03 1.713856459627292679e+03 3.023183268655832308e+02 7.517338081823138509e+02 0.000000000000000000e+00 2.678316933141526945e+01 7.675685230320184473e+02 9.421824486091950890e-01 6.342656838788159348e+02 6.185420976064480101e+02 1.156660715296638500e+03 6.663176136061639454e+02 1.565864816229339738e+02 4.428172856597504961e+02 5.802633948257040686e+01 8.260329820676319059e+02 6.974630598639748769e+02 3.579953456608568896e+00 7.265847732884006973e+02 6.085401315180104120e+01 1.024224535015269112e+03 3.867608476503320958e+01 2.892116709098540284e+01 0.000000000000000000e+00 1.965245344489865147e+02 1.401358199254646593e+02 4.199331582427389549e+02 5.811776934231204450e+02 5.634584016037408674e+02 1.110090771287808593e+03 7.947602996034645457e+02 4.070568511691971594e+02 4.725991665373815209e+01
0.000000000000000000e+00 1.139815035904901833e+03 1.540849770084592592e+03 6.509554284811922287e+01 2.042821396358307062e+00 2.455064770661140372e+01 1.228217028360031236e+03 1.039770725394106648e+03 1.619855899357552289e+03 1.249296750912361631e+02 6.132620957250336460e+02 1.807803176662934845e+02 3.474892587926950114e+02 3.672372345905829434e+02 0.000000000000000000e+00 0.000000000000000000e+00 3.876968131175977987e+02 1.355603605372555762e+02 1.441336454754529541e+03 4.278133014591340384e+02 4.032100787076492443e-02 9.303846884914263455e+02 2.143380051320879431e+02 1.656190763010627620e-01 1.476331382221780359e+03 2.880310846932039759e+00 0.000000000000000000e+00 1.820590721533343448e+00 5.448318786478912301e+01 1.055039704466574193e+02 1.400894478226047291e+00 1.306308284377045311e+03 7.194706506583966075e+02 6.677217634172130545e+01 0.000000000000000000e+00 9.148348626007989424e+02 2.703084307547013623e+02
0.000000000000000000e+00 1.597194265515222241e+03 2.960298424442024157e+02 6.388196181008662222e+01 3.661176262930351868e+02 1.055476539774759658e+03 1.038154174073501190e+00 2.598882460038597628e+02 1.859109946135874623e+02 6.191213500696691199e+02 4.760647474749985690e+02 1.081554675810338750e+02 4.105695594580783592e+01 6.231685669067860545e+02 1.954103948212070350e+02 1.659282977851762780e+03 6.810040867201458070e+00 1.417967215122491780e+03 2.308702185259302375e+00 4.617142638916666542e+00 1.360902174112899559e+02 0.000000000000000000e+00 3.959292601962401363e+02 5.218910509764668149e+01 6.021780194031990163e+00 9.908417841464411140e+02 7.475432734666400165e+02 9.208011020692684667e+01 5.953753027984838582e+02 5.015173424235480866e+02 2.284222167103615320e+01 1.217785090722798742e+02 3.748190490344157411e+02 3.849374693888698289e+02 1.886477377810399503e+02 6.656202563455456911e+00 1.631983761719061249e+03
0.000000000000000000e+00 0.000000000000000000e+00 0.000000000000000000e+00 7.123980797373014866e+02 4.893851239226960956e+02 6.944714593792908772e+02 1.121587912953048772e+03 7.746265319791556081e+00 4.946048454229464824e+02 2.104172078293754566e+02 7.857478608388923931e+02 1.137566839211135061e+02 3.216789476574669493e+02 1.716152482942508470e+02 5.523619056777376954e+02 0.000000000000000000e+00 3.982352600874826010e+00 5.922115593228971875e+02 1.308774038579781973e+03 9.431646431898774163e-02 7.566479422536473294e+02 2.412759200207499362e+02 7.078270563864726306e+00 1.426338210991056030e+03 1.065696524839300992e+02 1.832643800341464271e+02 1.341059045320983159e+03 4.225745597238736551e+00 1.949236208553330698e+02 8.023482388850183611e+00 0.000000000000000000e+00 1.619624312044946066e+02 1.457823388901859289e+03 9.701956140770022330e+02 1.293922336546603674e+03 2.265957038238753114e+02 1.377631211793455179e+02
0.000000000000000000e+00 1.220025263531093707e+01 6.335789744839014048e+01 5.950440095697889120e+01 7.856988426894235999e+01 6.042110714006654462e+02 5.526158497443392434e+02 2.102670787981863043e+01 8.217669451577052087e+02 8.436379917440307281e+02 7.680271844548201443e+02 3.974670656215720044e+01 3.684903736010956266e+01 2.816401846195575445e+02 1.263280130999257381e+03 5.244737538606379701e+00 9.163850768020071200e+02 4.929283155562934127e+01 6.487053677397717593e+02 0.000000000000000000e+00 7.486080084291827461e+02 9.350314112051522075e-01 6.737127753761257054e+02 1.003569235413188210e+02 9.603243327028818044e+01 5.439050174144899330e+01 1.773315115405795552e+02 9.269409050557476348e+02 4.025818370046359860e+02 1.818903846663890249e+02 3.229959723029122074e+02 1.196928592205028508e+03 0.000000000000000000e+00 4.996675977365458152e+02 3.605789305089071917e+00 3.501245950538692000e+02 1.107128378212674988e+03
0.000000000000000000e+00 1.628340745941100749e+03 1.108387448268031449e+03 7.126273618115519639e+02 1.364176854993533425e+03 9.065388069782666207e+02 1.075910429505175614e+02 2.310388967473780042e+02 1.205144950876812118e+02 1.446179286614541525e+03 1.350790627643343669e+03 2.164885134805600444e+02 1.557707821799662042e+03 3.731604920279856970e+02 4.065687126529354600e+02 5.393333719494428351e+02 4.552382804944545569e+02 1.563173455054267151e+02 2.967149814815144282e+02 1.082817323118030295e+01 6.183380260295601829e+02 7.850181489761137072e+02 1.375583230796905582e+03 2.849803916571726745e+02 1.129300141303479563e+02 5.086222174787438348e+02 0.000000000000000000e+00 0.000000000000000000e+00 3.843960629442104278e+02 6.932458625990505219e-01 3.497927302713098925e+02 1.308176103622962728e+03 1.134486516024894399e+03 3.134932757360712685e+01 1.562395941921089616e+03 7.154301402069772609e-01 7.726893336927981304e-01
0.000000000000000000e+00 9.382492041638412772e-02 4.486848423052278179e+01 6.555998336604550447e-01 5.552756084999581532e+01 9.772639695005773675e+00 1.694136056139596747e+02 1.098734961677616084e+01 9.326978719288310913e+02 0.000000000000000000e+00 6.883043216758047720e+02 2.586798610682996014e+02 1.137843505596199293e+03 2.859620827215423446e+02 5.268221864473975984e+02 3.396404612268982959e+01 1.099597896025625460e+03 9.842746964740523197e+01 2.342395663068621730e+02 9.553650162447715957e+02 7.014271593753294383e+02 3.966746273215143219e+02 5.248676120340551279e+02 3.847177584093490754e+00 1.567141292525345307e+03 1.353533278610604611e+03 7.041791194985531774e+02 0.000000000000000000e+00 1.242239831198536493e+01 3.723039634854003310e+01 1.221136275345042033e-05 1.084706593405396916e+03 4.279361705642783065e+00 9.076367122148666340e+02 0.000000000000000000e+00 1.112107822545106956e+03 7.592134656308438707e+02
0.000000000000000000e+00 1.406090000730807787e+03 3.963890372968891143e+02 9.489070450894220130e+02 1.074160628828936979e+03 5.370480482460359184e+01 1.503627010121182082e+02 8.021638438173497434e+02 1.799723406513886459e-01 9.427479238046597629e+02 5.898559954355011570e+01 1.159388097983494617e+03 1.017091000079984875e-01 1.363877938440771004e+03 1.443558121024055652e+02 0.000000000000000000e+00 1.243197412926466995e+03 1.334863860349280458e+02 5.491627321068320953e+02 5.193110802797444876e+02 0.000000000000000000e+00 6.929914169424448822e+00 1.326724156261150483e+03 5.289454844834111213e+01 8.251088002186693302e+02 8.832668429269866692e+02 7.422119118339274735e+01 0.000000000000000000e+00 4.217173806119809569e+02 4.680218787175608099e+02 8.193040242485510589e+02 0.000000000000000000e+00 0.000000000000000000e+00 1.541687659133836178e+03 3.075048068686373881e+02 1.034085280067918688e+02 1.807705890784060045e+02
0.000000000000000000e+00 1.506763674015937795e+02 4.501749730589275487e+02 4.414131878106869635e+02 1.038171067481176351e+03 2.538100152830017464e+02 1.820490251325403221e+02 4.386695907225568476e+02 7.711262003176655444e-01 8.172296049391729866e+01 1.002039439187708354e+03 1.380629662414806035e+03 8.591451948015038909e+01 6.446302883373805059e+01 1.149545437978067184e+03 4.813587607243901516e+02 1.211559683240909777e+02 2.082018455979369662e+02 2.218958866849350215e+02 2.188283552013771214e+02 2.318593045874395102e+02 7.407441182697182285e+02 1.482167365732103370e+01 7.584171523481775701e+00 1.376101872128204377e+03 1.101438742522366709e+02 1.330376409488999570e+03 7.163422278614239076e+02 1.323173350165876627e+03 1.061243418910747550e+03 2.053888453462770869e+01 1.291576083375742655e+03 0.000000000000000000e+00 6.318732854518792692e+02 1.240007655988912632e+02 0.000000000000000000e+00 3.294517125528794850e+02
0.000000000000000000e+00 0.000000000000000000e+00 8.475591788766419221e-02 5.760863966737018727e-01 6.643999175976479421e+01 2.971029476883082499e+00 1.915069549746404789e+02 5.103806383840473018e+02 1.164614827361893674e+02 1.220753554781210823e+03 6.312939416154923720e+02 4.886593793051119405e+01 9.929223583030332145e-01 4.069056940580890682e+02 4.939522875746454815e+02 9.767186741626708226e+02 2.954572319800177649e+00 4.333521287118167642e+00 2.744919480976792947e+00 2.707315117865108367e-01 1.132580658240699556e+01 1.304703980831644827e+01 0.000000000000000000e+00 9.172739669386874795e+00 9.950683644419622276e-01 2.643984864766877152e+01 8.590073341870729351e+00 2.629292660422519390e+01 5.557337582185169732e-03 2.445535926743269695e+00 1.401163741918635651e+03 1.008219151009372894e+02 8.886469190728438217e-02 3.157005599709686408e+02 1.247204375266205858e+02 0.000000000000000000e+00 1.998185159618268756e+02
0.000000000000000000e+00 1.377907657852319517e+03 4.296916826674552112e+02 1.310476899366876751e+02 3.269201077637702042e+02 6.164925917346519668e+01 0.000000000000000000e+00 1.225329983724898511e+03 1.699529003333725896e+01 1.457747133889179395e+03 8.074144334871618867e+02 3.537719227774815636e+02 1.519184125183920514e+03 3.513416606926480199e+02 1.075354496389397582e+03 4.454342318320407834e-01 5.133283467016232180e+02 1.012492433704587000e+02 1.056712268582764182e+03 6.841714581555504537e+02 1.254586775078271558e+03 1.688798372082637798e+02 0.000000000000000000e+00 4.965425330972828988e+02 9.186824649949272725e+02 4.052972572129216928e+02 9.570650581097797271e+01 1.355516296303140280e+03 1.514289895272133890e+03 2.153826213788178734e+01 4.771946564772802546e+00 1.950691140511243149e-02 8.753488667590886507e+02 1.554294195748757659e+02 2.934715671942352628e+02 4.658847211463604481e+02 3.775000061004556642e+02
0.000000000000000000e+00 7.257789589995765518e-03 0.000000000000000000e+00 7.254762735652561787e+02 0.000000000000000000e+00 2.003650102938057671e+02 7.378432757182215482e+02 6.666749188459619972e+02 0.000000000000000000e+00 5.542096806031991036e+02 3.374290262186202085e+02 1.653036507323405298e-06 0.000000000000000000e+00 5.321185649673570879e+02 2.214851903513345732e+01 1.615660946771542115e+02 1.423272016325337972e+03 0.000000000000000000e+00 8.456538997891853171e+01 1.935006464481660373e+02 0.000000000000000000e+00 7.033905783682844230e+02 1.617905864269404503e+01 6.714812904409249086e+02 3.406424136573634769e+02 6.758310235804538024e+02 8.316103960581910997e+02 4.031666275291665613e+01 1.140844982193523492e+03 6.199917387341501041e+01 2.356477095900138465e+02 2.435538742338991653e+02 6.962882116472084437e-01 4.459983061822219952e+02 3.047740388919924044e+02 5.713906018452354374e+01 1.566122837067471707e+01
0.000000000000000000e+00 0.000000000000000000e+00 8.220183582020507629e+02 5.931888096289551413e+02 2.853362031097197473e+02 0.000000000000000000e+00 2.891701821393212981e+02 6.917966478713284459e+02 5.037919209972428689e+02 1.721839538814928687e+02 1.401425005607973162e+03 1.205205732753593338e+03 2.873740549322957527e+00 6.367796702289539590e-02 1.449349208575992407e+03 1.375390398323169450e+02 6.260393567560680594e+02 4.752374186562620366e+02 3.613416257611129936e+02 5.623967298519431779e+02 2.950759230157057544e+01 4.799900288667371484e+01 1.082824399494140799e+01 8.302895688244144594e+02 1.317046945777917472e+03 6.680480296475988098e+02 1.366432822377754292e+03 8.861262738779579706e+01 1.454200071965687812e+03 0.000000000000000000e+00 2.534920859513626112e+01 1.413647925647081252e+02 1.118827714349013831e+03 3.597088330134756706e-01 4.124811209486479697e+02 7.606578451934697114e+02 2.150672368203829308e+02
0.000000000000000000e+00 4.871021530922574243e+02 1.528374214535811234e+03 1.499709691890783688e+03 6.600835397936134497e-01 6.247948398916869195e+01 8.989980886526998347e+02 3.589856033694888149e-01 1.027482436371384367e+00 5.446685827279604819e-01 1.260285113889946373e+01 2.850603376295284264e+00 8.861474448765505940e+02 9.207849853689947395e+02 4.044727422075580421e+02 9.697449638432860297e+01 2.568956968174732083e+02 1.262668914799114191e+03 0.000000000000000000e+00 8.788027637795195801e+01 1.302912320410015568e+01 2.129854978408721067e+00 4.521952755651778375e+02 1.607927248358330630e+01 1.183755082652487772e+03 8.481977483781141700e+02 7.526244432386542940e+02 1.548100518248477613e+02 1.229243229863424403e+03 1.620154199498865921e+01 3.975029979490832943e+02 7.245703773320597563e-01 1.098991551389387496e+03 5.899284023156553758e+01 8.398095800902776773e+02 1.133050182586767676e+02 6.603524024891093802e+01
