output/example/lateral_incision_000392.asc
nrows	75
cellsize	13.33333333
xllcorner	0
ncols	75
yllcorner	0
NODATA_value	-9999
[rows 0 to 16 of 75, columns 0 to 36 of 75]
0.000000000000000000e+00 3.111560667785954148e-09 0.000000000000000000e+00 7.593259462781106777e+02 0.000000000000000000e+00 6.938671446162800294e+02 3.322898466254517871e+02 1.334620413499106235e+03 3.989037117104237495e+02 5.961565685188394070e+01 5.062690216439984425e+01 1.837977988102178628e+01 3.436049804044909592e+02 2.232454613535915087e+02 3.757497399238296225e+02 1.600087617474366084e+02 5.412460465191597483e-06 0.000000000000000000e+00 1.430772275955948469e+00 4.457327673779949428e-01 5.350972943520834746e-02 8.214038731092654518e-05 2.132444891575236974e-04 1.614394187922306756e+01 2.010956727149804113e+00 1.936537849555193258e-01 3.746443145962108900e+01 2.394697288128030332e-06 8.592563712945595588e-06 1.072833790534963305e-01 1.062124016246730662e+03 8.672903852689478299e+02 9.240312403002536712e+02 0.000000000000000000e+00 0.000000000000000000e+00 0.000000000000000000e+00 1.729778388324247018e+01
0.000000000000000000e+00 2.812689514229995211e+02 1.276558559748478814e+02 1.104368277457686418e+03 2.424198311951535061e+02 1.928566076335825608e-01 4.270253581866188419e+00 4.169817429810783551e+02 6.215343087240768227e+01 3.968349554521016671e+02 3.878468593359269221e+02 3.263007832515222617e+01 8.298327050558526707e+02 7.554953190654407535e+02 5.874776534036169551e+02 6.004920687534136050e+02 3.360732011596183497e+02 1.779359462108671508e+01 4.778060027682983559e+02 1.185094227841942738e+00 1.146487137503853120e+02 5.811554503534511014e+02 6.306793887555367739e+00 4.046274533121911645e+02 1.258499328738690650e+02 7.597159940318897497e+02 1.848797140734064426e+00 5.540484788662165556e+02 4.266099728048768043e+02 3.092736700459576937e+00 2.853960511930593857e-01 9.602851116283198962e+02 4.843894383846052278e+02 3.655390711571771423e+00 5.044055294350693538e-03 4.941815577892190277e+02 8.188794065220305356e+02
0.000000000000000000e+00 0.000000000000000000e+00 2.246374556338482193e+02 3.359384414828520704e+01 3.817450969761495116e+02 4.874477798090098304e+02 0.000000000000000000e+00 1.352287933764868512e+03 1.710609068839465635e+03 2.186693861029955599e+02 1.198169843907567838e+03 1.006031774374456745e+03 5.757572085753400870e+02 6.008843875784216637e-01 7.472084531066163038e+01 1.785857415668278065e+02 5.281676097353316663e+02 3.421186628472665916e+02 1.248221363155218029e+02 8.506443398265510325e+01 4.909122577205502580e+02 7.436326605389058386e+02 9.978380608907219766e+02 1.992310404542716924e+02 4.676396462189774184e+02 3.106690955290619058e+02 1.427148320971885596e+03 4.804507421393668096e+02 8.807877803884044852e+02 1.966254587570254557e+02 1.415188484100463711e+03 6.519041525873571885e+00 1.027290120665699760e+03 9.745568508501136193e+02 1.072431444170407531e+02 2.645776319005822774e+00 7.860375661117721791e+01
0.000000000000000000e+00 7.973072658930816488e+02 2.880063333418497518e+00 0.000000000000000000e+00 2.666057685616850677e+02 1.529174800555646470e+03 1.428123364828385547e+03 1.577337141953863708e-01 8.274307238234955264e+01 6.212884884673702146e+00 0.000000000000000000e+00 8.464356239995471753e+01 1.455901278587150784e+02 7.107248294934843216e+02 1.111266196841259671e+03 1.179887524619295846e+03 7.157188715334968947e+02 1.711454574980576027e+01 7.867726079394262229e+01 0.000000000000000000e+00 1.181663534964679343e+02 1.002301734985141763e+02 9.851297111955294667e+02 1.852554682993831875e+03 1.046529619840758187e+03 1.260857949775505347e+02 4.638758543514859980e+02 0.000000000000000000e+00 1.966570729940414139e+02 0.000000000000000000e+00 1.327038812147606450e+03 4.858128505792369083e+02 5.715128543718238916e+02 1.110090771287808593e+03 5.831755890601261854e+02 7.812170135599288869e+02 1.851988511813507330e+02
0.000000000000000000e+00 1.823157057662233171e+02 7.484390818750678136e+02 1.608088508387094180e+03 3.770553053106711627e-01 2.709428761084075887e+01 2.405192108128389705e+01 5.711850669312643731e+02 1.677309600248014021e+03 2.772414420236670480e+02 4.235739985919869355e+02 0.000000000000000000e+00 9.930111013478824589e+02 9.260424965067518599e+01 1.656061374221302685e+03 6.221787636527600398e+02 1.735193880089536123e+00 3.903129351362429844e+01 8.447396963715996208e+02 1.843243013555575658e+02 1.420767834436147723e+03 2.690336143615061459e+00 2.226306879104524796e+02 3.851258088721727972e+02 1.093763258827757312e+01 4.851485433987758711e+02 2.331213688913894941e+02 7.067286824983368021e+00 5.448318786478912301e+01 9.983100840592487657e+02 0.000000000000000000e+00 6.255745877816265192e+02 6.679137328108017755e+02 6.733907292496192554e+01 6.440465302691133154e+00 1.000982833872675883e+03 1.023837784615126566e+03
0.000000000000000000e+00 2.997196530002094050e+01 1.922383660687613016e+01 9.786629535887425391e+01 9.223276893917970654e+01 1.074322599297349370e+03 2.350315469183955202e+02 4.716746725850051689e+02 8.795351936022395876e+02 7.992464292761964089e+02 1.632425419677916523e+02 1.673990319619978351e+00 1.522763191366437468e+03 9.372751498473306810e+02 8.542285281984763969e+02 2.322945110506067294e+02 8.486242998392935988e+01 3.493736834741482653e+02 3.991483740569890415e+02 3.161400589560992671e+02 0.000000000000000000e+00 2.006866940173085645e+00 1.381405671468589844e+03 0.000000000000000000e+00 3.927562342916867237e+02 1.242432501601908371e+03 7.525127052010544730e+02 9.208011020692684667e+01 5.953753027984838582e+02 6.702289016460125595e+02 1.154178496066513844e+03 1.103997320033913070e+02 1.156658661234043620e+03 1.460297264318430962e+03 5.746223702123915018e+02 4.495619372006110126e+01 2.228221882101452138e+02
0.000000000000000000e+00 4.745776154743423945e+02 1.577886642936485714e+03 3.607672533553315475e+02 1.974039831328486230e+02 5.151230777150294671e+02 9.234683081575108190e+02 1.212474710356560514e+01 1.173095218523744734e+03 1.935511031702402462e+01 6.164610211536740328e-06 1.080925296575980610e+03 3.252657065464147763e+02 2.288031733634666409e+02 1.305642300060605621e+01 0.000000000000000000e+00 8.386911412752327806e+02 3.784209810794671398e+02 1.797375431349107089e+02 3.404743999964112255e+00 0.000000000000000000e+00 1.591243383603438815e+03 9.607483434320670312e+00 3.038491456156531854e+02 8.156222893529321709e+02 7.435404485466685855e+02 0.000000000000000000e+00 4.225745597238736551e+00 1.949236208553330698e+02 9.569034199430523131e+02 1.309279689866509443e+03 1.542492528998878925e+02 6.548504833205232671e+02 4.684898397677557114e+02 4.072392198538197476e+02 1.800131395278589252e+03 1.345613773155915396e+03
0.000000000000000000e+00 0.000000000000000000e+00 6.956497252362483152e+01 5.950440095697889120e+01 7.856988426894235999e+01 6.044133580600638425e+02 5.529428431471319527e+02 1.347810537141302802e+02 8.658739166121054041e+02 4.754589807462774615e+02 4.315224211160217038e+01 8.737449231306125057e+02 5.208195873284645359e+02 4.548744352040105241e+02 0.000000000000000000e+00 2.434664417336451834e+02 1.736463046646476016e+02 8.067447823625217396e+00 8.960503214878046947e+02 5.844644513986361645e+00 7.134469712798930630e+01 1.521017302007147464e+03 7.034398892911533085e-01 1.125820503186702581e+03 9.984588056292617466e+02 0.000000000000000000e+00 2.513414712989031443e+02 0.000000000000000000e+00 5.191817362207616497e+02 5.152013660513759987e+02 1.059232512288232556e+03 4.913171522723769868e+01 7.424802610237361478e+01 1.200466857222155426e+02 8.106031835537118013e+02 5.163267047221962684e+02 9.385836004244052901e+02
0.000000000000000000e+00 1.663557719599827124e+03 7.803620559406159884e+01 1.371533425490446689e+03 1.639216765775047861e+03 9.481042295392231836e+02 2.024301914386943935e+01 6.249874022952590167e+02 1.236324462117812146e+02 0.000000000000000000e+00 9.300484367202125213e+01 2.833418170570084271e+02 6.790872392610508790e+00 3.731604920279856970e+02 1.045345355893788792e+03 6.155068716058344762e+02 3.597240951534610645e+02 1.833932494273076586e+01 7.297568367992518290e+01 4.207231041931417614e+00 7.039354226932226766e+02 7.310478096289507448e+02 1.312740914207868315e-01 2.369462155844831841e+02 4.365669467115431530e+02 5.522106012703964097e+02 7.326775676596881794e+02 0.000000000000000000e+00 6.492738526253161808e+02 8.373353603139312895e+01 3.107725584707294786e+01 1.452574401952475455e+03 4.106714398416322069e+02 4.051156746451047397e+00 1.125044455801980376e+02 1.348702505446362165e+00 9.168666019940268370e+02
0.000000000000000000e+00 3.242002251042753187e+02 2.527156282108208245e+02 1.108108185881362147e+02 3.654775988310976231e+02 5.128223251040122932e+02 9.616331537838362920e+00 3.447760770452009069e+02 0.000000000000000000e+00 0.000000000000000000e+00 0.000000000000000000e+00 7.860735711830164973e+02 1.275337007282533222e+02 2.969388058127951808e+02 1.220246375878642056e+02 0.000000000000000000e+00 1.147887874740261395e+03 2.492545931254982960e+01 1.774252021070771264e+02 1.694539320450814657e+01 7.039572985546612927e+02 0.000000000000000000e+00 1.282336123304958619e+03 1.255308042409112517e+02 1.506771922300364395e+02 8.244106320667697219e+02 1.152339935889279943e+01 8.459249001850115519e+02 2.946399927567276791e+02 3.661209549764549376e+00 5.340038060056308495e+02 3.012632000966516443e+02 3.344581538759084083e+02 7.962634552461693147e+02 2.276348627486703080e+01 2.596519125923830984e+01 2.677154658353128269e+01
0.000000000000000000e+00 7.009184625072678045e+02 1.010606219709091533e+03 5.079755448598006069e+02 6.416211997080222318e+02 1.096634264348420402e+03 1.110337058498076203e+03 2.497359559539447105e+01 3.362364147452862717e+00 9.434289588080150679e+02 8.714692625571716462e+02 4.553609704965705305e+02 9.036493766236213787e+02 1.375165368706899427e+00 1.009311043973162668e+03 4.175795940217697648e+02 2.481309056587559496e+02 1.193605408810090251e+00 1.427030680942907111e+03 7.547073992229467621e+00 2.623703453581960048e+02 4.915537044016840014e+02 7.096713278604986499e+02 6.835135447260091723e+01 1.650136575487573509e+01 2.171390174587372428e+02 3.109114521822942265e+02 0.000000000000000000e+00 1.080596298777734319e+03 2.255315657077666103e+01 2.835162508631021865e+02 4.315254620830980059e+01 7.053440883864728050e+01 2.742364377343205319e+02 0.000000000000000000e+00 6.373985558298296610e+02 7.756060574273501516e+02
0.000000000000000000e+00 8.845856570552240328e+02 1.068157627202685262e+03 4.537418437823648674e+02 1.047266584092438961e+03 8.361620464795806811e+02 1.867497260484380774e+02 4.710709227329563191e+02 7.711262003176655444e-01 1.665481762206431313e+03 1.229333041854548128e+03 0.000000000000000000e+00 5.353935983525011011e+01 5.693690047990585299e+02 0.000000000000000000e+00 7.319435515185537042e+02 1.648165002190621564e+01 1.605421330123859661e+03 0.000000000000000000e+00 2.261247538009734992e+00 2.160275830642075334e+02 5.869479154638639784e+02 4.906242522287017209e+02 6.255469557719496976e+01 7.922492411088732069e+02 1.243962135366793973e+03 0.000000000000000000e+00 1.081646839033475317e+03 2.411538637996182217e+02 1.662048266264277707e+00 1.107876704105914541e+03 4.277807902919179242e+02 3.445309874395356076e+01 1.908217193833574798e+00 1.060982897888373699e+01 2.820557438886725095e+02 1.990010329600230818e+02
0.000000000000000000e+00 8.882324301541559635e+02 1.262538692803926097e+03 2.604612704820538482e+01 7.139037930352726846e+01 2.971029476883082499e+00 4.876631567473052655e+02 2.511659229680293848e+01 4.546480490686669214e+02 4.694279205018428911e+02 3.159113138726957004e+01 6.350027792437798553e+02 1.005630695585295598e+03 7.159924946899918723e+02 3.629712428001390379e-01 4.072750299327003063e+02 2.112618213839758141e+02 8.731594844871106034e+02 3.897889071727328769e+02 1.127011236440324415e+00 8.495245632200185071e+01 2.696259567210900627e+02 5.253311895522997474e+02 8.436576058278200207e+02 3.251277714022358101e-01 6.428634875051949393e+02 2.210232597770943812e+02 1.695452259681714224e+02 4.878639959588813326e+02 3.141253345603945490e+01 4.200642802235236104e+02 7.077651499712308123e+02 6.559102907296377794e+01 8.646456747040411894e-01 6.945333525187357964e+02 4.202659278588677694e+02 6.576899363196411059e+02
0.000000000000000000e+00 0.000000000000000000e+00 0.000000000000000000e+00 1.428753441047637978e+02 6.428404172587365792e+02 3.969752705819079353e+00 0.000000000000000000e+00 4.002257216843887022e+00 6.957827435980444761e+02 1.351532619913178124e+01 1.723752395534440666e+03 0.000000000000000000e+00 9.105870592904486784e+02 1.093388775575745639e-02 6.629293799176362256e+01 2.770032475141259738e+02 1.069340626006514640e+03 6.693451482222031679e+00 1.653403103381138635e+03 6.849700254069244920e+02 0.000000000000000000e+00 1.022038858060610210e+03 2.489993945590877544e+01 9.917527072177199443e+02 2.213011871371439270e+02 2.123968846605646732e+01 1.282701494094862710e+03 1.318712183973461151e+03 1.482843307211810782e+02 6.305423647935995177e+02 3.148276985971855311e+02 5.106988179704242157e+02 1.119206261867820331e+03 3.617736131584573513e+02 1.339149606849422071e+03 1.039028742989189141e+03 2.749791091649726127e+02
0.000000000000000000e+00 8.571740366340906121e+02 1.446555806968463003e+03 2.177399378845753404e+02 1.868809063785944886e+02 1.005552469700483812e+03 0.000000000000000000e+00 9.411482878894921669e+02 1.747895211352002661e+03 2.199169380757794912e+01 3.402888428454808718e+02 4.046979759703062314e+02 8.214580682426406710e-01 0.000000000000000000e+00 7.925977161452995023e-01 0.000000000000000000e+00 1.959139148085055467e+03 1.714271418652992452e+03 1.564506575243780730e+02 3.223818009471064450e+00 1.264522823435467217e+03 0.000000000000000000e+00 7.912762240321110596e+01 1.649681947555275769e+02 1.383271926696758783e+03 6.041365989300656736e+01 5.876034748030339472e+01 7.997729192888556327e+00 1.464692385486454285e+01 0.000000000000000000e+00 1.103844341990986067e+01 1.336645034568554635e+01 1.558894651351367511e+00 3.457424621320763691e+01 1.202126030635442021e+03 4.459784453483134712e+02 1.553476266919358029e+00
0.000000000000000000e+00 2.061673206051902412e+02 4.257009274320165737e+00 3.903105925044720453e-02 4.001633923535086979e+02 0.000000000000000000e+00 3.065720001532049537e+02 1.941066164414215507e+02 7.271919925035708729e+02 1.003380480704006601e+02 9.333861124762795498e+02 8.020856850621156582e+02 3.715894643896958200e+02 7.952713880931854646e+02 3.856231251502879900e+02 1.535685770956026097e+01 3.582862098010622276e+02 1.659491508350630738e+03 7.067846809589704016e+00 9.280101953273640447e+02 7.011517026649574973e+02 0.000000000000000000e+00 1.638574444568886065e+03 1.984863292444342733e+02 2.689232901707040213e+01 3.899476574971209253e+00 7.268062012523678277e+02 5.710764674197512250e+02 7.907810293044956325e+02 1.126019423669208663e+02 1.993878670918348348e+02 8.386681200844643627e+02 1.538898487546159004e+03 2.038630967175699138e-01 7.221821052473129665e-01 0.000000000000000000e+00 6.418533265328336483e+02
0.000000000000000000e+00 1.662051367428834965e+02 6.162754020882118766e+02 1.874112301385381727e+02 1.223468698170427160e+02 9.388484685855180487e+02 1.790916172611484285e+02 6.268798198651178382e+02 8.253965134382564017e-02 5.286072327612092749e+02 1.059473222160689147e+03 6.071859502758022700e+02 1.351749084374024278e+03 3.122096567808231384e+02 5.786809415545636739e+02 8.400034583747290640e+01 1.074392780185549782e+03 6.330535109719966158e+01 3.878762870870656343e+02 1.680615165534734001e-01 0.000000000000000000e+00 1.725359552085015594e+03 1.178901229800839019e+03 2.531649651320713090e+01 7.243348781180516198e+02 5.283049349627098934e+01 9.680018676022235695e+02 2.980504950410103788e+02 3.777526233517558580e+02 1.062070955553271460e+03 2.836949912570075998e-03 1.341374113643803184e+03 6.406483594757106914e+01 4.506135902539245990e+02 5.195833348767708912e+02 5.116645469891382163e+02 3.348984791399789440e+00
