output/example/lateral_incision_000035.asc
nrows	75
cellsize	13.33333333
xllcorner	0
ncols	75
yllcorner	0
NODATA_value	-9999
[rows 17 to 33 of 75, columns 37 to 73 of 75]
1.652056645015629970e-12 0.000000000000000000e+00 4.186899538617837256e-12 6.081892323254789642e-12 0.000000000000000000e+00 3.382213511076708925e-12 1.650475176095282746e-12 0.000000000000000000e+00 2.977318472244527698e-12 0.000000000000000000e+00 1.652852234069407198e-12 0.000000000000000000e+00 0.000000000000000000e+00 0.000000000000000000e+00 0.000000000000000000e+00 5.663561350215928192e-13 0.000000000000000000e+00 0.000000000000000000e+00 3.372262512135468055e-12 0.000000000000000000e+00 1.653659198863832680e-12 0.000000000000000000e+00 5.672156051004474213e-13 0.000000000000000000e+00 2.441949560521843791e-11 1.660522705420657958e-12 0.000000000000000000e+00 4.944252371901905904e-12 3.377177110892833613e-12 1.654496397019642010e-12 0.000000000000000000e+00 0.000000000000000000e+00 8.600822991032536407e-12 6.567129359510061713e-12 0.000000000000000000e+00 1.659049164694314684e-12 3.384463558196553621e-12
0.000000000000000000e+00 1.160186596518364514e-11 0.000000000000000000e+00 1.650127363639594825e-12 1.107272034904302180e-11 1.657001884210349946e-12 0.000000000000000000e+00 5.662679910118665974e-13 1.812175644022244461e-18 5.665145227752730678e-13 0.000000000000000000e+00 0.000000000000000000e+00 0.000000000000000000e+00 0.000000000000000000e+00 5.674335692319063945e-13 0.000000000000000000e+00 4.219710977277559177e-12 3.378347286987140435e-12 2.436965767225212464e-11 0.000000000000000000e+00 3.390346429351325799e-12 1.653659198863832680e-12 0.000000000000000000e+00 3.402550127543171991e-12 1.666401206306160573e-12 0.000000000000000000e+00 5.364324685160134437e-12 3.378101665594232321e-12 3.665777623093071614e-12 0.000000000000000000e+00 1.651618034470916964e-12 3.381622842376440854e-12 0.000000000000000000e+00 3.396051381527290130e-12 1.857167435779697765e-12 0.000000000000000000e+00 5.647788956184405661e-13
0.000000000000000000e+00 6.081892323254789642e-12 1.646669874495875643e-12 3.391621366767853335e-12 1.662006001508660122e-12 0.000000000000000000e+00 5.659366045603566436e-13 3.382213511076708925e-12 0.000000000000000000e+00 0.000000000000000000e+00 0.000000000000000000e+00 0.000000000000000000e+00 0.000000000000000000e+00 0.000000000000000000e+00 3.382721604754568390e-12 5.674335692319063945e-13 0.000000000000000000e+00 2.976666249217382464e-12 3.380210830595648101e-12 5.651449849642555215e-13 1.664554060845897605e-12 0.000000000000000000e+00 3.403290953730304939e-12 1.669008144910234418e-12 0.000000000000000000e+00 1.652325707995733819e-12 3.395679998072448167e-12 0.000000000000000000e+00 1.654477871085809634e-12 8.714844475601601644e-12 0.000000000000000000e+00 0.000000000000000000e+00 0.000000000000000000e+00 0.000000000000000000e+00 0.000000000000000000e+00 1.644379018747358460e-12 0.000000000000000000e+00
0.000000000000000000e+00 0.000000000000000000e+00 6.124539573910370317e-12 1.663166856715964888e-12 0.000000000000000000e+00 1.650672398155140701e-12 6.125673547697515420e-12 0.000000000000000000e+00 0.000000000000000000e+00 0.000000000000000000e+00 0.000000000000000000e+00 0.000000000000000000e+00 0.000000000000000000e+00 0.000000000000000000e+00 0.000000000000000000e+00 3.378347286987140435e-12 5.679805071933821802e-13 0.000000000000000000e+00 1.653567106515242185e-12 2.362660239554036690e-17 1.862841145083224879e-17 3.412633907025492531e-12 1.669124756403048789e-12 0.000000000000000000e+00 3.020494582800813203e-12 3.402463168372771345e-12 5.671265569975718083e-13 5.673741924727178543e-13 0.000000000000000000e+00 0.000000000000000000e+00 1.025805344017000802e-12 5.643777753124324306e-13 0.000000000000000000e+00 0.000000000000000000e+00 0.000000000000000000e+00 0.000000000000000000e+00 0.000000000000000000e+00
1.667775117616279498e-12 0.000000000000000000e+00 1.661698673161042718e-12 0.000000000000000000e+00 1.663166856715964888e-12 6.879343306708853542e-11 0.000000000000000000e+00 0.000000000000000000e+00 0.000000000000000000e+00 3.384458730820529860e-12 0.000000000000000000e+00 0.000000000000000000e+00 0.000000000000000000e+00 0.000000000000000000e+00 1.654421316178253356e-12 0.000000000000000000e+00 0.000000000000000000e+00 1.653567106515242185e-12 3.381978671115744562e-12 5.471529150605932755e-17 0.000000000000000000e+00 5.448859662573107009e-12 1.040598763428456623e-17 3.412880716387041152e-12 3.403290953730304939e-12 0.000000000000000000e+00 0.000000000000000000e+00 0.000000000000000000e+00 0.000000000000000000e+00 0.000000000000000000e+00 0.000000000000000000e+00 0.000000000000000000e+00 0.000000000000000000e+00 0.000000000000000000e+00 1.656246354080594295e-12 1.647639490524546673e-12 0.000000000000000000e+00
0.000000000000000000e+00 1.661047707529120478e-12 0.000000000000000000e+00 1.651188663183026004e-12 6.124540824273082467e-12 0.000000000000000000e+00 0.000000000000000000e+00 0.000000000000000000e+00 3.383210914255954395e-12 1.654722837656566411e-12 0.000000000000000000e+00 1.653207177950749302e-12 0.000000000000000000e+00 5.677043073295667826e-13 0.000000000000000000e+00 1.653732277862660219e-12 0.000000000000000000e+00 3.316130291857761235e-12 1.666663838687633332e-12 0.000000000000000000e+00 1.610812577022919818e-12 5.725794636694080748e-13 1.627965159817949474e-12 0.000000000000000000e+00 3.151178194087711547e-18 3.403143677408145389e-12 0.000000000000000000e+00 0.000000000000000000e+00 0.000000000000000000e+00 0.000000000000000000e+00 0.000000000000000000e+00 0.000000000000000000e+00 0.000000000000000000e+00 1.073674058371215831e-11 0.000000000000000000e+00 5.687063830313601450e-13 0.000000000000000000e+00
2.010669842244145459e-16 0.000000000000000000e+00 1.529821006713167590e-09 3.389477360329256641e-12 0.000000000000000000e+00 0.000000000000000000e+00 0.000000000000000000e+00 0.000000000000000000e+00 1.655730643825520441e-12 0.000000000000000000e+00 8.646970973966380488e-12 0.000000000000000000e+00 0.000000000000000000e+00 0.000000000000000000e+00 5.677010393257328002e-13 0.000000000000000000e+00 1.657932855607943274e-12 1.664853550131696755e-12 0.000000000000000000e+00 1.237976227738280952e-10 4.927291994407777012e-11 3.491825397445937774e-11 5.729653757438097400e-13 3.037815420677422173e-19 1.653788180865350841e-12 3.107605527536646288e-11 3.403143719121073610e-12 0.000000000000000000e+00 0.000000000000000000e+00 0.000000000000000000e+00 1.653920966583645317e-12 0.000000000000000000e+00 1.649273889464974736e-12 0.000000000000000000e+00 1.656246354080594295e-12 1.647639490524546673e-12 0.000000000000000000e+00
1.212060204576308405e-10 1.682014007185861471e-12 3.460249709296914894e-12 0.000000000000000000e+00 1.410651549605879691e-16 1.651723518569575637e-12 3.394720961412196959e-12 1.656232254793166912e-12 0.000000000000000000e+00 4.214718480449968289e-12 3.383210914255954395e-12 5.676788760106862868e-13 0.000000000000000000e+00 0.000000000000000000e+00 3.386709050229988999e-12 3.440120890630146691e-17 5.702414374754219956e-13 3.403491155605124392e-12 1.279449632597533516e-10 3.398299560360668113e-12 0.000000000000000000e+00 0.000000000000000000e+00 0.000000000000000000e+00 0.000000000000000000e+00 1.669073051123064914e-12 1.652236256128791076e-12 1.304912521703426305e-11 3.405544478708553008e-12 3.392041567060228791e-12 8.584581879210800503e-12 3.373801186928811897e-12 6.218631863904188601e-11 3.373801186928811897e-12 3.412130478800477481e-12 1.709555151932548634e-12 1.738313470585637245e-12 0.000000000000000000e+00
2.998174946087652562e-12 2.838970177706470572e-10 5.709978956585289133e-13 1.673099928550396884e-12 0.000000000000000000e+00 1.370454808831974565e-16 4.238480966084174887e-12 0.000000000000000000e+00 6.046347114919300060e-12 3.390358690438507583e-12 0.000000000000000000e+00 1.654830493945117901e-12 0.000000000000000000e+00 2.998367900236724183e-12 0.000000000000000000e+00 1.247610138946337961e-16 3.722052261135412119e-10 1.295798261000318785e-10 3.401984206435940563e-12 0.000000000000000000e+00 1.652706353022801742e-12 0.000000000000000000e+00 0.000000000000000000e+00 0.000000000000000000e+00 0.000000000000000000e+00 5.360543067744112076e-12 2.975426037569840327e-12 4.198617688445841059e-12 0.000000000000000000e+00 0.000000000000000000e+00 2.591569036843256764e-11 1.984226820298840988e-11 5.634511846228505184e-13 8.526161226171518769e-12 0.000000000000000000e+00 0.000000000000000000e+00 0.000000000000000000e+00
1.501881741352487280e-10 0.000000000000000000e+00 1.655282279514463493e-12 3.411005900379362557e-12 2.464182376169591339e-18 1.658272555801905420e-12 5.637568331271700502e-16 5.691662390372007002e-13 0.000000000000000000e+00 0.000000000000000000e+00 0.000000000000000000e+00 3.391732183521759439e-12 5.681984461651222764e-13 2.994119481148858664e-12 7.643785806315632308e-12 5.694668338878751206e-13 1.313939705158938611e-10 7.693520359117958156e-10 0.000000000000000000e+00 1.209184264467256788e-10 1.657597767295365582e-12 3.394011494090374976e-12 0.000000000000000000e+00 0.000000000000000000e+00 0.000000000000000000e+00 5.672892818163601127e-13 0.000000000000000000e+00 5.671194351720378839e-13 3.391458683952103425e-12 8.584581879210800503e-12 1.653200230011416784e-12 2.917798262799595572e-19 4.170761756126882866e-12 3.372606579858059351e-12 1.848074051055965659e-12 5.939555332531070850e-13 0.000000000000000000e+00
1.644288563015445838e-12 0.000000000000000000e+00 0.000000000000000000e+00 0.000000000000000000e+00 0.000000000000000000e+00 3.931072644205234781e-16 8.753056618850194808e-12 0.000000000000000000e+00 0.000000000000000000e+00 0.000000000000000000e+00 0.000000000000000000e+00 1.776684801590539074e-11 6.288885829911042830e-19 0.000000000000000000e+00 5.702414373456312789e-13 1.657244706834857896e-12 1.024680522690098879e-12 1.661200969594511403e-12 1.200411087227231588e-10 2.988424664717302231e-12 5.725845287939138180e-13 0.000000000000000000e+00 0.000000000000000000e+00 0.000000000000000000e+00 0.000000000000000000e+00 0.000000000000000000e+00 1.652538342682440214e-12 0.000000000000000000e+00 0.000000000000000000e+00 0.000000000000000000e+00 0.000000000000000000e+00 5.695293534974816188e-13 0.000000000000000000e+00 1.450456011500781755e-12 5.414709821905876350e-12 3.394472630132970413e-12 0.000000000000000000e+00
0.000000000000000000e+00 0.000000000000000000e+00 0.000000000000000000e+00 0.000000000000000000e+00 0.000000000000000000e+00 5.743479723158743537e-13 1.279938304001428986e-11 1.673100615007112300e-12 0.000000000000000000e+00 0.000000000000000000e+00 3.374021524306898446e-12 1.661605943228657005e-12 0.000000000000000000e+00 1.844053407530768162e-12 5.706152085516530821e-13 1.655998547438330476e-12 0.000000000000000000e+00 1.652499909624544724e-12 0.000000000000000000e+00 3.376391998515534987e-12 1.666677729970521659e-12 1.111039661927007917e-11 0.000000000000000000e+00 0.000000000000000000e+00 0.000000000000000000e+00 0.000000000000000000e+00 0.000000000000000000e+00 0.000000000000000000e+00 0.000000000000000000e+00 0.000000000000000000e+00 0.000000000000000000e+00 0.000000000000000000e+00 5.692846102493298154e-13 0.000000000000000000e+00 5.673475699205253022e-13 0.000000000000000000e+00 5.647403815978552897e-13
0.000000000000000000e+00 0.000000000000000000e+00 0.000000000000000000e+00 0.000000000000000000e+00 5.690539250160520977e-13 0.000000000000000000e+00 1.342497351545392670e-16 3.479614278852670925e-11 5.581410061824842545e-17 5.743479722447856926e-13 1.632221496946511785e-12 0.000000000000000000e+00 1.645780719480980166e-12 1.104594952578781555e-11 5.587452722228882288e-13 0.000000000000000000e+00 0.000000000000000000e+00 0.000000000000000000e+00 0.000000000000000000e+00 1.652931309216882643e-12 0.000000000000000000e+00 3.650205370484715325e-18 1.651252885563249601e-12 0.000000000000000000e+00 0.000000000000000000e+00 0.000000000000000000e+00 0.000000000000000000e+00 0.000000000000000000e+00 0.000000000000000000e+00 0.000000000000000000e+00 0.000000000000000000e+00 0.000000000000000000e+00 0.000000000000000000e+00 0.000000000000000000e+00 1.459423667302130958e-12 1.644373628407056840e-12 0.000000000000000000e+00
0.000000000000000000e+00 0.000000000000000000e+00 0.000000000000000000e+00 0.000000000000000000e+00 0.000000000000000000e+00 5.683147221478144333e-13 5.708115518550879849e-13 3.399293728648659227e-12 9.760072201778653281e-12 5.525961426295891026e-17 1.656892642925336404e-12 5.729980046142042360e-13 3.394651819572160902e-12 1.627463944797049974e-12 0.000000000000000000e+00 0.000000000000000000e+00 0.000000000000000000e+00 0.000000000000000000e+00 0.000000000000000000e+00 0.000000000000000000e+00 3.037815420677422173e-19 0.000000000000000000e+00 9.170820307347024891e-11 1.650967054460990593e-12 0.000000000000000000e+00 0.000000000000000000e+00 0.000000000000000000e+00 0.000000000000000000e+00 5.678888397091149233e-13 0.000000000000000000e+00 0.000000000000000000e+00 0.000000000000000000e+00 0.000000000000000000e+00 0.000000000000000000e+00 0.000000000000000000e+00 0.000000000000000000e+00 0.000000000000000000e+00
1.637588125069797222e-12 0.000000000000000000e+00 0.000000000000000000e+00 5.679060810849503160e-13 1.024859590452812342e-12 3.389646110119017131e-12 1.658275197642755715e-12 0.000000000000000000e+00 1.928805937145447260e-19 2.665153925468863230e-11 6.763042844360794323e-10 0.000000000000000000e+00 0.000000000000000000e+00 0.000000000000000000e+00 0.000000000000000000e+00 0.000000000000000000e+00 0.000000000000000000e+00 0.000000000000000000e+00 0.000000000000000000e+00 0.000000000000000000e+00 4.191305677648582811e-12 4.104322501705412823e-12 3.397105847435953640e-12 0.000000000000000000e+00 2.978989016915172331e-11 0.000000000000000000e+00 0.000000000000000000e+00 1.153434558925816058e-11 3.581643986686793523e-11 3.052086806787233762e-12 0.000000000000000000e+00 0.000000000000000000e+00 0.000000000000000000e+00 0.000000000000000000e+00 0.000000000000000000e+00 0.000000000000000000e+00 0.000000000000000000e+00
0.000000000000000000e+00 0.000000000000000000e+00 0.000000000000000000e+00 0.000000000000000000e+00 0.000000000000000000e+00 1.654759613634270696e-12 0.000000000000000000e+00 1.658275197642755715e-12 0.000000000000000000e+00 1.683724783892638445e-12 1.481095830456447547e-11 1.881535022176637473e-10 0.000000000000000000e+00 0.000000000000000000e+00 1.672290362296496548e-12 1.666225034833868267e-12 0.000000000000000000e+00 0.000000000000000000e+00 0.000000000000000000e+00 0.000000000000000000e+00 0.000000000000000000e+00 1.649623542564270134e-12 4.212598979225491668e-12 2.216391027232098613e-12 0.000000000000000000e+00 2.069742537943796145e-18 5.153592595502978519e-18 0.000000000000000000e+00 4.173940364719872956e-12 1.069861321292539341e-11 3.005066223512913112e-12 7.683872769096680196e-12 8.716666561958984590e-12 4.158595580825930334e-12 1.624607383453076800e-12 1.629265289196068101e-12 0.000000000000000000e+00
3.354506850180677380e-12 0.000000000000000000e+00 0.000000000000000000e+00 0.000000000000000000e+00 0.000000000000000000e+00 0.000000000000000000e+00 2.984508205107591021e-12 0.000000000000000000e+00 1.679517466420074400e-12 1.552392908361193816e-16 0.000000000000000000e+00 5.744842389429258172e-13 0.000000000000000000e+00 1.289912675324717538e-11 0.000000000000000000e+00 0.000000000000000000e+00 5.714247623974134738e-13 0.000000000000000000e+00 0.000000000000000000e+00 0.000000000000000000e+00 5.678320106567807439e-13 1.652282004277432784e-12 0.000000000000000000e+00 1.652282004277438035e-12 6.347753786074673912e-11 6.477983106176075787e-12 7.098822639800642270e-12 1.394644208282409107e-11 2.807332817157726723e-12 1.642543113628694374e-12 0.000000000000000000e+00 0.000000000000000000e+00 1.629743680473066758e-12 4.171045184842657778e-12 5.579990670090663397e-13 1.624920115257209845e-12 0.000000000000000000e+00
