output/example/lateral_incision_000019.asc
nrows	75
cellsize	13.33333333
xllcorner	0
ncols	75
yllcorner	0
NODATA_value	-9999
[rows 51 to 67 of 75, columns 0 to 36 of 75]
0.000000000000000000e+00 0.000000000000000000e+00 1.243984197536825501e-03 4.824850278182994390e-01 0.000000000000000000e+00 0.000000000000000000e+00 5.431056007294555457e+02 0.000000000000000000e+00 1.406225703797230775e+00 6.155259143738071543e+02 7.603916004357154179e+02 2.412712859951788005e+02 1.541341001475581875e-02 8.270428537061969791e+02 0.000000000000000000e+00 1.354712217440105860e+03 1.078815119575102344e+00 4.838783554252924546e+02 7.095288031697120914e+02 6.863676567554459318e+00 1.896938961924998921e+02 3.873886478714048565e+01 1.196220339863847585e+03 5.508761804711839432e+02 2.051571352742640464e-01 7.284340573218347004e+01 1.593852607613496502e+03 4.540446969938219013e+02 9.524577711044291846e+02 6.945661048383063019e+01 4.303582611258390784e+02 5.703172826851529180e+02 9.328977765834121287e-05 1.229714125874257391e+01 1.859046304337250035e+02 8.331976760389749188e+02 2.979714748621958620e+00
0.000000000000000000e+00 1.646963879916106634e+02 9.339391290789878894e+02 4.759468708802297670e+02 0.000000000000000000e+00 0.000000000000000000e+00 1.094001011223920194e+01 3.418409539399690971e+02 4.053923406277233994e+02 1.624579509116480040e+03 1.182484134131181008e+03 1.215470698892821133e+02 1.806131126894775818e+01 5.000759225008451949e+02 2.529564522653069503e+01 1.761457528244295645e+03 3.538969302669009380e+02 5.146097916275594208e+00 1.118393520131580544e+03 1.165914072381107644e+03 3.377894360444107491e+01 1.808472837631856178e+00 3.186867907399552990e+01 1.397582743501837740e+03 1.013008993898937547e+03 9.677802503196726320e+02 2.192753628120211573e+01 2.949680185610020544e+02 0.000000000000000000e+00 1.529222256485517164e+03 1.569849169022861588e+03 7.396298606645027576e+02 0.000000000000000000e+00 1.339831777099817828e+03 1.125659377842208597e-01 1.635683728333343012e+01 1.199399720041782757e+03
0.000000000000000000e+00 2.609143808354858720e+02 8.998750980836363169e+02 4.079252073803206713e+02 1.424201124969905550e+02 4.203827529124198747e+01 0.000000000000000000e+00 1.001991963568336388e+02 2.915286157217613550e+02 9.511839724978281083e+02 7.154221060640669521e+02 0.000000000000000000e+00 1.413075400796442864e+03 1.052136671962759010e+03 8.850674703897792597e+02 7.621484810820612354e-01 1.721064818263711231e+03 6.618971012680666490e+02 0.000000000000000000e+00 5.364350925571518474e+02 8.694970338513529668e+02 7.881352573507230952e-01 0.000000000000000000e+00 1.406688876424346972e+02 1.256709343022604571e+03 3.151185432621244331e+02 1.789457752636904843e+03 4.350439844552390412e+00 1.499013461917274071e+03 2.010762565776657766e+03 8.582618735317197434e+02 7.108376998928120827e+01 1.395968687720846219e+03 6.519032468540010505e+00 2.471978254654739260e+02 5.386968461535838060e+02 5.879267332961929782e+01
0.000000000000000000e+00 1.531328673126211193e+01 3.201685213280754283e+00 7.428195154122590793e+01 2.588471284455815180e+01 0.000000000000000000e+00 1.135660048704734729e-07 0.000000000000000000e+00 0.000000000000000000e+00 6.660833997932765404e-04 7.589424838475220783e-05 1.999706933568110401e+02 0.000000000000000000e+00 1.075925857595757762e+01 1.363207969887347645e+03 5.793693052488134649e-05 1.108068550323076352e+03 1.702922248969685370e+03 5.143535051634881938e+02 1.026807415246323352e+01 3.138730411002464393e+02 9.767397247239156144e+00 4.179845871861717112e-03 2.948951674237127918e+02 2.679795357105250631e+00 1.598107349005493688e+03 1.982436464532745049e+03 5.842270002751766924e+02 1.025682978532622025e+00 1.518477618553911498e+03 0.000000000000000000e+00 2.448138806496521980e+01 2.687254441769475477e+00 1.328591738453940025e+03 5.760157452814630687e+02 1.300010339050575112e+03 8.648676614966578882e+02
0.000000000000000000e+00 1.575973244954084976e+03 4.878426024104518319e+02 5.702685582088578258e+02 1.439170638371721793e+02 5.791423141920276407e+01 0.000000000000000000e+00 0.000000000000000000e+00 3.550616058945139645e-06 0.000000000000000000e+00 1.032222820938239787e-06 0.000000000000000000e+00 3.840364267860449723e-03 1.664854330242904723e+01 9.675736306365141814e+00 8.498294194293263217e+02 0.000000000000000000e+00 3.828715573709004047e+02 7.168131282483715268e+02 3.212860062333170390e+02 7.775776712668795554e+00 1.069325156163628954e+01 2.487419340389766657e-04 8.356898962626235061e+02 8.116658554759364108e+01 8.999985315633890650e+02 2.915571212189893231e+02 2.072860387555695524e+03 5.822727420524631725e+02 4.522291087472670057e+00 4.315621144247426741e+02 1.317364354297007196e+02 1.213362262123837127e+03 6.097709669755019268e-01 7.330873178975049314e+02 3.276388430051860041e+02 0.000000000000000000e+00
0.000000000000000000e+00 1.950395446844661365e+02 2.614157464530189259e+02 1.146030543065854999e+03 5.342294425812367535e+02 2.924154930874100273e+02 7.510585205006580445e+00 0.000000000000000000e+00 0.000000000000000000e+00 1.032222820938239787e-06 0.000000000000000000e+00 3.865066979256656584e-10 5.799158913076285808e-05 6.073997386151366307e+00 7.471127795892690493e+00 2.513765058810901110e+01 2.768491518105948330e+02 2.084946991991972993e+02 9.884605827112176613e+00 1.709841442310287505e+02 9.640506589957823280e+00 0.000000000000000000e+00 4.784636768473883706e+01 1.180648989449963153e+02 2.381504393304873304e+02 6.990848381964689828e+00 6.620871055409553700e-07 5.242990502824394525e+02 0.000000000000000000e+00 1.734623864241317733e+03 4.918743295299920533e+02 0.000000000000000000e+00 5.716003021329964895e+02 1.355592171482662479e+03 6.340230960168040664e-01 4.194007353997944847e+02 1.224715640789433024e+02
0.000000000000000000e+00 5.844062838054966846e+01 3.203725880950919418e+02 3.148753136645925110e+02 3.467311385086981090e+02 3.329541624122077224e+02 1.078351102901525138e+02 4.864238386826058900e+02 2.503209777311293793e-01 7.557567706976179807e+02 0.000000000000000000e+00 2.302235548513747447e-09 6.260049252717586549e-07 2.405332064189023795e-06 9.016517984116718769e-05 4.564782349765740932e+00 2.019348902056936762e-03 2.770707601173655732e+01 0.000000000000000000e+00 7.010602156918054690e-08 2.176350979998743218e-01 2.996248654600246297e+01 3.244083147700051878e-04 6.303973828391826828e+01 7.780800221603102251e+00 2.000482056469660819e+01 4.187844236854216607e-04 5.420066232316089554e+02 2.429022871209955881e+01 6.016187615034574492e+02 0.000000000000000000e+00 0.000000000000000000e+00 2.088551643424874271e+02 1.153417622738052160e+03 4.601457082587578640e+01 1.039345863959732696e+02 1.247138818519970016e+01
0.000000000000000000e+00 0.000000000000000000e+00 0.000000000000000000e+00 1.904972300635193108e+02 2.957331467583795188e+02 1.296825222105658426e+00 2.316773811269513317e+02 7.597812439795088721e+02 4.349426864458291107e+02 3.549550645123223376e+02 1.195834090200563423e+03 4.622641461437996782e+02 1.549776563834242609e+02 5.683800091624123496e+01 0.000000000000000000e+00 7.769067801540751358e-05 4.141117930131502363e-06 3.576616336343329298e-06 0.000000000000000000e+00 3.076812305902339517e+02 6.535617819322989419e+01 4.228523146197905164e-06 2.705003296621339359e+01 4.722400647480299085e+01 1.553601039492608776e-03 8.483171705167219610e-04 4.630990740248225324e-04 1.309604261510482281e+01 2.095002063698503605e+02 3.423408067047745362e+01 4.946610900707957370e+01 5.034556113999566875e-04 7.636947403252067090e+01 0.000000000000000000e+00 9.950186708721194009e+02 4.812627870619959936e+01 1.749502272680676242e+03
0.000000000000000000e+00 9.455746056396110077e+01 2.996091500910007426e+02 5.553748911462053002e+02 3.348977519177668949e+00 2.875919567484719437e+02 4.346445590957165450e+02 6.690439429233313717e+01 1.270638532417657416e+03 1.879109225996855344e+02 3.417096878614926254e+02 6.427193475218848207e+00 0.000000000000000000e+00 5.587120109052211570e-01 5.844573479047670617e+01 0.000000000000000000e+00 9.501547108780318274e-01 3.745819899352995970e-05 6.291573269986080277e+02 2.804797134381660726e+02 5.962936618061133842e+00 9.307240780470063157e+01 2.801409166687171250e+02 2.367217598457811633e-06 2.620985803949381534e+02 0.000000000000000000e+00 5.852163541030606098e-01 8.680624633911856236e+00 4.624984014988160084e+02 7.308562669141177537e+01 6.823476858887349294e+01 0.000000000000000000e+00 8.018514712563094236e+02 1.726290544624400880e+01 1.633624114736255024e+03 1.421548345211448634e+02 8.369497363931311895e+01
0.000000000000000000e+00 6.014287184456991326e+02 1.137440252066221319e+03 2.251241718182169791e+02 1.893049918022376517e+02 5.883013914454943460e+02 8.926418478656882316e-01 6.388810218677474495e+02 3.142219784672774949e+02 8.800632673479982770e+01 2.040250870114308555e+02 3.064451376942266734e+02 1.547647140690607444e+02 4.321955616579840580e+02 4.419705502153663588e+02 9.215609319752846318e+01 1.384234076905962486e-02 9.452412481439999681e+01 5.198039105853035835e+02 1.820170720167944654e-06 3.710445238446441749e+02 5.125706131643244134e+01 1.452538912916693903e+02 7.859540434237271711e+01 5.496456041911401371e+02 1.764607124113401682e+01 1.901902181892207864e+02 3.231025657641577595e+02 1.028612440165587714e+03 8.769262728728331041e-03 1.537273973853442044e+02 6.363284414613314902e-04 5.349653313910694123e+02 8.431757248559289053e+01 1.969943442739415218e+02 4.374915097442833201e+01 1.508878893211923469e+02
0.000000000000000000e+00 8.612872364503506333e+02 0.000000000000000000e+00 4.324518265744141559e+02 1.074027908427246075e+03 2.978538060121434228e+01 2.281092656981244033e+02 1.567391770360388136e+03 0.000000000000000000e+00 1.047930732667382017e+03 4.167012527782127336e+02 1.729998039133919576e+02 0.000000000000000000e+00 5.625220506817278192e+02 9.454933929047405172e+02 4.056333524972467330e+02 1.323816110556375179e+03 2.251202754377106032e+02 1.225715193995487482e+02 1.407152451838087700e+03 6.284114826170404058e+02 0.000000000000000000e+00 9.768226803669938363e+02 3.646765229849758327e+01 8.700059192209016601e+02 5.234162014417734810e+01 1.373524378684503972e+03 1.157759806836576587e-06 1.589152912819729409e+02 2.028790746247305776e+02 1.246432521748729316e+00 8.325172891768920793e-06 1.923993413413288636e+02 7.187764765827962421e+00 1.012525698761883177e+02 1.408369150999604601e-02 1.973535447404489718e-02
0.000000000000000000e+00 3.869800326073931274e+02 0.000000000000000000e+00 2.631798323131494612e+02 9.477806234852769762e+01 6.628528808847886467e+02 8.092412675205520145e+01 2.431531879496099169e+00 5.706076066255736805e+02 4.025344172859857963e+02 1.923564129887449781e+02 1.199652243998106798e+02 5.092309060233165496e+02 4.530635487057821820e+02 2.446995148756075480e+02 8.457668894062545633e+02 1.418065363554552050e+03 1.075397135168459727e+03 1.677067839322267107e+00 4.450677177314788651e+02 7.575397576630884089e+00 8.746466036168074609e+00 5.354230039069531131e+02 6.742588068820131184e+02 3.458412589567256390e+01 4.018286716624159993e+01 4.274896694303309630e+01 1.069607257378471786e+03 8.350775332636798112e+02 0.000000000000000000e+00 5.975860862797179873e-01 4.198671893425490254e+01 1.472709095355370090e+00 2.981854841525905658e-02 1.568106343819797386e-05 7.851330146115086778e-06 2.880798839205363790e-04
0.000000000000000000e+00 1.565669011248919844e+02 6.135147756172842719e+02 1.332303470149913096e+02 1.435359778547801625e+03 3.872464070934288571e+01 1.215920660917150968e+02 2.603821148085467598e+02 9.445478079276112737e+01 5.613610849619774257e+01 0.000000000000000000e+00 3.814837266257042643e+02 6.284313777039587379e+00 3.316964541989493682e+02 8.989086755286238031e+02 0.000000000000000000e+00 2.325712295433225449e+02 1.662645895385885240e+02 8.395660038216075236e+02 3.837607460692368591e+02 4.986504523547002918e+02 0.000000000000000000e+00 1.434635192442111929e+03 5.219777547019750727e+02 1.147208976252830865e+02 8.790899999906166613e+02 1.109413806475229194e+03 0.000000000000000000e+00 4.439247420109301174e+02 9.919383427927376715e+02 4.089174729677037590e+02 3.485129159532456811e+02 7.477627994278503998e-01 3.160689781317817942e-02 3.086527488611764611e-02 5.568700660486307569e-04 6.877805692577178220e+00
0.000000000000000000e+00 1.113248983115803004e+00 1.014243826653656910e+01 3.988528610773911964e+00 1.573077209776651841e+01 6.241668422097699249e+02 1.264468398185751141e+02 6.053559124498505639e+00 1.433055478015448216e+03 1.293129729929420932e+02 1.417768787867384162e+03 8.748384652190223960e+02 1.764846573774192962e+02 1.099269399187992349e+03 2.971751906283366225e+02 9.993353046324644140e+01 1.536161021547889334e+02 1.622465625555559654e+03 3.536490971860216064e+02 4.949436801163647033e+02 6.469583313696059577e+02 5.157516926434542484e+02 8.318701803899592733e+02 4.721334935568823887e+00 7.613372141247866693e+02 1.809814011525682190e+03 1.041354959667701081e+02 3.576327050854800973e+02 7.342616630990451916e-06 1.209715269306311993e-04 7.248898338099483851e+01 1.515638242089461796e-01 8.545265206787843226e+01 5.097258260814527819e-01 2.675616920841498991e-02 7.230176778201226817e-04 1.520112467286509528e+01
0.000000000000000000e+00 2.648135222913736584e+02 1.493397280346086475e+01 5.720285499202495885e+02 1.557090037593258103e+03 4.854696747389153799e+00 6.020698708452246528e+00 1.382283032140605883e+03 1.525621320642830767e+02 8.955077090311136772e+02 6.166949387270365150e+02 5.730369330221349173e+02 2.039963038563040243e+02 2.904270706644506959e+02 1.163990270088375382e+03 1.761347485390439260e+02 4.865127307122396019e+02 5.768196375460152012e+02 5.093649739279945976e+01 5.975343887260047495e+02 5.830874554325684578e+00 2.942556719517640431e+02 3.084792891737168929e+02 1.255640320589314740e+01 0.000000000000000000e+00 8.081275942203907334e+02 1.106880690715075161e+03 8.555930967120177399e+01 3.489416091595722378e+02 6.485611146230838813e+02 1.583783722849132118e+02 4.768954153180833941e+02 0.000000000000000000e+00 2.790432284775390031e+02 1.029363887232237573e+02 2.518380958083755505e+00 5.775196133414299311e+02
0.000000000000000000e+00 0.000000000000000000e+00 1.034665521565193062e-08 8.339862926412540389e+01 2.021806274822951366e+02 1.690082874646804612e+03 7.669962240413899508e+02 1.129591065688769547e+01 1.340424872093102238e+01 4.188617664242523375e+01 5.948570409629861615e+02 4.188007536374567508e+02 9.463546022075300925e+02 1.074164059435093179e+02 0.000000000000000000e+00 1.495233274456367553e+03 1.649001477445407545e+03 1.100229140685642960e+03 5.450099634651951419e+02 6.626687232762460553e+02 2.589503440906356104e+02 1.539139491662296955e+01 5.443330736641663670e+00 1.099702366070222979e+03 4.107527679837833716e+02 7.975544311107717022e+02 8.128227389571269441e+02 3.519392833418513646e+02 0.000000000000000000e+00 5.190058528146099093e+01 7.162381198169863694e+01 6.174551071390221750e+02 8.147087034109082424e+02 0.000000000000000000e+00 0.000000000000000000e+00 9.863067414434077307e+01 3.423203165464434505e+02
0.000000000000000000e+00 1.747240374554496157e+03 1.550096320888197852e+02 0.000000000000000000e+00 8.607704315783458071e+01 6.525225362955430342e+01 2.013847691461901661e+02 3.299773102916017820e+02 1.215222920749097995e+02 1.429354623586876187e+03 3.389540989519709058e+00 3.102180961275212034e+00 2.162511496755210487e+02 1.102731390144927218e+03 1.455222037467130747e+02 1.239495393118947959e+03 4.417046756685755327e+02 2.033504095539240097e+02 8.165639368345199500e+02 2.053322829298338945e+02 7.901126268487146262e+02 1.277811627904222433e+02 7.007571785464082268e+02 1.414075436506748247e+03 5.034629374459296258e+01 7.215187564401535383e+02 7.697608380745132308e+02 1.564410883584461089e+03 7.186576598863707659e+02 3.258744667288871142e+02 8.728528423927874655e+02 6.165205176038366375e-01 4.795903505453556903e+01 3.425755989390473815e+02 1.674865203477956356e+03 4.046954041601862286e+02 7.091154361346008272e+02
