output/example/lateral_incision_000334.asc
nrows	75
cellsize	13.33333333
xllcorner	0
ncols	75
yllcorner	0
NODATA_value	-9999
[rows 0 to 16 of 75, columns 0 to 36 of 75]
0.000000000000000000e+00 3.111560667785954148e-09 0.000000000000000000e+00 7.593259462781106777e+02 1.366821773850643012e+03 6.938183004394281852e+02 3.322898466254517871e+02 1.334620413499106235e+03 3.989037117104237495e+02 5.961565685188394070e+01 5.062690216439984425e+01 1.837977988102178628e+01 3.436049804044909592e+02 2.232454613535915087e+02 3.556186740700994164e+01 3.413760045000477561e+01 5.412460465191597483e-06 0.000000000000000000e+00 1.430772275955948469e+00 4.457327673779949428e-01 0.000000000000000000e+00 8.214038731092654518e-05 2.132444891575236974e-04 1.614394187922306756e+01 2.734756896395310610e-01 0.000000000000000000e+00 1.467995409988723132e+00 2.394697288128030332e-06 8.592563712945595588e-06 1.072833790534963305e-01 1.059712603314569833e+03 8.672903852689478299e+02 9.240312403002536712e+02 0.000000000000000000e+00 0.000000000000000000e+00 0.000000000000000000e+00 1.714033155400310804e+01
0.000000000000000000e+00 1.669317062218139540e+02 6.731707526552787613e+01 1.088452221270128803e+03 2.215433694015822539e+02 8.733046755630199414e+02 0.000000000000000000e+00 4.169817429810783551e+02 6.206763274924411888e+01 0.000000000000000000e+00 3.878468593359269221e+02 0.000000000000000000e+00 6.708834541875029345e+02 1.539580686022936789e+02 2.477879905587112148e+02 0.000000000000000000e+00 3.360732011596183497e+02 1.779359462108671508e+01 4.778060027682983559e+02 2.235411571249459051e-01 4.630020912565802860e+02 1.998860187211523112e+02 4.623939332681852754e+00 4.044920087804285913e+02 4.464374441194996166e+02 1.108558734298772151e+03 1.001865254318956788e+00 5.540484788662165556e+02 4.266099728048768043e+02 3.092736700459576937e+00 9.026634339246066929e+02 1.075637901929928120e+02 4.843894383846052278e+02 3.655390711571771423e+00 5.044055294350693538e-03 4.932002807625463561e+02 1.041293745605599042e+03
0.000000000000000000e+00 1.765308095440649367e+03 1.001395898909668514e+00 3.264264193993565755e+01 1.374912665631940172e+03 3.984291583163011410e+02 7.895087358818085477e+02 2.551167809583780866e+02 0.000000000000000000e+00 1.122224327388480560e+03 1.437650242893848599e+03 8.717162834483232245e+02 4.691191894078578883e+01 1.526567196414878538e+02 2.832501334563229278e+00 9.740414460800516281e+02 3.082857485576750278e+01 3.421186628472665916e+02 1.086575752451622066e+02 5.699100138467833858e+02 1.284415930156370678e-01 7.765821340953522167e+02 8.022906095879420718e+01 1.419249682064646095e+03 2.048966235585363620e+02 3.422765230495664923e+02 4.360075936554640066e+02 1.976027622961765644e+02 8.657293467030161764e+02 3.490892218649922274e+00 1.927333151639130904e+02 6.924814800243300539e+00 6.067999335503787961e+02 9.601733995013544245e+02 9.357009004397586693e+01 9.519971158165235465e+02 1.479381167083889004e+01
0.000000000000000000e+00 0.000000000000000000e+00 1.558814820848098407e+03 1.802275765770977500e+02 1.662311008203136453e+03 8.334961378484305214e+02 3.067264040065732047e+02 4.094401403483529407e+02 6.578044857648982315e+02 5.392473001813488054e+02 1.019811178628641983e+03 9.373482863617670091e+01 1.335159778118693339e+03 5.712925148806908737e+02 3.774871458627216612e+02 1.260749090677349216e+02 7.096643804632354886e+02 1.705834356531408247e+01 1.252362425634892134e+03 1.466085710870868070e+03 8.231496756549340432e+00 1.211625874032755235e+01 1.104709592742727864e+02 1.043234166298550235e+03 0.000000000000000000e+00 1.282441449998632834e+03 3.950326285227424705e+02 0.000000000000000000e+00 1.965245344489865147e+02 1.454565559292252829e+03 1.202228402061180290e+01 4.420275341170618049e+02 6.689307079655467305e+02 1.110090771287808593e+03 5.818364452555783828e+02 8.823063103498595865e+02 1.475694140174123277e+02
0.000000000000000000e+00 1.218608355259831569e+03 3.775560021500943009e+01 7.117161755538651846e+01 9.253723852604188949e+01 4.148681901720577159e+00 5.708972312153856876e+01 1.435274730149102140e+02 5.977567113928405433e+02 2.525499095510284633e+02 8.723285894463548296e-01 9.754787897921907813e+01 1.487906611444446980e+02 4.455616273493370159e+02 7.298084039692437273e+02 5.279908865934584128e+02 6.213342730250712709e-01 3.903129351362429844e+01 8.390121148681593013e+02 9.842651523780432399e+00 1.380964604247755460e+03 4.956717349519014988e+02 4.441335971196555477e+01 8.952538917955591842e+02 8.151050656757383162e-02 1.654877892319973398e+01 4.528283256763804161e+02 7.067286824983368021e+00 5.448318786478912301e+01 4.612414753360907866e+02 2.994350611683819441e+00 1.992456547090303332e+02 9.999353410925157277e+02 6.733907292496192554e+01 6.440465302691133154e+00 1.261431320101400161e+03 1.210717500046894202e+02
0.000000000000000000e+00 1.293991005494127876e+03 8.363548457018154068e+02 7.798755767216520098e+02 9.305945543610296227e+02 9.692522521765865804e+02 8.624922150061403272e+02 9.420776826532903936e-01 5.742277704276764760e-01 2.005594668356194461e+02 7.998095002961496220e+02 8.388440746993770745e+02 6.662680155241528723e+01 6.567578729981116794e+02 8.542285281984763969e+02 1.139844463737075415e+02 6.254676155362877807e+02 2.171623824296534266e+01 3.991483740569890415e+02 9.658326643776294418e+01 2.795303729016577563e+02 5.099435852679075083e+02 2.553542714630429700e+01 5.449326491060151767e+01 1.247248788922358244e+03 1.258610814417969124e+02 7.493004220509844799e+02 9.208011020692684667e+01 5.953753027984838582e+02 5.701092367226821125e+02 2.066599067643367675e+02 1.331481761372998562e+03 4.249875859192803773e+02 1.460297264318430962e+03 5.746223702123915018e+02 6.302913543677086636e+02 1.989111795008010404e+02
0.000000000000000000e+00 7.352839095755950893e+02 8.130748492309273843e+02 0.000000000000000000e+00 9.543293924590731194e+02 7.073510730676325693e+02 1.657382928219226130e+02 3.779661940155796174e+02 1.498880409225516814e+02 9.684817315906909698e+02 2.594458073721490621e-01 3.292889467840879547e+02 3.218365919522077547e+02 1.716152482942508470e+02 5.006414889596107365e+00 4.820316559041520463e+02 2.790305244130648816e+02 2.195697726743171874e+00 1.568878818594762663e+02 7.733175106816885318e+02 9.618146757336755854e+02 3.918969386425279140e+02 2.062976651779613633e+02 1.348912230118492062e+03 7.752760621408212955e+02 9.346883398359118189e+01 0.000000000000000000e+00 4.225745597238736551e+00 1.949236208553330698e+02 1.080041202611317601e+02 2.555668754422137283e+02 4.022411092260999577e-01 9.805061975872125402e+01 4.648843061177876166e+02 4.072392198538197476e+02 5.162482238492685838e+02 1.282671696229764962e+02
0.000000000000000000e+00 6.159052998017120899e+02 1.091125071184860190e+03 5.950440095697889120e+01 7.856988426894235999e+01 6.043227781043598270e+02 5.527518225649366741e+02 3.054252337850634191e+01 8.217669451577052087e+02 1.248861290137107538e+01 6.711915905475120958e+00 2.910290932553909329e+02 1.076192938848581235e+02 3.145440948066162719e+02 1.399857494750758178e+03 0.000000000000000000e+00 9.315924298517311852e-01 6.750576928716096745e+02 4.823551729809638005e+02 2.470968153915297005e+00 0.000000000000000000e+00 7.715048193759099604e+01 9.970187521693830490e+01 1.200920862455654969e+03 3.810655247284430516e+02 9.312746049902219738e+02 2.513414712989031443e+02 0.000000000000000000e+00 4.750185424333046740e+02 5.840988160984903743e+02 1.348370339661237836e+02 3.826317095363542080e+02 2.081457601465851042e+02 1.175923509091682178e+02 8.106031835537118013e+02 1.083823623617586918e+03 7.379329880980407097e+01
0.000000000000000000e+00 2.816426145093289506e+02 1.871564234950255354e+02 1.209109415486147554e+03 7.354161140791163689e+02 5.469664930885831389e+00 6.452544548205601131e+02 6.249874022952590167e+02 1.236324462117812146e+02 0.000000000000000000e+00 2.122270542394362636e+01 2.833418170570084271e+02 6.790872392610508790e+00 3.731604920279856970e+02 8.039131387342436028e+02 2.451231940169107588e+02 1.834444623488797106e+02 1.415164005781410594e+02 0.000000000000000000e+00 0.000000000000000000e+00 6.980316701658194916e+02 5.224625009322514870e+02 1.404941220560083082e+01 6.907919379104946245e+01 1.725027635823951755e+02 3.974174619314851498e+02 6.786702765301314457e+02 0.000000000000000000e+00 6.387087553993167148e+02 1.446153247606389186e+03 1.575857785654358167e+02 1.591824315519525953e+03 1.127727453190507958e+03 0.000000000000000000e+00 1.125044455801980376e+02 9.035264082105836678e+02 1.047299587977783553e+00
0.000000000000000000e+00 5.548518328807863043e+01 2.298866951177035673e+02 2.410097119354847450e+02 2.498239531741853625e+02 8.820971576127232083e+01 9.616331537838362920e+00 3.447760770452009069e+02 0.000000000000000000e+00 0.000000000000000000e+00 0.000000000000000000e+00 7.860735711830164973e+02 1.275337007282533222e+02 2.859620827215423446e+02 1.095451139581940424e+03 4.057782722724494988e+02 4.569300651563431188e+02 1.358927440197414249e+01 8.679223070537560716e+02 2.383707051880047167e+00 7.039572985546612927e+02 5.345675138658193646e+02 1.822138203421683329e+02 9.707614669914656815e+02 1.557391585371705105e+03 1.494933350746125598e+02 1.152339935889279943e+01 8.178532239596936506e+02 1.870833852088617633e+01 3.348801690339012680e+02 1.010737523785413146e+02 7.344494426903155500e+02 4.194394516232449632e+02 7.932989071990979255e+02 2.271997200993808264e+01 9.758837272689407882e+02 1.234683816354094233e+03
0.000000000000000000e+00 2.813709566527998618e+02 1.766501430315322750e+03 6.855632065402824082e+02 1.269959355448157339e+03 6.917670204844395876e+00 6.988277458597792702e+00 2.497359559539447105e+01 3.362364147452862717e+00 9.434289588080150679e+02 0.000000000000000000e+00 1.445291054701415874e+02 8.413839818974072386e+02 8.888283883773538951e-01 3.147209259472178360e+02 1.571368294174698699e+00 5.611346690965390280e+02 8.211008525886177267e+02 7.062922797911188582e+02 0.000000000000000000e+00 2.040648211719794745e+02 3.791222294716197325e+02 5.723735704834499529e+02 3.521265258878554238e+00 1.841003250131994946e+02 0.000000000000000000e+00 6.874982841027792801e+02 1.284225260072641390e+02 3.848295959551039687e+02 5.952756975124948440e+02 4.137051372337828781e+01 7.681638538075707174e+02 0.000000000000000000e+00 2.740620242338465573e+02 0.000000000000000000e+00 1.088772874111364445e+03 8.247651676442450253e+02
0.000000000000000000e+00 8.819910084127217260e+02 1.064405623711473709e+03 4.537418437823648674e+02 1.038171067481176351e+03 8.361620464795806811e+02 1.867497260484380774e+02 4.710709227329563191e+02 7.711262003176655444e-01 2.426150335106216858e+02 1.526959112254268121e+02 7.903609153197025705e+01 2.196978636339838431e+01 5.693690047990585299e+02 4.594031355821441025e+02 1.486641123577742064e+03 8.808304158105302406e+01 7.083303128781521991e+02 8.687504454107111087e+02 8.443759084264758741e+00 3.624703373119757266e-02 4.170595511031092997e+02 1.307497320308746396e+02 6.429763468356344447e+01 4.849157328759874019e+01 1.772136296357646415e+03 3.482299612962319202e+02 3.538324297291957237e+02 1.551343137000163097e+03 1.067331151498356576e+03 1.567231719052535936e+02 1.533970279224461137e+02 9.396120126141941000e+02 6.345579720726122197e-01 5.708354591925777211e-01 5.811731788257520748e+02 0.000000000000000000e+00
0.000000000000000000e+00 8.606544708290006440e+01 0.000000000000000000e+00 2.604612704820538482e+01 6.643999175976479421e+01 2.971029476883082499e+00 4.827127692035427344e+02 2.698234966464830187e+00 2.919621147547629221e+02 1.542752507205644577e+02 3.607857057715472848e+01 1.782418712363075599e+02 1.265832674155923598e+02 7.096890117320684794e+02 3.629712428001390379e-01 5.099047750961864836e+02 7.256756392948688017e+01 1.514637114431292503e+03 8.448718510710907594e+02 2.384208304265984957e+00 1.875637811626913276e+02 6.396618154883798297e+02 6.645937021793812391e+02 1.681619763960670070e+03 4.143840291436683287e+01 5.462055753196724339e+01 6.230648692299783242e+00 1.890239920750253688e+01 2.836242902813325273e+01 5.292314468343048417e-02 8.009077003425229577e+02 1.815899631995912102e+02 1.096420088030672559e+03 2.204294773622025900e+02 1.440987717544030033e+02 1.602561236638650598e+03 8.709047827332686609e+01
0.000000000000000000e+00 0.000000000000000000e+00 8.246531747689102758e+02 1.428753441047637978e+02 5.472781109959677224e+02 6.032245952416252521e+02 1.007891098856834233e+01 7.473716819502864155e+02 7.603329055575143514e+01 1.442490329071630413e+03 1.428255338738128728e+02 8.512004808435351606e+02 1.259775319572089984e+03 5.667293688800945120e+02 3.930769273713606848e-01 2.443242664001132880e+02 1.459360612974670403e+03 7.759352777097439535e+00 8.010871166416869755e+02 1.230452101511284354e+03 5.944586039853284092e+02 1.083689112810101740e+01 1.123082966829147011e+01 1.132619444011563381e+01 1.317666678813854105e+03 8.990888479366201409e+02 3.109750541557144174e+02 1.450763863690678136e+03 1.340004947524493218e+03 7.385929519604063671e+02 9.984107978899560365e+00 4.590745053475799864e+00 1.292938254173137658e+01 5.837875995053229961e-01 0.000000000000000000e+00 0.000000000000000000e+00 4.360211040188983134e+02
0.000000000000000000e+00 2.297237991614515096e+01 0.000000000000000000e+00 2.177399378845753404e+02 1.231759322359403996e+03 6.256444256301270990e+00 2.205995127790168908e+01 6.106331234569346407e+02 8.247539731912866046e+02 7.009982711784265064e+01 1.386698775125835709e+03 1.140661125815771129e+03 1.211672531341219106e+01 0.000000000000000000e+00 5.397692711259870491e-01 4.801014205445098355e+02 6.813277225072948795e+02 1.365038711477106290e+03 6.688815288877506537e-01 6.176843517139376516e-01 7.652075136964539226e+00 9.499037707706208948e+02 2.306844327958390650e+01 1.457080320269553340e+03 1.143029310691996898e+03 6.975681274991225145e+00 1.500800226522429284e+03 0.000000000000000000e+00 1.346087652575323318e+03 5.015775405161273284e+02 4.436294041943448860e+02 4.077468326825743929e+02 1.570060387547906885e+03 6.458002845195505870e+02 0.000000000000000000e+00 1.618423771490849958e+03 1.558704087118711413e+03
0.000000000000000000e+00 2.061673206051902412e+02 4.257009274320165737e+00 8.318039652677862250e+02 1.140459305671321090e+03 6.020125380853926345e+02 4.207429617561983832e+02 2.952792009000447138e+02 2.472361301076341817e+02 8.256604628986597163e+02 7.385517570148191169e+01 1.127668804306700622e+03 2.735492947582131364e+02 1.736926203885443556e+03 2.153488233558463776e+02 2.052453915955937873e+02 1.133384303944855446e+03 4.198877820256626592e+00 9.900219225236402565e+01 5.858491159423012959e+02 9.326373751963767234e+01 6.063484424679286349e+02 4.149834317569138875e+01 4.457461651709761554e+02 3.087638037680485326e+01 2.257097745143240104e+02 8.120514880699222715e+01 9.782678592613385717e+02 8.686014604940568233e+02 5.186533937980560722e+02 3.897738975979975606e+01 5.864263165911562510e+02 0.000000000000000000e+00 4.279666956925585737e+02 7.560303137110614671e+02 2.450730106219553672e+00 4.900762728128301546e+02
0.000000000000000000e+00 1.631920662573687366e+02 0.000000000000000000e+00 0.000000000000000000e+00 1.143595669545135474e-01 1.169785892659848741e+03 1.566122542030068416e+03 5.440600471260537141e+00 1.946067733011809797e-01 0.000000000000000000e+00 1.545161423542987933e+01 1.537871674997638038e+01 5.017529910486260292e+02 0.000000000000000000e+00 0.000000000000000000e+00 9.614455818848675790e+02 0.000000000000000000e+00 7.341999606596314152e+02 1.015326081855002258e+03 1.915901312104798535e+02 4.960525293763081156e-01 1.314688827182831574e-02 1.339169212459145228e+03 1.553935149764286052e+02 0.000000000000000000e+00 4.449477976704775415e+02 8.593063958455320517e+01 8.248263599005713331e+02 2.568991039821275422e+02 5.597136225634551465e+02 0.000000000000000000e+00 1.440177380160933808e+03 8.420493249690379045e+00 5.671018864299328666e-01 9.624865066325693306e+02 1.385963823628412417e+00 1.504946106132727266e+02
