output/example/lateral_incision_000145.asc
nrows	75
cellsize	13.33333333
xllcorner	0
ncols	75
yllcorner	0
NODATA_value	-9999
[rows 17 to 33 of 75, columns 37 to 73 of 75]
9.991321102713416735e+01 8.370755612451050638e+02 8.423524180323734356e+01 7.110693545266908586e+02 8.568726451827101300e+02 1.341718946513637547e+03 3.396385652774200139e+02 1.709303621400081965e+03 2.743406395196354310e+02 5.736726777383851505e+00 2.841695754380750145e+02 1.212764262761069403e+03 6.008284182224098231e+02 1.596896931914715489e+00 7.234007556557502312e+02 2.742673475720529837e+02 1.096263895705376434e+01 1.028214466015369908e+02 3.838240333467532395e+01 1.799704615098422611e+00 2.031274300895970271e+02 4.861661715962465564e+02 1.605434794050225264e+03 1.244881093758453128e+00 9.037800307122571439e+02 1.092794016636986044e+03 1.643942155106149627e+01 9.528372943222901768e+02 1.304568735910483838e+03 3.934355095984289452e+00 0.000000000000000000e+00 1.050122014509336850e+03 6.127004583889107403e-01 7.052391109322693410e+02 5.642317338648806526e+02 1.237150078317899613e+02 2.493362510242216956e+02
6.318089534780813210e+02 2.724216899172777744e+02 3.270942381613401153e+02 2.004231144807276266e+00 9.170215694148454588e+01 1.091031833524154536e+03 1.010424423813935420e+02 1.172620847420721930e+03 4.604962074251056414e+00 4.986703399452115377e+02 2.717921292338434114e+02 1.159111621043608409e+01 0.000000000000000000e+00 5.498594700850052277e+02 5.746204094045747297e+02 2.067339780495607613e+02 1.110268241203373663e+01 2.792337110071214283e+02 8.133055922817047190e+01 0.000000000000000000e+00 6.713633844799660189e-01 1.371530814816509860e+02 9.354087677169698054e+02 1.579205788715362132e+03 0.000000000000000000e+00 8.948100847049414597e+01 1.076405524841850820e+03 1.909736340617525457e+03 7.679763673921019063e+01 1.510383634754491311e+02 1.128454170140702445e+03 1.275902363546229026e+03 1.110406041760579228e+03 2.222093829383525758e+02 1.043194240655646126e+03 9.773095333766065096e+02 7.472072341026320146e+02
4.195772809203115230e+02 1.372746382083223011e+02 1.502518435052402594e+02 6.378826102365195538e+01 9.555124858800818188e+00 2.103937741802678119e+00 1.276853684318633331e+00 1.204926006077810371e+03 2.720526065077161704e+01 1.332862204398019834e+01 1.281976460768168238e+02 1.756635192933772032e+03 8.798001271709573530e+02 9.894542439302181691e+00 1.356642172546676193e+03 6.858412004759730785e-01 5.483299230567776306e+01 8.384273014205662067e-02 4.171397031959526203e+02 1.001726402272317728e+03 4.535389300403380730e+02 2.092076723002940639e+02 1.881248595250681177e+01 0.000000000000000000e+00 8.523874594128611761e+02 5.650344797829613697e+01 5.046244571704804684e+02 3.333469210807485865e+02 4.838265516734256977e+00 6.048287187983927424e+02 8.712420026791255268e+00 3.081114572093830475e+02 7.955077806151464870e+00 1.020734796423528878e-01 3.610458122808142889e+01 8.641164509338476591e+02 0.000000000000000000e+00
8.407382102733163265e+01 7.868866861867575153e+02 5.137774424048619721e+02 2.986270431866248032e+02 2.430651776144373333e+00 3.879211812464799891e+01 1.984640694691539977e+02 1.456667559175591009e+02 4.265412680566506687e+00 5.158561584702995333e+02 5.166973088449966554e+02 4.892154034054448175e+01 9.912473040011437888e+02 2.941762786109146077e+02 0.000000000000000000e+00 1.285926672384824542e+03 5.751621241999051115e+00 2.721536654869871086e+02 1.392959632948666240e+02 9.055347551507846902e+02 0.000000000000000000e+00 2.577963511570115429e+02 7.003680008013328688e+02 9.174415519454051946e+02 2.606926178395233364e+02 5.690772079918796322e+01 8.540741056382839815e+02 1.223876969048398450e+03 5.530624361212093163e+02 9.164293902650323389e+02 7.850957094349173815e+01 1.506171495826398257e+02 7.858293182731672655e-01 1.573710910428412717e+02 1.076238727648543545e+03 0.000000000000000000e+00 3.169085812994329077e-07
0.000000000000000000e+00 1.330960594903036281e+03 7.709659580448614236e+01 1.381519401686334049e+03 9.389050174738807186e+01 5.621723245080888773e+02 4.890445338215546940e+02 4.082629279052480911e+02 4.692344253846030711e+01 1.291768380793145932e+00 4.863005543872013732e+02 5.933280610202065191e+02 1.398444056198669841e+03 2.294138937740110862e+02 4.827647081679991459e+00 8.377574449827797025e+02 1.228836371084790244e+03 0.000000000000000000e+00 4.806300070720094020e+00 1.856207450147927318e+02 7.382171789715111743e+01 9.523436928201688190e+00 1.033488402061803271e+02 6.384923130822384110e+02 4.040652889541130187e-06 7.461884607688632514e+02 4.129357443656061122e+01 1.321838863182539626e+03 6.379322185892433481e+02 1.112962011504483371e+03 2.817954384335989175e+02 2.085720380758174599e+02 1.252791164652674496e+02 3.922919589082996339e+01 1.182020402344265221e+03 2.239522066398241051e+01 5.231813908572552236e+02
4.266622502864433386e+02 2.091498808221250449e+00 1.063227331114104572e+02 3.201355979784107353e-01 2.468684919964156563e+02 0.000000000000000000e+00 1.315923282851875626e+02 2.779257257838374926e+02 1.324356973089963276e+03 1.299026219437088230e+03 1.574734585780298630e+03 4.863348979036199005e+00 2.169432701686588132e+02 1.351688430386997879e+03 7.053499360293451446e+02 1.539698979218953268e+00 1.342265138358203330e+03 3.582639656210346288e+02 7.056092682794023858e+02 2.129805078654123349e+02 1.305610917251044389e-01 5.798878552043670531e+00 1.617294098620777731e+03 1.071695004239935315e+03 4.491552283016797542e-01 0.000000000000000000e+00 5.517151135298278319e+01 5.737394377900383802e+01 6.839724104913897484e+00 1.126478427886257236e+02 1.718599888741706039e+01 7.936941455775570375e+02 1.352685505429210480e+03 5.446288839701496727e+02 2.058944264881326944e+02 5.640474885231365079e+02 1.315742262586561310e+03
2.310756959260717736e+02 4.808348137665653326e+02 5.530480606852079291e+02 1.526239213614118626e+03 4.059200531227093478e+01 1.105348896597370640e+03 5.482859747705159634e+02 5.573626066114484301e-01 8.471615985662523940e+01 3.599501515034033332e+02 5.772407323502021370e+01 1.042251759629478556e+03 1.817650827333570760e+02 2.852124701292719422e+01 1.961020034411682445e+03 1.528629730405021974e+03 1.147318847238900759e+02 6.066147227038906067e+02 1.171647725526742079e+03 2.403681599999306329e+01 0.000000000000000000e+00 7.641102442793124965e+02 5.477461490380519660e-01 7.880251383404246468e-01 4.584574276861707176e+02 1.008436086370327075e+03 0.000000000000000000e+00 3.202642433227230754e+02 3.358575746772361299e+02 1.284876399983226065e+03 1.216649126831647436e+03 0.000000000000000000e+00 5.225439674731421746e+02 2.278967484582734293e-01 1.502833013526477316e+03 4.473783796556359107e+02 1.939977144847754857e+02
1.669103058819913485e+02 1.670149587303725696e+02 1.367644510801821127e+02 1.028734754910313086e+03 1.735469947969693294e+01 2.134272799251141066e+02 6.809979380929080435e+02 0.000000000000000000e+00 8.356772183639155855e+02 1.164881584306605049e+02 1.972909601689857482e+02 5.454995757683935835e+02 6.026874372218010194e+02 5.228361181109155496e+02 5.516957262014732351e+02 9.117994595833630456e+02 1.464761158807353695e+03 8.743192223317521439e+00 4.600747524951061678e+02 8.080740994021626875e+02 1.364559042305783578e+03 1.059074750194124803e+01 1.139976624480772671e+03 4.969083018639685747e+02 4.507643343533975222e-01 5.721280768673071861e+02 9.867748200364682987e+01 2.966819694622208772e+02 3.218607708224533894e+02 1.095011526851935173e+02 1.472482858963233411e+03 0.000000000000000000e+00 0.000000000000000000e+00 5.907077344610156615e+02 1.495531461410113252e+02 3.816957250620346258e+02 4.855951919034686171e+02
1.792720938367940278e+02 6.326329607263438959e+01 1.413614583044570105e+00 0.000000000000000000e+00 3.055375823603464482e+02 2.963378875530658547e+02 6.783709613863027243e+02 1.537266499217399485e+02 8.534846020003612921e+02 5.049310667464192761e+02 1.851404165530623303e+01 6.707968810595061476e-03 3.570896432973473793e+02 9.124794770363140515e+02 1.021931243745276952e+01 1.045141763537953544e-01 0.000000000000000000e+00 1.052528843163471720e+03 3.633046161226939130e+00 6.237928920117261669e+02 8.068635566199269249e+00 1.612203545035220031e+03 0.000000000000000000e+00 1.758479072117417608e-01 1.831731285832380536e+02 0.000000000000000000e+00 2.894744588231844551e-01 0.000000000000000000e+00 0.000000000000000000e+00 3.322076912321951347e+00 2.051982602767954518e+02 1.023758579931806079e+00 1.939688969484791770e+01 8.163984460790118192e+02 4.104912045792741537e+02 1.710454658269840778e+01 6.747278792278349329e+02
5.068118866713657411e+00 2.059092943385413719e+02 1.855833558027070396e+01 1.055754947533317363e+03 1.591395955332798735e+02 0.000000000000000000e+00 7.453747474147162393e+02 3.872807055838047745e+02 1.486942263938518352e+02 2.473187876699595051e+02 1.054206597805429283e+03 8.640800366469085247e+01 6.543493345970539110e+01 7.831145657500954149e-02 1.013252146584826846e+03 5.337467017182196969e+02 2.069189251128837270e+02 6.536524168752904416e+02 1.215600059094545941e+03 4.795083102328896274e+01 5.652486142841079086e+00 1.145710158460910407e+03 0.000000000000000000e+00 8.250108762771602642e+02 4.194728627314245273e+02 1.420055665624565977e+00 6.415012735087657347e+01 1.236539159641687391e+01 1.520598958405082080e+01 5.790619144000570486e+02 6.267854465058757540e+01 6.589129411805112113e+02 1.005156392785368780e+03 4.785795366172070544e+02 1.265669775981835841e+02 4.704881609149656185e+01 5.392842533342268929e+00
0.000000000000000000e+00 1.140272710174625814e+02 5.433337265488288326e-01 2.433191643922351375e+02 1.230540527096569576e+03 2.735432869016019026e+02 7.604212984086677807e+02 7.508238665472598541e+02 8.604167224549156856e+01 3.936159992022068081e+02 0.000000000000000000e+00 1.129955669990711385e+03 1.588404948243453134e+02 1.032786491557204727e+03 8.899149455131665718e+02 2.934338793921981220e-08 9.017557956824413168e+02 1.152638442948543570e+03 4.659202065950482563e+01 1.294102893738640603e+01 3.605172801520245685e+02 1.273433970189834099e+03 1.467248646096691800e+03 1.013676367181908290e+03 8.317027221339627374e+01 3.618200240367310272e+01 1.551651984553475074e+02 4.247485015778524371e+02 1.334545897089024322e+02 6.310236989126759966e+01 5.231049605345577902e+02 0.000000000000000000e+00 3.285144791389078733e+01 3.523050564298443987e+02 8.810919857771450836e+01 2.966601499594576552e+01 5.533089369012429870e+02
4.593938942742727818e+02 0.000000000000000000e+00 2.779769766027545188e+02 3.880767210075441085e+02 3.581570172153902121e+01 2.819637539025456885e+00 1.472105811249849694e+03 1.076568758346506456e+03 3.050680505444924506e+02 4.134617263771824014e+01 6.706396569711200755e+02 5.683394528068299678e+02 3.141247448288980308e+02 1.087231042165634776e+01 3.401689948804541359e+02 6.558680375237556746e+02 2.294782072018582308e+00 1.689487704653372191e+01 1.172097763088497004e+03 1.705541058441999169e+01 5.566251976833577828e+02 3.243792992334482506e+02 9.846899836899226655e-01 4.969598482620749280e+01 3.639304424360834105e+02 1.245999115090292889e+03 3.386381806263257204e+02 3.541818421037011166e+00 8.082859026823178965e+02 5.537616346263410350e+01 0.000000000000000000e+00 4.930177793489251314e+01 2.922924447752345714e+02 9.867719997277943094e+02 1.225636461172461850e+03 3.400872582375932893e+02 5.514227588646117795e+01
1.288025735728744223e+02 1.183588888397900973e+03 1.540370323875421832e+02 1.096204465567288025e+03 1.616948263989576617e+03 8.411591224427408253e-01 2.646290126894848882e+01 1.407526654068247126e+03 1.672312076342978116e+03 1.038642722371386817e+01 8.653695517432917086e+02 3.670870839427978893e+01 9.646385793406543598e+02 5.869155931480923982e+02 1.435916670831997237e+02 0.000000000000000000e+00 4.527336854630600556e+02 1.066526816081840252e+03 3.455054674232074490e+02 1.345597343258663159e+01 4.175064741972912543e+02 3.734563789989114468e+01 1.556963624904695735e+03 5.710547628867924459e+02 0.000000000000000000e+00 1.014446641490818593e+03 5.691846645269137070e+02 1.181978837405775984e+01 2.221778187922740244e+02 1.345268412258661328e+03 6.575458044565054934e+02 1.398558509902148899e+02 2.392577681224613571e+02 4.987076671787161963e+00 2.114103494551914864e+01 3.511096694537927760e+02 2.269654621388897908e+02
1.164339115153464235e+02 4.477055172524717364e+02 0.000000000000000000e+00 2.583471407689227703e+02 5.875661831111735012e+00 1.009396354947971375e+01 2.387472361122183528e+01 1.320739757454425671e+03 3.087859433923634924e+02 5.856636795274079788e+01 3.180423902632866202e+02 3.166578923078868790e+00 6.614308938192750702e+02 1.991413787904470496e+02 7.793058573948020467e+02 4.229454087911885374e+00 0.000000000000000000e+00 3.033662504242639613e-01 3.392119367084163741e+02 1.903307071555093088e+01 2.090538767528918029e+01 5.473327390309178782e+02 0.000000000000000000e+00 6.033793947619145683e+02 7.016348577966017501e+02 6.023344347520599662e+00 3.573270903083125631e+02 5.566408137236117000e+02 1.371433005480050042e+03 9.835666399429211424e+02 9.300471459948623121e+00 1.133856599320726900e+03 1.384303341402051274e+03 6.533779253859945584e+02 6.074031580793198373e+02 4.665614190104867589e+02 2.091219065594454207e+02
9.102019154084730417e+02 2.310272059080436975e+02 4.938747365880161055e+01 9.240507354331039096e+02 0.000000000000000000e+00 6.357715026458212151e+02 1.500326731031110583e+01 1.210194276255397217e+00 1.605647834274123170e+03 3.381983255592465554e+01 7.941463345189957863e+02 2.147754679775788844e+01 2.674277736124170133e+02 3.116021235215289380e+02 2.987507859222509978e+02 3.443268771871620402e+02 6.790131326469762030e+00 8.997452982027077724e+02 5.201960104624400856e+02 1.581431612097168982e+00 1.078637552425939930e+03 1.095224020479395449e+03 3.047638874501005262e+02 5.392053285121236286e+02 0.000000000000000000e+00 0.000000000000000000e+00 5.898023737024244610e+02 1.316574998662260668e+03 3.475659690218735705e+02 1.395584843860204955e+02 1.084701149168036864e+03 1.634824489726359161e+03 5.822249651860344244e+01 2.008973759597452258e+01 2.639718516347604691e+02 1.154883571263689873e+03 1.631590163414718830e+01
8.444879058164140133e+02 0.000000000000000000e+00 7.553912886244938818e+02 2.376603449946978515e+02 5.804964408756634953e+01 1.209762594849042216e+03 8.122645514384755643e+02 6.602441162658063831e+02 2.202908678272856235e+01 3.758659988620260961e-01 1.356941823283044869e+03 1.275298155933814144e+02 1.049405517117300406e+03 9.880575385879666328e+01 1.285532365368113915e+03 8.690755223739101893e+02 4.502123881518755866e+01 4.335458618845353662e+00 7.146023332168174136e+01 1.206561174199621694e-01 2.036427444027859224e+02 4.371537946632836906e+02 5.429236627142124689e+02 0.000000000000000000e+00 8.753566013438604614e+02 0.000000000000000000e+00 4.385130217192478597e+01 4.156481681155932506e+02 1.952188859615636218e+01 1.077515469612913193e+03 1.119377553093574079e+03 3.192565878775005785e+02 5.065994593358350926e+02 3.203232741795742413e+02 1.948694662574524372e+01 6.380747103046624034e+02 8.637731008872531646e+00
6.759655413835383797e+02 1.866085560424801315e+01 5.275857356816121069e+01 4.405197513594008285e+01 9.535775520770513367e+02 8.488831233177859303e+02 5.999756137371535658e+01 0.000000000000000000e+00 1.112319128379899666e+03 8.253161577865090237e+01 2.901693010897954395e+00 4.739183739485509932e+02 6.860972763212068912e+02 9.870550010761094484e+01 3.301170018987324539e+00 9.838740687753412431e+02 4.734472438846761406e+02 3.634684353405434609e-02 2.148788385387785826e+00 9.800942272718491495e+02 3.461814791000336289e+00 9.721899706171612934e+02 8.632193968888553226e-02 3.084169336502802139e+02 1.545798218625438736e+01 8.455848164022315814e+02 0.000000000000000000e+00 0.000000000000000000e+00 2.660217850105829029e+02 3.614230522131423129e+01 1.734807147154549227e+02 1.182490934449475162e+03 1.054084166575720474e+03 5.531223824550594372e+02 8.986558825045325420e+02 1.597568703596223031e+03 3.520104197826736936e+01
