output/example/lateral_incision_000133.asc
nrows	75
cellsize	13.33333333
xllcorner	0
ncols	75
yllcorner	0
NODATA_value	-9999
[rows 51 to 67 of 75, columns 37 to 73 of 75]
0.000000000000000000e+00 7.302210570825520790e+02 9.009460310433738961e-01 1.284183615272963266e+02 8.583202293409877939e+02 9.857472499416702476e+02 6.150132290833984143e+02 0.000000000000000000e+00 1.206186178088833913e+03 4.390869929334229482e+01 9.001669778832194879e+02 3.154682807382246779e+02 9.172751710649645673e+00 0.000000000000000000e+00 2.307215651371292040e+02 1.153706178604762272e+03 1.343750237486081232e+03 1.858616057381061069e+02 9.061887592777488010e+01 2.278900885330833148e+02 6.775809681200947807e+02 0.000000000000000000e+00 9.744792747147375849e+02 8.821130515906713265e-01 6.195673122702842761e+01 6.337477032780184061e+01 3.609367996887362438e+02 4.460835676694622407e+02 2.588772432442850118e+02 3.694367411236652021e-01 5.646356227854499821e+02 5.952183625984686444e+01 5.652800304149092625e+00 1.050706028856904595e+03 1.393964632926681816e+03 5.231750189520931826e+02 1.831373704118990808e+00
6.352624056954082477e+01 9.098818975396538917e+02 0.000000000000000000e+00 0.000000000000000000e+00 2.226512845156594977e+01 1.821664747120215907e+03 0.000000000000000000e+00 1.644700704906634655e+03 9.814606577142757260e+02 6.342924758172121535e-01 4.854654950600631196e+02 4.791508559666636025e+00 7.197673057972048127e+02 1.209846391035829583e+03 2.615248278019409733e-01 1.009121576191390535e+00 3.332694554029878575e-01 3.218643677713825468e+02 6.883196745888403711e+02 0.000000000000000000e+00 5.407562497255671587e+02 1.395895713033293987e+03 1.629127271252627684e+00 0.000000000000000000e+00 9.468441841555488736e+01 5.191408821193344920e+02 8.914161074003592375e+02 1.382236431834012080e+02 1.381985464340386329e+02 6.231180231979324802e+00 9.106970388060674395e+02 1.294064696855037937e+03 3.840989790213688480e+02 1.618875615039437221e+01 7.988823605295006018e+02 1.147978104248664067e+03 0.000000000000000000e+00
9.925076293217219927e+02 9.734691121179324114e+01 5.270656067048253135e+02 0.000000000000000000e+00 5.306486316834557329e+02 2.247477286367917326e+00 1.738338481426468149e+02 3.958180374908503718e-01 0.000000000000000000e+00 1.449660485737517320e+03 0.000000000000000000e+00 7.941748536162964456e+02 8.434588386157460036e+02 0.000000000000000000e+00 1.512111960354388884e+01 3.020129776627130695e+02 4.878205468780910792e+02 1.333272456811623430e+00 4.302369917378426294e+02 6.689586666104515871e+02 7.214806090661446625e+00 1.773390791184782600e+01 6.279538135186520549e+02 1.231244890435483057e+03 0.000000000000000000e+00 6.783886477340961108e+01 4.178833280164632242e+02 7.347752096761389566e+02 5.378441571611813465e+00 1.120069203802079073e+03 3.770623745502864210e+01 9.987336165859700259e+02 6.212152943806308940e+02 9.728057361348603536e+02 1.228841865956472601e+00 3.113192137636874577e+02 0.000000000000000000e+00
4.660706217567267231e+02 8.781771995439988814e+02 0.000000000000000000e+00 1.798527022962481396e+02 5.452281088265125391e+02 8.617827117106633068e+02 8.987829288637710761e+02 4.737955814651386959e+02 0.000000000000000000e+00 6.022432442409484565e+02 1.419288531063788241e+02 4.010920668517705963e+02 1.054386858065682190e+03 9.033262930346048734e+02 5.382425352796880702e+01 0.000000000000000000e+00 2.773950242018194672e+02 1.666159484187124235e+03 3.390747640935127816e+00 1.292173046276457171e+03 1.599822772112782161e+02 2.202761349473798589e+02 8.101944321056452054e+02 0.000000000000000000e+00 6.552566876512642580e+01 1.880025921859576556e+03 2.602342020252457928e+02 5.578107363035654487e+01 4.218623093526621233e+02 5.985595752773332379e+02 8.510066504206589499e+00 9.584016035636474271e+02 4.326331232662441266e+02 5.169642023810677074e+02 2.518981482824431168e+02 5.329657815422759768e+02 4.943553557513415058e+02
3.043369627777795472e+02 1.936383062212293567e+02 4.423415912004688835e+02 4.351149737773242876e+00 1.183510250021310640e+03 9.812702857898199227e+02 0.000000000000000000e+00 1.034931046448981988e+03 1.933911617986345846e+02 1.672117773128566967e+02 4.569285853507315096e+02 8.481056312377799333e-01 2.915626621632205229e+02 6.725296928327397836e+02 3.755902688021051858e+02 5.882573377101008418e+02 2.995047443102172835e+01 1.445368424449012082e+03 8.120599074190698730e+02 5.959904727607622243e-01 0.000000000000000000e+00 8.573227908972810951e+00 7.312612002156630524e+02 2.136793827205301852e+02 1.360642303419811697e+03 3.729323651594221474e+02 1.045657523614043960e+01 1.370623653176839525e+03 1.471772035943400624e+03 1.698978284580800562e+02 6.383945755722650119e+02 4.362595251420868294e+02 9.900587047560107123e+01 3.462145387264730978e+00 1.246067740414390812e+02 5.515544767445584995e+01 8.332497175027310732e+01
0.000000000000000000e+00 9.314425920442074585e+02 5.554285163701520105e+02 1.104109065024785064e-01 3.786667359382225868e+02 1.235389343697333544e+02 0.000000000000000000e+00 3.740649735538718801e+02 7.535062044186210528e+01 1.153465924426865286e+03 6.840432579738165941e+02 3.192819840077139588e+02 6.650074514104292689e+01 6.167764158223767481e+02 0.000000000000000000e+00 0.000000000000000000e+00 4.355946637112118602e-01 9.913035725177952600e+02 7.142652760591889773e+02 6.940783820025566264e+00 0.000000000000000000e+00 3.498267017479990386e+02 3.213139951299977497e+02 5.365946943249617789e+02 1.488156117795834007e+03 7.220431937138891954e+01 8.180442238074730312e+02 9.170959825149774360e+02 2.627329413111915528e+02 6.809712670010261490e+02 7.557557010430254252e+01 3.700895978659424941e+02 9.290965879284438245e+01 8.823237584473354218e+02 0.000000000000000000e+00 6.736828969037128445e+02 1.192033410255237840e+02
8.323427753749984959e+01 9.602377539178376782e-07 1.817645531703090001e+01 1.077582538252627501e+03 5.385979006246784593e+02 2.034043942475159383e+02 7.207602700754478064e+02 6.899235140243742990e+02 5.293326633444659368e-01 8.712284327482369406e+01 4.982696765608337408e+00 5.567254330866272767e+02 1.024880324068623736e+02 3.737418785814920170e+02 1.383119786569282041e+02 5.725041005763242765e+02 1.225785144245077063e-01 2.868957082836088190e+01 2.621129863452860604e+02 4.777422797590483161e-02 8.694124970769117056e+01 9.951648280972309024e+00 4.954781280122124940e+02 0.000000000000000000e+00 1.465578756567640362e+01 8.316299875192964919e+02 1.432363352511470566e+03 1.062741969275252586e+03 1.559636179215111162e-01 1.378282412980572644e+03 1.001275976859727734e+03 2.093696860659666754e+02 3.058889544751678358e+01 1.435190733650300920e+01 5.958602077478435604e+02 1.051969276317486468e+01 2.001316044414525948e+02
5.307467666178195032e+01 1.379364569509290732e+03 0.000000000000000000e+00 0.000000000000000000e+00 1.897089483673549694e+03 2.214377292025453983e+02 6.461036454241495619e+01 2.552438842027481769e+02 5.555632578579380834e+02 4.554384989216474082e+02 8.096687430762076474e+02 3.303783859348780538e+02 2.736921496051878933e+01 1.606653085853843379e+02 5.820404870747227051e+02 1.457745198898681167e+02 3.890231275492211012e+02 1.127522485306489699e+02 4.925548485391882991e+01 1.250089895399276202e+03 1.032111665591106430e+03 1.270708726005068911e+03 4.826869653976431640e-01 2.740189917203128402e+02 5.546796365811438534e+00 0.000000000000000000e+00 5.349846708784369866e+02 4.496874843803558406e+02 5.942155655883498184e+02 1.037429312812372700e+03 3.971051540821699977e+00 8.687214752743290092e+02 7.453094268723785945e+02 2.733923429303593000e-01 6.396919688415366636e+02 3.080158266825702071e+02 0.000000000000000000e+00
8.315551822185115043e+02 2.381288137162286933e+00 1.070389780597774688e+03 3.151167019946150560e+00 4.042951189165310097e+02 5.385759536497796489e+02 5.702639486180216863e+02 8.465999937433847435e+02 3.021638628445249992e+02 0.000000000000000000e+00 1.054543038367406098e+03 4.228661778284247248e+02 1.479522141005025215e-01 2.463640817592428789e+02 3.538653385100524247e+02 5.853451223840673947e+02 3.282106397492029970e+01 1.469097118476761743e+01 2.155493959101779566e+01 2.360850575918880168e+02 2.387722559763047343e+02 3.966191787914636393e+02 1.596789537541663549e+03 1.804288325672197857e+02 2.019343829966509929e+03 8.599241144870391054e+02 5.897603771533532324e+00 9.047077125861644618e+02 1.510973379023829750e+02 2.638024279951115325e+00 1.494653403145255652e+03 9.354717612499531469e+02 9.132447495255222520e+02 1.766763898598550213e+02 5.417582879765525377e+02 8.868779302541847187e+01 9.767378540598978134e+02
8.878192532973622519e+01 9.512475377377345467e+02 1.208352388124952313e+03 1.489063494648629103e+03 4.133978927381248525e+01 3.813599243798317389e+02 4.118019464696236476e+00 2.872606054674751164e+01 5.454448080203028439e+02 2.633076592123925197e-01 4.627482812233932918e+01 1.061159845983554760e+03 0.000000000000000000e+00 4.035055936782973163e+02 6.164570902442318356e+02 5.457563173734459205e+00 1.190245956217936509e+03 2.146240839913941443e+02 1.015318232935177178e+02 2.551902681580094736e+02 1.772248426474876908e+02 0.000000000000000000e+00 7.110229028605817803e+01 5.816580112614608424e+02 3.363987061107828254e+02 1.913216721954499633e+02 1.503916809756570387e+02 1.247483653246908020e+01 1.026343951649052769e+03 1.090995699494725159e+03 7.749392330402671281e-02 1.056450344854651568e+01 5.293625193534959408e+02 4.029741060450089662e+02 0.000000000000000000e+00 1.792025204388419581e+02 6.671990319245661567e+02
1.186291002937803256e+02 1.386111209175975318e+03 1.003615359638428913e+03 7.402293584813191956e+02 1.103583605508741350e+01 1.319070273291020214e+02 1.288004091786842537e+03 4.793042089468624454e+02 4.975552852570327644e+01 8.017929586510261970e+02 5.451593472576922750e+02 2.448294751755457241e+02 5.780568929500058175e+02 0.000000000000000000e+00 7.009170272638021970e+01 3.073070336977685884e+02 9.009762679895982274e+01 2.699357515329459716e+02 4.066827778680143268e+01 6.863431430702906937e+02 1.556212451127729253e+02 3.354360395551917122e+02 0.000000000000000000e+00 2.107456311597739784e+01 1.936843170766517801e+02 2.476230283203534888e-01 1.510973379023829750e+02 6.366584228523448701e+02 2.740948109380824782e+00 6.759950355648892355e+02 1.554821929811402242e+03 0.000000000000000000e+00 2.229428789472003984e+02 1.065142347436400541e+03 2.000477146003020437e+02 3.357293661087255714e+02 9.122237386947751929e+02
3.357030863964100718e+02 0.000000000000000000e+00 1.975333284134653127e+02 1.218796661590444501e+03 0.000000000000000000e+00 1.127244455180424666e+03 3.469887667690670696e+02 0.000000000000000000e+00 1.804237352891414048e+01 6.605192799255298723e+02 1.913785231588898794e+00 2.652732002897133157e+02 0.000000000000000000e+00 7.981705711555265452e+02 1.014218643248327112e+03 4.769428565601625678e+02 8.669081955943390483e+01 2.874275006000311237e+02 9.655458633095635435e+01 6.365061482684022849e+02 8.206039797222812240e+02 8.746389131898713032e+00 9.736198126923266045e+02 1.988509126497682189e+02 5.918143518135070280e-02 1.164421729362530641e+03 3.104419934673379657e+02 7.972800894676647658e+02 3.862541631806951727e+02 3.398890605200663995e-01 7.320067514459926770e+02 1.467242364144200565e+03 1.451143861150313228e+02 6.173222959460182402e+00 4.673769868375598548e+02 1.399733543841321989e+03 1.858577974257897125e+01
3.985641520399552746e+02 1.214873919666618804e+03 3.229508809115553163e+02 3.794286966924162243e+02 4.438697199264878464e+02 0.000000000000000000e+00 1.002854341576574484e+03 4.626152915638090803e+02 1.477738651625583998e+03 2.420560254446441739e+00 9.786418367126472049e+02 1.189784226174913556e+03 6.848267374285366031e+02 9.398543437476747897e+01 7.194989080859858177e+02 7.542891317137333544e+02 9.405516295568421583e+02 3.293389603907097580e+02 7.369009757747618794e-01 9.074700696185439028e+02 0.000000000000000000e+00 3.631497596287563852e+02 4.129567668384491981e+02 9.425668853331962964e+02 1.091425231259321471e+01 6.055568403968202063e+01 2.920928022857187223e+00 5.950181130486347456e+02 1.969763286653565046e+02 4.994516859530234569e+02 5.179183638782070886e+01 1.586060266280035762e+02 1.964247842039336263e+02 1.368472471422210219e+03 4.943870686231400668e+02 1.726397068374442654e+02 7.061490367748114672e+00
2.130714063285901716e+02 6.670776198442529221e+02 1.973656856281657213e+01 1.504114885045430015e+02 0.000000000000000000e+00 7.016752245498202001e+02 1.789013201816819568e-02 4.974169489078296920e+02 1.237546628835675392e+03 2.876826223145532158e-01 1.145965527324712184e+03 2.925266173226299884e+02 4.831222157687061269e+01 3.876372329819048446e+02 9.219318521304707303e+01 4.897556582978730688e+01 0.000000000000000000e+00 3.860529014725872798e+02 1.557423627581239478e-01 1.432323632665793127e+02 5.598823704741005258e+02 1.566897449285530541e+01 1.039806494998070548e+03 2.637159344085975832e+01 2.930261183118007011e+02 0.000000000000000000e+00 9.741734335095673032e+02 5.870618179887536598e+02 0.000000000000000000e+00 4.117902434092591761e+02 6.809799919715563874e+02 6.552162997128141431e-01 1.379194784148210999e+02 9.128383548928109121e+02 4.788310919637229404e+02 5.639964320479107300e+02 1.606752564077521228e+01
1.908120841570550752e+01 0.000000000000000000e+00 6.459041070706450682e+02 2.435524944488604717e+02 1.578590160733314596e+00 1.451162407442467156e+03 5.913433129253604648e+02 2.409257925226611086e+00 7.415753127109333036e+02 5.642505304622858375e+02 4.526363944712135101e+00 4.353374103690178742e+01 6.313566018982899095e+02 5.886715592083706952e+02 1.300054579765952099e+02 5.960169310462983958e+02 9.505047707212222576e+02 7.933347489345032955e+01 2.272756989131926864e-01 3.934696158391200811e+02 3.536832340345250003e+01 4.542604540242901976e+02 5.602776511939944157e+02 1.118764130312194709e+02 9.667311439935072030e+02 7.761225499932869525e+02 4.102705635244104769e+02 2.041879990341555242e+02 7.516961364933706591e+01 1.428058708940799981e+01 1.284920514487132778e+03 5.863252414660850036e+02 3.048663464003329437e+01 1.437599173306963678e+02 2.472302736366238207e+02 2.876618205680774167e+02 5.211427453788995479e+01
0.000000000000000000e+00 3.832868228521447804e+02 1.545326459650127845e+03 1.954886121798562915e+00 6.963372207830799425e+02 2.897051724255795762e+02 7.960388171913130009e+02 7.337266993692289816e+02 4.860300163659023731e+00 1.694977313135812835e+02 2.545787044736107987e+02 7.376340149229104100e+02 7.016514488607753037e+02 9.048383087239349152e+02 7.967667354004991376e-01 2.376503252021465755e+02 0.000000000000000000e+00 1.081362716786842348e+01 1.271084771952600249e+03 6.253796183493969920e+02 9.240489944374467086e+02 1.105110917421487926e-01 1.606069020831907210e+03 1.704573484764741522e+02 4.572898423037985083e+01 7.139108437426162368e+01 5.112630278654873450e+02 4.932811323039927061e+02 3.353230305997432197e+02 9.462143600657513787e+01 8.383584808278294531e+02 8.578413939558505490e+02 1.718662831053269997e+02 5.186344303569558178e+02 3.192830465693745623e+00 0.000000000000000000e+00 1.061491161167355813e+03
3.066459551734233013e+00 5.614585188597688159e+01 5.587916832848629056e+00 8.905536851108998917e+02 5.082092598455165557e+02 6.131246870445623109e+00 2.091688857324150490e+02 5.737737120327727780e+02 1.528443569412815464e+02 7.153297461107623878e-01 8.345879626297373477e+01 3.509292971658908868e+02 1.692865673038718342e+03 5.467128800714170749e-05 1.154433588294687070e+03 1.527232271625421163e+03 6.187028301498118026e+02 6.710974553812252275e+00 6.321091566336962160e+02 8.891480879622940847e+01 5.653807924807591689e+02 2.399003600381706747e+02 1.480176613473717453e+03 4.510934863514950877e+01 1.273292209199836634e+03 1.913288218938117211e+02 4.792053453899443980e+02 0.000000000000000000e+00 0.000000000000000000e+00 1.640867718499976036e+02 1.098756396345624182e+02 3.837509219325762899e+01 8.161509505456624538e+02 5.680081932000335954e-01 5.727883885071049690e+02 4.217998724621522655e+01 4.871529979083922512e+02
