output/example/lateral_incision_000074.asc
nrows	75
cellsize	13.33333333
xllcorner	0
ncols	75
yllcorner	0
NODATA_value	-9999
[rows 34 to 50 of 75, columns 37 to 73 of 75]
6.555988580068278893e+00 8.207907408676826435e+02 9.483459192566330387e+01 1.070348579657805658e+03 9.495440887863512671e+02 1.248552087938911228e+02 0.000000000000000000e+00 3.174682088590404874e+02 2.420840259057531127e-02 1.047145102693594026e+03 1.417912404218616757e+03 3.611526501628677011e+01 1.418174807702030421e+03 1.486966146796856719e+03 1.159713231271284561e+00 1.479433952221620984e+03 1.712324015798352775e+03 4.859491294579755163e+02 8.976381418519708763e-03 4.759585208787822985e+00 1.747875254688067441e-05 4.956299139578778181e+02 6.118285282283360260e+01 2.107771404449167392e+02 1.509214706972828068e+01 1.251157645301604589e+03 0.000000000000000000e+00 5.179407544350119963e+00 2.329415559743705177e+00 9.173161486638959161e+01 2.974147938009916174e+02 1.007002124677697225e+03 1.163202061332167716e+02 5.946574084400378979e+02 1.129467018294275476e+03 1.981844937921777046e+02 3.776811046331057469e+02
1.801852203003584521e+02 6.321898062349784198e+01 5.636971768652853143e+02 6.969519938599619380e+00 0.000000000000000000e+00 5.300816586517757969e+02 4.033743940331956424e+01 2.622269364414754023e+02 9.669359783828333548e+02 4.717871583258893224e+02 1.557698872525874549e+03 1.496649505434232424e+03 1.345997596756923542e+02 4.617654734481605061e+01 1.492636415366543588e+03 0.000000000000000000e+00 2.602640017050006804e+02 0.000000000000000000e+00 1.026656230664540637e+01 8.352618280264949817e+02 3.759993555569968180e+02 4.339004800411231599e+02 4.641466664900683603e-01 7.217829998090251138e+02 1.446742267336549048e+03 0.000000000000000000e+00 2.219515873571992586e+02 1.491025027695670587e+03 3.119919803831336367e+02 4.124337343585402778e+02 3.288191739586827200e+00 2.627932067843293140e+01 1.217756952891848670e+02 1.534990390632252684e+02 1.811655873433815884e+02 3.322052914364157346e+02 5.198263541908538627e+02
2.268152596484481762e+02 2.570323041256752106e+01 1.011304601215328034e+03 3.445526809470000558e+02 2.067136980178528347e+02 8.257756788960847416e+02 2.797340434425889271e+02 4.551381743945725020e+02 2.065941428832956319e+02 6.565899824273905097e+02 0.000000000000000000e+00 1.174749410215924399e+03 4.398625089586195713e+02 1.012445414049299330e+00 7.926558190560944013e+02 2.513044365763025922e+00 3.339236735731781209e+02 1.154080088820164292e+03 0.000000000000000000e+00 3.281952006261275301e+02 1.807743957191639765e+02 2.347180783445310226e+02 9.164013229946329275e+00 0.000000000000000000e+00 1.018270034545277326e+03 4.799310470838171341e+02 1.499825578027072837e+01 0.000000000000000000e+00 1.037602627318016886e+02 6.061114836008201792e+02 1.358164364583570887e+03 1.839686598686762409e+02 1.428129322666040025e+03 1.142850565780070582e+02 3.397210822190867248e+02 2.001792383404741926e+01 2.208431626376885504e+01
4.977806965617408252e+01 4.453354689448462267e+01 2.147506317548697297e+01 8.970857688703908934e+02 1.477439894793948497e+03 2.815537853494451515e+00 3.319956733445910118e+02 1.792587493270156074e+01 2.892639591952943690e+01 1.972716707481792753e+02 1.196006899629406650e+00 0.000000000000000000e+00 4.972344062488475629e+02 5.410218456781250990e-02 1.112907869706072233e+03 0.000000000000000000e+00 1.187597670359427411e+03 6.768224723223308956e+02 6.405855899232767570e+02 6.156272254331261138e+02 5.688803017867704170e+01 2.620828756520348968e+00 6.442232700461879569e-01 2.210284616157606763e+01 2.397634577556779334e+02 9.125052815742769496e+00 5.811037252759700777e+01 3.998414393149947728e+02 2.144458526238046669e-01 3.821893446886818992e+02 7.570475620354854982e+02 2.199405620790271687e+00 3.869033227444719500e+02 2.596478614687373465e+02 1.680892110298659929e+02 7.675031051762742607e+01 1.303770512919635109e+02
1.511731566346514455e+03 2.300740882796167597e+01 4.257487163022113386e-01 7.633331115969251641e+02 1.011402054868976393e+03 1.132984488472232897e+03 2.802550580077154851e+00 7.655329744467085220e+02 8.139376719279590633e-06 0.000000000000000000e+00 1.867002592346887923e+03 1.200741941533812223e+03 1.831212222484465357e+00 5.273427698777704791e+02 1.714405175938941852e+02 1.476832644723025396e+02 1.665072371872698795e+02 4.454768011673836819e-03 7.719068883224861111e+02 2.045842967533774299e+02 2.399885508001469248e+02 5.516224928008338679e+01 8.257218547097726002e+01 6.250678767465311694e+02 3.200509202652038994e+02 3.330383828868630758e+02 2.121602306691097439e+01 8.151806521432519048e+00 7.484073876675179804e+01 1.604586945260027733e+02 2.150550402176992293e+02 1.596639544835981610e+02 3.601344963694425587e+02 1.839022179289259782e+02 8.507220649355890174e+00 6.234631825981144182e+00 3.743092760352283221e+01
1.174621186499836938e+02 4.554357980174636999e+00 6.709524835037855439e+01 3.529301336219394898e+02 3.823226176383026882e+02 8.618118242265271647e+02 3.648696705225577652e+00 7.295028456940420938e+02 7.560312747572369290e+02 1.260483975317343720e+03 5.273728175321517142e+01 5.805930477267722267e-01 8.044639446711720439e+02 9.196402009256727297e+02 7.763146417438114177e+00 1.456124929817218572e+03 8.566876058705712182e+01 2.419313154917527697e+01 0.000000000000000000e+00 1.349514442595237824e+03 5.707562853102233476e+02 2.946202645800126163e+01 4.700577432234107533e+01 1.175825406377894922e+02 1.803867030520584080e+01 3.191439963651475864e+02 9.955650958475790446e+01 6.666353157626831588e-03 1.860910502694215207e-01 2.539949213721087062e+00 2.664804770450277260e+02 2.083697806693564871e+02 3.878804863299221408e-05 2.726699753448984325e+02 4.320818047645799709e+01 1.375205051734332073e+03 6.216737066396399314e+01
7.937280893366031478e+02 1.319576402383356708e+02 2.400493872543559348e+01 6.265086798100135184e+02 4.641194247784508775e+02 1.082571614414847829e+02 1.705382211881788734e+01 9.812929377119793344e+02 2.094461760088933318e+02 1.545805500858493360e+03 0.000000000000000000e+00 0.000000000000000000e+00 1.266588010181477784e+03 4.664014827971199679e+02 1.180570222284798319e+03 1.743285973952864651e+02 1.391395002886260670e+02 1.548623648528533067e+03 0.000000000000000000e+00 9.548908987051998309e+00 9.275804021179961723e+00 8.147245674161230511e+01 0.000000000000000000e+00 3.508706656536863306e+02 1.034457837380481804e+00 1.000102369997297615e+03 7.540700151835787324e+01 1.239894648669569339e-02 1.422484589152745684e+02 7.257819408952829008e+02 2.435956431397574562e+00 5.306583416829282669e+02 2.642139494942329065e+02 2.710524553710922874e-05 3.730922899893436124e+02 3.799481147264032899e+01 2.525727027832722182e+00
5.908343648507626540e+02 6.541994914779858163e+02 5.268154877102324463e+01 3.149967737543913415e+01 2.934696503138020489e+02 8.466857620653325256e+00 4.273803718517254993e+02 6.796789761974430730e-03 1.246087236438189620e+02 2.864616045018368240e+01 1.461351873183162297e+03 1.235952318714881585e+03 6.927769639456286086e+02 4.478153807378441229e+02 4.093675175065019971e+02 1.237216914054433659e+02 8.601893318600624525e+02 1.323902336896147517e+03 1.929450075899522110e+00 1.297721128471849397e+03 5.489642674400827218e+02 1.208170595531823437e+03 3.550512383692878871e+01 8.933681603046737862e+00 9.522721729953730119e+00 6.092176846442468596e-01 4.721424200230762267e+02 6.026183931969559353e+02 8.955656623405502614e+02 1.491321942838392367e+01 3.509972056630934958e+02 5.292455697727973759e-05 7.326088247326333658e+02 3.838469090004867894e+02 1.069054373382003405e+03 1.411016638059876982e+02 5.709029444971513101e+01
6.572958271769970828e+00 9.719602841138619169e+02 8.733241263714144225e+02 5.178939279282483312e+02 0.000000000000000000e+00 1.150363260291053678e+02 1.881445340828034887e+03 1.183319140937853490e+03 2.401557611855577434e+01 0.000000000000000000e+00 0.000000000000000000e+00 7.639697932589696165e+02 6.310115001123224374e+02 1.338713811628426811e+03 2.312924031772352294e+02 6.422969198492047553e+02 4.540940948839505040e+02 6.685961992813000734e+02 5.744026394410390139e+02 2.360652162287064232e-02 2.050385699248510036e+02 8.433836361722374164e+00 7.601785114044606644e+02 4.344880228599085399e+02 9.858614402480203598e-01 9.589094879781001737e+02 9.883052905427098267e+02 5.812962639298340406e+01 1.888387591659436850e+02 6.322813651373777475e+02 1.209354630029234386e+03 1.577284953467728599e+02 1.092918600405898566e+01 1.237981061614032797e+03 8.510993734860895776e-02 1.740288472748483173e+03 8.658085595104766981e+02
9.498738346709681979e-01 2.892754995133871034e+02 3.350837944839354918e+02 1.807243176733213941e-01 2.445016570397422484e+00 5.183030756220982767e+02 7.920293510106421309e+02 3.147746992850282144e-01 1.300376140158431099e+03 7.679832535679567229e+01 5.461761652657773993e+02 2.481919570683080778e+00 3.917832723775126480e-01 0.000000000000000000e+00 1.209255157343362725e+03 1.123162794348625312e+03 1.897534792530089498e-01 9.440625688382872340e+02 1.014419592828462100e+03 7.792276502457292509e+02 7.968264824174813157e+02 2.337077239851981680e+00 9.586975427450415737e+02 4.714982495271079731e-03 1.474675790160549468e+03 1.750603075114695912e+03 1.001567443394097552e+02 9.746705056326853764e+02 1.334696673445657098e+03 2.191730488274225195e+02 3.388824993250104667e-01 3.465755346749344312e+01 3.446284516991104940e+00 2.483169686356340264e+02 2.043488508532169590e+02 1.001969924764341044e+03 9.433895823062256341e+02
2.239051640213709504e+01 1.319320681982859789e+01 4.094171065189845535e+02 5.439828044743694413e+00 9.459021606067157109e+02 8.974044590279850127e+02 1.218031430302628680e-05 1.429612010024708070e+03 0.000000000000000000e+00 1.339480169171046100e+03 8.004407293986877221e+02 2.771683275961041204e+02 1.621727565382187493e+02 6.985614212624436732e+02 3.739300853115414269e-01 1.125381488986639397e+03 9.017524724155059630e+02 2.632913669625859543e-02 2.005480186501708673e+01 1.703807489237765935e+02 1.438954490213928466e+03 3.328454630195940567e+00 3.739654268568785511e+01 1.900685161423244267e+02 1.422287758420763794e+03 6.584375671974263433e+00 9.382309065098730798e+02 4.969463339007982086e+02 0.000000000000000000e+00 1.790565662484614151e+01 3.665225108911930363e+01 1.595976196568058558e-01 0.000000000000000000e+00 4.903894555845876653e+02 8.795372146499201449e+01 3.660254385278672657e+02 8.598966287062951324e+02
1.887309137744998822e+01 4.036076005024076494e+02 0.000000000000000000e+00 1.936240031534620698e+02 9.644855506830953118e+02 1.572382366389763142e+01 2.483240651012627040e+02 9.802035623692116815e+02 5.225354252419457793e-05 7.169888513928815144e+01 1.342502907918723395e+03 2.998913176730940933e+01 9.654341486067290816e+02 1.090954488963887115e+03 8.235291873154354789e+02 3.749249481871825385e+00 1.638156105087607102e+03 3.687191706012279599e-04 7.618601589124523343e+02 6.922221427118572592e+02 1.760004999962621719e+00 2.172289080668149097e+02 1.803178750632846317e+01 9.683241359321782511e+02 3.271601788473408874e+02 7.178205243501781574e+00 0.000000000000000000e+00 5.550952110726263982e+02 1.493120486705425076e+00 4.226451198322649816e+01 6.187449095906945473e+00 3.511248978257287945e+02 1.750484570912657603e+02 1.084946609605734920e+03 1.703899529406274667e+02 6.377810168429483610e+02 0.000000000000000000e+00
8.746001063874109605e+02 5.695589821169598110e+01 4.468850227945927145e+02 2.374478134198663437e-01 7.023700182101280665e-02 6.060923445621624523e+02 0.000000000000000000e+00 2.769788057245412460e+02 0.000000000000000000e+00 9.225174663836185118e+01 7.291076995889987700e+00 8.707417443723318229e+01 4.805012615546259553e+02 9.186893304116148329e+02 1.804537401662956199e+03 5.814952851244207750e+02 1.391157367806059675e+01 0.000000000000000000e+00 0.000000000000000000e+00 0.000000000000000000e+00 9.780947373121995270e+01 3.321866928235257888e+02 1.561180185133039913e+03 9.286481986398974868e+02 4.320836013776241380e-01 1.854034862159412569e+02 8.307235940725404078e+01 1.685064462534311502e+01 5.409442690609995275e+00 1.603515144491297519e+02 2.134908612118414339e+02 4.744462903855761624e+02 5.610891587153453202e+02 2.758950163485292872e+00 6.192685254149475895e+02 1.290667694762691553e+03 0.000000000000000000e+00
2.937271439076643560e+02 1.349879911647240533e+03 0.000000000000000000e+00 5.136770545523258988e+02 0.000000000000000000e+00 1.188014414320217838e+03 2.871248874250863423e+02 8.284496386731403650e-01 6.778021096087794604e+02 1.943928368204183466e+00 2.273850862361578251e+01 5.441389118292660214e+02 9.035420342996823706e+01 3.182020082353521406e+00 1.776535184524651640e+03 1.360836457691796568e+03 5.340913378940438383e-01 0.000000000000000000e+00 4.211999673167697011e+01 1.565991306632185115e+03 0.000000000000000000e+00 1.386299133080947968e+03 1.582113515673624761e+03 2.283763448842150012e+01 1.385528336689201751e+03 9.414748406560927378e+02 3.497089721799066808e+01 3.977416847751713558e+00 1.412026060921977688e+00 3.577308404043493510e+02 9.909799258919305203e+02 8.715328221607328487e+02 4.789239109971881589e+02 1.538131169700117096e-01 1.128282445525943331e+03 1.170511598967629425e+03 9.672542875353994418e+01
2.539149382155573842e-01 0.000000000000000000e+00 3.228398308163396280e+01 1.234900199553465427e+03 5.702751149613728785e+02 1.247416199671330787e+03 1.213008383522388698e+02 1.153165154286741654e+03 4.785975898823999763e+00 1.385030944934593435e+02 0.000000000000000000e+00 5.717722007935610691e+02 3.634509477728185833e-02 5.351407061366155631e+02 1.251298490741786509e+03 1.077846344886811778e+02 1.621737217180301968e+03 1.099382466086373142e+03 1.776078133036878398e+03 1.128812602637303897e+01 1.359876980668385158e+03 1.309693361939311899e+03 5.190166566534497861e+01 1.208658210587501117e+03 0.000000000000000000e+00 1.241106461754708477e+02 2.616530891706864023e-06 4.661094970394275094e+01 2.359827168654782170e+01 1.217842454627256501e+02 9.730673129747880239e+02 1.189553232523587212e+03 0.000000000000000000e+00 1.728130596353969395e+03 6.355429991518930137e+02 9.382725896566449819e+01 7.074025002938918227e+00
1.089954642649139032e+03 0.000000000000000000e+00 9.494111947878512865e+02 0.000000000000000000e+00 3.346154788212882067e+02 7.145015566846848287e+02 1.988672871212499444e+02 1.540712313262667521e+03 6.847710635201282230e+02 2.189428417314257316e-02 5.661964360870643276e+01 3.401741473178249180e+02 8.345702909561896377e+02 1.322486555494920594e+03 2.906790907972661842e+01 3.573619107188259818e+02 1.594210940002289135e+03 6.945615440869610211e+02 1.376959853172940257e+03 0.000000000000000000e+00 0.000000000000000000e+00 8.531521583304179046e+01 1.703165031277998196e+03 1.340594261180773856e+03 7.281715781627710271e+01 1.342495447653421259e+01 1.289301715331014066e+03 6.031958048959519259e-01 6.514239962883493718e+02 5.731111841708632255e+02 6.763961195651349954e+02 9.483230002061292296e+00 5.525401413024136446e+02 0.000000000000000000e+00 5.274767239591262751e+02 1.551946850498959975e+03 5.163736048631698168e+02
5.465354127806225506e+02 1.734405366482932607e+02 9.796779975185120293e+02 2.052248703461154662e+02 1.968398793317893478e+02 1.677663248035116226e+02 9.447457863849730586e+01 5.820186211712286877e+02 4.367126749185133008e+02 5.266529998862367099e-08 4.498659255319424233e+00 9.414512823214302273e+01 4.244464717479621072e+02 6.026378976661937337e+00 1.608321833700551906e+03 5.351407061366155631e+02 6.018337621629731302e+02 1.434310140393191269e+00 6.511966673790809956e+00 3.900736476666267549e+01 0.000000000000000000e+00 0.000000000000000000e+00 4.741122919236561870e+02 1.808126770728940755e+02 2.972710189061468782e+02 2.759314479001576892e+00 5.063978824502162013e+01 1.190047952318636533e+02 8.714258324033577310e+02 3.580160642493179353e+02 4.904077038466164495e+00 1.028161270450023721e+03 1.226475387892870913e+03 5.276386293435791686e+02 2.032714668478809870e+02 2.486844444336632876e+02 7.473028869135827108e+02
