output/example/lateral_incision_000220.asc
nrows	75
cellsize	13.33333333
xllcorner	0
ncols	75
yllcorner	0
NODATA_value	-9999
[rows 34 to 50 of 75, columns 37 to 73 of 75]
1.017290192973603524e+01 1.124321998977836984e+03 1.299210970338943412e+02 2.607883030050044795e+02 1.801504695577731638e+02 3.966013490641980752e+02 1.619003056020710289e+02 3.372499258562698401e+02 1.438808654913977989e+02 1.526532785405345010e+02 1.191436812063596790e+03 3.159575731303406201e+02 6.721015391746284422e+02 1.387239730461247291e+03 5.972547715137437763e+02 8.325263747100672962e-01 7.726898611003353778e+01 2.080072269403079588e+01 1.713854818251604684e+01 1.421975246159517781e+02 4.537145720653931846e+01 2.087817928374649412e+01 1.376697063542617798e+03 1.987478544270027214e+02 0.000000000000000000e+00 9.238882378312769106e+02 0.000000000000000000e+00 0.000000000000000000e+00 1.243050656210963552e+03 8.062862424835100228e+02 4.860458924128031413e+02 1.047756947693075062e+03 7.566529932180928952e+00 1.272370076011672381e+03 1.427835862912581433e+03 2.375334141282879727e+02 4.391426757722469461e+02
9.514251628258698474e+02 1.986061129343318726e+03 0.000000000000000000e+00 0.000000000000000000e+00 5.685343427146787008e+02 1.054699920208005466e+02 7.558284474167618328e+01 3.131923352586361275e+01 1.685701320480429786e+02 5.034543415685824357e+02 9.658701221076446473e+02 1.537352377502854779e+03 2.209564308849525389e+02 5.328549353796864807e+02 8.030759141516526256e+00 6.418243117158674522e+02 6.791108205026516771e+02 1.279251550246141960e+03 4.183149210372657194e+02 1.004651446052137658e+02 8.440883436828813728e+02 1.365654710546243450e+03 5.249888952977055396e+02 1.037749935454296747e+03 1.252347093645157656e+03 1.126864643874393551e+03 2.918441557749369419e+00 1.709023922530642267e+03 3.939636707826130078e+02 8.238343285471114541e+02 5.525289648796574511e+02 3.046068888727143644e+02 1.272239131166917447e+00 1.090784957850611789e+02 1.393619134392983369e+03 4.032023624643311166e+01 0.000000000000000000e+00
1.108234108994236493e+02 2.986450744156424264e+01 6.708054472554722452e+02 4.407855806739595650e+00 3.471508974278539768e+02 1.383271153990332095e+03 5.894480715851976527e+00 6.217306211575863273e+01 9.323744553035019180e+02 1.988830792179630578e+02 1.029911886020021541e+02 0.000000000000000000e+00 0.000000000000000000e+00 1.666827379897478636e+02 1.164953062714671432e+03 1.195354185485484777e+03 1.810781136379922884e+02 1.117170824525321926e+01 2.321246045690661397e-01 1.661727597040510034e+02 1.275731827806274168e+03 1.109095744360203980e+03 1.657066023394176284e+02 2.063390773143372883e+02 2.793025063450363632e+02 3.152223954008291571e+02 2.899375269730033455e-01 2.424807081275923224e+02 1.362366902572730680e+02 1.140760458740798867e+03 9.414648768364327225e+02 9.181269260394390130e+02 3.259810549339208308e+01 7.070595572203544634e+02 5.683934300490390612e+00 1.834434553202985096e+00 5.892007020070767567e+02
4.312872206257426342e+02 2.197286570345807490e+02 0.000000000000000000e+00 7.507898722908971649e+02 4.636478031571058978e+02 6.112773250512173462e+00 9.101402506803621009e+02 4.667122055116323622e+02 5.470050770186163618e+02 9.093659136655376187e+02 1.257985550985710006e+03 1.276583686716576267e+03 1.435727299344923495e+03 6.453906572793709984e+01 6.980934224759182598e+02 1.444654945253506867e+03 0.000000000000000000e+00 1.717185996407327195e+02 4.973712069039939365e+02 4.501544188536009017e+00 3.647290716130230948e+01 1.437071958230571100e+00 4.465757856534762027e+02 4.153414263163605256e+02 1.422775254398941343e+03 4.515266894374496687e+00 1.739363562107089365e+03 5.641316251968115836e+01 5.995295201467702100e+02 6.455407274891917950e+02 7.466489808385799734e+02 5.292992093686015096e+02 0.000000000000000000e+00 0.000000000000000000e+00 1.238841704335386567e+03 1.435690396869689721e+03 1.380362770730889963e+02
6.130961691070759798e+02 7.163948034712834669e+02 0.000000000000000000e+00 2.624705105666903933e+02 5.355766766684878633e+01 3.946283098216630378e+02 3.450745719606422313e+02 0.000000000000000000e+00 8.139376719279590633e-06 5.494081982427379671e+02 0.000000000000000000e+00 0.000000000000000000e+00 1.487241692491885487e+02 7.581072542274157513e+02 2.936525688057111552e+02 6.775911365715182910e+02 0.000000000000000000e+00 5.680828738731048588e+02 1.761036145713502208e+02 9.834197267929263830e+01 4.310278867102666709e+02 2.728336439243886957e+02 1.198468671039202491e+03 0.000000000000000000e+00 1.272846982341711964e+03 7.781646658486573997e-01 1.536499326072657368e+03 0.000000000000000000e+00 1.042481162875059908e+03 2.140507892823322322e+02 1.500501872153990462e+03 8.160550568546395880e+02 1.731007632094832900e+02 2.557882135656031721e+02 0.000000000000000000e+00 1.274081335600079612e+01 3.743092760352283221e+01
0.000000000000000000e+00 2.443653159670986993e-05 5.502001910542348924e+02 4.097382777388760644e+01 2.384543384172782510e+02 1.090209866394649225e+02 1.664861643274689129e+02 1.450282419433852965e+02 1.225085560726356107e+03 1.236427760019438438e+02 6.930687485327782724e+02 2.937322105314600549e+02 1.465324212185966424e+01 2.453063936786095134e+00 6.445229827877835760e+01 8.496495087247369611e+02 6.881485945882122905e+02 3.253228613133440490e+02 3.245914002457909646e+02 1.386524597162846248e+02 9.607996364798728450e+01 5.028427014469201026e+02 9.198938068307340927e+02 3.230177884329210656e+02 1.049119579484885890e+03 9.586246803392391769e+00 1.287552325940705771e+02 6.727485968415987827e+02 1.153236051761178160e+00 1.600847631929549379e+02 7.247237347280449882e+00 8.505649325168884616e+02 0.000000000000000000e+00 1.164667638644016506e+03 1.857830771720103158e+01 1.219591852636131534e+03 1.855470173476192315e+02
6.303664277004608039e+02 0.000000000000000000e+00 0.000000000000000000e+00 0.000000000000000000e+00 1.048231160410736720e+03 4.287553235564494685e+02 1.755865718950782028e+00 4.993370303983138969e-01 1.835094954809629897e+01 1.012230672473446669e+00 2.692923359054351540e+00 7.091290583894526662e+02 1.032845852798220903e+03 3.268525081822281777e+02 8.934438058824589461e+02 1.034985424800210385e+00 8.938945625271710469e+02 9.496301971672153286e+02 6.101341080836187984e+02 1.357664502681598606e+03 0.000000000000000000e+00 0.000000000000000000e+00 1.029011121065130929e-01 8.636597171127172526e-03 3.635795140071444962e+02 5.890806644308328011e+00 2.711958441433800431e+02 1.252706079395346933e+03 1.837677258154054982e+02 1.641523336946948675e+01 5.103467847646315363e+02 6.362619651720955289e+02 0.000000000000000000e+00 1.436907305053540767e+03 1.510262401963522052e+02 6.277307082540578449e+02 1.028021553562890404e+03
1.592787305343116259e+03 8.036976423077510510e-07 1.456790224418482694e+03 0.000000000000000000e+00 5.925187484902277220e+02 1.041955134536671324e+02 1.219812643085995489e+02 5.661716744825125716e+02 1.271975925339980620e+02 2.947358859066643504e+02 2.015997853643836493e+02 1.551557577106234431e+00 0.000000000000000000e+00 1.548345724985900915e+02 7.273316807396466857e+02 2.143762262345489589e+01 6.034082141141993816e+01 1.439128198715491862e+03 1.460221935512215850e+03 3.811108401102316066e+02 0.000000000000000000e+00 5.215376240866570470e+02 9.215948228399868185e+02 1.510223002089638612e+03 8.394023002727253697e+02 7.715154802174799897e+02 1.686281931427756930e+01 8.620937466403215694e+02 8.194231334784289611e-02 3.257366266114246969e+02 6.590339089858291572e+02 6.921696913592875262e+02 1.980567503540727046e+02 3.421406950075127611e+02 9.594444858294792766e+00 4.526572947925229755e+02 0.000000000000000000e+00
3.786136786581911773e-01 1.483449413150190139e+03 1.056592803182603006e+02 1.249299290156588000e+02 3.441287172334509847e+01 8.756491012440864097e+02 1.932130350569588018e+02 1.400084771702549347e+02 5.505087955269315714e+00 6.351569209496261692e+02 8.121133540642972548e+00 2.840685599405877948e+00 7.100603075482359827e+01 1.758144188292153798e+00 4.982249872402003916e+02 6.317576811126519942e+02 5.324654515594378381e+02 1.049456615911156687e+00 4.243015172157566184e+01 1.348729419002235197e+01 1.321543749991881123e-01 2.093980235426388603e+01 0.000000000000000000e+00 8.203011002889569454e+02 5.768596596156630767e+02 1.667702315348053617e+03 4.550499534366034382e+00 1.395442099094773312e+02 8.190494010295190037e+02 8.541052872688705975e+02 1.735645928534846050e+01 5.502017427320585057e+02 2.425823824600801402e+02 8.188973872558344738e+02 1.251501080334353304e+02 2.771977401178356217e+02 3.170946470429503847e+02
3.204493065779747241e+01 8.268381969517487278e+02 0.000000000000000000e+00 3.696125579497895046e+02 1.338882821794366578e+02 3.324778237520168318e+02 9.298660232639235801e+01 1.005527007717084985e+03 0.000000000000000000e+00 0.000000000000000000e+00 5.394180524539252701e+02 2.393510656753012995e+02 1.134085143742772601e+02 5.641687675601121832e+00 0.000000000000000000e+00 8.020907303265764199e+01 1.357761346779424230e+02 5.158797371659735518e+02 8.434582977510561363e+01 2.745313339156446659e+02 7.363662288635189270e+02 3.099734659274981254e+02 5.055622947334119743e+01 0.000000000000000000e+00 6.292330175724681567e+02 3.526494078623066457e+02 7.915719877306995222e+00 1.759182216094512114e+03 2.116738909672604418e-01 1.707178071623883042e+01 5.009117466348016023e+02 8.036958117592238295e+02 9.253970021492176556e+02 4.918560096922859088e+02 1.722033549420599741e+01 6.825538815535246613e+02 0.000000000000000000e+00
8.225199827123645946e+02 8.769183707461101207e+00 1.575812576935325637e+02 1.597613487523061906e+02 2.112680343931557161e+02 6.866563087904971781e+02 3.037008237311108587e+02 2.774407671900485752e+02 6.707921604599999910e+02 1.928029082866657404e+02 1.683717837420054593e+03 2.262043865948572829e+01 1.014803160235836010e+01 3.869982213439162706e+02 1.155328630131103429e+00 3.384192428753678428e+02 0.000000000000000000e+00 2.160959448995745618e+02 7.151569818163999059e+01 0.000000000000000000e+00 9.687697865117220317e+02 5.278105206266617415e+02 6.797603857699415357e+02 4.363407235259097092e+02 1.595402937216261989e+03 1.365302235750751379e+03 3.695821592925093935e+00 2.146586224586751541e+02 7.328099415494500590e+02 1.476581606284292320e+03 2.750534712825075445e+00 7.328288104249071466e+01 0.000000000000000000e+00 3.972010634470722721e+02 1.620422795062737364e+01 0.000000000000000000e+00 0.000000000000000000e+00
1.179022490171278378e+03 1.030072770484599459e+03 1.236029493590199763e+03 6.939765357022050773e-01 5.944406301516177438e-01 1.121464041492363549e+03 2.389607996464684732e+02 1.002551826904978327e+01 9.432051529749938936e+02 2.249531017932667964e+00 1.179581020898141105e+03 2.715046554336633111e+00 3.244224020230589076e+02 4.828979647596372615e+02 3.824314591552948741e+02 3.646295624055796480e+01 4.859336339653170285e+02 4.958712430452254516e+00 0.000000000000000000e+00 9.322437504512853366e+02 2.138280443150641474e+00 7.503178636370404320e+02 1.042706437196210572e+03 0.000000000000000000e+00 1.200182029445182025e+03 2.815623336121505815e+01 3.689057727388032198e-02 1.522209231754461598e+02 4.522440084092539392e-01 2.898338981527226466e+00 4.398902914031078240e+02 5.633054155769023055e+02 5.215405521165175742e+02 3.620577758173246821e+02 2.314108786872417340e+02 2.826287757418703563e+02 3.690949522893690755e+02
6.339646326456718839e+01 2.825856043904029775e+02 0.000000000000000000e+00 3.714330221082101247e+01 1.462215898184054907e+01 1.298016464486393943e+03 3.865488695044372207e+02 3.526343044356395895e-01 5.252789005863562721e+01 1.457416665201857768e+03 2.618397329498238264e+02 0.000000000000000000e+00 8.206471932326809338e+01 2.010626975911501404e+02 1.957910556004755165e+01 7.394511478091338859e+02 2.646517021291079175e+01 4.395148032112977110e-01 3.782292242309911217e+02 9.594201450562176205e+02 5.254852921365121574e+02 5.072057313641942233e-01 1.609411987933502246e+02 1.051870446154754291e+03 2.868769393426823058e+02 1.299679183796619064e+00 7.689794739622053612e+02 1.418100162431898639e+02 9.761424301090866038e+02 1.073692533267366116e+02 0.000000000000000000e+00 2.449153896507154968e+02 4.886319032737650332e+02 8.669599352761301816e+02 2.732640736003767188e+02 8.402648630193293684e+02 3.439504555845797995e+02
4.406911113686452381e+02 3.205183262818465550e+02 1.712955386244103408e+02 9.194657610235919876e+00 1.895351404973797571e+02 7.844605369865651028e+02 1.557308222925657617e+02 2.912185923437746169e+02 9.235984034853958065e+02 1.077896132512289569e+03 0.000000000000000000e+00 9.496194167034702787e+02 1.022037634168804061e+03 9.747490899255296881e+00 7.738218103529596874e+02 6.972443774168485264e-01 0.000000000000000000e+00 8.598714643580075290e+02 1.004918906026862487e+03 0.000000000000000000e+00 6.286171421022454524e+02 6.341898769644642471e+02 9.791561019747626915e+01 1.219756360944803191e+03 5.365630158619539998e+02 2.109335603772098722e+00 1.214329560661475398e+03 4.573639988833224379e+02 3.343203269346450952e+02 5.854089947123792399e+02 3.021863099018240746e+02 1.724524427612352042e+02 1.814394109713541070e+02 5.725844021692687580e-01 5.465834162083043566e+02 8.229206180429727624e+01 5.479073968713529439e+02
3.119745377270649556e+02 4.037887145007475738e+02 1.002878158623704691e-01 2.903294961566624579e+02 3.152386497447100755e+00 6.482184428939465306e+02 5.210127376968888058e+01 3.637423620406616465e+02 4.125490519358669417e+02 1.639041157039644986e+03 1.361531264695528762e+03 8.194905775168385276e+01 0.000000000000000000e+00 7.102858862141715690e+02 1.306655058372039775e+03 8.232260605976560441e+01 1.728188104306593971e+02 6.241503539085495049e+02 5.242986329639247600e+01 1.438648059192300707e+03 9.601796792151064892e+02 8.820086897653480307e+00 7.195892670246598755e+02 1.006197725286296389e+02 1.725255123669806423e+01 7.075085085444532069e+02 1.237655479753813552e+03 7.892236789655893290e+02 9.500089574566430883e+02 8.657929033225508419e+02 9.083916795528667762e+02 1.058751710660268145e+03 1.179134653362795717e+02 7.551721334132196262e+02 1.252185200038593393e+02 7.631275864416346622e+02 3.063904391874105499e+02
1.000088198958272869e+03 2.357206694453419971e+02 0.000000000000000000e+00 2.542224139428232661e+02 2.057793789453235149e+02 1.619289909235419373e+03 1.350466041836684497e+02 3.855705921831474825e+02 5.032373470626235523e+00 3.447489034839384914e+01 1.202437818564788358e+03 1.649914451484466227e+01 5.999119944304045475e+02 6.349450757976130717e+02 1.185919919862293975e-01 1.007198733334230667e+02 1.025842420363600013e+03 2.160429076501054340e+02 1.121615800664434801e+03 1.101927598052652456e+03 1.006967257875236555e+03 0.000000000000000000e+00 2.475167608565543560e+02 9.176202855133548664e-02 1.304975157878347773e+03 1.231248287883064165e+02 1.386442483705268955e+02 3.684486801742680200e+02 2.435476955252823927e+02 0.000000000000000000e+00 8.057319181148380949e+01 3.725980924857813292e+00 9.321161529482304786e+02 8.186774825113984662e+02 2.214468698331654650e+01 4.690307633288371676e+02 7.996064573616887401e+02
6.791131326343733008e+02 0.000000000000000000e+00 1.323029376593234019e+03 0.000000000000000000e+00 1.569511818715110849e+03 4.614134704918264052e-01 1.356992651015139700e+03 7.240266035227093653e+02 0.000000000000000000e+00 4.462150897260633542e+02 2.493121030308113006e+02 2.912029347897767906e+00 5.736138999853945961e+02 7.248630563950614487e+02 8.605791385710049326e+02 0.000000000000000000e+00 9.302377156486962804e+02 2.808038924027972598e+02 5.035009000142944302e+01 5.301658089977855752e+02 1.493747572995133623e+03 1.410657874773073218e+03 1.609645942257992290e-02 1.725942870872803780e+01 4.093460481367358170e+02 5.137197830384544659e+02 8.744146484311085032e+01 7.424516833237644278e+02 7.457854864388716578e+02 6.258887167572594024e+01 6.992701870182602875e+01 3.330843108367625405e+02 9.906249907766549541e+02 1.224655864841809603e+02 5.672334025975752638e+02 6.062786842468732402e+02 3.353705290217637298e+02
