output/example/lateral_incision_000014.asc
nrows	75
cellsize	13.33333333
xllcorner	0
ncols	75
yllcorner	0
NODATA_value	-9999
[rows 51 to 67 of 75, columns 0 to 36 of 75]
0.000000000000000000e+00 0.000000000000000000e+00 1.243984197536825501e-03 4.824850278182994390e-01 0.000000000000000000e+00 0.000000000000000000e+00 5.421215793777673753e+02 1.485204149412514653e+03 5.294816882105098932e-01 4.611488162040388943e+02 7.603916004357154179e+02 2.055237156042464335e+02 0.000000000000000000e+00 4.120447689927904094e+02 2.531825625571348226e+01 5.452389492914985567e+02 1.078815119575102344e+00 2.822902893297838318e+02 7.095288031697120914e+02 6.863676567554459318e+00 1.075459981304721850e+02 3.873886478714048565e+01 2.316959761115292054e+02 7.746517744230007452e+01 0.000000000000000000e+00 9.981061068434202070e+02 4.122458136931663830e+01 0.000000000000000000e+00 7.802409626317820539e+02 6.945661048383063019e+01 3.058147864787927119e+02 3.543441534467125393e+02 9.328977765834121287e-05 4.151427167548639718e-01 6.978625880063717659e+02 1.617978793813608036e+03 5.112009455443901063e-01
0.000000000000000000e+00 1.459634855659113555e+02 6.158755577297315540e+02 2.546925684696274459e+02 0.000000000000000000e+00 0.000000000000000000e+00 7.799985347772822486e+00 3.357752095817720033e+02 3.488877043626317231e+02 1.416129624119779692e+03 1.023997952105813965e+03 4.340611967613298816e+01 1.481836349534049305e+03 1.684267352815465529e+03 2.511393761620868403e+01 9.551457134713108417e+02 1.501887541419004606e+02 5.146097916275594208e+00 9.489464136939259333e+02 8.706634345065892830e+02 3.771610744168322871e+00 2.032682375918892226e-01 7.940472389941165277e-02 3.193579528730531355e-03 1.211261932485694388e+03 2.462226559866802056e+00 9.873139082621349871e+02 6.944950203461013416e+02 1.599973480977228348e+02 1.351431197854897164e+03 1.293553510839582941e+03 7.396298606645027576e+02 0.000000000000000000e+00 1.039805974281340241e+03 8.902709387328147841e+02 5.472835185964843030e-02 4.874825772765711918e+02
0.000000000000000000e+00 1.489903525059065146e+02 5.540598974793617799e+02 2.605017300461032619e+02 4.307352246342508906e+00 0.000000000000000000e+00 0.000000000000000000e+00 9.613015386095744930e+01 1.999795325345972117e+02 9.472140218860351979e+02 6.327550555345413841e+02 0.000000000000000000e+00 1.292916636399097797e+03 1.052136671962759010e+03 3.871828441315531109e+02 7.621484810820612354e-01 1.104696349887185079e+03 4.929912869298145779e+02 0.000000000000000000e+00 4.087016423141636210e+02 6.502321670766900752e+02 7.881352573507230952e-01 0.000000000000000000e+00 1.406688876424346972e+02 3.915784918859347385e+02 2.575749776010075607e+02 9.571537406142326176e+01 4.135385685280263601e+01 1.140226825088812802e+03 7.579843772244564661e+02 1.043620711127664435e+02 1.193418469241148898e+02 1.214543445216372675e+03 1.762870292206382601e+03 1.073216373235954979e+00 1.173556772418358605e+03 6.978625880063717659e+02
0.000000000000000000e+00 5.655995471593993962e+00 1.502755610088834626e+00 4.537799248056808921e+01 2.575133873456000444e+01 0.000000000000000000e+00 1.135660048704734729e-07 0.000000000000000000e+00 0.000000000000000000e+00 6.660833997932765404e-04 7.589424838475220783e-05 1.505951058131463185e+02 0.000000000000000000e+00 1.075925857595757762e+01 7.685865999498437304e+02 5.793693052488134649e-05 4.949852739246157398e+02 1.372668922785676386e+03 3.829344238310414994e+02 1.026807415246323352e+01 2.483694483220263294e+02 9.767397247239156144e+00 4.179845871861717112e-03 2.146507051702071180e+02 2.679795357105250631e+00 5.584966272733940968e+02 0.000000000000000000e+00 0.000000000000000000e+00 2.194279624171245402e+01 6.331139789652859662e+01 5.488656768583113887e+01 1.876454263896883745e+01 3.556169845950405062e+01 4.782576005430385635e+00 1.451614386779170218e+03 1.945951050504523892e+03 8.400032427205023851e+02
0.000000000000000000e+00 1.553972254185808652e+03 1.396162218667776358e+02 2.987032674371066605e+02 1.774860703320441502e+01 2.571964999996949075e+01 0.000000000000000000e+00 0.000000000000000000e+00 3.550616058945139645e-06 0.000000000000000000e+00 1.032222820938239787e-06 0.000000000000000000e+00 3.840364267860449723e-03 9.836288049809880363e+00 9.675736306365141814e+00 5.347463592769099705e+02 0.000000000000000000e+00 2.302068643634832767e+02 6.341321458052168509e+02 2.340153806674262853e+02 3.745746248048545279e+00 5.758785629430223985e+00 2.487419340389766657e-04 4.237916082663365955e+02 6.261374769080996572e+01 3.317853259999860143e+02 2.670842785259289087e+00 5.815871578864145022e+02 4.528366541785526351e+02 7.950965156939248857e+01 1.153021348787989155e+03 1.312177260698005284e+03 3.365877675597903931e+02 1.459147360968666590e+03 4.995213876152528343e+01 1.049162845718708013e+03 1.180167453026092971e+03
0.000000000000000000e+00 1.950395446844661365e+02 2.614157464530189259e+02 1.146030543065854999e+03 5.342294425812367535e+02 1.847282642460552609e+02 7.510585205006580445e+00 0.000000000000000000e+00 0.000000000000000000e+00 1.032222820938239787e-06 0.000000000000000000e+00 3.865066979256656584e-10 5.799158913076285808e-05 2.031710153810290631e+00 1.872270092168010214e+00 1.362236145234628992e+01 1.678031276607324287e+02 2.459605992816794995e+01 4.575560569077826933e+00 1.709841442310287505e+02 9.640506589957823280e+00 0.000000000000000000e+00 2.706921263656460752e+01 0.000000000000000000e+00 1.077588781142336956e+02 0.000000000000000000e+00 6.620871055409553700e-07 3.185979726174702478e+02 1.204292031272041612e+02 1.842027157764060803e+02 6.616834469238589200e+00 0.000000000000000000e+00 1.710400020060310453e+02 1.696854007194714995e+03 1.156318392897257809e+03 5.103909390483202912e+01 5.596413477262719880e+02
0.000000000000000000e+00 5.515474663029640823e+01 3.180625909271596470e+02 3.148753136645925110e+02 1.300754103448098817e+02 2.366795661734436464e+02 1.078351102901525138e+02 4.839294470678381117e+02 2.503209777311293793e-01 7.070922652858128004e+02 0.000000000000000000e+00 2.302235548513747447e-09 6.260049252717586549e-07 2.405332064189023795e-06 9.016517984116718769e-05 0.000000000000000000e+00 2.019348902056936762e-03 4.077625771254127507e+00 0.000000000000000000e+00 7.010602156918054690e-08 2.176350979998743218e-01 2.996248654600246297e+01 3.244083147700051878e-04 2.496997734309692844e-03 4.660393222029972756e-05 9.525419821356988584e-05 4.187844236854216607e-04 1.771012660997275248e+02 8.961105097110435125e+00 1.791302866433312033e+02 0.000000000000000000e+00 0.000000000000000000e+00 2.088551643424874271e+02 4.247868812965148209e+02 0.000000000000000000e+00 6.922467146085680270e+02 4.224141379229739535e+00
0.000000000000000000e+00 0.000000000000000000e+00 1.054354654750812188e+03 1.904972300635193108e+02 1.627904890606077970e+02 1.296825222105658426e+00 1.582285445423144097e+02 6.535165408066494592e+02 4.075429707985045411e+02 3.549550645123223376e+02 9.401922162699900127e+02 3.838328456859542257e+02 1.341211293052228015e+01 5.683800091624123496e+01 0.000000000000000000e+00 7.769067801540751358e-05 4.141117930131502363e-06 3.576616336343329298e-06 0.000000000000000000e+00 3.076812305902339517e+02 6.535617819322989419e+01 4.228523146197905164e-06 2.705003296621339359e+01 4.722400647480299085e+01 1.553601039492608776e-03 8.483171705167219610e-04 4.630990740248225324e-04 1.729002560170989555e-03 6.098193029186187886e+01 9.666163104455847588e+00 1.357014363623419584e+01 5.034556113999566875e-04 5.314090217872317368e+01 0.000000000000000000e+00 6.553746761350429324e+02 1.608360856283493149e+03 4.992264468918477291e+02
0.000000000000000000e+00 7.259915943632211111e+01 1.208600772790645266e+02 3.804298528569215136e+02 3.348977519177668949e+00 1.625106352901290734e+02 2.179888309318283177e+02 6.690439429233313717e+01 7.114942084781232552e+02 4.371906141572942772e+01 1.768098609843170621e+01 2.326881249106077743e+00 0.000000000000000000e+00 5.587120109052211570e-01 5.844573479047670617e+01 0.000000000000000000e+00 9.501547108780318274e-01 3.745819899352995970e-05 6.291573269986080277e+02 2.302613485881650490e+02 5.962936618061133842e+00 9.307240780470063157e+01 2.801409166687171250e+02 2.367217598457811633e-06 2.620985803949381534e+02 0.000000000000000000e+00 0.000000000000000000e+00 8.680624633911856236e+00 2.333317385223686244e+02 7.308562669141177537e+01 0.000000000000000000e+00 0.000000000000000000e+00 4.465907178843294218e+02 1.157498886542184202e+01 1.053129918379269157e+03 1.418838394859698440e+02 8.431685925894834099e+02
0.000000000000000000e+00 5.302556406251558201e+02 7.878216498211054386e+02 2.240721077359564219e+02 1.643154028657897925e+03 4.475001407987938364e+02 8.926418478656882316e-01 1.571219866088032688e+02 3.497285732197097730e+01 8.800632673479982770e+01 4.932087954532658358e+01 2.272280039150983271e+02 1.322884385786570505e+01 4.321955616579840580e+02 4.419705502153663588e+02 9.215609319752846318e+01 1.384234076905962486e-02 9.452412481439999681e+01 4.203924322459940868e+02 1.820170720167944654e-06 3.216273169527920004e+02 5.125706131643244134e+01 1.452538912916693903e+02 7.791286845512328796e+01 5.404749064827690290e+02 1.764607124113401682e+01 1.320317465876510425e+02 3.050747099109241276e+02 8.662240852766573198e+02 8.769262728728331041e-03 8.867464569086324744e+00 6.363284414613314902e-04 2.997448085633111532e+02 4.551783109841876040e+01 1.430150660538553211e+02 1.637125439098592494e+01 1.508878893211923469e+02
0.000000000000000000e+00 2.228730999564494109e-01 2.833364576198835394e+01 9.285541793950779947e+02 2.175211636764957461e+02 2.978538060121434228e+01 1.564714455097154996e+03 1.256618807971009801e+03 0.000000000000000000e+00 7.613932895418961380e+02 4.167012527782127336e+02 1.729998039133919576e+02 0.000000000000000000e+00 5.625220506817278192e+02 9.170901353270126037e+02 3.695925434603416875e+02 1.321882526638602258e+03 1.504606551706343680e+03 3.231888098497802275e+01 1.087230082028924699e+03 6.284114826170404058e+02 0.000000000000000000e+00 9.733198740666372260e+02 2.946812097188272617e+01 7.345535122567243889e+02 0.000000000000000000e+00 1.211547309408878618e+03 1.157759806836576587e-06 1.580184159171194267e+02 2.028790746247305776e+02 0.000000000000000000e+00 8.325172891768920793e-06 1.619451483076100544e+02 3.223031061329153069e+00 1.001344254613664617e+02 1.408369150999604601e-02 1.973535447404489718e-02
0.000000000000000000e+00 1.170756390493032768e+03 1.596262768021221063e+03 4.501037788356264668e-01 1.065746038811077767e+01 1.666063196163581210e+02 3.735207747220364922e+02 0.000000000000000000e+00 1.238730992138294909e+02 1.484384540329382844e+03 1.488257078295224289e+02 1.199652243998106798e+02 5.092309060233165496e+02 4.490094564218187543e+02 2.446995148756075480e+02 7.111853134697481664e+02 9.556981450280087529e+02 7.143496840769182654e+02 4.489314020809869743e-01 2.998969589701057998e+02 7.575397576630884089e+00 8.746466036168074609e+00 5.238355730996530610e+02 3.176180757472773166e+02 1.647118737019318360e+03 6.910773079318799361e-01 5.363716238267656200e-01 1.016176043141926698e+03 8.333593112342374525e+02 0.000000000000000000e+00 5.975860862797179873e-01 4.198671893425490254e+01 1.472709095355370090e+00 2.981854841525905658e-02 1.568106343819797386e-05 7.851330146115086778e-06 2.880798839205363790e-04
0.000000000000000000e+00 0.000000000000000000e+00 7.484671329606365475e+01 1.393072668966550225e+02 8.059544353012322517e+02 3.640542441583650701e-01 1.858138708496566593e+01 2.907140023360815118e+00 4.931196582761036211e+02 1.502751473372310784e+03 0.000000000000000000e+00 3.521369319123568289e+02 6.284313777039587379e+00 1.690330445698504320e+02 8.057826171243156068e+02 1.892663865637047707e+02 1.537747618133228798e+03 1.656009072145824632e+02 5.781554711733894010e+02 1.038852320286452624e+02 4.986504523547002918e+02 0.000000000000000000e+00 1.140079661475749390e+03 2.342603430807958489e+02 1.051885269976541650e+02 6.954361990631898607e+02 1.079368409713846177e+03 0.000000000000000000e+00 4.439247420109301174e+02 9.919383427927376715e+02 4.089174729677037590e+02 3.485129159532456811e+02 7.477627994278503998e-01 3.160689781317817942e-02 3.086527488611764611e-02 5.568700660486307569e-04 6.877805692577178220e+00
0.000000000000000000e+00 1.355838391344625791e+02 2.583920851742932996e+02 0.000000000000000000e+00 1.478664241064286955e+02 1.761326276496281196e+02 1.324950093650614917e+02 6.072023292541560977e+02 1.836816314197025346e-01 2.801715595887744144e+02 2.494265611277792516e+02 8.714628194601159521e+02 1.764846573774192962e+02 1.099269399187992349e+03 2.007704794367868573e+01 1.269740492757575566e+03 1.472705711339594643e+02 1.294370501997586416e+03 3.598340784090881073e+01 4.949436801163647033e+02 6.469583313696059577e+02 5.157516926434542484e+02 5.647853897910529213e+02 4.602893366694071453e+00 2.748741231161876613e+02 1.560787844803139933e+03 1.041354959667701081e+02 3.559218718349720803e+02 7.342616630990451916e-06 1.209715269306311993e-04 7.248898338099483851e+01 1.515638242089461796e-01 8.491144295848118873e+01 5.097258260814527819e-01 2.675616920841498991e-02 7.230176778201226817e-04 1.520112467286509528e+01
0.000000000000000000e+00 6.385588435732037027e+01 4.393782443578886920e-01 2.573137890575197002e-03 5.532606749938064894e-01 5.016795509815349385e-01 8.265680909407796761e+00 1.402016153191158310e+03 1.037507143926721255e+03 7.764920858872109477e+00 1.682406686564837273e+01 0.000000000000000000e+00 8.254919788139602588e+02 5.535970774462012969e+02 1.166709648494377916e+03 8.506746986967268640e+02 8.286681937870383763e+01 1.222514376537408680e+03 3.427112449924353399e+01 5.975343887260047495e+02 5.830874554325684578e+00 1.254491739126588300e+03 0.000000000000000000e+00 1.246034416751720755e+03 1.243353627047114969e+03 8.081275942203907334e+02 1.106880690715075161e+03 6.285677014304656751e+01 3.489416091595722378e+02 6.200156293121503950e+02 1.583783722849132118e+02 3.301407742480936349e+02 0.000000000000000000e+00 8.349394865667846943e+01 4.138495550899401465e-03 6.609268439204007972e-01 4.439332199312913758e+02
0.000000000000000000e+00 0.000000000000000000e+00 1.034665521565193062e-08 8.339862926412540389e+01 1.368327515194324125e-04 4.367308249209088996e-05 0.000000000000000000e+00 2.814219431497362315e-09 2.610921265879133557e+02 3.586573468792556696e+02 1.575365472131504134e+02 1.000944412673464171e+03 3.117260847353330977e+00 1.824549257318291140e+01 0.000000000000000000e+00 2.502764575240569300e+01 3.782220128376980028e+01 1.563320043743604160e+01 1.259650761433712205e+03 5.800559390128337327e+02 2.570589621451643438e+02 1.162230911453245426e+03 0.000000000000000000e+00 7.763520421504200613e+02 3.976541491384114124e+02 7.975544311107717022e+02 8.128227389571269441e+02 3.253217709332940899e+02 1.116225828861280434e+03 2.472579106635893531e+00 4.925067545947859338e-01 1.801063979910256307e+02 3.142802573813886981e-06 2.733478009834993827e+02 7.151538570095830210e+02 5.426696556467561550e+00 1.869990601220973190e+02
0.000000000000000000e+00 1.738768122581483794e+03 1.541618927138799506e+02 0.000000000000000000e+00 8.607704315783458071e+01 6.525225362955430342e+01 1.847989146866217547e-05 1.376297094235936451e-09 1.767138503411218364e+00 6.296529634704067667e-06 7.217099991579902962e+02 2.130006260989509599e+02 6.923475634669950978e+02 6.324085121077509086e+01 1.168911597258142905e+02 1.262613877775299216e+03 9.735438208356173391e+02 1.678471972262199188e+03 5.564490470953119328e+00 2.555027347953928540e+01 1.302045975106250125e+03 1.417998251410963917e+02 3.226855981330719487e+02 1.070560096213017914e+03 0.000000000000000000e+00 5.097018288303447093e+02 3.309925216183833641e+02 2.798284610084649060e+01 1.193685854902676979e+00 1.208358993549685465e+02 2.395582399380161007e+02 1.138661395549053395e+03 9.370998808700871052e+01 3.619430991034389535e+02 1.256049183369072608e+02 5.117919022159829012e+01 1.163605542404683035e+02
