output/example/lateral_incision_000042.asc
nrows	75
cellsize	13.33333333
xllcorner	0
ncols	75
yllcorner	0
NODATA_value	-9999
[rows 17 to 33 of 75, columns 37 to 73 of 75]
3.363849060225718921e-12 0.000000000000000000e+00 1.680754174121393905e-12 3.399472332232466997e-12 0.000000000000000000e+00 3.369645520615636728e-12 1.656076232891165102e-12 0.000000000000000000e+00 5.770624269716826858e-13 0.000000000000000000e+00 1.689773067331949223e-12 0.000000000000000000e+00 0.000000000000000000e+00 0.000000000000000000e+00 0.000000000000000000e+00 5.800596540732845757e-13 0.000000000000000000e+00 0.000000000000000000e+00 2.776525501042821985e-11 0.000000000000000000e+00 8.469728963479455260e-12 0.000000000000000000e+00 5.706894933052579177e-13 0.000000000000000000e+00 0.000000000000000000e+00 1.773526743243408456e-11 0.000000000000000000e+00 5.392626575078411973e-12 1.559280527667430663e-11 1.668181436721095038e-12 0.000000000000000000e+00 0.000000000000000000e+00 8.707128818824425457e-12 3.728480935067518311e-12 0.000000000000000000e+00 1.657186310878378266e-12 3.386955063236825991e-12
0.000000000000000000e+00 5.787327693755761204e-13 0.000000000000000000e+00 4.162529964404790574e-12 1.053561968025724706e-11 1.634889952685238785e-12 0.000000000000000000e+00 5.793780823996779610e-13 1.812175644022244461e-18 0.000000000000000000e+00 0.000000000000000000e+00 0.000000000000000000e+00 0.000000000000000000e+00 0.000000000000000000e+00 5.777728709346947775e-13 0.000000000000000000e+00 5.795695502977444955e-13 3.438642273254658276e-12 3.371367785677551814e-12 4.376618901444346364e-12 6.221448485456040186e-12 3.413179407535869290e-12 0.000000000000000000e+00 0.000000000000000000e+00 8.595975698691750685e-12 1.662539187719611038e-12 0.000000000000000000e+00 1.860219655797774874e-12 4.071267752044661421e-12 0.000000000000000000e+00 1.655611222714611999e-12 3.387718192726050563e-12 0.000000000000000000e+00 3.401630933296483053e-12 1.849820405373322564e-12 0.000000000000000000e+00 5.678767732144640613e-13
0.000000000000000000e+00 6.097743169917320509e-12 5.765423659106382665e-13 3.300410414963298532e-12 1.609571389368610061e-12 0.000000000000000000e+00 1.666829123133510141e-12 3.369645520615636728e-12 0.000000000000000000e+00 0.000000000000000000e+00 0.000000000000000000e+00 0.000000000000000000e+00 0.000000000000000000e+00 0.000000000000000000e+00 3.448413154349497057e-12 4.290715648243696873e-12 0.000000000000000000e+00 3.023180813618800263e-12 3.414191281326331795e-12 5.921022272440271468e-13 3.331734924693684676e-12 0.000000000000000000e+00 0.000000000000000000e+00 3.362303906945087335e-12 1.654644951437220393e-12 0.000000000000000000e+00 5.709985835812791877e-13 0.000000000000000000e+00 5.703911839693641714e-13 5.684346386513973288e-13 0.000000000000000000e+00 0.000000000000000000e+00 0.000000000000000000e+00 0.000000000000000000e+00 0.000000000000000000e+00 1.653921998412320547e-12 0.000000000000000000e+00
0.000000000000000000e+00 0.000000000000000000e+00 5.878025347003786110e-12 1.591757639172831349e-12 0.000000000000000000e+00 5.737591364454993889e-13 5.932414728969715353e-12 0.000000000000000000e+00 0.000000000000000000e+00 0.000000000000000000e+00 0.000000000000000000e+00 0.000000000000000000e+00 0.000000000000000000e+00 0.000000000000000000e+00 0.000000000000000000e+00 0.000000000000000000e+00 1.680464726349374313e-12 0.000000000000000000e+00 1.663994615050784386e-12 0.000000000000000000e+00 8.804604362932679639e-11 8.557685082648563303e-11 3.254038981465805842e-12 1.636949579210400577e-12 0.000000000000000000e+00 6.798008626519841345e-11 1.096303125911544341e-11 1.663385686251606719e-12 0.000000000000000000e+00 0.000000000000000000e+00 1.655611222714611999e-12 5.680942137453756087e-13 0.000000000000000000e+00 0.000000000000000000e+00 0.000000000000000000e+00 0.000000000000000000e+00 0.000000000000000000e+00
1.697828164687645127e-12 0.000000000000000000e+00 1.594814566540580550e-12 0.000000000000000000e+00 2.448895414544122321e-11 6.111248653839395673e-11 0.000000000000000000e+00 0.000000000000000000e+00 0.000000000000000000e+00 3.446851146960533581e-12 0.000000000000000000e+00 5.796799936675883007e-13 5.796110465352770533e-13 0.000000000000000000e+00 1.685614280303753616e-12 0.000000000000000000e+00 0.000000000000000000e+00 1.663994615050784386e-12 3.299021417451306267e-12 2.812535864598538203e-10 5.688636836683342791e-13 0.000000000000000000e+00 0.000000000000000000e+00 1.628841601135224277e-12 6.003435385638027626e-12 3.362303878820391554e-12 0.000000000000000000e+00 0.000000000000000000e+00 0.000000000000000000e+00 0.000000000000000000e+00 0.000000000000000000e+00 0.000000000000000000e+00 0.000000000000000000e+00 0.000000000000000000e+00 1.653592517878992613e-12 1.653798817892899931e-12 0.000000000000000000e+00
0.000000000000000000e+00 3.338853926003601818e-12 0.000000000000000000e+00 1.654125285940612525e-12 5.878025347003786110e-12 0.000000000000000000e+00 0.000000000000000000e+00 0.000000000000000000e+00 3.401230648773865906e-12 1.677425200813292731e-12 0.000000000000000000e+00 1.684711209327051786e-12 0.000000000000000000e+00 5.787861299023587888e-13 0.000000000000000000e+00 1.672987049023749200e-12 0.000000000000000000e+00 0.000000000000000000e+00 1.590737613570839001e-12 0.000000000000000000e+00 1.583470237822596251e-12 7.958497795558207736e-12 1.662808440352285528e-12 3.293507338436618714e-12 3.379134370234207741e-18 3.385546019470394112e-12 0.000000000000000000e+00 0.000000000000000000e+00 0.000000000000000000e+00 0.000000000000000000e+00 0.000000000000000000e+00 0.000000000000000000e+00 0.000000000000000000e+00 1.082915461440950524e-11 0.000000000000000000e+00 5.673073351050165862e-13 0.000000000000000000e+00
1.668515762546442496e-12 1.276355348702985961e-10 1.004013271767436006e-09 5.605375204239622694e-13 0.000000000000000000e+00 0.000000000000000000e+00 0.000000000000000000e+00 0.000000000000000000e+00 1.655948422610313506e-12 0.000000000000000000e+00 8.698455354508006522e-12 0.000000000000000000e+00 0.000000000000000000e+00 0.000000000000000000e+00 3.005823197794298298e-12 0.000000000000000000e+00 1.644329233901246223e-12 3.127618927318955753e-12 1.648951593151424026e-12 1.688582726016656084e-12 4.093036782488476599e-11 0.000000000000000000e+00 0.000000000000000000e+00 2.467079907818207320e-19 0.000000000000000000e+00 2.988913197074506070e-11 1.320094308832110021e-11 0.000000000000000000e+00 0.000000000000000000e+00 0.000000000000000000e+00 1.655732174405447675e-12 0.000000000000000000e+00 1.667791390061970711e-12 0.000000000000000000e+00 1.653592517878992613e-12 1.653798817892899931e-12 0.000000000000000000e+00
0.000000000000000000e+00 1.624360369481799345e-12 5.914963668469492845e-12 0.000000000000000000e+00 1.408634572408387601e-16 1.677393656333109109e-12 3.323388483647514919e-12 1.654583871347071883e-12 0.000000000000000000e+00 4.169910065343738284e-12 3.401230648773865906e-12 0.000000000000000000e+00 5.723588594563386978e-13 5.772765992061169373e-13 3.383783013053389150e-12 2.938929491663388629e-12 0.000000000000000000e+00 6.121405764523885426e-12 0.000000000000000000e+00 5.477624450324645553e-13 0.000000000000000000e+00 0.000000000000000000e+00 0.000000000000000000e+00 0.000000000000000000e+00 1.657367079813326586e-12 1.664255281675978347e-12 7.591273204499931653e-12 1.334080323422038691e-11 3.405643888644607375e-12 1.337625619459921542e-11 1.814097264777826896e-18 3.411860519540264508e-12 0.000000000000000000e+00 3.731242088849507764e-12 1.662601441229401373e-12 1.655845625985772862e-12 0.000000000000000000e+00
1.928805937145447260e-19 0.000000000000000000e+00 1.623860680455068626e-12 5.603751954876052948e-13 0.000000000000000000e+00 1.368452900272077930e-16 4.027154531624489716e-12 0.000000000000000000e+00 5.716863901376286132e-12 3.357393713048320395e-12 0.000000000000000000e+00 1.665599851063325941e-12 0.000000000000000000e+00 2.898590533860875419e-12 7.796089400569682912e-18 7.673245844892992465e-18 1.270712049422106789e-10 3.276945907814674678e-12 1.399963923573796098e-12 5.751734918466085988e-13 0.000000000000000000e+00 0.000000000000000000e+00 0.000000000000000000e+00 0.000000000000000000e+00 0.000000000000000000e+00 1.029889837621644900e-12 1.664846394890282669e-12 4.230908249813478438e-12 3.006273546062782552e-12 0.000000000000000000e+00 1.034379418166290134e-12 2.048390251048092829e-11 3.156025849719241592e-11 6.580675125111645350e-12 0.000000000000000000e+00 0.000000000000000000e+00 0.000000000000000000e+00
0.000000000000000000e+00 5.536851603701951809e-13 0.000000000000000000e+00 3.319307771525197866e-12 5.529427065592484309e-13 1.640519609991937431e-12 5.629324264182921495e-16 5.646480104503793100e-13 0.000000000000000000e+00 0.000000000000000000e+00 0.000000000000000000e+00 3.352998032923836144e-12 6.221175290914757532e-12 2.891765486359475582e-12 6.277182948439820844e-12 5.632684985704918750e-13 3.381199362916001375e-13 3.276878973348791878e-12 1.596685316098766239e-12 3.306110714571263023e-12 0.000000000000000000e+00 5.784147920400101686e-13 0.000000000000000000e+00 0.000000000000000000e+00 0.000000000000000000e+00 5.669888809412617539e-13 1.661184345632388302e-12 2.676077802856396812e-11 5.708790815295814548e-13 2.701840922504193004e-18 1.658834209486001355e-12 2.583415148925679004e-11 4.724615287352807716e-12 1.463792699485347155e-12 1.662601441229401373e-12 5.684687496843412195e-13 0.000000000000000000e+00
1.648838503876466439e-12 1.353225448444959837e-10 0.000000000000000000e+00 0.000000000000000000e+00 0.000000000000000000e+00 3.933977655884361991e-16 8.315253285164712838e-12 2.658305622386599917e-19 0.000000000000000000e+00 0.000000000000000000e+00 0.000000000000000000e+00 1.899571703012876947e-11 4.916760210450436614e-19 0.000000000000000000e+00 9.378472001102227823e-17 1.651188444141395638e-12 2.985344345782930614e-12 4.081804458432213874e-11 0.000000000000000000e+00 3.559244976898766977e-11 3.311485968166027809e-12 0.000000000000000000e+00 0.000000000000000000e+00 0.000000000000000000e+00 0.000000000000000000e+00 0.000000000000000000e+00 1.650566411236152088e-12 0.000000000000000000e+00 0.000000000000000000e+00 0.000000000000000000e+00 0.000000000000000000e+00 5.710381866737737168e-13 0.000000000000000000e+00 2.259365947929268022e-12 7.608902537753513361e-12 3.385881017210435218e-12 0.000000000000000000e+00
1.697444382613073278e-12 0.000000000000000000e+00 0.000000000000000000e+00 0.000000000000000000e+00 0.000000000000000000e+00 5.529427065592484309e-13 1.020036793603588113e-11 1.331555059378366699e-16 0.000000000000000000e+00 0.000000000000000000e+00 3.317182424762009873e-12 1.606541351354051355e-12 0.000000000000000000e+00 1.796231661496361388e-12 0.000000000000000000e+00 5.776725008884345188e-13 0.000000000000000000e+00 1.683161603209104927e-12 8.876606634582872199e-12 0.000000000000000000e+00 1.612887052944371928e-12 1.055894867120697784e-11 0.000000000000000000e+00 0.000000000000000000e+00 0.000000000000000000e+00 0.000000000000000000e+00 0.000000000000000000e+00 0.000000000000000000e+00 0.000000000000000000e+00 0.000000000000000000e+00 0.000000000000000000e+00 0.000000000000000000e+00 1.683636148987979096e-11 0.000000000000000000e+00 5.688318373823145354e-13 0.000000000000000000e+00 5.674349239609648739e-13
5.623739019086469513e-13 0.000000000000000000e+00 0.000000000000000000e+00 0.000000000000000000e+00 4.115252965738124880e-12 0.000000000000000000e+00 2.158871255044089200e-19 2.726802374903337615e-11 8.830566110799824144e-20 0.000000000000000000e+00 1.608598638173322043e-12 0.000000000000000000e+00 5.719576295638929564e-13 1.058561910061491364e-11 5.734613533200604729e-13 0.000000000000000000e+00 0.000000000000000000e+00 0.000000000000000000e+00 5.884804960689080469e-12 1.669671868391626990e-12 5.757965739875920924e-13 3.494643151518575268e-18 1.676299288909758535e-12 0.000000000000000000e+00 0.000000000000000000e+00 0.000000000000000000e+00 0.000000000000000000e+00 0.000000000000000000e+00 0.000000000000000000e+00 0.000000000000000000e+00 0.000000000000000000e+00 0.000000000000000000e+00 0.000000000000000000e+00 1.654707315022238061e-12 5.677730267109390284e-13 1.656504027820440886e-12 0.000000000000000000e+00
0.000000000000000000e+00 0.000000000000000000e+00 0.000000000000000000e+00 5.735009414655320949e-13 0.000000000000000000e+00 1.673976134209607288e-12 5.525927637908947625e-13 1.907088010483072500e-10 5.529427065592493397e-13 2.903371417010007596e-12 3.293615252113784466e-12 1.608603483208764723e-12 3.317221529100150066e-12 1.666137922314862902e-12 0.000000000000000000e+00 0.000000000000000000e+00 0.000000000000000000e+00 0.000000000000000000e+00 0.000000000000000000e+00 0.000000000000000000e+00 5.613289445136215854e-13 0.000000000000000000e+00 8.101755688375504215e-11 1.681019068438939809e-12 0.000000000000000000e+00 0.000000000000000000e+00 0.000000000000000000e+00 0.000000000000000000e+00 5.786627307853493063e-13 0.000000000000000000e+00 0.000000000000000000e+00 0.000000000000000000e+00 0.000000000000000000e+00 0.000000000000000000e+00 0.000000000000000000e+00 0.000000000000000000e+00 0.000000000000000000e+00
1.681861019098457757e-12 0.000000000000000000e+00 0.000000000000000000e+00 0.000000000000000000e+00 5.735009414653824511e-13 3.375758935015680907e-12 1.621444035929732826e-12 5.543545567489821857e-10 2.467079907818207320e-19 1.622744150215230722e-12 3.293615252113784466e-12 0.000000000000000000e+00 0.000000000000000000e+00 0.000000000000000000e+00 0.000000000000000000e+00 0.000000000000000000e+00 0.000000000000000000e+00 0.000000000000000000e+00 0.000000000000000000e+00 0.000000000000000000e+00 4.145771971666562644e-12 7.959968411531771473e-11 3.343568060798528811e-12 3.808769513410746309e-12 1.666284796809123513e-12 0.000000000000000000e+00 2.063434954774894725e-19 1.681990902336052864e-12 3.760721184658252704e-11 3.049914671624791039e-12 0.000000000000000000e+00 0.000000000000000000e+00 0.000000000000000000e+00 0.000000000000000000e+00 0.000000000000000000e+00 0.000000000000000000e+00 0.000000000000000000e+00
0.000000000000000000e+00 0.000000000000000000e+00 0.000000000000000000e+00 0.000000000000000000e+00 0.000000000000000000e+00 1.657273220210969695e-12 0.000000000000000000e+00 2.158074344288930581e-12 0.000000000000000000e+00 1.875910415126893048e-10 2.878998599936167496e-11 0.000000000000000000e+00 0.000000000000000000e+00 0.000000000000000000e+00 1.675508403669005936e-12 1.684532761615743998e-12 0.000000000000000000e+00 0.000000000000000000e+00 0.000000000000000000e+00 0.000000000000000000e+00 0.000000000000000000e+00 1.671542214703213362e-12 5.671156262935400433e-13 1.671542214703213362e-12 0.000000000000000000e+00 2.264734599169724391e-18 3.972017347274025098e-18 0.000000000000000000e+00 1.681991109788319210e-12 0.000000000000000000e+00 9.879174644063071963e-12 1.097461947592461066e-11 3.460809986061581449e-12 4.303614267617563000e-12 1.683765086197539497e-12 1.679143232989550023e-12 0.000000000000000000e+00
5.774345843075753038e-13 0.000000000000000000e+00 0.000000000000000000e+00 0.000000000000000000e+00 0.000000000000000000e+00 0.000000000000000000e+00 5.711834067609097845e-13 3.344418355792467401e-12 1.618273140057159316e-12 0.000000000000000000e+00 1.605704082049671856e-12 3.314620281793360957e-12 0.000000000000000000e+00 1.232871724585500484e-11 0.000000000000000000e+00 0.000000000000000000e+00 1.685894503937353433e-12 0.000000000000000000e+00 0.000000000000000000e+00 0.000000000000000000e+00 0.000000000000000000e+00 1.682453038372437350e-12 0.000000000000000000e+00 1.038864153727737141e-12 5.943685640116260072e-11 8.762949296918095013e-12 7.230793105059845533e-12 5.777715357674767197e-13 5.787643881384628273e-13 1.689467008903443498e-12 0.000000000000000000e+00 2.284084441550137433e-12 0.000000000000000000e+00 5.501876884775090357e-12 3.415259291290367873e-12 5.761261887199950844e-13 0.000000000000000000e+00
