output/example/lateral_incision_000037.asc
nrows	75
cellsize	13.33333333
xllcorner	0
ncols	75
yllcorner	0
NODATA_value	-9999
[rows 51 to 67 of 75, columns 0 to 36 of 75]
0.000000000000000000e+00 0.000000000000000000e+00 4.617030394357595213e+01 4.824850278182994390e-01 0.000000000000000000e+00 0.000000000000000000e+00 5.576745586842765761e+02 0.000000000000000000e+00 1.589779557529605647e+01 1.071286410076949323e+03 1.213479281420533198e+03 1.038061418093596558e+03 1.262547867338765784e+01 1.360389406901133952e+03 1.169460612455862929e+03 6.614974738428842329e+02 4.830373066709656626e+01 7.831927099634501399e-01 7.127149553685094361e+02 6.863676567554459318e+00 2.679235117453960697e+02 1.248886019669982943e+02 0.000000000000000000e+00 1.217409053853046316e+03 5.435368892025975356e+02 1.557934321696262259e+03 0.000000000000000000e+00 0.000000000000000000e+00 6.115068581092604063e+02 6.945661048576316432e+01 7.179980280093766396e+02 9.089064491432353634e+02 4.281353654026316349e+02 3.623284189505296240e+02 1.022874106406660189e+03 2.396234373244478633e+01 2.096917480422943125e+00
0.000000000000000000e+00 2.271886796822988401e+02 6.116770748126646851e+01 1.046699551062586124e+03 0.000000000000000000e+00 0.000000000000000000e+00 1.094001011223920194e+01 3.650567857474349580e+02 4.055223326791366958e+02 2.099663706449794026e-02 0.000000000000000000e+00 1.346240822001308970e+03 2.157166424692438866e+01 1.406516018386993665e+03 1.192418859645116299e+03 8.066943168195969065e+02 1.503361779436060530e+01 8.354058265958652783e+02 1.245673650044154556e+03 1.341718454104239527e+03 4.447225111653694540e+01 5.758946262863819499e+00 6.315485484840454546e+02 0.000000000000000000e+00 8.694424488434475506e+02 2.490262230068506710e+02 0.000000000000000000e+00 5.696432705300392918e+00 5.324260641919105410e+02 6.745716317261180848e+02 2.731603022863503156e+02 1.084830157668045786e+03 2.809513846763939000e+02 7.057525710972239494e+02 5.563233959443703043e+02 1.488458901817108770e-01 1.219604310285592646e+03
0.000000000000000000e+00 5.208353692415181513e+02 9.729166877816035139e+02 1.425449680650942355e+03 8.444426135241694737e+02 8.011427036390258536e+02 0.000000000000000000e+00 1.082688793533472165e+02 2.915286157217613550e+02 9.589901491091477510e+02 9.065313162192164782e+02 2.168774545264053000e+00 4.099214602074656710e+01 1.052707979074362356e+03 5.098371596185675685e+02 1.628851036515386568e+03 4.468995399213447683e+01 7.175959857264155062e+02 1.237924312079817790e-01 6.176552158409466529e+02 9.959763803177629597e+02 7.881352573507230952e-01 2.628799725819123978e+01 5.707082348205988183e+02 7.071200612597048121e+02 7.237826508540995407e-01 7.212092312444102049e+01 4.978309410863507196e+02 2.455768145015504000e+00 1.461105565160077617e+02 7.028238520001639245e+02 8.395632919502604636e+02 4.289335732407358819e+02 1.597534403890677481e+02 2.879747067292207419e+01 9.594633887498633840e+02 1.116233904194118196e+02
0.000000000000000000e+00 2.793870444357584404e+01 1.495481193448558699e+01 1.407999451625101699e+02 1.289339483782003981e+02 2.991828491684840774e+00 2.478023518905651486e+02 0.000000000000000000e+00 0.000000000000000000e+00 6.660833997932765404e-04 7.589424838475220783e-05 3.768737204399663483e+02 5.208421690422407324e-02 1.122349256506801041e+01 1.191842985083218991e+03 1.162366663874926644e+03 2.252947706634528657e+01 1.202520358886427090e+02 6.030747570734681631e+02 1.026807415246323352e+01 3.332768804264392770e+02 9.767397247239156144e+00 8.187135660727463460e+00 1.051545038179194989e+03 4.906995984834352065e+00 4.075568421563337438e+02 1.710491892846515327e+02 1.168352459165607115e+03 4.774161295495628110e+02 2.960384556208165918e+01 1.144570698797018849e+03 1.539911299774657891e+02 1.683366115270218017e+02 4.928789004238485205e+00 2.862667480156741817e+01 2.406158964944468082e+01 8.694659776425713744e+02
0.000000000000000000e+00 1.691610904417956590e+03 1.721894969082742364e+02 5.655765818095131863e+02 4.124883096432219531e+02 1.020880051448805034e+03 0.000000000000000000e+00 0.000000000000000000e+00 3.550616058945139645e-06 0.000000000000000000e+00 1.032222820938239787e-06 0.000000000000000000e+00 3.840364267860449723e-03 3.987892787836945274e+01 1.668247568330843933e+02 3.704138451517681729e-01 1.011996904804419160e+03 6.438168543609517656e+02 7.197394815961234826e+02 3.326003936477926004e+02 1.069191884795731440e+01 1.203008193966421047e+01 1.373912183740172566e+02 9.011249364911640214e+01 3.179029721769711614e+02 1.038970873371312564e+03 2.921416702151685172e+02 2.471601703840832727e+02 1.996592564005747192e+02 4.033927498268420209e+01 3.342749744443184845e+00 3.311840478906013518e-01 4.899790160352480939e+01 1.254484864184137223e+03 4.382143915061004691e+02 1.031132888143701365e+02 7.969885880178234627e-02
0.000000000000000000e+00 1.950395446844661365e+02 2.614157464530189259e+02 1.146030543065854999e+03 5.342294425812367535e+02 2.924154930874100273e+02 1.658550485819389309e+01 0.000000000000000000e+00 0.000000000000000000e+00 1.032222820938239787e-06 0.000000000000000000e+00 3.865066979256656584e-10 5.799158913076285808e-05 2.417315927534905384e+01 1.122103117073437204e+02 9.534796728903336316e+02 0.000000000000000000e+00 9.162133933031728930e+02 1.157625013257892022e+01 1.709841442310287505e+02 9.640506589957823280e+00 3.698046362125638780e+02 2.035024082567458379e+02 0.000000000000000000e+00 1.154760791125670039e+03 7.870488609008519916e+02 6.620871055409553700e-07 1.431464805957378417e+02 1.319882411869285477e+02 1.109226005629621795e+03 7.402830677324070052e+01 5.315224173603183999e+02 6.507521106975495684e+01 1.743093089893191063e+03 8.035096015142590886e+02 7.228641846859823090e+02 1.308451629328675381e+03
0.000000000000000000e+00 1.418639164617663937e+02 1.581620548420324667e+03 1.027057116747418831e+03 4.737010686796804748e+02 3.721873408630982567e+02 1.078351102901525138e+02 4.864238386826058900e+02 2.503209777311293793e-01 8.976994651588022407e+02 1.056932170373477575e+01 2.302235548513747447e-09 6.260049252717586549e-07 3.186008465682717006e+00 4.040015361211819922e+00 1.736482928818434743e+02 2.328676894905625616e+01 7.073754448043069942e+02 0.000000000000000000e+00 7.010602156918054690e-08 7.282432095586416665e+01 2.996248654600246297e+01 1.479574398983379297e+03 3.433913920346239479e+01 3.071529292343183783e+02 2.234208260356100340e+01 4.187844236854216607e-04 1.731804752840518447e+01 3.540332042918567623e+01 2.119886149770987913e+02 0.000000000000000000e+00 1.058134198016097116e+03 1.558907263393489757e+03 2.237193800637009566e+00 1.554518925656836473e+03 1.005051264905985477e+03 8.030519435544309772e+02
0.000000000000000000e+00 0.000000000000000000e+00 2.159886438366425548e-02 1.904972300635193108e+02 8.084696728355743289e+02 1.296825222105658426e+00 2.645587807495418247e+02 7.597812439795088721e+02 5.070592853826913711e+02 4.437225393737486456e+02 0.000000000000000000e+00 1.117808040672892730e+03 3.315182484218336185e+02 5.683800091624123496e+01 0.000000000000000000e+00 7.769067801540751358e-05 4.141117930131502363e-06 3.576616336343329298e-06 0.000000000000000000e+00 3.120156225328872779e+02 6.535617819322989419e+01 2.000171063591701852e+02 1.159893414736300883e+03 6.646744193873018958e+01 1.056223685038596614e+03 8.483171705167219610e-04 4.630990740248225324e-04 1.564191337579306946e+03 1.674513013996747191e+01 1.061838887528985609e+01 1.027507786540618895e+02 1.100408346079580824e+01 0.000000000000000000e+00 1.403167693901501252e+03 9.336372160758538996e+01 6.227109695512962162e+02 2.867962338353869427e+02
0.000000000000000000e+00 3.236178954560162992e+02 5.774580508872011464e+00 1.646934339747919921e+03 3.348977519177668949e+00 5.222374793542943507e+02 5.520808147124719198e+02 6.690439429233313717e+01 1.315308796166894126e+03 8.440696018540719479e+02 7.394976858695831368e+01 1.038412145565039246e+01 0.000000000000000000e+00 5.587120109052211570e-01 5.844573479047670617e+01 0.000000000000000000e+00 9.501547108780318274e-01 3.745819899352995970e-05 6.291573269986080277e+02 2.940716556977359346e+02 5.962936618061133842e+00 9.307240780470063157e+01 9.678554161895979178e+02 1.112842609493468160e+02 4.693885587497985057e+02 0.000000000000000000e+00 1.180522274372898295e+02 1.986632520233402488e+02 5.298514525258107710e+01 1.784238091290064858e+02 4.244379132751649308e+02 1.663675719846917502e+02 1.743281820917460090e+00 7.617570127921825360e+02 1.369926394927713091e+03 3.492192600665698166e+01 6.705705508070907683e+01
0.000000000000000000e+00 6.014287184456991326e+02 0.000000000000000000e+00 7.186500038677407929e+02 2.835470710241278312e+02 5.883013914454943460e+02 8.926418478656882316e-01 0.000000000000000000e+00 1.371222375583720805e+03 9.625229424706563464e+01 1.004262667670932728e+03 7.885095686728917599e+02 3.315371307782500025e+02 4.321955616579840580e+02 4.419705502153663588e+02 9.215609319752846318e+01 1.384234076905962486e-02 9.452412481439999681e+01 6.285957137144657736e+02 1.820170720167944654e-06 3.851024056348966838e+02 5.125706131643244134e+01 1.452538912916693903e+02 8.342366200807238386e+01 5.496456041911401371e+02 1.764607124113401682e+01 2.105061128122465277e+02 4.362010956865348703e+02 6.632982393257425429e+02 2.865714625192406384e+00 9.487523560151787478e+02 1.112491455782404159e+02 0.000000000000000000e+00 3.694464786671842376e+02 7.677093984611758515e+02 2.867554523813379888e+02 9.635183935599806091e+02
0.000000000000000000e+00 1.134840402136332614e+03 5.208975821296412079e+01 5.490790999446392107e+02 1.074027908427246075e+03 2.978538060121434228e+01 2.384129114795749501e+03 1.049682363493573803e+03 5.621051694234202145e+00 2.412184696521776459e+02 1.422371535948050678e+03 1.729998039133919576e+02 0.000000000000000000e+00 5.633517873601614383e+02 0.000000000000000000e+00 5.685854484252441807e+02 1.323816110556375179e+03 6.450465613735199213e+02 3.884668873537871718e+02 7.383207846878655722e+00 6.287625955234285584e+02 0.000000000000000000e+00 9.768226803669938363e+02 3.646765229849758327e+01 8.849117175114378142e+02 5.250914158825747080e+01 1.373524378684503972e+03 1.157759806836576587e-06 2.008833438930967645e+02 2.627998643225186584e+02 9.686041309934201138e+01 8.325172891768920793e-06 8.056752570414308821e+02 1.292580427413641786e+01 4.696128095524045420e+02 2.395601904661386925e+02 4.482620183147161583e+02
0.000000000000000000e+00 7.447771647496906553e+02 9.587544909700012052e-01 2.842622258186621025e+02 9.477806234852769762e+01 0.000000000000000000e+00 1.324264043435037138e+03 5.593713074289533793e+00 1.698070665632585360e+03 5.647110724311825152e+02 3.590598364855354703e+02 1.199652243998106798e+02 5.092309060233165496e+02 5.076341692344857961e+02 5.441431490898655738e+02 7.378262400937870780e+01 6.019367596261018889e+02 1.538630765628786037e+02 7.577097171214762561e+00 7.945730132749608856e+02 7.575397576630884089e+00 8.746466036168074609e+00 5.354230039069531131e+02 7.097919567733010808e+02 5.065010885815159725e+01 4.137880053825298887e+01 4.274896694303309630e+01 1.069607257378471786e+03 8.350775332636798112e+02 2.214847930625613581e-01 5.975860862797179873e-01 4.198671893425490254e+01 1.129681592721233585e+02 2.981854841525905658e-02 2.844147635211893999e+01 3.006627244348315458e+02 2.880798839205363790e-04
0.000000000000000000e+00 6.009949676836342860e+02 1.363537186775525267e+00 3.479298210940224862e+02 1.169609966469210576e+03 1.527352750177576809e+03 1.215920660917150968e+02 1.719659139006294936e+03 2.093871457021767583e+03 3.577970612814433480e+02 6.470445522668649696e-01 4.977133479993036076e+02 6.284313777039587379e+00 5.607111634701344656e+02 1.213870895663442525e+03 0.000000000000000000e+00 1.405742192427938335e+03 2.017363222074783096e+02 4.352574713492247156e+02 1.064562681446789156e+03 4.986504523547002918e+02 0.000000000000000000e+00 1.434635192442111929e+03 7.305050514742459882e+02 1.147208976252830865e+02 9.125983819383509399e+02 1.109413806475229194e+03 0.000000000000000000e+00 4.439247420109301174e+02 9.919383427927376715e+02 4.089174729677037590e+02 3.485129159532456811e+02 7.477627994278503998e-01 3.160689781317817942e-02 3.086527488611764611e-02 5.568700660486307569e-04 6.877805692577178220e+00
0.000000000000000000e+00 0.000000000000000000e+00 3.702268558958290896e+02 3.301104204475412303e+02 1.636373642193363594e+03 1.449844538707050958e+02 1.556358951360140964e+03 2.281555317948878383e+03 4.017369525025334269e+02 1.299009377187239238e+02 6.015662824645332307e+01 8.749247794860730210e+02 1.764909140464706923e+02 0.000000000000000000e+00 1.530720988287411274e+03 1.525846651881602384e+03 1.547299152397191904e+02 1.021202819899321867e+03 9.833063386101061951e+02 4.949436801163647033e+02 6.517030939539307610e+02 5.157516926434542484e+02 1.141125972292268216e+03 9.153218573434520522e+01 3.400171644786176017e+01 4.668003761622579795e+00 1.041354959667701081e+02 3.576327050854800973e+02 3.703060607622551403e-01 4.532293664869835936e+01 7.248898338099483851e+01 1.515638242089461796e-01 8.545265206787843226e+01 5.097258260814527819e-01 2.675616920841498991e-02 7.230176778201226817e-04 1.520112467286509528e+01
0.000000000000000000e+00 6.013787135176950187e+02 1.044911203631783252e+02 1.405988576853054155e+03 1.653591489910450036e+02 1.374661843612180974e+03 1.181492824470757569e+03 1.403209821597569999e+03 1.719144817035383426e+02 9.779825316461336797e+02 6.188432863127857217e+02 5.820659942942448879e+02 2.635163398041188998e+02 0.000000000000000000e+00 1.000978868806495370e+03 6.727139103786171290e+02 2.196499136935021468e-01 3.449160260600513652e+02 2.518327711941194877e+02 5.975343887260047495e+02 2.186204232210703680e+01 3.322385645696144820e+02 1.455417273803710714e+03 2.271860659595865428e+01 2.729364646633902112e+02 1.059272811433866536e+03 0.000000000000000000e+00 3.038692755078822074e+02 5.051108257328816649e+02 4.505680390374932287e+00 3.612548890957747858e+02 6.551731423789548217e+02 0.000000000000000000e+00 3.222414112124512258e+02 2.898499799219292186e+02 2.518380958083755505e+00 6.115714589333501863e+02
0.000000000000000000e+00 1.618807630738202079e+03 1.144387873087818434e+03 5.448929505934195276e+02 7.156366457421567406e-02 8.694835906191406139e+02 0.000000000000000000e+00 5.778271562434497355e+02 0.000000000000000000e+00 3.633263253313828045e+02 8.137833470104919797e+02 7.184930001945913602e+01 1.079077693434052208e+03 0.000000000000000000e+00 1.650969885235844572e+02 1.011829619306289629e+02 5.401561021199460105e-02 2.477973896509296310e+02 0.000000000000000000e+00 3.136764303872919299e+02 2.726168004779806253e+00 1.575187396358388696e+02 2.320808469068450108e+02 1.562572290845299221e+03 3.421350640751625178e+02 3.007208816132269931e+02 6.409278453064954419e+02 1.398549436984999147e+03 4.965410761807814310e+02 1.849650102601883006e-01 1.581400602196442605e+03 2.942037748930416683e+02 0.000000000000000000e+00 4.496003917400227010e+02 5.048580737300158994e-01 3.913021280944870455e+02 4.537502521776239064e+02
0.000000000000000000e+00 1.178411906521585450e+02 1.505296308937591448e+03 2.187796062818879648e+02 1.457772959992801987e+02 7.138310520082254698e+02 7.041246395168211336e+01 1.773961676658305578e+03 1.735362296706106008e+03 3.289465234889313479e+02 2.674353035169310644e+01 3.417354547627812735e+02 4.128419387422004547e+02 6.982156448741725399e+02 5.165613202132835795e+02 1.071996625718323202e+02 7.004732946522522070e+02 1.159702271763011652e+02 8.589156794629824390e+02 1.730075778990331401e+03 1.135415732954439676e+02 1.032110073193934340e+03 2.011026787942904264e+02 1.215390845708334609e+03 9.058472970306438299e+01 1.241148228998465811e+03 7.907381158728029504e+02 0.000000000000000000e+00 1.276917847130210615e-01 4.305886080035996883e+02 1.002197931443171569e+03 6.127407349921148807e+02 7.796878980523600831e+02 1.425212933810946936e+02 3.921381639990493113e+02 5.899726530407189102e+02 4.802215374430049906e+02
