output/example/lateral_incision_000298.asc
nrows	75
cellsize	13.33333333
xllcorner	0
ncols	75
yllcorner	0
NODATA_value	-9999
[rows 34 to 50 of 75, columns 0 to 36 of 75]
0.000000000000000000e+00 0.000000000000000000e+00 1.100845692929302913e+03 1.511972515970968516e+03 2.712100268832047618e+02 5.730283147989985792e+01 0.000000000000000000e+00 1.152396779390003530e+03 7.555190138759098772e+02 4.130397868099313996e+02 5.819645324227958554e+02 6.131719718406228594e+02 1.244204819945098563e+02 6.286744381521231873e+01 6.503373213844262182e+02 2.599264144905015428e+02 1.475837840619768748e+00 1.024990088092766882e+03 1.427944369165616649e+02 4.881176564987531492e+02 1.912006545984336867e+02 1.175639198391904756e+03 1.254786648180894417e+03 2.997295809847419168e+00 1.486118049764638727e+03 4.744682511715117101e+01 7.995160199944049282e+02 1.589918172488300115e+03 6.990053305705281446e+02 2.670816557833462070e+02 3.611611101027505697e+02 1.160984824228492052e+01 1.046069569838824009e+03 1.424743427689095824e+03 8.907488518323954167e+02 7.154652502608649378e+00 1.227008742095422349e+03
0.000000000000000000e+00 2.316417363760806722e+02 1.205004764700320363e-01 1.107165174540677526e+03 5.214203053631225657e+02 1.430319011854011933e+03 1.055093710092983139e+00 1.832890420383295416e+00 3.136161914985991928e+01 7.135445519502653156e+01 1.316210629852132774e+00 7.691731019390615529e+02 1.392949463117509595e+03 2.364755153338080618e+01 1.043477472021381345e+03 3.898903307322977980e+02 1.413687808129657014e+03 5.997988645615691006e+00 5.889968626333757840e+01 4.885668630371556560e+02 2.715524290878482248e+02 0.000000000000000000e+00 6.738202064587160294e+02 4.305389602329228751e+02 8.853788301214906653e+01 4.843276089958296282e+00 7.261960476693063526e+01 2.364338210186338358e+02 1.204663043127595756e+01 4.655145328873266521e+02 6.349923432990091214e+02 3.702605457541528153e+02 5.140015674450768302e+02 1.200097543905907429e+02 2.920023442534524634e+02 8.551514294866775501e+00 2.376451712181609555e+00
0.000000000000000000e+00 1.373371440160671000e+03 1.070385403370929225e+03 1.667313150558989605e+02 4.942441955328882131e+01 1.981740874748516035e+02 4.941629948293308985e+02 1.185786277978204680e+03 5.699827593267121983e+02 6.472572686187729119e+01 4.915470498921867488e+02 9.729144423240444484e-01 0.000000000000000000e+00 0.000000000000000000e+00 1.607113398598773557e+01 1.118877685876162786e+03 9.437381885680067626e+02 9.209654093262714669e-01 6.522584257311700640e+02 1.452132416447100468e+03 2.106356707102822767e+01 1.007353994238758617e+02 9.416865620898805389e+01 1.532637092896056402e+03 4.060062452521128762e+01 2.529885816437637800e+02 5.509872789413692296e+00 0.000000000000000000e+00 3.488910348906933336e+02 7.059599877171220328e+01 3.175555243476616329e+00 1.071096626474907776e-01 3.194838869333505045e+02 1.908847487371585716e+00 1.996210680870427154e+02 1.461951388091491481e+03 1.601773562443400806e+03
0.000000000000000000e+00 8.788521721799382931e+02 8.013098388750782988e+02 3.278357133393038225e+02 1.599265173102789049e+03 9.448257526243702387e+02 0.000000000000000000e+00 6.925272954374795518e+02 0.000000000000000000e+00 3.051064182719813402e+02 1.035341183679033520e+03 2.987484849418354571e+00 5.306669269604338823e-02 9.513846496841503040e+02 5.230245169251331845e+02 0.000000000000000000e+00 4.108357449496834874e+02 8.996473300492168619e+02 1.745962839048634692e+02 1.298435696366155753e+03 1.439081214198439227e+02 3.683187289069480386e+01 3.144022077514254079e+02 3.136675771845589793e+02 6.779000808940919853e+01 6.101423275967573545e+02 5.863702426972620287e+02 6.886450900833427795e+02 2.338935572988012837e+02 1.033079941476672047e+03 5.900301435894672295e+02 1.295706356790295217e+02 2.954542835564985381e+01 1.977946919105097550e+02 2.254571064476909044e+02 6.963178453469791975e+02 3.551333842027326568e+02
0.000000000000000000e+00 5.211934531218808121e-06 1.107975317935763997e+03 0.000000000000000000e+00 9.151371523807614494e+01 8.593091602314447073e+02 5.504662175146614800e+02 4.772487417380166335e+02 6.481629664329341400e-02 1.518490268711164859e+01 9.428371568483896681e+01 1.620554666868050163e+03 2.497433632091213269e+02 1.131959437602752814e+03 3.661170408195653181e+01 9.603546095708289840e+02 3.195706821653910765e+02 1.080003659236596150e+03 5.392146707823540055e+02 0.000000000000000000e+00 0.000000000000000000e+00 5.652522010847361571e+02 1.503202663591851888e+03 1.484978980571487909e+03 2.968932030690653434e+01 1.921102037445952249e+02 9.517921893614819737e+02 0.000000000000000000e+00 7.020116771448795134e+02 6.341735255086184679e+02 7.440526593364668884e+01 4.430029453343087198e+02 3.751520613779824771e+02 2.678055463240848439e+02 6.687630696283009684e+02 5.256722087338114413e+00 9.232637804498964442e+02
0.000000000000000000e+00 0.000000000000000000e+00 1.077595484632773832e+03 8.619107215274724467e+02 3.248133183585165398e+02 3.035362949334976861e+02 9.711015616167530595e+01 1.603699476207358998e+01 2.677795436723971737e-06 1.019914539023517897e+01 7.068858534666127298e+02 0.000000000000000000e+00 4.507964490023709914e+02 7.461825542181513811e+02 5.133086925864450905e+02 9.291787253271878626e+02 2.678835119927180042e+00 8.099961540118925996e+01 8.104283625676287102e+02 4.015221168703179799e+00 1.319117047377187191e+03 1.661937752382307963e+03 7.974440843089215605e+02 1.238326303615895370e+02 1.337551917496387659e+03 1.592727724740661870e+03 3.134568441494716922e+02 2.711824800695553872e+00 5.443014197846583784e+02 3.919614025375465616e+01 4.567922544949412895e+02 3.249488923694492541e+02 1.470147198980899020e+03 2.282534748372322042e+02 4.622658575819387465e+02 1.175929182586209208e+03 1.306464091119950808e+03
0.000000000000000000e+00 1.572780946488420000e+02 2.347042957781437522e+01 5.576263597995056216e+02 2.353776492870745329e+01 1.857571343556358201e+01 2.005894158405383682e-03 2.923176702060176213e-01 3.276787488581724261e+01 2.783769600763218666e+00 5.693409566145143117e+02 1.771085026570972332e+03 1.506735659408219590e+02 1.699119824882500097e+03 6.709975995534130107e+02 3.336387964944776741e+02 1.054041354977368838e+00 5.326357342615738588e+01 0.000000000000000000e+00 9.569417755975861155e+02 1.191084000449267766e+00 1.692604392281612718e+03 1.743665893793519928e+01 1.781573325557609905e+03 0.000000000000000000e+00 1.777629749730782649e+01 3.970475795502604797e+02 0.000000000000000000e+00 9.691119692687716451e+02 6.690219810300258985e+01 2.385970307610057830e+02 1.568286474884317556e+02 5.946730868638985257e+00 1.145286247911962619e+03 8.838951784836203842e+02 1.358029908304179116e+03 0.000000000000000000e+00
0.000000000000000000e+00 1.032804277402114849e+03 1.119522379068052942e+03 6.718608871036294659e+02 2.896465191709352212e+02 2.426644634482944429e+00 3.099292929542364661e+01 1.648944627791635753e+02 4.781981896327389450e+02 3.645336573794648984e+02 3.230225523775021088e+02 2.960991229737643948e+02 8.075041158053037904e+00 4.226684660301179406e+02 6.064054099583853485e+01 2.531225046670654137e+02 2.452687629838877683e+02 4.400631011152887595e+02 2.156010260133236756e+01 1.123437243552102018e+03 1.677291369074492833e+00 1.299153463944571740e+03 0.000000000000000000e+00 1.621368413268075528e+03 3.419029026705615593e+02 9.792154461476092138e+02 5.310367012762743570e+02 3.592277719555653004e+00 8.273184028186760770e+02 9.021394796501279956e+00 1.391211495294672432e+03 2.248134197937012004e+02 3.106245039424269407e+02 2.679054884635545477e+02 5.918007183664848725e+01 8.476824972823149551e+01 6.773511059380652455e+00
0.000000000000000000e+00 1.375929847779765396e+02 5.752052196764982455e+02 1.817980145914101797e+02 7.389262712578607761e+02 4.637172011045286126e+02 1.355964718614216281e+03 1.256729540889216707e+02 2.283389790761873996e+02 8.196708768829709015e+02 9.848944298372646244e+02 9.105111246966504268e+02 1.441713871513203742e+02 1.675550139309910037e+03 9.260160141069768258e+01 2.548702729406312528e+02 1.188158554057002220e+03 3.622859341965657336e+02 0.000000000000000000e+00 7.496403093689139041e-01 1.221241747317941417e+03 1.149537478123265544e+02 1.812869436890572672e+02 1.340804708332561006e+02 6.943316965136162366e+01 4.295626863245268510e+02 1.155562982477700871e+03 5.590405715734235947e+00 1.186325517817244645e+03 1.482297194009396662e+03 3.018602165202799483e+02 3.811621222058837475e+02 5.042804058560170638e-02 4.654581885699388799e+00 4.113115611359985380e-02 1.291881154890633070e+03 8.093424748955332007e+02
0.000000000000000000e+00 6.027121090063234305e+02 1.191000409106991675e+00 2.257480349700403224e+02 1.299089749218184942e+01 7.374471354566660253e+00 0.000000000000000000e+00 8.738700548848200924e+02 9.720241243249030560e+01 3.732694770695213151e+02 2.476984816494411064e+02 7.192593307783425871e+02 9.837353360552045842e+02 4.224694615051816649e-01 1.237304003035975938e+03 6.600887014800208590e+02 6.912025297998570750e+02 1.994483281450673076e+02 8.027116557254048530e+02 5.753570449672452014e+02 9.807517390903218484e+02 7.908827866111903804e-01 7.244872636957865097e+02 1.153229298270663783e+01 4.795056370148360543e+02 6.614108050932216543e+01 1.093036304552884808e+01 3.135127770112009102e+02 1.493336814003350355e+03 1.932183408034975685e+02 1.505868624282843200e+02 4.294998272629758844e+02 6.008782874304696406e+02 4.224155915096930336e+00 4.105708692649528757e+01 5.452188801831325691e+02 2.241637254292855062e+02
0.000000000000000000e+00 5.695084633618498628e+02 1.494318656479257925e+03 2.398346675937429779e+02 8.544371905822154645e+01 5.759973149819798266e+01 1.312358316438414022e+03 1.925120572461838435e+02 1.968081385665658445e+02 6.908112966914463868e+02 9.219234114420083870e+01 3.216872013745287404e+02 0.000000000000000000e+00 1.380263367618960180e-01 5.101775185196377720e+02 4.384533664272904616e+02 6.037985522259893401e+01 5.413709797119705627e+02 2.851842560913034390e+02 1.018435529626080211e+03 8.042185459949116932e+01 1.765739214483842261e+03 2.127155794687188859e+02 1.347144619829646786e+02 2.668138600537639604e+02 6.002712326494232542e+01 6.510675710994527208e+02 3.031347909201818993e+02 1.251240394810874790e+00 1.105162368314343894e+03 3.723731124166665407e-01 1.716065024005083899e+02 4.746515146792743849e+02 4.591331231733059894e+02 1.960212133038734450e+01 9.856181982936985941e-02 5.118903808649061489e+02
0.000000000000000000e+00 3.878158162598421388e+00 0.000000000000000000e+00 0.000000000000000000e+00 0.000000000000000000e+00 0.000000000000000000e+00 0.000000000000000000e+00 0.000000000000000000e+00 1.431468784022928453e+01 7.364384980143806843e+02 3.133820922887560414e+02 0.000000000000000000e+00 1.027720413059206167e-01 9.638221111325095762e+02 1.192822091265623463e+01 1.254554720228137967e+03 4.264466320550117189e+02 0.000000000000000000e+00 0.000000000000000000e+00 0.000000000000000000e+00 4.727239503064420423e-01 6.729856201225472887e+02 6.663124012899818638e+01 1.201163635710515564e+03 8.544420665373030488e+01 6.807836017817438687e+02 6.370786000181629660e+00 1.207183747975911459e+01 4.749810423026951156e+01 1.897788103956409032e+02 1.209506205156592351e+00 3.130065535127559997e+02 2.284561394166433672e+02 0.000000000000000000e+00 4.738673723408093110e+02 4.265428136494046640e+01 3.786560328250826615e+02
0.000000000000000000e+00 1.467128983784888305e+02 0.000000000000000000e+00 0.000000000000000000e+00 0.000000000000000000e+00 0.000000000000000000e+00 0.000000000000000000e+00 1.600915521110631012e-01 2.478029372009121971e+02 1.043033680491890891e+03 8.558040100397765855e+02 1.150219564028894803e-01 1.063552511309853116e+03 1.000450810167123791e+03 0.000000000000000000e+00 4.176907293092302211e+02 0.000000000000000000e+00 1.167724086207751384e+02 2.439431834472188809e-02 7.622346852531280774e+02 1.598722441326213584e+03 1.194959959498968383e+00 1.342975879747114050e+03 2.915321888042860792e+02 1.289589983518087308e+02 0.000000000000000000e+00 4.585540574714968898e+02 1.592100772659790096e+02 9.762804667054712127e+02 4.338721852382929178e+00 8.943331296445339831e+02 1.557661936299521983e+02 1.950113854582789656e+02 8.659961996241993809e-02 1.213017126814872654e+03 1.363252211443310671e+02 4.672624263308620840e+01
0.000000000000000000e+00 3.805663115124858109e+02 6.494659454758323136e+02 3.393946440885544291e+01 5.661050984238048613e+02 1.186577707960467620e+02 1.034804423026346285e+03 4.555093671624089211e+02 0.000000000000000000e+00 0.000000000000000000e+00 1.132082096707659730e+03 4.240519392873814013e+02 3.196490145133742899e+01 8.019727520309146720e-05 1.626941141885061597e+03 9.404652867462822030e+01 1.710640922444521816e-01 0.000000000000000000e+00 6.179695234050334995e-02 3.824104209100414664e+01 0.000000000000000000e+00 1.873699208228842110e+02 1.112720495745355720e+03 5.252864228315748960e+02 3.198863009576504055e+02 1.151914975619113051e+02 2.837183873797419551e+02 1.303637378769284396e+03 0.000000000000000000e+00 1.293416481138728159e+03 7.538413820114921009e+02 0.000000000000000000e+00 1.620186503342070409e+03 2.457121961955851361e+02 8.849088997075210727e+02 8.104231790412048895e+02 1.348951334538539992e+00
0.000000000000000000e+00 1.227736116489282239e+02 1.532148375530683282e+00 7.935889311321961404e-02 4.364899586343145010e+00 7.022632097526800408e+02 2.714066260112703617e+02 2.490535922940842894e+01 1.050499761624083021e+03 0.000000000000000000e+00 2.013656184213881151e+00 5.452302465396683014e-03 0.000000000000000000e+00 0.000000000000000000e+00 0.000000000000000000e+00 1.351045633899488621e+03 7.158808833339892317e+02 5.187920780690830043e+02 5.667017466291606524e+02 1.787269218051635855e+00 2.372100111808420841e+00 5.954684336890053199e-03 0.000000000000000000e+00 0.000000000000000000e+00 0.000000000000000000e+00 0.000000000000000000e+00 4.974980749763373638e+02 1.434301163108472110e+00 0.000000000000000000e+00 8.731639668548966711e+02 0.000000000000000000e+00 8.685370542926344797e+02 1.150096079883745915e+03 6.861838298373053036e+00 6.675648753943223710e+02 1.395798638518783264e+03 6.244009026007815919e+02
0.000000000000000000e+00 8.632901170852519499e+02 4.063630465823376881e+01 5.001028324837667682e+00 0.000000000000000000e+00 9.537378863890588718e+02 1.516756094426951904e+02 4.439783180740946023e+00 1.738250595636613070e+03 1.932584843002250352e+02 3.339645260791950818e+02 6.626239429383679180e+02 1.688813443273346138e+03 0.000000000000000000e+00 0.000000000000000000e+00 0.000000000000000000e+00 0.000000000000000000e+00 0.000000000000000000e+00 7.208515162145449386e-03 2.056205023212912124e+02 3.986467732830201385e+02 1.522036131498312670e+03 0.000000000000000000e+00 0.000000000000000000e+00 0.000000000000000000e+00 2.998095501246523895e+02 0.000000000000000000e+00 0.000000000000000000e+00 0.000000000000000000e+00 1.277951905159514126e+03 3.492537759689859627e+02 0.000000000000000000e+00 1.197518848260107461e+03 3.244017811737469259e+01 1.171695829634956226e+03 7.628423223867226852e+02 2.570606144553058243e+02
0.000000000000000000e+00 3.710111649448620028e+02 1.012690573223881358e+02 0.000000000000000000e+00 0.000000000000000000e+00 7.694157262636268797e+02 5.148379103745996872e+02 1.018492653448997885e+03 1.686056166323472212e+02 1.151884365146287559e+00 1.651589711758163332e+02 2.661597210351017040e+01 1.302945161415164193e+03 1.235470442286070250e-04 1.082073885367846742e+03 5.099837806257128250e+02 0.000000000000000000e+00 2.666916610171968500e+02 4.259103409611033726e+02 1.532853862394703413e+02 3.605964744335968248e+02 0.000000000000000000e+00 1.583528241914513274e+03 2.621137053461256415e-09 3.313867181985389152e+02 8.078004847417835208e+02 0.000000000000000000e+00 0.000000000000000000e+00 0.000000000000000000e+00 0.000000000000000000e+00 0.000000000000000000e+00 6.011030619385521732e+02 1.319859810090967756e+02 2.908278984526834066e+01 8.613983198157826564e+02 1.097711907820213128e+03 0.000000000000000000e+00
