output/example/lateral_incision_000369.asc
nrows	75
cellsize	13.33333333
xllcorner	0
ncols	75
yllcorner	0
NODATA_value	-9999
[rows 34 to 50 of 75, columns 37 to 73 of 75]
3.557569351488092479e+02 4.586323288699230716e+02 0.000000000000000000e+00 4.706345025840875564e+02 1.773196641400518274e+03 7.579157619132835180e+02 1.765683248665734197e+02 1.477154263177338009e+02 1.922470206254009497e+02 2.438117749036520081e+02 2.239481983585058060e+03 1.219804460699154561e+03 4.444620178061082783e+01 0.000000000000000000e+00 6.255989063912539727e+00 8.350235119660815144e+02 0.000000000000000000e+00 1.289447926665197883e+02 1.586863147383277521e+02 2.896894144510953879e+02 3.107654257992549560e+02 1.500446449167755532e+02 6.935750870398007919e+02 4.679931924996751924e+00 8.599051214439066726e+00 7.891131761700340803e+02 1.549556946522809255e+02 1.567185076838218265e+03 0.000000000000000000e+00 1.382828548400075306e+03 8.629199555450795742e+02 4.712460035677963788e+02 6.726244484798622807e+02 8.240821201355446419e+02 6.087031195318512999e+00 4.397765545079663525e+02 2.485773110896889193e+02
1.250280958176090508e+03 1.336414313929359423e+03 1.642550435904680626e+02 1.335573307849315761e+01 0.000000000000000000e+00 7.224927027068177949e+02 0.000000000000000000e+00 3.686687878572770387e+02 1.053512869283413238e+03 2.331826791507837697e+03 1.453951705641859689e+03 1.115819606811385434e+01 1.386205749212931096e+03 7.373350822369791331e+02 9.920619321296794624e+02 7.304617366186834033e+02 2.919644895810590057e+01 6.661496999710313958e+02 1.058665179694939525e+03 6.939058938889410229e+02 1.779351119693929490e+02 9.399007089504322039e+02 8.654361079898924345e+02 1.242507947917031970e+03 6.442250323311368447e+02 8.027302747939939991e+02 0.000000000000000000e+00 1.020978670192281470e+03 2.295073570026671672e-01 1.330643820570009893e+03 7.665167825151207808e+02 5.388569543478991086e+00 1.989225316786321400e+02 3.931288218009576507e+00 1.002102419565095261e+03 2.127488366136381046e+03 1.249416121702756328e+02
2.037632894940438977e+00 7.523356765017821317e+02 4.940128863191207529e+02 1.120248038645585780e+02 1.761925376719244341e+01 5.818596791914928872e+02 0.000000000000000000e+00 1.585564736091377199e+03 1.912828930563356566e+00 1.052983706076515318e+03 6.619445615189693655e+00 3.462045370358247283e+02 5.366239149216656870e+02 2.791681441793309659e+01 7.805754818172463274e+02 4.448570740506232255e+02 4.154804795835581785e+02 4.238705766654736635e+02 1.203660796864162608e+00 2.019115303532123562e+02 2.256303618295591562e+00 0.000000000000000000e+00 0.000000000000000000e+00 1.431694803129833531e+02 1.097241458737627101e-01 4.450229664195755608e-01 1.290243162736318538e+02 2.583356345777355045e+02 6.142744044062011355e+00 1.055329387662632826e+03 6.238421898776417152e+01 4.623184399630173971e+02 7.972599776517054124e+02 1.417102656172600518e+03 1.349365744661903577e+01 5.881580546247226948e+02 6.244754431759690760e+02
3.961729287265475818e+01 6.843103779946550276e+02 4.087154775322633213e+02 5.120361093337055536e+02 0.000000000000000000e+00 1.572098945952604367e+02 9.845416729498520647e-01 9.593348726364289405e+02 2.173903711454732388e+02 8.515871664410298081e+00 1.384436562679416966e+03 1.896221964954180066e+03 7.508067822640491613e+02 2.669891438438247633e+01 4.123968863292225251e+02 5.565830719631978809e+02 1.028929599687060318e+03 1.324722925412437178e+02 6.480092079675374634e+02 3.145045023759864122e+01 8.367597238611811008e+02 6.176066961689379013e+02 1.488843187359799174e+02 4.555175629923766110e+02 5.261749314079376063e+02 3.681424577298810163e+02 1.232182306433562928e+02 3.018856510679134297e-01 7.360262912981829686e+02 1.720348080091742204e+01 6.830627522246498984e+02 5.273165697416790181e+02 8.580985246222143132e+02 5.917930779588793939e+02 9.412007635097705815e+02 3.152877311928957056e+02 2.740421619642655173e+02
1.185179670721106277e+03 8.022206094590433167e+01 1.346775256273319883e+03 0.000000000000000000e+00 7.743988607431757931e-02 1.137274501522088485e+03 8.378060859716723030e+01 9.277828555410289368e+01 1.083136047578356056e+03 3.396967493016864736e+00 5.573383160230981730e+02 0.000000000000000000e+00 4.846656589307070249e+02 7.270195801176173518e+02 1.294657849413447970e+01 1.982119601373069084e-01 0.000000000000000000e+00 3.040904571041575082e+02 2.828570109178046188e+00 1.270545878253435376e+03 6.087027952900035643e+01 2.768093511149817054e+00 1.393012060543157986e+03 2.911197411009702023e+02 1.143393052249049106e+03 7.453840237443324668e+01 1.138929962380235338e+03 4.039657495884682703e+00 1.568565931765190840e+02 1.208285095500859597e+03 1.415640555829765617e+03 8.016346565545409248e+02 3.497279744640354693e+01 2.377705434654455996e-01 1.411448643255147601e+02 0.000000000000000000e+00 3.894804954397895358e+01
2.908920021030930170e-01 1.647067812041763091e+03 8.181964439973464209e+01 1.462111955775674821e-01 7.532588632599953371e+02 7.254652605440358002e+02 3.143286175744092361e+02 1.890776037183757580e+03 1.716221211395093405e+03 6.031570491833760173e+01 8.532805942861357380e+02 6.157423333735318920e+02 1.035100889385259535e+02 9.557773663858517921e+01 1.137068089831542608e+02 8.276199032160055822e+02 1.229126532452447549e+02 9.334003077786638869e+01 1.979119889374946339e+01 9.342335275627701208e+01 1.181595926257565679e+03 1.349958439301782107e+02 2.608058845277824034e+01 6.706153992732558078e-02 5.096141357278262376e+02 2.579014342521551839e+01 5.396025841187324659e+02 2.703394535576816793e+01 5.699100155412925233e+02 2.395726679133574066e+02 9.070067250746208232e-02 2.765678882945033834e+01 5.648956488020862707e+02 1.283120608895609394e+02 2.169048359055533126e+02 3.343295255498986052e+01 1.862282635041153753e+02
7.871756087579699397e+02 0.000000000000000000e+00 8.017156084105992022e+02 6.302005452243308810e+02 1.416753177569034960e+00 9.478947143515134712e+02 1.140704673927645700e+02 1.331359934422279821e+03 2.674445583141214500e-01 1.179352160169675699e+03 4.024498097295829666e+02 1.093277482531634405e+03 2.131096778179884410e+01 3.372525786279211388e+02 3.979074842354307862e+01 3.066028243388578267e-01 8.063118117410571131e+02 1.367400517769904411e+02 1.777833676576253197e+01 3.925425070107291390e+02 5.349796635234121140e+02 1.166849527803743968e+03 8.024532660058788451e+02 5.393397192480130116e+02 2.907411190149593150e+00 4.454760287306164628e+02 2.665471055207428890e+02 6.707207080453506665e-01 1.927330994452079338e+01 2.732089131394792503e+01 9.173968415805684344e+02 1.247462254612961715e+03 4.401589425654773891e+02 1.325941338292479486e+03 2.599844559181672139e+02 6.333985510539139341e+02 5.197729576949959851e-01
4.316608552292202603e+02 1.052893201057660235e+02 1.046182371291386744e+03 6.156662783169103932e+02 1.327092175217495196e+03 7.512029355623436322e-01 0.000000000000000000e+00 7.388323998680107252e+01 1.359140329915138409e+03 4.146185316020153095e+02 2.613751582645701177e+01 2.092514036407036713e+02 5.636289847050517804e-02 1.556686318234706619e+02 1.399238827579623479e+00 0.000000000000000000e+00 2.100599647469664433e+02 6.098028298590936629e+02 1.732319977411178824e+00 4.461148773554886020e+02 1.798954729553026652e+02 4.687252216384945882e+02 0.000000000000000000e+00 1.060430407727301827e+03 3.827753908702781018e+02 7.543752056533124417e+00 1.568861907361926569e+03 2.921799033419907943e+01 6.834040076819792375e+02 1.023247542074922535e+03 0.000000000000000000e+00 2.444973608264143365e+02 1.985664821622469276e+02 3.442597898091344746e+02 3.190835875475634680e+02 0.000000000000000000e+00 1.058660196987708346e+01
1.500647692293871387e+02 1.324749024745280224e+02 9.338329906829342235e+02 4.750410994073059889e+00 1.056994121712492188e+03 1.462231963135546948e+02 1.303072582618325441e+03 1.362517581719276016e+01 4.289256474130831407e+02 1.172655580820907240e+01 1.033895597948227532e+03 5.440176136721984221e+02 8.489279945427357177e+01 1.957817347945810527e+00 4.423626473795101219e+02 1.597630697426795336e+02 2.108597950459182755e+02 1.279633472315345443e+03 8.189634876761003879e-01 1.817330932154223149e+02 6.633213608702250212e+02 4.744603507664782569e+02 0.000000000000000000e+00 0.000000000000000000e+00 7.713676803558207666e+02 1.101740706960386888e+03 8.180202169795535383e+01 9.773014664761474251e+02 2.033142889864075897e+01 1.236102734844662791e+03 1.227116510591162523e+03 5.620425488794713829e+02 4.586619009776245548e+01 9.468982487590623123e+02 4.353300955170587372e+01 6.959220228574211831e+01 2.540808203500065332e+01
5.001856267330359742e+02 8.242484239597862370e+02 2.165811467603890037e+02 7.246690096191416330e+01 5.074756432688646157e+01 8.351516099119210139e+02 1.175786014379888911e+03 9.457584338069974228e-01 8.865080353673783975e+02 1.335315335251707092e+00 5.824927540712679956e+02 2.570602090120310095e+02 3.214487143363429595e+02 0.000000000000000000e+00 6.354511045095456439e+02 7.992139084101627589e+01 2.767503150998754222e+02 7.286321078551984132e-02 7.768488082687849783e+02 7.022598854634927648e+02 7.321910332852768306e+02 0.000000000000000000e+00 7.910953035917406169e+02 2.568271762539782802e-02 0.000000000000000000e+00 9.016938473551157074e+01 1.022779844268313582e+03 1.309313201463952737e+03 5.130944875638595803e+00 2.648959513169363049e+02 8.123753670890553167e+02 1.205057607277036027e+02 7.409629317823553940e+00 1.806214535415560078e+02 0.000000000000000000e+00 1.379616109064434397e+02 3.931499755462871235e+02
1.265306761112546363e+00 7.291788233576487528e+02 0.000000000000000000e+00 0.000000000000000000e+00 7.227263096553670607e+01 3.944954473069422534e+02 2.806969455700232174e+02 4.522159900978580116e-01 4.228014963978179139e+02 3.197832743091257726e+02 6.900918052833502543e+02 4.521446588663183661e+02 1.801311790369086907e+02 1.254710846586775460e+03 4.198841423273369173e+02 0.000000000000000000e+00 0.000000000000000000e+00 4.269699010671637325e+02 9.172414204490297607e+02 5.611952127879073942e+02 2.014852011772676832e+01 5.033508584345530039e+02 8.909770431408178410e+02 2.694941144346042350e+01 7.695652326439203534e+02 7.426939045565875404e+02 2.396355585912338313e+02 5.683245831365742333e+02 4.764951074724866942e+01 5.410136590454294492e+02 5.240101791850673152e+01 3.676079328210446420e+02 1.601331434747694175e+03 2.194160223128190239e+02 1.506468590901690163e+02 6.089086805717644211e+02 1.905585023429118863e+01
2.395734339312111842e+02 4.646176077724270925e+01 1.359823176727424425e+03 1.052500151457578994e+02 4.973708373571716379e+02 6.731984602870300023e+02 1.264978861568023305e+00 1.012536786021509897e+03 1.838821085363640577e+02 3.908505036486483846e+02 3.623762218374694726e+02 3.237652152281132771e+02 1.065948060944071187e+02 7.020247096947673349e+00 1.139707004877413510e+03 6.567790915307561761e+01 1.279071162508202633e+03 1.705842616326032442e+02 2.374523821063559410e+02 3.805300587747254326e+02 9.038416487718461667e+02 1.416552065666327564e+02 5.738348456960056865e+02 1.178783833435164524e+03 5.041803448506161442e-07 0.000000000000000000e+00 6.613253977258684699e+02 9.256971484345026369e+00 1.588692155631990090e+03 1.643233379089084337e+03 6.460179985266931908e+02 9.629850727889818245e+02 0.000000000000000000e+00 1.994773144131925733e+02 1.511563593998601895e+01 1.448262369053307793e+03 1.308083066642823269e+03
4.148752452501578425e-01 2.191725508816216106e+01 3.273774462534758101e+01 1.220960114731415388e+03 3.567564321734374744e+02 1.943272167157190466e+01 9.472766056420164205e+02 6.666831328022831258e+02 3.153638752082762835e+02 2.153946123340440977e+01 9.256628197607630000e+02 1.482005138883751840e+02 0.000000000000000000e+00 2.342773062200568290e+02 1.797751537330199767e+02 1.190838555726067938e+02 1.569995371370129533e+03 6.610444291380694892e-01 1.140564361207728297e+02 4.070584123697611290e+01 1.315319166521396255e+03 1.069538050871342421e+03 1.463191723410212752e+00 7.901913536401769633e+00 2.736734670292758551e+02 7.048280030673395231e+02 6.682438184146490130e+02 1.822919887589860455e+00 1.824927801890937417e+03 5.982903950359860801e+02 1.490161346830427078e+02 6.302149349968846082e+02 1.118263837379908523e+02 1.471618970639133067e+03 2.675674019878505874e+02 2.393202504802491433e+02 1.009414887710999778e+03
7.286070482572750961e+02 1.617036019470597108e-01 4.641218774486040388e+02 2.899255883615886660e+02 0.000000000000000000e+00 3.137716463944939278e+02 4.971931316314924061e+02 0.000000000000000000e+00 9.904689170066465920e+01 1.399038865267183951e+02 2.826427594742400515e+02 2.775044680349826649e+02 3.593667036279404869e-01 1.532033843898244641e+03 6.107504076920869096e+01 6.630138801588422837e+01 3.037602165029840151e+01 4.174011040554331586e+00 7.481922799923985394e+02 1.098042335935480313e-01 2.933119030588646297e+02 2.961387625275580149e+01 4.827995958746367933e+02 5.213005642385154488e+02 1.557738960254787116e+03 5.713889161537991868e+00 0.000000000000000000e+00 1.828707394585520660e+02 1.359006997415163198e+02 4.820503530622381732e+02 2.511166641500859598e+01 6.421641630999544077e+02 1.496786435035874376e+02 9.532112403901500102e+02 0.000000000000000000e+00 9.959296021161438830e+02 5.479733633903553027e+02
1.659824477288198041e+00 2.531946809545936539e+00 2.419835292365591499e+02 1.045459714573890031e-01 7.334294366819462994e+02 1.565329194411208618e+03 9.998082623135437643e+02 4.524579748024869446e+02 0.000000000000000000e+00 7.966974461178796219e+02 5.231243851145686818e+01 7.879786258058412329e+01 1.840822022871995145e+01 6.481683395629428333e+02 1.112260014540833254e+03 3.787966576064604185e-01 9.800763073882434355e+02 5.324942990683941844e+02 3.266447774280070462e+02 6.043867696260639377e+02 1.374784968215634606e+01 5.355938187157146331e+02 6.900430895799861446e+02 1.524605909822130343e+03 1.524861010831013886e+01 1.391076959735004948e+03 1.338417803524476390e+01 6.417571758823905270e+01 3.621111246783041224e+02 4.306759089851639466e+00 1.332555844995579719e+03 6.894869295254321742e+02 8.836684519186296711e+02 1.222259123689042553e+03 4.952510423307036262e+02 3.873017453247955899e+01 3.070178049910318236e+02
9.878568105686519763e-05 4.262042966708536937e+02 9.612000260900534840e+02 0.000000000000000000e+00 1.750055110764615847e+03 1.065989877696802068e+03 1.285036258951475929e+03 1.921375059988858709e+02 5.991782968578634154e+02 1.914761168067806523e+02 1.339060752357122965e+03 1.104621961349979813e+02 1.253404831112546844e+02 9.198738728929887429e+02 1.883858783631906817e+03 2.307048600116739863e+02 3.541039870672976519e+01 6.384039529419079599e+02 5.318144790410539002e+00 1.899659657997331497e+00 1.459853010432123621e-01 3.415731088686521311e+00 1.049529058201995753e+02 5.147444707714073502e+02 0.000000000000000000e+00 0.000000000000000000e+00 5.339086751225168825e+01 1.377969737026739665e+02 2.242445157003774057e+02 8.246808634775409246e+02 2.588841283926287815e+02 3.483188534008462844e-01 3.650235237163967668e+02 0.000000000000000000e+00 6.854666313096093972e+02 1.133917942138524950e+03 5.569224480640966135e+01
0.000000000000000000e+00 0.000000000000000000e+00 8.888480645736786983e+02 0.000000000000000000e+00 3.571677044565862255e-06 8.559051768872769799e+02 7.479166125977945967e+02 1.323743336018283090e+00 3.810321831744537757e+00 5.674013032099617604e+00 3.142495139993958020e+00 4.456977438365912203e-01 3.466791239484912808e+02 1.570784272448909178e+03 1.033081117282902824e+03 9.255653211847308270e+00 1.634318683387005422e+03 8.438127986954061299e+00 2.972175954547454353e+02 1.023389876824295698e+03 7.983588017576153106e+01 9.157917337741643848e+01 7.930536066324764266e-02 0.000000000000000000e+00 4.410456356730431366e+02 1.122613856557445615e+03 1.938891316610759530e+00 1.668749485615970585e+00 5.424462468130703883e+02 4.855294736519167600e+02 0.000000000000000000e+00 2.214053544463621392e+02 6.271197737392195215e+00 7.523938868269274849e+01 8.873128376945350615e-01 1.589736326240486619e+02 9.608749382758730917e+02
