output/example/lateral_incision_000112.asc
nrows	75
cellsize	13.33333333
xllcorner	0
ncols	75
yllcorner	0
NODATA_value	-9999
[rows 0 to 16 of 75, columns 0 to 36 of 75]
0.000000000000000000e+00 4.878489709382362207e+02 0.000000000000000000e+00 1.355173610521276942e+03 3.770966572450632839e+02 0.000000000000000000e+00 3.295955878419428586e+01 1.334620413499106235e+03 3.989037117104237495e+02 5.953693517562656723e+01 6.425295078029544804e-01 1.194283342739616287e-05 2.638001873447476815e-05 2.026420197800674146e+02 9.138677871282839149e+00 0.000000000000000000e+00 5.412460465191597483e-06 0.000000000000000000e+00 1.430772275955948469e+00 4.990219084527659776e-02 0.000000000000000000e+00 8.214038731092654518e-05 2.132444891575236974e-04 0.000000000000000000e+00 2.231114699250212551e-07 0.000000000000000000e+00 1.467995409988723132e+00 2.394697288128030332e-06 8.592563712945595588e-06 0.000000000000000000e+00 1.059712603314569833e+03 8.671616602136681422e+02 9.240312403002536712e+02 0.000000000000000000e+00 0.000000000000000000e+00 0.000000000000000000e+00 1.548180209182953640e-03
0.000000000000000000e+00 2.519061034868621096e+00 8.996000490994670429e+01 5.147407234449342468e+02 1.588799868088477524e+03 2.142566576332549655e+00 0.000000000000000000e+00 6.317140176164494960e+02 1.482018158707540181e+02 1.070117113321628494e+03 5.896243685552930991e-01 2.663333595828128963e+01 2.075377802363997830e+02 5.245793269908450611e+02 9.557378722280394641e+02 3.131538663470167307e+02 1.871878876377573589e-03 1.315370211327804057e-06 4.584496404007184722e+00 1.333093308767809617e+02 5.815755047017586321e+01 8.763151664203197910e+00 4.623939332681852754e+00 0.000000000000000000e+00 5.704786405746865796e+01 2.232924703102273511e+01 9.662371485168516072e-01 5.496265581969428240e+02 3.861551820968499555e+02 4.556377439010560124e+02 1.323281556237128775e+01 8.293894009617346796e+01 1.985387096335069828e+02 3.655390711571771423e+00 5.044055294350693538e-03 3.315906617922359089e-03 0.000000000000000000e+00
0.000000000000000000e+00 4.550713703653930793e+02 3.227743886118979999e-01 9.673506619691247366e+00 5.951649694123427992e+01 2.484994952065967766e+02 1.316892087918919287e+03 1.910136992248045118e+00 2.307310674580108412e+01 6.455364111426636100e+02 0.000000000000000000e+00 1.121697390474989788e+03 6.065164913507646816e+02 1.393662969138383460e+03 4.620549651609517383e+01 8.047466586780606121e+02 6.481505483696199690e+02 8.596663342795888951e+00 1.610559061262285923e+03 4.389394853471479223e+02 3.493685674481682781e+02 4.759417449566312541e+01 1.156986995709643907e+03 2.337929860211231130e+02 1.217211753713701000e+03 1.751308758787423301e+02 7.283315762017613224e+02 0.000000000000000000e+00 1.372983041211970885e+03 7.966961955707581637e+02 1.452016478060407280e+03 4.355882171782849355e+01 6.427309715414986613e+02 4.612141977001716100e+02 0.000000000000000000e+00 5.062770177249850434e+01 1.208424818000562482e+03
0.000000000000000000e+00 4.324020270068886020e+02 8.458905894642967382e+00 4.800947218696889536e+02 6.337923254334938292e+02 1.112962199134826278e+03 1.853521900465775616e+02 1.306083123169774808e+03 3.246812838710773121e+02 4.600902637141692786e-01 7.260195774950966552e+02 0.000000000000000000e+00 6.342656838788159348e+02 7.218371103629010577e+02 7.763768043835005983e+02 3.677506604829003436e+02 0.000000000000000000e+00 1.881562496017381534e+02 5.733303446927252800e+00 3.478700563962758565e+02 1.125184656631803819e+03 1.103644648334354542e+03 5.348129497162768757e+02 4.471339995228909743e+02 0.000000000000000000e+00 1.553288575200077446e+02 5.125597012544577638e+02 6.306100998655215335e+02 7.809311945646011388e+00 0.000000000000000000e+00 1.469299408136646889e+03 2.331965395678837751e+02 8.596468011498360511e+02 9.408030602935713027e-03 0.000000000000000000e+00 9.225552446931010309e+02 1.187622339497200073e+03
0.000000000000000000e+00 1.015329045164323020e+03 1.427212972329412651e+03 1.422145960459520779e+02 0.000000000000000000e+00 5.931049915863960678e+02 1.106403793662143926e+03 5.420471389146952106e+02 5.112418032495028797e+02 2.968102443377831179e+01 0.000000000000000000e+00 1.807803176662934845e+02 3.474892587926950114e+02 1.787267619617015271e+02 9.394490998108210533e+00 1.143965575411222289e+03 1.471101947915923347e+03 8.316674102036486147e+02 4.650977593296803825e+00 9.784317718237416273e+01 4.199763943112833431e+02 7.790820422989892791e+01 1.418626803343624232e+01 5.816915919798879031e+02 1.421668436876777832e+02 9.764791642390545121e+02 1.206743806531182145e+03 1.311551964634625165e+03 7.728798535686169089e+02 8.482421278457737799e+02 3.340582738585051459e+01 4.519909638542229686e+02 1.462335982954591145e+03 6.664659361790225489e+01 8.335856779702079393e+02 7.105878839624019747e+02 1.149215057636413775e+02
0.000000000000000000e+00 5.412202207972261192e+01 3.683483370688003800e-01 1.962598497961662303e-01 2.478303042348048848e+02 0.000000000000000000e+00 0.000000000000000000e+00 2.857064122448772991e+02 3.954365041261362990e+02 3.521475389117848067e+02 4.630361665738916486e+02 1.080782614327400069e+02 4.105695594580783592e+01 8.051386585725763325e+02 6.463571227230737293e+00 6.685734574263485683e+02 1.401528266998505615e+03 8.760710322379611625e+02 9.613518715771112610e+00 8.031928104913823745e+02 4.726293972251702940e+02 1.028214808193128192e+03 2.530095325794673222e+00 9.323263238568556517e+02 6.504844623951502172e+02 8.249676291536056638e-01 0.000000000000000000e+00 2.872018862437366593e+01 4.783086852240497251e+02 3.550362142782608430e+02 2.874944820397052681e+00 1.245784413734075997e+03 2.510612382594152621e+02 3.822621631906520179e+02 2.781003533024581316e+02 1.360079812218536910e+00 1.032122079695370530e+03
0.000000000000000000e+00 5.335443349152716337e+02 7.248494404244859197e+02 1.584288948748689563e+03 4.702874055998253198e+02 6.940359379536928373e+02 2.044624246166988257e+02 0.000000000000000000e+00 4.529926910732251031e+02 1.406731694134638055e-01 7.648352577001847976e+02 1.762039025078531949e+03 3.211421014384601449e+02 5.925743578162655467e+02 8.690825662645550453e-01 6.461033467219347415e+01 1.725344978156003322e+02 2.049935719002760948e+02 1.847266056936309964e+00 1.519948482805015374e+03 1.146722062123705882e+03 4.067789808441498595e-02 1.672858564595620464e+03 6.890283561674330031e+02 2.808661299170723282e+02 2.119905843607182927e+00 0.000000000000000000e+00 9.160889070625631803e+01 8.869022104156654223e+02 5.573542293348402836e+02 5.996860840273712938e+02 6.648596042048967547e+01 1.918006195710329109e+02 1.788051012530520438e+03 2.906502981867766948e+02 1.435563069592508896e+02 3.951096029412778421e+01
0.000000000000000000e+00 0.000000000000000000e+00 1.089196163901309866e+01 8.616618344048257327e+00 7.856988426894235999e+01 6.042110714006654462e+02 1.171047236575175816e+02 0.000000000000000000e+00 6.576139022569858525e+02 8.107899158797918062e+02 6.252466614737872419e+01 1.577401100461135684e+03 1.084678056465717418e+03 1.192133722023720338e+03 7.803760802137641450e-01 1.262906366102121410e+03 1.421827230619749344e+03 7.968837019853065158e+02 5.539759828483131976e+00 1.493581144471140988e+03 1.675032240873673004e+02 6.258033671096641370e+01 4.272069619958892872e+02 3.527830325151621764e+02 1.183498439842922352e+02 7.646589941413977840e+02 0.000000000000000000e+00 8.323865882849556783e+02 0.000000000000000000e+00 0.000000000000000000e+00 8.597856592798378017e+01 2.197914373758829143e+01 0.000000000000000000e+00 2.183738603749746332e+01 1.002572870027870877e+01 1.700075623595290153e+03 0.000000000000000000e+00
0.000000000000000000e+00 4.316159434837946662e+01 3.959306362926220686e+02 4.482010134078332158e+02 2.971932544217621626e+02 6.088461680588386571e+02 9.830490015158018480e+01 2.290183820932821277e+02 5.895844690788488833e+02 1.710358770815684920e+03 2.662222321564795493e+02 2.089613576947799256e+00 1.586289488657256541e+01 5.953164165897219817e+01 7.763652116047657046e+02 2.005984188580187400e-01 6.473663892649826721e+02 1.557893892339491913e+03 1.349369248092277189e+02 7.257583444063295701e+02 0.000000000000000000e+00 1.611835550312974874e+03 1.463860437618981791e+02 0.000000000000000000e+00 1.116808182839922438e+03 3.187493955064740021e+02 1.146636637719890587e+03 6.360502051453480590e+02 4.421242258492757982e-01 1.223445376009728847e+02 2.764607333940480416e+01 9.914033747338467037e+02 8.374909904400381038e+02 1.571960523754913538e+03 5.804908271066327643e+02 2.753833388055863640e+00 2.512761363542557902e+01
0.000000000000000000e+00 0.000000000000000000e+00 6.184667769172853014e+02 1.658066728446426907e+02 3.667433704377044137e+02 3.379432390865983962e+02 1.323826709896630689e+02 1.107367642314870295e+02 2.602985288563231236e+01 2.005157327468155870e+02 7.458895906346990046e+01 1.615478111786625504e+03 1.350997550254066759e+00 1.396344027238746776e+03 1.175437254474029942e+03 1.497466621255806331e+03 2.293007226706395159e+02 3.535951681509974378e+02 4.292824030232284258e+02 3.753338611210420481e+02 8.008291641417359585e+01 4.585814282021566157e+01 5.722492094923132981e+02 1.494963714480040153e+03 1.350469740857447309e+00 0.000000000000000000e+00 0.000000000000000000e+00 1.433938551171740905e-01 6.888738109434913213e+02 1.264284993927446521e+03 2.498787055430182988e+02 5.084437559628127588e+02 0.000000000000000000e+00 9.723755178503998309e+01 1.713270416416543469e+02 0.000000000000000000e+00 0.000000000000000000e+00
0.000000000000000000e+00 1.275651325456496807e+03 3.114239133173011282e+02 3.192127768467750002e+02 3.416653491063756292e+02 0.000000000000000000e+00 1.509231238861768816e+02 5.940119688143553844e+00 4.277954114500167861e+02 6.454247427768020771e+02 9.444816231361705832e+02 1.557325478484241557e+03 2.985248847973633046e-02 6.620417599972315656e+02 3.410076271092078741e+02 5.141408805646849487e+02 7.765603860462161947e+02 3.771433893135288145e+02 1.728129831647086689e+02 4.490190605057535755e+00 1.336055983425559816e+03 1.321105209310652526e+03 1.947382010470899649e+00 5.085569148358433100e-01 4.421665502858910202e+01 5.577709619075384353e+02 0.000000000000000000e+00 0.000000000000000000e+00 0.000000000000000000e+00 9.211697231259001910e+02 2.007681877191684521e+02 4.690888367153111744e+02 1.965235464421690494e+02 4.882343873561495116e+02 9.948099642143474739e+02 1.151592288735892680e+03 1.264692374099142626e+03
0.000000000000000000e+00 2.268087027753703637e+02 6.710618180793142074e+02 5.441571600825445785e+02 2.028290034125562897e+02 5.364302174931788159e+02 2.637018390350407415e+01 4.759136307004812352e+02 1.651076228981580698e+03 1.605868061532063848e+03 6.087600533517992289e+02 2.831690279293444523e-01 1.263004874948454017e+03 0.000000000000000000e+00 9.923910261463213374e+02 1.202216389381298313e+03 4.514417064862552706e+02 1.910948580603478320e+02 1.789020179545017797e+01 1.157643996569095634e+03 0.000000000000000000e+00 7.830972045802689685e+00 1.253204699997385347e+02 2.839268598730517965e+02 1.011584258117794889e+03 0.000000000000000000e+00 9.833275628967935518e+02 5.906738005262018865e-01 4.735320488036549591e+02 9.809047741782728735e+02 1.076465279459594967e+03 8.959146195550381719e+00 2.711146760349192846e+02 5.585570815123762713e+02 5.913019347936795356e+01 2.959831097439079031e+02 4.761186319176563586e+01
0.000000000000000000e+00 3.478726102899640349e+00 4.502146224862475066e+00 4.164887897944476691e+01 3.078681239453077723e+01 6.494178255036955534e+02 0.000000000000000000e+00 2.644709590134451282e+00 5.652404755855088281e-01 5.034200402168880206e-01 8.910125249699838434e+00 0.000000000000000000e+00 1.026556960336148450e+03 3.505577165953183112e+02 1.201595031905630577e+02 1.387241921711218993e+03 1.573172850133225893e+03 1.733517259507565456e+01 3.006187121704832634e+02 1.599617252546696363e+03 1.155064002735699813e-01 6.265633222516394198e+02 1.504952673484492607e+03 1.139932555712647755e+01 8.710939500955207677e+02 0.000000000000000000e+00 4.638906419880719341e+02 9.008613355241611771e+02 1.995930383134172592e+00 0.000000000000000000e+00 2.705969861102059521e-05 2.957636960738066136e+02 3.976608102494584784e+01 8.931585072484948284e+01 2.060303466772934939e+02 7.410632969829418926e+01 1.406941089503393982e+02
0.000000000000000000e+00 4.822817169137197197e+02 9.417360662766758139e+01 1.417720338050560713e+03 1.324154508777861111e+03 1.114848788855561601e+00 8.605562796083724209e+01 5.629223754889729889e+02 1.579144197273486952e+03 1.267274180962837136e+03 1.551041207811364302e+03 1.439868013742117796e+02 2.732636180750835031e+00 4.530166999237774803e+02 9.384478325747543295e+02 1.414630941696757645e+03 2.547899002961803022e-02 7.586979970465066572e+02 1.200714974843916934e+03 6.248660997900854497e-01 4.896715024708621513e+02 0.000000000000000000e+00 3.709388598554388068e+02 8.141397955284869425e+00 3.162216950203758614e+01 4.777507995230916293e-01 7.926053240666839201e+02 0.000000000000000000e+00 1.474651228470004867e+02 0.000000000000000000e+00 1.204597399331994666e+03 1.090199520996922729e+03 5.065574383391325455e+02 6.355753707135870512e-01 4.433958007261907142e+02 2.725564450495858715e-01 1.354382428770300066e+02
0.000000000000000000e+00 9.735298326748454656e+01 0.000000000000000000e+00 6.251523269433508858e+02 1.127484436940679643e+03 0.000000000000000000e+00 9.128305289985987656e+02 2.996134589760790163e+02 7.606831378099926155e+01 8.946620020686348198e+02 2.539796475169298162e+02 1.290649588717510369e+03 8.447293861769046543e+02 1.676844589112769235e-01 9.755394940483131938e-01 4.544641579376371254e+01 6.219994874589091296e+02 5.804529226070434333e+02 6.115063381317900166e+02 2.850502284162836020e+01 2.895608225789271728e+02 1.553647752536038979e+03 1.206000979145174483e+02 3.836538068778591271e+00 2.970494184358040801e+00 7.945339165265557995e+02 7.725678625027341013e+02 0.000000000000000000e+00 7.563099547642739253e+02 2.709492949388798593e+02 5.285481906506794836e-01 1.381342928381664024e+02 1.146425380408783568e+01 7.371142877858675035e+01 7.452033971902303620e+02 7.046226930063395457e+02 9.090871955708486496e+00
0.000000000000000000e+00 4.417250645710647916e+01 9.014410833795220697e+02 1.229729055962477133e+02 1.703101204765303862e+02 4.797189595588452562e+02 2.003924585047202334e-01 5.586245969414819683e+02 3.474714528722062141e+02 8.014991514053426727e+02 3.598195584917936451e-01 2.340491604115217399e+02 4.772897979003029718e+02 1.340854449346319655e+02 1.043144477708076607e+02 4.632982723104304768e+01 6.169273884702491273e+01 1.786978517566787730e+02 6.009668477639078787e+01 0.000000000000000000e+00 1.653893544713077119e+02 1.275701694134212403e+03 4.692022243485725141e+01 9.343909032590139532e+02 1.838102667340816954e+00 2.132268587006329597e+02 1.425891352094349962e+01 2.511688508905424158e+02 1.664399496482533095e+03 1.397218326046463517e+03 1.813812231906420536e+01 1.278508421873479165e+03 1.335751162117543799e+03 2.680912337410225064e+02 9.415139018716672581e+02 0.000000000000000000e+00 4.500417303086615028e+00
0.000000000000000000e+00 0.000000000000000000e+00 5.255044401546681456e+02 6.371427154016898697e+01 1.430096383604103039e+03 3.124306699023546798e+02 0.000000000000000000e+00 4.806590735220120791e+02 3.514537986343534612e+02 1.061264662513676512e+03 2.816170504521037454e+00 1.124202160284236015e+03 1.108528257426877985e+02 7.066176337529925604e+02 5.857890656765165431e+02 6.323172225722824003e+00 1.224151653005581920e+03 8.240406966302225555e+02 4.663799096018814083e+01 5.250785891937586030e+02 1.234898102265339475e+02 2.555619140185157789e+02 4.016253087829661013e+02 2.944883331773800705e+02 1.328468570897515519e+03 5.276896179539569403e+02 2.309089633361865594e+02 1.986945647549816840e+02 1.648877687763185829e-01 1.589046672543878458e+03 1.337894545213343463e+03 1.839602627700867687e+00 3.984646660931218207e+02 3.805176529564403722e+02 4.069393742446068245e+02 1.428336339036146683e+02 6.415937665454677585e+01
