output/example/lateral_incision_000008.asc
nrows	75
cellsize	13.33333333
xllcorner	0
ncols	75
yllcorner	0
NODATA_value	-9999
[rows 17 to 33 of 75, columns 37 to 73 of 75]
3.350972378965348726e-12 0.000000000000000000e+00 1.660858016533367520e-12 0.000000000000000000e+00 8.615724053149490467e-12 1.764821159268965896e-11 0.000000000000000000e+00 5.715434043520421155e-13 1.649209292821179765e-12 1.645538350367757039e-12 1.641961540975428507e-12 0.000000000000000000e+00 0.000000000000000000e+00 0.000000000000000000e+00 0.000000000000000000e+00 1.666540936517325812e-12 0.000000000000000000e+00 0.000000000000000000e+00 1.713655301218468287e-11 0.000000000000000000e+00 1.689000496509611904e-12 0.000000000000000000e+00 1.303072783761437197e-11 0.000000000000000000e+00 0.000000000000000000e+00 0.000000000000000000e+00 0.000000000000000000e+00 3.449266630632526816e-12 1.504968925428082026e-11 3.457322284738553008e-12 0.000000000000000000e+00 0.000000000000000000e+00 8.783659360223340249e-12 4.440383205206319545e-12 0.000000000000000000e+00 4.235590462200973394e-12 3.397557977919439013e-12
0.000000000000000000e+00 3.376344113988267237e-12 5.682099457546369009e-13 1.078783980440281673e-11 1.656233386379317327e-12 0.000000000000000000e+00 5.676446475368932747e-13 1.647316898868605259e-12 0.000000000000000000e+00 5.661974684158719466e-13 0.000000000000000000e+00 0.000000000000000000e+00 0.000000000000000000e+00 0.000000000000000000e+00 5.722528868381912509e-13 0.000000000000000000e+00 5.481286373356448153e-12 3.436687498090851133e-12 0.000000000000000000e+00 3.462822560670222208e-12 0.000000000000000000e+00 3.462822560670249269e-12 0.000000000000000000e+00 0.000000000000000000e+00 5.761043966832770152e-13 0.000000000000000000e+00 5.482645198877920133e-12 3.447406010735498414e-12 5.781702481323651094e-13 6.645071242940612685e-11 1.669970152274745965e-12 1.662267097426548709e-12 0.000000000000000000e+00 3.411949906353925433e-12 1.854990865652036396e-12 0.000000000000000000e+00 5.698454805567387946e-13
0.000000000000000000e+00 2.976311200569029734e-12 1.612484691091476746e-12 3.264141714764944557e-12 0.000000000000000000e+00 1.657552571058946856e-12 3.384199081276643994e-12 0.000000000000000000e+00 2.234285197767865860e-12 1.441718026755765077e-12 5.638493165522600502e-13 0.000000000000000000e+00 0.000000000000000000e+00 0.000000000000000000e+00 3.422539838527446352e-12 5.725355386130513350e-13 0.000000000000000000e+00 3.047505652060576497e-12 0.000000000000000000e+00 3.469732981763893128e-12 0.000000000000000000e+00 3.469732981768125563e-12 0.000000000000000000e+00 3.448832760540614648e-12 2.213101087782662374e-10 1.679805625649287896e-12 1.478801824476455219e-12 0.000000000000000000e+00 5.760027269188272118e-13 8.902062420373456375e-12 0.000000000000000000e+00 1.666895119277696505e-12 0.000000000000000000e+00 0.000000000000000000e+00 0.000000000000000000e+00 1.657844186652790475e-12 0.000000000000000000e+00
0.000000000000000000e+00 7.001278347497293333e-11 0.000000000000000000e+00 0.000000000000000000e+00 5.680120045553797238e-13 0.000000000000000000e+00 0.000000000000000000e+00 0.000000000000000000e+00 0.000000000000000000e+00 0.000000000000000000e+00 0.000000000000000000e+00 0.000000000000000000e+00 0.000000000000000000e+00 0.000000000000000000e+00 0.000000000000000000e+00 3.436687498090851133e-12 5.744004963610371426e-13 0.000000000000000000e+00 1.689556564138303053e-12 3.471734798433337827e-12 3.165218166066757398e-10 3.472616836790971709e-12 2.242894126629004281e-10 1.690893303259245058e-12 0.000000000000000000e+00 7.421285766611342173e-11 5.787636847520225578e-13 1.682298459343798600e-12 0.000000000000000000e+00 0.000000000000000000e+00 5.718476842841254532e-13 5.705688913862261126e-13 0.000000000000000000e+00 0.000000000000000000e+00 0.000000000000000000e+00 0.000000000000000000e+00 0.000000000000000000e+00
1.539183522821890191e-12 0.000000000000000000e+00 7.171061992835726640e-11 3.264100749167495851e-12 0.000000000000000000e+00 0.000000000000000000e+00 0.000000000000000000e+00 0.000000000000000000e+00 0.000000000000000000e+00 0.000000000000000000e+00 0.000000000000000000e+00 0.000000000000000000e+00 0.000000000000000000e+00 0.000000000000000000e+00 5.771522529376637937e-13 0.000000000000000000e+00 3.444907903771681171e-12 1.689556564138303053e-12 0.000000000000000000e+00 3.142425132012484824e-10 0.000000000000000000e+00 2.911461336236508918e-11 1.697000797913876139e-12 4.392301553756829860e-19 1.072991942358214706e-10 6.232143788888703270e-12 0.000000000000000000e+00 0.000000000000000000e+00 0.000000000000000000e+00 0.000000000000000000e+00 0.000000000000000000e+00 0.000000000000000000e+00 0.000000000000000000e+00 0.000000000000000000e+00 1.658234896813465106e-12 1.662147650428810952e-12 0.000000000000000000e+00
9.141098396949212842e-10 3.144270392345628180e-12 3.207632025338495890e-12 0.000000000000000000e+00 0.000000000000000000e+00 0.000000000000000000e+00 5.727442836040574611e-13 0.000000000000000000e+00 3.433229080766939425e-12 1.674953761318904223e-12 0.000000000000000000e+00 1.658364294550818339e-12 0.000000000000000000e+00 5.771522506912260328e-13 0.000000000000000000e+00 3.462633176580014706e-12 1.689114695836777708e-12 3.449421543286246057e-12 1.695323176636826758e-12 0.000000000000000000e+00 3.458656407932689609e-12 4.336027206109492646e-12 0.000000000000000000e+00 1.001253097780861320e-10 0.000000000000000000e+00 1.045400060726146320e-12 0.000000000000000000e+00 0.000000000000000000e+00 0.000000000000000000e+00 1.662832796435044314e-12 0.000000000000000000e+00 0.000000000000000000e+00 0.000000000000000000e+00 1.072916814422315736e-11 0.000000000000000000e+00 0.000000000000000000e+00 0.000000000000000000e+00
3.348402814485916054e-11 5.866355579969962852e-11 1.537519786425098559e-12 9.985370826829830107e-12 0.000000000000000000e+00 3.452465411776901475e-12 0.000000000000000000e+00 3.449879758089501350e-12 1.685512913616006414e-12 0.000000000000000000e+00 3.028965130560929453e-12 3.413492514184170489e-12 0.000000000000000000e+00 0.000000000000000000e+00 4.314091726363480451e-12 5.797018468989941948e-13 1.917006441015246632e-10 1.689430060102512554e-12 0.000000000000000000e+00 1.252146501686933358e-10 1.682850331074620578e-12 6.412137522196231179e-10 5.791517935352638691e-13 8.789185540337646204e-12 0.000000000000000000e+00 1.687510410696999086e-12 3.442507568187837524e-12 1.523381871417769292e-10 1.675164043365530465e-12 0.000000000000000000e+00 0.000000000000000000e+00 3.033626388143852634e-11 1.659543210599277743e-12 0.000000000000000000e+00 1.658234896813465106e-12 1.662147650428810952e-12 0.000000000000000000e+00
5.278702153726140631e-13 1.620789269713184156e-12 0.000000000000000000e+00 9.620293467935575841e-12 0.000000000000000000e+00 4.304548034755467586e-12 3.472456988121006861e-12 1.694332142975925692e-12 0.000000000000000000e+00 3.041425145157193882e-12 3.433229080718394262e-12 0.000000000000000000e+00 0.000000000000000000e+00 0.000000000000000000e+00 0.000000000000000000e+00 3.410811558507470377e-12 1.678597612240444993e-12 0.000000000000000000e+00 1.693154116148331246e-12 0.000000000000000000e+00 0.000000000000000000e+00 0.000000000000000000e+00 0.000000000000000000e+00 0.000000000000000000e+00 3.290128745405915863e-11 0.000000000000000000e+00 1.685365966905514878e-12 1.692289633914653131e-12 0.000000000000000000e+00 1.689678867274794947e-12 0.000000000000000000e+00 1.666067417174634233e-12 0.000000000000000000e+00 3.686407771768965247e-12 1.657794066148862581e-12 1.661235447836572213e-12 0.000000000000000000e+00
0.000000000000000000e+00 9.985370826334140509e-12 5.470233685872536801e-13 0.000000000000000000e+00 4.896794636825687484e-12 1.821180892982873824e-09 1.707379375412004995e-12 0.000000000000000000e+00 1.694332142975925692e-12 0.000000000000000000e+00 0.000000000000000000e+00 0.000000000000000000e+00 0.000000000000000000e+00 3.034917504505530747e-12 0.000000000000000000e+00 1.662628431259534446e-12 0.000000000000000000e+00 3.344275783999799410e-11 1.812175644022244461e-18 3.290255106874927157e-11 3.372855913892140015e-12 0.000000000000000000e+00 0.000000000000000000e+00 0.000000000000000000e+00 3.442534292247751684e-12 1.097230604619718281e-11 1.677508098805525853e-12 5.800431288881472291e-13 2.474141046295115549e-11 3.446158256313532492e-12 1.384608307554874635e-11 3.431294828911328345e-12 1.377711677556995200e-11 3.403574160826762039e-12 0.000000000000000000e+00 0.000000000000000000e+00 0.000000000000000000e+00
0.000000000000000000e+00 0.000000000000000000e+00 1.648170842328787503e-12 5.608727790374170070e-16 1.169926538508813184e-09 4.104197541650086315e-12 5.423670290647455770e-13 1.707379375412004793e-12 0.000000000000000000e+00 0.000000000000000000e+00 0.000000000000000000e+00 3.438901615449842730e-12 5.780116917746654808e-13 4.655081430833406126e-12 9.793373486300079500e-12 5.988310481618019876e-12 1.662628431259534446e-12 0.000000000000000000e+00 1.695647543623059023e-12 0.000000000000000000e+00 1.684822002002829665e-12 1.679274249394443815e-12 0.000000000000000000e+00 0.000000000000000000e+00 0.000000000000000000e+00 1.675815690058563901e-12 8.094220974262753766e-11 1.668292769425228923e-12 3.434804690197102505e-12 1.684003444509143051e-12 0.000000000000000000e+00 2.862835151009988229e-11 3.410989963176654509e-12 0.000000000000000000e+00 1.657794066148862581e-12 5.691359191216728914e-13 0.000000000000000000e+00
0.000000000000000000e+00 0.000000000000000000e+00 0.000000000000000000e+00 1.656503197607262634e-12 3.230620999211599126e-12 2.218998869216979493e-11 1.565420400934243186e-12 2.309877288099690089e-11 0.000000000000000000e+00 0.000000000000000000e+00 0.000000000000000000e+00 1.653422823703929121e-11 7.743759856517487907e-19 0.000000000000000000e+00 5.631935806935920877e-13 3.354674806740090811e-12 1.468780581123465257e-12 0.000000000000000000e+00 3.457185242791309398e-12 9.959991853534674135e-12 1.628959797776789983e-12 2.935719752114640417e-11 0.000000000000000000e+00 0.000000000000000000e+00 0.000000000000000000e+00 0.000000000000000000e+00 1.670250441002973909e-12 0.000000000000000000e+00 1.670250441002973909e-12 7.379810669169478573e-11 2.999336833404540953e-12 0.000000000000000000e+00 1.031175125950336484e-12 3.705634745479914910e-12 9.696422629347638577e-12 0.000000000000000000e+00 0.000000000000000000e+00
0.000000000000000000e+00 0.000000000000000000e+00 0.000000000000000000e+00 0.000000000000000000e+00 0.000000000000000000e+00 2.916444050322467917e-12 0.000000000000000000e+00 1.555294747015371645e-12 3.244898014045758732e-12 1.674645999213747310e-12 8.184914178921553519e-12 1.607868679802583107e-12 0.000000000000000000e+00 1.869240322612731716e-12 0.000000000000000000e+00 1.680696344312022785e-12 0.000000000000000000e+00 5.620498810598336261e-13 0.000000000000000000e+00 8.036063849820358132e-11 1.683941879513224310e-12 1.047095339989007048e-12 0.000000000000000000e+00 0.000000000000000000e+00 0.000000000000000000e+00 0.000000000000000000e+00 0.000000000000000000e+00 0.000000000000000000e+00 0.000000000000000000e+00 0.000000000000000000e+00 0.000000000000000000e+00 1.666018078442735709e-12 5.688525094658590847e-13 0.000000000000000000e+00 8.673480767554238283e-12 0.000000000000000000e+00 6.480020682393618675e-12
0.000000000000000000e+00 0.000000000000000000e+00 0.000000000000000000e+00 0.000000000000000000e+00 4.262167100169632353e-12 3.258121939168774042e-12 5.756731359996597680e-13 0.000000000000000000e+00 1.554390908597002326e-12 2.077143153962443827e-11 1.591987526374297327e-12 4.319445546279415107e-12 1.675076932992545840e-12 1.048505601395806524e-11 1.683343751708183620e-12 3.422587464779899205e-12 0.000000000000000000e+00 0.000000000000000000e+00 0.000000000000000000e+00 3.454670970266103938e-12 5.698388564081120293e-13 1.689434087689191250e-12 3.445667086634684800e-12 1.673456459102487302e-12 0.000000000000000000e+00 0.000000000000000000e+00 0.000000000000000000e+00 0.000000000000000000e+00 0.000000000000000000e+00 0.000000000000000000e+00 0.000000000000000000e+00 0.000000000000000000e+00 0.000000000000000000e+00 1.658187496286782793e-12 1.445464693650603895e-12 1.662367403299645706e-12 0.000000000000000000e+00
0.000000000000000000e+00 0.000000000000000000e+00 0.000000000000000000e+00 0.000000000000000000e+00 0.000000000000000000e+00 5.764242371399029996e-13 8.973119286487755932e-12 1.649750177914454579e-12 0.000000000000000000e+00 1.087168624469654347e-18 0.000000000000000000e+00 5.749986866008285453e-13 0.000000000000000000e+00 5.765905133387695854e-13 0.000000000000000000e+00 0.000000000000000000e+00 0.000000000000000000e+00 0.000000000000000000e+00 0.000000000000000000e+00 0.000000000000000000e+00 2.010350764044903703e-18 0.000000000000000000e+00 2.242748155780925925e-11 1.124613935596360791e-11 0.000000000000000000e+00 0.000000000000000000e+00 0.000000000000000000e+00 0.000000000000000000e+00 0.000000000000000000e+00 0.000000000000000000e+00 5.708520501308378273e-13 0.000000000000000000e+00 0.000000000000000000e+00 1.662348675684090607e-12 0.000000000000000000e+00 1.669127312364996128e-12 0.000000000000000000e+00
1.652662652714526731e-12 0.000000000000000000e+00 0.000000000000000000e+00 0.000000000000000000e+00 0.000000000000000000e+00 0.000000000000000000e+00 1.681793459723642819e-12 0.000000000000000000e+00 5.470656665488206581e-17 3.162830468002588106e-10 4.097534382836713428e-10 1.325523417357558261e-13 0.000000000000000000e+00 0.000000000000000000e+00 0.000000000000000000e+00 0.000000000000000000e+00 4.277735066613475768e-12 0.000000000000000000e+00 0.000000000000000000e+00 0.000000000000000000e+00 0.000000000000000000e+00 1.681298144755237958e-12 1.893231178473804631e-12 2.096624829818732949e-11 3.446089795583875971e-12 0.000000000000000000e+00 0.000000000000000000e+00 2.710013652657633734e-11 3.429745029476541489e-12 1.664207657635797020e-12 0.000000000000000000e+00 0.000000000000000000e+00 0.000000000000000000e+00 0.000000000000000000e+00 0.000000000000000000e+00 0.000000000000000000e+00 0.000000000000000000e+00
0.000000000000000000e+00 0.000000000000000000e+00 0.000000000000000000e+00 0.000000000000000000e+00 0.000000000000000000e+00 1.677894178067444629e-12 0.000000000000000000e+00 1.681793459723642819e-12 6.806491409519108672e-13 3.992629226830417474e-10 2.137169936254649452e-11 5.369878239767024307e-13 0.000000000000000000e+00 0.000000000000000000e+00 1.688113052957105771e-12 1.682974831556107727e-12 0.000000000000000000e+00 0.000000000000000000e+00 1.674491089355333286e-12 0.000000000000000000e+00 0.000000000000000000e+00 0.000000000000000000e+00 1.690558550475696898e-12 0.000000000000000000e+00 1.410359517016618455e-11 3.453237137732981699e-12 2.069742537943796145e-18 0.000000000000000000e+00 1.458731885615876096e-12 8.783364817620021202e-12 4.223229913914624169e-12 1.660927224381171043e-12 1.663663617351747979e-12 5.730410896374667839e-13 0.000000000000000000e+00 0.000000000000000000e+00 0.000000000000000000e+00
4.671447283819243628e-18 1.650566111622782918e-12 0.000000000000000000e+00 0.000000000000000000e+00 0.000000000000000000e+00 0.000000000000000000e+00 1.677894178067515916e-12 0.000000000000000000e+00 1.704567605549603302e-12 3.201805826646194108e-12 4.052927473101606695e-12 2.147125803894125045e-16 5.767141877285391054e-13 3.435210596469994017e-12 0.000000000000000000e+00 0.000000000000000000e+00 1.680304488335407773e-12 1.674491089355333286e-12 0.000000000000000000e+00 0.000000000000000000e+00 0.000000000000000000e+00 0.000000000000000000e+00 3.446089795583875971e-12 1.675612303365017666e-12 0.000000000000000000e+00 1.675612303365017666e-12 4.287801344715300927e-12 1.427118436305574987e-19 1.667001665062264665e-12 1.662816914969543288e-12 1.857404254127422615e-12 0.000000000000000000e+00 5.714035648032979517e-13 0.000000000000000000e+00 0.000000000000000000e+00 0.000000000000000000e+00 0.000000000000000000e+00
