output/example/lateral_incision_000282.asc
nrows	75
cellsize	13.33333333
xllcorner	0
ncols	75
yllcorner	0
NODATA_value	-9999
[rows 0 to 16 of 75, columns 0 to 36 of 75]
0.000000000000000000e+00 3.111560667785954148e-09 0.000000000000000000e+00 7.593259462781106777e+02 1.366821773850643012e+03 6.938183004394281852e+02 3.322898466254517871e+02 1.334620413499106235e+03 3.989037117104237495e+02 5.961565685188394070e+01 5.062690216439984425e+01 1.837977988102178628e+01 5.836264888545751006e+01 2.026420197800674146e+02 9.274754642652583314e+00 0.000000000000000000e+00 5.412460465191597483e-06 0.000000000000000000e+00 1.430772275955948469e+00 2.055395778728417444e-01 0.000000000000000000e+00 8.214038731092654518e-05 2.132444891575236974e-04 0.000000000000000000e+00 2.734756896395310610e-01 0.000000000000000000e+00 1.467995409988723132e+00 2.394697288128030332e-06 8.592563712945595588e-06 1.072833790534963305e-01 1.059712603314569833e+03 8.672218059349546593e+02 9.240312403002536712e+02 0.000000000000000000e+00 0.000000000000000000e+00 0.000000000000000000e+00 1.714033155400310804e+01
0.000000000000000000e+00 9.767514341122425492e+01 2.591804368804510261e+01 1.088452221270128803e+03 2.215433694015822539e+02 7.410131889719673381e+02 0.000000000000000000e+00 4.117486061609550347e+02 8.824079838131412998e+02 1.274455903046810590e+03 3.508903449493848825e+02 1.993965787981519782e+02 2.075377802363997830e+02 5.254029823123846654e+02 9.127989008906052959e+02 6.669060145687845989e+02 3.360732011596183497e+02 9.616579689766544092e+00 0.000000000000000000e+00 1.060118000778662918e+03 5.895753460504741383e+01 8.763151664203197910e+00 4.623939332681852754e+00 3.929614564270939923e+02 6.642526352119672595e+01 5.595988422809987242e+02 9.662371485168516072e-01 5.540484788662165556e+02 4.266099728048768043e+02 3.092736700459576937e+00 4.073164494779213669e+02 7.582973392260745413e+02 4.843894383846052278e+02 3.655390711571771423e+00 5.044055294350693538e-03 4.932002807625463561e+02 2.525254082723322995e+02
0.000000000000000000e+00 2.183159134332035833e+01 7.912547631048133780e+02 3.935040327591876235e+02 6.639487045625349992e+02 1.731975582347952695e+03 1.404929529865231416e+03 2.780353612356461781e+02 7.658704165438350628e+02 6.203606717082550404e+02 3.471802233628893646e+02 9.129372152941854779e+00 8.277398230052895087e+02 6.906392090243313078e+02 1.082925289704942770e+03 2.299780620023148288e+02 1.973874094054129813e+01 1.603266974963721850e+03 1.627151524845322911e+03 5.010307483547874696e+00 7.267390933525596211e+02 7.281019878365728459e+01 3.929781879207377671e+01 4.746701392098997303e+02 1.730351017555524891e+02 1.654153347284209019e+02 1.455194015503846686e+03 1.974924824548125173e+02 8.609524298887803297e+02 4.429473628431497900e+02 2.767437744594962510e+02 1.339155758686661784e+03 7.479335246910964941e+01 9.537042891683187236e+02 6.945070626158859284e+01 6.855537913685142257e+02 2.442270227082639451e+02
0.000000000000000000e+00 1.622392761324023240e+03 4.597592731018460199e+01 8.901893901710283785e+01 1.782969897708452152e+02 1.686299587131787803e+02 1.135365942501162380e+02 5.380582794008699921e+01 1.463347817824117385e+02 1.063778296629666897e+02 1.907871334993625112e+02 1.226079350716073350e+03 1.437959867205687942e+03 6.185420976064480101e+02 2.004291422398030591e+03 1.317375282176217524e+03 1.720370374500350010e+02 1.561491914769452251e+03 7.213037412830331618e+01 1.722996722360700232e+03 2.213539483939711772e+03 3.579953456608568896e+00 7.265847732884006973e+02 4.163104522617405223e+02 2.392018591596550436e+02 1.940536810516088622e+02 3.730857375895352561e+02 0.000000000000000000e+00 1.965245344489865147e+02 1.054331807482224804e+03 1.675374218727038169e+02 2.331102972083773182e+02 1.464489711934401157e+03 1.110090771287808593e+03 1.505281613739614841e+03 1.452585943628327868e+03 3.026720105737483664e+02
0.000000000000000000e+00 0.000000000000000000e+00 9.337885285381834137e+02 7.078695262297308091e+02 1.774934545087639890e+03 8.999064880653006639e+02 1.010652448304464770e+03 2.296679439931121749e+02 1.039622118259786248e+03 5.347832491221787450e+02 2.552771479176233704e+00 6.184582807447367436e+00 4.183593881552851599e+02 3.672835182319926730e+02 1.087945296829915236e+02 1.810172960760357341e+02 1.823801475562941334e+02 2.278242633796361076e+02 2.008277966632624256e+00 9.807391300929687077e+02 4.032100787076492443e-02 9.303846884914263455e+02 2.151709625595122475e+02 6.548884289167719999e+02 9.601847056686461102e+00 3.025708612702088658e+02 4.504602765330005809e+02 7.067286824983368021e+00 5.448318786478912301e+01 2.137615395777970946e+02 8.904335152741170987e+02 0.000000000000000000e+00 1.479187807587848056e+03 6.677217634172130545e+01 8.437868782562725301e+02 2.586761368290876462e+01 8.348101718076915176e+02
0.000000000000000000e+00 3.387277118812215235e+02 1.148646277074766886e+03 0.000000000000000000e+00 6.346604500666087461e+02 1.588359289008755013e+02 4.305142215370808003e+02 8.650678349116063828e+02 1.986357729989776146e+02 1.191596240495197662e+03 4.937745638975283669e+01 9.417585400033244696e+02 6.608829777710792541e+02 6.231685669067860545e+02 8.542285281984763969e+02 3.303561304524657771e+02 4.806076304065468889e+02 3.874218343825898359e+01 4.259205470447341213e+02 4.617142638916666542e+00 1.609605360227925814e+02 1.661453860322534481e+01 4.366617931590179751e+02 3.780754735206163559e+02 0.000000000000000000e+00 1.079643738927368304e+02 7.475517896421542900e+02 9.208011020692684667e+01 5.953753027984838582e+02 8.368650466473505958e+02 2.183494457302593617e+02 2.836400502812902857e+01 9.445525651452060174e+02 1.317135430430756287e+03 8.839797696813787908e+00 1.524634248408480971e+03 2.672948864402188178e+02
0.000000000000000000e+00 7.352839095755950893e+02 8.130748492309273843e+02 0.000000000000000000e+00 9.543293924590731194e+02 7.073510730676325693e+02 1.657382928219226130e+02 7.746265319791556081e+00 4.946048454229464824e+02 4.741972682227702762e+02 1.321685218181465586e+02 1.156947256521483780e+02 3.216789476574669493e+02 1.716152482942508470e+02 5.006414889596107365e+00 6.131174502125328551e+00 5.721960741376631177e+02 2.018919180852188688e+01 4.034645083930493570e+02 7.632983539426163588e+02 7.566479422536473294e+02 6.012974193551447115e+02 3.355673933892816763e+00 1.525559158743391663e+03 9.313794982736943666e+02 6.076050784227289796e+02 1.341059045320983159e+03 4.225745597238736551e+00 1.949236208553330698e+02 3.319799089363489202e+02 9.567305128993911012e+02 3.596820606112176022e-01 6.013256738531644032e+02 1.314287760868987561e+03 4.413430036985595883e+00 6.895274006884197888e+02 4.930747389493883581e+00
0.000000000000000000e+00 1.220029981570896815e+01 6.345115987830765647e+01 5.950440095697889120e+01 7.856988426894235999e+01 6.042110714006654462e+02 5.527518225649366741e+02 3.054252337850634191e+01 8.217669451577052087e+02 8.436379917440307281e+02 7.680950364242581827e+02 4.715038576821228844e+01 3.735342383721398818e+01 2.816401846195575445e+02 1.378587668284684696e+03 3.755798314632965003e+02 8.300611382767282294e+02 6.035367687220247035e+01 1.544424126773107218e+03 0.000000000000000000e+00 7.486080084291827461e+02 1.489949746248893007e+03 1.020662406292532523e+03 6.646755028319222447e+01 6.841330542525678311e+02 5.289833081454453350e+02 1.773315115405795552e+02 9.269409050557476348e+02 4.025818370046359860e+02 3.233956342070122219e+02 9.819172291844425899e+02 5.046109203967199619e+01 4.658387074887799884e+01 3.745946133759356940e+02 1.074735190651595929e+01 1.606968800829410213e+02 1.571414955143326608e+02
0.000000000000000000e+00 0.000000000000000000e+00 1.752551834083128824e+03 4.560239987795561660e+02 1.361247056438876143e+03 8.104391127289728729e+02 1.540793007814108478e+03 2.310388967473780042e+02 1.205144950876812118e+02 1.446179286614541525e+03 1.397757189370355263e+03 2.833248013046881510e+02 6.790872392610508790e+00 3.731604920279856970e+02 4.065850480545817049e+02 4.491605914282425260e+01 7.032146890798535424e+02 0.000000000000000000e+00 1.338652267061703469e+02 6.240767212845944414e+02 6.183380260295601829e+02 7.850181489761137072e+02 1.544576949525174996e+02 1.517851321071087334e+00 6.333416444380674193e+02 3.095857217303632183e+02 2.646259027738926761e+02 0.000000000000000000e+00 3.843960629442104278e+02 1.101226979793020533e+01 1.869313309553150759e+02 1.201774857692588405e+00 1.334621214859067550e+03 8.680687106727443734e+02 1.459288850310142834e+03 2.547929446854750068e+01 1.194132284733763527e+03
0.000000000000000000e+00 6.374979515564889425e+02 2.529374745136553031e+02 2.842861942026326716e+01 1.335680264945894749e+02 1.789393221232973588e+02 1.704663800246083554e+02 1.098734961677616084e+01 9.326978719288310913e+02 0.000000000000000000e+00 0.000000000000000000e+00 5.884924858694464547e+02 1.275337007282533222e+02 2.859620827215423446e+02 5.268221864473975984e+02 1.130673914519734126e+03 3.038768686886055903e+01 8.652309934618254772e+01 1.105557191408506242e+03 0.000000000000000000e+00 7.035986918335610198e+02 3.966746273215143219e+02 4.791478569734900930e+02 1.493952200913196066e+03 1.921174785339549995e+00 7.972916709623433462e+02 3.000919376288849749e-01 0.000000000000000000e+00 1.242239831198536493e+01 5.518931323096514063e+01 9.596069123180520819e+02 1.081436936440191516e+02 5.647669965698243004e+02 1.117552230991108900e+03 7.959638265178153871e-02 6.026740356104132843e+02 1.626335260179422448e+03
0.000000000000000000e+00 1.574213649937241598e+03 2.539358940466894978e+02 1.105012775919739170e+03 4.226485274013874260e+01 1.559042016494394602e+03 1.612423573580874290e+03 8.021638438173497434e+02 1.799723406513886459e-01 9.428736347344400883e+02 2.816120771940801433e+02 9.480194323584812821e+01 1.782971044799701232e+01 5.362463417441378777e-01 1.445262435417180598e+02 5.860015060910700235e+00 3.315608662650245719e+02 3.775493894008678808e+02 4.560758688158730934e+01 5.074328309647857509e+02 2.040648211719794745e+02 7.012348677835766431e+00 6.381868606589581532e+02 9.535183018149664349e+02 3.462905759215465729e+00 5.585025843777452792e+02 3.581997995060098674e+02 5.275091592802361902e+02 0.000000000000000000e+00 0.000000000000000000e+00 1.077844284763043703e+01 2.446045494594192462e+02 2.181467412120330795e+00 2.139701821451414632e-03 1.705465551916531240e+03 0.000000000000000000e+00 5.997548299474507461e-02
0.000000000000000000e+00 2.410251774421757887e+02 6.264926158470900646e+02 4.442749405304856509e+02 1.038171067481176351e+03 2.538100152830017464e+02 1.820490251325403221e+02 4.705695419562602524e+02 7.711262003176655444e-01 8.172296049391729866e+01 9.800874788272761862e+02 1.133166489222512041e+02 7.579015750977999915e+02 5.348433434249454876e+02 5.049711156760353647e-01 4.405567754809871985e+02 2.600548995745251091e+01 1.884929310479391006e+03 1.712397274699773789e+03 8.312167419695132287e-01 5.097598206204208395e+02 9.557266109638768512e+02 0.000000000000000000e+00 5.912402028260774500e+01 1.187039898995261638e+03 1.057045378918876850e+03 1.103659120768764524e+03 1.218246200452403230e+02 1.485108895726913488e+03 1.151336703759140846e+03 7.776013551119564227e+02 4.710615492087202855e-05 8.962583935960760755e+02 9.471687074675562599e+02 0.000000000000000000e+00 4.478869843400856325e+02 7.568251524791804741e+02
0.000000000000000000e+00 5.850050979034906504e+02 0.000000000000000000e+00 2.604612704820538482e+01 6.643999175976479421e+01 2.971029476883082499e+00 4.827127692035427344e+02 2.698234966464830187e+00 2.919621147547629221e+02 0.000000000000000000e+00 3.247877850023267570e+02 5.538558460895595772e+02 5.451033956280156856e-01 9.120752925395014472e+02 2.364972372895640107e-01 7.590279166008450318e+01 4.922128336132150253e+02 4.900955256604211172e+02 3.933583030843207666e+02 1.325554538514255114e+02 3.735185733760865787e+02 0.000000000000000000e+00 2.518373156390123881e+02 9.984032946548098835e+02 2.005959922974201106e+02 2.769238158936628480e+01 2.865413280478292677e+02 1.172511762940283234e+03 1.434979354391037187e+00 9.848167554532314405e-01 6.008471818818008359e+01 0.000000000000000000e+00 6.797506445148266039e+02 1.398563022985718476e+02 7.261620152222594697e+02 1.448668196817227694e-01 2.142424633789131292e+02
0.000000000000000000e+00 9.069270571732580493e+02 1.311802375149106183e+03 1.334104418802729413e+02 5.472598372436394811e+02 4.906435388314491775e+02 1.007891098856834233e+01 6.236874360221821689e+02 7.603329055575143514e+01 1.273714898302313969e+02 3.741664034973466642e+02 1.544360119666255741e+03 1.362009838652047620e+02 1.710117974343710557e+03 2.082157387940819226e-01 1.608830491136959040e+02 2.460270374085408491e+02 0.000000000000000000e+00 1.536083875104995059e+03 7.935138427234723224e+01 5.113871130983648428e+00 1.503122429441639269e+03 0.000000000000000000e+00 1.337509205423665470e+00 1.331073675474196705e+01 1.107765108717715563e+01 4.136507240018496390e+01 1.751525171777319034e+00 3.211414583490308701e+02 1.030038272593752708e+03 2.054786433311096161e+01 4.638751892593140269e+02 2.411126253646443396e-01 0.000000000000000000e+00 5.621221606711858954e+01 4.879633008783475816e+02 4.584293392583970785e+02
0.000000000000000000e+00 1.289132620971506185e+03 1.746760207515729462e+03 1.334672506876038085e+02 1.227912405491507570e+03 4.865617412542898705e+02 5.436903030176856078e+01 4.197854569811543115e+02 2.121174730444508327e+02 9.028606459135584146e+02 3.415620802048126166e+02 1.019746465056699208e+03 1.677476735734859892e+00 1.478242412880787526e+02 1.286161647065828674e+03 0.000000000000000000e+00 1.060193337382361278e+03 5.612369389499718864e+02 1.225922541124534320e+02 2.553110802178113303e+01 1.534981432094633419e+03 5.730426667183957079e+02 6.070966509921405532e+02 7.374371892836767302e+02 1.044278957782683165e+03 1.495950213993733655e+02 1.737783042454982024e+03 3.849573217703853061e+02 0.000000000000000000e+00 4.110057433968102600e+02 2.390273546629769541e+00 1.333215132894452381e+03 1.055348860439478358e+02 0.000000000000000000e+00 3.044888311748953242e+02 4.110368661672699773e+02 3.687460065962993099e+02
0.000000000000000000e+00 2.048592937036828598e-01 2.714845767204350224e-01 3.684809010578203647e+00 1.271322589524160662e+01 3.233323358414420312e+01 3.057560059096894278e+01 1.475454687051742653e+01 1.019465326548097437e+02 4.122262022004017012e+02 8.851775862861320547e+02 1.123071029867172825e+02 1.197168232673065802e+02 9.752433507804347528e+02 3.014032719938339824e+02 9.129701328454145823e+02 2.423594677210856219e+02 5.674077652773223690e+02 0.000000000000000000e+00 0.000000000000000000e+00 1.229971673438833477e+03 7.815517684610916831e+02 9.416820880403722640e+02 6.291425102928557180e+02 1.593133972530890841e+00 8.014560442983532766e+02 6.691325147700281306e+00 1.322896266692054951e+03 7.505385980515857227e+02 0.000000000000000000e+00 2.535019974692611555e+01 6.737823786548436829e+02 1.271436820563324375e+02 8.453561314072011612e+01 3.280034069364887159e+02 1.500116697186472493e+03 3.619445267471741801e+01
0.000000000000000000e+00 1.153947879011196619e+03 8.603976864357836121e+02 3.167761212386584475e+02 3.558424989289458722e+02 1.617038672392483249e+03 4.211942339462617042e+02 3.098401956306340139e+02 2.195433136294596133e-01 7.447287092755744409e-02 5.807386236147062064e+00 1.307816995331958232e+01 4.052733160443780847e+00 7.004883361979065057e+02 0.000000000000000000e+00 3.142378239967941189e-01 1.301694777317978833e+02 3.232168375514617509e+01 1.256408845608053525e+03 6.037168491845496874e+02 2.673867444990205300e+01 2.129854978408721067e+00 4.532452560549969576e+02 1.336781706002848296e+02 1.236154880159037930e+03 7.360099266670260931e+01 3.973580978351903781e+01 9.004659491660024173e+01 2.568991039821275422e+02 1.620154199498865921e+01 9.766106918387320093e+02 1.135746734734981089e+02 7.779928149705472862e-01 1.942249322178698776e+02 2.634523262080191941e+00 1.526240567524501785e+03 3.022765153602320254e+01
