output/example/lateral_incision_000435.asc
nrows	75
cellsize	13.33333333
xllcorner	0
ncols	75
yllcorner	0
NODATA_value	-9999
[rows 0 to 16 of 75, columns 0 to 36 of 75]
0.000000000000000000e+00 3.111560667785954148e-09 0.000000000000000000e+00 7.593259462781106777e+02 0.000000000000000000e+00 6.938671446162800294e+02 3.322898466254517871e+02 1.334620413499106235e+03 4.073628599788000884e+02 5.961565685188394070e+01 5.062690216439984425e+01 1.837977988102178628e+01 3.436049804044909592e+02 7.628841068651413480e+02 3.757497399238296225e+02 1.600331517760587587e+02 5.412460465191597483e-06 0.000000000000000000e+00 1.430772275955948469e+00 4.457327673779949428e-01 5.350972943520834746e-02 8.214038731092654518e-05 2.132444891575236974e-04 1.614394187922306756e+01 2.010956727149804113e+00 4.037682547253197640e+00 4.863268802456290274e+01 2.394697288128030332e-06 8.592563712945595588e-06 1.072833790534963305e-01 1.062124016246730662e+03 8.673434552864750913e+02 9.240312403002536712e+02 0.000000000000000000e+00 0.000000000000000000e+00 0.000000000000000000e+00 1.729778388324247018e+01
0.000000000000000000e+00 3.809309546248668994e+02 1.831631371482665429e+02 1.130621172598798012e+03 2.424198311951535061e+02 1.928566076335825608e-01 4.270253581866188419e+00 7.467826060567562081e+02 6.229731200613967701e+01 5.056383728443443601e+02 3.878468593359269221e+02 8.850446356631368872e+01 1.062334162586900675e+03 2.783748373746746196e+01 3.721669922489805913e+02 5.223776772757083364e+01 3.370132715149937326e+02 1.779359462108671508e+01 4.778060027682983559e+02 1.185094227841942738e+00 5.722944600984010322e+02 5.811554503534511014e+02 6.306793887555367739e+00 4.046274533121911645e+02 4.502574862921687213e+02 2.687980268013945206e+01 3.893101788450376830e+02 5.540484788662165556e+02 4.266099728048768043e+02 3.092736700459576937e+00 6.002223907945896144e+02 8.036770915461945606e+02 4.852487352871007715e+02 3.655390711571771423e+00 5.044055294350693538e-03 4.941815577892190277e+02 1.118205142740783685e+03
0.000000000000000000e+00 0.000000000000000000e+00 2.246374556338482193e+02 2.530601377979240851e+02 9.207350685620111790e+02 2.491966590165316973e+02 8.159518997713827559e+01 1.960269488426087889e+02 1.129867804077126038e+03 6.865154647167566964e+02 1.542579881832185265e+03 0.000000000000000000e+00 4.377765755144102400e+02 7.343085006435052264e+02 1.158464457282718513e+03 4.772785395498529226e+01 0.000000000000000000e+00 3.493044272907151822e+02 1.331163341329187233e+02 1.578792946354999458e+03 5.506510972372541390e-01 1.045844219120699563e+02 9.978380608907219766e+02 7.514728932135233208e+02 8.758998429652230300e+01 2.220681596494861481e+02 2.322172153187401733e+01 9.778305804546436093e+02 8.807877803884044852e+02 2.061346378399258299e+02 1.146271326322547566e+02 2.425364709833415304e+02 8.158569788287668416e+02 9.746582083553541906e+02 1.368620825736577160e+02 7.828249570476399413e+02 7.810500026179650668e+00
0.000000000000000000e+00 9.746841521348507058e+02 7.210696516879906426e+01 5.591304458011580891e+02 8.354598524519168734e+01 6.249141686486270828e+02 8.933924215745712445e+02 4.145283439578630436e+01 1.296769801324282980e+03 4.982179274484822713e+02 3.825400243630184036e+02 5.072164562913181385e+01 1.110299773969367379e+03 1.234946938278498692e+03 1.619022587957250607e+02 8.317809116529665516e+02 1.195933057687873088e+03 1.711454574980576027e+01 6.715903924589456437e+02 5.241383832957315470e+00 1.124198818547770315e+03 1.062817100553013461e+03 9.851297111955294667e+02 4.836485704509408947e+02 1.658813599184631130e+03 1.060560529846902682e+02 1.740109875567926565e+02 1.393790936356006114e+02 1.966570729940414139e+02 1.020828366460216785e+03 7.435242461373535434e+02 2.700994113220683062e+02 1.836866336683814325e+02 1.110090771287808593e+03 5.831755890601261854e+02 9.241762860435311211e+01 5.813561486336253665e+02
0.000000000000000000e+00 3.290393572116001586e+00 7.784374201442319929e+01 7.285999308934090379e+01 5.271959555932314601e+01 3.782320268633851867e+01 1.241838104286511850e+02 1.334964556324636078e+02 2.861381956357516287e+02 9.143112980400009064e+02 8.325738519342501531e-01 1.040493437097883316e+03 1.039770148926649966e+02 8.227462287143016084e+00 1.635962290845099687e+03 7.448615125449242669e+02 1.735193880089536123e+00 3.903129351362429844e+01 0.000000000000000000e+00 5.724752491241491548e-01 8.731000711741343139e+02 2.501984075996302348e+00 3.112595192427659030e-01 5.916602506625537217e+02 8.344578667069757785e+02 1.825252933747370889e+02 9.704659736035872584e+02 7.067286824983368021e+00 5.461519025427283935e+01 2.468475278937293069e+02 1.770156449550639991e+03 1.321758169630898010e+02 1.152776779152058907e+03 6.733907292496192554e+01 6.440465302691133154e+00 6.394544560577112406e+02 3.065660497570258940e+02
0.000000000000000000e+00 1.275790541482185745e+02 8.457657207325415811e+02 2.117948254877583381e+01 7.165746019282487396e+02 3.438161212066444818e+02 3.905645243675385814e+01 1.166956743851375450e+03 2.828839734990398203e+00 5.473768795231265472e+01 4.236119164142468776e+02 2.693711943258501265e+02 7.426849513681708004e+02 1.329530391165893889e+03 9.251900399647451367e-01 3.629401041775454928e+02 8.486242998392935988e+01 3.493736834741482653e+02 4.036269513489369842e+02 1.367656635652701880e+03 1.020361218725344798e+02 6.494620410951753229e+02 4.115481619837243557e+02 4.826651102231750201e+02 6.159522907572190320e+01 1.253727716329759687e+03 1.360618005297867805e-01 9.208011020692684667e+01 5.953753027984838582e+02 8.058124016991083636e+02 8.892464964558124620e+02 1.365573947138795177e+02 6.640031283660318877e+02 0.000000000000000000e+00 5.746223702123915018e+02 6.150549623022743617e+02 2.658723038948808721e+02
0.000000000000000000e+00 1.242311031417269533e+03 1.174187063560356364e+03 2.956312884025299468e+02 0.000000000000000000e+00 5.153159643495835098e+02 1.578164269483593607e+01 6.082995449499458118e+01 1.472078987358732547e+03 2.651754510166487648e+02 9.087183020456358236e+02 1.602565809138810415e+00 8.640149503617916480e+02 1.068396538945665043e+03 3.836507882602742256e+02 2.536603943119166615e+02 8.386911412752327806e+02 3.784209810794671398e+02 1.822666294156991569e+02 5.996364682204052770e+02 5.033298291703759730e+01 2.675667143755188437e+00 1.080071942076706115e+01 8.039211435492579767e+02 2.977469276109960816e+00 0.000000000000000000e+00 2.327702347204422040e+02 4.225745597238736551e+00 1.949236208553330698e+02 1.104951300901128434e+03 3.092663943559703625e+02 1.673367563456253038e+02 8.077815901060718033e+02 4.690766971191425228e+02 4.072392198538197476e+02 1.348079118495458317e+02 9.003206647847476916e+02
0.000000000000000000e+00 6.219612805957870023e+02 8.479072048180488537e+02 5.950440095697889120e+01 7.856988426894235999e+01 6.044133580600638425e+02 5.529428431471319527e+02 2.364338608880732409e+02 9.079745991425077136e+02 4.917539209875705097e+01 9.375703593503010325e+02 1.391878313005054792e+02 5.208195873284645359e+02 4.548744352040105241e+02 0.000000000000000000e+00 2.434664417336451834e+02 1.736463046646476016e+02 8.067447823625217396e+00 8.960503214878046947e+02 5.666886663919110561e+02 1.430636356305019717e+03 9.949659966513470621e+00 4.516827836749665721e+02 7.307473555383902308e+00 1.146803093296995257e+03 1.150086465477769764e+02 2.513414712989031443e+02 0.000000000000000000e+00 5.191817362207616497e+02 5.101473318453636239e+02 9.754987554052362952e+00 6.770002802109793265e+02 3.279767001883384978e+02 1.200466857222155426e+02 8.106031835537118013e+02 4.723381919957842712e+01 3.761927498544224022e+02
0.000000000000000000e+00 9.822943437195584693e+01 3.213322113077725639e-01 1.428968831068725876e+03 3.260545126748958751e+02 1.624615258960451001e+03 2.190011140412345014e+02 6.249874022952590167e+02 4.466768434102556284e+02 1.048948395932444155e-01 4.827685961146573277e+02 2.834053464805134581e+02 6.790872392610508790e+00 3.731604920279856970e+02 1.045345355893788792e+03 6.155068716058344762e+02 6.336315904236197412e+02 1.833932494273076586e+01 7.297568367992518290e+01 4.346310849899290396e+00 2.088802940426333166e+01 1.216202719252391034e+03 2.386440984029211876e+01 1.610971382035136685e+03 8.271318033385714443e+02 8.166294199974950818e-02 7.326775676596881794e+02 0.000000000000000000e+00 7.524311373592288419e+02 2.955721492841391296e+02 2.814009948714225473e+01 5.417506530249929710e+02 5.587029203593280045e+02 4.051156746451047397e+00 1.125044455801980376e+02 6.211440743931712660e+01 3.460690573581433682e+02
0.000000000000000000e+00 0.000000000000000000e+00 1.727006600512240539e+03 1.865430327599129328e+02 1.161761063775284128e+02 2.276267468632705118e+02 2.062503993376023743e+02 3.449613894237643308e+02 0.000000000000000000e+00 0.000000000000000000e+00 0.000000000000000000e+00 7.886066885120793586e+02 1.275337007282533222e+02 2.969388058127951808e+02 1.309045728156321786e+02 3.609205800041580687e+02 1.314639956522448188e+02 8.141476299620410373e+02 3.138965313164803206e+02 1.694539320450814657e+01 8.856580554590923384e+02 0.000000000000000000e+00 1.342403420633062581e+02 7.426388838600780673e+02 1.533477403435184705e+01 0.000000000000000000e+00 1.236825213888745623e+01 0.000000000000000000e+00 5.286534587636563742e+01 7.154042100942514253e+02 5.915151560535746000e+01 1.567690748067156392e+03 3.344581538759084083e+02 7.962634552461693147e+02 2.315922630584362807e+01 3.206819385729669847e+01 2.193417040169172196e+02
0.000000000000000000e+00 7.892603283246742194e+02 6.522874556517566589e+02 8.934284605249945344e+02 1.057575931584120099e+03 8.721074567127328692e+02 7.135630529207839245e+00 2.497359559539447105e+01 3.362364147452862717e+00 9.506534210973155723e+02 0.000000000000000000e+00 9.470909445113722995e+02 0.000000000000000000e+00 7.063071810919468341e+00 1.009311043973162668e+03 1.475390480869745318e+02 1.812949138507888165e+02 1.651963062915140426e+03 2.615829509279402600e+02 7.547073992229467621e+00 2.625888373548715435e+02 3.207772011308223910e+02 2.373164931386242529e+02 0.000000000000000000e+00 0.000000000000000000e+00 2.113993079653483420e+01 3.547013357956565187e+02 5.784511753203542384e+01 4.203194267268600584e+02 1.141827335799568118e+03 2.542509123941980320e+01 7.723881044549276567e+02 6.496694310458592554e+02 1.159769682384529119e+02 1.127917540481232663e+03 2.117365344756970273e+02 6.309591396981659273e+00
0.000000000000000000e+00 8.845856570552240328e+02 1.068157627202685262e+03 4.537418437823648674e+02 1.047266584092438961e+03 8.377210709273774683e+02 1.867497260484380774e+02 4.710709227329563191e+02 7.711262003176655444e-01 8.362603660443326703e+01 1.101089112484750558e+03 6.286420891920544429e-01 7.462075484802828669e+02 5.810386470464491140e+02 0.000000000000000000e+00 2.124716939083058946e+02 5.677253526820449991e+01 5.646408206564473176e+02 2.018435553919885450e+01 2.261247538009734992e+00 2.338561574926781077e+02 7.268757681530956916e+02 3.118368064154616803e+01 1.015715344852657243e+00 1.102613321806242993e+03 7.572742696665661697e+02 2.536304218821156269e+02 0.000000000000000000e+00 1.567847563170730325e+02 5.644755881194873925e-01 9.986390273645538400e+02 1.877753529538975101e+02 5.819987690692588700e+01 4.147411633969736222e+00 2.113767374952181655e+01 1.408819199910910439e-02 4.743928649794131047e+02
0.000000000000000000e+00 1.115835973416655861e+03 2.264875523457293127e+02 6.504973414710937050e+02 1.572906429421214625e+03 2.971029476883082499e+00 4.876631567473052655e+02 2.511659229680293848e+01 4.602802554994732418e+02 3.558332347897392722e+00 1.591674484731135863e+03 1.600768882498363155e+02 3.541660113111883561e+02 7.159924946899918723e+02 4.495319074419015792e-01 1.282616940685996951e+03 8.105637004264980305e+01 2.471474345482098443e+02 5.275506597844448606e+02 1.127011236440324415e+00 8.495245632200185071e+01 0.000000000000000000e+00 1.658371182784713085e+02 1.298899969303993207e-01 3.446332817321670916e+01 8.847234754433438866e+02 1.198637603879141977e+01 0.000000000000000000e+00 3.766084079092829597e+02 2.730665508439333848e+02 7.831653567183182076e+02 1.632954778277317942e+01 4.456296089184694438e+02 4.840142855456619486e+02 1.144395508287585699e+03 4.201261525150691227e+02 4.270194688466379308e-06
0.000000000000000000e+00 4.999109459737891115e+01 5.861217776236918198e+00 2.302439364189617947e+02 1.053441354326731139e+00 3.969752705819079353e+00 0.000000000000000000e+00 4.002257216843887022e+00 7.295982787234102034e+02 4.749830945343472877e+02 1.252589179923087102e+02 5.950658093240400603e+02 1.383941745023389103e+03 1.093388775575745639e-02 6.629293799176362256e+01 6.304429401248199127e+01 1.535650401184161353e+02 1.004755688175515843e+03 3.304326684669064207e+02 6.851656188375496868e+02 0.000000000000000000e+00 1.349209592578723118e+02 4.288415737649473414e+01 9.505775519378705951e+01 1.525147291749763326e+03 1.882360224801616084e+02 4.528425460199140389e+02 1.390777706000000649e+02 3.268092084500922851e+02 2.103589609588290159e+02 5.321820956896967658e+00 4.803188116243594408e+01 1.123896162782531519e+03 7.064446853358834915e+02 2.890946722652777225e+02 5.872530728692232742e+02 1.155691575725693156e+03
0.000000000000000000e+00 1.403248397517860440e+03 4.093321342720378766e+02 5.097271933387405625e+02 8.469339271930030222e+00 1.019785755448751047e+03 0.000000000000000000e+00 9.547555998053442181e+02 1.513173551798276094e+03 6.286149086259624710e+02 7.903177533642517005e+01 1.137458452172958232e+03 8.214580682426406710e-01 0.000000000000000000e+00 7.925977161452995023e-01 8.449799484617600456e+02 3.303069636760751138e+01 4.779837565620845226e+02 1.368915998181143845e+00 6.462015982550725823e+01 1.184108507781695607e+02 1.711182797379721478e+03 4.695670224170165170e+02 1.884306697634344108e+00 4.437027753897671900e+00 0.000000000000000000e+00 0.000000000000000000e+00 6.375882922421880927e+00 1.437030014461140315e+00 0.000000000000000000e+00 1.177614511600321066e+03 3.333506047946287936e+02 3.591604654768989917e+02 3.398316427924563499e+01 6.246795443842404438e+02 1.930842457341034191e+01 7.775906248428989898e+01
0.000000000000000000e+00 2.061673206051902412e+02 4.257009274320165737e+00 3.903105925044720453e-02 4.351176627597582183e+02 0.000000000000000000e+00 3.240278827438870053e+02 2.965385575112738366e+02 1.080063646222184616e+03 1.217502684464238740e+02 9.247234861981348786e+02 5.377437349002192946e+01 3.717849367645290499e+02 8.683199932561769856e+02 4.455007204282706539e+02 1.318325103292507492e+03 1.575718794646933532e+02 1.699968740730698073e+03 6.610480022265479647e+02 2.072255790851432664e+02 0.000000000000000000e+00 1.748186800716316611e+03 2.494450075707256576e-02 6.661192398138613271e+02 1.187947807622867231e+03 0.000000000000000000e+00 3.706396336043453061e+02 1.486722136052417227e+03 2.518278753287305278e+02 4.374234515541817636e+00 8.309590207326090194e+02 5.713177017658521208e+02 1.031552764274734955e+02 2.691945142117725140e+02 4.910567592714087368e+02 6.828802854879422739e+02 5.299315469766597744e+02
0.000000000000000000e+00 1.805719458661217800e+02 6.162754020882118766e+02 9.220348748916132990e+02 1.052332147963603326e+01 8.012848467834905932e+02 5.263075045169949817e+02 7.861483883047740164e+02 0.000000000000000000e+00 1.520829059268972287e+03 6.212749763723576280e+02 8.817048682230586110e+02 3.236225855530059334e+02 2.017020781793689821e+02 8.839865998314943454e+02 2.329125477069869987e+01 5.740337678839171787e+01 5.818623779858836542e+01 1.542466302815936103e+02 1.380394483162891447e+03 6.083777118897921810e+02 2.712881079065316214e+01 1.283626880069387653e+03 6.156874495231475066e+02 5.903267948925772224e-01 2.061121400806704429e+01 8.012378783804724662e+02 3.005571698329757737e+02 5.075462977210111717e+02 0.000000000000000000e+00 9.797301370463840158e+02 3.031384818395245020e+02 1.982794750616340593e+02 4.832939838793070066e+02 1.700885182648517571e+02 5.531852037565490718e+02 2.160903203621613500e+02
