output/example/lateral_incision_000471.asc
nrows	75
cellsize	13.33333333
xllcorner	0
ncols	75
yllcorner	0
NODATA_value	-9999
[rows 51 to 67 of 75, columns 0 to 36 of 75]
0.000000000000000000e+00 1.479314447221820728e+03 8.093444495817260531e+02 6.802298295912133881e+02 0.000000000000000000e+00 3.547590982419662531e+00 1.273753126685122794e+01 1.005894692536354114e+03 1.461089376353305170e+03 8.121817571947332226e+01 1.597428606006806604e+03 1.512421291453996952e+00 7.438380161080522157e+02 1.409968733849290629e+03 1.361277066704985543e+02 1.841142579718153911e+02 4.507810828623425436e+01 2.123636972183324758e+02 1.283426491072682009e-02 9.403397790060638783e+01 1.353146372707351475e+02 1.508492091459625044e+03 4.146345677111443706e+01 1.343268106723621941e+03 0.000000000000000000e+00 7.507144065876323111e+02 7.326853147556077958e-03 0.000000000000000000e+00 1.178874007523519595e+03 3.955430971631032300e+00 5.212471604875719322e+01 3.392929314120908657e+02 1.391896897237871045e+01 1.021668461552652161e+03 0.000000000000000000e+00 1.521534121847472534e+03 4.260268938605474318e+02
0.000000000000000000e+00 3.199248187604732507e+00 7.933309755575013469e+02 9.657992940697672566e+02 2.626446358132513481e+01 1.212027575480543184e+01 4.071393080005022114e+01 2.211491664605833307e+01 6.577927952908828502e+02 2.887358041695719066e+02 9.255322946689342416e+02 0.000000000000000000e+00 1.160734047240761129e+03 9.722262762691583404e+00 1.315636974476795729e+02 9.883866343920219606e+02 6.851215461856828597e+02 1.342178391638842072e+02 3.341934634907023849e+01 9.082952761555044274e-01 1.323317131450650777e+03 4.270347115945537553e+02 1.095185037748796191e+02 1.047947804090711770e+03 6.774963114797461685e+02 7.895808436996971125e+01 9.711539590624295215e+01 9.352638387266932796e+02 8.735229617280702019e-01 1.785652430822858037e+02 1.254132710005590980e+03 2.310785690859752961e+01 2.204255358960141962e+02 2.060151316258278257e+03 1.622957226262665472e+03 5.672778281953582136e-01 1.263915688397965823e+03
0.000000000000000000e+00 0.000000000000000000e+00 0.000000000000000000e+00 1.226158239928606008e+03 1.007162762522324186e+02 4.486490053492489949e+01 2.531337328245307106e+02 1.155779544591968033e+02 6.538107301427030507e+02 1.420421783493643897e+00 1.110516046170397203e+03 9.461725230428109512e+01 2.738040494944740431e+02 8.278763301261142260e+01 1.371244991288951951e+03 7.863252578689740631e+02 1.174624680089883896e+03 7.041327123911788703e+02 3.759110305876764357e+01 2.170466484613207285e+02 4.609166920324181547e+02 1.499852532153640228e+00 2.075511484396858748e+02 1.580407203180544968e+02 5.412211373442387696e+01 8.829540821929881531e+02 5.639799653941192901e+02 3.679213989101148172e+02 2.987986570046795798e+00 1.095045118963699224e+03 8.231182999159265137e+02 6.264780787354045515e+02 3.447171095067216129e+01 9.402571818573552491e+02 6.185926013417200053e-01 1.161844432654159618e+03 1.091471395399803458e-02
0.000000000000000000e+00 8.456799691610814307e+02 3.941084814511237369e+02 3.263181297704765598e+02 8.227034248492968800e+02 5.994432315890876453e+02 5.194898739139150621e+02 5.780788065592230396e+02 1.262492867537501127e+02 8.664075223180635987e+01 6.702367539180116573e-02 2.949089646289679649e+02 1.045485719619099655e+03 3.905528851600282678e+02 0.000000000000000000e+00 5.268396999359948722e+02 3.516985309589442750e+02 5.713039241385524747e+02 4.992960347808472648e+02 3.690898036047028086e+02 2.907363389786962671e+02 2.395676636603892362e+01 6.159929047089956384e+02 9.663568725069103493e+02 3.508217139464654188e+00 7.121069948179915627e+02 3.287271810763447775e+02 4.130010717704918122e+00 2.488103126464193338e+02 1.226106511471285103e+03 9.933657551609645964e+01 1.875214889300004728e+01 1.436363099030186959e+03 1.709029784800038598e+01 6.756357919550555380e+02 0.000000000000000000e+00 2.949181368405962189e+02
0.000000000000000000e+00 4.628844476607594238e+00 1.083002092159701988e+03 1.665098648225995071e+00 0.000000000000000000e+00 3.329203130605232559e+02 4.831646240406288939e+02 8.254474877939636599e+02 9.192418329605251301e+02 7.190538236090006363e-02 0.000000000000000000e+00 1.805122442965595297e+01 3.848041974771829246e+02 1.591590490528988866e+01 8.952825845326345870e+02 1.071585604038330530e+03 3.671409697576512343e+01 8.675480200997415636e+01 1.123900564350850573e+02 6.170872615689431768e+02 5.511079978880654835e+02 2.622800108528668517e+00 1.571207599069065282e+03 1.090932938517882576e+03 1.142499997667096295e+03 1.762584519001716998e+01 3.204804604153328000e+02 1.277692023204098781e+01 7.749793126189346140e+02 2.272785576785751971e+02 7.215009123837878633e+02 1.394478405772820224e+03 1.441120259930388841e+02 5.370515149399421944e+02 1.421108653279002738e+03 0.000000000000000000e+00 5.152321983886160979e+02
0.000000000000000000e+00 1.265986390950160512e+03 7.197592070966489786e+00 2.340061365277649941e+02 1.193716987746034420e+03 1.488930367387489468e+02 2.658442018622103475e+01 6.388660039051256945e+02 5.590397534514547715e+02 4.411837261792838945e+02 0.000000000000000000e+00 7.312199765129763307e+01 7.765081893045399397e+01 4.393461171873834132e+02 9.672715394907594089e+01 3.098026973194138236e+02 3.783448180992409675e+02 2.125714451455985365e+00 1.385529236540114880e+03 5.433697391016247593e+02 7.389296838434655683e+02 5.106312801757487705e+02 1.688302932232789288e+01 8.515923040566868849e+02 1.093764593123839557e+00 3.970045737105060653e+02 2.555646113465516578e+02 9.454087045289429059e-02 4.514841181560201022e+01 2.424057339882345161e+02 3.611018399193173991e+02 5.604584723260280787e-01 8.991364065395052876e+02 1.172881863806645924e+03 4.962368476674549472e-02 2.042613405745608759e+02 3.701830056563701987e+02
0.000000000000000000e+00 1.481882168186108629e+03 7.818101762693815999e+02 6.456802607822982054e+01 9.090523280219590561e+02 8.301167899510976440e+02 1.500745380875496494e+03 7.317497140351996165e+01 4.841957554718390497e+02 8.586611949237865247e+02 4.079520549395504645e+02 3.792214054964321690e+01 1.220923264238919472e+02 1.730487448943733568e+02 1.845624492759414892e+01 3.332094972249466380e+00 2.240654425607818467e+00 1.479289891879959953e+02 2.043956594117628356e+02 7.942258470952164089e+02 1.658608827164458262e+03 0.000000000000000000e+00 2.259201764943038881e+02 8.212416631006529997e+02 2.111303133280492261e+02 2.336258221982108125e+02 5.847110266034352435e+02 7.504994534550905882e+02 9.571347511814271058e+01 7.630520605466252846e+02 7.932546936113100173e+02 0.000000000000000000e+00 1.614873251281925604e+03 1.720742737283866006e+02 2.006493251010589915e+02 4.726730978233138103e+02 9.366632355602303051e+02
0.000000000000000000e+00 0.000000000000000000e+00 1.084922058045049056e+02 9.374312931851912367e+01 3.758562049219407868e+02 0.000000000000000000e+00 3.578214044630361741e+02 2.299039350485704745e+02 8.699308930055008204e+02 0.000000000000000000e+00 2.255353997290404777e+02 1.643585396076004956e+00 6.047228390450208053e+02 2.951134142818876853e+02 0.000000000000000000e+00 3.890225890982231931e+02 1.296984695900559245e+03 1.230865954107791822e+03 5.456085419060569848e+02 1.451007765961612606e+01 0.000000000000000000e+00 1.690506512849971386e+03 3.106507064228820170e+00 2.905822963018337077e+02 5.607279457807768495e+02 5.352795215446809607e+01 8.044086846867374518e+00 5.546250555011664574e+02 3.113283964729139264e+00 2.756177572301450596e+01 5.984513091795556683e+00 9.854590723951131395e+02 8.333649061108987233e-02 1.284644433598771229e+01 4.227822188590426435e+02 1.138662627767351978e+03 8.096299547873251186e+02
0.000000000000000000e+00 4.066031542198131632e+01 1.570997912030013595e+03 1.657619127563766597e+03 3.038010721815991815e+02 5.804986437589630555e+01 6.000634273767863078e+02 6.584856974076308234e+02 8.012916389461960307e+02 6.272841649752500643e+02 4.939629663524234502e+02 6.101249666037648467e+02 7.427968064494652189e+00 3.756051432597226380e+01 1.110236743404415847e+03 2.379499783307287544e+02 1.382649429467062873e+03 1.625795029208052256e+03 8.776685147821022781e+01 1.449693805866361117e+03 0.000000000000000000e+00 1.611112514912816096e+03 7.731272534846371514e+01 1.588901457764751513e+03 8.872369447592782308e+02 1.191413368862693716e+02 1.112543216945978884e+03 2.701457322775636172e+01 5.218224437083815448e-02 6.322789937894276591e+02 2.141083295314199688e+02 9.938241386951011691e+02 7.992293415948300606e+01 1.397994988937414519e+03 6.376872805861655706e+02 1.746593788157413485e+01 1.964772885005820058e+01
0.000000000000000000e+00 1.050422101528942553e+00 2.086188297461746188e+01 1.274580338272616018e+02 4.116173563159567834e+02 4.355197005238010455e+00 4.144788802801532057e+01 1.670520880171725153e+01 0.000000000000000000e+00 1.156122067015062385e+03 1.024207395824972906e+02 2.528433017139323624e+01 3.705847351259837978e+02 2.949726608452728271e+01 5.273297148615048400e+02 1.659190965667452531e+02 3.275784077286631941e+02 2.330367588369815390e+00 2.776927688480354277e+02 1.829407656849946306e+03 2.037301564005054786e+02 2.923554356646383781e+02 9.472790630530529654e+01 1.684829062397627922e+03 2.911458474522625011e+02 3.396850992620831011e+00 2.234581825592519237e+02 6.553032339494720304e+01 4.114795888637991652e+02 7.145668696527231987e+02 1.118190051215205330e+02 1.239803994335500420e+03 0.000000000000000000e+00 1.142547020427524956e-01 5.851185148999786634e+02 6.502660926255290406e+02 6.732062847515991280e+02
0.000000000000000000e+00 1.235414990817858012e+02 1.560314575722556583e+03 1.694698269706512292e+03 1.372442616709490267e+03 8.622673778582151272e+01 5.618523680695129002e-03 8.932880864383235808e-02 8.370947434881651716e+00 1.449190249826967314e+00 1.531944210086504370e+02 3.435167417402165597e+02 2.767269260623351101e+02 3.785572720014144465e+02 2.164016745957895296e+02 4.932834867658503981e+02 6.808209844978891851e+02 7.786152937803916529e+02 1.668841008136570053e+03 7.140455577655092156e+02 6.430098169579194973e+02 5.015898931626604167e+02 1.594313141747139229e+00 8.387117810830700364e+02 3.696695354295622451e+02 1.432312155969221301e+01 0.000000000000000000e+00 9.289708949134439564e+00 3.885273466587268132e+01 4.116571257083231217e+02 0.000000000000000000e+00 1.038667210404750989e+02 0.000000000000000000e+00 3.499296122278757935e+02 3.230507470230160294e+01 7.514674462240240871e+01 9.732059435849967031e+02
0.000000000000000000e+00 3.096532466625973257e+02 1.481383616059304131e+03 1.202291129520257300e+03 9.695509408289904059e+02 6.026350615848044754e+02 1.798144283070682548e+02 0.000000000000000000e+00 2.528978890983650984e+01 8.341338334720888952e+02 4.352876740043051882e+02 1.819618363297711880e+02 1.185975909600075653e+02 5.753415474671360386e+01 4.062524455988965997e+02 2.501940172417864972e+02 4.339877005341828919e+01 5.928191510668173123e+02 7.822058740450660252e+01 9.640354462759985381e+02 3.550189745170383162e+02 9.093743387841589643e-01 7.156109304527208224e+02 5.527726280678983628e-09 1.297732415925008809e+03 1.775847796080581134e+02 6.521885120860939651e+02 2.990612686282626100e+02 4.887607632963357673e+01 4.479986833501804711e+01 4.768167202030397078e+01 1.711208381850323690e+02 2.381633555004625862e+02 0.000000000000000000e+00 4.878162996891063017e+02 1.935790508909644814e+02 2.128474686261947113e+02
0.000000000000000000e+00 1.358205542814685600e+02 0.000000000000000000e+00 9.416780413937304957e+02 6.940139009129296710e+02 7.629337675121796565e+02 1.050040481984561040e+02 3.580363178077552533e+01 1.112398949796161197e-02 5.878994923672258892e+02 1.110703346012984980e+02 2.141256027953653529e+01 4.228681764705161186e+02 7.611410589140092497e+02 3.141804654326492141e+02 3.565687889433709188e+02 4.239882896292311187e+00 4.334224579599080585e+00 3.827549458402035043e+02 1.724953772440984494e+02 7.361803983948028707e-01 1.065663592948927317e+03 1.509002089302143759e+03 1.448636145658347004e+03 3.472212021789689906e+00 0.000000000000000000e+00 6.927784119295391747e+02 3.490935273310045091e+02 1.430759031756689637e+03 2.929351307133538853e+02 1.026054534776632181e+03 2.404054919657285438e+02 3.855661891779197248e+01 1.598712517940113287e+02 6.888736432505120888e+01 2.474166195470271834e+00 1.187938833453057669e+03
0.000000000000000000e+00 1.750478632787157380e+02 1.212502206649119216e+03 7.895512681976626936e+02 7.085782755983943844e+02 0.000000000000000000e+00 5.928859769123229206e-01 3.488760797833754168e+01 1.390995875134032531e+03 1.424497738465576333e+02 4.422231672234381961e+00 1.046113072045491208e+03 5.256385063990641129e+02 4.356121264173648910e+01 5.426623144826361340e+02 6.519655843194017280e+02 2.801231517572295004e+01 6.823529906107067973e+02 7.178277203031701674e+02 9.152623391162588007e+01 9.451003640420010470e+02 8.218096388414612363e+01 2.126579933618940004e+02 1.064104012549674962e+02 4.332645462971998818e+00 2.367776699113116479e+02 3.973960283324456388e-01 3.785638714223017587e+01 6.630778411154987850e+01 2.642801159355922778e+02 2.294566128228852051e+02 6.733550727411133039e+02 8.733111278959839865e+02 7.049289454212615169e+01 5.538397364808918155e+02 5.167962233578655287e+02 2.991340338978511681e+02
0.000000000000000000e+00 4.601888192658639127e+02 0.000000000000000000e+00 7.105060402724591313e+02 0.000000000000000000e+00 4.815591792981467734e+02 7.073703583763128790e+02 1.874148060965322671e+01 1.928832505980897238e+01 1.477462809739429758e+03 6.161201178038124908e+02 0.000000000000000000e+00 0.000000000000000000e+00 7.107684041229007335e+02 4.899799851023248110e+00 8.378971275274661821e+02 1.004516823810530184e+02 7.534333909747788312e+02 3.090039254058800466e+01 2.819916976706257827e+01 2.806959258656396283e+00 8.542917256951914169e+02 6.308471874406016155e+01 1.187743636470976156e+02 1.407518658776913071e+03 9.186252451800988865e+02 3.240032177457539575e+01 4.529443059995768408e+02 5.094961520877910743e+02 1.289140942600381834e+01 1.386434981692311226e+02 4.524111295939059119e+02 0.000000000000000000e+00 1.274349087054567917e+03 1.374738232991844370e+03 1.790687812705894828e+02 1.349105110959978219e+03
0.000000000000000000e+00 1.662194725650946111e+03 6.022111423175199718e+01 2.034772149759675983e+02 1.215061805888135495e+03 1.094822085662221980e+03 2.347309911475968818e+02 1.044140068057707822e+02 6.621614142568405441e+02 1.111707648100230244e+03 1.795406848533170319e+01 8.530443735412155775e+02 6.539522278458852043e+02 2.560084373909038646e+01 5.967689942376314320e+02 4.139367455043502559e+02 5.080878871154320109e+01 3.410017250614255317e+02 3.898711972473947753e+02 1.325359473084326737e+03 0.000000000000000000e+00 3.525805310170832172e+02 1.097047619429167071e+03 2.096213537428760105e+02 2.835899092166962987e+02 1.071384271734626282e+03 5.190193399589795717e+02 7.384043249406914811e+01 9.225581287267637265e+00 4.102467521991504782e+02 4.176156808364709860e+01 8.274395587708519315e+02 3.711883213617016963e+02 1.908872832887639248e+01 2.385441465699388530e+01 0.000000000000000000e+00 7.600336551254940787e+01
0.000000000000000000e+00 3.944501232834765503e+00 2.045020583740628695e+01 5.205752572412989565e+01 3.319271205453181750e+01 6.127264385139852010e+01 3.953213616347230186e+01 1.161651762463018542e+02 1.601716768664670099e+03 1.964391460540227854e+03 5.917337779532405584e+00 7.643059472945938069e+02 0.000000000000000000e+00 3.111096382700817458e+02 7.518783951149636096e+02 4.258464647526378712e+02 1.889941449089128866e+02 1.397152576749831042e+03 5.786565973861646626e+02 5.311728833533743455e+02 4.935333583006229929e+01 3.197231104761330585e+02 4.244986829834051889e+01 2.848029881778932690e+02 1.717106483222124447e-01 1.155406944923047831e+03 2.299938220909299673e+02 1.790053310991358444e+02 4.255274119780521573e+02 0.000000000000000000e+00 1.568036176145182203e+01 2.337286895852619182e+02 3.559231953630948055e+02 7.929218717428828995e+02 5.660938348375312898e+02 4.968332791181125572e+02 1.212484995756496486e-01
