output/example/lateral_incision_000129.asc
nrows	75
cellsize	13.33333333
xllcorner	0
ncols	75
yllcorner	0
NODATA_value	-9999
[rows 34 to 50 of 75, columns 0 to 36 of 75]
0.000000000000000000e+00 1.550243109687849710e+03 5.422950214954038302e+02 3.832939947081033552e+02 3.441893589728822889e+01 6.630340911961625352e+02 3.242936447879033608e+02 1.715192959714646577e+03 1.151853484334491924e+02 9.510343153425135654e+01 0.000000000000000000e+00 3.607942638299978189e+00 1.144227078833428095e+02 6.055949089499168991e+01 5.307733789844175376e-02 1.025519450348428336e+03 1.552543925288801177e+02 3.429412776302726797e+02 1.161964883184146174e+03 2.530340181624193008e+02 1.631243013637309502e+02 5.174559700781597940e+02 1.397999357222338404e+03 1.572471754641976759e+03 2.128420214090126805e+01 1.297860688763148005e+02 2.945679470405736922e+01 1.450061152815471360e+03 2.150741986510081816e+01 1.420622649584317060e+03 1.464219202702970506e+02 7.792969130912960054e+02 6.975975914780905214e+02 1.390475436508058692e+03 2.850918293284886218e+01 4.059987565102723011e+02 2.098647897575968102e+02
0.000000000000000000e+00 4.097533040462016061e+02 6.928644385197721931e+02 1.526479586421103477e+03 7.841547238415448362e+01 2.238470182243045485e+02 1.271393324398243863e+02 1.503719852261700396e+01 2.834792518286855056e+02 9.248313780550914771e+02 3.797506003113297766e+02 9.029594731770632734e+02 1.270559217941525532e+02 2.070148899870117987e+01 2.578495665487883457e+02 1.938190086050750383e+00 5.830633212214507211e+01 1.671138546751082004e+02 1.024818008819811894e+03 1.014832269747877831e+03 1.139417927670771036e+01 1.146173160671081405e+03 1.399826647838827739e+03 6.628537269794401166e-01 0.000000000000000000e+00 3.588363780899397284e+02 0.000000000000000000e+00 0.000000000000000000e+00 9.493371544640220918e+02 6.048569556623101562e+01 8.723890912972709657e+02 7.966116768455684678e+02 4.134551211241289366e+02 1.825956431795847834e+01 1.176513271191611921e+03 1.819290517532792819e+03 6.338784867166383918e+01
0.000000000000000000e+00 9.904654499507932641e+00 1.746892657674704807e+01 4.726665405614016713e+00 2.530374386879807957e+02 1.196736438766828996e+03 9.161936688471563173e+01 2.093638955130347767e+02 1.282102972973466422e+03 7.002927382471026476e+02 4.613714989042404682e+02 9.729144423240444484e-01 0.000000000000000000e+00 7.320865026108082247e+02 1.607113398598773557e+01 4.008338357670398011e+01 3.622854672432315937e+01 1.611921904818841085e+03 1.563511632076342039e+03 1.566751684853202050e+03 1.780807049355986180e+02 1.887434466283701795e+02 1.290102602011773669e+01 5.768300533341569007e+02 1.210603050974578764e+03 7.463073481821808741e+00 3.431087462291170027e+02 1.750651828550136315e+02 1.302184646291864283e+03 1.263998423583783961e+03 1.454914610788966343e+02 1.423867779056720110e+03 1.361466371113304596e+01 1.238041049497872791e+03 2.076829926666982374e+03 0.000000000000000000e+00 3.889280369492174714e+02
0.000000000000000000e+00 5.649678778520069500e+02 3.333377382698969171e+01 4.707706583241437670e+02 4.032785078323003631e+02 5.245478478187015980e+02 1.167211233346796462e+03 4.264401895153071820e+01 9.150926184243006674e+02 2.661672627634017658e+02 1.017217579791488106e+03 6.860329332992592981e+02 2.320868967625640096e+02 5.912091272701459899e-02 1.356015273791624266e-02 8.551276949944078751e+02 2.439861266146994367e+01 3.272188723937908161e+00 1.640284365570426417e+03 1.195472461887787404e+03 7.791468157876096257e+00 6.565296238899213677e+01 1.775842615680664096e+02 3.412094761169983030e+02 2.048811414123000247e+02 1.056690016018278584e+03 3.019178756601451141e+02 6.776582343857231763e+02 1.342878778901629921e+01 6.735208390325209393e+02 4.784171059448459573e+02 6.408197709383021134e-01 1.123276548157596153e+03 2.632107803988511705e+02 9.541652613404187377e+02 7.566456049354333118e+02 4.146576680379756112e+02
0.000000000000000000e+00 5.477487157089333323e+02 9.609392150241782247e+02 2.899008664603227037e-01 6.657455185896358207e-01 9.010219408094343407e+01 1.661784548300243216e+02 4.761420781587038960e+02 6.481629664329341400e-02 7.748687720164573633e+00 4.272827384279536744e+01 2.514250518192691572e+02 3.401649627503913393e+02 1.050462577222777760e+01 1.123945229442729143e+01 5.412343534237847962e+02 1.518516378876362069e+03 1.021449539380136684e+03 0.000000000000000000e+00 1.359753367146713288e+02 8.279453163142326275e+02 8.943421518095640295e+02 3.762950319632594756e+02 4.761480639726953541e+02 9.173226039734953474e+02 5.405546764625045242e+00 1.931558898271393332e+02 0.000000000000000000e+00 1.478428588975426976e+02 1.558231494397361416e+02 1.503938689964338209e+03 7.870643467351233369e+01 1.217210021690378419e+01 9.561683287688778137e+02 1.228439690786655319e+03 5.703498003430975132e+02 4.210107787225142451e-01
0.000000000000000000e+00 0.000000000000000000e+00 1.636112710261532357e+03 1.209029456154075660e+03 4.179715804749266350e-02 0.000000000000000000e+00 0.000000000000000000e+00 5.559624761960914263e+00 2.677795436723971737e-06 0.000000000000000000e+00 2.756645775225219381e+02 1.124044396159501275e+03 4.055275258855018450e+01 7.035968088502211231e+02 2.741878909262936190e+02 2.749023335068694109e+02 1.063540846771591987e+03 1.651825398961115752e+03 0.000000000000000000e+00 4.845901591005177700e+00 8.563295075916819314e+02 1.607891516516247520e+03 1.433098958362752917e+00 0.000000000000000000e+00 8.741025382392463143e+02 2.499197742718157542e+02 3.261204623773239177e+02 6.735735274358084501e-01 8.992086302548764252e+02 2.617692526467405969e+02 1.053118110199084896e+02 4.677065701518640140e+01 5.114130124279625544e-01 7.735319169956822805e+01 9.560125894530551705e+02 2.404848928835876620e+01 8.930501806939026892e+02
0.000000000000000000e+00 6.779790581921977264e+02 4.510074510204591434e+02 2.095168998374638818e+02 2.335324791193728089e+01 1.857571343556358201e+01 2.005894158405383682e-03 2.489479767233764539e-03 0.000000000000000000e+00 2.783769600763218666e+00 7.566021385177069760e+02 4.089268577714546637e+01 1.546952696466706129e+03 1.421281373393073636e+03 1.976340470188025051e+02 1.234065817666024998e+02 0.000000000000000000e+00 3.408224699619818239e+02 1.256065449227336103e+03 1.567472704755297855e+03 1.010934791261026788e+01 2.207460501281573215e+02 9.420761377291208873e+02 1.348252587201393453e+03 6.464678715634983064e+02 1.013407743449493410e+03 4.788420047760057514e+02 6.283978660749168057e+02 4.501634644071604185e+00 7.870055586741103753e+02 2.190554854995461653e+02 1.863109174824453760e+02 0.000000000000000000e+00 2.282718052216088367e+01 1.265757617865141810e+03 2.245588016855046760e+02 1.780075504836890161e+02
0.000000000000000000e+00 1.711039109474651241e+03 6.644957259178751201e+02 8.097730367954037547e+02 2.896465191709352212e+02 2.426644634482944429e+00 1.676958743886356373e+01 1.252521951022917968e-01 3.345097290596198150e+02 2.453559797850204234e+02 6.213380708389770462e+02 6.782916428027738220e+02 6.446047593765227846e-02 3.296475321995993113e+01 2.236403499470555278e+00 2.241996109712176890e-06 2.087613995166339009e+02 9.447105711229800136e+02 1.147589125642682575e+03 1.020638619419287124e+03 7.315252853277778513e+02 0.000000000000000000e+00 1.528694538626649091e+03 1.999274495614218328e+00 2.197997304431341661e+02 0.000000000000000000e+00 1.355950085762741537e+02 3.732819300078391023e-01 3.508180334221019381e-01 1.281129527390216083e+02 1.316884625667983089e-01 2.228507476086735153e+02 1.005055179484689205e+02 1.244085805190413794e+03 0.000000000000000000e+00 1.447000970663953922e+03 0.000000000000000000e+00
0.000000000000000000e+00 0.000000000000000000e+00 5.751431787328751852e+02 1.817980145914101797e+02 2.607189507088962728e+02 4.637172011045286126e+02 8.824527063428971587e+02 3.127878848753708212e+02 1.420067702290303941e+03 7.895521875437452763e+02 8.202034827799932373e+02 0.000000000000000000e+00 1.058208799017442288e+03 5.565920050357472348e+01 5.408221616016999178e+01 0.000000000000000000e+00 1.090533100251058585e+02 1.109805807850598512e+03 7.804863148081972213e+02 3.992757697070014729e+02 1.620671745494679044e+03 4.057774692442578726e+02 0.000000000000000000e+00 1.182100801565989741e+03 4.915691606739853796e+02 2.511488871906245492e+02 5.173009452124665586e+02 5.483008901939521138e+02 1.597983388394195288e+02 1.268493136316182834e+01 6.088137346092798907e+02 0.000000000000000000e+00 4.555412871373738994e+02 4.873501762487524616e+02 5.941638840063253468e+01 1.504749321822654622e+02 1.719147474594356879e+02
0.000000000000000000e+00 5.831114568923408115e+02 1.191000409106991675e+00 0.000000000000000000e+00 5.952889619244532469e+02 8.638499271375255972e+00 1.181116751728472991e+03 1.243361077647946104e+03 0.000000000000000000e+00 1.105494072169151195e+03 1.184092193007941205e+03 2.870814911832707317e+00 8.553994010989468677e+01 8.135069089415638928e+02 2.172914062856492308e+02 2.803464935943484893e+00 2.574091769000987711e+02 1.088688268893537092e+01 3.607664489009944191e+02 3.981538058668007807e+02 6.623928072754953291e+02 1.038371260430978604e-01 5.753452071075777212e+02 9.408439307528991549e+02 2.948423422874183757e+02 6.614108050932216543e+01 4.113432770139877448e+02 1.532845165309913966e+02 2.479149810424885914e+02 0.000000000000000000e+00 3.327835050585397170e+01 1.400338026725818509e+03 0.000000000000000000e+00 4.199063560113807547e+00 1.036195861990792991e+03 3.806231169344743148e-01 5.130666785871887896e+02
0.000000000000000000e+00 5.695010833125576255e+02 1.494311501883773644e+03 2.610473630798094646e+01 5.177015238786207192e+02 1.723394663152197097e+02 3.114563716317360900e+02 9.318302273289880304e+02 1.098211123516771977e+03 5.845488838029095469e+00 7.291076027438618894e+02 1.120996504073828646e+03 4.690063429417652863e+00 6.497192911130929360e+02 1.073713797069934799e+03 1.943158443627257839e+02 8.148606681838407439e+02 3.714252182120750376e+02 6.680967475980155257e+01 5.376409411343023237e+01 8.998642203134727069e+00 1.451002493539609077e+03 7.811821536332084861e+02 7.171178198519968419e+02 7.758482230728958484e+01 5.019580281715215619e+01 1.556500142470097501e+02 4.364574104161326886e+02 8.639462436710448401e+02 6.482701945397509462e+02 5.872424621968314113e+02 0.000000000000000000e+00 5.320136371582237871e+02 7.891959171881769635e+02 3.297829223616103036e+02 0.000000000000000000e+00 1.932435817229548434e+02
0.000000000000000000e+00 3.878158162598421388e+00 0.000000000000000000e+00 0.000000000000000000e+00 0.000000000000000000e+00 0.000000000000000000e+00 0.000000000000000000e+00 0.000000000000000000e+00 0.000000000000000000e+00 0.000000000000000000e+00 0.000000000000000000e+00 0.000000000000000000e+00 0.000000000000000000e+00 0.000000000000000000e+00 1.886262058685041154e+01 1.172883338949083736e+03 8.328004789123118599e+02 1.607000660035610995e-04 6.584105809031249237e+02 2.167399522914041476e+00 3.067033899169897495e+02 8.351465409049369555e+02 0.000000000000000000e+00 1.518441497471718638e+00 0.000000000000000000e+00 1.919839294721907095e+02 7.193459196162029912e+01 4.958286619428802311e+01 6.277398864731850381e+01 7.954404575131893296e+01 1.019435210382978880e+02 9.594326201016427831e+02 2.083136614429641895e+02 3.527530440786349004e+02 1.428405154181143416e+03 5.041651190211800895e+02 1.464748999457776435e+01
0.000000000000000000e+00 1.249880659735415378e+02 0.000000000000000000e+00 0.000000000000000000e+00 0.000000000000000000e+00 0.000000000000000000e+00 0.000000000000000000e+00 0.000000000000000000e+00 0.000000000000000000e+00 0.000000000000000000e+00 0.000000000000000000e+00 0.000000000000000000e+00 0.000000000000000000e+00 0.000000000000000000e+00 0.000000000000000000e+00 0.000000000000000000e+00 0.000000000000000000e+00 2.281647030680215096e+02 0.000000000000000000e+00 8.317905981412923211e+02 1.139958201355032998e+03 2.496464670408733255e+01 3.363974922068524052e+02 9.192304019372004404e+02 2.110291836983745739e+01 1.893344449182927463e+02 4.103691329380076809e+02 1.186002589101594111e+02 3.215677141628674462e+02 5.702942249612637227e+01 5.246479291020527569e+01 6.894519371980128426e+02 8.792792161238826338e+02 9.660806911381615691e+02 5.317893702969802234e+02 7.120362956576320812e+01 1.201367996248986856e+03
0.000000000000000000e+00 3.805663115124858109e+02 5.309797730748989579e+02 1.418885507023658192e+03 8.647205923314341472e-03 1.096656118314879450e+03 2.050952117780973380e-04 3.773802611555975517e+01 3.280997069005437652e+02 2.024678775015319943e+01 1.426049748074845638e+03 1.612015902714882820e+00 7.731269900057691302e+02 2.136927374522326204e+02 1.443887190762888395e+03 2.856744065496621374e+02 1.561573737302057680e+03 7.453715957389841495e-01 1.560032839873703097e+02 0.000000000000000000e+00 0.000000000000000000e+00 1.228132373278545401e+03 5.302467202345777650e+02 0.000000000000000000e+00 4.207857638018508624e+02 7.378807863027013525e+00 7.086125970550081092e+02 0.000000000000000000e+00 3.330733724090767964e+02 1.525960908385966093e+02 8.245581585259769497e+01 5.921528269631895824e+01 1.737951665932421861e+02 5.691743810938708066e+02 1.656983731751681262e+03 2.209892764945679389e+01 2.834305273245132639e+02
0.000000000000000000e+00 1.227736116489282239e+02 9.636526375966666391e-01 1.150964700774704170e+03 0.000000000000000000e+00 1.076781632372956210e+03 5.159611695276929595e+02 0.000000000000000000e+00 1.247464192206084590e+03 0.000000000000000000e+00 8.424625005507399464e+02 6.152606123621835038e-02 4.167665103777577542e+02 1.099589297450881304e+03 5.884322124684689470e+02 4.302268227926597888e+02 0.000000000000000000e+00 1.136658315433325924e+03 3.297039630425322088e+01 2.772511313258238630e+01 1.218730108186529151e+03 0.000000000000000000e+00 9.045017378377406203e+02 1.394701776370867265e+03 0.000000000000000000e+00 3.727376750069940954e+02 3.689964329442988742e+02 1.974474812509043053e-02 9.486612462219563895e+02 1.216415835481410795e+03 3.865066978200646795e-10 1.186303369378535990e+03 5.229503220314296641e+02 5.761547513761571793e+01 9.143329515977826532e+02 9.270252833568959350e-01 2.629191293892498038e+02
0.000000000000000000e+00 4.989214005198005283e-04 4.371594222229365639e-02 6.135841050045138800e-01 0.000000000000000000e+00 1.820387876159205405e+02 1.319303295071468710e+03 1.595090266232875820e+02 3.066134125264248382e+02 0.000000000000000000e+00 5.990896978734953109e+02 3.679304472709135965e+00 1.488643346364202671e+03 6.890820927777082261e+02 9.232069051896581868e+02 1.389171377119091176e+03 4.438680147699489709e+01 7.658338681967180719e+02 5.777412024899305720e+01 1.729263112189681806e+02 1.137645194520651785e+03 1.398824774614070975e+03 0.000000000000000000e+00 0.000000000000000000e+00 9.168359350421463887e+02 0.000000000000000000e+00 0.000000000000000000e+00 7.544367223155019531e+01 0.000000000000000000e+00 1.245314054820664751e+03 0.000000000000000000e+00 9.245015409192911875e+02 2.318391323532131025e+02 3.535966411450611417e+02 3.426133391275447366e-08 1.596112341232912968e+03 4.031590827319730010e+02
0.000000000000000000e+00 1.070310274810164401e+03 1.171228908311893292e+03 1.396565137556367290e+03 0.000000000000000000e+00 6.460174568202181611e-01 1.384276620369800639e+03 0.000000000000000000e+00 9.421931436115304450e+02 1.150208708972905924e+03 6.222001468846831358e+02 1.583591335223022156e+01 5.471122643224500735e+02 8.899908870247354571e+02 2.022377932091099808e+02 7.115842206410381010e+00 2.653571858891015722e+02 9.585364038040071932e+01 2.648564611297494480e+02 9.860010422648728934e+01 5.227985531952564315e+02 3.608777282852100257e+02 0.000000000000000000e+00 0.000000000000000000e+00 2.324958785682889584e+01 1.710798069991010948e+02 1.519455902021611564e+03 7.538500810188404557e+02 2.452449271080695894e+02 0.000000000000000000e+00 3.552287728342972741e+02 6.478037822341861651e-02 0.000000000000000000e+00 0.000000000000000000e+00 0.000000000000000000e+00 0.000000000000000000e+00 0.000000000000000000e+00
