output/example/lateral_incision_000019.asc
nrows	75
cellsize	13.33333333
xllcorner	0
ncols	75
yllcorner	0
NODATA_value	-9999
[rows 17 to 33 of 75, columns 37 to 73 of 75]
3.285088691907846908e-12 0.000000000000000000e+00 2.940651771011729098e-12 0.000000000000000000e+00 1.627584118635171511e-12 0.000000000000000000e+00 2.918534667103502801e-12 2.936426335000694363e-11 5.622561495520326938e-13 3.349090977766450606e-12 5.629984531574641530e-13 0.000000000000000000e+00 0.000000000000000000e+00 0.000000000000000000e+00 0.000000000000000000e+00 0.000000000000000000e+00 0.000000000000000000e+00 0.000000000000000000e+00 0.000000000000000000e+00 0.000000000000000000e+00 1.635798966828097513e-12 0.000000000000000000e+00 1.013110831428851541e-12 0.000000000000000000e+00 0.000000000000000000e+00 1.750842262406777000e-11 2.083207959398536539e-11 0.000000000000000000e+00 1.635603303527147311e-12 1.638425138324700017e-12 0.000000000000000000e+00 0.000000000000000000e+00 8.531458571222752096e-12 6.430836598526152916e-12 0.000000000000000000e+00 1.819987741098506386e-12 3.346014414285365470e-12
0.000000000000000000e+00 1.343407264713289450e-11 0.000000000000000000e+00 8.484914425062504008e-12 0.000000000000000000e+00 2.361648695784960265e-11 1.011283775728006579e-10 2.949213480034394579e-12 0.000000000000000000e+00 5.623988633262069753e-13 0.000000000000000000e+00 0.000000000000000000e+00 0.000000000000000000e+00 0.000000000000000000e+00 5.615779273450428294e-13 0.000000000000000000e+00 5.616557302586418188e-13 3.347124886836984824e-12 0.000000000000000000e+00 3.325260405255179949e-12 0.000000000000000000e+00 3.325260405131249876e-12 0.000000000000000000e+00 0.000000000000000000e+00 3.348711406394194362e-12 1.637576912267664646e-12 0.000000000000000000e+00 1.826262699084507233e-12 4.988082116287282275e-12 0.000000000000000000e+00 1.636912605735512268e-12 1.640016378614200130e-12 0.000000000000000000e+00 3.346822464873213770e-12 5.621512698526845742e-13 5.625799040151650409e-13 5.633123574353717261e-13
0.000000000000000000e+00 0.000000000000000000e+00 3.331937743046344098e-12 0.000000000000000000e+00 8.437834190328414250e-12 1.638806412995459690e-12 0.000000000000000000e+00 0.000000000000000000e+00 5.623988633262069753e-13 0.000000000000000000e+00 0.000000000000000000e+00 0.000000000000000000e+00 0.000000000000000000e+00 0.000000000000000000e+00 3.346338570881320754e-12 5.615779273450428294e-13 0.000000000000000000e+00 2.950820094136241643e-12 0.000000000000000000e+00 1.787041940773910359e-11 5.804977010685508836e-10 1.620255896012075692e-12 0.000000000000000000e+00 6.022095637437588923e-12 1.637339109127018643e-12 0.000000000000000000e+00 1.637290177082461406e-12 1.088023189729878705e-11 1.636984655730778386e-12 5.617897780180465620e-13 0.000000000000000000e+00 5.627644851947713087e-13 0.000000000000000000e+00 0.000000000000000000e+00 0.000000000000000000e+00 1.638635806373108927e-12 0.000000000000000000e+00
0.000000000000000000e+00 0.000000000000000000e+00 1.627100381218281604e-12 1.008044796174067078e-12 4.154640455021418501e-12 0.000000000000000000e+00 0.000000000000000000e+00 0.000000000000000000e+00 0.000000000000000000e+00 0.000000000000000000e+00 0.000000000000000000e+00 0.000000000000000000e+00 0.000000000000000000e+00 0.000000000000000000e+00 0.000000000000000000e+00 0.000000000000000000e+00 1.636793928847252955e-12 0.000000000000000000e+00 1.634915519225827067e-12 3.320339203242637574e-12 1.620255896012075692e-12 0.000000000000000000e+00 1.623942860639917666e-12 1.634095448988050415e-12 0.000000000000000000e+00 1.637339109127018643e-12 3.348711705384130267e-12 5.624346101629082064e-13 0.000000000000000000e+00 0.000000000000000000e+00 1.425726873700690137e-12 3.342484429684292952e-12 0.000000000000000000e+00 0.000000000000000000e+00 0.000000000000000000e+00 0.000000000000000000e+00 0.000000000000000000e+00
1.630662488117687290e-12 3.329626062218421307e-12 0.000000000000000000e+00 3.329626062211132182e-12 3.346126938504438642e-12 0.000000000000000000e+00 0.000000000000000000e+00 0.000000000000000000e+00 0.000000000000000000e+00 3.347405726380624348e-12 0.000000000000000000e+00 0.000000000000000000e+00 5.618245992360000050e-13 0.000000000000000000e+00 1.636246237666255699e-12 3.341436883827619961e-12 3.344344933716439010e-12 1.634915519225827067e-12 3.320391268212826847e-12 1.618844429122007122e-12 0.000000000000000000e+00 3.346879430465797082e-11 1.721760392560528089e-17 1.632051672315134760e-12 1.082912191774440879e-11 3.343981161486786871e-12 0.000000000000000000e+00 0.000000000000000000e+00 0.000000000000000000e+00 0.000000000000000000e+00 0.000000000000000000e+00 0.000000000000000000e+00 0.000000000000000000e+00 0.000000000000000000e+00 1.639141456571261575e-12 1.641281395106223246e-12 0.000000000000000000e+00
0.000000000000000000e+00 3.336713730011268517e-12 0.000000000000000000e+00 3.336713729785008770e-12 0.000000000000000000e+00 0.000000000000000000e+00 0.000000000000000000e+00 0.000000000000000000e+00 3.342104592714817081e-12 1.635579531947980005e-12 0.000000000000000000e+00 1.429016048907144005e-12 0.000000000000000000e+00 4.162259937106798042e-12 0.000000000000000000e+00 3.320798980544045942e-12 5.575064302369877639e-13 3.323207158576980341e-12 1.619170668622708736e-12 0.000000000000000000e+00 1.193366478873007795e-10 3.316739499503170177e-12 2.950424483658592248e-12 3.329487204904611722e-12 2.948701556565788756e-12 3.346038934571874679e-12 0.000000000000000000e+00 0.000000000000000000e+00 0.000000000000000000e+00 1.636709337243138833e-12 0.000000000000000000e+00 0.000000000000000000e+00 0.000000000000000000e+00 1.054152173617997312e-11 0.000000000000000000e+00 0.000000000000000000e+00 0.000000000000000000e+00
1.009125123868014285e-19 3.399047847219039089e-12 4.103413754407042216e-16 3.752349128305703322e-11 0.000000000000000000e+00 0.000000000000000000e+00 0.000000000000000000e+00 0.000000000000000000e+00 1.632718417229927216e-12 0.000000000000000000e+00 8.538092814430186409e-12 0.000000000000000000e+00 0.000000000000000000e+00 0.000000000000000000e+00 5.609849256910802347e-13 5.597553452239594827e-13 2.495288369581941730e-10 1.621385196769244853e-12 0.000000000000000000e+00 1.616840570805829913e-12 4.524235374864474890e-11 5.612831142026924097e-13 0.000000000000000000e+00 3.184747989178075969e-11 0.000000000000000000e+00 2.950430758947107420e-12 3.347133667418885038e-12 1.384587316833739482e-10 1.636734672423132369e-12 0.000000000000000000e+00 0.000000000000000000e+00 2.955532148188140656e-11 1.632670253315088764e-12 0.000000000000000000e+00 1.823822360953007412e-12 5.640309030493266935e-13 0.000000000000000000e+00
0.000000000000000000e+00 0.000000000000000000e+00 1.662308072104604426e-12 3.382275075555390376e-12 1.394536718282630556e-16 1.636362716449520305e-12 3.345544055462986538e-12 1.653131320538665588e-12 0.000000000000000000e+00 4.148006677717645672e-12 3.342104592714817081e-12 0.000000000000000000e+00 0.000000000000000000e+00 5.616554946152327137e-13 0.000000000000000000e+00 5.999965047697016386e-12 1.625117592081151068e-12 0.000000000000000000e+00 4.002286075188811063e-11 0.000000000000000000e+00 0.000000000000000000e+00 0.000000000000000000e+00 0.000000000000000000e+00 3.345598365396225155e-12 3.073890356361033675e-11 0.000000000000000000e+00 1.637131982995878021e-12 3.347746339067894248e-12 0.000000000000000000e+00 2.238130965738840579e-11 0.000000000000000000e+00 1.633189456041442969e-12 0.000000000000000000e+00 1.632670253315088764e-12 1.638611713835696156e-12 1.641202778190059293e-12 0.000000000000000000e+00
1.485148615484805100e-12 1.662308071683066037e-12 1.654105291685260070e-12 1.662308071724457581e-12 5.296894371532850815e-12 1.355459018638841629e-16 4.492744829164747006e-12 0.000000000000000000e+00 1.631741968939774536e-12 3.339802529621264020e-12 0.000000000000000000e+00 0.000000000000000000e+00 0.000000000000000000e+00 2.929986012531715025e-12 0.000000000000000000e+00 1.627899012323770136e-12 0.000000000000000000e+00 1.631947379545728877e-12 1.812175644022244461e-18 3.762666199053372153e-11 3.325206062552258058e-12 0.000000000000000000e+00 0.000000000000000000e+00 0.000000000000000000e+00 0.000000000000000000e+00 5.326402808663125971e-12 0.000000000000000000e+00 1.014405380832324758e-12 1.639435342199799583e-12 3.567089309835600040e-19 2.879542502220081250e-11 3.346521422730535252e-12 1.346145962527556066e-11 3.341645768933406888e-12 0.000000000000000000e+00 0.000000000000000000e+00 0.000000000000000000e+00
5.972090950369908662e-13 0.000000000000000000e+00 1.632567886305436259e-12 3.382275001440133507e-12 2.667908238952640978e-18 4.148227331865547442e-12 1.651240381616550401e-09 5.948681525671869501e-13 1.536702662868909252e-11 0.000000000000000000e+00 0.000000000000000000e+00 3.333595866757107931e-12 5.608932209632867068e-13 2.934052808626129834e-12 7.439620175902522165e-12 5.595347554280901990e-13 1.653076693619283929e-10 0.000000000000000000e+00 1.621950513510495088e-12 0.000000000000000000e+00 1.636174106785095416e-12 0.000000000000000000e+00 0.000000000000000000e+00 0.000000000000000000e+00 0.000000000000000000e+00 5.616181147591143694e-13 7.750717693741849199e-11 5.616995571897670085e-13 3.350464578994639818e-12 2.946759477375577857e-12 0.000000000000000000e+00 1.011476359659403381e-12 8.667135216847550860e-12 3.616750653996150620e-12 1.638611713835696156e-12 1.641202778190059293e-12 0.000000000000000000e+00
0.000000000000000000e+00 0.000000000000000000e+00 0.000000000000000000e+00 1.633453843217650983e-12 0.000000000000000000e+00 6.080926939250368425e-10 3.399047848152995067e-12 5.654237471739495257e-13 0.000000000000000000e+00 0.000000000000000000e+00 0.000000000000000000e+00 1.737714422185488243e-11 6.288885829911042830e-19 0.000000000000000000e+00 5.590307952014720020e-13 1.631619289876577607e-12 1.010216759807000687e-12 0.000000000000000000e+00 1.074085778684990659e-11 8.431257682388760159e-12 1.637349375802758921e-12 3.497139722442539808e-11 0.000000000000000000e+00 0.000000000000000000e+00 0.000000000000000000e+00 0.000000000000000000e+00 1.636016925011450648e-12 0.000000000000000000e+00 0.000000000000000000e+00 5.613368731317487937e-13 5.618247644000168487e-13 1.636257408129898859e-12 0.000000000000000000e+00 2.197310365734654507e-12 7.480402782267746489e-12 3.344170107186797127e-12 0.000000000000000000e+00
0.000000000000000000e+00 0.000000000000000000e+00 0.000000000000000000e+00 0.000000000000000000e+00 0.000000000000000000e+00 3.203288561875769598e-12 0.000000000000000000e+00 1.655264284930616880e-12 3.371352376759962792e-12 0.000000000000000000e+00 0.000000000000000000e+00 1.626924232038952103e-12 0.000000000000000000e+00 1.813888847754104472e-12 0.000000000000000000e+00 5.616328430431247162e-13 0.000000000000000000e+00 1.636685825450855620e-12 0.000000000000000000e+00 9.812039880253363194e-11 1.636174106782221892e-12 5.306017867114530062e-12 0.000000000000000000e+00 0.000000000000000000e+00 0.000000000000000000e+00 0.000000000000000000e+00 0.000000000000000000e+00 0.000000000000000000e+00 0.000000000000000000e+00 0.000000000000000000e+00 0.000000000000000000e+00 3.341961809214959094e-12 5.619282247862521625e-13 0.000000000000000000e+00 4.155351028253835953e-12 0.000000000000000000e+00 5.631468659086445806e-13
0.000000000000000000e+00 0.000000000000000000e+00 0.000000000000000000e+00 0.000000000000000000e+00 4.538631360913166275e-12 0.000000000000000000e+00 5.828928625745603456e-13 0.000000000000000000e+00 3.287896402515406694e-10 2.359910864011890958e-11 3.336660438323486463e-12 1.636077769431554573e-12 1.628506712963773891e-12 1.080057006079663633e-11 5.612661128429781100e-13 0.000000000000000000e+00 0.000000000000000000e+00 0.000000000000000000e+00 0.000000000000000000e+00 1.637255022030436534e-12 5.618889545043980322e-13 1.636489987919877182e-12 1.637092889417365780e-12 1.638076036379157101e-12 0.000000000000000000e+00 0.000000000000000000e+00 0.000000000000000000e+00 0.000000000000000000e+00 0.000000000000000000e+00 0.000000000000000000e+00 0.000000000000000000e+00 0.000000000000000000e+00 0.000000000000000000e+00 1.639773530973554874e-12 1.636669761878000566e-12 1.640918152829221219e-12 0.000000000000000000e+00
0.000000000000000000e+00 0.000000000000000000e+00 0.000000000000000000e+00 0.000000000000000000e+00 0.000000000000000000e+00 5.619743763025218688e-13 5.638573763869744477e-12 1.627694979148313749e-12 0.000000000000000000e+00 1.087168624469654347e-18 2.931951990662319740e-12 0.000000000000000000e+00 1.628675050879177934e-12 1.633780102289525256e-12 0.000000000000000000e+00 0.000000000000000000e+00 0.000000000000000000e+00 0.000000000000000000e+00 0.000000000000000000e+00 0.000000000000000000e+00 3.038765511900612954e-18 0.000000000000000000e+00 1.636489987919877182e-12 1.533863325952311057e-11 0.000000000000000000e+00 0.000000000000000000e+00 0.000000000000000000e+00 0.000000000000000000e+00 1.825304787697398741e-12 0.000000000000000000e+00 0.000000000000000000e+00 0.000000000000000000e+00 0.000000000000000000e+00 0.000000000000000000e+00 0.000000000000000000e+00 0.000000000000000000e+00 0.000000000000000000e+00
2.808948944997280985e-12 3.178568987230696243e-12 0.000000000000000000e+00 0.000000000000000000e+00 5.575383007406259290e-13 0.000000000000000000e+00 1.631335558662089618e-12 3.333195480768036825e-12 5.470656665488206581e-17 0.000000000000000000e+00 2.243981372073260940e-16 4.984028898749049656e-10 0.000000000000000000e+00 0.000000000000000000e+00 0.000000000000000000e+00 0.000000000000000000e+00 1.639773843516518363e-12 0.000000000000000000e+00 0.000000000000000000e+00 0.000000000000000000e+00 0.000000000000000000e+00 1.637524458759719314e-12 1.637110994552997542e-12 2.687039758983433167e-11 8.518065984122904670e-12 0.000000000000000000e+00 0.000000000000000000e+00 4.186732925343574744e-11 3.346624066980863686e-12 5.595107957052946813e-13 0.000000000000000000e+00 0.000000000000000000e+00 0.000000000000000000e+00 0.000000000000000000e+00 0.000000000000000000e+00 0.000000000000000000e+00 0.000000000000000000e+00
1.503616311306749053e-12 0.000000000000000000e+00 0.000000000000000000e+00 0.000000000000000000e+00 0.000000000000000000e+00 1.635551065206719384e-12 0.000000000000000000e+00 1.631335558662089618e-12 0.000000000000000000e+00 5.493178447868828471e-10 5.589820850716696456e-13 0.000000000000000000e+00 0.000000000000000000e+00 0.000000000000000000e+00 1.636034818781544745e-12 1.638172333142518165e-12 0.000000000000000000e+00 0.000000000000000000e+00 0.000000000000000000e+00 0.000000000000000000e+00 0.000000000000000000e+00 0.000000000000000000e+00 1.637639177897130227e-12 0.000000000000000000e+00 1.638450209716020728e-12 6.038853710375475034e-12 4.086530068604812197e-18 0.000000000000000000e+00 1.628129764518941196e-12 1.063724040738732695e-11 6.021458986723105237e-12 7.466849946206675936e-12 8.470473575646737703e-12 4.138444717873272947e-12 1.619874414546346856e-12 1.614268906980809953e-12 0.000000000000000000e+00
3.257859061648428745e-12 1.530952004377437174e-12 0.000000000000000000e+00 0.000000000000000000e+00 0.000000000000000000e+00 0.000000000000000000e+00 5.620242268841520172e-13 0.000000000000000000e+00 1.627279417220965702e-12 3.329524273860358957e-12 6.000093830825742904e-12 2.159975702785497469e-16 5.582277540006063736e-13 3.325095752090568952e-12 0.000000000000000000e+00 0.000000000000000000e+00 5.620216059585345309e-13 0.000000000000000000e+00 0.000000000000000000e+00 0.000000000000000000e+00 0.000000000000000000e+00 0.000000000000000000e+00 0.000000000000000000e+00 1.637972533372434970e-12 0.000000000000000000e+00 7.519841103248216111e-12 0.000000000000000000e+00 1.357366694560222993e-19 2.936777162103543309e-12 1.621704959400589266e-12 0.000000000000000000e+00 1.006601513927990646e-12 5.567152469172096952e-13 4.140473190276583842e-12 0.000000000000000000e+00 5.541413627942219224e-13 0.000000000000000000e+00
