output/example/lateral_incision_000360.asc
nrows	75
cellsize	13.33333333
xllcorner	0
ncols	75
yllcorner	0
NODATA_value	-9999
[rows 17 to 33 of 75, columns 37 to 73 of 75]
2.498047268181930125e+00 1.060026889889346876e+03 1.108904466051958480e+03 0.000000000000000000e+00 6.463093796727822564e+02 0.000000000000000000e+00 1.165304779010042239e+03 1.009165582124092140e+02 1.525137808461524003e+02 1.770225463513604609e+02 1.233634717010290842e+02 1.478754418574420924e+03 1.624180731087347567e+03 5.979531826941106942e+01 1.220892525779398312e+02 7.840299678267589343e+02 9.755521015206385300e+02 1.711302054293184582e+01 7.663255467802348448e+02 6.027059276337460005e+02 5.527276874369006521e+01 7.070616759628013597e+02 3.416941833050977380e+02 1.312575824429883937e+02 4.612499468497500699e-01 3.844300033345791689e+01 1.963109777071944109e+02 0.000000000000000000e+00 3.542288169554249748e+02 1.038955395304973081e+03 5.104237792298712550e-01 3.745144746095835444e+02 0.000000000000000000e+00 0.000000000000000000e+00 7.506543651338749896e+02 8.081295866033437960e+02 4.532776352637952186e+02
7.131066629621808772e+01 6.993673898029584279e+01 7.963681427481411674e+02 3.813955825222604403e+02 7.852360584065234406e+00 4.467940123217805093e-01 3.167380570353359417e+02 9.781841691197328270e-01 8.885699900424293673e+02 6.353390500063604804e+02 4.914077523428661038e+02 1.909517931142732152e+02 1.569674193366155350e+03 1.464776578845444874e+03 9.317775241188624022e+02 0.000000000000000000e+00 1.196129398897399341e+02 4.155080527874335417e+02 3.552956260200988936e+02 5.205682861407245809e+01 0.000000000000000000e+00 3.389917342737833792e+02 6.438300926451095165e+02 3.907699015283621407e+02 2.533471388666977759e+02 0.000000000000000000e+00 1.066909598555026264e+02 1.958623146179240564e+02 2.585633153950920473e+02 1.658704326551554971e+02 5.303408896210751733e-01 1.216282087473354977e+03 1.025703737920277518e+02 3.983980292320482022e+02 1.596916670116185287e+03 1.098575994744751370e+02 9.955280871852623932e+02
6.606877999403224955e+00 1.205510807694746745e+03 7.288059839427735653e+01 1.553629124057872082e-02 2.179537831729373352e+02 4.736703916362375111e+01 3.960741793964184581e+02 0.000000000000000000e+00 7.206133336566957723e+02 6.870175501834347642e+02 1.197943885215303226e+03 3.986292914953100421e+02 5.286204378181919310e+02 2.150458633531081603e+02 4.701122923568958640e+02 4.843486399319212410e+01 1.667122303850300398e+02 1.982025243550073981e+02 7.436473761577942696e+02 3.604643629877340913e+02 8.161470491846359891e+02 2.704450018525515702e+02 1.689413244374849796e+02 6.017769236329394289e+02 7.393456631516396556e+02 0.000000000000000000e+00 2.628748559295206064e+02 2.796709547619904015e+02 2.730431732300466479e+02 6.982719157123007392e+01 1.608355192134965364e+03 4.872709247855351009e+02 8.941989395098242994e+02 1.053169168617400373e+03 1.372418697508386964e+00 4.941953700118156121e+02 4.837825080380274585e+02
9.038801355222360598e+02 5.213626476291050693e+00 0.000000000000000000e+00 1.064476413748077221e+03 0.000000000000000000e+00 2.151524781139289644e+02 8.797562235796189043e+02 1.263846256782022010e+03 4.195053900063800825e+02 6.066396262048940713e+01 1.969832203182279251e+00 1.191670053775228098e+03 1.854180764027126145e+02 1.270364946144479518e+03 1.338593882009600833e+01 9.604531041789512074e+02 1.110719684909936404e+02 3.290426836711851433e+00 5.732730001527698960e+02 1.050628042060556709e+03 4.475852841947092884e+02 3.298999203750631750e+02 1.683129265745620557e+02 6.397250601285118243e+00 6.326280618759499248e+02 1.215107515374561672e+03 1.591287670204974347e+02 5.143620814554470826e+02 1.128494682178861922e+03 5.798184088582155482e+01 1.492370107255924722e+03 4.737434309033130830e+02 5.638134963937051225e+02 1.676379075234275362e+01 6.040990041418864394e+02 2.454942428790889153e+02 5.230767974649936605e+02
7.752943374805161056e+02 1.447175094049146935e+02 0.000000000000000000e+00 2.587327270593470416e+02 9.791547100886190265e+02 1.187604018694969454e+03 2.594315719281441943e+02 4.135561682056884791e+01 4.503275654654601681e+02 4.221559054779400100e+01 1.315872049994554338e+01 6.650459180114937681e+02 3.316332522173615871e+02 1.401687595014862495e+02 3.035469064377643917e+02 5.053311721675105446e+02 1.469092348997862700e+02 2.875875276270558629e+02 3.197510156112579338e+01 1.419505440066371307e+02 4.258139884109851891e+00 2.110559607440934258e+02 2.189684181078411882e+02 1.208695611028029361e+03 0.000000000000000000e+00 1.675360351813734042e+03 1.029762719057259346e+03 2.339142245755454610e+02 4.058929629888399404e+02 8.529896406822286963e+02 8.581830155824230033e+00 1.226545131317653841e+03 1.255279517212644151e+02 3.947715716039341487e+02 6.478177931748855372e+02 1.408335903229426833e+02 9.021522234514419551e+02
2.985572918476461446e+00 1.030224535561725133e+03 5.954766086867562080e+02 7.863784130298147090e+01 7.021653633089722746e+01 3.388460159449199978e+02 0.000000000000000000e+00 0.000000000000000000e+00 4.439186298646495388e+00 1.855324591457896020e+02 9.040965128550187968e-02 1.305747780444582133e+02 1.765982354765870070e+02 1.096190436060197499e+03 6.862645655484529925e+02 1.498666560988113361e+03 6.582724323703409937e+02 9.545102985254045436e+00 5.560274621341920920e+02 4.719288993267973638e+02 9.360878268715988497e+02 5.449364683311102908e+01 3.035528855146997103e+02 1.543545540150884790e+03 9.167952926752395797e+02 1.380008777701447684e+02 8.585340837752469270e+02 8.792137440269295894e+02 6.557645503337397486e+01 1.700265727326606338e+03 2.827630122744649588e-02 0.000000000000000000e+00 2.673663600174627959e+02 1.330426490375545427e+03 1.705027872846756338e+02 1.229307304850701712e+03 0.000000000000000000e+00
3.534498323293606177e+02 5.134568927787012171e+02 4.447121210587150131e+01 1.305797245056051992e+01 1.077398001576383649e+03 4.603079259918452522e+02 3.312249017123533008e+02 4.227692163650628459e+02 3.767752541115734743e+02 2.740292994068136636e+02 3.798307962791318459e+02 1.165437387424673510e+01 5.406989258261346549e+02 4.143853685442698520e+02 4.636364484681266163e+01 3.995083883085735721e+01 8.098411189217094375e+01 4.874988332475828656e+02 9.118525992721981765e+02 7.912343438143665253e+02 1.249963894436261626e+03 6.169271391731172116e+02 3.686539483707798013e+02 7.888384959908695038e+00 0.000000000000000000e+00 1.718163390861947391e+03 1.493703332956055085e+01 5.143847534959207906e+02 9.457157850655741527e+01 1.309937598118094959e+00 1.209771551623287905e+03 1.035108816759088540e+03 2.757321968397402543e+02 9.368898501717308136e+01 8.111938648130245610e+01 4.355865178357914402e+01 9.652082370780940437e+02
0.000000000000000000e+00 2.983245370206172993e+02 7.149528598754195627e+02 3.999752334217469070e+02 2.419597198990589959e+02 6.959345987544881318e+00 7.837937451824553818e+02 3.029508749822061873e+02 3.464869151955795132e+02 9.079465550446995437e+00 2.062930320415676420e+02 6.719011616870434409e+02 9.520845673433066167e+02 4.519043790092479895e+01 5.778685130546667779e+02 5.691441045262225771e+02 1.530100910469921303e+02 5.279416333520354101e+02 4.828090840081797097e+01 4.819072651376373195e-01 5.932395059433503093e+02 3.360827242511452937e+02 6.411007793621769224e+01 1.294339605956022069e+03 7.948764474958427400e+02 2.153830966150325821e+03 1.515340888184135338e+03 0.000000000000000000e+00 6.346528342041375481e+01 1.410517393278340023e+03 6.557645503337397486e+01 1.184343883535548457e+03 2.200805362167284613e+02 7.236551672914221172e+02 6.460257142900396730e+02 1.204474623896132925e+03 5.055578595976587053e+02
1.554383462636216393e+02 1.224753233667851049e+02 2.314018744072132350e+01 5.792534326457870009e+01 8.904154786545078082e+01 6.515442139616783868e-01 0.000000000000000000e+00 1.433405593586262739e+03 6.080463525450039697e+02 2.597739235518884584e+02 2.847159292136429372e+02 4.819038732577823225e+02 1.289470397657285730e+03 7.629946498742717722e+02 8.281318928356572462e-01 1.136322574650659135e+03 3.624201260283042529e+02 1.238061577728068308e+01 8.283756267558101172e+01 3.953505848042486264e+02 1.032191004949436142e+01 1.286345820383171557e+01 0.000000000000000000e+00 1.655953120705287574e+03 7.110791447169965140e-01 4.154468240542746571e+02 5.157886611513423425e+00 3.991257139184124298e+02 6.355075231748317677e+00 8.466450109286272436e+02 0.000000000000000000e+00 2.791220659623206757e+02 2.668199836746081743e+01 4.755105397443094830e+02 7.502923850314936089e+02 1.220761476840671776e+03 7.058549502514179039e+02
1.842829525852162575e+01 2.120184156316415738e+02 3.482017758290406846e+02 3.229885164065704544e+02 2.449555472765189847e+02 9.226312217401963380e+02 1.356220962303616488e+02 2.563484703993345093e+01 3.072524438900336463e+02 1.466133381542314737e+03 0.000000000000000000e+00 3.004787728259070150e+02 4.302066401351669924e+02 1.839259200427081851e+02 2.990408011396593579e+01 5.835145043122042807e+02 0.000000000000000000e+00 3.704648704591878072e+02 1.197950999798439113e+02 8.198389835312131027e+02 4.687014428282380436e+02 6.682859641701242026e+02 2.442714470361025008e+02 6.184425084220018789e+02 3.425369364157456289e+02 3.530834433059397526e+01 5.997214854825633665e+02 1.442284874786113960e+03 1.851003548761389839e+00 1.115498949433512621e+02 3.824644258336279190e+00 1.634892544097087637e+02 4.344653565085480409e+02 4.072840047303337152e-01 0.000000000000000000e+00 1.218214642192288011e+03 1.389155410487506117e+02
6.035071354778322075e+02 7.180214159086804102e+02 1.768946958931961078e+01 2.525164517065998666e+02 1.782528888740738182e+02 3.734319620274488329e+02 4.950607494068423193e+02 1.117043872576740114e+03 9.666288698217669895e-01 3.691044643405104466e+02 2.209776419037569326e+02 2.229719517628455492e+02 3.413357907443996808e-01 5.170663739481342418e+02 3.981135890113995970e+02 1.813489803864993064e+02 7.645704141335135091e+02 6.813361401861362765e+02 1.417865968406465299e+03 1.193377967407626841e+02 7.993674572435812706e+02 7.892323477468466990e+02 1.177827795650308644e+02 8.628112967216811739e+02 4.992674253234325761e+02 6.187705812619039989e+02 4.300710136295996300e+00 1.053372289301949678e+02 1.047364422631554781e+01 1.013206961805124138e+03 1.030986333382400744e+03 4.100387251827709179e+01 6.676445227125119573e+02 3.355846195096698921e+02 2.495569494939136632e+02 1.215714114065200874e+03 3.721775337967767050e-01
9.263375117741888971e+02 2.148904861292988855e+01 0.000000000000000000e+00 3.942898604202084698e+02 1.774237231009341542e+02 3.664231554330933704e+01 7.830193257744403335e-01 9.223649244200965995e+02 7.570564874560152475e+02 6.320612472386768843e+01 1.141344758354205851e+03 4.277667844624239137e+02 6.755184708977633790e+00 6.191417587127070874e+02 0.000000000000000000e+00 1.081967521976030866e+03 2.797528444870185922e+02 9.893717883087276732e+02 4.666478602957878365e+02 2.597550619296206165e+01 1.224563186076633725e+00 1.165140837040511769e+03 8.217997438494929696e+00 2.805338553905825094e+01 2.570007393866869165e+02 2.498088964972947394e+02 1.503218543019792605e+03 9.221476355044007960e+02 2.043563636361470870e+01 9.356996107992441694e+02 9.181668415294736860e+02 5.017162976258664457e+02 3.548733352436284463e+02 9.210973606545583152e+02 6.690729515617495053e+02 8.208496282210832362e+01 7.383138127288317776e+01
4.617265605436679152e+02 1.715376477513097200e+02 3.862556271502917866e+02 1.069977771783395838e+03 1.621472323064052944e+03 5.291511503977369557e+02 5.102606207325736136e+02 7.881655933110938150e+00 1.232265334955555090e+03 1.184974951058923125e+03 1.504220372280681062e+00 0.000000000000000000e+00 2.946349082997535973e+01 1.090410147246191627e+03 1.311359617708482306e+00 1.513535107656611558e+02 1.207950027447392410e-01 9.071368751656821416e+01 7.695860161167150864e+02 2.729387845355567492e+02 1.199463565489304884e+01 6.125492326841737167e+02 0.000000000000000000e+00 1.170740365782893605e+03 1.398815590162166927e+03 7.301338043569821821e+02 3.372784755336318199e+02 1.281609507345724808e+02 1.976623784440758591e-01 1.204707196370573911e+03 4.321481004245549151e+00 3.114796185510356352e+01 5.335509099361866703e+01 9.168197395324908072e+00 3.274037421270761428e+01 1.085200505551379138e+03 3.569036242639231205e+02
3.731354798804446915e+01 0.000000000000000000e+00 5.912712647486360851e+01 0.000000000000000000e+00 2.920581698631322443e+00 0.000000000000000000e+00 6.321362717212526832e+02 1.240496421929224908e+02 1.551371356846957106e+01 0.000000000000000000e+00 3.395641942634885027e+02 1.658820362939007737e+03 1.508184090527572891e+02 1.064956156962276964e+03 4.708520921494254026e+02 3.603997902960052180e+00 1.513051404095268708e+02 4.960763607149811492e+02 1.584206340960803345e+02 2.183828211296498694e+02 6.089651830720832777e+02 3.053466061278598431e+02 9.596802251910240500e+00 7.989248561656887659e+02 5.908109043690529916e+02 7.356086543836589726e+02 1.392255337258092425e+02 1.041012305182871023e+00 4.294644767920660797e+02 1.760518705330767659e+02 4.554227463484452869e+02 7.538037306238450128e+02 3.135569130027660663e+02 8.310794413214618999e+02 2.174583158550749431e+02 3.782768527658645326e+02 5.532771029283965163e+02
4.927773305325173396e+02 8.319244976846894701e+01 6.081296299974090971e+02 1.884474395857550917e+02 4.547076153706965052e+00 6.448690957959216803e+02 7.675869270912662614e+02 7.193446736612227710e+01 5.719484675605979191e+02 3.869396160187129112e+02 0.000000000000000000e+00 5.707766259734524965e+02 1.270116390795355528e+03 6.023318309409766016e+02 5.114356883419344690e+00 2.642481312732502943e+02 5.661461010620288903e+01 7.686756345362063314e+00 9.380786443951352567e+02 1.304663712245650515e+02 1.066737106348674388e+03 3.373509684489537221e+02 1.218411856214270301e+03 1.261798411153936996e+02 4.184245810770243565e+02 9.657288550371447400e+02 5.529900092624118315e+02 1.259612660145136154e+01 1.435823984017169778e+03 7.409108812742474584e+02 2.536337033429860099e+01 1.872978095298318546e-01 7.741652740003346480e+02 1.306429757012511800e+03 3.335354998649603431e+02 1.996251416144499160e+02 1.631590163414718830e+01
3.362232391220293835e+02 1.203616834365648629e+03 3.179824559357512612e+02 6.657911934454957645e+02 0.000000000000000000e+00 6.530442344646970696e+02 2.558919897388837512e+02 3.534319048377375339e+02 3.131332810136026978e+02 5.369058484278473315e+02 7.360194718983221946e+02 8.478258924258331319e+01 1.014077424773474263e+03 9.096342250308081745e+00 7.165274869472521004e+02 0.000000000000000000e+00 1.980056810697563208e+02 1.173365162334754785e+01 1.160101584842060447e+02 1.666157034533904948e+02 4.466637768976929124e+02 5.944681832843017446e+02 4.773011417837884096e+02 1.682940518558724463e+01 5.897401833836988061e+01 4.977863875790759174e+00 1.192301762774628671e+01 3.447217589466629306e+01 1.417250627162455885e+03 1.050571909602742693e+01 3.673516633087284617e+02 8.394439196345526852e+02 3.474085076325978889e+02 4.262400095329529108e+02 5.160601230213086410e+02 0.000000000000000000e+00 9.702075441444378612e+01
2.679153108966327679e+01 0.000000000000000000e+00 5.982535072251038173e+02 7.756080941235481987e+02 8.788881776374449828e+02 1.330033908787556030e+01 7.894996390424357742e+02 9.944147571869859803e+02 8.720400536520812693e+02 7.886633910342019327e+00 4.587032003993588773e+02 1.286257509367809917e+03 8.161715409869315652e-01 1.345635949613374578e+03 1.826301642117497977e+03 8.136863274927501379e+02 2.222326779000864860e+01 5.598780545565765578e+02 1.097559888941519603e+03 7.874787206638497992e+02 2.579815370960712428e+01 2.911464304677080008e+02 2.368314040984423627e+02 6.622960106371515394e+02 5.719664349923405098e+02 6.708466370919109067e+02 4.378630645091610631e+02 2.798178427647378541e+01 4.208596247041758147e+02 3.042327762556873836e+02 9.553238379500736528e+02 2.988536858876132669e+02 1.060423724773896538e+03 9.744236066507273790e+02 3.201201617206211267e+02 1.395862063389301966e+01 6.436964657138979646e+02
