output/example/lateral_incision_000289.asc
nrows	75
cellsize	13.33333333
xllcorner	0
ncols	75
yllcorner	0
NODATA_value	-9999
[rows 51 to 67 of 75, columns 0 to 36 of 75]
0.000000000000000000e+00 0.000000000000000000e+00 1.234693832492605594e+02 7.208156577758752626e+00 0.000000000000000000e+00 3.547590982419662531e+00 0.000000000000000000e+00 8.092657881329887459e+01 7.993263400812793407e+02 1.419374967559159131e+03 2.472627901444485872e+02 7.181914185588119608e+02 7.259571572236878865e+02 4.721430692579608035e+02 6.603147661920935434e+02 5.772949086398288188e+01 1.335861528100229179e+03 7.386846699742452560e-02 1.366141965773675793e+01 3.800787838875550051e+01 1.320545715437547507e+01 9.190283134743438040e+02 3.273497245376492670e-01 7.139389211480155382e+02 7.037589453227626564e+02 7.716109592560452484e+02 4.036884693945265781e+02 1.351212714048625003e+03 3.157699018146941512e+02 0.000000000000000000e+00 0.000000000000000000e+00 0.000000000000000000e+00 1.002813484002790801e+03 3.289307074173802192e+01 6.904177887910064726e+01 2.913246198797577987e-04 1.275108374047529878e+03
0.000000000000000000e+00 7.710533372245232613e+02 2.598065862201368503e+01 6.851392747955642335e+02 2.525132252450022108e+01 1.212027575480543184e+01 1.800674628102402153e+01 5.257813089022730537e+02 4.619304284626319372e+02 9.651241437419710678e+01 4.611833167978949177e+02 0.000000000000000000e+00 1.595936993516729103e+02 2.020864108095898715e+01 6.858324415827401026e+02 8.699158051157370153e+01 3.764810643784614967e+02 2.541613083608781215e-02 3.335278556900748725e+01 0.000000000000000000e+00 2.214000383913001997e+02 6.959776469606597402e+02 4.019972558893232986e+02 3.811116155248717163e-01 0.000000000000000000e+00 9.697253099499682776e+02 1.089889714893604378e+03 1.977296816152149528e-01 1.064828947034616704e+03 2.667697198680967858e+02 9.963415487936812269e+02 0.000000000000000000e+00 0.000000000000000000e+00 0.000000000000000000e+00 0.000000000000000000e+00 0.000000000000000000e+00 0.000000000000000000e+00
0.000000000000000000e+00 0.000000000000000000e+00 9.457706435940004894e+02 3.100999324911897475e+02 4.012254869386444511e+01 0.000000000000000000e+00 2.453215292880573770e+02 1.082688793533472165e+02 5.692517468866880108e+02 0.000000000000000000e+00 0.000000000000000000e+00 6.979119731109458371e+02 6.008989758981638261e+02 0.000000000000000000e+00 2.746089319320686855e+02 6.135040846491254918e+00 2.269842011734280334e+02 6.893107090791434075e+02 5.202781583387628643e+02 6.275679562671459735e+02 2.445202120844353715e+02 3.351071106164758895e+00 0.000000000000000000e+00 3.092766944642510225e+02 6.214794345452800144e+02 8.982074697680959616e+02 1.648187965097089247e+01 1.016972301747171903e+00 2.626267425626642282e+00 1.823156020587994817e+03 6.596786582188060493e+02 1.863085272812785149e+02 7.498803679045514382e-05 5.569982632338455915e+02 5.091183310380835678e+02 0.000000000000000000e+00 1.295495101443042813e+03
0.000000000000000000e+00 1.608982294068025112e+03 8.346401129667871146e+02 2.986066902107717738e+02 1.456907929966262600e+03 7.111741932077063344e-02 6.647689567259106980e+02 5.695967470807664768e+02 4.022897722150303821e+02 1.503686861753818427e+01 1.218087958345236075e+03 2.518415125664688503e+01 9.674585436249467421e+02 7.892843300024421751e+02 5.984474078627960125e+02 1.081382507119273306e+01 3.136137143483900900e+02 4.368696119431044167e+02 6.035288159384410847e+02 5.882629406181986553e+01 2.499140366204106272e+02 3.639366426469784983e+02 0.000000000000000000e+00 9.787468775385716526e+02 6.432232063348260453e+02 1.121384084502811902e+03 0.000000000000000000e+00 1.611461421798495337e+02 6.957168360587400002e+02 9.199456527524097282e+02 1.317003743654929782e-01 0.000000000000000000e+00 2.836273473543832324e+02 8.476423664441708752e+02 0.000000000000000000e+00 7.931498720651774192e+02 4.546144439756320139e+02
0.000000000000000000e+00 1.504394392273023868e+03 0.000000000000000000e+00 1.558488732941486660e+03 1.692177534955975489e+03 4.431741872235062374e+02 1.563668452630973249e+01 3.550165514109810516e+01 8.781792632385104298e+02 0.000000000000000000e+00 8.519455151520131722e+02 2.404283581889425647e-01 1.081712209767657669e+03 3.580066496851085276e+02 1.941565044488870910e+02 5.229110766417402090e+01 1.028551465286045925e+02 1.492308040541434195e+02 7.827299241093310229e+02 3.326003936477926004e+02 1.298194043824500277e+01 6.491041514612649053e+02 1.942505448707417059e+01 3.540113225250941582e+02 1.167084634262446387e-02 1.426714439635194953e+00 6.896793553936744274e+02 7.698243234981551950e+02 1.305540629886374049e+01 1.042618579234471321e+00 8.551147952998765049e+02 0.000000000000000000e+00 9.559919953714872918e+02 2.511145682104000230e+02 8.781557530004810133e+02 5.161367725695028552e-01 7.597284861564467064e+02
0.000000000000000000e+00 3.764646296139659842e-01 3.212056583291634979e+02 1.747537672992347879e+01 5.067602379641105870e+01 4.889101958328043338e+02 1.623768000893257522e+03 1.112237751937976554e+03 6.318292201759769569e+02 2.520369851625043793e+02 0.000000000000000000e+00 8.336563538417852970e-02 6.721031187439585892e+02 8.989091559859062954e+02 2.491402710298363132e+01 4.499280950646619459e+01 1.052469980870036750e+02 1.651695764508643305e-01 1.157625013257892022e+01 4.041751672229368069e+02 0.000000000000000000e+00 1.050684095199357593e+01 3.772417285128847197e+01 3.151696906869767076e+02 2.088786881787573435e+00 3.264594612043867983e+02 6.256468432468146830e+02 8.231349427040801174e+02 1.562067974690725976e+02 0.000000000000000000e+00 6.001263888888964004e+01 8.521885514841815734e+01 6.536760721829939484e+02 3.501326792346927732e+02 2.682399071302987181e+01 6.461302520128310789e+02 1.495657825647432659e+01
0.000000000000000000e+00 9.619356412307047322e+02 6.049602801353243109e+01 9.241253451561726706e+02 1.635580208763718929e+03 9.387402738382960576e-01 1.018359003761619306e+02 1.720275047393824082e+02 0.000000000000000000e+00 9.910187265467179714e+02 4.078815930861843526e+02 3.792214054964321690e+01 1.190451613165452756e+02 1.030088718064432030e+01 1.360077297384137474e+01 1.071987228101937717e+03 1.646509632454074890e+00 5.448090144802740724e+02 1.585656282718501586e+02 1.436674107958085358e+02 3.185417450808733406e+02 1.265575619971999458e+03 4.419807359452276430e+00 6.982515566726178804e+02 5.166980786678774393e+02 1.157814678989460111e+00 2.870828556425449847e+02 6.342932185368052842e+02 1.556675292125772557e+03 1.572530541223882665e+03 1.665099233021978264e+01 2.073934135734502604e+01 1.481802567895267657e+02 0.000000000000000000e+00 6.039791021546680322e-02 4.918450601646321161e+02 3.673068933672257685e+01
0.000000000000000000e+00 0.000000000000000000e+00 6.866840919652740922e+02 0.000000000000000000e+00 1.071257254426036297e+03 9.479994181094106409e+01 1.369276062548186019e+03 5.899265920795663760e+02 1.043849200276386227e+03 5.627214368398579154e+02 2.255353997290404777e+02 1.643585396076004956e+00 5.908681542985053738e+02 2.830399931454922466e+02 0.000000000000000000e+00 3.890225890982231931e+02 4.202883167583947852e+02 1.072298810174368899e+00 4.297501997352630383e+02 5.033118922985750601e+02 5.349981583617443448e+02 4.794967662894853788e+02 0.000000000000000000e+00 0.000000000000000000e+00 0.000000000000000000e+00 0.000000000000000000e+00 9.219459147767830043e-01 5.494396431769474702e+02 0.000000000000000000e+00 1.792858441853778402e+02 1.451555043558621492e+03 5.858893551326408442e+02 3.953338224459897532e+01 4.421233251661715258e+02 2.432488070500466506e+02 5.274410136505471414e+00 1.302474065084945209e+01
0.000000000000000000e+00 1.159645575625704851e+03 3.530527867725173223e+02 8.385300030332948609e+02 1.151843826945178989e+03 2.046831125531614504e+01 8.778499867984942284e+02 1.037899728503263532e+03 1.014776045690537217e+03 5.651305230937402939e+02 4.939629663524234502e+02 6.020818290276183689e+02 0.000000000000000000e+00 3.481676312438144549e+01 1.106008243604370136e+03 2.317407222609632811e+02 1.112373664542453298e+03 6.317850211456423040e+02 1.582911432851021516e+01 7.099255411138619820e+02 0.000000000000000000e+00 6.674662576895357136e-01 2.530217488485101853e+02 9.600006780201472338e+02 5.232767880640079738e+02 2.637164898847756067e+00 1.112543216945978884e+03 2.519865426754845572e+01 5.489836383094157100e+02 1.470947937152264018e+01 5.605259112398606476e+02 3.177832628938434709e+02 0.000000000000000000e+00 0.000000000000000000e+00 3.883175792276583138e+02 1.746593788157413485e+01 1.231609627626259318e+01
0.000000000000000000e+00 1.088261674378962198e+03 6.047725133200679011e+02 1.425678092181806733e+03 1.855598307028102454e+02 8.757080374025824199e+01 3.720856978713057117e+01 2.445228698189342964e+00 0.000000000000000000e+00 7.042805459272869939e+02 1.473264828545589111e+01 7.934951986730166027e+02 2.046640977397667598e+02 1.037087567764742289e+03 3.339992134477720924e+02 5.006349351395377312e+01 9.520856259295842392e+02 8.772139159677548150e+02 1.345104035939033110e+03 2.698968531702928431e+02 1.796958131391270399e+03 4.972824577237245203e-07 6.218567438722626548e+02 1.343648004522046676e+03 5.001967781829712862e+02 2.245631042667326085e+02 2.176589045517975762e+02 6.548996562982033254e+01 3.791213695074464152e+00 0.000000000000000000e+00 1.130705421303633784e+03 5.060527117638634422e+02 8.821148483489585246e+00 5.011535931183138359e+02 2.401847287185781852e+02 4.817102746933404092e+02 1.811025308773789106e+02
0.000000000000000000e+00 1.661658615328105725e+03 1.341624733494718612e+03 8.988175554805803102e+00 7.720047559399481543e+02 7.652608757134743200e+02 8.772382454648992507e+02 8.837907686767199493e+02 6.840451649214702279e+00 5.138290188921306623e+00 1.920840072224522999e+02 1.260339770881817003e+03 1.026198208001126133e+01 9.799395874743069044e+02 3.094840901483191828e+02 1.461444945082164493e+00 5.697009713438112612e+02 2.880789529659093162e+01 5.189660511354971817e+01 1.947791552921873119e+02 0.000000000000000000e+00 9.620613258489951249e+02 3.016805846495165042e+02 5.345608748843306834e+00 7.295869012200307679e+01 3.278630787969499920e+02 4.633851598983265490e+02 0.000000000000000000e+00 3.307994694637323505e+02 2.743133078414327315e+02 7.472590163510982393e+02 7.106060624102805434e+01 0.000000000000000000e+00 7.375150828584911267e+01 1.349853019070692994e+02 2.468034488720126873e+01 3.001714335997791068e+02
0.000000000000000000e+00 2.982506990178063200e-02 7.390118204569892102e-01 1.342184833618418452e+03 6.698771422002158715e+02 7.388753913756844440e+02 0.000000000000000000e+00 6.611360444458501888e+02 3.880302355358095383e+02 5.353120874459357310e+02 5.817382416667035017e+01 1.335650844182038327e+03 4.208990252420800005e+01 2.647748322878823402e+01 3.797094869341746630e+02 1.767245404685296819e+02 4.339877005341828919e+01 5.621749718278998671e+02 1.389744501270931778e+03 1.474771150979290951e+03 2.675794828326853576e+02 1.261203819544588896e+03 1.481555351169287427e+01 3.307999750911111505e+02 1.616554539841738460e+03 2.380514962631841591e+00 2.693647553729743436e+02 2.823385894410167793e+02 8.093476041960130374e+01 3.060054912643853653e-01 1.105403920166419738e+02 1.495468752808083650e+02 6.766848953306935073e+02 2.171294605449616277e+00 9.008865107005791515e+02 2.691894529109343921e+02 2.487091218733116643e-02
0.000000000000000000e+00 7.239621346122547720e+02 1.043222467671758523e+03 9.416780413937304957e+02 6.940139009129296710e+02 4.009449877365535144e+02 3.089435970999200549e+02 6.586511052020478019e+02 0.000000000000000000e+00 7.724206877814302175e+01 1.866063608599894152e+01 0.000000000000000000e+00 0.000000000000000000e+00 1.035804551222778684e+02 1.034505856921887016e+03 3.565623086614344288e+02 4.174482405636699589e+00 4.250786803263099500e+02 5.334532155500750150e+02 9.119036480478152074e-01 3.326340989512064539e+02 1.279334553866276565e+03 3.142371343965228334e+02 2.356631251344869611e+02 8.861035914399736839e+02 1.908616194909024557e+02 1.476359187002307181e+03 1.489525511014469146e+02 7.272180087760391416e+02 2.929351307133538853e+02 2.952548847648884589e+02 9.183632418520312513e+02 6.168510508273131743e-01 3.483718536548024645e+02 7.729516471029012337e+02 3.142464644267800509e+02 1.393480935566237804e+03
0.000000000000000000e+00 1.996626668565377258e+02 8.118626269779149425e+02 1.749382672475454683e+02 3.745638250100064397e+02 1.027410772519400780e+03 1.973428075009066163e+01 1.471483046950525786e+00 5.084763039831051401e+02 1.544243508919479609e+03 4.244475939844452341e+02 3.932445817492716156e+00 1.692628789896352126e+00 7.789829783516967154e+02 1.256506198803711186e+03 2.366071114937113009e+02 1.324562277778246333e+01 7.665826129950677341e+02 4.655274083762681414e+01 1.742587972705015886e+01 7.690697134660403833e+01 1.439180796569664835e+03 2.044770593758232735e+02 9.335950805778256267e+01 7.530006689842660990e+02 8.767813546736230990e+01 7.398591546575177063e+02 2.923447471464255045e+02 6.623734052611048639e+01 2.642801159355922778e+02 2.277880854331784519e+02 1.348752871262920280e+03 1.133059386748086581e+03 2.854010720339551312e+02 6.910043788529273456e+01 0.000000000000000000e+00 1.037325956643630320e+02
0.000000000000000000e+00 1.363341022538607206e+02 2.623580376811410556e-03 2.285454701934671107e+02 5.061800881236237615e+02 0.000000000000000000e+00 1.674905604521342184e+00 1.153714788381148537e+03 1.121741623767582041e+03 5.352098458492960731e+01 0.000000000000000000e+00 1.241885554072808873e+02 4.678311827121088129e+01 2.846180996087380208e+02 3.672866256161817091e+02 8.547828036509476135e+01 3.759016512597860515e+00 6.980548615782591924e+02 1.059484493405418704e+02 2.670746096172657644e+02 1.063924877348190421e+03 1.936713647208155180e+02 5.978244497410454414e+02 3.552424897976836178e+02 1.026225600864320768e+03 1.822896618922439416e+01 3.838828577591902445e+02 5.856542085177125045e+02 4.256375024341887414e-01 1.351306627798829041e+00 6.113208632046322464e+02 1.717887621981210344e+01 3.900927907848483756e+02 6.924396942469098803e+01 1.346320698433136840e+03 6.612892146660520893e+02 2.310354657591484795e+02
0.000000000000000000e+00 1.115985364609415910e+03 6.005589244736678438e+02 4.524581040657881204e+02 3.861380720903761699e+02 1.413377811368729454e+03 6.281454961966053361e+02 5.388420639460518657e+01 2.234716750729156232e+01 5.711447397104004722e+02 1.021431476241297560e+03 1.020735815513411360e-01 1.497973374696127848e+02 1.219637420370690279e+03 1.373222609353253347e+03 4.487079550341458400e+01 4.207057793106344548e+02 2.338267155160894504e+02 3.898711972473947753e+02 9.890754066179802066e+02 2.984244616805441979e+02 5.774379027347851689e+01 4.357954506069563081e+02 9.011778721055947017e+02 7.738046678024177005e+00 9.794679916251705265e+01 5.043007853872700252e+02 2.789370277601126880e+00 0.000000000000000000e+00 3.634123760725078682e+02 1.552713962053365435e+02 0.000000000000000000e+00 2.608050592219659691e+01 1.159573405473394359e+03 1.415406920293586666e+02 6.009271764044179918e+02 1.458684939080698371e+02
0.000000000000000000e+00 1.296221201615076701e+01 2.370128326492958948e+01 4.915882753029883645e+01 1.223366698581960499e+01 1.235702942418519079e+01 3.190016192108568660e+01 1.042913045942822858e+00 1.057496877526174472e+02 3.886826358586238825e+02 9.976558766884633087e+02 6.808668993246807588e+01 1.870605763854352688e+02 3.104132534207297454e+02 1.162226967193808065e+02 6.917008975795347396e+02 8.349748240606901390e+02 4.540250963941447537e+01 8.042235444159317694e+02 7.616436139618794243e+01 1.697824901698691136e+01 0.000000000000000000e+00 5.961785441974973310e+02 2.059685748089630764e+01 2.190681409667556068e+02 2.486420605489500133e+02 9.603949133968698106e+02 4.127891156288765728e+02 2.496497105527727456e+01 1.704356474579923088e+03 9.536566371613202975e+00 1.724800392971329529e+03 1.914291377544155637e+01 1.033484506710718961e+03 5.319465918011926533e+02 2.073266469952944817e+02 2.231519560741865007e+02
