output/example/lateral_incision_000430.asc
nrows	75
cellsize	13.33333333
xllcorner	0
ncols	75
yllcorner	0
NODATA_value	-9999
[rows 51 to 67 of 75, columns 0 to 36 of 75]
0.000000000000000000e+00 6.814916242100905492e+02 6.408402210280035316e-01 2.721825796216357389e+02 0.000000000000000000e+00 3.547590982419662531e+00 1.273753126685122794e+01 6.560489251460173818e+02 1.837549684648610793e+01 0.000000000000000000e+00 3.898605906161938606e+02 1.512421291453996952e+00 7.263948270617148637e+02 5.327096067639151897e+02 1.048980357393662189e+03 1.141832339570053367e+00 1.098826297544455883e+03 2.123636972183324758e+02 1.283426491072682009e-02 9.401203422933723175e+01 1.015887839743996778e+03 1.352486019032300874e+03 4.473283940695546579e-01 8.443036338462655976e+02 4.037482115445494628e+02 7.507144065876323111e+02 7.326853147556077958e-03 0.000000000000000000e+00 1.343501013068401562e+03 4.192925214076557694e+01 8.385807022203470069e+02 6.065776414250925654e+02 1.391896897237871045e+01 7.730748466651364197e+02 1.375180806720268038e+03 2.360860548484663184e+02 0.000000000000000000e+00
0.000000000000000000e+00 0.000000000000000000e+00 2.588432097042029909e+02 9.305806353428445163e+02 2.626446358132513481e+01 1.212027575480543184e+01 4.071393080005022114e+01 1.519647743082995106e+01 2.049329017872206862e+02 1.194786046371072871e+03 0.000000000000000000e+00 9.749395639030346956e+02 2.918542014349791316e+02 3.845126430898381642e+01 1.513751905231739237e+01 5.123883074134427034e+02 4.870386039803706808e+02 1.342178391638842072e+02 3.341934634907023849e+01 6.463117351534077670e+02 5.470131157463182490e+02 4.378404952401038486e+01 4.758031108170180232e+02 8.263116329105444038e+02 6.332227928363527099e+02 7.895808436996971125e+01 9.711539590624295215e+01 3.180345914840646770e+01 9.185607931132637987e+02 7.044845190520195644e+00 1.233864202070998090e+03 2.310785690859752961e+01 2.204255358960141962e+02 4.070957334763722315e+02 9.734419926488260444e+01 2.949043057015024374e+02 3.838523473923387428e+02
0.000000000000000000e+00 1.059121892637783503e+03 1.214793684324465175e+03 1.226158239928606008e+03 1.007162762522324186e+02 2.595765543019135180e+01 2.531337328245307106e+02 1.155779544591968033e+02 5.453080488585767398e+02 1.385777179291069805e+00 1.086593312971111800e+03 9.461725230428109512e+01 9.420533405871101706e+01 1.015979045602921019e+03 2.586298792178975958e+01 1.132800440425361785e+03 1.174558428822018868e+03 6.997462809322531712e+02 0.000000000000000000e+00 7.154713432378106575e+01 1.223779576756178072e-01 1.421010876177034845e+02 1.696067860859193615e+03 0.000000000000000000e+00 7.320337753045616864e+02 5.955373720718138486e+01 5.639799653941192901e+02 0.000000000000000000e+00 5.283947131052415216e+02 8.130331624062606011e+01 4.489071459052343016e+01 6.263378644125989467e+02 1.211999645872073415e+03 2.779678226919349413e+02 2.054799511743632223e+01 1.026762581725884047e+03 0.000000000000000000e+00
0.000000000000000000e+00 0.000000000000000000e+00 4.432914809268583056e+00 7.009814667751345496e+02 9.369358567238773503e+02 6.583506831278123173e+01 6.647689567259106980e+02 5.695967470807664768e+02 1.262492867537501127e+02 8.664075223180635987e+01 6.702367539180116573e-02 2.949089646289679649e+02 1.095375479425146459e+01 1.112088314948238690e+02 1.337929274642173993e+02 1.071548626551396865e+03 3.516985309589442750e+02 5.168816903806629171e+02 2.552615372936791402e+02 5.153462796303160758e+02 2.800762301491681683e+01 1.660760383883997747e+03 1.193763886180382542e+03 9.345529842242345353e+01 3.346733695332699821e+00 1.629515273905002175e+02 2.628864037695584557e+02 1.262082406625050453e+03 5.677827589744136816e+01 4.501379889215717753e+02 9.933657551609645964e+01 1.475380491315037261e+02 1.024844744073953052e+03 1.156027054693423428e-01 1.073906009313164134e+02 6.345633935743682059e+02 1.619996653080336557e+01
0.000000000000000000e+00 3.832464941532662372e+00 4.322005776871943317e-01 7.272300170563305022e-01 6.079103917574835805e+02 7.238474409085081334e+02 8.705682935494586445e+02 3.809651627559065901e+01 8.781792632385104298e+02 7.190538236090006363e-02 0.000000000000000000e+00 1.790943777687480676e+01 1.285840103087399200e+02 1.130805266502254938e+02 4.261239478204501552e+02 1.049886252089061600e+03 3.671409697576512343e+01 9.814531021475056960e+00 5.497865307588460926e-01 4.257771264979739385e+02 2.226969999166713521e+01 3.580435704747440582e+02 1.469578776529342008e+02 9.676718607363152387e+02 8.277971226610816302e+02 1.314581884280184568e+03 7.174426594583992767e+01 1.277692023204098781e+01 4.808768537977178426e+02 2.272785576785751971e+02 6.736953868140698205e+02 1.338745914229472646e+03 2.176089089351457062e+00 2.745646749112577822e+02 6.323869448514310534e+02 1.071473127828546922e+03 2.357325278498349235e+02
0.000000000000000000e+00 3.839633939952817059e+02 4.367474239451559583e+02 8.614925086284655436e+02 7.828490619753870305e+01 5.161738485502439744e+01 1.715333218470301063e+03 0.000000000000000000e+00 7.452503491101570035e+02 3.937861865795570111e+02 0.000000000000000000e+00 7.312199765129763307e+01 3.122877427826390218e+01 3.114162770000424416e+02 3.992513920440018751e+02 2.772978396318558225e+02 3.783448180992409675e+02 2.125714451455985365e+00 3.544888173502586710e+02 1.289462240220354090e+02 3.563656219122596980e+01 4.124350757628965880e+01 9.533026089502417335e+02 2.016297503019402271e+01 1.268370533261308310e+03 2.957923751187481116e+02 3.886080113571874772e+00 9.454087045289429059e-02 3.098584938670209965e+01 2.424057339882345161e+02 6.532389509074262435e+01 1.932447965628504516e+00 1.108574300584382627e+03 1.475880899571011469e+02 1.510074487565191248e+02 1.525016370069686218e+02 3.701830056563701987e+02
0.000000000000000000e+00 3.377891613775529436e+02 1.359570095137120688e+03 3.525760792119056077e+02 3.794203804623850829e+02 1.749260911084513964e+03 2.178938505039578217e+02 1.537357326527921657e+02 6.151478359463561674e+01 3.378253144310712059e+02 4.079520549395504645e+02 3.792214054964321690e+01 1.220923264238919472e+02 1.694351500790918408e+02 1.845624492759414892e+01 0.000000000000000000e+00 2.240654425607818467e+00 1.201934738986860793e+02 1.662633704754898929e+02 7.442597283121991723e+02 5.691618005857659313e+00 3.624456683176152865e+02 3.701196832814335380e+02 7.173971301667935450e+02 1.035934375185278356e+02 2.336258221982108125e+02 5.847110266034352435e+02 7.504994534550905882e+02 6.514833452188621266e+01 3.935221485676820521e+02 2.392416603605016689e+02 6.324937597870689210e+00 1.712726452987205448e+03 1.276723407552402545e+00 2.006493251010589915e+02 4.723901493005120642e+02 7.088461965391248896e+02
0.000000000000000000e+00 8.706123931330447476e+02 1.006897810812039211e+03 9.374312931851912367e+01 0.000000000000000000e+00 1.429071750620282046e+03 3.578214044630361741e+02 1.663109151670156507e+02 3.261648690581951087e+02 0.000000000000000000e+00 2.255353997290404777e+02 1.643585396076004956e+00 6.047228390450208053e+02 2.951134142818876853e+02 0.000000000000000000e+00 3.890225890982231931e+02 1.205073938712650033e+03 1.276989863717374192e+03 8.488475951708184084e+02 2.101586645800964277e+02 1.622624511183490085e+03 7.769396752912950177e+00 9.601243493881277118e+02 2.001215093462522248e+02 5.607279457807768495e+02 5.352795215446809607e+01 8.044086846867374518e+00 5.546250555011664574e+02 1.089232193393646639e+03 4.506870672348192670e+02 1.050697301194865986e+03 1.452057801924580716e+01 4.102933515565539579e+01 1.843169165476812033e-01 4.227822188590426435e+02 1.138662627767351978e+03 6.449038373245798539e+01
0.000000000000000000e+00 1.949731028489476437e-02 4.607849228639507300e-01 2.668232406400024388e+02 1.255036163118041713e+03 2.879513986216756649e+01 6.000634273767863078e+02 6.584856974076308234e+02 8.012916389461960307e+02 5.962804431689069133e+02 4.939629663524234502e+02 6.100536829786124144e+02 7.427968064494652189e+00 3.756051432597226380e+01 1.110236743404415847e+03 2.379499783307287544e+02 7.840341810516720500e+01 1.685254675143083603e+02 8.072336791834396763e+01 8.621596517588408233e+02 7.083947929749948571e+02 4.545674652246665914e+01 1.640728002932525840e+02 1.282064452261426140e+03 2.123000134722190921e+02 1.191413368862693716e+02 1.112543216945978884e+03 2.701457322775636172e+01 4.232394229998191690e+02 2.192502144387484293e+02 1.780265296010011822e+00 3.306461466167137928e+02 3.755547078017814044e+01 1.381815930042067066e+03 6.376872805861655706e+02 1.746593788157413485e+01 1.494102908054604484e+01
0.000000000000000000e+00 5.454694520176662991e+02 5.511080063365845945e+02 4.165813806350802793e+02 2.764780511864283881e+02 4.355197005238010455e+00 4.144788802801532057e+01 1.670520880171725153e+01 0.000000000000000000e+00 1.156122067015062385e+03 9.499370105899664907e+01 1.606094072885684056e+02 9.072642247910783908e+01 2.949726608452728271e+01 5.273297148615048400e+02 1.454006977912341085e+02 5.386287102524127022e+02 3.707034186776600677e+02 1.559292413673398130e+02 7.686934497617133877e-01 5.888472738899901060e+02 0.000000000000000000e+00 7.572698895738589897e+01 2.064168885029570433e+01 2.150214193526214146e+01 5.582147881256064466e+02 2.234082287886409688e+02 6.553032339494720304e+01 7.323298232636449256e+01 2.552534845271995039e+02 4.953797434789908039e+02 7.159512985003331096e+02 0.000000000000000000e+00 1.142547020427524956e-01 5.851185148999786634e+02 6.502660926255290406e+02 4.664887671699023741e+01
0.000000000000000000e+00 0.000000000000000000e+00 9.078912495289548588e+02 1.312883619283821645e+03 1.885857247716874099e+02 5.604000083674711874e+01 5.618523680695129002e-03 0.000000000000000000e+00 8.370947434881651716e+00 1.449190249826967314e+00 1.399527578612162699e+02 5.804013813349502016e+02 1.922619694900032372e-01 3.192557473273762412e+02 2.164016745957895296e+02 4.749196429333067044e+02 5.697009713438112612e+02 9.441908945126120045e+01 6.607820597114863581e+00 1.536935062759154391e+02 1.118195048182720939e+03 5.544834130442967357e+00 1.566123167301759850e+03 5.549192593450814002e+02 5.404716776934698146e+02 4.693542082938083126e+02 4.682505410604127860e+02 5.059467818254222315e+00 1.036373597427913396e+01 4.029408611335584283e+02 3.532535083990351268e+02 4.515615247655223818e+00 0.000000000000000000e+00 2.624932378506719033e+02 9.810837701921901726e+02 4.553994617297374816e+02 1.990578336608596999e+02
0.000000000000000000e+00 1.156077667624117993e+02 1.199668707592964211e+03 1.185371138250198101e+03 9.597747546838866128e+02 6.026350615848044754e+02 1.764009172740684335e+02 2.572123562186257004e+02 2.123963528431552916e+01 1.860747913451833213e+01 1.221873442448114247e+03 3.803254864593935736e+01 3.353418610988771320e+01 5.316227414503507589e+02 4.062064862018559666e+02 2.501940172417864972e+02 4.339877005341828919e+01 5.924114136814623635e+02 6.571625012740150851e+02 8.464001870584406788e+02 2.327282157766616706e+02 2.799273464740985773e+01 4.522589896864335657e+00 5.244285893136341201e+02 5.646479586019264474e+01 2.117218185041284340e+00 6.326606250786689998e+02 2.990612686282626100e+02 4.699190838167055517e+01 4.462791824490684434e+01 1.418750948654336419e+01 1.711208381850323690e+02 2.381633555004625862e+02 7.145363902402137910e+02 3.264009293488139747e+02 3.593624577368311979e+00 2.178882542348836437e-01
0.000000000000000000e+00 1.358205542814685600e+02 0.000000000000000000e+00 9.416780413937304957e+02 6.940139009129296710e+02 6.269182802504030860e+02 1.034272165927979131e+03 8.611708776256593012e+01 0.000000000000000000e+00 1.006447316861965874e+03 0.000000000000000000e+00 5.475404813315713000e+02 9.361831268867359768e+02 2.260685878165829976e+01 3.115276443627824392e+02 3.565687889433709188e+02 4.174482405636699589e+00 1.346214419249769662e+03 5.707847213935360742e+02 1.573964076615648011e+01 2.919068272855755595e+02 6.145825767057178837e+02 4.561368776369201896e+02 5.725097547158932265e+00 3.339876366659888873e+01 3.965372634925880106e+02 6.333620798137764041e+02 3.486196648141446985e+02 1.430759031756689637e+03 2.929351307133538853e+02 1.026054534776632181e+03 2.404054919657285438e+02 3.855661891779197248e+01 7.523469047550162259e+01 7.526075873484815304e+01 1.640603341076164838e+02 4.704056642643730584e+02
0.000000000000000000e+00 1.563951619446198947e+03 9.588075432916448335e+02 0.000000000000000000e+00 1.275984406949735103e+03 2.915190375688507629e+02 1.026297882068441112e+02 5.289850853832430175e+02 1.080923725682973782e+03 3.015682765964731402e+02 2.910002131733459692e+02 2.698096029884126779e+02 3.692165512190355230e+02 7.539692778301872522e+02 4.506684624132553836e+02 6.519655843194017280e+02 2.801231517572295004e+01 6.110440451265453703e+02 1.226888777116485807e+00 9.486912675839901112e+02 5.587221577033753874e+02 1.394305820398744345e+03 8.887372183094039428e+02 5.456022360687426698e+01 1.509312618680595051e+03 6.304619387470851279e+02 7.442034645594193307e+02 1.274300728470254171e+03 6.623734052611048639e+01 2.642801159355922778e+02 2.294566128228852051e+02 5.914102002272660457e+02 3.643307423876696021e+02 6.375483980219459568e+01 9.254717948778919734e+00 3.499865090699171333e+01 0.000000000000000000e+00
0.000000000000000000e+00 1.577446199031336249e+01 1.005829468999002529e+03 5.267319544912501215e+02 1.394627547776325173e+03 2.237042656593465892e+02 4.672402733225164866e+02 2.389744389000086642e+02 1.251708920122772497e+03 7.725494961468936026e+02 4.738396342508507386e-01 2.647490374785094787e+02 9.252907843359685103e+02 2.228347979738065021e+01 2.476046618250091758e+00 8.378971275274661821e+02 1.004516823810530184e+02 7.199657102758030760e+02 8.270738684166528856e+02 1.192431016717818693e+03 0.000000000000000000e+00 6.403630671057428572e+02 1.592096231963137853e+01 3.840091685910834940e+01 3.119720775182839247e+02 2.632586659534437104e+02 4.009816724936138712e+02 1.658125583812530124e+02 2.657219055327440174e+02 1.289140942600381834e+01 1.352248869068923796e+02 5.947569959001797457e+01 1.351213606260167808e+03 4.042888880717669053e+01 4.521968470947155083e+02 2.425294419740823937e+00 4.011235007777631267e+02
0.000000000000000000e+00 1.411149285909364153e+03 5.618091872169179624e+01 2.000324620019244826e+00 9.825399781466270799e-01 1.568834285894448840e+03 7.372496398627113194e+02 5.121358258618859054e+02 4.563657599346618667e+02 0.000000000000000000e+00 1.365577131751315164e+03 5.390438041091792911e+02 6.539234968746978893e+02 2.560084373909038646e+01 5.967689942376314320e+02 7.143816561659648290e-01 3.011995266142537275e+01 2.339337648424736642e+02 3.898711972473947753e+02 9.939499307662440515e+02 0.000000000000000000e+00 1.209687301484769080e+02 8.798256534677259424e+02 9.500418055077048507e+01 1.136491675458292775e+03 6.610315528593699810e+02 5.742883841617366443e+02 0.000000000000000000e+00 0.000000000000000000e+00 4.102467521991504782e+02 4.176156808364709860e+01 1.024381868520208911e+02 4.815118464222871353e+01 2.164764682613514735e-01 6.775638434874939264e+01 3.708711496434419814e+02 3.427232506609628899e+02
0.000000000000000000e+00 1.523054311179447041e+03 5.355002223667061116e+02 1.692542710235344714e+02 3.394304767904729374e+02 4.704862739618101974e-01 7.509326189368259747e+02 0.000000000000000000e+00 2.267200380622701239e+00 4.403709992744096553e+02 0.000000000000000000e+00 1.320945296786809649e+03 6.698739282692192774e+02 3.111096382700817458e+02 5.489543301608276806e+02 0.000000000000000000e+00 3.584715233068886278e+02 6.397733506897502309e+01 0.000000000000000000e+00 7.777124982840049938e+01 1.453473374086423291e+03 1.252368892256927438e+03 0.000000000000000000e+00 2.050061729492033749e+02 9.322164106706302391e+02 7.438166459611331902e+02 2.271642638134241281e+02 1.742626812175894315e+02 4.234917569353604563e+02 8.871844578824423024e+02 1.364470671876003749e+01 1.919193154737266696e+02 4.005565828266819040e+02 9.666630081034028876e+01 2.570693504118020201e+02 3.865728892714569724e+02 1.508663213913296497e+00
