output/example/lateral_incision_000021.asc
nrows	75
cellsize	13.33333333
xllcorner	0
ncols	75
yllcorner	0
NODATA_value	-9999
[rows 17 to 33 of 75, columns 37 to 73 of 75]
4.517734787010379591e+02 1.535069060371365035e+00 9.975855007279731126e+02 1.028256149616638140e+03 1.401747550673615024e+03 7.093395018997914470e+00 1.098852266029829480e+03 6.511691231861493634e+02 2.672944372426396740e+02 5.736726777383851505e+00 1.011759006216298395e+01 1.643281914747314262e-03 6.352972033642812733e+01 5.496246073831656531e+02 6.359588338735558182e+02 2.353727298714876497e+02 1.311363853434655766e+03 4.577989471989328507e+01 1.307507299971068278e+03 0.000000000000000000e+00 4.918887810678322126e+02 1.409878004595627772e+02 2.758109048548856777e+02 2.924688304665775718e+02 1.350283313140578798e+02 5.407564357395796328e+00 9.303868140994070446e-02 1.711508410917859351e+02 3.109500863533937398e+00 7.048814693059784986e+02 1.409623216547964148e+03 5.899182149785294982e+00 1.546647057845621703e+03 1.067978035300625152e+03 1.502690980390892496e-06 4.418274471177652458e+02 6.685030336837762661e+02
2.574497302262284748e+01 5.388478097388600645e+02 2.767436260338432419e+01 7.038613008671958049e+00 9.244116037348297255e+01 4.351946527960849131e+00 1.093127542415241351e+03 2.301169970983643225e+02 0.000000000000000000e+00 5.890417414200821433e+00 0.000000000000000000e+00 1.438241119647170052e-01 2.834595542948010660e+01 2.505702620225193300e+00 1.280254775698131482e+02 3.788801693480029371e+02 8.113280968257873838e+01 3.998281928361363953e+02 5.719227874625555614e+02 4.540727465642283533e+01 1.000964379445177656e+03 0.000000000000000000e+00 0.000000000000000000e+00 1.758670109928255670e+03 1.306634575272291876e+01 1.011604633674237675e+03 5.119505221127330969e+02 3.804236555759977136e+02 3.425857905962961354e+02 1.994044971774997288e+00 8.515855840032130573e+02 2.973118979710596932e+02 2.316534790170150515e+01 1.208225805873205218e+03 6.836858875536726146e+02 4.282089785115274339e+01 2.217372519247462890e+02
3.295152940842258895e-04 4.415004042629811352e+02 1.485601491918582951e+03 5.686437444496763050e+01 9.371449034737399870e+02 3.552419610152770524e+00 6.337803695297548074e+02 3.299740004292511344e+02 1.865373217181692667e+01 6.278312376445716936e+00 2.173800427460512857e-02 1.132148298417776089e-03 7.699972127177683490e+01 4.416950922150887209e+02 3.158463070447597261e+02 1.211700950408951030e+03 1.865081922507813572e-01 1.619131146388105890e+03 5.712049933162965090e+02 2.485303726301930993e+01 1.307400990861566470e+03 1.824521944814832819e-01 3.126599064417775367e+02 5.592898821532844522e+01 1.779515554508021523e+03 1.248255609152168290e+03 2.394424785548125989e+00 0.000000000000000000e+00 1.202462657446936646e+03 6.035697055418913806e+02 0.000000000000000000e+00 2.217140426360902552e+02 1.786591831737750935e+00 1.020734796423528878e-01 7.335066155612001234e-06 2.144521961497406437e+02 0.000000000000000000e+00
0.000000000000000000e+00 9.740240430276031702e+02 5.295852115811984504e+02 9.123397892463023027e+02 3.857448212542587385e+01 2.701509274547849770e+01 5.560411583166406899e+02 1.684875985547601399e-05 0.000000000000000000e+00 0.000000000000000000e+00 2.076436911599305120e+02 5.775110324556507635e+01 0.000000000000000000e+00 2.008081669892986199e+00 2.130582944049878071e-05 2.029477898459665994e+03 1.455003625370715326e+03 3.901207826686043489e+01 0.000000000000000000e+00 3.242577809573670038e+02 1.291457851378220667e+00 1.144017219932845819e+03 1.407667500475637553e+03 0.000000000000000000e+00 1.173434155001689305e+03 1.105768407742525824e+03 4.553988629401011790e-01 5.891608295231926462e+01 3.991877363584089844e-01 7.660313792754265023e+02 4.132040336221592156e+02 1.932915184504564650e+02 4.480250707651263298e+01 6.566853748400694357e+00 2.556157124711341916e-05 7.130350342907661556e-05 0.000000000000000000e+00
1.132049830162881790e+03 8.524414403578106203e+02 2.658899318692399447e+02 5.890781890441643327e+02 0.000000000000000000e+00 4.353604257226711525e+02 0.000000000000000000e+00 1.642892934063883672e+02 0.000000000000000000e+00 6.272151930030070162e+02 2.010653139710262280e+02 5.272542981163180542e+00 4.873674703743578362e+01 4.083050672334405107e+01 1.715004814579233638e+01 0.000000000000000000e+00 0.000000000000000000e+00 6.419005684380438197e+02 5.415109055951542132e+02 9.598728275635277640e+00 1.560326054386314354e+03 2.146119949077614365e+03 8.310359352070834404e+01 3.126311545594346057e+02 1.377331324471897656e+00 9.970729448078174073e+02 1.470186319811313249e-08 7.111063282610635694e-02 0.000000000000000000e+00 2.015141123220435073e-04 0.000000000000000000e+00 1.591299269600295754e-05 3.468519120183972403e-06 6.153929690712433143e+01 3.918415685840444667e+02 8.529534918822364489e+02 0.000000000000000000e+00
8.623206805258341774e+02 1.256581051747529955e+03 1.650486256428904994e+02 8.713984793935551920e+00 1.128537483775936380e+03 1.123679852648970154e+03 3.519768109456572915e+02 0.000000000000000000e+00 9.585108758369847237e+02 4.976566542682164709e+02 0.000000000000000000e+00 2.903079511391123333e+02 1.463332959397564004e+01 1.660035043735274130e+01 0.000000000000000000e+00 4.352025751247373364e+02 6.808274291282040735e+01 0.000000000000000000e+00 8.815412908020318775e-06 1.274432477807469013e+03 0.000000000000000000e+00 1.691803339746503809e+02 1.404657165977370369e+03 1.317311440515758250e+03 4.208089156328432279e-01 1.780351263881967725e+02 2.821731597140524173e+02 8.722296973193158465e+02 1.126019418105465242e+00 2.940923844096827167e-01 0.000000000000000000e+00 0.000000000000000000e+00 9.003466928892919441e+00 4.917056880690564071e+02 0.000000000000000000e+00 1.367253134896902722e+01 9.916048737145598257e-03
1.021889005705756553e-01 8.382989191071942514e+02 5.791153250527898990e+02 7.735625071784448359e+00 4.253564573555431707e+02 0.000000000000000000e+00 1.256615480695670861e-01 1.554805339317515291e+03 6.645899110322188790e+02 0.000000000000000000e+00 5.266985367952281649e+02 5.901365548465278721e+01 2.947973581934000063e-08 8.242741992392905104e+01 3.888864661967423331e+02 0.000000000000000000e+00 1.223344779686236507e+03 3.276554561194275550e+01 5.677927168074394615e+01 7.315716904894122763e+02 8.368940810501707119e+02 3.741168311401286672e+01 2.283391005263350593e+00 8.708051507127333224e+00 6.745923065250194668e+02 7.475725448493086844e-01 4.778584762708634344e+02 5.570230265646406451e+02 0.000000000000000000e+00 2.986704239607934710e+02 3.871028219377926904e-02 0.000000000000000000e+00 6.551993160405579602e+02 1.811247843282588711e-05 8.585579270041404243e+02 1.015297764878212377e+02 4.882372705490560261e-05
1.307813321781518653e+03 4.767444482704221969e+02 6.423045826574292505e+02 7.324541917855626707e+02 0.000000000000000000e+00 1.136281082986568663e+03 1.271250021570197077e+03 8.986903272717840991e+02 0.000000000000000000e+00 6.984695955207351972e+02 3.268770784371028526e+02 0.000000000000000000e+00 1.469593053979641795e+01 7.910643726189689460e+02 5.494216191173653385e+01 4.904139222629710275e+02 2.085773428849548594e+01 1.166137044827573618e+03 8.836788141875258589e+02 8.669486166760982542e+02 6.543441975032832261e+02 1.162066585372361487e+03 1.533429805967860524e-05 0.000000000000000000e+00 2.198253414729802273e+02 4.467912697611079125e+02 7.644842213445285362e-02 0.000000000000000000e+00 4.194579427251862285e+02 5.378864009750553805e+02 2.422003803730656202e+01 6.520378975650748998e+01 1.264589033405074474e+02 1.264418975595851634e+03 8.016232446169233299e+02 8.214004391427495193e+02 0.000000000000000000e+00
1.255863043572476727e+03 2.972851404583973363e+02 0.000000000000000000e+00 4.707911400222060649e+01 1.418414471661311154e+03 7.907532319108704542e+02 1.056495308310156815e+03 1.195702996695362401e+02 9.495709090407722215e+02 1.509453035929890348e+03 0.000000000000000000e+00 2.484790690383367817e+01 1.499486269068646127e+00 1.481617418844982694e+03 9.090794011178333633e+00 0.000000000000000000e+00 1.769454838323156309e+03 8.061172216265707675e+02 6.475268824081290404e+02 6.447430212719760902e+02 0.000000000000000000e+00 8.459052788413752577e-03 1.036581484794158446e-04 0.000000000000000000e+00 1.583954559958230812e-01 7.272626100685363326e+02 3.668819696409076681e+00 0.000000000000000000e+00 6.049107715177483025e-01 1.003713498645862323e+01 5.008418278698262611e+02 3.083727284899038068e+02 5.561558119648589837e+01 8.757098632826611606e+01 1.520842214741471139e+02 8.191863305932292061e-01 1.978424067084778528e+02
0.000000000000000000e+00 1.210593838731029109e+03 1.784834854045175689e+03 1.247110842523433348e+03 4.223590177303849225e-01 1.398319845273309454e+02 6.571342749174800701e+01 1.173637004079349026e+03 1.486731066617977831e+03 2.027078870515378051e-02 0.000000000000000000e+00 5.403706926521373788e+01 1.258001780005431556e+03 6.987978129110564707e-01 1.523610463675518304e+03 0.000000000000000000e+00 1.531322218103768229e+00 1.649324441895946620e+02 2.373786319556328124e+02 3.651065738117029014e+02 4.816725410175093458e+01 2.989717586354863101e+02 2.163784328827605066e+02 2.133610178279678848e+02 3.651350969812291236e+00 4.049344476068829408e+02 2.139222731409552480e+01 1.051968904625373170e+03 3.847109343227616591e+02 7.198662519949274383e+02 0.000000000000000000e+00 8.361534703981166103e+02 1.478572458536086970e+03 1.136705390162722580e+02 4.065459828010467618e+02 1.162567342576030569e+03 5.319774149483396378e-05
3.264969931713253004e+02 8.117639135227352654e+02 6.710129266071949132e+02 8.424997059233961636e+02 0.000000000000000000e+00 0.000000000000000000e+00 9.428922410091395250e+02 3.595412089797760018e+02 5.699072469583109068e+02 3.616317149364459169e+02 1.185306549993933329e-03 9.670301085828649548e+02 3.675273845533872077e+02 4.639669900444282291e+00 1.354189840626360137e+03 1.149714112767639563e+03 1.382206738537668798e+03 1.164690093250510650e+00 9.244969572609782063e+02 8.770900887494138942e+02 0.000000000000000000e+00 3.890898916207902403e+01 1.718495008039496668e+02 6.194451751566749931e-02 1.168368479233895547e-03 0.000000000000000000e+00 4.541600149079308757e+00 2.868333037019755949e+00 4.830469415993472921e+02 4.131691186024311833e+02 5.705389303819831639e+02 1.569991904761519841e+00 1.405025179396150179e+03 1.026786423591700668e+03 1.869566014215680414e-04 6.906291069392247323e-03 3.642085301021880366e-04
4.615212425700478320e+02 4.239922263865900618e+02 0.000000000000000000e+00 0.000000000000000000e+00 1.148441840885536749e+03 0.000000000000000000e+00 1.019992617695269928e+03 7.961445170526391735e+01 2.087561166258603009e+02 1.138509071656649667e+03 4.197561383337805552e+01 6.796587660891989344e+02 1.925973297299550495e+02 2.374764350580290673e-01 1.921422018797176179e+02 3.279174337956306431e+02 5.058998595213381009e+02 4.541980652652032973e+02 6.559819238205906622e+00 0.000000000000000000e+00 1.281292244235306043e+03 1.711887142090422458e+03 4.348269059214801473e+02 2.002587599272490024e+02 1.516235044635028455e-10 1.018276218732710363e-03 0.000000000000000000e+00 5.804513143062637579e-05 1.930157966721330969e-04 0.000000000000000000e+00 1.864035161609137603e+01 1.076878271199712799e+03 2.109848596171811459e-04 1.420881752775916993e+03 7.008360582425889334e+02 6.762750534576613859e+01 8.091531400555139898e-05
9.546111628392526249e-01 0.000000000000000000e+00 2.903143420576107019e+02 1.012692253569326112e+03 2.200051011125737830e+02 2.632512830764578737e+01 4.333777196616296692e+02 2.452895522075327790e+02 4.782116281726536045e+01 3.754172626460112951e+02 5.570618674372223040e+02 6.847520241295927690e+02 2.561116278872365815e+00 1.612048104883675023e+03 1.036974901679159984e+03 2.939750822364922689e-02 6.077988532749076711e+01 2.264473791132737190e+01 0.000000000000000000e+00 1.953391509784261189e+02 4.917388006698629077e+00 9.276273197251966849e+02 1.735661040675443019e+02 1.308471074103966600e+02 6.778041951531442455e-02 2.057366324799796413e-04 3.621960328880459239e-04 0.000000000000000000e+00 0.000000000000000000e+00 9.805610287404345580e-05 4.189305456252100885e-06 1.873990706767599022e+03 1.001844780196895613e+03 3.869474979091376721e+00 2.557128493115687604e+02 4.496828793691780106e+02 1.334039186593261261e+00
2.756787756090310495e+02 1.770389440659407565e-01 3.658606152940259904e+02 1.024446280836653614e+03 0.000000000000000000e+00 1.007615215258801527e+03 5.170047031031708684e+02 5.051129799193230383e+02 3.275156034567714300e+02 5.449186372515798666e+02 9.320088140327316069e+02 1.440639826417917213e+01 8.883170832307068849e+02 5.670251572017253920e+02 3.266828427974977522e+00 7.050270701089905501e+00 0.000000000000000000e+00 0.000000000000000000e+00 1.740557537128769283e+01 2.220695563032937230e+02 1.062041694791756754e+03 0.000000000000000000e+00 2.215609206813203684e+02 3.108821541996956626e+02 7.880484663693881942e+01 0.000000000000000000e+00 2.618148870542185693e-04 3.168512331776546947e-04 3.508261483569832251e+01 5.245096830256980525e+01 6.894195274045621602e+01 4.734371997134597443e+00 8.020479087558445030e+01 6.129434838368547389e+02 1.382114453384837134e+02 2.866307977460891721e+02 1.993540482176466924e+02
6.166760390943502301e+01 1.369835847220966343e+03 0.000000000000000000e+00 3.648066250367018029e+02 1.772098532608719097e+02 0.000000000000000000e+00 0.000000000000000000e+00 2.099258270455273134e+00 3.172275219015340486e+00 7.143680061041288165e-02 0.000000000000000000e+00 6.913607983723507004e+02 1.541691523251321769e+03 1.081484053968466242e+03 2.628130794710828582e+02 3.346323335036538538e+02 1.138200060345661541e+03 5.590257270688025528e+02 1.096660527453544454e+01 1.320448920016287274e-04 1.353145374542654054e+03 1.224847934879626791e+03 4.183739785143159473e+00 1.499560551983956429e+03 9.853455916507602979e+02 0.000000000000000000e+00 7.943722719943559696e+02 6.539399405689503055e+02 4.795652542380341288e+02 4.012990786063821815e+02 5.061393464062822645e+00 7.418935219603606246e-02 0.000000000000000000e+00 9.180224560352718832e-01 6.283008873233140434e+01 1.632863353476522263e+02 1.580160176154194751e+01
8.649471992779307072e+01 8.572174613053992971e+02 2.342640053364037271e+02 3.514193489862125261e+02 8.600881102062293166e+02 7.786503749769115024e-02 1.542576052967164060e+02 1.501056510037064754e+03 4.612402246298140795e+01 5.699468871373983347e+02 0.000000000000000000e+00 1.152530868391270133e+03 6.653553880111932131e+02 1.089904396348839981e+02 4.363116184015779595e+02 1.417473564871651881e-03 9.464287385908009588e-04 2.275218773206994654e-04 1.058485999055322395e+02 1.374308353667501835e-02 5.110941467027875973e+01 1.122584203727165914e+03 1.857085269808844430e+02 5.599735603394488948e+01 2.757054005490923387e+01 3.145291947988978905e+02 2.519651047079554758e+02 7.558958932050116708e+00 0.000000000000000000e+00 1.754883915303367514e+00 4.251928634068153201e+02 3.251958681195283702e+02 1.251892116399543120e+01 0.000000000000000000e+00 1.948694662574524372e+01 4.001105830849293277e+00 8.637731008872531646e+00
1.407437747273485229e+02 5.235212608359190654e+02 2.275546463939472687e+03 1.433232537203994752e+03 2.852578696895639698e+00 1.418009351032541190e+03 1.431069836974964119e+03 0.000000000000000000e+00 5.624147695477130355e+02 1.310444874172426921e+01 1.650033664121777065e+03 8.681739799295181470e+00 1.551590555495756078e-02 2.349555110423500537e+02 2.425031124392104402e+02 9.219424030790285087e+02 1.251140216330108615e+03 7.092837622512272446e+02 0.000000000000000000e+00 5.480840159834822305e-03 3.824344446463362078e-04 1.430495413594669307e-04 8.730365508184499390e+01 1.990900966788055371e+02 3.915972405591318761e+02 1.821323483995521464e+00 1.350898563813123246e+03 1.478442452280073439e+03 0.000000000000000000e+00 8.546070283669903347e+02 3.855593179549004645e+01 5.714408158170156184e+02 6.753420828631162749e+02 5.505476204354267793e+02 3.014912390343883999e+02 5.151760224636456087e+02 5.637527123793684147e+00
