output/example/lateral_incision_000413.asc
nrows	75
cellsize	13.33333333
xllcorner	0
ncols	75
yllcorner	0
NODATA_value	-9999
[rows 34 to 50 of 75, columns 0 to 36 of 75]
0.000000000000000000e+00 1.277840029540869182e+03 1.028084935610255570e+03 9.125277180210392913e+00 1.661946583571696863e+02 8.578483662200808340e+02 4.660592075419514799e+02 3.229396247509164652e+01 5.611648251756597574e+02 4.162305990703654288e+02 5.819645324227958554e+02 6.131719718406228594e+02 1.651465516110386602e+02 6.286744381521231873e+01 6.503373213844262182e+02 3.508869378583104890e+02 2.437109166490112102e+02 5.844938807299847383e+01 1.713882912864912100e+02 4.539943146466410440e+02 4.432142133074921730e+02 1.216752607857258681e+03 1.219928889955150225e+03 4.391473290567369077e+02 3.087049654266056464e+01 1.242359382588212384e+03 2.077726326949479017e+02 0.000000000000000000e+00 1.216541989073201648e+03 6.175192226533471285e+02 7.517744679729701147e+02 5.197470095320626342e+02 6.282801278907107490e-01 7.870321421864919103e+02 5.177711030045207963e+02 1.576711638143709990e+02 9.572259944029225380e+02
0.000000000000000000e+00 5.470964269043802730e+00 1.728108089854875828e+01 2.635115108630114946e+02 2.113684793725720965e+02 1.952873234690744937e+02 3.150722740481049868e+02 2.516304414693550768e+02 2.525301809357593186e+01 6.811752890122093618e+01 5.566471414277056056e+02 8.066401075057768821e+02 4.889437952299502399e-01 5.499763428971641588e+02 1.213671165542723202e+03 4.116175517826804935e+02 4.575534978930461421e+02 2.287196803447636455e+02 8.744038607580954476e+02 1.264734015886763672e+02 1.001554264256319925e+03 0.000000000000000000e+00 1.055418236073413709e+03 6.416097264374105862e+02 9.186256582665293990e+00 1.432319251676792192e+03 2.642343598001293117e+02 9.748052287870194732e+02 2.339854682359415516e+00 1.622479059978456235e+03 5.680867672205384906e+02 0.000000000000000000e+00 1.315687058012569821e+02 4.407538963717313436e+02 1.797643081129094185e+02 4.430416773462238780e+02 4.778697014998120380e+02
0.000000000000000000e+00 3.596160891543798925e+02 3.893038856275878175e+02 1.936577276940295855e-01 1.545824661217786343e+03 7.582546676758992135e+02 1.248272887399815687e+02 3.258269113091250091e+01 8.463670380833190166e+02 1.185921725016735166e+02 4.915470498921867488e+02 9.705660437090610912e+02 0.000000000000000000e+00 2.084575637004743598e+01 1.004297905644218787e+02 0.000000000000000000e+00 1.076085694278575829e+03 0.000000000000000000e+00 5.174182063772534548e+02 4.092799589980886310e+01 8.375438310857020952e+02 1.118688373904763921e+03 7.653493596169990951e+02 8.852457323551968784e+02 1.820332403664396281e+01 1.069130140699510548e+03 1.329298190140984843e+03 2.988537941234345681e+02 1.963837817609308161e+02 1.534261563550373467e+03 4.332659169623209738e-02 1.062354801653147433e+03 8.829678475510867202e+02 1.618180404744049952e+02 3.257555020037739002e+00 2.169739222495291529e+02 1.216208272010693236e+03
0.000000000000000000e+00 2.382167730404391648e+02 1.363710867991823079e+03 5.800544756317293604e+02 0.000000000000000000e+00 7.131729824812274501e+02 4.783638334344360032e+02 5.481874961628343499e+02 1.737594597762179660e+01 3.051064182719813402e+02 1.053084890141312599e+03 8.817883915448068155e-01 7.718428448970794875e+01 3.033150029017760403e+02 6.010596598992133295e+02 8.254417041156280277e+00 1.266492070313146312e-01 8.884930129635149569e+02 5.247928028324292882e+02 1.144391078976932931e+03 8.113948283063335154e+00 1.489115528260908832e+03 8.815787681107364051e+02 1.280350803494276988e+03 3.411816253267935508e+02 2.021010515759296577e+00 1.657692287075663216e+03 1.435164625920663628e+00 1.102444419257727077e+03 8.811407342138278409e+01 1.159800633523991792e+03 2.957432492525119869e+02 3.660957968302961518e+01 0.000000000000000000e+00 2.779491692149851811e+00 5.185000803966261884e+01 7.696601905479101902e+01
0.000000000000000000e+00 0.000000000000000000e+00 0.000000000000000000e+00 4.697256960646195978e+01 8.444237021152366651e+02 1.921008092045662086e-01 7.274802526594850542e-03 8.929985694653419515e+00 1.297339693737108846e+01 1.518490268711164859e+01 6.088087551894371927e+02 0.000000000000000000e+00 0.000000000000000000e+00 4.534001346887611703e+02 7.886363660445705364e+02 1.614015079314483003e+01 4.019552038827935689e+02 4.822516281797621787e+02 0.000000000000000000e+00 7.199436968692247092e+02 1.220678048884969940e+03 2.065143750966277736e+01 4.680520746409148387e+02 1.034914647356039723e+03 1.282210971961988207e+03 0.000000000000000000e+00 0.000000000000000000e+00 8.517156354872730617e+02 0.000000000000000000e+00 4.810412127030566580e+02 8.643031219942155019e+01 4.499704467632801652e+02 3.751520613779824771e+02 3.010935576035489589e+02 1.011834154847546046e+02 1.070759491702420974e+03 7.926491866517445715e+02
0.000000000000000000e+00 5.225540560799588548e+02 1.333507313839579183e+03 2.083856546354707859e+02 5.040125193712314058e+02 4.224237047764760291e+02 8.954684056020294065e+02 1.075855373180144397e+03 2.677795436723971737e-06 1.019914539023517897e+01 6.578211543183153935e+02 2.236786430767017464e+02 1.656081870343679384e+03 9.854701987551374032e+02 1.195746803719783458e+01 3.412261251053679416e+02 2.445609304621866187e+01 9.187658060386762315e+01 5.931041656109096039e+02 1.732265139353207246e+02 4.037138362584573201e+02 3.785519864385104238e+00 1.376916779996896139e+03 1.158241728992840990e+03 8.806817634069750156e+00 8.556584660181978279e+02 3.450168332532733189e+02 5.325138013210950021e+02 4.031776146523604325e+02 4.391014586007726450e+01 1.531817021690532783e+03 4.140069225029823201e+02 3.658025518824356936e+02 2.006989326877324515e+02 6.453010341418605833e+01 1.628855480881979929e+02 5.320370043533505111e+01
0.000000000000000000e+00 0.000000000000000000e+00 3.443264322327322589e+02 4.610646316106789300e+01 2.369622891387230723e+01 1.857571343556358201e+01 2.005894158405383682e-03 2.225169094763193911e+01 3.282662072709977963e+01 2.783769600763218666e+00 1.565176461559779455e+03 7.882051886795002247e+02 3.464679928130171760e+01 1.191986104100164312e+03 0.000000000000000000e+00 2.069862630671842396e+01 1.516790664447958648e+02 5.673606669200981401e+01 6.931781227570012049e+01 1.494767651698249156e-02 2.103490533058495160e+01 3.921864097020393842e+02 0.000000000000000000e+00 6.270501817044416981e+01 7.038470453854156403e+02 2.742175881197638887e+02 9.537592356506472697e+02 5.841305265278740535e+02 1.829143795216478807e+01 8.353244428177637815e+01 1.442288716275679917e+03 3.392753963195895039e+02 7.656881859148820695e+02 2.738408630982688692e+02 3.327228880239389497e+01 2.107218021755154069e+01 4.249627346800265855e+02
0.000000000000000000e+00 7.809040413507583480e+02 0.000000000000000000e+00 9.536786460062838842e+02 2.896465191709352212e+02 2.426644634482944429e+00 5.636399430538980369e+02 9.551794127290520464e+00 1.249838495370881674e+03 6.077964944326672594e+02 3.438096104385741683e+02 1.604321343679435358e+03 3.735009216129050742e+02 1.165220981382282304e+02 1.409963449476390906e+03 2.481127619396453099e+02 2.655669870951260236e+02 6.628605241060382696e+02 9.373144887315849871e+01 1.387205820638946761e+03 1.033405044451610820e+03 1.210936816897965729e+00 8.053119509471895299e+02 2.091355199739043513e+01 4.086623785414413987e+02 1.282130772746517948e+02 1.944400802954328489e+00 4.163430114601334964e+01 4.748691228165610734e-02 5.704376843268956918e+02 9.380389181243782559e+02 2.362253992783842023e+02 8.413352039498375916e+02 7.109946965642429006e+01 7.052982391130608448e+02 9.431357572670400202e+01 1.219254727814000461e+01
0.000000000000000000e+00 2.980933888871444424e+02 5.752052196764982455e+02 1.817980145914101797e+02 9.251681264501714850e+02 4.637172011045286126e+02 1.387323497868821960e+03 1.270875398155993652e-01 9.682495716769139449e+01 6.667551808252018191e+02 0.000000000000000000e+00 0.000000000000000000e+00 1.393499951573717681e+03 9.403531235963891959e+02 7.593717465833448088e+00 1.072595371964482865e+03 2.640006803073627339e-01 1.469704390415757189e+03 2.891470469736462690e+01 1.059998097650133786e+03 4.178093192225473445e+02 9.089931706792933710e+02 1.367401093881254383e+03 1.044804719874188947e+02 1.053283028907702645e+00 1.200628733071901024e+03 6.925449041880544883e+02 5.333880345938515575e+02 1.496907317658839176e+01 4.554570497675868523e+02 8.325961328704236166e+02 1.515170978586914543e+03 2.737745136677075948e+02 2.455613098415750812e+02 2.636301220699408532e+02 1.291881154890633070e+03 8.170672069282694565e+02
0.000000000000000000e+00 6.428067741357326668e+02 1.191000409106991675e+00 2.287713392766727054e+02 2.355430832982761160e+02 7.374486256460349942e+00 1.123950724590070195e+03 1.217379093252372513e+03 2.535423706832515478e+01 4.733708160072307578e+02 2.592750291901110060e+01 1.614524103210319197e+02 1.117767375825252202e+03 1.732818557948590751e+03 1.871585756575641635e-01 7.067865445529523640e+02 1.174127269183449926e+03 1.221935215080076432e+03 6.350782645292101591e+01 5.289260537777744275e+02 1.960564419747553586e+02 9.092090915255871550e+02 3.911043389477212031e+02 0.000000000000000000e+00 0.000000000000000000e+00 1.411314033383860611e+01 7.690101799976890788e+02 3.364948690614535280e+02 2.225541088460974493e+01 4.226702986384304950e+02 5.708872917565015541e+02 7.868682987083833495e+02 6.877207487309109979e+01 1.979077487953600212e+01 4.867308991920890548e+01 7.078701350100132004e+02 2.241637254292855062e+02
0.000000000000000000e+00 5.695158864087832171e+02 5.039967844808584800e+02 4.263455838909434306e+02 2.986192304733805390e-03 1.353892737062626111e+03 1.107027405461275009e+02 1.706297204666205273e-03 1.362902382753884922e+03 8.751338539925151281e+02 3.522318154197513991e+02 1.281326915445802662e-03 8.488292883392050499e+02 9.262698337944954119e+02 1.721673969327017772e+01 8.187753302713011863e+02 5.882871394281871744e+02 1.138629370263868850e+03 1.774235531262407903e+02 2.440097430374779037e+02 2.742171667270588628e-02 0.000000000000000000e+00 4.964911056610831110e+02 4.587750338258337734e+01 3.361697185760199318e+02 5.126064968876904686e+02 1.239342459642562289e+03 4.574772364814403431e+02 4.397719823107485126e+01 4.871746669467337938e+02 2.770017934781722246e+01 1.324006513427626942e+03 2.808118976802583688e+02 8.622563736257635725e+00 1.565337813125914579e+02 8.036454230857200400e+02 6.136656526844517430e+02
0.000000000000000000e+00 4.030317501567989069e+00 0.000000000000000000e+00 0.000000000000000000e+00 0.000000000000000000e+00 0.000000000000000000e+00 0.000000000000000000e+00 0.000000000000000000e+00 0.000000000000000000e+00 0.000000000000000000e+00 0.000000000000000000e+00 0.000000000000000000e+00 0.000000000000000000e+00 0.000000000000000000e+00 0.000000000000000000e+00 0.000000000000000000e+00 0.000000000000000000e+00 1.437369821694651137e+03 3.495740249458549886e+00 3.011492439048499818e+02 2.675263433719839554e+02 1.111894178604038643e+03 1.099598700772002752e-01 9.510868524914608315e+02 5.738933404754773164e+02 2.499997373475867164e+02 2.642875649954645745e-01 8.209295873402982124e+02 4.345252803953686405e-01 3.778952772420211659e+02 6.623058724693457577e+00 7.702942887369291611e+02 1.252958721077104371e+02 8.925585098849476253e+02 1.238803552513022396e+03 4.817894344242026818e+02 2.454831875588169865e+01
0.000000000000000000e+00 1.486479627660441452e+02 0.000000000000000000e+00 0.000000000000000000e+00 0.000000000000000000e+00 0.000000000000000000e+00 0.000000000000000000e+00 0.000000000000000000e+00 0.000000000000000000e+00 0.000000000000000000e+00 0.000000000000000000e+00 0.000000000000000000e+00 0.000000000000000000e+00 0.000000000000000000e+00 0.000000000000000000e+00 0.000000000000000000e+00 0.000000000000000000e+00 1.259224493285967528e-01 0.000000000000000000e+00 6.029784868515385317e-03 3.062274414007766268e+02 5.847301814348184053e+02 6.006215254405963151e+02 0.000000000000000000e+00 9.504730400685804170e+01 1.026062409693121708e+03 5.273871057339763411e+02 5.288266332733567054e+01 0.000000000000000000e+00 8.100879400112763733e+02 2.837475190632845283e+02 1.208872816390999816e+02 6.224871304980497371e+02 1.696194015644805404e+02 1.652732343233496749e+03 6.121834217366931341e+01 1.729441171384265317e+03
0.000000000000000000e+00 3.806330171044436952e+02 3.435082594373050142e+02 1.774043363985561655e+03 3.566606279540011997e+02 3.995270736539041981e-03 2.427937729552779444e+02 9.647083274252704541e+02 1.206741072177674369e+03 9.507936819187785549e-01 3.772209263259800878e+02 1.286064705760791867e+03 9.178554860635244950e+02 3.879625978178124797e+02 7.308439870720166027e+02 5.312719536154364732e+02 0.000000000000000000e+00 5.170030805987386202e+02 1.477592583771391688e+01 1.176109575819114980e+03 4.390949722342895045e-01 3.160045389568031169e+02 0.000000000000000000e+00 1.319659645406850586e+03 4.949439112598247448e+02 1.095920715451038404e+03 3.979333759979637080e+02 7.773317992072248384e-01 1.140657566555461244e+02 3.369542808759252939e+00 3.606225945530134140e+02 1.941621148357012601e+02 1.362754279153291918e+03 2.585991413499077680e+02 0.000000000000000000e+00 1.275448613079541019e+03 7.523357324881625345e+02
0.000000000000000000e+00 1.334738037514054838e+02 0.000000000000000000e+00 2.197656229554806995e+00 0.000000000000000000e+00 1.340762179363601035e+03 6.252813030410727606e+02 3.612801121929880566e+01 3.755748991952390270e+01 1.144222374863522296e+00 1.210076476105818074e+03 1.061512894396679940e+03 1.102518270540954433e+02 1.409296737913056929e-01 4.087397146584120122e+01 6.358846047842683902e+01 6.987782616672126323e+02 2.459266054944493192e+02 3.069736798370001907e+00 1.532513667595601419e+03 4.357373710687765538e+02 3.391503325293211968e-01 0.000000000000000000e+00 1.324140332259125671e+03 0.000000000000000000e+00 1.086348538786559402e+03 3.443176110897207423e+02 5.750905122710149726e+02 9.048598314478581983e+01 1.764053395148645677e+03 9.183659013786528931e+02 4.360140911338037313e+02 5.131476835253183708e+02 1.717642796143334372e-01 1.655867624429228613e+02 7.933438436070823627e+02 3.503551962581373687e+02
0.000000000000000000e+00 1.102668784941121430e+03 4.656129339337792317e+02 6.773723139831744788e+00 1.247525315954649727e+01 0.000000000000000000e+00 3.515881955058405310e+02 2.716594512206545460e+02 1.054403913266488871e+03 9.896158905074289578e+02 5.415934626309423100e-02 7.900414046920930389e+01 0.000000000000000000e+00 5.514782255177441357e+02 1.135814156653691043e+03 3.124369118768181011e+02 9.059936299780138924e+00 8.588100997111971537e+02 4.370047104125400494e+01 0.000000000000000000e+00 1.683320801002856115e+03 5.642802058998729535e+02 9.905476626775040359e+02 8.009280654408541533e-01 9.435142524047796542e+02 7.554909660377221448e-01 0.000000000000000000e+00 0.000000000000000000e+00 0.000000000000000000e+00 0.000000000000000000e+00 0.000000000000000000e+00 0.000000000000000000e+00 0.000000000000000000e+00 0.000000000000000000e+00 7.060091799659273875e+02 5.599390877018829542e+02 3.090696961526521704e+02
0.000000000000000000e+00 1.872768717110303779e-02 3.184542972601336341e-01 2.769322525562497503e+02 0.000000000000000000e+00 7.694157262636268797e+02 5.148379103745996872e+02 5.284568037920872712e+02 2.811336411727229461e+02 0.000000000000000000e+00 8.122978050183404548e+02 1.501645351269285982e+02 0.000000000000000000e+00 1.507153026425817055e+00 3.206635405245619186e-01 1.715208844496118900e+03 1.009213002788716267e+02 4.597113444383512046e+02 8.717504310796925893e+02 6.295205998940939480e+02 1.811350031144689865e+02 8.951428536047101261e+02 0.000000000000000000e+00 1.420747025717842462e+03 9.529396351541774948e+02 3.697174466340449044e+02 1.050051771372099438e+03 9.332611567737926350e+01 0.000000000000000000e+00 1.187601092643817083e+03 0.000000000000000000e+00 1.083002649442179063e+03 1.320431696156231737e+03 0.000000000000000000e+00 1.558288562929403270e+03 3.315072432895410657e+02 1.107447456943324369e+03
