output/example/lateral_incision_000044.asc
nrows	75
cellsize	13.33333333
xllcorner	0
ncols	75
yllcorner	0
NODATA_value	-9999
[rows 17 to 33 of 75, columns 37 to 73 of 75]
1.696726782025651199e-12 0.000000000000000000e+00 1.688300165928847491e-12 3.463084542593077871e-12 0.000000000000000000e+00 3.457897155449997816e-12 1.701945083565587335e-12 4.593631120645186183e-11 1.696464184322626820e-12 0.000000000000000000e+00 1.676895709115630714e-12 0.000000000000000000e+00 0.000000000000000000e+00 0.000000000000000000e+00 0.000000000000000000e+00 0.000000000000000000e+00 0.000000000000000000e+00 0.000000000000000000e+00 2.876531398414316155e-11 5.756339563681557668e-13 8.845603302432192597e-12 0.000000000000000000e+00 4.243989699598772775e-12 0.000000000000000000e+00 0.000000000000000000e+00 7.793564048966575633e-12 0.000000000000000000e+00 5.502584642259093198e-12 1.604188823972274276e-11 4.081978958746132552e-12 0.000000000000000000e+00 0.000000000000000000e+00 8.687212906139623450e-12 6.553872860851847737e-12 0.000000000000000000e+00 1.652587189326950684e-12 3.374272941237532394e-12
3.460204528121300939e-12 5.809413793047573966e-13 0.000000000000000000e+00 4.328577516710379507e-12 3.433600936539923983e-12 1.694340888226178483e-12 0.000000000000000000e+00 5.794437656451377439e-13 1.690935945068719863e-18 0.000000000000000000e+00 0.000000000000000000e+00 0.000000000000000000e+00 0.000000000000000000e+00 0.000000000000000000e+00 5.661493181287678481e-13 0.000000000000000000e+00 5.702228474561507191e-13 3.414595574872658090e-12 3.436027570890350294e-12 4.507810082591973519e-12 6.198856915705196372e-12 3.426439071706412330e-12 0.000000000000000000e+00 0.000000000000000000e+00 1.124539084545735035e-11 0.000000000000000000e+00 8.861650066214505780e-12 6.249459058249141626e-12 1.668066732123294226e-12 0.000000000000000000e+00 1.650617163265070846e-12 3.379955772098809458e-12 0.000000000000000000e+00 3.386505958579709529e-12 1.845944109631147864e-12 5.653022528038092746e-13 5.648116124320365058e-13
0.000000000000000000e+00 6.263276210105712166e-12 1.699340092031970264e-12 2.144562291909823448e-11 1.679344965415254310e-12 0.000000000000000000e+00 2.353831969128577144e-11 3.457897155449997816e-12 5.772344095804919559e-13 0.000000000000000000e+00 0.000000000000000000e+00 0.000000000000000000e+00 0.000000000000000000e+00 0.000000000000000000e+00 3.395453057215693767e-12 5.682187099800415603e-13 0.000000000000000000e+00 3.033107668308713941e-12 3.428801853636108206e-12 0.000000000000000000e+00 3.385449431606465320e-12 0.000000000000000000e+00 0.000000000000000000e+00 3.415685197411427953e-12 1.688353820530455532e-12 5.789265452194204847e-13 1.678070777071485205e-12 0.000000000000000000e+00 1.655040382974796181e-12 8.720916414459148515e-12 0.000000000000000000e+00 5.664568142782282597e-13 0.000000000000000000e+00 0.000000000000000000e+00 0.000000000000000000e+00 1.646610129181953213e-12 0.000000000000000000e+00
0.000000000000000000e+00 0.000000000000000000e+00 3.382234539668665226e-12 1.658441695955455685e-12 0.000000000000000000e+00 1.702480670832842008e-12 3.509950307112967461e-12 0.000000000000000000e+00 0.000000000000000000e+00 0.000000000000000000e+00 0.000000000000000000e+00 0.000000000000000000e+00 0.000000000000000000e+00 0.000000000000000000e+00 0.000000000000000000e+00 0.000000000000000000e+00 1.676384245819727665e-12 0.000000000000000000e+00 1.683846192644895348e-12 0.000000000000000000e+00 1.618368284101515045e-12 7.581580482834750349e-11 3.271061939419959616e-12 1.671548533756773716e-12 0.000000000000000000e+00 5.739897161299223734e-13 0.000000000000000000e+00 5.663141983777569888e-13 0.000000000000000000e+00 0.000000000000000000e+00 1.024380752182751873e-12 3.379955772098809458e-12 0.000000000000000000e+00 0.000000000000000000e+00 0.000000000000000000e+00 0.000000000000000000e+00 0.000000000000000000e+00
1.593750850462180943e-12 0.000000000000000000e+00 1.642671683862217662e-12 0.000000000000000000e+00 9.114453649886915655e-12 6.436995873501535520e-11 0.000000000000000000e+00 0.000000000000000000e+00 0.000000000000000000e+00 3.403850082006966921e-12 0.000000000000000000e+00 0.000000000000000000e+00 0.000000000000000000e+00 0.000000000000000000e+00 1.665675061031234804e-12 0.000000000000000000e+00 0.000000000000000000e+00 1.683846192644895348e-12 3.382650043420043142e-12 2.498320686542394123e-10 5.733913498284758556e-13 0.000000000000000000e+00 0.000000000000000000e+00 1.657985860678670390e-12 6.110554621818290863e-12 3.415685197411407758e-12 0.000000000000000000e+00 0.000000000000000000e+00 0.000000000000000000e+00 0.000000000000000000e+00 0.000000000000000000e+00 0.000000000000000000e+00 0.000000000000000000e+00 0.000000000000000000e+00 1.651373505473707418e-12 1.647745912570046188e-12 0.000000000000000000e+00
0.000000000000000000e+00 3.343764623288243149e-12 0.000000000000000000e+00 3.303249623981700146e-12 6.054412843426843066e-12 1.521774310118814146e-12 5.807689164860542627e-13 0.000000000000000000e+00 3.418982550619326337e-12 1.672162266254662172e-12 0.000000000000000000e+00 1.459963326049186187e-12 0.000000000000000000e+00 5.710931110689378801e-13 0.000000000000000000e+00 1.677548934950987657e-12 0.000000000000000000e+00 1.518826652739252771e-11 1.648530498868520855e-12 0.000000000000000000e+00 7.360459189943030620e-11 4.695149998798658780e-11 1.672382767911065962e-12 3.341870295774237525e-12 3.379134370234207741e-18 3.434662879696171991e-12 0.000000000000000000e+00 0.000000000000000000e+00 0.000000000000000000e+00 0.000000000000000000e+00 0.000000000000000000e+00 0.000000000000000000e+00 0.000000000000000000e+00 1.080405096061712967e-11 0.000000000000000000e+00 5.669665773104931638e-13 0.000000000000000000e+00
1.609865695971587429e-12 1.073297921660934229e-10 1.003489795333890454e-09 1.647921398387393332e-12 0.000000000000000000e+00 0.000000000000000000e+00 0.000000000000000000e+00 0.000000000000000000e+00 1.677315036699882621e-12 0.000000000000000000e+00 8.806597385984749474e-12 0.000000000000000000e+00 0.000000000000000000e+00 0.000000000000000000e+00 5.741174479333339948e-13 0.000000000000000000e+00 1.678706923392286294e-12 1.643129247729494695e-12 0.000000000000000000e+00 1.667724299105788419e-12 4.305169239773679878e-11 0.000000000000000000e+00 0.000000000000000000e+00 2.467079907818207320e-19 0.000000000000000000e+00 1.685517963438741253e-12 1.356962460218469984e-11 0.000000000000000000e+00 0.000000000000000000e+00 0.000000000000000000e+00 1.650964400768318897e-12 0.000000000000000000e+00 1.665976251690786648e-12 0.000000000000000000e+00 1.849226894309576185e-12 5.658666959736882755e-13 0.000000000000000000e+00
0.000000000000000000e+00 1.648652998624581973e-12 6.027502895488688178e-12 0.000000000000000000e+00 1.642828467127933052e-12 0.000000000000000000e+00 3.385161750327873602e-12 1.668430711256387261e-12 0.000000000000000000e+00 3.030333230820774163e-12 0.000000000000000000e+00 5.723364256071294852e-13 0.000000000000000000e+00 0.000000000000000000e+00 3.423152420455081364e-12 3.030557942523907688e-12 5.634802814031095955e-13 3.392160060039169579e-12 4.265317639320270406e-12 3.374359024353403270e-12 0.000000000000000000e+00 0.000000000000000000e+00 0.000000000000000000e+00 0.000000000000000000e+00 1.678402284872044271e-12 1.672815305739896994e-12 8.940291767329479742e-12 1.374371872794429405e-11 3.459267833050042979e-12 1.371946414581209579e-11 1.814097264777826896e-18 3.441656509313311837e-12 0.000000000000000000e+00 5.759379637304874874e-12 1.659839478014328369e-12 1.652933676013030493e-12 0.000000000000000000e+00
1.928805937145447260e-19 0.000000000000000000e+00 1.648665134656240601e-12 5.705121746336828869e-13 0.000000000000000000e+00 1.367452230574891365e-16 4.164361083752130332e-12 0.000000000000000000e+00 5.352951044380190178e-12 3.409580159733116587e-12 0.000000000000000000e+00 1.671394355608034639e-12 0.000000000000000000e+00 2.997856204407566199e-12 8.292465120484790383e-18 1.272772165109453786e-16 1.286101711779706335e-10 3.356382547767651714e-12 0.000000000000000000e+00 0.000000000000000000e+00 0.000000000000000000e+00 0.000000000000000000e+00 0.000000000000000000e+00 0.000000000000000000e+00 0.000000000000000000e+00 1.045073012463093155e-12 1.669426694255915654e-12 4.289218963138438011e-12 3.014101890229264791e-12 0.000000000000000000e+00 1.039032886906832253e-12 2.068787028923971486e-11 3.270328399437185974e-11 6.610650827419594956e-12 0.000000000000000000e+00 0.000000000000000000e+00 0.000000000000000000e+00
0.000000000000000000e+00 1.567130345260046739e-16 0.000000000000000000e+00 3.371119931405760410e-12 5.639560409543650926e-13 1.662359611208149442e-12 5.625203403850560788e-16 6.774140154876645056e-12 6.086744538791823640e-12 0.000000000000000000e+00 0.000000000000000000e+00 3.405856798379553948e-12 5.743454533723229358e-13 6.387851854050339091e-12 3.357215779718674919e-12 0.000000000000000000e+00 1.848971956847175758e-11 7.861551729354619482e-10 5.425804170635335046e-18 3.379092836671336597e-12 0.000000000000000000e+00 5.728756626259449113e-13 0.000000000000000000e+00 0.000000000000000000e+00 5.706402771558942370e-13 1.661855175229199096e-12 1.657825925643360204e-12 5.710136936492310030e-13 2.488156221116198742e-11 1.603852012983945397e-11 1.655311692366752582e-12 2.616563437139177310e-11 4.852128467537047846e-12 1.472070919923257686e-12 1.659839478014328369e-12 1.652933676013030493e-12 0.000000000000000000e+00
1.666529685124760352e-12 1.434861693298393474e-10 0.000000000000000000e+00 0.000000000000000000e+00 0.000000000000000000e+00 3.928168188988473263e-16 8.473457817922971533e-12 2.917798262799595572e-19 0.000000000000000000e+00 0.000000000000000000e+00 0.000000000000000000e+00 1.939956044570319299e-11 3.637897938873035189e-19 0.000000000000000000e+00 9.378472001102227823e-17 1.033083899502782164e-12 0.000000000000000000e+00 1.646302872767209514e-12 0.000000000000000000e+00 2.076065277780087768e-17 3.031528474599501237e-12 0.000000000000000000e+00 0.000000000000000000e+00 0.000000000000000000e+00 0.000000000000000000e+00 0.000000000000000000e+00 1.661855175229199096e-12 0.000000000000000000e+00 0.000000000000000000e+00 0.000000000000000000e+00 0.000000000000000000e+00 3.426021075045172009e-12 0.000000000000000000e+00 5.448817692130764751e-12 7.616970261234926365e-12 3.386411709836577469e-12 0.000000000000000000e+00
3.370112389441837417e-12 0.000000000000000000e+00 0.000000000000000000e+00 0.000000000000000000e+00 0.000000000000000000e+00 3.398442506603442643e-12 1.170577014726275777e-11 6.288885829911042830e-19 0.000000000000000000e+00 0.000000000000000000e+00 3.371215899857368197e-12 1.642317089578694528e-12 0.000000000000000000e+00 1.853196160487043485e-12 1.668801919997803585e-12 0.000000000000000000e+00 1.672798672092650527e-12 3.379092832751683104e-12 7.358492190137066466e-12 1.063215401380915458e-10 3.386457295323034532e-12 1.678028150920841058e-12 0.000000000000000000e+00 0.000000000000000000e+00 0.000000000000000000e+00 0.000000000000000000e+00 0.000000000000000000e+00 0.000000000000000000e+00 0.000000000000000000e+00 0.000000000000000000e+00 0.000000000000000000e+00 0.000000000000000000e+00 1.027698445878397778e-12 0.000000000000000000e+00 5.676678329182723427e-13 0.000000000000000000e+00 5.659423234591318919e-13
5.731017133182214050e-13 0.000000000000000000e+00 0.000000000000000000e+00 3.458355685171460880e-12 4.343463823087618140e-12 0.000000000000000000e+00 4.255793532115480330e-12 2.935906914414912205e-11 5.598472154703153947e-20 0.000000000000000000e+00 1.642587672043594333e-12 0.000000000000000000e+00 5.739648934741900015e-13 1.084342534331999281e-11 1.671984689685684001e-12 0.000000000000000000e+00 0.000000000000000000e+00 0.000000000000000000e+00 2.259563155958028275e-10 6.578772412910989238e-12 5.762417052985898768e-13 3.689368939171833376e-18 1.684233407885208370e-12 0.000000000000000000e+00 0.000000000000000000e+00 0.000000000000000000e+00 0.000000000000000000e+00 0.000000000000000000e+00 0.000000000000000000e+00 0.000000000000000000e+00 0.000000000000000000e+00 0.000000000000000000e+00 5.662930976278858932e-13 1.648746567435201925e-12 1.653646034433407069e-12 1.646116872101910394e-12 0.000000000000000000e+00
0.000000000000000000e+00 0.000000000000000000e+00 0.000000000000000000e+00 0.000000000000000000e+00 0.000000000000000000e+00 5.806692461752466598e-13 5.634546017337907760e-13 5.638889295842663768e-13 9.386454610645859402e-12 2.961199831978581378e-12 3.359216417858609544e-12 1.753781764465280695e-10 3.370974285916090264e-12 5.723615327085153827e-13 0.000000000000000000e+00 0.000000000000000000e+00 0.000000000000000000e+00 0.000000000000000000e+00 0.000000000000000000e+00 5.804793310095253926e-13 5.739968407686552529e-13 0.000000000000000000e+00 8.771929710093123087e-11 1.683762939972290144e-12 0.000000000000000000e+00 0.000000000000000000e+00 0.000000000000000000e+00 0.000000000000000000e+00 0.000000000000000000e+00 0.000000000000000000e+00 5.762701713829541829e-13 0.000000000000000000e+00 0.000000000000000000e+00 0.000000000000000000e+00 0.000000000000000000e+00 0.000000000000000000e+00 0.000000000000000000e+00
1.663221621809454502e-12 0.000000000000000000e+00 0.000000000000000000e+00 0.000000000000000000e+00 0.000000000000000000e+00 3.460434007308307032e-12 1.638588139836532516e-12 0.000000000000000000e+00 1.891845541508614247e-10 5.639560409543650926e-13 3.359096061138532044e-12 0.000000000000000000e+00 0.000000000000000000e+00 0.000000000000000000e+00 0.000000000000000000e+00 0.000000000000000000e+00 0.000000000000000000e+00 0.000000000000000000e+00 0.000000000000000000e+00 0.000000000000000000e+00 4.304147323986767225e-12 8.764460303663517833e-11 3.419024660230685295e-12 3.977126612033650779e-12 2.853793980519057628e-18 0.000000000000000000e+00 2.063434954774894725e-19 1.693996926638185455e-12 4.274864241112002734e-11 3.027092482747387343e-12 0.000000000000000000e+00 0.000000000000000000e+00 0.000000000000000000e+00 0.000000000000000000e+00 0.000000000000000000e+00 0.000000000000000000e+00 0.000000000000000000e+00
0.000000000000000000e+00 0.000000000000000000e+00 0.000000000000000000e+00 0.000000000000000000e+00 0.000000000000000000e+00 1.651842033623225524e-12 0.000000000000000000e+00 1.638588139836532516e-12 5.429668722416700610e-10 0.000000000000000000e+00 1.521609037673124324e-11 0.000000000000000000e+00 0.000000000000000000e+00 0.000000000000000000e+00 1.670387095032399200e-12 1.659816038225611905e-12 0.000000000000000000e+00 0.000000000000000000e+00 0.000000000000000000e+00 0.000000000000000000e+00 0.000000000000000000e+00 1.685743982681553302e-12 5.779009356779858924e-13 2.284061400123643977e-12 0.000000000000000000e+00 2.264734599169724391e-18 4.552852098139626228e-18 0.000000000000000000e+00 5.803200270239700084e-13 0.000000000000000000e+00 1.098910858708398167e-11 1.393914863352122173e-11 3.441929744385686392e-12 4.299941676541067481e-12 3.425715366374734735e-12 1.719938802925556027e-12 0.000000000000000000e+00
5.724142442559586811e-13 0.000000000000000000e+00 0.000000000000000000e+00 0.000000000000000000e+00 0.000000000000000000e+00 0.000000000000000000e+00 2.976710413215996695e-12 0.000000000000000000e+00 1.659411865386711663e-12 0.000000000000000000e+00 1.862017409948868129e-10 3.371221842743621595e-12 0.000000000000000000e+00 1.188970071096815372e-11 0.000000000000000000e+00 0.000000000000000000e+00 1.660540484437174546e-12 0.000000000000000000e+00 0.000000000000000000e+00 0.000000000000000000e+00 0.000000000000000000e+00 1.681895415456032418e-12 0.000000000000000000e+00 1.044338756033880950e-12 7.408759600053149383e-12 8.889270093884718157e-12 0.000000000000000000e+00 1.693996926638186263e-12 5.803236583246458029e-13 3.390040550790020772e-12 0.000000000000000000e+00 0.000000000000000000e+00 0.000000000000000000e+00 1.042019566068933141e-12 0.000000000000000000e+00 1.703067662551687273e-12 0.000000000000000000e+00
