output/example/lateral_incision_000047.asc
nrows	75
cellsize	13.33333333
xllcorner	0
ncols	75
yllcorner	0
NODATA_value	-9999
[rows 0 to 16 of 75, columns 37 to 73 of 75]
7.502961367587193805e-04 0.000000000000000000e+00 4.020924072664800331e-04 0.000000000000000000e+00 0.000000000000000000e+00 0.000000000000000000e+00 0.000000000000000000e+00 5.525900172972106512e-03 0.000000000000000000e+00 0.000000000000000000e+00 0.000000000000000000e+00 0.000000000000000000e+00 0.000000000000000000e+00 9.255328140683416146e-05 0.000000000000000000e+00 0.000000000000000000e+00 3.406494484988912177e+02 7.773896239680702536e+01 1.638932671567318033e+00 0.000000000000000000e+00 0.000000000000000000e+00 8.373029254395878525e+02 2.170076602411976694e+02 3.876115161606607558e+02 5.022033694440563067e+02 9.270076761518872388e+01 1.639761441799737725e+02 4.971400586072146629e-06 0.000000000000000000e+00 5.267006942434419869e+01 1.048169385794283137e+01 4.724478034368194868e-05 0.000000000000000000e+00 1.171760928489934850e+00 0.000000000000000000e+00 0.000000000000000000e+00 0.000000000000000000e+00
1.756536206294911153e+02 4.235891705559774218e-04 1.091569533275524926e-05 5.378437562668199947e-05 4.674630305740142830e+02 0.000000000000000000e+00 1.172634514842312228e+03 4.868317706200204498e+02 0.000000000000000000e+00 4.743027464626772875e-05 3.898638805586060130e+00 0.000000000000000000e+00 4.591000277398487839e+01 1.896901962634336926e-03 6.147309689919144375e+02 4.041139779023879441e+02 1.052706464401811218e+03 4.293598971394060868e+02 0.000000000000000000e+00 1.701813849986718878e+02 2.022214396226690667e+02 4.823115635552365461e+02 0.000000000000000000e+00 2.359474694223332278e+02 1.615479656482528696e+02 2.271471971597551374e+02 6.558298235741652888e+02 9.705886978976743009e-06 3.174979991003321089e+01 3.595333971346759938e+01 2.769643502044647931e+00 6.046254235393168983e+02 8.911887402661833448e+02 6.947543909288482755e-01 3.299352647238887357e+02 4.675510160759554310e+02 0.000000000000000000e+00
5.008877861685762127e+02 7.264661193001603579e+02 2.868331285608616099e+02 8.328989752772494057e+02 7.065466194628753271e+01 3.093240550207118531e+02 1.635919434580135658e+03 3.335583092764195451e-05 5.554822201031845452e+02 2.467616041414593439e-05 3.204797810672495189e+02 0.000000000000000000e+00 1.391542538725703707e+03 6.842155840290212154e+02 1.520849851888066951e+03 1.959000830174105090e+02 2.284039706694068173e+01 1.250342910360260618e+01 9.497166995851705451e+02 6.328015885503096882e+01 3.760153962993066443e+02 7.373820528496767110e+02 1.126262067635143012e+03 4.147492775545980521e+02 9.207428355870428049e+02 5.435694858546555679e+02 1.630161486387536627e+02 1.440668901671336016e+03 6.182032675024535706e+01 2.521043512905923656e+00 9.332690579927536874e+02 6.850486563371603665e+01 1.194946236188410467e+03 1.887168600063701206e+03 6.174696636197962789e+02 3.062765845705899892e+02 4.916066101924074019e+02
5.726411691975650911e+02 9.781082893479734821e+02 8.585711542675992405e+02 3.195445732078599121e+02 5.146353650569675438e+02 0.000000000000000000e+00 9.451912653208299986e+00 1.017162871925414038e+03 5.206935723208224545e+02 4.133442381440878632e-07 1.167634656146088219e+03 1.451462951999036932e+03 6.142318702897217690e+02 1.004200553063338020e+03 3.448457261472115647e+02 2.444687581241479108e+02 5.315856579495557526e+02 8.087043623777283585e+01 1.765324128720152714e+02 0.000000000000000000e+00 1.807621932647848837e+02 5.285112685106478025e+00 3.265755793987812581e+02 1.341681711400023232e+03 2.673871179237413003e+02 1.130166037657525294e+03 3.498385133135425917e+02 1.473560845803874031e+01 0.000000000000000000e+00 5.519589059649540985e+01 2.052575681733448164e+03 1.173573876748649809e+03 0.000000000000000000e+00 1.332865620054037436e+03 0.000000000000000000e+00 1.830509032920988943e+02 7.453304826329464561e+01
8.052198292952898129e+00 3.255839702039237409e+02 5.353621289838738448e+02 1.375279787593048468e+03 1.739255091603492929e+02 1.578375795348202928e+03 1.711936783120878999e+03 1.922420756580097247e+02 5.153038964145832779e+01 0.000000000000000000e+00 1.148318136307292662e+03 4.676071202796541115e+01 1.480965530091399160e+03 4.594457568973766115e+02 2.818310698173101159e+01 7.304650449049071312e+02 1.016094457841676785e+03 2.795702361213753875e+02 1.794970034356579447e+02 6.653832967254612640e+01 1.101443149851186326e-01 7.041225703843118708e+02 4.272851490529227192e+01 1.153738927640489464e+03 8.999135135706839037e+02 3.484599037642070840e+01 4.372669123294024303e+02 1.210478433218065220e+03 9.788449671221290771e+01 1.291814742137457017e+02 1.304815171890208347e+01 8.597358616130544533e+02 9.739216349386986167e+02 1.825551121532346315e+02 3.282954039155870873e+02 8.637895177458050284e+02 2.144468033008935492e+01
2.869012940895129304e+01 1.392248366700001270e+03 4.912032431643877999e+02 1.251633688820389807e+03 0.000000000000000000e+00 1.767327600361463055e+03 5.573100259012779816e+02 0.000000000000000000e+00 1.435669678439591735e+03 1.740064685008922424e+03 3.934799548510442690e+01 0.000000000000000000e+00 3.141587745292834484e+02 1.141409302646914966e+03 1.149356412483837033e+02 3.550888955329536998e+02 9.510920711526019033e+01 1.824481786008237520e+02 2.531073370360281558e+02 6.313929220579269668e+02 2.625082183345753606e+02 1.777188626953217408e+03 5.201976304088625511e+02 1.584876917233693234e+02 1.306861621472284298e+02 6.506188411645866836e+02 7.033564649961468831e+02 7.166504518125628920e+02 0.000000000000000000e+00 9.484165710205651578e+00 1.388901402146616032e-03 1.770376700352053092e+02 6.211886685898709857e+02 0.000000000000000000e+00 7.094583461176945320e+02 3.540204085939098491e+02 4.306511369075060713e+00
1.711984162366106830e+02 1.006253515128740105e+03 4.836478417370021248e+02 1.858248637581562390e-01 6.966401773561369737e+01 2.252424721035110267e+00 1.306157020024942767e+03 8.617843343479750047e+02 0.000000000000000000e+00 1.857730736410289962e+00 1.270773668100049917e+03 0.000000000000000000e+00 1.404563841884188150e+03 1.026206652194597609e+03 8.338239565240206730e+02 0.000000000000000000e+00 7.444322008856516959e+02 7.506323177795765389e+01 1.122767665928527947e-01 1.147015337683860849e+02 0.000000000000000000e+00 4.896100559595640078e+01 1.440548320720495497e+02 7.102818830172356002e+02 0.000000000000000000e+00 5.999578792786753638e+02 9.726941671415776369e+00 1.958178329773124782e-01 3.055110593105530015e+00 3.619879875779796963e-05 5.267254110848539312e+02 8.004942609473219761e+01 1.512906580813284563e+03 2.087482104456032914e+02 4.188873102311677030e+02 3.287739772530300684e+02 0.000000000000000000e+00
1.288573906849097028e+01 8.498692789412061188e+01 5.287545972231842484e+01 2.817877052887189961e+02 6.490749837422544033e+02 8.955280680879242254e+02 1.054833454834280593e+00 6.127907057918684330e+01 4.130294612169372499e+02 1.399130230039820390e+03 1.323286551088082660e+03 2.861148981625456145e+02 3.980794683161729353e+01 1.436352658428322115e+01 7.107494552096108009e+02 9.024302876015584616e+02 1.653246104999728772e+01 7.108738418506242169e+02 5.139813613823813512e+02 4.487201156402487072e+02 3.318376324301942049e+01 8.168307299102137294e-05 6.764812365016845774e+01 2.015731701230690120e+01 2.823208302670787617e+01 3.601077627718128724e+02 7.712778874847674615e+02 0.000000000000000000e+00 1.213945515249506113e-04 0.000000000000000000e+00 6.151725746979099085e+02 4.692961318082518005e+02 5.222844578876587041e-02 8.097799230997185305e+02 5.083268658844464198e+02 2.606436297199842400e+01 0.000000000000000000e+00
9.008112076591273762e+02 1.201237718851255750e+03 0.000000000000000000e+00 2.902938890791689346e+02 0.000000000000000000e+00 1.049101596773130723e+03 6.488910133517224494e+02 6.371891002432432742e+02 1.498433179723496664e+02 1.696948349685887649e+02 9.755256051257420040e+02 7.214445036676016798e+02 2.983801965685133837e+02 2.313198456258387381e+00 6.258342902451101963e+02 9.636403211247152285e+02 4.593191313727514853e+02 1.139058619801800887e+03 1.135045408242494318e+02 9.669959482345885817e+02 3.938999905608771002e+00 1.361158367655138761e+02 8.803397587700685278e+01 1.448299162721766322e+02 1.215560517961146843e+03 4.928356324009877198e+01 4.824668029890548837e+02 5.122660125864478005e+02 2.612198951985685724e+01 2.436172883681510726e+01 4.791525323712773599e+01 5.606443721645403144e+01 1.104115040382434358e+02 4.056513127455091960e-01 3.178257462756411087e+02 7.940723364915306774e+02 0.000000000000000000e+00
5.350548393677636483e+01 9.048776348119091608e+02 1.048035051816667540e+01 1.542458707919555081e+03 1.864319834709521899e+02 9.831600441574512672e+01 7.169502796990150273e+01 1.024116380026565878e+02 5.365178914741474046e+02 1.941786763902202892e+02 1.103492653723087869e+03 9.066135119100005113e+02 3.079369493674773395e+01 1.617684757421607173e+02 3.898190107912088820e+02 1.301267338313711832e+02 1.062353962665695462e+03 4.486060838549367880e+00 8.163417801710569393e+02 3.143929155040308387e+02 2.285611389913304314e-01 3.617261679956872200e+01 5.053006711425221953e-01 1.361073296371068331e+00 2.938406170991409638e+01 1.338376002990328857e+02 2.574714919218080240e+02 1.619881438930218280e+02 1.033015227542173761e+03 0.000000000000000000e+00 7.795125257865895492e+02 1.218183952906850664e+03 0.000000000000000000e+00 0.000000000000000000e+00 8.301170975970946984e+02 4.243672290193800904e+02 0.000000000000000000e+00
1.368942519762009852e+03 0.000000000000000000e+00 5.259430998540509563e+02 1.258524346680647099e+01 0.000000000000000000e+00 6.926714961038524052e+02 4.073616349506568781e+02 4.327537292234582651e+02 6.287784103552712622e+02 7.668186413113794515e+02 7.391163711593415857e-06 1.226181383355632590e+02 1.158797853532578586e+02 1.952434443545434606e+00 1.638016525099914418e+02 2.487069411516967676e+01 1.123861446540470297e+03 0.000000000000000000e+00 4.861711354551617887e+02 6.341808802294360703e+02 0.000000000000000000e+00 1.671002975342724426e+02 5.187259764911806315e+02 4.544351544016272442e+02 3.318778725871002280e+02 3.118432308992916902e+00 4.968173271843597831e+02 1.843765530292525227e+03 1.393016277719272500e+00 0.000000000000000000e+00 6.097584827658200766e+02 2.250367060439428428e+02 0.000000000000000000e+00 3.685757513388570317e+01 1.286751756303627644e+03 1.428563125628338639e+02 4.122690258556100389e+02
4.004933843218118454e+02 1.921448058821691163e+01 9.722128770243413101e+02 1.496259243425125192e+02 5.986811585391386643e+02 9.403444923973458103e+00 7.769219750054297435e+00 0.000000000000000000e+00 9.993857042664134032e-04 3.706197550375188318e-05 3.332715282759296116e+01 0.000000000000000000e+00 2.579582941004981755e+00 1.698552335565448956e+01 0.000000000000000000e+00 2.972143197554694325e+02 2.278903616101758871e+02 9.570590150452697742e+01 7.551244728770483334e+02 7.477720159522542644e+02 7.121476357704237614e+01 2.517608979538272607e+01 1.622797856504320180e+01 1.071357702396980585e+03 3.183701552938198347e+02 1.390061220763022902e+03 2.962652195282117429e+00 9.479804774848636271e+02 0.000000000000000000e+00 1.649772928060578352e+03 1.207958382162627586e+01 0.000000000000000000e+00 9.743936773994694249e+02 8.685289380541554465e+02 3.165714795385805136e+00 1.070303117935768142e+02 2.296558150727456393e+02
1.187972507931525357e+01 7.660596273169983743e-05 1.101378061728048863e+00 8.861715597692133883e+01 3.704557628468117514e+01 1.266363553562434987e+02 2.111902108535236948e+02 2.219693709170043189e-02 6.421606793889085626e-06 0.000000000000000000e+00 1.407011278239136800e+02 1.870243755998038271e+00 7.105065575546534618e+00 2.470930227506799071e+01 9.806808047791607530e-01 8.658818122183244270e+01 7.162925564809846719e+02 6.619922213552679295e+02 1.970251191990325523e+01 4.931501535818485422e+02 1.931022800638105537e+02 1.136713725527411789e+01 1.083449177822839005e+01 6.968272034463891984e+00 8.608372088477223016e-02 5.575717720787026792e+02 8.665366449466674794e+02 5.089949274029491599e-01 1.673648851494769588e+03 1.085922564590242168e+00 1.180723700565146601e+03 1.237276350080891234e+02 6.314230491327856498e+02 1.109277610285585070e+03 1.141830736987265453e+02 1.237136794816124130e+01 1.351806304470303303e+03
1.679744324939028209e-04 0.000000000000000000e+00 6.602127518346834862e-05 2.236280488263703498e-04 9.236189230832451358e+00 1.179278493232235903e+01 1.379188613407547450e+02 2.470245058356139793e+02 3.973924666595236204e+02 8.359661857665983007e+02 2.433034692481597574e+02 0.000000000000000000e+00 2.860782732234973125e+01 2.502665076346167073e-03 9.503646565376303670e+02 7.289560203598614230e+00 2.942503907993131520e+02 1.664590966907745496e+03 1.807089515737247041e+02 3.267259281233345973e+02 6.841678746719612718e+02 1.495494946236313893e+01 4.182398226697603718e+02 9.973294946071852018e-02 2.180686969498754624e-02 8.653377535626058048e+00 1.037364680310970925e+03 8.008201949645180093e+02 4.578593074241658201e+01 1.718297386580872399e+03 8.546348957570655784e+02 8.659908799913533517e-02 1.075082742940601293e+03 0.000000000000000000e+00 1.062893073487855872e+03 1.596972337163163669e+00 4.920700802995924619e+02
2.583426828969222822e+00 2.565383039585252019e-05 0.000000000000000000e+00 6.078827789687890970e+01 3.677881378597344913e-03 4.693937098921450684e+02 5.678492283396387847e+02 1.958079250308501829e+00 5.058560367844328312e+02 1.089862238892967561e+01 4.134672276991888107e-02 3.039491836875722015e+02 1.143566058023765741e+01 1.424495978993603103e+03 8.765937500115931869e+00 1.208691874601497602e+03 3.355097674087967334e+02 1.338796605348444757e+02 6.124383959344295469e+00 1.494044874367053126e+03 1.791525208972109340e+02 2.105554732232926938e+02 9.284330611232716137e+02 9.276073076185276989e+00 4.383428905052055846e-01 4.315538973493546204e-02 5.424159249462122716e+02 1.408258346986089009e+03 0.000000000000000000e+00 1.247007254498169686e+03 1.090500910569668122e+03 2.003806549462918269e+02 4.460665581714575723e-01 3.818439722611043918e-01 1.622249806449449352e+03 7.018177522456498991e+02 0.000000000000000000e+00
7.638518093040913470e+01 2.261878471333951666e+02 1.086749797604426817e+02 2.805816749323740851e+02 2.916967497374869822e+02 1.265560966502642941e+03 1.455394310649528178e-01 6.948902422001167452e+02 1.013310718736173840e+03 6.558167256170113202e-01 5.932280525119615504e+02 1.350893322870818736e+02 1.197438290175629163e+02 1.610393102341868143e+03 9.468803117034035877e-01 6.046365068589575458e+02 0.000000000000000000e+00 7.327424217852117181e+02 4.594735511140532225e+01 2.232430951439551734e+02 3.969093643045342787e+02 2.336260553849854489e+02 1.262670768641632321e+03 1.362397265555819814e+01 1.310936957557526705e+00 2.830816605914428052e+01 1.288257569489204002e+01 7.295343350894654577e+02 1.140925446871523086e+00 5.099816907424829537e+01 1.189831697985146548e+03 3.840718324557365690e+02 4.342988605908556110e+02 2.690909315004849987e+02 5.539751008572744162e-01 1.304957741781690795e-03 0.000000000000000000e+00
7.746302409902787076e+02 1.304370948587873727e+03 4.345225066127536451e+01 2.831034003991987547e+01 6.530295026676521957e+02 1.404707874188039511e+02 1.198341434246770199e+00 3.287375511604362810e+00 1.046035892003348948e+02 2.891155398149093685e+02 1.075884894620267040e+00 9.970261188569322641e+00 2.366034129037818161e+02 5.085361971199096587e+01 1.009911486440588646e+03 4.293300788037641951e+02 4.643902739090165710e+01 2.272930758703774359e+02 1.257437818761602784e+03 3.155713283275008862e+01 1.228467535192509558e+03 1.001724834867066193e+03 9.711171816486872785e+02 7.238385607386411493e+02 5.612327843289349403e+02 2.974212274540107698e-02 1.547596932561005900e+01 1.512196675639308818e+00 5.273970854484419988e+02 6.054262798649700699e+02 5.340812865088166994e+00 1.310792308423486929e+03 2.259066966057739212e-02 3.529399931503405252e+00 6.379069574866498016e+01 7.239191341453617952e+02 0.000000000000000000e+00
