output/example/lateral_incision_000146.asc
nrows	75
cellsize	13.33333333
xllcorner	0
ncols	75
yllcorner	0
NODATA_value	-9999
[rows 17 to 33 of 75, columns 0 to 36 of 75]
0.000000000000000000e+00 8.138290646042538583e+02 1.723037003592876601e+02 3.853298293346760062e+01 1.881487510696597454e+01 0.000000000000000000e+00 3.866105221645935330e+02 3.044493590180042588e+02 2.415205915672950621e+00 4.375992406839834103e+01 5.218874397969833581e+02 5.937895663222678877e+02 3.225942730583807361e+02 5.017691940094137770e-01 1.269149032477433366e+03 1.236909309483108245e+03 0.000000000000000000e+00 4.262355815169586322e+02 5.380902762489710085e+02 3.134619863744309214e+02 1.585721338875394224e+02 2.632269563124568776e+02 5.848612417637651788e+02 3.256041717024655782e+02 9.563174033160257181e+01 3.602129218603923277e+01 5.775991806812061924e+01 6.922101493288498659e+02 3.140884619901667634e+02 6.778572998121899218e+02 1.650885058030124355e+03 0.000000000000000000e+00 0.000000000000000000e+00 1.109174979539321839e+03 1.077213183673340609e+03 9.176329420867286757e+00 2.723647987601508476e+02
0.000000000000000000e+00 0.000000000000000000e+00 0.000000000000000000e+00 0.000000000000000000e+00 9.176887270250158508e+02 1.066592710172467150e+03 1.626521751213422462e+01 1.310243368452163004e+01 8.725474236633398277e+02 4.111336295729071821e+01 1.332707655183451152e+03 2.445166063370370679e+01 0.000000000000000000e+00 1.141064430705102495e+03 4.359246732519188754e+02 7.843860035126820694e-05 0.000000000000000000e+00 1.686413595007489903e+03 1.496717394119589471e+03 4.965594919526860735e+02 9.500482814514216443e+02 8.684792676776389442e+01 9.376363418347352097e-01 2.876538327457111563e+02 1.166729410345739204e+01 3.510315643103076582e+02 7.380222650024051063e+02 0.000000000000000000e+00 0.000000000000000000e+00 0.000000000000000000e+00 4.040597820015452157e+01 6.690951250211840033e+02 1.565780605065767304e+03 0.000000000000000000e+00 0.000000000000000000e+00 2.115589625060603964e+02 4.063988256679105149e+01
0.000000000000000000e+00 9.247421556913247969e+02 9.256588193268604527e+02 5.157058826982901110e+02 5.843232319407356545e-01 4.420958364538286105e+02 3.429252051402662005e+02 7.119641803272624081e+00 9.156204260029339821e+02 0.000000000000000000e+00 1.182409012991755390e+03 9.773170259648831006e+02 3.102335762448686296e+02 4.515623556484079018e+02 2.855796832561621557e+01 1.422481671934354608e+03 1.662770613247532765e+03 3.738002927057958669e+00 8.469167383768566424e+02 2.558210226407995549e+02 5.977083888875667981e+02 9.185327830685758954e+02 2.011941914595889003e+01 9.828717760186389114e+02 9.660477049522239668e+02 2.800105820756413166e+01 1.141606154053820461e+02 4.789437558034828726e+02 7.748617496516129677e+02 8.821931786224860161e+02 4.078868573753376969e-01 3.861234765873168726e+02 1.032740066252823453e+03 0.000000000000000000e+00 4.860054582064487505e+01 7.456993437399711411e+02 7.132588150582861317e+02
0.000000000000000000e+00 2.717464584344490959e+02 1.973811642670307842e-01 1.082699491414697604e+03 3.973574111090588303e+02 1.097564914128844521e+03 5.521682957029871659e+02 1.014458691892321781e+03 3.316996409710205285e+02 1.066558096022430618e+03 7.006105265126357153e+02 3.676777137281077330e+02 4.196927577942157086e+02 2.098859617200316450e+02 7.997374991629042995e+01 4.016728995458446434e+02 1.031390021776633830e+03 3.291298019357161024e+02 3.357132693604765450e+01 0.000000000000000000e+00 9.787995801411719654e+00 1.013739213263423039e+03 8.804600327380839531e+01 1.339344145011646106e+02 4.180257195934676133e+02 4.021348757829815668e+02 1.108123190563818206e+01 5.574269091709487256e-01 1.959114154382707795e+02 0.000000000000000000e+00 3.639118615000216437e+02 4.360742927556152182e+01 4.808238684148104767e+02 1.278206539371059534e+03 3.103365339042299524e+02 1.693148596823087493e+00 1.523338109791222678e+03
0.000000000000000000e+00 0.000000000000000000e+00 1.134020489632016734e+03 3.815737929470413974e+02 1.715970129827537107e+02 2.302142822263978985e+02 6.127569961475552418e+02 3.213136439597583944e+02 6.635869673894542302e+02 6.860531445980311673e+02 3.000413751677450591e+02 9.237945824550303087e+01 2.145351565990527831e+02 1.156163713081055676e+03 2.669639729022639241e+00 1.102932922549890407e+02 8.932750421688588176e+02 0.000000000000000000e+00 8.212647356199560544e-01 1.426853197667401673e+03 7.431112754918468681e+02 9.946148388876284718e-01 1.432748726388787697e+00 2.524237126875004833e+02 8.796754584518160414e+01 5.399572060924819006e+00 8.880212160022999797e+02 1.459292184789872104e-01 1.769951971615055086e+01 4.191231452679680274e+02 4.765783494111876450e+01 2.169609677735803928e+02 2.257685513393377335e+02 1.532577282564822781e+03 5.638055369071834093e+02 2.131985378709343024e+02 4.984183252934649033e+01
0.000000000000000000e+00 4.114705741114160560e+02 1.087014566562738764e+03 7.465384239212696684e+02 5.202000380460402695e+00 6.783199973190924084e+02 8.315342027102466318e+02 1.994931702810270602e-01 8.118193317696138820e+02 9.918138206923836719e+01 8.934619286107857761e+01 9.454126618326181415e+02 1.075386018094557556e+02 1.197032731266929773e+02 6.399743560210793270e-01 5.993575263019567956e+02 7.898188759757462094e+02 2.088536052830821745e+02 4.308222609455255565e+02 6.419609500494215304e+00 8.122817057360864510e+02 7.092379610057325863e+02 8.317623975329634334e+01 7.069964931750673642e+00 1.683207318055578980e+03 8.018304760850098774e+02 5.656110877189638586e+02 0.000000000000000000e+00 4.573368568266347438e+02 6.393538227338170827e+02 0.000000000000000000e+00 2.343085062466693955e+02 2.040972625957976732e+02 0.000000000000000000e+00 6.456286657985082229e+02 6.625982466300549731e+02 3.249776178763043504e+02
0.000000000000000000e+00 6.607349844951586419e+02 1.140854552350489712e+03 1.213956259644313832e+03 1.506409973615537297e+02 4.638762748648627365e+00 3.983731766076099348e+02 1.408036409991983540e+01 8.126222540493083457e+00 2.675353614200815924e-05 8.154039362519407419e+00 1.060776730653623190e+03 9.309531074303066589e+02 1.901511701257486777e+02 2.891326107387093884e+02 1.175859676294553680e+01 6.633203994775350054e+01 8.927372221214101273e+02 1.768748055557132375e+03 1.733694062018137316e+01 6.457063804643986487e+02 6.398001638707811480e+02 5.694773050955559484e+02 8.181290043945060688e+02 9.770568197921683407e+00 4.698632540556300228e+02 5.621152576718389859e+00 8.151193598332820329e+02 4.830453254698229557e+02 1.427748655363032412e+03 0.000000000000000000e+00 1.181395021188993724e+02 1.503797643003605572e+03 2.977802410209124062e+01 1.783765000605098976e+03 1.538389904107799921e+01 2.117817277749983020e+02
0.000000000000000000e+00 1.406737932621586651e+03 8.358011318919675432e+02 7.880503193815447958e+02 7.977420399690215618e+02 0.000000000000000000e+00 6.086427971095374687e+02 6.565574081677721097e+01 9.175293624575760987e+01 0.000000000000000000e+00 0.000000000000000000e+00 4.585068165442059467e+02 8.846108289523105839e+01 1.019770567838824782e+01 1.784753761552515805e-01 1.307300000186821478e+02 6.328665829727684695e+02 1.955563333809048174e+02 8.288840398545497692e+02 1.671068265820985914e+02 4.804238940736514678e+02 5.427868164847564003e+02 1.203364192969641636e+03 1.316225689955806502e+03 1.065560350102311304e+03 8.985923376739953028e+02 6.659702250762704807e+02 1.132817201004250585e+01 6.543660200617681388e-01 8.513312125195265025e+02 8.289909276976251249e+02 6.797634192120883654e+02 3.661258921802883606e+02 8.884154025147925040e+02 1.291497496342698469e+03 7.020181780331600407e+01 9.918795348080045642e+02
0.000000000000000000e+00 0.000000000000000000e+00 4.975116578978985515e+00 5.789520782202479410e+01 8.495283615654615517e+01 0.000000000000000000e+00 3.545657505375877427e+00 2.675964716577696549e+02 6.181396528815139391e+02 1.997301271341599183e+00 1.203155786553604827e+02 1.855087270334860818e+02 0.000000000000000000e+00 1.397670489781146443e+02 0.000000000000000000e+00 8.816577220590282877e+02 3.638254336001381262e+01 4.025974196404891359e+02 1.337741821657746186e+02 1.255230006401316274e+02 4.686948417832881120e+01 7.003667220881178537e+02 9.016583304546583122e+02 1.974039136894685100e+02 8.505058897376817129e+01 1.591210324797915465e+00 0.000000000000000000e+00 5.292132925824089398e+02 8.893609464824525048e+02 1.772288719524572116e+02 2.169707776489622404e+02 1.195592930310018573e+03 2.557606887663600332e+02 5.847715470198750154e+02 4.365838809415036081e+01 3.838193614250686210e+02 1.902329581757509516e+02
0.000000000000000000e+00 1.378343089697566938e+03 0.000000000000000000e+00 1.458928023586956215e+03 0.000000000000000000e+00 1.492934077742628745e+02 1.003238942795133312e+03 1.031961232862311363e+03 4.520341476773609770e+02 8.179985368164542479e+02 2.183648099824610199e+03 9.561333134945495260e+01 8.816320477028192499e+02 4.826069508628409466e+01 1.777051790115387320e+01 1.120169915453729573e+03 7.598566883515442214e+02 5.752064552994426094e+02 9.942928083639945669e+01 1.618917502820101390e+03 8.664191658820766406e+02 1.094097938753946124e+02 0.000000000000000000e+00 6.479358126441783838e+01 2.769138145831965971e+02 3.390088401429169380e+02 6.377771641754764005e+02 2.530076719866805135e+01 1.226368571354073993e+03 1.935549826898414381e+02 1.430213109545557700e+03 1.543042702448446732e+02 1.173955754414015118e+00 9.193144147063644596e+02 2.919392862936705342e+02 1.732468488009664611e+02 5.645100404222612056e+00
0.000000000000000000e+00 1.668907700823007474e+02 1.577011609972098086e+03 3.360893481243772385e+02 8.078361793552667223e+02 9.459839056837317912e+02 9.447885457874158419e+02 5.707018128506281540e-01 7.194146002109035010e+01 0.000000000000000000e+00 1.692475136829377561e+03 3.350566047633914195e+02 8.370928456842617607e+02 7.108694049006343221e+02 1.779310564091157332e+01 4.271542888635751183e+02 4.731937529357311973e+02 7.661305600974667414e+02 2.565887276892845534e+02 1.216445570558368239e+01 3.989798934309557126e+02 4.188238877449871325e+02 3.884944158569657588e+02 4.807208855027942462e+01 3.451232017873293589e+00 5.242300129441620271e+01 3.278573770012919795e+02 9.410504291544887678e+01 6.654332457415654822e-01 4.163594454844765096e+02 8.578426580244693014e+02 1.086122019443195086e+03 1.606581016999522049e+01 1.057865371749943961e+03 1.261086605013410065e+02 4.765499009164953748e+01 6.442787364763191817e+02
0.000000000000000000e+00 4.897460431758730692e+00 1.059305276946291201e+02 3.669145652180411332e+01 7.643444239637925364e+01 2.259834512756043168e+01 1.568252272895070405e+02 5.081652318702721800e+02 1.300330391283537438e+03 2.992555601193669190e+02 7.167038740882100134e-01 1.663488320289510966e+03 3.428021356912468036e+02 3.652139497376682016e+02 6.448075537848226304e+02 8.925480162248213674e+02 4.038891816312602714e+02 6.240067662800437347e+02 4.596071111996518965e+01 4.936152155066359910e+02 7.168822289417652200e+02 2.823987763752003843e+02 2.697729993928163026e+02 1.514454259777376571e-09 3.065649625847506741e+02 8.137897173686765484e+01 2.314098112200665724e+01 6.985422406348226332e+02 2.472604451299618233e+02 7.317725371855224239e+02 1.734773496774898760e+01 6.395504905297594078e+00 0.000000000000000000e+00 1.251481943130162335e+03 9.410225400548667096e+01 1.508880678932969204e+03 1.237135542774929746e+02
0.000000000000000000e+00 9.321464585707348078e+02 3.631627531570683800e+02 8.099197395057877884e+02 1.266933507639379428e+02 7.385455407673084665e+02 1.188597206989893920e+02 1.009377826968004001e+03 5.389225150824615440e+01 3.350566047633914195e+02 3.094425926242052469e+02 2.716531724216078025e+00 9.094053001960929805e+02 4.030300558243046112e+02 1.857286670173143932e+02 4.633273477777526637e+02 7.754296954581372248e+00 7.350618328422294212e+01 3.722314754653535260e+02 7.755955082512856791e+01 2.672389289904118073e+02 2.690652297864270395e+02 6.673109323010788785e+02 1.626382971648624505e+02 2.365193129120728849e-02 4.198933696379946809e+02 5.129431397458347419e+02 1.952008924000597574e+02 1.212089464311834945e+03 0.000000000000000000e+00 9.347043683665098115e+02 2.354201395075220304e+00 5.547510299080331606e+02 5.999735109449733272e+02 1.696065280350649402e+02 1.119545930069319866e+03 1.798583976557610526e+02
0.000000000000000000e+00 1.020708419890618870e+03 4.020798353456015994e-01 1.468491165152183385e+03 0.000000000000000000e+00 9.594651146640078423e+02 3.990705550830994639e+02 7.848592888106500354e-01 1.316897597692039028e+02 0.000000000000000000e+00 5.776704703218075565e+02 0.000000000000000000e+00 3.564965181615407346e+02 5.246679409907375913e+01 1.027152707393746880e+02 2.837853152117959077e+00 0.000000000000000000e+00 1.428473634355099193e+03 1.274973819481720909e+02 6.720610612169147657e+01 6.066082958045372342e-01 6.713747297745444484e+02 7.724849880471130064e+02 2.256865746009411566e+01 3.123506373882037792e+02 7.169368727960966226e+02 2.927603753087688887e-02 2.728329164675263314e+02 6.397030750950148104e+02 2.431773067375949893e+02 3.205165674115298202e+02 3.560519642759791409e-02 2.294688242037924795e+02 8.414248216353525933e+00 3.674712629401603294e+02 0.000000000000000000e+00 2.128494176053792728e+02
0.000000000000000000e+00 1.063354824496789206e+03 6.967744576092395619e+02 0.000000000000000000e+00 7.564556947555063289e+02 8.880737862429762680e-03 5.287682988352586335e+02 6.214575119782375623e+01 2.194202532336759646e+02 4.872467261156489537e-01 9.334935516096021502e+02 4.828023764492479775e-02 5.651176199179973310e+02 0.000000000000000000e+00 2.450181696381939389e+00 6.729484812821326725e-04 1.236343672914472691e+01 6.532589116212252520e+02 7.736267907209942223e+02 4.545134263962892218e-01 3.299578261986710004e+02 8.784825517212506156e+02 4.119142105779487650e+01 8.308721071012821540e+02 3.828008152270519986e+02 1.128763818896499060e+02 5.336155986512391536e+00 4.887798532858570866e+02 1.564170304119962111e+03 1.432223565433580461e+02 6.076007812088280389e+02 1.874538908676281679e+01 2.989120427056943363e+00 9.350150437359029638e+02 5.402390484979141547e+02 1.142154282218121352e+03 7.572498077658977866e-01
0.000000000000000000e+00 2.629418556566199072e+01 1.080949793804252129e-01 6.016202822665663064e+01 2.166131475070123713e+01 7.184490167885307983e+02 4.566183237590717567e+02 7.886167048184903328e-01 2.256563948946603304e+01 2.591464641281249328e+02 3.534414700162338274e+00 1.003166266560684335e+03 1.237578000154886240e+03 4.089870813311471665e+01 3.389238141828608608e+00 0.000000000000000000e+00 5.792326044031061656e+02 1.346713429106521573e+02 1.625191754701327227e+03 3.229913080581869735e+02 1.166346442177839890e+03 1.367952105169590368e+03 7.381667233609271683e+00 0.000000000000000000e+00 0.000000000000000000e+00 4.566562939799874812e+02 9.523070194713935734e+02 4.832127208799196771e-01 1.055919540060565623e+03 0.000000000000000000e+00 2.610249936456036153e+02 3.994190684906823208e+02 0.000000000000000000e+00 3.053765914833767026e-01 1.050671412167363741e+02 1.901589861726588637e+01 1.178921701557569122e+03
0.000000000000000000e+00 2.674073345732186908e+02 3.228714306111057226e+02 3.483931378589717465e-01 3.908464570566565488e-01 4.809428014762993797e+01 8.122490487618660993e+00 9.912558997168503083e+02 1.550238425864623196e+03 1.644344117479012652e+02 1.461039342691739193e+03 4.566001231689898532e+02 9.497517935120588390e+02 1.183647151774731128e+03 8.559738429926676417e+02 4.494250432471919687e+00 3.237057459423185151e+02 4.915528868228576584e+02 3.236217371401291132e+01 2.149846652243630274e+02 9.683807136722938367e+02 2.778865357442791719e+02 1.527441967414497867e+03 8.192745137875410819e+02 5.312340488978160238e+02 5.893850551047312365e+02 1.186400231959205342e+02 1.719648295570404528e+01 3.727580485621682556e+02 2.097698277776436271e+02 5.741672957542859024e+01 6.624527694822637613e+02 5.891088346836272649e+02 5.895466965106051020e+02 9.455695606399614235e+02 4.961213381425300639e+01 4.044636350892080259e+02
