output/example/lateral_incision_000029.asc
nrows	75
cellsize	13.33333333
xllcorner	0
ncols	75
yllcorner	0
NODATA_value	-9999
[rows 0 to 16 of 75, columns 37 to 73 of 75]
7.502961367587193805e-04 0.000000000000000000e+00 4.020924072664800331e-04 0.000000000000000000e+00 0.000000000000000000e+00 0.000000000000000000e+00 0.000000000000000000e+00 5.525900172972106512e-03 0.000000000000000000e+00 0.000000000000000000e+00 0.000000000000000000e+00 0.000000000000000000e+00 0.000000000000000000e+00 9.255328140683416146e-05 0.000000000000000000e+00 0.000000000000000000e+00 3.406494484988912177e+02 7.773896239680702536e+01 1.638932671567318033e+00 0.000000000000000000e+00 0.000000000000000000e+00 8.373029254395878525e+02 2.170076602411976694e+02 3.876115161606607558e+02 5.022033694440563067e+02 9.270076761518872388e+01 1.639761441799737725e+02 4.971400586072146629e-06 0.000000000000000000e+00 5.267006942434419869e+01 1.048169385794283137e+01 4.724478034368194868e-05 0.000000000000000000e+00 1.171760928489934850e+00 0.000000000000000000e+00 0.000000000000000000e+00 0.000000000000000000e+00
1.756536206294911153e+02 4.235891705559774218e-04 1.091569533275524926e-05 5.378437562668199947e-05 2.161900676831659780e+02 0.000000000000000000e+00 5.070436141634743876e+02 2.946659052298621191e+02 0.000000000000000000e+00 4.743027464626772875e-05 0.000000000000000000e+00 0.000000000000000000e+00 4.201136396839882536e+01 1.896901962634336926e-03 6.147309689919144375e+02 4.002368417084423982e+02 1.050070822509883783e+03 4.293598971394060868e+02 0.000000000000000000e+00 1.522459283888340767e-07 4.587700283969998957e-09 4.818265877175447827e+02 0.000000000000000000e+00 2.359474694223332278e+02 1.615479656482528696e+02 4.898886389282051823e+01 4.776044051012855789e+02 9.705886978976743009e-06 3.174979991003321089e+01 3.595333971346759938e+01 2.769643502044647931e+00 3.542953999200843782e+02 7.669365339493091938e+01 6.947543909288482755e-01 3.109534806896468240e+02 2.872680885929761985e+02 0.000000000000000000e+00
1.236627013021968082e+02 7.061103190684647188e+02 2.790627653524376228e+02 3.896062793153097914e+02 0.000000000000000000e+00 7.167397094927678154e+02 6.090778583746368895e+02 3.335583092764195451e-05 3.274609654859799548e+02 2.467616041414593439e-05 1.976129763445942160e+02 9.248083601300790235e+01 7.469526156154327055e+02 2.663536415265399526e+01 9.180958388973134561e+02 1.088557851789179551e+02 2.678566941925301759e+00 3.465013242167595209e+00 7.905403139294991206e+02 1.085103042244550586e+01 8.850710849496629180e+02 7.206657018276156634e+01 1.077815648954186145e+03 4.147492775545980521e+02 7.282724967107399152e+02 1.567703356266244725e+02 2.054834013366911734e+02 1.239576121311318957e+03 6.182032675024535706e+01 2.521043512905923656e+00 6.163928288151980723e+02 6.850486563371603665e+01 7.067725239232474905e+02 1.166040514830312759e+03 5.574131755411763152e+02 1.903401900001470040e+02 2.998302978866353783e+02
2.359478570916720486e+01 8.318841597584352030e+02 8.585711542675992405e+02 6.363929029942243965e+00 3.530126745148503553e-01 1.056271352518080676e+03 0.000000000000000000e+00 6.012206241597513099e+02 2.823589378585555210e+02 4.133442381440878632e-07 4.689174522296561918e+02 5.697863482881689379e+02 3.606189461706756560e+01 1.497318128819508445e+02 1.571233937340941793e+02 3.966738864184912394e+00 5.093813583474756115e+02 8.087043623777283585e+01 9.547653080169486373e+01 8.689843694279844044e+01 6.016489135807729554e+02 2.262531330246468997e+02 7.507982240771149236e+02 5.257838291653516762e+02 2.482779316285115101e+02 1.512505523960212713e+03 6.904292539931005024e+01 5.211849686289302781e+02 0.000000000000000000e+00 5.519589059649540985e+01 1.238080594862198268e+03 6.909699579753374792e+02 0.000000000000000000e+00 5.618616159565926864e+02 3.876186973205507424e+00 1.424831475973235001e+03 5.007114121773411419e+00
1.886636178807318265e+00 3.839473472599716501e+02 1.518266575299895067e+03 5.720319823389377234e+02 1.836273661097638126e+02 1.406915333675284501e+02 7.603437321831386271e+02 1.922420756580097247e+02 4.802209855758071910e+01 7.302060317513272558e-01 4.261324104119765366e+02 7.264099410161612980e+00 1.332087411022418451e+02 9.248083234414026776e+01 1.118138726646761597e+03 7.302531002225663315e+02 1.016094457841676785e+03 2.795702361213753875e+02 1.794970034356579447e+02 0.000000000000000000e+00 4.109013089225333033e+02 2.924014328833344507e+02 1.671162672734587204e+03 6.452531235432438734e+02 5.813884120125514983e+02 1.500858218876056526e+03 1.362863284530658632e+02 9.820503934647563256e+02 9.788449671221290771e+01 1.291814742137457017e+02 1.304815171890208347e+01 1.092740776455239171e+01 1.311157641732538423e+03 5.061095056092200650e+01 1.350065428480644186e+03 8.096120989580886373e+01 2.144468033008935492e+01
1.016049582959553163e+03 3.859861448016164900e+02 1.019284188690288374e+03 1.410308279209535840e+03 1.186489311594693419e+02 1.042715653685905636e+03 1.260531722105112440e+00 0.000000000000000000e+00 3.970541646715151956e+02 0.000000000000000000e+00 1.517220901454231239e+02 3.678822081961308754e+02 8.102787871417864380e+02 6.040397131700310638e+02 1.131954245140405533e+02 3.550888955329536998e+02 9.510920711526019033e+01 1.824481786008237520e+02 2.472406187675624096e+02 8.559310303076385651e+01 2.551885480314268762e+01 3.806122459733388723e+02 8.370904334770611399e+01 1.069787398608359865e+02 0.000000000000000000e+00 3.484455416663264486e+02 2.815151451009803463e+00 3.501544635998069452e+02 0.000000000000000000e+00 9.484165710205651578e+00 1.388901402146616032e-03 1.293460728629244613e+03 5.065421203794687699e+01 1.773081673291239895e+03 8.228986115375251984e+02 3.007482479167168208e+02 4.306511369075060713e+00
2.222339051981584248e+02 2.461762502840409983e+00 3.686015944583041914e+01 5.495575964127166202e-01 5.861444193408728154e+01 5.920798749300139008e+01 2.591392700085199863e+02 5.317580378451776824e+02 6.762009126559818242e+02 1.626648120134744033e+02 2.331655694698321781e+02 1.505857130562199472e+03 8.387051681040622952e+02 9.078607278910557170e+02 8.203590637844591811e+02 0.000000000000000000e+00 7.444322008856516959e+02 7.506323177795765389e+01 1.122767665928527947e-01 1.147015337683860849e+02 0.000000000000000000e+00 4.896100559595640078e+01 9.313853679950885578e+01 1.573253709504212566e+03 0.000000000000000000e+00 2.450059724402215409e+02 1.334098486519502842e+02 1.357114454372082037e+03 3.055110593105530015e+00 3.619879875779796963e-05 3.490379949427257884e+02 4.610818132103639186e+02 4.860520989548034265e+01 1.621223306621641541e+03 3.222381171451639830e+02 1.885077812020097637e-08 0.000000000000000000e+00
2.548485245921336784e+01 1.299365894432264895e+03 2.093117457376594359e+02 5.232701014151108438e+02 1.306444048777979106e+03 7.753499943856176060e+02 0.000000000000000000e+00 6.500372720639313595e-01 4.370228089722899512e+01 4.427864990391111633e+02 2.235512196996061505e+02 6.639878747798921843e-02 2.339994638658287229e+01 3.076836984031588451e-01 7.107494552096108009e+02 9.016686658507562697e+02 1.537986719903173949e+01 7.101997305642498759e+02 4.419437162999925590e+02 4.480601567575207014e+02 3.318376324301942049e+01 8.168307299102137294e-05 6.217274299497653089e+01 8.898787359739136760e-02 1.219899982423643507e+02 9.512229768823495988e+02 2.745659762236659418e+00 6.610461424797811105e+02 1.213945515249506113e-04 0.000000000000000000e+00 5.957576588520998939e+02 5.296398962588702943e+02 0.000000000000000000e+00 1.097057799333994126e+03 2.050094390410686884e+01 2.155773781840280989e+01 0.000000000000000000e+00
1.106793144619541863e+03 2.310908185159840116e+02 5.562906579690633180e+02 1.149002092132725920e+03 2.368419845541612574e+02 3.114808697575452925e+02 3.629157802586312300e+02 1.301571838283362240e+03 1.812316556469338877e+02 1.361762586073961302e+03 4.978898189262692995e+02 4.973989862115151368e+02 2.837072632795508298e+02 2.313198456258387381e+00 6.258342902451101963e+02 9.425630571574295118e+02 4.561203649582188291e+02 6.320264630000452826e+02 7.027807956618366347e+01 5.294382770283333457e+02 3.938999905608771002e+00 1.361158367655138761e+02 8.803397587700685278e+01 1.244598429411365714e+02 2.233751695226397160e+01 1.230379200778248787e+03 2.362215708637507561e+01 1.541944440672417045e+02 2.603756239659043814e+01 2.436172883681510726e+01 4.709811863321296244e+01 8.821627209495206898e+02 9.389912081121982723e-01 2.758353946433787769e+02 4.975614586874526734e-05 3.424908935548836553e+02 0.000000000000000000e+00
9.904619294269059537e+02 7.608028626210801804e+02 6.112627380530680554e+00 9.094276145868192316e+02 1.379953621402956060e+03 9.831600441574512672e+01 7.169502796990150273e+01 1.235104815733441974e+01 2.223351412158371332e+01 6.700344511798083325e+00 5.653160679866970213e+02 3.566530521861081979e+02 3.079369493674773395e+01 1.617684757421607173e+02 3.898190107912088820e+02 6.242423933521615709e+01 5.925386113172027081e+02 1.228190016586714592e+03 1.102206229706873231e+01 9.106654075261290018e+02 2.285611389913304314e-01 3.617261679956872200e+01 5.053006711425221953e-01 1.361073296371068331e+00 2.264996752526524233e+02 6.005009823495271348e+02 1.090860803822319838e+02 1.002421835189013905e+03 1.033015227542173761e+03 5.787398784991820548e+02 2.503366246179049313e+02 1.724072942535608499e+00 9.924429295541639249e+02 1.684229490583503548e+02 2.967523213501698933e+02 2.246884145864285358e+02 0.000000000000000000e+00
6.472047446677059952e+02 5.320900808325517346e+02 9.913227708663681526e+00 7.814885374721338849e+02 7.174181090448487339e+02 3.804799098435904625e+02 1.496249609414722386e+02 4.327537292234582651e+02 2.853238368889230969e+02 4.177628417778254288e+02 7.391163711593415857e-06 1.505314183901927727e+01 1.158797853532578586e+02 1.952434443545434606e+00 1.638016525099914418e+02 1.065595410152057987e+01 3.593687090455844100e+02 2.251996439351454455e+02 1.157057162899783862e+03 6.221958461642977909e+02 0.000000000000000000e+00 1.671002975342724426e+02 5.187259764911806315e+02 1.126461094144427619e+02 1.215634703905014931e+02 1.467847099128090917e+02 3.376840061152881489e+00 3.175169058852433750e+02 9.398736561842313222e+02 1.563141643087827561e+03 4.296422276949512842e+00 1.773245094446764824e+03 6.838289514758756695e+02 9.677952261304870945e+02 4.072017384598596550e+02 1.137627841199726486e+00 2.920235059687340140e+02
1.618133379621139511e+03 2.837292940749046033e-01 5.287872424934134870e+02 4.812239918844873898e+01 2.151514451389587066e+02 2.726895908834052246e-06 7.986897369608779440e-02 0.000000000000000000e+00 9.993857042664134032e-04 3.706197550375188318e-05 1.825095426228718409e+01 0.000000000000000000e+00 2.579582941004981755e+00 1.698552335565448956e+01 0.000000000000000000e+00 5.517854961375230971e+01 8.141812940984858642e+02 1.217987934926543087e-01 5.528549143310050340e+02 5.697460144448347137e+02 7.121476357704237614e+01 2.517608979538272607e+01 1.622797856504320180e+01 1.071357702396980585e+03 1.172859108380278485e+03 6.065490996232439329e+02 1.782976859751707707e+03 3.984617463734638904e-02 8.060847251964497673e+02 0.000000000000000000e+00 1.138714742552182088e+03 0.000000000000000000e+00 3.991995941387095126e+00 4.542314966824688438e-02 0.000000000000000000e+00 1.031551889322776105e+03 3.298630292827137822e+01
3.363170425178205747e-01 7.660596273169983743e-05 1.101378061728048863e+00 3.248837013512560645e+01 1.070191432150304323e+00 4.983776017939754943e-05 5.852744324975675538e-02 2.219693709170043189e-02 6.421606793889085626e-06 0.000000000000000000e+00 1.407011278239136800e+02 1.870243755998038271e+00 1.224640711044539204e-04 1.421518716570398189e+00 9.806808047791607530e-01 8.658818122183244270e+01 1.090757288036689410e+01 1.097445090833803079e+03 1.613188701868637338e+02 1.024952825201869757e+02 1.053962912713813260e+01 9.368478720554602290e+00 1.083449177822839005e+01 6.968272034463891984e+00 8.608372088477223016e-02 2.056825176058802059e-03 8.665714616691521996e+02 1.767762046797383391e+03 2.671704638603263349e-01 3.111065772516523680e+02 5.831539308922739338e+02 4.887024511528982629e+01 5.711171675663123324e+02 1.381032624293867457e+03 0.000000000000000000e+00 6.505200362485163623e+02 6.048352993673635183e+02
1.679744324939028209e-04 0.000000000000000000e+00 6.602127518346834862e-05 2.236280488263703498e-04 9.236189230832451358e+00 1.179278493232235903e+01 1.056048634157138011e+01 1.719619730869402829e+01 1.208007973591249566e+02 8.345374135138472411e+02 2.433034692481597574e+02 0.000000000000000000e+00 9.953398056968714158e+00 2.502665076346167073e-03 4.896821842771258844e+02 7.289560203598614230e+00 2.793965356492551564e+02 7.265802003016681283e+02 4.965865056204216188e+01 8.873062844561661677e+02 4.146222215699128810e+02 1.495494946236313893e+01 4.182398226697603718e+02 9.973294946071852018e-02 2.180686969498754624e-02 5.478673237393778539e-01 1.071530963862863217e+01 7.552482903532492173e+02 0.000000000000000000e+00 0.000000000000000000e+00 2.737606366828055471e+01 8.659908799913533517e-02 1.075082742940601293e+03 5.504135650242781139e+02 6.240886297767824544e+02 0.000000000000000000e+00 2.819998845604303028e+02
2.583426828969222822e+00 2.565383039585252019e-05 0.000000000000000000e+00 6.078827789687890970e+01 3.677881378597344913e-03 4.693937098921450684e+02 8.790291528629509799e+01 1.958079250308501829e+00 4.318895246003096418e+02 1.143000432566508607e+03 1.939900630496601967e-04 3.039491836875722015e+02 4.574057943410980265e+00 1.190025314912915775e+02 8.765937500115931869e+00 2.891276169607608608e+02 3.355097674087967334e+02 1.689964159301749191e+02 1.239947150287091233e+02 6.264460791631346410e+02 5.843370362917875127e+02 1.188173316157584054e+02 9.172004222923575298e+02 9.276073076185276989e+00 4.383428905052055846e-01 9.958424603387780962e+02 1.486145018350355940e+03 1.930290538326173699e-01 3.440889210384813168e+02 5.203594506484699167e+01 9.244486469271918168e+02 1.094539482083725488e+03 0.000000000000000000e+00 3.818439722611043918e-01 1.086257041755190130e+03 4.143304233790192939e+02 0.000000000000000000e+00
3.181349636010750004e+01 2.261878471333951666e+02 5.298107107595234052e-05 2.805816749323740851e+02 2.916967497374869822e+02 7.148997339746985062e+02 0.000000000000000000e+00 7.304943003800887880e+01 9.368318288921007309e+01 1.098049635936235446e-01 5.932280525119615504e+02 4.701157757510866020e+01 1.682098990530992211e+01 1.782265527703713701e+02 2.409074260448992311e-01 8.651459061238040249e+01 0.000000000000000000e+00 6.453911566675783433e+02 1.441333416146019886e+01 1.400735002757650136e+03 2.264350332835903373e+03 9.157425969815142253e+01 1.169212887876911509e+03 4.322454115166634914e+00 1.076305507867847155e+03 6.713407527044586232e+02 3.979686084837029458e+00 4.888424173085841744e+02 1.117994803685360012e+03 7.202035295003156534e+02 8.870343331039633128e+00 3.375760079988588700e+02 1.401819096540900318e+03 1.315491592691556946e+02 0.000000000000000000e+00 1.304957741781690795e-03 0.000000000000000000e+00
5.278166292829083517e+01 2.003979944873908039e+02 1.355235823490962503e+03 7.963037268023138715e+00 2.125315284072970101e+01 5.051185281393793503e+01 3.622086086430318801e+02 4.645228916998800628e+02 1.046035892003348948e+02 2.891155398149093685e+02 1.776492210954894570e-04 7.740189409015473032e+00 7.549243064340041443e+00 1.599471888202810987e+02 4.827034683168888307e+01 7.276550330255126937e+02 4.643902739090165710e+01 2.272930758703774359e+02 4.597309725497205477e+02 0.000000000000000000e+00 1.463066932936416379e+03 3.299726705622751979e+02 9.669961424315872591e+02 6.459733121852311299e+00 6.360679694588283155e+02 1.285436350123885019e+00 6.223237785935071997e+02 0.000000000000000000e+00 1.208625482018633875e+03 6.505286071791286986e+02 1.071120898273416060e+03 1.797150260275385936e+00 8.449350253292564616e+00 2.208105183105861613e+02 1.093385335765483660e+03 6.786133162243216930e+02 0.000000000000000000e+00
