output/example/lateral_incision_000459.asc
nrows	75
cellsize	13.33333333
xllcorner	0
ncols	75
yllcorner	0
NODATA_value	-9999
[rows 34 to 50 of 75, columns 0 to 36 of 75]
0.000000000000000000e+00 1.474292495562515569e+03 6.200013282511623629e+02 9.904167171436411081e+02 1.220242299171991135e+03 7.397239291408696999e+02 4.197145362169455893e+02 1.539933955189672133e+03 0.000000000000000000e+00 4.162305990703654288e+02 5.819645324227958554e+02 6.132529960479513420e+02 3.934349824698541056e+02 6.286744891185748685e+01 6.503373213844262182e+02 3.508869378583104890e+02 6.577107235881279621e+02 1.141323868137888127e+02 7.336303437046828302e-01 1.509395912587302519e+03 5.846525740267172750e+02 7.891740009289403588e+02 1.577291041356640910e+01 8.278853818803507920e+02 5.249121245684303858e+02 5.230601629708614837e+02 7.965112849578157466e+02 5.899443436559290603e+02 0.000000000000000000e+00 1.283855560840898761e+03 4.828416827952993207e-01 4.870691903513653642e+02 9.018611053496019849e+02 7.870321421864919103e+02 5.177711030045207963e+02 1.583234207074728204e+02 4.329482013742695017e+02
0.000000000000000000e+00 3.837154273190352427e+01 1.165940174535898377e+00 1.622424752175372987e+03 4.719551530957947421e+02 3.425271604945060631e+02 4.383760196263913258e+02 7.703791435095598672e+01 4.668054230931143707e+02 3.203002635855548306e+02 5.569872119525016387e+02 2.351388779703549972e+02 3.488847284262180324e+02 6.013556568256534263e+01 1.239523421462222814e+03 4.116175517826804935e+02 4.575534978930461421e+02 1.065498562620338362e+03 6.659151448091373595e+02 1.522536731291188801e+02 8.686283454491374414e+02 3.075173387584856366e-01 5.955614503303955871e+02 8.313331120107046672e+02 1.232917795351772554e+02 0.000000000000000000e+00 9.990973733274450979e+02 1.418329550030736755e+03 1.518788841642137186e+03 3.661146866635032637e+01 1.681559976724934359e+03 5.842040922244206769e+01 2.849352002367572823e+02 4.407538963717313436e+02 1.797643081129094185e+02 5.029664275164231526e+02 1.078512683231925848e+03
0.000000000000000000e+00 1.074201537346826171e+03 9.462732401834296070e+02 6.219533185673922304e+01 3.846639304431587902e+02 5.212733095830121011e-01 7.233806682521095599e-01 1.449039784219200783e+03 1.546201299484476710e+00 1.185921725016735166e+02 1.536790379081284996e+01 6.408132660912032179e+02 0.000000000000000000e+00 9.526310017917169262e+02 5.359768706649233536e+02 1.440074497396541062e+02 1.145931966276613366e+03 0.000000000000000000e+00 8.590315758175960354e+02 1.590512577345545878e+03 0.000000000000000000e+00 7.162403605093563552e-01 1.235280314019546267e+03 1.518364188777854054e+02 6.278131615737652282e+02 2.105500566613762459e+01 0.000000000000000000e+00 1.025816715572695784e+03 3.732055358336722417e+00 8.726980011380982205e+02 5.584026616158376299e+01 2.707913908585075546e+01 9.628912350061270331e+01 1.618805667179331067e+02 3.257555020037739002e+00 0.000000000000000000e+00 0.000000000000000000e+00
0.000000000000000000e+00 1.069656435353581173e+03 9.949512677684994060e+02 4.215897632111084476e+02 7.670831287728029793e+02 1.134778975779604480e+03 6.378936247317980133e+02 5.481874961628343499e+02 1.737594597762179660e+01 3.084207263559185321e+02 9.133109803899309043e+01 4.383368597838783671e+02 1.057472974451681864e+02 1.705425454237444910e+03 0.000000000000000000e+00 5.715002615413418141e+01 2.594333175853530520e+02 8.884930129635149569e+02 6.411654474154513537e+02 8.441663728028704128e+00 3.649789278215620811e+02 9.820323482036177438e+02 1.237317281182231454e+01 9.892435276262553145e+01 1.797928841880803077e+02 4.712956650860243144e+02 1.569713417060287611e+03 0.000000000000000000e+00 0.000000000000000000e+00 0.000000000000000000e+00 5.841829369039746780e+02 7.844723329612922953e+02 1.371711996549130390e+02 0.000000000000000000e+00 2.779491692149851811e+00 4.126373901706004972e+02 8.519087943183417337e+02
0.000000000000000000e+00 0.000000000000000000e+00 0.000000000000000000e+00 4.697256960646195978e+01 1.147093224892986427e+03 1.921008092045662086e-01 7.274802526594850542e-03 8.929985694653419515e+00 1.297339693737108846e+01 1.783397951497534706e+01 6.154118409049532374e+02 7.985790525176896608e+02 1.287634599348396023e+02 3.681089546643854646e+02 1.168095009598525422e+02 3.248906141465778941e+00 8.210578550005734542e+02 4.822516281797621787e+02 0.000000000000000000e+00 0.000000000000000000e+00 0.000000000000000000e+00 1.173181153946105496e+03 1.707782797560102154e+03 3.654877881108619775e+00 1.324795439746718785e+03 0.000000000000000000e+00 1.244037199640584731e+03 2.767795283020689778e-01 3.034630180981706893e+00 1.465319869736297278e+03 3.617328157376300055e+02 6.060328356090979014e+02 5.247823942266688846e+02 3.010935576035489589e+02 1.011834154847546046e+02 4.674629982994296995e+00 3.895751500773181331e-01
0.000000000000000000e+00 7.037896885675227168e+02 3.370300441458488763e+02 3.616108144359255334e+02 5.040125193712314058e+02 4.401781780519872314e+02 9.092027210222480562e+02 0.000000000000000000e+00 1.373431809801404135e+01 1.351345347417227671e+01 7.598393140161006158e+02 6.372263310118746205e+01 5.684663611791182625e+00 6.922636298794707272e+02 1.144477578388787833e+03 8.234713022243164460e+01 4.903310926110728474e+01 9.187658060386762315e+01 5.931041656109096039e+02 1.732265139353207246e+02 7.432862631894531660e+02 0.000000000000000000e+00 0.000000000000000000e+00 1.403706648160596387e+03 1.426898822676749390e+00 1.354311959691146967e+03 3.564799431195084622e+01 1.072654406338829176e+03 1.269890355057311353e+03 2.825622838297022099e+02 1.006844362917080282e+01 4.140069225029823201e+02 3.658025518824356936e+02 4.755890440150870973e+02 6.453010341418605833e+01 7.037010275215674255e+02 5.006322590552454130e+02
0.000000000000000000e+00 4.117914548098298155e+00 9.478645551377326228e+00 4.756453461358211143e+01 2.369622891387230723e+01 1.857571343556358201e+01 2.146503697535113133e+02 2.466293467649892648e+02 9.560641490653953269e+02 2.783769600763218666e+00 1.042703489146544538e+00 5.389279398342894183e+02 0.000000000000000000e+00 3.186407899879330330e+01 7.836287647661340827e+01 1.446629189408547802e+02 7.502744256698096024e+02 5.673606669200981401e+01 6.931781227570012049e+01 1.752057608444063774e+00 2.851187245431393080e+01 7.451632223665848187e+02 8.259951560293130512e+01 2.025585791707440876e+03 8.595364971601026127e+02 0.000000000000000000e+00 8.207279065618539562e+02 1.429073587029122336e+02 9.082295736987206283e+02 3.062565669136434963e+02 1.442288716275679917e+03 4.008160490294966394e+02 1.017783786527772349e+01 8.741719883524262968e+02 3.327228880239389497e+01 6.228316320927397101e+02 4.265332384046726588e+02
0.000000000000000000e+00 0.000000000000000000e+00 3.346837603933784635e+02 1.990234985001633872e+00 2.897089348443101358e+02 2.799032990445699642e+00 1.005370410256844451e+02 9.416670571369157017e+01 1.018411166973109971e+03 6.077964944326672594e+02 3.438096104385741683e+02 4.340976120002501943e+02 6.789639112338758054e+00 7.031890731332775886e+02 0.000000000000000000e+00 6.272058424993286962e+01 2.726037882157798435e+02 7.565967515879505072e+02 2.265280603426861319e+02 0.000000000000000000e+00 1.651351373537337111e+02 3.328072030835135138e+02 5.670903728661513696e+02 1.028538739143942848e+03 1.003111621437038707e+03 4.762750392010433487e+00 2.424823187340439574e+02 7.338671957613241830e+02 4.748691228165610734e-02 5.704376843268956918e+02 9.380389181243782559e+02 4.266551878404312106e+02 1.826028960669588086e+00 1.593582383055797436e+03 0.000000000000000000e+00 2.557639459421866661e+02 1.219254727814000461e+01
0.000000000000000000e+00 0.000000000000000000e+00 5.762226193533008427e+02 1.822124161302050140e+02 9.251681264501714850e+02 4.637172011045286126e+02 1.078215364390655395e+03 1.119866434064654868e+03 7.825376816142981973e+00 3.961097624851677210e+02 1.902524003375606654e+01 1.133382110939670611e+03 1.592981697682375319e+01 1.693607910394849796e+03 1.235840429812830763e+02 5.907388296314484144e-01 4.094786714514220876e+02 1.307637618879716301e+00 7.182383265946140227e+02 0.000000000000000000e+00 1.256313223823822682e+03 4.699189268270543174e+00 6.992242118458460709e+01 9.951606570480620917e+01 2.487579398717800760e+00 1.063413324929347027e+03 5.028617224597718405e+02 0.000000000000000000e+00 1.496907317658839176e+01 4.554570497675868523e+02 8.328308237138404593e+02 6.804944439823250377e+02 1.571172926045385566e+03 0.000000000000000000e+00 9.433411990655945374e+02 1.121795364364822376e+02 6.477523099488024627e+01
0.000000000000000000e+00 6.428067741357326668e+02 1.191000409106991675e+00 2.287713392766727054e+02 2.355430832982761160e+02 7.374486256460349942e+00 1.336767262587866071e+03 5.712175857977944560e+01 5.995710465983896142e+01 1.095646009307179384e+03 2.592750291901110060e+01 1.464615281876236168e+03 6.396741775008663922e+01 2.812571387992784366e+02 0.000000000000000000e+00 1.524544670109577504e+00 2.507601415069849224e+02 1.381564982867162561e+00 9.425554282547992671e+02 4.641224009022660084e+02 1.206950314762410244e+03 5.069138284421964045e+02 5.009268846457580970e+00 9.342832459238250067e+02 2.246194617746703415e+01 5.998980012564386470e+02 6.221554202870142802e+01 1.007102140868302058e+03 2.225541088460974493e+01 4.226702986384304950e+02 5.749185343809351707e+02 4.624277337806722130e+02 3.026239965630094786e-01 7.134357154831194521e+02 1.175474917185365257e+03 3.289246385415536338e+02 2.193676718720119823e+02
0.000000000000000000e+00 5.695192254484343266e+02 5.040003589999509472e+02 7.216456253578164706e+02 6.355083550804482839e-03 1.476426538174410325e+03 4.808540356014660802e+02 5.212414610484946706e+02 1.414723758978197576e+00 1.511540798701188351e+02 1.431682745716778352e-03 2.481487963911160610e-01 1.567136394622367025e-09 7.761510491598029375e+02 5.644226528435726777e+02 1.043180910504897156e+03 4.584729054112647584e-04 1.362476771995822219e+03 2.512029214658607046e+01 3.646093651375281297e+02 0.000000000000000000e+00 4.094242749407899282e+02 9.879448108943812485e+02 8.631951817180603257e+02 2.301627356701902993e+00 5.416239347616775603e+02 1.340078034201945911e+03 4.574772364814403431e+02 4.397719823107485126e+01 4.871746669467337938e+02 3.246855260415989619e+01 2.324010083428213469e-01 1.190243565633929848e+02 9.598745126360065569e+02 1.702073680016480921e+03 2.906585429401076794e+02 1.656428756036656011e+02
0.000000000000000000e+00 4.030317501567989069e+00 0.000000000000000000e+00 0.000000000000000000e+00 0.000000000000000000e+00 0.000000000000000000e+00 0.000000000000000000e+00 0.000000000000000000e+00 0.000000000000000000e+00 0.000000000000000000e+00 0.000000000000000000e+00 0.000000000000000000e+00 0.000000000000000000e+00 0.000000000000000000e+00 1.062659253387850811e+02 9.189182792660716359e+02 0.000000000000000000e+00 0.000000000000000000e+00 3.352533670401026029e+02 0.000000000000000000e+00 3.844037704965534203e+02 0.000000000000000000e+00 0.000000000000000000e+00 1.238179223091737867e+03 3.494321306999283649e+01 1.377461845026576157e+03 5.709780022376642137e+02 1.940937232038165305e+01 1.704718047939845178e+02 3.910314827321394091e+02 1.050392595057841845e+03 8.544429637897725627e+01 5.957795397454389574e-01 3.335022802715408829e+02 1.475574868066496037e+03 9.007604106570321179e+00 5.346434360450715531e+02
0.000000000000000000e+00 1.487011976079548106e+02 0.000000000000000000e+00 0.000000000000000000e+00 0.000000000000000000e+00 0.000000000000000000e+00 0.000000000000000000e+00 0.000000000000000000e+00 0.000000000000000000e+00 0.000000000000000000e+00 0.000000000000000000e+00 0.000000000000000000e+00 0.000000000000000000e+00 0.000000000000000000e+00 0.000000000000000000e+00 2.868365486073021771e+02 0.000000000000000000e+00 3.395773658988860575e+02 0.000000000000000000e+00 8.923276853784427658e+02 5.517879674602390878e+02 1.391203514799071627e+03 0.000000000000000000e+00 0.000000000000000000e+00 2.052173722698286440e+01 1.621610543947028527e+00 1.074668545776413339e+03 4.800249021159030463e+02 1.571928294758970139e+02 1.947828473442671111e+02 2.459312376813349772e+02 0.000000000000000000e+00 1.480378149180849960e+03 4.678055277294794791e+02 5.441639036549545949e+01 6.266163489608279633e+02 6.321863961308179114e+02
0.000000000000000000e+00 3.806330171044436952e+02 3.435203334715521919e+02 1.189238453282514749e-02 6.755312940561475443e+02 1.327794157634450016e+02 7.714031761844662993e-01 1.881863954356317663e+02 1.373931454179922297e-03 4.235149552931968628e+02 1.216192383998030209e+03 1.513704841390191689e+02 1.413267405488626537e+03 7.132364954430553894e+01 0.000000000000000000e+00 0.000000000000000000e+00 1.084261872853637897e+03 1.732859286924928256e+03 5.402160955418850818e+01 1.149034093179431466e+03 2.775641846103663966e+02 2.507366224623918782e+01 1.614836952456114873e-04 4.461608636339112763e+02 3.801538489039272406e+01 1.401619170485321320e+03 0.000000000000000000e+00 0.000000000000000000e+00 0.000000000000000000e+00 0.000000000000000000e+00 1.090149161995947225e+03 4.762565622612031067e-05 9.442563736568675949e+02 3.073300530548156928e+01 6.688696492237738767e+02 2.021074491864826541e+03 9.145373720215962976e+02
0.000000000000000000e+00 1.334738037514054838e+02 0.000000000000000000e+00 3.421240200832964096e+00 5.687267273542245221e+02 2.184330289012353603e+02 1.569377772168143448e+00 2.040998524075750709e+02 1.284772451306749872e+03 1.296622292205956455e+03 1.773461768308911587e+03 2.444045299639811264e-01 1.153464229379759445e+03 4.967838625235744843e+01 8.613171231962965066e+02 2.427050420700088418e-01 4.700969462238916918e+01 8.564247360246374683e+02 1.491347484321329375e+01 1.306185874521047507e-01 9.857355024106599330e+02 6.539846088911829725e+01 3.032760246403336168e+02 8.361240549974448868e+02 1.390178759057668703e-02 1.495976912479654288e+02 1.003376045953415314e+03 0.000000000000000000e+00 7.058097277165970809e+02 0.000000000000000000e+00 0.000000000000000000e+00 0.000000000000000000e+00 0.000000000000000000e+00 0.000000000000000000e+00 0.000000000000000000e+00 6.499745198933925394e+02 1.273842827238227073e+02
0.000000000000000000e+00 1.504808703386206616e+03 1.095081953792463537e+03 6.773723139831744788e+00 1.247525315954649727e+01 3.701501989282764082e+00 4.011051793404537875e+02 2.752169443560626974e+02 9.548634597124787149e+01 1.620920032310174065e+03 1.011694883367949593e+01 5.400888491586601958e+02 0.000000000000000000e+00 6.931167776710681210e+02 4.249539233214888156e+01 6.663686360985401507e+02 1.003625853889863038e+02 0.000000000000000000e+00 1.011392681571288810e+00 0.000000000000000000e+00 3.446009480406847558e+01 2.522937285088858061e+01 8.065288499105173514e+02 2.535862010650670739e-01 6.963201307030642511e+02 1.104092136631327179e+02 0.000000000000000000e+00 5.637562459086668696e+02 9.961041506244163202e+02 0.000000000000000000e+00 0.000000000000000000e+00 0.000000000000000000e+00 0.000000000000000000e+00 0.000000000000000000e+00 0.000000000000000000e+00 0.000000000000000000e+00 0.000000000000000000e+00
0.000000000000000000e+00 3.831316802336499905e-02 2.916392302482830323e-01 1.731368043820330968e+03 0.000000000000000000e+00 7.694157262636268797e+02 5.148379103745996872e+02 1.606260031964423433e+03 0.000000000000000000e+00 9.766559891800294935e+00 8.165574342361876461e+02 1.659986826640602658e+03 1.221741937320190763e+00 1.111207744927140084e+03 5.879768488135578508e+01 4.481217410613533616e+02 0.000000000000000000e+00 6.869687167761805995e+02 8.722235113051668804e+02 6.295277258857623792e+02 4.351777827995738903e+02 7.898549719609387694e+02 2.943305690887223136e+01 4.179220239381090778e+02 3.258101236292765179e+02 1.236389878482486210e+03 1.994659869502355409e-01 2.690380825821197277e+02 0.000000000000000000e+00 6.386991577585730511e+02 7.313352720362780168e+00 1.418883135998596799e+03 3.390267182537418194e+02 1.017060082472147542e+03 3.841501015393810121e+02 2.794206426741434939e+02 0.000000000000000000e+00
