output/example/lateral_incision_000244.asc
nrows	75
cellsize	13.33333333
xllcorner	0
ncols	75
yllcorner	0
NODATA_value	-9999
[rows 0 to 16 of 75, columns 37 to 73 of 75]
2.730880095320796741e+01 0.000000000000000000e+00 4.020924072664800331e-04 0.000000000000000000e+00 3.204114022286294605e-01 0.000000000000000000e+00 0.000000000000000000e+00 5.525900172972106512e-03 1.975129308987696054e-03 0.000000000000000000e+00 0.000000000000000000e+00 0.000000000000000000e+00 0.000000000000000000e+00 1.935879317804396393e+01 0.000000000000000000e+00 2.093329821185450912e-01 3.806198676219459571e+02 5.533227361939046887e+02 6.722467671270577512e+02 2.340360554432263385e+01 1.632179901113442133e+00 8.422788015463320335e+02 2.427252176180507206e+02 3.877028125657212740e+02 5.022033694440563067e+02 9.270076761518872388e+01 1.641620491379147495e+02 4.971400586072146629e-06 0.000000000000000000e+00 5.267006942434419869e+01 1.048169385794283137e+01 7.794786057581508387e-02 0.000000000000000000e+00 1.171760928489934850e+00 0.000000000000000000e+00 2.202483508468670581e-01 0.000000000000000000e+00
2.026421701667809216e+00 8.097447668449901936e-01 1.091569533275524926e-05 1.510866892439821418e+00 3.490707086764643918e+01 2.911807759259004911e+02 3.100048254882713650e+02 9.613063059099301810e+00 6.287216660127364776e+01 9.413080801250782770e+02 6.951521890982344587e+01 1.807788115597039678e+02 0.000000000000000000e+00 3.228414298892076761e+00 7.815817550092414194e+02 5.502017645585787022e+02 2.741779363545050696e+00 6.081652611853630847e-02 2.376513773577061670e+02 1.247507492166257492e+02 3.266617583167852334e+00 5.912604345033541264e+00 1.390627819258721161e+02 2.129040593959909131e+02 1.913458527618001312e+02 5.005957649229806066e+02 2.568406953744917587e+02 1.429637859988903248e+00 3.174979991003321089e+01 3.595333971346759938e+01 5.764757463916935443e+00 9.671742960802720290e+02 0.000000000000000000e+00 4.248798289554333252e+00 1.551008283961703982e-01 8.033916792416534918e+02 1.648010294740461124e+00
1.108790790460598572e+02 1.593455456055606021e+02 3.269440257271744485e+02 7.115061039243174719e+02 2.898439992354114647e+00 6.636797923087609661e+02 2.948966423479770071e+01 1.823496603331730057e+02 1.816467975100577235e+02 2.869090199225129254e+02 2.486684938526008750e+02 3.235290246366704423e+02 8.658739057127917249e+02 3.981789789970512174e+02 9.194347819723088833e+01 2.719734146296401036e+02 9.046545827386216843e+02 7.595168072212203469e+02 3.828122760133111342e+02 9.552370951997046404e+02 7.389144306869075081e+02 4.243769234421134797e+02 1.900115111478310137e+00 3.701252270334522336e+02 8.225455855819546969e+00 4.305310955474615753e+01 2.482653110304717075e+02 2.980736294058838212e+02 1.206081753373297829e+02 1.444368449038085487e+02 7.114855269755922791e+02 2.433305839523352745e+02 1.311423296960718403e+02 1.638436244919252431e+03 7.642284265081018191e+01 1.869612580041622607e+02 1.009668536077237718e+03
3.558674997972961478e+02 0.000000000000000000e+00 7.001513542071661789e+01 1.072490805215159753e+03 9.322587593268144701e+02 6.849842731404927054e-01 6.327783158561969685e+02 1.297052847726003392e+03 3.522094727033380224e+01 0.000000000000000000e+00 1.034790521794212509e+03 8.015193411673141100e+02 9.595219268167455766e+02 1.777393914150333387e+02 1.081204927358362283e+03 0.000000000000000000e+00 4.119735075631086119e+01 2.992578586543290839e+02 1.486675115648432097e+02 5.132572122421138516e+01 0.000000000000000000e+00 2.353806440490555190e+02 1.617001129071525511e+01 2.034069764822602266e+00 1.645596823808211013e+02 1.515290235941985202e+02 1.450004562381268670e+03 4.653026902955136848e+02 0.000000000000000000e+00 2.497844844762779246e+02 1.253083903857516816e+03 9.774731535438852461e+02 2.998643758257945251e+02 8.048142776739314286e+02 6.451139422081231487e+02 0.000000000000000000e+00 6.268012360950042421e+02
0.000000000000000000e+00 1.348269614261487881e+01 6.712163493526578861e+01 0.000000000000000000e+00 5.797892553989288444e+02 1.384616131264821774e+02 5.022394178409069809e+01 3.827581660811519271e+01 1.168813423360568322e+03 2.036418069463818625e+01 1.075580736051236272e+03 1.585262126460046659e+02 1.098646102562068336e+03 9.753805323937276626e+02 1.873379115405917894e-01 7.155455321019358053e+02 2.486157183578646723e+01 6.446413727052930653e+02 3.340599951102863088e+02 4.060568021220122858e+01 4.869678520095093290e+02 1.982934628221976538e+02 4.798646895533067323e+02 1.254803679088403534e+01 1.171174040939239047e+00 1.742585868823565249e+02 1.321189001260719806e+03 2.928778505362662941e+02 1.066927471872993181e+02 1.291814742137457017e+02 6.321937963132673133e+01 6.449623169928305515e+02 4.304504685762047416e+02 0.000000000000000000e+00 1.396054615816717330e+02 7.683119147866467529e+02 7.161310067937653230e+02
1.068053440553975634e+03 1.735590722073237941e+02 0.000000000000000000e+00 5.970208285830907471e+02 6.971483829516474771e+02 3.268677799170033040e+02 6.068215439322461862e+02 5.163047600539727711e+01 3.213460979013926355e+00 1.935129445348166044e+01 1.213195968226214028e+01 4.833299612145918744e-01 3.360006904097566860e+01 0.000000000000000000e+00 0.000000000000000000e+00 0.000000000000000000e+00 2.254110516748986726e+01 2.793602581837359367e+02 6.819805860973475546e+02 2.219888610188453981e+02 2.392137172072299904e+02 3.087591669859757104e+01 6.371881604623949613e+01 5.589018130318490876e+02 1.628636721616946375e+02 1.096584622747555082e+00 1.209704921032578568e+03 1.145920662294567904e+02 1.106380232899484213e+02 9.484165710205651578e+00 3.654551462156515527e+02 1.337621365680699057e+02 7.542550339077787385e+02 1.147166406898038531e+03 8.818146888135301253e+01 9.604002605832989730e+02 3.623733652403109886e+02
1.404055498958734063e+02 1.026441736835406537e+01 4.440643621905434202e+02 6.171469744910740474e+02 4.935850933354614654e+02 4.299558623472078125e+02 1.546624370813682203e+00 1.255359384620219316e+03 5.500647279625565034e+02 7.520750850786754427e+02 1.060697854392682757e+03 3.010706755301594626e+02 5.918038676679901755e+02 5.035188989386411436e+02 0.000000000000000000e+00 9.036757884122578162e+02 5.231699549299795535e+02 3.609063018816432873e+02 1.447411871105648906e+01 0.000000000000000000e+00 8.555717264419561161e+02 7.628684881064941692e+02 4.163295644582285959e+00 3.026869329392495160e+02 1.700226186757116409e+02 4.060678456141184056e-01 6.089096745146034806e+01 1.084204396697497970e+02 3.887941704658762205e+02 4.823832958457506379e+02 1.820226025467103455e+02 0.000000000000000000e+00 3.431142422221483912e+01 9.830597266962605545e+02 8.621415071117138496e+01 6.257002822325699753e+02 3.747155631561312816e+02
1.454888008051646864e-01 5.880891063854249978e-01 2.790411852337348009e+00 5.927121020968644416e+02 1.120985550114265195e+01 0.000000000000000000e+00 1.553572428399154148e+02 1.958521973189329231e+02 8.831183095814243416e+02 5.023027425039539366e+02 2.620722038395065852e+02 0.000000000000000000e+00 8.766524102828329035e+01 0.000000000000000000e+00 9.512056932696449394e+02 7.387308295963532778e-01 1.038751057551599388e+03 1.807147939272221493e+03 3.770002050910323987e+02 2.230670624510021867e+02 7.594607282741979937e+00 7.607546622534615608e+02 0.000000000000000000e+00 7.410711933716268049e+02 1.152607652892051249e+02 9.365391533058438966e+00 1.006561141629261442e+03 0.000000000000000000e+00 3.097718262419609569e+00 3.916957157096583728e+02 3.050798034890052577e+02 0.000000000000000000e+00 7.844198297090098322e+02 0.000000000000000000e+00 0.000000000000000000e+00 1.511683840963067098e+02 5.243711980298639901e+02
3.880201966794223267e+02 6.523506318438752487e+02 1.086457828347701252e+03 0.000000000000000000e+00 1.601722936561951656e+03 1.020555242039030304e+03 2.994267006404975007e+00 4.425079290163108112e+02 1.327495053387807218e+02 1.456688532384127210e+00 2.381327388494416653e+02 1.180343725876188728e+03 1.619131638937397533e+00 4.187293747026043320e+02 1.054395686994833113e+03 9.355917959956811956e+02 3.444841634841419253e+00 1.460416369023801053e+03 4.292519958576091312e+02 1.800447213693755373e+02 0.000000000000000000e+00 7.419135311657070986e+01 3.875865169289745040e+02 7.690198391003442158e-01 0.000000000000000000e+00 0.000000000000000000e+00 4.242885968672479180e+02 1.891446155203290687e+02 1.936508281505573592e+01 8.936930459402711904e+02 2.506673282706391781e+00 4.791453779060026932e+02 7.417099867116546648e+02 9.943034987693613402e+02 1.119344598907952388e+02 6.031247326551017522e+02 0.000000000000000000e+00
9.913348417939968726e+01 4.410022371447976042e+01 1.565755315860207929e+03 8.494797766602457667e-02 4.405101351881716027e+02 4.186626369017159845e+02 1.092233338872525565e+03 0.000000000000000000e+00 0.000000000000000000e+00 2.601460022316938989e+02 1.010617895248308855e+03 4.866717167376879871e+01 8.631039864338976031e+02 3.310943602290669929e+01 1.115287375080618176e+03 5.536728811893409556e+02 5.339808267383051543e+02 0.000000000000000000e+00 1.188197914078216400e+03 3.465227598277814423e+02 8.869540020681391468e+00 4.178756449265266610e+02 0.000000000000000000e+00 1.252714281671044546e+03 1.138402727215670467e+02 9.226477247471444798e+02 1.392234001857950489e+03 4.065555718686065347e+02 5.563135421733106796e+02 2.000252330516065058e+01 3.500238442414188356e+00 7.858754413217081680e-01 2.393808220816150651e+02 9.463880372484400283e+00 1.735382514961707784e+03 2.222933640060288951e+02 3.595160662980559323e+02
2.892044601809677040e+00 3.942759067799698869e+02 9.200656809054130747e+00 3.993371688207230363e+02 2.849082238365369335e+00 1.247246229384835033e+03 1.091278496088136990e+03 9.586419985001919031e+02 1.027768736483374141e+02 5.961975786624263947e+02 0.000000000000000000e+00 2.068199993837945172e+00 1.953662383417630792e+02 2.894327535130581168e+02 3.389839042937359181e+02 1.198873796881476181e+02 3.212839959537274126e+02 1.519190425203675886e+03 2.351008680658701735e+02 3.635888573883538015e+02 5.466151615603455411e+02 4.159826763302945665e+02 2.008253868346721731e+02 6.952401238498350899e+00 8.120122048875224152e+00 2.580657505366731641e+01 2.448624702364320740e+02 0.000000000000000000e+00 2.524205039533902450e+01 7.337973938430648104e+02 3.087996791813338291e+02 4.458850182211005517e+02 8.555419537683139879e+02 1.088074454397089852e+01 2.845367399980342498e+02 3.070745820728913031e+02 4.182937608832000365e+02
1.743212525877432029e+02 7.004393388414570154e+00 8.988349608814066869e+02 3.135979918313018970e+02 1.024413140406220691e+03 7.046002123847716625e-01 2.471119486245980852e+02 1.721150441007973200e+02 1.358961803678316301e+03 5.748265508604794150e+02 1.044736820043172656e+03 1.047896143300715948e+03 4.737474652150046950e+02 8.934817052677315132e+02 5.556355236254153063e+00 1.331319393819472623e+02 3.919766230621745535e+02 4.681939654006158662e+02 2.387400950683120868e+02 1.769391389982187535e-02 9.409295040503284469e+00 3.272514325267098201e+01 5.083596130311210572e+02 0.000000000000000000e+00 5.497898671642967656e+02 6.791919895842820551e+02 2.849029866946629852e+00 1.166764421539952309e+03 0.000000000000000000e+00 1.382605277004181898e+00 1.084742993686323320e+00 1.607978102069849813e+00 1.574396432809612179e+03 0.000000000000000000e+00 1.528015709909609313e+03 2.612685502823139672e+01 1.404602008143259354e+03
3.000247915347507046e+02 1.339493739469143918e+01 0.000000000000000000e+00 7.602226908707580151e+02 4.276741934948200878e+02 4.276649032621771767e+02 0.000000000000000000e+00 1.242263716324053348e+03 1.081002141332102084e+01 6.392574109650339551e+02 1.055914986035488994e+02 2.426148458487566018e+01 2.958630637429951094e+02 3.914363060814159212e+01 6.185921981365550693e+01 8.144052018031732132e+02 6.938255235443094193e+01 2.565129437684959726e+02 0.000000000000000000e+00 1.329957750530575424e+02 0.000000000000000000e+00 2.166578990755399445e+02 5.446373664140589881e+02 1.015147841081871150e+01 4.913542600675872762e+01 2.072077599862845432e+02 1.057160372142421245e+01 1.257381889200993612e+02 2.727297084071158118e+00 7.745754525500949512e+02 1.752610907842606647e+00 2.747205756993869841e+01 5.405158673169884764e+01 0.000000000000000000e+00 9.910562316235971991e+01 3.673101804607151735e+02 5.327085729255586557e+02
9.451448570545047687e+02 6.827268462046696129e+01 8.596107310019634724e+02 7.786181686896756560e+01 1.046267191819994657e+01 0.000000000000000000e+00 2.096173934358510564e+02 6.636209550855922998e+02 7.189795575528119116e+02 0.000000000000000000e+00 7.718845603420359112e+02 1.555627334997479068e+02 1.351299331194283241e+03 4.052999742212313095e+02 9.229057918720704379e+01 6.935284946992359778e+01 2.767190957693602127e-01 4.391436432336432745e+02 0.000000000000000000e+00 4.730575690388962471e+02 3.750671000565693021e+02 2.368781221575095515e+02 2.371893004180430466e+02 0.000000000000000000e+00 1.064636675946382638e+03 7.272171514315203922e+02 2.188052147737845399e+00 9.939150418943554541e+02 1.424963509108059498e+03 1.361803983255226740e+03 5.967629801708598052e+02 1.149558061799334219e+01 7.416489249980368186e+02 6.589633061926264190e+02 4.374569328486878135e+02 1.058434891968622651e+03 3.047283697648153975e+02
3.005297813261139481e+02 0.000000000000000000e+00 6.891327151163272902e+01 1.336100123105397586e+01 3.677881378597344913e-03 1.154303408327332363e+03 1.933492948896286534e-01 3.610186027373944739e+02 1.354366599221166553e+03 3.377539503360882804e+02 3.029618586938428848e+02 5.867028530586287616e+02 6.837382413466865216e+01 4.605431957157777560e+02 9.153142819795158402e+01 8.236581361602215168e+01 0.000000000000000000e+00 2.718302511415475298e+00 5.050888058892548429e+02 3.253277100886971880e+02 4.038146397818392757e+02 2.059616424385854145e+02 5.096066790271195849e-09 3.728432301039791810e+02 1.314344242081315087e+03 6.354572601764593998e+01 3.048306817382897407e+02 3.237517740577913372e+01 4.607171419156462093e+02 7.299335613913833640e+02 6.217876766328761278e+02 4.539726004182799102e+01 5.359679401315565883e+02 2.218580403555198188e+02 0.000000000000000000e+00 5.072011287509834574e+02 4.411292751818149394e-01
1.295855991332489907e+02 1.067077435248875872e+03 7.819054378784848041e+02 1.121856626909600863e+02 3.588109919560324101e+02 4.346564546933727229e+02 2.205267857459743936e+02 1.304045244877397636e+02 6.987077723581687678e+02 2.530540911656834169e+01 1.449108293834481401e+03 4.505912389575068460e+02 1.209831350563660635e+03 8.110249930325752530e+02 7.701590281002022209e+01 3.577096858855954338e+02 6.087837528138517200e+02 1.492924456287169654e+01 2.450385871670938798e+00 3.246203109076569717e+02 1.906492973226235621e-02 8.078696251077023049e+00 9.352269387412801507e+02 3.964730648260543830e+02 7.436558425848519782e+00 2.481830091274847803e+02 6.016122706171655921e+01 3.505091690741498667e+01 1.740760933868051419e+00 1.269990521161811330e+03 1.911739451888066554e+01 0.000000000000000000e+00 8.234051906074458884e+02 1.071312443687282666e+03 1.077833106209487823e+03 9.193850588959460310e+02 0.000000000000000000e+00
4.841940130799667941e+02 5.841885078446975967e+02 2.533730220363124985e+01 1.040951427708481560e+03 0.000000000000000000e+00 5.920574974905903218e+02 2.490900531237092821e+02 1.244717738938831644e+03 1.159638021782385067e+03 2.905814518264198227e+02 8.967947725139021387e+00 3.530093388965969439e+02 1.471250791270980471e+03 1.170948123088888678e+03 2.520040521124474822e+02 1.676433255648678511e+01 4.721885049890783392e+01 4.756566474196773129e+02 3.458478930994537563e+02 1.950135051964856814e+02 6.234839436084048430e+02 4.061732850275208051e+01 3.683294645786379551e+00 0.000000000000000000e+00 4.285818693509114610e+02 3.659741464039256016e+02 1.795036488380466153e+02 1.032673649498740133e+03 1.535125372894332031e+03 1.195853091796335699e+00 8.588485776254027542e+02 1.629043247690144653e+03 1.063095055735919772e+02 1.235313783908219420e+03 0.000000000000000000e+00 1.136105858793785046e+03 5.719258659054755753e+02
