output/example/lateral_incision_000003.asc
nrows	75
cellsize	13.33333333
xllcorner	0
ncols	75
yllcorner	0
NODATA_value	-9999
[rows 17 to 33 of 75, columns 0 to 36 of 75]
0.000000000000000000e+00 8.070606324890631025e-03 1.367434805495375258e+03 1.195451712191270872e+03 1.583725967333030660e+01 3.714997706712536707e-01 7.069050444492541274e+00 4.283316726969888855e+00 8.857947788285678143e+02 8.584313415038834592e+02 9.393218095509386911e-02 0.000000000000000000e+00 3.076423853342883082e-06 0.000000000000000000e+00 9.791520549533343221e-02 8.374239999238505816e-02 0.000000000000000000e+00 1.576165264142026068e+01 1.687600351082384122e+02 3.734757859939287528e+02 0.000000000000000000e+00 9.498508096395742939e+01 1.186894563307860830e-03 1.880348636548469319e-03 1.587701057610594810e-02 6.977759929831333068e-04 2.319746744378962900e-04 5.911555326983418185e-05 4.241299189161695338e-04 7.579649164235831467e-04 0.000000000000000000e+00 5.333558691361180770e+00 0.000000000000000000e+00 1.873319347244880646e+02 1.521868949265632125e+02 3.133726223097267338e-01 0.000000000000000000e+00
0.000000000000000000e+00 2.394797897697877563e-03 0.000000000000000000e+00 9.593330775252603360e+00 6.906342694518067447e+02 1.984759748544122886e+03 9.945078005035511524e+02 1.029465024337995516e+02 1.713995666647914057e-02 1.224257798238134409e+00 1.986352519287024734e+02 1.195607558264621730e+03 1.655463544312902968e+01 0.000000000000000000e+00 4.743933169628254622e-05 1.152916491415876285e-05 4.974666570521938798e-06 1.578553034429040451e+02 0.000000000000000000e+00 9.315822125304351175e-04 1.621542030434577839e+02 3.733623852795081664e-03 1.825709750173329482e+00 0.000000000000000000e+00 0.000000000000000000e+00 0.000000000000000000e+00 7.080840067305977335e-04 1.232281731280704829e-03 0.000000000000000000e+00 0.000000000000000000e+00 6.168714244760641714e-04 2.162794669589220291e+02 1.506426080276270341e+02 0.000000000000000000e+00 1.767988719375147468e+02 1.118834030690711074e+02 1.377453149253820541e+01
0.000000000000000000e+00 0.000000000000000000e+00 0.000000000000000000e+00 0.000000000000000000e+00 8.734934759121617542e-01 1.426738595302659185e+01 2.163267241410117558e-03 4.023338292589740406e-01 7.093399090371885904e+02 8.134575172582637492e+01 9.787681898810878067e+01 6.164103356785106680e-01 0.000000000000000000e+00 1.021086228514861460e+01 4.043071527032940935e+02 1.660641427242099365e-03 7.473113657166459234e+02 2.390291486495633499e+00 3.248592818480936444e+02 6.679755240191911980e+02 0.000000000000000000e+00 6.738332455990283165e+01 8.218737004353587894e-02 2.467463736786091374e-03 1.487628017111498370e-03 2.583066294531792817e+00 4.871402202544563664e+01 1.762466927734887747e+02 3.483985651285621543e+00 1.368007289437228168e-03 5.903947635272611093e-03 5.978807317819058442e-03 2.464590761050876893e+02 1.373093394510922280e+02 4.012466159232381662e-06 2.121077173682981254e+02 2.179092694359996678e-03
0.000000000000000000e+00 9.313212157435967242e+01 1.531634876010640482e+02 2.380269368526214624e+00 3.518988987136258739e+00 0.000000000000000000e+00 0.000000000000000000e+00 5.478718184428140771e-03 7.771267828498289987e+01 1.089454888053069794e+02 1.451352738398803467e+03 1.174236955942743634e+03 0.000000000000000000e+00 5.350688941383705242e+02 0.000000000000000000e+00 1.090794718485812165e-01 7.842763119644633889e+02 0.000000000000000000e+00 2.013598953692007854e+02 2.234805900444967672e-02 5.445778425933552569e+01 2.579075498347000367e-05 2.466918183110351137e+01 1.129723752790950617e-06 6.432558676494138164e-05 6.243449079052572515e+00 9.674410440939809445e-04 1.561442075828746852e+02 2.503263654131749263e+02 3.071382164480508203e-04 7.956559222967122397e-03 1.272689857055465668e-01 1.613120487583514714e-02 3.306374012612939168e+02 4.448373328412545789e+02 1.549003978024331207e+00 3.070124666420698532e+02
0.000000000000000000e+00 0.000000000000000000e+00 0.000000000000000000e+00 7.712043186220807911e+01 0.000000000000000000e+00 0.000000000000000000e+00 0.000000000000000000e+00 1.055137685675305317e-04 1.739382462133119986e+02 1.963990599337301646e+01 5.263383143612129089e+01 0.000000000000000000e+00 5.808800325151905781e+02 4.659048356236206168e-03 0.000000000000000000e+00 1.078290998822944857e+03 0.000000000000000000e+00 3.885897162335261896e+02 2.976252592365408987e+02 0.000000000000000000e+00 9.553748266732809213e+01 2.645310672311403977e+01 0.000000000000000000e+00 7.167324119708463892e-02 2.531356802341380198e-03 1.582594973489482584e+02 1.644033637023544543e+02 3.516554075880737962e-06 1.789036476817192636e+02 3.115164863703953984e+02 4.725872129406833433e-01 2.509383939254040963e-02 1.301574141372414317e+01 6.913693917235942676e-02 8.957958326214169347e+02 5.444701031011867087e-02 5.051995939030210820e+02
0.000000000000000000e+00 1.441272488969928922e+01 7.555174566164379257e+01 0.000000000000000000e+00 8.656573245223916047e+01 3.540083272521374683e-03 0.000000000000000000e+00 4.561076607060758170e-04 1.101473266475968416e+02 2.168469162823918328e+00 3.162939073823807945e+01 0.000000000000000000e+00 1.336226733837455640e+03 2.186183409671356603e+00 6.624532351322205841e+02 6.678257281972059900e+02 1.735126422352699649e+02 5.912348393936246466e-04 1.668274119704526015e+02 3.260847915717631054e+02 5.195901204529373421e-04 1.052181018118614197e+01 3.763462181044644472e-01 1.410092966658395912e-06 2.029535699715255201e-03 2.985341137329143606e-05 2.503276892373610281e+02 1.769870740426881355e+02 0.000000000000000000e+00 2.027573383716118087e+02 3.632430110282818418e+02 6.488482905058465811e-01 0.000000000000000000e+00 1.290963000029783416e+03 1.030827098754608414e+03 1.162842217521216952e+02 6.489999126258121578e+02
0.000000000000000000e+00 4.183122053247206179e-03 1.239293569115472167e+02 5.322516215823065977e+01 0.000000000000000000e+00 1.659808182314523595e-01 4.900595941884880631e-04 0.000000000000000000e+00 2.055726281422741497e+00 2.675353614200815924e-05 1.992072216613690161e+00 3.438357254747614021e-03 4.550540324647033685e+02 1.650632488356671979e-01 5.910177086327947791e+02 2.488495671637294748e+01 2.696536108607117305e-08 1.524210169244005328e+02 1.287825474221202119e-05 7.956370859078836588e+01 1.375132936030126416e+02 2.949360720901624333e+01 7.793349369153922904e-05 7.357091644836172726e-08 2.311561229866238459e-07 0.000000000000000000e+00 2.438973616513633758e+00 3.115632547929140514e+02 1.806387965238515108e+02 4.530918438417057286e-05 2.154173211908820917e+02 1.170435373109527291e+03 6.887724668585958625e+02 0.000000000000000000e+00 1.259306776849845846e+03 2.754043074321854760e+02 1.003883120969197620e+02
0.000000000000000000e+00 2.950116520617258686e+01 2.050694736070915791e+00 9.439913650631430642e+01 3.158123006959229784e+01 1.142905065590753644e+01 5.593531774436685464e-05 0.000000000000000000e+00 4.854171418303736186e-06 0.000000000000000000e+00 0.000000000000000000e+00 3.007999605261507980e+01 1.888346926790163876e-03 3.653639134800164356e+02 2.888870517290861306e-01 1.561118935819556839e+02 4.973000028968879715e-01 3.236301366003538504e+01 1.068097307563170659e+02 1.719952985190063828e+02 1.978240530138592703e+02 1.032205234049975683e-02 5.212376249193034219e-05 7.609013677067630363e-06 3.979907288087054966e-09 0.000000000000000000e+00 2.816782873904522422e+00 1.269228329041312601e-04 3.637737696481257217e+02 2.337850203306123547e+02 6.076186227003834706e-01 2.865618851018893452e+02 2.219136352019610513e+03 1.465057134981413128e+03 3.438450330957772749e+00 5.736658332238725961e+02 1.611884292234970831e-02
0.000000000000000000e+00 0.000000000000000000e+00 1.739052801666187975e-01 0.000000000000000000e+00 4.897449409862086227e-04 0.000000000000000000e+00 4.297386881876798410e-05 9.537563462871530805e-04 0.000000000000000000e+00 2.156276312299513019e-06 1.972801888492956346e+00 0.000000000000000000e+00 3.202262672977464320e+01 5.840205703678320788e+02 3.998746061017102615e+00 4.115175377630248477e+02 0.000000000000000000e+00 4.977123406491081037e-02 1.950091158631035659e+00 4.385273088206736958e+01 7.263517367636156052e+01 4.680978838772202977e+01 0.000000000000000000e+00 0.000000000000000000e+00 0.000000000000000000e+00 7.561537285769301564e-06 0.000000000000000000e+00 3.507447049264652605e+01 4.989870628145385949e-03 1.502642682015569164e+02 3.621202187485689024e+02 0.000000000000000000e+00 1.390140547329748870e+03 4.591705543962787961e-01 1.152706868223544234e+03 0.000000000000000000e+00 1.059872777993028024e+02
0.000000000000000000e+00 3.141071055872430051e+01 1.896941821504233516e+00 0.000000000000000000e+00 2.712171377244824910e+01 3.401095197501206258e+01 1.387525603397903069e+02 6.931637347470486077e+01 5.980632667001712104e-08 0.000000000000000000e+00 0.000000000000000000e+00 0.000000000000000000e+00 0.000000000000000000e+00 6.548847858741655870e+00 1.133253843932329232e+02 3.057774485490281791e+01 8.030018132691176902e+01 3.706302083299425476e+01 3.836608885748605570e-03 2.095111212694758529e-01 2.227917869621152036e+01 1.795542974166353624e-05 6.824276003886160108e-05 9.622306790779282313e-09 3.366832152931968358e-01 3.527676635334345044e-07 5.195075752521952950e+01 8.102359687374113308e-05 5.273920762434123333e+01 1.412643371035541350e+03 1.345228111119600499e+03 6.644239872406986933e+02 1.360252375954162707e+00 9.744581297117683789e+02 1.294122368815300661e+03 5.585687274040554939e+02 0.000000000000000000e+00
0.000000000000000000e+00 3.967333628030226933e+00 1.514800708126145867e+00 2.138155683019396633e+02 9.964854041548527164e+01 0.000000000000000000e+00 2.211568581120866739e+01 8.027820388121603701e-01 9.889207138381548745e+00 5.835513691818509534e-05 0.000000000000000000e+00 0.000000000000000000e+00 6.104313165176410735e-05 2.932135225977899662e+00 1.959034383725421380e+00 1.408899258823678622e+02 2.118939139666515734e-04 4.641111542099219633e+01 1.561788641147337196e-03 0.000000000000000000e+00 1.297702833708147411e-04 0.000000000000000000e+00 1.542415094114851380e-04 0.000000000000000000e+00 0.000000000000000000e+00 5.101200129018767626e+01 3.674168001351101509e+01 5.573352396497896422e+01 1.983093848733606634e+01 0.000000000000000000e+00 2.930464179535325684e+02 5.450033605495567812e-01 1.205220906290034463e+03 8.038004738177186255e+02 5.260755578418262957e+01 4.746994012164638121e+01 1.468065990031574053e+01
0.000000000000000000e+00 6.039196559403443416e+02 1.964183101772869833e+01 1.229173109259043741e+02 2.004817056529318057e-05 1.331431802643110132e+02 2.094768513700887240e+02 4.461175072631385774e+01 1.160166376802657737e+02 1.644424090590404219e+01 6.502764530521391319e-05 1.162201700668698129e-01 6.338858949890498889e-03 8.211039930035276060e-04 1.456417863971156334e-03 1.561668725198443326e+02 2.084436567907502180e+01 8.252916164968854673e+01 1.354117247432630759e-03 6.032393590370639571e-04 0.000000000000000000e+00 1.235385935818304932e-04 0.000000000000000000e+00 1.514454259777376571e-09 1.281752079282966150e+01 1.687094038542800334e+01 7.159693625056155752e-02 6.521731206493704747e+01 1.817723723349688782e+02 3.877517047727653789e+02 2.643412961767231195e+01 6.123766240267021885e+02 1.866553785860569405e+02 1.057341741613930253e+03 0.000000000000000000e+00 5.266376792954890682e-03 3.696854435201381144e-07
0.000000000000000000e+00 2.985110077177557173e+02 0.000000000000000000e+00 2.282556079327084717e+02 1.220306113623007462e+02 2.091702187849093093e+02 0.000000000000000000e+00 0.000000000000000000e+00 6.732159177147944717e+01 2.497860898114369859e-06 2.487197170407459623e+01 1.707990329010317943e-01 1.907172412669230156e-06 1.758734273300004527e-08 1.274635499335235794e-03 6.034678496991723517e-04 2.846211071649698619e-04 5.113025321307869625e-04 0.000000000000000000e+00 4.875332423743120903e-04 0.000000000000000000e+00 2.312785939401748436e+01 0.000000000000000000e+00 1.629054750938703586e-04 2.365193129120728849e-02 2.158542800231456393e+00 1.066949257721160507e+02 0.000000000000000000e+00 4.677079635894196485e+02 1.541846296582301612e+01 0.000000000000000000e+00 0.000000000000000000e+00 5.770936456912506856e+02 4.935317562616922515e+01 2.114832683147262138e+00 3.033154789974908486e-06 4.130114034581079804e-04
0.000000000000000000e+00 0.000000000000000000e+00 6.654274433727640599e+02 2.304446569024885321e+02 2.168722988984862070e+02 8.437818445631617124e+02 2.813075605335049545e+02 3.222555166075079569e+02 1.977218344153152341e+00 1.008139250437210706e+02 4.284746911693605220e+00 0.000000000000000000e+00 2.610759689811112394e-02 1.488886324925627232e-03 0.000000000000000000e+00 5.649780255503132186e-04 0.000000000000000000e+00 0.000000000000000000e+00 8.230505631364922468e-05 0.000000000000000000e+00 4.148373389040246195e+01 3.466510698791541029e-02 5.589490154201170924e+01 1.428967934089264355e-02 6.743710599277762396e-01 2.608379158498886907e-01 2.436836576351589301e+01 1.171120944401355018e+03 5.969410506596100063e+00 6.108753843362947009e+02 5.924318949936929357e+02 6.392494579950211420e-02 5.541488782082742546e+02 0.000000000000000000e+00 9.221413574195469614e-06 0.000000000000000000e+00 2.266793321316472287e+01
0.000000000000000000e+00 2.717576075294436330e-02 4.468603206194145194e+00 1.827336930142498090e+02 2.241453172047792819e+00 2.263091465991519158e+01 2.203305573579675603e+00 3.166095380869213045e+02 2.314976525289578717e+02 7.218702505689046234e+01 1.825673888765044239e+01 4.828023764492479775e-02 1.811604702258020482e-06 1.537717269054410529e+01 9.632525926103206645e-06 6.729484812821326725e-04 0.000000000000000000e+00 0.000000000000000000e+00 1.179625760948119711e-04 0.000000000000000000e+00 7.349128886287331852e+01 3.035030665245441241e+02 2.813846377477947769e+01 1.658122418635715007e+02 1.872526423777578497e-01 1.829860973954191650e+01 1.099304808358746413e+03 0.000000000000000000e+00 1.098995333980839860e+03 0.000000000000000000e+00 6.027636009276569666e+02 5.750921620393444345e-01 7.673752109482974220e+02 8.067400484264843499e+02 6.486782849484858389e+02 6.271958524096854148e+01 5.379080736831593157e+00
0.000000000000000000e+00 0.000000000000000000e+00 5.460327814409561553e-03 2.098642133162806900e+01 3.744519677606133712e+01 4.827514580266583835e+02 4.101753555180612807e+02 0.000000000000000000e+00 1.072673749513462553e+02 0.000000000000000000e+00 0.000000000000000000e+00 0.000000000000000000e+00 4.614364252681072998e+01 0.000000000000000000e+00 1.986793246933932622e+01 1.024286959911238290e-03 0.000000000000000000e+00 1.199877037794256078e-04 2.267653506559921084e+01 2.207468837859124022e+01 2.272919227958025146e-01 8.549237901683608243e+01 1.625207693985507935e-04 2.029740515073587517e+02 2.789273281640138862e+02 3.967358079722525410e+00 0.000000000000000000e+00 1.198551138522609335e+03 1.078000357452129720e+03 9.896818444377610149e+02 5.014522049897415741e+02 4.670619978170773265e+02 0.000000000000000000e+00 6.254056914451523426e+02 1.740865535853014308e+03 4.627157768704289253e+01 0.000000000000000000e+00
0.000000000000000000e+00 6.159281076480315614e-02 1.094315946841921405e-02 0.000000000000000000e+00 0.000000000000000000e+00 0.000000000000000000e+00 2.336883588868100787e+02 4.952277096354496937e-05 2.986064460225910239e-02 8.389041400536215165e-03 1.317898502723046363e-05 6.475048211666786813e+01 0.000000000000000000e+00 1.399354290453592284e+02 9.349747237794524324e+01 0.000000000000000000e+00 1.475255130426451032e-02 2.323884344566744886e+01 4.070901760369738913e-05 5.914594086663525019e+01 1.800118027554540845e+02 6.671465635313033715e+01 1.486505424263191628e+02 4.296614329705498829e-03 1.688976336674823813e+02 3.433677001034276373e+02 1.643104196227464172e+03 2.586600350957851124e-01 7.194265254714634850e+00 4.088908173057489992e-02 3.269937112071212293e-01 8.067594457345560386e+02 4.061014879718038060e+02 3.351929480742267486e+01 3.579827050785834963e+00 3.239263206113648721e+02 0.000000000000000000e+00
