output/example/lateral_incision_000376.asc
nrows	75
cellsize	13.33333333
xllcorner	0
ncols	75
yllcorner	0
NODATA_value	-9999
[rows 51 to 67 of 75, columns 37 to 73 of 75]
1.083854702879168599e+03 1.118268072199498937e-03 0.000000000000000000e+00 0.000000000000000000e+00 1.640881819121829494e+03 4.212253147992981894e+02 1.707025460200260747e-01 0.000000000000000000e+00 1.518143959785362767e+03 1.850386356105980568e+01 1.574349737776887803e-01 9.067393924386151411e+02 7.428000551609505919e+01 0.000000000000000000e+00 0.000000000000000000e+00 1.183691648069534613e-01 1.176067072067201707e+03 1.390303611201476542e+03 1.349329842604220175e+02 9.722041588531456000e+02 7.798420423417148917e-02 1.226779513098980312e-01 0.000000000000000000e+00 1.273387941109357598e+03 4.631870817227660382e+02 5.133469292148774912e+02 4.102501714743512906e+01 0.000000000000000000e+00 0.000000000000000000e+00 3.214117645298907746e+02 9.639026125328510943e+02 6.578817258081056707e+01 3.602220755829332575e+02 2.463572886508123361e+02 8.070806325390990423e+02 2.083989848479047280e-01 9.628823896435143297e+02
6.714995118560027549e+02 2.351470704211747318e+02 3.969411799010005097e+02 1.572859839462619448e+03 0.000000000000000000e+00 9.411126998232656818e-03 1.051619715284982703e+02 1.295201249878115959e+03 0.000000000000000000e+00 9.160924004728504997e+02 7.257634732733926057e+02 1.072801840845041474e-02 1.275917872673975126e+03 9.985434225073882999e+02 0.000000000000000000e+00 8.416311862820640499e+01 4.097021316460254639e+02 2.025499413599738535e-02 3.467697262386425905e+02 2.672849193368033394e+00 5.224636021846387202e+00 9.349353142237368957e+02 6.148476196758233527e+02 3.526255899985994979e+00 1.841928583070343848e+02 1.274268026825430752e+03 2.991518911521479254e+02 4.493300125504069342e+02 5.507342096149092185e+02 3.517095512538566737e+01 3.707682420048682275e+02 0.000000000000000000e+00 9.669067895177871605e+02 1.131305267073019195e+03 2.976631283128894356e+00 1.088115013999386065e+03 4.203993648635666887e+02
5.937963929103965484e+02 6.858652146547809499e-05 4.712738848820683302e+02 2.281867633359897951e+00 1.562679128286131117e+03 5.489438942724864319e+02 9.403753230869635900e+02 4.317426891511141775e+02 1.499581327748172441e+02 4.222153251316578917e+02 5.535300277537783131e+02 1.788091898624482867e-01 5.028102011139213232e+02 3.010715869513853136e+02 0.000000000000000000e+00 1.091781587750325343e+03 1.483998902586959048e+03 3.986076664862822083e-01 4.513506004518507666e+02 0.000000000000000000e+00 1.825436425752390619e+02 2.500048113171290165e+00 1.400937523043022111e+03 1.615891016802471768e+03 5.455840103990696743e-01 3.769925895367634894e+02 1.050152401468562857e+03 6.436655356339558693e+02 0.000000000000000000e+00 8.332650980002759979e+02 8.294457815582214266e+01 8.096525909666123653e+02 4.320684370952553195e+02 4.495534918546030667e+02 9.582717128111319094e-02 1.386622275695496455e+03 7.477663896232216985e+02
3.626239120078146860e-01 6.101744142979030130e+02 3.918671158351569375e+02 4.328584764143109282e+02 2.561024932929435849e+01 1.203792914617886396e+02 5.878801582809445136e+01 0.000000000000000000e+00 2.224148586690852483e+02 1.964633287186630772e+00 5.473905971507118693e+02 8.334052355887470185e+02 3.196752370756285044e-01 1.314070635216638493e+03 9.514420054276831706e+02 0.000000000000000000e+00 4.040839781522804515e+02 1.224311987129425461e+00 1.632249918262995081e+01 5.474608239061766426e+02 2.389441508043961804e+01 1.405728232564522102e+02 1.045904020261969208e+03 3.750615795986684731e+01 1.043174010287583769e+03 8.684911052619995075e+00 4.773674891910397378e+02 5.419891268626677174e+02 4.226515345679906090e+02 1.627908954632188454e+01 1.377360332257206892e+03 3.918504181103759834e+02 8.728365208676777343e+01 2.953717554029850617e-02 4.075233084400263692e+02 2.763894036605351801e+01 9.661314962023652697e+02
2.419155692340095243e+02 3.060636135246459233e+01 7.378819578899849319e+01 1.073469150464959284e+03 2.161639664261905125e+01 1.501605740470070884e+02 1.759095771114588952e-02 8.148540396911024573e+02 3.100490533481911726e+01 0.000000000000000000e+00 7.459405832678747856e+02 4.950245557676975068e+02 8.314532487737545807e+02 1.133511445246234040e+00 8.952865277868771727e+02 5.903646780686727880e+02 5.175616859252056834e-01 1.904104941596863512e+02 1.484203054502296197e+02 1.450092793077840838e+02 2.341118260109899651e+01 5.864081202669299664e+00 0.000000000000000000e+00 2.914948402538286700e+02 2.188963854773129185e+02 0.000000000000000000e+00 2.676455598038251082e+02 2.288682774878910209e+02 5.509448754527845722e+02 4.517903347196973174e-01 1.822233000265097402e+01 1.529052434281419126e+00 5.572582766453134582e+02 1.271501195200275491e+00 1.450718074060557456e+03 6.372574274742628404e+02 3.772177614417965685e+01
9.782405881032181014e+02 2.759624429724620298e-01 8.185134792928657532e+01 5.246907318334990578e+02 3.733178412612389252e+01 8.519363985401540731e+02 1.222740569899514412e+03 8.983125970892473333e+02 0.000000000000000000e+00 6.067499635712615600e+02 1.991224233749371020e-01 6.328042080875910642e+02 1.725609300427028074e+03 6.179348753618627370e+02 2.232018568314344122e+02 1.238555133442066790e+03 7.797368338439908086e+01 6.693161497526511994e+02 3.491309771764044445e+00 2.765275514854015455e+02 5.887296635072621029e+02 5.157770908459717418e+00 3.014065546999078293e+01 9.694010556673732708e+02 0.000000000000000000e+00 7.263674700422126307e+02 8.383386479949056502e-02 9.478937425290721031e-01 4.687827718238154517e+01 3.665359637424162429e+02 5.320706705863739217e+02 1.078456258620943117e+03 1.305899264058130029e+03 9.066333455521089491e+02 0.000000000000000000e+00 5.545529445169031533e+02 6.261179337342886697e+01
4.425880530568332460e+02 1.559088080572739045e+03 7.261688627202983071e+02 1.101665174666196663e+03 0.000000000000000000e+00 1.635884419281574765e+03 0.000000000000000000e+00 1.194417491347314240e+02 2.565208684805652979e+02 5.396592192700028079e+01 4.536779738187315161e+02 6.511058172514249236e+02 4.274613831003477316e+01 4.609226387258940463e+02 1.347839735982146749e+03 1.488392507372363172e+00 3.971529221920852137e+01 5.766433283270672518e+02 6.368724151981435853e+02 2.145130097296909071e+02 1.281415180643115718e+03 4.065437889112088143e+00 6.984384923350875169e+02 0.000000000000000000e+00 4.569393748714916228e+02 2.586271221489080929e+01 4.387970938807184780e+02 8.622770921187669728e+02 2.024590173742119248e+01 1.396705717689236963e+03 9.328695594749201518e+02 2.668215663520352905e+02 1.156445812455854849e+02 4.755760412957573635e+01 5.584005388053703882e+02 1.266018015774838403e+02 0.000000000000000000e+00
0.000000000000000000e+00 2.356813427615708001e+00 3.252021011497385317e+00 6.492455902337466114e+02 1.608515470471363429e+01 2.264974955065819131e+02 1.276751013614760041e+03 6.987137984591558215e+00 4.181972838615731121e+02 0.000000000000000000e+00 4.493419644972869946e+02 5.210011505043670468e+02 5.742518337103341537e+02 1.042496786834375598e+03 7.797368338439908086e+01 9.960278823681584299e+02 7.517989574186258039e+01 6.639088707787712451e+01 7.801100526107776432e+02 1.356733209777638649e+03 5.057229786524606752e+00 3.416534823680926252e+02 1.301277911384573372e+03 0.000000000000000000e+00 1.149857753858470488e+01 1.955026323461181548e+01 4.534285138700760998e-01 8.857652857631768484e+01 8.467664909661746151e+02 0.000000000000000000e+00 7.295904901562158784e+02 3.100324683667384917e+01 0.000000000000000000e+00 2.576720795628637575e+02 6.832598705489267559e+02 1.143366804962563492e+03 4.317365062412702237e+00
1.574052840782283056e+02 7.904495954527300228e+02 1.141050313065635692e+03 1.466389159881400133e+02 2.887535245161647879e+01 7.644752330090233272e+02 3.930778632258998186e+02 8.353153714907394090e+01 3.075545101768242375e+02 6.025246034353132529e+01 1.055647872658241340e+03 1.219824695677722275e+03 1.603126707641260680e+02 1.456343014095827357e+03 5.806559414019350243e+02 1.052720143011089476e+03 0.000000000000000000e+00 0.000000000000000000e+00 1.519109169353329492e+02 2.149612542745655333e+02 0.000000000000000000e+00 6.157345076298404365e+02 7.037335323836283862e+01 1.035828832415826582e+03 1.112424579630005383e+03 1.598716135387999060e+00 3.649991576552948658e+01 1.722722383388195908e+02 1.512952390630028731e+03 9.744662989448032775e+00 1.372313735889789314e+03 5.550332820119206190e+02 2.328722043550459375e+01 4.616706162521007286e+02 1.378118378350513694e+03 1.423944062383071412e+02 5.059293435944468342e+01
2.401870835046707100e+02 1.366285142573246389e+02 4.313519427605270380e+02 7.850931478263643726e+01 1.151675767021676933e+01 1.541674225590532160e+03 6.632463423255848056e+02 0.000000000000000000e+00 1.368078709659603419e+03 3.075141971432278751e+02 1.120760413730120746e+02 1.144084001296748312e+02 3.204875316072544251e+02 9.151907368390595821e+02 7.944725724355677130e+02 9.521651000861385228e+02 2.136227270867893324e+01 1.189782004483685341e+03 4.073299075620982421e+02 3.483816503291192390e+01 0.000000000000000000e+00 9.676943130254777259e+01 4.109542919325161279e+02 2.678231441223702518e+02 4.066485976311355444e+01 1.103963108566943674e+03 6.087266316107346711e+02 3.008378580287713433e+01 2.481972273507014037e+01 7.522350148514281898e+01 3.296836508584806325e+01 6.551330335499770854e+02 1.890399450953118958e+03 2.595735586274154798e+02 2.132558305535456356e+01 8.532961545019157938e+02 1.264870033615980219e+03
2.461639078626108414e+02 3.143577536584865015e+02 2.111344969367202793e+03 8.386659130987667368e+02 2.007407772020960124e+01 2.598508518947114609e+01 9.532941289517661687e+01 9.863668978189035670e+02 4.303629161642267604e+02 3.245021476379033061e+02 7.439335464974390106e+02 5.232081274759235612e+02 5.970654616358347084e+02 1.492825434641868831e+01 1.452566591634457836e+03 0.000000000000000000e+00 2.806922113214531578e+02 4.920760871183065319e+02 3.251165774838154903e+02 2.523555457416438230e+01 1.279610768513053245e+03 6.572973175341234082e+02 5.354492830517884840e+02 4.565015704209308467e+01 7.539533342638038960e+01 6.364764819521664094e+02 6.477485315237702252e+02 1.879376597050643749e+00 2.590159213501356916e+01 1.270858801645720860e+03 6.794487321574220005e+02 0.000000000000000000e+00 1.209752324759891508e+03 2.880787677019953890e+02 1.507240379474070096e+03 6.306887960391217121e+02 8.726395500100541369e+01
2.261121423331472968e+01 1.040258770342109528e+03 9.680284266190882363e+02 7.772960803928190110e+00 8.154180488207408644e+02 5.936340880868010572e+02 1.078309707256121364e+01 8.167336927353886722e+01 4.569203213946622668e+02 7.814287055615758959e+01 2.899179543030389823e+02 6.249883223393963760e+01 2.911890274370986731e+02 0.000000000000000000e+00 3.913814240597323533e+02 4.570235982283977023e+02 4.354446331436686251e+02 4.789244847005296037e+02 5.327509793518261461e+01 7.843383714246174350e+02 2.665095817996372602e+02 6.906495336046633611e+02 1.373122425767597576e+02 2.097806428178419651e+02 3.455400268131836015e+02 6.447513528127936411e+01 2.962160362337038464e+02 1.744614863383834518e+02 7.721139267323443391e+02 4.547731389177343999e+02 0.000000000000000000e+00 6.037419862503858212e+02 6.292829066554763706e-01 1.491514101091592011e+02 7.094464610408201679e+02 6.190498058307889551e+02 1.073080089567636151e+03
2.130138270413007717e+01 6.258983998648186997e+00 5.881874060556549821e+00 5.452697780833864272e+02 6.984881861774221079e+02 9.120349504854852967e+02 1.160094644506726127e+03 8.962897226986773491e-01 1.444498987739747164e+00 1.657393485304038450e+03 2.121639662208904440e+02 2.805800557023502506e+02 5.092692017605155002e+02 7.277027627475756617e+02 5.403534839302741375e+02 5.318501486134287006e+02 9.668622391839727470e+01 5.825625482547220599e+02 0.000000000000000000e+00 8.764678357298423705e+00 0.000000000000000000e+00 3.697291819257502965e+01 3.804673927425079683e+02 2.785785100764511526e+02 0.000000000000000000e+00 1.663287063337890856e+02 2.374238130886485862e+02 9.291116616956927032e+01 1.005239640898500852e+03 2.580665331377367622e+01 1.448278260115679132e+03 9.732134785275012518e+02 1.407631663378680969e+03 6.558615921449998041e+02 0.000000000000000000e+00 1.658154211904531621e+03 4.086625845432171786e+02
4.226065789243657491e+02 3.245296946453849500e+02 0.000000000000000000e+00 0.000000000000000000e+00 5.967595039482361585e+00 1.065901265628128869e-01 9.512703839861946786e-01 0.000000000000000000e+00 0.000000000000000000e+00 1.529578206113990973e+03 4.576761363087902623e+02 1.573787149632038052e+02 7.138459194538327210e+02 6.911077750551446570e+02 3.056598154705422417e+02 2.093638906150552828e+02 6.152787969247278665e-01 9.019851536274236992e+01 1.172175036748109051e+03 1.104431059690431766e+03 4.248890725482393123e+02 1.439101598190386824e+02 4.962198562228724086e+02 8.183718210448274704e+02 8.274470246886671703e+02 2.052969600708781286e+02 9.130739660208167841e-08 6.620546824288669541e+02 7.648592768144540921e-01 0.000000000000000000e+00 0.000000000000000000e+00 8.913278026718899127e+02 2.260586377266155978e+03 1.013054453211027408e+03 4.141028856435099783e+02 3.797933647204333738e+02 4.648983374028042022e+02
4.193353294990133122e+02 6.930070368019582538e+00 4.111025904127478157e+02 3.429118316924642613e+02 1.141427668985879791e+03 1.544579854756480302e+02 0.000000000000000000e+00 2.273644430869979089e+02 2.781206520264690312e+02 1.886641831061945496e+00 8.867105485644158307e+02 1.539752220031673914e+03 9.034528334883177649e+02 7.337291903206433119e+01 2.338850567461642527e+01 1.980768161339602216e+02 1.169551783562483024e+03 6.532729194950472902e+02 1.058164585510880443e+03 2.745948055841180917e+02 6.885267288066356741e+02 1.784608794963928915e+02 9.160667464099941526e+01 5.098084880637640737e+01 4.461195371700626424e+02 2.720309184519852010e+02 1.757937883004338175e+02 7.205566701632687199e+00 1.909843981130612178e+02 6.439857381444244311e+02 7.640096116229299241e+02 0.000000000000000000e+00 8.730442883402922689e+02 7.613843564933707739e+02 1.009746149128405250e+03 6.029584477825628710e+02 5.760643878305667442e+01
3.447903040473814684e+00 2.217431728123007701e+02 4.522309711972270634e+02 2.803248484740744217e+01 3.997786431433236203e+02 3.555118027665113232e+02 4.485837590592510082e+00 1.420277655687218385e+03 1.283568598792460079e+03 8.728258777116826650e+02 4.765839859568916648e-01 9.551160680386705053e+02 0.000000000000000000e+00 9.685757027443670495e+02 1.106167600232344512e+03 1.394695305681847231e+02 1.651300672648660282e+02 2.979537288102345087e+02 3.119678153771985407e+01 1.498480541432896729e+01 1.109294806906008489e+03 3.427155484962469245e+02 8.694532040139117157e+01 0.000000000000000000e+00 3.002432523358851579e+00 1.133857535463182309e+01 1.056482453865130992e+03 1.307037027391521722e+00 7.914017498336245353e+02 6.565608264464318609e+02 2.243269727845358830e+03 7.496885367947256782e+02 2.329542907168596688e+00 1.177875832915023921e+03 1.728079109730964319e+03 1.081984024142840781e+03 3.420271134385974392e+02
6.740681007156504165e+02 3.937060492195088273e+02 7.551766335991267169e+02 7.652755380489854875e-02 0.000000000000000000e+00 2.270137240748185832e+02 1.610488176157286262e+03 0.000000000000000000e+00 9.005115781369429362e-01 0.000000000000000000e+00 8.341444528182178146e+02 5.974158571430242759e+00 7.748191838799433526e+02 1.224551534155184754e+03 0.000000000000000000e+00 2.727040691631179357e+02 2.860344979751244665e+01 5.549262118295854407e+01 3.787166507836516161e+01 7.165804955486097469e+02 7.760302272831427484e-01 1.167409843957986970e+00 1.261181802091751969e+01 2.182573074558511337e+02 1.248602714454434363e+03 1.546765237189162008e+03 2.803848812051543127e-01 9.257907907388432704e+02 1.627204328037046935e+03 0.000000000000000000e+00 9.882156233700744679e+02 1.600072198422581550e+03 6.166628341132490050e+02 4.443094579611200912e-01 9.067468988454818373e+02 4.909944541871328738e+02 1.734768207255052914e+02
