output/example/lateral_incision_000118.asc
nrows	75
cellsize	13.33333333
xllcorner	0
ncols	75
yllcorner	0
NODATA_value	-9999
[rows 0 to 16 of 75, columns 37 to 73 of 75]
7.502961367587193805e-04 0.000000000000000000e+00 4.020924072664800331e-04 0.000000000000000000e+00 0.000000000000000000e+00 0.000000000000000000e+00 0.000000000000000000e+00 5.525900172972106512e-03 0.000000000000000000e+00 0.000000000000000000e+00 0.000000000000000000e+00 0.000000000000000000e+00 0.000000000000000000e+00 1.935879317804396393e+01 0.000000000000000000e+00 0.000000000000000000e+00 3.425551552103070208e+02 5.182151061805500376e+02 6.608149284318060381e+02 6.737363233089738834e+00 0.000000000000000000e+00 8.373528799268053717e+02 2.170076602411976694e+02 3.876115161606607558e+02 5.022033694440563067e+02 9.270076761518872388e+01 1.640646817504415651e+02 4.971400586072146629e-06 0.000000000000000000e+00 5.267006942434419869e+01 1.048169385794283137e+01 7.794786057581508387e-02 0.000000000000000000e+00 1.171760928489934850e+00 0.000000000000000000e+00 3.252369639585878103e-02 0.000000000000000000e+00
8.947844123647923880e+02 4.235891705559774218e-04 1.091569533275524926e-05 7.771492738903650332e-01 8.886677204738994078e+02 2.545569507521930177e+02 3.099353584313910233e+02 1.015736561591079408e+03 0.000000000000000000e+00 4.743027464626772875e-05 4.176717492015806776e+00 7.426255820779485930e+02 3.711713113911029041e+02 1.538730364540615710e+03 6.307744209430385496e+00 4.784535475077311730e+02 0.000000000000000000e+00 4.300979854047875506e+02 4.720541486184571056e+01 1.235549216767061580e+02 1.009010740342321014e+03 3.690901980396494650e+02 3.384432035959671339e+02 4.045331194539568287e+02 1.615479656482528696e+02 7.367628237559670197e+02 3.199220834467139412e+02 4.997301163959649850e-01 3.174979991003321089e+01 3.595333971346759938e+01 5.764757463916935443e+00 2.487637873165835742e+02 1.771120770888149991e+03 6.947543909288482755e-01 3.993110351792323058e+02 1.092480561147673370e+02 8.903248415216261646e-01
3.897714463041094746e+02 1.354515447390427880e+03 2.924029328981738445e+02 2.051163215024900239e+02 1.396741037077433418e+02 0.000000000000000000e+00 3.804232512379746254e+02 1.813717538158776108e+02 1.173977742009696385e+03 4.147879034295151541e+02 0.000000000000000000e+00 0.000000000000000000e+00 8.518102346451436802e+01 1.168188656370381437e+02 2.010461697534699397e+02 2.456441914798548680e+02 7.127896419303242226e+01 4.976839434198218015e+01 3.534567988672111483e+02 1.173830792009306379e+02 1.697883690303538913e+02 1.428545653300117237e+02 6.448588865109593371e+02 4.842949167701729039e+02 8.791032012115081216e+02 1.277311226134349681e+03 5.171545627821061686e+01 1.073394301197511140e+03 8.354616973732782981e+01 1.544286969357502670e+01 0.000000000000000000e+00 2.280339178828279501e+02 1.663855480416480304e+03 8.418032336135861442e+02 1.528291826796290920e+01 6.592674774326228260e+01 1.926843974751621715e+02
4.621107258288007813e+01 6.519033268670584675e+02 8.606386839491303817e+02 9.606068937658036475e+02 7.292759029876498289e+02 8.148785559453275482e+02 1.554371026969132572e+02 1.979772780286274951e+02 4.440221449950864212e+02 1.408877935077385644e+02 8.181137115491983423e+02 6.754900439272894346e+02 4.164448286437510092e+02 2.926950393914246273e+00 6.543307966307504557e+02 4.684213775014330849e+02 5.315856579495557526e+02 3.433579640420033456e+02 1.617119187640521716e+01 8.856232863844812755e+02 8.254057079421380649e+02 1.450826995605369120e+03 2.526883467422512695e+02 2.296582255134011348e+02 9.583766700166274859e+02 8.914187947117216027e+01 5.626438097806621954e+02 4.487958327532312524e+02 0.000000000000000000e+00 5.519589059649540985e+01 0.000000000000000000e+00 1.153558617143396987e+03 6.829035525541368723e-02 7.714323813468191702e+02 5.841299864676905145e+02 1.210044529964942512e+02 1.047766249580063231e+02
8.679540718666263501e+02 5.282727536719020236e+02 5.353621289838738448e+02 0.000000000000000000e+00 3.459311477538235522e+02 3.735541442251006856e+02 2.411401839099751587e-01 8.474426257402751617e+02 2.331743462595373018e+00 7.499087683250910130e-01 2.010229752251588593e+02 1.497301188546612138e+03 8.356734720555627973e+02 2.997392186927516278e+01 2.637637724269458204e+02 7.304650449049071312e+02 1.016094457841676785e+03 2.795702361213753875e+02 1.950038023466827894e+02 0.000000000000000000e+00 3.828809779143789456e+02 1.932511164875292934e+03 1.205419454325674451e+03 1.274455599335826861e+02 3.384434446236343774e+01 1.171864230093135347e+03 1.443597708361006426e+03 2.998121032466513114e+01 9.788449671221290771e+01 1.291814742137457017e+02 3.068565726328174748e+01 1.373379915595539615e+03 8.506995447785520810e+02 6.457847233054678782e+00 2.200724054948519495e+02 5.476869189692019972e+02 2.754140135307013182e+01
1.416965930966251335e+03 6.859352069225670903e+02 4.741983709287686111e+02 6.815282884493591382e+02 7.289749527363815673e+01 0.000000000000000000e+00 1.806399043246565554e+02 4.019094846521762854e+00 1.357478357180527269e+02 2.849061940759159484e+02 1.197578427356069710e+02 3.280765700301852661e+01 8.862340951771900563e+02 3.202585457538697256e+02 1.282444326628875046e+02 4.349953986752732362e+02 1.149465048692879634e+02 2.623959512865880015e+02 2.876000116084205160e+02 7.431643442057873017e+02 3.618130928192009321e+01 1.607855326067308397e+03 2.296863003148491345e+01 7.002061940753326326e+02 1.371037108206509814e-01 4.956058648956851016e+02 0.000000000000000000e+00 7.166504518125628920e+02 0.000000000000000000e+00 9.484165710205651578e+00 1.388901402146616032e-03 7.658431867271126521e+02 8.954712148350830603e+02 8.078536793868764789e+02 4.502080540857197377e+01 1.513982427611577805e+03 4.306511369075060713e+00
1.322132860622865337e+03 1.200150507549958775e+03 3.760646517998823697e+02 0.000000000000000000e+00 5.895516391228713928e+02 3.889358138124003883e-01 4.210141674602411967e+02 7.069715208828708910e+02 0.000000000000000000e+00 5.471226487569863366e+02 3.364117038883035207e+02 8.440491310280116295e+02 6.157618127627283222e+00 5.103603098996016030e+01 0.000000000000000000e+00 2.165585958744594208e+01 4.423182325187003698e+02 1.796691821298138336e+02 1.122767665928527947e-01 1.203278663472219421e+02 3.500613119694904185e+01 2.225862260838570861e-01 0.000000000000000000e+00 8.118145309671304233e+01 5.386800914672861929e+00 6.962849840757609172e+02 1.015680441144214797e+03 1.958178329773124782e-01 3.055110593105530015e+00 3.619879875779796963e-05 1.097052352771375126e+03 2.860607631213094351e+02 0.000000000000000000e+00 7.173421419710150531e+02 1.304226052195557095e+01 3.087811395635141025e+02 2.039836215934560073e+02
3.025708657908983810e+02 0.000000000000000000e+00 1.445553325250571106e+03 5.736314731606659052e+02 0.000000000000000000e+00 3.735726336690948415e+02 3.898257513119629607e+02 6.126422664495451045e+02 1.743630578564300260e+00 9.983860721150756490e+02 5.390980407140386887e+02 3.557022577122303346e+02 1.291070673323132212e+02 2.062277424640231231e+02 5.135041928795708088e+00 1.420716557795286974e+02 6.922375778270976809e+01 5.346066677578770623e+02 5.549864139150728306e+02 4.980433049856084153e+02 9.207739524763596819e+02 5.000445130510737499e+02 1.370878008161661228e+03 5.339279848445097620e-01 8.732554394638016220e+02 9.366423950417696460e+02 3.956514108640755012e+02 2.156571085058595258e+02 3.014582473204648636e+02 6.760268592703508883e-01 7.307269098047742091e+02 1.424911645953643529e+03 1.324124474446090517e+03 2.773654572562181215e+02 1.447921131760429603e+01 4.351771467758616154e+02 1.783244328197044481e+01
1.499773244499662269e+03 3.088452895633920781e-01 1.018965800251165010e+00 3.071546346079366430e+01 4.259076204380596664e+02 8.867124771226821167e+02 1.020750407614062624e+03 2.060094986995008526e+02 9.522006456526660259e+02 1.025758617832087660e+00 2.362380813120525147e+02 7.214445036676016798e+02 2.983801965685133837e+02 2.313198456258387381e+00 1.657325962684597087e+00 4.400738853138676632e+02 3.611580268667045743e+02 8.330253687856579745e+02 4.532763979244639927e+02 9.741417838273183634e+02 3.938999905608771002e+00 6.258302006752861644e+02 3.296911017409915701e+01 1.145093938185000297e+03 8.386905069322560635e+00 1.621765592478196822e+03 9.162936994177681527e+02 5.158853455979648288e+02 1.913696607318468068e+02 2.436172883681510726e+01 1.035137341285482762e+03 1.226792466107010995e+02 9.144721944010050265e+02 2.343377945089176073e+00 9.772526103936247637e+02 4.368809237596461799e+02 7.030134016905831231e+02
0.000000000000000000e+00 3.865798387682760335e+02 8.114632818121721414e+01 8.565671509010240925e+01 5.593182990138393507e+02 9.537120530482567347e+02 2.264209966879910496e+00 0.000000000000000000e+00 8.404806413441095856e+02 2.390362992458067879e+02 1.010617895248308855e+03 7.109899562861667164e+02 3.079369493674773395e+01 1.973722262429991758e+02 6.381393331055638782e+02 2.539076628479658382e+01 5.059386005391203298e+02 3.270279946498253025e+02 2.356154079991273353e-01 3.418377821488953714e+02 1.274932737939414418e+00 4.352065171215324568e+01 7.555774427313648456e-01 4.943300733133493736e+02 1.320216087473787638e+02 0.000000000000000000e+00 5.384920020312582665e+02 2.250321333602553295e+03 8.562871309943679421e+01 8.207508624585474308e+02 2.560931488096650241e+02 2.679291574814670867e+02 0.000000000000000000e+00 1.155265295095616011e+03 3.253117804355972567e+02 3.138977189486706898e-01 1.935922238219421332e-01
2.657650425289785971e+02 1.388566992172138043e+03 6.917274760842021806e+02 2.384931568988064328e+02 2.949045124695272579e-01 2.140927382924587263e+01 4.659828087721943461e+02 4.921963991132033129e+02 3.935554057691052208e+02 3.098021831413522591e+02 3.562968449776310820e+01 4.843461491802573846e+02 6.369816299653099350e+02 1.043219318038576127e+01 1.772138857432054238e+02 2.726187317753084205e+00 2.314227546208119861e+02 7.234908335489823230e+02 2.010309359321978775e+02 0.000000000000000000e+00 1.089701813609100753e+02 4.159826763302945665e+02 1.943070241613032749e+02 0.000000000000000000e+00 0.000000000000000000e+00 1.247576284199833708e+03 1.611037680277092043e+00 1.579743742455811798e+03 6.807193053198625421e+02 9.977326882947306785e+02 1.286371571379606166e+03 0.000000000000000000e+00 2.430882758050869370e+02 1.226792466107010995e+02 1.294954282536391020e+03 8.368145301855500762e+00 4.182937608832000365e+02
3.001726358330858435e+00 9.289834231692154844e+02 4.748009966826382424e+02 2.417845983420711207e+02 2.600655574406836195e+02 1.339672409012581056e+03 9.596727946687883559e+01 1.019356546055443005e+02 1.699604747119294359e+02 2.994911167143776698e+00 1.203322452001360290e+02 5.414564672876917939e+01 4.310202052424066466e+01 3.716857315090224745e+01 6.909579608660802705e+02 2.449566517984740130e+02 5.307825914035883841e+01 1.358859864964211965e+03 7.537873377283171976e+02 2.319241241671770037e+00 3.708832814160874136e+02 3.248744760631387152e+01 4.998863541711203311e+02 5.850596987588892262e+02 5.825187495470046173e+01 2.391128733347587058e+03 1.262666639397219342e+03 1.091537055057642647e+00 7.628786996518512069e+02 2.371917994282579798e+02 1.949385002961367963e-01 7.458333742558813810e+02 1.558184611981502712e+03 2.166710967945972470e+02 1.111166790560017770e+00 3.486872892382682920e+01 6.367425280306348441e+02
3.113025477534262109e+02 3.938527512608776426e+00 6.901483387682434341e+02 7.601117939609783889e+02 1.328276689060334377e+02 1.366359554238991336e+02 6.611100126610524796e+01 7.145297453151722493e+02 8.160906592886725548e+02 3.422002041892835678e+02 1.604293692422672848e+02 6.085304123217540884e+00 8.051613560955679532e+02 3.469459302921161026e+01 0.000000000000000000e+00 1.036348205211632148e+03 1.683401504321824689e+02 4.991637218232193050e+02 0.000000000000000000e+00 1.168614882557685405e+03 7.800541767426901743e+02 1.249765335242011233e+01 1.083449177822839005e+01 1.015031169760063179e+01 2.995787058657738839e+02 8.146423133715363747e+02 9.058220070679880109e+02 9.758181236664532889e+02 3.648198580002756586e+01 5.859137353924015912e+01 4.267397217680837684e+02 3.761843654512464354e+02 3.348656914276575094e+02 6.725694826350901394e+02 3.003076378837010338e+02 8.228990518261688294e+02 2.537688820865811863e+02
1.722830619124701798e+03 1.129592993443415239e+00 2.593381857714682610e+02 5.741098538363234383e+01 9.236189230832451358e+00 9.791352002555654508e+02 1.438500401826001962e+02 1.358540718797529507e+03 4.036528772529547950e+02 8.359661857665983007e+02 3.533886450062109930e+02 3.226889661814419696e+01 6.157295857436684372e+01 2.427112410184383293e+02 8.922722108794390294e+01 8.204310250035572381e+02 1.401564703055166774e+03 0.000000000000000000e+00 9.429552647299893620e-01 1.655854999833642751e+03 7.596114018181111760e+02 3.868593975448783340e+01 4.739450841774058745e+02 8.853838722141787798e+01 4.890797288331269783e+02 5.396003004886352983e+02 4.194123422443112048e+01 1.309037343110252607e+02 2.368232906384716951e+00 1.533193452858359478e+03 4.270186549715173641e+01 0.000000000000000000e+00 7.933159236066417179e+02 1.113561857548559374e+03 1.426435237199811468e+02 6.301437183650707539e+02 0.000000000000000000e+00
5.719643958410737241e+02 9.754609120200931329e+02 3.288505746161335708e+01 9.113526423910133190e+02 3.677881378597344913e-03 6.392661641982798528e+02 1.324552749754498961e+02 6.526050855847688581e+02 5.069686648441237367e+02 1.089862238892967561e+01 1.154443145996822153e+02 4.047187482805335321e+02 0.000000000000000000e+00 7.732957189545758281e-01 7.899131116660571479e+02 2.146496550957616023e+01 5.506374263628882773e+02 6.266095327331172484e+02 1.684004460812438310e+03 1.402455881101243733e+02 1.074691999527450434e+03 1.774038783992364472e+02 5.830130711083008066e+01 3.421764114391459088e+01 6.758800896527563395e+01 5.664558649013138591e+01 1.407109155713492044e+02 1.893378385599724425e+03 6.063392255867755543e-02 4.672952343358360139e+01 1.310969985434801856e+03 2.191896646511291014e-01 1.064081285403801536e+00 1.191434816469586977e+01 4.160308228400002690e+02 1.271358687121788655e+01 4.411292751818149394e-01
8.789741914166495462e+01 4.225449919383435713e+02 2.343917213311807473e+02 8.953200716995079347e+02 2.916967497374869822e+02 6.327994623488210664e+02 5.041270621258617801e-01 2.119996886431831911e+02 1.327333988399959935e+03 6.558167256170113202e-01 1.072713305977001028e+03 9.057064826845214744e-01 3.945795610638862740e+02 8.092915597266271561e+02 0.000000000000000000e+00 8.281487966616674612e+02 1.752641609470123374e+00 3.214345175751584520e+02 1.384408103565652084e+02 5.094769316523178873e+02 8.922833882061786070e+00 4.217956385610667098e+02 5.239621116547812107e+02 0.000000000000000000e+00 6.777015872777893719e+02 1.453424110996924128e+03 1.989197565619595593e+02 0.000000000000000000e+00 0.000000000000000000e+00 8.029784341259946814e+02 3.957738344039113940e+02 2.763588486752065592e+02 1.410519563076180418e+02 8.897229223428979594e+02 7.733104832619104307e-01 3.524888206505210775e+01 0.000000000000000000e+00
1.402792322842197015e+00 3.794784654445355727e+02 2.315206888277439532e+02 3.560126955766012316e+02 1.256342643194292805e+03 8.527308654258154093e+02 0.000000000000000000e+00 7.702673356130943603e+02 1.046035892003348948e+02 2.891155398149093685e+02 4.282817167747774079e+02 1.707953432156793960e+00 3.344860879367757320e+02 1.707789982158196196e+01 9.106318411964572368e-01 4.293300788037641951e+02 4.643902739090165710e+01 2.839867573730610051e-01 3.688700472487635551e+01 1.016967385402810805e+03 7.642201961143533708e+02 1.778099143575700509e+02 1.736930175557404709e+03 7.736451992194243132e+01 6.340789315258494696e+01 1.430723677356485041e+03 7.160139133498026922e+02 3.795683438270875598e+01 2.450967892586505457e+02 3.137085096072912904e+01 6.372612066367393524e+00 2.342777085887687960e+01 6.212552069975522784e+00 1.007661689410129725e+03 3.248872330345439536e+02 1.180300235698511415e+03 7.702307054159740311e-03
