output/example/lateral_incision_000273.asc
nrows	75
cellsize	13.33333333
xllcorner	0
ncols	75
yllcorner	0
NODATA_value	-9999
[rows 51 to 67 of 75, columns 37 to 73 of 75]
1.871293281776596018e+02 1.657725313938552972e+03 0.000000000000000000e+00 5.690619778870421896e+02 1.270061069886717860e+03 8.460271463998318495e+02 3.587442369916985854e+02 4.924366776970552451e+02 1.550466982039295374e+02 2.861683122116914433e+02 1.195241345083436727e+03 1.563902746542973546e+03 1.392014254196851830e+01 8.637576248016545151e+02 5.209524466924054877e+02 9.103328719900289911e+00 5.225763186009399988e+02 1.853148363393936791e+02 0.000000000000000000e+00 3.807917260871570306e+02 1.245078284174557211e+03 7.655442797082971651e-02 1.611507935535758520e+02 1.027386826462966155e+03 6.725701095695624243e-02 1.031655517696010975e+03 1.167878687516028322e+03 2.127572627291827168e-01 8.430379794434351197e+02 2.112319804053404368e+02 3.318116433796929776e+00 5.030322845582309021e-01 4.518791945596518644e+00 8.085782869295084083e+02 1.486425463365397377e+02 7.596328642791057746e+02 1.865673639207594761e+02
9.910061681780429126e+02 5.434696751120039693e+00 9.880648402838218658e+00 3.714800437066602967e+02 2.785862138682570048e+02 8.189961023847101842e+02 4.768399618529412520e-01 3.204758705821439548e+02 1.423908819271869334e+03 2.419978756729035183e+02 1.472818255318517458e+03 0.000000000000000000e+00 1.114360494956191872e+02 9.110979927107980529e+02 0.000000000000000000e+00 3.305717228817611613e+02 4.521917673179919461e+01 4.299127621131486308e+02 2.211961965841738618e+02 1.906672901998397052e+01 1.030877387877550344e+00 8.340361836671443143e+02 3.032647605898532106e+01 4.900239034660086759e+02 6.314100158668911718e+02 1.605331804708477750e-01 0.000000000000000000e+00 0.000000000000000000e+00 1.098308664725045901e+03 5.890203162705756768e+02 7.742553733170087753e+02 1.130611825164682841e+03 2.945457920159506671e+02 9.210914709369939146e+02 2.476023496798363794e+02 8.391273288460652680e+01 5.311175931826570462e+01
1.175340876772816151e-01 2.263826164886424408e+02 1.044887948691018210e+03 4.995393711262782928e-03 5.722134034269905669e+02 1.534922886341459844e+03 2.226313988326063281e+03 6.221636103691890867e+02 3.346511671560945445e+01 3.072143861496408057e-01 0.000000000000000000e+00 7.883046918270104015e+02 1.757246567839861768e+02 6.315913672426128187e+02 6.541868094312316089e+02 8.414331854632049499e+02 6.065696109327697059e+02 1.125836016816460585e+02 5.187001513591208095e+02 2.924292600488413427e+02 6.909008708727418480e+01 1.961247765419182315e+03 1.316531896672366656e+03 2.774126400041452598e+02 5.700842926213895225e+02 3.903962602743670907e+00 1.189989312616236020e+03 0.000000000000000000e+00 0.000000000000000000e+00 4.492058004869679166e+01 1.879276005201996469e+01 1.561680861917188068e+01 3.344639803273670964e+01 1.035102961109331687e+02 3.071461550403902834e+02 1.563434719374135398e+02 7.477663896232216985e+02
0.000000000000000000e+00 1.478157586070838363e+02 1.477450488314223776e+03 4.299709714691571207e+02 0.000000000000000000e+00 0.000000000000000000e+00 1.545983427807889711e+03 0.000000000000000000e+00 2.000171728856016580e-03 1.607479522016274132e+02 1.624331009010435537e+03 1.581226460857822076e+02 2.370785091198315542e-01 2.879415297332196246e+02 4.567181154568240800e+02 3.050170833436837938e+02 2.884754003669282270e+02 7.087927813517970890e+02 0.000000000000000000e+00 2.407603272244965353e+02 7.396422088840262177e+02 6.879075124744975938e+02 1.553477638907958180e+02 1.133336110021416061e+03 6.826184019526083091e+01 1.316979723347694176e+02 1.428556692779750392e+03 3.308448059012325615e+01 0.000000000000000000e+00 7.975869071270499262e+02 6.513988537307079696e+02 7.656679864433958755e+02 7.656685817729195378e+02 1.617464116774222873e+02 2.031312658210451332e+02 1.146481567250132042e-03 9.657627052897360898e+00
2.857991018086661938e+02 3.207459327472747077e+02 1.509714845451043530e+01 1.217331657371355789e+02 2.994920280621109896e+02 3.331214917666203519e+02 4.584295713948122852e+00 5.774786293293402650e+02 7.865137803083091512e+02 1.078624677594718605e+03 6.822326374551724939e+02 1.140064559083228879e+01 1.773123924937416405e+02 4.460773237884592402e-02 2.782915384586810319e+02 2.267370975903919827e+02 3.779570959823544030e+01 1.274822932314698676e-01 5.012554149672977521e-01 3.863821323962038701e+00 1.246299757524740386e+02 4.420536883921014351e+02 5.906361879014388023e+02 4.182238207002800436e+02 1.055407040071734627e+03 1.645636815935480683e+02 3.366225948339082663e+01 1.422438022161023582e+03 0.000000000000000000e+00 1.023124060829964037e+03 1.683299254866613470e+00 2.073198539264597002e+02 0.000000000000000000e+00 1.046690909059965549e+02 2.199228996326577601e+02 0.000000000000000000e+00 1.021415460538702632e+03
8.588545245358757256e+02 0.000000000000000000e+00 0.000000000000000000e+00 1.584942985012140184e+02 1.930810653855421677e+01 0.000000000000000000e+00 7.840974140569679562e+00 1.077973909815218576e+03 0.000000000000000000e+00 7.601150095309554899e+01 3.402288536369448479e+02 5.707580829382956153e+02 3.306799886738465375e+02 2.054972522440160958e+02 1.019273453832608922e+01 1.584034302102571928e+03 8.325216490600429324e+02 2.952936092962393104e+02 3.491309771764044445e+00 5.776606838240878687e+02 5.750417619459981324e+02 7.523731225469805395e+02 1.186413752140514646e+02 1.154187469870460973e+03 5.065170696654191147e+02 3.772950489475828534e-02 1.627268525582825376e+01 5.831074176283417501e+02 2.652120688600863900e+02 6.706695923199383742e+02 6.967236859882647195e+02 1.164428754957985603e+02 2.146952036706620603e+01 4.490734639423644694e+02 2.127387178298457400e+02 5.979767088050968482e+01 6.097994260553545018e+02
4.413915325626222739e+02 7.004600427465497887e+02 8.263743523162040674e+02 4.345876804201798649e+01 9.155556556087973696e-01 1.412730950073387248e+03 1.261115492331453424e+03 1.270773734349867027e+03 4.015516720108998783e+01 4.464050211442450404e+02 1.317057950575948553e+03 1.436146639768139437e+02 1.020951151269925283e+01 3.707933421457673262e+02 9.597644345633051444e+01 3.442288208746551277e+02 1.447130954556574807e+03 3.702613647710126656e+02 5.569577866079696378e+02 8.753907317116421893e+00 9.874996535333003749e+02 0.000000000000000000e+00 8.988668592249879339e+02 1.078693507212897202e+03 2.660309067028584877e+02 5.013960149442390213e-01 5.839573767697479525e+02 8.779371036558295600e+02 2.836275807933915871e+02 0.000000000000000000e+00 1.168487994081874149e+03 1.234031240059622633e+03 1.475359639114571564e+03 3.386628780259171378e+01 1.001551175243730427e+03 3.904349772873621305e+01 7.453202157255893781e+02
1.248551868759376248e+03 0.000000000000000000e+00 1.322459032436849839e+03 6.824922788223809675e+02 0.000000000000000000e+00 0.000000000000000000e+00 1.552129805529442365e+03 1.937271918639235935e+02 8.568113865117551597e+01 4.609549541918910904e+02 3.419882483658249726e+02 5.673459733247102577e+02 0.000000000000000000e+00 2.748386938516200644e+02 1.377134549400066987e+02 6.986207866068793182e-01 2.874069995016338908e+02 1.985633105259098130e+01 6.244022751517576131e-01 0.000000000000000000e+00 2.365266500293648377e+00 1.808668570394550557e+02 0.000000000000000000e+00 1.684652266491727062e+02 9.839457882973899616e-02 4.039707490259276028e+02 6.011404486995777461e+02 1.304621095610879706e+02 8.833622842638333168e+02 5.372575296474064999e+02 3.524391740416598964e+02 3.397141176270288838e+02 4.695107379217092785e+02 2.353422271567402788e+02 8.340010984962403784e-01 6.101199593822909151e+01 3.029484372514999801e+00
1.539716664199299032e+02 1.044147256603439246e+03 2.837492777338002838e+02 1.213190110649298731e+03 7.492738641000883604e+01 0.000000000000000000e+00 4.463440116575155798e+02 8.755062249001463215e+02 2.716717136138861974e+02 3.641811671745411161e+01 1.055047012234129625e+03 6.229894226995951385e+02 1.181684197454661103e+02 4.018250273485124979e-01 1.966535151253870026e+02 3.045136516479585254e+01 5.057673064867017274e+02 7.639126420090242391e+02 3.020531255559579904e+02 9.873627144009523136e+02 1.444964578527813615e+02 1.183626837918269503e+00 8.375348392759264016e+02 1.577433142352963387e+03 4.148444831144439604e+01 5.046930255264467746e+01 1.465645320809784607e+03 3.053629943225403309e+01 1.275866545977692795e+03 7.252114037600085794e+02 6.077274825857496126e+02 4.582695256956900209e+01 1.739317194986428561e+00 1.766763898598550213e+02 0.000000000000000000e+00 1.119290917235589177e+03 7.009309126332270434e-01
6.545240572755710673e+02 9.866895312569138241e+02 1.575871057757393245e+01 3.231529273546048131e+01 1.645779045330522422e+03 1.409093216088844883e+03 1.040064566307651361e+01 4.488279515706358325e+02 9.299345793939477289e+02 1.563484278529766591e+01 4.627482812233932918e+01 1.066291122265197941e+02 1.745596929739901384e+02 8.908061492386124200e+02 8.114779270001612304e+02 3.839824837806319806e+02 9.152934759950056787e+01 8.598425461727698575e+02 7.184753063570283871e+01 4.757464681950787053e+02 2.101918723663013395e+02 6.860117211302055011e+02 1.051926206757626005e+03 1.975834002347454543e+01 7.153562188337944008e+02 3.780496030326822421e+01 3.014189086007641905e+00 0.000000000000000000e+00 3.312988983193309347e-05 1.587129700763378821e+02 9.684826943880253225e+01 0.000000000000000000e+00 3.609562051867437162e+02 7.858202662914375196e+02 0.000000000000000000e+00 1.195266655296219596e+03 1.758819331591591251e+01
6.314065867844777813e+01 3.177704114258663726e+00 1.563967639014214001e+03 3.917065609696076649e+02 1.132336112296882675e+03 2.455700397684334803e+03 9.425085936417381163e+02 2.634604591042759836e+01 6.246780907840833452e-02 6.860535771215509158e+02 7.880507497876408252e+02 2.833083423635109170e+02 5.804782852384256557e+02 8.914324596569676018e+00 0.000000000000000000e+00 1.348753575300578632e+03 1.822844454843687956e+01 2.122427770610253219e+02 2.995306943376541540e+02 1.812294379925030853e+03 1.152550027215369937e+03 8.131262642504557547e+00 0.000000000000000000e+00 3.375065111811696852e+02 2.131700682140831304e+02 5.025771909615746722e+02 1.273373782303406642e+03 0.000000000000000000e+00 8.744311523068142833e+02 3.549464833716050975e+02 1.336635945090126620e-01 2.677844038015491037e+02 1.618627304864940868e+02 6.473421568541430133e+02 2.042319822886395286e+02 7.040159986452987368e+02 3.697633220837709955e-01
1.627934157085630659e+03 1.084149499906127176e+03 3.927371799344656011e+01 6.041474474187356236e+01 7.356281997954094987e-02 3.651377938503406995e+02 3.615975473565021048e+02 0.000000000000000000e+00 5.851862287448326470e+02 1.112855843450378416e+03 1.024999025540004823e+03 6.298657107060736280e+02 4.960900237451419947e+00 8.015411761075063168e+02 1.326039365941207109e+02 3.307775126619872594e+02 1.044245786367931750e+01 5.173118704310198837e+02 4.867726134847774944e+01 7.564764935569696718e+02 6.955653582566793780e+00 1.506307852357664842e+03 1.195280372502008277e+03 7.164022878032470487e+01 1.101375250428799518e+03 8.623092778914797236e+02 1.362610014015439219e+02 3.575652407452208195e+02 8.893220626142182539e+01 2.929539007862708218e+02 1.422287245485012591e+03 4.178152281710882932e+00 5.187030490177826358e+00 1.110167464175970053e+03 1.554229331994171389e+03 7.683964265461658272e+01 4.256965158140274070e+02
5.266591427456025940e+02 1.348810752110079534e+02 0.000000000000000000e+00 4.438475179332212583e+00 0.000000000000000000e+00 3.903912745455261302e+02 8.590849727557751976e+02 1.357814085154220329e+01 2.082701735626458772e-01 3.801017308947435822e+02 3.909271354589717475e+02 9.834206470976615932e+00 1.059103357014541125e+01 1.066313774629256557e+02 8.441529070089139850e+02 1.182832704431900694e+00 4.791268852008474255e+02 5.523115333496431276e+02 1.045445353248543142e+03 5.216289177417442033e+02 1.197281567790464019e+00 9.326335457898895811e+02 2.306059309850884631e+02 7.983597801266587624e+01 1.581085396133840959e+03 1.563691544711797121e+02 9.309282296600231987e-01 0.000000000000000000e+00 9.733801905963454146e+02 1.312567991930828555e+02 1.034559320163727563e+02 1.789917122791661654e+02 9.809204919493094366e+00 8.623603481532772008e+00 1.516012588241631533e+02 1.174163672832309658e+03 2.500826650105954343e+02
3.490577513925248923e+02 7.028792858832440515e+02 1.569566211798076427e+00 4.908042889299490525e+02 0.000000000000000000e+00 1.011918994238645269e+03 7.760455890362142100e+02 5.420786141477821047e+02 0.000000000000000000e+00 5.460779430986242460e+02 5.870308488971577390e+02 1.091219255920205796e+03 1.425091770532908640e+03 1.977347746368988339e+02 6.249589076540158494e+00 1.716281616850947103e+02 5.769452488018210943e+02 9.019851536274236992e+01 1.172175036748109051e+03 3.659035579856547429e+02 4.167328679023349025e+00 4.845574546464932837e+02 1.481385469510918711e+03 6.061336513313912633e+01 1.367104166055189353e+03 2.052969600708781286e+02 9.130739660208167841e-08 1.786607341860239160e+02 1.289373212678695609e+03 1.254320791841728123e+03 8.770926247914555063e+01 1.415849240641751749e+03 4.205334172111696134e+00 1.274683528563651180e+03 2.178710645436782443e+02 0.000000000000000000e+00 4.648983374028042022e+02
1.568791947813418517e+02 1.761701204729193648e+02 3.773113447633710393e+02 0.000000000000000000e+00 1.218133550717127264e+03 1.595524760140989997e+02 1.312314761199128725e+03 1.132673357805100380e+02 0.000000000000000000e+00 0.000000000000000000e+00 3.485988597952778179e+01 4.505150933288485930e+02 4.483009661508961585e+02 3.798954414956887149e+02 4.446079434597580757e+02 3.851055628365528491e+02 1.280974825106711634e+01 1.940488869422557059e+02 9.860468331955842132e+02 2.745948055841180917e+02 3.655727555116432086e+02 6.019737790501217489e+00 5.306223038390994589e+02 2.354055592912560968e+01 4.125646471880676245e+02 1.201247215629779930e+03 2.952182102785455413e+02 3.351297881003468433e+02 1.767881136766308003e+01 2.389631262409523116e-01 8.037859269034767067e+02 8.137366365641827315e+02 1.161091729473567682e+02 1.885408702680580750e-01 5.596090348823263412e+02 1.078423890800648053e+02 5.760643878305667442e+01
4.657139838431221790e+01 5.845677574679381650e+01 4.246183241120309038e-02 1.764529094506428066e+02 6.379790429501429116e+02 1.510168771646289088e+03 7.356142505757550687e+00 6.693730833171651966e+02 3.751230977431933411e+02 1.993738525934217964e+00 1.768552030411663281e+03 6.778250482637980667e+01 9.525489473099389670e+02 6.120603602466918147e+01 2.185740852179775651e+00 5.118202967820212734e+01 6.472305365293273383e+00 1.367659611472427983e+01 5.926552704996033754e+02 1.498480541432896729e+01 8.924550025308923296e+02 2.902858127985240912e+02 0.000000000000000000e+00 3.854730060239932072e+02 1.231749418559465875e-01 8.536116971836835887e+01 0.000000000000000000e+00 0.000000000000000000e+00 2.209380494872750091e+02 4.997223673265213328e+00 2.222210047573171323e+02 7.041297148078836017e+02 1.039253893847120935e+03 6.121804725448208728e+02 1.108854477890221460e+03 2.441269386719023373e+02 3.402814460155265692e+02
1.895220657530163919e+02 1.221775757277972161e+03 8.073942472385518840e+02 6.819109490994736689e+02 3.218091864249833520e+02 1.608593159687335472e+01 1.192610429862332921e+03 7.538353910839188075e+02 1.073475195831099199e+03 1.597625965477135868e+00 1.561946804528294251e+03 2.577813226907757667e+02 1.161531776973401747e+03 1.333762915248944694e+02 4.096735571845638901e+02 3.609405890785729043e-01 3.626891538702482194e+02 0.000000000000000000e+00 7.701638062782525367e+02 7.070351529302016615e+02 0.000000000000000000e+00 1.167409843957986970e+00 1.261181802091751969e+01 2.155702372292803659e+02 4.590826855559569140e+02 0.000000000000000000e+00 2.954472871936423051e+00 2.625415397080313795e+01 1.303206133489472222e+03 3.101754618240790684e-01 2.074204306482662048e+02 1.735886461007069670e+02 1.104793917351310029e+03 4.362722863103710438e+02 6.001673821975696228e+02 1.864802919905930594e+02 5.708500862785643903e+02
