output/example/lateral_incision_000270.asc
nrows	75
cellsize	13.33333333
xllcorner	0
ncols	75
yllcorner	0
NODATA_value	-9999
[rows 17 to 33 of 75, columns 0 to 36 of 75]
0.000000000000000000e+00 7.618200232411182924e+02 8.481431670958303357e+02 8.489013673505905899e+01 8.017710473637831683e+02 1.117692597691969468e+03 3.853025773531480240e+02 4.725828996689389214e+02 1.583770450209711498e+03 2.466095359524127559e+02 8.398617322646359753e+02 1.467607188388709574e+03 3.686833504254181548e+02 1.355889612912178563e+03 1.706743316815791331e+03 9.044636427797665412e-01 1.408936715215651930e+03 5.989539303755582189e-01 4.713497882534275050e+02 1.178185079747971429e+02 7.041157410493509587e+02 2.860675677252426112e+02 5.900513870017241516e+02 1.219267310005406983e+02 1.258381808732095578e+03 2.067611420199573047e+02 1.069833106084315204e+03 2.651619475457341650e+02 1.450708743439950695e+03 2.403866732107228454e+00 4.223436963876152106e+01 8.720337549792375187e-01 3.619795254233764012e+02 7.653455954207949219e+01 8.596512519634092087e+02 4.494022050769248722e+02 5.656439705548907426e+01
0.000000000000000000e+00 0.000000000000000000e+00 4.773085379607980485e+02 5.354683285335609666e-01 5.543099896152737216e+01 6.545779552317417256e+02 1.418117640395503258e+02 1.304017570254835391e+03 8.884976943066844601e-01 4.089921481878643590e+02 9.983032393820384414e+02 0.000000000000000000e+00 1.392395753980155138e-01 1.236945120973195644e+00 5.092073415109989583e+02 3.425701129383049874e+02 0.000000000000000000e+00 5.685427404333400148e+01 1.284878493870069462e+02 1.360675737480946736e+02 6.363955006731085007e+01 1.064220175563030608e+02 8.313865045763674244e-01 5.012624934318363046e+01 2.938469776226972741e+01 3.527807145330273784e+02 1.052661302351214772e+03 2.154167628859298986e+02 9.963808892886992226e+02 5.987370558727797061e+02 1.499930933987039225e+03 1.736711122307048640e+02 9.663034052457420557e+02 3.835481888374949335e+02 0.000000000000000000e+00 1.049603732866276459e+03 1.336664506480908585e+03
0.000000000000000000e+00 4.535322483611512894e+02 1.033915453967340454e+03 7.803351899099969842e+02 0.000000000000000000e+00 7.364508968373331754e+02 1.296986902156971155e+03 1.478769107772070583e+02 4.565765782206997159e+01 1.102445729995757517e+02 2.923024129756012712e+02 1.069653711093424363e+03 4.146401018070118312e+02 6.191214908017107064e+02 2.929491158217431916e+02 1.522212667405690809e+03 9.410295536130115579e+01 1.081201865552437312e+03 3.724999034855818536e+01 1.307299725179289567e+02 2.107988383734588922e+02 1.900280496271738286e+02 2.587612523499643089e+02 2.221252074714537628e+02 2.370603927011226464e+00 3.733817239886528938e+01 1.429066632259851531e+03 0.000000000000000000e+00 1.486079289762122698e+03 3.439766749228778053e+02 1.068313269961662400e+03 1.387327852533494088e+01 1.646565874012364930e+03 1.337993939170098567e+00 4.759988969682045195e+02 1.066687769636550684e+03 5.037753034884867134e+02
0.000000000000000000e+00 7.258103000723579044e+02 2.731848631422438611e+00 5.246767822095429210e+02 7.109035116260616860e+01 1.102323969337284204e+01 1.134197663798819576e+03 9.455011780387596598e-01 7.284692468951363935e+02 1.276499922232762856e+03 1.101030872778923353e+01 2.978450710025437047e+02 3.017182878031666959e+00 6.020801167327724102e+01 2.288520223668940901e+02 3.942340931007690870e+02 4.887066080366703424e+00 7.350342689513818186e+02 3.346597894392653529e+02 8.496592014586487949e+02 5.214250003592691201e+02 9.293068159257080652e+02 4.314741924801845130e+01 6.693497533649701836e+02 5.372352639336479569e+02 4.025538954118633228e+02 1.108123190563818206e+01 2.022926164313169011e+02 2.260864615357808134e+02 6.414349148849299809e+02 7.188528633376330390e+01 8.810844349543843919e+02 0.000000000000000000e+00 9.301419642700106682e-03 3.548623834078581041e+01 1.176837985564218059e+02 6.512761139950596316e+02
0.000000000000000000e+00 4.560347052230647478e+02 1.493242655306820780e+03 1.300400430101560460e+03 6.244399486575698575e+02 3.279169525384775739e+02 1.062133560412670249e+03 5.881668165632363525e+02 7.063056064396486136e+02 4.130526126186169336e+02 3.296042817838627457e+02 6.347430144230391988e+02 8.495446749135044229e+02 8.189484003381862749e+02 7.343075089106959830e+00 7.287629444221225867e+02 8.389724026705397364e+01 1.067608716711111905e+00 1.536047033846429940e+03 9.201496849023059212e+02 6.660055075639494362e+02 1.269581013213968674e+02 5.962803358538571956e+02 5.595452583951065435e+02 6.470709356555064460e+02 0.000000000000000000e+00 5.785668705575510558e+02 8.322289961860892049e+01 3.415056876231147953e+01 4.830430222977483368e+02 1.287476129210072884e+02 1.436617002359488197e+03 8.111412355150855547e+02 4.024384397514938314e+02 1.010491526281746360e+03 4.265494317986362489e+02 1.942652902426521555e+00
0.000000000000000000e+00 0.000000000000000000e+00 2.211956081702284962e+02 8.584591450805311297e+01 3.924346020288834325e+01 1.853631351015869455e-01 1.590396803843756035e-01 1.463783576317879351e+02 8.476580475221613824e+02 9.960200566412288481e+01 8.934619286107857761e+01 1.298061753730922590e+02 2.978438215251900374e+02 2.757389522335469678e+02 3.976947683233300523e+01 1.263512907116632960e+02 1.643671458381380717e+03 1.123149087440220910e+03 2.053482107282293523e+00 9.322072679679992007e+02 4.759338378501139459e+02 3.433061502151284685e+02 1.270761102634490136e+01 1.237473436145630323e+01 0.000000000000000000e+00 9.172100925859999734e+02 4.126834817708944456e+02 0.000000000000000000e+00 4.578782131621427425e+02 3.561327562237408539e-01 2.406199746113427977e+02 9.512561920552727770e+02 4.588107189176764678e+02 2.291978138553726581e+02 1.577752015028988581e+03 6.099116218637227860e+00 3.140742866541865652e+01
0.000000000000000000e+00 1.222319404076907176e+03 8.271940213873903076e+02 1.146043905981532163e+02 6.919653772747351468e+02 8.342805443873183435e+01 4.161128122905880105e+02 1.458158896665957904e+01 8.126222540493083457e+00 2.675353614200815924e-05 2.557658473164789470e+01 4.013648472418898905e+01 5.610809618159328238e+02 7.052770375033317407e+01 1.030428527934194790e+03 0.000000000000000000e+00 6.660835027886765403e+00 3.658966687894829874e+02 3.023890622857918515e+02 1.828481430168795541e+01 3.944616797636425076e+02 9.665697363791181260e+02 1.584974301390289275e+00 1.822995152236025973e+01 9.819899852373791873e+02 1.232208189219983012e+02 2.437164705313057311e+02 1.272032651816745386e+02 4.831883878812821536e+02 3.632620786948681939e+02 2.682105188773636906e-01 5.506590779288910653e+02 1.404671885151266224e+02 3.353933736202699833e+02 3.307606091582644581e+01 1.528785381603217672e+02 2.831943763215244871e+02
0.000000000000000000e+00 5.971043797438519161e-07 0.000000000000000000e+00 7.881040796258234877e+02 8.001740298961165081e+02 5.939276113895497033e+00 7.050175925199682752e+02 3.444401156987827903e+02 6.687015405657271003e+02 5.874703269385519206e+02 4.640046706129892868e+02 9.237124122977896832e+02 1.420490416825766715e+02 8.931648962957930280e+02 9.795584578506746709e+01 1.840363589356526219e+01 6.556962404411901844e+02 1.062413154493328271e+01 9.510128387464582147e+02 2.310397790051189872e+02 2.577277777785772628e+02 1.026406691484916564e+03 2.690983645432316962e+02 3.626007419847019833e+02 6.280629102091307425e-01 1.354645386476496242e+03 7.465783468654891522e+02 5.631210789588342180e+01 1.457950153161746520e+01 5.835032653418988247e+01 0.000000000000000000e+00 2.652763902126665485e+01 2.448322154260599461e+02 5.078237826637848684e+01 7.696633482383410865e+02 2.286561907338918900e+02 7.579153829344527367e+02
0.000000000000000000e+00 7.991349423884636280e+02 0.000000000000000000e+00 8.682951236998039803e+02 2.503202819812927089e+02 1.932711977527691829e+02 7.740271861329617877e+02 5.550865700007927899e+02 0.000000000000000000e+00 0.000000000000000000e+00 2.040045559004978060e+01 4.528716922693544689e+02 2.061666902895591680e-01 1.470805479760873027e+02 4.031801379327648647e+02 3.807223021507145972e+02 5.503483544995396493e+00 1.461363659521996169e+03 5.490817301718162753e+02 5.762287733925035127e+01 1.417856331101265368e+03 6.724526161888172426e-02 5.087454474486541471e+02 2.321157755907512126e+02 1.294754411862640836e+03 5.571550009323839276e+02 1.464493572329932022e+03 2.277444005237097144e+02 0.000000000000000000e+00 1.877099622603033708e+02 1.207136174464896961e+01 2.443590268221279018e+02 8.490766291597183226e+02 5.041375273990760775e+01 4.919575407605229316e+02 4.748920816528555520e+02 7.164089937472281235e+02
0.000000000000000000e+00 2.223353375811915100e+02 2.993529004159337319e+02 7.573633109740906093e+02 1.255115307184171797e+03 7.210773019313970735e+02 8.060806664936445998e+01 8.176599659148396881e+01 1.050379779699138680e+03 1.437467769503191221e+03 2.185942660517515606e+02 8.564689683539131693e+02 0.000000000000000000e+00 5.229210213786540606e+01 3.084640607368254450e+01 1.831371273195907747e+02 8.274790905347516627e+02 2.224926308825281467e+02 0.000000000000000000e+00 8.429304430993676078e+02 1.531263714087845528e+03 1.069340454661267131e+03 0.000000000000000000e+00 0.000000000000000000e+00 1.813211863640789261e+02 1.369224598734749634e+02 2.842773740305131014e+01 2.188053634434699291e+02 1.246548728355226331e+03 1.961588130875328488e+02 3.118940891248728349e+02 1.706412138150208477e+02 6.565620114934362164e+02 1.291121640455715180e+02 3.061871105098094858e+02 1.755205819288414375e+02 1.052032753629364237e+01
0.000000000000000000e+00 1.885976707668063668e+01 4.019520851232034175e+01 1.146027639533164404e+02 2.336362335292161063e+01 2.743169366544197274e+01 1.287020145320573192e+02 0.000000000000000000e+00 8.043555504550258775e+02 1.198983980623873549e+03 9.997836514270225905e+01 2.561534907386431428e+02 3.920380350007317816e+02 5.041870977751357827e+02 1.514847894282663219e+03 1.311411901170422993e+02 1.567627062984689701e+03 9.266541807679910789e+02 8.556012604998132929e+02 9.663063930200593177e+00 1.182050658768408766e+03 9.986770123389977698e+02 1.656616560312902777e+02 1.167617891234257513e+03 2.238349791981570149e+02 1.419916735582611409e+03 4.867351734984750777e+01 1.501192019503962172e+01 4.801825001352424351e+02 2.519439030652504963e-01 8.864911959324068675e+02 2.186787764549143198e-01 3.066690444467872823e+01 5.186630082803782571e+00 6.353082793574122888e+02 4.765499009164953748e+01 6.442787364763191817e+02
0.000000000000000000e+00 1.258707215347680631e+03 7.792550192967538578e+02 3.502519813679033405e+02 5.689488264620463269e+02 5.688647563506432903e+01 6.536000736984931336e+02 1.686424320853342579e+03 7.191783981130937775e+01 0.000000000000000000e+00 3.600771920888076920e+02 1.043462923667431824e+03 5.764556640881702378e+02 3.228441225166216668e+02 1.254889896451049481e+03 1.034380928245269393e+00 2.039324202074707557e+02 1.073697516097167636e+03 3.088825345885292677e+02 1.346994326712477985e+01 7.337983942073473145e+02 2.931846646555273423e+02 9.791133687173901308e+02 2.725430350717028887e+02 5.356188934080765875e+02 5.704255730759765584e+02 1.203972643084004176e+03 5.083814942716796281e+02 1.276984149026684236e+03 1.422574103454691681e+02 1.269924249941834375e+02 7.371890354447270965e+01 4.885908210412410426e+02 2.611787539825273541e+01 1.450469831678959736e+02 0.000000000000000000e+00 3.173239682033484996e+02
0.000000000000000000e+00 6.046133934905404885e+02 6.144598350313270885e+02 4.065213430139676234e+02 1.496898549140746013e+02 6.469710185917492140e+01 2.990172621276287259e+02 1.294072194655991325e+03 5.216210947109608469e+02 2.939397730772888622e+02 2.818179526368880943e+02 2.350151698266050175e+02 3.348896546060682908e+02 9.019589474435639431e+02 9.728267678483073055e+00 4.182510736040620714e+01 2.198591945653948301e+02 3.762852761897839855e+02 3.760042561231986724e+02 1.089405834793459462e+02 2.672389289904118073e+02 2.690652297864270395e+02 1.111720868227887195e+03 2.139634037799497150e+02 3.706988659709896865e+02 0.000000000000000000e+00 8.067047751631770325e+02 7.292216986642035863e+02 2.992317105946378888e+02 6.203246318459551958e+02 6.547623883394791164e+02 4.174912185254338510e+02 8.385712210123675447e+01 6.396291933039609603e+02 1.459711083260537237e+02 2.094357324065551751e+01 1.804074048986481955e+02
0.000000000000000000e+00 1.419062761686286755e+01 7.574595538677610929e-01 0.000000000000000000e+00 1.835745979725770667e+02 0.000000000000000000e+00 7.804361043865227430e+02 3.139815343190419412e+02 1.798701843945098062e+02 8.816965722655937725e+02 6.283414669779721606e+01 1.306198516532413350e+03 9.147284010402224794e+02 2.460335368591215968e+02 6.107853420884331399e+02 1.324696813519451553e+02 0.000000000000000000e+00 1.428473634355099193e+03 1.274973819481720909e+02 2.276702714962922869e+02 6.450629395549715355e+02 1.788792512494253728e+01 2.617345262137519057e+02 2.531845164643963031e+01 3.123506373882037792e+02 7.169368727960966226e+02 3.975138503951162749e-01 2.594988606497272698e+01 1.751105498523241408e+02 9.738770569836680124e+02 6.567006766655217689e+02 3.560265972390216689e+02 0.000000000000000000e+00 0.000000000000000000e+00 2.269850433165079195e+01 1.757460009878686265e+02 5.932455177986572608e+02
0.000000000000000000e+00 1.773082171971637536e+03 1.233984090989054948e+03 9.714347958221170529e+02 9.854730856507281942e+02 3.391122996475747442e+00 5.287682988352586335e+02 6.214575119782375623e+01 2.194202532336759646e+02 4.872467261156489537e-01 9.334935516096021502e+02 4.828023764492479775e-02 7.200292956490009146e+02 3.985271180246013500e+01 2.002071680700611580e+02 6.729484812821326725e-04 1.236343672914472691e+01 6.629817282744705835e+02 4.550234312343823717e+02 3.470284409416780704e+02 2.268802533797119452e+02 6.401745824905262907e+02 8.184730329613709898e+01 4.132196320772189893e+02 3.880893444383460746e+02 1.128763818896499060e+02 7.683313227889954078e+00 3.723396814954505771e+02 7.186022824583168358e+02 3.938349315508556856e+02 4.761724122360417937e+02 4.920497287554546233e+02 2.545836100634794548e+02 1.594095296060483179e+03 7.729645704931648424e+02 7.933846168961163903e-01 1.522575309915944672e+03
0.000000000000000000e+00 8.262443093981600839e+01 3.118473871194078129e+02 6.016202822665663064e+01 2.166131475070123713e+01 7.184490167885307983e+02 4.566183237590717567e+02 7.886167048184903328e-01 2.256563948946603304e+01 2.852499062213454977e+02 4.828478496731939629e+01 1.003166266560684335e+03 1.237578000154886240e+03 4.090704117382639993e+01 1.280480446838902253e+01 6.378925936432212893e+02 1.056604579505650288e-01 7.249875899909393411e+02 8.699407188658933592e+02 6.984143426219960702e+02 1.031348710322834279e+02 3.311841392991833573e+02 5.264212619817727301e+01 1.246028640333225439e+03 5.060336626745800537e+00 7.594375867564646221e+00 5.591455354981464865e+01 8.957943782598428584e+01 7.499930428534590874e+02 1.272974975671857152e+02 1.210474919995682086e+01 2.080155391197029076e+03 4.222647986977054870e+02 4.407811305636284871e+00 8.708633143401598318e+02 1.287621069595149947e+02 1.773954908752273525e+02
0.000000000000000000e+00 1.252127707155270400e+03 3.959660138185805636e+02 1.244930653696525496e+03 3.371024178225684409e+02 1.112150964786574470e+01 2.317635568475936054e+02 0.000000000000000000e+00 7.774746730000258594e+02 6.326360997461183615e+02 5.012928081978679984e+02 3.738105327638815645e+00 0.000000000000000000e+00 5.468381705407892923e+00 1.115106685385433138e+02 7.497446754489036493e+02 1.195379202910039282e+02 2.209192254663026347e+02 1.986392223449314827e+02 3.698269984619147976e+01 9.181856219180442622e+02 6.367733877097064124e+02 6.020218374722276167e+02 7.029243693551176508e-02 5.408995849115759711e+02 5.218765047478727865e+02 1.239372289027838406e+03 2.246589993448396285e+02 1.609247132942734879e+02 6.126960900203136617e+01 7.181418148123550509e+02 4.042949172747427724e+02 1.547167676329091364e+03 0.000000000000000000e+00 1.962626060302166593e+02 4.212297343975591701e+01 2.240698820571098793e+02
