output/example/lateral_incision_000345.asc
nrows	75
cellsize	13.33333333
xllcorner	0
ncols	75
yllcorner	0
NODATA_value	-9999
[rows 0 to 16 of 75, columns 37 to 73 of 75]
2.730880095320796741e+01 0.000000000000000000e+00 4.020924072664800331e-04 0.000000000000000000e+00 3.979261858437778687e-01 0.000000000000000000e+00 0.000000000000000000e+00 5.525900172972106512e-03 1.975129308987696054e-03 1.188172025416675964e-01 0.000000000000000000e+00 0.000000000000000000e+00 0.000000000000000000e+00 1.935879317804396393e+01 8.108273727206165293e-02 2.093329821185450912e-01 3.815658800127624204e+02 5.534273966179734998e+02 6.760571021001833287e+02 5.558879181938473835e+01 7.124580159166725934e+02 1.433435222519221952e+03 5.563956020383164969e+02 4.026352472758312615e+02 5.022033694440563067e+02 9.270076761518872388e+01 1.642259001771812166e+02 4.971400586072146629e-06 0.000000000000000000e+00 5.267006942434419869e+01 1.048169385794283137e+01 1.556254070430262981e-01 0.000000000000000000e+00 1.171760928489934850e+00 0.000000000000000000e+00 2.608628469712240827e-01 0.000000000000000000e+00
3.932863815346397729e+00 8.097447668449901936e-01 1.091569533275524926e-05 2.691510682692550560e+00 2.542126505642959344e+01 3.317980414570446897e+02 3.187613503993091513e+02 3.765819949223700291e+01 6.374126099482212027e+01 6.412547454996051783e+02 7.038431330337188285e+01 1.850239883113055441e+02 5.142995434043970704e+01 7.397369280921828327e+00 3.458020907887395197e+02 2.300781478800593902e+02 1.218119838240044430e+02 1.744911411933004501e+02 1.686245432540737852e+02 1.206409337985833645e+03 1.633342146014180685e+02 0.000000000000000000e+00 7.358041074774687331e+02 2.129040593959909131e+02 2.473597919061257926e+02 6.568773512519492215e+02 8.169570064144916444e+01 2.954087908138529617e+00 3.174979991003321089e+01 3.595333971346759938e+01 5.764757463916935443e+00 4.296411599845072260e+02 1.534099502341866206e+00 0.000000000000000000e+00 2.011215664924345781e+00 8.141253586906888984e+01 1.729301063392857829e+00
1.347283323254852576e+03 1.747773916233915656e+02 3.728455269687527789e+02 8.592985708722439995e+02 2.179161815187669404e+01 1.300223114336070012e+03 0.000000000000000000e+00 1.964813189570140040e+01 3.601008811248312327e+02 5.485239588408924192e+02 2.227256397462392385e+02 1.370168017346341458e+03 9.430075853874126324e+01 5.851794612106676823e+02 1.255112585948390688e+03 0.000000000000000000e+00 4.598473515268194092e+02 3.613385887546806430e+02 6.894593006622419580e+02 2.558929578441978379e+02 1.070867483855169411e+02 9.774035792422827171e+02 1.640835395130470147e+02 1.001143152065720187e+03 4.601423966607977434e+01 6.814452746511865371e+02 3.982911133349346500e+01 9.547331282908170351e+02 1.594030328202368594e+02 4.210310892323196299e+02 1.849251930426050023e+02 1.765331837915138280e+01 9.670189791244430353e+02 6.241406330013791331e-02 6.547649618109680603e+01 4.654990844185949328e+01 6.884772828055288301e+02
2.457890937625011816e+02 2.221222187883289401e-01 7.285266248559167934e+01 5.658204941088538362e+02 5.262366908174234368e+02 1.085811382568358319e+01 2.856088557474345091e+00 1.581229278416819568e+02 8.143778444903689717e+01 3.278269891734141765e+02 2.674926693481831421e+02 5.385669503905308630e+01 1.199467577341942388e+03 1.648903352854396417e+03 0.000000000000000000e+00 7.396726689669696952e+02 4.972977559932048734e+02 1.122515463962464537e+03 5.709287193319013340e+02 6.590412257714008604e+01 1.131558522062270413e+03 3.713288486265377060e+02 9.818835543447313512e+02 2.034069764822602266e+00 3.170813130593202231e+02 1.720957959012148706e+02 9.776241995985836297e+01 4.904797422261034399e+02 2.996328692802326543e+01 9.560528860506595947e+02 7.082969499136336253e+02 6.599052429968655531e+01 1.990235404472013556e+02 2.732304856479889077e-01 1.483695446634631708e+03 4.326798322748903192e-01 4.973784840512738583e+02
1.454977347099152439e+03 1.991207025423012453e+02 6.712163493526578861e+01 1.137630238945405381e+03 1.297703932386936856e+02 4.729553065858573859e+02 5.220814805198153863e+02 2.805939119242376023e+01 1.210312797296739546e+02 2.018827729814012173e+02 1.556443437547243569e-01 1.301674451366983476e+03 3.061666546902310415e+02 1.356852197992124729e+03 1.900678273149491986e+02 6.878508921832668648e+02 4.030781240973888657e+02 1.662420543603950136e+03 2.794962193401703487e+00 1.492222205094471747e+03 2.006962034623725685e+03 7.345529543691748131e+02 4.961983666591686983e+02 5.323628659318446665e+01 3.621131383283400282e+02 6.905679918758042959e+02 5.735922225411109565e+01 3.684799277957951062e+02 1.363620841949709757e+02 1.291814742137457017e+02 1.061936284454780889e+03 1.059293336961128034e+03 2.712454393468198166e+00 1.139593606456196994e+03 0.000000000000000000e+00 1.072748115272839414e+03 1.192785875282785355e+03
3.567435599277348501e+02 1.833492787579143908e+02 0.000000000000000000e+00 5.970208285830907471e+02 5.190908997459240481e+02 7.220969996910927193e+02 5.209045044736784575e+02 5.269517594817743275e-03 1.249534704877999502e+03 1.329596280532782430e+03 3.728488357386724061e+01 9.003984740189035563e+01 4.091323930528206176e+01 6.888073309646041764e+01 1.564307663555548800e+02 1.407724682010363324e+02 1.437597100645665726e+01 7.871906332921756455e-01 1.767203605841210390e+02 1.637355275157635788e+02 2.540475633346787561e+02 4.977773415966928638e+01 6.371881604623949613e+01 2.107270224466766678e-02 4.395842877881443655e+02 5.073689950182752995e+01 2.642610501065464064e+02 1.053684338339142869e+03 2.873087913999530585e+01 1.979608707723994598e+01 3.786834435878341765e+02 9.545994898201889782e+02 1.475918250735722495e+03 1.696138720520763865e+00 8.149389896088370051e+02 6.259830187514213549e+02 3.623733652403109886e+02
1.026592379346948064e+03 5.364535710397348112e+02 8.044950072550423670e+01 2.912403187078822786e-02 1.546279114749455630e+02 4.762695163385661772e+02 7.459803066310290660e+02 1.418093018905290137e+03 2.898843192517496803e+01 8.609917765856407641e+02 4.364932276767489725e+02 2.831033290994136209e+01 5.425400595854853236e+02 4.770710769123180057e+02 6.813801255665987355e+02 2.620400426239798435e+02 4.345137360081617430e+02 3.649792212351532044e+02 8.930405915856266530e-01 5.269973756305284951e+02 8.555717264419561161e+02 7.628684881064941692e+02 4.163295644582285959e+00 3.027911364988851233e+02 6.202724617724732070e+02 6.288084794002455737e+02 1.245025047369865945e+02 5.041685042178232266e+02 2.804882084657848385e+00 4.823832958457506379e+02 1.820226025467103455e+02 0.000000000000000000e+00 0.000000000000000000e+00 7.294409199782547759e-02 9.240761107368213061e+02 1.364286683606857480e+02 7.149826241693705242e+02
1.721112192501223035e+03 1.873684625593164954e+00 3.675462499338004250e+02 1.652059439208422020e-01 1.522048042008716493e+02 3.696009298899606499e+00 1.413198293958784689e+03 1.133127282583773649e+03 7.453208573539781128e+02 0.000000000000000000e+00 8.613098419877200929e-01 4.003803094301280225e+02 9.229974836219691952e+02 3.185693544237802826e+02 5.720801036048700325e+02 4.751592853077836187e-01 1.091850523492634466e+03 7.414555359574420663e+02 1.404174488094757756e+00 4.490585585312309718e+02 1.031090914722746277e+01 7.774845043309184121e+02 1.001013396769346002e+02 2.279757852804670790e+02 3.498649003341228649e+02 4.393138332725349642e+02 2.689586573684162873e-01 3.940457329725199997e+02 9.062569799867508102e-01 3.916957157096583728e+02 3.050798034890052577e+02 3.475000056803080994e+00 8.010766098750094670e+02 1.344166032531215478e+03 1.230323725826157784e+02 4.538837581571190753e+02 7.166847251561096073e+02
8.224080613376838755e+02 5.940178320864541917e+01 0.000000000000000000e+00 2.786339238444061905e+01 3.166408128565815900e+02 8.557963043229176492e+02 1.403523303538350319e+03 1.044599714284923039e+03 1.184790706600513133e+01 1.665292144465107413e+03 4.812913187759751850e+02 7.373460726277392041e+01 3.179263817889472765e-01 4.351517486780610966e+02 0.000000000000000000e+00 8.543298661654048374e+02 1.551024694908354036e+02 8.583336228024669481e+02 0.000000000000000000e+00 0.000000000000000000e+00 5.437796079247149095e+01 7.974791880974549940e+01 0.000000000000000000e+00 1.392703569352649765e+03 2.493937245005313059e+02 2.597812038233965559e+00 4.573698789328838643e+02 1.946194232011614815e+02 6.051365442570220132e+00 9.007709268876511715e+02 9.384212601030554879e+00 7.826392116344865144e+02 0.000000000000000000e+00 1.302958683711190133e+02 5.635216952747786934e+01 3.745471586834250957e+02 0.000000000000000000e+00
8.091546350252212960e+02 1.822202480480763853e+01 1.150001594567586153e+03 2.461587230645793625e+02 5.705933399618904787e+02 8.456719018998480806e+02 1.629657987295621751e+03 5.662184337894501374e-01 1.565547716243314426e+03 1.036620234535229201e+03 3.312421735942536429e+02 5.558205623094294197e+02 9.871034797681527380e+02 3.641957670375171574e+01 1.533371448806467008e+01 2.734014731833712686e-01 7.853824134569341595e+02 2.672593474668324802e+02 4.025775470241092791e+01 7.370680004172318149e+02 1.153995522168861498e+01 4.178756449265266610e+02 6.322079862819119853e+02 1.755566473084661254e+02 8.905344111399416533e+02 2.342599500325392512e+02 1.628307867648864203e+03 1.096428035717375906e+03 5.563135421733106796e+02 3.615378588106018753e+01 2.655614127443620305e+02 5.679183207688810171e+02 2.852762004174105073e+02 7.487081184174743385e+02 1.643950994293438228e+01 8.250307294569250871e+01 3.600819572531991071e+02
0.000000000000000000e+00 0.000000000000000000e+00 2.475420776487276431e+00 4.151989535379110308e-01 1.720188809029785881e+00 6.196349180299156600e-01 4.189896691382658389e+01 7.699585768144244184e+02 1.140580695438834482e+03 1.265690562617146071e+02 1.294972992843528736e+01 2.196894609687805477e+00 1.953662383417630792e+02 3.063372252777452331e+02 4.199565223531935771e+02 1.872901275593848709e+02 1.340836495964307915e+03 8.665447134888308867e+00 3.306651087507491411e+02 2.649673629406602782e+00 5.542156901971263778e+02 4.159826763302945665e+02 3.439033407286327702e+02 1.096131424675796097e+03 4.861569361612142188e+02 6.594504458673583258e+01 7.163722877625515366e+02 6.359780162228331868e+00 5.459953463047355626e+02 7.931765440390238382e+02 5.367776196987275625e+02 1.515105300815041858e+02 1.221218202232625799e+03 7.055130578539451358e-01 6.073082789197945885e+02 9.696577745468690068e+01 5.045510009930276851e+02
8.586019774093212931e+00 2.319686732169074901e+02 1.231516493495774512e+03 2.491551048368168040e+02 5.319721072738054772e+02 1.309694984708291656e+02 1.138915197075764354e+03 1.268444611377285369e+01 1.183446133368496930e+03 2.023647188608401848e+03 0.000000000000000000e+00 2.246789372057667222e+01 1.177214586576713600e+03 6.278189865684865936e+02 7.806404009975409508e+01 3.351962771100373288e+02 7.787507458002907015e+02 6.006939785946192387e+02 4.139192690661335519e+02 3.365841819089546760e+01 1.148599029344373257e+01 3.272514325267098201e+01 2.421231010889556057e+00 0.000000000000000000e+00 6.852110166854528188e+02 2.778332568239765621e+01 8.738346149025310297e+02 4.857593123087376625e+02 8.543766459312660544e+00 3.794997863787936243e+00 1.151079210355185234e+00 9.125717310082193308e+02 4.930405180334171966e-01 6.742155737251428036e+02 6.802668011672010380e+02 4.122534529554973233e+02 1.240373126670535555e+02
1.489963805115108244e+03 6.693644496507977237e+02 0.000000000000000000e+00 1.887897281726042209e+01 1.951846410661125963e+00 9.415563000441495944e+01 2.806341363871916528e+01 1.176868913065523884e+03 1.146196165580437309e+01 8.767439541733363058e+02 1.558325102686732407e+03 1.073986569478466890e+03 6.020189245078140630e+02 5.071006774538165018e+01 4.826317321044730306e+02 5.183226963689428857e+01 6.651666881622428491e+02 3.427339211975935882e+02 3.925646620997735567e+02 1.329957750530575424e+02 0.000000000000000000e+00 2.357154608903234987e+02 1.094313059830252932e+01 1.302114199177719001e+03 1.177995548678163004e+03 2.530140064268954916e+02 1.426218145142883031e+00 2.273476012765684402e+02 3.784166742949036575e+02 3.547761796007721387e+02 0.000000000000000000e+00 1.816983489038532980e+03 3.473320095653211315e+00 1.271301727790316818e+02 0.000000000000000000e+00 8.101492047921123003e+02 5.523458902680240499e+02
1.660801328753052530e+03 8.085890938367099068e+01 8.596107310019634724e+02 2.008164439924894680e+02 0.000000000000000000e+00 5.959042153845930443e+02 1.117335143301086653e+01 5.000296066968958826e+02 1.280779218621542668e+03 1.794890293111236019e+02 1.673836033184532255e+02 4.248550919535692749e+00 1.077823276849935219e+01 7.892262671469863733e+01 3.789788576921603180e+02 7.304580509084003097e+02 3.894688731029248885e+01 4.595525030580126327e+02 1.147347613591941951e+01 4.730575690388962471e+02 3.859559515775359841e+02 0.000000000000000000e+00 2.828550192469749547e+01 1.064655976169990254e+03 2.125389226616095470e+02 3.333334576137207819e+02 1.213995794366741620e+03 2.009125177426192899e+00 1.381380224055216559e+03 6.988071113109723456e+02 0.000000000000000000e+00 7.564473077155000738e+02 6.316351286207415594e-01 1.986765825497622302e+02 1.090107669285501288e+03 5.361957118961316837e+02 4.106665153485774908e+02
0.000000000000000000e+00 4.838534497632687135e+02 6.649475270456527198e+01 3.295999670907360724e+02 4.370929303042370151e+00 2.639708444493837760e+02 2.674140222389081334e+00 4.655134369945502044e+02 6.986420001231970218e+02 5.632572178089670700e+01 2.154538309173591131e+02 9.375326624414593653e+02 1.122174452387773727e+03 5.559441245004599352e+01 2.392931436355326014e+01 5.031124263165397110e+02 2.874365875971873265e+02 3.923888123784151389e+02 5.050888058892548429e+02 3.253277100886971880e+02 4.581800493993305281e+02 5.263746892574390586e+02 1.065411395867228919e+02 1.021903952883161537e+02 0.000000000000000000e+00 1.165869189242104994e+03 2.038312822989202914e+03 1.103666457325831061e+03 1.190084765124423960e+00 6.692581517803748739e+02 1.754740001140880779e+01 1.504275486807827189e+00 5.850750185921735920e+02 1.048101739343673415e+02 2.039628421832011611e+02 0.000000000000000000e+00 2.496525044202763581e+02
1.339792868804297996e+03 9.173008353047524110e+01 0.000000000000000000e+00 1.191252522432968561e+02 3.588109919560324101e+02 6.064372212223427141e+02 2.219514735974773600e+02 9.529084996280507767e+02 1.432185711883964814e+02 8.750634807131792314e+00 1.632028209620541020e+03 4.995593107574968883e+01 6.272681401815272011e+02 8.563192447979436110e+02 3.830893247026494475e+00 6.572648093199393315e+02 6.203130807339877038e+02 1.607538693564949384e+01 2.565333568379579106e+02 3.336106173969225210e+02 5.954266149517829732e+00 6.187373460332776887e+01 1.254868737251553739e+03 1.295475405606108779e+03 0.000000000000000000e+00 8.734117453746099500e+02 1.036428031214401472e+03 0.000000000000000000e+00 5.065573407344513157e+02 6.622159736430518251e+01 1.704549157381221676e+03 6.156966107413502414e+02 9.237943159351225120e+01 1.629477192277070401e+02 5.751106590393191027e+02 6.407402525385738272e+02 3.157848651532642634e+02
7.752862982063697928e+02 0.000000000000000000e+00 1.664420757417083223e+03 2.374333302494032409e+02 4.400605401791034765e+00 5.920574974905903218e+02 2.490900531237092821e+02 2.587308827189758063e+02 9.075749261489424953e+02 3.088329852474262172e+00 1.217882789317388870e+03 1.025848991531383945e+03 4.514998006796246841e+02 1.073287445792329208e+03 2.817451840544039783e+02 2.109899357690659372e+01 5.896136482363734643e+01 1.663464969464253329e+02 4.726718100213034859e+02 2.265379250207746793e+02 1.507523580419408233e+02 1.060116452488826724e+02 3.911358431325067109e+00 1.401530604782098877e+01 6.129428303213214804e+02 7.900111971113052505e+02 6.970469863655562222e+02 4.114311699799410462e+02 7.134835957375771613e+02 6.398851941013190014e+01 3.813069022086200448e+02 7.348086652419501661e+02 5.540632213799221972e+02 0.000000000000000000e+00 5.114885937631541424e+01 1.018780155622641360e+03 1.338960116206693662e+01
