output/example/lateral_incision_000088.asc
nrows	75
cellsize	13.33333333
xllcorner	0
ncols	75
yllcorner	0
NODATA_value	-9999
[rows 17 to 33 of 75, columns 0 to 36 of 75]
0.000000000000000000e+00 2.274295197392225987e+02 1.590131542182353712e+02 3.463605898864975075e+01 1.075589678051214193e+01 1.056842081473517055e+03 3.839259028859027580e+02 2.883302321833150472e+02 8.099234465548400976e+02 1.556381578436108803e+00 6.611323750975175244e+02 1.592563557547976870e+03 1.775974451841115297e+03 2.292293827245593940e-01 1.138214975464533154e+03 2.262223255074295878e+02 8.538576289628523455e+02 3.392768437515553348e+00 0.000000000000000000e+00 5.103766803616989591e+02 4.444859308470334440e+02 2.579186172700871111e+02 4.001394966546404248e+02 3.256041717024655782e+02 9.555643487488023879e+01 3.602129218603923277e+01 5.775991806812061924e+01 1.068067376447494041e+02 4.775712060517275859e+02 1.304400081610858706e+03 1.304302465001639488e+00 1.313099788562107506e+03 1.159201656843363253e+03 8.190032820346297626e+01 1.267852924013574466e+03 3.133726223097267338e-01 2.723647987601508476e+02
0.000000000000000000e+00 3.512027678127311248e+01 5.766944664801184217e+02 1.293490942183737161e+03 9.176887270250158508e+02 1.011690101582417014e+03 1.680789060226765287e+03 1.233836460131900914e+01 7.094143443144532739e+02 4.111336295729071821e+01 1.144070388217333857e+03 0.000000000000000000e+00 1.090268584293931326e+03 5.855201033344612824e+02 4.472895397675496554e+01 1.428179984536197367e+02 1.327021285260737159e+03 0.000000000000000000e+00 3.912414148578077544e+01 6.976917316800145272e+02 2.504404904952255038e+02 8.107429227936680718e+02 1.036526322785214461e+03 2.115264582413659582e+02 4.832702052873007581e+00 3.467344393398864213e+02 2.947889526910223026e+02 2.409734778623170826e+02 2.363449173300300288e+01 2.813414428819180557e+02 5.231731248078139060e+02 0.000000000000000000e+00 2.709465221110694984e+02 6.166803221778512700e+00 0.000000000000000000e+00 0.000000000000000000e+00 2.815856697932600810e+02
0.000000000000000000e+00 2.348194461526599355e+02 6.569332061377772334e+02 5.110397827699768527e+02 9.867423744396149914e+02 1.113506294434655501e+02 3.013473587891893999e+02 4.023338292589740406e-01 9.139446331199983433e+02 1.140728076539207450e+03 1.180733220108819751e+03 1.269702677572704943e+03 3.025777556985560182e+02 3.259837006897470246e+02 1.643867367246139793e+03 1.138781886405455662e-01 2.003392368267046253e-01 1.209523893204651131e+03 1.437948074723623506e+02 2.013135580655532664e+01 1.066679478739191040e+02 2.163922807702611522e+02 1.460671264804070404e+02 2.526333852982458605e-01 9.561740793672533982e+02 1.335696773868408627e+03 8.280881563156731318e+02 2.361406544873415214e+02 3.158781416570312217e+02 2.003205397051350474e+02 4.699080735907958228e+02 4.664394676889002085e+02 7.050032462408801166e+02 6.928841252290498005e+02 3.481896340202979445e+02 5.562687067249087569e+00 1.672627163877029943e+01
0.000000000000000000e+00 1.485162131931211206e+03 1.453773105401018597e+02 6.135610199617669878e+02 2.151720163446013885e+02 1.674240752559272778e+03 1.012642536878748501e+03 5.478718184428140771e-03 3.316996409710205285e+02 1.066558096022430618e+03 5.779613549374829518e+02 2.667329463660135858e+01 2.802643252539375324e-02 1.606698680469833107e+03 0.000000000000000000e+00 1.928325976795143333e+03 1.050234306152282215e+03 0.000000000000000000e+00 1.464937720582427573e+03 1.492148440933534857e+03 8.843049484462267174e+02 1.349971014854890427e+03 1.961228337579933312e+00 4.461099601780687607e+01 2.703345221603248660e+02 3.912771917158746646e+02 3.668443220984923983e+02 7.074054013296380106e+01 4.325261981125611896e+02 4.500028318859946239e+02 8.858883491702304980e+01 8.567149048290796145e+02 1.066081929110848137e+01 2.000201712519591979e+02 7.141761368448945859e+02 2.283074756180938802e+00 1.320644619470575947e+02
0.000000000000000000e+00 1.681495732090939388e+00 2.132309626221641707e+01 1.232879673575316914e+01 1.695342236009655323e+02 1.704692939108924975e+03 1.540419931041715245e+03 9.245774540272284625e+00 6.635869673894542302e+02 6.772484886120921601e+02 1.885460255588790233e+02 7.924597342696082478e+02 9.201085481761307960e+01 9.724854324138781294e+02 4.427362235440023142e+02 1.184239263025647460e+03 8.597852206097273609e+01 6.807574213841631945e+02 2.420164825067609105e+00 0.000000000000000000e+00 2.035751101403111463e+01 4.581558481524522790e+02 6.968147437549964707e+02 6.288108083349029584e+02 7.402889454826255644e+01 5.399572060924819006e+00 5.147069629754337257e+02 3.228617549710272527e+01 1.356136864583364513e+03 4.306267547416805428e+02 0.000000000000000000e+00 6.102409346276565429e+02 1.246151386743333234e+02 3.467050157633486265e+02 1.275313935211947410e+03 1.007311104061880201e+03 4.408473601811159028e+02
0.000000000000000000e+00 7.962905748161314534e+01 1.771034888827632585e+03 6.584652643186246905e+02 1.562577704527902370e+03 3.579161771668049141e+01 1.591496973365525669e+01 2.223384168235312472e+02 8.118193317696138820e+02 9.918138206923836719e+01 8.934619286107857761e+01 9.411604143602556860e+02 7.412872116054075811e+00 1.078345905351127612e+03 9.280104799666952431e+02 1.114706807160299462e+00 1.316276256770877580e+03 0.000000000000000000e+00 3.432714205228459150e+02 0.000000000000000000e+00 1.593689151152189538e+02 1.609544886533533088e+02 9.704639319614477699e+02 1.410092966658395912e-06 5.981905847344679117e+00 5.253386253925140359e+00 1.175868111979079060e+02 9.538479604775973257e+02 1.181984574687715650e+01 1.687957205800876750e+02 0.000000000000000000e+00 4.520278269849180788e+02 5.905723572723500183e+02 7.223533896974070956e+01 4.538919227285163629e+02 0.000000000000000000e+00 1.204934393953804062e+02
0.000000000000000000e+00 6.607349844951586419e+02 1.140854552350489712e+03 1.213956259644313832e+03 1.493468236827977762e+02 1.643916634728964027e+03 1.083972675386092988e+03 9.872236579707207582e+00 8.126222540493083457e+00 2.675353614200815924e-05 8.154039362519407419e+00 1.060776730653623190e+03 9.309531074303066589e+02 7.456138042514517394e+01 2.016879024612279068e+02 2.484393798889783511e+02 5.427065828221183210e+02 3.389634551190202387e+02 1.202675602606093861e+02 1.829248009558011745e+02 3.293902960667422235e+02 1.354967641874866786e+03 7.918379161750900721e+02 4.870368614750020129e+02 2.076651830684306788e+02 5.182819155991637672e+02 2.199782126228026584e+02 3.874611162573795582e+02 1.546502504125101609e+02 1.080940088666549627e+03 1.319257730768144256e+03 0.000000000000000000e+00 7.552094243573805876e+00 1.216930116940765458e+02 3.147999192420057852e+02 6.081436983343782003e+02 1.147410164765348554e+03
0.000000000000000000e+00 9.952877468288888849e+02 2.494987165392999771e+02 1.494578417349227720e+03 7.899573574635084015e+02 0.000000000000000000e+00 6.085370221369391857e+02 3.485652086791075988e+01 2.619149005795918583e+00 0.000000000000000000e+00 0.000000000000000000e+00 4.585068165442059467e+02 8.846108289523105839e+01 1.019770567838824782e+01 8.684741619971995306e+02 1.272100992545493625e+02 3.641108334477855237e+02 8.824931324171718927e+01 6.391388993824022009e+02 1.520222068215627553e+00 4.283718765460781128e+02 1.946622250482822380e+02 1.265074511094492209e+02 1.913208830857201193e+01 1.366606268568573626e+02 6.096025641443601017e+01 4.750849161424989830e+01 1.132817201004250585e+01 6.543660200617681388e-01 8.513312125195265025e+02 8.289909276976251249e+02 2.308047299167709809e+02 1.159777163730475422e+03 3.936449765178333848e+01 9.222424575893379597e+02 1.503200784936956097e+03 9.861154552372395301e+02
0.000000000000000000e+00 0.000000000000000000e+00 3.845761923549601224e+00 2.633328692782873048e+01 3.902730358592081394e-01 0.000000000000000000e+00 4.297386881876798410e-05 2.595425376773641233e+02 1.804137574320907049e+02 1.997301271341599183e+00 2.534738549915601524e+01 7.622026549442774801e+00 1.015969788754068531e+03 1.323362477086197941e+02 1.020821846769641979e+03 8.657819562941638196e+02 3.638254336001381262e+01 8.279611697879078065e+02 6.639846295162244587e+02 7.452166375726726528e+02 3.452810031309756766e+01 1.223510957623141621e+03 8.220602166069505756e+02 1.750300806770452937e+03 6.328232824198814797e+02 2.429903258161973554e+02 3.146805570205052049e+02 5.287931856739058958e+02 8.893609464824525048e+02 1.730080451974494054e+02 2.169707776489622404e+02 6.184633243473731454e+02 2.470739193866837979e+02 2.496238316029542545e+02 4.365838809415036081e+01 3.712794634030809249e+01 0.000000000000000000e+00
0.000000000000000000e+00 8.569676746765417192e+02 2.410518810097088078e+02 1.179911675223255997e+03 1.137289037920356094e+02 9.383984244245202717e+02 0.000000000000000000e+00 7.465921103212446042e+02 9.752476702448689139e+02 6.967254647605362727e+00 5.272630763969463175e+01 0.000000000000000000e+00 4.161825041588183467e+02 9.853685667250836389e+00 1.452854066923371192e+03 1.092891977638670824e+03 7.598566883515442214e+02 1.965148577580849860e+02 9.975639548644553543e+02 0.000000000000000000e+00 1.464318831398114753e+03 1.231389754398137029e+03 1.333821070262079047e+02 1.823032874793363334e+01 1.063610876506931469e+01 2.600166065725861131e+02 6.363613108146523700e+02 2.530076719866805135e+01 6.735440845844059368e+02 1.783099912691876909e+02 8.412489248138198263e+02 2.969336421791073932e-01 1.173955754414015118e+00 7.476223678059086524e+02 4.293787836207537367e+01 1.619137108974664443e+03 8.347915650805546193e+02
0.000000000000000000e+00 3.967431862331580295e+00 1.555771772857337965e+01 1.633371534354529331e+01 1.035310881526588673e+03 4.415419444899770838e+02 2.003640664048000644e+03 3.129845735124815747e+02 1.990315891706290188e+02 1.652487200884423828e+03 1.116287284191938397e+03 5.485464384013951076e+02 8.786804524003521237e+02 5.056913956088317263e+02 1.360883017587455583e+02 2.032632903403246303e+02 4.720377598520529432e+02 7.409158877004387023e+02 2.565887276892845534e+02 1.078716199930041739e+03 5.691683796316180377e+01 3.920314806682375774e+02 2.335582391208600654e+02 3.648258524565790140e+01 2.904355096632503519e-02 4.158021900633507784e+01 3.111479839207276541e+02 0.000000000000000000e+00 9.248989075532489323e+02 4.529527505098644014e+01 1.557100890274163589e+02 1.046038924430543830e+03 1.606581016999522049e+01 1.055674845131013853e+03 1.440376262777928559e+03 4.546446347271960775e+01 6.029688820171643329e+02
0.000000000000000000e+00 0.000000000000000000e+00 1.014006657012049232e+03 6.911770122428023342e+02 1.001257066392159118e+03 2.377009727252292066e+02 1.694830809195027086e+03 3.374281955712583567e+02 0.000000000000000000e+00 6.170065650439344296e+01 1.481100255341411298e+02 1.116223255382221993e+02 2.033421309010356737e+01 6.516661333014907314e+02 1.796692758127590439e-01 4.860455516149655986e-01 4.038175909675717890e+02 6.240067662800437347e+02 3.798369596205579057e+01 4.133748198113123635e+02 7.143499562806115364e+02 2.823987763752003843e+02 2.697729993928163026e+02 1.514454259777376571e-09 3.065649625847506741e+02 8.137897173686765484e+01 6.825532642456800581e+00 4.780964347802159509e+00 4.199544931513973438e+02 2.077182762922155490e+01 1.628445655745116028e+03 7.398179225433104875e+02 6.952563177342215113e+02 1.155766684645287228e+02 9.619424831962743172e-03 6.206864558140970303e+02 5.219640951793099504e+01
0.000000000000000000e+00 7.463108720696308183e+02 1.428980117694654609e+03 2.279554799769272222e+01 4.374090001995273980e+00 1.014253318065500338e+02 1.364100340064405259e+02 1.670651697432847868e+03 0.000000000000000000e+00 1.358921993138281550e+03 1.248573673383752407e+02 9.777860046077756806e+02 8.759563701024638931e+02 4.054410389899861116e+02 2.472038119658726441e+00 9.487629527986358369e+01 1.056424836760285313e+00 1.362296111531241571e+01 3.722314754653535260e+02 3.634649732327271288e+00 2.672389289904118073e+02 2.690652297864270395e+02 0.000000000000000000e+00 1.629054750938703586e-04 2.365193129120728849e-02 4.198933696379946809e+02 2.303975909928723240e+02 0.000000000000000000e+00 1.341231217237635974e+03 4.618240797809617249e+01 3.258326337486840174e+01 0.000000000000000000e+00 3.848833527829538639e+02 1.354307807693700397e+03 6.367549805939112275e+02 7.824384727841560334e+02 8.065196830258870477e+02
0.000000000000000000e+00 9.735040216225229415e+01 9.240367115199306625e+01 5.921304440416138277e+02 2.483901930168964043e+02 5.124203521007942754e+02 2.728711002943981612e+02 1.281185200726964695e+03 1.643978275509986361e+03 0.000000000000000000e+00 4.284746911693605220e+00 0.000000000000000000e+00 2.610759689811112394e-02 1.488886324925627232e-03 0.000000000000000000e+00 5.649780255503132186e-04 0.000000000000000000e+00 0.000000000000000000e+00 1.250150584162714864e+02 8.393000250932003414e-01 9.646668536701080257e+02 6.398502980670403240e+00 0.000000000000000000e+00 1.428967934089264355e-02 2.980678985093902611e+02 7.169368727960966226e+02 9.312825639209294195e+02 8.176890756363363835e+02 2.619545968395257773e+02 8.021701719428899935e+01 8.334655457360016726e+02 7.626430560605782603e+02 2.294688242037924795e+02 6.697106593161308297e+01 0.000000000000000000e+00 8.142908249514982799e+01 0.000000000000000000e+00
0.000000000000000000e+00 7.448962261656290593e+02 1.970148592071537053e+02 0.000000000000000000e+00 7.564556947555063289e+02 0.000000000000000000e+00 5.287682988352586335e+02 6.214575119782375623e+01 2.172632804996391656e+02 4.872467261156489537e-01 9.334935516096021502e+02 4.828023764492479775e-02 3.879112889837926446e+02 7.059448844884090022e+02 2.445142929228539597e+00 6.729484812821326725e-04 4.796568585448429012e+00 0.000000000000000000e+00 3.764523027201830629e+00 3.335364367432143951e+01 9.435106113799138257e+02 4.219617167567001559e+01 1.017311555670484040e+02 6.435149478615070393e+02 3.683842464730631150e+02 1.128763818896499060e+02 2.395374524899453572e+00 1.312395768450441892e+03 8.003077999699017653e+01 7.938897587742157036e+00 1.252799427689526738e+03 1.868336756469541271e+01 2.989120427056943363e+00 5.519924301655216681e+01 1.061222183121510170e+03 4.137776439852490853e+02 5.950488244793369859e+02
0.000000000000000000e+00 2.629418556566199072e+01 1.080949793804252129e-01 6.016202822665663064e+01 2.166131475070123713e+01 7.184490167885307983e+02 4.566183237590717567e+02 7.886167048184903328e-01 2.256563948946603304e+01 1.038374846454905907e+02 0.000000000000000000e+00 4.614031417689544696e+02 1.075015487465030446e+03 4.089870813311471665e+01 3.172412477933866271e+00 0.000000000000000000e+00 1.909930019859622874e+01 2.248532943460982381e+02 3.343647442547194260e+01 3.755501917227480817e+02 3.961290522796304003e+02 0.000000000000000000e+00 2.268524008152488420e+02 1.264760896697685666e+03 1.491185885238131050e+03 4.566562939799874812e+02 9.064451139781498341e+02 8.155970306381925550e-01 1.875045643343505617e+02 1.652018845609740993e+03 2.014118383218130415e+00 3.884912188298459910e+02 0.000000000000000000e+00 0.000000000000000000e+00 6.491190543001157494e+02 0.000000000000000000e+00 0.000000000000000000e+00
0.000000000000000000e+00 1.401705338968541881e+00 1.094315946841921405e-02 2.501035103107051571e-01 1.350212226375192004e-01 0.000000000000000000e+00 1.089332784597507271e+03 1.474392031544537076e+02 2.555807720732891752e+01 1.110208295221281247e+02 9.151387658830128657e+02 5.339997506047418483e+02 0.000000000000000000e+00 9.757919646883785845e+02 7.764150148200254762e+02 4.494250432471919687e+00 2.889157467330911686e+02 1.541009127120920084e+03 1.607921813621096305e+02 2.430019477090613407e+02 4.414883860422782504e+02 3.306730365547763881e+02 2.830465732830471666e+02 4.982308654322700363e+02 4.496514078889126154e+02 5.893850551047312365e+02 2.535625785360066686e+01 1.176452474923553382e+02 9.595757316134847770e+01 5.925098105247307956e+01 2.602993106366892628e-01 6.617214515912058914e+02 5.883524788972148372e+02 0.000000000000000000e+00 3.044334203790444917e+02 5.150732899018267474e+00 1.303361651446080316e+02
