output/example/lateral_incision_000263.asc
nrows	75
cellsize	13.33333333
xllcorner	0
ncols	75
yllcorner	0
NODATA_value	-9999
[rows 0 to 16 of 75, columns 37 to 73 of 75]
2.730880095320796741e+01 0.000000000000000000e+00 4.020924072664800331e-04 0.000000000000000000e+00 3.204114022286294605e-01 0.000000000000000000e+00 0.000000000000000000e+00 5.525900172972106512e-03 1.975129308987696054e-03 1.188172025416675964e-01 0.000000000000000000e+00 0.000000000000000000e+00 0.000000000000000000e+00 1.935879317804396393e+01 0.000000000000000000e+00 2.093329821185450912e-01 3.806198676219459571e+02 5.533227361939046887e+02 6.722467671270577512e+02 5.558879181938473835e+01 3.034239535155605836e+02 1.392170870512968804e+03 4.376464805850595781e+02 3.877028125657212740e+02 5.022033694440563067e+02 9.270076761518872388e+01 1.641620491379147495e+02 4.971400586072146629e-06 0.000000000000000000e+00 5.267006942434419869e+01 1.048169385794283137e+01 7.794786057581508387e-02 0.000000000000000000e+00 1.171760928489934850e+00 0.000000000000000000e+00 2.202483508468670581e-01 0.000000000000000000e+00
2.026421701667809216e+00 8.097447668449901936e-01 1.091569533275524926e-05 1.510866892439821418e+00 3.885286695587238341e+02 1.040847945158866878e+03 3.100048254882713650e+02 9.613063059099301810e+00 6.374126099482212027e+01 4.016861972629426702e+01 7.038431330337188285e+01 1.807788115597039678e+02 0.000000000000000000e+00 3.228414298892076761e+00 9.700710521416498295e+02 5.502017645585787022e+02 2.741779363545050696e+00 4.789319428875033395e+02 7.004161830563448348e+02 7.718971710355708638e+02 1.110124671639635778e+02 5.912604345033541264e+00 1.390627819258721161e+02 2.129040593959909131e+02 2.473597919061257926e+02 6.562524022655608178e+02 4.592892389752186659e+02 1.429637859988903248e+00 3.174979991003321089e+01 3.595333971346759938e+01 5.764757463916935443e+00 1.169218796433048283e+03 0.000000000000000000e+00 4.248813412332855144e+00 1.551008283961703982e-01 9.241355666261127908e+02 1.648010294740461124e+00
5.716402151379295447e+02 1.619115467809586164e+02 3.269440257271744485e+02 9.091708238864840723e+02 2.898439992354114647e+00 1.375366666087170188e+03 6.762391841942824158e+02 1.975435536691892935e+02 9.159864755959075637e+02 3.400351752339920708e+00 6.977299120781937063e+02 3.235290246366704423e+02 8.658739057127917249e+02 5.867817102977912782e+02 3.355539543242741161e+02 6.948536838567167706e+02 1.346370579327044652e+03 1.129023453605833311e+03 1.382637209009455326e+01 9.420479083396799069e+01 9.756731866394721564e+00 1.021574320853234781e+03 2.385068103479645174e+02 4.341912208389055081e+02 2.508548989763837511e+01 5.209859951229851731e+02 3.165486570329437654e+02 5.001403827146790491e+02 1.206081753373297829e+02 1.444368449038085487e+02 8.984842576263914680e+02 8.014859457287025180e+02 4.709100575566592397e+02 1.212494975203622062e+03 7.331761471475040253e+02 2.987264837435357663e+02 9.014724139826093108e+00
1.123478037100134088e+02 0.000000000000000000e+00 7.285266248559167934e+01 1.956535333854693135e+03 1.439021462329348878e+03 2.457286390619563221e+00 1.502041177543318611e+02 1.297384519221662231e+03 9.853539952749447366e+02 1.406436128660918961e+01 1.784101483833190969e+02 8.015193411673141100e+02 9.595219268167455766e+02 2.086744862226633757e+02 2.334263366612022992e+02 6.930265238360898650e+01 9.801909339217429817e+01 4.032851947526877368e+00 1.329186967476428663e+03 7.064749569334345551e+02 5.285675235881571865e+01 2.409704988630720663e+02 1.617001129071525511e+01 2.034069764822602266e+00 5.258650850033653796e+02 8.932082291081692915e+01 3.437372253056019531e+02 4.653191789858784659e+02 0.000000000000000000e+00 2.497844844762779246e+02 1.253083903857516816e+03 1.089882735758382069e+03 2.998643758257945251e+02 1.594840544568925679e+03 1.596732284817250957e+03 8.046672642581766866e+01 0.000000000000000000e+00
4.212424539346625920e+02 1.991207025423012453e+02 6.712163493526578861e+01 0.000000000000000000e+00 1.438891084264100755e+03 1.250267157136215019e+03 1.758348745560124655e+02 9.628070413741479570e+02 4.313109883199444425e+02 2.822315154845143059e+00 5.421436644902802300e+02 1.024655543900901193e+03 2.909052126981198398e+02 2.054445988500136480e+02 3.986125953984429149e+00 3.117766915688060294e+02 1.235296060162062759e+03 6.413129878785190385e+02 9.224029292815607732e+02 1.499083578035186122e+02 4.976543516980520963e+02 1.982934628221976538e+02 4.798646895533067323e+02 4.527957647564608834e+01 1.171174040939239047e+00 1.247837770031844229e+03 2.326735928275878678e+02 4.954201565389927282e+02 1.066927471872993181e+02 1.291814742137457017e+02 6.321937963132673133e+01 7.142531729452643958e+02 1.251910764820209806e+03 1.097777028755176474e+02 3.780472960107665017e+02 1.371351838000392945e+03 1.107013692663535494e+03
1.190528316558370761e+03 1.735590722073237941e+02 0.000000000000000000e+00 5.970208285830907471e+02 0.000000000000000000e+00 2.964488550685504720e+02 8.404049640073655780e+01 1.364700369077209416e+03 1.268602873945312240e+03 1.727494221759149298e+02 1.669078389887705725e+03 1.671522187723413708e+03 7.899630973636205056e+01 0.000000000000000000e+00 1.597480667529141783e+03 8.527867433242200832e+02 1.481459873924358703e+02 2.977566218270304432e+01 6.819805860973475546e+02 2.219888610188453981e+02 2.392137172072299904e+02 3.087591669859757104e+01 6.371881604623949613e+01 2.122985029985928122e+03 1.385689570883843317e+03 0.000000000000000000e+00 1.193022217956855229e+03 1.148198026164154015e+02 3.006669631096771695e+02 9.484165710205651578e+00 3.654551462156515527e+02 1.337621365680699057e+02 9.371123932500396450e+02 7.168626926326466275e+01 6.395682241658332856e+01 1.582449551005391015e+02 3.623733652403109886e+02
7.320700312344737004e-02 1.025753307201053985e+02 5.130879866202390005e+00 8.039969810103647205e+02 9.919816756112923031e+02 1.004170182333706293e+03 5.187076828195880296e+01 4.652611237658658183e+01 2.012855770020141222e+01 3.838667212436669018e+01 9.341892734873734128e+01 1.112914972768714206e+00 1.581606700440999475e+03 0.000000000000000000e+00 2.670788694338395164e+00 5.076115851930802947e+00 6.011958841681031345e+02 4.867191762652256557e+02 1.447411871105648906e+01 0.000000000000000000e+00 8.555717264419561161e+02 7.628684881064941692e+02 4.163295644582285959e+00 3.026869329392495160e+02 1.125038784866501231e+02 2.715085197562829649e+02 0.000000000000000000e+00 1.646366629330071419e+03 3.915906146520590028e+02 4.823832958457506379e+02 1.820226025467103455e+02 0.000000000000000000e+00 3.431142422221483912e+01 3.287230859766234516e+02 2.007033141858274234e+02 1.573081569807411142e+03 3.747432664804846922e+02
1.074192383091902229e+03 1.468721410351140094e+03 1.225103191128883680e+02 6.537402986285784436e+02 2.013911299370237717e+00 1.397401720678577774e+01 1.469418028502462221e+03 3.352831522770931088e+02 1.139612011554650053e+03 6.573471200831638726e+02 4.508874284932799696e+02 9.869441808132478400e+02 1.545661594697013754e+02 2.938266578873927770e+01 3.510195612216343761e+02 1.310896688381843660e+03 1.521797656971131651e+01 0.000000000000000000e+00 6.060476181449223532e+02 2.230670624510021867e+02 7.594607282741979937e+00 7.774845043309184121e+02 0.000000000000000000e+00 1.057308031523568616e+03 2.797478320187399277e+02 1.547995532690322307e+03 1.086626465321263169e+00 2.804091719544714465e+02 3.097718262419609569e+00 3.916957157096583728e+02 3.050798034890052577e+02 0.000000000000000000e+00 1.193364701935175617e+03 6.826429172319965346e+02 1.445204410934348402e+02 2.950269729043259872e+02 6.124978299454140824e+02
3.773693611936913328e+01 2.571860443754343706e+01 6.552434842080593347e-01 1.897660134455722902e+00 8.041323432330433434e+02 3.414631364570691971e+02 1.468544064218407811e+03 4.446180217400369088e+02 1.343466009529747964e+02 1.456688532384127210e+00 2.381327388494416653e+02 1.180343725876188728e+03 1.619131638937397533e+00 4.294402757243217934e+02 7.452530817149907705e+01 9.171404688437947925e+02 2.400125980224715931e+02 2.034861039266306477e+02 1.545314278508018140e-06 4.272497234677094298e+02 0.000000000000000000e+00 7.419135311657070986e+01 6.353268589845482666e+02 1.208142190346776772e+02 1.842618220288757698e+02 5.706654310290478804e+01 8.561048634556376555e+02 8.238417707180409479e+02 2.216152700123839381e+01 8.936930459402711904e+02 2.506673282706391781e+00 4.973763576963044102e+02 1.205463388253828725e+03 1.311560813583995696e+03 2.855192685333179625e+01 1.448562490562059395e+02 0.000000000000000000e+00
5.401278272471807895e+02 4.148078908862908065e+02 1.364399143912349700e+03 6.736956779851869896e+02 0.000000000000000000e+00 1.963389726611098922e+02 2.678324351327353838e+02 1.461539359777316065e+02 4.435851318951714717e+01 6.656351924942848655e+02 1.361200972039876433e+03 1.196826033555960151e+02 8.631039864338976031e+02 3.318104942581401673e+01 7.655931004730408773e+00 0.000000000000000000e+00 1.455995660476522289e+03 0.000000000000000000e+00 4.192526568766103310e+02 3.465227598277814423e+02 8.869540020681391468e+00 4.178756449265266610e+02 1.057066296077382866e-01 3.104415439112866579e+02 2.780466808346936887e+02 3.447171587739862275e+01 1.501995803507026608e+02 4.065555718686065347e+02 5.563135421733106796e+02 2.000252330516065058e+01 3.500238442414188356e+00 1.525402158832390853e+02 2.852139360965817900e+02 1.359691354761142534e+01 1.713307337376753367e+03 4.612774145906302010e+02 3.595160662980559323e+02
3.062152918272300326e+02 2.010481872055596853e+02 1.208880589535138824e+03 4.114283314822877458e+00 7.967013933185970700e+02 4.872615031983801970e+00 2.356412572039126019e+01 1.440631169328696387e+03 1.183929662606371949e+02 0.000000000000000000e+00 0.000000000000000000e+00 2.068199993837945172e+00 1.953662383417630792e+02 2.894327535130581168e+02 3.389839042937359181e+02 1.849296524430630768e+02 4.823086924197478993e+02 1.341438931894933546e+02 9.749753065528262823e+02 3.635888573883538015e+02 5.466151615603455411e+02 4.159826763302945665e+02 2.008253868346721731e+02 1.077051675232233885e+00 8.604978347056521648e-02 3.886347112699028230e+02 1.579083929694231614e+00 3.309191583983491114e+02 2.524205039533902450e+01 7.337973938430648104e+02 3.087996791813338291e+02 5.355251909516406386e+02 3.052939018904835962e+02 4.754153485750552477e+01 6.614708950764365909e+02 2.445685237631899867e+01 4.204564080983773238e+02
1.777821869492488815e+02 1.652482663539627197e+02 0.000000000000000000e+00 4.543741042839914712e+02 3.964650881613990805e+02 2.267381503980109869e+02 3.638070304006815192e-01 1.095304462965504229e+02 1.739743458700601877e+03 1.790136716707386768e+03 3.515557764986153870e+02 1.221551800400009370e+03 4.787630262366145644e+02 9.005424636972384178e+02 5.556355236254153063e+00 1.811889049248227082e+02 1.056251890678147447e+03 1.439289806816599349e-01 8.961012151239503964e+02 1.769391389982187535e-02 9.409295040503284469e+00 3.272514325267098201e+01 5.083596130311210572e+02 3.101271776000231739e+00 5.268684370625625206e+02 0.000000000000000000e+00 3.255747599920088078e+02 2.528306696179252810e+02 6.844555730300061480e-02 1.382605277004181898e+00 1.084742993686323320e+00 3.522539912215261637e+01 1.016763831147470228e+03 0.000000000000000000e+00 2.264093413904664089e+02 5.672314255266272767e+02 0.000000000000000000e+00
3.012605829805282838e+02 1.339493739469143918e+01 0.000000000000000000e+00 7.602226908707580151e+02 1.444348541986772716e+03 1.325878888597636696e+00 3.701511639339548765e+02 1.613695908495978756e+03 2.449710906213889317e+01 9.622733534730484735e+02 1.453236020272357109e+03 1.017499447325665301e+03 5.170982607360571137e+02 3.914363060814159212e+01 6.240374509890662580e+01 8.163504286103586765e+02 6.938255235443094193e+01 4.479204242783193308e+02 0.000000000000000000e+00 1.329957750530575424e+02 0.000000000000000000e+00 2.166578990755399445e+02 7.395096237853668981e+02 3.688375551878096417e+02 3.842464261337773337e+02 1.477466003883610256e+03 1.337675029874082782e+02 7.043085844446993633e+02 1.306794083301611408e+03 7.772817516012773922e+02 6.849183386072203916e+01 1.149096230134517960e-06 6.939347949623819432e+02 1.367135351796376881e+03 1.863514578607147598e+01 7.635811901615006718e+02 5.453920968360267807e+02
1.152996844632413968e+03 6.827268462046696129e+01 8.596107310019634724e+02 7.786181686896756560e+01 4.237470495475755001e+02 1.142012915413147134e+01 9.723078052468406440e+02 3.436782369933454220e+02 2.730429635983749677e+02 5.313213034638828436e-01 6.986187497525047547e+02 6.259835166857472188e+01 2.686481505260204585e+02 5.624824562080735859e+02 2.306257415025742716e+02 1.179856652158512986e+02 1.172362130902853039e+01 4.391436432336432745e+02 0.000000000000000000e+00 4.730575690388962471e+02 3.810506186771284547e+02 6.393418559912978480e+02 0.000000000000000000e+00 1.248071679059680491e+03 2.236627710930344648e+01 2.173910935102472877e+02 2.266161983198470153e+01 7.336447253665809285e+02 1.197129464708669730e+03 1.855681030721073341e+02 3.649150261043034504e+01 1.831870512320351281e+03 1.107310336092855096e+03 3.355430829260477310e+01 5.808264193926214602e+02 6.129602704720051634e+02 4.106665153485774908e+02
3.141636508150343730e+02 0.000000000000000000e+00 6.891327151163272902e+01 1.336100123105397586e+01 5.417341871680853274e+02 3.904549838942669027e+01 1.164398932897196801e+03 3.793885662581705560e+02 1.627526222485933431e+03 4.964318262615833532e+02 5.696978954478325363e+00 4.887459472958131812e+01 6.491727724996512734e+02 1.156192826364784651e+03 9.153142819795158402e+01 8.236581361602215168e+01 0.000000000000000000e+00 2.718302511415475298e+00 5.050888058892548429e+02 3.253277100886971880e+02 4.038146397818392757e+02 2.085565353579617636e+02 4.381672098996431828e+02 8.014979696116756713e+01 2.305251937021240565e+02 1.483321961563004265e+02 9.160030732897109829e+02 3.984601053353757294e+01 1.939655402316189168e+02 3.205448516605590612e+02 3.099416877512027213e+02 5.235921365768201667e+02 7.230737150937436297e+01 1.014601425414672576e+03 1.568732117025311027e+03 6.595159278203227586e+02 4.411292751818149394e-01
3.723141955490755208e+02 1.104045842933709764e+03 7.878085769002873349e+02 1.141963076704930415e+02 3.588109919560324101e+02 5.972414254300805396e+02 2.205267857459743936e+02 1.304045244877397636e+02 1.621695309670581310e+03 5.897761134887339551e+01 1.053942352914865069e+03 1.803572017632962570e+03 6.872889341706084343e-01 1.757295925237486642e+02 7.357592966294646430e+02 5.300065600927493961e+02 6.203130807339877038e+02 1.607538693564949384e+01 2.450385871670938798e+00 3.246203109076569717e+02 5.954266149517829732e+00 5.783197461772462589e+01 1.083172001452214317e+03 1.412979364185850955e+03 0.000000000000000000e+00 1.124397486815246793e+03 3.228155249897741896e+02 6.820189129674855621e+02 0.000000000000000000e+00 9.985420582175970594e+02 1.301877396100044962e+03 1.936499301058412925e+01 4.332078457084199385e+02 4.636660462108242768e+02 2.979774475409464074e+01 1.046781327567272911e+03 0.000000000000000000e+00
5.527991423792635715e+02 6.290409581157200591e+02 2.533730220363124985e+01 0.000000000000000000e+00 2.967609874866330294e-02 5.920574974905903218e+02 2.490900531237092821e+02 1.244717738938831644e+03 3.435358801367241455e+01 3.429814372681672126e+02 5.386243366681079578e+02 5.832979829498219715e+02 5.338137963106771622e+02 2.593975370116452268e+02 2.620341247452809625e+02 2.109899357690659372e+01 4.721885049890783392e+01 7.228270607511580010e+02 5.066179499528624319e+02 2.738923376616655219e+02 8.036959789337566917e+02 4.061732850275208051e+01 3.683294645786379551e+00 0.000000000000000000e+00 5.621565195677555948e+02 7.872440274640982807e+02 2.008617338437128410e+02 1.932609854854483501e+03 1.191140237734064840e+03 1.513828018787777552e+01 0.000000000000000000e+00 1.361288200428397658e+03 1.453624273573129813e+03 2.599653732656618104e+02 8.259361279710465453e+01 1.838807243065358676e+01 7.651821842513938918e+02
