output/example/lateral_incision_000165.asc
nrows	75
cellsize	13.33333333
xllcorner	0
ncols	75
yllcorner	0
NODATA_value	-9999
[rows 17 to 33 of 75, columns 0 to 36 of 75]
0.000000000000000000e+00 1.441948173208883645e+03 1.245984799858595579e+03 3.890137040947904268e+01 4.452155873444827705e+01 0.000000000000000000e+00 3.866105221645935330e+02 1.079337050741554776e+03 2.415205915672950621e+00 8.102260178859262396e+02 1.090819452209019801e+03 7.239239069556473396e+02 3.419806128513101839e+02 7.195073363023199775e+00 1.270428590201006045e+03 1.061291182256450384e+03 9.164691641552286683e+02 1.334571105513681522e+00 5.388356461930741261e+02 1.271083007954302047e+03 6.464671086021961628e+02 2.632269563124568776e+02 5.848612417637651788e+02 3.256041717024655782e+02 9.563174033160257181e+01 3.602129218603923277e+01 5.921527920276067647e+01 6.957359973955317400e+02 3.434394578582337090e+02 1.044304101267252236e+03 4.331085176608893903e+02 2.753528152404117009e+02 3.282230054554637491e+02 1.032698525033325041e+03 2.460632794749946228e+00 3.905331999802137943e+02 2.723647987601508476e+02
0.000000000000000000e+00 0.000000000000000000e+00 0.000000000000000000e+00 0.000000000000000000e+00 9.176887270250158508e+02 1.066592710172467150e+03 1.626521751213422462e+01 1.935196462957816621e+01 1.492298729449199072e+03 4.111336295729071821e+01 1.436125344730538245e+03 4.047549627102225145e+01 0.000000000000000000e+00 1.141064430705102495e+03 1.317990678933084837e+03 1.075242663654315038e+03 1.648208548028357034e+00 1.462344062298553240e+02 0.000000000000000000e+00 0.000000000000000000e+00 0.000000000000000000e+00 8.685701871069777269e+01 9.376363418347352097e-01 4.001378921541374325e+02 3.784128841261924237e+01 3.510315643103076582e+02 7.380222650024051063e+02 0.000000000000000000e+00 0.000000000000000000e+00 3.853837723805215205e+02 2.210474249992764726e+02 4.772991514050237694e-01 5.331897523101331444e+02 1.367807905613565708e+03 0.000000000000000000e+00 0.000000000000000000e+00 1.262973519555052462e+03
0.000000000000000000e+00 1.581361548762981784e+03 9.263496290016948933e+02 5.159229910649313524e+02 5.843232319407356545e-01 4.420958364538286105e+02 3.429252051402662005e+02 7.119641803272624081e+00 9.156204260029339821e+02 0.000000000000000000e+00 1.182409012991755390e+03 9.773170259648831006e+02 3.102335762448686296e+02 7.193092911346714118e+02 9.146455636340361934e+02 5.812719962599916812e+01 4.077093410368050286e+02 1.106239191402751430e+03 1.051279877656167905e+01 5.937469905774210019e+02 4.808610978416624142e-05 0.000000000000000000e+00 1.523843365797644935e+02 0.000000000000000000e+00 0.000000000000000000e+00 3.733817239886528938e+01 1.141606154053820461e+02 4.824696038701650878e+02 8.075006845227178474e+02 7.165995393419541060e+00 6.103832409064538069e+02 8.474398154127324005e+02 1.074157020385908254e+03 1.128738457390668657e+02 1.024665314876463312e-05 1.442232497454573149e+03 9.361728008121945610e-01
0.000000000000000000e+00 7.524808182591276591e+02 1.329320757479957820e+03 4.511907981268695522e+01 1.252254957090870448e+03 2.804376604243831252e+02 9.058585920687982025e+02 1.338255752352362151e+03 3.316996409710205285e+02 1.066558096022430618e+03 7.006105265126357153e+02 3.676777137281077330e+02 7.886786147090826944e+02 6.738968656579245362e+02 1.488150450758322449e+02 1.298351264342200295e+02 8.347353227798492981e+02 7.315968997691542199e+02 4.512421136909206894e+02 8.786208077091551161e+01 0.000000000000000000e+00 7.737910411233737022e+02 5.962365491828419408e+02 3.893891321669559602e+02 1.047819555130646677e+03 4.021348757829815668e+02 1.108123190563818206e+01 5.574269091709487256e-01 2.168933308738174901e+02 1.683041827614137276e+01 5.819346298041941736e+02 4.360742927556152182e+01 6.575098673823340505e+02 1.160456707882068031e+03 6.306280214820747432e+01 7.042781774650961779e+02 0.000000000000000000e+00
0.000000000000000000e+00 4.559920368296517523e+01 1.753053179228476566e+01 8.323067510488473886e+01 2.055377237511798398e+02 3.514843966076401784e+02 1.043260453462919770e+02 3.979839800051915404e+02 6.635869673894542302e+02 6.860531445980311673e+02 3.000413751677450591e+02 9.744862460828072415e+01 3.575216578222312478e+02 2.220210455581723696e+00 5.193373754465638967e+02 2.439203803253772662e+02 8.932750421688588176e+02 5.801710726402868659e+02 3.575669021158952319e+02 1.430060436984832650e+00 7.228997568658119235e+02 2.022801919890745523e+02 1.597914668183587992e+03 1.806663811047427828e+02 7.845815920292921186e-01 4.678668564728231445e+02 8.885956424059203300e+02 1.459292184789872104e-01 1.830851383319325620e+01 4.226507010814554519e+02 5.429959549483061920e+01 2.169609677735803928e+02 1.810376770461252960e+01 3.132991305777755309e-01 1.759696798190609570e+02 2.965268860510599325e+01 9.432705631210635033e+01
0.000000000000000000e+00 5.438559202289543464e+02 6.516056808590266201e+02 8.259601390216880645e+02 4.846343443304868401e+02 1.465307964477357530e+02 5.305384179540644709e+02 2.637199624603044299e+02 8.118193317696138820e+02 9.918138206923836719e+01 8.934619286107857761e+01 9.454126618326181415e+02 1.287659591453187033e+02 9.449429771981895101e+02 1.482671845341921824e+02 1.053663788425052644e+03 7.898188759757462094e+02 2.696673705511232129e+02 5.167410913153336338e-01 1.436844880034501102e+03 1.062560294225547295e+03 0.000000000000000000e+00 2.080591461251289331e+02 3.528078497629208528e+02 2.235988362377163128e+02 1.616874074151148122e+01 3.462397290518929083e+01 5.161793404021508422e+02 4.573368568266347438e+02 6.393538227338170827e+02 0.000000000000000000e+00 2.355276579372760182e+02 6.228140224530453679e+02 6.747956444671545739e+01 1.462805066049539562e+02 7.855294912261672380e+02 3.301768663742801664e+02
0.000000000000000000e+00 6.607349844951586419e+02 1.140854552350489712e+03 1.213956259644313832e+03 1.506409973615537297e+02 4.776870773572209572e+00 4.004598555843077747e+02 1.408036409991983540e+01 8.126222540493083457e+00 2.675353614200815924e-05 8.154039362519407419e+00 1.060776730653623190e+03 9.309531074303066589e+02 1.901511701257486777e+02 4.518713358118415613e+02 1.175859676294553680e+01 8.217070547721445450e+01 8.927372221214101273e+02 7.988994815450572560e+02 0.000000000000000000e+00 1.298311887619277513e+03 1.538666241859116781e+03 6.726090335239491651e+02 1.312129814834980607e+03 0.000000000000000000e+00 6.180154957137052634e+02 5.497281888232527081e+02 6.112284969755257436e+01 4.831883878812821536e+02 1.427748655363032412e+03 0.000000000000000000e+00 2.982312208989769147e+02 1.601152835085805179e+02 6.917853655668703823e+02 4.221892091057415364e-01 1.784404165450384596e+02 2.317078648536787284e+02
0.000000000000000000e+00 1.420911758016882686e+03 8.358011318919675432e+02 7.880503193815447958e+02 7.977420399690215618e+02 0.000000000000000000e+00 6.086427971095374687e+02 6.565574081677721097e+01 9.175293624575760987e+01 0.000000000000000000e+00 0.000000000000000000e+00 4.585068165442059467e+02 8.846108289523105839e+01 1.019770567838824782e+01 1.784753761552515805e-01 1.307300000186821478e+02 6.328665829727684695e+02 3.191181750084812734e+02 2.572517727327327748e+02 1.307515029271442472e+03 0.000000000000000000e+00 1.634348442542368048e+03 1.534176692562960170e+03 1.355530827749828632e+03 1.323027358152964780e+03 3.096064289708568822e+02 2.975994888871597368e+02 3.735084768653289444e+01 6.543660200617681388e-01 8.513312125195265025e+02 8.334833639195187516e+02 6.807213122072804481e+02 5.860850125190351037e+02 8.560671529889964937e-01 4.917689894265799211e+01 7.130944838566475141e+01 0.000000000000000000e+00
0.000000000000000000e+00 0.000000000000000000e+00 4.975116578978985515e+00 5.789520782202479410e+01 1.159799635663728736e+02 0.000000000000000000e+00 3.545657505375877427e+00 2.676319436547846635e+02 9.644983885819596026e+02 2.276678894905999062e+00 3.520166139344357816e+02 3.422703153951884474e+02 0.000000000000000000e+00 1.397670489781146443e+02 0.000000000000000000e+00 8.816577220590282877e+02 3.638254336001381262e+01 4.695085414719293340e+02 3.788107510809315954e+02 1.086680575852762232e+00 3.193638193165648431e+02 9.361343059252439369e-01 2.508167279348921284e+02 5.652515088263694452e+02 2.107859121183459195e+02 1.591210324797915465e+00 0.000000000000000000e+00 5.292132925824089398e+02 8.893766956676861355e+02 1.772288719524572116e+02 2.171222357495366282e+02 0.000000000000000000e+00 2.579713508679455458e+02 5.848394984800393104e+02 4.377006453855630497e+01 3.955892306170437678e+02 1.908982539641196752e+02
0.000000000000000000e+00 1.526712703458767919e+03 1.846375577969004951e+02 6.856042769545031206e+02 4.062291531295566216e+01 7.956216412945589127e+02 6.337900337608109425e+01 1.248614996990077543e+03 7.095369958533639476e+01 1.201398702603087713e+03 2.252742651114996590e+02 1.420737623047077420e+02 1.044743893642165403e+03 4.826069508628409466e+01 3.250022904336418605e+01 1.120169915453729573e+03 7.598566883515442214e+02 6.058911780542723591e+02 2.760391948114478851e+02 0.000000000000000000e+00 1.338268900867570039e+02 4.194746369342792605e+02 3.360416471634759095e+00 1.298803317973001015e+02 2.770244305250292314e+02 3.390088401429169380e+02 6.377771641754764005e+02 2.568075131604856054e+01 2.173415635361121978e-01 1.961588130875328488e+02 1.430800150986047129e+03 1.543042702448446732e+02 1.173955754414015118e+00 9.193144147063644596e+02 2.919392862936705342e+02 1.732468488009664611e+02 5.645100404222612056e+00
0.000000000000000000e+00 1.722161094550782536e+03 4.324352499009218320e+01 4.261651125448594968e+01 9.189678129138117990e-01 0.000000000000000000e+00 1.361311654644928524e+02 1.410127187746437585e+02 1.540930572389569591e+02 3.408292313445132322e+02 1.383870619263139190e+02 1.443387383800134785e+03 7.756606440008936261e+02 1.083917095786247046e+03 1.310706358941935434e+02 4.822269396620176281e+02 4.735067316475713142e+02 7.661305600974667414e+02 2.565887276892845534e+02 1.669978077195260653e+02 4.252671603390267023e+02 4.188239016448249004e+02 5.358283682821981984e+02 3.373703676728031837e+02 1.290249911965230751e+02 5.242300129441620271e+01 3.278573770012919795e+02 8.231411178686920493e+02 9.618163363681134781e-01 1.390808054114751030e+03 8.727315311296094933e+02 1.086122019443195086e+03 1.690723964188179096e+01 5.186630082803782571e+00 6.195063282001622156e+02 4.765499009164953748e+01 6.442787364763191817e+02
0.000000000000000000e+00 3.479811341692253990e+01 1.274685809338644276e+03 7.347721903436818138e+02 4.037199852089777607e+01 1.634808872843023664e+03 1.632454694250140506e+02 1.137377398575528787e+03 1.558134680954595751e+03 7.126208372500431665e+01 9.311026240280060762e+00 8.655023728788698634e+01 0.000000000000000000e+00 2.666611528133313982e+02 2.122108180340034167e+01 7.270613010625216477e-01 4.038891816312602714e+02 6.240067662800437347e+02 4.596071111996518965e+01 4.936152155066359910e+02 7.168822289417652200e+02 2.823987763752003843e+02 2.720197293603555977e+02 1.514454259777376571e-09 3.065649625847506741e+02 8.137897173686765484e+01 2.314098112200665724e+01 1.219452419552538004e+03 1.914782597578694379e+02 1.497247621997868464e+03 1.734773496774898760e+01 2.580636761399529178e+01 7.681128028602502411e+01 3.645353589603889111e-01 1.087304723313664908e+03 1.669867323118290017e+02 1.919270714794232902e+02
0.000000000000000000e+00 1.565952662232266448e+03 0.000000000000000000e+00 2.795501657361197090e+01 4.848131686552112569e+02 6.637769305654624077e+02 8.322304048098477836e+01 1.305367412234584208e+03 1.322423440320264376e+02 4.593622077256808893e+02 4.443511268829137748e+02 1.152032456735474170e+03 0.000000000000000000e+00 1.091355114706263294e+03 8.936657066460098804e+02 4.757998227651560228e+02 8.109936177754008213e+00 7.350618328422294212e+01 3.722314754653535260e+02 7.755955082512856791e+01 2.672389289904118073e+02 2.690652297864270395e+02 6.677912807155731798e+02 1.626382971648624505e+02 2.365193129120728849e-02 4.198933696379946809e+02 6.884279001285863160e+02 2.283233123690875459e+02 4.405090086633419446e+02 1.169480957080293280e+02 1.216040753761787073e+03 2.354201395075220304e+00 9.173013082813978372e+02 9.530180726298765421e+02 2.905438609763147610e+02 4.757722409420666460e-02 1.462621914059314804e+03
0.000000000000000000e+00 1.020708419890618870e+03 7.574595538677610929e-01 1.468491165152183385e+03 0.000000000000000000e+00 9.595759742792116640e+02 5.862935651614442349e+02 7.848592888106500354e-01 1.316897597692039028e+02 0.000000000000000000e+00 5.776704703218075565e+02 0.000000000000000000e+00 8.949382573067110798e+02 8.902451895530121817e+01 5.602672936194030626e+02 1.259955150386208445e+01 0.000000000000000000e+00 1.428473634355099193e+03 1.274973819481720909e+02 2.100172847675412129e+02 6.066082958045372342e-01 1.061591234342377220e+03 2.878261994198679119e+00 2.507179851066159770e+01 3.123506373882037792e+02 7.169368727960966226e+02 1.926538679735800841e-01 8.134397894568458014e+02 2.663092411382854152e+02 9.437370559512802402e+02 7.742109829590547179e+02 3.560519642759791409e-02 2.294688242037924795e+02 5.231845333520358281e+02 1.029943655062693097e+03 4.915076870531250393e+02 1.264604500879515854e+02
0.000000000000000000e+00 1.292974544855607064e+03 9.580609074414768429e+02 0.000000000000000000e+00 7.564556947555063289e+02 8.880737862429762680e-03 5.287682988352586335e+02 6.214575119782375623e+01 2.194202532336759646e+02 4.872467261156489537e-01 9.334935516096021502e+02 4.828023764492479775e-02 5.651176199179973310e+02 2.303510180899582949e+01 1.243623962838615427e+01 6.729484812821326725e-04 1.236343672914472691e+01 6.618496632280398444e+02 7.160775238193942904e+00 2.525600295884562030e+01 1.328626772435861994e+03 1.157326385634383769e+03 7.980616594647503348e+01 1.104124337738503669e+02 3.880893444383460746e+02 1.128763818896499060e+02 5.336155986512391536e+00 0.000000000000000000e+00 2.496591754075118388e+02 1.494366895361278921e+03 6.980977319564283334e+01 1.888619799489639561e+01 5.278043789680094910e+00 9.350150437359029638e+02 5.508895457240157612e+02 2.319919206665644538e+02 0.000000000000000000e+00
0.000000000000000000e+00 2.629418556566199072e+01 1.080949793804252129e-01 6.016202822665663064e+01 2.166131475070123713e+01 7.184490167885307983e+02 4.566183237590717567e+02 7.886167048184903328e-01 2.256563948946603304e+01 2.591464641281249328e+02 3.534414700162338274e+00 1.003166266560684335e+03 1.237578000154886240e+03 4.089870813311471665e+01 3.389238141828608608e+00 0.000000000000000000e+00 5.792326044031061656e+02 1.346713429106521573e+02 6.217727654456982691e+02 0.000000000000000000e+00 9.529230934525922976e+02 4.368364256918977162e+01 3.838348780296636278e+02 4.467786393751018750e+02 5.060336626745800537e+00 4.566562939799874812e+02 1.023554604204334964e+03 3.801605161513807047e+02 7.555313656942985290e+01 1.117119445542528178e+00 1.594972599301838727e+02 5.250425076998660643e+02 0.000000000000000000e+00 3.053765914833767026e-01 4.473747440351410773e+02 2.125015836444059403e+01 8.382865541836763441e+02
0.000000000000000000e+00 5.606497752112221633e+02 8.483473006468939275e+02 3.483931378589717465e-01 4.324072828579524952e+01 2.102254311331427061e+02 3.643585743739582767e+02 7.492900194331015200e+02 1.458669495501920665e+03 4.782579952763159099e+02 6.800247348026815644e+02 1.525760817914285326e+03 1.553933099462014752e+03 1.183647151774731128e+03 8.559738429926676417e+02 4.494250432471919687e+00 3.237057459423185151e+02 5.179361405729357557e+02 1.397951253930137227e+03 1.177871748788804553e+03 4.162534741647193925e+01 7.058397287408910188e+02 1.594219672409990241e-01 0.000000000000000000e+00 5.364598585223611735e+02 5.893850551047312365e+02 1.186400231959205342e+02 5.636118872908688360e+01 8.049630376461230981e+02 1.394904639578999195e+02 1.936379882729387347e+01 0.000000000000000000e+00 1.098173524269999007e+03 7.244887657547632216e+02 1.701426294577609326e+02 9.321186062536133932e+01 1.991122837332539675e+01
