output/example/lateral_incision_000251.asc
nrows	75
cellsize	13.33333333
xllcorner	0
ncols	75
yllcorner	0
NODATA_value	-9999
[rows 34 to 50 of 75, columns 37 to 73 of 75]
5.299885473168743921e-01 7.285300139628848228e+02 5.401076424168632002e+02 4.706345025840875564e+02 1.984655334608133330e+02 3.998722012068115532e+02 2.209390371012845264e+02 3.566441616404252386e+02 7.583358309716172698e+02 2.019857974070846751e+02 2.590006111038807846e-01 1.070494703201549555e+03 1.625137428227322516e+03 1.505435111584275091e+03 5.972547715137437763e+02 8.325263747100672962e-01 1.416610751828757486e+02 9.485976372643814614e+01 1.586863147383277521e+02 2.443908994528668472e+02 2.619453831952582163e+02 8.709278360241938799e+01 9.786011580493529891e+02 6.801510081416586218e+02 1.129319430877387958e+03 6.061741322874733662e+00 2.595436050180806586e-01 4.087018963119316339e+00 5.313626913156765852e+01 1.506369105196510418e+03 1.626539554034664832e+02 2.033984030494399242e+00 2.972172056670194706e+02 1.316990505476316685e+03 4.841549110655508343e+02 0.000000000000000000e+00 6.950681079768473865e+02
1.346581537205198913e+02 6.396341596728742616e+02 4.993244003738159620e+01 3.433254273135908363e+00 6.740699933017780268e+02 3.216193203698355596e+00 1.926331442594961629e+02 2.407361143137319814e+01 1.145332549332588769e+03 2.373806322166593645e+02 5.796434480754667220e+02 3.850609733594534418e+02 3.338419823810204434e+02 5.357030451668223350e+02 8.192941087053151605e+00 6.418243117158674522e+02 7.415459866033563685e+02 4.729279503664703270e+02 1.015345227195122675e+03 5.407984066307064950e+02 3.693512730362874095e+02 4.879655007447894945e+02 5.425159595609972740e+01 7.941752806064826018e+02 5.229319176041252604e+02 3.240061729522477094e+02 1.338484030022805450e-03 4.694473288060252258e+01 1.456937239382085409e+03 0.000000000000000000e+00 5.813711093244996846e+02 4.148439580313815433e+00 1.976199329066772634e+02 3.621814898883341982e+01 2.990583273303643637e+02 7.606092562381638800e+02 0.000000000000000000e+00
8.591511149878501783e+02 1.280816559860060408e+02 6.708054472554722452e+02 4.407855806739595650e+00 7.554297925038334824e+02 1.462163083698956312e+00 1.031160464875709295e+03 3.817369149289339347e+00 1.771004703228910060e+01 2.408175362044116810e+02 3.216354226550852786e+02 3.053661352718395392e+02 1.235285025561678367e+03 1.666827379897478636e+02 0.000000000000000000e+00 1.195354185485484777e+03 1.810781136379922884e+02 1.486842843691631444e+01 1.203660796864162608e+00 1.965859906357883915e+02 0.000000000000000000e+00 1.472100568081645633e+03 5.325656135872065988e+02 5.077442390259071203e+02 8.496807102286885538e+01 1.269409884599345105e+03 6.046969672966138673e-03 1.196188186373159851e+03 8.848373805433535608e+02 1.692578353905512856e+01 9.414648768364327225e+02 5.347965307890841302e+01 1.396063434255090669e+02 2.854127881136834617e+02 1.246248006966575161e+02 7.112315947023812441e+02 5.944803043052889961e+02
1.266325476453307708e+01 9.692982866144835441e+01 1.542049203017038508e+03 3.104496665347840967e+00 1.275094299328627869e+02 8.440979389560785648e+02 1.871341978673864332e+02 5.027249809809916883e+02 4.379133181931463241e+02 5.778394833896545606e+02 8.249764782529936724e+01 1.796115536865685769e+01 2.651739359938214591e+01 3.228215226938046953e+02 6.994853977289723161e+02 2.699272286200610793e+01 4.011150587984347737e+01 2.605017351408824311e+02 4.973712069039939365e+02 4.501544188536009017e+00 3.647290716130230948e+01 1.437071958230571100e+00 0.000000000000000000e+00 0.000000000000000000e+00 8.593438905052154269e+02 2.604879289033376608e+02 5.246877361407922713e+00 1.472795949304873375e+03 9.680399202479283076e+02 6.481040911286399933e+02 7.466489808385799734e+02 5.296437842885328564e+02 2.178009059686198157e+01 3.386432886011475034e+02 1.954561590177792141e+02 4.303140633682836835e+01 3.643116881971751013e+02
1.007837282337519241e+03 4.977058436032267608e+00 6.271035870030036676e+02 5.292762779385650447e+02 1.903571204408576136e+02 2.805468429520109108e+00 1.606367051587278638e+02 1.031327686537166983e+03 1.323192021699885117e+03 1.130250010936632407e+03 1.106102046179117451e+03 1.501741844430813444e+03 8.221603021956458406e+02 7.581072542274157513e+02 3.005395315070654192e+02 4.088843548489961677e+01 1.838162098797549149e+01 1.251076470030362771e+03 1.761036145713502208e+02 9.834197267929263830e+01 5.061842019386149900e+02 3.038892771580362364e+02 1.627320499790507711e+03 4.319393775160937707e+02 8.134910416991202389e-03 2.936259928148107434e+00 0.000000000000000000e+00 0.000000000000000000e+00 2.153105618484234185e+02 1.377407915765103780e+03 3.223144598936615353e+02 1.997292808242923172e+02 1.172422845449317492e+03 7.309456116398566792e+02 4.045069827495697723e+02 9.404894803544019624e+02 3.743092760352283221e+01
1.489944382983945161e+03 1.045403877967230073e+03 7.437764268081094698e+00 3.771351771986485915e+02 3.842843608865780691e+00 1.199151648905572756e+03 1.439523294456417261e+03 3.348607768513486294e-01 4.394790932868670552e+02 8.559042291294460369e+01 9.541887305239444572e+01 2.937322105314600549e+02 1.465324212185966424e+01 3.688771750710177599e+01 6.470849271006864001e+01 1.667947722343167172e+01 1.867285541255906267e+01 1.470436300165460125e+03 3.331934540608194766e+02 1.516154584107187873e+02 9.607996364798728450e+01 5.818254035977626017e+02 0.000000000000000000e+00 1.103702936698628037e+03 7.979570921963253340e+02 3.926876720894543951e+02 0.000000000000000000e+00 2.749205984162520053e+02 1.205058710529046721e+03 1.845843966165793688e+02 2.049956878761051371e+01 5.066622266594749391e+01 8.015079329244795270e-01 0.000000000000000000e+00 2.169048359055533126e+02 3.716179031445104641e+00 1.862282635041153753e+02
0.000000000000000000e+00 4.405565148783728660e+02 1.729613383373383328e+02 0.000000000000000000e+00 1.060078306602826160e+03 1.467568810267501078e+02 6.733657727823508594e+02 3.979251516316803077e+02 3.196537638993563633e+02 5.716708224072075240e+01 6.944694212552919055e+01 7.091290583894526662e+02 1.032845852798220903e+03 3.269379480292391804e+02 6.849584414402079346e+01 1.578193417793206095e+02 8.099589403461741313e+02 1.335309847491572839e+02 1.155066095515714778e+03 1.357664502681598606e+03 0.000000000000000000e+00 5.080174706564904996e-01 1.023796710681243809e+02 1.766555958068072130e+02 1.391402179628660178e+02 6.102411217728757720e+02 1.385913100346060673e+03 1.994598051086859281e+00 1.415195482161218479e+03 4.692819267447560492e+02 3.944341614371537617e+02 2.124035429186639590e+02 8.347449613460958062e+02 1.589178016239867702e+03 2.599844559181672139e+02 6.323506772863439664e+02 5.197729576949959851e-01
9.263387255348756355e+01 6.622729897491111615e+02 1.773454400787872487e+02 1.158868598688044260e+00 1.630650391365013093e+03 5.516503562879996707e+02 4.761623384884489383e+02 3.793671381511347249e+02 1.494445803170241788e+03 3.526319958233017928e+02 1.254005479027368438e+03 1.551557577106234431e+00 0.000000000000000000e+00 1.548345724985900915e+02 8.931928657358065493e+02 6.590620095294112690e-02 3.555111792579008920e+02 7.908043546343432695e+01 7.243689674143199682e+02 3.967289564732677150e+02 0.000000000000000000e+00 7.133571715843689844e+02 0.000000000000000000e+00 4.273603440969133658e+02 0.000000000000000000e+00 7.942410052237980835e+02 7.577497162618707982e+00 1.309060447793367530e+03 9.499848798930337068e+01 3.273390370178700550e+02 0.000000000000000000e+00 0.000000000000000000e+00 1.980567503540727046e+02 3.421406950075127611e+02 9.854439285124106718e+00 5.065993484975494425e+02 3.726288512462468394e-01
1.715729347345084932e+02 9.195891188852343134e+01 1.095946127396954580e+03 4.341227888674414337e-01 7.621749309473091216e+02 0.000000000000000000e+00 1.940626320841506924e+02 2.740393694459477842e+02 5.505087955269315714e+00 6.351569209496261692e+02 8.121133540642972548e+00 2.840685599405877948e+00 7.100603075482359827e+01 1.758144188292153798e+00 4.982249872402003916e+02 4.218016210174031499e+00 2.706116181853321905e+02 2.120542132169913074e+01 9.925255305763282649e+02 2.148215534030929120e+03 1.321543749991881123e-01 1.796513072840560028e+02 1.576443163557702007e+02 0.000000000000000000e+00 3.591439254183530494e+00 9.754146203736938787e+02 5.256927157003570689e-02 1.583990972728580573e+02 4.905011684624325796e-01 7.309201076318014145e+01 2.486221521822631644e+02 5.992728691182003331e+02 2.425823824600801402e+02 8.188973872558344738e+02 1.655895215318563771e+02 7.984650779675207559e+02 3.452170163266489453e+02
7.805976226616494387e+02 2.479680705335601658e+02 7.380930923723649073e+01 0.000000000000000000e+00 9.633549981765189330e+01 1.460918301489531359e+03 2.438191614302557184e+02 1.005527007717084985e+03 0.000000000000000000e+00 0.000000000000000000e+00 5.628599291395701130e+02 2.489462797355874386e+02 1.163116134620565418e+02 5.641687675601121832e+00 0.000000000000000000e+00 9.271396406110442001e+01 2.101731562528879067e+02 1.085399855175363200e+03 1.044272657970805938e+02 1.490293064333705615e+03 1.164857489614136739e+03 3.642655685647204677e+02 6.595693943109654356e+02 3.274733803951475579e+02 3.981745059037248211e+02 5.502560852195655343e+02 4.055453337254757290e-02 1.307603704722649354e+03 6.849767666772626171e+02 2.946922545216133358e+02 4.908832948808820902e+02 2.883428621827314231e+01 4.522631722643788521e+02 3.588002252588979957e+01 1.059255672628816910e+03 2.084122039198211951e+02 4.178943959534981332e+02
0.000000000000000000e+00 7.255426226497112274e-02 1.105625740759838394e+01 8.920715763826090097e+02 5.558242907403527777e-01 9.876363034230986386e+02 3.037008237311108587e+02 2.774407671900485752e+02 6.707921604599999910e+02 1.928029082866657404e+02 2.888621221330936351e+02 6.209608544189446775e+02 3.508045112246149415e+02 3.869982213439162706e+02 1.155328630131103429e+00 3.384192428753678428e+02 7.776832405760411682e+00 2.019739215837613983e+03 1.163371036417753658e+03 6.404215670831332474e+00 6.631683941627819650e+02 6.600135375327644169e+02 0.000000000000000000e+00 1.210868696105998652e+03 2.723538572834695515e+02 9.226571792913442436e-09 5.719008814795104172e+02 0.000000000000000000e+00 3.032671439156255815e+02 1.356727759543665002e+02 8.964308287773462780e+02 6.693178046171309461e+02 1.329601600404088686e+03 2.827020263704703780e+02 9.462585043994693024e+01 2.528834717659212217e+01 6.140057560475243008e+02
1.011268079186117575e+03 3.415536696172459301e+02 2.047504163643901620e+02 1.485263824723967296e+01 1.575659950205823834e-01 4.130374519139570566e+02 4.690940723462759365e+02 1.002551826904978327e+01 9.501414377379863936e+02 7.600042808903320690e+01 1.618026245853439605e+03 1.049593691763399903e+02 9.370253236777867869e+02 5.126150602979632822e+02 3.824314591552948741e+02 4.191348170592092259e+01 4.859336339653170285e+02 1.189885038872398297e+02 1.649224752106354799e+03 1.181135442463996696e+03 9.065191074121061376e+01 3.115068692369487735e+01 1.600590216525750407e+02 4.628678419630223289e+02 4.445718834230392991e-02 6.211024730904148328e+02 1.586036954074344294e+03 6.917758821110978715e+02 2.237795991882826030e+01 9.074755173376358641e+01 5.232893788023233839e+01 0.000000000000000000e+00 8.691294515788133168e+00 8.609926446126582960e+02 1.292334881205611282e+03 6.471838387493080518e+02 3.690949522893690755e+02
1.221864032725758534e+03 8.951261799673823134e+02 1.768327030704379865e+02 2.109798991416652925e+01 9.706643689377228839e+02 1.309259916963888145e+03 1.166954942248935140e+03 2.555973251500862187e+00 7.703848858117680720e+02 2.459346048645513427e+00 3.639758273786317204e+02 2.174781950963293582e+02 1.962282657905494609e+00 2.587305416404802827e+02 1.957910556004755165e+01 1.048147813380045136e+03 8.547286332459210598e+02 0.000000000000000000e+00 1.234893599720942348e+01 1.697669100159891400e+02 0.000000000000000000e+00 7.302368505868892044e+02 1.203345968356788802e+02 1.503386679480891649e-02 2.335219138242164547e+02 2.129869825494531597e+02 5.602652937565903990e+00 1.618862825888649013e+02 1.530068461106663449e+02 6.194394064866083909e+02 7.061134330995460004e+02 0.000000000000000000e+00 2.332497769006568831e+02 0.000000000000000000e+00 2.737417739353364823e+02 8.689947406195699386e+02 3.439504555845797995e+02
1.469703650563296605e+03 4.006802702278691299e+02 1.908823817411594916e+02 1.313037027209553065e+00 3.264275045131394677e+02 0.000000000000000000e+00 9.918822442602428282e+02 1.057286668307169997e+01 8.748581397046554287e+01 1.399038865267183951e+02 8.492908827155550000e+01 1.003796479938902394e+03 1.626198248493190590e+02 2.800189378849204900e+02 5.615098319353767238e+02 1.990053872688200443e+02 3.135828176902790574e+02 5.953648080079984029e-01 6.028346677382729695e+02 6.087602564361980484e+01 1.363925782971727585e+03 3.788751465824017339e-01 0.000000000000000000e+00 5.972666510408837439e+02 1.601007782561130455e+02 2.744099389051088966e+00 1.064577378599555004e+03 3.311518541881325177e+02 3.343203269346450952e+02 5.878751873718365459e+02 5.550398361754848793e+02 1.761322991380486940e+02 1.814823149719890694e+02 2.238977764582861685e+00 6.178487271742651501e+02 9.024838341145010645e+01 5.479733633903553027e+02
0.000000000000000000e+00 7.763440528092552313e+02 1.121809154643296891e+00 1.157050068252024317e+02 7.473179105642394688e+02 1.657193234162494422e+00 1.079883482407645488e+03 4.933093979085541037e+01 8.536016036352672245e+02 0.000000000000000000e+00 2.432059351456674676e+02 1.097179371068506725e+03 1.160052768505319364e+03 1.092926474963719530e+00 5.512538153830408874e+02 9.677774627578047273e+01 8.434762659311708433e+01 4.008810457984872642e+02 8.010961979520094474e+02 1.481274517284165995e+03 1.085886150652928708e-04 1.529469846110690696e+03 3.400588580775492460e+02 1.864608533066782536e+00 4.564612976106539577e+02 0.000000000000000000e+00 2.166289920903240329e+02 0.000000000000000000e+00 9.596908221478412315e+02 8.657929033225508419e+02 9.083916795528667762e+02 1.063866655562940878e+03 1.179134653362795717e+02 1.171412950666041979e+03 4.896694004734303576e+02 3.873017453247955899e+01 3.070178049910318236e+02
9.426132237214297902e+02 6.691162442823538115e+00 1.128559254118594936e+03 9.955301500820005458e+02 7.826764873103934406e+02 9.927620376604409103e-01 7.349451726720690203e+02 2.974133001020429745e+01 1.265097263682323501e+03 4.884820682434511951e+01 7.853829771064685872e+01 1.031141819348778199e+03 1.443682110325072472e+03 4.300710584508306624e+02 1.117770547695881987e+03 7.917500085539878885e-02 1.561680810141820253e+00 1.998015704213795374e+00 9.119563798969001489e-01 0.000000000000000000e+00 0.000000000000000000e+00 0.000000000000000000e+00 1.151716328460923251e+03 8.001954370961983614e+02 6.967422322004222224e+01 4.079653394233436075e+02 5.429213948790666109e+02 4.099440614597052104e+02 2.460104706724961261e+02 0.000000000000000000e+00 8.057319181148380949e+01 3.725980924857813292e+00 6.386198292568856516e-02 5.164065004596319568e+02 2.651734008769734174e+01 1.561306171227147672e+02 5.569224480640966135e+01
4.103433101853900666e+01 8.261681677740834857e+02 9.663498083082794210e+02 1.043553069698370564e+03 1.643092232911527173e+00 6.832244600805437358e+02 4.575746517436704721e+02 3.665956034745050829e+01 1.287318904322717572e+03 3.241920811032312599e+02 1.723335376747543023e+03 1.690119621472758126e+03 2.901196097106200078e+00 4.424034417974420990e+02 1.437578952841213642e+01 5.077011561923604290e+02 1.172217951491276153e+03 7.247416900568401843e+02 2.546278162893869421e+02 1.646124427302767117e+02 5.781656044248218222e+02 6.664744629240596518e-01 9.471925743155503596e+02 1.036886184984406327e+03 2.694520464448251005e+02 4.578524015661220687e+02 4.341294076499335119e+02 6.994814932991471323e+01 7.525400287154302532e+02 6.258887167572594024e+01 6.992701870182602875e+01 3.637769833140168885e+02 8.028354520113369475e+00 3.378538287727625402e+02 9.326109022732234166e+01 7.345077562425279893e+01 3.357349030539424461e+02
