output/example/lateral_incision_000048.asc
nrows	75
cellsize	13.33333333
xllcorner	0
ncols	75
yllcorner	0
NODATA_value	-9999
[rows 17 to 33 of 75, columns 37 to 73 of 75]
1.656737035566111073e-12 0.000000000000000000e+00 1.663468807556772194e-12 3.417522282103640766e-12 0.000000000000000000e+00 3.423328737083883918e-12 1.674492530017281888e-12 0.000000000000000000e+00 5.696627057648526791e-13 3.398838282619545434e-12 5.701885170055778398e-13 0.000000000000000000e+00 0.000000000000000000e+00 0.000000000000000000e+00 0.000000000000000000e+00 5.740806805497546578e-13 0.000000000000000000e+00 0.000000000000000000e+00 3.406203245187184936e-12 5.669926172870861405e-13 1.645490345134631568e-12 0.000000000000000000e+00 4.194729099305216072e-12 0.000000000000000000e+00 0.000000000000000000e+00 8.689273292067082741e-12 3.380111235619670773e-12 1.643779723305935653e-12 1.575274625126661482e-11 1.647389729457604987e-12 0.000000000000000000e+00 0.000000000000000000e+00 8.592761099168452920e-12 3.703891553340538176e-12 0.000000000000000000e+00 1.686315617717379836e-12 3.435959960514426662e-12
3.407920313298829948e-12 5.690884664600854525e-13 0.000000000000000000e+00 4.281287253543265569e-12 3.417811190018797916e-12 1.678818450410460938e-12 0.000000000000000000e+00 2.982202862888134703e-12 4.272394767239969372e-11 0.000000000000000000e+00 0.000000000000000000e+00 0.000000000000000000e+00 0.000000000000000000e+00 0.000000000000000000e+00 0.000000000000000000e+00 0.000000000000000000e+00 2.987234434712047645e-12 3.389028048565409753e-12 3.427011498216042043e-12 0.000000000000000000e+00 8.811619225578016613e-12 0.000000000000000000e+00 0.000000000000000000e+00 1.130390003865031616e-11 1.236381465385437232e-11 0.000000000000000000e+00 7.411744898559661986e-11 1.642682252480127503e-12 3.950842792566666791e-12 0.000000000000000000e+00 1.674176272895788344e-12 3.428618178069185144e-12 0.000000000000000000e+00 3.426758308768334273e-12 1.885957459163851265e-12 0.000000000000000000e+00 5.732084893281328416e-13
0.000000000000000000e+00 6.171644750576580490e-12 5.709393565696821035e-13 2.188452604451030600e-11 1.674299519638921254e-12 0.000000000000000000e+00 1.678818450410460938e-12 3.423328737083883918e-12 5.709948058492465646e-13 0.000000000000000000e+00 0.000000000000000000e+00 0.000000000000000000e+00 0.000000000000000000e+00 0.000000000000000000e+00 3.401973041011980709e-12 4.207869320690289182e-12 0.000000000000000000e+00 2.972653603030393864e-12 3.399402698818876334e-12 1.655974473756474525e-12 1.682063919024430138e-12 0.000000000000000000e+00 0.000000000000000000e+00 1.689102222943002568e-12 0.000000000000000000e+00 1.026646068800570730e-12 1.827633526933053614e-12 0.000000000000000000e+00 1.652427099680231685e-12 8.602595508196634820e-12 0.000000000000000000e+00 5.754652919219464771e-13 0.000000000000000000e+00 0.000000000000000000e+00 0.000000000000000000e+00 1.675154485971416829e-12 0.000000000000000000e+00
0.000000000000000000e+00 0.000000000000000000e+00 3.384870650104368814e-12 1.662012195132317917e-12 0.000000000000000000e+00 1.662550236019592631e-12 3.397965040550330566e-12 0.000000000000000000e+00 0.000000000000000000e+00 0.000000000000000000e+00 0.000000000000000000e+00 0.000000000000000000e+00 0.000000000000000000e+00 0.000000000000000000e+00 0.000000000000000000e+00 0.000000000000000000e+00 5.714974895357911510e-13 0.000000000000000000e+00 1.662363717472758134e-12 2.063434954774894725e-19 0.000000000000000000e+00 3.678844093748118007e-11 1.085881327259798120e-10 3.453678638021208910e-12 1.659175090268904701e-12 3.437310170744384073e-12 0.000000000000000000e+00 5.677763768208450131e-13 0.000000000000000000e+00 0.000000000000000000e+00 1.674176272895788344e-12 3.428618178069185144e-12 0.000000000000000000e+00 0.000000000000000000e+00 0.000000000000000000e+00 0.000000000000000000e+00 0.000000000000000000e+00
0.000000000000000000e+00 0.000000000000000000e+00 1.651229148038150878e-12 0.000000000000000000e+00 8.796856552353420293e-12 4.006989191829194037e-18 0.000000000000000000e+00 0.000000000000000000e+00 0.000000000000000000e+00 3.398461683714606851e-12 0.000000000000000000e+00 0.000000000000000000e+00 5.731818227081819420e-13 0.000000000000000000e+00 1.661061581499105458e-12 0.000000000000000000e+00 0.000000000000000000e+00 1.662363717472758134e-12 1.101196737469393033e-11 8.385248197306319421e-17 0.000000000000000000e+00 6.260395908291783989e-13 0.000000000000000000e+00 1.689049581196087371e-12 3.659611897066087020e-11 8.803257877470205846e-12 0.000000000000000000e+00 0.000000000000000000e+00 0.000000000000000000e+00 0.000000000000000000e+00 0.000000000000000000e+00 0.000000000000000000e+00 0.000000000000000000e+00 0.000000000000000000e+00 1.677749416649390852e-12 1.676770549955003725e-12 0.000000000000000000e+00
0.000000000000000000e+00 3.394457244469653476e-12 5.707317407225870444e-13 3.365315975873023848e-12 3.384870563933477967e-12 1.452122184528508268e-12 5.700593983275251688e-13 0.000000000000000000e+00 3.401987836562203459e-12 1.659012334590646804e-12 0.000000000000000000e+00 1.663778127424157327e-12 0.000000000000000000e+00 5.707805662273055659e-13 0.000000000000000000e+00 1.658288316572781902e-12 0.000000000000000000e+00 8.670375539646483512e-12 1.676396096051619727e-12 0.000000000000000000e+00 5.581740588249405985e-13 2.175009646080574044e-10 3.448044035214378623e-12 1.658079107655664232e-12 0.000000000000000000e+00 1.407906164546478649e-17 0.000000000000000000e+00 0.000000000000000000e+00 0.000000000000000000e+00 0.000000000000000000e+00 0.000000000000000000e+00 0.000000000000000000e+00 0.000000000000000000e+00 1.062385989181837905e-11 0.000000000000000000e+00 5.772971095375356602e-13 0.000000000000000000e+00
2.989480233217793038e-12 1.096926021672934541e-10 2.029658067662135800e-09 9.629083456068199371e-12 0.000000000000000000e+00 0.000000000000000000e+00 0.000000000000000000e+00 0.000000000000000000e+00 1.663662041228344921e-12 0.000000000000000000e+00 8.647381760651185963e-12 0.000000000000000000e+00 0.000000000000000000e+00 0.000000000000000000e+00 2.985765946983456275e-12 0.000000000000000000e+00 1.670487531094299075e-12 1.666927660684889986e-12 0.000000000000000000e+00 1.628088690216247099e-12 4.364233686660087574e-11 0.000000000000000000e+00 0.000000000000000000e+00 3.432207960853625438e-12 9.707129281988857925e-11 0.000000000000000000e+00 5.750855835608245627e-13 0.000000000000000000e+00 0.000000000000000000e+00 0.000000000000000000e+00 0.000000000000000000e+00 0.000000000000000000e+00 1.647110106425255557e-12 0.000000000000000000e+00 1.677749416649390852e-12 5.776665473687091172e-13 0.000000000000000000e+00
0.000000000000000000e+00 3.375309860159310708e-12 2.953883774614375597e-12 0.000000000000000000e+00 3.373696843205991714e-10 0.000000000000000000e+00 3.382827922527486517e-12 1.665147604750669567e-12 0.000000000000000000e+00 3.708371177309484384e-12 0.000000000000000000e+00 3.404780078610281887e-12 5.710318460458255481e-13 3.404780078610281887e-12 3.411195862516728072e-12 3.018950503039958687e-12 3.387034936840188137e-12 3.422416784325473099e-12 5.722822203302729533e-13 3.408275692786460028e-12 0.000000000000000000e+00 0.000000000000000000e+00 0.000000000000000000e+00 0.000000000000000000e+00 1.652346439966014920e-12 1.655352907720091265e-12 8.818274766597825763e-12 1.347763066281646623e-11 3.394704435912746429e-12 1.328897591284313925e-11 1.814097264777826896e-18 3.353893306297684105e-12 4.564781908568505622e-12 3.585250133661263970e-12 1.670031300756780239e-12 1.677780240287899448e-12 0.000000000000000000e+00
1.649783992810900343e-12 1.645704968710217566e-12 0.000000000000000000e+00 1.645472456898418178e-12 2.976431641903158790e-17 1.339510788185564405e-16 4.169355565271358965e-12 0.000000000000000000e+00 5.417928382929779452e-12 3.408046593956017708e-12 0.000000000000000000e+00 1.664767043900379147e-12 0.000000000000000000e+00 3.013923447985092352e-12 8.355067128079889777e-18 8.229985399981198152e-18 1.224281079828591931e-10 3.375675589303242717e-12 0.000000000000000000e+00 0.000000000000000000e+00 0.000000000000000000e+00 0.000000000000000000e+00 0.000000000000000000e+00 0.000000000000000000e+00 0.000000000000000000e+00 1.012972645682274106e-12 1.651411591012827889e-12 4.172298687718413197e-12 2.964316322420506663e-12 0.000000000000000000e+00 1.011195112784556572e-12 2.055491178633286747e-11 3.164356910979983704e-11 5.279069393983905811e-12 0.000000000000000000e+00 0.000000000000000000e+00 0.000000000000000000e+00
5.751590921076806816e-13 3.362976210183761109e-12 3.677024900831399333e-10 3.375451612130160038e-12 2.166669761244074298e-18 0.000000000000000000e+00 5.510138028031858302e-16 5.717373820269616498e-13 6.081647787348835950e-12 0.000000000000000000e+00 0.000000000000000000e+00 0.000000000000000000e+00 8.766533200012344334e-12 6.427924295141110787e-12 3.369907548948358522e-12 5.723579810613487412e-13 5.667192595180625723e-13 7.193045952161921155e-10 5.469191216900238609e-18 3.407873025981830901e-12 0.000000000000000000e+00 0.000000000000000000e+00 0.000000000000000000e+00 0.000000000000000000e+00 5.708064899182250191e-13 1.662392325121535851e-12 1.662810179255657611e-12 5.701455147061425778e-13 3.394704435912746429e-12 2.701840922504193004e-18 1.667484962938411901e-12 2.487678261499613790e-11 5.588412290233854020e-11 1.644128578641267604e-12 1.670031300756780239e-12 1.677780240287899448e-12 0.000000000000000000e+00
1.066875612380092507e-09 5.847499816589615044e-12 0.000000000000000000e+00 0.000000000000000000e+00 3.802149648440284827e-12 1.594308370094244798e-12 1.014242665536609766e-12 1.884508660863310120e-16 0.000000000000000000e+00 0.000000000000000000e+00 0.000000000000000000e+00 1.945860934989062480e-11 3.637897938873035189e-19 0.000000000000000000e+00 9.258473339913684700e-17 1.031950511559195299e-12 0.000000000000000000e+00 1.666772156885908231e-12 0.000000000000000000e+00 2.093601211684398232e-17 2.991792034526172690e-12 0.000000000000000000e+00 0.000000000000000000e+00 0.000000000000000000e+00 0.000000000000000000e+00 0.000000000000000000e+00 1.662392325121535851e-12 0.000000000000000000e+00 0.000000000000000000e+00 0.000000000000000000e+00 0.000000000000000000e+00 3.343866675907923283e-12 0.000000000000000000e+00 5.260664495308924345e-12 7.656695107580056424e-12 3.426404909181869208e-12 0.000000000000000000e+00
1.896521527390016961e-12 2.194772830372737772e-09 7.367185711985775966e-13 0.000000000000000000e+00 0.000000000000000000e+00 8.370806087185909347e-10 5.626868073231942167e-13 0.000000000000000000e+00 0.000000000000000000e+00 0.000000000000000000e+00 3.352672769887590915e-12 1.645920914290306259e-12 0.000000000000000000e+00 3.006923700740803237e-12 1.667747664104975656e-12 0.000000000000000000e+00 1.664260617765197832e-12 3.407873025981830901e-12 1.030927433675605831e-12 1.128583412969000315e-10 3.430143660545331274e-12 5.711853255407739096e-13 0.000000000000000000e+00 0.000000000000000000e+00 0.000000000000000000e+00 0.000000000000000000e+00 0.000000000000000000e+00 0.000000000000000000e+00 0.000000000000000000e+00 0.000000000000000000e+00 0.000000000000000000e+00 0.000000000000000000e+00 2.195499245111823483e-12 0.000000000000000000e+00 5.736602484171869132e-13 0.000000000000000000e+00 4.300045761520393605e-12
2.159865332265549445e-11 6.131249969829643096e-13 0.000000000000000000e+00 0.000000000000000000e+00 4.144769434045213525e-12 3.260003681949713764e-12 3.351656200142504586e-12 6.288885829911042830e-19 6.857592019770337546e-17 5.492794523207279540e-13 1.629310305189189965e-12 0.000000000000000000e+00 1.860591101755923980e-12 1.087949114730203328e-11 1.663751023430400796e-12 0.000000000000000000e+00 0.000000000000000000e+00 0.000000000000000000e+00 5.727373339294428962e-13 6.602019943269479091e-12 6.140650242902610847e-12 5.591896871024372208e-19 1.663774255820782040e-12 0.000000000000000000e+00 0.000000000000000000e+00 0.000000000000000000e+00 0.000000000000000000e+00 0.000000000000000000e+00 0.000000000000000000e+00 0.000000000000000000e+00 0.000000000000000000e+00 0.000000000000000000e+00 5.764235828920838019e-13 1.674629856167500469e-12 1.458206032917514765e-12 1.670194566478242340e-12 0.000000000000000000e+00
0.000000000000000000e+00 0.000000000000000000e+00 0.000000000000000000e+00 0.000000000000000000e+00 0.000000000000000000e+00 5.676802751524432857e-13 5.492794523214367929e-13 0.000000000000000000e+00 3.199470597358535716e-10 2.884136535129594288e-12 3.271794998610297590e-12 1.629326859836656437e-12 3.352765453038156700e-12 5.712791034649123158e-13 0.000000000000000000e+00 0.000000000000000000e+00 0.000000000000000000e+00 0.000000000000000000e+00 0.000000000000000000e+00 1.668459553295901639e-12 5.783354266806739110e-13 0.000000000000000000e+00 9.538039477216504241e-11 1.660795045309985408e-12 0.000000000000000000e+00 0.000000000000000000e+00 0.000000000000000000e+00 0.000000000000000000e+00 0.000000000000000000e+00 0.000000000000000000e+00 0.000000000000000000e+00 0.000000000000000000e+00 0.000000000000000000e+00 0.000000000000000000e+00 0.000000000000000000e+00 0.000000000000000000e+00 0.000000000000000000e+00
1.641013912797367723e-12 0.000000000000000000e+00 0.000000000000000000e+00 0.000000000000000000e+00 0.000000000000000000e+00 3.364820251127495983e-12 1.661233814581662979e-12 3.757593958802951169e-10 3.271794998610297590e-12 1.629352650334961937e-12 3.271794998610297590e-12 0.000000000000000000e+00 0.000000000000000000e+00 0.000000000000000000e+00 0.000000000000000000e+00 0.000000000000000000e+00 0.000000000000000000e+00 0.000000000000000000e+00 0.000000000000000000e+00 0.000000000000000000e+00 4.252139455353982030e-12 9.595125408726744053e-11 3.444867541532709690e-12 3.441570167208217473e-12 2.853793980519057628e-18 0.000000000000000000e+00 5.666016608578088710e-13 1.748561733827765281e-11 1.354917549859411290e-11 3.360657961081640084e-12 2.969564125610035442e-11 3.352724612278417088e-12 0.000000000000000000e+00 0.000000000000000000e+00 0.000000000000000000e+00 0.000000000000000000e+00 0.000000000000000000e+00
0.000000000000000000e+00 0.000000000000000000e+00 0.000000000000000000e+00 0.000000000000000000e+00 0.000000000000000000e+00 1.664105888350911885e-12 0.000000000000000000e+00 1.661233814581662979e-12 0.000000000000000000e+00 1.815628938801417049e-10 2.918181441293984820e-11 0.000000000000000000e+00 0.000000000000000000e+00 0.000000000000000000e+00 1.659973301357051925e-12 1.663227445468975533e-12 0.000000000000000000e+00 0.000000000000000000e+00 0.000000000000000000e+00 5.690925259553951171e-13 0.000000000000000000e+00 1.660328123119794216e-12 5.786646967076511892e-13 5.764067941366911153e-13 0.000000000000000000e+00 2.166669761244074298e-18 5.153592595502978519e-18 0.000000000000000000e+00 1.023061469302033527e-12 5.676792346366339589e-13 1.241965724521124629e-11 5.692041608278186647e-13 4.598669434931850889e-12 5.458927551316514737e-12 3.042718042463197435e-12 1.675290443642630378e-12 0.000000000000000000e+00
5.633009016727314075e-13 0.000000000000000000e+00 0.000000000000000000e+00 0.000000000000000000e+00 0.000000000000000000e+00 0.000000000000000000e+00 5.713422970646316402e-13 3.398841540667578865e-12 1.665998042042258212e-12 0.000000000000000000e+00 1.759628159648818429e-10 3.378325518857024411e-12 0.000000000000000000e+00 1.191996351184217860e-11 0.000000000000000000e+00 0.000000000000000000e+00 1.663945850070753044e-12 0.000000000000000000e+00 0.000000000000000000e+00 0.000000000000000000e+00 0.000000000000000000e+00 1.657852274237604785e-12 0.000000000000000000e+00 1.657852274237604785e-12 7.643549763508164281e-12 8.668121239430918171e-12 0.000000000000000000e+00 7.373936915066211399e-20 0.000000000000000000e+00 3.279362953976967215e-12 5.628661759190913818e-13 1.783430916921492023e-11 0.000000000000000000e+00 9.689427605362571593e-12 0.000000000000000000e+00 3.041695110936425341e-12 5.724442227660864197e-13
