output/example/lateral_incision_000027.asc
nrows	75
cellsize	13.33333333
xllcorner	0
ncols	75
yllcorner	0
NODATA_value	-9999
[rows 17 to 33 of 75, columns 37 to 73 of 75]
3.351463660583307443e-12 0.000000000000000000e+00 2.987623818514962091e-12 3.355526343644148398e-12 1.644795252185059287e-12 0.000000000000000000e+00 5.655403837285789008e-13 3.379089965879349328e-11 3.005967165115338647e-12 0.000000000000000000e+00 5.642601438896209011e-13 0.000000000000000000e+00 0.000000000000000000e+00 0.000000000000000000e+00 0.000000000000000000e+00 5.628978446173943150e-13 0.000000000000000000e+00 0.000000000000000000e+00 2.289698682007888364e-18 5.727555830840784804e-13 1.659957045014503931e-12 0.000000000000000000e+00 1.456405353737514818e-12 3.391974959269644201e-12 2.315311120726725502e-11 1.637241474830875333e-12 0.000000000000000000e+00 5.580082691721514363e-12 0.000000000000000000e+00 1.634313952301831789e-12 0.000000000000000000e+00 0.000000000000000000e+00 8.703984309219232358e-12 6.578506791221708698e-12 0.000000000000000000e+00 4.235161188624940772e-12 3.371088951672441793e-12
0.000000000000000000e+00 5.694683435683758449e-13 0.000000000000000000e+00 1.636166678140622410e-12 0.000000000000000000e+00 1.644795252185059287e-12 3.368653590035447761e-12 5.674277462752019153e-13 0.000000000000000000e+00 0.000000000000000000e+00 0.000000000000000000e+00 0.000000000000000000e+00 0.000000000000000000e+00 0.000000000000000000e+00 5.652975293284371350e-13 0.000000000000000000e+00 5.675587023877777181e-13 3.385708862785573069e-12 0.000000000000000000e+00 3.352939118922397834e-12 0.000000000000000000e+00 3.352941736531423446e-12 0.000000000000000000e+00 0.000000000000000000e+00 1.631999327838261990e-12 0.000000000000000000e+00 5.424252535812838606e-12 3.404056172977102095e-12 4.216449086741146758e-12 0.000000000000000000e+00 1.623344297070841658e-12 1.628809767841971238e-12 0.000000000000000000e+00 3.387503348269344460e-12 1.852267042960789575e-12 0.000000000000000000e+00 1.637559624954173192e-12
0.000000000000000000e+00 0.000000000000000000e+00 3.339839254980138626e-12 0.000000000000000000e+00 3.339839254980138626e-12 1.651349629396889261e-12 0.000000000000000000e+00 0.000000000000000000e+00 0.000000000000000000e+00 0.000000000000000000e+00 0.000000000000000000e+00 0.000000000000000000e+00 0.000000000000000000e+00 0.000000000000000000e+00 3.380026286047873090e-12 5.652975293284371350e-13 0.000000000000000000e+00 2.997064807431583786e-12 3.374123360963873588e-12 1.603454997831588814e-11 0.000000000000000000e+00 1.634975141804406970e-12 0.000000000000000000e+00 7.717776045420884032e-12 0.000000000000000000e+00 1.654448544041502255e-12 3.349835414868776652e-12 0.000000000000000000e+00 5.660642453935838851e-13 5.573534181469492831e-13 0.000000000000000000e+00 0.000000000000000000e+00 0.000000000000000000e+00 0.000000000000000000e+00 0.000000000000000000e+00 5.617964246325732234e-13 0.000000000000000000e+00
0.000000000000000000e+00 0.000000000000000000e+00 3.344796629095009842e-12 1.644141175286463361e-12 4.210917401592857144e-12 0.000000000000000000e+00 0.000000000000000000e+00 0.000000000000000000e+00 0.000000000000000000e+00 0.000000000000000000e+00 0.000000000000000000e+00 0.000000000000000000e+00 0.000000000000000000e+00 0.000000000000000000e+00 0.000000000000000000e+00 3.385708862785573069e-12 1.659971841048496679e-12 0.000000000000000000e+00 1.650478641138620165e-12 2.127791501338784493e-17 1.870559502869024346e-17 0.000000000000000000e+00 0.000000000000000000e+00 1.630675894419907776e-12 0.000000000000000000e+00 5.867383413926534295e-13 5.714838933540446658e-13 1.653284788564787371e-12 0.000000000000000000e+00 0.000000000000000000e+00 1.410886682558452066e-12 5.585837453442717529e-13 0.000000000000000000e+00 0.000000000000000000e+00 0.000000000000000000e+00 0.000000000000000000e+00 0.000000000000000000e+00
1.639931217329967125e-12 0.000000000000000000e+00 1.960711399952118716e-11 5.663979791995804524e-13 0.000000000000000000e+00 0.000000000000000000e+00 0.000000000000000000e+00 0.000000000000000000e+00 0.000000000000000000e+00 3.390010133519799642e-12 0.000000000000000000e+00 5.661206769016270388e-13 5.628330153033138420e-13 0.000000000000000000e+00 1.649971513848262546e-12 0.000000000000000000e+00 3.374123351215254013e-12 1.650478641138620165e-12 6.028163229023183829e-12 8.059887282667513922e-17 1.637649491557894742e-12 1.633567528671373759e-12 9.209895155459440139e-11 3.339535458339597297e-12 1.722862772735459563e-12 0.000000000000000000e+00 0.000000000000000000e+00 0.000000000000000000e+00 0.000000000000000000e+00 0.000000000000000000e+00 0.000000000000000000e+00 0.000000000000000000e+00 0.000000000000000000e+00 0.000000000000000000e+00 1.642753530920538427e-12 1.635098878333992179e-12 0.000000000000000000e+00
0.000000000000000000e+00 1.617628327782667252e-17 0.000000000000000000e+00 5.313438544948815932e-12 5.681560818238851601e-13 0.000000000000000000e+00 0.000000000000000000e+00 0.000000000000000000e+00 3.374804519395784612e-12 1.657855987455299200e-12 0.000000000000000000e+00 1.653363708966464619e-12 0.000000000000000000e+00 4.217271960533575381e-12 0.000000000000000000e+00 1.652860795910361036e-12 0.000000000000000000e+00 0.000000000000000000e+00 1.635549688814094194e-12 0.000000000000000000e+00 1.649597120191920919e-12 5.664223273431737193e-13 1.954835247684077364e-13 3.337837372548070200e-12 2.933965144956827930e-12 3.356143462280131369e-12 0.000000000000000000e+00 0.000000000000000000e+00 0.000000000000000000e+00 0.000000000000000000e+00 0.000000000000000000e+00 0.000000000000000000e+00 0.000000000000000000e+00 1.087466770466007388e-11 0.000000000000000000e+00 0.000000000000000000e+00 0.000000000000000000e+00
2.012099360096209983e-16 0.000000000000000000e+00 4.123987681485584245e-16 3.372851539917502984e-12 0.000000000000000000e+00 0.000000000000000000e+00 0.000000000000000000e+00 0.000000000000000000e+00 1.650501706878048048e-12 0.000000000000000000e+00 8.666949425667290813e-12 0.000000000000000000e+00 0.000000000000000000e+00 0.000000000000000000e+00 2.983077486479978880e-12 0.000000000000000000e+00 1.643537314589204324e-12 1.639018436756300535e-12 0.000000000000000000e+00 1.603719036242831484e-12 4.958829437665593343e-11 3.282437505890646035e-11 5.602510462568034181e-13 2.965808242539767169e-11 0.000000000000000000e+00 2.805996207404866748e-11 3.369338626937972572e-12 0.000000000000000000e+00 0.000000000000000000e+00 0.000000000000000000e+00 0.000000000000000000e+00 3.277264713519706503e-11 1.671220524416354731e-12 0.000000000000000000e+00 1.847825157320416994e-12 5.609064741406094922e-13 0.000000000000000000e+00
1.087297647915475475e-10 2.974616818244234877e-12 3.587042377419451784e-11 0.000000000000000000e+00 3.037815420677422173e-19 1.651683252350144464e-12 3.365474598102117718e-12 1.648264158898918747e-12 0.000000000000000000e+00 3.649218036041897627e-12 3.374804519395784612e-12 0.000000000000000000e+00 5.673541806999124640e-13 5.681508571029181747e-13 3.361893475967825462e-12 6.843491377167590720e-20 3.367401134396668980e-12 1.319683690696745019e-10 1.623032426842356789e-12 3.345737635738432541e-12 0.000000000000000000e+00 0.000000000000000000e+00 0.000000000000000000e+00 3.333896972832016596e-12 1.645046782874326352e-12 0.000000000000000000e+00 1.250794486381156079e-11 3.388748695089940027e-12 3.408111077690806738e-12 3.046855531351314771e-11 3.433267982391911745e-12 1.682955747942588862e-12 0.000000000000000000e+00 1.672104373464113834e-12 1.648261387029021898e-12 1.640302387352021057e-12 0.000000000000000000e+00
5.660878013966737711e-13 3.458530231092471848e-10 5.655336773165843485e-13 1.021205767387476040e-12 2.967639551780839693e-12 9.678158319573734162e-20 4.178729427787481109e-12 0.000000000000000000e+00 1.643295262417818684e-12 3.364410390044764630e-12 0.000000000000000000e+00 1.650754932953625150e-12 0.000000000000000000e+00 2.955422807829822222e-12 1.807901029318146513e-16 5.620034849879808403e-13 3.930498556858276753e-10 1.646831211712239567e-12 5.642053437175898217e-13 1.035248122542349701e-19 1.650067179907882941e-12 0.000000000000000000e+00 0.000000000000000000e+00 0.000000000000000000e+00 3.369337382137139658e-12 5.435974712199547851e-12 0.000000000000000000e+00 1.035273183631017491e-12 1.035956251387126974e-12 3.000062237801152834e-12 0.000000000000000000e+00 1.674671392409306803e-12 6.172354516319897277e-12 4.392301553756829860e-19 0.000000000000000000e+00 0.000000000000000000e+00 0.000000000000000000e+00
1.056891425926088973e-10 0.000000000000000000e+00 1.650822617957765673e-12 3.371987497892892114e-12 5.662451490372450331e-13 1.647765402099522654e-12 5.625203403850560788e-16 7.217813363853317001e-12 1.319161962090512040e-11 0.000000000000000000e+00 0.000000000000000000e+00 3.364380330556658097e-12 6.416382581733375840e-12 2.972031072548188221e-12 7.496890481247652200e-12 1.646831211712239567e-12 1.646831211712239567e-12 5.635428007321357635e-13 2.467079907818207320e-19 0.000000000000000000e+00 1.645860194762641460e-12 3.360761161026886017e-12 0.000000000000000000e+00 0.000000000000000000e+00 0.000000000000000000e+00 1.658112324929598790e-12 0.000000000000000000e+00 5.680233183356412138e-13 5.667894315782742053e-13 3.424216998992727879e-12 1.651995094800195881e-12 3.438576556841868233e-12 4.270727297208249252e-12 3.394927077138087685e-12 1.854588899379784428e-12 5.628450567801072011e-13 0.000000000000000000e+00
1.642322887734594626e-12 0.000000000000000000e+00 0.000000000000000000e+00 0.000000000000000000e+00 0.000000000000000000e+00 3.922360948734493092e-16 3.372851539917502984e-12 0.000000000000000000e+00 0.000000000000000000e+00 0.000000000000000000e+00 0.000000000000000000e+00 1.767320963240054842e-11 6.288885829911042830e-19 0.000000000000000000e+00 1.696080431981133086e-10 1.648073144191850421e-12 2.974211882974298964e-12 0.000000000000000000e+00 1.134482923352286977e-10 8.491188703503697107e-12 5.610008595397127675e-13 0.000000000000000000e+00 0.000000000000000000e+00 0.000000000000000000e+00 0.000000000000000000e+00 0.000000000000000000e+00 1.660232584438411252e-12 0.000000000000000000e+00 0.000000000000000000e+00 0.000000000000000000e+00 0.000000000000000000e+00 5.673106510210114914e-13 0.000000000000000000e+00 1.453139951862319578e-12 5.352083268519276001e-12 3.357971754749570385e-12 0.000000000000000000e+00
0.000000000000000000e+00 0.000000000000000000e+00 0.000000000000000000e+00 0.000000000000000000e+00 0.000000000000000000e+00 5.662451490372450331e-13 1.262041856434995353e-11 1.340506117689790096e-16 0.000000000000000000e+00 0.000000000000000000e+00 8.601968051483685788e-12 1.649525384290130382e-12 0.000000000000000000e+00 1.831702848024869190e-12 5.635952380542015380e-13 1.021816903204686121e-12 0.000000000000000000e+00 1.651715502902228591e-12 0.000000000000000000e+00 0.000000000000000000e+00 3.677032513109062668e-11 1.080345981714799651e-11 0.000000000000000000e+00 0.000000000000000000e+00 0.000000000000000000e+00 0.000000000000000000e+00 0.000000000000000000e+00 0.000000000000000000e+00 0.000000000000000000e+00 0.000000000000000000e+00 0.000000000000000000e+00 0.000000000000000000e+00 5.635601488705422871e-13 0.000000000000000000e+00 1.640459787825598502e-12 0.000000000000000000e+00 1.629962582102150046e-12
0.000000000000000000e+00 0.000000000000000000e+00 0.000000000000000000e+00 5.680033184529502740e-13 5.660894237171661952e-13 0.000000000000000000e+00 1.649496738494869797e-12 3.399025029181594233e-11 7.006523031762852436e-19 5.599690073734597219e-13 1.649586433010634750e-12 0.000000000000000000e+00 1.660811430654770532e-12 1.096566799126675525e-11 5.666655979896003597e-13 0.000000000000000000e+00 0.000000000000000000e+00 0.000000000000000000e+00 0.000000000000000000e+00 1.654893814942436156e-12 0.000000000000000000e+00 3.611150439473787301e-18 1.642704377224707467e-12 1.655939850378559353e-12 0.000000000000000000e+00 0.000000000000000000e+00 0.000000000000000000e+00 0.000000000000000000e+00 0.000000000000000000e+00 0.000000000000000000e+00 0.000000000000000000e+00 0.000000000000000000e+00 0.000000000000000000e+00 5.627119408889017577e-13 1.442058850913405870e-12 5.602759650814100666e-13 0.000000000000000000e+00
0.000000000000000000e+00 0.000000000000000000e+00 0.000000000000000000e+00 0.000000000000000000e+00 0.000000000000000000e+00 5.678726751189549859e-13 5.647238618311434421e-13 3.362473379744433585e-12 9.611584997865179503e-12 1.649496738580095653e-12 1.140112309437707494e-09 5.715671007401411577e-13 3.368753494576499195e-12 1.652412620450667710e-12 0.000000000000000000e+00 0.000000000000000000e+00 0.000000000000000000e+00 0.000000000000000000e+00 0.000000000000000000e+00 0.000000000000000000e+00 6.288885829911042830e-19 0.000000000000000000e+00 1.638518749442827674e-12 1.522637148091792346e-11 0.000000000000000000e+00 0.000000000000000000e+00 0.000000000000000000e+00 0.000000000000000000e+00 0.000000000000000000e+00 0.000000000000000000e+00 0.000000000000000000e+00 0.000000000000000000e+00 0.000000000000000000e+00 0.000000000000000000e+00 0.000000000000000000e+00 0.000000000000000000e+00 0.000000000000000000e+00
1.644631354284690562e-12 0.000000000000000000e+00 0.000000000000000000e+00 0.000000000000000000e+00 1.023023691830800755e-12 3.368083844619575558e-12 1.647616071066484927e-12 0.000000000000000000e+00 2.292821701957898573e-16 2.607748818643974343e-11 3.372851542321491388e-12 1.908492769978128649e-10 0.000000000000000000e+00 0.000000000000000000e+00 0.000000000000000000e+00 0.000000000000000000e+00 1.644003038132533664e-12 0.000000000000000000e+00 0.000000000000000000e+00 0.000000000000000000e+00 0.000000000000000000e+00 1.658678272890363059e-12 1.642704377224707467e-12 1.646735884255058464e-12 8.551928636792808553e-12 0.000000000000000000e+00 0.000000000000000000e+00 4.564698111949712290e-11 3.412653737975369692e-12 5.663744417794646160e-13 0.000000000000000000e+00 0.000000000000000000e+00 0.000000000000000000e+00 0.000000000000000000e+00 0.000000000000000000e+00 0.000000000000000000e+00 0.000000000000000000e+00
5.646535351701427551e-13 0.000000000000000000e+00 0.000000000000000000e+00 0.000000000000000000e+00 0.000000000000000000e+00 1.654535161394073224e-12 0.000000000000000000e+00 2.216013388204387006e-12 0.000000000000000000e+00 1.902384855497787229e-10 0.000000000000000000e+00 0.000000000000000000e+00 0.000000000000000000e+00 0.000000000000000000e+00 1.671813614429368272e-12 1.656438663187794008e-12 0.000000000000000000e+00 0.000000000000000000e+00 0.000000000000000000e+00 0.000000000000000000e+00 0.000000000000000000e+00 0.000000000000000000e+00 1.659525208685127592e-12 0.000000000000000000e+00 4.791598343873784695e-19 8.614371179208362599e-12 4.552852098139626228e-18 0.000000000000000000e+00 2.260711794780912605e-12 1.086608316162358345e-11 6.165106870948666445e-12 7.670112520842498722e-12 8.701056790760808425e-12 4.208456610765144252e-12 1.635294617068484221e-12 1.627701741482688872e-12 0.000000000000000000e+00
5.647056626376823997e-13 0.000000000000000000e+00 0.000000000000000000e+00 0.000000000000000000e+00 0.000000000000000000e+00 0.000000000000000000e+00 2.984785317515471883e-12 0.000000000000000000e+00 3.303507284766195920e-12 1.037621434942064516e-11 5.284320752518499073e-12 1.875264247937412172e-10 0.000000000000000000e+00 1.504091251926603228e-11 0.000000000000000000e+00 0.000000000000000000e+00 5.686281978107352852e-13 0.000000000000000000e+00 0.000000000000000000e+00 0.000000000000000000e+00 0.000000000000000000e+00 0.000000000000000000e+00 0.000000000000000000e+00 1.660095777419678532e-12 0.000000000000000000e+00 6.562648955077527335e-12 0.000000000000000000e+00 1.700750430013171963e-19 2.998764244744944255e-12 1.647400034038137711e-12 0.000000000000000000e+00 0.000000000000000000e+00 1.637572748402789797e-12 1.018688878108693104e-12 5.629178912395780119e-13 1.630837512523947165e-12 0.000000000000000000e+00
