output/example/lateral_incision_000189.asc
nrows	75
cellsize	13.33333333
xllcorner	0
ncols	75
yllcorner	0
NODATA_value	-9999
[rows 17 to 33 of 75, columns 0 to 36 of 75]
0.000000000000000000e+00 1.582915687534014978e+03 1.434571352415250203e+03 4.232242159830944672e+01 6.974940702549341154e+01 1.728970336518599105e+00 6.792873389813738640e+02 2.485893395490806199e+02 8.189684502106244963e+02 3.887067902802509707e+02 2.791519034891895217e+02 1.512558224733122643e+03 3.355916279021797664e+02 9.607952986261802835e+02 1.408012901910250548e+03 9.359562511230487871e+02 1.478654382275821604e+02 1.166843062555151960e+02 1.053734173785023359e+03 1.155184120651227659e+03 6.641496064047788650e+02 2.654662052878116469e+02 5.848612417637651788e+02 3.298992245243312027e+02 9.563174033160257181e+01 4.031634500790510600e+01 1.166572950954598355e+03 2.166723954208024328e+00 1.491275103047494667e+03 1.044304101267252236e+03 0.000000000000000000e+00 8.442035169054817061e+02 8.406535492735612252e+02 1.522052959753908112e+02 2.081823272057656737e+01 1.555598406517495036e+01 4.093358959592231940e+02
0.000000000000000000e+00 0.000000000000000000e+00 0.000000000000000000e+00 0.000000000000000000e+00 9.176887270250158508e+02 1.066592710172467150e+03 1.626521751213422462e+01 2.259664024773375104e+02 6.537345123505469147e+00 3.182148862584000426e+02 2.768685172132612706e+02 7.166737535198775788e+01 1.985488794341228243e+02 0.000000000000000000e+00 4.081982135134572900e+02 8.562732739988181265e+02 1.770127131661631950e+02 1.408659618137224697e+03 1.717332032524152119e+00 4.961628954672511327e+02 1.938571994239929609e+03 8.685701871069777269e+01 9.376363418347352097e-01 4.091223941714736156e+02 3.861379967558465864e+01 3.510315643103076582e+02 1.124449042723306093e+03 0.000000000000000000e+00 3.304038051081730032e+02 5.120366970605573442e+02 4.650665081898963535e+02 3.971969376158028240e+02 2.454452154728676305e+02 1.627078011720314862e+03 8.327717526107447554e+01 1.230536471122404237e+03 1.016124680239712319e+02
0.000000000000000000e+00 1.737339375616695861e+03 1.147287450976680702e+03 5.251220526619634938e+02 5.843232319407356545e-01 4.420958364538286105e+02 3.429252051402662005e+02 7.119641803272624081e+00 1.015632899606123601e+03 3.674092331564759485e-03 1.424275834003734872e+03 0.000000000000000000e+00 6.092568417542827319e+02 2.720034700447898217e+02 2.807634726577321658e+02 1.236147540910472173e+02 2.202771297424356476e+02 1.711862505935795753e+03 9.169515778687457441e+02 3.404135898116523062e+00 6.880067611156169960e+02 1.845453931740389919e+02 2.587612523499643089e+02 8.950079213814464418e-02 0.000000000000000000e+00 3.733817239886528938e+01 1.141606154053820461e+02 4.824696038701650878e+02 8.173480886958013798e+02 1.036765081273102993e+02 5.470935858848119615e+00 3.748992992402059299e-01 1.347990992379677891e+03 1.077390802445638201e+03 0.000000000000000000e+00 3.561946584846041901e+02 3.125775336479792941e+02
0.000000000000000000e+00 9.694409992342335727e+02 4.371915743520508499e+02 1.006180347037748675e+03 1.039295188880251999e+03 7.809602024379017848e+02 1.696983594656803916e+03 1.687707477438126489e+03 3.316996409710205285e+02 1.066558096022430618e+03 7.006105265126357153e+02 3.676777137281077330e+02 0.000000000000000000e+00 1.513823069002453622e+03 1.596350119194322019e+02 1.378835059734156857e+03 3.293161118006370884e+02 1.683020844441593340e+02 1.022985977047494089e+03 1.019250660092821022e+03 9.694371343354875137e+01 3.171272347781102781e+02 1.561135831597994866e+03 4.452386113571418491e+02 5.355754246666687095e+02 4.025538954118633228e+02 1.108123190563818206e+01 5.574269091709487256e-01 2.260864615357808134e+02 4.954666483541145539e+01 6.858033392625582110e+02 1.354595948953956395e+02 1.278641410776283692e+03 8.379066204087853293e+02 1.248136110965233456e+03 0.000000000000000000e+00 8.817846564955592603e-01
0.000000000000000000e+00 1.145144194218388236e+02 2.151003906908059378e+02 1.111563994608888208e+02 2.942309362233236243e+02 1.428079439099008425e+02 1.130093072450770251e+02 3.979839800051915404e+02 6.635869673894542302e+02 6.860531445980311673e+02 3.000413751677450591e+02 9.744862460828072415e+01 6.082162731845097596e+02 1.930994679666350748e+02 2.819138134406473650e+00 3.092012591369651204e+02 8.932750421688588176e+02 8.372422310442058233e+02 1.051577311528116297e+03 1.844176016118347547e+02 0.000000000000000000e+00 0.000000000000000000e+00 2.863088109478843535e+02 2.338413392564539777e+02 7.444484386503106634e+02 3.193681838926581307e+01 1.488347112502002119e+03 1.459292184789872104e-01 1.830851383319325620e+01 4.226577426795957422e+02 5.429959549483061920e+01 3.609542444693099696e+02 1.282806601961134447e+03 2.322616124677846585e+02 9.752918177359390484e+01 1.316978191883130876e+03 4.975520417904920123e+02
0.000000000000000000e+00 7.505947034787367329e+02 2.642454649957215338e+02 9.180092395143448130e+02 3.852998415552669940e+02 4.563174534313184267e+02 1.572123238223140561e+03 6.083637155561457348e+02 8.118193317696138820e+02 9.918138206923836719e+01 8.934619286107857761e+01 9.454126618326181415e+02 1.409773925938335140e+02 0.000000000000000000e+00 1.802250464925983238e+02 1.356540956631534300e+03 1.046055859567359903e+03 5.524790115789863876e+02 5.629715631031024792e-01 8.288778292094774542e+02 9.435256849370649661e+02 3.572268548499542362e+01 9.550250666485554802e+02 1.548330597252191865e+03 4.450228097185395626e+01 3.301417662784430718e+01 3.336882099004608335e+02 7.446381518870206264e+02 4.573368568266347438e+02 6.393538227338170827e+02 0.000000000000000000e+00 3.377484652344923006e+02 2.593417299646651486e+02 3.263869604809441682e+01 8.606024714182267132e+01 1.159064832928035003e+03 5.361165056128010065e+02
0.000000000000000000e+00 6.758867735789962126e+02 1.140854552350489712e+03 1.213956259644313832e+03 1.506409973615537297e+02 4.776870773572209572e+00 4.004598555843077747e+02 1.408036409991983540e+01 8.126222540493083457e+00 2.675353614200815924e-05 2.094801328669628049e+01 1.060776730653623190e+03 9.309531074303066589e+02 5.239246922882874742e+02 0.000000000000000000e+00 2.398444346158170788e+02 9.396338953013078310e+01 0.000000000000000000e+00 1.200840334377640602e+03 3.278104680540335494e+02 9.272875992279675756e+02 4.160634660749653158e+00 1.177442625184286726e+03 3.237095617287540961e+01 8.881636529819755310e+01 5.083733040160940853e+00 2.976705467716568023e+02 8.180644489498703820e+01 4.831883878812821536e+02 1.429889850886414933e+03 4.212979884102003894e+02 1.340663684320810400e+00 3.866782320299872708e+02 1.637512226535540776e+03 1.422564216056530597e+02 5.857932104332435301e+02 6.070586122635365882e+02
0.000000000000000000e+00 0.000000000000000000e+00 8.358011318919675432e+02 7.880503193815447958e+02 7.977420399690215618e+02 0.000000000000000000e+00 6.086427971095374687e+02 6.565574081677721097e+01 4.123175842057916611e+02 2.559518697955123514e+02 2.358625082368431549e+02 4.585068165442059467e+02 8.846108289523105839e+01 1.019770567838824782e+01 1.784753761552515805e-01 1.307300000186821478e+02 6.339483892298861747e+02 3.283187037911935704e+02 5.745236958868530337e+02 3.873695808983380289e+02 4.116318493639641360e+02 1.132856652847666510e+02 1.054028982097717062e+03 9.740856398011683268e+02 0.000000000000000000e+00 3.147716638393293920e+02 3.275904225685483766e+02 3.842416763182512796e+01 7.348195584515542222e-01 5.631730833361477551e+01 2.595309112211506317e+02 2.718680881462368504e+01 0.000000000000000000e+00 1.526202795312930505e+02 1.763293882806182751e+02 1.813643466047673201e+02 4.186056698514503296e+02
0.000000000000000000e+00 6.690283777503379952e+02 1.460255799082874319e+03 1.291603172986119489e+03 1.033226880321785984e+03 6.059416258350852331e+02 8.592582870311823626e+02 1.507146531719010227e+03 1.022120259274440627e+03 8.223366093204299787e+00 8.832123939809719104e+02 4.209676649668560344e+02 0.000000000000000000e+00 1.397670489781146443e+02 0.000000000000000000e+00 8.816577220590282877e+02 3.638254336001381262e+01 4.695085414719293340e+02 6.490599398368500488e+02 3.638727928656321442e+00 1.742038828759624494e+02 7.351261284004548315e+02 2.326904804675378102e+01 0.000000000000000000e+00 7.730396244321199219e+02 3.169704515028614651e+02 2.896922253177201583e+02 7.141370451992085009e+02 8.893766956676861355e+02 1.799071999688804055e+02 9.346837277576995575e+02 1.892756741934388742e+02 5.295819248608938778e+02 5.848394984800393104e+02 4.377006453855630497e+01 4.048975733429709294e+02 4.163696656388689235e+02
0.000000000000000000e+00 5.339188686153045182e+02 4.881237568911898084e-01 1.368448066964014664e+00 3.747456338401610765e+02 1.395291658885621700e+03 1.279211583580119850e+03 0.000000000000000000e+00 1.954146073965325456e+02 3.626894088516417582e+02 1.463326801829970236e+02 4.466012660314246432e+02 0.000000000000000000e+00 4.954377282346600708e+01 3.636315147831435013e+01 1.120169915453729573e+03 7.598566883515442214e+02 6.058911780542723591e+02 4.693843092838618531e+02 1.214525326042157616e+02 7.445073836815274717e+02 1.322701996300397468e+03 2.722838668538197453e+02 0.000000000000000000e+00 0.000000000000000000e+00 3.574547975575306396e+02 1.864291540268705916e+00 2.723548715534769826e+01 3.425451476692729647e-01 1.961588130875328488e+02 1.430800150986047129e+03 1.543042702448446732e+02 1.173955754414015118e+00 9.193144147063644596e+02 2.919392862936705342e+02 1.732468488009664611e+02 5.645100404222612056e+00
0.000000000000000000e+00 1.388077496540681022e+00 6.515640864576395188e+02 1.278085752862529489e+03 3.341085327729115928e+00 0.000000000000000000e+00 0.000000000000000000e+00 7.155050178704696009e+02 0.000000000000000000e+00 3.673724254806877143e-01 1.308900137612406297e+03 2.014814691351669182e+02 1.249166079719471782e+03 4.138184244963982223e+02 1.042291881441475198e+03 1.459074851907246511e+03 1.086263951510756669e+03 1.067631320499704316e+03 2.624233422404950034e+02 1.673161844928782784e+02 4.252671603390267023e+02 4.188239016448249004e+02 9.658954001916758898e+02 1.054034879212670717e+01 1.025797214329439157e+03 3.521796126774615345e+02 6.271367235749672773e+02 1.114549361202309683e+03 1.555303452901231065e+00 2.519439030652504963e-01 8.727315311296094933e+02 1.086122019443195086e+03 1.690723964188179096e+01 5.186630082803782571e+00 6.340143271175029440e+02 4.765499009164953748e+01 6.442787364763191817e+02
0.000000000000000000e+00 5.311126165628147646e+02 6.834602101726349019e+02 3.316386708494165987e+02 9.255511475365403840e+02 8.008068214913682823e+02 1.708336250282538685e+03 7.065109348737683703e+00 1.379904479624086946e+02 3.132787052404116253e+02 2.484593370175849358e+01 2.847143339882932267e+01 6.781072971280435979e+01 2.176655800755500536e+02 2.575967086760625193e+02 1.729546606998841582e+02 7.508270832054427046e+02 0.000000000000000000e+00 4.596071111996518965e+01 4.936152155066359910e+02 7.168822289417652200e+02 2.823987763752003843e+02 2.720197293603555977e+02 2.639830975975713159e+02 3.065649625847506741e+02 1.561007820886229922e+02 2.314098112200665724e+01 1.494311016262445946e+03 7.258731388333762879e+02 1.422574103454691681e+02 1.734773496774898760e+01 2.580636761399529178e+01 8.285124909675757010e+01 1.524625028791456316e+01 8.922027580102407285e+01 5.434048995122568613e+02 3.018501768614335674e+02
0.000000000000000000e+00 1.592771807204251672e+03 0.000000000000000000e+00 2.795501657361197090e+01 4.850289875529743995e+02 1.181322392023664634e+03 8.436667931973431678e+01 3.385959648757706759e+02 0.000000000000000000e+00 1.631329042655034982e+03 1.420687459379920767e+02 1.565989947963358873e+03 5.182909692909695423e+02 1.481926551741902131e+03 4.084498509705061338e+02 3.681089265774748753e+01 2.198591945653948301e+02 3.749693423348977035e+02 3.722314754653535260e+02 7.755955082512856791e+01 2.672389289904118073e+02 2.690652297864270395e+02 6.677912807155731798e+02 2.460133186481941436e+02 6.744694405385559755e+00 4.247717426570002317e+02 7.957762185034711138e+02 7.292216986642035863e+02 2.992317105946378888e+02 6.203246318459551958e+02 2.132638144690857995e+00 4.410428228162786901e+00 9.173013082813978372e+02 1.039574404566883914e+03 7.996823608473758895e+02 3.482584238380012920e+01 1.527072095830052376e+03
0.000000000000000000e+00 0.000000000000000000e+00 7.574595538677610929e-01 1.468491165152183385e+03 0.000000000000000000e+00 1.009480508653677248e+03 7.354491166476179842e+02 7.848592888106500354e-01 1.316897597692039028e+02 0.000000000000000000e+00 5.802665630764375919e+02 3.247254313062571396e-01 4.023696978263805235e+00 2.460335368591215968e+02 9.894852267313490657e+00 2.092499027582563897e+01 0.000000000000000000e+00 1.428473634355099193e+03 1.274973819481720909e+02 2.139086979965592832e+02 2.187664391980014784e+02 1.846527132673085589e+03 2.616099512016388644e+02 2.507179851066159770e+01 3.123506373882037792e+02 7.169368727960966226e+02 3.975138503951162749e-01 2.594988606497272698e+01 1.554598659326062204e+02 7.807744784175783934e+02 0.000000000000000000e+00 6.016012987576313265e+01 2.337431551258720788e+02 5.231845333520358281e+02 4.677712587345014867e+02 7.081317804078632889e+02 1.923258845191607236e+01
0.000000000000000000e+00 1.441494538194065399e+03 1.312047136821660843e+03 0.000000000000000000e+00 7.564556947555063289e+02 8.880737862429762680e-03 5.287682988352586335e+02 6.214575119782375623e+01 2.194202532336759646e+02 4.872467261156489537e-01 9.334935516096021502e+02 4.828023764492479775e-02 6.504488485143803018e+02 3.734375021700246577e+01 2.002071680700611580e+02 6.729484812821326725e-04 1.236343672914472691e+01 6.629817282744705835e+02 2.198811797251650546e+02 1.565588990705620347e+02 2.944740103922513867e+02 1.682545714812681808e+03 7.980616594647503348e+01 4.132196320772189893e+02 3.880893444383460746e+02 1.128763818896499060e+02 5.336155986512391536e+00 3.710738789857173288e+02 2.786783006055659939e+02 3.249961188089916959e+02 7.363417044949778756e+02 1.695211813115292614e+02 2.607942365659293316e+01 0.000000000000000000e+00 5.528832787872862582e+02 2.423293606457315263e+02 7.654619955412379717e+00
0.000000000000000000e+00 2.629418556566199072e+01 1.080949793804252129e-01 6.016202822665663064e+01 2.166131475070123713e+01 7.184490167885307983e+02 4.566183237590717567e+02 7.886167048184903328e-01 2.256563948946603304e+01 2.591464641281249328e+02 3.534414700162338274e+00 1.003166266560684335e+03 1.237578000154886240e+03 4.089870813311471665e+01 3.389238141828608608e+00 0.000000000000000000e+00 5.792326044031061656e+02 1.346713429106521573e+02 8.698916175065123753e+02 2.865819855354188803e+02 0.000000000000000000e+00 1.759649236308509330e+02 9.146920406600899014e+02 1.245957177307070879e+03 5.060336626745800537e+00 4.566562939799874812e+02 1.222754885419820312e+03 7.326729566059219678e+02 1.664596437100917910e+03 1.051867198799606884e+00 4.884674006448196337e+02 0.000000000000000000e+00 3.886513074609452900e+01 3.053765914833767026e-01 5.034331837209514333e+02 1.822819972528542110e+02 1.534029225159345877e+01
0.000000000000000000e+00 1.758676708434181819e+03 1.373014033062521094e+03 7.304988799284745937e+01 2.212121002107607524e+02 7.992447141684082226e+02 1.627519531535799615e+03 7.968816127125371622e+02 4.612553302680509546e+02 1.119234259165470121e+03 1.706882632909764652e+03 3.738105327638815645e+00 1.596527469575819850e+03 1.183647151774731128e+03 8.603153213617109714e+02 4.317741508402256727e+02 3.584333766148561153e+02 5.814758613581868758e+02 2.175451686694489517e+00 1.282772632589734485e+03 9.876338669567193165e+02 1.907987541813169985e+00 7.003160112155557044e+02 0.000000000000000000e+00 5.364598585223611735e+02 5.893850551047312365e+02 1.186400231959205342e+02 5.636118872908688360e+01 5.275614350316324419e+01 1.650108325875432001e+03 6.537590713721894531e+01 2.916300828239889142e+02 5.724292626863657460e+02 0.000000000000000000e+00 1.951927876802278945e+02 3.697824240882234825e+00 1.523073912195661251e+03
