output/example/lateral_incision_000041.asc
nrows	75
cellsize	13.33333333
xllcorner	0
ncols	75
yllcorner	0
NODATA_value	-9999
[rows 17 to 33 of 75, columns 37 to 73 of 75]
5.640946040776402473e-13 0.000000000000000000e+00 1.644292354764569414e-12 3.365479876816320041e-12 0.000000000000000000e+00 3.368821022230858978e-12 1.645591669631143457e-12 0.000000000000000000e+00 5.644511306675396708e-13 0.000000000000000000e+00 1.644078688727809313e-12 0.000000000000000000e+00 0.000000000000000000e+00 0.000000000000000000e+00 0.000000000000000000e+00 0.000000000000000000e+00 0.000000000000000000e+00 0.000000000000000000e+00 2.785261229207984430e-11 0.000000000000000000e+00 6.083789320319352343e-12 0.000000000000000000e+00 4.221221250106138395e-12 0.000000000000000000e+00 0.000000000000000000e+00 1.474029561293748120e-11 0.000000000000000000e+00 1.278531000633583168e-12 1.474621834294859911e-11 1.443034552742132168e-12 0.000000000000000000e+00 0.000000000000000000e+00 8.487688178393734961e-12 6.460880249835004503e-12 0.000000000000000000e+00 1.870459092566316429e-12 3.429775439597182899e-12
0.000000000000000000e+00 1.165833748140099251e-11 0.000000000000000000e+00 4.193392764416188675e-12 1.104625240808758222e-11 1.648480618707851365e-12 0.000000000000000000e+00 5.642229675879371443e-13 1.812175644022244461e-18 0.000000000000000000e+00 0.000000000000000000e+00 0.000000000000000000e+00 0.000000000000000000e+00 0.000000000000000000e+00 5.626670346262396211e-13 0.000000000000000000e+00 4.163263802578694711e-12 3.353921837210181602e-12 3.377528055403845061e-12 4.351075954002738858e-12 6.080121709136182318e-12 3.388060516257714206e-12 0.000000000000000000e+00 0.000000000000000000e+00 8.595090420565148821e-12 1.656475205609595079e-12 0.000000000000000000e+00 1.640929068083995433e-12 3.067954397818518115e-12 0.000000000000000000e+00 1.659264165054835896e-12 0.000000000000000000e+00 0.000000000000000000e+00 3.408679198665393674e-12 3.022871491887862028e-12 5.776391038090208493e-13 1.682539579704750056e-12
0.000000000000000000e+00 6.067221310169156516e-12 5.641278321450438555e-13 3.401232058051770034e-12 1.657496327248997512e-12 0.000000000000000000e+00 1.644893724113221187e-12 3.368821022230858978e-12 0.000000000000000000e+00 0.000000000000000000e+00 0.000000000000000000e+00 0.000000000000000000e+00 0.000000000000000000e+00 0.000000000000000000e+00 3.351544394135884993e-12 5.626670346262396211e-13 0.000000000000000000e+00 2.956864143603323422e-12 3.357899261841647474e-12 5.691569448090174904e-13 3.380314538813425848e-12 0.000000000000000000e+00 0.000000000000000000e+00 3.389909872306069817e-12 1.654640533422390161e-12 0.000000000000000000e+00 1.665685842845038528e-12 0.000000000000000000e+00 1.668659159120991635e-12 5.532903473707667990e-13 0.000000000000000000e+00 5.707565463469920048e-13 0.000000000000000000e+00 0.000000000000000000e+00 0.000000000000000000e+00 5.759021167227020037e-13 0.000000000000000000e+00
0.000000000000000000e+00 0.000000000000000000e+00 6.160953994501971396e-12 1.670244419450344588e-12 0.000000000000000000e+00 5.648013270685653879e-13 6.109052192361815196e-12 0.000000000000000000e+00 0.000000000000000000e+00 0.000000000000000000e+00 0.000000000000000000e+00 0.000000000000000000e+00 0.000000000000000000e+00 0.000000000000000000e+00 0.000000000000000000e+00 0.000000000000000000e+00 5.624650978718763541e-13 0.000000000000000000e+00 1.642746479358343791e-12 0.000000000000000000e+00 1.658909694239785103e-12 1.070310678058555407e-10 1.747005432717041887e-11 1.653893270261542517e-12 0.000000000000000000e+00 5.723850712052356649e-13 1.096538978056883905e-11 5.731383093909280260e-13 0.000000000000000000e+00 3.295685982165002685e-12 1.659264165054835896e-12 5.758458996297395094e-13 0.000000000000000000e+00 0.000000000000000000e+00 0.000000000000000000e+00 0.000000000000000000e+00 0.000000000000000000e+00
1.673522612308038174e-12 0.000000000000000000e+00 1.671578224688418893e-12 0.000000000000000000e+00 2.874764299603512682e-11 7.057748907603508312e-11 0.000000000000000000e+00 0.000000000000000000e+00 0.000000000000000000e+00 3.358499721081692008e-12 0.000000000000000000e+00 5.644771951903578570e-13 0.000000000000000000e+00 0.000000000000000000e+00 1.642629359133194844e-12 0.000000000000000000e+00 0.000000000000000000e+00 1.642746479358343791e-12 3.356251075144552818e-12 3.336196070144723196e-10 1.662811373232859328e-12 0.000000000000000000e+00 5.697992424156284484e-13 1.653913507857011569e-12 7.365190587974590493e-11 3.389874596160487508e-12 0.000000000000000000e+00 0.000000000000000000e+00 0.000000000000000000e+00 0.000000000000000000e+00 0.000000000000000000e+00 0.000000000000000000e+00 0.000000000000000000e+00 0.000000000000000000e+00 1.681606523602857164e-12 1.679832236926536645e-12 0.000000000000000000e+00
0.000000000000000000e+00 3.394123700480441481e-12 0.000000000000000000e+00 1.649643995979618398e-12 6.160953994501971396e-12 0.000000000000000000e+00 0.000000000000000000e+00 0.000000000000000000e+00 3.366982559349468292e-12 1.643298992067984871e-12 0.000000000000000000e+00 1.433322100761467006e-12 0.000000000000000000e+00 4.175711285230250450e-12 0.000000000000000000e+00 1.643573595927665738e-12 0.000000000000000000e+00 0.000000000000000000e+00 1.595714289194127412e-12 0.000000000000000000e+00 3.139119817499778859e-12 3.729039478252234387e-12 3.482915652007456052e-11 3.386095515769447240e-12 1.654162591949858869e-12 3.390760514152531448e-12 0.000000000000000000e+00 0.000000000000000000e+00 0.000000000000000000e+00 0.000000000000000000e+00 0.000000000000000000e+00 0.000000000000000000e+00 0.000000000000000000e+00 1.079227705102136939e-11 0.000000000000000000e+00 1.681015094710748507e-12 0.000000000000000000e+00
1.746382429752303336e-12 1.049972227234466949e-10 1.032040809187897623e-09 5.698163876718987984e-13 0.000000000000000000e+00 0.000000000000000000e+00 0.000000000000000000e+00 0.000000000000000000e+00 1.647085171229063770e-12 0.000000000000000000e+00 8.598186786001825967e-12 0.000000000000000000e+00 0.000000000000000000e+00 0.000000000000000000e+00 2.962874339190452589e-12 0.000000000000000000e+00 1.648590405909606674e-12 3.751894091766181603e-12 0.000000000000000000e+00 3.316615189211430333e-12 1.583133712635907696e-12 0.000000000000000000e+00 0.000000000000000000e+00 3.340856130173660390e-18 0.000000000000000000e+00 3.085446888191892401e-11 1.096229667348341317e-11 0.000000000000000000e+00 0.000000000000000000e+00 0.000000000000000000e+00 1.678543524566002859e-12 0.000000000000000000e+00 1.670049538429386162e-12 0.000000000000000000e+00 1.681606523602857164e-12 1.679832236926536645e-12 0.000000000000000000e+00
0.000000000000000000e+00 1.663021991253772936e-12 6.163374739443120494e-12 0.000000000000000000e+00 1.409642967480101007e-16 1.645115687650056638e-12 3.393266497020634110e-12 1.649255375325643133e-12 0.000000000000000000e+00 4.197643411458456244e-12 3.366982559349468292e-12 5.641806975790776426e-13 0.000000000000000000e+00 0.000000000000000000e+00 3.368951037756339446e-12 2.975453192881063563e-12 4.865384379640233543e-13 2.039652284504627344e-12 0.000000000000000000e+00 1.665258372088771343e-12 0.000000000000000000e+00 0.000000000000000000e+00 0.000000000000000000e+00 0.000000000000000000e+00 1.664020732666117285e-12 1.665116894524493389e-12 8.620340759272573124e-12 1.325691819725512169e-11 3.390945522938365058e-12 1.325081848989920890e-11 1.814097264777826896e-18 3.393265095932192459e-12 0.000000000000000000e+00 1.670049538429386162e-12 1.673825504462692896e-12 1.679727604339537704e-12 0.000000000000000000e+00
1.928805937145447260e-19 0.000000000000000000e+00 1.037897004748606138e-12 5.686441431834528280e-13 0.000000000000000000e+00 1.369453759713365675e-16 4.259777490288738879e-12 1.443407958583123944e-12 1.654726892596346166e-12 3.378266000040804901e-12 0.000000000000000000e+00 1.646179054727990318e-12 0.000000000000000000e+00 2.992692011808043015e-12 7.857700382962787206e-18 7.734604394152129557e-18 1.275951010081863868e-10 3.407472043147584300e-12 3.695648745551580003e-10 0.000000000000000000e+00 0.000000000000000000e+00 0.000000000000000000e+00 0.000000000000000000e+00 0.000000000000000000e+00 0.000000000000000000e+00 1.024654769915658241e-12 1.666116531327491223e-12 4.218029308653251853e-12 3.003041053724790962e-12 0.000000000000000000e+00 3.001517609793630384e-12 2.010586047750465563e-11 3.137214634384382833e-11 6.497514711836587964e-12 0.000000000000000000e+00 0.000000000000000000e+00 0.000000000000000000e+00
0.000000000000000000e+00 5.724672392439943062e-13 0.000000000000000000e+00 3.404010277190275216e-12 2.464182376169591339e-18 1.654167461604357426e-12 5.633445906748504487e-16 7.381016026864329911e-12 0.000000000000000000e+00 0.000000000000000000e+00 0.000000000000000000e+00 3.379986991206067520e-12 5.648060610242406628e-13 3.005717334500326361e-12 6.532537882257922141e-12 5.671081458104279770e-13 3.738214069331639609e-10 1.733286749220124910e-12 1.668893847754821157e-12 3.399369797795990354e-12 1.016501096402689652e-12 5.642503260404550069e-13 0.000000000000000000e+00 0.000000000000000000e+00 0.000000000000000000e+00 5.739262899326340131e-13 1.673422745927396373e-12 3.395592875990044031e-12 3.390945522938365058e-12 1.546910255594460117e-11 1.677777099593008446e-12 2.537564139921648053e-11 4.674602783531734183e-12 1.665621737535483462e-12 1.854834391717129323e-12 5.775689410355479801e-13 0.000000000000000000e+00
1.649183121136726896e-12 1.477043268798264135e-10 0.000000000000000000e+00 0.000000000000000000e+00 0.000000000000000000e+00 3.936883223827971109e-16 8.740205913120798280e-12 0.000000000000000000e+00 0.000000000000000000e+00 0.000000000000000000e+00 0.000000000000000000e+00 2.015551010247322567e-11 4.916760210450436614e-19 0.000000000000000000e+00 9.378472001102227823e-17 1.650057958185452960e-12 2.967680578607537469e-12 4.467246504859103894e-11 0.000000000000000000e+00 4.214105766971220920e-11 3.388805968223424286e-12 0.000000000000000000e+00 0.000000000000000000e+00 0.000000000000000000e+00 0.000000000000000000e+00 0.000000000000000000e+00 1.672744627041343057e-12 0.000000000000000000e+00 0.000000000000000000e+00 0.000000000000000000e+00 0.000000000000000000e+00 5.748696635777405673e-13 0.000000000000000000e+00 5.382951963787807245e-12 7.704349656897736528e-12 3.440807077733195873e-12 0.000000000000000000e+00
3.356627285819005069e-12 5.664978161977886576e-13 0.000000000000000000e+00 0.000000000000000000e+00 0.000000000000000000e+00 3.402376476648169359e-12 1.085960123832098463e-11 1.332548853301226387e-16 0.000000000000000000e+00 0.000000000000000000e+00 3.352761261058044322e-12 1.669417997385006046e-12 0.000000000000000000e+00 1.853490426298011024e-12 0.000000000000000000e+00 1.018291809887200323e-12 0.000000000000000000e+00 1.644966510259194391e-12 1.662123712815792064e-12 0.000000000000000000e+00 1.652570853290456805e-12 1.100244485366594501e-11 0.000000000000000000e+00 0.000000000000000000e+00 0.000000000000000000e+00 0.000000000000000000e+00 0.000000000000000000e+00 0.000000000000000000e+00 0.000000000000000000e+00 0.000000000000000000e+00 0.000000000000000000e+00 0.000000000000000000e+00 1.038575149519962241e-12 0.000000000000000000e+00 5.762292264686216316e-13 0.000000000000000000e+00 4.300331203821603107e-12
0.000000000000000000e+00 0.000000000000000000e+00 0.000000000000000000e+00 0.000000000000000000e+00 4.215122667909376130e-12 0.000000000000000000e+00 1.670383175785337322e-12 2.850210192474110801e-11 8.830566110799824144e-20 0.000000000000000000e+00 1.547939964376058700e-12 0.000000000000000000e+00 5.629709610823152456e-13 1.113571707722512237e-11 5.651235575604662899e-13 0.000000000000000000e+00 0.000000000000000000e+00 0.000000000000000000e+00 2.009335187749977745e-11 1.643996549656492137e-12 0.000000000000000000e+00 6.288885829911042830e-19 1.643361765757348582e-12 0.000000000000000000e+00 0.000000000000000000e+00 0.000000000000000000e+00 0.000000000000000000e+00 0.000000000000000000e+00 0.000000000000000000e+00 0.000000000000000000e+00 0.000000000000000000e+00 0.000000000000000000e+00 5.779698583470675698e-13 1.678439515111445935e-12 1.680553468092806141e-12 1.674523156770399419e-12 0.000000000000000000e+00
0.000000000000000000e+00 0.000000000000000000e+00 0.000000000000000000e+00 5.646198036300031130e-13 0.000000000000000000e+00 1.645308737356043171e-12 1.113869704320648246e-11 2.003949933397001572e-16 5.734151200639837778e-13 3.010867219827764925e-12 3.415559628098376059e-12 1.760267660886365831e-10 3.401808918142193909e-12 1.646372218884857955e-12 0.000000000000000000e+00 0.000000000000000000e+00 0.000000000000000000e+00 0.000000000000000000e+00 0.000000000000000000e+00 6.090898319565736869e-12 3.456028488364514554e-18 0.000000000000000000e+00 8.482691576413999116e-11 1.643222096115266150e-12 0.000000000000000000e+00 0.000000000000000000e+00 0.000000000000000000e+00 0.000000000000000000e+00 5.649108369152441357e-13 0.000000000000000000e+00 5.651063603680133829e-13 0.000000000000000000e+00 0.000000000000000000e+00 0.000000000000000000e+00 0.000000000000000000e+00 0.000000000000000000e+00 0.000000000000000000e+00
1.652035571991162194e-12 0.000000000000000000e+00 0.000000000000000000e+00 0.000000000000000000e+00 5.646197998995024599e-13 3.373839458922868531e-12 1.659186627272404075e-12 5.506876745042694916e-10 2.467079907818207320e-19 5.421919277065908389e-13 3.415559628098376059e-12 0.000000000000000000e+00 0.000000000000000000e+00 0.000000000000000000e+00 0.000000000000000000e+00 0.000000000000000000e+00 0.000000000000000000e+00 0.000000000000000000e+00 0.000000000000000000e+00 0.000000000000000000e+00 4.183959493181622902e-12 4.018297140167481292e-12 3.368013288490853103e-12 0.000000000000000000e+00 1.644467282289469373e-12 0.000000000000000000e+00 2.063434954774894725e-19 1.437422200568326765e-11 3.623642076731178438e-11 2.955645673296090091e-12 0.000000000000000000e+00 0.000000000000000000e+00 0.000000000000000000e+00 0.000000000000000000e+00 0.000000000000000000e+00 0.000000000000000000e+00 0.000000000000000000e+00
0.000000000000000000e+00 0.000000000000000000e+00 0.000000000000000000e+00 0.000000000000000000e+00 0.000000000000000000e+00 1.647878144290176386e-12 0.000000000000000000e+00 2.245895555626659240e-12 0.000000000000000000e+00 1.942311770461865458e-10 3.052817615161289140e-11 0.000000000000000000e+00 0.000000000000000000e+00 0.000000000000000000e+00 1.644252070753324582e-12 1.644083079910577655e-12 0.000000000000000000e+00 0.000000000000000000e+00 0.000000000000000000e+00 5.638236217705481370e-13 0.000000000000000000e+00 1.644450320120809030e-12 5.648083797164067082e-13 2.219733087975961299e-12 0.000000000000000000e+00 2.264734599169724391e-18 3.858354265663088853e-18 0.000000000000000000e+00 1.647798289134342412e-12 0.000000000000000000e+00 8.580281194975876367e-12 7.505640662512054192e-12 8.514478174615815846e-12 4.173850893554671823e-12 1.649101083748216241e-12 1.653946695605225099e-12 0.000000000000000000e+00
5.666417088752936226e-13 0.000000000000000000e+00 0.000000000000000000e+00 0.000000000000000000e+00 0.000000000000000000e+00 0.000000000000000000e+00 5.655399896131129719e-13 3.385399852693767795e-12 1.655715659724490226e-12 0.000000000000000000e+00 1.945467946064522098e-10 3.376064462228546431e-12 0.000000000000000000e+00 1.270924237063858867e-11 0.000000000000000000e+00 0.000000000000000000e+00 5.645555252356512673e-13 0.000000000000000000e+00 0.000000000000000000e+00 0.000000000000000000e+00 5.648562115808187815e-13 1.643569922860397573e-12 0.000000000000000000e+00 1.016178155152847875e-12 5.874551775146994175e-11 8.590873035741575438e-12 7.216169445559279289e-12 5.664252559239789883e-13 5.636080249146448255e-13 1.642138680315599488e-12 0.000000000000000000e+00 1.826047632803380895e-12 0.000000000000000000e+00 4.170414486134613154e-12 0.000000000000000000e+00 5.672115795819198829e-13 0.000000000000000000e+00
