output/example/lateral_incision_000470.asc
nrows	75
cellsize	13.33333333
xllcorner	0
ncols	75
yllcorner	0
NODATA_value	-9999
[rows 34 to 50 of 75, columns 0 to 36 of 75]
0.000000000000000000e+00 0.000000000000000000e+00 5.531484733029468543e+02 3.560683289420087476e+02 8.733683426785657957e+02 0.000000000000000000e+00 7.261893721251273064e+02 1.612862621903258514e+03 0.000000000000000000e+00 4.162305990703654288e+02 5.819645324227958554e+02 6.132529960479513420e+02 3.934349824698541056e+02 6.286744891185748685e+01 6.503373213844262182e+02 3.508869378583104890e+02 7.670973472643299829e+02 2.287944694169056277e+02 1.944670040322839384e+02 3.154180326440238213e-02 1.072354785396283887e+03 1.242208464344922504e+03 1.577291041356640910e+01 1.234222324866911094e+03 1.220099220193155588e+03 5.230601629708614837e+02 8.006512778626618001e+02 4.527420942731650655e+01 1.224886116772516687e+02 3.766687553805049333e+02 4.828416827952993207e-01 1.075051725131557305e+03 1.476434318005748537e+03 7.870321421864919103e+02 5.177711030045207963e+02 1.583234207074728204e+02 5.415727462873712739e+02
0.000000000000000000e+00 4.343227563784215590e+02 2.415560408516645197e+01 3.581187539892701466e+01 9.471026592745205974e+00 1.126907530824378910e+03 8.255514472829100896e+02 7.703791435095598672e+01 5.397340898066995578e+02 3.203002635855548306e+02 5.569872119525016387e+02 2.439536280922638696e+02 5.880938098711081921e+02 6.895832511433337686e+01 1.251421209348508455e+03 4.116175517826804935e+02 4.575534978930461421e+02 1.158662032337223309e+03 0.000000000000000000e+00 1.539079371328251682e+02 6.541234409175253859e+02 2.610106560879098652e+02 1.065932223296001212e+03 8.807350065953333029e+00 1.232917795639898770e+02 0.000000000000000000e+00 9.994275301125964006e+02 1.163133590842052145e+00 1.044964021181978922e+02 2.351259427458052187e+02 5.856893193691427086e+02 5.758943401015833388e+02 3.813345880729690407e+02 4.407538963717313436e+02 1.797643081129094185e+02 5.029664275164231526e+02 7.547136864715753291e+02
0.000000000000000000e+00 1.271374932828618284e+03 1.689517112142207225e+03 1.030090861751530582e+02 1.524692583397991484e+03 3.397060370197305446e+00 2.247599028272219801e+00 1.628258654192863332e+03 1.546201299484476710e+00 1.185921725016735166e+02 2.018477001021101813e+01 9.840879458529566364e+02 1.392244930313207563e-01 1.246458912204657281e+03 1.006994358315089585e+03 5.306126656489026345e+02 1.145931966276613366e+03 0.000000000000000000e+00 8.592845213008824885e+02 4.477076926900229523e+02 1.273468342077807876e+02 2.012129486330338750e+02 7.787176742413810189e+02 0.000000000000000000e+00 6.278751782363501661e+02 2.105500566613762459e+01 1.255947047372289234e+02 1.574030483006550185e+03 0.000000000000000000e+00 3.235118203976211930e+02 3.415097175846826758e+02 7.969492692006227230e+01 1.334779339690046527e+02 1.618805667179331067e+02 3.257555020037739002e+00 0.000000000000000000e+00 1.989810365923330693e+01
0.000000000000000000e+00 1.074985545272238141e+03 1.218041852353173908e+03 4.247152924131786449e+02 7.719891838054708160e+02 0.000000000000000000e+00 1.117499992399103803e+03 5.481874961628343499e+02 1.737594597762179660e+01 3.084207263559185321e+02 1.995677969077408420e+02 7.495146091542478928e+01 1.788322087482071652e+02 2.915288933291851095e+02 0.000000000000000000e+00 1.085443509453917272e+02 2.594333175853530520e+02 8.884930129635149569e+02 6.411654474154513537e+02 8.772506030609923400e+00 6.381668739735480358e+02 2.972376968467813541e+01 2.936733829374452753e+01 1.420286872219684028e+03 0.000000000000000000e+00 7.587186736236574234e+02 8.329138238058241086e+02 4.774444655740315291e-01 4.476378413797025928e+02 4.247198618039051325e+02 8.476329955215450127e+02 1.124211811883551491e+03 5.027303515584733873e+02 0.000000000000000000e+00 2.779491692149851811e+00 4.434627991274530814e+02 1.033589781212343951e+03
0.000000000000000000e+00 0.000000000000000000e+00 0.000000000000000000e+00 4.697256960646195978e+01 1.147093224892986427e+03 1.921008092045662086e-01 7.274802526594850542e-03 8.929985694653419515e+00 1.297339693737108846e+01 1.783397951497534706e+01 6.199142516516031947e+02 1.685877902144999609e+02 2.492351793060142597e+02 1.755082564850526694e+02 6.986077812535368139e+02 1.570949827355308059e+01 8.210578550005734542e+02 4.822516281797621787e+02 0.000000000000000000e+00 0.000000000000000000e+00 2.302842895777099219e+00 8.521538324863249159e+01 1.225631274559123767e+03 7.842072085783311053e+00 9.777350620121904967e+02 1.063735063615025183e+03 8.426107354902582358e+01 0.000000000000000000e+00 0.000000000000000000e+00 2.503390728427176839e+02 4.595479033889677680e+02 6.060328356090979014e+02 5.247823942266688846e+02 3.010935576035489589e+02 1.011834154847546046e+02 1.232396822180373697e+01 3.895751500773181331e-01
0.000000000000000000e+00 1.050652760739367295e+03 4.448740669639927319e+02 3.616108144359255334e+02 5.040125193712314058e+02 4.401781780519872314e+02 9.092027210222480562e+02 1.124128567688999958e+01 1.373431809801404135e+01 2.434352668134151898e+01 7.598393140161006158e+02 1.016604188392299875e+03 3.107745823023350695e+01 1.145788424269622510e+03 1.144477578388787833e+03 8.234713022243164460e+01 4.903310926110728474e+01 9.187658060386762315e+01 5.931041656109096039e+02 1.732265139353207246e+02 7.432862631894531660e+02 4.174174165658068314e-01 0.000000000000000000e+00 1.089736680973269131e+03 2.954079364168516267e-06 0.000000000000000000e+00 5.009715480349596533e+02 0.000000000000000000e+00 1.190379550055704527e+01 3.230166469530769859e+02 1.065706754609359308e+01 4.140069225029823201e+02 3.658025518824356936e+02 4.755890440150870973e+02 6.453010341418605833e+01 7.037010275215674255e+02 5.094546480222129503e+02
0.000000000000000000e+00 1.993372208607411267e+02 9.478645551377326228e+00 4.756453461358211143e+01 2.369622891387230723e+01 1.857571343556358201e+01 2.579700101556192635e+02 5.549386973128227964e+02 0.000000000000000000e+00 6.625673474497395432e+01 1.042703489146544538e+00 4.665079244257092341e+02 2.493919895399675823e+01 9.869305303373931793e+02 1.991902249020040472e+02 1.447878829836843408e+02 7.502744256698096024e+02 5.673606669200981401e+01 7.598984458105903173e+01 1.038062453101910698e+01 2.851187245431393080e+01 7.451632223665848187e+02 8.324699850246256005e+01 1.725127776409211435e+02 2.470026677740402832e+01 2.896054411519139293e+01 7.337739335650630892e+02 5.564012496660989200e+02 1.122919731311144915e+03 4.827258138125277469e+02 1.532089865264389346e+03 4.008160490294966394e+02 1.286261746468973399e+01 8.855885939460370082e+02 3.327228880239389497e+01 6.228316320927397101e+02 4.265332384046726588e+02
0.000000000000000000e+00 0.000000000000000000e+00 6.406676478532026522e+02 1.990234985001633872e+00 2.897089348443101358e+02 2.799032990445699642e+00 1.974775124568319882e+02 9.426376139133320464e+01 1.632675462152161572e+03 7.571612413178844463e+02 3.438096104385741683e+02 1.664346296589120129e+03 1.618110996890627291e+02 8.199162295800396123e+02 0.000000000000000000e+00 1.712167028457081415e+02 2.726037882157798435e+02 7.576195686401568992e+02 5.423691361322233888e+02 9.764467295796403334e+01 2.849975431806851134e+02 3.328072030835135138e+02 5.670903728661513696e+02 1.033714079590068650e+03 7.387576924340277174e+02 0.000000000000000000e+00 6.465031002685591375e+02 9.301439927987642022e+02 4.748691228165610734e-02 5.704376843268956918e+02 9.380389181243782559e+02 4.544634457501472866e+02 2.009812096981713125e+02 0.000000000000000000e+00 4.374583457147469545e+01 2.585912745512229662e+02 1.232783350509557962e+01
0.000000000000000000e+00 0.000000000000000000e+00 5.762226193533008427e+02 1.822124161302050140e+02 9.251681264501714850e+02 4.637172011045286126e+02 1.587582964476993084e+03 4.522981575529011700e+00 2.982257261274260713e+02 8.504421035543263088e+02 1.902524003375606654e+01 1.733525925768220759e+02 8.713067302240618517e+01 2.255098049034219798e+02 2.828397183346639849e+02 2.497563869441253637e+00 4.094786714514220876e+02 1.307637618879716301e+00 1.332853041338269577e+03 3.121896303534777317e+01 7.068320507500093299e+02 4.699189268270543174e+00 6.992242118458460709e+01 2.459809856966432449e+02 1.212096625638281921e+03 3.505404905300552798e+01 6.598753049468394920e+02 0.000000000000000000e+00 1.496907317658839176e+01 4.554570497675868523e+02 8.328308237138404593e+02 1.194446644418517963e+03 5.240782376142771426e+00 6.194300963368631301e+02 3.238997269195056106e+01 1.677171568531709909e+02 6.477523099488024627e+01
0.000000000000000000e+00 6.428067741357326668e+02 1.191000409106991675e+00 2.287713392766727054e+02 2.355430832982761160e+02 7.374486256460349942e+00 1.336767262587866071e+03 1.368318403138860504e+03 6.196513632051137677e+01 4.703048297617801268e+02 2.592750291901110060e+01 8.314061229128820969e+02 2.626637653252963105e+02 6.741929587806358426e-02 2.266628045703221161e+01 2.354103164899969869e+01 2.507601415069849224e+02 5.865060519657411930e+00 6.309341918896077459e+02 2.321569140923293162e+02 4.076263218155157233e+02 5.072301986124515452e+02 1.372986484675745977e+01 1.069813157165711743e+02 6.748384125010068146e+02 5.327625224467482212e+01 5.604662370716382611e+02 1.084407223510714857e+03 2.225541088460974493e+01 4.226702986384304950e+02 5.749185343809351707e+02 1.041586371527360598e+03 5.101185562678538510e+00 1.066997671281045541e+03 0.000000000000000000e+00 8.796209105407750712e+02 2.852449432066753729e+02
0.000000000000000000e+00 5.695199693820329685e+02 5.040010834175525929e+02 8.309701696925126271e+02 7.088655568966072303e-03 1.584765462565252847e+03 4.808547690223596192e+02 7.761760709505139175e+02 1.833236277908608214e+00 4.181138200640639297e+02 2.170648482064369174e-03 3.575241486477964941e+02 7.198540712862023838e+02 2.384836869152111571e+00 5.724246112822811483e+01 2.900515294970144282e+02 1.528486838094490281e+02 7.319477558033714786e+02 1.353479293841925255e+03 5.647619629198302249e+01 1.299258992451121230e+03 5.219035316406085201e+01 0.000000000000000000e+00 1.432125926569140688e+02 3.483971195722511425e+02 2.011511934686020808e+01 1.650525046207432524e+03 4.574772364814403431e+02 4.397719823107485126e+01 4.871746669467337938e+02 3.612346161186041371e+01 2.324010083428213469e-01 1.047075013956879502e+03 9.651806836889408032e+02 1.006067137686540462e+02 6.936585558877278572e+02 1.656428756036656011e+02
0.000000000000000000e+00 4.030317501567989069e+00 0.000000000000000000e+00 0.000000000000000000e+00 0.000000000000000000e+00 0.000000000000000000e+00 0.000000000000000000e+00 0.000000000000000000e+00 0.000000000000000000e+00 0.000000000000000000e+00 0.000000000000000000e+00 0.000000000000000000e+00 0.000000000000000000e+00 0.000000000000000000e+00 0.000000000000000000e+00 2.388570286282099886e+00 0.000000000000000000e+00 3.084607179014145686e+02 2.527097893980320293e+02 1.159820974775839453e+01 1.234727517488736055e+02 4.426779159065321210e+02 1.285489181240399148e+03 0.000000000000000000e+00 3.495568892542014510e+02 4.103998372676493922e-01 1.435253332138481142e+02 4.742140649903628855e+02 1.734621601148935213e+02 3.910314827321394091e+02 1.426706669089023478e+02 1.498748498761398196e+03 5.957795397454389574e-01 1.234773312009247547e+03 1.091212715958633339e+02 9.600811586303594325e+00 9.232928559045643624e+02
0.000000000000000000e+00 1.487141137254230898e+02 0.000000000000000000e+00 0.000000000000000000e+00 0.000000000000000000e+00 0.000000000000000000e+00 0.000000000000000000e+00 0.000000000000000000e+00 0.000000000000000000e+00 0.000000000000000000e+00 0.000000000000000000e+00 0.000000000000000000e+00 0.000000000000000000e+00 0.000000000000000000e+00 0.000000000000000000e+00 7.656029163105432644e+02 0.000000000000000000e+00 1.104347190893023578e+00 0.000000000000000000e+00 0.000000000000000000e+00 9.275490669143322293e+02 6.347947242044110681e+02 0.000000000000000000e+00 6.106508129406125755e-05 1.357627007502556125e+03 1.245423611885462606e+03 1.164599556691919695e-05 1.474255265404137162e+03 1.964126495038187841e+02 9.067528867436432165e+02 0.000000000000000000e+00 8.387054847725198670e+02 1.002862338937888786e+01 1.095851910061224110e+01 5.527852930270347542e+01 1.041363671105827962e+03 1.348447039679316731e+03
0.000000000000000000e+00 3.806330171044436952e+02 3.435233549410721707e+02 1.484682909573355192e-02 6.755341753392452802e+02 2.226182436124676940e+02 7.743279042814561475e-01 2.789195053879533361e+02 4.226832719926236492e-03 1.129817745775901585e+03 1.704693688572782321e+03 1.513733329095864804e+02 1.415200902612555637e+03 4.543515859792413494e+02 4.688415422285693239e+02 8.451025107520803203e+01 5.797088626793239428e+02 7.991640298338878665e+02 7.814799761147602339e+02 3.280314386530381512e+02 0.000000000000000000e+00 0.000000000000000000e+00 1.601124519839295886e+02 0.000000000000000000e+00 2.952276754781624959e+02 2.618621299918894465e+02 9.957805601030202070e+02 0.000000000000000000e+00 0.000000000000000000e+00 0.000000000000000000e+00 1.600125765640318889e+02 2.793964188439293395e+01 1.621676241437943986e+02 1.138757996665107839e+03 1.147017500779551483e+03 0.000000000000000000e+00 9.153011653227682700e+02
0.000000000000000000e+00 1.334738037514054838e+02 0.000000000000000000e+00 3.421240200832964096e+00 5.687267273542245221e+02 8.272922140280811618e+02 1.569377772168143448e+00 7.986647135294102782e+02 1.284772451306749872e+03 1.720274846794905898e+03 3.268329901967674367e+00 5.657685811888856051e+02 1.156334722692230343e+03 7.053624616307259032e+01 0.000000000000000000e+00 2.371629949580766947e+02 4.866144327017733673e+01 0.000000000000000000e+00 4.369022250587001395e+02 3.400417759745797639e+02 6.257208591210475235e-02 3.077496023954310544e+02 8.053172708469913399e-01 7.059019696283646006e-01 0.000000000000000000e+00 0.000000000000000000e+00 0.000000000000000000e+00 1.468803128071579977e+03 0.000000000000000000e+00 0.000000000000000000e+00 0.000000000000000000e+00 4.935245167640889008e+01 5.830268510076009534e+02 1.220412292414223884e+03 0.000000000000000000e+00 1.550973978518131162e+03 1.273843334793854183e+02
0.000000000000000000e+00 1.775770786346098930e+03 1.764028428710688786e+03 3.812635560233125886e+01 1.247525315954649727e+01 3.223027226101768292e+02 4.141701872012145600e+02 5.384441082123476008e+02 1.389174541742011684e+02 3.260724627968560885e+00 3.094450895201292724e+02 7.230510577336942788e+02 0.000000000000000000e+00 8.026349045360102252e+01 2.741340653251432968e+02 1.703708798784936140e-01 1.818355259224098575e+02 4.160674227254925611e-02 1.011392681571288810e+00 0.000000000000000000e+00 3.003899615068088451e+02 3.989554309038091873e+01 2.375501664835032045e+02 5.124504732159333997e+01 2.567113825393211712e+01 1.007042423428553320e+03 1.427322724379488932e+02 8.523076474465482306e+02 1.485766315660603360e-04 5.012682553800273695e+02 4.380413557592804068e+02 0.000000000000000000e+00 0.000000000000000000e+00 0.000000000000000000e+00 8.865493369826219805e+02 2.363299741162943057e+00 0.000000000000000000e+00
0.000000000000000000e+00 3.831316802336499905e-02 5.857939766336975884e-01 3.686648094530787034e+01 8.796353436380429969e+01 7.694157262636268797e+02 5.148379103745996872e+02 0.000000000000000000e+00 2.317688366928009600e+02 1.386365180864009616e+01 1.574064681361135172e+03 0.000000000000000000e+00 1.221741937320190763e+00 4.803983523196421856e+02 1.762738773405778545e+02 7.529470497996254563e-01 2.920424951714954176e+01 6.869687167761805995e+02 8.722235113051668804e+02 6.295277258857623792e+02 1.464558267104528568e+03 1.075071373000171889e+03 6.020314596392260853e+01 7.911563310172690535e+02 6.210302817100966877e+02 1.368494232969278983e+03 1.994659869502355409e-01 4.189507014304925292e+02 2.921784345223858992e+01 9.656421986261967731e+02 7.930428066426367106e-01 4.861307394302268392e+01 1.552984465469477982e+03 1.705370395547090766e+03 1.769303051001138840e+02 1.026158955438604153e+03 0.000000000000000000e+00
