output/example/lateral_incision_000429.asc
nrows	75
cellsize	13.33333333
xllcorner	0
ncols	75
yllcorner	0
NODATA_value	-9999
[rows 51 to 67 of 75, columns 0 to 36 of 75]
0.000000000000000000e+00 6.568750575283513626e+02 6.408402210280035316e-01 2.721825796216357389e+02 0.000000000000000000e+00 3.547590982419662531e+00 1.273753126685122794e+01 6.289524373183008947e+02 9.453277897233766325e+00 1.730029657603834266e+03 3.333816610561225389e+02 1.512421291453996952e+00 7.259571572236878865e+02 5.327096067639151897e+02 1.001196567388383642e+03 1.141832339570053367e+00 1.017735976926559488e+03 2.123636972183324758e+02 1.283426491072682009e-02 9.401203422933723175e+01 1.015887839743996778e+03 1.082335160677322165e+03 4.412502473533322922e-01 5.352719553924692946e+02 4.037482115445494628e+02 7.507144065876323111e+02 7.326853147556077958e-03 0.000000000000000000e+00 1.238032145463092093e+03 4.102107443851542001e+01 6.890491063659420661e+02 6.065776414250925654e+02 1.391896897237871045e+01 7.730748466651364197e+02 1.000300862050439605e+03 0.000000000000000000e+00 4.722584707756620901e+02
0.000000000000000000e+00 0.000000000000000000e+00 2.428765876699699220e+02 9.295591482685231313e+02 2.626446358132513481e+01 1.212027575480543184e+01 4.071393080005022114e+01 1.429850802879498595e+01 1.953880182737596272e+02 1.127469516013801694e+03 0.000000000000000000e+00 9.749395639030346956e+02 2.918542014349791316e+02 3.142232497462968155e+01 1.513751905231739237e+01 4.142286484382042318e+02 4.870386039803706808e+02 1.342178391638842072e+02 3.341934634907023849e+01 6.463117351534077670e+02 2.831955153090016779e+02 2.724021354047262422e-01 1.279989314499653474e+01 2.824167684868938295e+02 6.332227928363527099e+02 7.895808436996971125e+01 9.711539590624295215e+01 3.180345835242523123e+01 7.953299921293665875e+02 6.270098482744297819e+00 1.111866884370759635e+03 2.310785690859752961e+01 2.204255358960141962e+02 2.439367547064638018e+02 0.000000000000000000e+00 0.000000000000000000e+00 1.396726032354818017e+03
0.000000000000000000e+00 9.264145253405682752e+02 1.214793684324465175e+03 1.226158239928606008e+03 1.007162762522324186e+02 2.595765543019135180e+01 2.531337328245307106e+02 1.155779544591968033e+02 5.323305260694446588e+02 1.385777179291069805e+00 1.081513153347857042e+03 9.461725230428109512e+01 9.420533405871101706e+01 8.764809175494207238e+02 2.535241130430924272e+01 9.467180302919089172e+02 1.174558428822018868e+03 6.997462809322531712e+02 0.000000000000000000e+00 4.474450817328759911e+01 1.248312711165156088e+03 7.797024033777232432e+01 8.098642209708814335e+02 0.000000000000000000e+00 7.150869318600828137e+02 2.987920552491129200e+01 5.639799653941192901e+02 0.000000000000000000e+00 4.461777783124503571e+02 6.721810034102593079e+01 4.489071459052343016e+01 6.263378644125989467e+02 1.083064054686859436e+03 1.823032288406115811e+02 2.027832077159365198e+01 8.996369836512581060e+02 0.000000000000000000e+00
0.000000000000000000e+00 1.702739838173601356e+03 0.000000000000000000e+00 6.253972978189027572e+02 9.369358567238773503e+02 6.583506831278123173e+01 6.647689567259106980e+02 5.695967470807664768e+02 1.262492867537501127e+02 8.664075223180635987e+01 6.702367539180116573e-02 2.949089646289679649e+02 7.723155824026523675e+00 6.848928738009153960e+01 8.566109968444528988e+01 1.069603114875900928e+03 3.516985309589442750e+02 5.168816903806629171e+02 2.235132972580884996e+02 3.587488357316125303e+02 2.257892000021903556e+01 1.227427170423123243e+03 1.193763886180382542e+03 6.911966345981973348e+01 3.346733695332699821e+00 1.619430899723892878e+02 2.628864037695584557e+02 1.243486115577499959e+03 5.677827544736381071e+01 4.444088824074513013e+02 9.933657551609645964e+01 0.000000000000000000e+00 9.403715030921883908e+02 1.156027054693423428e-01 9.033774637567150378e+00 5.282640891558660314e+02 1.619996653080336557e+01
0.000000000000000000e+00 0.000000000000000000e+00 1.550679479544050309e+03 7.272300170563305022e-01 4.854806042960193508e+02 5.134785242932134679e+02 8.697713225028223860e+02 3.699416432831922918e+01 8.781792632385104298e+02 7.190538236090006363e-02 0.000000000000000000e+00 1.790943777687480676e+01 1.174103257641132245e+02 9.883675309310872592e+01 3.324362146247424334e+02 1.048714239217934391e+03 3.671409697576512343e+01 7.196464213231770768e-02 5.497865307588460926e-01 3.283518324561412669e+02 1.775028866080218037e+01 7.941104995483051425e+02 1.469578776529342008e+02 9.379973290540447124e+02 8.277971226610816302e+02 1.314581884280184568e+03 5.993466637454325507e+01 1.277692023204098781e+01 4.516212524974723692e+02 2.272785576785751971e+02 6.736953868140698205e+02 1.275680571870979065e+03 2.176089063928368983e+00 1.751092282475382831e+02 4.694507072789311337e+02 1.071473127828546922e+03 2.357325278498349235e+02
0.000000000000000000e+00 3.839633939952817059e+02 3.129241352948269537e+02 8.059373741880398256e+02 7.390649476800022910e+01 4.436104536040335944e+01 1.666867205799269186e+03 0.000000000000000000e+00 7.198871539865268687e+02 3.937861865795570111e+02 0.000000000000000000e+00 7.312199765129763307e+01 3.016779537256500987e+01 3.018291693648844216e+02 3.916699973434069193e+02 2.772978396318558225e+02 3.783448180992409675e+02 8.520500981984936439e-01 3.037468606010641565e+02 1.382798919745656121e+03 3.070187064266166033e+01 1.238092737224217217e+03 9.533026089502417335e+02 2.016297503019402271e+01 1.268370533261308310e+03 2.957923751187481116e+02 3.044059621128784254e+00 9.454087045289429059e-02 3.022594326645124951e+01 2.424057339882345161e+02 4.559898184538945998e+01 1.223781920236665544e+00 1.020982116738654213e+03 0.000000000000000000e+00 1.501086898528830886e+02 1.525016370069686218e+02 3.701830056563701987e+02
0.000000000000000000e+00 3.377891613775529436e+02 1.359570095137120688e+03 2.895325807215382383e+02 3.464555606169939210e+02 1.654955985134756929e+03 2.178938505039578217e+02 1.162113317729995714e+02 6.151478359463561674e+01 3.241000179162803647e+02 4.079520549395504645e+02 3.792214054964321690e+01 1.220923264238919472e+02 1.694351500790918408e+02 1.845624492759414892e+01 0.000000000000000000e+00 2.240654425607818467e+00 1.201934738986860793e+02 1.662633704754898929e+02 5.209448411037482174e+02 2.287918732279247251e+02 4.749070841602173942e+01 3.552604253230551308e+02 7.160039396216915293e+02 1.027443884389929849e+02 2.336258221982108125e+02 5.847110266034352435e+02 7.504994534550905882e+02 6.514833452188621266e+01 3.935221485676820521e+02 7.163478931883621215e+01 5.487936015122919287e+00 1.407148932895461030e+03 8.328834547905901218e+02 2.005924434768656965e+02 4.723901493005120642e+02 7.088461965391248896e+02
0.000000000000000000e+00 8.396931112271272468e+02 9.526008089063326452e+02 9.374312931851912367e+01 0.000000000000000000e+00 1.346989663715580036e+03 3.578214044630361741e+02 1.663109151670156507e+02 3.065756099715013079e+02 0.000000000000000000e+00 2.255353997290404777e+02 1.643585396076004956e+00 6.047228390450208053e+02 2.951134142818876853e+02 0.000000000000000000e+00 3.890225890982231931e+02 1.195322537421466222e+03 1.186799731194539845e+03 8.039808467000246992e+02 2.101586645800964277e+02 9.970145193368675791e+02 8.846881427045412138e-01 9.201462588918889196e+02 2.001215093462522248e+02 5.607279457807768495e+02 5.352795215446809607e+01 8.044086846867374518e+00 5.546250555011664574e+02 1.089232193393646639e+03 3.685026353663146210e+02 9.119057629746960174e+02 1.199367342806968217e+01 1.616759865507088307e+03 0.000000000000000000e+00 4.227822188590426435e+02 1.138662627767351978e+03 5.100639987368755612e+01
0.000000000000000000e+00 1.949731028489476437e-02 4.607849228639507300e-01 2.374228452994042300e+02 1.254296386461334350e+03 2.879513986216756649e+01 6.000634273767863078e+02 6.584856974076308234e+02 8.012916389461960307e+02 5.955240924171488359e+02 4.939629663524234502e+02 6.100536829786124144e+02 7.427968064494652189e+00 3.756051432597226380e+01 1.110236743404415847e+03 2.379499783307287544e+02 7.840341810516720500e+01 1.517472366192824609e+02 8.072336791834396763e+01 8.198593959592760712e+02 2.004606740693340612e+02 4.335826778163438888e+01 5.012483020191821197e+02 1.211461060997368577e+03 1.699888870015894611e+02 1.191413368862693716e+02 1.112543216945978884e+03 2.701457322775636172e+01 3.576463314080020837e+02 1.804999791710694126e+02 1.780265296010011822e+00 2.712293097862969944e+02 3.755547078017814044e+01 1.380999656419952998e+03 6.376872805861655706e+02 1.746593788157413485e+01 1.494102908054604484e+01
0.000000000000000000e+00 5.155308732173965609e+02 4.722956401093485965e+02 4.165813806350802793e+02 2.764780511864283881e+02 4.355197005238010455e+00 4.144788802801532057e+01 1.670520880171725153e+01 0.000000000000000000e+00 1.156122067015062385e+03 9.499370105899664907e+01 1.606094072885684056e+02 8.308227490085894829e+01 2.949726608452728271e+01 5.273297148615048400e+02 1.454006977912341085e+02 4.869954404415603335e+02 3.141026800682216731e+02 1.366035249033920138e+02 7.686934497617133877e-01 4.239266023516228756e+02 0.000000000000000000e+00 0.000000000000000000e+00 2.064168885029570433e+01 2.150214193526214146e+01 5.582147881256064466e+02 2.234082287886409688e+02 6.553032339494720304e+01 5.986908418758663686e+01 2.552534845271995039e+02 4.432094691418939760e+02 6.337668666318282931e+02 0.000000000000000000e+00 1.142547020427524956e-01 5.851185148999786634e+02 6.502660926255290406e+02 4.261333924475874824e+01
0.000000000000000000e+00 0.000000000000000000e+00 9.078912495289548588e+02 1.300713298677758758e+03 1.877172913051117575e+02 5.604000083674711874e+01 5.618523680695129002e-03 0.000000000000000000e+00 8.370947434881651716e+00 1.449190249826967314e+00 1.399527578612162699e+02 5.438108439295397147e+02 1.922619694900032372e-01 3.180647817459694693e+02 2.164016745957895296e+02 4.749196429333067044e+02 5.697009713438112612e+02 8.448166593377239053e+01 6.607820597114863581e+00 1.536935062759154391e+02 9.401903560718551489e+02 1.540958289980832063e+00 1.139400966063950364e+03 3.261602826297809656e+02 4.987316402028280322e+02 4.693542082938083126e+02 4.682505410604127860e+02 4.328080534552295688e+00 9.146444540662951539e+00 3.659637130374937897e+02 2.866029763771560397e+02 3.545174147967018019e+00 0.000000000000000000e+00 2.624932378506719033e+02 9.685088139493857398e+02 4.169800543569045317e+02 1.487898060825493758e+02
0.000000000000000000e+00 1.156077667624117993e+02 1.199668707592964211e+03 1.185371138250198101e+03 9.597747546838866128e+02 6.026350615848044754e+02 1.755756330429347543e+02 2.495968550933733354e+02 2.047511366631945151e+01 1.742616772270599412e+01 1.192981420193359781e+03 3.803254864593935736e+01 1.100244118907684232e+01 4.925233710558932216e+02 4.062064862018559666e+02 2.501940172417864972e+02 4.339877005341828919e+01 5.924114136814623635e+02 5.892646552111295932e+02 8.068453696597179032e+02 2.323597116683596369e+02 1.644485684826007400e+03 3.923361710529440494e+00 4.142625374667186975e+02 5.475224900844881404e+01 1.313649035044600621e+00 6.326606250786689998e+02 2.990612686282626100e+02 4.611171010034609452e+01 4.462791824490684434e+01 1.345167350811146001e+01 1.711208381850323690e+02 2.381633555004625862e+02 7.145363902402137910e+02 3.262366114981741703e+02 0.000000000000000000e+00 0.000000000000000000e+00
0.000000000000000000e+00 1.358205542814685600e+02 0.000000000000000000e+00 9.416780413937304957e+02 6.940139009129296710e+02 5.554240386336622350e+02 1.006690521569289217e+03 7.411833967169816617e+01 0.000000000000000000e+00 1.004766353366106955e+03 0.000000000000000000e+00 4.917746353761079376e+02 8.160896343840174723e+02 2.186139357896771429e+01 3.115276443627824392e+02 3.565687889433709188e+02 4.174482405636699589e+00 1.305569774036010131e+03 5.371805534758173053e+02 1.573964076615648011e+01 2.460057294834966228e+02 5.353841915070789810e+02 2.358394422487546649e+02 4.891630119771328111e+00 1.699087667106502408e+01 3.965372634925880106e+02 6.333620798137764041e+02 3.486196648141446985e+02 1.430759031756689637e+03 2.929351307133538853e+02 1.026054534776632181e+03 2.404054919657285438e+02 3.855661891779197248e+01 7.523469047550162259e+01 6.690090525687998024e+01 1.100789830815224661e+02 4.417733779808600616e+02
0.000000000000000000e+00 1.563951619446198947e+03 9.484086941967502753e+02 0.000000000000000000e+00 1.270383731666790936e+03 2.455485687088169300e+02 1.026297882068441112e+02 5.029095396215209348e+02 1.027605072638094043e+03 2.698901000587503063e+02 2.650466168541856291e+02 2.027905432668577248e+02 3.692165512190355230e+02 7.410993388702559059e+02 4.506684624132553836e+02 6.519655843194017280e+02 2.801231517572295004e+01 6.012662175811611860e+02 1.226888777116485807e+00 9.075084777244019278e+02 4.908243116404900093e+02 1.393509222056858789e+03 6.773928508250545519e+02 3.781651029595342095e+01 1.231776825079540913e+03 5.558369245508421272e+02 7.429720459009710112e+02 1.274300728470254171e+03 6.623734052611048639e+01 2.642801159355922778e+02 2.294566128228852051e+02 5.914102002272660457e+02 3.643307423876696021e+02 6.317125012004276385e+01 9.254717948778919734e+00 3.499865090699171333e+01 0.000000000000000000e+00
0.000000000000000000e+00 1.577446199031336249e+01 5.575817560292692860e+02 1.715043734774207451e+03 1.169068834486206242e+03 2.237042656593465892e+02 4.266120511025425799e+02 1.674801972832678985e+02 8.912189453788590754e+02 7.049058961763787465e+02 4.738396342508507386e-01 2.059677917527738487e+02 8.766203789125728463e+02 2.139032807760305488e+01 2.476046618250091758e+00 8.378971275274661821e+02 1.004516823810530184e+02 7.199657102758030760e+02 8.172046433742270892e+02 1.192431016717818693e+03 0.000000000000000000e+00 6.403630671057428572e+02 3.648689635968249689e+00 1.027986467654057989e+01 8.247068858499272892e+01 2.632586659534437104e+02 3.963631402886048818e+02 1.558479999161318403e+02 2.657219055327440174e+02 1.289140942600381834e+01 1.352248869068923796e+02 5.825491799059739151e+01 1.282568990882138451e+03 1.012490728967730824e+01 4.499297289356738361e+02 2.425294419740823937e+00 9.220252279029625697e+01
0.000000000000000000e+00 1.157225115529948653e+03 4.833405121596378251e+01 1.532048926332498340e+00 7.727590999566135110e+01 9.082788883647804141e+02 6.172701723594663008e+02 2.318574464359581668e+02 4.409343920397213878e+01 0.000000000000000000e+00 1.227425683419124425e+03 5.390438041091792911e+02 6.539234968746978893e+02 2.560084373909038646e+01 5.967689942376314320e+02 7.143816561659648290e-01 3.011995266142537275e+01 2.339337648424736642e+02 3.898711972473947753e+02 9.939499307662440515e+02 0.000000000000000000e+00 1.209687301484769080e+02 6.862807477491476220e+02 9.418370970421213428e+01 9.829750738944293289e+02 5.904770567779210069e+02 5.197529513851250158e+02 0.000000000000000000e+00 0.000000000000000000e+00 4.102467521991504782e+02 4.176156808364709860e+01 8.565447435925379693e+01 3.990372005810149147e+01 1.619764990602648724e-01 2.225741927605886517e+01 7.816393119508117593e+01 1.773808902130262197e+02
0.000000000000000000e+00 1.497390451123552111e+03 4.914442761931651376e+02 1.206405581993327132e+03 9.535647966196714620e+00 4.704862739618101974e-01 3.488095789126867317e+02 1.688695195977924868e+03 2.267200380622701239e+00 1.562688779736636491e+02 7.626182225564639339e+01 1.154976913836077756e+03 3.989108052648651892e+02 3.111096382700817458e+02 5.482157140651909231e+02 0.000000000000000000e+00 3.163778320441742267e+02 6.397733506897502309e+01 0.000000000000000000e+00 7.777124982840049938e+01 1.409631248939136412e+03 1.217384292411905108e+03 0.000000000000000000e+00 2.050061717387223439e+02 8.843598046919087210e+02 6.607568416047482742e+02 2.271642638134241281e+02 1.742626812175894315e+02 4.234917569353604563e+02 8.871844578824423024e+02 1.364470671876003749e+01 1.847240526373803675e+02 2.764076822386222148e+02 3.181082082720136484e+01 2.873802861956488153e-01 1.840201063916574924e+02 1.508663213913296497e+00
