output/example/lateral_incision_000000.asc
nrows	75
cellsize	13.33333333
xllcorner	0
ncols	75
yllcorner	0
NODATA_value	-9999
[rows 0 to 16 of 75, columns 0 to 36 of 75]
0.000000000000000000e+00 1.418672783033098644e-17 0.000000000000000000e+00 0.000000000000000000e+00 1.942117737129663356e-14 0.000000000000000000e+00 0.000000000000000000e+00 1.153023955854744770e-16 0.000000000000000000e+00 0.000000000000000000e+00 0.000000000000000000e+00 7.415188208478109846e-16 0.000000000000000000e+00 8.551373734836360442e-17 0.000000000000000000e+00 0.000000000000000000e+00 0.000000000000000000e+00 0.000000000000000000e+00 1.936801339962805200e-15 0.000000000000000000e+00 0.000000000000000000e+00 5.490232242056204274e-16 2.148059877414431093e-19 0.000000000000000000e+00 1.009085263813733733e-16 0.000000000000000000e+00 0.000000000000000000e+00 5.598472137658944774e-20 0.000000000000000000e+00 0.000000000000000000e+00 0.000000000000000000e+00 0.000000000000000000e+00 5.764725570423438551e-15 0.000000000000000000e+00 0.000000000000000000e+00 0.000000000000000000e+00 2.327907192429099384e-17
0.000000000000000000e+00 0.000000000000000000e+00 0.000000000000000000e+00 8.233689162856645041e-17 0.000000000000000000e+00 0.000000000000000000e+00 4.193255632114925089e-17 3.626384932596227368e-18 5.285189462444063350e-15 1.519056527181443402e-14 2.694486685750105977e-16 4.760049035265513138e-17 5.278332382542765241e-18 0.000000000000000000e+00 6.243373252678077038e-18 9.883062478754936152e-17 8.085184199399539630e-19 5.088285702785255855e-17 1.153023955854744770e-16 0.000000000000000000e+00 1.744488927236345598e-19 2.020865014312582317e-16 0.000000000000000000e+00 0.000000000000000000e+00 6.584315846958212182e-17 0.000000000000000000e+00 0.000000000000000000e+00 0.000000000000000000e+00 1.176020885781343422e-14 1.010432507156296952e-16 0.000000000000000000e+00 1.511669431315565999e-16 6.727235092091556990e-17 0.000000000000000000e+00 4.522836854498282365e-17 1.921863569644115101e-20 0.000000000000000000e+00
0.000000000000000000e+00 5.823650414681643547e-17 1.123455604046023526e-15 0.000000000000000000e+00 1.482459371813244614e-16 1.358962762593057903e-20 0.000000000000000000e+00 4.523590786295807640e-17 0.000000000000000000e+00 0.000000000000000000e+00 0.000000000000000000e+00 5.895064462341129303e-15 0.000000000000000000e+00 8.469080254676174255e-20 2.398463179940480442e-17 1.119650921323058096e-18 1.482239748202664192e-16 3.958717612771081390e-20 3.194392169312492466e-16 3.198657045371853089e-16 0.000000000000000000e+00 1.187615284131946304e-16 8.807369094391946200e-17 4.193255632114779643e-17 0.000000000000000000e+00 5.598472137658944774e-20 1.593545440672182374e-16 3.768900579589927285e-15 0.000000000000000000e+00 0.000000000000000000e+00 3.637897927797675562e-19 0.000000000000000000e+00 6.727062126386395706e-19 3.198661720302759496e-17 0.000000000000000000e+00 0.000000000000000000e+00 6.637986137881131360e-16
0.000000000000000000e+00 0.000000000000000000e+00 5.696496158038845792e-14 9.714046577753800190e-16 0.000000000000000000e+00 4.123031118795573441e-16 1.428967355483076191e-16 0.000000000000000000e+00 0.000000000000000000e+00 3.567089298929402062e-19 4.941531239377482251e-17 0.000000000000000000e+00 9.092943149094570274e-19 4.937138767165814652e-17 0.000000000000000000e+00 2.798295894978321912e-17 0.000000000000000000e+00 1.042832156148618227e-19 2.185685129761327680e-16 9.217099098275443162e-16 3.958141938008845243e-17 1.152804332244164348e-16 0.000000000000000000e+00 2.063434948492891136e-19 2.827244241434881008e-17 8.148451660223659524e-17 4.941531239377453285e-17 0.000000000000000000e+00 1.984183212322880337e-14 2.357675850031343654e-16 0.000000000000000000e+00 5.598472137658944774e-20 2.939197872976736357e-16 0.000000000000000000e+00 0.000000000000000000e+00 1.009534344927917529e-16 0.000000000000000000e+00
0.000000000000000000e+00 1.153023955854744770e-16 0.000000000000000000e+00 9.526449036553828536e-17 6.588708319169995645e-17 0.000000000000000000e+00 9.883062478754964501e-17 0.000000000000000000e+00 1.428649807181938420e-16 1.153023955854747728e-16 1.339249216709582308e-17 9.678158289983248162e-20 0.000000000000000000e+00 1.675831325973187895e-14 1.448820296377981183e-16 1.673051587142063939e-14 0.000000000000000000e+00 2.357675850031343654e-16 0.000000000000000000e+00 3.669398393029902444e-17 2.913786672978626801e-13 2.143133484923476639e-16 6.588708319169995645e-17 1.464061930863426324e-19 6.985274550730880838e-17 1.134031939641291985e-15 0.000000000000000000e+00 4.193255632114779643e-17 0.000000000000000000e+00 5.916407723105962011e-14 0.000000000000000000e+00 3.078202412818066217e-16 2.491764634992101260e-17 0.000000000000000000e+00 0.000000000000000000e+00 0.000000000000000000e+00 2.023322683518393124e-13
0.000000000000000000e+00 0.000000000000000000e+00 0.000000000000000000e+00 0.000000000000000000e+00 6.988380497617985815e-17 1.347243342875058905e-16 0.000000000000000000e+00 3.494190248808981814e-17 3.476674475647942804e-19 0.000000000000000000e+00 8.150004633667261316e-17 0.000000000000000000e+00 0.000000000000000000e+00 1.130897696573944514e-17 0.000000000000000000e+00 6.115332433216774767e-17 0.000000000000000000e+00 1.130897696573944514e-17 0.000000000000000000e+00 1.346794261760880533e-16 6.582119610852493014e-17 0.000000000000000000e+00 1.317741663833999129e-16 0.000000000000000000e+00 1.022903815442765976e-16 2.721045122686077867e-13 1.345896099532507273e-16 0.000000000000000000e+00 9.883062478754964501e-17 0.000000000000000000e+00 2.189553466467073374e-13 2.966471076730231072e-16 0.000000000000000000e+00 1.695592613063381944e-17 0.000000000000000000e+00 0.000000000000000000e+00 4.941531239377510600e-17
0.000000000000000000e+00 0.000000000000000000e+00 2.096212473779883526e-16 1.066057468931782862e-16 0.000000000000000000e+00 3.148516732979392378e-16 2.540910090320575804e-15 0.000000000000000000e+00 0.000000000000000000e+00 1.323701856297034455e-16 3.637897927750343907e-19 0.000000000000000000e+00 0.000000000000000000e+00 0.000000000000000000e+00 4.658920331745303128e-17 1.684054178593814818e-16 0.000000000000000000e+00 1.684054178593820241e-16 0.000000000000000000e+00 4.937138767165843001e-17 1.905289807310773842e-16 3.198661720302759496e-17 1.904337162407351654e-16 9.198624530282505480e-17 4.522082922700747846e-17 0.000000000000000000e+00 2.261041461350373923e-17 0.000000000000000000e+00 0.000000000000000000e+00 1.045806775015469850e-16 1.441397677579195434e-17 1.280892496541252562e-16 5.598472137658944774e-20 3.392693089721853881e-17 0.000000000000000000e+00 6.579667709078350436e-16 0.000000000000000000e+00
0.000000000000000000e+00 3.198661720302745321e-17 6.584315846958299696e-17 0.000000000000000000e+00 2.826490309637355733e-17 0.000000000000000000e+00 1.904972259009631880e-16 4.446913802841870879e-19 0.000000000000000000e+00 2.268513272094184863e-16 0.000000000000000000e+00 3.391185226126803331e-17 0.000000000000000000e+00 0.000000000000000000e+00 2.143451033224610465e-16 3.294354159584969473e-17 0.000000000000000000e+00 0.000000000000000000e+00 0.000000000000000000e+00 0.000000000000000000e+00 6.884639296037078272e-15 7.237450236627578060e-13 0.000000000000000000e+00 0.000000000000000000e+00 0.000000000000000000e+00 1.427118431960799329e-19 0.000000000000000000e+00 0.000000000000000000e+00 1.190806129569231679e-16 1.013055687836702427e-18 0.000000000000000000e+00 2.493413706341424106e-17 0.000000000000000000e+00 8.233689162856617924e-17 0.000000000000000000e+00 8.564198686828146344e-16 0.000000000000000000e+00
0.000000000000000000e+00 3.363617546045837043e-17 0.000000000000000000e+00 5.598472137586104899e-20 0.000000000000000000e+00 0.000000000000000000e+00 1.152804332244164348e-16 0.000000000000000000e+00 0.000000000000000000e+00 2.356777687802993813e-16 0.000000000000000000e+00 1.152804332244164348e-16 0.000000000000000000e+00 1.317522040223410079e-16 0.000000000000000000e+00 0.000000000000000000e+00 0.000000000000000000e+00 0.000000000000000000e+00 1.228946546125641500e-18 5.911709573746689870e-14 0.000000000000000000e+00 0.000000000000000000e+00 8.206520094309818508e-18 1.683605097479636446e-16 0.000000000000000000e+00 0.000000000000000000e+00 9.316287690047064861e-17 2.295153499269292414e-14 1.482459371813247572e-16 0.000000000000000000e+00 1.347243342875058905e-16 3.388724609892564963e-15 1.998630464902632192e-17 0.000000000000000000e+00 2.572382294010225075e-19 0.000000000000000000e+00 1.130897696573944514e-17
0.000000000000000000e+00 4.954359933151532344e-19 0.000000000000000000e+00 0.000000000000000000e+00 2.180203379754131767e-15 1.347243342875052988e-16 0.000000000000000000e+00 9.880866242649160284e-17 1.130143764776429254e-17 1.683605097479642363e-16 0.000000000000000000e+00 0.000000000000000000e+00 0.000000000000000000e+00 0.000000000000000000e+00 0.000000000000000000e+00 0.000000000000000000e+00 0.000000000000000000e+00 2.827244241434871147e-17 1.153023955854744770e-16 0.000000000000000000e+00 5.088767723636124448e-16 1.282694869391475025e-17 0.000000000000000000e+00 0.000000000000000000e+00 7.573894151486510433e-18 0.000000000000000000e+00 1.666493484794637025e-16 1.317082793002234691e-16 3.354635923762101975e-17 7.996654300756966532e-18 7.428937234940893099e-15 0.000000000000000000e+00 0.000000000000000000e+00 7.236439206404125128e-19 1.684054178593820241e-16 6.731725903233396175e-17 1.047946479953984231e-16
0.000000000000000000e+00 2.882795355158390868e-17 2.771324639538535224e-18 8.862464801333411929e-19 0.000000000000000000e+00 0.000000000000000000e+00 0.000000000000000000e+00 1.427118431942231679e-19 0.000000000000000000e+00 0.000000000000000000e+00 8.397381912048571824e-16 8.235885398962478840e-17 0.000000000000000000e+00 2.142815936622338374e-16 0.000000000000000000e+00 0.000000000000000000e+00 1.331683633120198327e-13 0.000000000000000000e+00 1.317741663833996171e-16 1.811675164161161077e-16 0.000000000000000000e+00 3.294354159584969473e-17 1.512678556436388429e-16 2.474430920749787766e-14 0.000000000000000000e+00 0.000000000000000000e+00 1.998630464902632192e-17 9.878286166698297749e-16 1.262926420889036938e-18 0.000000000000000000e+00 0.000000000000000000e+00 0.000000000000000000e+00 2.196236105862618564e-20 0.000000000000000000e+00 6.586512083064132263e-17 2.467079900307331871e-19 0.000000000000000000e+00
0.000000000000000000e+00 0.000000000000000000e+00 0.000000000000000000e+00 1.614835694245557109e-16 4.983529269984245662e-17 1.781422926197935357e-16 1.010432507156291159e-16 0.000000000000000000e+00 0.000000000000000000e+00 3.363617546045895592e-17 4.941531239377482251e-17 0.000000000000000000e+00 4.657367358301780838e-17 1.346794261760874863e-16 0.000000000000000000e+00 3.392693089721853881e-17 0.000000000000000000e+00 1.281047793885606701e-16 2.694037604635933521e-16 2.619455936751169853e-16 5.530452670790502848e-17 0.000000000000000000e+00 1.358962762610738241e-20 1.904654710708489672e-16 3.567089298975811196e-19 6.586512083064075564e-17 0.000000000000000000e+00 1.427118431960799329e-19 0.000000000000000000e+00 2.412962492547813604e-18 8.499673174452516049e-19 8.562821356968439219e-17 0.000000000000000000e+00 6.476031050280839831e-19 0.000000000000000000e+00 1.344643597570175920e-15 1.119650921337625252e-18
0.000000000000000000e+00 2.108006203577253564e-18 0.000000000000000000e+00 7.138485811392619371e-17 3.289961687373329607e-17 0.000000000000000000e+00 0.000000000000000000e+00 1.053438257694794714e-16 0.000000000000000000e+00 1.009534344927935155e-16 0.000000000000000000e+00 6.288885810683088859e-19 0.000000000000000000e+00 0.000000000000000000e+00 2.137823411591353449e-16 4.618691969590142738e-16 2.467079900275233359e-19 0.000000000000000000e+00 0.000000000000000000e+00 0.000000000000000000e+00 1.190806129569231679e-16 8.397708208504877907e-17 0.000000000000000000e+00 0.000000000000000000e+00 0.000000000000000000e+00 1.318744874444380469e-17 2.326354218985597431e-17 1.152365085022986248e-16 0.000000000000000000e+00 2.405224317013940574e-19 1.048257074642692757e-16 0.000000000000000000e+00 0.000000000000000000e+00 0.000000000000000000e+00 1.317302416612820783e-16 0.000000000000000000e+00 9.273442929954496548e-19
0.000000000000000000e+00 0.000000000000000000e+00 0.000000000000000000e+00 0.000000000000000000e+00 0.000000000000000000e+00 5.310663773297295316e-16 6.588708319169967295e-17 0.000000000000000000e+00 0.000000000000000000e+00 1.683605097479642363e-16 0.000000000000000000e+00 0.000000000000000000e+00 2.148059877386483924e-19 2.020415933198404192e-16 1.905289807310773842e-16 1.317522040223415749e-16 0.000000000000000000e+00 9.883062478754936152e-17 2.020415933198398276e-16 2.020865014312582317e-16 0.000000000000000000e+00 1.428967355483076191e-16 1.317522040223407121e-16 0.000000000000000000e+00 0.000000000000000000e+00 1.928805931273314304e-19 0.000000000000000000e+00 0.000000000000000000e+00 0.000000000000000000e+00 7.538164654162177658e-17 1.347243342875047072e-16 1.009125120795793588e-19 0.000000000000000000e+00 8.022383835323886676e-16 0.000000000000000000e+00 9.883062478754964501e-17 0.000000000000000000e+00
0.000000000000000000e+00 9.883062478754964501e-17 0.000000000000000000e+00 0.000000000000000000e+00 7.144836777415380954e-17 1.153023955854744770e-16 0.000000000000000000e+00 2.153937871612854558e-15 1.695592613063401666e-17 1.010432507156291159e-16 0.000000000000000000e+00 5.934117703046961091e-17 6.492455984328578765e-17 1.164574785591974570e-16 6.588708319169995645e-17 0.000000000000000000e+00 3.143985642005536690e-16 0.000000000000000000e+00 1.427118431960799329e-19 7.539317975349286599e-21 0.000000000000000000e+00 4.595450666898744567e-19 6.193886006820932640e-16 0.000000000000000000e+00 0.000000000000000000e+00 0.000000000000000000e+00 3.391185226126783610e-17 0.000000000000000000e+00 9.513747104508182109e-17 8.227100454539030244e-17 0.000000000000000000e+00 1.199498145113524411e-17 0.000000000000000000e+00 1.317522040223412791e-16 0.000000000000000000e+00 9.883062478754964501e-17 0.000000000000000000e+00
0.000000000000000000e+00 4.198854104252438953e-17 0.000000000000000000e+00 0.000000000000000000e+00 9.883062478754994084e-17 0.000000000000000000e+00 6.391064942949825349e-14 0.000000000000000000e+00 1.363871753578450002e-19 2.869583737355743531e-13 4.763224518276893314e-17 6.776343342632434935e-19 0.000000000000000000e+00 0.000000000000000000e+00 0.000000000000000000e+00 2.196236105834044084e-20 0.000000000000000000e+00 0.000000000000000000e+00 0.000000000000000000e+00 0.000000000000000000e+00 5.474449377566311013e-15 0.000000000000000000e+00 0.000000000000000000e+00 5.823650414681643547e-17 2.148059877414431093e-19 1.646957456181909430e-16 0.000000000000000000e+00 0.000000000000000000e+00 0.000000000000000000e+00 0.000000000000000000e+00 1.317741663833993459e-16 0.000000000000000000e+00 2.143133484923476639e-16 0.000000000000000000e+00 2.140677648455219085e-16 0.000000000000000000e+00 0.000000000000000000e+00
0.000000000000000000e+00 0.000000000000000000e+00 6.166477928463774910e-19 4.523590786295807640e-17 0.000000000000000000e+00 0.000000000000000000e+00 2.565520947468785213e-18 6.097138542844161474e-13 0.000000000000000000e+00 2.027665412733847273e-14 9.883062478754964501e-17 0.000000000000000000e+00 1.317741663833996171e-16 4.522836854498282365e-17 2.694037604635933521e-16 0.000000000000000000e+00 0.000000000000000000e+00 2.020415933198404192e-16 0.000000000000000000e+00 0.000000000000000000e+00 3.391939157924318745e-17 1.187219412370674438e-16 2.357226768917171692e-16 1.161563975220226850e-15 0.000000000000000000e+00 9.883062478754964501e-17 1.152804332244164348e-16 6.062923738839538607e-17 0.000000000000000000e+00 0.000000000000000000e+00 0.000000000000000000e+00 2.738753152550351656e-14 1.152804332244158678e-16 0.000000000000000000e+00 1.921863569644115101e-20 2.261795393147909058e-17 2.020865014312582317e-16
