output/example/lateral_incision_000120.asc
nrows	75
cellsize	13.33333333
xllcorner	0
ncols	75
yllcorner	0
NODATA_value	-9999
[rows 17 to 33 of 75, columns 37 to 73 of 75]
9.991321102713416735e+01 8.370755612451050638e+02 8.423524180323734356e+01 7.110693545266908586e+02 8.552184880074544253e+02 8.511959298795774203e+02 1.802993139908218723e+02 4.138411858882173533e+02 2.743406395196354310e+02 5.736726777383851505e+00 2.662410276581015296e+02 7.218957403712443011e+02 1.367176470778195153e+03 6.478309067834424013e+02 5.806974074358300868e+02 2.742072211248594726e+02 7.824183262759080160e-01 1.028214466015369908e+02 3.838240333467532395e+01 1.036178738481337405e+03 1.993386395292724501e+03 1.565336355389558548e+03 1.136210785204794007e+02 4.663453509331051805e+02 1.279994699292386485e+03 8.448321418818858319e+02 5.178821383840536328e+02 4.289486822497986518e-01 2.298431199714070772e+01 1.258973240730838370e+03 4.570366766435309813e+01 5.317216440810817630e+02 4.711519969733164999e+02 1.686619600138031672e+01 2.414747437378059942e+02 9.456295589600756557e+01 2.493362510242216956e+02
6.465868651777897469e+01 2.428039609766731530e+02 1.294672913069236301e+03 2.004231144807276266e+00 9.170215694148454588e+01 1.899940068635573880e+02 2.536865502056175337e-01 1.210877271168993957e+03 4.604962074251056414e+00 4.985830798915459923e+02 1.189616543947842274e+03 1.325035108604845163e+03 2.228194014747228664e+02 4.073984601977487614e+02 0.000000000000000000e+00 8.268749608135865401e+02 4.573589221334801209e+02 2.792337110071214283e+02 8.133055922817047190e+01 9.411022050303079141e+02 4.345327817972243452e+02 6.869027642540033867e+02 3.477332440230445627e+02 4.577631130773505141e+00 3.341330619570775298e+02 1.174228112758145926e+03 0.000000000000000000e+00 4.451022858595755451e+02 7.871500344214356346e+02 3.459047013811733251e+01 1.128454170140702445e+03 3.366992186546769403e+02 6.767103604778245654e+02 8.103666271345571204e+01 2.861881521869967173e+02 1.588439670048629182e+02 7.472072341026320146e+02
8.705606038095466204e+01 5.059207640572996212e+01 6.302285258852869276e+00 6.304828361989386565e+01 9.555124858800818188e+00 8.395354419922193756e+02 0.000000000000000000e+00 4.107361457344225641e+02 2.720526065077161704e+01 1.332862204398019834e+01 1.194274336282573188e+02 0.000000000000000000e+00 8.986829926021085839e+02 7.789106655539136170e+00 6.346956016160888794e+02 1.889059315111139313e+03 7.802314282552143823e+02 2.797151296254091549e-02 4.171397031959526203e+02 1.000591662127257678e+03 1.436466487210182095e+02 2.545717566440459478e+01 1.264384550700730188e+03 2.862168886500136296e+02 0.000000000000000000e+00 6.235083220657051584e+01 7.166289268382315640e+02 1.487677346666298263e+03 1.273700807968910311e+02 6.047587997500628489e+02 4.466226192437260795e-02 3.033478079322367762e+02 7.955077806151464870e+00 1.020734796423528878e-01 3.610458122808142889e+01 8.637884610217927275e+02 0.000000000000000000e+00
5.913668792632134910e+02 9.082823251058970300e+02 1.182423924326240694e+03 2.986270431866248032e+02 2.430651776144373333e+00 8.475708015816074692e+00 1.457022785868977905e+02 8.660265867738546319e+01 4.265412680566506687e+00 5.158561584702995333e+02 3.726169468558460380e+02 1.669468997160876370e+03 9.239730804475481136e+02 5.526087122421034792e+02 1.277849408340978243e+02 5.140037973697321831e+02 4.694810046120253446e+02 1.172620906042644684e+00 1.288169247192707019e+02 9.055347551507846902e+02 1.258145183454042353e+03 1.931034047146222861e+02 1.672446978044250443e+02 2.673686078755164175e-01 7.733604499266102721e+02 1.782635304830611223e-01 6.756524867823904970e+02 1.169946144477617509e+03 3.061475902263773037e+02 1.803185892198625027e+02 4.122470953782316769e+02 1.492366483620519091e+02 7.858293182731672655e-01 1.573710910428412717e+02 9.900097715468742763e+02 7.260121572823136376e+02 0.000000000000000000e+00
4.566882501899515319e+02 1.213475151276802535e+03 6.362717230763023508e+02 5.893164686272900781e+02 6.809311615641496473e+01 5.617608897271192063e+02 4.888824513544545312e+02 4.082629279052480911e+02 4.692344253846030711e+01 0.000000000000000000e+00 4.863005543872013732e+02 1.117970490110739775e+03 1.122405246583952930e+03 3.964190973573801671e+02 6.462385781169806478e+02 1.434551406193319001e-01 5.153921009975460947e+02 1.474180567362861325e+02 1.250123504369724287e+03 1.813482341851668309e+02 1.291390821820722067e+03 5.164906636244362659e+01 3.019594525808852268e+02 0.000000000000000000e+00 3.385746692517390954e+01 3.510817862090531776e+02 3.154311272783237641e+01 0.000000000000000000e+00 8.224172910302289807e+00 6.181118505475457603e+00 3.800645056810761844e+02 1.170953549740736662e+03 1.004074203901212400e+03 9.633720027245345818e+02 3.773925280192627270e+02 1.851766417641711016e+01 2.570001014535102399e+02
0.000000000000000000e+00 9.082718400723100558e+02 1.296747814524004752e+03 5.660445173165437609e+02 1.522908645365108704e+01 1.038713478380076594e+03 1.315923282851875626e+02 2.779257257838374926e+02 1.090492784842138235e+03 1.151284843813795646e+02 1.833679500755210086e+02 2.245459680885592846e+01 1.679660796430034679e+02 1.443795502700279201e+02 7.258955665199821397e+02 1.401303546402681377e+02 0.000000000000000000e+00 1.150521249548971127e+03 8.623700070230269432e+01 3.412628964037529613e+02 1.394176458016534298e+03 2.606960893129643253e+01 2.795182735908925906e+02 1.825799552095048739e+02 3.706721868799856168e+01 4.384671851244396521e+02 2.113479685540551145e+01 8.628682482376602820e+02 1.220243522083763992e+03 8.456662304859390815e+02 2.008570421941815454e+01 1.603862099537159747e+00 8.250500406672241525e+02 2.651538916340290939e+02 1.911789508541979501e+02 1.524894370972772322e+03 3.090774930783678656e+02
8.882740648328098843e+00 2.699536934910249784e+02 3.488121471498313895e+02 1.866909718251071695e+02 1.036759082622110739e+01 1.010258538069416431e+03 5.482859747705159634e+02 8.874279365777046347e-02 8.339883638325119364e+02 7.245865227619211169e+01 0.000000000000000000e+00 1.409018498786808095e+03 1.448362467045630638e+03 3.964916993012590751e+02 6.888217014577802502e+02 1.029406413084934002e+03 1.724035611343098822e+02 4.906246262738274133e+00 3.914205792755337825e+02 1.308550898346659386e+00 2.473008936249055409e+02 8.531212557202292146e+02 1.022817383657633741e+03 7.987142506427625221e+02 1.328031439179211702e+03 5.383815180165725522e-02 4.704952415208850312e+02 2.593556750263361437e+02 1.862130724069025689e+02 5.725302919723587181e+00 0.000000000000000000e+00 5.815993532514501112e+02 3.627775736636935733e+01 2.936209047993119157e+02 8.868951872044225411e+02 1.397043990352513447e+03 1.939977144847754857e+02
7.793528772284842034e+02 1.355448133700761900e+03 1.246417903233739679e+02 9.090919363998746121e+02 2.113970215109248485e-01 1.766333836458837823e+02 6.109622043157751250e+02 0.000000000000000000e+00 2.970622687462470140e+02 1.468023555799592486e+03 3.155982478741864483e+01 8.272053478850705233e+02 4.657819664714430701e+02 1.504520937754165971e+03 1.324159500860730532e+03 1.094316378273485952e+02 4.128611722816775682e+02 7.811513964693116350e+02 0.000000000000000000e+00 1.517089586940340268e+03 1.447333285284017057e+00 1.136073472188840469e+03 7.448105565413965223e+01 4.677664511799320044e-04 0.000000000000000000e+00 1.367480251295875632e+03 1.177228300518695505e+03 1.706879283560831198e+02 3.117351832385748480e+02 1.461713461698861920e+03 0.000000000000000000e+00 1.770061109921250363e+03 4.753383408836650119e+02 1.552936288104905884e+02 5.906821258285629739e+01 4.553556001207118697e+01 3.310389135050956497e+02
1.792720938367940278e+02 5.592325335774322070e+01 1.413614583044570105e+00 6.578005777101243439e+02 1.743340185862022906e+02 2.923622629605213774e+02 5.519056672185522530e+02 1.493294447139885506e+02 7.052780402921954419e+02 5.047114468276067782e+02 1.851404165530623303e+01 0.000000000000000000e+00 1.410449384398439199e-01 4.012157607903175744e+02 8.264840402323612167e+00 1.308812116432895891e+03 5.704533210684998039e+02 5.078693564809784533e+01 3.585951322524903162e+02 8.270401341988764443e+02 9.631146962465232946e+02 4.494741632324539893e+01 0.000000000000000000e+00 1.583054348387347545e+03 1.128228364270689781e+03 5.102684336977567909e+02 1.881388271317182159e+02 8.083451329367620701e+02 0.000000000000000000e+00 0.000000000000000000e+00 2.016175031069245449e+02 3.625219512480294948e-01 2.817126436679675408e+02 1.136748812250157528e+02 1.023411714988035328e+02 6.890874244859497821e+02 6.316083560657848466e+02
5.068118866713657411e+00 2.059092943385413719e+02 1.465966773023264977e+03 8.642119876201536499e+02 1.321388513318953528e+02 1.063330541459749156e+03 5.765184147402826511e+02 3.872807055838047745e+02 1.258931955904154023e+02 2.473187876699595051e+02 1.054206597805429283e+03 8.630581866037179850e+01 1.116339098242602859e+03 9.258103096747889822e+02 1.390457415009010163e+02 2.105518301103548495e+01 1.628199799517180395e+02 3.822516987193572646e+01 5.917398414996923748e+02 7.792630382638210396e-01 9.887558282256011353e+02 2.016307749080257228e-01 7.669274465144933401e+02 5.481688123015487690e+00 2.603236430622341686e+02 6.246375103617143623e+02 2.712664699610789754e+01 9.486208643995386325e+00 1.520598958405082080e+01 5.790619144000570486e+02 6.267854465058757540e+01 6.589129411805112113e+02 6.445719233158541783e+02 4.671153119473990145e+00 1.220241602186645650e+03 1.391495387908507610e+03 5.319774149483396378e-05
8.243167645608663179e+02 2.227417876810230957e-01 1.543602812687960068e+03 6.045990142474955142e+00 3.914725153950175240e+02 1.329778040164220840e+02 2.042823697342284675e+02 5.880726889315998278e+02 3.383120065274838595e+01 3.920364430200140191e+02 9.261157649938394343e+02 1.129473213087154818e+03 1.395284385899383608e+02 9.368048916632068313e+02 4.497508218490929153e+02 2.934338793921981220e-08 6.619002728873717842e+02 8.183651564936529894e+02 1.234630343116745053e+02 1.610091057594439974e+02 1.590792345413997282e+02 1.191624975921979740e+03 2.081517629448603302e+00 6.135858154278315624e+02 6.668935328446524125e+01 3.618200240367310272e+01 1.511152927260004901e+02 4.247485015778524371e+02 1.294046839795554149e+02 6.310236989126759966e+01 5.230853752906177760e+02 0.000000000000000000e+00 3.285144791389078733e+01 1.226915077212136040e+01 1.832323395206244987e+00 1.304281612058909559e+03 5.287975875571681854e+02
2.433814811067218784e+02 3.780395340556273709e+02 1.117861288404367315e+02 1.515662643018908113e+02 5.166607030044191307e-01 7.411506704946658601e+02 1.369492707406678846e+03 1.065383178874759778e+03 2.633529142658081810e+02 3.533018930921724063e+02 3.218907714890853526e+02 4.921507234637929287e+02 3.141247448288980308e+02 1.087231042165634776e+01 3.401689948804541359e+02 6.558680375237556746e+02 0.000000000000000000e+00 1.278373968247539461e+00 5.126718825640224395e+02 3.274545675399488687e+02 8.026378024982320767e+02 6.380469814445111751e+02 1.193904686734024168e+01 2.763610827040378695e+02 2.632808751318211193e+02 1.245999115090292889e+03 0.000000000000000000e+00 7.174192415873131949e+02 3.688274325931687940e+02 1.567527408392164201e+00 1.999039657488443424e+02 4.728969949892302793e+02 7.406667129863953960e+02 6.495402946144901435e+00 6.357242125593822948e+02 0.000000000000000000e+00 5.514227588646117795e+01
4.031726584867511676e+00 9.298296492812324621e-02 1.381944818918515239e+03 6.001366713566387716e+02 1.644659973619908442e+02 6.778238014249156507e+00 3.268107725671686836e+01 4.304030959294512826e+01 9.568666715747880289e+02 3.722852520319708560e+02 1.436780500456054988e+01 1.748529395386986351e+01 9.646385793406543598e+02 5.867690449383925397e+02 1.435916670831997237e+02 0.000000000000000000e+00 1.605225540870025043e+02 2.284922932290469646e+02 7.626378895676542147e-01 4.045834115003319198e+01 1.323128804522018299e+03 1.514089831201004017e+03 1.786190888932125187e+00 1.311005690112772982e+03 0.000000000000000000e+00 1.014446641490818593e+03 0.000000000000000000e+00 5.047528331859999753e+02 2.700478665597150894e+02 1.781110664786738766e+02 1.705952895016575610e+01 1.472976454505937616e+00 2.205822605093057689e+02 5.686854444985785904e+02 1.371926392520894296e+03 2.372194358503593037e+02 2.269654621388897908e+02
2.862338916214188203e+02 4.577905351752287544e+01 6.742957645805937545e+02 2.583471407689227703e+02 9.949368147453880056e+02 1.334606438639964381e+03 2.025018384009473493e+02 9.972838731419441274e+02 1.049400458458279900e+03 1.237377149265002600e+02 8.417079524865189342e+02 3.166578923078868790e+00 5.345731568358421555e+02 1.402105922633934654e+02 2.815799812294940807e+02 4.229454087911885374e+00 1.132207943272620241e+03 8.468782358518625415e+02 9.440438079086629841e+02 1.062783724530803738e+03 2.233972263293993024e+02 5.976086179552082740e+02 7.209498185432713369e-01 8.464605347172592928e+02 7.004340005766622426e+02 6.023344347520599662e+00 2.156434686641476333e+02 6.051675282966004943e+01 6.526210622359159830e-01 6.327760243312997090e+02 1.511335779072895775e+02 2.694729707666044405e+01 9.535796143668990510e+01 0.000000000000000000e+00 2.865963984462005669e+02 2.000025323130756192e+02 2.091219065594454207e+02
6.836626910508849164e+01 0.000000000000000000e+00 4.683675261915396248e+01 8.324000035537126223e+02 1.317264963657185490e+03 1.643748022849212020e+02 4.312211449265461169e+02 0.000000000000000000e+00 0.000000000000000000e+00 7.786603171059629176e+02 5.242483716130740277e+02 2.147754679775788844e+01 8.198239943564891519e+02 1.973541592911813325e+02 8.268082473099256049e+02 3.443268771871620402e+02 4.754386243742258600e+00 8.649119696255586405e+02 8.077150446794368008e+02 3.377334756645727794e+02 1.278455859168855682e+02 3.105568185956971661e+01 1.596057282663709429e+03 4.541602174202217839e+02 1.091254112499369967e+03 0.000000000000000000e+00 4.501259235500809197e+00 1.256912827262307701e+03 4.246569894407098977e-01 8.005038844444335382e+02 4.476772968995859401e+02 8.320555613213091419e+02 5.822249651860344244e+01 2.008973759597452258e+01 2.639718516347604691e+02 1.154883571263689873e+03 1.631590163414718830e+01
2.389654154761852567e+02 0.000000000000000000e+00 7.553912886244938818e+02 2.376603449946978515e+02 5.675637078671105940e+01 1.146444431116062106e+03 6.073114660374891400e+02 7.499880625435146158e+02 0.000000000000000000e+00 1.592421047873168845e+03 2.824737398971225844e+02 1.697365038611851062e+01 1.121066528443389188e+03 1.398101225151330596e+01 9.614194016446151636e+02 8.690755223739101893e+02 4.502123881518755866e+01 1.118284788991915635e+00 6.034499096247822081e+02 9.786025722073912902e+02 1.775030911744787090e+03 4.162803274044730301e-02 2.879464792099561805e+02 1.404517606385907698e+02 8.713742373697102721e+02 1.817983047772332839e+02 2.501696250336424399e+01 4.808800669306625974e-01 2.263188842547004640e+02 7.318749843637532422e+02 8.922806993534053390e+02 3.192565878775005785e+02 5.062444723071498629e+02 1.198755027648186022e+01 1.948694662574524372e+01 1.187383745145059493e+02 8.637731008872531646e+00
6.699941462281133226e+02 1.866085560424801315e+01 5.275857356816121069e+01 4.405197513594008285e+01 9.256950913945145203e+02 7.496838443715723770e+02 1.580375324386583680e+00 1.430791537814623098e+03 4.623592765232176021e+02 5.687815913754943331e-01 1.812508134435875604e+02 8.690748027576580625e+02 5.988593533826611974e+02 1.340002746602537975e+01 7.507719018255867240e+02 9.838740687753412431e+02 4.734472438846761406e+02 6.331585881400374092e+02 1.400948521726959086e+02 1.143091596717327775e+03 0.000000000000000000e+00 1.249851666335280925e+03 3.467804964290371328e-01 1.843994934436647384e+02 7.847759275410834334e+02 1.176328903658084641e+02 5.719385359702071980e+01 1.023909876068728636e+03 1.524846834929084480e+03 0.000000000000000000e+00 1.709622701646244991e+02 1.023535620396228978e+03 7.897341388746499433e+02 3.037913690945250877e-01 6.545033110988716771e+02 5.404159358872033181e+02 1.795300002395304162e+01
