output/example/lateral_incision_000279.asc
nrows	75
cellsize	13.33333333
xllcorner	0
ncols	75
yllcorner	0
NODATA_value	-9999
[rows 17 to 33 of 75, columns 37 to 73 of 75]
5.252845307131385653e+02 3.700503619759388698e+02 7.128391785991947245e+02 0.000000000000000000e+00 6.463093796727822564e+02 1.462057755711747404e+03 4.759424538264975126e+02 1.007683680723818156e+03 0.000000000000000000e+00 4.866884700520131446e+00 1.458867549947145335e+03 3.237138038981559021e+02 1.393884630146440486e+03 1.498034463377180714e+02 1.210027959703442377e+02 7.840299678267589343e+02 9.753364327560697120e+02 1.986593392459867857e+02 5.361651012280022854e+01 2.256408297871427635e+02 0.000000000000000000e+00 5.809880323525866288e+02 3.416941833050977380e+02 8.780722499478949672e+00 4.612499468497500699e-01 3.535550173308039490e+01 1.963109777071944109e+02 4.810103018064583580e+02 9.212498476308516615e+01 1.943826069718144709e+03 1.513826236330749225e+03 0.000000000000000000e+00 7.664008261387680250e+02 3.600604046927354602e+02 3.800887567233498316e+02 4.292769814418508076e+02 4.532776352637952186e+02
4.150905230861599016e+00 1.639171194366683543e-02 9.631909795642078507e+02 1.974501182846478855e+02 0.000000000000000000e+00 1.520200864709821644e+03 1.471821109686522675e+02 1.348916087940779773e+00 4.680418239226384891e+00 1.228833473193976289e+02 3.806217263232307459e+02 9.856572960307579478e+01 1.106543015558803745e+03 2.145202313976628616e+01 9.262222572379499752e+02 0.000000000000000000e+00 1.196129398897399341e+02 1.451268536081066074e+01 4.400233901340431686e+00 9.487618863759336136e+02 3.913866335381819681e+02 3.312748873901399520e+02 5.450261933632826583e+01 3.068608666445097111e+00 0.000000000000000000e+00 1.129678110028930178e+03 3.535047805896378748e+01 2.126300092713163448e+00 8.612105777166240159e+02 3.495637038964861745e+02 8.421784442487714841e+02 1.037500549078031131e+00 1.916482656770394044e+02 3.721990573145100289e-01 0.000000000000000000e+00 1.273520821705846799e+02 7.472072341026320146e+02
1.909691136963782843e-01 6.887505029441237880e+00 3.022643120658046190e-01 1.056117070205014670e+03 1.835628425233105645e+02 3.639569585586981049e+01 3.952002049038358678e+02 8.374498883234961113e+02 3.238206405881020089e+01 7.723925509660703028e+02 1.539757165819615921e+02 2.685392387809898551e+01 8.063114285922362114e+02 3.493062575435280337e+02 1.096629268314889032e+03 4.836345177529657491e+01 5.015723231647991609e-01 8.467784542479873835e+02 1.039752840735209993e+01 1.910263830687643178e+02 5.034493838739654166e+02 2.445526810949802723e+02 5.030323951510729330e+02 6.787770575048242563e+02 1.469057872740325621e+00 5.038816736611424290e+02 1.027649706457964669e+02 7.564688625244677667e+01 2.704373220378755605e+02 1.196807978195345640e+03 9.499386612387435207e+02 3.519444338667184979e+01 1.213879016271439014e+03 8.135277414467696477e-01 4.870194134379358388e+02 2.510060769579320450e+00 9.572110137600824229e-06
2.168185180887292063e+01 1.667645291498640745e+03 1.189887977380306438e+03 1.523144863490469847e+00 1.028799154441322514e+02 6.906714270891731289e+00 1.500841305161359855e+02 1.246245812786287388e+03 4.195053900063800825e+02 7.211089907112486799e+02 7.052495013403007533e+02 3.886807505926515915e+01 1.174072832809117926e+03 8.216079586796683998e+01 1.286973200948649065e+01 9.108976358073045958e+02 2.458164111545950092e+01 3.064044888443548871e+02 1.962667154907953488e+02 1.077219049837969678e-01 1.382046393747009461e+03 2.764319752085752953e+02 8.697026255229320668e+01 7.997201058014516093e+02 2.294022093579112520e-01 5.775045418162301303e+02 2.179493072706917722e+00 4.758869814242945608e+02 9.756760266232029153e+02 2.261611292850079735e+02 8.124100864706206266e+02 3.691629752774623796e+00 5.276473328510242027e+02 1.173771964368000681e+03 6.780685284681688074e+01 1.419196698984304703e+02 1.819372725014626369e+01
1.036022522552923647e+03 9.774415754795185194e+02 1.664142417038792019e+03 8.193412503849026507e+01 1.534153399770619899e+03 1.432173575328257584e+03 1.472592394154946192e+02 0.000000000000000000e+00 4.501407448017292836e+02 3.862040524785905404e+01 7.222379161417019304e+02 6.610902636987086680e+02 3.295420146529600629e+02 1.399109719392299667e+02 2.916808423264104135e+02 4.323417307065609521e+02 7.366560926964329781e+01 4.119220949719480984e+01 2.327634773449368311e+02 1.088658246831817905e+03 2.929145518746766874e-01 1.248277038678077133e+03 9.737096819149745670e+02 0.000000000000000000e+00 7.075812703834945978e+02 9.072065622422976503e+02 3.469706415524005365e+02 2.272804850794884999e+02 1.854037132377254482e-01 3.870768687284780185e+02 1.470271396268846047e+02 1.164372390318954897e+00 6.268316307335663140e+01 9.603303902813166815e+00 3.216569962181588238e+01 9.906967426525444154e+00 8.393135823445272763e+02
0.000000000000000000e+00 1.407517315507334843e+03 2.514130643252636617e+02 8.706321075358290784e+01 2.523256010529551645e+02 1.388403135106653508e+03 3.362087832559501521e+01 9.100077339867531236e+02 4.439186298646495388e+00 1.855324591457896020e+02 9.040965128550187968e-02 1.305747780444582133e+02 1.765982354765870070e+02 1.095991023231026247e+03 6.862645655484529925e+02 1.322198892576447861e+03 3.888467214361338051e+02 4.955672912618163650e+02 1.614063234119092613e+03 2.198697287966343083e+03 1.349194288687154767e+03 6.439828963716860244e+01 2.965682011536066587e-01 8.598705559101941844e+02 1.420855511961853153e+03 1.711669380945453733e+00 2.733337859360655102e+02 6.863174772351361526e+02 6.954829357743730043e+02 1.039023483486353371e+03 2.965952253979608955e+01 1.578203284379273327e+03 8.047405020426439251e+02 3.285167347475321549e+02 6.610376950901580813e+02 5.571965891518082969e+00 1.075541176943965411e+03
9.279170301077742522e+01 1.090956531888174140e+03 5.598895430771154906e+02 9.252295017821484180e+01 3.647913217349624815e-01 3.908975494803870276e+01 9.791835472036842702e+02 3.732104970089922062e+02 1.101955667593568933e+01 2.660004831134157257e+02 3.660656684800800349e+02 1.165437387424673510e+01 5.397644353770696171e+02 1.208517934290125822e+03 9.363736643213267143e+02 3.616454507964683529e+01 6.073524346803594653e+01 4.789750354689377332e+02 0.000000000000000000e+00 2.481015562916716135e+02 3.046004365749810177e+02 0.000000000000000000e+00 1.661665123585843276e+03 7.087910778504571851e+01 8.721662050211735959e+02 2.391969386729684857e+02 6.297123618676723211e+00 1.053894308812676073e+01 8.220045229997459728e+02 5.499954132376378979e-01 1.515359649305360108e+03 3.323436040383548402e+02 1.684949583668022228e+02 1.172634101111246991e+03 1.101056311364381827e+03 3.476242000089336557e+02 6.083088999585415877e+02
1.469142978568374701e+03 2.703518621298092484e+01 6.409661115895437433e+02 3.442671716089166694e+02 5.998221408545829547e+01 1.001311992176218610e+03 7.829876894822472195e+02 3.221594672421159657e+02 2.133589388388711683e+01 3.533502286965785970e+02 1.973798008851104271e+02 2.606001635352628796e+02 7.096056649070696665e+01 3.920143829488528127e+02 2.211648846948916685e+02 0.000000000000000000e+00 1.278764782164232656e+02 5.279416333520354101e+02 1.261716443820051436e+00 1.131451238090530978e+03 7.965582037674405456e+02 5.298489926812359307e+00 1.179547279197463013e+03 5.726334588695825687e+02 1.759871996158672403e+01 1.651056857357408262e+03 5.834476095370317807e+02 9.188763676203350883e+01 1.178132911835490177e+03 8.989369094485653022e+00 0.000000000000000000e+00 3.219196110108081825e+02 1.195323252755992272e+01 1.432862947634785996e+03 1.016467398313830245e+03 1.577622242762886344e+02 5.055578595976587053e+02
2.763741092645053072e+02 5.705975310462744687e+01 2.033922367821964272e+01 3.935767075703865459e+01 6.921453336699984504e+01 1.452183281710732899e+03 1.341248320869789040e+03 4.142715103801688770e+02 1.185712539414814501e+03 0.000000000000000000e+00 2.030363521607382893e+02 1.642100343923691753e+03 7.009072882800069237e+00 1.491042667301430242e+02 2.236395525308034848e+02 9.282222650793909224e+02 2.937129153662219778e+02 1.000737515463566297e+03 7.549473657639432567e+00 6.928662820375051545e+00 1.452435636626388943e-02 4.586267393703595872e+02 4.311860228220411386e+02 1.528849902427802817e+03 9.651567507622578432e+02 3.035899612614545262e+01 9.828443684682549701e+02 5.274241257064757065e+02 1.383689131989549992e+01 1.410516516855981763e+03 6.529172260949401618e+01 8.167102147990145795e+02 4.794316200640467969e+02 8.616590468665314972e+00 9.091123577938924782e+00 0.000000000000000000e+00 7.058549502514179039e+02
5.068118866713657411e+00 2.107845214706124466e+02 3.482017758290406846e+02 3.225406785216341063e+02 2.439870407507368384e+02 8.926705538668062445e+02 1.138705456203972290e+03 0.000000000000000000e+00 6.575526650770091237e+02 4.733027437037098935e+02 0.000000000000000000e+00 1.052186905903618026e+02 2.599874688834872813e+02 5.170699287448186396e+02 0.000000000000000000e+00 8.565487202454092994e+02 3.913093577632147912e+01 4.286466476310480544e+01 3.334748410022756104e+01 3.375687484824622970e+02 2.833914010615910684e+02 2.711591712452682259e+02 5.178465552253227315e+02 4.363499037519046055e+02 1.170636058541792295e+02 8.175415176217895805e+02 1.251015486441552298e+02 3.069693556904070775e+01 9.379003553448958996e+01 5.617951471011941749e+02 2.239040194004213333e+02 1.255563119725748948e+03 4.343682823314355801e+02 9.192524400995366705e+02 9.657879821221221164e+02 6.478705784979592863e+02 1.389155410487506117e+02
6.035071354778322075e+02 7.180214159086804102e+02 1.768946958931961078e+01 2.525164517065998666e+02 1.670498675512624516e+02 3.560463029731899383e+02 1.285221643780051863e+02 8.951321398760164527e+01 1.052973198182967423e+02 7.732381901995023554e+02 5.670005957340605640e+00 3.898395306758551015e+01 4.252607871806516187e+02 1.486198377270720794e+00 2.792603088798117028e+02 5.874501131483326333e+01 1.076962645435094373e+03 5.680239845424371197e+02 0.000000000000000000e+00 1.193377967407626841e+02 7.993674572435812706e+02 7.892323477468466990e+02 1.177827795650308644e+02 1.551889777120219360e+00 4.086200243121331255e+02 1.049995825551173311e+03 1.384868829092982651e+03 3.681683573808691268e+00 1.368361108033540631e+03 7.491866999991569855e+02 0.000000000000000000e+00 4.229352567512361816e+02 4.410209741498011482e+01 4.904775549378875894e+02 4.549640330832736481e+02 1.117759841271760166e+02 8.106205849729750526e+02
8.142996723755739197e+01 1.077884575471602346e+01 0.000000000000000000e+00 3.941961446818520471e+02 7.763280652665673642e+02 4.410259830733739932e+02 1.636882776263542496e+02 0.000000000000000000e+00 2.054892329355735399e+02 1.026661375368634481e+03 4.645162261634337710e+02 4.254393429753360465e+02 4.628246745056634381e+02 8.385563195195675235e+01 9.229977413304981155e+02 6.907690936349662252e+02 5.357727138077688096e+02 2.022888329897219535e+02 4.666478602957878365e+02 2.337001953010448929e+01 2.763044315120912198e-01 1.165140837040511769e+03 8.217997438494929696e+00 1.085012842192043259e+01 1.828703881971732983e+02 1.324741275964851006e+01 9.279816721620452427e+02 3.318570516360195199e+01 1.310963988622664601e+03 1.106693766910505701e+03 6.379365010814004755e+00 2.277729455818057858e+00 5.764259972150588283e+02 4.526063245708455156e+02 6.611423547626294521e+02 1.069526747202347750e+01 5.486897331471254802e+02
1.502174223077752657e+01 6.832839281750713099e+02 3.277106983084673857e+02 1.069977771783395838e+03 1.416091000758644668e+03 3.509567356920251058e+01 2.959194623737376073e+00 3.681585166263514619e-01 3.259847073100523289e+02 1.386173290395290223e+03 1.051429267539826640e+01 6.743566122635739930e+02 1.291220142906015766e+01 1.795954086565569412e+02 3.301468795630120923e+01 1.020995042743066819e+02 6.506987985691176846e+01 6.865324148100113710e+00 7.575515803831136097e+00 1.638977049920125353e+02 6.690491952177006851e+02 1.169859718900161170e+03 4.579336867429183826e+02 2.018112418975312607e+02 0.000000000000000000e+00 2.940993259074773505e+02 1.050762425244479772e+02 3.585864500897709028e+00 9.629751634113752061e+02 1.085254923072493739e+03 1.158673232757877031e+03 1.757456698146413032e+02 1.103623965006742992e+03 2.720211045060058268e+02 0.000000000000000000e+00 7.566568016495823485e+02 2.913167867049787363e-01
1.844269123712730973e+01 1.456086942510708013e+03 1.118451731488713449e+03 0.000000000000000000e+00 1.551535537663138564e+00 0.000000000000000000e+00 6.863092378078750926e+02 7.957221524457049782e+02 8.764576608373705824e+01 1.327091928797048240e+03 2.411679518078586049e-01 5.761972322809275511e+02 2.595337395266504359e+02 3.939390411006155546e+02 4.777651405538563267e+02 1.569522594197500531e+01 4.429339897291279726e+02 3.808734073685899943e+02 1.582523678542758603e+02 7.579790230830827795e+02 1.315816967216769058e+02 1.672860765155658385e+02 9.929896950057641902e+01 6.231065496568805884e+02 1.217197863932635983e+03 0.000000000000000000e+00 1.340602596431136362e+03 8.726361877526729316e+00 1.496931662915054346e+02 1.288879682875496655e+03 1.380066311036315341e+01 3.051220942138908043e-01 1.043774648416679383e+03 1.324339316722467004e+02 8.996544708329165587e+02 0.000000000000000000e+00 5.517506361707887663e+02
1.356997098380271325e+02 1.347025263464973648e+02 5.800544771692770496e+01 1.550697015515734165e+02 1.245027196461262974e+03 1.125221746049669491e+03 6.252841423150933906e+02 7.417278974274564689e+02 1.359780796211440475e+03 0.000000000000000000e+00 5.192068860560415260e+02 4.918884139815037138e+00 4.080205271347378471e+02 1.613362652674108858e+03 4.707459476022957290e+01 4.768562497543100964e-02 1.007289550341432232e+03 5.117102832016266589e+00 9.380786443951352567e+02 4.983091785313979472e+01 2.470042256460568808e+02 1.001442260222745375e+02 8.589611832349929728e+02 1.790261187693593881e+00 8.877722294697534835e+02 1.226866675310454639e+03 7.814422508735395922e+02 3.045406798767038570e-01 9.448173988692948342e+02 9.586894207122156786e+01 2.037302502717111565e+02 1.393766724136162338e+03 0.000000000000000000e+00 4.634480108639754690e+02 6.377655916759110255e+01 9.619235980040336926e+02 1.631590163414718830e+01
1.062043051617233402e+01 8.061667860688521614e+01 8.886852897477645286e+01 6.421521557982025570e+02 1.003496541374222943e+03 4.075351515565363014e-01 0.000000000000000000e+00 1.060594872157185051e+02 1.545171840383695496e+02 1.657827058161803961e+03 1.094523172176994907e-01 1.319116400584651728e+03 1.315648287600950880e+03 2.327326847490146540e-07 1.439950576681658049e+03 4.125410649575221100e+01 8.154550663824969661e+02 8.194418896237644745e+00 1.160101584842060447e+02 1.666157034533904948e+02 1.136687025946484937e+02 4.342167641575239259e+02 5.414906207686652806e+02 3.282173085754322983e+02 0.000000000000000000e+00 6.932156517153955200e+00 7.984282182381049324e+02 1.634148677499159064e+01 8.543142616228595898e+01 4.366952409784043425e+02 1.539684042378989091e+02 1.381991041742515108e+03 1.368639364434572599e+03 9.201495725248126973e+02 4.035664582329264931e+02 3.725552560109980504e+02 1.268780998656940717e+01
1.074849203068341268e+02 4.511339182197031761e+01 5.969903618680330055e+02 1.365497369234205678e+02 2.959219361402325035e+02 8.297883486447140911e+00 3.043409692121572903e+02 1.936053734882696631e+02 1.252464157215909211e+02 2.099595139799164123e+00 7.347583764226449148e+02 9.098314355832334286e+02 6.285360565230859038e+02 1.789968845046920194e+02 2.512392446265894250e+02 2.139523306075256759e+00 0.000000000000000000e+00 1.131430508777593104e+03 1.041612355481255690e+03 6.630160671598825957e+02 5.404117602196896541e+02 5.756133149183144724e+02 5.753616625285858390e+02 4.141731384167999153e+01 1.340946327918240513e+03 1.109566566160028287e+03 0.000000000000000000e+00 2.725093382196843663e+02 2.215913680673367914e+00 3.434823990512875298e+02 7.321011615090216083e+02 2.611449881462776261e+02 4.262707762224492853e+02 8.504443534369289637e+02 2.067226016483323008e+02 1.081410952668994014e+03 2.761067150465295867e+02
