output/example/lateral_incision_000286.asc
nrows	75
cellsize	13.33333333
xllcorner	0
ncols	75
yllcorner	0
NODATA_value	-9999
[rows 17 to 33 of 75, columns 37 to 73 of 75]
1.490128547035261590e+03 2.390125334244704192e+00 7.896281658718639846e+02 0.000000000000000000e+00 6.463093796727822564e+02 0.000000000000000000e+00 4.759424538264975126e+02 1.381080169215929345e+03 3.092939977208611246e+00 4.360379621487442137e+02 3.995375593301990307e+02 0.000000000000000000e+00 0.000000000000000000e+00 1.983210574030729276e+02 1.219972676921034207e+02 7.840299678267589343e+02 9.753364327560697120e+02 3.108399765983889438e+02 2.553568226389915026e+02 6.467719348223973839e+02 0.000000000000000000e+00 5.809880323525866288e+02 3.416941833050977380e+02 8.780722499478949672e+00 4.612499468497500699e-01 3.535550173308039490e+01 1.963109777071944109e+02 4.810103018064583580e+02 9.212498476308516615e+01 7.494818207884378580e+02 5.865240621304756985e-01 3.888697811887121247e+02 7.787710701245291602e+02 3.600604046927354602e+02 5.981842932713919936e+02 4.983362145116394117e+02 4.532776352637952186e+02
1.266663871308722719e+03 7.032084795298360724e+00 9.534951710625319876e+00 2.241796011040060819e+02 6.364600340511220367e+00 4.467940123217805093e-01 1.472394484102244121e+02 1.942115161284083058e+02 1.613142575305627346e+01 2.602154949759151918e+02 6.275510837665060535e+02 9.856828123467892055e+01 1.737210587827807331e+03 1.067031254133021889e+02 9.262222572379499752e+02 0.000000000000000000e+00 1.196129398897399341e+02 7.046756301751383944e+02 8.095531335551031304e+01 1.269960037832057424e+03 3.913866374192740523e+02 3.312748873901399520e+02 5.450261933632826583e+01 3.068608666445097111e+00 0.000000000000000000e+00 1.129678110028930178e+03 3.535047805896378748e+01 2.126300092713163448e+00 8.997137017580723750e+02 7.015813872810593921e+02 1.664880711729582075e+00 7.256976001809155150e+02 8.690600743846349019e+01 1.697461296537893816e+01 0.000000000000000000e+00 1.353911689422712072e+02 7.472072341026320146e+02
4.410471499983595578e+01 1.278427683564448444e+03 5.031209592654422522e+02 1.416775241979752991e+03 1.958251054229250485e+02 3.810885180341703915e+01 3.952002049038358678e+02 8.832757226405948359e+02 3.268327207797140943e+01 8.103631758834180800e+02 2.590033415184998375e+02 1.491821138481377602e+02 1.173888220110431702e+00 3.688317163624928980e+02 1.096629268314889032e+03 4.836345177529657491e+01 5.015723231647991609e-01 0.000000000000000000e+00 2.145101669998492966e+01 5.908152488924652062e+02 7.636665306616308726e+02 2.501108409701648725e+02 5.030323951510729330e+02 7.937824014665046661e+02 5.948103567905204336e+00 7.920965230268279811e+02 1.027649706457964669e+02 7.769837472350218377e+01 2.704373220378755605e+02 1.493667450298997210e+03 6.495158101866340683e-01 1.484401117682338054e+02 6.730498991261645187e+02 1.206104287560522792e+00 5.858686449126938669e+02 2.510060769579320450e+00 9.572110137600824229e-06
9.366831871403398964e+02 1.412859397676060098e+02 0.000000000000000000e+00 1.870446307159919570e+02 3.277314787132125957e+02 1.159688176174810224e+02 2.110761027757319255e+02 1.262691784548352871e+03 4.195053900063800825e+02 7.211089907112486799e+02 0.000000000000000000e+00 7.576832072003416840e+01 1.413652154364274161e+01 8.247771472346440191e+01 1.286973200948649065e+01 9.604531041789512074e+02 1.110719684909936404e+02 4.995633847023568137e+02 8.696635138056360574e+02 1.619414252009157735e+02 7.733930553055039354e+02 9.649288545490480828e+02 1.117907229154130562e+02 1.185785629644020219e+03 2.294022093579112520e-01 0.000000000000000000e+00 2.179493072706917722e+00 4.758869814242945608e+02 1.062910426192638397e+03 5.308337156773108063e+02 9.680483358575456165e+00 1.412894919392502288e+03 1.705474211013814056e+03 3.977713737363380346e+02 5.103938012803070023e+02 3.325908455473123126e+02 1.819372725014626369e+01
5.048332328450718478e+02 1.031603724371656426e+03 1.515707822743105680e+03 2.139505526975525527e+02 1.434409517141892820e+02 0.000000000000000000e+00 1.844837461152910976e+02 0.000000000000000000e+00 4.503275654654601681e+02 3.862040524785905404e+01 7.222379161417019304e+02 6.621275794779668331e+02 3.309496315330477501e+02 1.399109719392299667e+02 3.035469064377643917e+02 5.053311721675105446e+02 1.469092348997862700e+02 1.642304832966503341e+02 8.369394104921242388e+02 1.596971090512917328e+02 3.636364997236594832e+01 8.846608619524163331e-01 4.492739124153201828e+02 3.224059932649705615e+02 8.921011040120901043e+02 9.072065673287456775e+02 3.469706415524005365e+02 2.272804850794884999e+02 2.118058942548484147e-01 8.596272193424263151e+02 5.281160340493642025e+01 1.809638829804799229e+02 5.625719092594918891e+01 1.497625762830129759e+01 1.711271270670318358e+02 7.880485902368992868e+01 8.393135823445272763e+02
1.503315155306690656e+02 4.850098402886318105e+00 7.688489150337845786e+02 9.894665165864299183e+01 1.187638713939864147e+03 2.845692478639995784e+02 3.362087832559501521e+01 9.653397097084636016e+02 4.439186298646495388e+00 1.855324591457896020e+02 9.040965128550187968e-02 1.305747780444582133e+02 1.765982354765870070e+02 1.095991023231026247e+03 6.862645655484529925e+02 1.498666560988113361e+03 6.582724323703409937e+02 8.363799440535674421e+02 9.551006404990655119e-01 1.076773127592459645e+02 1.357005065747067647e+03 7.715964585098518000e+02 2.581396668780732284e+02 2.441119687916605585e+02 3.636223018101867410e+02 1.893855844001695266e+00 2.733337859360655102e+02 6.863174772351361526e+02 6.954829357743730043e+02 9.476716311241169706e+02 8.947618117800236348e+01 5.625090804253391070e+02 2.045692291383017505e+02 7.331295590507368161e+02 7.828746129597863046e+02 4.397438194184719151e+01 1.075541176943965411e+03
9.303467309317058209e+01 1.503689852929252311e+03 7.677953132176420468e+02 3.983182915391287793e+02 9.687442566500978458e+00 1.471918550807664872e+02 1.084861338924682059e+03 3.732104970089922062e+02 1.118204544490613372e+01 2.660004831134157257e+02 3.660656684800800349e+02 1.165437387424673510e+01 5.397644353770696171e+02 1.208517934290125822e+03 9.363736643213267143e+02 3.616454507964683529e+01 8.098411189217094375e+01 4.789750354689377332e+02 1.209812586601814246e+02 4.742299219790635902e+02 3.999366772050878467e+02 2.396278204778611496e+02 1.309738275034269691e+03 2.036651427399667966e+02 4.522053480146852849e+02 0.000000000000000000e+00 6.297123618676723211e+00 1.053894308812676073e+01 2.025879116918836473e+02 4.137425260916062371e+02 5.383303275474082028e+01 5.832149345666864519e+02 7.824451353181349305e+02 1.364668708315409276e+03 1.101056311364381827e+03 3.805581357339988244e+02 6.083088999585415877e+02
5.449389934666604596e+00 9.440983195006067774e+01 6.468625697374588981e+02 3.938493264326287431e+02 1.647070040793009866e+02 1.288734213365695041e+03 7.829876894822472195e+02 4.745204826046684161e+02 2.133589388388711683e+01 4.721803844633934659e+02 1.973798008851104271e+02 3.006380297132132000e+02 9.246427016790380549e+01 4.142870675253666946e+02 2.211648846948916685e+02 1.960305358462037351e+00 1.278764782164232656e+02 5.279416333520354101e+02 3.207010976119303969e+00 1.419295836169965924e+03 1.146971538221518813e+03 8.223217986725176232e+00 1.106909787371063771e+02 2.120660285698526195e+02 3.546880059970347787e+01 1.269253348213155732e+03 1.026169646455110751e+03 7.787114302324706614e+02 4.468940132009744843e+02 3.629106424913618412e+02 3.185203084619931957e+01 1.665949816020127628e+03 1.231767224283458262e+01 8.783563981616646643e+00 1.380205837364200306e+03 3.802623416912195466e+02 5.055578595976587053e+02
2.877915203416370673e+02 1.141941385206120430e+02 2.196072450863161762e+01 5.629401318455831671e+01 8.761531125766772732e+01 1.453007571822228556e+03 1.341248320869789040e+03 6.964864107188491289e+02 0.000000000000000000e+00 2.782802654400981623e+02 2.081541778468790937e+02 1.271208126747350491e+02 1.068625148687992663e+02 2.891450778495593568e+02 2.327286146335732724e+02 9.358418206159948340e+02 2.937129153662219778e+02 1.000737515463566297e+03 5.366374290621306642e+01 1.488616691814466897e+01 1.452435636626388943e-02 8.628659243517023469e+02 5.720627430226581964e+02 1.104825910077478966e+03 6.079090561609838232e+02 3.696024141854469747e+01 6.228113695117471025e+02 9.197557394181264954e+02 1.144751446450414960e+03 1.092858745578146454e+03 1.554238944845501402e+00 2.377916186877825453e+02 8.802516044513997713e+02 3.412054543366280086e+02 1.331677848565279731e+01 3.441155972243481465e-01 7.058549502514179039e+02
5.068118866713657411e+00 2.107845214706124466e+02 3.482017758290406846e+02 3.229885164065704544e+02 2.449555472765189847e+02 8.930675178332704718e+02 1.138705456203972290e+03 2.866263846061066261e+02 5.992547968308433504e+00 5.174291153227682116e+02 0.000000000000000000e+00 2.817775036409325367e+02 2.610382737812328742e+02 1.074667563750787167e+03 6.096448432898772252e-01 1.889525646248504387e+00 3.913093577632147912e+01 4.286466476310480544e+01 9.501442669286805653e+01 6.517631166195071728e+02 3.712396569644337205e+02 2.807368644393864656e+02 5.834871212949336723e+02 5.296775045726873259e+02 0.000000000000000000e+00 6.432745696220365517e+02 4.512883093024253611e+00 1.442840913689290801e+03 4.577573255914252854e+02 5.948669263226513522e+02 1.396309582995214349e+01 1.370380095567246599e+03 4.344653565085480409e+02 1.652238719645990725e-06 0.000000000000000000e+00 9.531097678730427560e+02 1.389155410487506117e+02
6.035071354778322075e+02 7.180214159086804102e+02 1.768946958931961078e+01 2.525164517065998666e+02 1.670498675512624516e+02 3.953034764858033441e+02 2.287770263754535165e+02 3.326246948379791206e+02 1.277322259565243030e+02 8.065275994316084507e+02 5.670005957340605640e+00 1.946538828080090582e+02 4.044140230672043401e+01 4.595092266822220495e+01 1.058421722398057909e+03 1.022942565445827938e+02 1.076962645435094373e+03 5.680239845424371197e+02 0.000000000000000000e+00 1.193377967407626841e+02 7.993674572435812706e+02 7.892323477468466990e+02 1.177827795650308644e+02 1.551889777120219360e+00 4.964941649943834250e+02 2.015643426819603519e+03 3.124615186424305193e+02 1.110257937090171652e+02 3.494065799552556655e+02 1.674535779246288048e+00 9.966950088554378908e+02 4.532047674763512077e+02 4.410209741498011482e+01 4.904775549378875894e+02 4.549640330832736481e+02 1.501687403322071361e+02 8.106205849729750526e+02
8.142996723755739197e+01 1.120470942823799021e+01 0.000000000000000000e+00 3.941961446818520471e+02 7.794220912521089986e+02 4.709259685480518556e+02 1.744467835875871060e+02 0.000000000000000000e+00 1.263916207048166825e+03 1.033973259698603897e+03 4.645162261634337710e+02 4.254393429753360465e+02 1.015750803575278610e+03 0.000000000000000000e+00 1.743380209966660686e+03 6.907690936349662252e+02 5.357727138077688096e+02 2.022888329897219535e+02 4.666478602957878365e+02 2.597550619296206165e+01 2.763044315120912198e-01 1.165140837040511769e+03 8.217997438494929696e+00 1.652921764357997958e+01 1.956164282920513813e+02 1.324741275964851006e+01 5.782785244055492058e+01 8.585522604079283155e+02 0.000000000000000000e+00 2.463090410815776181e+02 9.585177660378211613e+02 4.690708528580529446e+00 5.764259972150588283e+02 8.926170236563144726e+02 7.537644375458580726e+02 1.069526747202347750e+01 5.486897331471254802e+02
1.515318572411391926e+02 2.767601281443871386e+01 3.316540268397120599e+02 1.069977771783395838e+03 1.416091000758644668e+03 1.097006099505392598e+02 2.906859560645377201e+02 1.377439425898422485e+02 7.432900668345394024e+02 4.960624051098122891e+02 1.051429267539826640e+01 7.508857661834169903e+02 3.658046482794933354e+02 0.000000000000000000e+00 3.460006917687110217e+01 3.179315702608379866e+02 6.506987985691176846e+01 6.865324148100113710e+00 7.575515803831136097e+00 2.195038095787005261e+02 1.135150414806470963e+03 6.184875406357090242e+02 5.027488126806440505e+02 2.567429195541688500e+02 0.000000000000000000e+00 2.940993259074773505e+02 1.031489196664880410e+03 5.065614523517134558e+02 1.174683797228933457e+01 2.292619963038895605e+02 1.514890989938445045e+03 3.500003263957660806e+02 1.624885164926103243e+03 5.246474127813960422e+02 0.000000000000000000e+00 8.719106956359252081e+02 2.913167867049787363e-01
1.999517262990843491e+01 2.944973026793539361e+02 1.184317265533959471e+03 0.000000000000000000e+00 2.920581698631322443e+00 0.000000000000000000e+00 6.863092378078750926e+02 1.191639074480812724e+03 8.842858678509409742e+01 3.332573958828745049e+02 3.013294693533642885e+02 1.516717567550533204e+03 1.608155547088945809e+02 1.078712250468834554e+03 5.543628721219773752e+02 1.569522594197500531e+01 4.429339897291279726e+02 3.808734073685899943e+02 1.584206340960803345e+02 4.506782863476688306e+01 1.476114201156415220e+02 1.809673907445929331e+02 1.908200253091708873e+02 9.205614050146418776e+02 1.351554051397610579e+02 2.545277578964654452e+01 1.330492973021159969e+03 4.118912447870980600e+02 3.679541507834776581e+01 1.735311143571475668e+03 2.643309485165945105e+01 4.848438864732473235e+02 1.683452754812858984e+03 2.767384208111904513e+02 1.158463822363646614e+03 7.760192770188499567e-02 5.532771029283965163e+02
3.432113158963319961e+02 8.045358454442177845e+02 5.939981828385069207e+01 1.874309018298433216e+02 1.245027196461262974e+03 1.125221746049669491e+03 6.311808498376021817e+02 1.631500830789180100e+03 2.991029153147404145e+02 0.000000000000000000e+00 1.505054770185451787e+02 1.725558784763568951e+02 8.932484374666036047e+02 8.211502799256152230e+02 4.707459476022957290e+01 4.768562497543100964e-02 1.007289550341432232e+03 5.117102832016266589e+00 9.380786443951352567e+02 5.957347816275154173e+01 7.047858600632400794e+02 3.773645368893847376e+02 1.197143447639162559e+03 8.006292108106064731e+00 1.093434084779723747e+02 2.113974970205002801e+00 1.688835370689265574e+03 2.434304691238634888e+01 4.919672187434520616e+00 1.845652816429226505e+03 8.171690697710783979e+02 2.254425658315457426e+01 1.430146034149660217e+01 7.622827989773543322e+02 7.061935585836562268e+01 5.839218300636456194e-01 1.631590163414718830e+01
1.062043051617233402e+01 2.795662131064898404e+02 1.710278353899013837e+02 6.421521557982025570e+02 1.003496541374222943e+03 4.075351515565363014e-01 0.000000000000000000e+00 1.972457990603284657e+02 9.266584612939597037e+02 1.428099895583287662e+03 4.529129556887601993e+00 4.296032016270256122e+02 1.736763171913458450e+02 2.327326847490146540e-07 1.706000355356797627e+03 1.487223262416243585e+02 8.169707959383301841e+02 8.194418896237644745e+00 1.160101584842060447e+02 1.666157034533904948e+02 1.136687025946484937e+02 4.342167641575239259e+02 1.126222383205043798e+03 1.062920174892132081e+03 5.239672705605297551e+02 3.723397793952256052e+02 2.203828036937756565e+02 1.357221841804146834e+03 4.854130562066366394e+01 9.940696505134520748e+02 1.541421228698369532e+02 0.000000000000000000e+00 0.000000000000000000e+00 9.201495725248126973e+02 4.035664582329264931e+02 3.726233289068908334e+02 1.268780998656940717e+01
5.590293010732550556e+02 5.366838959229968253e+01 5.982535072251038173e+02 1.365497369234205678e+02 2.959219361402325035e+02 8.297883486447140911e+00 4.340866569683887519e+02 1.936053734882696631e+02 1.560418161679150444e+03 7.158070573451231766e+00 6.746829616285881457e+02 1.170028265335456808e+03 9.179389670449319283e+02 5.367463935143010758e+02 2.515531195848770381e+02 1.894581499557098425e+01 2.979322046662420398e-01 1.131430508777593104e+03 1.041612355481255690e+03 6.630160671598825957e+02 6.829944237453591995e+02 1.180106433200439596e+03 8.113807029356394196e+02 4.141731384167999153e+01 5.506622813556742813e+02 0.000000000000000000e+00 1.079748342466356235e+03 4.811039859734016204e+02 2.536824412858610955e+01 1.263310885343997370e+03 8.638506831720510490e+02 2.611449881462776261e+02 4.288440770248917602e+02 8.563889595504851968e+02 2.067226016483323008e+02 1.156300082477432852e+03 2.761067150465295867e+02
