output/example/lateral_incision_000035.asc
nrows	75
cellsize	13.33333333
xllcorner	0
ncols	75
yllcorner	0
NODATA_value	-9999
[rows 51 to 67 of 75, columns 0 to 36 of 75]
0.000000000000000000e+00 0.000000000000000000e+00 2.619914135597896276e+01 4.824850278182994390e-01 0.000000000000000000e+00 0.000000000000000000e+00 5.559045936112509025e+02 0.000000000000000000e+00 1.434034518767603394e+01 1.021958265080612478e+03 1.213106774373113240e+03 9.161233500506294831e+02 1.212369952491519243e+01 1.298034696842061976e+03 1.169460612455862929e+03 3.253489647891469190e+02 3.265252598524951111e+01 7.104488801093415304e+02 7.127149553685094361e+02 6.863676567554459318e+00 2.679235117453960697e+02 1.058288317759927821e+02 0.000000000000000000e+00 1.184252792733470642e+03 5.435368892025975356e+02 4.459542683676519914e+02 0.000000000000000000e+00 0.000000000000000000e+00 8.440521194990024867e+01 6.945661048576316432e+01 7.179980280093766396e+02 9.085095992442861643e+02 4.281353654026316349e+02 3.417665814338741939e+02 0.000000000000000000e+00 2.487996790349671916e-01 1.126510783560665686e+03
0.000000000000000000e+00 2.216955876007036466e+02 4.181967701302238538e+01 1.044373785555445011e+03 0.000000000000000000e+00 0.000000000000000000e+00 1.094001011223920194e+01 3.582073738440528246e+02 4.053923488629234839e+02 1.640419432048912086e+03 1.723681867975436489e+03 1.185843914102727695e+03 2.134868621004139655e+01 1.297564528437927038e+03 1.192418859645116299e+03 4.195850862532491874e+02 1.187108813532661600e+01 5.260074256192341409e+02 1.245673650044154556e+03 1.341718454104239527e+03 4.447225111653694540e+01 5.758946262863819499e+00 6.154889771912352217e+02 0.000000000000000000e+00 7.917507219740941764e+02 1.437469280195766260e+03 1.639110231072557156e+01 0.000000000000000000e+00 2.058472898625981088e+03 0.000000000000000000e+00 2.731603022863503156e+02 1.084830157668045786e+03 2.608739297490491822e+02 1.382495691690212425e+02 4.149194200426374657e+00 6.381456090025873209e+02 9.042717182399711646e+02
0.000000000000000000e+00 5.069891246991335834e+02 7.474874361988041755e+02 1.280332607582557785e+03 7.907784908921380520e+02 7.053434013230173605e+02 0.000000000000000000e+00 1.082688793533472165e+02 2.915286157217613550e+02 9.589901491091477510e+02 8.853791726524692649e+02 1.834026028562360189e+00 3.801594964012407374e+00 1.052480702468766140e+03 5.098371596185675685e+02 1.301715937750902640e+03 3.279766260113050436e+01 3.055585201373058908e+02 1.237924312079817790e-01 6.176552158409466529e+02 9.959763803177629597e+02 7.881352573507230952e-01 2.628799725819123978e+01 2.999160980489336339e+02 5.305040013876108560e+02 0.000000000000000000e+00 1.652153463952944549e+03 9.844406510922708575e-01 5.968822284724658402e+02 7.364398200102925784e+02 1.657416006833485653e+03 8.395632916071895124e+02 7.224729072406901320e-01 1.251745114616623596e+03 2.357274506881744003e+01 6.733624068710887514e+02 6.869564148858057706e+01
0.000000000000000000e+00 1.531328673126211193e+01 1.329405265872984820e+01 1.390541263886628371e+02 1.133136619853210902e+02 2.991828491684840774e+00 2.000117625298983910e+02 0.000000000000000000e+00 0.000000000000000000e+00 6.660833997932765404e-04 7.589424838475220783e-05 3.584071401895005806e+02 5.208421690422407324e-02 1.122349256506801041e+01 1.004908665394010768e+03 9.581113467555469470e+02 1.419920903920820265e+00 6.839119197936720411e+02 6.030747570734681631e+02 1.026807415246323352e+01 3.332768804264392770e+02 9.767397247239156144e+00 5.768575523286499696e+00 9.212229018682955939e+02 4.906995984834352065e+00 1.432984888738528184e+02 1.465761363523450655e+03 2.275505703669747390e+02 1.891282977438665824e+01 6.857416596906777961e+00 2.420061266411389356e-01 8.423835649920652031e+02 1.927044088447447905e+02 1.714214485985053327e-01 1.399584678588271117e+03 1.357734703492845028e+03 8.694659776425713744e+02
0.000000000000000000e+00 1.676931033039092881e+03 1.771454421987890782e+03 4.134150219679240763e+02 2.521119752915332128e+02 8.845448369009036469e+02 0.000000000000000000e+00 0.000000000000000000e+00 3.550616058945139645e-06 0.000000000000000000e+00 1.032222820938239787e-06 0.000000000000000000e+00 3.840364267860449723e-03 3.987892787836945274e+01 1.119107891162801423e+02 3.704138451517681729e-01 8.230939700016986080e+02 6.326049338322907261e+02 7.197394815961234826e+02 3.326003936477926004e+02 1.069191884795731440e+01 1.203008193966421047e+01 1.358315369849217404e+02 3.593096463581289157e+01 1.934092258384607135e+02 7.485481260022058905e+02 2.921416702151685172e+02 2.177027934817465109e+02 7.604555438278833179e+00 2.947789803298289257e+02 1.520643947094987652e+03 0.000000000000000000e+00 1.213562322114312792e+03 2.704703452278143772e+01 1.960970951555325428e+02 1.031132888143701365e+02 7.969885880178234627e-02
0.000000000000000000e+00 1.950395446844661365e+02 2.614157464530189259e+02 1.146030543065854999e+03 5.342294425812367535e+02 2.924154930874100273e+02 1.431559661407839634e+01 0.000000000000000000e+00 0.000000000000000000e+00 1.032222820938239787e-06 0.000000000000000000e+00 3.865066979256656584e-10 5.799158913076285808e-05 2.113359253529172577e+01 1.108246262846572705e+02 8.246996691265774189e+02 5.303938257170171937e+02 8.778634157573093262e+02 1.157625013257892022e+01 1.709841442310287505e+02 9.640506589957823280e+00 3.245175262543271515e+02 1.771756452233802861e+02 0.000000000000000000e+00 8.887664576530405611e+02 7.870488609008519916e+02 6.620871055409553700e-07 1.191981375069197384e+03 1.169858185360440785e+02 8.880681676114911625e+02 1.459426775828825839e+03 6.892165593091407345e+02 2.068433095491165385e+00 1.267621413834624263e+03 1.624758081155249556e+01 7.228641846859823090e+02 1.308451629328675381e+03
0.000000000000000000e+00 1.315339946229333634e+02 1.403325223261450219e+03 9.259854436537182210e+02 4.737010686796804748e+02 3.704710441358404296e+02 1.078351102901525138e+02 4.864238386826058900e+02 2.503209777311293793e-01 8.976994651588022407e+02 8.234484149048578061e+00 2.302235548513747447e-09 6.260049252717586549e-07 1.603913382770604690e+00 1.895098680313024309e+00 1.512390240243455537e+02 1.925523480087530714e+01 6.260721153574531854e+02 0.000000000000000000e+00 7.010602156918054690e-08 4.875243350066175907e+01 2.996248654600246297e+01 1.323003275337916875e+03 2.321136018209025309e+01 1.149303018085748391e+02 2.234208260356100340e+01 4.187844236854216607e-04 7.747063312688248971e+02 2.971655771488502040e+01 1.754934332980612680e+03 0.000000000000000000e+00 1.031267433829069205e+03 1.048412478065552932e+03 2.237193800637009566e+00 1.126450781934800034e+03 4.917691321424179023e+02 7.667415773833366757e+02
0.000000000000000000e+00 0.000000000000000000e+00 0.000000000000000000e+00 1.904972300635193108e+02 7.407985007808614455e+02 1.296825222105658426e+00 2.645587807495418247e+02 7.597812439795088721e+02 5.070592853826913711e+02 4.238695433310638236e+02 0.000000000000000000e+00 1.026499802413400630e+03 3.315182484218336185e+02 5.683800091624123496e+01 0.000000000000000000e+00 7.769067801540751358e-05 4.141117930131502363e-06 3.576616336343329298e-06 0.000000000000000000e+00 3.104681534168989856e+02 6.535617819322989419e+01 1.592012381186952439e+02 1.012366739498534912e+03 6.478846159997854670e+01 9.109653612739856499e+02 8.483171705167219610e-04 4.630990740248225324e-04 1.349366164237131670e+03 1.350995057405293842e+01 1.445567411799587944e+03 1.027507786540618895e+02 5.450436043628002596e-03 7.519564683377213399e+00 9.742474593756708146e+02 9.336372160758538996e+01 4.522655440301132757e+00 2.586256992263787993e+02
0.000000000000000000e+00 2.981014072746393140e+02 1.594425689231503156e+03 1.500472401740848909e+03 3.348977519177668949e+00 4.968629014033439830e+02 5.520808147124719198e+02 6.690439429233313717e+01 1.157599370832669365e+03 7.803960977655839315e+02 5.845955065681670249e+01 1.038411937748993275e+01 0.000000000000000000e+00 5.587120109052211570e-01 5.844573479047670617e+01 0.000000000000000000e+00 9.501547108780318274e-01 3.745819899352995970e-05 6.291573269986080277e+02 2.940716556977359346e+02 5.962936618061133842e+00 9.307240780470063157e+01 8.777843968454305923e+02 9.565548192612247647e+01 4.494926564021480999e+02 0.000000000000000000e+00 9.809777001815504605e+01 8.142475350689954894e+01 2.135544558292821904e+01 1.428354151972374382e+02 3.620756771370474212e+02 5.247917828214731628e+01 0.000000000000000000e+00 4.851503359380554770e+01 1.097798473733065975e+03 1.568221564604484684e+03 5.018350236897810390e+01
0.000000000000000000e+00 6.014287184456991326e+02 0.000000000000000000e+00 6.449784632421086599e+02 2.824052418365785684e+02 5.883013914454943460e+02 8.926418478656882316e-01 1.301677175705526906e+03 1.271633290778997889e+03 9.625229424706563464e+01 9.087431240690265213e+02 7.863909436880085195e+02 3.315371307782500025e+02 4.321955616579840580e+02 4.419705502153663588e+02 9.215609319752846318e+01 1.384234076905962486e-02 9.452412481439999681e+01 6.285957137144657736e+02 1.820170720167944654e-06 3.851024056348966838e+02 5.125706131643244134e+01 1.452538912916693903e+02 8.197651314298127545e+01 5.496456041911401371e+02 1.764607124113401682e+01 2.085078070236152996e+02 4.147043651619492834e+02 5.914122776059660964e+02 2.865714625192406384e+00 9.288780652151461936e+02 8.512108715836861350e-01 0.000000000000000000e+00 2.057068481466677952e+02 7.026424269045934352e+02 2.393527669540997920e+02 2.011040531204449451e+02
0.000000000000000000e+00 1.131069613344565596e+03 5.208975821296412079e+01 5.490790999446392107e+02 1.074027908427246075e+03 2.978538060121434228e+01 2.164252508634921469e+03 9.251117368602514262e+02 5.621051694234202145e+00 1.493337188000225240e+02 1.293647574496441166e+03 1.729998039133919576e+02 0.000000000000000000e+00 5.633517873601614383e+02 0.000000000000000000e+00 5.685854484252441807e+02 1.323816110556375179e+03 6.434712646777676355e+02 3.735321102097315702e+02 5.743160554886135749e+00 6.287625955234285584e+02 0.000000000000000000e+00 9.768226803669938363e+02 3.646765229849758327e+01 8.849117175114378142e+02 5.250914158825747080e+01 1.373524378684503972e+03 1.157759806836576587e-06 2.008833438930967645e+02 2.627998643225186584e+02 9.686041309934201138e+01 8.325172891768920793e-06 7.384794894916819885e+02 1.292580427413641786e+01 4.379183502880778178e+02 1.999729704745646472e+02 1.973535447404489718e-02
0.000000000000000000e+00 7.447771647496906553e+02 9.587544909700012052e-01 2.842622258186621025e+02 9.477806234852769762e+01 0.000000000000000000e+00 1.198922130608340694e+03 5.593713074289533793e+00 1.584405188293365200e+03 3.661963556384026788e+02 3.391927330588082441e+02 1.199652243998106798e+02 5.092309060233165496e+02 5.076341692344857961e+02 5.127499339258606597e+02 5.833949804277646223e+01 5.013634881818360327e+02 1.056509596762111727e+02 7.577097171214762561e+00 7.617679661280682240e+02 7.575397576630884089e+00 8.746466036168074609e+00 5.354230039069531131e+02 7.097919567733010808e+02 5.065010885815159725e+01 4.137880053825298887e+01 4.274896694303309630e+01 1.069607257378471786e+03 8.350775332636798112e+02 2.214847930625613581e-01 5.975860862797179873e-01 4.198671893425490254e+01 4.902261740073142704e+01 2.981854841525905658e-02 2.609580989593228750e+01 2.123505747059914768e+02 2.880798839205363790e-04
0.000000000000000000e+00 5.993143881048099502e+02 1.363537186775525267e+00 3.479298210940224862e+02 8.774873982592521315e+02 1.373631614310019586e+03 1.215920660917150968e+02 1.593025670740749320e+03 2.086332447254510043e+03 3.243132497669056420e+02 6.470445522668649696e-01 4.781158253263512847e+02 6.284313777039587379e+00 5.607111634701344656e+02 1.179122516822664238e+03 0.000000000000000000e+00 1.254059819809624059e+03 2.017363222074783096e+02 3.890087486088261244e+02 1.064562681446789156e+03 4.986504523547002918e+02 0.000000000000000000e+00 1.434635192442111929e+03 7.305050514742459882e+02 1.147208976252830865e+02 9.125983819383509399e+02 1.109413806475229194e+03 0.000000000000000000e+00 4.439247420109301174e+02 9.919383427927376715e+02 4.089174729677037590e+02 3.485129159532456811e+02 7.477627994278503998e-01 3.160689781317817942e-02 3.086527488611764611e-02 5.568700660486307569e-04 6.877805692577178220e+00
0.000000000000000000e+00 0.000000000000000000e+00 3.702268558958290896e+02 3.301104204475412303e+02 1.468793874065934688e+03 1.449844538707050958e+02 1.404392464390047735e+03 2.014808794002560035e+03 3.547933659866478138e+02 1.299009377187239238e+02 2.872157974697552518e+01 8.749247794860730210e+02 1.764909140464706923e+02 0.000000000000000000e+00 1.530720988287411274e+03 1.267833314124575054e+03 1.547299152397191904e+02 7.462916060998016974e+02 8.877902866120842873e+02 4.949436801163647033e+02 6.501557387312902847e+02 5.157516926434542484e+02 1.137112979108135050e+03 4.754971464415733351e+01 1.827653854657812715e+01 2.234791918137124078e+00 1.041354959667701081e+02 3.576327050854800973e+02 3.703060607622551403e-01 1.934848094296582843e+01 7.248898338099483851e+01 1.515638242089461796e-01 8.545265206787843226e+01 5.097258260814527819e-01 2.675616920841498991e-02 7.230176778201226817e-04 1.520112467286509528e+01
0.000000000000000000e+00 6.013787135176950187e+02 1.044911203631783252e+02 1.074450390206054863e+03 1.653591489910450036e+02 8.853246909081940430e+02 8.893702571408936137e+02 1.297648884130501528e+03 1.719144817035383426e+02 8.243551828272559305e+02 6.188432863127857217e+02 5.820659942942448879e+02 2.151124970997551031e+02 5.630127788948047964e+02 9.362949155112435164e+02 3.699162924412751750e+02 2.196499136935021468e-01 1.920119676934786312e+01 2.518327711941194877e+02 5.975343887260047495e+02 1.896570084188972416e+01 3.322385645696144820e+02 1.340972204797108816e+03 2.271860659595865428e+01 2.200945287476995418e+02 1.025802135252895823e+03 0.000000000000000000e+00 3.019136154209297729e+02 4.035587485829066168e+02 4.505680390374932287e+00 2.525486990085178434e+02 6.551731423789548217e+02 0.000000000000000000e+00 3.222414112124512258e+02 2.898499799219292186e+02 2.518380958083755505e+00 6.115714589333501863e+02
0.000000000000000000e+00 1.618804764482746805e+03 1.144387870531697672e+03 1.088087962038104735e+02 7.156366457421567406e-02 4.953167806318332964e+02 0.000000000000000000e+00 4.867657795311238260e+02 0.000000000000000000e+00 2.942418160932684259e+02 8.137833470104919797e+02 7.184930001945913602e+01 1.001272633303659177e+03 0.000000000000000000e+00 7.433662206526501848e+01 1.257249593592749079e+03 1.573466215734150182e+03 7.225935181015209707e+01 1.534803683509645907e+03 3.133611202538697285e+02 2.416367793597170355e+00 1.518526957745038771e+03 2.287799372648233884e+02 1.393329595872361097e+03 2.077942956737774125e+02 3.007208816132269931e+02 6.170304092615247100e+02 1.398123146536629065e+03 3.982836286325960486e+02 1.849650102601883006e-01 1.531728492571900688e+03 2.913358885672807901e+02 0.000000000000000000e+00 4.395595009454621049e+02 4.973512889623261657e-01 3.913021280944870455e+02 4.537502521776239064e+02
0.000000000000000000e+00 0.000000000000000000e+00 1.126880980150146115e+03 1.904774250962757662e+02 1.324720871820102957e+03 1.536034904437780369e+03 5.758207224724671960e+02 1.177547245053713368e+03 2.344486232257601728e+02 1.145230925945037825e+03 1.396084238031800851e+03 9.361855640107069121e+01 1.609191155321019778e+03 1.528548292960124627e+03 1.354936376912654055e+02 8.502623306765381139e-01 3.987358801840558797e+00 5.618117924232105906e+02 1.479923705968717059e+03 1.005349681221136393e+03 1.108503188526019130e+03 1.928040404623412769e+02 1.637086461145491739e+03 4.595072010552999018e+02 9.058472970306438299e+01 1.120703081548946329e+03 4.207910869453085070e+02 1.948842642366635118e+02 1.176291800584057370e+02 3.587196028526224154e+02 9.320556962965417824e+02 1.101550664517996125e+02 7.369543400056068094e+02 1.072991390425230293e+03 2.661217315880221079e+01 5.564206809276321337e+02 1.080190724395298361e+02
