output/example/lateral_incision_000022.asc
nrows	75
cellsize	13.33333333
xllcorner	0
ncols	75
yllcorner	0
NODATA_value	-9999
[rows 34 to 50 of 75, columns 37 to 73 of 75]
3.575819229252569417e-11 4.234386132691862729e-12 3.406920790509713458e-12 0.000000000000000000e+00 0.000000000000000000e+00 0.000000000000000000e+00 0.000000000000000000e+00 1.671158655483497762e-12 0.000000000000000000e+00 1.667638636495062567e-12 2.401125659025257926e-11 0.000000000000000000e+00 2.434890912474167807e-10 0.000000000000000000e+00 7.640263509224489587e-12 3.411475449173716562e-12 0.000000000000000000e+00 0.000000000000000000e+00 0.000000000000000000e+00 0.000000000000000000e+00 0.000000000000000000e+00 0.000000000000000000e+00 0.000000000000000000e+00 0.000000000000000000e+00 9.765489918879553909e-12 5.768813273864760652e-13 4.395032347887839389e-12 4.303311285489153520e-12 1.712258301218566738e-12 1.144913583954020124e-11 5.881439695631739013e-13 3.474712000027375102e-12 1.718147977331769183e-12 5.911825076031011212e-13 5.881410151166089963e-13 5.924183358210957481e-13 0.000000000000000000e+00
0.000000000000000000e+00 1.665787253072456101e-12 0.000000000000000000e+00 0.000000000000000000e+00 0.000000000000000000e+00 0.000000000000000000e+00 1.678319337113892126e-12 0.000000000000000000e+00 1.860588007455660688e-12 0.000000000000000000e+00 5.259949795102858291e-10 1.466592743421773564e-11 5.704795779137281230e-13 3.415131443576396312e-12 1.457251865068207728e-12 5.764409700029561509e-13 0.000000000000000000e+00 0.000000000000000000e+00 0.000000000000000000e+00 0.000000000000000000e+00 1.679671727451906756e-12 1.677965748096022826e-12 0.000000000000000000e+00 0.000000000000000000e+00 3.446336251648836211e-12 0.000000000000000000e+00 1.711517798782471022e-12 0.000000000000000000e+00 1.717292584515429483e-12 0.000000000000000000e+00 5.905847752380761751e-13 0.000000000000000000e+00 0.000000000000000000e+00 0.000000000000000000e+00 0.000000000000000000e+00 0.000000000000000000e+00 0.000000000000000000e+00
3.689024436301120552e-12 8.787789857957445154e-12 1.103756559799076060e-11 0.000000000000000000e+00 0.000000000000000000e+00 0.000000000000000000e+00 0.000000000000000000e+00 5.758730849296145156e-13 3.420640474330783545e-12 1.669151690110163350e-12 3.398074007573076571e-12 0.000000000000000000e+00 4.757506242013372152e-17 6.524674134829049424e-12 0.000000000000000000e+00 0.000000000000000000e+00 0.000000000000000000e+00 0.000000000000000000e+00 0.000000000000000000e+00 1.677970577214335738e-12 0.000000000000000000e+00 5.776273931355638831e-13 0.000000000000000000e+00 0.000000000000000000e+00 1.813624680452104102e-12 0.000000000000000000e+00 1.813622998051528221e-12 0.000000000000000000e+00 0.000000000000000000e+00 0.000000000000000000e+00 0.000000000000000000e+00 0.000000000000000000e+00 0.000000000000000000e+00 0.000000000000000000e+00 0.000000000000000000e+00 0.000000000000000000e+00 0.000000000000000000e+00
1.671344677123095860e-12 0.000000000000000000e+00 7.259497353426497945e-12 3.411483817403132164e-12 0.000000000000000000e+00 0.000000000000000000e+00 0.000000000000000000e+00 0.000000000000000000e+00 1.674735248124564331e-12 0.000000000000000000e+00 1.669151690110163350e-12 5.707143390186129080e-13 0.000000000000000000e+00 1.662515683228133368e-12 1.674316526931679677e-12 1.678351620584492060e-12 0.000000000000000000e+00 3.418708325271771566e-12 1.676002719489359600e-12 0.000000000000000000e+00 1.679671727451906756e-12 5.777336025630227238e-13 0.000000000000000000e+00 0.000000000000000000e+00 1.906059446031897213e-12 0.000000000000000000e+00 6.894399678790297269e-13 0.000000000000000000e+00 0.000000000000000000e+00 0.000000000000000000e+00 0.000000000000000000e+00 0.000000000000000000e+00 0.000000000000000000e+00 0.000000000000000000e+00 0.000000000000000000e+00 0.000000000000000000e+00 0.000000000000000000e+00
0.000000000000000000e+00 5.739068004378837847e-13 0.000000000000000000e+00 1.676298336785578772e-12 9.092943176895792726e-19 0.000000000000000000e+00 0.000000000000000000e+00 1.681178230263480794e-12 0.000000000000000000e+00 1.864908661178007066e-12 3.417654055818021689e-12 1.665681373933346170e-12 1.735575949933850438e-10 3.399472367197824467e-12 2.467079907818207320e-19 0.000000000000000000e+00 3.413642336809910962e-12 1.674590735568358643e-12 0.000000000000000000e+00 4.729378076703277051e-12 8.699345163725989224e-12 0.000000000000000000e+00 0.000000000000000000e+00 0.000000000000000000e+00 0.000000000000000000e+00 0.000000000000000000e+00 0.000000000000000000e+00 0.000000000000000000e+00 0.000000000000000000e+00 0.000000000000000000e+00 0.000000000000000000e+00 0.000000000000000000e+00 1.686441615561910368e-12 3.457965092202424088e-12 0.000000000000000000e+00 0.000000000000000000e+00 1.039512029245941145e-12
0.000000000000000000e+00 1.778611574815427825e-11 1.670384738594347334e-12 0.000000000000000000e+00 0.000000000000000000e+00 0.000000000000000000e+00 0.000000000000000000e+00 0.000000000000000000e+00 5.764641605717737629e-13 3.418202043794144993e-12 1.669488218378485812e-12 0.000000000000000000e+00 1.665681373933346170e-12 5.709135580029278638e-13 1.671515956779500422e-12 1.666885864224729348e-12 1.672773276952065489e-12 0.000000000000000000e+00 5.754523184479199030e-13 3.418589287292207494e-12 0.000000000000000000e+00 3.400919268893192915e-12 6.090999116454290762e-13 0.000000000000000000e+00 0.000000000000000000e+00 0.000000000000000000e+00 0.000000000000000000e+00 0.000000000000000000e+00 0.000000000000000000e+00 0.000000000000000000e+00 0.000000000000000000e+00 1.687619830436011601e-12 0.000000000000000000e+00 1.693163768189796758e-12 1.669034582765559901e-12 3.448796615999134409e-12 5.748079129029237536e-13
0.000000000000000000e+00 0.000000000000000000e+00 3.418066701279412036e-12 1.465407809456609729e-12 0.000000000000000000e+00 0.000000000000000000e+00 0.000000000000000000e+00 0.000000000000000000e+00 3.425296162529348111e-12 3.012027246111740664e-12 0.000000000000000000e+00 1.669488218378485812e-12 3.411671782684483613e-12 0.000000000000000000e+00 1.648400999107922439e-10 8.627632700584663623e-12 0.000000000000000000e+00 1.667286642036563759e-12 0.000000000000000000e+00 0.000000000000000000e+00 8.681745049489634620e-12 3.063206129965705789e-12 0.000000000000000000e+00 1.567119637986709441e-12 0.000000000000000000e+00 0.000000000000000000e+00 0.000000000000000000e+00 3.408726462841668945e-12 1.665709605455095539e-12 1.661619583429023049e-12 0.000000000000000000e+00 3.457965092202424088e-12 4.315483529059459659e-12 0.000000000000000000e+00 1.689484431507178975e-12 1.691520288373556657e-12 0.000000000000000000e+00
0.000000000000000000e+00 0.000000000000000000e+00 3.023389594048247959e-12 0.000000000000000000e+00 0.000000000000000000e+00 0.000000000000000000e+00 0.000000000000000000e+00 0.000000000000000000e+00 1.680452799883535125e-12 0.000000000000000000e+00 5.770491659336807147e-13 3.418202043794144993e-12 0.000000000000000000e+00 0.000000000000000000e+00 3.400662061205693118e-12 3.149720131521540360e-11 1.644746943612243036e-10 0.000000000000000000e+00 0.000000000000000000e+00 3.414876405907326932e-12 1.669272096540310035e-12 0.000000000000000000e+00 1.671305901993446439e-12 3.400919268893192915e-12 0.000000000000000000e+00 0.000000000000000000e+00 3.405669108039610563e-12 5.424145197471210439e-12 0.000000000000000000e+00 5.685142032493345466e-13 0.000000000000000000e+00 0.000000000000000000e+00 3.453965718273682328e-12 1.689484431507178975e-12 4.273488150668238284e-12 3.437423294762833982e-12 1.691520288373556657e-12
3.421759087865076679e-12 0.000000000000000000e+00 0.000000000000000000e+00 5.747632086289897176e-13 0.000000000000000000e+00 0.000000000000000000e+00 0.000000000000000000e+00 0.000000000000000000e+00 5.778381016550875359e-13 4.268920138056275759e-12 3.425296162529348111e-12 0.000000000000000000e+00 0.000000000000000000e+00 3.387497337527022243e-12 1.584900788917005129e-10 1.080223761576179738e-11 3.401353791684731767e-12 0.000000000000000000e+00 6.150048595208014305e-12 1.669287744221792801e-12 0.000000000000000000e+00 1.671305901993446439e-12 3.412377286047495174e-12 0.000000000000000000e+00 0.000000000000000000e+00 3.409447012311669462e-12 1.667802337723822592e-12 5.756801644712206949e-13 1.665709605455095539e-12 0.000000000000000000e+00 0.000000000000000000e+00 0.000000000000000000e+00 0.000000000000000000e+00 1.879403840358728369e-18 1.863232807390569996e-11 5.772970406167437257e-13 5.788943857205456589e-13
0.000000000000000000e+00 1.693878774023798991e-12 1.692590787707637894e-12 0.000000000000000000e+00 0.000000000000000000e+00 0.000000000000000000e+00 0.000000000000000000e+00 0.000000000000000000e+00 0.000000000000000000e+00 0.000000000000000000e+00 0.000000000000000000e+00 0.000000000000000000e+00 1.656463202907712944e-12 0.000000000000000000e+00 4.430608448805122703e-10 5.726176745971782973e-13 5.711631224585955581e-13 0.000000000000000000e+00 1.668619392662148913e-12 0.000000000000000000e+00 1.669287744221792801e-12 3.414876405907326932e-12 0.000000000000000000e+00 0.000000000000000000e+00 0.000000000000000000e+00 1.668164887005442956e-12 0.000000000000000000e+00 5.698567957226098824e-12 0.000000000000000000e+00 0.000000000000000000e+00 0.000000000000000000e+00 0.000000000000000000e+00 1.686110297492848020e-12 2.202081485837867936e-11 3.427177569947222317e-12 5.774960081881392362e-13 0.000000000000000000e+00
9.808815496138573104e-12 0.000000000000000000e+00 0.000000000000000000e+00 0.000000000000000000e+00 0.000000000000000000e+00 0.000000000000000000e+00 0.000000000000000000e+00 3.462292537236318442e-12 1.688014004468069070e-12 3.411164202488369085e-12 3.395428987394106769e-12 1.657380363438948909e-12 0.000000000000000000e+00 7.554090046487288474e-12 1.666846053056136764e-12 0.000000000000000000e+00 3.539787167767593003e-17 3.409085664446553777e-12 0.000000000000000000e+00 1.674974625413986049e-12 3.415135963175095720e-12 0.000000000000000000e+00 0.000000000000000000e+00 0.000000000000000000e+00 1.668501993081030149e-12 1.670980620830264697e-12 6.527350728175404669e-12 6.148373418779028201e-12 0.000000000000000000e+00 0.000000000000000000e+00 1.685271654489339295e-12 0.000000000000000000e+00 3.426084611000652861e-12 1.673756271202933622e-12 6.153128733661194256e-12 1.682702403382746291e-12 0.000000000000000000e+00
0.000000000000000000e+00 1.891863199671612738e-12 1.692590787707637894e-12 0.000000000000000000e+00 0.000000000000000000e+00 0.000000000000000000e+00 0.000000000000000000e+00 0.000000000000000000e+00 1.686264134093648923e-12 0.000000000000000000e+00 0.000000000000000000e+00 0.000000000000000000e+00 3.419610026909555553e-12 1.670264880276657002e-12 0.000000000000000000e+00 9.664597464089107242e-12 0.000000000000000000e+00 3.399554595810068816e-17 5.754834680173041440e-13 3.411246863204274252e-12 0.000000000000000000e+00 0.000000000000000000e+00 3.412609310325378463e-12 3.637897938873035189e-19 1.670980620830264697e-12 3.003583517281790181e-12 3.411713030628375126e-12 0.000000000000000000e+00 0.000000000000000000e+00 1.685271654489339295e-12 0.000000000000000000e+00 3.430051829574276227e-12 1.673756271202934430e-12 1.681605770473438401e-12 1.874778464974908374e-12 0.000000000000000000e+00 5.773860996492221027e-13
0.000000000000000000e+00 0.000000000000000000e+00 0.000000000000000000e+00 0.000000000000000000e+00 0.000000000000000000e+00 0.000000000000000000e+00 0.000000000000000000e+00 3.462292537236318442e-12 1.479918569742151447e-12 3.411164202488369085e-12 3.395428987394106769e-12 3.424732887038469710e-12 1.673377220741603018e-12 0.000000000000000000e+00 8.503921775849554266e-12 0.000000000000000000e+00 5.712526160597487520e-13 9.735529977476246552e-12 1.407320866023262880e-10 0.000000000000000000e+00 0.000000000000000000e+00 3.411664136353262301e-12 1.671517244517907098e-12 0.000000000000000000e+00 1.454108005364735002e-12 3.411713030628373914e-12 0.000000000000000000e+00 0.000000000000000000e+00 0.000000000000000000e+00 1.678102874654948486e-12 6.776343363350766904e-19 2.565856231703254283e-11 3.419787718376999713e-12 1.526552504150388428e-19 3.438154555355348279e-12 1.687015917395881590e-12 0.000000000000000000e+00
1.647712505284649818e-12 0.000000000000000000e+00 0.000000000000000000e+00 1.644397940145433218e-12 0.000000000000000000e+00 0.000000000000000000e+00 0.000000000000000000e+00 0.000000000000000000e+00 0.000000000000000000e+00 0.000000000000000000e+00 1.682034368754114649e-12 1.377981935312303229e-11 0.000000000000000000e+00 1.673377220741603018e-12 0.000000000000000000e+00 3.012810718531374078e-12 1.674453804746640611e-12 1.664083707652311490e-12 2.395715394206872795e-11 2.390990270780442566e-17 1.670847275985937026e-12 3.001955190679155505e-12 0.000000000000000000e+00 1.668823223145197519e-12 6.150799855430355821e-12 0.000000000000000000e+00 0.000000000000000000e+00 0.000000000000000000e+00 3.423661981116351066e-12 2.264734599169724391e-18 5.772855813132514790e-13 5.741249454209561399e-13 3.419787718376999713e-12 1.676040782044665348e-12 3.429410618735471206e-12 0.000000000000000000e+00 0.000000000000000000e+00
9.601377072329534025e-11 1.651836949848368881e-12 3.364765882680321553e-12 0.000000000000000000e+00 1.093137169399412255e-11 1.644047660604265726e-12 0.000000000000000000e+00 0.000000000000000000e+00 0.000000000000000000e+00 0.000000000000000000e+00 1.680368378668424352e-12 0.000000000000000000e+00 1.039187053287654034e-12 0.000000000000000000e+00 1.680841450992531678e-12 0.000000000000000000e+00 5.770052742213167695e-13 0.000000000000000000e+00 6.281499670399582617e-18 0.000000000000000000e+00 3.281353772804548927e-10 0.000000000000000000e+00 1.665322946477807298e-11 6.140110970724715725e-12 0.000000000000000000e+00 0.000000000000000000e+00 0.000000000000000000e+00 0.000000000000000000e+00 1.672632692514949323e-12 0.000000000000000000e+00 1.811964853278553268e-18 0.000000000000000000e+00 6.970607311569603549e-12 0.000000000000000000e+00 4.749215746202115937e-12 3.438530482818983469e-12 0.000000000000000000e+00
1.651831245816443332e-12 0.000000000000000000e+00 1.649677248932500723e-12 0.000000000000000000e+00 2.965878808048626490e-12 0.000000000000000000e+00 5.644751318377943721e-13 0.000000000000000000e+00 0.000000000000000000e+00 0.000000000000000000e+00 1.686328967595140911e-12 1.680984527063270730e-12 5.786427690178488261e-13 0.000000000000000000e+00 0.000000000000000000e+00 5.764302381649642888e-13 0.000000000000000000e+00 0.000000000000000000e+00 1.667059518819097139e-12 3.254201116272762021e-10 3.403667216473119110e-12 5.716042188027908441e-13 0.000000000000000000e+00 0.000000000000000000e+00 0.000000000000000000e+00 0.000000000000000000e+00 0.000000000000000000e+00 4.405071148398042552e-11 3.420135935621683747e-12 3.338760472816105125e-11 3.423659223959334826e-12 0.000000000000000000e+00 6.177401690555672711e-12 1.682699447818567987e-12 0.000000000000000000e+00 3.046523349818046259e-12 3.445141262303136590e-12
3.376857715641936610e-12 1.252511004953528824e-11 6.166477947317474471e-19 7.536948905250330505e-12 3.367300241358218507e-12 1.644060347912305756e-12 0.000000000000000000e+00 0.000000000000000000e+00 0.000000000000000000e+00 0.000000000000000000e+00 0.000000000000000000e+00 5.775148246022854509e-13 0.000000000000000000e+00 0.000000000000000000e+00 0.000000000000000000e+00 0.000000000000000000e+00 3.418469915916244240e-12 1.669629738824565643e-12 0.000000000000000000e+00 2.203100807795194421e-11 0.000000000000000000e+00 1.080246503909285315e-10 2.401272489047358292e-11 0.000000000000000000e+00 0.000000000000000000e+00 3.422119141765080836e-12 4.652756282362857748e-11 0.000000000000000000e+00 3.456593627276260317e-11 1.673349068011049227e-12 3.425258991723961961e-12 0.000000000000000000e+00 0.000000000000000000e+00 8.749521391044338926e-12 5.787730150313602732e-13 0.000000000000000000e+00 5.765569833912589926e-13
