output/example/lateral_incision_000333.asc
nrows	75
cellsize	13.33333333
xllcorner	0
ncols	75
yllcorner	0
NODATA_value	-9999
[rows 17 to 33 of 75, columns 0 to 36 of 75]
0.000000000000000000e+00 2.128472994852945703e+02 1.562146068953376925e+03 5.329892558115536758e+02 4.171078147405321013e-01 0.000000000000000000e+00 1.481252700634861412e+03 1.532804488659269509e+03 1.875244124048879257e+02 1.370598789665945333e+03 6.946644478146411075e+02 1.492855547427197280e+03 4.099587359260441488e-01 9.986377659728170784e+02 4.563351665703119231e-01 7.382190325464705882e-01 1.078703654043200677e+00 4.035366608922564069e+01 1.734176432403379067e+03 1.247290840503465461e+03 3.726477034637672432e+02 1.687877960997197135e+02 0.000000000000000000e+00 4.504368733844718804e+02 1.708778354919228804e+00 8.221556451855423120e+02 1.095751770835212540e+02 5.250611657805309029e+00 1.430269323346219323e+02 4.442338650219808756e+02 0.000000000000000000e+00 2.477300950145625222e+02 1.194548568563057870e+03 7.905619359266551101e+02 1.222950290222452878e+02 1.328377798578557929e+02 1.319709253077629114e+02
0.000000000000000000e+00 3.434503145836130145e+00 0.000000000000000000e+00 5.994861450408432539e-03 8.372823986374042988e+02 9.206751579605453344e+02 5.749453354917475423e+01 5.834575733831969728e+02 6.965650131114912256e+02 0.000000000000000000e+00 4.559421001869755514e+02 1.741329973511528124e+03 9.033862277448928353e+02 3.709950860000182047e+02 2.510827809300927242e+02 7.616262456034171464e+02 1.104280561445603098e+03 0.000000000000000000e+00 7.675860268227170309e+02 8.745153038427595220e+02 1.118645265477822619e+02 1.391590811586534073e+02 4.040564135938947743e+02 2.527192361591403369e+02 4.467587650920911102e+01 7.012921459672728588e+02 4.470744323510713798e+02 0.000000000000000000e+00 0.000000000000000000e+00 1.003177878604264151e+03 6.227007715877832084e+01 1.406688553383257158e+03 1.001894044118191573e+03 1.165948368372094137e+03 2.059123137327379283e+01 1.276694426826768023e+02 3.559914705497635055e+02
0.000000000000000000e+00 1.226306146720842207e+03 0.000000000000000000e+00 1.093812823522885765e+03 9.572774519920534431e+01 1.237168557465830254e+01 1.354772622290904792e+03 0.000000000000000000e+00 6.908667413729650661e+02 1.423991066495900668e+03 1.108325241574485460e+02 6.003637357838302933e+02 0.000000000000000000e+00 2.913261832096509796e+00 5.655965793807368982e+02 1.086490291462516637e+02 5.571663022874083708e+02 4.907481556024661131e+02 1.122049081397149450e+02 1.212693239151890793e+03 1.467274165926007072e+03 5.486227722752431646e+02 2.594893774551479169e+02 2.262660030164731211e+02 2.370603927011226464e+00 3.733817239886528938e+01 3.298475217294403024e+02 3.668650998280914877e+01 1.109423186646093171e+02 8.418412576685493605e+02 7.887445333962971006e+01 3.195359889129977660e+02 1.607827309919207437e+02 9.033575824579864744e+00 1.397440032689674183e+02 7.127858295654915537e+02 1.451881810540640458e+02
0.000000000000000000e+00 3.317261227598325979e-01 1.246984686398151553e+03 2.181783943416157001e+01 3.535245090806206463e+02 8.406664052738295823e+02 2.494098141104402089e+00 6.186162413137304839e+02 2.545928542932842209e+00 9.384383495185047650e+02 1.079012889259621716e+03 7.797551091732988215e-01 6.540391328229023884e+02 4.675779927699034602e+02 2.781519825785427713e+01 9.662223929174339219e+02 6.541912980239182218e+01 2.804149022503457331e+02 1.732423603322432655e+03 4.070989918710884581e+01 1.588590293167924074e+03 2.398100780298747168e+02 8.194654895162598223e+02 8.634827526283179395e+02 5.372352639336479569e+02 4.025538954118633228e+02 2.685951204428846495e+02 2.022926164313169011e+02 3.231744959380813498e+02 8.973029415396156310e+02 5.055673956928450821e+02 6.346927487866165762e+01 2.004555714577020069e+02 6.649763078372853897e+02 1.314085798636105210e+03 5.435340547051091820e-01 1.184081358556636360e+03
0.000000000000000000e+00 0.000000000000000000e+00 9.324558020728157715e+01 2.196343444006949142e+00 0.000000000000000000e+00 7.066086931193176497e+02 0.000000000000000000e+00 4.659737114788150620e+02 1.814615577203938130e+02 1.422118179573108819e+03 1.166504885666232667e+03 3.920785960665838843e+01 2.481040769369925556e+02 9.262337614040003473e+02 5.752018236708630639e+02 0.000000000000000000e+00 2.012084595506677829e+02 1.396880458308817651e+03 2.175078081826533435e+03 1.081282103823898069e+03 1.605203984171672360e+01 1.366301632939968158e+02 1.199163735669793823e+03 6.724805331860116553e+01 2.947994128425951317e+02 1.358662856984639575e+03 2.146772194117419019e+02 5.297682957530397516e+02 1.093077100278413951e+02 8.840037923983172163e+01 1.609603231403949053e+02 4.228247418298244753e+01 8.678908246883379434e+02 4.024384397514938314e+02 7.369408446034783822e+01 8.320435431766512693e+02 1.445852773939289818e+03
0.000000000000000000e+00 1.672443507779274796e+02 1.694969292122544857e+03 1.414912903590432961e+03 5.595020219868407452e+01 1.853631351015869455e-01 1.590396803843756035e-01 1.502226614614467337e+02 0.000000000000000000e+00 1.014063528705310802e+02 6.313261603140542775e+02 1.342011328341492629e+02 8.579610330329451244e+02 3.941272909453345505e+02 3.557887057193324836e+02 1.254704541483729230e+02 1.771527858651590179e+02 5.231495449261631236e+00 7.281713897435026865e+02 7.210949112224218425e+02 7.165832994054959499e+02 5.756845600599911350e+00 4.314037815963817479e+02 9.306148636029095655e+01 2.383697485297130356e+02 2.384849661383635464e+02 1.195414714084694197e+02 3.327034330045898969e+02 3.370847990036856459e+02 7.375000626133363824e+01 2.428951868232102527e+02 9.513147097342982761e+02 4.612961355307926965e+02 1.604624268572002022e+00 8.579541773947387640e+01 1.696362930023009767e+03 1.140308239400144430e+03
0.000000000000000000e+00 0.000000000000000000e+00 0.000000000000000000e+00 0.000000000000000000e+00 0.000000000000000000e+00 1.631262904338585145e+02 4.161128122905880105e+02 1.458158896665957904e+01 8.126222540493083457e+00 2.675353614200815924e-05 1.650823727469073106e+02 4.047078224138074631e+01 6.740894219321842229e+02 7.052770375033317407e+01 7.313477866039709170e+02 2.200374442402495845e+02 3.152951438001387032e+02 5.272776980968145608e+02 2.037784176167675128e+02 1.774553823886576787e+00 1.487974484245567510e+03 0.000000000000000000e+00 0.000000000000000000e+00 1.497203344683792693e+03 1.595083670890268877e+03 1.037712319711047257e+03 5.083780694600856691e+02 5.469664405711058635e+02 1.510452583201047219e+03 1.413539343932823613e+03 2.682105188773636906e-01 5.506590779288910653e+02 1.404671885151266224e+02 7.919165791127243947e-01 1.027621327141826912e-01 6.082669200803416487e+01 5.095128039431500167e-01
0.000000000000000000e+00 1.530266071657064231e+02 1.577708893714083842e+03 1.725962998372970560e+03 8.157680458048946548e+02 5.939276113895497033e+00 7.050175925199682752e+02 4.443230771252969475e+02 2.386340617120737963e-06 1.112492899171364343e+03 7.501658394020449805e+02 5.991051612067698429e+00 7.133334544708828844e+02 8.931648962957930280e+02 4.838396338486999184e+02 1.129526259653131319e+02 2.449343167096391483e+02 1.123558893869191735e+02 1.913818205938560482e+02 1.040841974504621476e+03 1.527078569156250953e+00 0.000000000000000000e+00 2.612795948968721973e+02 9.786731848957907687e+02 1.250739925542417863e+00 1.865428275765693700e+00 0.000000000000000000e+00 5.687466328071657529e+01 2.105486468873964157e+01 8.262221237131464591e+01 1.245953841805829398e+01 2.652763902126665485e+01 0.000000000000000000e+00 1.144461464690204139e+03 5.959422092714912651e+02 1.584193662031080976e+02 5.306758013840421881e+02
0.000000000000000000e+00 7.992793271050578596e+02 4.354677309933367990e-01 8.682951236998039803e+02 2.701560821739651033e+02 3.493923965896386221e+02 9.957990991835621344e+02 5.956410458129852981e-02 6.499732312620388086e+01 6.863919492920601897e+02 8.403622164815333235e+02 1.149686275524557573e+02 6.270444788026750160e+01 1.470805479760873027e+02 5.705362501588773512e+02 6.233489584676980257e+02 5.697059297157378666e+01 4.104363429697114043e+02 0.000000000000000000e+00 3.562460465522616193e+00 6.319233854064033267e+02 7.144904284914327945e+02 0.000000000000000000e+00 2.935374681812949120e+02 4.636005064059833671e+02 8.998823861445756620e+02 4.688632306472395044e+02 7.342378356492297371e+02 1.231309066158144788e+03 3.883886684051939255e+02 1.357358888333631164e+01 2.443590268221279018e+02 8.113588059051263457e+00 6.624131742724023297e+02 4.663229750722738487e+01 8.905525038287543111e+02 7.165076180980256595e+02
0.000000000000000000e+00 8.089254656231095169e+02 9.601820820963610004e+02 1.307852488231578491e+03 0.000000000000000000e+00 1.030483827384748308e-01 1.630589574779242312e+01 1.216564286108344277e+03 1.980322303011273561e+03 4.285687149290495768e+02 2.467692912753213363e+01 4.753831676653898342e+01 7.336376733976067044e+02 5.229210213786540606e+01 9.695825223033857299e+01 1.831371273195907747e+02 1.170335548407191027e+03 1.032216081999118614e+03 9.283396945194992895e+02 3.308590040174790659e+01 1.977606623347390098e+02 1.237629448826069165e+03 7.398820611212686345e+02 1.103159504448760941e+01 1.336399475026065602e+03 6.943864468712139546e-06 1.188219694472402125e+03 4.434750072965546508e+01 4.082067050712761329e+02 2.748668009559206098e+02 6.911898029730894066e+00 8.280404708471323829e+02 1.089517675417342389e+03 4.634022743175951859e+02 6.922739074415388814e+02 1.755205819288414375e+02 1.052032753629364237e+01
0.000000000000000000e+00 8.981430585042285486e+01 0.000000000000000000e+00 9.995624829993610660e+01 7.474194547024183066e+02 1.883056191181611894e+03 1.386363124105986799e+03 3.588418375778736049e+02 1.493659833416945503e+03 0.000000000000000000e+00 1.628711486391044900e+03 3.686914287116471201e+02 5.392036407535002809e+02 1.754716930065705727e+00 1.825321042602773787e+02 1.637755892918985126e+02 2.687628479731671973e+02 3.431647143680765311e+01 6.445985407889736063e-01 1.967533571090876308e+02 3.036785712127628756e+01 4.137306367009200159e+01 8.663055702105314140e+02 0.000000000000000000e+00 1.476546000589425489e+02 6.716897522075087181e+02 6.069570389770937027e+02 1.260387248513148052e+03 8.927393514555722831e+00 1.090081487083828904e+02 2.026994942727528155e+02 2.186787764549143198e-01 3.066690444467872823e+01 5.186630082803782571e+00 6.353082793574122888e+02 4.765499009164953748e+01 6.442787364763191817e+02
0.000000000000000000e+00 5.642905411042040669e+02 9.165140921937044141e+02 1.759906926086524209e+03 1.558643157955064806e+00 8.533087543224364708e+02 1.166486096265204964e+01 1.005428672168334203e-01 8.446642859934012648e-01 1.621442188835876323e+03 0.000000000000000000e+00 9.254216870155318020e+02 1.671228403602545995e+03 0.000000000000000000e+00 8.374631232983071882e+00 7.276036173400676716e+02 2.157897903133620616e+02 7.997453104821767056e+01 1.135948147293696167e+02 6.109055884683957629e+02 2.345241719712909116e+02 1.229195468218139013e+03 7.848247731447636397e+02 6.001339624812322171e+01 4.906680728012157156e-01 7.676943628285006760e-01 3.801138330322107795e+00 1.148669619322547408e+00 4.368567079119829444e+00 4.290485287202002951e+02 7.393832807796813995e+02 7.290576998020311521e+02 9.160394500912460671e+02 3.031889379776571403e+01 1.450469831678959736e+02 0.000000000000000000e+00 3.173239682033484996e+02
0.000000000000000000e+00 1.224433384887809325e+03 1.095405067289605540e+03 0.000000000000000000e+00 8.665929693116570434e+02 6.198887033733710084e+00 3.320169230555681139e+01 1.207985784387976764e+03 2.817198126882991005e+02 1.970182786491457136e+02 1.530477926416151377e+03 1.196703656978470747e+02 4.682105202776387642e+01 1.600072826987319104e+03 1.291376748926933715e+03 4.833786808696186199e+02 2.198591945653948301e+02 4.839416830231092490e+02 4.373670700883160976e+02 7.173089225573523890e+02 2.672389289904118073e+02 1.016338444663830387e+03 1.172773963062018311e+03 8.767767815739063053e+00 2.402562653507090715e+02 4.615134629359214387e+02 1.665863899332630922e+02 4.472523138924596537e+02 0.000000000000000000e+00 7.575612569791279611e+02 6.547623883394791164e+02 5.519541244759205938e+02 2.449146569824455923e+02 0.000000000000000000e+00 1.838539883643761641e+02 2.781350770965941521e+01 2.335995801016950963e+02
0.000000000000000000e+00 1.419062761686286755e+01 7.574595538677610929e-01 0.000000000000000000e+00 2.439121101367504423e+02 4.219578028149014131e+02 6.085184268225383448e+02 6.788650973575448333e+00 2.924547671185072861e+00 2.412673212406791663e+02 7.644576808241788513e+02 0.000000000000000000e+00 0.000000000000000000e+00 1.974841147317120682e-01 4.159433097943209257e-01 2.508529965747447932e+02 0.000000000000000000e+00 1.428473634355099193e+03 1.274973819481720909e+02 2.276702714962922869e+02 6.450629395549715355e+02 2.860152579375028026e+01 6.711527650988118694e+02 3.767415149328429607e+02 3.225922220542080936e+02 1.003658805139250262e+03 3.975138503951162749e-01 4.252070931587842892e+02 3.210884967377301109e+02 4.022764846394882632e+00 6.620366343907049895e+02 7.546936484275224757e+02 7.939055342104121848e+01 5.608518142743380395e+02 5.701984485360558210e+02 1.757460009878686265e+02 7.583624625984924705e+02
0.000000000000000000e+00 2.121484404604540686e+01 1.561733265280676733e+03 1.619837631289634828e+03 7.973679663800209028e+01 6.258426710753655975e+00 5.292617094986159145e+02 1.314068517877662146e+02 2.194202532336759646e+02 1.682767438315910269e+01 1.098834043998874535e+02 8.839275918081549221e+00 9.048802308726217234e+02 6.932234691159685269e+01 2.478386539470540697e+02 4.630150004863878621e+00 1.236343672914472691e+01 6.679358237720414309e+02 4.550234312343823717e+02 3.470284409416780704e+02 2.268802533797119452e+02 6.401745824905262907e+02 8.639812729194356677e+01 5.598943927964442082e+02 3.880893444383460746e+02 1.128763818896499060e+02 5.237235851555745967e+02 5.440162941649886079e+02 8.719606667026750983e+02 3.979937677705066221e+02 4.762363036167728296e+02 2.864936370563384571e+02 3.919946176392466555e+02 4.681084742189231207e+01 1.420613848290992109e+03 1.348849483638665333e+03 2.826347258327493819e+02
0.000000000000000000e+00 1.324215183941969144e+03 3.177121855243706250e+02 8.786493284159804773e+01 6.657077035389242781e+01 7.184490167885307983e+02 4.566183237590717567e+02 7.886167048184903328e-01 2.256563948946603304e+01 2.852499062213454977e+02 4.828478496731939629e+01 1.260801633507619357e+01 1.357138383316429575e+01 7.204610592405343823e+02 1.280480446838902253e+01 1.052364917043349124e+03 1.056604579505650288e-01 1.066844645112238140e+03 1.014311351361004654e+03 3.394210834384990605e+00 1.052185264376057745e+02 3.311841392991833573e+02 5.264212619817727301e+01 1.246028640333225439e+03 5.060336626745800537e+00 9.621151112392986988e+02 9.372346098317979113e+02 2.157234660306281455e+02 1.269748198964120078e+01 1.272974975671857152e+02 1.470152971557874544e+01 8.533459831381189815e+02 5.957183245627380757e+02 5.443138650539706136e-01 1.151243736923602228e+03 4.330087700535056001e+02 1.507541588031627043e+03
0.000000000000000000e+00 0.000000000000000000e+00 1.223939192624572797e+03 1.695836481332616813e+03 1.043173114273193960e+03 1.397524668349466381e+01 2.317635568475936054e+02 2.007797743591102080e-01 2.031523009620434550e+03 1.342788609097682865e+03 6.072234484344661496e+02 3.738105327638815645e+00 0.000000000000000000e+00 5.468381705407892923e+00 1.115106685385433138e+02 5.406937840481618878e+02 2.307543594637936124e+00 7.952147326818763986e+02 1.162145848762098240e+03 2.585188016338233297e+02 3.045189768141056685e+00 6.544760144271660920e+02 6.020218374722276167e+02 7.029243693551176508e-02 8.215156755247542151e+02 1.786450216776165112e+00 9.652031689443839468e+01 1.703260406193494134e+02 1.860283137698116036e+02 6.126960900203136617e+01 0.000000000000000000e+00 1.913011844101698387e+02 0.000000000000000000e+00 1.305963116449474683e+03 3.886319455180477007e+02 1.054831538125921043e+03 0.000000000000000000e+00
