output/example/lateral_incision_000295.asc
nrows	75
cellsize	13.33333333
xllcorner	0
ncols	75
yllcorner	0
NODATA_value	-9999
[rows 51 to 67 of 75, columns 0 to 36 of 75]
0.000000000000000000e+00 0.000000000000000000e+00 1.995899807161108868e+02 7.208156577758752626e+00 0.000000000000000000e+00 3.547590982419662531e+00 0.000000000000000000e+00 8.092657881329887459e+01 1.125839651893288192e+03 6.741698139168644133e+00 3.025696569008853771e+02 7.838415445796869108e+02 7.259571572236878865e+02 4.721430692579608035e+02 1.741164575596186978e+03 1.097190839221235592e+02 6.781012810539776865e+02 4.808190100719797755e+01 1.366141965773675793e+01 7.606102934065943089e+01 1.320545715437547507e+01 2.737268008607371712e+02 1.204373794688907765e+03 0.000000000000000000e+00 8.067617849280094333e+02 1.363356133949659579e+03 4.036884693945265781e+02 1.419969024875458445e+03 3.438801834510264257e+02 0.000000000000000000e+00 0.000000000000000000e+00 0.000000000000000000e+00 1.607298438517428849e+03 5.840445617711316117e+02 1.134679806619580177e+03 6.330295128635938227e+02 5.730541293216418808e+02
0.000000000000000000e+00 7.804744379888428512e+02 3.086157634619135237e+01 6.851392747955642335e+02 2.626446358132513481e+01 1.212027575480543184e+01 1.800674628102402153e+01 5.257813089022730537e+02 9.062116284152567687e+02 1.480777102705378354e+02 1.423867854418420393e+03 0.000000000000000000e+00 1.595936993516729103e+02 2.020864108095898715e+01 5.338339027020969070e+02 1.302976438997783930e+02 1.215952102069177954e+03 2.541613083608781215e-02 3.335278556900748725e+01 0.000000000000000000e+00 2.214000383913001997e+02 8.434128567537491108e+02 7.368167614756207406e+00 4.918388980823101519e+02 9.848659154212524527e+02 9.697253099499682776e+02 1.089889714893604378e+03 1.977296816152149528e-01 1.120350057183215995e+03 4.155412449964362054e+02 4.988099317160382498e+02 1.220850460572131169e+03 0.000000000000000000e+00 0.000000000000000000e+00 0.000000000000000000e+00 1.205536570966630272e+01 1.340961154277058256e+02
0.000000000000000000e+00 0.000000000000000000e+00 9.457706435940004894e+02 4.361699148871754801e+02 6.548430911337209182e+01 0.000000000000000000e+00 2.453215292880573770e+02 1.082688793533472165e+02 6.698460890693110059e+02 0.000000000000000000e+00 0.000000000000000000e+00 7.697848599956054159e+02 6.008989758981638261e+02 0.000000000000000000e+00 7.808775409350798782e+02 6.341985966308598677e+01 2.684839290970604111e+02 6.964478485412424789e+02 5.202781583387628643e+02 6.275679562671459735e+02 2.445202120844353715e+02 9.183506331113649139e+02 4.487739480408186665e+01 5.730777117652514789e+02 6.214794345452800144e+02 8.982074697680959616e+02 1.648187965097089247e+01 1.016972301747171903e+00 2.626267425626642282e+00 0.000000000000000000e+00 1.079948710578814143e+03 1.261806841100543807e+03 4.286870741914519556e+01 1.577672156640319145e+03 0.000000000000000000e+00 0.000000000000000000e+00 2.668094000118493612e-08
0.000000000000000000e+00 1.696758907116155228e+02 1.355265513364430035e+03 3.547167926610937343e+02 3.425832046068499892e+01 1.468499685502877294e-01 6.647689567259106980e+02 5.695967470807664768e+02 4.521105155725460918e+02 2.145856947539497384e+01 1.463818813963711136e+03 2.518415125664688503e+01 9.723583748285985848e+02 7.892843300024421751e+02 1.014963359330125741e+02 6.561164408130501613e+01 1.197419655953352049e+03 4.368696119431044167e+02 6.035288159384410847e+02 5.882629406181986553e+01 2.499140366204106272e+02 6.203067704706083987e+02 1.083130611166736657e+02 2.174328561899920373e+02 6.530922257418129675e+02 1.121384084502811902e+03 0.000000000000000000e+00 1.611461421798495337e+02 7.548609656438212596e+02 1.409480068836642886e+03 1.443321670535528867e+01 0.000000000000000000e+00 7.448207744726444162e+02 8.669361517754024362e+02 3.320526198273334728e+00 0.000000000000000000e+00 1.502550060310824620e+03
0.000000000000000000e+00 0.000000000000000000e+00 1.510666549471339382e+00 2.435266356996985166e+02 5.386756489613961918e+01 4.521875720358566468e+02 1.563668452630973249e+01 3.550165514109810516e+01 8.781792632385104298e+02 0.000000000000000000e+00 8.519455151520131722e+02 2.404283581889425647e-01 1.081712209767657669e+03 3.580066496851085276e+02 7.639552632428085417e+02 7.955321043868443098e+01 5.934166671121056424e+02 1.492308040541434195e+02 7.827299241093310229e+02 3.326003936477926004e+02 1.298194043824500277e+01 7.553085475169931442e+02 6.641578558482372330e+01 1.024681692757239261e+03 1.167084634262446387e-02 1.426714439635194953e+00 6.896793553936744274e+02 7.698243234981551950e+02 1.305543487142666947e+01 1.042618579234471321e+00 1.425591126325545247e+03 8.806334863287356995e+01 9.595336819223543898e+02 2.511145682104000230e+02 1.208912549765908807e+03 5.161367725695028552e-01 7.668396728520247052e+02
0.000000000000000000e+00 4.677555173947692992e+02 1.073863363546658547e+03 1.947068387361457553e+01 2.605088144690000718e+02 1.421657342456055403e+03 2.600305323671293536e+02 1.217139903642536410e+03 8.191139781893089094e+02 2.520369851625043793e+02 0.000000000000000000e+00 8.336563538417852970e-02 6.721031187439585892e+02 1.046932543502964563e+03 7.744227463227528574e+01 2.272207490558117513e+02 1.776617134350399567e+02 1.651695764508643305e-01 1.157625013257892022e+01 4.041751672229368069e+02 0.000000000000000000e+00 1.435899569234048386e+03 1.440809452001652460e+02 8.979107101361628338e+02 2.088786881787573435e+00 3.264594612043867983e+02 6.256468432468146830e+02 8.231349427040801174e+02 4.422398673831214069e+02 0.000000000000000000e+00 4.129625444994745180e+02 2.414537372758409788e+02 6.536760721829939484e+02 4.383611123717252553e+02 2.682399071302987181e+01 8.240567604690819508e+02 1.495657825647432659e+01
0.000000000000000000e+00 9.619356412307047322e+02 1.433612007861408415e+02 1.166099893369340634e+03 9.163331392422829902e-01 9.387402738382960576e-01 1.385705214979808488e+02 2.181754397891283475e+02 0.000000000000000000e+00 1.030759305594275247e+03 4.078815930861843526e+02 3.792214054964321690e+01 1.190451613165452756e+02 5.624417759634911107e+01 8.978627545535253773e+01 1.125058107846685061e+03 1.646509632454074890e+00 5.457855214954265648e+02 1.585656282718501586e+02 1.436674107958085358e+02 3.185417450808733406e+02 1.685784079976501516e+03 7.234191201621999312e+01 4.080557388804459151e+02 5.521927832177972277e+02 1.157814678989460111e+00 2.870828556425449847e+02 6.342932185368052842e+02 1.724640730606328589e+03 3.755540599277341585e+01 3.541057498703535771e+02 1.248047683306362359e+02 1.481802567895267657e+02 3.927004927914097721e+01 6.039791021546680322e-02 6.478183245493694358e+02 3.673068933672257685e+01
0.000000000000000000e+00 0.000000000000000000e+00 6.866840919652740922e+02 0.000000000000000000e+00 1.261065725869111475e+03 4.397139935876724053e+02 1.395133639122354452e+03 8.140116785827087824e+02 1.232122127403450122e+03 5.627214368398579154e+02 2.255353997290404777e+02 1.643585396076004956e+00 5.908681542985053738e+02 2.876927219963254174e+02 0.000000000000000000e+00 3.890225890982231931e+02 4.202883167583947852e+02 1.072298810174368899e+00 6.021255927825562821e+02 6.531688896067054202e+02 6.080567010984788112e+02 4.856892903373034587e-01 3.502285462052248590e+02 6.829311368909059183e+02 0.000000000000000000e+00 0.000000000000000000e+00 9.219459147767830043e-01 5.546250555011664574e+02 2.341121933220090767e+01 3.145690928827546031e+02 1.048040680102647997e+02 0.000000000000000000e+00 4.666734778093292846e+01 4.421233251661715258e+02 2.432488070500466506e+02 5.274410136505471414e+00 1.302474065084945209e+01
0.000000000000000000e+00 1.159645575625704851e+03 3.530527867725173223e+02 8.385300030332948609e+02 1.152901889031026258e+03 2.544635787357598034e+01 8.778499867984942284e+02 1.037899728503263532e+03 1.014776045690537217e+03 5.651305230937402939e+02 4.939629663524234502e+02 6.020818290276183689e+02 0.000000000000000000e+00 3.481676312438144549e+01 1.106008243604370136e+03 2.317407222609632811e+02 1.112373664542453298e+03 6.317850211456423040e+02 1.592877653981330965e+01 3.427760359748964447e+01 6.084979298610169280e+02 4.647992121678322519e+01 1.588708519333786626e+03 9.978341114976516337e+02 5.273208220872224956e+02 2.637164898847756067e+00 1.112543216945978884e+03 2.519865426754845572e+01 8.908520856054763044e+02 1.752084840998144841e+02 6.503543856377535803e+02 3.198559990881860244e+02 0.000000000000000000e+00 0.000000000000000000e+00 3.883175792276583138e+02 1.746593788157413485e+01 1.231609627626259318e+01
0.000000000000000000e+00 1.152518384394894838e+03 1.017381414078763328e+03 4.124234110191432734e+01 3.552303774555610403e+02 9.238792568923786064e+01 3.720856978713057117e+01 2.445228698189342964e+00 0.000000000000000000e+00 7.042805459272869939e+02 1.933922806155619156e+01 7.934951986730166027e+02 2.806736942549193827e+02 1.037087567764742289e+03 3.339992134477720924e+02 5.006349351395377312e+01 9.520856259295842392e+02 8.772139159677548150e+02 1.487396607913021171e+03 4.058546959115963091e+02 4.673362989636487441e+02 2.019556583785106341e+02 1.695320687575069314e+03 4.124707551214948467e+02 6.405615212840759796e+02 2.245631042667326085e+02 2.176589045517975762e+02 6.548996562982033254e+01 1.177291018313226942e+02 0.000000000000000000e+00 1.206671836892605370e+03 5.060527117638634422e+02 8.821148483489585246e+00 5.011535931183138359e+02 2.401847287185781852e+02 5.180760811324901169e+02 1.811025308773789106e+02
0.000000000000000000e+00 1.513694150203636624e-01 3.846323080283650664e-01 3.657510975968071421e+01 3.109226280806186082e+01 8.547508694437606209e+02 8.772382454648992507e+02 8.837907686767199493e+02 6.840451649214702279e+00 5.138290188921306623e+00 2.509939449570956640e+02 1.378782567483656976e+03 1.512112202871838562e+01 1.361801297755524956e+03 5.292645563498007277e+02 1.461444945082164493e+00 5.697009713438112612e+02 2.880789529659093162e+01 5.294091114243929042e+01 4.115004443918322181e+02 2.746147290706944943e+01 1.684743471293077619e+03 0.000000000000000000e+00 3.250251889959452001e+01 2.994444710407875618e+02 4.138835826927596031e+02 4.650644019766369865e+02 0.000000000000000000e+00 3.307994694637323505e+02 2.743133078414327315e+02 7.472590163510982393e+02 7.106060624102805434e+01 0.000000000000000000e+00 7.375150828584911267e+01 1.486529318291598827e+02 2.468034488720126873e+01 3.998038994341441139e+02
0.000000000000000000e+00 1.490019929414979174e+02 1.237024617029662465e+02 3.905396837478892280e+01 7.438838608125690826e+02 7.437866068001674194e+02 0.000000000000000000e+00 6.611360444458501888e+02 3.880302355358095383e+02 5.941608668924587846e+02 5.839683396136071281e+01 8.535092581004422030e+00 2.159522565068186282e+02 1.704670816897631198e+02 4.470765628794060262e+02 1.767245404685296819e+02 4.339877005341828919e+01 5.621749718278998671e+02 1.904338449579102033e+01 1.045392238655928674e+00 5.407941702639574260e+02 1.407876008354961641e+03 2.893142126034022681e+02 1.535456933023440570e+03 1.571894403923716599e+00 1.671420261709207011e+02 2.795236198375155823e+02 2.990612686282626100e+02 8.093476041960130374e+01 3.060054912643853653e-01 1.105403920166419738e+02 1.497011291186470316e+02 7.260184771518220259e+02 3.043130056347498069e+01 1.010232346040606330e+03 3.716787053627236901e+02 2.487091218733116643e-02
0.000000000000000000e+00 9.934312006626905713e+02 1.247518196872810904e+03 9.416780413937304957e+02 6.940139009129296710e+02 4.009449877365535144e+02 3.089435970999200549e+02 6.586511052020478019e+02 0.000000000000000000e+00 1.178464937172378342e+02 1.403701592419328961e+02 1.195022275242837964e+02 4.085737862120457464e+01 2.986669469804972437e+02 1.093018038918222373e+03 3.565623086614344288e+02 4.174482405636699589e+00 4.250786803263099500e+02 8.201465870765985073e+02 3.784225935664585450e+01 8.817598439360659768e+02 1.618678388506847796e+03 3.142371343965228334e+02 5.233448181572790645e+02 1.281978843317475821e+03 2.579212363685460332e+02 9.074118144841642675e+01 1.489525511014469146e+02 7.272180087760391416e+02 2.929351307133538853e+02 2.989489184994399693e+02 1.946709091357954891e-01 7.471917393209785985e+00 4.548179105365793475e+02 1.998225662134325376e+01 4.933969417520311254e+02 8.924605603392444664e+02
0.000000000000000000e+00 1.996626668565377258e+02 8.118626269779149425e+02 1.749382672475454683e+02 3.745638250100064397e+02 1.027410772519400780e+03 1.973428075009066163e+01 3.544847888090449040e+00 6.976706451580118937e+02 2.672871080608740044e+02 1.716772850503132020e+01 3.525164624684961723e+01 7.274699860604204105e+01 9.420327682407971679e+02 1.607271475952231640e+03 4.689731856940762782e+02 1.324562277778246333e+01 7.665826129950677341e+02 2.800360732840338756e+02 4.688517667485240992e+01 1.362040559865858143e+02 9.369332944810459196e+01 2.055642181341130197e+02 4.090763323046635378e+02 1.092177639413219367e+03 9.316173512537945101e+01 1.086076736257859466e+03 2.923447471464255045e+02 6.623734052611048639e+01 2.642801159355922778e+02 2.277880854331784519e+02 1.458142279045279338e+03 3.369723437858654691e+00 5.466461517446927765e-01 1.274916825922837006e+03 0.000000000000000000e+00 1.099164094090198915e+02
0.000000000000000000e+00 1.412708866022061045e+02 2.623580376811410556e-03 2.285454701934671107e+02 5.061800881236237615e+02 3.259277620428332245e+00 1.674905604521342184e+00 1.214081531339790672e+03 2.294151071043867507e+00 5.665375936609268592e+01 1.535678396133483830e+02 6.349334320629839112e+02 1.842479005314758069e+02 2.846180996087380208e+02 3.672866256161817091e+02 8.547828036509476135e+01 3.759016512597860515e+00 6.980548615782591924e+02 1.059484493405418704e+02 2.670746096172657644e+02 1.063924877348190421e+03 3.679791201813793009e+02 0.000000000000000000e+00 5.024541696998273324e+02 1.058309497199711586e+03 4.641059326768500171e+01 4.631638968609548215e+02 5.856542085177125045e+02 4.256375024341887414e-01 1.708501390902928074e+00 6.840989583451537328e+02 2.236753246887280255e+01 1.148556605767337544e+02 1.046594963249533976e+03 2.299795557801072476e+01 1.680244746670879522e+03 0.000000000000000000e+00
0.000000000000000000e+00 1.443508870797965756e+03 7.177728153587655697e+02 1.513702565084865910e+03 3.760759903695367257e+02 6.991448459063327618e+02 1.178006041794959401e+03 5.670290259498282381e+01 2.507602375798127170e+01 1.677748413241414710e+03 6.985460125534216331e+02 1.020735815513411360e-01 1.497973374696127848e+02 1.239843816006707357e+03 1.723498166442885122e+03 2.379544770486738798e+02 4.207057793106344548e+02 2.338267155160894504e+02 3.898711972473947753e+02 9.890754066179802066e+02 2.984244616805441979e+02 5.774379027347851689e+01 4.357954506069563081e+02 9.083970282964994567e+02 8.517070772638851039e+00 1.219451276588478379e+02 5.049666922031109948e+02 2.789370277601126880e+00 0.000000000000000000e+00 3.637966170761428089e+02 1.039068894270684268e+03 7.202736253536234017e+02 4.502082235298126989e+02 1.513086243831313071e-01 7.650043631873593313e+02 1.340480823880209904e+01 1.892585401288862670e+02
0.000000000000000000e+00 3.203814360472176048e+01 5.464579441383272496e+01 8.126392220399665689e+01 8.568531661952226841e+01 4.102658949892762763e+01 9.333610826677279704e+01 9.156573316026076270e+01 5.299523712442879742e+01 5.717404893198521449e+02 7.540249210081565252e+02 6.853278201814708837e+01 1.870605763854352688e+02 3.104132534207297454e+02 1.162226967193808065e+02 6.917008975795347396e+02 8.349748240606901390e+02 4.540250963941447537e+01 8.042235444159317694e+02 7.616436139618794243e+01 1.697824901698691136e+01 0.000000000000000000e+00 5.961785441974973310e+02 2.162357004360332979e+01 2.229953476126906367e+02 2.498133313729428266e+02 1.163496700528883594e+03 5.149443739894121563e+02 6.708617726834552286e+02 5.737882238419580290e+02 8.962915447803068503e+01 3.378959921638526431e+00 1.203596538725615339e+01 1.473399998566183058e+03 6.518461074621488933e+02 2.124889428952704691e+02 2.231519560741865007e+02
