output/example/lateral_incision_000242.asc
nrows	75
cellsize	13.33333333
xllcorner	0
ncols	75
yllcorner	0
NODATA_value	-9999
[rows 34 to 50 of 75, columns 37 to 73 of 75]
8.275044493879883021e+02 0.000000000000000000e+00 4.311285025647794100e+02 4.706345025840875564e+02 1.801504695577731638e+02 3.998722012068115532e+02 9.957809732206985132e+01 3.561369873941627588e+02 1.050356458552604408e+03 1.008985886483166894e+00 7.216686646066174262e+02 6.348900775171242685e+02 1.027271783501485061e+03 1.417058934267121003e+03 5.972547715137437763e+02 8.325263747100672962e-01 1.416610751828757486e+02 9.485976372643814614e+01 1.586863147383277521e+02 1.813858993735221077e+02 2.499126142927995886e+02 7.887807164937969162e+01 4.304577568999447834e+01 9.774786028783923939e+02 9.759816487012443531e+02 2.674305132159211666e+02 5.420387187950700536e+01 1.797374849936385317e+03 2.576827297675574169e+00 1.640207685900259094e+03 1.072349362239175889e+03 1.202306830639939108e+03 3.028987476282165581e-01 3.250862052894047451e+02 7.121495801924783109e+01 0.000000000000000000e+00 6.400723494123691353e+02
7.490929849120131934e+00 1.493772206052798083e+03 1.651204703484635274e+03 3.433254273135908363e+00 5.685343427146787008e+02 1.073498761654720056e+03 1.534372581623795195e-01 4.411828789904806172e+02 4.336770046751989405e+00 5.105458348087368563e+02 7.076785846284013815e+02 8.848572864887503897e+01 3.338419823810204434e+02 5.357030451668223350e+02 8.192941087053151605e+00 6.418243117158674522e+02 7.415459866033563685e+02 4.521217124166292933e+02 6.558809975287838370e+02 5.379544431627294188e+01 1.513655120440046176e+03 3.948399945127103479e+02 1.901525682699657693e+01 7.941752806064826018e+02 5.228492649034807300e+02 7.780659532803098273e+02 2.798108438115222185e+01 1.030085489258081566e+02 7.079883429472882881e+02 8.936081398454651890e+02 5.525289648796574511e+02 6.177299047986268761e+02 1.107610814142648451e+03 3.314739778021431249e+01 1.610783859221114199e+03 6.888262426646916765e+02 0.000000000000000000e+00
6.189959013452688623e+02 6.828307892150576208e+02 6.708054472554722452e+02 4.407855806739595650e+00 6.815623783178054964e+02 5.400275018467117771e-01 1.350769994988617782e+03 1.428409736442989697e+02 1.659959374522918196e+00 7.190164220176559411e+02 1.409739561109232909e+03 1.561067441024629261e+03 7.362733514698969657e+02 1.666827379897478636e+02 0.000000000000000000e+00 1.195354185485484777e+03 1.810781136379922884e+02 1.486842843691631444e+01 1.203660796864162608e+00 1.962905393233411928e+02 0.000000000000000000e+00 1.456270814956188815e+03 1.684163816104875764e+02 3.419310168626266773e+02 4.023166912309495302e+01 1.095544881974265991e+03 2.048675610671718061e+01 1.774662623158752695e+03 5.890380437807614555e+01 1.476960838340011151e+01 9.414648768364327225e+02 5.296179848038549665e+01 1.166002107870904183e+03 1.178850664479111243e+00 1.307481012047302784e+03 4.834520143412634638e+02 5.944803043052889961e+02
0.000000000000000000e+00 5.001861398090588295e+02 0.000000000000000000e+00 3.104496665347840967e+00 9.121790725585150028e+01 7.228955326823746645e+02 8.016465739069540408e-01 4.500410410269999772e+00 2.741984301958360106e+02 7.613816056380395381e+00 7.757723237996841381e-02 1.427778749655141732e+00 2.651739359938214591e+01 2.338996104291245217e+02 6.994853977289723161e+02 1.444654945253506867e+03 0.000000000000000000e+00 1.717185996407327195e+02 4.973712069039939365e+02 4.501544188536009017e+00 3.647290716130230948e+01 1.437071958230571100e+00 7.911159719460725910e+02 0.000000000000000000e+00 5.935665628073272728e+02 3.146136258794160199e+02 6.862060397163185499e+00 6.894643374399995537e+02 1.088536128156305040e+03 6.459612219052315822e+02 7.466489808385799734e+02 5.296437842885328564e+02 2.178009059686198157e+01 2.980218169036575659e+02 4.889159838341654307e+01 4.303140633682836835e+01 2.754621611003560702e+02
4.443025742760032593e+00 9.014983072626498597e+02 4.894783751114092070e+02 8.518744211211200081e+02 9.663859869184622085e+02 6.121031741830902320e+02 7.758687925312727884e+00 6.212992749087039783e+02 4.347545048161219938e+01 1.040000054029820149e+03 8.070135349364791182e+02 1.201091376471954845e+03 5.163621345196670518e+02 7.581072542274157513e+02 3.003847533970281916e+02 1.143566673506810048e+03 5.775159574385692274e+00 8.614417331686987609e+02 1.761036145713502208e+02 9.834197267929263830e+01 5.061842019386149900e+02 2.889832054783973945e+02 1.208692940501115345e+03 9.265280987087814424e+01 1.555380894009229223e+03 2.007563073452315883e-01 1.289611796828411116e+03 1.173016135217088163e+02 9.907293176419884162e+00 8.285717337180868753e+02 1.105140522827190125e+03 1.606000695820966484e+03 7.532870986396876560e+02 6.243856250760373996e+02 1.489710994607295902e+02 7.416352568058081260e+02 3.743092760352283221e+01
8.237147734374866559e+02 6.627936251504732468e+01 1.577269702557539972e+02 1.686460712585170718e+00 0.000000000000000000e+00 0.000000000000000000e+00 5.533067058186949225e+02 3.827311477181865484e+02 1.265148758557154736e+02 1.382842643430310545e+03 1.380369274521136049e+03 2.937322105314600549e+02 1.465324212185966424e+01 3.688771750710177599e+01 6.453914901625238087e+01 1.377988188158770072e+03 1.867285541255906267e+01 1.075408910525235569e+03 3.331934540608194766e+02 1.438123943088329781e+02 9.607996364798728450e+01 5.818254035977626017e+02 1.443061678119468070e+03 1.103547421089003592e+03 1.272050304440271248e+03 1.401791427760358255e+00 2.564115477884653274e+02 6.752874942964160709e+02 1.484871057405490319e+03 1.621623757394643235e+02 7.247237347280449882e+00 0.000000000000000000e+00 0.000000000000000000e+00 0.000000000000000000e+00 2.169048359055533126e+02 3.716179031445104641e+00 1.862282635041153753e+02
6.953386798509418441e+02 6.916122258011614576e+01 1.234770806412879438e+03 8.684492751905218029e+02 0.000000000000000000e+00 0.000000000000000000e+00 4.912583335004003970e+02 1.258552946220688256e+02 3.115367424889686276e+02 1.086071035000735652e+00 2.692923359054351540e+00 7.091290583894526662e+02 1.032845852798220903e+03 3.269379480292391804e+02 3.110409095491203857e+01 1.491981684893069655e+02 2.201597009633619848e+02 3.464096950225197702e+02 9.191931560985314036e+02 1.357664502681598606e+03 0.000000000000000000e+00 5.080174706564904996e-01 1.907113709008799773e+01 2.920304921205872617e+01 1.074241928820938483e+03 8.327381706637841663e-02 1.903514329797603821e+01 0.000000000000000000e+00 7.606390073295674483e+02 3.523513540569820179e+02 1.460868223860279613e+03 1.445368738389274313e+03 4.615065931563804611e+02 1.499791903144505795e+03 2.599844559181672139e+02 6.323506772863439664e+02 5.197729576949959851e-01
1.115240972665079653e+03 0.000000000000000000e+00 1.343698856969779854e+03 1.062977012115584557e+03 8.748792089773520502e+02 0.000000000000000000e+00 3.426944921357725775e+02 3.553574463109713975e+02 1.380688971559261290e+03 1.572325980336053817e+03 8.881188986587882255e+02 1.551557577106234431e+00 0.000000000000000000e+00 1.548345724985900915e+02 8.931928657358065493e+02 6.214001306705081333e+02 0.000000000000000000e+00 1.075664540749800608e+03 0.000000000000000000e+00 3.967289482535996967e+02 0.000000000000000000e+00 6.212068464809367470e+02 0.000000000000000000e+00 7.593319954614465814e+02 8.583968860381714876e+02 1.006168633237404038e+03 2.499529565321785829e-01 4.235310400694641544e+02 2.079281803944377921e-02 3.273390370178700550e+02 0.000000000000000000e+00 0.000000000000000000e+00 1.980567503540727046e+02 3.421406950075127611e+02 9.854439285124106718e+00 5.065993484975494425e+02 3.726288512462468394e-01
2.793318861655743603e+02 5.535456058363029008e+00 1.333091452227151649e+03 9.600192300064485380e+02 3.567421242438091866e+01 9.924675786899537400e+01 1.933081538072635510e+02 2.312139297830447333e+02 5.505087955269315714e+00 6.351569209496261692e+02 8.121133540642972548e+00 2.840685599405877948e+00 7.100603075482359827e+01 1.758144188292153798e+00 4.982249872402003916e+02 0.000000000000000000e+00 1.600201615130929895e+03 4.081367241536353845e+02 9.690681298899650642e+01 4.185985036424889358e+02 1.321543749991881123e-01 2.148015162478623097e+01 0.000000000000000000e+00 1.063528115782924942e+03 6.559066112834385649e+02 3.921258182758151634e+00 4.202342851250991771e+02 6.021207030133876970e+02 1.387534734417914478e+03 2.276528565731948461e+01 2.486221521822631644e+02 5.990614244156876111e+02 2.425823824600801402e+02 8.188973872558344738e+02 1.525481873941626532e+02 5.951506904522049126e+02 3.400279881053292570e+02
1.631675107509006466e+03 4.690827799256540231e+01 5.635378106744740307e+02 5.604030399765449602e+02 2.799992295588406819e+02 3.342397256723919554e+02 9.885007451709965665e+01 1.005527007717084985e+03 0.000000000000000000e+00 0.000000000000000000e+00 5.628599291395701130e+02 2.489462797355874386e+02 1.163116134620565418e+02 5.641687675601121832e+00 0.000000000000000000e+00 8.574210047270612733e+01 1.242270128605966192e+03 4.346412964854644088e+02 1.044272657970805938e+02 5.926140163298903190e+02 0.000000000000000000e+00 3.489815610202099947e+02 4.924629736641425097e+02 4.584559356192551860e+01 7.303737263477752428e+00 9.091048892889650688e+02 0.000000000000000000e+00 2.619853689696495902e+00 8.555505297267279730e+02 2.949436385524458615e+02 4.612482069406670462e+02 1.443902928053710411e+03 1.345216597513524732e+02 1.132379406465039665e+03 9.780895793120193105e+01 4.659082512219656564e+02 2.856174184420681286e+02
1.103567006036069643e+03 4.978184420763168916e+00 1.657795817196998769e+03 3.071417962689476644e-01 2.112680343931557161e+02 6.866563087904971781e+02 3.037008237311108587e+02 2.774407671900485752e+02 6.707921604599999910e+02 1.928029082866657404e+02 2.094100468002124558e+02 4.377958796707165448e+02 3.021450746906862719e+02 3.869982213439162706e+02 1.155328630131103429e+00 3.384192428753678428e+02 1.814668091035187780e+00 8.548428475712139516e+02 3.840978235047286944e+02 5.421725446431922002e+00 1.622123853191399576e+03 1.830912593152600266e+03 1.261065223644603748e+03 5.854760229710522346e+00 3.645604540559701263e+02 4.860590623205951601e+02 1.095218619661219464e+03 8.881530850538471213e+02 7.090799574929199878e+01 1.563905333011669256e+02 7.902785768953737033e+02 6.346236013244830332e+01 1.395838866144538599e+02 2.550739935078026122e+02 3.461705365960416998e+02 3.258367807441610466e+02 5.241827476977034621e+02
2.534499483125375718e+02 1.374752793410335627e+00 4.956202883968617812e+02 2.617815210159976687e+02 2.494916544599157682e+00 1.121464041492363549e+03 4.690940723462759365e+02 1.002551826904978327e+01 9.501414377379863936e+02 7.600042808903320690e+01 9.542664277756430238e+02 1.514263325402145810e+01 3.069532007140060728e+02 5.126150602979632822e+02 3.824314591552948741e+02 4.191348170592092259e+01 4.859336339653170285e+02 3.887537244435207384e+01 3.656420988101277203e+02 1.562852716850663001e+03 3.633852148587167334e-05 1.330229571724941252e+03 3.151195424437644377e+01 2.945207773545662917e+02 4.080379700195199462e+02 1.041427582639454386e+03 8.242584368408226965e+02 3.474691067560930833e+02 4.389616636658325319e+02 1.546285880199397297e+03 0.000000000000000000e+00 1.126295641727297379e+03 1.504725876198658852e+03 1.164166177316046060e+03 6.343424003538896159e+02 5.501517957730064836e+02 3.690949522893690755e+02
1.021244385024753797e+03 2.643271840827303709e-01 3.974420867031177806e+01 4.655462800885047159e+02 1.594252408647862218e+01 1.298016464486393943e+03 9.225342916172576224e+02 2.555973251500862187e+00 5.276932491935291409e+02 2.459346048645513427e+00 6.988201453837682209e+01 1.990972417750147372e+02 1.068321337046667850e+03 8.366520743821271253e+02 1.957910556004755165e+01 1.048147813380045136e+03 7.360770872285687574e+02 0.000000000000000000e+00 1.450267111031594595e+03 0.000000000000000000e+00 1.124879314594311808e+01 0.000000000000000000e+00 9.110432923220348300e+01 3.656664235345537008e+02 0.000000000000000000e+00 2.743742730902900995e+00 3.542193282340064364e+00 1.329198024731504404e+02 9.439040196868718624e+01 1.681160641921374236e+03 0.000000000000000000e+00 1.033380712732642223e+03 4.886319032737650332e+02 8.669599352761301816e+02 2.732640736003767188e+02 8.689947406195699386e+02 3.439504555845797995e+02
5.103767524000831912e+01 1.227086332479746261e+03 2.099497850094335050e+01 1.451368923828915058e+03 1.903506294397411125e+02 0.000000000000000000e+00 6.180129118096812135e+02 5.347098859094990608e+00 1.384599915197056134e+03 1.399038865267183951e+02 5.593349466339810050e+01 5.843484983561189665e+02 1.587764970128885409e+02 7.035244793587904724e+02 3.895280540301283168e+02 1.989892564468421483e+02 7.014810644989854609e+02 0.000000000000000000e+00 9.933638937414508518e+02 4.330056108961430894e+00 2.793443405947452902e+02 6.661934854597623135e-02 1.081900513186437962e+01 5.183755070728141012e-01 1.219079815234978923e+03 2.708900480799853128e+00 1.064070842519028929e+03 3.311518541881325177e+02 3.343203269346450952e+02 5.878751873718365459e+02 5.229002911484542437e+02 1.747805089571368455e+02 1.814394109713541070e+02 5.725844021692687580e-01 6.178487271742651501e+02 8.229206180429727624e+01 5.479733633903553027e+02
0.000000000000000000e+00 5.908169673891637785e+02 4.275350913763386274e+00 4.131722202804070889e+02 7.206092718467048144e+02 1.657193234162494422e+00 7.793760379573066075e+02 2.320743527865268518e+01 4.722606272836084145e+02 0.000000000000000000e+00 2.432059351456674676e+02 4.810670381636794559e+02 3.133172317553322159e+02 5.535633498278365686e-06 1.072015367246870255e+03 6.063034006801191254e+02 1.006737687090884776e+02 1.018184530185658559e+03 4.984835538571793512e-01 9.397493861079885846e+02 4.747275594606896334e+02 9.717448028994400688e-03 5.030537246176420467e+02 1.068290079446733820e+00 4.562319228812180540e+02 1.472169666131333770e+03 2.166289920903240329e+02 0.000000000000000000e+00 9.596908221478412315e+02 8.657929033225508419e+02 9.083916795528667762e+02 1.062096739962235915e+03 1.179134653362795717e+02 9.642576120320119344e+02 2.980559225183611716e+02 1.554162092278810633e+03 3.070178049910318236e+02
4.527354302884915001e+02 9.163170525857504245e+00 1.297960999250839222e+03 3.843225822054290006e+02 7.826764873103934406e+02 9.927620376604409103e-01 1.718063853362492921e+02 2.014466128578587600e+01 7.204589993170403659e+02 4.884820682434511951e+01 7.853829771064685872e+01 0.000000000000000000e+00 1.350614806034467392e+02 1.365239459787876285e+03 0.000000000000000000e+00 4.023564892846916337e+02 2.272842660379270541e+01 0.000000000000000000e+00 1.592092510609712690e+03 8.816980426081471478e+02 1.111608777418665795e+03 7.694017875536319480e+02 1.149025268841006309e+00 1.659948668912134462e-04 6.963423111657060360e+01 4.079653394233436075e+02 4.032587847154975407e+02 4.022212989687930644e+02 2.460104706724961261e+02 0.000000000000000000e+00 8.057319181148380949e+01 3.725980924857813292e+00 1.335812571393141752e+03 2.657268770484796505e+02 2.356960714924953137e+01 4.628534440239752357e+00 3.892155673452232634e+01
5.907594121959851563e+00 9.200946616687806667e+00 1.020978300490662605e+03 6.461915389339995954e+02 1.632306349571376547e+00 6.832244600805437358e+02 3.007482684906210579e+02 1.965359643318279126e+01 9.413135157851988879e+02 1.753794440146895681e+02 4.999578075139108932e+02 3.880476399649007249e+02 2.489883495077057862e+00 5.249707398594591723e+02 1.181558847867303029e+03 0.000000000000000000e+00 1.352723954200553635e+03 1.098188398506267959e+03 0.000000000000000000e+00 3.847734212746589151e+02 3.443637492493555214e+02 7.103229613199391679e+02 0.000000000000000000e+00 1.305432379029682807e+03 2.113598896563588823e+03 6.428022093093952449e+00 4.339662447335364845e+02 8.462070810186907011e+02 7.523648845071655842e+02 6.258887167572594024e+01 6.992701870182602875e+01 3.633205435686626856e+02 8.730988686988995369e+02 1.240219987541238140e+02 1.409260384784419330e+03 1.407927905244885096e+03 3.357349030539424461e+02
