output/example/lateral_incision_000013.asc
nrows	75
cellsize	13.33333333
xllcorner	0
ncols	75
yllcorner	0
NODATA_value	-9999
[rows 34 to 50 of 75, columns 37 to 73 of 75]
1.354816027160623916e-11 8.565297145613728022e-12 0.000000000000000000e+00 0.000000000000000000e+00 0.000000000000000000e+00 0.000000000000000000e+00 0.000000000000000000e+00 1.637301981968025521e-12 0.000000000000000000e+00 5.283381181761177842e-10 6.924827277283684649e-13 2.667186313373422149e-11 0.000000000000000000e+00 0.000000000000000000e+00 1.176253931611061277e-11 3.342938754551593205e-12 0.000000000000000000e+00 0.000000000000000000e+00 0.000000000000000000e+00 0.000000000000000000e+00 0.000000000000000000e+00 0.000000000000000000e+00 0.000000000000000000e+00 5.745202679418680819e-13 0.000000000000000000e+00 5.751030229088810223e-13 3.410032773983168186e-12 5.457956388195887334e-12 1.666773315378667563e-12 0.000000000000000000e+00 1.037259611951571523e-12 1.875977728700420489e-12 3.420433478218240063e-12 0.000000000000000000e+00 0.000000000000000000e+00 0.000000000000000000e+00 0.000000000000000000e+00
0.000000000000000000e+00 3.197412029384470758e-11 0.000000000000000000e+00 0.000000000000000000e+00 0.000000000000000000e+00 0.000000000000000000e+00 1.651143870304466425e-12 0.000000000000000000e+00 2.940903702135120208e-12 2.788694408683175020e-12 0.000000000000000000e+00 1.565306503932257820e-12 2.333459576031926910e-11 3.378589778513784802e-12 0.000000000000000000e+00 0.000000000000000000e+00 0.000000000000000000e+00 0.000000000000000000e+00 0.000000000000000000e+00 0.000000000000000000e+00 1.662591264023856933e-12 1.661055942974563083e-12 0.000000000000000000e+00 0.000000000000000000e+00 0.000000000000000000e+00 0.000000000000000000e+00 1.667087603333505098e-12 0.000000000000000000e+00 1.667087603333505098e-12 0.000000000000000000e+00 5.699283589256138748e-13 0.000000000000000000e+00 0.000000000000000000e+00 0.000000000000000000e+00 0.000000000000000000e+00 0.000000000000000000e+00 1.640103540389630334e-12
2.506904941026830443e-11 0.000000000000000000e+00 5.631666326659589137e-13 0.000000000000000000e+00 0.000000000000000000e+00 0.000000000000000000e+00 0.000000000000000000e+00 5.675005790115696821e-13 3.358260904644863078e-12 1.722940517512163415e-12 1.788196908191363051e-10 2.998325431948916925e-12 1.879403840358728369e-18 5.272426380833376139e-12 0.000000000000000000e+00 0.000000000000000000e+00 0.000000000000000000e+00 0.000000000000000000e+00 0.000000000000000000e+00 1.662881875491622913e-12 0.000000000000000000e+00 1.659417620027017878e-12 0.000000000000000000e+00 0.000000000000000000e+00 0.000000000000000000e+00 0.000000000000000000e+00 0.000000000000000000e+00 0.000000000000000000e+00 0.000000000000000000e+00 0.000000000000000000e+00 0.000000000000000000e+00 0.000000000000000000e+00 0.000000000000000000e+00 0.000000000000000000e+00 0.000000000000000000e+00 1.640103540389630334e-12 0.000000000000000000e+00
1.652722231280536339e-12 0.000000000000000000e+00 1.646600903200066527e-12 3.370060007679203798e-12 0.000000000000000000e+00 0.000000000000000000e+00 0.000000000000000000e+00 0.000000000000000000e+00 1.836191763475220781e-12 0.000000000000000000e+00 1.722940517512163415e-12 4.780349697496476252e-17 0.000000000000000000e+00 1.629462650842766497e-10 1.034304456549651925e-12 1.665347990066121476e-12 0.000000000000000000e+00 1.675854429300768987e-12 1.665796762043565918e-12 0.000000000000000000e+00 1.454027172251325475e-12 5.718751797705855841e-13 0.000000000000000000e+00 0.000000000000000000e+00 1.690939524912636713e-12 0.000000000000000000e+00 0.000000000000000000e+00 0.000000000000000000e+00 0.000000000000000000e+00 0.000000000000000000e+00 0.000000000000000000e+00 1.654817170408067980e-12 3.404049167825483438e-12 0.000000000000000000e+00 0.000000000000000000e+00 0.000000000000000000e+00 5.634499577139854479e-13
0.000000000000000000e+00 7.133710965393695941e-12 0.000000000000000000e+00 1.656040760852291677e-12 9.092943176895792726e-19 0.000000000000000000e+00 0.000000000000000000e+00 1.802282292373124733e-12 0.000000000000000000e+00 3.335054853033072977e-12 3.353412370004631344e-12 1.628844433472760006e-12 1.562218517505348173e-12 3.194387117884069768e-12 4.696729390792081588e-17 0.000000000000000000e+00 2.718506850814203100e-11 1.665183847299483886e-12 5.736674265267065630e-13 5.714545235369414980e-13 6.156123150204683608e-12 0.000000000000000000e+00 3.439466276696073216e-12 1.689847451480499670e-12 0.000000000000000000e+00 0.000000000000000000e+00 0.000000000000000000e+00 0.000000000000000000e+00 0.000000000000000000e+00 0.000000000000000000e+00 0.000000000000000000e+00 0.000000000000000000e+00 1.672492194310727208e-12 3.410636817629501947e-12 0.000000000000000000e+00 0.000000000000000000e+00 2.665267983444643307e-12
0.000000000000000000e+00 1.764465477905772750e-11 1.654973328804028413e-12 0.000000000000000000e+00 0.000000000000000000e+00 0.000000000000000000e+00 0.000000000000000000e+00 0.000000000000000000e+00 6.097331506190261133e-13 3.413121308746899253e-12 1.670546709000937259e-12 0.000000000000000000e+00 1.628844433472760006e-12 1.563086357324068049e-12 0.000000000000000000e+00 1.753700124933640123e-12 1.690503948765830344e-12 2.080387747958812384e-11 5.725684966528972531e-13 0.000000000000000000e+00 0.000000000000000000e+00 3.425307732238704768e-12 4.250888261373982702e-12 0.000000000000000000e+00 5.820645974577001465e-13 0.000000000000000000e+00 0.000000000000000000e+00 0.000000000000000000e+00 0.000000000000000000e+00 0.000000000000000000e+00 1.115983583173357800e-11 3.027865259839744532e-12 0.000000000000000000e+00 1.673587724435916985e-12 1.653189827646478993e-12 3.392452683879321897e-12 1.033442338980873444e-12
0.000000000000000000e+00 0.000000000000000000e+00 3.381616813162798319e-12 1.660028269582467577e-12 0.000000000000000000e+00 0.000000000000000000e+00 0.000000000000000000e+00 0.000000000000000000e+00 3.414908629103142238e-12 3.019845656554552329e-12 0.000000000000000000e+00 5.391925197136290302e-12 3.353461131492768399e-12 3.255769115745150573e-12 5.199675706963387196e-12 1.655298850191097874e-12 6.185158945172829120e-17 5.649638314219841358e-13 0.000000000000000000e+00 0.000000000000000000e+00 1.564471453532121443e-11 1.670713184016001370e-12 0.000000000000000000e+00 5.806148064917705291e-13 3.439466276696073216e-12 0.000000000000000000e+00 0.000000000000000000e+00 3.406013992630584744e-12 1.665608875453982575e-12 5.724679784970106746e-13 0.000000000000000000e+00 3.410636817629501947e-12 1.673587724435916985e-12 0.000000000000000000e+00 3.365116623869093625e-12 1.658873701292132548e-12 0.000000000000000000e+00
0.000000000000000000e+00 0.000000000000000000e+00 1.451565443680659847e-12 0.000000000000000000e+00 5.654087777883337672e-13 0.000000000000000000e+00 0.000000000000000000e+00 0.000000000000000000e+00 5.721510120140189899e-13 0.000000000000000000e+00 4.266997411231487041e-12 3.413121308747293053e-12 0.000000000000000000e+00 0.000000000000000000e+00 3.120498101064435233e-12 2.320999091135214378e-11 1.372142539251164478e-10 0.000000000000000000e+00 0.000000000000000000e+00 3.438716563977191646e-12 1.671610256385067456e-12 0.000000000000000000e+00 1.676031575637795005e-12 3.425307732238704768e-12 0.000000000000000000e+00 0.000000000000000000e+00 3.398481455764489921e-12 5.412553269217152334e-12 0.000000000000000000e+00 1.666756156834857952e-12 0.000000000000000000e+00 0.000000000000000000e+00 3.392669818779906556e-12 1.659112107778277362e-12 1.640024343988490748e-12 3.347445857900691894e-12 1.658873701292132548e-12
3.330721685767643815e-12 0.000000000000000000e+00 0.000000000000000000e+00 1.651255241788595889e-12 0.000000000000000000e+00 0.000000000000000000e+00 0.000000000000000000e+00 0.000000000000000000e+00 0.000000000000000000e+00 4.242374895624415526e-12 3.414908629103142238e-12 0.000000000000000000e+00 0.000000000000000000e+00 1.636408425000824344e-12 1.211564792995610950e-10 0.000000000000000000e+00 9.543170095825433993e-12 0.000000000000000000e+00 6.232282866926186723e-12 1.682302315923586791e-12 0.000000000000000000e+00 5.764178826511193255e-13 3.424466186847180082e-12 0.000000000000000000e+00 0.000000000000000000e+00 3.395737255426682317e-12 1.661851392866487528e-12 0.000000000000000000e+00 1.665608875453982575e-12 0.000000000000000000e+00 0.000000000000000000e+00 0.000000000000000000e+00 0.000000000000000000e+00 1.624330554762939411e-12 0.000000000000000000e+00 1.657683329095892403e-12 0.000000000000000000e+00
0.000000000000000000e+00 1.640160607547030608e-12 1.655035101682996480e-12 0.000000000000000000e+00 0.000000000000000000e+00 0.000000000000000000e+00 0.000000000000000000e+00 0.000000000000000000e+00 0.000000000000000000e+00 0.000000000000000000e+00 0.000000000000000000e+00 0.000000000000000000e+00 1.675525436574307167e-12 0.000000000000000000e+00 2.906526022272632354e-10 5.238830635992278519e-13 5.422235209334504589e-13 0.000000000000000000e+00 1.690931037587573848e-12 0.000000000000000000e+00 1.682302315923586791e-12 3.438716563977191646e-12 1.686946739711119543e-12 0.000000000000000000e+00 0.000000000000000000e+00 1.660010262726606353e-12 0.000000000000000000e+00 4.216080426326311600e-12 0.000000000000000000e+00 0.000000000000000000e+00 0.000000000000000000e+00 0.000000000000000000e+00 1.647861615667088096e-12 2.113704782920855142e-11 5.271259280959831349e-12 0.000000000000000000e+00 0.000000000000000000e+00
1.646379336101742980e-12 0.000000000000000000e+00 5.628053817024958270e-13 0.000000000000000000e+00 0.000000000000000000e+00 0.000000000000000000e+00 0.000000000000000000e+00 3.409802375371314863e-12 1.665329611910316868e-12 6.130582960644802724e-12 3.414120779321123705e-12 1.676713697088935690e-12 0.000000000000000000e+00 3.023630467991772020e-12 1.661271349885327867e-12 0.000000000000000000e+00 1.607092758643614464e-12 3.323655926527190755e-12 0.000000000000000000e+00 1.679629972976161438e-12 3.451404128265746190e-12 0.000000000000000000e+00 0.000000000000000000e+00 0.000000000000000000e+00 1.666882592845117466e-12 8.706947398924938527e-12 4.214550514191717177e-12 3.395737255426682317e-12 0.000000000000000000e+00 0.000000000000000000e+00 1.648372739900227457e-12 0.000000000000000000e+00 3.325481129156473451e-12 1.616849224831066817e-12 3.306094683609793794e-12 1.811809469367273059e-12 0.000000000000000000e+00
0.000000000000000000e+00 1.799067906130358432e-12 1.655016808258674553e-12 0.000000000000000000e+00 0.000000000000000000e+00 0.000000000000000000e+00 0.000000000000000000e+00 0.000000000000000000e+00 1.665610687415245694e-12 0.000000000000000000e+00 5.718750734872404101e-13 0.000000000000000000e+00 3.430148408456168614e-12 1.682503850969482891e-12 0.000000000000000000e+00 3.483517907851868507e-17 0.000000000000000000e+00 7.743759856517487907e-19 1.656329468179673475e-12 3.429884580472795093e-12 0.000000000000000000e+00 0.000000000000000000e+00 1.678202030016896071e-12 3.444434833476500262e-12 1.662207264198455725e-12 9.570536686797502968e-12 5.707179924236358490e-13 0.000000000000000000e+00 0.000000000000000000e+00 5.652671926249106425e-13 0.000000000000000000e+00 3.317828568052160054e-12 1.616849224831066615e-12 0.000000000000000000e+00 2.928087128689035148e-12 0.000000000000000000e+00 1.659056905063422167e-12
0.000000000000000000e+00 0.000000000000000000e+00 0.000000000000000000e+00 0.000000000000000000e+00 0.000000000000000000e+00 0.000000000000000000e+00 0.000000000000000000e+00 5.729476340710194500e-13 3.402619302990461776e-12 5.709710807206645459e-13 4.385638346633608094e-12 3.417486787737108389e-12 1.674759318935757417e-12 0.000000000000000000e+00 8.391347422292348172e-12 0.000000000000000000e+00 5.993369854246344046e-12 9.863923730533010682e-12 1.607092758643614464e-12 0.000000000000000000e+00 3.434818241487628809e-12 4.486896590371501360e-11 0.000000000000000000e+00 0.000000000000000000e+00 1.034181281868493884e-12 3.408401719698224722e-12 0.000000000000000000e+00 0.000000000000000000e+00 0.000000000000000000e+00 1.630873960726680229e-12 7.640935967911737277e-11 2.545804766315835056e-11 3.330742049026873682e-12 6.153356255819901557e-18 3.355514894057985338e-12 5.690194579369887362e-13 0.000000000000000000e+00
0.000000000000000000e+00 0.000000000000000000e+00 0.000000000000000000e+00 1.662199011839673754e-12 0.000000000000000000e+00 0.000000000000000000e+00 0.000000000000000000e+00 0.000000000000000000e+00 0.000000000000000000e+00 0.000000000000000000e+00 1.664192994751923236e-12 1.380339110441404380e-11 0.000000000000000000e+00 1.674759318935757417e-12 0.000000000000000000e+00 5.741918834146933691e-13 0.000000000000000000e+00 9.113143004769277637e-11 2.676761066581847258e-11 8.007106437718664477e-18 1.684331136044380230e-12 0.000000000000000000e+00 5.782627822624780482e-13 3.444434833476500262e-12 0.000000000000000000e+00 0.000000000000000000e+00 0.000000000000000000e+00 0.000000000000000000e+00 3.361091687313078522e-12 2.264734599169724391e-18 5.611446158838205008e-13 5.562815578308628332e-13 3.313503192296878321e-12 6.715037034715811373e-12 3.330944162402328793e-12 5.702344055926194165e-13 0.000000000000000000e+00
9.186781791199940409e-11 0.000000000000000000e+00 3.408257440894574745e-12 0.000000000000000000e+00 1.109995382263213164e-11 5.714081134109532550e-13 0.000000000000000000e+00 0.000000000000000000e+00 0.000000000000000000e+00 0.000000000000000000e+00 1.663271357606827040e-12 0.000000000000000000e+00 1.028771080110571516e-12 0.000000000000000000e+00 1.666678295962445552e-12 0.000000000000000000e+00 5.721432956288991667e-13 5.767503696537073925e-13 2.410109649629150763e-17 0.000000000000000000e+00 1.637988021760734106e-12 1.684331136044380230e-12 3.434868542366924180e-12 0.000000000000000000e+00 0.000000000000000000e+00 0.000000000000000000e+00 0.000000000000000000e+00 0.000000000000000000e+00 1.644256456897487012e-12 0.000000000000000000e+00 6.776343363350766904e-19 5.591756724643656532e-13 1.620444734495059446e-12 0.000000000000000000e+00 1.629671317146344397e-12 3.347862432083965093e-12 0.000000000000000000e+00
1.653942312450683638e-12 0.000000000000000000e+00 1.655947873858169871e-12 0.000000000000000000e+00 3.011618187948946026e-12 0.000000000000000000e+00 1.664536678197124752e-12 0.000000000000000000e+00 0.000000000000000000e+00 0.000000000000000000e+00 5.722013696694211543e-13 0.000000000000000000e+00 3.402202103329014006e-12 0.000000000000000000e+00 0.000000000000000000e+00 5.714688530377454022e-13 0.000000000000000000e+00 3.432889276022318004e-12 1.682731851196855522e-12 8.374749648262100716e-11 3.349318790764485874e-12 2.654663998475245616e-10 3.405942460061106970e-12 0.000000000000000000e+00 0.000000000000000000e+00 0.000000000000000000e+00 0.000000000000000000e+00 5.240346798329817645e-11 3.393827230771897387e-12 3.845766364130208844e-11 1.095286458349719998e-11 0.000000000000000000e+00 5.972490735046478250e-12 4.540781175569636471e-12 0.000000000000000000e+00 2.963060443482878977e-12 3.378662849598243156e-12
3.375283106635324507e-12 1.214262602456976517e-11 3.307198405622740998e-12 7.220775522420797229e-12 3.387375704788673363e-12 5.701898897877229315e-13 0.000000000000000000e+00 0.000000000000000000e+00 0.000000000000000000e+00 0.000000000000000000e+00 0.000000000000000000e+00 4.244305789993333309e-12 0.000000000000000000e+00 0.000000000000000000e+00 0.000000000000000000e+00 0.000000000000000000e+00 3.447869717938748237e-12 1.694485956944864098e-12 0.000000000000000000e+00 2.088958075206707625e-11 9.484673150934831460e-17 0.000000000000000000e+00 5.804905535279917513e-13 2.688065466241535611e-10 3.465214811543504446e-12 3.353192062918340286e-12 5.619972171690408340e-11 0.000000000000000000e+00 4.155932860513578023e-11 1.632674216000407984e-12 3.328077692435793147e-12 0.000000000000000000e+00 0.000000000000000000e+00 8.446241964727051813e-12 1.833449691732130108e-12 0.000000000000000000e+00 1.664844525179559171e-12
