output/example/lateral_incision_000168.asc
nrows	75
cellsize	13.33333333
xllcorner	0
ncols	75
yllcorner	0
NODATA_value	-9999
[rows 51 to 67 of 75, columns 0 to 36 of 75]
0.000000000000000000e+00 4.462780450094953011e+01 2.679703316983513446e+02 4.824850278182994390e-01 0.000000000000000000e+00 0.000000000000000000e+00 5.576963174612311605e+02 7.737898783087922538e+01 1.135638466722763269e+02 1.075301943665916951e+03 3.319081358789814118e+01 2.185541035408290043e+02 4.935974012047515680e-02 4.721430692579608035e+02 3.418351941353232348e+01 7.200279043485176089e+02 1.104111226973745488e+03 1.474314307573095562e+00 5.067297272269104838e+02 3.742386983072621964e-01 9.771942750655410181e-01 7.747848605572024150e-01 1.186567428511382786e+03 6.456023175802355354e+02 6.440919428031683083e+02 1.243517472907255592e-04 1.694745296633404905e+03 1.903097043414448990e+02 6.403834382640200147e+02 6.643097646966616594e+02 1.433535895680318390e+03 0.000000000000000000e+00 0.000000000000000000e+00 0.000000000000000000e+00 0.000000000000000000e+00 3.760267523320567351e-01 6.353700946057919055e+02
0.000000000000000000e+00 2.638976824798659777e+02 3.741172508812700244e+02 1.176959634770652656e+03 8.378413065552782868e+00 1.212027575480543184e+01 1.800674628102402153e+01 4.661741264733843764e+02 4.594583670872632979e+02 9.006689876235909651e+02 0.000000000000000000e+00 1.017709941317855282e+03 0.000000000000000000e+00 7.694091410401083131e+00 1.079079402815817957e+03 5.976197580815445463e+02 0.000000000000000000e+00 7.201611764998763192e+02 2.453578916368137470e+02 8.963286945620474455e+00 3.628850062778513319e+01 0.000000000000000000e+00 5.170886786062559395e+02 4.140465041901013592e+02 0.000000000000000000e+00 1.439721008282386038e+03 9.292888700133691060e+00 1.423888033652330307e+02 2.722934540801679182e-01 6.264501818492509955e+01 5.444908355857228344e+02 4.904145934653558356e+02 9.877173257871672831e+02 1.639183639194394345e+03 2.117028973385373831e+02 3.646372554571689761e+01 1.676142349542161369e+01
0.000000000000000000e+00 0.000000000000000000e+00 8.945181501407546421e+01 1.612764358302920755e+03 1.018540686751329758e+03 7.276900752312616305e+02 2.308080678195220230e+02 1.082688793533472165e+02 2.915286157217613550e+02 1.300587146323481420e+03 1.456994487826920537e+00 3.752610790091788431e+02 1.805772317603369093e+00 2.156161447876356263e+01 9.162994302872558592e+02 1.098271259237761342e+03 2.735723225786028667e+00 3.543467187502885167e+02 5.201562927917848356e+02 6.275679562671459735e+02 0.000000000000000000e+00 5.798495459405061183e+02 9.130772889911797847e+02 3.846776397506647527e+01 1.581134697567714966e+03 0.000000000000000000e+00 1.112621484655125315e+01 6.414931455524236981e+02 5.171986304433384479e-05 1.048260562910937097e+03 4.450979912956836415e+02 3.887084865856329685e+01 1.400003938068135994e+03 1.750662608279809263e+02 1.619585400324695001e+01 7.687802081369338794e+02 1.605841940525590132e+02
0.000000000000000000e+00 6.171614584027881847e+02 1.036790284865392096e+03 1.028916794140730957e+02 3.865707123406269830e+01 6.036345392532223286e+02 1.707772179938350291e+03 3.956687322376124598e+02 0.000000000000000000e+00 8.757040067058312616e-01 0.000000000000000000e+00 4.365994866957940985e+02 1.281496527629681692e+00 0.000000000000000000e+00 6.463766442965734313e+02 4.835406427676450107e+02 1.684422418119321776e+02 1.077378400702032195e+03 6.035288159384410847e+02 1.026807415246323352e+01 3.332768804264392770e+02 3.636075711328761031e+02 8.138669774051503225e+01 5.588450990205152493e+02 3.814574617764318418e+02 1.213438168346733619e+03 3.917580048661445744e+02 1.391763843816181634e+02 7.070080158391767782e+02 2.628382880406895339e+01 5.100906985308147341e+02 4.149794276951722622e+02 2.822865647346807236e+02 3.170026677486521294e+02 4.252724922800074836e+01 6.571492904074002581e+02 4.189975463088622676e-01
0.000000000000000000e+00 0.000000000000000000e+00 9.069467053821986156e+02 9.237870708968628151e+02 1.303776808341875494e+03 5.297968421031192143e+00 6.335861926440666814e+00 6.675914271762226235e+02 3.307018383809412398e+01 0.000000000000000000e+00 8.097542696337769996e+01 0.000000000000000000e+00 2.211560115216721840e+02 1.315554766343346728e+03 4.170433504346847542e+01 9.222222062847454254e+02 0.000000000000000000e+00 7.355762683665828661e+01 7.827299241093310229e+02 3.326003936477926004e+02 1.438596554449809730e+02 6.648117136753154410e-01 2.534352970725854348e+01 5.460101163616235453e+02 5.276809167982995064e+01 6.157291080322657706e-01 6.056544510460319088e+02 7.697518718050416737e+02 5.498473292452479200e+02 4.672891944556729271e+01 6.904024193235474058e+02 3.604212333388842353e+02 7.332784797681958366e+01 0.000000000000000000e+00 1.042900498468769683e+03 0.000000000000000000e+00 4.212338263557834352e+02
0.000000000000000000e+00 1.305943671013652931e+02 6.682161709214493612e+02 1.174267545671589005e+03 0.000000000000000000e+00 7.901696899767032392e+02 8.951788213945225152e+02 5.889508375517224295e+02 6.453862427121974861e+02 1.032222820938239787e-06 0.000000000000000000e+00 3.865066979256656584e-10 8.717680376115511081e+02 2.529830523733417280e+01 1.632790315135323908e+03 4.134527629059023752e+02 7.984131318882705273e+02 0.000000000000000000e+00 1.157625013257892022e+01 1.724445951763851212e+02 1.738750816405029411e+02 5.899314916099716477e+00 3.148705848518393964e+02 4.823186265803984440e+01 5.342731460781627675e+02 4.984565403526490357e+00 1.213675877831218486e+03 8.231349427040801174e+02 6.946188192880069323e+01 4.879343040528910791e+01 3.943135466670350979e+02 4.433427572382386472e+01 4.423126843655295488e+02 0.000000000000000000e+00 4.133322283577674625e+02 1.114194091586184186e+03 5.138741784820034582e+02
0.000000000000000000e+00 0.000000000000000000e+00 0.000000000000000000e+00 1.071865513931972146e+03 8.266451536131672810e+02 1.243172943355335747e+03 1.692275044862388995e+03 3.481073958942627087e+02 1.686934141204320099e+02 8.976994651588022407e+02 4.078815930861843526e+02 1.589130645772087291e+01 4.075471360347700056e+01 7.558183033220587959e+02 1.085731288083577738e+03 9.808736567363227721e+01 5.354055687604206923e+02 5.290958844408572759e+02 1.585656282718501586e+02 1.436674107958085358e+02 1.266119855319438585e+02 9.662898224306436745e+00 1.538830419568758543e+03 8.688485459972021818e-01 1.073814472164155859e+03 1.958684588216366151e+00 7.918315015041406468e+01 3.717995230205175403e+02 1.274710207158823550e+03 5.104721211816924438e+02 1.893241934058012816e+02 0.000000000000000000e+00 3.876898324250654504e+00 3.619174593657675132e+02 5.612447930042321786e+02 3.186116666830600934e+02 1.621005718952753138e+00
0.000000000000000000e+00 1.604231489768038045e+03 1.503096863046641545e+02 9.180821815343825847e+02 1.014333312860738374e+03 1.831122068891756172e+01 2.645587807495418247e+02 7.798022223129909207e+02 5.070592853826913711e+02 5.627214368398579154e+02 2.255353997290404777e+02 1.643585396076004956e+00 5.908681542985053738e+02 1.084025895909658630e+03 4.575456236209386134e+02 1.138162547154296078e+02 1.226560321035646211e+03 1.072298810174368899e+00 4.297501997352630383e+02 5.025359172886647912e+02 1.200268231453024327e+03 1.085852083008328236e+03 2.196031955303427541e+00 8.114244294708091729e+02 9.025995116772271558e+02 1.619543262092092391e+03 1.286418122864637894e+02 9.451821862649800323e+02 2.203875139056568599e+01 1.883023316260948548e+02 3.399757305408375032e+02 1.056846850675230144e+03 8.611640400779549509e+00 6.053280352194309266e+00 3.939656027505548650e+02 3.116930496176624388e+02 6.461973806501725903e+01
0.000000000000000000e+00 3.820924347642373391e+02 4.785650147027045591e+02 3.023172038902430359e+02 9.907741037802023243e+01 6.690694361936793939e+02 5.520808147124719198e+02 6.690439429233313717e+01 8.343204901906013902e+02 5.651305230937402939e+02 4.939629663524234502e+02 6.020818290276183689e+02 0.000000000000000000e+00 5.587120109052211570e-01 8.547264908317358731e+02 1.441513505465167668e+02 6.325546262260988897e+02 6.314572487329729711e+02 9.187411213509914205e+02 6.806378358222761049e-01 6.198027768015405314e+01 6.233585420616543615e+02 1.426044086693502244e+01 3.475039093745649552e+02 5.503639236115659514e+02 1.219003913610091331e+03 5.169638215353577380e+02 6.169496858662874672e+00 2.445707821052790010e+01 5.689027842238246757e-01 5.020312802746018406e+02 3.121960222269763108e+02 4.600395243451937688e+01 3.950060279557782223e+02 5.865276134587170418e+02 2.115750085810509518e+02 2.058026901504874786e+03
0.000000000000000000e+00 0.000000000000000000e+00 6.367687151600650850e+02 5.508957368672582344e-01 1.325177883865559579e+03 5.919632679349529099e+02 3.720554705255951689e+01 2.445228698189342964e+00 0.000000000000000000e+00 4.631372439248994510e+02 1.177145434479642677e-01 4.977142535157854581e+02 1.523009819388389360e+03 1.030208913334161480e+03 3.339992134477720924e+02 4.988834832344215897e+01 9.520856259295842392e+02 1.983656560540644591e+02 4.202224758107307139e+02 1.091065260932424863e+01 0.000000000000000000e+00 3.025649877419729705e+02 1.802289724392050596e+00 2.346033229796124147e+02 3.468199017928674266e+01 3.241767834336244647e+01 8.683822446418854497e+02 2.948685500742091392e+01 1.317009312424021118e+03 1.051944037963836536e+03 1.126948617283733938e+03 5.059361522393560904e+02 1.313411380865304864e+03 1.161015133328322122e+02 1.242829059448091130e+03 5.937315173845703384e+02 6.120637527409176073e+02
0.000000000000000000e+00 2.077079244198377808e+02 1.901626279416138345e+02 5.859172829929021873e+02 3.935047807290474253e+01 1.031170908503999186e+02 6.290250177834237775e+02 8.604966689416959298e+02 6.718027903435951131e+00 5.064802478455964092e+02 1.102878251097180566e+02 3.672104147013195643e+02 5.904909864792429062e+02 0.000000000000000000e+00 4.828672510911310383e+02 1.461444945082164493e+00 4.364439439692792462e+02 1.223870951052866296e+01 1.356392198623885115e+01 3.868578366065403316e+02 1.398180481487132056e+03 1.642222044900587719e+02 9.792531919652324746e+01 7.376119355794386365e+02 1.017304958046840397e+03 9.023084353961232864e+02 3.482740277343621926e+01 6.536825079962732161e+02 3.307994694637323505e+02 2.716366290728377635e+02 1.200760432055711675e+02 1.583671803300259455e+02 3.982325620247603410e+02 1.275939744280518262e+01 1.581052015566956243e+03 5.211050687797724095e+02 5.832003315987454783e+01
0.000000000000000000e+00 6.061868720944451283e+00 2.887223807995239326e+02 7.720691514044912083e+02 2.766349429544405325e+02 1.419566518723091519e+02 1.083352906439073422e+03 6.524066696244213972e+02 5.865298469075744237e+01 3.552791237040994474e+02 4.907243554359169480e+01 1.470720376827531709e+03 3.484798573076295156e+02 1.347619624612885445e+03 6.795823030043510471e+02 1.766488868401355035e+02 4.339877005341828919e+01 2.415020999531074075e+00 4.890558810461083681e+02 1.470793945215706572e+03 7.312883684676711482e+02 1.019994906211689880e+02 1.610186436265237262e+02 6.621678344953116380e+01 6.016493151076377899e+02 7.386879593279728624e+02 6.923032420010265753e+01 1.055862689833723607e+03 8.093476041960130374e+01 2.214847930625613581e-01 3.579105863138142354e+02 2.626560514959188453e+01 1.915608697533308202e+02 3.703582800131460431e+02 1.612749019086770886e+03 4.866949714845765662e+00 5.015367233086864189e+02
0.000000000000000000e+00 2.606344099809597878e+02 3.114837916885566074e+02 9.416780413937304957e+02 6.905931211344952771e+02 3.682746307511416006e+01 5.045819081410474194e-01 5.309452955251349522e+02 6.168316845003332674e+02 8.986679635960715586e+02 7.640682306244634958e+01 5.419369791050021234e+01 9.279843646905368004e+00 3.329738355544307193e+00 4.733895536713256291e+01 3.565623086614344288e+02 4.900621066037710556e-09 1.257941484232609497e+02 0.000000000000000000e+00 1.195004671017954792e+02 2.452271310357927170e-01 7.702127327205181473e+02 4.736138436510441352e+01 1.264074216207173640e+00 2.644260637580017033e+02 3.228024878873934966e+01 4.365097706335592420e+02 5.566744646737512312e+02 7.208246012163259593e+02 2.928216858376651430e+02 1.862751949105928873e+02 4.450246867975807277e+02 1.786874663273618125e+03 1.480561580276331142e+03 7.488437550159098954e+00 2.145652573231056408e+02 3.509295153804019947e+02
0.000000000000000000e+00 7.970931600990334118e+02 1.614906203586329866e+03 2.735321272909314985e+02 7.055570391033734268e+02 5.528948275152401948e+02 1.434190970695297892e+03 9.727531917075344836e+01 6.870266732843289219e+02 6.216128274001237486e+01 8.932877364515242107e+02 2.650951837036266170e+02 6.079222188173254153e+02 7.332349157475205175e+02 3.501104763295572866e+02 3.686114551115277749e+01 1.324562277778246333e+01 7.599775296858622369e+02 4.889116890451464315e+02 6.833997436176077827e+02 2.032223489874500899e+01 4.496547112016183974e+02 7.893930911749671395e+02 7.506911547072343183e+02 1.189178233535464102e+02 2.601293797160491295e+01 1.104359037869754019e+02 0.000000000000000000e+00 6.623734052611048639e+01 2.550580934629603291e+02 1.279249575217121446e+03 8.774766062580898733e+02 1.226286459237942609e+03 1.523062112590911568e+02 2.025050372351309704e+02 3.956704513039200606e+02 4.196494695659062586e+02
0.000000000000000000e+00 7.839953975288312904e+02 4.591046536622054752e+00 4.734251974059411054e+02 1.356449834116235479e+03 5.620606799539420990e+02 4.935300562969198168e-01 8.627752240628728808e-01 0.000000000000000000e+00 3.429703010974188828e+02 1.207204056641658326e+03 5.921375129383077365e+02 0.000000000000000000e+00 1.257835523303439459e+03 1.034371626644539743e+00 1.131313548083674732e+03 9.004496004610674618e+02 4.225193707179477620e+00 6.717201586678803551e+02 4.344388819079663335e+02 5.266730994467819471e+01 1.801056823328293603e+02 4.566601978005068645e+02 9.389194580853215939e+02 2.045046215280613922e+01 9.276612360866638483e+02 6.283678234110982430e+02 7.593566541618267820e+02 3.485126979694218585e-01 1.131029498925521921e+03 5.661675173484617130e-01 4.354884051005132761e+00 0.000000000000000000e+00 1.649355706750899571e+03 4.928546574419306694e+02 0.000000000000000000e+00 4.240487865254319217e+02
0.000000000000000000e+00 2.048325065322187388e+00 1.198360743841342355e+03 2.736793155751798823e-01 2.390816179411443798e+01 1.084517328868660258e+01 1.189366928611735545e+02 1.141004872802321870e+03 0.000000000000000000e+00 4.147993210733692537e-01 9.321370197642402218e+02 9.087067809280275696e+02 6.433967419753354733e-01 8.604131188165079038e+02 3.411504730358104975e+00 1.233891984401601576e+03 2.490298631744951308e-01 6.217445225110296860e+02 0.000000000000000000e+00 3.866656640014904269e+02 2.984244616805441979e+02 4.271926453268292079e+01 3.222444716788247092e+02 8.890628403598039995e+02 5.782626463833754826e+01 1.435704000426837901e+01 4.340998300922913131e+02 1.630702349750609983e+03 1.992834510048883487e+02 2.358013067410582551e+02 5.561533613233469850e+02 6.271207384151389306e+02 4.388371432934456493e+02 2.517630956863541769e+01 9.160743873944797997e+02 6.627952407517678068e+01 2.993287992402592934e+01
0.000000000000000000e+00 3.375614733882069913e+02 2.624049107877068536e+02 4.178760409473997584e+02 1.141427902608537352e+03 2.244832880572968747e+02 4.756315813685553167e+02 2.632072759926794561e+02 0.000000000000000000e+00 7.748033113291523932e+02 2.526467722054044351e+00 7.953222582368232452e+01 1.514805131317869609e+03 2.413435451531575211e+02 5.091346938248275933e+02 1.181105012581203255e+03 3.347920256300533879e+02 3.416007317736218241e+00 5.786330797868092759e+02 6.761561182503730549e+01 9.664647592058251746e+00 0.000000000000000000e+00 5.731876984331859148e+02 5.029222541541736859e+02 8.852530008698742403e-01 6.498870162504300652e+01 0.000000000000000000e+00 1.086891273729914644e+02 3.110331075312742541e+02 1.722572915761468721e+03 5.404450280957246378e+02 9.334388684126992075e+02 3.371946120159109217e+00 1.735751535306417054e+03 2.966148056716239694e+02 4.381092323303943659e-02 2.230846207697332204e+02
