output/example/lateral_incision_000384.asc
nrows	75
cellsize	13.33333333
xllcorner	0
ncols	75
yllcorner	0
NODATA_value	-9999
[rows 51 to 67 of 75, columns 0 to 36 of 75]
0.000000000000000000e+00 0.000000000000000000e+00 2.234599792252009820e+02 2.535026790849372844e+02 0.000000000000000000e+00 3.547590982419662531e+00 1.273753126685122794e+01 3.041344106133607852e+02 1.440299477895032169e+03 3.898968139332855287e+01 1.249656265365721083e+03 1.512421291453996952e+00 7.259571572236878865e+02 4.910022996023918722e+02 1.238972631324846134e+03 1.450943444515072542e+03 2.429220868955685262e+02 1.140424700428070537e+03 1.283426491072682009e-02 4.019167406014148014e+02 1.350506613615052629e+03 7.457761432489076014e+01 9.214841012525548649e+02 3.419838921628365256e+02 4.034472489255174210e+00 0.000000000000000000e+00 5.578304200433368578e+02 4.117605535590089403e+02 4.895100031373063487e+00 5.720901429368709614e+02 0.000000000000000000e+00 1.129835156737242219e+00 9.900512386549220309e+02 1.299060656201613256e+03 8.205068402294385388e-02 1.026968632641831846e+03 4.670333043073640056e+01
0.000000000000000000e+00 1.369298763024189157e+03 4.385158078698024724e+02 6.480724509617438116e+02 2.626446358132513481e+01 1.212027575480543184e+01 4.071393080005022114e+01 8.555604705121774956e+00 7.520324361468219365e+01 2.501348409529435628e+02 9.710591285920367000e+01 9.749395639030346956e+02 1.595936993516729103e+02 5.642238385111244270e+02 4.785599749563510841e+01 0.000000000000000000e+00 7.955589610131521567e+02 1.182685358293157378e+02 3.335278556900748725e+01 1.082683417270410018e+03 3.178027580629938509e-01 8.725314886804211767e+01 4.518800915826058713e+02 9.046151172413414088e+01 1.717784197869329432e+02 7.317028607815660735e+01 0.000000000000000000e+00 5.559693757100303912e+01 6.547630981333927593e+02 3.842241193699661750e+01 0.000000000000000000e+00 7.606092277675783180e+02 0.000000000000000000e+00 1.985855306043366042e+01 1.279024014938523806e+03 1.201000610878262933e+03 4.662734611185534845e+02
0.000000000000000000e+00 0.000000000000000000e+00 9.766766533013185381e+02 8.307061238926096394e+02 1.006454297139182330e+02 8.761513224207529760e+00 2.531337328245307106e+02 1.155779544591968033e+02 1.617204949161182697e+02 7.436526113184216911e+02 6.361119863067824554e+02 3.260350791510905566e+01 7.969945810760774521e+02 7.588391825098544929e-01 4.915225443725243508e+02 1.197628582757376137e+01 3.329759360297441617e+02 6.997462809322531712e+02 5.223790992264312081e+02 2.284007916977811874e+02 2.388868211572342659e+01 7.638175728203767676e+02 1.522819277397153428e+03 2.767475095996313250e+00 6.333082461350521726e+02 9.063974850624497037e+00 3.316992536698985532e+02 1.616992943975117782e+02 1.407833931715044855e+03 6.669511871261019076e-02 1.337291635801878975e+01 5.532921367056612780e+02 0.000000000000000000e+00 6.736392548296213079e+01 4.210059807180265352e+02 4.593926483401694583e+01 9.360479640724499859e+02
0.000000000000000000e+00 8.511312935837812522e-08 6.062691140652983677e+02 1.210901909200110964e+02 5.489454971783366091e+02 1.468499685502877294e-01 6.647689567259106980e+02 5.695967470807664768e+02 1.262492867537501127e+02 8.650758796612474555e+01 6.702367539180116573e-02 1.006561990695847726e+02 6.311728051979418979e+02 6.352641084313930264e+00 9.357820249020145411e+02 7.124213554069399379e+02 3.493260435042176937e+02 5.163403639891301964e+02 1.799923291700522565e+00 9.072954875003354402e+01 3.950952175924227205e+00 4.365235947741963400e+02 8.799312765588550747e+02 8.941021309777588613e+02 0.000000000000000000e+00 1.573621092192894366e+02 1.391167157417435618e+01 3.672573528606101201e-01 8.337278417738561984e+02 1.245306088438206189e+03 9.933657551609645964e+01 4.130821061914397205e+02 2.067572161148324650e+00 6.610122768525662877e+02 4.842831389903174681e+02 6.140553574365870872e+02 1.446062955457906128e+03
0.000000000000000000e+00 1.981160527364391442e+02 1.240476590404002081e+03 6.819732301088523627e+02 5.453118461781987207e+02 6.677951849341714023e+02 2.049974670572680679e+01 3.550165514109810516e+01 8.781792632385104298e+02 7.190538236090006363e-02 0.000000000000000000e+00 1.232754929520951848e+01 5.723773992615837187e+02 1.758001376407022178e+02 4.473918235181314458e+02 2.377356684320471629e+02 3.664905911256182236e+01 1.543290842462826049e+02 1.027901957928026604e+03 1.503283464601063088e+03 7.130132636893112874e+01 4.601788866268983611e+02 2.411560887576501102e+02 3.836772646945420888e+02 8.277971226610816302e+02 1.314581884280184568e+03 4.796412391056447788e+00 1.265761702952304631e+03 0.000000000000000000e+00 1.849581677926433656e+02 5.739254065330920866e+02 1.314743967630758107e+03 1.146747207091209333e+02 1.613952460290581712e+03 1.191982893071320859e+03 1.387904156160538378e+03 2.335652728649143341e+02
0.000000000000000000e+00 1.945491722525150635e+02 5.492070681581994052e+01 2.790587860729110616e+02 1.181899627111606833e+03 6.094817561141377382e+02 1.392710787206112400e+03 4.863023015999354470e+02 3.814406655336992458e+01 2.672819571297270045e+02 0.000000000000000000e+00 7.245472873322626128e+01 5.943557888764868267e+02 1.721576485736333950e+02 9.041561055277677497e+02 2.662285914294444069e+02 3.783448180992409675e+02 1.651695764508643305e-01 1.493535224396352987e+02 5.404868883021802048e+02 9.276061641354444021e+01 1.221569189932781256e+02 1.048452427399879952e+02 8.407791608804518546e+02 5.452962427638623240e+02 2.861569301336264743e+02 1.854910103932405852e+00 9.454087045289429059e-02 3.471944298867495338e-01 2.355601162413844918e+02 6.888471094047854422e+02 4.896077831222601162e+02 0.000000000000000000e+00 0.000000000000000000e+00 1.904109327450956357e+01 5.472871474921814183e+01 3.601203728941403597e+02
0.000000000000000000e+00 0.000000000000000000e+00 6.561863904583922249e+02 2.110196445961431078e+00 4.274809963026521586e+01 3.939109658676484571e+01 1.955433287201360599e+02 4.123648686003210884e+00 2.541612850821064917e+00 1.349739798258811732e+02 4.079520549395504645e+02 3.792214054964321690e+01 1.220478358718339820e+02 1.324312507851216765e+02 1.828985618636944466e+01 0.000000000000000000e+00 2.240654425607818467e+00 1.188376896570931194e+03 3.795278608575060844e+02 7.222051632012811524e+02 7.641486162988461217e+01 1.780672700696705306e+03 6.970308485774196470e+02 3.500631586811505436e+00 4.331014327403524433e+00 9.645922556714171492e+01 5.847110266034352435e+02 7.504994534550905882e+02 6.514833452188621266e+01 2.335620227289986417e+02 0.000000000000000000e+00 3.477132330541525107e+02 1.235526730483218216e+03 1.261082343942695388e+03 2.740684365192322502e+00 3.032087337749126732e+02 7.088461965391248896e+02
0.000000000000000000e+00 0.000000000000000000e+00 1.234902993415633091e+03 5.515104412042918369e+01 1.523081978455599938e+03 1.272131220362746035e+03 4.918938997177026096e+01 2.220326740213923244e+01 1.225311425718191231e+03 6.631651894583214926e+02 2.255353997290404777e+02 1.643585396076004956e+00 6.047228390450208053e+02 2.951134142818876853e+02 0.000000000000000000e+00 3.890225890982231931e+02 4.265182935731033922e+02 5.679945315460699931e+02 4.391963609310531638e+02 3.512718028215091977e+02 1.189491993950708775e+03 1.833105065025081026e-01 1.564745734495469605e+03 1.083965724150044025e+03 7.243371031428633842e+02 4.403388427413403861e+01 8.044086846867374518e+00 5.546250555011664574e+02 1.191605291302767711e+02 1.145567602559319084e+03 2.209508739882295743e+02 9.946756798610228998e+02 4.525170606335042862e+02 1.340946872788327937e+03 3.422864994402583534e+02 8.525929783092642538e+02 1.302474065084945209e+01
0.000000000000000000e+00 1.178329802388611142e+03 1.303580695026146259e+03 9.176967979734016581e+02 1.153402696869402007e+03 2.879513986216756649e+01 2.053937339630888061e+02 1.407199522931464344e+02 8.637272392646178076e+00 5.838598167653351538e+02 4.939629663524234502e+02 6.099437542327810888e+02 3.006687398016835377e+00 3.756051432597226380e+01 1.110236743404415847e+03 2.317407222609632811e+02 0.000000000000000000e+00 0.000000000000000000e+00 7.856256061601210661e+01 6.296327797078312187e+02 4.057999768704526389e+01 2.906788719156036791e+02 1.079683201028917438e+03 3.795852012521296501e+02 7.966659584385213577e+01 1.191413368862693716e+02 1.112543216945978884e+03 2.701457322775636172e+01 1.342437974376156529e+00 6.004029962414068677e+02 6.913446390078441084e+01 6.348160315723058602e+02 1.454554533096491014e+03 3.234673856470917741e+01 3.883175792276583138e+02 1.746593788157413485e+01 1.231609627626259318e+01
0.000000000000000000e+00 3.668148048050222876e+00 5.277787808185815388e-01 3.426425960445748653e-01 1.835685066144906443e+02 4.355197005238010455e+00 4.144788802801532057e+01 1.670520880171725153e+01 0.000000000000000000e+00 1.156122067015062385e+03 3.899035215672916621e+01 3.416812581496157009e+02 5.785272748166067913e+02 6.887735468903398051e+00 5.273297148615048400e+02 1.405436624457448147e+02 9.583156027442927325e+02 9.260472557952434727e+02 4.370072742955284895e+01 8.132277157733667536e+02 2.433756746750380984e+01 8.807456593171259556e+02 0.000000000000000000e+00 0.000000000000000000e+00 0.000000000000000000e+00 5.582147881256064466e+02 2.234082287886409688e+02 6.548996562982033254e+01 9.999357387070011782e+01 9.152666297879881085e+02 2.146192927998671784e+00 4.733410791652938769e+02 2.547155985827275870e+01 5.031474381646157781e+02 2.401847287185781852e+02 6.502660926255290406e+02 8.004974353324838603e+02
0.000000000000000000e+00 1.562924771316913848e+03 2.277580949056666952e+02 1.296420354049438401e+03 1.499031016903520594e+02 5.604000083674711874e+01 0.000000000000000000e+00 8.837907686767199493e+02 7.009342392618608919e+00 1.449190249826967314e+00 8.483388136695792525e+01 6.650179655469222553e+02 1.107636069051111889e+02 1.289514578428035350e+02 2.164016745957895296e+02 4.749196429333067044e+02 5.697009713438112612e+02 2.880789529659093162e+01 0.000000000000000000e+00 3.746133974061162917e+02 1.436796624575758869e+02 8.364364051828603319e-01 1.464308096380463667e+03 5.330866027002404053e+02 2.530552530197113015e+01 4.693542082938083126e+02 4.682505410604127860e+02 0.000000000000000000e+00 4.272018625567911840e+02 3.770810309772670621e+02 6.415604152822525066e+02 6.613234558375581855e+02 0.000000000000000000e+00 7.375150828584911267e+01 1.780073077967456356e+02 3.232527069372947608e+02 2.047205299446475391e-01
0.000000000000000000e+00 9.437756374450654562e+01 1.199305643664527679e+03 1.164588777547282007e+03 9.597747546838866128e+02 6.026350615848044754e+02 4.148006206473637825e+00 7.594326584052913631e+02 1.709190785330414712e+02 7.202657336983124878e+02 7.288771637940706114e+02 2.435673927619794732e+00 1.227200394915332026e+03 2.457307781530822695e+02 4.062064862018559666e+02 2.501940172417864972e+02 4.339877005341828919e+01 5.629057511956341386e+02 1.441344703219460754e+01 1.652159307697948634e+03 1.016353634526554856e+03 2.977742423032829322e+00 2.001818621939201535e+02 0.000000000000000000e+00 1.252880304149239691e+03 7.023794437667095769e-01 6.326606250786689998e+02 2.990612686282626100e+02 8.789819423582829927e+01 1.367848904418225331e+01 1.354716097295300301e+02 1.711208381850323690e+02 2.250631418163776232e+02 6.987514388042256996e+02 2.536000115641963362e+02 7.020602630756928875e+02 4.949939400436373944e+02
0.000000000000000000e+00 1.358205542814685600e+02 0.000000000000000000e+00 9.416780413937304957e+02 6.940139009129296710e+02 4.009449877365535144e+02 3.089435970999200549e+02 1.035899455143623300e+03 1.153221072320089746e+02 1.298073721068790064e+03 9.571768367532201864e+02 1.644630415696119030e+02 8.853999683243671370e+02 5.837131764910781158e+02 3.115276443627824392e+02 3.565687889433709188e+02 4.174482405636699589e+00 1.410999381405006716e+03 9.908191487096424908e+02 1.209835103428846423e+02 7.407773033022458341e-03 7.259352479615398579e+02 6.808254280468768229e+02 4.892295719981710249e+02 8.927115840879473296e+01 3.373264766178631362e+02 6.333620798137764041e+02 3.486196648141446985e+02 7.293067761391081376e+02 2.929351307133538853e+02 3.720984095455225997e+02 2.404054919657285438e+02 3.855661891779197248e+01 6.534104623594838301e+01 6.482883814772937114e+01 1.242412945897197687e+03 2.093351271567849778e+02
0.000000000000000000e+00 9.001057806640734498e+02 2.191706535469863866e+02 1.749382672475454683e+02 3.854664837495071197e+02 1.007811116169677916e+02 3.592566125954274270e+01 2.134229521948230612e+01 1.239211670696472201e+00 0.000000000000000000e+00 1.316172686381121260e+01 1.867300665965990163e+02 1.027109859939786851e+01 5.045677450783383478e+00 8.539938420203650082e+01 6.519655843194017280e+02 1.434382109770574587e+01 0.000000000000000000e+00 4.534934271654814779e+02 8.489667068677563293e+02 7.485253585990036527e+02 1.263610916967577857e+01 0.000000000000000000e+00 4.708362919838082234e+02 1.063813095500861152e+02 2.463502607107480369e+00 5.371827032311291532e+02 1.274300728470254171e+03 6.623734052611048639e+01 2.642801159355922778e+02 2.294566128228852051e+02 5.914102002272660457e+02 3.643307423876696021e+02 1.445799344999854156e+03 1.027603468277683760e+03 1.098538920766939722e-02 1.149733771382144596e+03
0.000000000000000000e+00 2.657690167101485645e+00 3.585452266425623407e+02 1.431883697246997599e+03 1.166853271038320827e+03 4.965721026711523791e+02 1.099826809164512952e+03 5.658418605356874131e+00 1.512074696911363390e+02 1.283681635863269094e+03 1.119732493294481657e+02 3.101868529370127590e+02 9.428344643082110679e+02 2.596441021972869976e+02 2.476046618250091758e+00 8.378971275274661821e+02 8.271189722951484669e+01 7.010587739254574444e+02 1.179116872821067119e+02 2.670746096172657644e+02 8.450046066927155834e+02 4.320423152250693306e+02 2.096733553061636997e+02 7.940938960868275842e+01 9.466696376677418145e-01 2.456438434849705033e+01 1.865741583154392345e+02 4.371728120013939645e+01 2.657219055327440174e+02 7.190038224298309188e+00 3.187097437893424967e+01 6.228197422773745302e+02 1.056830460316508606e+03 9.085235352633244110e-01 1.255011953223632645e+03 2.532557637855628627e+02 1.859329616437745756e+02
0.000000000000000000e+00 1.759385160499784433e+03 8.779129787150694586e-01 8.329510712149684082e+01 4.913880344153805702e+00 1.661759718836310684e+00 1.635360570611308972e+01 3.028963955311777454e+02 1.119759183683586798e+03 4.084028479352715522e+02 1.122445946824151861e+03 5.105026148784369298e+02 6.539234968746978893e+02 0.000000000000000000e+00 5.967689942376314320e+02 7.143816561659648290e-01 3.011995266142537275e+01 2.339337648424736642e+02 3.898711972473947753e+02 9.939499307662440515e+02 8.592784584854900913e+02 1.544156549064014598e+03 3.778929045224369929e+02 8.030446665145093448e+02 1.346667356220226566e+03 1.017720517383016698e+02 1.368994353464408050e+03 8.231528845863159631e+02 0.000000000000000000e+00 4.102467521991504782e+02 3.812949914939186336e+00 0.000000000000000000e+00 4.401083864106710735e+02 1.506105820956429625e+03 9.692465226966305636e+02 6.316798183626103125e+00 3.026737582872486509e+00
0.000000000000000000e+00 1.628908703028122773e+03 8.213644550973085643e+02 5.918861756724555789e+02 5.900593903927998554e+02 4.087760912907286297e+02 9.642650113569534369e+02 1.913430439320625842e+00 6.246208113303099481e+02 2.125857939741570135e+02 4.854051169372322079e+02 9.913412892053584073e+02 2.394683078361200899e+02 3.104132534207297454e+02 5.298214165182718034e+02 7.788581295747216018e+02 0.000000000000000000e+00 6.397733506897502309e+01 0.000000000000000000e+00 7.629585830677926594e+01 1.742438398498848358e+02 1.270321765992575180e+00 5.740017890083237262e+02 1.530488566129411083e+02 4.562806661387283214e+01 4.035000022421818500e+01 5.281017936629693850e+02 8.612042504457540417e+02 4.234006531579633474e+02 8.814830866807368466e+02 8.219736980543053733e+02 2.250761333923236123e+02 0.000000000000000000e+00 1.319189365665021569e+03 2.195834379820401083e-01 1.000446868173279313e+03 1.899749015379211414e+01
