output/example/lateral_incision_000077.asc
nrows	75
cellsize	13.33333333
xllcorner	0
ncols	75
yllcorner	0
NODATA_value	-9999
[rows 34 to 50 of 75, columns 37 to 73 of 75]
6.555988580068278893e+00 8.650249974545147325e+02 9.965861359903068717e+01 6.039006028508592944e-02 9.783702136910668514e+02 1.248552087938911228e+02 0.000000000000000000e+00 3.174682088590404874e+02 2.296468362253526463e-01 4.635661661475910478e+02 2.307644278244550762e+00 1.038374866960403324e+03 1.315652522763689149e+03 1.001687106173957091e+03 1.316010335514751660e+03 2.367923709039321811e-01 1.025209624466982916e+02 9.499663573334635203e+02 8.976381418519708763e-03 7.818178397544626179e+00 1.747875254688067441e-05 4.956299139578778181e+02 7.885368937874969220e+01 8.424877960023593459e+01 1.196129754983364677e+02 2.727711827064832306e+01 2.681827218108999489e+00 2.809023711539849444e+01 7.748349206278443368e+00 9.425724374265418248e+01 7.089779568365695468e+02 3.573168325079286944e+01 4.418964382972579870e+02 7.144698723882390823e+02 1.667218833154951199e+02 2.006854563154733455e+02 3.776811046331057469e+02
1.801852203003584521e+02 6.321898062349784198e+01 6.571716852954803016e+02 5.382992275506363455e+01 1.481514246907717602e+00 7.715500992520663885e+02 4.033743940331956424e+01 2.622269364414754023e+02 9.669359783828333548e+02 1.030914607500392549e+03 5.073768812452682369e+02 2.246252055924476299e+00 1.128682394057169631e+03 6.500540078692096131e+02 1.651414474841688929e+01 3.589103624566655526e+01 1.568536108061723780e+03 0.000000000000000000e+00 1.560155393468161655e+01 8.352618280264949817e+02 3.759993555569968180e+02 4.345809125613014885e+02 4.641466664900683603e-01 8.219062967123690555e+00 1.075804004430082585e+02 9.428130132151981968e+01 5.860355606477932042e+02 7.371641922257903445e+01 1.251856756975943881e+03 1.241383335003521097e+03 3.288191739586827200e+00 9.014562013834188292e+01 1.251852595206991623e+02 2.093998098738987608e+02 1.874650267498704466e+02 4.610582299254126610e+02 5.198263541908538627e+02
2.282870811288057098e+02 2.570323041256752106e+01 1.011304601215328034e+03 4.809713685941128460e+02 6.132619181477892006e-02 1.015578962542646423e+03 5.601057663782645477e+02 4.551381743945725020e+02 2.065941428832956319e+02 6.565899824273905097e+02 1.222923911461616854e+03 6.559073787341603747e+02 7.629041419406024094e-02 0.000000000000000000e+00 6.449020049818653888e+02 8.654532591063118616e+02 3.339236735731781209e+02 1.154080088820164292e+03 0.000000000000000000e+00 3.281952006261275301e+02 1.807743957191639765e+02 2.347180783445310226e+02 9.164013229946329275e+00 1.628566285052707840e+01 1.936456743350827878e+02 5.630207567685292815e+02 1.208773567093239762e+02 0.000000000000000000e+00 1.704304525600043974e+02 7.162350169720548365e+02 1.394734775541308636e+03 5.394548033691460205e+02 1.261164521417531006e+02 4.637105163382503292e+02 6.230978126016728993e+02 9.566313595092552191e+01 5.190859819835355893e+01
5.686106503259173195e+01 4.453354689448462267e+01 2.147506317548697297e+01 8.990095674213066559e+02 2.967203791857928596e-01 1.714579708709418426e+01 5.632047097082770506e+02 1.792587493270156074e+01 2.892639591952943690e+01 1.972716707481792753e+02 2.724404206757248517e+02 0.000000000000000000e+00 1.536374027616506737e+03 9.619085593879909766e+02 5.266927312791464644e+00 5.692207441587446404e+00 1.187597670359427411e+03 6.768224723223308956e+02 7.579206470423588371e+02 6.555303487439351784e+02 5.778850063441805673e+01 2.620828756520348968e+00 6.442232700461879569e-01 2.210284616157606763e+01 3.054346612154444074e+02 9.125052815742769496e+00 8.590164630319455341e+01 4.694183075696298033e+02 2.144458526238046669e-01 3.989274665668433499e+02 9.114986411661955117e+02 2.199405620790271687e+00 5.469709482648179346e+02 2.692866754886073295e+02 1.680892110298659929e+02 1.320373926341254389e+02 1.303770512919635109e+02
2.644232888142644811e+01 2.300740882796167597e+01 4.257487163022113386e-01 7.633331115969251641e+02 1.310458207609470037e+03 0.000000000000000000e+00 2.861418129949236899e+01 1.079364946415962095e+03 8.139376719279590633e-06 0.000000000000000000e+00 1.845524978909095282e+01 7.547029840641056353e+02 1.506099745837847877e+03 7.461217103396382277e-02 1.127850894508575493e+03 1.453068345567390452e+03 4.068499968957581814e+02 4.455358874215008952e-03 8.401701542243773702e+02 2.045842967533774299e+02 2.613114506669681418e+02 5.516224928008338679e+01 8.257218547097726002e+01 6.250678767465311694e+02 3.305285786138530852e+02 3.330383828868630758e+02 2.215220852559266973e+01 8.151806521432519048e+00 7.484073876675179804e+01 1.604586945260027733e+02 3.007178389895537975e+02 1.596639544835981610e+02 4.460945301638448655e+02 1.839022179289259782e+02 8.507220649355890174e+00 6.234631825981144182e+00 3.743092760352283221e+01
1.174621186499836938e+02 4.554357980174636999e+00 6.709524835037855439e+01 3.529301336219394898e+02 3.823226176383026882e+02 1.432584909461951611e+03 1.482169989106616192e+01 1.118665828936557460e+02 7.560312747572369290e+02 1.304620390924353615e+03 2.721594881019962031e+02 6.343718940722395701e+02 4.764688951920689419e+01 2.685934034863087655e-02 1.783425034142296113e+02 1.736526429987769006e+03 2.047870928481445105e+02 2.419313154917527697e+01 0.000000000000000000e+00 1.420350896148671382e+03 6.889741568219886858e+02 2.991980048215283716e+01 5.184693115188675705e+01 1.179339489662114460e+02 1.803867030520584080e+01 3.191439963651475864e+02 9.955650958475790446e+01 6.666353157626831588e-03 1.860910502694215207e-01 2.539949213721087062e+00 2.664804770450277260e+02 2.083697806693564871e+02 3.878804863299221408e-05 2.726699753448984325e+02 4.320818047645799709e+01 1.375205051734332073e+03 6.216737066396399314e+01
1.870008149495117323e+03 1.709710472468701141e+02 2.400493872543559348e+01 6.288117394983676149e+02 4.641194247784508775e+02 1.553587526096705176e+02 1.705382211881788734e+01 1.297657108506645500e+03 8.685898084849640099e+02 1.223326042714853884e+03 7.174185255267950652e+02 1.768198187691841099e+02 0.000000000000000000e+00 2.223388922580953022e+03 1.495758587802695956e+03 3.482666231683700175e+02 1.391395002886260670e+02 1.689642331341633508e+03 0.000000000000000000e+00 1.289223265160337561e+01 9.275804021179961723e+00 1.604145045757576042e+02 4.029514054503146703e+00 4.013793125931651389e+02 1.034457837380481804e+00 1.000102369997297615e+03 7.540700151835787324e+01 1.239894648669569339e-02 1.422484589152745684e+02 7.262993685499644698e+02 2.435956431397574562e+00 5.306583416829282669e+02 2.642139494942329065e+02 2.710524553710922874e-05 3.730922899893436124e+02 6.851058011318740171e+01 2.525727027832722182e+00
2.756526771775043017e+02 3.796505233438273308e+01 9.039504761835196689e+01 3.149967737543913415e+01 2.934696503138020489e+02 3.283919838397348911e+01 6.576285461478584011e+02 0.000000000000000000e+00 3.886285433787632542e+02 1.207899818288539336e+03 0.000000000000000000e+00 0.000000000000000000e+00 0.000000000000000000e+00 4.543805858990946831e+02 5.972048002617071916e+02 1.237216914054433659e+02 1.021721030844471784e+03 1.561392944520113133e+03 4.572573089133331159e+00 1.297844622459835819e+03 5.489642674400827218e+02 1.305729966236068549e+03 3.550512383692878871e+01 2.284032164513753216e+01 9.522721729953730119e+00 6.092176846442468596e-01 4.917379207498185565e+02 6.354993726001983987e+02 1.100751055669270045e+03 9.181681750882584936e+01 3.534529912305303583e+02 5.292455697727973759e-05 7.326088247326333658e+02 3.838469090004867894e+02 1.114852888912055505e+03 1.525501119320022099e+02 8.988232345063546802e+01
6.166206068235516646e+00 5.504072117750552025e+02 8.735937517155468868e+02 5.178939279282483312e+02 0.000000000000000000e+00 1.328405837581414914e+02 8.545602408009162900e+02 9.398872491676402205e+02 9.020404569631531588e-01 5.779619877239958292e+00 1.064055705827415522e+03 0.000000000000000000e+00 6.829319355392212169e-05 9.694441037990924315e+02 0.000000000000000000e+00 8.301016262568838329e+02 7.717232764514152450e+02 6.685961992813000734e+02 5.744026394410390139e+02 2.360652162287064232e-02 3.722686786283097149e+02 1.053984191348881083e+01 1.033517363460607157e+03 5.108767529430463128e+02 9.858614402480203598e-01 9.591171661432643987e+02 1.101234983684038070e+03 6.051158854757047578e+01 1.925715312777246595e+02 3.440028664756731747e+00 7.882328489430219520e-02 1.577284953467728599e+02 1.092918600405898566e+01 1.305054758736675012e+03 1.065228429192628283e+02 5.778744221023541172e+01 9.319763569297749655e+02
7.062543265376449142e+01 1.801254670910017522e-02 1.618255308501567242e+03 1.807243176733213941e-01 1.966422319902301297e+01 1.184956247846213273e+03 1.115302372843855210e+03 0.000000000000000000e+00 1.068287215861628283e+03 0.000000000000000000e+00 6.277470866803556646e+02 1.255938781261679878e+03 8.816551372755570810e+02 2.231307153916511865e+01 7.998852858960948424e+02 1.458855546703218238e+02 3.197505929964313820e-01 9.440625688382872340e+02 1.014419592828462100e+03 7.792276502457292509e+02 1.245646135809955695e+03 1.100374674531465757e+01 8.898839019521224714e+01 4.714982495271079731e-03 1.475927459083497752e+03 1.159473914979131308e+02 1.027505002123261590e+02 1.158940041637956483e+03 3.721881405216979743e+01 2.439108061131254033e+02 8.166494340597543200e-01 3.465755346749344312e+01 3.446284516991104940e+00 4.389198038978794330e+02 0.000000000000000000e+00 1.313339376561516701e+03 9.433895823062256341e+02
8.680808733198916798e+02 1.320533772973102060e+01 1.387459772966768469e+03 6.679254319280878462e+02 4.629197347450408415e+02 2.525654193848572220e+02 5.703282263185202039e-01 6.882717394131281026e+02 1.570652746029526725e+03 1.196801106842507579e+03 8.504983011811265214e+02 4.690302631049115689e+02 0.000000000000000000e+00 8.112270354267187713e+02 8.680472303505819553e+00 4.064688443262551232e+02 7.130391673604164815e+00 2.632913669625859543e-02 2.005480186501708673e+01 4.543746774028150526e+02 1.054959312088893153e+00 3.260577331966507586e+01 5.453586464598541994e+01 1.900685161423244267e+02 6.084379094644984320e+01 5.925327601145956891e+01 1.458384596714910458e+03 5.170087704643717643e+02 0.000000000000000000e+00 1.790565662484614151e+01 3.665225108911930363e+01 1.595976196568058558e-01 0.000000000000000000e+00 9.587969808864913830e+02 1.720844554287355095e+02 6.445706940805677050e+02 8.984684582262300410e+02
1.671071501608425024e+03 1.702150973146659226e+03 3.336145529218738659e+01 1.451911204685433177e+03 2.073042967030710448e-01 1.250961168638489385e+00 1.041378362536049508e+03 6.917404465125716797e+02 2.642513270976731405e+02 7.169888513928815144e+01 1.346173494705521080e+03 2.998913176730940933e+01 1.007593814985512950e+03 0.000000000000000000e+00 5.869921968735061455e+02 5.235620367276202364e-03 1.864584665786484614e-04 7.779269562183503695e+02 3.074824758145914316e+01 1.009616548545488058e+03 1.783038981895385344e+00 3.434099150366566846e+02 1.803178750632846317e+01 1.004818125537573565e+03 6.646301053829582770e+02 7.315917265306255857e+00 1.355356484017593459e+02 5.619816887751027252e+02 1.493120486705425076e+00 4.226451198322649816e+01 6.187449095906945473e+00 3.511248978257287945e+02 1.750484570912657603e+02 1.327107756356218715e+03 1.703899529406274667e+02 7.510238681625053232e+02 0.000000000000000000e+00
5.839937346543532612e+02 8.536518121646671489e+02 0.000000000000000000e+00 0.000000000000000000e+00 2.394781298888315462e+02 0.000000000000000000e+00 2.832564755482308794e+00 3.246357854570436530e+02 0.000000000000000000e+00 9.225174663836185118e+01 7.291076995889987700e+00 8.707417443723318229e+01 4.805012615546259553e+02 0.000000000000000000e+00 1.053365548670092494e+03 0.000000000000000000e+00 6.754695338137157705e+02 1.141087072014835712e+03 3.644024154177294150e+01 2.809474867965202627e-01 2.773065145988001063e+02 5.917784770613983483e+02 3.054160224676950364e+01 1.289964062929550892e+03 4.320836013776241380e-01 4.910468044697425967e+02 1.269565939889041175e+02 1.728866337131762521e+01 5.409442690609995275e+00 1.699717609842518868e+02 2.134908612118414339e+02 5.391549293712154167e+02 9.996625329646610680e+02 2.758950163485292872e+00 1.239369076436721116e+03 1.290667694762691553e+03 0.000000000000000000e+00
5.035832889591818073e-01 2.145033278749925998e+00 8.363501677333398447e+02 1.054790272963944972e+03 1.302777263490448831e+03 3.543103895262987579e-02 1.661766324876100498e+02 2.007911416180814612e+01 7.473218665004674222e+02 1.943928368204183466e+00 2.273850862361578251e+01 5.441389118292660214e+02 9.035420342996823706e+01 5.470856252779219275e+00 4.785943353063960792e+00 1.514891711930571773e+03 3.499604575695733910e-01 5.328410074758498922e+02 1.040474649125596613e+02 3.252931014657474407e+02 1.117280880474258566e+02 1.410090050422110608e+03 7.372893629934166881e+01 1.252229488114402329e+02 4.884924511130455116e-01 1.403482236568179587e+03 3.823135920787297692e+01 3.977416847751713558e+00 1.412026060921977688e+00 4.091394997046617164e+02 1.035540932243447742e+03 0.000000000000000000e+00 1.126195818371995529e+03 1.538131169700117096e-01 1.365356946359807125e+03 1.202679356108181082e+03 9.672542875353994418e+01
9.549036960225967050e+02 0.000000000000000000e+00 2.320907525633398905e+01 1.411869699351755614e+01 1.058362477826161467e+03 1.421382811720000973e+03 1.973590593028617945e+02 1.291934565271757720e+03 4.785975898823999763e+00 1.385030944934593435e+02 0.000000000000000000e+00 5.717722007935610691e+02 3.634509477728185833e-02 8.070753505713826144e+02 1.488312845934023471e+03 0.000000000000000000e+00 4.676046694422133214e+02 1.019819370027255623e+01 5.427423372191624296e+00 1.500438350045308482e+02 1.225440830107706233e+03 3.021229165161119568e+01 2.430717384825848058e+02 0.000000000000000000e+00 1.699955116173628653e+02 1.241106461754708477e+02 2.616530891706864023e-06 4.661094970394275094e+01 2.359827168654782170e+01 1.223804195494775655e+02 1.692870937718106461e+03 1.557933691945083183e+03 3.390802035795695701e+01 0.000000000000000000e+00 7.119267791531018474e+02 9.642805092036297765e+01 7.074025002938918227e+00
7.855701682279146780e+02 1.010881935911628261e+03 1.014212474753522566e-05 3.987752437637853831e+01 3.556659902151111510e+02 9.523856709435178800e+02 2.064786937301636556e+02 2.767546932924431147e+01 7.151581421316132037e+02 2.189428417314257316e-02 5.661964360870643276e+01 3.411052447426696972e+02 9.708803703144453721e+02 1.508001998332949597e+03 3.220591233129801623e+01 6.289326753468526476e+02 9.821319795205559444e+01 1.244962244901004624e+03 4.969461969270282680e+02 9.364569410869169608e-02 1.569259269772510379e+02 1.091773877392413539e+02 8.468476157311894781e+01 0.000000000000000000e+00 1.997111727030680584e+02 1.046962598646761649e+02 1.292562177320896353e+03 6.031958048959519259e-01 6.525504233289925651e+02 0.000000000000000000e+00 1.155988480777988343e+03 1.033763258005970442e+01 9.192730136274977895e+02 0.000000000000000000e+00 3.612120541163517373e+01 4.639219458941124863e+00 5.181466784626305753e+02
7.852868943488383593e+02 1.126691585848917612e+03 1.093092564947351775e+03 2.052248703461154662e+02 2.279098719793249188e+02 2.205744091629115928e+02 1.221009133401988578e+02 7.740718516231806916e+02 4.367126749185133008e+02 5.266529998862367099e-08 4.498659255319424233e+00 3.110379975230615628e+02 5.687104233179082939e+02 2.755981909124990992e+01 6.912075284312015810e+01 9.132281033671916930e+02 6.042337306276097024e+02 1.434310140393191269e+00 1.338952407581896011e+02 1.016913782165339626e+03 2.064735449845633841e+00 1.636697956921800369e+03 0.000000000000000000e+00 7.932790912029149695e+02 2.972710189061468782e+02 2.759314479001576892e+00 5.063978824502162013e+01 1.190047952318636533e+02 8.714258329429569585e+02 8.560547994957705669e+02 6.476761230104896683e+00 1.554822673942629763e+02 6.820563563482798486e+01 6.400540917671488614e+02 2.758580179876180409e+02 2.503837341336846123e+02 7.952225221636177821e+02
