output/example/lateral_incision_000261.asc
nrows	75
cellsize	13.33333333
xllcorner	0
ncols	75
yllcorner	0
NODATA_value	-9999
[rows 0 to 16 of 75, columns 37 to 73 of 75]
2.730880095320796741e+01 0.000000000000000000e+00 4.020924072664800331e-04 0.000000000000000000e+00 3.204114022286294605e-01 0.000000000000000000e+00 0.000000000000000000e+00 5.525900172972106512e-03 1.975129308987696054e-03 1.188172025416675964e-01 0.000000000000000000e+00 0.000000000000000000e+00 0.000000000000000000e+00 1.935879317804396393e+01 0.000000000000000000e+00 2.093329821185450912e-01 3.806198676219459571e+02 5.533227361939046887e+02 6.722467671270577512e+02 5.558879181938473835e+01 2.485419967549274247e+02 1.384460652371214564e+03 4.376464805850595781e+02 3.877028125657212740e+02 5.022033694440563067e+02 9.270076761518872388e+01 1.641620491379147495e+02 4.971400586072146629e-06 0.000000000000000000e+00 5.267006942434419869e+01 1.048169385794283137e+01 7.794786057581508387e-02 0.000000000000000000e+00 1.171760928489934850e+00 0.000000000000000000e+00 2.202483508468670581e-01 0.000000000000000000e+00
2.026421701667809216e+00 8.097447668449901936e-01 1.091569533275524926e-05 1.510866892439821418e+00 3.481526382911504811e+02 9.454518782213596069e+02 3.100048254882713650e+02 9.613063059099301810e+00 6.374126099482212027e+01 3.752180417051619310e-01 7.038431330337188285e+01 1.807788115597039678e+02 0.000000000000000000e+00 3.228414298892076761e+00 9.503030684143607232e+02 5.502017645585787022e+02 2.741779363545050696e+00 3.054178021310737563e+02 6.911177378462862180e+02 7.251250289786369194e+02 3.266617583167852334e+00 5.912604345033541264e+00 1.390627819258721161e+02 2.129040593959909131e+02 2.473597919061257926e+02 6.562524022655608178e+02 4.379843795072526405e+02 1.429637859988903248e+00 3.174979991003321089e+01 3.595333971346759938e+01 5.764757463916935443e+00 1.147518012990562056e+03 0.000000000000000000e+00 4.248811820370026915e+00 1.551008283961703982e-01 9.241355666261127908e+02 1.648010294740461124e+00
4.470812676793667038e+02 1.619115467809586164e+02 3.269440257271744485e+02 8.875094817331220156e+02 2.898439992354114647e+00 1.299452547919941480e+03 5.562282427749312319e+02 1.975435536691892935e+02 7.990578042119882411e+02 2.947979076030169843e+00 5.809082683520389310e+02 3.235290246366704423e+02 8.658739057127917249e+02 5.670776161914051272e+02 3.157807795466900984e+02 6.181237703745681529e+02 9.645195983121348036e+02 8.150468274206627939e+02 1.213949877087875429e+01 6.730026126029557076e+01 1.647629312203472182e+03 9.724388376431887764e+02 2.385068103479645174e+02 4.341912208389055081e+02 2.268810573187042223e+01 4.788594724992261149e+02 2.950379542633792767e+02 4.787474797771996009e+02 1.206081753373297829e+02 1.444368449038085487e+02 8.784429324082519770e+02 7.393643431886231383e+02 4.347965851542894598e+02 1.075756344904674052e+03 7.221837742106357609e+02 2.832831124512284759e+02 7.294387997251621236e+00
1.698565229394330345e+03 0.000000000000000000e+00 7.285266248559167934e+01 1.861139266917189161e+03 1.384446587797337997e+03 2.457286390619563221e+00 8.124458696633078603e+01 1.297384519221662231e+03 9.090791747205965976e+02 1.750954283960203250e+00 1.237983499263561704e+01 8.015193411673141100e+02 9.595219268167455766e+02 2.039162767227984148e+02 7.225228709847011999e+01 3.729683697698863654e+01 7.372986295109950561e+01 4.032851947526877368e+00 1.172541428443197674e+03 3.759672631348020673e+02 3.608611072408317000e+01 2.409704988630720663e+02 1.617001129071525511e+01 2.034069764822602266e+00 4.793618378396279240e+02 0.000000000000000000e+00 2.784300348178140325e+02 4.653191789858784659e+02 0.000000000000000000e+00 2.497844844762779246e+02 1.253083903857516816e+03 1.077583842835176029e+03 2.998643758257945251e+02 1.510397242008579269e+03 1.535212324023716747e+03 5.661851150702462121e+01 0.000000000000000000e+00
3.967043702419917395e+02 1.922423080785554816e+02 6.712163493526578861e+01 0.000000000000000000e+00 1.438891084264100755e+03 1.005073672708741015e+03 1.758348745560124655e+02 7.997246278327720574e+02 2.799091502320789573e+02 0.000000000000000000e+00 3.882423715966510827e+02 4.075313648014795262e+02 2.817395137315360785e+02 1.464602678221859300e+01 3.986125953984429149e+00 1.547498083533030524e+02 8.769462483908362174e+02 4.229863062968960890e+02 9.224029292815607732e+02 1.350982321315043748e+02 4.975762974574369650e+02 1.982934628221976538e+02 4.798646895533067323e+02 4.442360785960524794e+01 1.171174040939239047e+00 1.103686333007689200e+03 1.200945854170009426e+02 4.728372723927770380e+02 1.066927471872993181e+02 1.291814742137457017e+02 6.321937963132673133e+01 7.126186952520603199e+02 1.165107109288280071e+03 4.529501921523306009e+02 2.137175265940038003e+02 1.313389952620820623e+03 9.884946141632134413e+02
1.190528316558370761e+03 1.735590722073237941e+02 0.000000000000000000e+00 5.970208285830907471e+02 0.000000000000000000e+00 1.736367149777212830e+02 1.499197632229047272e+01 2.530440950603697274e+02 3.463369015746079072e+02 1.630994199770461250e+02 6.458018430946831359e+02 7.295482365433600762e+02 7.638097303094566826e+01 0.000000000000000000e+00 9.349341809122596487e+02 5.728016012623120332e+02 1.481459873924358703e+02 2.047369164032333799e+01 6.819805860973475546e+02 2.219888610188453981e+02 2.392137172072299904e+02 3.087591669859757104e+01 6.371881604623949613e+01 1.950537806883144867e+03 1.271229483634881262e+03 0.000000000000000000e+00 1.004244900487668247e+03 1.148198026164154015e+02 2.794171142702499537e+02 9.484165710205651578e+00 3.654551462156515527e+02 1.337621365680699057e+02 9.311890624199403419e+02 1.472791883578309353e+03 5.286959237226988684e+00 1.674266854576605056e+03 3.623733652403109886e+02
7.320700312344737004e-02 7.778105737853806545e+01 0.000000000000000000e+00 7.571898281396817083e+02 3.375175550403050124e+02 1.069209663276439244e+02 4.783491840626810898e+01 3.197271167717773466e+01 1.347694348111160734e+00 2.093155456055831110e+01 6.640155244931959544e+01 2.049553279642144996e-02 1.275256666956507388e+03 0.000000000000000000e+00 3.415676511372637281e-01 3.549436441305880763e+00 4.772668486416058045e+02 4.867191603643024109e+02 1.447411871105648906e+01 0.000000000000000000e+00 8.555717264419561161e+02 7.628684881064941692e+02 4.163295644582285959e+00 3.026869329392495160e+02 1.492308398374889293e+03 1.093105354669196743e+02 3.895853322983598446e+02 1.560215540995620586e+03 3.915906146520590028e+02 4.823832958457506379e+02 1.820226025467103455e+02 0.000000000000000000e+00 3.431142422221483912e+01 1.682400084647714721e+03 1.582001820597119774e+02 1.152051358473458095e+03 3.747432664804846922e+02
1.361465653726356322e+03 4.252439925531835456e+02 8.158057742439694948e+02 1.177636432299620310e+03 8.184879024988534866e+02 1.330580360374879056e+01 9.493498465861506475e+02 1.141098507371936194e+03 2.847680712662255473e+02 3.633473030125509950e+01 1.228303713473316066e+03 3.392796180715380956e+02 1.529132621845105007e+02 4.537651496039314836e+00 1.895690278558133741e+02 9.069825198444891612e+02 4.814229859186875515e+00 0.000000000000000000e+00 5.668769639066009631e+02 2.230670624510021867e+02 7.594607282741979937e+00 7.759785898871293739e+02 0.000000000000000000e+00 1.020978932758504584e+03 2.764229595284635934e+02 1.335152033393225793e+03 1.064812582563408716e+00 2.773294210362182639e+02 3.097718262419609569e+00 3.916957157096583728e+02 3.050798034890052577e+02 0.000000000000000000e+00 1.167460680322370081e+03 6.283783505949428445e+02 1.253179707582938534e+02 4.942538998358788263e+02 6.072487419531383921e+02
2.415909759776095811e+01 1.059512433003110132e+01 4.209769612163919561e+01 7.992610329439894024e+00 1.779148505311395345e-01 7.536597086674918273e+02 7.130873239058411173e+02 4.444293237744160479e+02 1.343466009529747964e+02 1.456688532384127210e+00 2.381327388494416653e+02 1.180343725876188728e+03 1.619131638937397533e+00 4.294402757243217934e+02 7.452530817149907705e+01 8.933820788663426811e+02 2.400125847991785122e+02 1.036526397487123745e+02 9.888263822040326072e-07 4.052055241694735059e+02 0.000000000000000000e+00 7.419135311657070986e+01 6.099440041479007277e+02 1.090999346905709899e+02 1.565894514144329605e+03 2.855419742657144866e+02 5.807625691121443197e+02 6.770779954971640109e+02 2.216152700123839381e+01 8.936930459402711904e+02 2.506673282706391781e+00 4.958807437787436356e+02 1.163577807054901996e+03 1.050259999198294281e+03 2.802613378001368005e+02 8.950956638775409147e+01 0.000000000000000000e+00
9.174248185511283964e+02 6.261885359305126713e+02 3.523110719403205167e+02 6.831754015606618395e+02 9.124412948556131369e+02 2.867471470252519694e+00 1.632148946624972041e+03 0.000000000000000000e+00 3.647321092730121705e+01 6.172273285726879521e+02 1.254274478393367190e+03 6.307167359049605437e+01 8.631039864338976031e+02 3.318104942581401673e+01 5.970795848470372036e+00 0.000000000000000000e+00 1.423125299909646401e+03 0.000000000000000000e+00 3.920554485561115143e+02 3.465227598277814423e+02 8.869540020681391468e+00 4.178756449265266610e+02 1.057066296077382866e-01 2.409603199403042311e+02 0.000000000000000000e+00 1.514804933158792437e+03 2.496473089591052485e+03 4.065555718686065347e+02 5.563135421733106796e+02 2.000252330516065058e+01 3.500238442414188356e+00 1.327205007469830207e+02 3.478867281882088491e+02 3.884489962687238673e+00 1.131155841857440464e+03 4.253417559735347595e+02 3.595160662980559323e+02
2.708232455984197031e+02 2.010481872055596853e+02 1.204343662023296019e+03 3.569999082575268545e+00 6.834357359214353664e+02 1.505735897204381899e+03 3.296002723219193520e+00 1.129483360271146921e+03 0.000000000000000000e+00 0.000000000000000000e+00 0.000000000000000000e+00 2.068199993837945172e+00 1.953662383417630792e+02 2.894327535130581168e+02 3.389839042937359181e+02 1.849296524430630768e+02 4.388637163970026336e+02 1.187055977073263193e+02 8.435379404791083289e+02 3.635888573883538015e+02 5.466151615603455411e+02 4.159826763302945665e+02 2.008253868346721731e+02 1.630375977924753670e+03 1.544262937520554487e+03 9.912307255795248295e+01 1.462628918801446616e+03 3.267777501379856062e+02 2.524205039533902450e+01 7.337973938430648104e+02 3.087996791813338291e+02 5.337079969407807312e+02 1.300749031182929684e+03 8.804008538080951851e+00 9.913392893531208472e+01 4.509390305701844071e+00 4.197568507952675532e+02
1.777821869492488815e+02 1.652482663539627197e+02 0.000000000000000000e+00 4.543741042839914712e+02 3.910947199638181360e+02 0.000000000000000000e+00 1.313506474139205693e+03 6.327552150764961425e+01 1.496858371526636574e+03 1.434215234759134773e+03 2.459013782741150465e+02 1.164959758846069690e+03 4.787630262366145644e+02 8.991226874141453891e+02 5.556355236254153063e+00 1.811889049248227082e+02 9.791964175861178319e+02 1.439289806816599349e-01 7.991625186670875109e+02 1.769391389982187535e-02 9.409295040503284469e+00 3.272514325267098201e+01 5.083596130311210572e+02 1.349073001148078273e-02 3.396248803241204541e+02 1.438673252287640707e+03 3.543007144012483067e+00 1.573464699168227526e+03 6.844555730300061480e-02 1.382605277004181898e+00 1.084742993686323320e+00 3.522539912215261637e+01 9.809776177245947792e+02 1.656189425589057919e+03 7.522507839363671067e+00 5.330621435228246128e+02 0.000000000000000000e+00
3.000247915347507046e+02 1.339493739469143918e+01 0.000000000000000000e+00 7.602226908707580151e+02 1.393121596129628188e+03 1.416998642006384671e+03 1.486064691137828220e+01 1.401676863362635231e+03 2.449710906213889317e+01 7.550504438680752628e+02 1.453236020272357109e+03 1.017254175645781743e+03 4.932652927391303024e+02 3.914363060814159212e+01 6.240374509890662580e+01 8.163504286103586765e+02 6.938255235443094193e+01 4.283064169185440733e+02 0.000000000000000000e+00 1.329957750530575424e+02 0.000000000000000000e+00 2.166578990755399445e+02 7.180142241332902131e+02 2.872635031514382717e+02 1.009565807905217554e+02 4.823783108384905063e+02 3.049669964532608901e+01 8.654900569337445404e+01 1.305972050660194100e+03 7.772817516012773922e+02 6.849183386072203916e+01 1.149096230134517960e-06 1.681326333625509335e+02 9.150418379485457763e+02 1.830381485484178228e+01 6.638694304975755358e+02 5.453920968360267807e+02
1.133073907219989223e+03 6.827268462046696129e+01 8.596107310019634724e+02 7.786181686896756560e+01 3.455394114502016691e+02 2.102593460916517554e+00 9.164804090745976737e+02 1.402775041766207949e+02 8.003103028409410058e+01 5.313213034638828436e-01 4.027076143489842934e+02 7.675038974157448592e+02 2.686481505260204585e+02 5.365531077251529268e+02 2.067398955029781007e+02 1.165278726027818692e+02 1.172362130902853039e+01 4.391436432336432745e+02 0.000000000000000000e+00 4.730575690388962471e+02 3.810506186771284547e+02 6.060900569671028961e+02 0.000000000000000000e+00 1.152310262598221016e+03 1.688819187161021546e+03 1.280819598381572888e+01 1.393614090361358926e+01 2.303747387941480440e+02 6.746580600177730958e+02 1.855681030721073341e+02 2.610177005277131101e+01 1.368204466109524901e+03 7.641132070345673810e+02 3.355430829260477310e+01 2.272311778734981260e+02 7.472128603537640856e+01 4.106665153485774908e+02
3.141636508150343730e+02 0.000000000000000000e+00 6.891327151163272902e+01 1.336100123105397586e+01 4.935537948782369426e+02 3.640466566898990664e+01 1.150790235682303091e+03 3.793885662581705560e+02 1.209472751917419146e+03 2.951905711353867332e+02 4.473409075671765045e+00 4.665359031547699686e+01 5.025572238325830199e+02 9.412745168528176691e+02 9.153142819795158402e+01 8.236581361602215168e+01 0.000000000000000000e+00 2.718302511415475298e+00 5.050888058892548429e+02 3.253277100886971880e+02 4.038146397818392757e+02 2.085565353579617636e+02 3.773599835246034786e+02 7.877123164705682257e+01 1.188863878079648941e+02 6.970830037326457784e+01 5.568188225374650528e+02 3.937785400530793112e+01 5.585751676047796082e+02 1.634302226059554641e+03 1.232451744794620254e+03 1.380694272190855543e+02 2.419698086896051592e+00 5.326155292202427063e+02 9.710440153053517633e+02 6.484358887432534857e+02 4.411292751818149394e-01
3.193038163528679547e+02 1.104045842933709764e+03 7.878085769002873349e+02 1.141963076704930415e+02 3.588109919560324101e+02 5.840026512645167713e+02 2.205267857459743936e+02 1.304045244877397636e+02 1.584286133096489721e+03 3.370344827531373255e+01 8.654184963190824647e+02 1.473498176649378593e+03 6.872889341706084343e-01 1.101840528540539310e+02 5.880063139713945475e+02 5.282759229279957935e+02 6.203130807339877038e+02 1.607538693564949384e+01 2.450385871670938798e+00 3.246203109076569717e+02 5.954266149517829732e+00 5.783197461772462589e+01 1.083172001452214317e+03 1.362377623735310181e+03 5.970302298381762967e+02 1.122651671053075233e+03 6.458100464803894170e+01 1.463133062911743707e+02 0.000000000000000000e+00 6.041933701573818780e+02 5.505613381529101389e+02 1.408051513989717130e+01 0.000000000000000000e+00 1.672987761194385712e+02 6.091923203275851684e+00 1.039017593507692482e+03 0.000000000000000000e+00
5.463819316026213073e+02 6.290409581157200591e+02 2.533730220363124985e+01 0.000000000000000000e+00 2.967609874866330294e-02 5.920574974905903218e+02 2.490900531237092821e+02 1.244717738938831644e+03 1.866000545760581986e+01 3.297164484272411755e+02 5.365489351365488346e+02 5.832979829498219715e+02 3.963761985394459089e+02 1.692754208274671441e+02 2.597711544879558687e+02 2.109899357690659372e+01 4.721885049890783392e+01 7.228270607511580010e+02 4.415179820656400125e+02 2.738923376616655219e+02 7.250356302563114923e+02 4.061732850275208051e+01 3.683294645786379551e+00 0.000000000000000000e+00 5.490106576500647861e+02 7.872440274640982807e+02 2.008617338437128410e+02 1.418664587359379539e+03 8.161026877962020762e+02 2.693528164002540493e+01 6.582054565087577203e+01 9.389913993613345156e+02 9.442513078280537684e+02 2.531676779133046011e+02 3.303153972484496848e+01 1.838807232095371091e+01 7.454798709746123677e+02
