output/example/lateral_incision_000058.asc
nrows	75
cellsize	13.33333333
xllcorner	0
ncols	75
yllcorner	0
NODATA_value	-9999
[rows 17 to 33 of 75, columns 0 to 36 of 75]
0.000000000000000000e+00 0.000000000000000000e+00 1.590131542182353712e+02 3.463605898864975075e+01 1.075589678051214193e+01 1.056842081473517055e+03 3.839259028859027580e+02 2.883302321833150472e+02 7.874039384845162886e+02 1.556381578436108803e+00 2.238862350809693851e+02 3.465719110931925115e+02 1.026260312540112629e+00 5.277648060616645376e-01 0.000000000000000000e+00 1.032854844108349880e+03 1.557813823543126091e+03 6.639583643972242726e+02 1.142046666529213553e+03 4.581571361562729594e-01 5.762659969053017903e+02 8.279660628151251558e+02 5.508030303815240103e+01 2.338045942852273811e+02 8.412283553597437447e+01 3.602129218603923277e+01 4.142893414808129088e-02 5.911555326983418185e-05 4.241299189161695338e-04 7.579649164235831467e-04 0.000000000000000000e+00 4.912173222676742057e+01 3.028365330557670632e+02 1.553379648822022840e+00 1.267803050793104603e+03 3.133726223097267338e-01 1.798814925066087653e+02
0.000000000000000000e+00 1.581894054300028301e+03 5.811513198234271727e+01 1.293490942183737161e+03 8.845853013390370734e+02 1.834787548669266641e+02 5.073082992071257991e+02 1.233836460131900914e+01 7.094143443144532739e+02 0.000000000000000000e+00 8.739413556685690310e+02 4.621912084802794425e+02 8.064772315676121295e+00 1.854433686647901203e+00 3.826704292402524175e+02 1.696933505733255965e+00 1.354513751103201935e+00 3.652976649940411047e+00 8.117529011957209661e+00 6.415854883749170767e+01 0.000000000000000000e+00 1.130840258798706088e+02 1.274495064619003415e+03 3.116201558234170079e+02 1.266088396899378040e+03 1.910951978188686269e+02 9.642705547765631025e+01 1.232281731280704829e-03 0.000000000000000000e+00 0.000000000000000000e+00 6.168714244760641714e-04 1.649731946535339944e+01 1.452073434473969016e+01 7.651292433271815980e+02 1.312412754374969381e+03 0.000000000000000000e+00 7.364963542393951457e+01
0.000000000000000000e+00 2.348194461526599355e+02 6.569332061377772334e+02 2.559797050846240722e+02 3.953671328408472618e+02 4.617631528054528900e+01 2.793790366208521618e+02 4.023338292589740406e-01 9.139446331199983433e+02 1.140728076539207450e+03 5.776442690728053009e+01 2.482535863866971226e+02 3.541906010404772154e+00 6.173660300768410707e+02 8.202048067147559607e+01 1.272436577972759778e+03 1.109818153791583200e+03 5.136043421512673568e+00 1.414631501898290253e+03 5.532674145090807087e+02 2.271926401786690519e+02 2.002074506599930714e+02 1.619140754731481138e+03 3.669610975674829660e+02 2.134662339677977627e+02 6.428918275905566588e+02 4.187746347381964256e+02 1.998015948588242452e+02 1.618417016603041603e+01 1.368007289437228168e-03 5.099897762579991500e+00 6.884482577308696136e+02 6.141758168082480651e-01 3.018838983456151368e+02 3.439051298036782214e+02 5.562687067249087569e+00 1.672627163877029943e+01
0.000000000000000000e+00 4.259258900195008550e+02 3.320877729342759039e+02 9.194430281430575747e+01 1.507397308433599619e+03 6.519629530332375680e+02 2.703259386486307747e+01 5.478718184428140771e-03 3.316996409710205285e+02 3.511295805743829987e+02 1.386142797094013588e+02 3.223595061744513046e-01 1.001225298923082050e+03 4.668262739060510853e+02 1.609211780308124560e+02 1.114461087518400745e+03 0.000000000000000000e+00 1.996381148154854088e+02 1.015553088979562091e+00 1.453536629907915085e+03 0.000000000000000000e+00 2.226198420080795302e+02 1.478602107705095534e+02 3.807879457060428052e+01 1.794600080652718077e+01 2.888078085499724921e+02 7.479022042422352357e+00 6.663355654524437455e+01 1.276674554058825066e+02 1.467565707969758648e+02 6.840478515460969788e+01 1.272689857055465668e-01 1.025298486790030438e+03 1.051042899673809927e+02 5.055205250736257767e+02 2.283074756180938802e+00 1.277654479880676774e+02
0.000000000000000000e+00 4.697279087432453082e+01 2.116387703433958123e+01 1.187372123103964896e+03 5.883833258843226304e+02 1.915155433480954628e+01 0.000000000000000000e+00 1.055137685675305317e-04 6.635869673894542302e+02 6.532942045087958149e+02 1.885460255588790233e+02 2.009631732649339710e+02 3.393506613504048914e+02 9.264085269969862111e+02 6.027145236734465925e+02 8.549373667316739756e-01 1.159431005863902328e+03 8.365924203740635221e+02 1.739751719901602556e+01 4.077308288375388656e+02 1.155509915679850110e+03 4.581558481524522790e+02 3.195895516954097388e+02 3.371321575889737687e+02 2.980097862723120556e+02 9.782579749258253514e+02 5.093690183190050220e+02 3.228617549710272527e+01 1.298484974335272909e+03 4.966024634633755852e+01 4.473757367980084609e+02 6.568921952927448160e+01 1.026865229188258581e+03 3.085174543918075187e+02 6.939435929902871294e+02 9.670841323285437738e+02 1.185922049189520067e+03
0.000000000000000000e+00 0.000000000000000000e+00 5.237070494077793228e+02 2.953739898604464287e+00 1.018624012688027047e+00 2.495203198477499384e+01 3.602334649942994247e+02 1.032012267870808664e+01 8.118193317696138820e+02 9.918138206923836719e+01 8.198197542300900409e+01 2.257318989122113351e+02 0.000000000000000000e+00 1.144885563625505029e+03 1.365872143657597348e+01 9.652239084029527021e+02 1.120570230885875390e+03 9.743866845195842643e+02 7.108945075505829436e+00 1.217876701404411051e+03 4.950503687863024425e+02 1.010648124033207637e+03 9.704486233036393514e+02 1.410092966658395912e-06 2.029535699715255201e-03 5.253386253925140359e+00 1.175868111979079060e+02 8.495827708592469207e+02 8.785719878422155489e+02 1.608496009358394190e+02 8.837646767776249135e+02 4.429292156284060979e+02 1.482319027631452400e+03 3.504530127367340242e+01 1.438726574732678955e+03 6.473786935866769454e+02 0.000000000000000000e+00
0.000000000000000000e+00 4.183122053247206179e-03 0.000000000000000000e+00 1.173208759937648892e+03 5.741358573030057642e+02 1.385859799456000303e+02 1.956516144640149946e-01 0.000000000000000000e+00 8.126222540493083457e+00 2.675353614200815924e-05 8.154039362519407419e+00 1.060776730653623190e+03 1.789402654827258630e+02 1.818183399174457406e+02 1.372177788361113926e+01 2.191227399228442039e+02 0.000000000000000000e+00 2.740261456203813282e+02 1.214545270843905627e+02 1.174856858849786967e+00 1.081293373682427045e+03 6.634746199316539332e+02 2.719502648160751619e+02 2.008388181411648645e+02 2.311561229866238459e-07 3.013316050978029015e+00 8.855668923116090241e+01 9.927222805061143163e+01 6.187469970987992838e+02 3.066968778008367735e+02 1.170060439148397336e+03 0.000000000000000000e+00 5.439411314236934913e+02 4.935222108243375061e+01 7.135284432308668556e+02 6.007892611602502484e+02 3.161295337781765511e+02
0.000000000000000000e+00 6.943863426293961538e+02 1.073519773369083197e+02 4.332479298771417007e+02 7.735195778124656272e+02 0.000000000000000000e+00 4.891307401452956469e+02 1.036174887814406276e+01 2.619149005795918583e+00 0.000000000000000000e+00 0.000000000000000000e+00 4.585068165442059467e+02 6.163857295949166826e+01 1.418567010202961455e+03 2.984820073799495432e+01 3.062652571555375971e+02 3.609656368845790553e+02 0.000000000000000000e+00 1.445330371108523650e+03 1.306949749195270840e+02 1.788550632314303357e+02 1.660411658974868532e+00 0.000000000000000000e+00 7.609013677067630363e-06 3.979907288087054966e-09 0.000000000000000000e+00 1.153088583120814548e+01 4.308936744438115056e+02 1.360684354660044391e+03 1.330465644731527846e+02 1.518117256151040237e+03 9.565944272403893365e+02 5.098661112864413703e+00 2.690824011253998265e+02 7.594711239241007661e+02 1.076964606735130474e+03 5.692683733852419437e+01
0.000000000000000000e+00 0.000000000000000000e+00 1.739052801666187975e-01 0.000000000000000000e+00 4.897449409862086227e-04 0.000000000000000000e+00 4.297386881876798410e-05 2.595425376773641233e+02 2.121699499033064740e+01 2.156276312299513019e-06 2.534738549915601524e+01 7.622026549442774801e+00 2.535556212667760576e+02 4.360726724915022032e+02 1.566858407107841877e+01 2.362234955478486143e+01 3.638254336001381262e+01 7.164536312615276756e+02 1.084908947160206196e+02 6.452701467910490862e+01 1.370088368177771599e+03 1.362024309832373547e+03 4.376632698551917855e+01 0.000000000000000000e+00 0.000000000000000000e+00 7.561537285769301564e-06 0.000000000000000000e+00 1.501459486115213053e+02 3.036452028409084960e+02 7.350836943341626295e+00 1.245783547627586131e+03 1.052883913530453356e+03 2.854752138965619412e+00 1.174574028428216252e+03 2.985270575956255712e+01 3.712794634030809249e+01 8.519630714428294596e+02
0.000000000000000000e+00 6.994967299122129134e+02 9.782411498914498793e+01 0.000000000000000000e+00 9.701152420324700643e+01 9.383984244245202717e+02 9.390138921372397363e+02 4.119471613771668217e+02 1.181063570901693538e+02 1.032190569999913805e+03 0.000000000000000000e+00 0.000000000000000000e+00 2.222753869814103211e+02 5.029550278464160584e+00 4.933001156281950443e+02 1.092891977638670824e+03 7.598566883515442214e+02 3.706302083299425476e+01 1.177735677474319800e+03 2.534745754438132224e+02 8.941458351518774350e+01 7.081720535999801314e+01 2.730420661759476886e+01 1.062538296008277428e+01 1.063610876506931469e+01 1.287764742216629372e+02 5.607661270706730647e+02 1.238702477072286456e+03 2.448401864425029260e+02 1.457801328946044123e+03 0.000000000000000000e+00 0.000000000000000000e+00 7.141198408197425351e+01 4.140326338146848570e+02 8.851449727417411845e-03 1.187566035844828320e+03 1.314892442930542131e+02
0.000000000000000000e+00 3.967431862331580295e+00 1.555771772857337965e+01 1.633371534354529331e+01 1.035310881526588673e+03 3.665267879888995139e+02 2.683501606390103120e+02 8.524245746642294819e+01 4.077443708817113475e+02 5.835513691818509534e-05 0.000000000000000000e+00 0.000000000000000000e+00 4.159610436709986203e+00 8.960340532683427739e+01 1.188170197553342007e+02 8.889383705921090950e+01 4.238657904615603229e+02 4.330702744870418996e+02 1.073746088971081463e+03 8.235155527227541938e+01 3.419839319153606425e+02 1.723596453041118934e+02 8.182945850798763132e+00 3.648258524565790140e+01 2.904355096632503519e-02 3.666361985806916834e+01 2.844689507000399131e-01 1.528716726155945935e+03 9.176319062765313674e+02 7.963349952828283449e+02 1.138960781791995913e+01 7.918560454060622078e+02 1.539175236450246054e+01 8.320279163336475676e+02 1.281247395951568706e+03 4.546446347271960775e+01 5.817684291996089163e-01
0.000000000000000000e+00 9.874093474892474660e+02 1.416503455182125606e+02 6.226220211821885187e+02 8.255389161798092346e+02 1.238798890858884150e+01 1.428977672954132686e+03 9.751463357268368100e+02 1.030802057451146993e+03 8.841911845370309493e+02 6.502764530521391319e-05 1.162201700668698129e-01 4.994437071412178852e+00 5.371923417127726452e+02 8.805422925527055895e+02 4.860455516149655986e-01 3.929537188611121792e+02 5.594759949271967798e+02 3.763686911868679204e+02 2.820606870886248316e+02 2.788228351146943851e+02 1.235385935818304932e-04 0.000000000000000000e+00 1.514454259777376571e-09 3.065649625847506741e+02 1.503475187464006012e+03 1.316810304685633355e+03 5.723983475360714834e+00 1.750959216022620012e+03 0.000000000000000000e+00 2.732872393239950171e+01 0.000000000000000000e+00 5.705400697917280013e+02 1.155766684645287228e+02 9.619424831962743172e-03 6.202454964261794430e+02 1.986440802161655528e+00
0.000000000000000000e+00 3.716864839005185672e+01 6.430540904380240619e+00 8.802622856910483051e+01 9.378811307142910891e+02 3.651513765092479957e+02 1.116855532578817247e+03 0.000000000000000000e+00 3.165521435076379362e+02 2.973493495199570091e+01 1.609446088813453741e+02 1.707990329010317943e-01 1.907172412669230156e-06 1.554597685494568893e+01 1.274635499335235794e-03 9.487629527986358369e+01 1.056424836760285313e+00 5.580048881074168854e+00 0.000000000000000000e+00 7.777843742056915477e-02 0.000000000000000000e+00 2.618010263418760815e+02 0.000000000000000000e+00 1.629054750938703586e-04 2.365193129120728849e-02 4.189122666942319597e+02 1.915189535102797720e+02 6.648638903257694892e+02 1.858912257098991461e+02 2.436814343976852482e-01 3.025076862157437745e+02 4.919826670724841620e+02 2.247038659229971813e+02 1.258326335883329421e+03 4.891788067951524113e+02 7.824384727841560334e+02 2.729653698654255667e+00
0.000000000000000000e+00 2.441357535898781634e+02 6.066182335752367862e+02 1.010411215021928433e+00 3.805277552650623840e-01 1.006510946959933648e+02 1.136519050502043228e+03 6.190102581854348500e+02 4.960292273643039493e+02 4.056827391746019771e+02 4.284746911693605220e+00 0.000000000000000000e+00 2.610759689811112394e-02 1.488886324925627232e-03 0.000000000000000000e+00 5.649780255503132186e-04 0.000000000000000000e+00 0.000000000000000000e+00 8.230505631364922468e-05 0.000000000000000000e+00 7.880311128298959602e+02 3.466510698791541029e-02 1.020395939879429761e+03 1.428967934089264355e-02 1.466059265285894497e+01 2.608379158498886907e-01 2.156792786396805273e+00 7.001535242343984464e+02 8.516974469840197344e+02 1.486390661611067571e+03 4.589111162604243788e+01 3.335203972675801509e+01 2.294688242037924795e+02 6.697106593161308297e+01 0.000000000000000000e+00 8.142908249514982799e+01 0.000000000000000000e+00
0.000000000000000000e+00 0.000000000000000000e+00 1.175479139936833235e+03 3.396329927813867471e+02 5.421077834290821329e+02 1.900987812261971044e+02 7.619395533768245521e+00 1.082757075414834880e+01 2.015446938201150999e+02 3.589801479967867359e-01 5.826634762385266413e+02 4.828023764492479775e-02 2.304596224928711194e+02 4.546836590146884305e+02 9.632525926103206645e-06 6.729484812821326725e-04 0.000000000000000000e+00 0.000000000000000000e+00 1.179625760948119711e-04 0.000000000000000000e+00 9.376371214784260246e+02 7.097025738570134763e+02 7.059838357895642957e+01 2.355167001976576273e+02 3.677336991840045357e+02 1.829860973954191650e+01 4.111522849543147231e+02 8.274142935190993740e+02 1.360815740529420054e+03 1.810713887044231640e+00 7.906604770223410696e+02 1.207000552794799660e+03 2.989120427056943363e+00 5.451646080307089903e+01 1.042255496074028997e+03 3.754576561284445688e+02 5.691258149456036790e+02
0.000000000000000000e+00 2.529247564566253459e+01 5.460327814409561553e-03 6.016202822665663064e+01 2.166131475070123713e+01 7.184490167885307983e+02 1.494543406273998301e+02 1.093304985667732353e+03 4.263034454742131629e+02 1.087910765618638834e+03 0.000000000000000000e+00 1.931959696410490892e+02 7.853609807161149092e+02 3.139758956475174667e+00 4.958243147178563959e+02 4.014285497109012226e+02 1.764427162639023194e+01 9.083189363604008193e+00 6.508130113225979585e+02 3.261944622561748588e+02 1.409103994315054251e+02 2.482803339420292446e+02 2.391614300395460191e+00 8.805353216580261915e+02 1.163613076148003984e+03 1.172182299196355189e+02 1.180874088948147354e-05 6.878183643493703414e+01 8.018484336226781295e+01 1.229567975942944713e+03 7.248516776951187346e+00 1.626912144737195604e+03 0.000000000000000000e+00 0.000000000000000000e+00 9.664915255296704117e+02 3.735783189866623957e+02 2.481940681973452456e+02
0.000000000000000000e+00 1.401705338968541881e+00 1.094315946841921405e-02 2.501035103107051571e-01 1.350212226375192004e-01 0.000000000000000000e+00 1.089332784597507271e+03 1.473236237380048408e+02 2.986064460225910239e-02 8.389041400536215165e-03 0.000000000000000000e+00 1.472919910418198242e+03 7.718649277681480498e+02 7.710786588994031021e+00 4.837099170327726405e+00 1.579583869752855252e+00 7.462423861522901802e+01 6.547258931428315236e+02 1.449669388529686387e+02 2.998567638726138966e+02 5.900584362700791985e+01 1.420511982395113137e+03 9.905365916363902556e+01 4.080256647008604887e+02 4.496514078889126154e+02 4.132863286240672664e+02 3.917155577881996464e+02 8.721497786242620123e+02 1.472611172854365350e+03 1.341107932302501524e+02 2.742083183110421096e+00 1.484442906302822394e+02 3.857314417157562048e+02 3.480648757159106594e+02 4.510765166277006983e+02 3.861342511248240044e+02 4.329437588504216023e+02
