output/example/lateral_incision_000397.asc
nrows	75
cellsize	13.33333333
xllcorner	0
ncols	75
yllcorner	0
NODATA_value	-9999
[rows 51 to 67 of 75, columns 37 to 73 of 75]
1.051250822734000394e+03 5.458883654794683480e+02 2.034445739558536026e+00 1.123271341499190385e+03 0.000000000000000000e+00 1.890831111569722793e+02 8.438299670769339400e+01 5.689932752713112905e+02 5.401342665593216452e+02 5.962209757239984498e+01 0.000000000000000000e+00 1.847756521181759354e+03 1.155282385209480935e+03 7.262158649974641094e+02 1.046722824569543945e+03 6.251536975448499511e-01 9.324698080264979581e+02 3.975438946647307716e+02 5.518747173874113514e+02 0.000000000000000000e+00 1.201534259969788309e+03 0.000000000000000000e+00 4.606396150270451351e+00 1.557435772348839237e+03 6.132314518499238254e+00 8.343015387694392757e+02 1.618293188007233994e+02 3.497034952699625610e+00 0.000000000000000000e+00 3.214117645298907746e+02 9.639026125328510943e+02 6.578817258081056707e+01 3.606389715941847385e+02 2.463572886508123361e+02 1.010274575632095889e+03 8.986503479540684225e+01 9.752385567237849955e+02
2.952290466403987921e+02 7.901896664462968829e+02 1.269598409880118652e+03 1.465435279505992867e+03 1.540440085353297128e+00 3.976967042819177891e+02 1.270737486960973968e+02 0.000000000000000000e+00 1.196522705146925318e+03 7.190636535224447812e+01 1.242853256068636547e+01 6.236391460532217934e+02 1.184193723943884379e+03 1.753895494766042020e+02 6.882585427095754271e-01 9.843864811829854489e+02 6.872901660375919164e+01 4.072309099348939299e+02 1.849275982253942630e+02 4.959180635348616875e+02 2.570616681841259492e+02 8.946238076691538481e+02 1.327763153539843643e+03 1.109155410931718507e+03 1.181087965578515053e+01 5.062869259079674862e+02 0.000000000000000000e+00 4.536615289259361816e+02 5.507342096149092185e+02 3.517095512538566737e+01 3.707682420048682275e+02 1.517761746317449649e+02 1.743588610657594273e+01 9.236272893557671750e+02 3.260634741038889217e+01 3.226649435961895733e+02 9.112228174480025018e+02
8.102598949619897439e+02 6.858652146547809499e-05 4.950304414692308086e+00 1.552827293981950788e+03 5.554784070851765954e+00 1.408998811136339100e+02 2.432111614085195606e-01 7.008061086756574298e-02 2.809046842077065094e+02 2.177503026801968531e+02 3.829839603849527521e+02 1.029107741889552230e+01 1.051163481745912350e+03 9.609101090899578139e+02 0.000000000000000000e+00 9.006397600776550050e+00 4.961427643473521698e+02 9.239353275818743549e-01 7.167285589126894365e+02 0.000000000000000000e+00 1.833813273207391035e+02 2.500048113171290165e+00 3.276382692435088870e+02 1.465077224229836247e+03 0.000000000000000000e+00 4.222038934630931095e+01 7.612365024488990457e+02 7.514580045009632840e+02 1.917978660748094200e+00 6.246206671484309858e+00 8.311699400290775941e+01 7.955632365443375420e+02 6.434109491051333407e+01 0.000000000000000000e+00 1.496547140377499829e+02 3.188265435288781759e+02 1.603251668370879912e+01
3.626239120078146860e-01 9.105642090577084673e+02 5.127688122182645429e+02 2.478401864720088668e+02 6.656684654364713793e+00 7.406665289480354204e+02 5.590163512141662068e+02 1.167209449146685607e+01 2.335719730115761479e+02 4.219599648926708468e+00 5.533756993800113833e+02 3.911073130098581601e+02 8.852855495415494147e+01 6.300034483139131680e+02 7.056004046263183227e+02 0.000000000000000000e+00 6.006481544296221955e+02 2.813215938495656232e+01 3.035909007278255558e+02 5.474608239061766426e+02 2.389441508043961804e+01 9.581691889371251136e+02 6.068201687985549597e+01 1.419835528816626535e+01 0.000000000000000000e+00 0.000000000000000000e+00 9.561464484772710648e+01 2.531053194685584984e+00 3.942526497519628492e+01 5.844669933687211483e+01 1.289511953647022210e+03 3.256118321542628702e-01 1.333583299220767231e+03 6.162435065993786338e+02 6.065112804062828822e+00 4.332922088268587686e+02 1.204097565984307561e-01
2.419155692340095243e+02 6.797507067683511650e+01 7.378819578899849319e+01 8.012592942681238810e+02 0.000000000000000000e+00 1.305445071339982633e+03 1.612957495393241913e+01 8.148540396911024573e+02 3.100490533481911726e+01 0.000000000000000000e+00 4.973811379729329296e+00 1.121782075734053024e+03 1.447045232715386192e+02 1.148280060236999702e+02 1.424311315660611172e+03 1.407321229913599836e+03 5.175616859252056834e-01 2.432152630475460171e+02 1.484203054502296197e+02 1.450092793077840838e+02 3.201756529817052979e+02 5.138029446507799776e+02 1.772073040266486821e+00 1.013290461435916313e+03 2.341719847794233544e+01 1.062515927320749370e+03 2.901108665378487217e+02 4.228454221536768500e+02 4.624648426893661224e+01 1.061893923926061007e+03 1.372870130267639599e+00 5.389567545031610507e+02 9.850040311447307886e+02 7.162407319793726401e+02 0.000000000000000000e+00 6.859925285802764847e+02 3.772177614417965685e+01
9.782405881032181014e+02 2.759624429724620298e-01 8.185134792928657532e+01 9.336873640561010745e+01 2.923843798053106513e-02 1.131129219803672328e+02 0.000000000000000000e+00 9.148885494392557121e+02 0.000000000000000000e+00 6.067499635712615600e+02 2.351408597580470494e-01 6.494709362481646622e+02 9.609048069022970822e+02 1.395723574397703260e+03 0.000000000000000000e+00 7.887671414632551432e+02 9.796205052971711211e+02 6.693161497526511994e+02 3.491309771764044445e+00 2.765275514854015455e+02 6.658128411589790403e+02 6.015993374677553618e+01 6.048147342922940197e+02 3.423337640445354282e+02 1.066325889770702815e+03 2.315268755248952370e+00 7.086170584827200400e+02 1.737141378996086132e+03 1.424994766971554100e+03 1.685608373004516352e+03 2.552769387431144565e+00 0.000000000000000000e+00 4.077494453819791147e+02 9.508261285014250461e+02 0.000000000000000000e+00 5.545529445169031533e+02 6.261179337342886697e+01
4.425880530568332460e+02 1.726292411954061663e+02 1.362363509867072253e+03 3.490418676198403887e+02 3.555348344913089420e+01 3.543518072092494009e+01 5.337423439622326669e+02 4.392375280345361830e+02 2.565208684805652979e+02 5.396592192700028079e+01 4.536779738187315161e+02 1.301424070772807227e+03 5.409159827473255291e+02 3.916949108157053274e+02 0.000000000000000000e+00 5.125599141088060833e+02 8.517031373994361729e+02 6.595455864109806043e+02 6.368724151981435853e+02 2.145130097296909071e+02 1.281415180643115718e+03 6.580099420507785624e+01 6.984384923350875169e+02 0.000000000000000000e+00 4.569454179942022165e+02 4.872473544624980946e+02 1.315919195814270415e+00 0.000000000000000000e+00 8.964613603865133200e+02 1.250329884544210730e-06 1.270122314212790570e+03 8.331967592404184870e+02 1.847818014391007750e+02 4.755760412957573635e+01 5.667342172666291162e+02 2.610366789961080940e+02 0.000000000000000000e+00
0.000000000000000000e+00 9.622076605134601834e+01 1.540808170671617283e+01 1.190679517276239352e+02 0.000000000000000000e+00 8.168271741872821394e+02 1.683480672833802316e+02 1.806258005011040950e+02 4.181972838615731121e+02 0.000000000000000000e+00 4.493419644972869946e+02 6.793551883640795950e+02 0.000000000000000000e+00 1.522314703888079066e+03 1.766731629315964710e+03 3.284601094792249043e+00 0.000000000000000000e+00 2.631587073328181532e+02 9.648706349193425922e+02 1.356733209777638649e+03 5.057229786524606752e+00 3.416534823680926252e+02 1.301277911384573372e+03 0.000000000000000000e+00 1.044908756990768325e+03 0.000000000000000000e+00 4.623663608015937143e+02 6.723275746996570206e+02 0.000000000000000000e+00 0.000000000000000000e+00 1.527173359951136717e+03 2.877409911711949349e+02 6.189685017017811788e+02 3.139110896426937529e+02 0.000000000000000000e+00 9.289392992143540084e+01 1.666899257266164796e+02
1.574052840782283056e+02 9.734586675384244927e+02 3.992959892299915481e+01 1.487556047580303584e+02 2.249864576033325392e+01 5.049203862067206501e+02 6.008725789100153634e+02 2.061623268839381069e+02 3.075545101768242375e+02 6.025246034353132529e+01 1.055647872658241340e+03 1.222979720764911235e+03 1.989662191316963344e+02 1.115782460703467365e+02 1.094606485902871782e+03 5.612996522767436147e+01 2.842576484626780484e+02 5.358936409540621781e+01 2.408852419294157983e+02 2.149612542745655333e+02 0.000000000000000000e+00 6.157345076298404365e+02 7.285391432906989451e+01 1.304757431133242335e+03 1.018438563062740172e+03 1.954492225155704810e-01 1.126199643774156812e+03 4.429929717497496995e+02 8.748780974044009326e+02 9.480011447511772771e-02 1.574201601291010775e+02 3.672459570993370903e+02 3.916895099850177697e+00 1.607400531445576632e+02 5.788274131183973026e+01 3.245754211741214021e+02 3.273418617427699928e+02
2.401870835046707100e+02 1.366285142573246389e+02 4.667209919690045012e+02 4.581729387854349511e+02 0.000000000000000000e+00 1.343209375120851519e+03 6.693060996941126177e+02 1.940075148534648575e+00 1.368078709659603419e+03 3.075141971432278751e+02 1.120760413730120746e+02 1.144084001296748312e+02 3.204875316072544251e+02 9.151907368390595821e+02 1.517430006292634971e+03 1.399479757490384145e+03 2.997894219073030513e+02 0.000000000000000000e+00 1.225211868892808980e+02 5.423372371642835077e+01 0.000000000000000000e+00 9.676943130254777259e+01 0.000000000000000000e+00 1.538814303652466378e+03 6.449834114287114062e+01 1.272897365785696522e+01 1.047014228625751684e+03 7.754644061690495960e+01 2.481972273507014037e+01 1.757321707691308347e+03 1.278674463621032942e+01 1.531573297994985978e+03 1.327302453026542480e+03 5.279058543712609186e-01 3.754619434197541636e+02 1.260719583854181792e+03 1.391280357887754917e+03
4.489805607287976272e+02 3.829805230536890690e+02 6.204650582744286567e+02 3.794391533722594634e+00 7.052630531677925418e+00 1.338272419582193891e+02 6.119694903709047651e+01 1.518481859643752685e+01 4.437207042692542700e+02 5.849471989349347041e+02 0.000000000000000000e+00 1.032406720468072990e+03 5.970654616358347084e+02 1.492825434641868831e+01 1.317825544444326624e+02 0.000000000000000000e+00 8.667262864904173512e+02 1.125557844377098945e+03 3.254590815394969354e+02 1.096037251223753088e+02 1.279610768513053245e+03 1.739014857439833577e+03 1.516078708530833637e+03 1.063365242546467186e+02 1.271103765571761869e+03 0.000000000000000000e+00 4.947369851752647207e+01 2.769898933983293787e+00 2.590159213501356916e+01 6.501549907948615328e+02 3.272568969990417145e+02 5.583239428894708201e-02 1.154286395500248830e+02 1.177733788762910336e+02 3.793497815332773371e+02 7.245507082996043664e+02 8.726395500100541369e+01
4.175219195826666407e+01 8.260043578547825973e+02 1.048114069506975284e+03 9.426962220779697077e+01 6.399185612851903926e+01 1.554542488592373957e+03 6.563986264949966198e+01 2.996704769444386685e+01 9.565954891105239994e+02 6.913786934219672276e+02 3.268923546015489023e+02 8.965582685914199601e+01 2.911890274370986731e+02 0.000000000000000000e+00 3.937637184723004111e+02 5.406462119748451869e+02 5.524018810011027654e+02 1.404010257133354344e+03 1.163732489697681274e+02 1.748919068415368201e+03 6.480430137481124575e+02 1.159687127733758871e+03 1.373122425767597576e+02 1.059525639893023254e+03 7.068199050299573400e+02 1.103920646432826231e+02 5.390802402818078463e+02 1.744614863383834518e+02 1.278288337567341387e+03 8.220429784600539733e+02 2.629036711424024588e+02 1.197990732456762544e+02 9.595774778789829043e+02 1.904414532610196034e+02 1.762650362401052462e+02 8.610959419494898839e+02 0.000000000000000000e+00
1.476349310809658633e+01 7.226936667347077403e+00 1.008079924479681267e+03 3.918580692070578664e+01 6.313852897337617520e+01 1.125562369764554660e+03 1.735004164966823282e+03 6.611983088400900321e+00 5.351672748020423569e+02 6.982154677642648188e+00 1.213035975732312409e+03 5.360482462686550207e+02 5.092692017605155002e+02 7.277027627475756617e+02 5.403534839302741375e+02 5.318501486134287006e+02 1.207660241024424721e+02 1.250771848838307051e+03 1.629206541862634749e-01 6.770916175891107969e+02 3.340550119565809837e+02 6.000443246348968529e+01 1.114704230319802036e+03 1.543968001912883665e+03 1.388920398169866814e+02 1.665163932664526385e+02 3.614620477622302133e+02 9.501357601767404049e+01 0.000000000000000000e+00 0.000000000000000000e+00 3.365467456965959281e-01 1.817803899923117115e+02 2.962076907088774291e+01 1.460335250734975489e+03 1.081440614278276691e+01 3.692652331694986856e+01 8.161435355652114367e+02
1.062224376158598716e+03 1.835788936614608247e+01 1.688117563049238257e+01 1.047370181002582740e+03 1.347618230970227842e+03 5.481930714477938928e-03 1.409339995206030608e+03 1.660629551777754841e+03 5.781097967302284424e-01 3.153254218927811507e+02 4.278389244890666419e+02 1.577243713215934520e+02 7.387569726250997064e+02 3.733530457904512332e+02 8.324519763221293260e+02 2.990302119721004601e+02 6.777491969136837824e+00 2.621088840857520381e+02 1.305618818609040943e+01 1.178156476527319910e+03 9.127391701866632729e+02 1.798691750555506701e+02 1.495163090218062962e+03 8.183718210448274704e+02 8.274470246886671703e+02 2.302016571968678704e+02 0.000000000000000000e+00 3.932539054284015378e+01 1.091454323609151743e+03 1.489046584114641291e+03 3.213918374052719962e-01 8.917825900922649680e+02 4.776317118246385576e+02 1.044401305137455665e+03 0.000000000000000000e+00 0.000000000000000000e+00 5.130608589611298385e+02
2.932310879335178555e+01 1.478184766083815248e+03 8.225767311386045222e+00 6.057527765960261377e+02 1.498363759934036580e+03 8.630035099748185985e+02 1.303656313431931002e+00 3.066315131567349681e+02 9.722418691600443026e+02 6.932010859420947781e+02 6.198550084071264337e+02 9.549522858020338845e+00 1.301107283681199306e+03 2.144489611575216088e+02 4.688807564327145627e+01 1.980768161339602216e+02 0.000000000000000000e+00 6.777886713705676129e+02 0.000000000000000000e+00 2.991105574596382439e+02 6.885267288066356741e+02 1.784608794963928915e+02 9.160667464099941526e+01 5.098084880637640737e+01 6.286161246953362252e+02 9.673111983159221836e+02 4.500324997890803616e+02 1.153725548297489013e+03 8.662635475678671426e+00 0.000000000000000000e+00 1.141416694462326404e+03 0.000000000000000000e+00 8.924723443055819416e+02 2.091107134005273565e+03 1.009746154462209006e+03 6.538543820545348808e+02 5.760643878305667442e+01
1.701780359074877680e+01 7.855811653524368694e+02 3.268047268324968258e+01 3.024811652567812104e+01 4.125319830661272817e+02 3.265388272532709379e+02 0.000000000000000000e+00 0.000000000000000000e+00 8.545025514324500193e+01 1.319088043514218953e+03 3.629156805553394065e+02 5.769268807535025871e+02 6.008395116448772342e+02 0.000000000000000000e+00 6.592084316211402211e+02 2.456415928845457870e+02 1.712922804370781762e+02 2.979537288102345087e+02 3.119678153771985407e+01 1.498480541432896729e+01 1.109294806906008489e+03 3.427155484962469245e+02 8.694532040139117157e+01 0.000000000000000000e+00 4.448984766823331682e+01 1.563503859751096172e+02 1.268946345962784221e+02 4.016763260151395087e+01 1.426129399660745548e+03 0.000000000000000000e+00 3.884808039418401790e+02 9.929023256839993792e+02 9.825662622320059825e+00 1.144912361842380051e+03 2.201043189884216531e+02 1.106824788463982031e+03 3.420271134385974392e+02
2.989324364834475745e+01 4.056018240577705569e+01 9.167688459805606271e+02 7.652755380489854875e-02 0.000000000000000000e+00 2.767678091115374217e-01 2.886882382376643363e+02 5.936474882962704669e+02 1.311809356532623316e-01 1.156165301823200586e+01 2.425359104013895148e+02 1.628929269682358836e+03 3.524880566178375148e+02 6.572289840644072001e+01 1.526719451298594947e+02 2.840804365908582554e+02 4.787621876549243893e+01 7.775735573658626265e+01 5.297213255895454864e+01 7.202212169271996345e+02 7.760302272831427484e-01 1.167409843957986970e+00 1.261181802091751969e+01 2.676577069646228892e+02 3.404780142155481570e+01 1.194761529000750642e+02 5.233293775892027266e-01 1.212526065974730471e+02 2.972723450185100091e+02 1.388875023912719371e+02 7.238612257983395182e+01 1.215026986921832759e+03 1.059862006664795899e+03 0.000000000000000000e+00 8.210781567630722378e-05 9.513946438932117644e+02 1.862979496745369659e+02
