output/example/lateral_incision_000023.asc
nrows	75
cellsize	13.33333333
xllcorner	0
ncols	75
yllcorner	0
NODATA_value	-9999
[rows 17 to 33 of 75, columns 37 to 73 of 75]
0.000000000000000000e+00 0.000000000000000000e+00 2.979066996599750532e-12 3.392253050314907774e-12 1.662718124481770473e-12 0.000000000000000000e+00 1.662755149069552979e-12 3.013128837013863532e-11 5.612117824550506983e-13 0.000000000000000000e+00 5.632116859226400256e-13 0.000000000000000000e+00 0.000000000000000000e+00 0.000000000000000000e+00 0.000000000000000000e+00 5.597031297399823151e-13 0.000000000000000000e+00 0.000000000000000000e+00 2.156335707749109996e-18 1.061929683395158055e-11 1.640404996496989885e-12 3.419833086429014106e-12 1.418537694581377316e-12 0.000000000000000000e+00 0.000000000000000000e+00 1.843053544820154955e-11 2.280261653721341751e-11 0.000000000000000000e+00 0.000000000000000000e+00 4.943602177874643775e-12 0.000000000000000000e+00 0.000000000000000000e+00 8.564818528535438810e-12 4.312284227058780948e-12 0.000000000000000000e+00 4.247175060136850468e-12 3.439717168440414721e-12
0.000000000000000000e+00 1.385941516440584590e-11 0.000000000000000000e+00 1.666726841059401291e-12 0.000000000000000000e+00 5.685325757015708071e-13 3.385613006015682582e-12 5.608877032348203765e-13 0.000000000000000000e+00 0.000000000000000000e+00 0.000000000000000000e+00 0.000000000000000000e+00 0.000000000000000000e+00 0.000000000000000000e+00 5.597031297399823151e-13 0.000000000000000000e+00 4.108389375621831479e-12 3.335293203635315255e-12 0.000000000000000000e+00 7.354593151305108877e-11 0.000000000000000000e+00 1.683065266030843778e-12 0.000000000000000000e+00 0.000000000000000000e+00 3.426929614099350885e-12 1.686384008616877379e-12 0.000000000000000000e+00 1.835697589173140168e-12 1.624152412753809628e-12 0.000000000000000000e+00 1.644523422479675693e-12 1.663623141768594392e-12 0.000000000000000000e+00 3.411438055492633896e-12 5.809034335213682296e-13 0.000000000000000000e+00 5.804734665430594394e-13
0.000000000000000000e+00 0.000000000000000000e+00 3.407788493727566867e-12 0.000000000000000000e+00 3.405845024655667116e-12 1.639262927466172451e-12 0.000000000000000000e+00 0.000000000000000000e+00 5.608877032348203765e-13 0.000000000000000000e+00 0.000000000000000000e+00 0.000000000000000000e+00 0.000000000000000000e+00 0.000000000000000000e+00 3.325980517754648507e-12 4.108389375621831479e-12 0.000000000000000000e+00 2.941791699136819159e-12 3.368564345603834356e-12 3.542276032086394365e-11 1.683065266030843778e-12 7.781351615076734211e-11 2.034893241345019819e-10 3.038398241084924691e-12 3.446790987566745824e-12 0.000000000000000000e+00 1.643089949419700681e-12 1.377412383364968354e-11 1.636363835917997389e-12 1.411057060501322389e-12 0.000000000000000000e+00 1.650124023842812029e-12 0.000000000000000000e+00 0.000000000000000000e+00 0.000000000000000000e+00 1.692416860545507496e-12 0.000000000000000000e+00
0.000000000000000000e+00 0.000000000000000000e+00 3.404847792361477696e-12 1.656983547052031799e-12 3.399382267431600824e-12 0.000000000000000000e+00 0.000000000000000000e+00 0.000000000000000000e+00 0.000000000000000000e+00 0.000000000000000000e+00 0.000000000000000000e+00 0.000000000000000000e+00 0.000000000000000000e+00 0.000000000000000000e+00 0.000000000000000000e+00 3.335293203635235687e-12 5.580318652316513473e-13 0.000000000000000000e+00 1.653513753312424400e-12 3.417451326614059698e-12 8.284782046137083803e-17 9.915521203091335374e-11 8.663293475699925177e-11 0.000000000000000000e+00 5.677220155782328728e-13 1.686708799727051707e-12 3.426929614099350885e-12 5.645993306731640601e-13 0.000000000000000000e+00 0.000000000000000000e+00 5.686921255988643121e-13 3.342283222261381510e-12 0.000000000000000000e+00 0.000000000000000000e+00 0.000000000000000000e+00 0.000000000000000000e+00 0.000000000000000000e+00
1.663447870480806696e-12 0.000000000000000000e+00 1.078067079156935581e-11 5.652682130183264490e-13 3.244258356308595217e-11 5.618652237213066852e-13 0.000000000000000000e+00 0.000000000000000000e+00 0.000000000000000000e+00 3.311853346960914382e-12 0.000000000000000000e+00 5.580230938761594301e-13 5.599590553444621286e-13 0.000000000000000000e+00 1.625933920320510193e-12 0.000000000000000000e+00 3.368564346710689661e-12 1.653513753312424400e-12 8.775433791427604267e-12 1.683042853747676965e-12 0.000000000000000000e+00 8.833763169698217539e-11 7.748508005728385893e-11 3.386873663901686488e-11 3.421544282746331183e-12 0.000000000000000000e+00 0.000000000000000000e+00 0.000000000000000000e+00 0.000000000000000000e+00 0.000000000000000000e+00 0.000000000000000000e+00 0.000000000000000000e+00 0.000000000000000000e+00 0.000000000000000000e+00 1.675768034313945966e-12 1.679548986936683206e-12 0.000000000000000000e+00
0.000000000000000000e+00 1.661326348911895667e-12 0.000000000000000000e+00 1.033351673594705959e-12 5.645198836225986915e-13 0.000000000000000000e+00 0.000000000000000000e+00 0.000000000000000000e+00 3.349910314029206526e-12 1.625888683057353387e-12 0.000000000000000000e+00 1.410833294500326770e-12 0.000000000000000000e+00 5.585840599767743496e-13 0.000000000000000000e+00 1.636149056323324948e-12 0.000000000000000000e+00 0.000000000000000000e+00 1.680232902897034961e-12 0.000000000000000000e+00 1.651103126976399530e-12 3.417599542970739961e-12 1.684304261211972187e-12 0.000000000000000000e+00 3.310708920000419001e-11 3.408678125512585105e-12 0.000000000000000000e+00 0.000000000000000000e+00 0.000000000000000000e+00 1.654944220800256638e-12 0.000000000000000000e+00 0.000000000000000000e+00 0.000000000000000000e+00 1.059282534120234445e-11 0.000000000000000000e+00 0.000000000000000000e+00 0.000000000000000000e+00
2.004954406204775210e-16 5.865485623927218417e-12 4.106351253094207731e-16 3.383822487480806256e-12 0.000000000000000000e+00 0.000000000000000000e+00 0.000000000000000000e+00 0.000000000000000000e+00 1.642027601472182621e-12 0.000000000000000000e+00 8.553645965123267302e-12 0.000000000000000000e+00 0.000000000000000000e+00 0.000000000000000000e+00 5.605314214935280188e-13 0.000000000000000000e+00 1.661079209153861941e-12 1.675350423605765235e-12 0.000000000000000000e+00 1.651099359520203959e-12 5.158404853349344010e-11 0.000000000000000000e+00 0.000000000000000000e+00 1.676605158968073985e-12 0.000000000000000000e+00 3.017100823408609322e-12 3.385486652128187518e-12 1.334050835459890352e-10 1.625824984042269206e-12 0.000000000000000000e+00 0.000000000000000000e+00 3.049662848419173215e-11 1.640463453748848201e-12 0.000000000000000000e+00 1.861326617933149021e-12 1.679548986936683206e-12 0.000000000000000000e+00
5.055084971811388929e-13 0.000000000000000000e+00 5.697078559557794466e-13 0.000000000000000000e+00 5.591896871024372208e-19 1.630787450475358346e-12 3.375765206888145733e-12 1.641375346388612205e-12 0.000000000000000000e+00 4.209155607993231743e-12 3.349910314029206526e-12 0.000000000000000000e+00 0.000000000000000000e+00 5.602912301377859261e-13 0.000000000000000000e+00 6.843491377167590720e-20 3.411797337839599788e-12 1.260868014557873832e-10 1.675350534456559211e-12 3.408366310537903189e-12 0.000000000000000000e+00 0.000000000000000000e+00 0.000000000000000000e+00 3.408678125512585105e-12 3.179923228931619551e-11 0.000000000000000000e+00 1.642957750167984522e-12 3.360450695870463849e-12 0.000000000000000000e+00 2.726951343958511286e-11 1.283653055785528671e-11 1.619491780159755573e-12 0.000000000000000000e+00 1.641850424194300799e-12 1.674384858353161795e-12 1.679792833573341802e-12 0.000000000000000000e+00
1.658433804640995585e-12 2.702936294764259432e-10 5.680887172025692601e-13 1.848690912607433710e-12 4.288032465904073659e-12 9.678158319573734162e-20 4.235497502450357823e-12 0.000000000000000000e+00 1.653737397812863872e-12 3.368758344731742954e-12 0.000000000000000000e+00 1.645403089297760943e-12 0.000000000000000000e+00 3.025402578408865311e-12 1.789505273995207972e-16 0.000000000000000000e+00 3.606060559344326568e-10 1.668561710522766806e-12 0.000000000000000000e+00 1.928805937145447260e-19 1.651781310789165731e-12 0.000000000000000000e+00 0.000000000000000000e+00 0.000000000000000000e+00 0.000000000000000000e+00 5.360055133192082652e-12 0.000000000000000000e+00 1.020814414335679066e-12 6.254401086054125840e-11 3.567089309835600040e-19 0.000000000000000000e+00 1.615168886994456368e-12 1.322071687872361335e-11 3.337953455519647689e-12 0.000000000000000000e+00 0.000000000000000000e+00 0.000000000000000000e+00
0.000000000000000000e+00 0.000000000000000000e+00 1.638609399834112199e-12 3.375334865074335000e-12 5.680887172025692601e-13 4.213128871143145993e-12 9.807709707886491898e-10 5.648652544733512318e-13 1.336249439083025545e-11 0.000000000000000000e+00 0.000000000000000000e+00 3.394034981516007710e-12 5.640526945171298898e-13 3.004106340335285663e-12 7.744895670333087550e-12 1.668543626032138792e-12 1.668545487122817368e-12 5.746689735121685771e-13 4.827973263184375216e-18 0.000000000000000000e+00 1.656062897568192368e-12 5.613967511511562725e-13 0.000000000000000000e+00 0.000000000000000000e+00 0.000000000000000000e+00 5.589268265701520852e-13 7.790093384143929291e-11 1.628178146965224761e-12 0.000000000000000000e+00 5.664025962319851878e-13 8.382176317053963725e-12 1.651493833015313544e-12 1.627895404772812273e-12 5.999844787810176519e-12 1.674384858353161795e-12 1.679792833573341802e-12 0.000000000000000000e+00
1.701382984830052707e-12 0.000000000000000000e+00 0.000000000000000000e+00 1.635485265768686003e-12 0.000000000000000000e+00 3.907852600077462701e-16 3.383832793771825298e-12 5.680832144853005930e-13 0.000000000000000000e+00 0.000000000000000000e+00 0.000000000000000000e+00 1.781623958731234530e-11 6.288885829911042830e-19 0.000000000000000000e+00 1.628894281402412595e-10 1.652928301591739587e-12 1.020282159345624289e-12 0.000000000000000000e+00 0.000000000000000000e+00 3.995601131489452253e-11 1.647137914854613228e-12 0.000000000000000000e+00 0.000000000000000000e+00 0.000000000000000000e+00 0.000000000000000000e+00 0.000000000000000000e+00 5.616685880022065341e-13 0.000000000000000000e+00 0.000000000000000000e+00 0.000000000000000000e+00 0.000000000000000000e+00 1.664695773856667716e-12 0.000000000000000000e+00 2.949364223802813463e-12 5.435178621186130996e-12 3.426157439189683361e-12 0.000000000000000000e+00
0.000000000000000000e+00 0.000000000000000000e+00 0.000000000000000000e+00 0.000000000000000000e+00 5.611703156309157766e-13 2.993133159303030941e-12 0.000000000000000000e+00 1.660990656391976938e-12 3.002501190414451798e-12 1.646007223302542386e-09 4.683356044583882762e-12 3.387986144791528617e-12 0.000000000000000000e+00 1.664771144224746174e-12 5.739536398727549376e-13 5.603954899930103206e-13 0.000000000000000000e+00 1.633827345668240320e-12 0.000000000000000000e+00 1.130148382631527458e-10 1.472535700848773990e-12 5.523081953662900594e-12 0.000000000000000000e+00 0.000000000000000000e+00 0.000000000000000000e+00 0.000000000000000000e+00 0.000000000000000000e+00 0.000000000000000000e+00 0.000000000000000000e+00 0.000000000000000000e+00 0.000000000000000000e+00 0.000000000000000000e+00 5.742645078559962967e-13 0.000000000000000000e+00 5.737250410433405208e-13 0.000000000000000000e+00 1.681641666355765345e-12
0.000000000000000000e+00 0.000000000000000000e+00 0.000000000000000000e+00 0.000000000000000000e+00 5.622488461459420651e-13 0.000000000000000000e+00 2.988593806226068982e-12 1.702665594343117918e-12 1.935297957320152093e-10 0.000000000000000000e+00 0.000000000000000000e+00 0.000000000000000000e+00 1.524700962348264971e-12 1.108387377746863477e-11 5.634057084128756207e-13 0.000000000000000000e+00 0.000000000000000000e+00 0.000000000000000000e+00 0.000000000000000000e+00 1.642927510446264753e-12 0.000000000000000000e+00 3.533368754527816092e-18 1.666094761710521481e-12 1.637676876804324626e-12 0.000000000000000000e+00 0.000000000000000000e+00 0.000000000000000000e+00 0.000000000000000000e+00 0.000000000000000000e+00 0.000000000000000000e+00 0.000000000000000000e+00 0.000000000000000000e+00 0.000000000000000000e+00 4.303771408225517886e-12 1.674166175754953505e-12 5.748851081012290893e-13 0.000000000000000000e+00
0.000000000000000000e+00 0.000000000000000000e+00 0.000000000000000000e+00 5.589739782852932689e-13 0.000000000000000000e+00 1.631701345267298824e-12 0.000000000000000000e+00 3.143566845472898570e-12 8.014809113762276148e-12 3.749563051231380089e-13 1.927872806366868314e-10 5.976929174254559602e-13 0.000000000000000000e+00 1.642919613545636275e-12 0.000000000000000000e+00 0.000000000000000000e+00 0.000000000000000000e+00 0.000000000000000000e+00 0.000000000000000000e+00 0.000000000000000000e+00 6.288885829911042830e-19 0.000000000000000000e+00 3.367736091769052272e-11 1.602677899122337492e-11 5.621694366310809918e-13 0.000000000000000000e+00 0.000000000000000000e+00 0.000000000000000000e+00 2.157283032858732809e-12 1.404102963880938994e-12 0.000000000000000000e+00 0.000000000000000000e+00 0.000000000000000000e+00 0.000000000000000000e+00 0.000000000000000000e+00 0.000000000000000000e+00 0.000000000000000000e+00
2.944176790237949900e-12 3.339905299210188893e-12 0.000000000000000000e+00 0.000000000000000000e+00 0.000000000000000000e+00 0.000000000000000000e+00 1.562421942627360643e-12 0.000000000000000000e+00 5.494176948589638655e-10 0.000000000000000000e+00 2.461962948621213743e-11 0.000000000000000000e+00 0.000000000000000000e+00 0.000000000000000000e+00 0.000000000000000000e+00 0.000000000000000000e+00 1.565563809366165488e-12 0.000000000000000000e+00 0.000000000000000000e+00 0.000000000000000000e+00 0.000000000000000000e+00 1.637624011055757935e-12 1.666094761710521481e-12 1.667876961374322116e-12 8.723123471310789897e-12 0.000000000000000000e+00 0.000000000000000000e+00 4.547995164689892294e-11 3.300180175986507675e-12 5.622450026760524639e-13 0.000000000000000000e+00 0.000000000000000000e+00 0.000000000000000000e+00 0.000000000000000000e+00 0.000000000000000000e+00 0.000000000000000000e+00 0.000000000000000000e+00
1.628316589318364041e-12 0.000000000000000000e+00 0.000000000000000000e+00 0.000000000000000000e+00 0.000000000000000000e+00 1.559427673428150466e-12 0.000000000000000000e+00 1.562421942627360643e-12 2.928686964451487871e-12 0.000000000000000000e+00 5.500759188114062373e-10 0.000000000000000000e+00 0.000000000000000000e+00 0.000000000000000000e+00 1.472265229594396610e-12 1.506855851423348149e-12 0.000000000000000000e+00 0.000000000000000000e+00 0.000000000000000000e+00 0.000000000000000000e+00 0.000000000000000000e+00 0.000000000000000000e+00 1.628312741045800694e-12 0.000000000000000000e+00 4.335419069982182459e-19 8.626166067135684878e-12 4.552852098139626228e-18 0.000000000000000000e+00 1.618006326494114962e-12 1.042329163892631488e-11 5.892641783761346027e-12 7.319115229181848026e-12 8.302881749671960747e-12 4.155029096753745643e-12 1.650095365337571557e-12 1.653853458390710550e-12 0.000000000000000000e+00
3.348626105588274103e-12 1.634717905021440828e-12 0.000000000000000000e+00 0.000000000000000000e+00 0.000000000000000000e+00 0.000000000000000000e+00 5.396937840411327180e-13 0.000000000000000000e+00 1.496210864690037853e-12 5.430075872618679631e-10 5.805059465723212248e-12 5.575884716514815777e-13 0.000000000000000000e+00 1.372036298227737591e-11 0.000000000000000000e+00 0.000000000000000000e+00 5.172788743692089982e-13 0.000000000000000000e+00 0.000000000000000000e+00 0.000000000000000000e+00 0.000000000000000000e+00 5.577398447308222574e-13 0.000000000000000000e+00 1.623751342448989483e-12 0.000000000000000000e+00 7.455201072953668856e-12 0.000000000000000000e+00 5.565995860008087856e-13 2.904058186381931117e-12 1.632820405851259500e-12 2.146785760279830637e-12 0.000000000000000000e+00 1.646887063871779267e-12 4.141012811298928853e-12 5.646582385239641051e-13 5.669847108305665258e-13 5.698026614402058167e-13
