output/example/lateral_incision_000272.asc
nrows	75
cellsize	13.33333333
xllcorner	0
ncols	75
yllcorner	0
NODATA_value	-9999
[rows 17 to 33 of 75, columns 37 to 73 of 75]
6.080719093861677038e+02 3.641969488764499374e+01 6.458262338498016106e+02 0.000000000000000000e+00 6.463093796727822564e+02 1.343540611542174247e+03 4.412053038129213292e+02 9.582622870601851446e+02 7.536239942082255538e+02 0.000000000000000000e+00 1.017732438958148691e+03 2.534807011164026562e+02 8.097790053303687046e+02 1.465698099481500378e+02 1.210027959703442377e+02 7.840299678267589343e+02 9.706875322906514612e+02 1.629007287883027004e+02 1.544770328104829787e+03 1.361605978971446120e+02 7.643863037561118290e+02 5.809880323525866288e+02 3.416941833050977380e+02 8.780722499478949672e+00 4.612499468497500699e-01 3.535550173308039490e+01 1.963109777071944109e+02 4.659474430841285653e+02 1.365004350738549874e+03 4.736806495752577462e+01 1.010826912699045806e+03 1.831416277044688513e+03 3.942221104465543249e+02 3.592077708716564644e+02 1.618138068148240620e+02 3.599175653558597219e+02 4.532776352637952186e+02
1.247556877187676889e+02 3.412409518065145164e+01 2.380045841410041518e+01 1.435533839892414107e+02 0.000000000000000000e+00 1.249272978852568031e+03 1.471821109686522675e+02 0.000000000000000000e+00 4.604962074251056414e+00 1.228833473193976289e+02 1.182303599626226287e+03 6.918893079634715093e+01 8.749112272286529333e+02 2.097808112554737647e+01 9.262222572379499752e+02 0.000000000000000000e+00 1.196129398897399341e+02 6.626932742411722757e+02 1.703757548287501589e+00 4.480883885863600540e+02 3.877388915982364210e+02 3.312748873901399520e+02 5.450261933632826583e+01 0.000000000000000000e+00 1.182445862087386558e+03 1.126547907208280094e+03 3.535047805896378748e+01 2.126300092713163448e+00 2.323438987190503155e+02 8.175327456009062743e+00 5.728558985722225998e+02 6.198911024467752213e+02 7.219214617209630660e+02 3.721990573145100289e-01 0.000000000000000000e+00 1.195402072889512652e+02 7.472072341026320146e+02
0.000000000000000000e+00 7.863099372968016532e-01 1.144511923918598313e+03 4.830718451919568110e+02 1.780769281777474475e+02 3.639569235472647790e+01 3.191444810111932497e+02 8.374498883234961113e+02 3.238206405881020089e+01 7.723925509660703028e+02 3.046905810520803115e+01 0.000000000000000000e+00 5.268595516782216919e+02 3.493062575435280337e+02 1.096629268314889032e+03 4.836345177529657491e+01 5.015723231647991609e-01 3.609874788674254091e+02 4.317561474338438074e+02 4.308124844970399892e+01 1.288471120014913254e+02 2.399139299715976392e+02 5.030323951510729330e+02 2.023745622714647823e+02 3.379568110274958070e-01 2.623077341971694523e+02 1.027649706457964669e+02 9.933176190127218419e+00 7.596159336059077987e+02 2.504155293586873299e+01 1.017700383333245441e+03 7.391121468331375581e+02 8.189282273972875004e+00 8.135277414467696477e-01 2.020857224200912583e+02 0.000000000000000000e+00 3.058675621083235824e-06
2.380045841410041518e+01 6.558575648795620339e+01 0.000000000000000000e+00 9.321331575387015178e+00 1.447403586853639126e+03 3.928059212693838287e+00 4.104363963820855110e-01 1.241420782588352949e+03 4.195053900063800825e+02 7.211089907112486799e+02 7.052495013403007533e+02 3.858960172993565152e+01 1.174072832809117926e+03 8.216079586796683998e+01 1.222213611770775188e+01 8.086753130998140477e+02 7.124122267576319700e+02 1.594085899481785418e+03 4.141335344849068889e+01 0.000000000000000000e+00 9.400242829172944994e+02 1.308914253426652294e+03 8.697026255229320668e+01 5.010707166133348665e+02 2.294022093579112520e-01 4.563484298841188433e+02 2.179493072706917722e+00 4.406968129356037025e+02 1.358019642936163564e+03 4.511180054507438086e+01 7.695124071087118409e+02 9.650397160103656802e+01 6.642314886999011492e+01 2.347400963868606993e+02 1.069361184484521345e+03 6.840798286162997499e+01 1.819372449643477907e+01
4.826207423144151107e+02 5.511892577584058017e+02 4.798166906909756335e+00 9.911837728735297333e+02 2.813916289762751148e+02 9.904055058473687723e+02 3.612861839864854829e+01 1.085134871899028667e+03 4.446093910744922368e+02 3.862040524785905404e+01 7.222379161417019304e+02 6.610902636987086680e+02 3.295420146529600629e+02 1.399109719392299667e+02 2.423012814996779980e+02 1.882125328059816525e+02 4.440969874906752466e+02 0.000000000000000000e+00 9.711446921431626151e+02 6.164260924185144859e+02 2.929145518746766874e-01 4.848603471274420826e+02 1.780442680487448683e+02 7.563710946817955971e+00 4.838528924281649779e+02 8.533773446289957292e+02 3.469706415524005365e+02 2.272293602199618192e+02 6.485323375662954959e+02 2.188258629743168537e+00 1.171692186868682711e+03 1.338930560845903756e+03 4.860212685990009440e+00 3.571855315036552181e+00 7.863925571366017664e+00 1.407505539395054484e+03 8.392588256950350569e+02
1.746475903619230394e+03 1.335690783112645249e+03 4.738718698737042700e+02 7.844573201594903367e+01 7.715841379313657171e+02 1.053870417899404174e+03 3.362087832559501521e+01 6.165798326677637533e+02 3.857375464606929594e+00 1.729191199796620708e+02 9.040965128550187968e-02 1.305747780444582133e+02 1.765982354765870070e+02 1.095991023231026247e+03 6.855997334712845941e+02 9.951325404831761716e+02 2.446074381147473105e+02 2.238829505031461906e+02 1.274753422173825129e+03 1.085243294645051719e+03 5.788217174185024305e+02 1.320147847418504883e+00 9.721606786453645555e+02 0.000000000000000000e+00 7.294885948658168218e+02 1.711669380945453733e+00 2.733337859360655102e+02 6.838599220991239918e+02 3.628338378386837348e+02 1.126450002590939192e+01 9.356197512789916573e+02 1.580705240337736370e+02 4.042204334057369124e+02 9.156354280676567896e+02 6.658783772188394323e+01 0.000000000000000000e+00 1.035491711507964510e+03
9.279170301077742522e+01 9.000968043836306833e+02 3.838275657716312708e+02 1.954292167270521361e+02 8.956626644741010068e+02 4.155587815565926917e+02 5.447391736369656883e+02 3.687440865816082010e+02 1.570583043990084207e+03 2.659436958806909388e+02 3.660656684800800349e+02 1.165437387424673510e+01 5.397644353770696171e+02 1.208517934290125822e+03 9.363736643213267143e+02 3.382561718686912400e+01 1.085139884858257119e+03 4.782998081967901953e+02 0.000000000000000000e+00 2.481015562916716135e+02 7.793338518151094263e+01 1.241479332355835140e+03 5.713687784393758698e-07 6.906228541566429158e+01 1.323055551754621774e+03 4.159326576145416539e+02 4.917916692362477527e+00 1.053894308812676073e+01 1.274122894076456760e+03 3.052075192281164391e+02 0.000000000000000000e+00 1.561763403453482368e+01 0.000000000000000000e+00 1.172634101111246991e+03 1.101056311364381827e+03 2.897588593607774214e+02 6.083088999585415877e+02
1.393482833688511164e+03 2.703518621298092484e+01 5.733711112943774424e+02 1.578067983948555820e+03 0.000000000000000000e+00 4.784730545073927601e+02 6.622786938121449793e+02 2.686380548804035584e+02 2.133589388388711683e+01 3.533502286965785970e+02 1.973798008851104271e+02 1.489427358081713066e+02 1.005402085910841414e+01 3.376775228547925281e+02 2.211648846948916685e+02 0.000000000000000000e+00 1.278285254004070879e+02 5.279416333520354101e+02 1.108228216002333719e-02 8.807080874268717707e+02 2.239729088637215284e+02 2.811470387348182953e+02 1.625067406466045668e+03 8.480693725965986687e+02 1.235595090229998227e+01 2.593941992434372423e+02 4.567838009391049354e+02 0.000000000000000000e+00 6.810457972140831373e+01 4.403579287793556318e+02 8.350025804769087845e-01 3.565580470738062786e+02 1.596682965696827523e+03 1.240848709388061707e+03 8.198691240958369235e+02 3.775404139284024296e+01 5.055578595976587053e+02
2.763741092645053072e+02 2.913005855083708440e+01 1.922418931172331824e+01 5.350853317135896532e+02 2.958635678303486216e+01 1.213455585257359189e+03 1.341248320869789040e+03 4.142715103801688770e+02 1.185712539414814501e+03 0.000000000000000000e+00 2.030363521607382893e+02 1.210938658839603249e+03 1.606738697629313650e+00 1.515117904563008324e+03 2.236395525308034848e+02 9.282222650793909224e+02 2.937129153662219778e+02 1.000372556962948124e+03 1.227827360639074868e+03 1.583995902172956676e+03 0.000000000000000000e+00 2.133467087237401074e+02 4.310217904451610593e+02 1.680178516196026976e+03 1.257370788551058240e+03 2.228095753781938271e+01 1.275049203149498908e+03 2.868287599909861569e+02 1.236920416377809488e+03 1.887571852914201145e+02 1.547174777561988179e+00 3.114367793618068276e+02 2.871008513578794350e+02 6.511079199236127657e+00 5.437805868675281928e+00 8.350920140979986854e+02 7.058549502514179039e+02
5.068118866713657411e+00 2.107845214706124466e+02 3.482017758290406846e+02 3.152890665869030045e+02 1.796001841997239410e+02 8.279867415921079328e+02 1.138705456203972290e+03 0.000000000000000000e+00 6.575526650770091237e+02 4.733027437037098935e+02 0.000000000000000000e+00 9.102109800040139476e+00 1.804993476836523598e+02 1.917335569021956871e+02 0.000000000000000000e+00 8.557041830908318616e+02 3.913093577632147912e+01 4.284481995438486024e+01 0.000000000000000000e+00 2.623879765053566349e+00 1.368952777066879491e+02 1.901784943669109111e+02 4.739009005902788090e+02 3.398282610264422487e+02 4.567429844818938136e+02 1.055933693391500128e+03 0.000000000000000000e+00 6.866454866215049151e+02 9.105236302272576268e+02 3.504896964782370783e-01 9.603846762586687191e+02 1.206986419940647920e+03 3.274193794595170743e+02 8.420176363114771902e+02 7.718328002745899994e+02 4.850381424830653714e+02 1.389155410487506117e+02
6.035071354778322075e+02 7.180214159086804102e+02 1.768946958931961078e+01 2.525164517065998666e+02 1.428990943458601919e+02 3.560463029731899383e+02 1.285221643780051863e+02 0.000000000000000000e+00 1.052973198182967423e+02 7.592835811868748124e+02 5.670005957340605640e+00 1.380490148406642220e+03 4.309203997465164093e+01 1.233863146446150495e+03 0.000000000000000000e+00 5.607515883470122731e+01 1.076962645435094373e+03 5.679952038090000315e+02 1.363468942378355905e+03 1.286852534250474491e+03 7.993672184337872295e+02 7.892323477468466990e+02 1.177827795650308644e+02 1.551889777120219360e+00 3.114654905992972544e+02 4.902566078565674843e+02 1.530565471630914772e+03 0.000000000000000000e+00 3.667505322454680083e+01 5.637526286776260349e+02 2.171593486139874187e+02 4.229352567512361816e+02 4.410209741498011482e+01 4.904775549378875894e+02 4.549640330832736481e+02 7.396908918370182562e+01 7.780798373439306488e+02
8.134735323827423770e+01 8.535983521726413059e+00 0.000000000000000000e+00 3.941961446818520471e+02 7.763280652665673642e+02 4.410259830733739932e+02 1.626471775720475819e+02 6.415577385668389070e+02 1.077269557538553940e-01 8.002373464200604758e+02 4.645162261634337710e+02 2.318226773375748166e+02 1.618028929249849313e+01 1.317348706537502721e+03 3.417772278754358126e+02 6.907690936349662252e+02 5.357727138077688096e+02 2.022888329897219535e+02 4.666478602957878365e+02 1.637495371908104858e+01 2.763044315120912198e-01 1.165140837040511769e+03 8.217997438494929696e+00 5.391820260041983559e+00 1.828703881971732983e+02 1.324741275964851006e+01 5.788446990210013077e+00 1.646083271458602667e+03 9.176786263509830732e-01 1.045877546447509985e+03 2.217094670453259475e+00 2.277729455818057858e+00 5.764259972150588283e+02 1.670890474144865721e+03 4.754023550586807119e+02 6.246382660010986854e+00 5.415110558605196047e+02
4.663540062654497547e+02 4.511976942561018404e+02 3.277106983084673857e+02 1.069977771783395838e+03 1.416091000758644668e+03 3.509567356920251058e+01 1.043495400888102495e+03 6.844910604426212331e+02 1.005348848133188824e+02 7.999783526733982626e+02 1.051429267539826640e+01 6.737830208897917146e+02 4.086031887189076883e+02 2.404084522002823832e+01 1.350834365375284960e+03 3.038229887069939039e+01 6.506987985691176846e+01 6.865324148100113710e+00 7.575515803831136097e+00 1.096783018175280233e+02 1.693777196999054695e+02 4.497764252084209602e+02 3.982141240146643213e+02 1.630971577242369790e+02 0.000000000000000000e+00 2.940993259074773505e+02 0.000000000000000000e+00 3.583116420762686971e+02 6.130222177842564735e-01 1.050997608901002422e+03 4.552956055603130494e+02 0.000000000000000000e+00 5.222588095459353781e+02 1.622952327576192602e+03 0.000000000000000000e+00 5.254236765263298139e+02 2.913167867049787363e-01
1.791467083410925909e+01 9.357374980469541015e+02 1.041333998235036233e+03 0.000000000000000000e+00 0.000000000000000000e+00 0.000000000000000000e+00 5.105304106282690668e+02 6.289827230979209389e+02 8.764576608373705824e+01 1.019573407297686231e+03 1.193240791208354949e+03 9.722390158754966478e+02 9.537836962981983788e+02 2.914306776216945769e-02 1.174224582236389551e+02 1.335470715637346295e+01 4.429339897291279726e+02 3.808734073685899943e+02 1.582523678542758603e+02 5.601385646681699200e+02 1.221697095275806504e+02 1.568797882348845292e+02 9.290532177969775773e+01 3.414237444719281598e+02 6.232490696746838239e+02 0.000000000000000000e+00 1.560902804830062678e+03 7.233453857370346185e+00 1.445685654979943365e+03 9.814031583474592253e+02 1.087818237985735777e+03 2.942726495641136419e-01 3.278588114835868055e+02 9.443807081631021560e+00 5.299147014410872316e+02 5.039908668735509423e+02 5.517506361707887663e+02
3.047844789586957148e+01 1.025072885454919970e+03 3.458584905581835045e+01 8.156258596310537712e+01 1.245027196461262974e+03 1.125221746049669491e+03 6.252841423150933906e+02 4.849036191032305396e+02 1.060766671755737207e+03 2.789642882821790408e+02 1.473078158457559084e+03 1.005602170526597394e+00 5.685139598177230802e+00 6.478153386868528969e+02 2.240744918486337056e+01 4.768562497543100964e-02 1.007289550341432232e+03 5.117102832016266589e+00 9.380786443951352567e+02 4.196562596654239030e+01 1.411342418626406243e+03 5.031940444339070950e+02 5.338138077316260706e+02 2.539444029358525756e-01 1.355493891949254476e+03 2.080295069835518404e+02 1.675420683449767921e+03 5.771317049375223860e+02 0.000000000000000000e+00 0.000000000000000000e+00 8.170212220975533457e-01 3.916228246626779992e+02 2.069358036727086585e+02 1.308455873768220954e+02 6.377655794340519435e+01 9.231097654563873220e+02 1.631590163414718830e+01
3.773501010687231769e+02 1.445708320578128451e+03 1.429623769901056995e+00 6.340811103758136369e+02 1.003496541374222943e+03 4.075351515565363014e-01 0.000000000000000000e+00 3.759551312855565897e+01 1.430289130787342913e+02 4.629919303049250061e+02 0.000000000000000000e+00 2.282414868790167759e+02 4.636330385515211105e+02 2.327326847490146540e-07 1.290046868898013827e+03 1.248001335316967442e+01 8.154550663824969661e+02 8.194418896237644745e+00 1.160101584842060447e+02 1.666157034533904948e+02 1.135378137212157554e+02 4.342167641575239259e+02 1.424092954444829502e+03 1.279279969250937711e+03 7.158899521620416095e+00 5.919978118106779874e+00 4.087194445025624567e+00 1.307208162940868988e+03 5.547664602619131102e+01 1.278180724516319515e+03 1.265319916412298198e+03 7.256177139688921898e+02 1.368639364434572599e+03 9.201495725248126973e+02 4.035664582329264931e+02 3.725552560109980504e+02 1.268780998656940717e+01
1.237576341672590615e+03 8.699547415722070909e-01 5.042165758186898756e+02 1.365497369234205678e+02 2.959219361402325035e+02 8.297883486447140911e+00 2.231098974566637878e+02 1.933407077183898934e+02 6.687777112858084365e+02 1.550108041729223007e+00 1.142923314932063249e+03 1.086524940763132008e+03 4.846801132046937823e+02 4.274265261794310078e+01 2.512392446265894250e+02 1.409664388095845933e+00 0.000000000000000000e+00 1.131430508777593104e+03 1.041612355481255690e+03 6.630160671598825957e+02 3.149291770905516614e+02 1.328656272662414608e+02 4.036928892463012062e+02 4.115198595921813762e+01 1.519096740340587814e+02 1.046110410429532067e+03 1.256170665585271081e+03 7.150465498966997302e+01 6.414458385588240219e+00 4.084755840289067805e+02 7.320325929817975066e+02 2.611449881462776261e+02 8.090840462509412134e+01 8.268413852524515733e+02 1.561516131747672489e+02 1.007348782274666178e+03 2.761067150465295867e+02
