output/example/lateral_incision_000284.asc
nrows	75
cellsize	13.33333333
xllcorner	0
ncols	75
yllcorner	0
NODATA_value	-9999
[rows 17 to 33 of 75, columns 37 to 73 of 75]
9.082204985285208068e+02 3.727712898303315114e+02 7.593006019939535918e+02 0.000000000000000000e+00 6.463093796727822564e+02 0.000000000000000000e+00 4.759424538264975126e+02 1.257694891850251679e+03 2.997781973218129892e-01 2.163018101169346608e+02 9.120987601647590282e+01 0.000000000000000000e+00 0.000000000000000000e+00 1.688241429514513641e+02 1.210377210950900633e+02 7.840299678267589343e+02 9.753364327560697120e+02 2.910128375296167746e+02 2.339236768243208360e+02 5.236745256248199212e+02 0.000000000000000000e+00 5.809880323525866288e+02 3.416941833050977380e+02 8.780722499478949672e+00 4.612499468497500699e-01 3.535550173308039490e+01 1.963109777071944109e+02 4.810103018064583580e+02 9.212498476308516615e+01 3.239707396100523624e+02 2.268907167277946502e-01 3.289144245032200615e+02 7.650432881851629645e+02 3.600604046927354602e+02 5.349999465293376488e+02 4.783086565711911931e+02 4.532776352637952186e+02
9.512104402807067345e+02 0.000000000000000000e+00 4.183434780499238670e+00 2.241796011040060819e+02 4.725277517069747191e+00 4.467940123217805093e-01 1.472394484102244121e+02 9.986628702285648274e+01 6.851797224575546963e+00 2.309691815260873966e+02 6.266231793578177758e+02 9.856827754513972195e+01 1.533291795889305831e+03 2.353567104420003631e+01 9.262222572379499752e+02 0.000000000000000000e+00 1.196129398897399341e+02 4.966018958498998472e+02 7.821426811515988220e+01 1.082732875676481854e+03 3.913866364983879294e+02 3.312748873901399520e+02 5.450261933632826583e+01 3.068608666445097111e+00 0.000000000000000000e+00 1.129678110028930178e+03 3.535047805896378748e+01 2.126300092713163448e+00 8.900048509211522969e+02 4.589188565447551014e+02 1.379478773123708379e+03 2.444824616231423775e+01 6.251131881823683898e+02 8.219055934694095455e+00 0.000000000000000000e+00 1.329464055001726024e+02 7.472072341026320146e+02
3.709243365918409863e-01 9.856915077612226241e+02 2.685936212462538606e+02 1.397031039944902204e+03 1.958251054229250485e+02 3.810885180341703915e+01 3.952002049038358678e+02 8.395009380085039083e+02 3.268327207797140943e+01 7.743881351962618282e+02 2.470779984333528887e+02 7.190672015253691995e+01 1.119385989493892339e+03 3.493062575435280337e+02 1.096629268314889032e+03 4.836345177529657491e+01 5.015723231647991609e-01 1.088866382473251406e+03 1.039752840735209993e+01 4.864063440403492677e+02 7.636665306616308726e+02 2.485385628724447145e+02 5.030323951510729330e+02 7.722888239228608427e+02 5.948102653717507238e+00 7.089022174116263386e+02 1.027649706457964669e+02 7.769837472350218377e+01 2.704373220378755605e+02 1.325104552065844473e+03 1.648146958668239449e+03 9.274712271620586534e+00 4.057686887540431542e+01 1.206104287560522792e+00 5.574204050225655465e+02 2.510060769579320450e+00 9.572110137600824229e-06
8.111733820484591888e+02 1.412859397676060098e+02 0.000000000000000000e+00 1.026992910651452746e+02 2.880875152677562596e+02 5.254535542496901712e+01 2.110761027757319255e+02 1.262691784548352871e+03 4.195053900063800825e+02 7.211089907112486799e+02 8.802042739140066487e+02 6.426124597296612251e+01 1.265164711500923431e+03 8.216079586796683998e+01 1.286973200948649065e+01 9.569617634928846428e+02 1.086106908331067160e+02 4.889315262867394267e+02 7.639930132020958808e+02 4.981227318653623826e+01 2.632785213156532222e+02 9.360549117754774215e+02 1.117907229154130562e+02 1.077284144115245908e+03 2.294022093579112520e-01 0.000000000000000000e+00 2.179493072706917722e+00 4.758869814242945608e+02 1.038824708955628921e+03 2.273048006069279836e+02 1.389724824853793052e+03 3.866134254241985246e+01 7.218690406200273628e+02 1.346167207215514452e+02 3.815421437123571877e+02 2.778748372485543996e+02 1.819372725014626369e+01
4.507373108362341441e+02 9.981059566677819248e+02 1.143169224016565295e+03 1.665378650534509859e+02 8.507504794039203944e+01 0.000000000000000000e+00 1.844837461152910976e+02 0.000000000000000000e+00 4.503275654654601681e+02 3.862040524785905404e+01 7.222379161417019304e+02 6.619484286898994014e+02 3.295420146529600629e+02 1.399109719392299667e+02 3.035469064377643917e+02 5.053311721675105446e+02 1.460395123237045993e+02 7.193126522773043519e+01 5.352402619022736872e+02 3.790815308193902666e+01 3.636364997236594832e+01 8.846608619524163331e-01 1.250914108207879707e+02 2.465141467146480636e+02 8.392459873699765467e+02 9.072065657367661515e+02 3.469706415524005365e+02 2.272804850794884999e+02 1.854037132377254482e-01 8.363393344507530855e+02 1.423019334530112312e+00 5.362069335885940973e+02 2.923851449026361138e+01 1.497625762830129759e+01 1.307978922452516883e+02 5.888469680170687326e+01 8.393135823445272763e+02
1.503315155306690656e+02 1.552979632997233239e+03 6.641045695608472670e+02 9.270258048832035058e+01 9.921219167833019128e+02 1.374651198761139312e+02 3.362087832559501521e+01 9.653397097084636016e+02 4.439186298646495388e+00 1.855324591457896020e+02 9.040965128550187968e-02 1.305747780444582133e+02 1.765982354765870070e+02 1.095991023231026247e+03 6.862645655484529925e+02 1.495234852607354924e+03 6.490777425178894191e+02 8.236696477762570794e+02 9.551006404990655119e-01 4.591633578394473858e+01 6.790664927195248310e+02 4.184373328008693989e+02 4.691882192956362729e+01 3.266011433714898970e+01 2.193887124857569688e+02 1.893855844001695266e+00 2.733337859360655102e+02 6.863174772351361526e+02 6.954829357743730043e+02 7.508924161662536108e+02 3.364046553907218851e+00 9.146335262102589923e+02 3.142244473191032839e+01 5.567260702753651458e+02 7.473520927187580583e+02 3.288397840511720460e+01 1.075541176943965411e+03
9.279170301077742522e+01 1.418026137520498878e+03 7.431926108788835563e+02 3.358535918035599366e+02 9.687442566500978458e+00 1.277256134169960546e+02 1.084861338924682059e+03 3.732104970089922062e+02 1.118204544490613372e+01 2.660004831134157257e+02 3.660656684800800349e+02 1.165437387424673510e+01 5.397644353770696171e+02 1.208517934290125822e+03 9.363736643213267143e+02 3.616454507964683529e+01 8.098411189217094375e+01 4.789750354689377332e+02 1.189817915727975475e+02 3.819307039101432224e+02 3.999366772050878467e+02 1.123745860243471100e+02 8.872418539139982840e+02 7.636173365416063064e+01 1.273044969907585084e+02 1.225734911894821607e+03 6.297123618676723211e+00 1.053894308812676073e+01 2.025879116918836473e+02 3.418356187526914880e+01 1.678105517956536730e+01 3.201641858473526270e+01 6.446053080051589177e+02 1.231677231094769013e+03 1.101056311364381827e+03 3.711710171845202808e+02 6.083088999585415877e+02
1.649607771264726580e+03 2.703518621298092484e+01 6.462702268641652381e+02 3.938493264326287431e+02 1.625911850844686057e+02 1.288734213365695041e+03 7.829876894822472195e+02 3.966645578183086513e+02 2.133589388388711683e+01 4.074028858346543984e+02 1.973798008851104271e+02 2.624199711620773883e+02 9.181781605851864470e+01 3.940906770600959135e+02 2.211648846948916685e+02 0.000000000000000000e+00 1.278764782164232656e+02 5.279416333520354101e+02 3.207010976119303969e+00 1.353806252961711834e+03 1.064233768098411701e+03 6.777206789017801825e+00 1.087904184404103205e+02 1.686100023242268662e+03 3.408270892781223438e+01 9.009517163844433298e+02 3.532118454634567115e+02 7.787114302324706614e+02 4.468940132009744843e+02 5.706294030278876335e+02 2.012471882460671768e+00 3.008508813586108772e+02 1.231767224283458262e+01 8.783563981616646643e+00 1.293851081016649232e+03 3.605147709277862873e+02 5.055578595976587053e+02
2.763741092645053072e+02 1.077049925220773332e+02 2.196072450863161762e+01 5.629401318455831671e+01 8.761531125766772732e+01 1.453007571822228556e+03 1.341248320869789040e+03 5.784902598264488915e+02 0.000000000000000000e+00 1.603421814694867180e+02 2.067626853858313325e+02 2.968645243547479851e+01 7.494012827261451548e+01 2.523084934496046969e+02 2.277798002791818988e+02 9.298282865908732902e+02 2.937129153662219778e+02 1.000737515463566297e+03 4.398167853186234311e+01 1.250774208832296708e+01 1.452435636626388943e-02 6.842773905317812932e+02 4.986073808854209801e+02 4.797538975423316856e+02 2.137283470526112978e+02 3.696024141854469747e+01 2.353174125093405564e+02 2.966229669180040105e+02 6.560045087436964195e+02 4.387682835234588130e-02 1.032749481470833643e+03 1.063036405233581036e+03 7.977807315948364248e+02 1.583009360272590698e+02 1.331677848565279731e+01 3.441154927485867709e-01 7.058549502514179039e+02
5.068118866713657411e+00 2.107845214706124466e+02 3.482017758290406846e+02 3.229885164065704544e+02 2.449555472765189847e+02 8.930675178332704718e+02 1.138705456203972290e+03 1.851373843319204582e+02 3.502015462589516126e+00 5.101501833723696109e+02 0.000000000000000000e+00 2.366986661039907176e+02 2.610382737812328742e+02 8.393412611962983192e+02 0.000000000000000000e+00 8.624506118551890950e+02 3.913093577632147912e+01 4.286466476310480544e+01 9.501442669286805653e+01 5.847856100652530813e+02 3.349636793019045626e+02 2.807368644393864656e+02 5.782411831027143307e+02 5.065048785357432166e+02 3.594674824490774654e+02 2.286381629698044264e+02 3.586796462968729671e+00 1.022125698889609907e+03 1.384586193081198417e+03 1.676600838438719521e+01 1.287971313731748978e+03 1.259020165167190498e+03 4.344653565085480409e+02 4.076144487262200261e-07 0.000000000000000000e+00 8.699446171041970501e+02 1.389155410487506117e+02
6.035071354778322075e+02 7.180214159086804102e+02 1.768946958931961078e+01 2.525164517065998666e+02 1.670498675512624516e+02 3.736492472052331664e+02 1.906091472419413719e+02 2.583827791279416033e+02 1.183216551683651119e+02 7.985878414163505568e+02 5.670005957340605640e+00 1.824647635265448002e+02 1.049644829343460515e+03 1.486198377270720794e+00 8.452111246512639582e+02 7.916330715302764531e+01 1.076962645435094373e+03 5.680239845424371197e+02 0.000000000000000000e+00 1.193377967407626841e+02 7.993674572435812706e+02 7.892323477468466990e+02 1.177827795650308644e+02 1.551889777120219360e+00 4.762230042263773839e+02 1.326847362331656313e+03 1.652768582515274829e+03 1.088502956034011788e+02 6.142512301410463351e+02 0.000000000000000000e+00 3.401217608647686461e+02 4.229352567512361816e+02 4.410209741498011482e+01 4.904775549378875894e+02 4.549640330832736481e+02 1.392487969635173215e+02 8.106205849729750526e+02
8.142996723755739197e+01 1.120470942823799021e+01 0.000000000000000000e+00 3.941961446818520471e+02 7.778526644617696775e+02 4.553907117094722707e+02 1.712348333768508155e+02 0.000000000000000000e+00 9.173698347515882006e+02 1.033973259698603897e+03 4.645162261634337710e+02 4.254393429753360465e+02 8.917537849705728377e+02 0.000000000000000000e+00 1.521660397133146034e+03 6.907690936349662252e+02 5.357727138077688096e+02 2.022888329897219535e+02 4.666478602957878365e+02 2.597550619296206165e+01 2.763044315120912198e-01 1.165140837040511769e+03 8.217997438494929696e+00 1.482907707519664697e+01 1.956164282920513813e+02 1.324741275964851006e+01 5.743095123204508212e+01 4.375135426243680854e+02 0.000000000000000000e+00 1.174953955715073562e+03 4.800559030194990839e+01 3.080633872898698389e+00 5.764259972150588283e+02 7.684481727621404161e+02 7.295784981194663033e+02 1.069526747202347750e+01 5.486897331471254802e+02
1.069850268036728380e+02 1.231885695518756663e+01 3.294470197206282478e+02 1.069977771783395838e+03 1.416091000758644668e+03 8.993291856940220441e+01 1.593467297474325335e+02 8.304326872814479543e+01 5.996557348118103619e+02 2.020543047820297602e+02 1.051429267539826640e+01 7.508857661834169903e+02 2.119604492262537576e+02 0.000000000000000000e+00 3.460006409393728433e+01 2.485715971140250815e+02 6.506987985691176846e+01 6.865324148100113710e+00 7.575515803831136097e+00 2.039745810145460325e+02 1.004654097049446250e+03 4.341310464911549047e+02 4.907874321155566690e+02 2.262496515325985342e+02 0.000000000000000000e+00 2.940993259074773505e+02 1.031489196664880410e+03 1.640143713865974178e+03 1.423245349212336031e+00 1.450499080681973680e+02 1.365423862657044083e+03 3.500003263957660806e+02 1.476653702240875418e+03 4.536909676238266229e+02 0.000000000000000000e+00 8.523970576570902722e+02 2.913167867049787363e-01
1.999517262990843491e+01 1.286793717344779964e+02 1.175216001651194119e+03 0.000000000000000000e+00 2.920581698631322443e+00 0.000000000000000000e+00 6.863092378078750926e+02 1.065621032055697697e+03 8.842858678509409742e+01 1.441610450545257152e+02 1.704665131948050316e+01 1.321862339798717812e+03 1.608155547088945809e+02 8.588393855356512177e+02 5.329022274065437159e+02 1.569522594197500531e+01 4.429339897291279726e+02 3.808734073685899943e+02 1.584206340960803345e+02 5.183212628600652572e+00 1.438512403270023299e+02 1.740952245742483626e+02 1.650925440756422518e+02 8.332078088270880016e+02 2.567545179853440018e+01 8.429508058150732452e+00 1.008861239938008794e+03 9.940404771236802617e+01 1.307133053938705380e+00 1.370351030713847251e+02 2.643309485165945105e+01 3.442190430988031835e+02 1.598708763501307203e+03 2.767384208111904513e+02 1.082191128709335771e+03 0.000000000000000000e+00 5.517506361707887663e+02
2.904219477078258365e+02 6.021314168121991770e+02 5.939981828385069207e+01 1.874309018298433216e+02 1.245027196461262974e+03 1.125221746049669491e+03 6.290960460404639889e+02 1.337492730461398196e+03 1.313195311149715678e+02 4.932608946948617046e+01 1.502834722027542512e+03 1.135010483494785660e+02 5.421393197507317154e+02 3.623885265428006619e+02 4.707459476022957290e+01 4.768562497543100964e-02 1.007289550341432232e+03 5.117102832016266589e+00 9.380786443951352567e+02 5.733527356609527459e+01 5.739590375603261236e+02 2.426834762862046091e+01 1.099170295167621816e+03 6.295969440039489662e+00 3.419351692472862680e+01 6.092862619443266681e-01 8.727996379031116021e+02 2.233378101851611319e+01 6.609623032910168376e+02 1.769648927955284989e+02 6.918087172285405586e+02 2.254425658315457426e+01 2.349458930930575482e-08 6.770763917843983108e+02 6.377656331737384221e+01 9.894229670017310809e+02 1.631590163414718830e+01
1.062043051617233402e+01 2.448372312875483772e+02 1.710278353899013837e+02 6.421521557982025570e+02 1.003496541374222943e+03 4.075351515565363014e-01 0.000000000000000000e+00 1.699266919038644517e+02 4.286250139241150237e+02 8.786270557534396630e+02 1.687310519300267320e+00 1.534413882983623978e+02 2.520914521414540843e+02 2.327326847490146540e-07 1.613118782388839463e+03 1.250645630167660158e+02 8.154550663824969661e+02 8.194418896237644745e+00 1.160101584842060447e+02 1.666157034533904948e+02 1.136687025946484937e+02 4.342167641575239259e+02 1.057226944225362104e+03 8.076878720422610058e+02 1.058209633215859355e+02 1.231274599806707357e+02 1.566154353504128665e+02 8.416053936494847676e+00 6.232727439995965142e+02 0.000000000000000000e+00 1.541421228698369532e+02 0.000000000000000000e+00 0.000000000000000000e+00 9.201495725248126973e+02 4.035664582329264931e+02 3.725552560109980504e+02 1.268780998656940717e+01
4.139520116162290151e+02 5.130505721935741548e+01 5.982535072251038173e+02 1.365497369234205678e+02 2.959219361402325035e+02 8.297883486447140911e+00 3.904805910962090820e+02 1.936053734882696631e+02 1.099174097701308938e+03 7.158070559103657970e+00 2.303807686534061077e+02 4.000602143133990580e+02 8.480777193980208040e+02 3.624357672223367786e+02 2.515531195848770381e+02 9.634404827267335492e+00 2.979322046662420398e-01 1.131430508777593104e+03 1.041612355481255690e+03 6.630160671598825957e+02 6.813223614681168101e+02 1.079312615970937259e+03 7.244227307644821394e+02 4.141731384167999153e+01 4.869084416447304307e+02 0.000000000000000000e+00 1.120508660546060810e+03 6.659622043296099037e+01 9.606111717255548683e+02 2.816100349194933870e+02 8.638506831720510490e+02 2.611449881462776261e+02 4.262707762224492853e+02 8.562563279632062176e+02 2.067226016483323008e+02 1.134996162744869480e+03 2.761067150465295867e+02
