output/example/lateral_incision_000164.asc
nrows	75
cellsize	13.33333333
xllcorner	0
ncols	75
yllcorner	0
NODATA_value	-9999
[rows 17 to 33 of 75, columns 37 to 73 of 75]
9.991321102713416735e+01 8.370755612451050638e+02 8.423524180323734356e+01 7.110693545266908586e+02 8.568726451827101300e+02 1.520627395985492058e+03 3.606017746125502299e+02 2.467641018263407489e+02 2.795174429276740398e+02 6.051980181938251917e+02 3.397804224847502610e+02 1.573448735731910347e+03 4.170331175624478703e+01 2.202763005182071652e+02 1.216691457787161198e+03 2.905615418601656756e+02 3.382138593535664199e+02 1.028214466015369908e+02 3.838240333467532395e+01 2.893986240021588330e+01 4.723391575542908640e+02 1.499172909766958242e+02 1.362181004584013181e+03 2.212825061017583472e+00 9.654484588255713788e+02 7.680298024824571712e+02 2.050260454726209047e-02 4.756318306131535678e+02 7.683062771379826472e+02 1.468694705563578736e+03 5.066932989976489665e+01 2.207439792848616889e+03 1.965339862997567479e+02 3.429455864886485301e+02 1.192767067300851522e+03 3.247312431733313929e+02 2.493362510242216956e+02
8.082618732370495991e+02 4.033263938183792447e+02 4.474264153179932464e+02 9.043431685070715957e+02 5.928263550512000393e+02 1.192355085745080032e+03 1.010424423813935420e+02 1.273528196720293181e+03 4.604962074251056414e+00 6.917719909581947213e-02 4.555359988615620637e+01 7.882829933088920660e-01 7.344084149139396231e+02 1.528291744449387807e+03 1.298047153665088217e+03 2.497968414044913459e+02 2.600075374465286018e+02 2.792337110071214283e+02 8.133055922817047190e+01 0.000000000000000000e+00 5.107226081256523287e+01 9.889387577410278851e+00 1.047746431450272439e+03 1.103019419977612188e+03 2.210497565896949723e+01 4.210617251806188932e+01 1.088953301130130740e+03 7.283527173418602843e+02 1.376490927620474395e+03 0.000000000000000000e+00 0.000000000000000000e+00 1.275902363546229026e+03 1.110968440651831770e+03 2.222093829383525758e+02 1.511690061212564160e+03 1.129913496735574654e+03 7.472072341026320146e+02
2.750230805597262407e-01 6.713610797396380576e+02 2.890976770816287740e+02 7.807526970810165778e+01 1.011722611293520515e+02 6.706731772542735115e+00 1.276853684318633331e+00 1.204926006077810371e+03 3.238206405881020089e+01 6.001897765807829046e+02 1.151016882388472823e+03 8.171574032457905332e+02 0.000000000000000000e+00 1.256281553177295109e+03 8.806267656058610171e+00 4.530693455667507124e+02 3.514585050101346724e+02 8.384273014205662067e-02 4.171397031959526203e+02 1.001726402272317728e+03 5.602270628511691939e+02 2.096267546371830974e+02 2.580476465098320205e+01 1.400865731943788205e+03 0.000000000000000000e+00 1.666800683373754964e+03 1.490429584634818809e+02 6.142949878845972762e+02 8.213552053450302992e+02 6.199222455618873937e+02 6.457607593272156521e+01 3.238155576201617691e+02 7.955077806151464870e+00 1.020734796423528878e-01 3.610458122808142889e+01 8.747632526349974569e+02 0.000000000000000000e+00
1.352444742571607094e+03 3.543849168549310757e+00 1.532617491263083139e+03 1.220548109136791936e+03 1.322807078520052642e+02 3.879211812464799891e+01 1.984640694691539977e+02 1.456667559175591009e+02 4.265412680566506687e+00 5.158561584702995333e+02 5.208643293139904245e+02 7.412697609452973211e+02 2.197548951499588270e+02 0.000000000000000000e+00 8.524858473737099303e+02 0.000000000000000000e+00 1.196522903105425861e+01 2.727786427335569783e+02 1.392959632948666240e+02 9.055347551507846902e+02 0.000000000000000000e+00 2.579322798365192284e+02 1.124131455340219645e+03 1.424104038259354638e+03 5.073142026352978178e+02 0.000000000000000000e+00 1.260460527902284412e+03 6.148598542608560535e+01 7.667515225511564267e+02 1.161020922177582179e+03 3.262578498978780885e+02 1.506171495826398257e+02 7.858293182731672655e-01 1.573710910428412717e+02 1.248477520874962465e+03 9.730030578432301525e+01 1.140368323591845146e+00
9.999637511317442886e+02 1.350815558419252795e+02 6.537591699269136747e+00 2.364730006479699114e+02 2.749397422368886623e+02 5.621723245080888773e+02 4.890445338215546940e+02 4.082629279052480911e+02 4.786291011873176870e+01 3.099068533316821572e+02 1.372567635242554388e+03 5.631902185623175683e+02 0.000000000000000000e+00 1.458941837662571928e+01 7.401589935523668373e+02 8.662846752087931463e+02 1.192099522909629030e+02 2.490458378938273043e+01 7.710827988205846850e+01 1.904967588814668886e+02 7.483669981876705890e+01 1.726487411687479989e+00 8.117105055927975172e+02 2.297630201552823053e+02 3.240719761407617749e+00 1.203640738966330218e+03 0.000000000000000000e+00 1.665970621836315786e+03 4.091360641799255973e+02 1.268185324010069905e+02 2.135414761406661057e+02 4.818235045417371225e+02 1.252791164652674496e+02 3.922919589082996339e+01 1.616790521171995806e+03 9.848454640043308927e+01 6.217789445110075803e+02
1.101690424985773234e+03 1.627501800920785513e+02 1.495963875079259253e+02 1.107308544862872708e+02 8.307310221016507512e+01 1.449183449384959521e-01 1.315923282851875626e+02 2.780347202409884062e+02 1.741120876882357607e+02 1.220700658748167626e+02 4.214455291747603951e+02 0.000000000000000000e+00 1.060847493498815766e+03 1.352474083670222399e+03 2.843140505965874532e+00 1.334557998914395739e+03 1.283120860933641325e+03 0.000000000000000000e+00 4.183508876985249714e+01 3.221565682894827773e+02 1.390815585288784177e+02 7.739295878446520227e+00 4.715311737482971921e+02 1.519808449378206916e+01 1.423253740358201640e+03 8.853296669316006273e+02 9.051242997870236877e+02 6.771870130235263296e+00 4.547309499651660758e+00 2.487323990557779396e+01 1.739500559954319442e+03 1.443453298724143110e+02 1.131892974147320047e+03 1.152834167066075906e+03 2.071217733329386306e+02 9.979052429023156492e+02 1.671319093270844405e+03
2.320833904235016973e+02 1.025833141979315542e+03 3.715916792762671861e+01 1.094209549024149283e+03 1.413424181884501820e+02 1.304657346477638384e+03 5.482859747705159634e+02 5.573626066114484301e-01 9.114197285471507826e+01 1.130604357071490995e+03 5.258485842444918035e+02 3.451958685604741959e+02 8.384607124058387626e+02 9.261325196795249894e+02 2.763837712581453729e+02 0.000000000000000000e+00 9.546279627874534981e+02 2.881119622140813590e+02 4.702778190171358119e+02 2.813806813331089529e+01 8.077331279897795868e-01 6.035598678004314621e+01 6.558834641260102671e+02 5.354133767645713249e+00 6.775968034961556441e+01 8.322547176176876560e-01 2.167474038716234119e+01 9.153307690321641132e+01 1.773900100547842612e+03 1.299393276229207217e+01 6.087858348974682485e+02 4.543028982534279407e+02 1.800249644376791366e+03 2.719121919305728170e+02 1.142529947613546938e+03 4.366183572031280278e+02 1.939977144847754857e+02
1.669103058819913485e+02 1.698072728241610037e+02 1.367644510801821127e+02 1.078108166231058021e+03 2.055089771826331742e+02 2.224647337108838769e+02 6.809979380929080435e+02 0.000000000000000000e+00 7.230022731405875980e-02 1.318591685155211621e+02 4.709171363371631287e+02 7.032388152412452200e+02 6.026874372218010194e+02 1.458260600032119328e+03 1.029735016837684611e+02 1.138208048943302941e+02 4.477611788096390910e+01 1.460418361262478815e+00 1.052746689089431165e+01 7.082377991769361358e+01 1.639686819232451398e+03 3.729997080838160741e+02 5.844266248413463316e-01 3.302148473483096609e+02 3.833678437818822999e+02 5.112973013556396040e+02 1.002609015085565858e+02 5.252470025333077501e+02 5.660150195011724463e+02 2.805496490658403559e+02 6.767758079085135137e+01 4.436064333257087355e+01 4.722776524443863089e+00 1.765402731927816262e+02 2.959574525748342353e+02 4.568810869282253329e+00 4.953450795826773287e+02
1.792720938367940278e+02 6.326329607263438959e+01 1.413614583044570105e+00 0.000000000000000000e+00 3.055375823603464482e+02 2.963378875530658547e+02 6.783709613863027243e+02 1.537266499217399485e+02 8.534846020043412409e+02 5.242564778507671690e+02 1.851404165530623303e+01 6.707968810595061476e-03 7.370634471259826341e+02 1.178497812803521327e+02 1.680399041309547314e+01 1.035423901613227372e+03 9.407244773306073284e+02 1.480016486908759589e+03 4.949882762081381316e+02 1.437312343806092485e+03 2.714840503968065158e-02 0.000000000000000000e+00 4.587890982877023589e+02 3.672137200587067696e+02 0.000000000000000000e+00 4.140786924364675059e+01 4.353920562104458014e+01 0.000000000000000000e+00 0.000000000000000000e+00 4.323332657703732451e+01 2.779855628964280072e+02 1.315321814511762568e+03 8.060293203641280115e+02 1.027293529084848387e+03 8.170041979790374853e+02 4.470396293081858516e+02 7.058549502514179039e+02
5.068118866713657411e+00 2.059092943385413719e+02 2.521026997600747421e+01 1.055754947533317363e+03 1.591395955332798735e+02 0.000000000000000000e+00 7.453747474147162393e+02 3.872807055838047745e+02 1.486942263938518352e+02 2.473187876699595051e+02 1.054206597805429283e+03 9.643952091686463746e+01 9.402493113029166238e+01 1.641238322767297859e+02 0.000000000000000000e+00 1.721428658144948486e+03 2.205103391206924641e+02 6.562250888835714022e+02 1.962005238478951696e+01 2.789583405553807438e+02 1.015900885530968708e+03 8.384490846154604924e+02 8.463643093993155730e+00 1.168681445706268534e+02 4.732063999213489183e+02 4.658560565099496564e+00 6.415012735087657347e+01 1.236539159641687391e+01 1.520598958405082080e+01 5.790619144000570486e+02 6.267854465058757540e+01 6.589129411805112113e+02 1.005156392785368780e+03 4.785795366172070544e+02 1.265669775981835841e+02 8.766818499571590451e+01 5.392842533342268929e+00
6.034820675251285138e+02 5.713515098167075621e+02 6.421379845248511131e+00 2.433191643922351375e+02 1.230540527096569576e+03 3.205310719720548605e+02 7.626326297231296394e+02 7.508238665472598541e+02 8.604167224549156856e+01 3.936159992022068081e+02 0.000000000000000000e+00 0.000000000000000000e+00 2.273605383035402951e+02 2.782792893379616928e+01 4.126204205878331521e+01 2.934338793921981220e-08 9.456875997715750373e+02 2.279967504020010693e+01 3.030801786249483030e+02 4.159895341214401014e+02 5.008305045449179147e+02 1.516270639501728965e+02 1.340525480094813204e+00 6.615521913437788726e+02 1.091494590429422402e+02 3.887326235650765227e+01 1.563479120207830135e+02 4.247485015778524371e+02 1.334545897089024322e+02 6.310236989126759966e+01 5.231049605345577902e+02 0.000000000000000000e+00 3.285144791389078733e+01 6.853297708282665326e+02 1.008683132270170120e+02 1.875999754703460383e+02 5.533089369012429870e+02
1.203528213018410725e+03 2.490677125107826906e-01 5.182185492836515550e+02 3.880767210075441085e+02 4.559856906515358332e+01 1.841614183260851121e+02 3.550784113642188089e+01 1.334118584018718593e+03 7.255525626368906842e+02 4.134617263771824014e+01 1.072243626674487359e+03 5.683394528068299678e+02 3.188068255352313827e+02 2.842239302696325254e+01 3.401689948804541359e+02 6.558680375237556746e+02 2.294782072018582308e+00 1.689487704653372191e+01 4.063010094339197735e+02 1.083142514361056783e+03 2.118521645418766468e+02 2.547585997433333915e+00 3.893140214736018834e+02 1.283371184062732709e+03 3.639304424360834105e+02 1.245999115090292889e+03 3.386381806263257204e+02 3.541818421037011166e+00 8.082859026823178965e+02 5.896765519214124396e+01 0.000000000000000000e+00 8.753660688441854631e+01 0.000000000000000000e+00 5.757481550492572069e+02 1.032520256364197664e+01 6.801383516652887806e+01 3.126364837516208581e+02
2.256435536849226864e+01 1.712050638144671382e+02 1.150235343073461308e+03 1.096204465567288025e+03 5.818403033700532134e+00 3.181422565538416620e+02 1.013321739847607432e+03 1.755957808786988750e+01 1.222002996125771460e+03 1.791323992897062567e+01 1.457782322001732609e+03 3.670870839427978893e+01 9.646385793406543598e+02 5.869155931480923982e+02 1.435916670831997237e+02 9.116673818662675899e+01 7.893376539205967219e+02 3.268275978316971759e+02 1.598492708563424458e+03 8.490301356790635623e+01 3.513508208782283759e+02 1.063597292922217008e+01 7.688593700824189909e+02 4.728563789820382226e+02 1.187581927183714914e+00 1.014446641490818593e+03 8.230489734828303199e+02 1.181978837405775984e+01 7.001452698037776372e+02 4.173653423086474845e+02 5.685529054084050813e+02 1.580710797423824033e+03 5.731884022031670156e+01 6.149722266328556941e+01 7.485668331220150549e+02 9.672121475625542075e+01 2.269654621388897908e+02
1.286565126473205282e+03 1.413575873473903812e+03 3.034124043648918967e+00 2.583471407689227703e+02 2.113776448962159691e+02 2.567698393301197370e+02 2.847148096023223047e+02 0.000000000000000000e+00 0.000000000000000000e+00 2.048566033542615799e+02 4.992701030720016320e+02 3.166578923078868790e+00 6.614308938192750702e+02 1.991413787904470496e+02 7.793058573948020467e+02 2.807923608366656865e+01 8.025718552384711302e+01 4.548901601677990847e+00 1.170160404875309865e+02 1.018750978734159162e+03 3.314818619519459162e+02 0.000000000000000000e+00 4.835575702330645953e+01 1.192853159925780119e+03 7.016348577966017501e+02 6.023344347520599662e+00 8.626259231491792434e+02 8.282010856468895099e+02 0.000000000000000000e+00 7.155090299591136045e+02 1.179447405128742503e+03 3.776528170729188894e+00 4.640442539694544735e+02 4.437626881029634092e+02 1.419514420103525708e+03 6.079437215033655093e+02 2.091219065594454207e+02
1.313240029281475074e+02 4.605696606516138445e+02 1.162906841200530152e+02 9.240507354331039096e+02 0.000000000000000000e+00 1.148358819270179765e+03 4.409623298944976568e+02 1.438787124077495605e+02 1.747373199696892470e+03 9.645336251950730002e+02 1.135695808661110959e+03 2.828869059158162358e+01 3.712674591903769397e+02 3.116021235215289380e+02 4.089549680225709949e+02 5.568100829232724891e+02 7.212949923118007973e+02 1.741833619614904478e+02 4.866922385354345124e+02 1.035558990403774715e+03 1.632615980221373320e+03 0.000000000000000000e+00 0.000000000000000000e+00 0.000000000000000000e+00 5.167093404549724767e+01 0.000000000000000000e+00 6.449715934698331239e+02 1.440526285527095297e+03 9.695517488733958089e+02 2.625045653289034817e+02 2.210391039699133842e+01 1.500412776474915518e+03 1.040150969821237595e+03 4.782527504906991567e+01 2.639718516347604691e+02 1.154883571263689873e+03 1.631590163414718830e+01
2.472410782129507822e+01 6.136413717286224028e+02 7.607569778624709897e+02 2.376603449946978515e+02 5.804964408756634953e+01 1.209762594849042216e+03 1.374318136646605808e+03 1.966340503357993725e+02 1.964185536133140531e+01 5.586749584600112257e+02 1.172274654669334495e+03 2.387409096160085120e+00 1.113906745448996993e+01 9.897645576252322996e+01 0.000000000000000000e+00 8.690755223739101893e+02 4.502123881518755866e+01 4.335458618845353662e+00 2.808975953407792936e+00 1.084918326566727274e+03 1.680210311491774178e+02 9.608669913566323828e+00 7.141513667850082356e+02 9.189287190892742956e+02 1.330333681390013453e+03 6.405215694545752285e+02 2.133419690794793837e+02 6.668550406304258331e+02 1.091818985635119816e+03 0.000000000000000000e+00 0.000000000000000000e+00 4.843678055136889498e+02 5.065994593358350926e+02 3.223419359023557149e+02 2.841854040470138543e+01 8.354638243185723923e+02 8.637731008872531646e+00
1.656006135875698646e+03 2.648321038959264229e+02 5.363259304897949420e+01 4.593084693730625645e+01 0.000000000000000000e+00 8.507619951191522887e+02 5.999756137371535658e+01 6.583659566372012932e+02 7.072894190872391391e+02 1.255968747169720814e+02 2.245153743874261352e+02 4.919967803767088981e+02 2.868244563607512987e+02 1.241146123514206323e+02 1.151400715740532519e+02 9.838740687753412431e+02 4.789545733862457269e+02 4.758853412780045460e+02 2.715168333241681466e+02 7.152471941207157613e+01 1.476203179975617104e+03 1.697864340463740973e+03 4.399548670760917990e-02 5.489239627056988411e+02 6.397569898317093475e+02 1.466772767387237536e+03 1.087533899742922898e+02 1.736598348220804944e+00 1.061995416205116811e+02 7.384490236634411531e+02 1.897553890208314726e+02 1.187896298940196630e+03 1.089711062238421846e+03 1.004105538206179517e+03 3.019383841315310519e+02 1.163381038456730110e+01 2.236570355259370046e+02
