output/example/lateral_incision_000478.asc
nrows	75
cellsize	13.33333333
xllcorner	0
ncols	75
yllcorner	0
NODATA_value	-9999
[rows 51 to 67 of 75, columns 0 to 36 of 75]
0.000000000000000000e+00 1.479314447221820728e+03 9.463358403393473282e+02 9.902511765713794603e+02 0.000000000000000000e+00 3.547590982419662531e+00 1.273753126685122794e+01 1.006006042164085329e+03 2.124764284122126980e+02 1.114789619193849859e+02 1.529652059131247768e+02 1.512421291453996952e+00 7.463133415396227974e+02 3.942007977806073482e-01 1.672863418363606343e+02 8.349118148958274332e+01 9.662021475627554423e+01 2.123636972183324758e+02 1.283426491072682009e-02 9.403397790060638783e+01 0.000000000000000000e+00 4.940071746897484672e+02 3.294207756468663373e+00 7.611966986588672626e+02 0.000000000000000000e+00 7.528961680926054214e+02 1.666317384743520336e+01 2.049865610454929321e+00 1.354517745123132727e+03 6.316843659910619913e+00 4.701429412777222439e+01 3.392929314120908657e+02 1.391896897237871045e+01 6.433273510687653243e+02 1.839124766488898999e+01 5.354809399025260745e+02 5.529798951505686091e+02
0.000000000000000000e+00 1.127667698625206860e+01 7.933309755575013469e+02 9.657992940697672566e+02 2.626446358132513481e+01 1.212027575480543184e+01 4.071393080005022114e+01 2.211491664605833307e+01 8.337077133879320172e+02 3.097189263400978234e+02 1.035060881908631018e+03 0.000000000000000000e+00 2.178943490679685979e+01 4.458429853811346533e+01 7.947983112763773761e+02 1.040850771850515684e+03 6.851215461856828597e+02 1.342178391638842072e+02 3.341934634907023849e+01 9.082952761555044274e-01 8.153986049682366399e+00 1.483438858303723691e+03 1.480998789913079428e+01 1.954578656107808570e+02 6.774963114797461685e+02 7.895808436996971125e+01 9.711539590624295215e+01 1.007332269847752059e+03 8.735229617280702019e-01 3.829931647375715329e+02 1.254132710005590980e+03 2.310785690859752961e+01 8.093534379503960281e+02 2.787747903901395219e+01 1.274107455187259035e+02 1.497817510824666442e+03 1.263915688397965823e+03
0.000000000000000000e+00 0.000000000000000000e+00 0.000000000000000000e+00 1.226158239928606008e+03 1.008572377172070560e+02 9.096268776242347087e+01 2.531337328245307106e+02 1.155779544591968033e+02 6.538107301427030507e+02 1.420421783493643897e+00 1.110516046170397203e+03 9.461725230428109512e+01 8.183747749410421193e+02 8.584393893161183087e+01 1.731861876617698044e+03 1.248935947177478283e+03 1.174624680089883896e+03 7.041327123911788703e+02 3.759110305876764357e+01 4.138630494018159993e+02 4.040767706182139705e+02 3.764295755754575623e+01 2.798392551549521841e+02 1.365742067540002381e+03 2.232894322107975995e+02 8.829540821929881531e+02 5.639799653941192901e+02 3.730113986105347976e+02 3.906264470544183354e+00 1.151960086172915908e+03 8.231182999159265137e+02 1.004046659135495815e+03 8.002051371052323248e+02 8.628084751199144309e-02 5.413672166684419835e+02 0.000000000000000000e+00 4.683938675195902235e+00
0.000000000000000000e+00 8.998434495367084764e+02 8.253386698265468340e+02 5.819577580951148548e+02 9.168958129227911513e+01 5.994432315890876453e+02 5.655876611414129229e+02 5.780788065592230396e+02 1.262492867537501127e+02 8.664075223180635987e+01 6.702367539180116573e-02 2.949089646289679649e+02 1.382715813088155073e+03 8.526044240284012403e+02 0.000000000000000000e+00 5.268396999359948722e+02 3.516985309589442750e+02 5.713039241385524747e+02 4.992960347808472648e+02 3.690898036047028086e+02 6.025878379682098966e+02 6.285512613463478004e+01 1.133005638689135822e+03 8.422002498559326966e+01 6.047830684444320148e+00 8.627072287116893676e+02 3.287271810763447775e+02 4.130010717704918122e+00 2.488103126464193338e+02 1.226106511471285103e+03 1.002574611531094604e+02 7.003121925835544062e+02 4.917641755933428449e-01 4.410377705178530618e+02 1.675011509396389556e+03 2.661554569107672741e+00 2.966374889166826847e+02
0.000000000000000000e+00 6.486530768010761676e+02 3.737380603777953891e-01 4.425922724359066862e+00 3.537001046917313261e+02 1.048031628601285547e+03 8.752455436783673122e+02 1.088536187511816252e+03 9.270577095591855823e+02 7.190538236090006363e-02 0.000000000000000000e+00 1.805122442965595297e+01 4.621935239837742984e+02 2.503314330001376931e+01 1.157344993795417849e+03 1.071585604038330530e+03 3.671409697576512343e+01 8.675480200997415636e+01 1.138016825940469943e+02 7.940537235684673760e+02 2.910405975745986584e+00 2.235023923886851946e+02 1.190285149642421487e+02 2.991369879001332492e+02 1.443108181072588650e+03 1.762584519001716998e+01 3.224430310302931275e+02 1.277692023204098781e+01 7.749793126189346140e+02 2.272785576785751971e+02 0.000000000000000000e+00 7.201112327433675908e+00 3.878335758764546881e+02 1.637934585707829001e+03 1.978352479155303399e+03 0.000000000000000000e+00 5.152321983886160979e+02
0.000000000000000000e+00 0.000000000000000000e+00 1.384399831882532439e+01 1.193331416022692338e+03 3.808342375400592950e+00 1.488930367387489468e+02 7.823289601688038886e+01 4.383382111507566492e+01 7.355525647997409351e+02 4.411837261792838945e+02 0.000000000000000000e+00 7.312199765129763307e+01 8.331081811841710305e+01 5.715279196951260019e+02 1.023193359333045009e+02 3.109309337278966723e+02 3.783448180992409675e+02 2.125714451455985365e+00 0.000000000000000000e+00 2.602043814237788979e+02 2.476690329483589359e+00 1.094855918370846666e+03 1.009495482476238294e+03 5.963967914545429494e+02 1.093764593123839557e+00 4.032622831617381394e+02 2.555646113465516578e+02 9.454087045289429059e-02 4.514841181560201022e+01 2.424057339882345161e+02 6.786623717708667982e+02 1.058482062045488226e+00 1.512732029273723128e+03 3.937767572459590042e+02 4.962368476674549472e-02 2.042613405745608759e+02 3.701830056563701987e+02
0.000000000000000000e+00 4.401995833215556786e+01 1.225234532196488772e+03 6.456802607822982054e+01 9.328980855230236102e+02 1.129119597765324215e+03 4.688129918494798289e+02 2.793566036216518000e+02 5.494034716696676242e+02 9.091576306627890744e+02 4.079520549395504645e+02 3.792214054964321690e+01 1.220923264238919472e+02 1.730487448943733568e+02 1.845624492759414892e+01 3.332094972249466380e+00 6.741205388671726695e+00 1.584497754029086138e+02 2.082534435591935278e+02 2.585264888342571226e+02 8.452562030427976936e+00 1.148845605122060533e+03 9.313193551179787164e+02 9.559213048962401444e+02 3.051750089437892370e+02 2.380437813718617122e+02 5.847110266034352435e+02 7.504994534550905882e+02 9.571347511814271058e+01 8.330890299003569908e+02 1.206597836952452781e+03 0.000000000000000000e+00 0.000000000000000000e+00 1.882997335688431804e+02 2.006493251010589915e+02 4.726730978233138103e+02 9.606343546327718741e+02
0.000000000000000000e+00 0.000000000000000000e+00 1.085853326322454535e+02 9.374312931851912367e+01 3.758562049219407868e+02 0.000000000000000000e+00 3.578214044630361741e+02 2.330544865472157312e+02 9.218999018879176219e+02 0.000000000000000000e+00 2.255353997290404777e+02 1.643585396076004956e+00 6.047228390450208053e+02 2.951134142818876853e+02 0.000000000000000000e+00 3.890225890982231931e+02 0.000000000000000000e+00 2.849010863465522334e+02 1.092090404325512964e+03 1.216691585182205699e+02 1.624678005565382080e+02 7.571023728734814995e+02 1.550239672471377844e+03 3.838244661078637137e+02 0.000000000000000000e+00 5.352795215446809607e+01 8.044086846867374518e+00 5.546250555011664574e+02 3.113283964729139264e+00 6.188789443187930317e+01 5.984513091795556683e+00 1.587688329231837770e+03 2.863339195556896755e+01 2.313307834657722495e+01 4.227822188590426435e+02 1.155212927651954260e+03 3.747081935318633761e+00
0.000000000000000000e+00 9.002969189579184217e+01 4.306095116552378954e+02 2.377990489959814795e+02 4.591961923964474863e+02 6.343890459818747019e+01 6.000634273767863078e+02 6.584856974076308234e+02 8.012916389461960307e+02 6.272841649752500643e+02 4.939629663524234502e+02 6.101249666037648467e+02 7.427968064494652189e+00 3.756051432597226380e+01 1.110236743404415847e+03 2.379499783307287544e+02 1.487615554347238458e+03 3.853226945783029578e+02 8.824429463933148554e+01 3.024506263008811402e+02 9.455659836183909306e+01 3.224503886327668933e+00 2.197075244148872741e+02 2.367729793400194751e+02 9.758508662565823215e+02 1.231003378071656158e+02 1.112543216945978884e+03 2.701457322775636172e+01 5.218224437083815448e-02 1.345622616965467387e+03 3.389236471756260585e+02 1.418508607019164856e+03 8.007968331294355835e+01 1.403496274857303433e+03 6.376872805861655706e+02 1.746593788157413485e+01 9.223762668946153553e+01
0.000000000000000000e+00 1.050422101528942553e+00 2.297394867296929633e+01 1.637060234899699935e+02 6.256419921503759269e+02 4.355197005238010455e+00 4.144788802801532057e+01 1.670520880171725153e+01 0.000000000000000000e+00 1.156122067015062385e+03 1.570318858353790858e+02 9.476313122771507835e+01 3.879463943830994594e+02 2.949726608452728271e+01 5.273297148615048400e+02 1.659190965667452531e+02 4.454054990667183347e+02 4.141500884834695917e+00 5.763523721661463242e+02 5.243178760238145060e+02 6.506908104823342001e+02 4.612938237087795557e+01 1.303605425589445304e+02 9.292104248183782147e+02 3.216042087168462444e+02 1.115289826526643324e+01 2.234581825592519237e+02 6.553032339494720304e+01 4.114795888637991652e+02 1.104899162284196791e+03 1.667199349264946875e+02 1.366547044688435790e+03 0.000000000000000000e+00 1.142547020427524956e-01 5.851185148999786634e+02 6.502660926255290406e+02 6.899219209448723404e+02
0.000000000000000000e+00 3.195127095427921518e+02 3.841870390086157840e+02 1.761124390759925689e+02 1.937616009316102117e-01 1.733220883494266218e+02 5.618523680695129002e-03 1.451220181465227577e-01 8.370947434881651716e+00 1.449190249826967314e+00 4.689663685964864612e+02 4.126854366044713451e+00 1.133219761619747715e+03 5.458338721782818084e+02 2.164016745957895296e+02 4.942744244529786783e+02 8.966603150464326291e+02 8.416157551393058611e+01 1.317041397086493930e+02 7.140455577655092156e+02 6.600227580369120233e+02 3.205144555300863658e+02 7.490763758532564225e+02 1.399298442404987686e+00 2.209606960908018038e+02 1.432312155969221301e+01 0.000000000000000000e+00 9.289708949134439564e+00 3.885273466587268132e+01 6.779470487222985184e+02 0.000000000000000000e+00 3.234985756636903034e+02 0.000000000000000000e+00 3.499296122278757935e+02 3.230507470230160294e+01 7.514674462240240871e+01 9.732059435849967031e+02
0.000000000000000000e+00 3.981122172423516190e+02 1.571584370788102888e+03 1.419720559603800666e+03 9.695509408289904059e+02 6.026350615848044754e+02 1.798144283070682548e+02 5.630620822082735089e+01 7.139390005991171506e+01 9.911005321635950622e+02 9.193279854684246857e+02 1.939605559066690148e+02 2.977374730002275101e+02 6.098815997587777815e+01 4.510849718553918137e+02 2.501940172417864972e+02 4.339877005341828919e+01 5.929595293499986610e+02 7.822058740450660252e+01 1.214469211254959873e+03 5.114792370888382607e+02 3.909226518824234109e+00 3.736962232071767858e+02 1.533229755007889139e+02 3.851011823660160758e+02 4.034960979790467377e+02 6.521885120860939651e+02 2.990612686282626100e+02 4.887607632963357673e+01 4.479986833501804711e+01 9.433974041106553443e+01 1.711208381850323690e+02 2.381633555004625862e+02 0.000000000000000000e+00 5.972159909985862214e+02 2.519634351244413324e+02 4.028410085070115088e+02
0.000000000000000000e+00 1.358205542814685600e+02 0.000000000000000000e+00 9.416780413937304957e+02 6.940139009129296710e+02 7.629337675121796565e+02 1.057557944461771768e+02 1.654429711491315516e+02 2.051488698044922216e+02 1.300165437426305743e+03 0.000000000000000000e+00 3.777281800662260025e+02 5.652439773114532500e+02 1.007538819896529276e+03 3.141804654326492141e+02 3.565687889433709188e+02 4.239882896292311187e+00 4.334224579599080585e+00 3.827549458402035043e+02 2.569883239183231467e+02 1.287330893600222348e+00 1.229258618244952231e+03 1.507635910211105852e+02 3.285661626482792030e+02 7.523331863170327551e+02 5.200664789990889858e+01 8.823188978747964484e+02 3.490935273310045091e+02 1.430759031756689637e+03 2.929351307133538853e+02 1.026054534776632181e+03 2.404054919657285438e+02 3.855661891779197248e+01 1.598712517940113287e+02 1.290796020612755513e+02 2.474166195470271834e+00 1.381255201449946298e+03
0.000000000000000000e+00 2.648807974658722060e+02 1.301262212399804639e+03 7.895512681976626936e+02 7.085782755983943844e+02 0.000000000000000000e+00 5.928859769123229206e-01 1.944558720089103190e+02 3.105618972652694652e+02 0.000000000000000000e+00 4.110441522647569172e+02 1.489215538435780672e+02 5.482659798680804215e+02 4.356121264173648910e+01 5.426623144826361340e+02 6.519655843194017280e+02 2.801231517572295004e+01 6.823529906107067973e+02 7.178277203031701674e+02 9.337895989324779578e+01 1.290066516108729466e+01 8.282891298730481822e+01 2.126579933618940004e+02 4.159849345414581876e+02 1.802822998789621352e+02 7.313430511717801892e+02 3.973960283324456388e-01 1.618690886810466338e+02 6.630778411154987850e+01 2.642801159355922778e+02 2.294566128228852051e+02 7.427867081823720810e+02 1.039842642511114491e+03 7.236240244762680618e+01 7.171610713820664387e+02 7.971545795264052003e+02 0.000000000000000000e+00
0.000000000000000000e+00 5.000054208029607707e+02 5.170817791670427823e+02 3.163172998074908264e+02 1.541766206574430271e+03 0.000000000000000000e+00 3.921508561707490799e+02 7.371215475752238717e+02 1.005130325911916884e+02 9.083873767536905461e+02 1.410501568041969222e+03 1.799341420367338529e+01 0.000000000000000000e+00 7.107684041229007335e+02 4.899799851023248110e+00 8.378971275274661821e+02 1.004516823810530184e+02 7.534333909747788312e+02 3.090039254058800466e+01 2.819916976706257827e+01 2.904692788055656116e+00 8.542917256951914169e+02 3.563694963051158311e+02 3.810036233198947571e+02 2.635517376645828413e+00 1.122325952158016889e+03 1.538893537093894679e+02 4.606803021519527874e+02 5.094961520877910743e+02 1.289140942600381834e+01 1.386434981692311226e+02 5.217128255220427491e+02 1.124361123137576244e-06 0.000000000000000000e+00 2.297546728331715826e+02 9.685740155143803349e+02 9.378348894303638872e+02
0.000000000000000000e+00 4.915018099019664355e+00 2.242713286983058385e+00 1.091562257852908946e+00 1.504223697025298456e+00 5.020228708941559148e+02 1.435591292109847359e+02 1.237095324157680579e+03 0.000000000000000000e+00 1.492770705126022506e+02 1.726611461605143631e+02 9.488298436718220046e+02 6.585948633213673702e+02 2.560084373909038646e+01 5.967689942376314320e+02 6.547777443744167840e+02 8.701801973448623073e+01 3.725651264126452702e+02 3.898711972473947753e+02 1.325359473084326737e+03 0.000000000000000000e+00 3.526101409467279950e+02 9.337754111119121347e+00 2.149686125330763673e+02 8.874830034243070713e+02 1.191136094375309540e+03 5.190193399589795717e+02 7.384043249406914811e+01 9.225581287267637265e+00 4.102467521991504782e+02 4.176156808364709860e+01 1.072386825803238935e+03 5.780638493347202029e+02 2.996133448565731427e+01 6.833670438733504398e+02 9.881997951599649923e+02 1.238352921346170348e+02
0.000000000000000000e+00 1.206987484559633913e+03 5.432346339915202407e+02 1.156186124071840140e+03 1.712884482944335559e+03 2.233674382387178170e+01 1.200356306133101292e+00 6.617381747217767440e+01 1.170303882198753627e+02 1.268406982880402211e+03 1.292326136921842590e+03 7.643230877033811339e+02 0.000000000000000000e+00 3.111096382700817458e+02 7.518783951149636096e+02 5.571700785090514501e+02 2.254752253413552410e+02 3.630197187255905646e+02 1.009736573807050377e+03 7.878085272728949349e+02 4.935333583006229929e+01 3.197231104761330585e+02 8.000232411984042358e+01 5.579153168183485150e+02 1.071301323662562766e+02 1.237702352930731649e+03 2.299938220909299673e+02 1.790053310991358444e+02 4.255274119780521573e+02 0.000000000000000000e+00 1.568036176145182203e+01 2.337286895852619182e+02 5.571185582088735373e+02 1.159718325992035716e+03 0.000000000000000000e+00 4.982156670200125204e-01 9.939117172979339330e+02
