output/example/lateral_incision_000303.asc
nrows	75
cellsize	13.33333333
xllcorner	0
ncols	75
yllcorner	0
NODATA_value	-9999
[rows 34 to 50 of 75, columns 0 to 36 of 75]
0.000000000000000000e+00 3.509079170798020755e+02 1.334753259495015755e+03 1.511972515970968516e+03 2.761137957140976482e+02 8.405957824711079240e+01 1.579564860514491613e+02 1.656745530015176200e+03 8.347583985379951628e+02 4.130397868099313996e+02 5.819645324227958554e+02 6.131719718406228594e+02 1.244204819945098563e+02 6.286744381521231873e+01 6.503373213844262182e+02 3.424511900315378625e+02 4.794184508386291554e+01 1.502339160115142249e+03 1.427944369165616649e+02 6.003258794485565204e+02 4.206413483105426394e+02 1.175639198391904756e+03 1.276568153935891132e+03 3.645384174760373952e+01 2.511748418637961038e+02 9.788627353398730691e+01 9.703737059955109316e+02 1.886936772145098075e+03 6.990053305705281446e+02 2.670816557833462070e+02 3.611611101027505697e+02 1.160984824228492052e+01 1.099506972845157406e+03 1.424743427689095824e+03 1.481539654663469719e+03 0.000000000000000000e+00 9.467005101116826893e+01
0.000000000000000000e+00 6.649097001059235481e+02 1.205004764700320363e-01 1.536932013223930880e+03 9.200391933688999657e+00 8.925854212325445758e+01 2.601041007808055738e+01 1.671989643958699290e+01 9.127458453462473642e+01 1.687093705699062980e+02 1.316210629852132774e+00 7.691731019390615529e+02 1.392949463117509595e+03 2.364755153338080618e+01 1.043477472021381345e+03 4.473717032320018916e+02 1.997087693017529944e+02 1.085441878762712662e+02 1.163397415908154471e+03 6.442958529934314811e+02 2.715524290878482248e+02 0.000000000000000000e+00 6.738202064587160294e+02 4.567461120480415389e+02 6.890843977934433724e+02 2.559201721876656777e+01 7.541005551042388788e+02 4.724228600542141976e+02 1.204663043127595756e+01 4.655145328873266521e+02 6.349923432990091214e+02 3.702605457541528153e+02 5.140015674450768302e+02 1.843725472271435137e+02 2.920023449257076322e+02 2.869383244529400745e+00 6.841617425606631286e+01
0.000000000000000000e+00 0.000000000000000000e+00 1.628847895049510043e+03 1.943123486321560449e+02 9.594470889378858658e+01 4.012660349145973555e+02 9.445910194485975353e+02 1.572677881782561144e+03 8.526538841711412715e+02 7.030839395610905740e+01 4.915470498921867488e+02 9.729144423240444484e-01 0.000000000000000000e+00 0.000000000000000000e+00 1.607113398598773557e+01 1.118877685876162786e+03 1.429180717760023299e+03 4.590036610876370382e+00 1.188200616045905463e+03 6.158637343500909367e+01 2.106356707102822767e+01 1.007353994238758617e+02 9.416865620898805389e+01 1.540908059859252262e+03 2.611301534721008579e+02 0.000000000000000000e+00 2.386220587357409215e+02 0.000000000000000000e+00 3.988190288338667528e+02 7.059599877171220328e+01 3.175555243476616329e+00 1.071096626474907776e-01 3.194838869333505045e+02 1.908847487371585716e+00 2.675467249310160582e+02 5.359891166656116468e+01 9.944524908969265198e+01
0.000000000000000000e+00 8.788521721799382931e+02 8.833283316342741500e+02 5.251472412113080281e+02 5.527242025430940657e+02 1.262801887236204266e+03 0.000000000000000000e+00 6.966239663381253422e+02 0.000000000000000000e+00 3.051064182719813402e+02 1.035341183679033520e+03 2.114408743451624417e+01 5.306669269604338823e-02 9.556326698870193468e+02 5.230245169251331845e+02 0.000000000000000000e+00 4.108357449496834874e+02 1.357713522943590988e+03 2.116583479653970368e-01 4.470770670982135897e+01 1.450363286670723824e+02 4.185443232600168528e+01 3.144022077514254079e+02 1.024836771513886788e+03 6.939957542205669938e+01 1.196231143673799579e+03 6.944135946674603019e+02 8.784913194464832031e+02 2.338935572988012837e+02 1.033079941476672047e+03 5.900301435894672295e+02 1.295706356790295217e+02 2.954542835564985381e+01 2.017067130854542256e+02 2.278967209071246884e+02 8.266178343661201779e+02 5.282491632801089736e+02
0.000000000000000000e+00 5.211934531218808121e-06 1.107975317935763997e+03 0.000000000000000000e+00 9.151371523807614494e+01 8.593091602314447073e+02 5.504662175146614800e+02 4.772487417380166335e+02 6.481629664329341400e-02 1.518490268711164859e+01 9.484196551618930471e+01 4.280992414379197086e+00 3.016495195999287375e+02 1.204963012149280075e+03 3.661170408195653181e+01 9.603546095708289840e+02 3.688674057194482430e+02 1.904553927635093942e+03 9.790426170944815567e+02 2.325060989506855247e+00 6.289964542111287926e+01 5.731934605683782138e+02 1.505255004982657056e+03 6.635862133600602419e+01 7.408246149171773141e+02 6.162862139602240177e+02 9.517921893614819737e+02 0.000000000000000000e+00 7.020116771448795134e+02 6.892665390661052243e+02 7.440526593364668884e+01 4.471104206648603281e+02 3.751520613779824771e+02 2.678055463240848439e+02 6.891315407730905918e+02 5.256722087338114413e+00 6.644370375330507841e+02
0.000000000000000000e+00 0.000000000000000000e+00 1.292716717441520132e+03 9.117562217452751838e+02 3.248133183585165398e+02 3.035362949334976861e+02 9.711015616167530595e+01 1.603699476207358998e+01 2.677795436723971737e-06 1.019914539023517897e+01 9.620599838857049235e+02 1.235152882719306455e-01 8.013434824655217881e+02 8.828842588230738784e+02 5.133086925864450905e+02 9.291787253271878626e+02 2.678835119927180042e+00 8.514659828307597422e+01 9.370789801608085554e+02 1.223559528470377700e+02 6.976582859304602202e+00 1.203849145448441220e+02 1.760516755956633119e+02 8.203966972470732344e+02 4.454182370444002559e-01 5.904393887879311187e-01 3.335851771394574712e+02 2.711824800695553872e+00 7.461577803160532767e+02 3.930020806098721664e+01 7.208319272683283998e+02 4.140069225029823201e+02 0.000000000000000000e+00 2.591285888757587941e+02 4.647528629235547442e+02 1.197708482131538858e+03 1.425095447140815850e+03
0.000000000000000000e+00 2.829892734740997753e+02 2.347042957781437522e+01 5.810502898560433778e+02 2.353776492870745329e+01 1.857571343556358201e+01 2.005894158405383682e-03 2.923176702060176213e-01 3.276787488581724261e+01 2.783769600763218666e+00 7.158343263323049541e+02 2.238825739566122075e-01 4.102444631823201462e+02 2.846132036437809347e+02 6.709975995534130107e+02 3.336387964944776741e+02 1.054041354977368838e+00 5.673606669200981401e+01 0.000000000000000000e+00 1.589719905557086577e+03 1.422705812123984837e+00 1.322017744497481999e+03 7.495804304754741452e+02 3.467224354942451292e+00 5.946009582320402842e+02 8.177493209649745722e+02 3.970475795502604797e+02 0.000000000000000000e+00 1.208589391044412650e+03 8.353244428177637815e+01 7.476019801547582802e+02 2.294897979404748867e+02 5.946730868638985257e+00 1.215464101871772300e+03 8.838951784836203842e+02 1.358029908304179116e+03 0.000000000000000000e+00
0.000000000000000000e+00 1.032804277402114849e+03 1.208741928516179996e+03 8.765695132849975835e+02 2.896465191709352212e+02 2.426644634482944429e+00 3.498073479661370300e+01 2.035120275141585466e+02 4.822363432402189005e+02 3.702110036593363702e+02 3.230225523775021088e+02 5.129411304608454429e+02 8.075041158053037904e+00 7.778069536600648917e+02 6.064054099583853485e+01 2.768844877370755739e+02 2.452687629838877683e+02 4.442100839971754453e+02 7.033820780441013198e+01 2.065757093455377799e+03 5.492289890980763403e+02 1.433537440824890439e+02 0.000000000000000000e+00 4.581607639052231775e+02 1.163019056553892142e+03 1.066993862818433627e+03 5.310367012762743570e+02 3.592277719555653004e+00 8.475599731825244589e+02 1.007069109187789557e+01 1.562069913214328380e+03 5.423459544321599424e+02 3.659241999142336113e+02 3.565227870216133965e+02 5.918007183664848725e+01 8.476824972823149551e+01 6.773511059380652455e+00
0.000000000000000000e+00 1.375929847779765396e+02 5.752052196764982455e+02 1.817980145914101797e+02 7.389262712578607761e+02 4.637172011045286126e+02 1.363346580395771298e+03 3.397803305638698816e+02 3.614960918876237201e+02 8.283570722753918290e+02 9.848944298372646244e+02 1.270735596958150154e+03 7.483620235520929782e+02 2.910474724847482708e-01 5.519643242629298356e+02 2.560824035705454094e+02 1.188158554057002220e+03 3.622859341965657336e+02 0.000000000000000000e+00 1.676734108806805068e+01 3.820818447469717398e+02 4.019170557707173685e+01 1.270384035661882990e+03 1.412591349536050132e+02 6.943316965136162366e+01 4.295626863245268510e+02 1.155562982477700871e+03 5.590405715734235947e+00 1.342194859330293866e+03 7.614579974661987194e+01 0.000000000000000000e+00 8.046412380442748145e+02 6.515289716966459643e+00 3.407362587973336332e+01 4.113115611359985380e-02 1.291881154890633070e+03 8.093424748955332007e+02
0.000000000000000000e+00 6.027121090063234305e+02 1.191000409106991675e+00 2.257480349700403224e+02 1.299089749218184942e+01 7.374471354566660253e+00 0.000000000000000000e+00 1.362255069021312693e+03 1.064828913222587232e+02 7.165600760850607003e+02 2.476984816494411064e+02 7.192593307783425871e+02 6.543712648012321154e+01 7.382609817817417763e+00 3.906597859364885608e+02 7.106740178857149886e+02 6.912025297998570750e+02 1.994483281450673076e+02 8.027116557254048530e+02 5.753669133389092849e+02 1.866023827811382603e+02 2.722505080821524359e+01 1.317550066045331278e+03 1.153229298270663783e+01 4.795056370148360543e+02 6.614108050932216543e+01 1.093036304552884808e+01 3.135127770112009102e+02 2.467264577640882806e+00 3.570156027472819460e+02 5.066224190516851422e+02 0.000000000000000000e+00 7.940391544123903032e+02 6.077538944260578724e+00 4.105708692649528757e+01 5.452188801831325691e+02 2.241637254292855062e+02
0.000000000000000000e+00 5.695084682255712778e+02 1.494318660781858398e+03 2.398346714215705902e+02 1.129042524842379862e+02 5.759973418093973407e+01 1.316890456187740256e+03 4.110750788769840369e+02 2.297201825067561458e+02 8.803506235802932451e+02 9.219234114420083870e+01 3.216872013745287404e+02 4.068764664892125182e+01 9.401614536580940040e+00 1.152804913075581226e+03 4.389421018705859296e+02 1.072661047680121271e+02 5.413709797119705627e+02 2.851842560913034390e+02 1.059463738149337132e+03 1.474941050871345624e+03 1.709428883141786670e+01 4.542748382492939641e+02 1.347144619829646786e+02 2.668138600537639604e+02 6.002712326494232542e+01 6.510675710994527208e+02 3.511799573977764339e+02 1.577787074501638998e+01 7.217931691420026254e+02 5.041963630612379177e+00 1.100099321825642164e+03 8.394387098443352215e+02 4.591331231733059894e+02 1.960212133038734450e+01 9.856181982936985941e-02 5.118903808649061489e+02
0.000000000000000000e+00 3.878158162598421388e+00 0.000000000000000000e+00 0.000000000000000000e+00 0.000000000000000000e+00 0.000000000000000000e+00 0.000000000000000000e+00 1.260619540452484477e-02 5.582229219015760009e+02 1.238559215919537564e+03 3.133820922887560414e+02 0.000000000000000000e+00 3.809054348706631998e+01 6.886577550947718862e+01 1.536543544748512033e+02 6.420148301291271764e+01 4.265566882853534025e+02 0.000000000000000000e+00 0.000000000000000000e+00 6.443750221195135737e+02 8.504798089403520862e+02 2.093388987445262472e+01 2.311428711328011332e+02 1.201163635710515564e+03 9.339080138679442200e+01 0.000000000000000000e+00 1.399851044515216358e+01 2.203237280415774535e+01 1.823518048744678026e+02 1.156147805056742072e+03 2.801040289646439696e+00 6.501959182414494762e+02 2.284561394166433672e+02 0.000000000000000000e+00 5.080790671291499621e+02 4.265428136494046640e+01 3.803463330515194230e+02
0.000000000000000000e+00 1.467202067242418195e+02 0.000000000000000000e+00 0.000000000000000000e+00 0.000000000000000000e+00 0.000000000000000000e+00 0.000000000000000000e+00 0.000000000000000000e+00 0.000000000000000000e+00 9.583118194516530366e+02 7.095806603255784921e+02 4.481253897054632489e+02 8.651828395517806030e+02 2.569219305312564074e+02 4.210301591048171144e-01 1.596960952522958621e+02 7.228007849324611698e+02 1.167724086207751384e+02 1.007373740295657285e+03 1.567477967428480497e+03 1.025916219815959707e+01 1.454725148615175385e+03 2.226373718721948336e+01 3.388422490654369881e+02 2.676552305240479654e+02 0.000000000000000000e+00 4.821760812745484941e+02 1.609382636569575311e+02 0.000000000000000000e+00 7.385713023863816318e+01 5.144621906579455173e-01 1.887250113921560057e+02 2.115368830044583888e+02 1.341916650889848484e+02 1.396041940040016982e+01 2.703408849950939157e+02 4.802384537414770449e+01
0.000000000000000000e+00 3.805663115124858109e+02 6.494677738078087259e+02 5.337359679524496414e+01 5.661069172772618003e+02 1.234205642523490241e+02 3.838215432979488355e+02 2.030852234810413677e+02 0.000000000000000000e+00 0.000000000000000000e+00 0.000000000000000000e+00 1.226243344557288083e+03 3.008388080471604553e+02 4.987265067089342807e+01 1.553450228087915548e+03 9.360742338697335185e+01 1.883204717591205792e+02 3.900283577096262206e+02 2.339996293385062245e+02 1.036137138405616270e+03 0.000000000000000000e+00 9.422933726108647079e+02 8.318153960350040279e+02 1.260393917333615946e+03 1.133115329459978824e+02 6.091417557309289350e+02 1.190482261189223209e+03 6.302117589623305871e-02 4.792961851961864568e+02 8.229498232070857000e+01 3.142267588751712992e+02 0.000000000000000000e+00 3.111619305346820852e+01 4.810592113709464002e+02 1.260024083142446516e+00 9.029956487463404073e+02 1.348951334538539992e+00
0.000000000000000000e+00 1.227736116489282239e+02 1.532148375530683282e+00 7.935889311321961404e-02 4.364899586343145010e+00 7.022632097526800408e+02 2.727363214738955435e+02 1.275057439598581794e+02 4.056685708171484634e+02 0.000000000000000000e+00 0.000000000000000000e+00 0.000000000000000000e+00 6.741250520997739386e+02 0.000000000000000000e+00 1.025954423972995301e+03 4.176147602977694362e+01 3.033582085651173657e+02 1.634205898789326170e+02 1.073538066223477045e+02 0.000000000000000000e+00 7.776769409458518112e+02 1.469092185883996763e+03 6.955205352041599554e+02 1.524266915602834560e+00 1.061062913003583617e+03 7.531250409961411929e-01 4.119585754400641804e+02 0.000000000000000000e+00 1.564324946429750071e+03 1.426029266224299818e+03 6.385833017552950253e+01 7.254478336908858864e+02 8.592695856637018892e+01 1.034944343600764824e+02 1.162597545293299845e+03 1.514318713530800323e+03 6.244009026007815919e+02
0.000000000000000000e+00 8.632901170852519499e+02 4.469703521953299941e+01 5.001028324837667682e+00 0.000000000000000000e+00 9.537378863890588718e+02 2.015703493351039128e+02 8.170108109444646161e+00 1.384438753555791095e+02 2.281308813562722904e+01 1.709656116853667299e+03 8.569698468993392453e+02 0.000000000000000000e+00 1.517970318060937871e+03 0.000000000000000000e+00 0.000000000000000000e+00 1.274393838871782855e-02 0.000000000000000000e+00 0.000000000000000000e+00 5.908156486589422229e+02 0.000000000000000000e+00 0.000000000000000000e+00 0.000000000000000000e+00 1.233407483733617255e+03 0.000000000000000000e+00 1.341824473042433397e+01 1.800991018178494230e+01 3.191545149675847348e+00 1.264531239362653878e+03 1.359587616724575128e+02 3.060354683825405573e+02 7.944668828925751995e+02 2.758599520895347155e+02 7.187611622783405210e+02 2.384731602057275381e+02 9.730821375899749910e+02 0.000000000000000000e+00
0.000000000000000000e+00 4.805525160154617197e+02 1.052654594787594249e+02 0.000000000000000000e+00 0.000000000000000000e+00 7.694157262636268797e+02 5.148379103745996872e+02 1.069083703103659218e+03 8.620673936400334014e+02 9.217936267079069879e+00 2.676331074013050966e+02 1.833609549643110995e+03 5.385882121800656819e+01 3.371773237274799094e-04 5.247948526576118512e-05 9.294631181216307141e+02 1.909888574915094637e+02 1.394273165249827798e+03 1.437213691836154339e+03 2.187723647397907314e+02 7.809219721740151954e+02 9.589277191860812763e+02 0.000000000000000000e+00 2.098269563733718428e+02 1.427695113981857503e+03 1.148708326280787917e-04 0.000000000000000000e+00 1.404281511567112843e-04 0.000000000000000000e+00 0.000000000000000000e+00 0.000000000000000000e+00 0.000000000000000000e+00 0.000000000000000000e+00 0.000000000000000000e+00 2.470108268462446188e-01 6.019079183137573636e+02 6.127184440350987416e+01
