output/example/lateral_incision_000083.asc
nrows	75
cellsize	13.33333333
xllcorner	0
ncols	75
yllcorner	0
NODATA_value	-9999
[rows 34 to 50 of 75, columns 37 to 73 of 75]
6.555988580068278893e+00 8.694024449035993030e+02 1.399459924380468010e+02 6.039006028508592944e-02 1.066071534011615086e+03 1.248552087938911228e+02 5.493247569316962453e-01 3.224579011631677758e+02 3.615076702794975176e+02 4.233736769844367700e+02 0.000000000000000000e+00 1.196684238363259738e+03 1.938715430400805531e+02 7.161155553486031522e+02 1.376550678766742976e+03 0.000000000000000000e+00 1.416640177322753289e+03 1.623535362251049037e+03 1.300517903103518051e+02 9.516861026969033688e+00 2.575238067875546477e+01 4.956299139578778181e+02 7.885368937874969220e+01 8.878982708742809109e+02 2.365094017751850117e+02 1.944868916064516782e+02 1.339210927743778967e+01 6.075368944700933582e+01 4.508372658675237510e+00 1.263779388239416221e+03 1.564968116944208759e+03 7.117370435953157539e+02 6.406967676200969208e+02 1.156004559723374314e+03 7.900352981735736648e+02 2.062780781804366939e+02 3.868427390195486737e+02
1.801852203003584521e+02 6.321898062349784198e+01 6.996748541127229828e+02 3.289814999485300859e+02 3.376237561879932514e+00 9.697765709010749333e+02 4.033743940331956424e+01 2.622269364414754023e+02 1.154849979762489154e+00 4.288997956577661625e+02 1.519883499620198336e+03 9.306318627007131639e+00 1.560178479653835211e+03 5.290622471671412086e+02 2.376230864110243246e+01 1.202337192403570270e+03 0.000000000000000000e+00 1.022530341581237145e+01 1.070166097812990245e+02 8.617791243274245616e+00 4.171160693908027497e+02 4.345809125613014885e+02 4.641466664900683603e-01 1.932593390563456808e+02 1.942197919651374036e+02 5.420925421568266529e+02 7.239240757556560766e+02 4.183493799378917402e+02 5.221374431025097920e+02 1.051096978631829870e+01 2.851843556830248758e+02 9.234508332077109571e+02 1.513342022605681052e+02 3.236971025190275952e+01 1.953508887659878326e+02 7.396992483096749993e+02 6.773470275132159486e+02
2.282870811288057098e+02 2.570323041256752106e+01 1.011304601215328034e+03 6.207075807794476532e+02 2.416481527644335259e+01 4.021910735564409833e+01 5.601057663782645477e+02 4.556828187300264972e+02 2.238187853220749162e+02 0.000000000000000000e+00 2.419383876255482448e+02 1.105936698767156258e+03 0.000000000000000000e+00 0.000000000000000000e+00 1.691617865424365164e+03 2.050712242967905695e+03 3.359607604381844226e+02 1.154080088820164292e+03 0.000000000000000000e+00 3.283595711131532653e+02 1.807743957191639765e+02 2.347180783445310226e+02 9.164013229946329275e+00 3.445564099439830557e+02 2.057373775816367356e+02 9.610948215330944322e+02 2.260724420450638377e+02 0.000000000000000000e+00 6.335771960261912454e+02 1.337407648378536351e+03 6.660446049818382619e-01 8.143640215365677193e+01 5.894820283804741621e+02 6.120480756811223273e+02 1.252941986114293286e+03 1.094854116656097887e+02 1.115182124266619041e+02
6.608214876437139651e+01 4.453354689448462267e+01 2.147506317548697297e+01 1.329614782139441047e+02 3.577807971800861964e+01 3.892586254800228289e+02 6.915647957488261000e+02 1.792587493270156074e+01 2.892639591952943690e+01 1.972716707481792753e+02 2.791786300525856745e+02 5.208694794784443616e+01 1.461424362919186478e+03 1.514147739404279713e+00 1.194499210120186717e+03 1.704966001352609624e+02 1.187597670359427411e+03 6.768224723223308956e+02 7.802389823215186198e+02 7.506361344226696701e+02 1.042706227598840769e+02 2.620828756520348968e+00 6.442232700461879569e-01 2.210284616157606763e+01 4.849175771655042695e+02 9.125052815742769496e+00 1.583005419324261993e+02 5.562084471129440999e+02 2.144458526238046669e-01 4.317320350539068841e+02 1.669781813806898754e+03 3.192755754029442414e+02 7.975122265661657366e+02 2.771320803164093718e+02 1.680892110298659929e+02 1.988962563874721923e+02 1.303770512919635109e+02
7.967588043611269200e+01 2.300740882796167597e+01 4.257487163022113386e-01 8.126768956758722879e+02 2.806357646422154684e+00 1.823456652018930697e+02 3.207348069537454194e+02 0.000000000000000000e+00 8.139376719279590633e-06 0.000000000000000000e+00 2.390806225830952769e+01 1.997610107797394008e+01 1.148567635342952826e+03 1.776603676979426183e+01 2.456657702904492879e+01 6.382325867885136859e+02 4.662356529208373672e+02 2.566336374982287794e+01 9.860532497737310678e+02 4.561644118977890798e+02 2.979866478363766191e+02 5.516224928008338679e+01 8.257218547097726002e+01 6.250678767465311694e+02 3.357035601072202553e+02 3.330383828868630758e+02 2.675505285089707641e+01 8.151806521432519048e+00 7.484073876675179804e+01 1.604586945260027733e+02 4.133627371269682271e+02 1.889326608421821732e+02 6.846323788219559674e+02 1.839022179289259782e+02 8.507220649355890174e+00 6.234631825981144182e+00 3.743092760352283221e+01
1.174621186499836938e+02 4.554357980174636999e+00 6.709524835037855439e+01 3.569783249228464683e+02 6.156013347543812415e+02 2.388960087977137547e+00 4.049213382408626671e+02 9.931923182597315645e+02 7.563021605143268289e+02 0.000000000000000000e+00 2.721594881019962031e+02 1.180082696669299906e+02 4.462743301634609452e+02 9.665460018996446578e+00 1.085167373473054511e+02 5.527591015432741415e+02 3.498298633539890261e+02 3.282610171029726871e+02 2.990555612666455421e+00 5.454873484702198283e+01 8.725417924287716005e+02 2.991980048215283716e+01 5.184693115188675705e+01 1.179339489662114460e+02 1.803867030520584080e+01 3.191439963651475864e+02 9.955650958475790446e+01 6.666353157626831588e-03 1.860910502694215207e-01 2.539949213721087062e+00 2.689062143378378664e+02 2.085743717269505453e+02 2.346519226937982427e+00 2.726699753448984325e+02 4.320818047645799709e+01 1.375205051734332073e+03 6.216737066396399314e+01
1.738597778150386686e-01 2.236113168506191187e+02 2.400493872543559348e+01 6.307846997919432397e+02 4.641194247784508775e+02 5.224511408740726210e+02 2.193607246915415487e+01 2.130694632950634855e+02 1.340546329248975098e+03 0.000000000000000000e+00 8.291403600241956156e+02 2.208261177404360751e+02 1.625831279739081765e+02 1.808756177677937060e+01 9.419093980524394283e+02 5.906625702721743210e+02 4.164235449878965483e+02 3.931014222097717692e+01 3.222123309246679810e+02 3.942764708406691057e+02 9.275804021179961723e+00 1.604145045757576042e+02 1.108285995633039889e+01 4.013793125931651389e+02 1.034457837380481804e+00 1.000102369997297615e+03 7.540700151835787324e+01 1.239894648669569339e-02 1.425216870389366761e+02 7.262993685499644698e+02 2.435956431397574562e+00 5.306583416829282669e+02 2.642139494942329065e+02 2.710524553710922874e-05 3.730922899893436124e+02 1.285449978864899663e+02 2.525727027832722182e+00
0.000000000000000000e+00 3.615250690335682862e+02 1.428769122299624428e+02 3.149967737543913415e+01 2.934696503138020489e+02 2.462013872222864848e+02 1.114011776229751149e+03 1.663818004101215386e+00 4.104767204514797641e+01 9.167034309219899342e+02 0.000000000000000000e+00 0.000000000000000000e+00 1.439646722589897649e+02 3.149619684101025996e-01 7.440909311205059566e+02 6.528221267480057577e+02 2.504086664111259353e+00 1.407485601004128455e+02 2.590227777192505414e+02 1.298483939834143257e+03 5.489642674400827218e+02 1.445230618439733917e+03 3.550512383692878871e+01 2.539248857571734774e+01 9.522721729953730119e+00 6.092176846442468596e-01 4.986424221664851757e+02 6.677368709762973822e+02 1.944891819345474175e+02 2.567545026718997292e+02 3.534529912305303583e+02 5.292455697727973759e-05 7.339763135599754378e+02 3.838469090004867894e+02 1.176145660305232241e+03 1.850445959154008904e+02 1.935873508842635431e+02
1.428340717141659297e+03 3.587179712838001251e+02 9.435413384858056816e+02 5.178939279282483312e+02 0.000000000000000000e+00 1.328405837581414914e+02 1.648527253340625407e+02 6.702301460389183951e-01 4.759709248458333519e+01 0.000000000000000000e+00 1.273469063466245871e+03 1.244256755511783240e+03 4.070946187152878482e-01 8.615635365298055603e+02 1.473308882415437438e+03 2.184394279035231534e+00 1.421281541219030373e+02 7.343782300114961572e+02 5.744026394410390139e+02 2.360652162287064232e-02 6.412677498770975717e+02 3.383631943679054643e+01 1.452883702989383437e+03 5.726606319555073696e+02 9.858614402480203598e-01 9.591171661432643987e+02 1.389130344957910211e+03 8.285666985105658000e+01 2.302629299268534737e+02 1.836872985190742824e+01 7.882328489430219520e-02 1.577284953467728599e+02 1.092918600405898566e+01 1.359306496688189782e+03 4.188410579847825943e+02 1.297220095697568354e+02 1.051597440436604757e+03
6.922244620608825016e+01 1.259280426479851485e+03 7.404172304444574593e+02 1.807243176733213941e-01 1.966422319902301297e+01 0.000000000000000000e+00 2.393611829589777074e+01 1.279905229975822323e+02 0.000000000000000000e+00 1.370120562933433575e+03 7.343677723465478948e+02 6.809451596468069283e+02 0.000000000000000000e+00 3.534259361030067907e+02 3.749143462323572606e+01 5.710074377331097395e+01 1.847357528712708188e+02 9.440625688382872340e+02 1.014419592828462100e+03 7.792276502457292509e+02 1.574611131905837283e+03 1.100374674531465757e+01 1.875557124253600989e+02 4.714982495271079731e-03 1.477252360473128419e+03 5.083607983903360719e+02 1.365492726367010619e+02 2.265122209200586489e+00 5.485884724180925787e+02 3.731654259261420066e+02 8.166494340597543200e-01 3.465755346749344312e+01 3.446284516991104940e+00 4.501753507401027150e+02 2.292368683139977463e+02 8.649622876366953150e+00 9.471484443955753250e+02
3.750836613961064714e+00 1.311604367033682593e+03 3.432981166649167903e+02 1.284861207677933180e+03 1.551335529478658088e+02 1.032659078355551856e+03 9.305110420625034351e+01 4.124959675908498298e+02 7.897733508331564281e+02 3.111821759763048867e+00 2.850171213560582828e+02 3.292102843318048855e+01 2.903855268903669185e+01 3.234945317716574920e+01 8.762161981288251127e+02 5.405284131727872818e+02 3.142345750466572554e+02 2.632913669625859543e-02 2.005480186501708673e+01 1.319912047182298693e+03 2.703606922746027763e+01 7.040387580173353399e+02 5.453586464598541994e+01 1.900685161423244267e+02 3.720004430287523860e+02 5.146005538202390426e+02 6.314054907023458441e+01 7.217902633454538091e+02 0.000000000000000000e+00 1.790565662484614151e+01 3.665225108911930363e+01 1.595976196568058558e-01 0.000000000000000000e+00 1.540759939695462663e+03 6.882528724173274668e+02 3.706527926517863225e+00 9.579601753239298887e+02
1.206886482033854691e+03 4.209689316728752462e-01 6.136970680408757062e+02 1.714721174318769670e+02 1.034176899030515187e+03 1.100860208111849715e+03 8.464433916281844859e+02 5.054005642073687854e-01 1.016067553689355085e+00 8.795339927188566662e+02 0.000000000000000000e+00 5.152465628866151519e+02 1.225183820881573638e+03 0.000000000000000000e+00 3.739167172618535773e+01 3.475654333223266121e+02 0.000000000000000000e+00 8.139694100741227203e+02 5.814999438699275061e+02 1.534705978234187114e+03 6.481206979598867157e+00 6.042140538429563321e+02 1.803178750632846317e+01 1.004818125537573565e+03 1.158609434122483890e+03 8.827712838159865072e+00 4.247432629663105672e+02 6.196146864918777055e+02 1.493120486705425076e+00 4.226451198322649816e+01 6.187449095906945473e+00 3.511248978257287945e+02 1.750484570912657603e+02 1.304947910797204145e+02 1.727074729146947050e+02 1.451699261492078449e+03 4.474700682936125418e+02
1.423039361607372030e+03 4.276737702565101529e+01 8.252688187192558367e-01 6.729956888652125713e+01 2.917333741700841756e+02 1.493232828007656281e+03 1.066601950428210044e+00 3.476530659568120996e+02 7.425285550633010700e+01 3.975265956960774361e+02 7.291076995889987700e+00 8.707417443723318229e+01 4.805012615546259553e+02 1.353849439499870186e+03 8.346917042254911934e+00 1.220060798705538900e+03 6.590294468178791476e+02 1.215838660191482404e+03 3.856451273345776372e+02 2.809474867965202627e-01 5.381700427560427897e+02 5.917784770613983483e+02 3.054160224676950364e+01 6.533503683026725639e+02 3.428578845230082273e+00 1.393856560313941340e-01 6.669996010480205086e+02 1.728866337131762521e+01 5.409442690609995275e+00 1.955721636618025343e+02 2.134908612118414339e+02 6.844545278669212394e+02 3.517515851823701301e+00 5.191551107740712041e+02 3.091631236867529609e+00 0.000000000000000000e+00 0.000000000000000000e+00
1.457531540627775968e+01 3.162137600909536559e+02 8.865613633343544961e+02 4.610278764070245927e+01 2.014684945076500924e+02 2.560396294160178332e+00 5.787504064569428692e+02 2.306679206951972958e+02 8.767498391851067936e+02 1.943928368204183466e+00 2.273850862361578251e+01 5.441389118292660214e+02 9.035420342996823706e+01 7.602358909180487956e+01 4.304360671555986642e+02 5.152095103892340155e+00 5.970908761615926323e+02 8.578013593687431921e+02 0.000000000000000000e+00 6.754709995759005778e+02 6.945938017372956210e+02 1.410090050422110608e+03 7.372893629934166881e+01 1.015529599776779605e+03 2.082270734905185883e+00 1.290372775637998792e+00 5.379175762101985470e+01 3.977416847751713558e+00 1.412026060921977688e+00 4.727550181152281539e+02 1.127139925387807352e+03 1.375450195841608831e+02 3.111892046269740035e+02 1.795403506183282616e+01 4.076570259374528860e+02 1.269785054771111845e+03 9.672542875353994418e+01
3.267257713946989939e-01 8.958031296449846650e+02 6.696885720813830858e+02 0.000000000000000000e+00 0.000000000000000000e+00 4.220148942492359083e+02 0.000000000000000000e+00 1.544621551538289168e+03 3.225980334138984773e+01 1.385030944934593435e+02 0.000000000000000000e+00 5.717722007935610691e+02 5.739948902884126625e-01 2.497387779740360259e+02 0.000000000000000000e+00 4.171800928399952682e+02 3.776900731999551647e-02 1.516770290922231936e+02 1.205779348030754818e+03 1.730754723389253513e+03 1.910304216464760119e+00 3.021229165161119568e+01 3.852091278685086309e+02 3.014700149841932486e+01 2.613371528153363502e-02 1.804650523321320463e+02 2.616530891706864023e-06 4.661094970394275094e+01 2.359827168654782170e+01 1.428939285855306878e+02 9.318956700797259600e+02 1.027643544375628835e+03 0.000000000000000000e+00 0.000000000000000000e+00 1.311038084425901843e+03 1.443947559394075881e+02 7.074025002938918227e+00
1.109912169596922695e+03 0.000000000000000000e+00 5.089207129288476211e-02 9.220527964463824446e+02 7.565392382643643714e+02 1.177987803865385786e+03 3.445021007390998875e+02 2.672995041443477930e+02 1.496219584063087460e+01 1.209806060772067038e-01 5.661964360870643276e+01 3.411052447426696972e+02 1.096889049792648166e+03 1.075108272621707215e+02 5.745427671311160793e+02 1.130512708896324511e+03 3.666798213748984381e+02 1.490916723859953130e+01 1.468863997896040985e+02 9.522428171237115748e+02 2.106475898880080877e+03 9.140290555667791068e+02 1.131781162638908267e+00 9.846403395752366450e+00 0.000000000000000000e+00 1.348864125658533339e+02 1.292562177320896353e+03 6.031958048959519259e-01 6.564630136997373029e+02 3.329210080198631090e+02 0.000000000000000000e+00 1.034726210927748546e+01 1.455571874247319329e+03 0.000000000000000000e+00 4.632735265500201649e+01 1.585969037291388588e+02 5.477130923512481786e+02
1.223745807923421580e+03 1.661445257944938305e+02 1.615510748971363682e+03 2.052248703461154662e+02 2.958287248888777867e+02 3.460308606887346059e+02 2.371896384327411340e+02 1.240096811728742978e+03 4.826544236612689929e+02 5.266529998862367099e-08 4.498659255319424233e+00 3.846552725579171579e+02 8.710030276575654398e+02 1.274444718137799555e+02 5.302171786090713113e+02 1.107516515097780712e+03 6.216082565846883199e+02 8.069461249261746616e+02 9.472564804547319861e-01 5.431578926479074809e+00 7.060584748769032331e+02 1.000912581044253535e+01 1.990031082704318166e+00 1.429290233706238951e+03 3.168648553992594543e+02 2.759314479001576892e+00 5.063978824502162013e+01 1.190047952318636533e+02 8.716713739951948128e+02 0.000000000000000000e+00 9.942080797607200111e+02 1.405018383137046385e+02 7.096567824507711748e+02 7.957035600229136207e+02 5.070913282572245180e+02 3.439294104751155032e+02 9.021106137608211384e+02
