output/example/lateral_incision_000377.asc
nrows	75
cellsize	13.33333333
xllcorner	0
ncols	75
yllcorner	0
NODATA_value	-9999
[rows 51 to 67 of 75, columns 0 to 36 of 75]
0.000000000000000000e+00 0.000000000000000000e+00 7.213638420074317992e+01 2.535026790849372844e+02 0.000000000000000000e+00 3.547590982419662531e+00 1.273753126685122794e+01 3.041344106133607852e+02 6.456683585012666526e+02 6.075523587873215448e+00 7.194596707542712011e+02 1.512421291453996952e+00 7.259571572236878865e+02 4.910022996023918722e+02 4.984232365141118066e+02 4.242525445656248735e+02 1.375720492765260587e+02 1.046317072756716470e+03 1.283426491072682009e-02 4.019167406014148014e+02 4.135906081032302239e+01 6.918955482657879941e+01 1.230533847611981855e+03 3.377562659355820642e+02 4.034472489255174210e+00 0.000000000000000000e+00 5.504999275454030112e+02 1.697524563235723605e+01 1.172257182620711546e+03 3.076160787477798522e+02 1.386200986310771668e+03 0.000000000000000000e+00 6.595796169481127436e+02 2.515151934661820690e+02 4.778262680968278886e+00 9.463306994155105940e+02 9.735337337450515633e+02
0.000000000000000000e+00 1.146801465214208292e+03 1.372100281901856818e+02 6.398876367303596453e+02 2.626446358132513481e+01 1.212027575480543184e+01 4.071393080005022114e+01 6.557934964535523381e-01 7.024074589691397819e+01 2.213842447651499157e+01 1.142607271345078068e+01 9.570840831302433571e+02 1.595936993516729103e+02 2.597274839510856168e+02 1.608322384003759680e+03 2.146057511079757774e+02 5.547382049839425235e+02 1.182685358293157378e+02 3.335278556900748725e+01 1.054905667085588675e+03 4.422981258069829096e+02 1.666656094037455560e+01 3.746669500224213039e+02 0.000000000000000000e+00 1.460747123636073752e+02 7.317028607815660735e+01 1.511050993353781223e+03 5.050543160414130739e+01 3.468190870521278271e+02 3.842241193699661750e+01 0.000000000000000000e+00 7.606092277675783180e+02 7.140467107425815811e+02 1.753104022914151983e+03 5.106635857365112940e+00 1.127169818786659789e+03 4.355851086596516097e+02
0.000000000000000000e+00 0.000000000000000000e+00 9.682094625531725569e+02 8.307061238926096394e+02 1.006454297139182330e+02 8.761513224207529760e+00 2.531337328245307106e+02 1.155779544591968033e+02 1.050809399351237943e+02 4.141859703664840708e+02 6.361119863067824554e+02 2.698392522446362918e+01 6.210505475386643184e+02 0.000000000000000000e+00 4.666629950417822137e+00 7.978249349798622916e+02 3.297415311195708796e+02 6.997462809322531712e+02 5.223790992264312081e+02 6.551982224206595262e+00 9.180394179299599955e+02 1.241559672104987300e+01 4.622236664089766123e+02 1.525077411497791672e+03 6.333082461350521726e+02 9.063974850624497037e+00 2.329980352803075903e+02 1.616992943619531502e+02 1.186054052366202995e+03 6.669511871261019076e-02 1.337291635801878975e+01 5.299791147221900474e+02 1.088133708364975519e+03 1.667917773208749121e-01 1.417090516813538557e+02 4.593926483401694583e+01 9.360479640724499859e+02
0.000000000000000000e+00 0.000000000000000000e+00 6.062691140652983677e+02 1.208967898628022510e+02 4.856088058391130744e+02 1.468499685502877294e-01 6.647689567259106980e+02 5.695967470807664768e+02 1.262492867537501127e+02 8.650758796612474555e+01 6.702367539180116573e-02 1.006561990695847726e+02 2.046328329937980186e+02 0.000000000000000000e+00 1.753272937324614844e+01 7.117317300558036095e+02 3.480014741619543770e+02 5.163403639891301964e+02 1.799923291700522565e+00 4.283800082506504623e+02 4.504385174983598290e+02 2.246317107361124599e+01 4.958329298260275664e+02 8.855601900052629389e+02 0.000000000000000000e+00 1.573621092192894366e+02 1.391167157417435618e+01 3.672573528606101201e-01 8.337278417738561984e+02 1.245306088438206189e+03 9.933657551609645964e+01 1.245865800736067285e+03 9.554793204928007526e+02 2.510369958143395142e+00 1.696524340319104795e+03 6.140553574365870872e+02 1.443396207673666822e+03
0.000000000000000000e+00 1.706635367593800993e+03 1.022296641064194660e+03 1.644865366321877673e+03 5.453118461781987207e+02 6.040185839818237810e+02 2.049974670572680679e+01 3.550165514109810516e+01 8.781792632385104298e+02 7.190538236090006363e-02 0.000000000000000000e+00 1.232754929520951848e+01 3.187966151123522422e+02 1.235964929353295361e+02 1.679853710490417598e+03 2.377356684320471629e+02 3.664905911256182236e+01 1.543290842462826049e+02 9.866340708511216917e+02 1.034242274024509811e+02 4.004467584683593486e+02 0.000000000000000000e+00 7.733488823117983202e+02 3.788570811228501611e+02 8.277971226610816302e+02 1.314581884280184568e+03 4.796412391056447788e+00 1.265761702952304631e+03 0.000000000000000000e+00 1.449805284153470097e+02 4.228653688469517533e+02 4.553830066619957506e+02 9.384480751758781025e+01 7.670283834162322592e+02 1.191550696325298532e+03 1.387904156160538378e+03 2.335652728649143341e+02
0.000000000000000000e+00 1.203261349554310300e+01 5.093963995247283805e+01 1.182904508945325830e+02 3.778073274765883980e+02 1.766192304395709129e+02 7.400642680954165371e+02 4.774082980464850152e+02 1.187310584867052476e+01 2.594025804582211094e+02 0.000000000000000000e+00 7.245472873322626128e+01 3.137975381081000705e+02 1.676350427163754091e+02 5.584850201017651443e+02 2.662285914294444069e+02 3.783448180992409675e+02 1.651695764508643305e-01 1.493535224396352987e+02 9.589473097495147158e+01 1.000918894788945757e+01 2.988113847602286341e+02 1.032954045496950641e+02 4.968693113060569999e+02 4.065189813688704703e+02 2.844363052167783508e+02 1.854910103932405852e+00 9.454087045289429059e-02 3.471944298867495338e-01 2.355601162413844918e+02 4.085481613428564174e+02 5.026123227202414512e+01 0.000000000000000000e+00 0.000000000000000000e+00 9.051908112091596195e+02 5.452821546846663381e+01 3.601203728941403597e+02
0.000000000000000000e+00 1.589938267240310552e+03 4.656598626121606799e+02 8.075012302798589872e+02 5.546202156840541520e+00 3.902543791008812235e+01 1.883634042134603419e+02 0.000000000000000000e+00 0.000000000000000000e+00 4.977217726695419486e+01 4.079520549395504645e+02 3.792214054964321690e+01 1.220478358718339820e+02 6.888099005778279604e+01 1.828985618636944466e+01 0.000000000000000000e+00 2.240654425607818467e+00 1.188376896570931194e+03 3.342326353997228807e+02 3.753990647495065218e+02 2.393667001803046901e+01 1.143581604921895178e+03 5.870519010237811841e+01 2.558404831135246305e+00 4.788099136945684222e+02 3.749500866812024924e+01 5.847110266034352435e+02 7.504994534550905882e+02 6.514833452188621266e+01 1.193247793509122943e+02 1.567441275634434305e+03 6.989372032174784977e+01 7.853931498834946296e+02 9.466080997208865710e+02 0.000000000000000000e+00 1.665206686880567588e+02 7.088461965391248896e+02
0.000000000000000000e+00 0.000000000000000000e+00 1.234902993415633091e+03 1.833074139072654063e+01 1.462407457443476687e+03 4.688102225651103936e+02 1.145033472129427992e+03 0.000000000000000000e+00 9.518588469334127922e+02 6.049709619926654796e+02 2.255353997290404777e+02 1.643585396076004956e+00 6.047228390450208053e+02 2.951134142818876853e+02 0.000000000000000000e+00 3.890225890982231931e+02 4.202883167583947852e+02 5.102930705536236928e+02 2.985985143455716866e+02 7.904523135275402410e+02 3.858303710544663545e+01 8.155783384574790773e+01 5.123476192047633049e+02 9.344447750151919081e+02 4.500800106898453805e+02 4.224899657329716263e+01 8.044086846867374518e+00 5.546250555011664574e+02 0.000000000000000000e+00 9.647183413049934870e+02 1.979427833495061293e+02 4.118811735701804650e+02 4.167848507599761092e+02 7.302168298085440483e+02 2.902149911278173136e+02 5.454525051384290464e+02 1.302474065084945209e+01
0.000000000000000000e+00 1.172145043565682954e+03 1.043786937087323622e+03 8.589627477322336517e+02 1.153402696869402007e+03 2.879513986216756649e+01 2.053937339630888061e+02 7.552136645667862069e+01 8.637272392646178076e+00 5.783085865248089021e+02 4.939629663524234502e+02 6.099437542327810888e+02 3.006687398016835377e+00 3.481676312438144549e+01 1.110236743404415847e+03 2.317407222609632811e+02 1.112373664542453298e+03 6.318901773328589115e+02 5.525131712587763388e+01 4.168664507994976134e+02 6.788598947295979258e+01 2.206032152875035957e-01 1.958852426223494092e+02 2.707936407984913671e+02 7.966659584385213577e+01 1.191413368862693716e+02 1.112543216945978884e+03 2.701457322775636172e+01 1.342437974376156529e+00 1.480806047912112717e+02 2.369271482387957803e+02 2.879999840572460812e+02 1.454554533096491014e+03 3.234673856470917741e+01 3.883175792276583138e+02 1.746593788157413485e+01 1.231609627626259318e+01
0.000000000000000000e+00 8.800445658633987023e+02 1.662766404825112886e+03 3.426425960445748653e-01 1.139316998360185380e+02 4.355197005238010455e+00 4.144788802801532057e+01 1.670520880171725153e+01 0.000000000000000000e+00 1.156122067015062385e+03 3.899035215672916621e+01 1.592456526932274130e+02 4.653761934529536006e+02 1.293475946257507076e+03 5.273297148615048400e+02 1.405436624457448147e+02 9.520856259295842392e+02 8.772139159677548150e+02 1.462405772725924002e+01 2.722490912634006932e+01 3.301751931703004175e+02 9.785581149066175932e-01 7.093020789314371086e+02 0.000000000000000000e+00 0.000000000000000000e+00 5.582147881256064466e+02 2.234082287886409688e+02 6.548996562982033254e+01 8.541568567615124424e-03 4.214572403949054547e+02 5.986930267462930715e+02 2.534599144124265422e+02 2.547155985827275870e+01 5.031474381646157781e+02 2.401847287185781852e+02 6.502660926255290406e+02 8.004974353324838603e+02
0.000000000000000000e+00 1.417695895569283721e+03 1.252402093951963167e+02 1.056825346293712073e+03 1.499031016903520594e+02 5.604000083674711874e+01 0.000000000000000000e+00 8.837907686767199493e+02 7.009342392618608919e+00 1.449190249826967314e+00 7.906611310773172363e+01 4.700198226042650731e+02 1.053052491022820334e+02 5.161209455508217303e+01 1.902276825909908666e+02 4.749196429333067044e+02 5.697009713438112612e+02 2.880789529659093162e+01 1.117547218408545859e+03 1.110346609289704929e+03 1.121705256902052270e+03 8.315465185933790693e+00 3.128008930131866236e+02 4.434132797226508842e+02 2.530552530197113015e+01 4.211222652659248524e+02 4.682505410604127860e+02 0.000000000000000000e+00 3.718580499007625804e+02 3.770810309772670621e+02 4.447793119289639208e+02 6.613234558375581855e+02 0.000000000000000000e+00 7.375150828584911267e+01 1.780073077967456356e+02 3.232527069372947608e+02 2.047205299446475391e-01
0.000000000000000000e+00 0.000000000000000000e+00 1.187099756454110093e+03 1.164588777547282007e+03 9.597747546838866128e+02 6.026350615848044754e+02 4.148006206473637825e+00 7.594326584052913631e+02 1.015778702527144191e+02 7.202657336983124878e+02 3.064174121257968295e+02 2.435673927619794732e+00 5.986350287821051097e+02 2.388127206753015912e+02 4.062064862018559666e+02 2.501940172417864972e+02 4.339877005341828919e+01 5.629057511956341386e+02 4.415956729777813505e-01 6.483602472323391908e+01 0.000000000000000000e+00 7.335925280724972026e+02 1.487439013886592647e+03 1.909816472880085485e+03 1.168932479566554775e+03 7.023794437667095769e-01 6.069676164743739264e+02 2.990612686282626100e+02 8.093476041960130374e+01 5.863429621755327226e+00 1.106293648312629472e+02 1.693562535341934279e+02 9.203856220001354416e+01 4.128980739169547292e+02 1.804560805806818280e+02 6.623290542284611320e+02 4.453661881554698425e+02
0.000000000000000000e+00 1.105461230195774789e+02 0.000000000000000000e+00 9.416780413937304957e+02 6.940139009129296710e+02 4.009449877365535144e+02 3.089435970999200549e+02 9.299079449770982819e+02 1.149532002370243760e+02 7.911569260912633581e+02 3.140967321626808371e+02 1.627274607600067839e+03 1.979711704709043261e+02 3.506804616488419697e+02 3.109150521794533688e+02 3.565687889433709188e+02 4.174482405636699589e+00 1.117649162443032537e+03 8.115830478689256324e+02 3.867726584994562700e+01 1.109991838662100008e+03 3.267478423532200082e+01 1.173853323577262309e+01 1.146501418652713255e+03 0.000000000000000000e+00 2.547491563735259774e+02 5.249823583369091011e+02 3.486196648141446985e+02 7.293067761391081376e+02 2.929351307133538853e+02 3.720984095455225997e+02 2.404054919657285438e+02 2.575392251200681315e+01 5.398056981640883834e+01 6.482883814772937114e+01 1.011748133158863084e+03 1.741997254929570715e+02
0.000000000000000000e+00 2.139906590050852060e+02 8.120421408035688273e+02 1.749382672475454683e+02 3.854664837495071197e+02 1.007811116169677916e+02 3.523929017004642361e+01 1.510987606147864653e+03 3.352549991894424153e+01 2.119853265749346249e+01 2.869880702733470912e+02 0.000000000000000000e+00 2.215498936814331188e+00 6.706255294773590094e+02 1.261194352990433345e+03 6.518437537560706687e+02 1.324562277778246333e+01 0.000000000000000000e+00 4.456538993876481527e+02 6.945635221115896911e+02 2.797937927310719530e+01 0.000000000000000000e+00 0.000000000000000000e+00 3.169191336047310958e+00 5.420442128023420025e+01 1.195481161517170904e+03 4.717362906679548473e+02 1.165026912027987692e+03 6.623734052611048639e+01 2.642801159355922778e+02 2.294566128228852051e+02 5.892527015355219646e+02 3.390254719030232309e+02 7.745720845952938589e+02 7.052591802854111620e+02 1.098538920766939722e-02 1.418362780577828346e+02
0.000000000000000000e+00 1.759538180661746992e+03 5.660380928992228746e+02 3.303670797511527724e+01 1.662199111054397690e+03 4.805767013555854419e+02 4.994988842990275089e+02 3.264117136496565195e+02 2.244225709957980985e+00 4.735615369319486376e+02 1.306701129152294016e+03 2.118550624846578216e+02 6.336517740651353279e+02 1.613177090547922021e-01 1.535096446346058130e+00 8.378971275274661821e+02 8.271189722951484669e+01 7.010587680062965319e+02 1.179116839152264617e+02 2.670746096172657644e+02 8.450046066927155834e+02 2.507287647107215776e+02 1.117903987398761103e+02 1.137299490609839950e+03 1.128213123449433397e+03 8.215407485131999366e+00 1.387113060224959327e+02 4.159266854842750405e+01 2.486085258891986598e+02 3.925454411249047482e+00 0.000000000000000000e+00 5.609428252267496191e+02 1.056830460316508606e+03 9.085235352633244110e-01 2.093140619348839380e+02 3.979293488171364856e+02 0.000000000000000000e+00
0.000000000000000000e+00 2.082983626912839625e+01 2.261240176669043578e+01 1.204697898962205187e+02 9.615340454717487262e+01 9.017445383625579325e+01 7.001976498757106482e-02 1.421171626554603620e+02 7.974512483844214330e+02 2.117250798757403118e+03 1.122445946824151861e+03 5.105026148784369298e+02 6.534986555504303851e+02 1.301709655654089147e+03 5.967689942345198233e+02 7.143816561659648290e-01 3.011995266142537275e+01 2.339337648424736642e+02 3.898711972473947753e+02 9.939499307662440515e+02 8.557759734569295915e+02 1.231463207821544984e+03 2.470711586722380915e+01 4.636106585152537036e+02 6.256285854302833513e+02 5.147918753365922839e+01 8.827433142905769046e+02 7.108124745520929082e+02 0.000000000000000000e+00 4.102467521991504782e+02 1.290627606581978398e+03 3.815497674428335699e+02 2.525768708565926488e+02 1.528923195659381484e+01 2.333210913444683229e+03 1.538523079662977125e+03 3.623582512860578930e+01
0.000000000000000000e+00 1.582000720399767715e+03 3.198502814829201952e+02 1.526627620243301863e+03 7.545474882701830666e+02 3.331188828335024255e+02 8.344156990012113511e+02 6.731813145311900826e+01 1.784202565341678337e+01 1.503866483480529268e+03 1.010272748171808644e+03 9.913412892053584073e+02 2.394683078361200899e+02 3.104132534207297454e+02 5.298214165182718034e+02 7.788581295747216018e+02 0.000000000000000000e+00 4.997286186968278798e+01 0.000000000000000000e+00 7.629585830677926594e+01 1.202203542628830775e+02 1.270321765992575180e+00 4.678258291948822603e+02 1.530488566129411083e+02 1.486146889371768566e+03 1.584706436201103763e+01 1.678895572450215241e+03 8.612042504457540417e+02 4.234006531579633474e+02 8.782185028676875618e+02 6.935038286418287043e+02 2.021682588277476356e+01 4.570574643000578021e+02 5.947102981493462721e+02 1.544932956299333682e+03 4.471313964485944581e+01 7.085578834621351234e+02
