output/example/lateral_incision_000024.asc
nrows	75
cellsize	13.33333333
xllcorner	0
ncols	75
yllcorner	0
NODATA_value	-9999
[rows 34 to 50 of 75, columns 37 to 73 of 75]
3.545823242678246057e-11 4.187913023616858902e-12 3.365230286819346632e-12 0.000000000000000000e+00 0.000000000000000000e+00 0.000000000000000000e+00 0.000000000000000000e+00 1.564563715359976637e-12 0.000000000000000000e+00 5.360431391134645978e-10 0.000000000000000000e+00 5.949036823515638172e-12 1.624787473879558761e-12 0.000000000000000000e+00 1.426467000895051190e-12 5.692007778806382888e-13 0.000000000000000000e+00 0.000000000000000000e+00 0.000000000000000000e+00 0.000000000000000000e+00 0.000000000000000000e+00 0.000000000000000000e+00 0.000000000000000000e+00 0.000000000000000000e+00 5.639691488197892469e-13 6.117877473613412745e-11 6.207559609502929998e-12 2.953763874106077002e-12 1.646023782272759804e-12 1.155019889863842191e-11 5.665131045398162532e-13 3.349199927986508403e-12 1.654652003546650741e-12 5.679574002178536944e-13 5.677216149173414848e-13 1.656904805314577559e-12 0.000000000000000000e+00
0.000000000000000000e+00 1.645867933080544184e-12 0.000000000000000000e+00 0.000000000000000000e+00 0.000000000000000000e+00 0.000000000000000000e+00 1.572477942667076190e-12 0.000000000000000000e+00 2.814218621505485547e-12 5.503268624368967266e-13 4.607621759035504171e-12 1.631233857585262886e-12 0.000000000000000000e+00 1.624787473879536749e-12 1.420601116695135598e-12 3.352427277652250152e-12 0.000000000000000000e+00 0.000000000000000000e+00 0.000000000000000000e+00 0.000000000000000000e+00 1.676112607284958955e-12 0.000000000000000000e+00 0.000000000000000000e+00 0.000000000000000000e+00 4.163346352738471426e-12 5.638858818801519651e-13 1.649059945220309107e-12 0.000000000000000000e+00 1.651981604426047073e-12 0.000000000000000000e+00 5.665138241630431295e-13 0.000000000000000000e+00 0.000000000000000000e+00 5.683140914394834784e-13 0.000000000000000000e+00 0.000000000000000000e+00 0.000000000000000000e+00
3.660028175371527953e-12 8.722336424256901536e-12 1.093895983458068492e-11 0.000000000000000000e+00 0.000000000000000000e+00 0.000000000000000000e+00 0.000000000000000000e+00 1.572477942667076190e-12 3.213207951859387538e-12 1.603359996144458604e-12 1.796488726188649104e-10 3.278033919732819369e-12 4.704315409463432444e-17 8.449820058009423532e-12 0.000000000000000000e+00 0.000000000000000000e+00 0.000000000000000000e+00 5.748974686343660239e-13 0.000000000000000000e+00 1.682163562251187273e-12 0.000000000000000000e+00 1.676113018270807708e-12 0.000000000000000000e+00 0.000000000000000000e+00 1.642760629013043636e-12 0.000000000000000000e+00 1.822826639452492685e-12 0.000000000000000000e+00 0.000000000000000000e+00 0.000000000000000000e+00 0.000000000000000000e+00 0.000000000000000000e+00 0.000000000000000000e+00 0.000000000000000000e+00 0.000000000000000000e+00 0.000000000000000000e+00 0.000000000000000000e+00
1.644989264182339175e-12 0.000000000000000000e+00 1.645695723497223965e-12 3.364048865901954893e-12 0.000000000000000000e+00 0.000000000000000000e+00 0.000000000000000000e+00 0.000000000000000000e+00 1.633518116692281815e-12 0.000000000000000000e+00 3.487646082535482239e-12 5.596975653435529440e-13 0.000000000000000000e+00 1.719542084659961117e-10 1.646386887652828925e-12 1.660075845569910595e-12 0.000000000000000000e+00 0.000000000000000000e+00 1.682506104468025608e-12 0.000000000000000000e+00 4.310565228833864958e-12 3.442428117603810630e-12 0.000000000000000000e+00 0.000000000000000000e+00 1.647589558033575477e-12 5.654807878803144417e-13 5.644369248923884755e-13 0.000000000000000000e+00 0.000000000000000000e+00 0.000000000000000000e+00 0.000000000000000000e+00 0.000000000000000000e+00 0.000000000000000000e+00 0.000000000000000000e+00 0.000000000000000000e+00 0.000000000000000000e+00 5.702351619617891951e-13
0.000000000000000000e+00 7.214273458935264842e-12 0.000000000000000000e+00 1.643979460066388716e-12 9.092943176895792726e-19 0.000000000000000000e+00 0.000000000000000000e+00 1.677653220297072573e-12 0.000000000000000000e+00 1.801524676611935154e-12 3.315253332147724558e-12 1.627092079565015802e-12 1.630423342522524096e-12 3.333850715307250650e-12 2.467079907818207320e-19 0.000000000000000000e+00 0.000000000000000000e+00 1.672411277130429788e-12 0.000000000000000000e+00 5.790117578493528840e-13 8.766929244661350938e-12 0.000000000000000000e+00 0.000000000000000000e+00 0.000000000000000000e+00 0.000000000000000000e+00 0.000000000000000000e+00 0.000000000000000000e+00 0.000000000000000000e+00 0.000000000000000000e+00 0.000000000000000000e+00 0.000000000000000000e+00 0.000000000000000000e+00 1.667670506371693284e-12 3.421339620885960906e-12 0.000000000000000000e+00 0.000000000000000000e+00 1.029884063162642729e-12
0.000000000000000000e+00 1.759530761102567285e-11 1.645144315206304199e-12 0.000000000000000000e+00 0.000000000000000000e+00 0.000000000000000000e+00 0.000000000000000000e+00 0.000000000000000000e+00 5.764434990610557114e-13 3.351434701736316603e-12 4.111838879427758205e-12 0.000000000000000000e+00 1.627092079565015802e-12 5.593995633164638872e-13 1.641171317721798663e-12 1.616852397782265057e-12 1.654170338642502227e-12 0.000000000000000000e+00 5.786454829482579188e-13 3.399658441033743428e-12 0.000000000000000000e+00 3.415618353826859214e-12 0.000000000000000000e+00 0.000000000000000000e+00 0.000000000000000000e+00 0.000000000000000000e+00 0.000000000000000000e+00 0.000000000000000000e+00 0.000000000000000000e+00 0.000000000000000000e+00 0.000000000000000000e+00 1.667040717488523054e-12 0.000000000000000000e+00 1.676813010340644933e-12 5.715462424612121914e-13 3.427052757751249002e-12 1.034759145063084231e-12
0.000000000000000000e+00 0.000000000000000000e+00 3.363049932829668243e-12 1.644214216756777381e-12 0.000000000000000000e+00 0.000000000000000000e+00 0.000000000000000000e+00 0.000000000000000000e+00 0.000000000000000000e+00 1.655797181058721815e-12 0.000000000000000000e+00 1.630472679568945995e-12 3.342714472202875187e-12 0.000000000000000000e+00 1.634991184216616235e-10 8.461258776497813594e-12 0.000000000000000000e+00 5.733975051277196087e-13 0.000000000000000000e+00 0.000000000000000000e+00 8.640973092366660841e-12 3.014524106986065245e-12 0.000000000000000000e+00 5.737634269201803687e-13 0.000000000000000000e+00 0.000000000000000000e+00 0.000000000000000000e+00 3.421858647150113333e-12 1.671558553293254586e-12 0.000000000000000000e+00 0.000000000000000000e+00 3.421339620885960906e-12 4.279749128599924069e-12 0.000000000000000000e+00 1.678988595684472019e-12 1.679889455834268145e-12 0.000000000000000000e+00
0.000000000000000000e+00 0.000000000000000000e+00 1.436204609132673860e-12 0.000000000000000000e+00 0.000000000000000000e+00 0.000000000000000000e+00 0.000000000000000000e+00 0.000000000000000000e+00 1.663654081881784252e-12 0.000000000000000000e+00 5.705322248983291483e-13 3.351434701736316603e-12 0.000000000000000000e+00 0.000000000000000000e+00 3.332075659754598851e-12 5.621882318098682305e-13 1.627939823308318930e-10 0.000000000000000000e+00 0.000000000000000000e+00 3.381201703757381845e-12 1.662923961952913741e-12 0.000000000000000000e+00 1.671583493059686507e-12 3.415618353826859214e-12 0.000000000000000000e+00 0.000000000000000000e+00 3.415048957967938696e-12 5.448417438300227830e-12 0.000000000000000000e+00 1.672336782578764559e-12 0.000000000000000000e+00 0.000000000000000000e+00 3.426815078638437650e-12 1.678988595684472019e-12 3.017608695709981799e-12 3.423224356413509857e-12 3.389243063768220508e-12
3.369083765158670540e-12 0.000000000000000000e+00 0.000000000000000000e+00 5.641195410227153056e-13 0.000000000000000000e+00 0.000000000000000000e+00 0.000000000000000000e+00 0.000000000000000000e+00 5.732578286332178511e-13 4.213495602624346062e-12 3.373985679547650966e-12 0.000000000000000000e+00 0.000000000000000000e+00 5.976074299196648145e-13 5.990261316510390031e-12 0.000000000000000000e+00 1.613083236404091541e-10 0.000000000000000000e+00 6.017646958476202301e-12 1.647895164318599299e-12 0.000000000000000000e+00 1.671583493059686507e-12 3.403741482950472547e-12 0.000000000000000000e+00 0.000000000000000000e+00 3.398695600261191904e-12 1.670160023913355123e-12 1.671971262000175625e-12 5.748287539128107457e-13 0.000000000000000000e+00 0.000000000000000000e+00 0.000000000000000000e+00 0.000000000000000000e+00 1.786047678138101625e-18 1.863003804997807218e-11 5.747018992522401879e-13 5.762469270722597321e-13
5.655752434127851418e-13 1.647297943567387847e-12 1.647192942964183320e-12 0.000000000000000000e+00 0.000000000000000000e+00 0.000000000000000000e+00 0.000000000000000000e+00 0.000000000000000000e+00 5.732866066012319080e-13 0.000000000000000000e+00 0.000000000000000000e+00 0.000000000000000000e+00 0.000000000000000000e+00 0.000000000000000000e+00 4.384606970747177115e-10 0.000000000000000000e+00 5.587463672013869713e-13 0.000000000000000000e+00 1.632696434452834507e-12 0.000000000000000000e+00 1.647895164318599299e-12 3.381201703757381845e-12 0.000000000000000000e+00 0.000000000000000000e+00 0.000000000000000000e+00 1.658841017711814832e-12 0.000000000000000000e+00 5.373190488677756889e-12 0.000000000000000000e+00 0.000000000000000000e+00 0.000000000000000000e+00 0.000000000000000000e+00 1.675815537978275054e-12 0.000000000000000000e+00 3.410591671964572762e-12 1.674032803739324573e-12 0.000000000000000000e+00
9.649558828152501697e-12 0.000000000000000000e+00 0.000000000000000000e+00 0.000000000000000000e+00 0.000000000000000000e+00 0.000000000000000000e+00 0.000000000000000000e+00 3.427162439791543442e-12 1.673143959932853999e-12 3.411384034514842351e-12 3.392223191570841835e-12 3.368385768196719295e-12 6.744063881213230713e-12 0.000000000000000000e+00 1.622520134338908201e-12 5.623730248204200031e-13 1.626547077397368232e-12 3.340713113787239636e-12 0.000000000000000000e+00 1.661646213378207244e-12 3.356678280745586038e-12 0.000000000000000000e+00 0.000000000000000000e+00 0.000000000000000000e+00 1.651294355458263971e-12 1.667081374771427123e-12 6.857782838285789582e-12 6.114008332586605692e-12 0.000000000000000000e+00 0.000000000000000000e+00 1.674412230944526205e-12 0.000000000000000000e+00 4.103375223161991007e-11 3.986989948851722787e-12 5.428516943282425283e-12 3.419482989190920744e-12 0.000000000000000000e+00
0.000000000000000000e+00 1.647297943567387847e-12 5.654861835744527102e-13 0.000000000000000000e+00 0.000000000000000000e+00 0.000000000000000000e+00 0.000000000000000000e+00 0.000000000000000000e+00 1.673238124777856340e-12 0.000000000000000000e+00 0.000000000000000000e+00 0.000000000000000000e+00 3.341183372851665775e-12 1.623704780495626197e-12 0.000000000000000000e+00 3.539787167767593003e-17 0.000000000000000000e+00 7.743759856517487907e-19 5.615695804007527490e-13 0.000000000000000000e+00 0.000000000000000000e+00 0.000000000000000000e+00 3.355930975269661260e-12 3.637897938873035189e-19 1.667081374771427123e-12 9.634490414202068213e-12 3.376527264146002164e-12 0.000000000000000000e+00 0.000000000000000000e+00 1.674412230944526205e-12 5.735553102768068542e-13 5.673891584268338105e-13 6.288885829911042830e-19 1.672530424923529602e-12 1.662258900388093311e-12 0.000000000000000000e+00 5.744014416440163171e-13
0.000000000000000000e+00 0.000000000000000000e+00 0.000000000000000000e+00 0.000000000000000000e+00 0.000000000000000000e+00 0.000000000000000000e+00 0.000000000000000000e+00 5.737739390068019163e-13 3.424237761149974879e-12 3.411384034514842351e-12 4.021472401370499739e-12 3.362119208248838291e-12 1.635723703914929453e-12 0.000000000000000000e+00 1.623704780495626197e-12 3.286577883394484424e-12 5.583669071662606581e-13 9.420883742948693501e-12 1.626547077397368232e-12 0.000000000000000000e+00 0.000000000000000000e+00 3.341478043633734572e-12 1.656878851124758481e-12 0.000000000000000000e+00 1.422231159576144488e-12 5.719721909026026897e-13 0.000000000000000000e+00 0.000000000000000000e+00 0.000000000000000000e+00 1.668744159931657710e-12 6.776343363350766904e-19 2.497920333382188964e-11 3.379665856716357511e-12 4.790828275507707629e-18 1.672039225176171668e-12 1.675874513700582772e-12 0.000000000000000000e+00
1.647006304201114573e-12 0.000000000000000000e+00 0.000000000000000000e+00 1.646036689029247561e-12 0.000000000000000000e+00 0.000000000000000000e+00 0.000000000000000000e+00 0.000000000000000000e+00 0.000000000000000000e+00 0.000000000000000000e+00 1.671262830014361103e-12 1.340889136211787306e-11 0.000000000000000000e+00 1.635723703914929453e-12 4.856661849627723776e-11 2.949709213475192536e-12 1.646128313549442397e-12 1.400779976599411294e-10 2.354295288830198151e-11 8.281972875993084463e-18 1.632158071425704392e-12 2.904600714104847892e-12 0.000000000000000000e+00 1.407577029640274912e-11 6.013503471960408679e-12 0.000000000000000000e+00 0.000000000000000000e+00 0.000000000000000000e+00 3.374392008566015515e-12 2.264734599169724391e-18 1.670511951302527376e-12 5.945750012920111252e-11 5.737608490065425101e-13 1.666049722541513800e-12 3.409825645701707140e-12 0.000000000000000000e+00 0.000000000000000000e+00
9.468535313533709842e-11 1.645036571718997459e-12 3.367061063934577358e-12 0.000000000000000000e+00 1.093543358771484808e-11 5.650592389506458673e-13 0.000000000000000000e+00 0.000000000000000000e+00 0.000000000000000000e+00 0.000000000000000000e+00 1.665790582656134992e-12 0.000000000000000000e+00 1.027588888220835832e-12 0.000000000000000000e+00 5.713256097808332059e-13 0.000000000000000000e+00 1.825188544593276695e-12 0.000000000000000000e+00 2.397359009507631616e-17 0.000000000000000000e+00 3.277587258047231452e-10 0.000000000000000000e+00 1.569357292608961640e-11 5.983636088382436824e-12 0.000000000000000000e+00 0.000000000000000000e+00 0.000000000000000000e+00 0.000000000000000000e+00 1.642636143768950182e-12 0.000000000000000000e+00 1.811964853278553268e-18 0.000000000000000000e+00 6.913215200818692274e-12 0.000000000000000000e+00 1.674482647742739688e-12 3.421445935545313046e-12 0.000000000000000000e+00
1.645036571718989785e-12 0.000000000000000000e+00 1.242254592103285419e-11 0.000000000000000000e+00 2.966980873264600567e-12 0.000000000000000000e+00 5.651574581692996758e-13 0.000000000000000000e+00 0.000000000000000000e+00 0.000000000000000000e+00 1.672999168353454708e-12 1.450806833406663162e-12 5.742072130647972868e-13 0.000000000000000000e+00 0.000000000000000000e+00 1.664296341535470687e-12 0.000000000000000000e+00 0.000000000000000000e+00 1.622607869550493003e-12 3.254808715810512010e-10 3.323379892041013816e-12 5.575730743437197024e-13 0.000000000000000000e+00 0.000000000000000000e+00 0.000000000000000000e+00 0.000000000000000000e+00 0.000000000000000000e+00 4.209681056845324043e-11 3.336123858517052179e-12 1.642636143768950182e-12 3.374392008564263815e-12 0.000000000000000000e+00 6.140577534170934345e-12 4.738213424463122442e-12 0.000000000000000000e+00 1.873833083112225761e-12 3.424340806503970084e-12
3.360538898033728987e-12 1.646877940148709836e-12 6.166477947317474471e-19 1.647915366004530458e-12 3.368823651436945469e-12 1.646042130856229252e-12 0.000000000000000000e+00 0.000000000000000000e+00 0.000000000000000000e+00 0.000000000000000000e+00 0.000000000000000000e+00 5.737362317478008492e-13 0.000000000000000000e+00 0.000000000000000000e+00 0.000000000000000000e+00 0.000000000000000000e+00 3.342310265509390377e-12 1.623889400872685156e-12 0.000000000000000000e+00 2.152616442831170862e-11 0.000000000000000000e+00 1.079592256925264459e-10 2.327192505728668465e-11 0.000000000000000000e+00 0.000000000000000000e+00 3.344620477705866729e-12 4.435052509253262612e-18 0.000000000000000000e+00 3.212535588033111280e-11 1.647971559568881044e-12 3.382711586558592470e-12 0.000000000000000000e+00 0.000000000000000000e+00 8.711274081736180283e-12 3.028324238689786813e-12 0.000000000000000000e+00 1.672090809250143145e-12
