output/example/lateral_incision_000030.asc
nrows	75
cellsize	13.33333333
xllcorner	0
ncols	75
yllcorner	0
NODATA_value	-9999
[rows 17 to 33 of 75, columns 37 to 73 of 75]
5.659841493427085226e-13 0.000000000000000000e+00 2.979130987914230699e-12 6.091464396566244527e-12 0.000000000000000000e+00 3.380427971136203420e-12 1.650876906002061457e-12 0.000000000000000000e+00 2.980547504856420218e-12 3.375525726708196842e-12 5.653513396563614817e-13 0.000000000000000000e+00 0.000000000000000000e+00 0.000000000000000000e+00 0.000000000000000000e+00 5.648253068952654448e-13 0.000000000000000000e+00 0.000000000000000000e+00 0.000000000000000000e+00 9.638726855208564330e-12 1.642363593766308480e-12 0.000000000000000000e+00 5.339999214471983450e-12 3.362690688335928689e-12 2.369652981780391530e-11 1.637824302767523016e-12 0.000000000000000000e+00 5.309097698015121910e-12 3.353103618326944160e-12 3.997322287537932253e-12 0.000000000000000000e+00 0.000000000000000000e+00 8.563870948265391838e-12 6.447605659418790739e-12 0.000000000000000000e+00 4.175855101248135107e-12 3.362894512897272676e-12
0.000000000000000000e+00 5.670377505626396182e-13 0.000000000000000000e+00 1.652724440217195200e-12 1.106789931152864654e-11 1.654568668940326995e-12 0.000000000000000000e+00 5.668336638462906831e-13 4.115820193154363676e-11 5.665297713947875048e-13 0.000000000000000000e+00 0.000000000000000000e+00 0.000000000000000000e+00 0.000000000000000000e+00 0.000000000000000000e+00 0.000000000000000000e+00 4.180417714865060797e-12 3.361594951163603659e-12 0.000000000000000000e+00 3.351170506763183818e-12 0.000000000000000000e+00 3.351170506763183818e-12 0.000000000000000000e+00 3.361538008526257756e-12 1.639577986827395752e-12 0.000000000000000000e+00 5.339431407986235751e-12 3.361592503371265308e-12 1.644637215076719866e-12 0.000000000000000000e+00 1.645540487113010692e-12 1.646615287127463592e-12 0.000000000000000000e+00 3.361097603198665539e-12 1.831922484903774049e-12 0.000000000000000000e+00 1.647956512854004205e-12
0.000000000000000000e+00 6.091462584495536890e-12 1.650959184515048482e-12 3.403399113983536019e-12 1.662023091512605881e-12 0.000000000000000000e+00 5.668544843306838559e-13 3.380331293150702129e-12 5.665297713947875048e-13 0.000000000000000000e+00 0.000000000000000000e+00 0.000000000000000000e+00 0.000000000000000000e+00 0.000000000000000000e+00 3.362861983041305059e-12 5.650200408364818431e-13 0.000000000000000000e+00 2.961457074309435165e-12 3.362344589975071625e-12 1.631648817662612181e-11 0.000000000000000000e+00 1.641431383339892814e-12 3.373090374319390635e-12 1.644108180485117951e-12 0.000000000000000000e+00 1.644437693300467616e-12 3.355133007332535449e-12 0.000000000000000000e+00 1.645409345173470982e-12 9.618047843842027039e-12 0.000000000000000000e+00 0.000000000000000000e+00 0.000000000000000000e+00 0.000000000000000000e+00 0.000000000000000000e+00 5.653067794820764303e-13 0.000000000000000000e+00
0.000000000000000000e+00 0.000000000000000000e+00 5.697434237607380515e-13 1.669738837930487982e-12 6.171311579371736764e-12 1.652482705838084441e-12 6.125730032348685088e-12 0.000000000000000000e+00 0.000000000000000000e+00 0.000000000000000000e+00 0.000000000000000000e+00 0.000000000000000000e+00 0.000000000000000000e+00 0.000000000000000000e+00 0.000000000000000000e+00 3.361594951163603659e-12 5.646991956309458526e-13 0.000000000000000000e+00 1.644233322623199355e-12 2.244429167091693984e-17 1.847429292500335036e-17 5.705528036343438634e-13 1.652082719709042329e-12 0.000000000000000000e+00 1.644108180485117951e-12 3.361538194886690151e-12 5.643549458214533567e-13 5.647667427547453788e-13 0.000000000000000000e+00 0.000000000000000000e+00 1.435830948269441723e-12 5.657296741404813590e-13 0.000000000000000000e+00 0.000000000000000000e+00 0.000000000000000000e+00 0.000000000000000000e+00 0.000000000000000000e+00
1.648721239735073089e-12 0.000000000000000000e+00 3.421270539564548225e-12 5.696765892599248002e-13 3.421271046859837634e-12 0.000000000000000000e+00 0.000000000000000000e+00 0.000000000000000000e+00 0.000000000000000000e+00 3.334415143669501015e-12 0.000000000000000000e+00 5.593361486714537441e-13 5.650667869878470624e-13 0.000000000000000000e+00 1.644264367467358516e-12 0.000000000000000000e+00 3.362344589975071625e-12 1.644233322623199355e-12 0.000000000000000000e+00 7.960451274807746734e-17 0.000000000000000000e+00 1.662045123907906904e-12 1.006756124871402068e-17 3.376039463367901400e-12 3.373090539733999584e-12 0.000000000000000000e+00 0.000000000000000000e+00 0.000000000000000000e+00 0.000000000000000000e+00 0.000000000000000000e+00 0.000000000000000000e+00 0.000000000000000000e+00 0.000000000000000000e+00 0.000000000000000000e+00 1.647386250701066232e-12 1.648906501712601816e-12 0.000000000000000000e+00
0.000000000000000000e+00 1.658954947425327586e-12 6.181270707851734058e-12 0.000000000000000000e+00 3.418735249408589001e-12 0.000000000000000000e+00 0.000000000000000000e+00 0.000000000000000000e+00 3.349460321062945758e-12 1.633728860495622930e-12 0.000000000000000000e+00 1.631100855798003024e-12 0.000000000000000000e+00 4.180002896674489599e-12 0.000000000000000000e+00 1.643275183055355298e-12 0.000000000000000000e+00 0.000000000000000000e+00 3.729052060199505429e-12 0.000000000000000000e+00 1.519896628500498207e-17 2.401722873036761408e-10 3.398510178737062992e-12 5.642443047564019013e-13 2.982347159956120417e-12 1.906659141728514147e-10 0.000000000000000000e+00 0.000000000000000000e+00 0.000000000000000000e+00 0.000000000000000000e+00 0.000000000000000000e+00 0.000000000000000000e+00 0.000000000000000000e+00 1.060412251070233185e-11 0.000000000000000000e+00 0.000000000000000000e+00 0.000000000000000000e+00
2.217723036016110304e-16 3.677906602347994791e-10 1.006651819043603513e-09 3.121070828581768207e-12 3.660088384505316231e-11 0.000000000000000000e+00 0.000000000000000000e+00 0.000000000000000000e+00 1.640409323691607156e-12 0.000000000000000000e+00 8.567155839026077992e-12 0.000000000000000000e+00 0.000000000000000000e+00 0.000000000000000000e+00 5.642803559893514696e-13 0.000000000000000000e+00 1.647097810092447882e-12 0.000000000000000000e+00 1.993254760582468654e-12 0.000000000000000000e+00 5.726022745515799618e-13 3.663325824122168060e-11 5.667803478646840734e-13 1.360598355456227270e-17 8.637626483396917239e-11 1.643278283963759122e-12 1.016566364376860996e-12 0.000000000000000000e+00 0.000000000000000000e+00 0.000000000000000000e+00 1.636889684515859432e-12 0.000000000000000000e+00 1.642949603635989667e-12 0.000000000000000000e+00 1.834281771185495329e-12 1.648906501712601816e-12 0.000000000000000000e+00
0.000000000000000000e+00 5.705964668809559147e-13 3.731525257448295116e-11 5.701908262969474972e-13 3.448292863271910858e-10 2.651526512380049641e-12 3.384759386223378656e-12 1.641561190671199436e-12 0.000000000000000000e+00 3.661761796990128220e-12 3.349460321062945758e-12 5.644910460090580689e-13 0.000000000000000000e+00 0.000000000000000000e+00 2.788812400172141906e-19 2.971377539947415790e-12 0.000000000000000000e+00 1.367414820685351710e-10 0.000000000000000000e+00 3.906553388203880721e-10 0.000000000000000000e+00 0.000000000000000000e+00 0.000000000000000000e+00 0.000000000000000000e+00 3.359143074670954904e-12 5.637391363129222976e-13 1.252903561132392808e-11 3.351199137186198862e-12 3.351379968297611758e-12 2.949302166668779131e-11 3.360959124691490458e-12 5.335908323529517099e-12 3.366484005700341815e-12 3.364737456053772811e-12 1.648300125683789404e-12 1.653234038521965413e-12 0.000000000000000000e+00
3.157381020528675005e-12 7.444983002554892486e-11 6.155051195746339212e-13 1.663939618840320467e-12 0.000000000000000000e+00 2.467079907818207320e-19 4.262224381054124088e-12 0.000000000000000000e+00 6.053276244861352579e-12 3.366023229100215221e-12 0.000000000000000000e+00 1.645627345719033380e-12 0.000000000000000000e+00 2.993403854926416662e-12 1.807901029318146513e-16 0.000000000000000000e+00 1.670986790815851122e-12 3.416793694027217320e-12 1.322848045661311889e-10 1.035248122542349701e-19 1.641922751854467754e-12 0.000000000000000000e+00 0.000000000000000000e+00 0.000000000000000000e+00 0.000000000000000000e+00 5.330695942483092694e-12 0.000000000000000000e+00 4.175556690279089102e-12 1.642474454121084203e-12 1.016907031591945336e-12 1.017511288545545903e-12 9.036176528732398046e-12 6.066125030842663916e-12 7.554870627102872907e-12 0.000000000000000000e+00 0.000000000000000000e+00 0.000000000000000000e+00
3.018379890689649482e-12 0.000000000000000000e+00 1.679447688981331596e-12 3.390212871225274360e-12 5.713872444856644435e-13 1.727467531477497184e-12 5.649940293834556035e-16 5.646825258405654658e-13 1.109801302382606917e-11 0.000000000000000000e+00 0.000000000000000000e+00 3.379927707905130453e-12 5.648516485448006874e-13 3.009748013364783239e-12 7.644183741287408786e-12 9.678158319573734162e-20 4.588658861566687619e-11 5.719698228825625655e-13 4.346154883311514836e-11 0.000000000000000000e+00 1.642353123741326105e-12 3.356721604060800045e-12 0.000000000000000000e+00 0.000000000000000000e+00 0.000000000000000000e+00 1.644838708439243096e-12 2.552654648477656610e-11 1.644650705283821004e-12 2.206415157250340326e-11 1.367937739978497740e-11 1.645166840608828013e-12 3.366294681200776558e-12 4.182192030667738091e-12 3.362603243092771767e-12 1.828339555302862658e-12 5.661653020948640958e-13 0.000000000000000000e+00
5.389920716999027603e-13 0.000000000000000000e+00 0.000000000000000000e+00 0.000000000000000000e+00 0.000000000000000000e+00 3.939789347838355841e-16 8.988989262068131374e-12 3.454920874646482965e-19 0.000000000000000000e+00 0.000000000000000000e+00 0.000000000000000000e+00 1.795562506089695253e-11 5.591896871024372208e-19 0.000000000000000000e+00 1.664302084512761941e-10 1.650212120725884779e-12 1.018438008082423475e-12 0.000000000000000000e+00 1.225782511404943362e-10 8.832736062358995527e-12 5.670163949350911012e-13 0.000000000000000000e+00 0.000000000000000000e+00 0.000000000000000000e+00 0.000000000000000000e+00 0.000000000000000000e+00 5.646644578538319066e-13 0.000000000000000000e+00 0.000000000000000000e+00 0.000000000000000000e+00 0.000000000000000000e+00 5.645170503358765416e-13 0.000000000000000000e+00 4.173353198890264924e-12 5.349278233831912199e-12 3.368276168235564212e-12 0.000000000000000000e+00
0.000000000000000000e+00 0.000000000000000000e+00 0.000000000000000000e+00 0.000000000000000000e+00 0.000000000000000000e+00 5.713872444856644435e-13 1.291153328115218114e-11 1.664475886110413958e-12 0.000000000000000000e+00 0.000000000000000000e+00 6.146054337619615778e-12 1.668600908233359891e-12 0.000000000000000000e+00 1.655901180462702900e-12 0.000000000000000000e+00 5.645370087160053664e-13 0.000000000000000000e+00 1.644873475156146319e-12 0.000000000000000000e+00 0.000000000000000000e+00 3.932159796910332873e-11 1.090555421438842721e-11 0.000000000000000000e+00 0.000000000000000000e+00 0.000000000000000000e+00 0.000000000000000000e+00 0.000000000000000000e+00 0.000000000000000000e+00 0.000000000000000000e+00 0.000000000000000000e+00 0.000000000000000000e+00 0.000000000000000000e+00 1.434086206096984746e-12 0.000000000000000000e+00 5.652157932373634831e-13 0.000000000000000000e+00 1.649252430642186288e-12
0.000000000000000000e+00 0.000000000000000000e+00 0.000000000000000000e+00 5.601072144162928631e-13 4.214702457540835751e-12 0.000000000000000000e+00 5.640139970362195632e-13 3.412849775859214125e-11 5.605217634763044503e-17 5.720950001286558650e-13 1.667535689185952533e-12 0.000000000000000000e+00 5.663986333895511294e-13 1.112699765582427563e-11 5.648938441599493047e-13 0.000000000000000000e+00 0.000000000000000000e+00 0.000000000000000000e+00 0.000000000000000000e+00 1.640476721427889006e-12 0.000000000000000000e+00 3.494643151518575268e-18 1.641523250978975439e-12 0.000000000000000000e+00 0.000000000000000000e+00 0.000000000000000000e+00 0.000000000000000000e+00 0.000000000000000000e+00 0.000000000000000000e+00 0.000000000000000000e+00 0.000000000000000000e+00 0.000000000000000000e+00 0.000000000000000000e+00 4.314762814572222429e-12 1.437216063485928364e-12 5.656464602911907736e-13 0.000000000000000000e+00
0.000000000000000000e+00 0.000000000000000000e+00 0.000000000000000000e+00 0.000000000000000000e+00 0.000000000000000000e+00 5.617128291427645135e-13 5.706918554690317690e-13 3.396123163624321095e-12 9.818067220518595148e-12 1.351848512077251829e-12 3.092501004508662405e-12 1.738273675267627741e-10 3.399209842952460285e-12 1.645918560056297330e-12 0.000000000000000000e+00 0.000000000000000000e+00 0.000000000000000000e+00 0.000000000000000000e+00 0.000000000000000000e+00 0.000000000000000000e+00 5.636503901439218226e-13 0.000000000000000000e+00 8.946052702390295513e-11 7.615698638015751124e-12 0.000000000000000000e+00 0.000000000000000000e+00 0.000000000000000000e+00 0.000000000000000000e+00 0.000000000000000000e+00 1.015922953260615176e-12 5.650461099961853530e-13 0.000000000000000000e+00 0.000000000000000000e+00 0.000000000000000000e+00 0.000000000000000000e+00 0.000000000000000000e+00 0.000000000000000000e+00
1.644096346148526046e-12 0.000000000000000000e+00 0.000000000000000000e+00 0.000000000000000000e+00 1.014807379339875072e-12 3.361331554357031162e-12 1.645271119763355780e-12 0.000000000000000000e+00 5.564485129685431383e-10 2.625890003720451269e-11 1.653779001650165016e-12 0.000000000000000000e+00 0.000000000000000000e+00 0.000000000000000000e+00 0.000000000000000000e+00 0.000000000000000000e+00 0.000000000000000000e+00 0.000000000000000000e+00 0.000000000000000000e+00 0.000000000000000000e+00 5.634285275563862443e-13 9.666662381826570868e-11 3.344178492238880499e-12 0.000000000000000000e+00 6.901202948951499100e-12 0.000000000000000000e+00 0.000000000000000000e+00 4.527640733496171411e-11 3.367277179693453241e-12 5.639319589500183115e-13 0.000000000000000000e+00 0.000000000000000000e+00 0.000000000000000000e+00 0.000000000000000000e+00 0.000000000000000000e+00 0.000000000000000000e+00 0.000000000000000000e+00
0.000000000000000000e+00 0.000000000000000000e+00 0.000000000000000000e+00 0.000000000000000000e+00 0.000000000000000000e+00 1.634789368372662443e-12 0.000000000000000000e+00 1.645271119763355780e-12 5.701520639661267732e-13 0.000000000000000000e+00 5.543269124117008848e-10 0.000000000000000000e+00 0.000000000000000000e+00 0.000000000000000000e+00 1.593203400097854760e-12 1.591504907756113979e-12 0.000000000000000000e+00 0.000000000000000000e+00 0.000000000000000000e+00 1.688614695439159452e-12 0.000000000000000000e+00 6.021448902816338067e-13 4.158234912567360444e-12 2.860376856188707914e-11 0.000000000000000000e+00 2.069742537943796145e-18 4.552852098139626228e-18 0.000000000000000000e+00 1.831601809539058355e-12 1.069022373891423590e-11 6.044607060863563664e-12 7.493074858313826811e-12 8.500223393391519435e-12 4.192021303646691250e-12 1.647539334045517145e-12 1.644996295546953995e-12 0.000000000000000000e+00
5.644741838193641520e-13 0.000000000000000000e+00 0.000000000000000000e+00 0.000000000000000000e+00 0.000000000000000000e+00 0.000000000000000000e+00 2.949475543624852301e-12 0.000000000000000000e+00 3.402299837748025401e-12 1.874984213132246682e-10 0.000000000000000000e+00 0.000000000000000000e+00 0.000000000000000000e+00 1.243161402804723450e-11 0.000000000000000000e+00 0.000000000000000000e+00 5.448034775225578061e-13 0.000000000000000000e+00 0.000000000000000000e+00 0.000000000000000000e+00 5.787235448201079759e-13 0.000000000000000000e+00 0.000000000000000000e+00 1.682078447557835828e-12 6.247425397086145642e-11 6.460857263103767159e-12 7.113651612508666219e-12 2.467079907818207320e-19 2.957339680877393117e-12 1.643026496290646188e-12 0.000000000000000000e+00 1.018582052717463664e-12 1.646381058213053178e-12 4.186123021141186356e-12 0.000000000000000000e+00 5.645999281796929724e-13 0.000000000000000000e+00
