output/example/lateral_incision_000046.asc
nrows	75
cellsize	13.33333333
xllcorner	0
ncols	75
yllcorner	0
NODATA_value	-9999
[rows 17 to 33 of 75, columns 37 to 73 of 75]
1.702465247667140847e-12 0.000000000000000000e+00 1.703766918750429905e-12 3.470196397803073157e-12 0.000000000000000000e+00 3.397908849963925303e-12 1.679048612146526303e-12 0.000000000000000000e+00 5.593443963648626421e-13 3.382767015231482887e-12 1.797745318573508225e-12 0.000000000000000000e+00 0.000000000000000000e+00 0.000000000000000000e+00 0.000000000000000000e+00 0.000000000000000000e+00 0.000000000000000000e+00 0.000000000000000000e+00 3.441246244462744694e-12 0.000000000000000000e+00 1.583667458641228095e-12 0.000000000000000000e+00 5.200826668666205816e-13 0.000000000000000000e+00 0.000000000000000000e+00 8.808241183044219890e-12 3.329254808129177772e-12 5.388524072164278321e-12 1.597992651413366894e-11 1.552143504091756426e-12 0.000000000000000000e+00 0.000000000000000000e+00 7.687902001827353783e-12 5.507422706103904596e-12 0.000000000000000000e+00 1.476997292195338596e-12 2.808336917778438571e-12
3.484307120318386015e-12 5.848030649135724138e-13 0.000000000000000000e+00 4.293214449384299525e-12 3.385725953889963484e-12 1.676402463695096669e-12 0.000000000000000000e+00 2.981016146977797438e-12 4.294565684882145139e-11 0.000000000000000000e+00 0.000000000000000000e+00 0.000000000000000000e+00 0.000000000000000000e+00 0.000000000000000000e+00 5.233092690868490093e-13 0.000000000000000000e+00 5.320738864852713258e-13 3.229448293857086933e-12 3.543552848946021863e-12 0.000000000000000000e+00 9.490752483264973747e-12 0.000000000000000000e+00 0.000000000000000000e+00 0.000000000000000000e+00 1.312924200158194197e-11 0.000000000000000000e+00 7.839434061614465765e-11 1.764420638146857695e-12 3.891363340385019779e-12 0.000000000000000000e+00 1.508183212741628805e-12 3.049417732416920663e-12 0.000000000000000000e+00 2.710855308243021346e-12 2.383576117429925774e-12 4.647718479705507427e-13 4.883460012627862697e-13
0.000000000000000000e+00 6.245060236434774522e-12 1.694397768983135942e-12 2.166879874264522779e-11 1.665923106568788471e-12 0.000000000000000000e+00 1.676402463695096669e-12 3.397908849963925303e-12 5.510784360508242148e-13 0.000000000000000000e+00 0.000000000000000000e+00 0.000000000000000000e+00 0.000000000000000000e+00 0.000000000000000000e+00 3.152496983775952128e-12 5.233092690868490093e-13 0.000000000000000000e+00 2.889265492630232004e-12 3.300587721275876649e-12 5.294227897281277803e-13 1.769685745308348974e-12 0.000000000000000000e+00 0.000000000000000000e+00 3.234654794682562833e-12 2.872055524594238045e-12 3.568450524788252776e-12 1.563146994279473080e-12 0.000000000000000000e+00 1.517705472803439468e-12 5.145218875566285422e-13 0.000000000000000000e+00 0.000000000000000000e+00 0.000000000000000000e+00 0.000000000000000000e+00 0.000000000000000000e+00 1.376004810967843951e-12 0.000000000000000000e+00
0.000000000000000000e+00 0.000000000000000000e+00 3.352934279210198640e-12 1.651283226330565910e-12 0.000000000000000000e+00 1.638614834197806731e-12 3.375144335662959264e-12 0.000000000000000000e+00 0.000000000000000000e+00 0.000000000000000000e+00 0.000000000000000000e+00 0.000000000000000000e+00 0.000000000000000000e+00 0.000000000000000000e+00 0.000000000000000000e+00 0.000000000000000000e+00 1.587407003032362824e-12 0.000000000000000000e+00 1.631002515010483318e-12 1.141598267931582729e-10 0.000000000000000000e+00 3.302000422142363320e-12 1.173608170607260129e-10 3.428759817420394931e-12 0.000000000000000000e+00 1.117247774825606899e-12 0.000000000000000000e+00 5.240384659783924991e-13 0.000000000000000000e+00 0.000000000000000000e+00 1.508183212741628805e-12 5.174798113224117911e-13 0.000000000000000000e+00 0.000000000000000000e+00 0.000000000000000000e+00 0.000000000000000000e+00 0.000000000000000000e+00
0.000000000000000000e+00 0.000000000000000000e+00 1.641230419393965867e-12 0.000000000000000000e+00 8.813183468914813312e-12 4.006989191829194037e-18 0.000000000000000000e+00 0.000000000000000000e+00 0.000000000000000000e+00 3.246080217953825900e-12 0.000000000000000000e+00 5.380991463267056852e-13 5.337205319799052786e-13 0.000000000000000000e+00 1.577094192969725431e-12 0.000000000000000000e+00 0.000000000000000000e+00 1.631002515010483318e-12 4.813250831606063882e-12 8.511270903908782553e-17 0.000000000000000000e+00 5.106595836022072493e-13 0.000000000000000000e+00 0.000000000000000000e+00 1.666906415691044660e-12 9.001225447304529592e-12 0.000000000000000000e+00 0.000000000000000000e+00 0.000000000000000000e+00 0.000000000000000000e+00 0.000000000000000000e+00 0.000000000000000000e+00 0.000000000000000000e+00 0.000000000000000000e+00 1.532902111526384457e-12 1.534302872273064087e-12 0.000000000000000000e+00
0.000000000000000000e+00 3.347480564587604050e-12 0.000000000000000000e+00 3.346405012445566855e-12 3.217369387459476331e-12 1.461813612477604603e-12 1.614387620875472481e-12 0.000000000000000000e+00 3.330550314366815335e-12 1.612429222103528922e-12 0.000000000000000000e+00 1.585939793837085889e-12 0.000000000000000000e+00 5.400458788709202648e-13 0.000000000000000000e+00 1.619765189018328912e-12 0.000000000000000000e+00 6.482370296485065367e-12 4.025579171519473517e-13 0.000000000000000000e+00 7.196191922737160148e-13 7.782103593320758193e-11 5.750239411257170628e-13 1.458706441480987558e-12 0.000000000000000000e+00 1.407906164546478649e-17 0.000000000000000000e+00 0.000000000000000000e+00 0.000000000000000000e+00 0.000000000000000000e+00 0.000000000000000000e+00 0.000000000000000000e+00 0.000000000000000000e+00 1.033574759110812597e-11 0.000000000000000000e+00 5.200522293080341404e-13 0.000000000000000000e+00
2.946081619773964204e-12 1.092196649420196207e-10 2.043662647717633710e-09 8.441588861043838530e-12 0.000000000000000000e+00 0.000000000000000000e+00 0.000000000000000000e+00 0.000000000000000000e+00 1.643555595567357808e-12 0.000000000000000000e+00 8.644233889922282541e-12 0.000000000000000000e+00 0.000000000000000000e+00 0.000000000000000000e+00 2.954411847248057331e-12 0.000000000000000000e+00 1.652619102155078091e-12 1.644420144269219268e-12 0.000000000000000000e+00 1.643891397636689430e-12 4.440858207611160288e-11 0.000000000000000000e+00 0.000000000000000000e+00 0.000000000000000000e+00 1.077411510790620584e-10 0.000000000000000000e+00 5.807322685804126136e-13 0.000000000000000000e+00 0.000000000000000000e+00 0.000000000000000000e+00 4.818564453987762368e-13 0.000000000000000000e+00 1.580848553559764743e-12 0.000000000000000000e+00 1.532902111526384457e-12 5.195275269997623379e-13 0.000000000000000000e+00
0.000000000000000000e+00 1.631374094519258871e-12 3.341451911098629580e-12 0.000000000000000000e+00 1.632842941656837858e-12 0.000000000000000000e+00 3.344345855358644039e-12 1.630753366473581000e-12 0.000000000000000000e+00 3.729663965408002667e-12 0.000000000000000000e+00 3.362080871982838368e-12 5.543265441728218175e-13 3.362080871982838368e-12 3.332834149878717086e-12 3.016161378187811031e-12 3.344687574199043368e-12 3.382074048620139007e-12 5.428545129261983826e-13 3.337004246648726668e-12 0.000000000000000000e+00 0.000000000000000000e+00 0.000000000000000000e+00 0.000000000000000000e+00 1.579085505016620514e-12 5.439587954345716412e-13 7.471382864464873088e-12 1.394907733994647900e-11 3.395462165939651843e-12 1.367413537031788943e-11 1.814097264777826896e-18 3.313263750846529393e-12 0.000000000000000000e+00 5.280643259431280561e-12 1.414857593840542669e-12 1.389615928270062622e-12 0.000000000000000000e+00
1.074634743738593595e-09 0.000000000000000000e+00 0.000000000000000000e+00 1.399567444850687315e-16 2.926000026452432074e-17 1.087168624469654347e-18 4.178910197317267205e-12 0.000000000000000000e+00 3.003506614318571981e-12 3.353501603240314364e-12 0.000000000000000000e+00 1.634260626619902673e-12 0.000000000000000000e+00 2.997466650371733104e-12 8.355067128079889777e-18 1.269969960014142662e-16 1.227092052796531265e-10 3.336540369882124551e-12 0.000000000000000000e+00 0.000000000000000000e+00 0.000000000000000000e+00 0.000000000000000000e+00 0.000000000000000000e+00 0.000000000000000000e+00 0.000000000000000000e+00 5.364692510287512663e-13 1.586742414982353813e-12 9.968306459994925055e-13 2.860155335607924451e-12 0.000000000000000000e+00 2.887858680989839198e-12 2.124610191333111700e-11 3.271420729714000189e-11 5.081202257388454259e-12 0.000000000000000000e+00 0.000000000000000000e+00 0.000000000000000000e+00
0.000000000000000000e+00 1.072249764459329917e-09 3.243498154771141630e-12 3.332548457863919130e-12 1.350469941572243411e-16 1.633017350703437268e-12 5.555268728150058141e-16 5.642728141591314336e-13 6.055766175795233152e-12 0.000000000000000000e+00 0.000000000000000000e+00 0.000000000000000000e+00 8.722427411168514009e-12 6.379166876818476992e-12 3.333095292599808503e-12 5.617218728486443135e-13 5.601491131918895121e-13 7.322651275238608036e-10 5.469191216900238609e-18 3.342309660314022084e-12 0.000000000000000000e+00 5.479137331454601076e-13 0.000000000000000000e+00 0.000000000000000000e+00 5.207966328397452486e-13 1.514782183825247084e-12 1.555609937457377819e-12 5.209729476960104180e-13 2.564562854475504970e-11 2.701840922504193004e-18 1.546314585018251695e-12 2.570493213213819268e-11 4.683462608506011940e-12 1.586144401117322351e-12 1.629510848079787931e-12 1.389615928270062622e-12 0.000000000000000000e+00
1.633680893384146126e-12 1.545973283358129916e-10 0.000000000000000000e+00 0.000000000000000000e+00 4.557571860802363053e-12 1.632842941656837858e-12 1.433521402923777650e-12 1.898577962005454668e-16 0.000000000000000000e+00 0.000000000000000000e+00 0.000000000000000000e+00 1.932066983811770057e-11 3.637897938873035189e-19 0.000000000000000000e+00 9.358444421669734462e-17 1.014859923069292128e-12 5.601491131918895121e-13 1.644939925366388317e-12 0.000000000000000000e+00 2.058567662011262981e-17 2.968018403170549355e-12 0.000000000000000000e+00 0.000000000000000000e+00 0.000000000000000000e+00 0.000000000000000000e+00 0.000000000000000000e+00 1.514782183825247084e-12 0.000000000000000000e+00 0.000000000000000000e+00 0.000000000000000000e+00 0.000000000000000000e+00 5.331768668039934559e-13 0.000000000000000000e+00 5.227557736386151524e-12 7.037911694197225029e-12 3.123288874295757763e-12 0.000000000000000000e+00
3.311761610479705602e-12 5.635394598446090037e-13 0.000000000000000000e+00 0.000000000000000000e+00 0.000000000000000000e+00 9.705559583102366865e-10 5.642518574808954457e-13 5.605281740016009698e-13 0.000000000000000000e+00 0.000000000000000000e+00 3.320845934663254780e-12 1.629231886860104705e-12 0.000000000000000000e+00 2.988452227090004625e-12 1.640127357981541749e-12 0.000000000000000000e+00 1.594580089366187223e-12 3.342309660314017641e-12 9.499562797805660244e-12 1.099909006281298884e-10 3.384159148205940071e-12 5.565722484608196429e-13 0.000000000000000000e+00 0.000000000000000000e+00 0.000000000000000000e+00 0.000000000000000000e+00 0.000000000000000000e+00 0.000000000000000000e+00 0.000000000000000000e+00 0.000000000000000000e+00 0.000000000000000000e+00 0.000000000000000000e+00 2.150473753522080490e-12 0.000000000000000000e+00 5.296251956558358325e-13 0.000000000000000000e+00 5.275824158101179528e-13
5.636222248515853477e-13 0.000000000000000000e+00 0.000000000000000000e+00 0.000000000000000000e+00 4.244789247126095158e-12 3.224127360517561503e-12 3.360978455429681796e-12 5.494341043917241338e-17 6.911722863903872203e-17 5.592552964074751279e-13 1.629646537340369337e-12 0.000000000000000000e+00 1.849161519390159475e-12 1.080545581766179715e-11 5.503841324785897809e-13 0.000000000000000000e+00 0.000000000000000000e+00 0.000000000000000000e+00 5.613009982458684066e-13 6.612232217335625213e-12 6.058564630166592552e-12 3.728640588737098744e-18 1.626081917950867566e-12 0.000000000000000000e+00 0.000000000000000000e+00 0.000000000000000000e+00 0.000000000000000000e+00 0.000000000000000000e+00 0.000000000000000000e+00 0.000000000000000000e+00 0.000000000000000000e+00 0.000000000000000000e+00 5.247704483641981873e-13 1.546079585722449828e-12 1.340359665289418788e-12 1.561986766147878659e-12 0.000000000000000000e+00
0.000000000000000000e+00 0.000000000000000000e+00 0.000000000000000000e+00 0.000000000000000000e+00 0.000000000000000000e+00 5.563268589784991905e-13 2.026052866725497826e-16 0.000000000000000000e+00 5.493284135273912167e-10 2.938846654635045400e-12 3.333858736991278038e-12 1.742353336277168111e-10 3.321467054477474025e-12 1.613859410901817400e-12 0.000000000000000000e+00 0.000000000000000000e+00 0.000000000000000000e+00 0.000000000000000000e+00 0.000000000000000000e+00 5.570042632652407046e-13 5.714719843771868203e-13 0.000000000000000000e+00 9.199810443182883405e-11 1.613365397557654317e-12 0.000000000000000000e+00 0.000000000000000000e+00 0.000000000000000000e+00 0.000000000000000000e+00 5.407949164082175293e-13 0.000000000000000000e+00 0.000000000000000000e+00 0.000000000000000000e+00 0.000000000000000000e+00 0.000000000000000000e+00 0.000000000000000000e+00 0.000000000000000000e+00 0.000000000000000000e+00
1.620872598043559953e-12 0.000000000000000000e+00 0.000000000000000000e+00 0.000000000000000000e+00 0.000000000000000000e+00 3.342129813889152813e-12 1.642854169253485205e-12 5.467484965377986710e-10 3.333858880996155369e-12 1.625185990274794097e-12 3.333858736991088611e-12 0.000000000000000000e+00 0.000000000000000000e+00 0.000000000000000000e+00 0.000000000000000000e+00 0.000000000000000000e+00 0.000000000000000000e+00 0.000000000000000000e+00 0.000000000000000000e+00 0.000000000000000000e+00 4.266301878343870738e-12 3.382666454908106189e-12 3.403985298246722061e-12 0.000000000000000000e+00 2.853793980519057628e-18 0.000000000000000000e+00 0.000000000000000000e+00 1.789370584378816211e-11 1.395883142459090044e-11 3.329454871478403449e-12 3.069713196069843900e-11 2.842732108872229335e-12 0.000000000000000000e+00 0.000000000000000000e+00 0.000000000000000000e+00 0.000000000000000000e+00 0.000000000000000000e+00
0.000000000000000000e+00 0.000000000000000000e+00 0.000000000000000000e+00 0.000000000000000000e+00 0.000000000000000000e+00 1.623564371861112817e-12 0.000000000000000000e+00 1.642854169253485205e-12 0.000000000000000000e+00 1.832700717800076135e-10 2.896799103455003668e-11 0.000000000000000000e+00 0.000000000000000000e+00 0.000000000000000000e+00 1.604103625325386189e-12 1.572928773461333941e-12 0.000000000000000000e+00 0.000000000000000000e+00 0.000000000000000000e+00 5.472558516537340341e-13 0.000000000000000000e+00 2.292629013534800858e-12 5.732383719695859202e-13 1.621148737451251569e-12 0.000000000000000000e+00 2.166669761244074298e-18 5.153592595502978519e-18 0.000000000000000000e+00 1.018242431639311163e-12 5.432921551108825639e-13 1.266685067492279783e-11 0.000000000000000000e+00 1.563492943900432688e-12 4.937415351714096267e-12 2.728627539507777018e-12 1.562147334767968285e-12 0.000000000000000000e+00
5.578566353042440007e-13 0.000000000000000000e+00 0.000000000000000000e+00 0.000000000000000000e+00 0.000000000000000000e+00 0.000000000000000000e+00 2.954921461531136163e-12 3.333663964818590912e-12 1.646175017732832512e-12 0.000000000000000000e+00 1.629055183446380785e-12 3.282865188419908220e-12 0.000000000000000000e+00 1.198822879099365165e-11 0.000000000000000000e+00 0.000000000000000000e+00 1.568692111099004702e-12 0.000000000000000000e+00 0.000000000000000000e+00 0.000000000000000000e+00 5.472558516537340341e-13 1.581524644237976749e-12 0.000000000000000000e+00 1.581524644237976749e-12 6.665422646810653042e-11 8.804596459860728232e-12 7.598759521366901938e-12 7.373936915066211399e-20 1.363431629684309215e-11 3.249095705029633244e-12 1.687200114062918170e-12 4.563696325293672069e-12 0.000000000000000000e+00 9.483250795626135961e-13 0.000000000000000000e+00 2.753879282325501367e-12 0.000000000000000000e+00
