output/example/lateral_incision_000230.asc
nrows	75
cellsize	13.33333333
xllcorner	0
ncols	75
yllcorner	0
NODATA_value	-9999
[rows 34 to 50 of 75, columns 37 to 73 of 75]
1.060797218420022318e+03 8.379716376786464638e-01 0.000000000000000000e+00 2.607883030050044795e+02 1.801504695577731638e+02 3.975279380323322016e+02 9.014613114282491324e+02 1.354787026292566907e+03 6.300637830706836695e+01 9.414438802139276277e+02 2.084967436501123757e+03 3.301985331977339229e+02 6.793959654210996177e+02 1.387239730461247291e+03 5.972547715137437763e+02 8.325263747100672962e-01 1.416610751828757486e+02 9.210984252701469188e+01 6.881101402108384946e+01 1.638569410747082031e+02 1.692909377646758173e+02 1.592149134029373556e+02 5.670616280159200828e-01 1.138257163316589640e+03 1.300452318379980170e+03 0.000000000000000000e+00 1.682874238720314679e+02 0.000000000000000000e+00 9.800763723096886224e+02 8.099460243902624370e+02 1.187458312013263217e+01 5.307119021149532045e+02 5.181080985163661126e+02 0.000000000000000000e+00 2.205925694705910800e+01 2.834404410180466130e+02 4.592395548168350388e+02
8.577753100151740417e-01 4.277027826179535737e+02 2.693217210789709171e+01 0.000000000000000000e+00 5.685343427146787008e+02 1.073498761654720056e+03 1.205766142452373970e+03 3.274342158814025794e+01 1.289853444206529502e+03 8.157134885661578210e+02 1.178337058142325532e+03 8.848572864887503897e+01 3.338419823810204434e+02 5.328665287596776352e+02 8.030759141516526256e+00 6.418243117158674522e+02 7.415459866033563685e+02 3.916008906589809868e+01 1.178206189620358828e+03 9.975237748525547659e+02 5.089551239009686014e+02 2.838263839427323205e+02 8.226149832255368892e+02 1.175797345511041158e+03 1.340975562410329189e+02 2.903446511599441351e+02 1.140486593011337257e+00 8.688012950409506630e+02 0.000000000000000000e+00 8.252421543970008315e+02 5.525289648796574511e+02 1.313950644021741141e+02 5.124692578853280622e+01 1.486665929873381856e+03 4.186103957356093730e+01 2.044849476841581293e+02 0.000000000000000000e+00
5.063622800978422447e+02 9.203481545942044022e+02 6.708054472554722452e+02 4.407855806739595650e+00 6.815623783178054964e+02 1.394409682542938754e+03 4.644595734663445796e+02 2.620650960883821323e+00 0.000000000000000000e+00 1.988998504975411663e+02 4.516577405733836486e+02 6.381741012238343274e+02 1.419678895640088854e+02 1.666827379897478636e+02 1.164953062714671432e+03 1.195354185485484777e+03 1.810781136379922884e+02 1.440074638453643274e+01 2.321246045690661397e-01 1.866906648930596191e+02 0.000000000000000000e+00 1.309831237711591712e+03 1.684163816104875764e+02 2.063390773143372883e+02 4.887160350722359112e+02 8.134836109144886223e+02 1.925524397762384265e-01 9.366693357805436904e+01 0.000000000000000000e+00 1.516734974307456518e+00 9.414648768364327225e+02 5.296179848038549665e+01 1.473119063897063086e+02 1.171262715839021196e+00 1.960197945970475644e+02 6.125315482750664842e+01 5.944803043052889961e+02
5.145650646387849747e+02 2.197286570345807490e+02 0.000000000000000000e+00 1.122070431910980326e-01 3.115962490808433927e+01 7.118613491296134725e+02 6.023673284246305570e+01 2.704031540311436288e+02 8.770177179371512466e+02 1.641004420674968969e+03 7.757723237996841381e-02 1.063762827395979604e+00 1.466153298308284114e+01 9.535968043802516547e+01 6.980934224759182598e+02 1.444654945253506867e+03 0.000000000000000000e+00 1.717185996407327195e+02 4.973712069039939365e+02 4.501544188536009017e+00 3.647290716130230948e+01 1.437071958230571100e+00 7.911159719460725910e+02 5.692902034115930974e+02 3.981674993331992818e-01 1.262005469812444289e+03 7.224836471804031817e+02 0.000000000000000000e+00 5.215028186149435214e+02 6.459612219052315822e+02 7.466489808385799734e+02 5.296437842885328564e+02 2.178009059686198157e+01 6.069858382548216724e+01 4.889159838341654307e+01 4.303140633682836835e+01 1.566014444048495591e+02
6.130961691070759798e+02 7.163948034712834669e+02 0.000000000000000000e+00 1.371658722598956274e+03 5.235659664782958771e+02 2.025147791019720245e+01 3.828233706030242729e+02 3.740570613324878195e+02 8.139376719279590633e-06 6.247737603933271657e+02 1.733731521865008460e+02 3.553530735042649553e+02 1.515577677042568610e+02 7.581072542274157513e+02 3.003847533970281916e+02 9.093984299495194819e+02 0.000000000000000000e+00 5.680828738731048588e+02 1.761036145713502208e+02 9.834197267929263830e+01 5.061842019386149900e+02 2.889832054783973945e+02 1.208692940501115345e+03 0.000000000000000000e+00 2.327890856879778170e+01 8.303556948589127842e+02 0.000000000000000000e+00 1.416572517132169651e+03 7.804710638585461311e+02 2.827336134679025008e+02 8.506061900967317513e+01 8.708312217154799555e+02 2.107169317797026622e+02 5.686986016984463959e+02 1.138477027264039378e+02 2.289846613516789375e+02 3.743092760352283221e+01
1.144652289129252949e+03 6.611831662566216892e+02 1.980367169342148941e+02 6.806426305463984363e+02 1.041829169021431909e+02 0.000000000000000000e+00 1.075509346140460138e+03 8.409929664882458837e+02 1.374146242741892365e+03 6.227750628598622598e+02 8.504703936439923382e+02 2.937322105314600549e+02 1.465324212185966424e+01 3.688771750710177599e+01 6.445229827877835760e+01 1.053236019325290499e+03 7.435929694948081305e+02 4.841443820174998791e+02 3.328372602029552922e+02 1.386524597162846248e+02 9.607996364798728450e+01 5.818254035977626017e+02 1.133642064593188707e+03 7.203766836417822788e+02 1.362646826624111043e+02 8.993250695644162533e+02 2.816955806231296044e-01 5.044532995461294718e+02 4.621875481378291965e+02 1.621623757394643235e+02 7.247237347280449882e+00 0.000000000000000000e+00 0.000000000000000000e+00 0.000000000000000000e+00 2.169048359055533126e+02 3.716179031445104641e+00 1.862282635041153753e+02
1.330843720560259555e+02 5.060735397546015406e+02 3.326971715331600166e+01 0.000000000000000000e+00 4.800758641797766586e+02 1.207062513100916703e+03 1.459439882058952143e-01 3.934109956031467448e+01 1.543213724832033620e+02 1.086071035000735652e+00 2.692923359054351540e+00 7.091290583894526662e+02 1.032845852798220903e+03 3.268525081822281777e+02 1.110157701235448940e+03 1.015047547101797676e+01 1.734384163216497200e+03 3.436646844438002972e+02 6.752229622556942559e+02 1.357664502681598606e+03 0.000000000000000000e+00 5.080174706564904996e-01 7.423535666633014785e+00 1.997474462965131536e+01 3.007509777908992099e+00 9.732922923767004022e+02 1.916519948143641239e-01 3.045489329919759669e+01 1.663777463186956140e+02 2.779086792170044760e+02 7.805554633039758983e+02 7.097696850842330605e+02 8.146657084580683161e+00 1.443860710870091680e+03 2.599844559181672139e+02 6.323506772863439664e+02 5.197729576949959851e-01
2.669787885320179157e+02 0.000000000000000000e+00 5.178093272328615058e+02 0.000000000000000000e+00 1.163388580987811110e+03 4.840491075239251586e+02 2.133731976235056322e+02 1.290329491902629115e+02 7.362661648538378358e+02 8.147967928927586172e+02 3.583308803796974189e+02 1.551557577106234431e+00 0.000000000000000000e+00 1.548345724985900915e+02 8.925188291478613110e+02 3.443003003894516496e+02 0.000000000000000000e+00 1.992234731914960264e+02 1.132323891931324397e+03 3.811108401102316066e+02 0.000000000000000000e+00 6.171144945768312482e+02 1.169414566537101337e+03 3.161131782558525742e+02 4.108735425889955195e+02 9.949733154924231826e+01 7.517206036535291105e+02 7.972023614629416777e+00 1.154687947120771696e+03 3.257366266125797551e+02 0.000000000000000000e+00 0.000000000000000000e+00 1.980567503540727046e+02 3.421406950075127611e+02 9.829845670197135732e+00 5.065993484975494425e+02 3.644535972792843359e-01
1.253226079159447970e+01 7.992649459184813168e+02 1.135668632726760507e+03 3.987588074422112072e+02 3.567421242438091866e+01 2.619696062795999225e+01 1.933081538072635510e+02 1.526628438119749092e+02 5.505087955269315714e+00 6.351569209496261692e+02 8.121133540642972548e+00 2.840685599405877948e+00 7.100603075482359827e+01 1.758144188292153798e+00 4.982249872402003916e+02 1.180276135760872648e+03 1.077940784234989451e+03 8.342925957660009217e+00 7.772482483884963358e+02 1.066328888317584187e+03 1.321543749991881123e-01 2.123296865714642223e+01 0.000000000000000000e+00 8.203011002889569454e+02 1.868257667746675565e+00 3.448693960534495950e+00 0.000000000000000000e+00 0.000000000000000000e+00 1.206570072953814361e+03 1.030916285836317229e+03 2.486221521822631644e+02 5.990614244156876111e+02 2.425823824600801402e+02 8.188973872558344738e+02 1.281213497767227238e+02 3.271114383611414382e+02 3.303137045324273231e+02
3.576314529791534635e+00 6.970926316025054348e+02 1.337861174627546612e+00 5.436133343528989599e+02 1.711450969058425358e+02 3.342397256723919554e+02 9.376217240201782488e+01 1.005527007717084985e+03 0.000000000000000000e+00 0.000000000000000000e+00 5.628599291395701130e+02 2.489462797355874386e+02 1.163116134620565418e+02 5.641687675601121832e+00 0.000000000000000000e+00 8.020907303265764199e+01 4.159716797120827323e+02 1.237363115239879335e+03 8.434582977510561363e+01 1.056617565674188882e+03 6.708491396152945754e+02 3.437794318494664481e+02 1.549263298341120674e+02 0.000000000000000000e+00 1.933837849386357561e+02 1.429654150598838442e+03 1.402873359793414743e+01 3.690982599329587401e+02 0.000000000000000000e+00 2.787202941939583525e+02 1.120051476666364579e+03 5.565662584258889183e+02 4.048066959689498923e+00 1.311740354970647786e+03 9.027751678162127291e+02 4.580818097213092699e+01 5.153915464580123995e+01
0.000000000000000000e+00 2.391617605249926157e+02 1.575812576935325637e+02 1.597613487523061906e+02 2.112680343931557161e+02 6.866563087904971781e+02 3.037008237311108587e+02 2.774407671900485752e+02 6.707921604599999910e+02 1.928029082866657404e+02 9.118883465008929079e+01 2.018272699125631675e+02 1.843127317351187742e+02 3.869982213439162706e+02 1.155328630131103429e+00 3.384192428753678428e+02 0.000000000000000000e+00 1.664257171397906859e+03 1.076225347675483818e+03 2.318705140361966066e+00 4.580916184486125076e+02 6.717648451127594171e+02 8.030047237282586821e+02 4.363407235259097092e+02 1.972523705968215069e+01 8.090763592130988400e+02 4.204437395853492632e+00 9.427117379577625798e+02 1.556258965425586815e+01 7.252044470442920954e+01 1.309926950747920955e+02 0.000000000000000000e+00 3.597171580590693907e+01 5.624211533636951543e+01 2.129806437752416670e+01 1.285715869033340653e+02 1.481283385085795317e+02
4.609149295390064083e+01 4.654066774031556974e+02 1.425441379617274833e+03 6.939765357022050773e-01 5.944406301516177438e-01 1.121464041492363549e+03 4.690940723462759365e+02 1.002551826904978327e+01 9.501414377379863936e+02 1.983795514095878687e+01 8.738790077400837220e+01 3.808322046694518459e+00 1.037083433759797799e+03 5.082109263444044700e+02 3.824314591552948741e+02 3.777458595057692037e+01 4.859336339653170285e+02 4.958712430452254516e+00 6.087632767319955747e+02 4.200912395902145136e+02 1.622066336044655372e+02 2.596143556516719855e+02 5.417966932862111662e+02 0.000000000000000000e+00 1.677684934149070273e+02 6.877175314065838165e+02 2.511086026241629909e+00 7.880651382829477143e+02 0.000000000000000000e+00 2.072784036921233621e+02 1.470547244535730727e+02 1.220532786478183880e+03 4.410707035699568337e+02 1.461719049291572446e+03 5.094954135072865853e+01 4.229666716401503663e+02 3.690949522893690755e+02
0.000000000000000000e+00 8.173110521869947434e+02 0.000000000000000000e+00 3.714330221082101247e+01 1.462215898184054907e+01 1.298016464486393943e+03 6.252578225885133634e+02 3.526343044356395895e-01 1.753430287901289830e+02 0.000000000000000000e+00 8.296021851024217995e+02 9.584658576063789237e-01 3.763637208415460691e+02 3.768321175191141492e+02 1.957910556004755165e+01 7.469427000238118808e+02 2.646517021291079175e+01 6.344374860725542931e+01 4.905069940803057875e+02 1.802081108837484180e+02 8.602568474399657106e+00 2.451197164320971567e+00 1.371366601119294728e+03 7.789041230110449465e-01 9.539537809661957226e+02 1.395093489350181182e+00 1.245174412335451507e+03 2.945674008154603740e+01 9.439040196868718624e+01 4.563763244210977064e+02 0.000000000000000000e+00 3.904771754882399932e+02 4.886319032737650332e+02 8.669599352761301816e+02 2.732640736003767188e+02 8.689947406195699386e+02 3.439504555845797995e+02
6.645272452846464262e+01 1.699426663049699755e+03 2.506086400083977139e+02 9.194657610235919876e+00 1.903506294397411125e+02 0.000000000000000000e+00 1.626484656722982152e+02 8.375914823468639270e+02 9.237250497154794857e+02 4.391119035396620518e+01 4.298525328117681177e+00 3.421526080249631674e-01 1.578814750110646628e+03 9.747490899255296881e+00 9.041321936832358688e+02 6.972443774168485264e-01 0.000000000000000000e+00 8.598714643580075290e+02 1.004918906026862487e+03 0.000000000000000000e+00 8.362111680313098816e+01 2.996213173585809386e+02 1.935740595722880357e+02 2.507672906521857215e+02 6.246446174226667836e+02 0.000000000000000000e+00 1.282843061531023295e+03 6.866653713882606702e+00 3.343203269346450952e+02 5.878751873718365459e+02 4.045729325526985463e+02 1.747805089571368455e+02 1.814394109713541070e+02 5.725844021692687580e-01 6.178487271742651501e+02 8.229206180429727624e+01 5.479733633903553027e+02
5.271505793577656362e+01 9.854563961112369270e+02 1.002878158623704691e-01 2.903294961566624579e+02 6.452285549944227796e+02 1.657193234162494422e+00 3.281368180484078039e+02 7.291729640137152728e+02 4.125745164321228344e+02 0.000000000000000000e+00 1.339906761439090701e+02 0.000000000000000000e+00 0.000000000000000000e+00 9.838771868514199923e+02 1.306655058372039775e+03 8.572123749467830578e+01 1.728188104306593971e+02 6.846544161731152371e+02 5.242986329639247600e+01 2.271129198922032515e+02 4.738529379264736008e+02 1.134122300818904932e+03 1.413378658684568563e+03 1.229148846775897225e-01 9.390154382075446282e-01 4.495917882026635652e+02 3.555043775380424709e+00 1.102994059128596518e+03 9.563231884694880591e+02 8.657929033225508419e+02 9.083916795528667762e+02 1.058751710660268145e+03 1.179134653362795717e+02 9.641730173363807808e+02 2.066960050475245794e+02 1.238327291462799622e+03 3.063904391874105499e+02
1.014141611529957210e+01 4.782782511241483547e+01 0.000000000000000000e+00 3.729500995154576231e+02 7.052671510125037457e+02 9.927620376604409103e-01 4.548117174733373531e+02 3.898185769488778760e+02 5.225581219898773888e+00 4.550427943828010768e+01 7.770479472405881438e+01 5.340981910174115228e+02 1.574746086259823041e+00 1.294587796034852772e+03 2.884901953884734098e+02 1.168332125675264251e+03 1.252234189463568555e+03 4.304932008308729223e+02 6.940217498685464079e+02 1.260556851107832017e+03 1.062491234681209873e-01 8.138518711451051502e+01 0.000000000000000000e+00 2.632179469663151963e+02 5.621735257405439370e+02 3.090105290271573608e+02 2.999290942134270495e+02 4.001095879605865093e+02 2.460104706724961261e+02 0.000000000000000000e+00 8.057319181148380949e+01 3.725980924857813292e+00 9.321161529482304786e+02 1.323300084876526398e+03 2.214468698331654650e+01 0.000000000000000000e+00 8.489683359637655258e+02
4.894102048731319314e+02 1.160146631706982561e+02 1.326854599230318627e+03 5.406165091945922541e+02 1.632306349571376547e+00 5.947215796736591074e+02 4.705436590282263296e+02 7.310212421145226926e+02 1.089686528916933383e+02 2.223818794462598891e+00 1.837067717723942224e+03 1.087961819261790424e+03 0.000000000000000000e+00 6.349431394713041072e+02 0.000000000000000000e+00 9.178948814557714968e+02 8.421156172646377627e+02 4.206706946506430178e+00 0.000000000000000000e+00 3.395189777140860343e+00 5.892385402471065845e+02 0.000000000000000000e+00 4.962455851319298006e+00 9.071575299819413658e+02 9.255227304527376475e+01 6.522492351404232522e+02 2.882415252415097484e+02 8.005163518885573239e+02 7.523648845071655842e+02 6.258887167572594024e+01 6.992701870182602875e+01 3.600463986047818139e+02 3.186947174895324792e+02 1.239443953814956103e+02 9.643794517487291387e+02 9.390252093725919167e+02 3.353705290217637298e+02
