output/example/lateral_incision_000127.asc
nrows	75
cellsize	13.33333333
xllcorner	0
ncols	75
yllcorner	0
NODATA_value	-9999
[rows 17 to 33 of 75, columns 37 to 73 of 75]
9.991321102713416735e+01 8.370755612451050638e+02 8.423524180323734356e+01 7.110693545266908586e+02 8.568726451827101300e+02 2.635942810676932595e+02 2.806626187438603779e+02 7.232986085543824402e+02 2.743406395196354310e+02 5.736726777383851505e+00 2.741485728314348194e+02 7.218957403712443011e+02 1.611081244668210729e+03 4.936374091966993660e+02 6.521935244838729204e+02 2.742673475720529837e+02 7.824183262759080160e-01 1.028214466015369908e+02 3.838240333467532395e+01 1.799704615098422611e+00 1.254090131522857973e+03 7.100376492163395596e+02 3.396268850339419387e+00 1.447218024618877052e+03 0.000000000000000000e+00 1.439292127041106141e+03 0.000000000000000000e+00 1.411135774024221973e+03 3.260193681822507727e+01 1.552807409206195643e+03 4.896628137713364026e+02 1.440575791719409381e+03 1.312157232913169310e+03 1.903104380795527817e+01 2.733058433203885897e+02 9.705975837253001259e+01 2.493362510242216956e+02
5.036257633509388256e+02 6.055489416403706855e+02 1.474351023736386651e+03 2.004231144807276266e+00 9.170215694148454588e+01 4.652033350986797018e+02 3.227676446841569202e+01 2.228626286320589998e+02 4.604962074251056414e+00 4.985830798915459923e+02 1.341108931808183343e+03 1.629299989325539173e+03 2.228194015963539982e+02 9.064359029696219068e+02 3.899371430610266742e+01 2.891959174151146073e+01 5.686950532190247714e+02 2.792337110071214283e+02 8.133055922817047190e+01 0.000000000000000000e+00 6.713633844799660189e-01 0.000000000000000000e+00 1.364819035611268646e+03 4.577631130773505141e+00 1.369855745652470887e+03 7.762751604086935231e+02 8.683219280288923301e+02 1.436991467128616584e+01 1.056264259553540114e+03 1.508500989819094400e+02 1.128454170140702445e+03 3.366992186546769403e+02 9.410570971398286702e+02 1.062293879699742547e+02 5.588591259261268078e+02 4.586537374467595214e+02 7.472072341026320146e+02
9.580778869948754561e+01 7.608379772112256489e+01 3.215985812852693471e+01 6.378826102365195538e+01 9.555124858800818188e+00 1.173352403293619318e+03 1.276853684318633331e+00 7.438700595985447990e+02 2.720526065077161704e+01 1.332862204398019834e+01 1.194274336282573188e+02 4.936374091966993660e+02 1.342324591360724298e+03 8.598121887465902446e+00 1.177282370283779528e+03 2.236185780331715733e+01 8.470512581535556365e+02 2.797151296254091549e-02 4.171397031959526203e+02 1.001726402272317728e+03 2.218542881222414849e+02 1.215902067211880251e+02 0.000000000000000000e+00 1.332265102896870530e+03 1.528559619207558451e-01 1.725732137225078759e+03 6.554640143645912076e+00 6.162939186675830570e+02 2.181968955157597975e+03 6.047587997500628489e+02 3.937668004672535971e-01 3.081114572093830475e+02 7.955077806151464870e+00 1.020734796423528878e-01 3.610458122808142889e+01 8.637884610217927275e+02 0.000000000000000000e+00
1.405162505169095994e+03 3.140895656493527781e+02 1.506480545986162269e+02 2.986270431866248032e+02 2.430651776144373333e+00 3.879211812464799891e+01 1.601928936498343035e+02 1.456667559175591009e+02 4.265412680566506687e+00 5.158561584702995333e+02 5.051524118498521716e+02 2.904464656975738990e+01 1.332628906930541461e+03 1.031508894640145172e+03 1.320575780663747594e+02 1.435362153921642630e+03 0.000000000000000000e+00 1.172621280769429841e+00 1.392959632948666240e+02 9.055347551507846902e+02 1.258145183454042353e+03 1.931034047146222861e+02 1.694694212171081347e+02 7.893735365110189361e-01 1.340348323394804311e+03 0.000000000000000000e+00 2.275330862532934759e+02 3.407145127771337343e+02 1.001382032449349708e+03 1.291736545030152001e+03 0.000000000000000000e+00 1.506171495826398257e+02 7.858293182731672655e-01 1.573710910428412717e+02 1.076238727331631480e+03 8.495464782496567295e+02 0.000000000000000000e+00
7.983557620093221203e+02 1.486302978773368068e+03 7.578328363531657033e+02 7.055758274309536091e+02 6.809311615641496473e+01 5.617608897271192063e+02 4.890445338215546940e+02 4.082629279052480911e+02 4.692344253846030711e+01 1.291768380793145932e+00 4.863005543872013732e+02 1.230423834684235999e+03 1.377741381066809367e+02 0.000000000000000000e+00 1.540374388742107158e+03 1.434553622586861310e-01 0.000000000000000000e+00 2.415997404707123621e+02 1.538954532444622373e+03 1.813482341851668309e+02 1.291390821820722067e+03 5.164906636244362659e+01 3.019594525808852268e+02 2.398107741838838081e+02 1.063701611770005002e+03 7.799561210488121787e+00 0.000000000000000000e+00 1.272707276408526695e+03 0.000000000000000000e+00 1.274181811435219025e+01 9.492672367063759964e+01 1.179077199049486353e+02 1.248596637174012756e+02 1.080428788267510754e+03 7.323319315371265930e+02 2.024370960605138947e+01 3.319770228475057365e+02
3.357146263644303907e+00 8.377634733901660979e+01 4.709383078341341289e+00 0.000000000000000000e+00 2.743136921613648482e+01 1.038713478380076594e+03 1.315923282851875626e+02 2.779257257838374926e+02 1.180056805984616858e+03 3.228441487522741795e+02 3.918450696114211382e+02 3.240394073696032819e+02 0.000000000000000000e+00 4.546286874998702956e+02 2.191844570727654627e+03 1.113714155291281486e+03 1.788355241195847611e+02 6.109974897493331270e+01 5.136629189242482880e+02 1.154578111538516850e+03 5.832767691237569885e+00 2.606960893129643253e+01 2.795182931322944455e+02 1.154659353930227326e+02 2.606770442323113612e-01 7.263077562138473695e+02 1.456488644689507510e+03 0.000000000000000000e+00 1.057297509492117115e+03 1.435514790809513954e+02 5.754634676238127300e-01 7.861930005030905555e+00 1.593869556919609067e+03 1.376105771868323018e+02 1.916177049627916062e+02 1.225246292661391152e+02 5.995460749868539096e+02
5.042801663718989147e+01 7.426527682139287663e+02 5.529205695597445356e+02 3.692696883239524936e+02 1.036759082622110739e+01 1.083704491831217183e+03 5.482859747705159634e+02 5.573626066114484301e-01 3.764775669983210893e+00 1.435687276853623757e+02 2.542974575099677992e+01 1.271722248191247218e+01 0.000000000000000000e+00 5.386026926453637316e+02 6.888217014577802502e+02 1.434493118401879201e+03 5.776715958039201269e+02 7.840317447158395225e+02 9.170507416659809508e+00 1.748232842371470952e+03 4.166633897670627675e+02 5.676046384678776349e+02 5.539671606668185859e+02 4.599166613161657580e+01 9.250930547738348650e+02 1.524194381068476105e+03 1.377000425861584745e+02 2.196118215205063784e+00 1.868955302661869666e+02 5.707126119239168816e+01 0.000000000000000000e+00 1.603723195619410035e+03 3.627775736636935733e+01 1.033353181486974790e+03 7.378468660888623276e+01 2.166405034405825916e+02 1.939977144847754857e+02
2.357413253553758636e+01 6.994987524262422873e+00 1.320938411863422743e+02 1.028734754910313086e+03 2.113970215109248485e-01 2.134272799251141066e+02 6.809979380929080435e+02 0.000000000000000000e+00 4.857775628304896713e+02 1.521606411367425608e+03 2.483318378314378947e+02 1.084520874307648455e+03 5.395425931080532109e+02 2.175769788260471103e+02 1.492734871901578799e+03 1.094316378273485952e+02 1.264289357233127248e+03 0.000000000000000000e+00 7.942135668277688865e+02 1.961223420889331548e+00 2.960358283011485128e+02 6.054085433356877957e+02 8.130698502603129327e+02 8.222441507543177819e-01 9.071661574335488467e+02 3.377760266127796172e+02 1.117798838239876247e+01 2.428024207042270746e+02 3.152444822855366056e+02 1.306777987872941438e+01 1.088361533029763156e-01 1.105019094584156164e+03 9.150897687316738711e+02 1.570344904264771060e+02 1.332296226948578521e+02 4.561392889780115922e+01 4.000716448952574069e+02
1.792720938367940278e+02 5.592325335774322070e+01 1.413614583044570105e+00 0.000000000000000000e+00 3.055375823603464482e+02 2.963378875530658547e+02 6.783709613863027243e+02 1.537266499217399485e+02 8.534846020003612921e+02 5.047114468276067782e+02 1.851404165530623303e+01 0.000000000000000000e+00 1.410449384398439199e-01 4.631799918409867018e+02 8.264840402323612167e+00 1.472983311626755494e+03 9.350218588117141962e+02 5.078693564809784533e+01 1.522851231367012588e+03 1.183666614343753736e+03 3.148050270995110360e-05 4.480826454595526798e+01 3.456207916018671167e+00 7.519617210862619459e+02 2.921907892557524633e+01 3.421310975912835488e+02 2.693057423017070278e+02 8.083451329367620701e+02 0.000000000000000000e+00 3.322076912321951347e+00 2.016175031069245449e+02 9.969281846629280963e-01 1.018506643355589063e+03 1.507277138654199007e+02 1.145885123860316980e+03 9.035144675268032870e+02 6.316083560657848466e+02
5.068118866713657411e+00 2.059092943385413719e+02 1.855833558027070396e+01 1.055754947533317363e+03 1.590570926399342682e+02 1.116484867632434998e+03 7.030154215211020983e+02 3.872807055838047745e+02 1.486942263938518352e+02 2.473187876699595051e+02 1.054206597805429283e+03 8.630581866037179850e+01 1.166415457358206595e+03 1.011401322993749091e+03 1.661525685385226438e+02 4.230877764717460821e+01 1.628199799517180395e+02 3.822516987193572646e+01 5.917398414996923748e+02 1.083904511588637432e+00 6.925097925035471462e+02 3.081554587122310729e-02 1.019142944279480503e+03 7.781480082617789549e+02 3.413249783110439921e+02 6.246375103617143623e+02 2.712664699610789754e+01 1.218299994857254376e+01 1.520598958405082080e+01 5.790619144000570486e+02 6.267854465058757540e+01 6.589129411805112113e+02 1.005156392785368780e+03 5.564163383111814909e+01 3.702415479911131402e-01 1.395050821687201051e+03 5.319774149483396378e-05
8.243167645608663179e+02 4.473240781754158624e-01 5.433337265488288326e-01 2.433191643922351375e+02 8.792236797202086791e+02 2.200438523157895077e+01 2.376697216915962088e+02 7.226350096880390765e+02 8.604167224549156856e+01 3.920364430200140191e+02 9.261157649938394343e+02 1.129473213087154818e+03 1.395284385899383608e+02 9.368048916632068313e+02 4.497508218490929153e+02 2.934338793921981220e-08 6.619002728873717842e+02 8.874110398126625796e+02 1.234630343116745053e+02 1.610091057594439974e+02 1.103318724282432413e+03 8.495521175065798847e-01 1.038823195730415364e+03 5.380031493032316803e+02 8.317027221339627374e+01 3.618200240367310272e+01 1.511152927260004901e+02 4.247485015778524371e+02 1.294046839795554149e+02 6.310236989126759966e+01 5.230853752906177760e+02 0.000000000000000000e+00 3.285144791389078733e+01 2.062892802883864078e+02 1.832323395206244987e+00 1.498460074898536504e+03 5.287975875571681854e+02
2.433814811067218784e+02 3.780395340556273709e+02 2.031868674019155492e+02 3.135227026635254219e+02 1.087885699980460918e+00 1.681174817358239807e+03 4.095140760400808517e+02 1.074960766517559705e+03 2.633529142658081810e+02 5.823354941044302677e+02 3.218907714890853526e+02 5.146389289118270653e+02 3.141247448288980308e+02 1.087231042165634776e+01 3.401689948804541359e+02 6.558680375237556746e+02 0.000000000000000000e+00 1.278373968247539461e+00 1.032840489481884788e+03 5.770565945551815048e+02 1.424461317175534305e+03 1.347796515869781997e+00 2.483866895959813448e+01 3.551571145302407473e+01 2.820499771076998741e+02 1.245999115090292889e+03 0.000000000000000000e+00 7.174192415873131949e+02 4.027392156317098966e+02 3.161161027611880669e+01 6.980941579512199269e+02 8.612328041414772315e+02 9.635836630213669878e+02 2.690335391070949527e+02 7.597051101920015981e+02 0.000000000000000000e+00 5.514227588646117795e+01
4.629721305237952222e+00 5.846399851100689382e+00 9.217497460635526441e-01 1.096204465567288025e+03 5.220178312427111678e+02 7.121870951949822448e+00 1.443640625071970817e+03 1.118252901888023189e+03 9.826915508278225388e+02 5.740180683414872647e+02 2.189862447697884207e+01 2.811921057677392000e+01 9.646385793406543598e+02 5.867690449383925397e+02 1.435916670831997237e+02 0.000000000000000000e+00 1.899585981382495561e+02 4.105183104671075967e+02 3.862963927894717653e+00 4.045834115003319198e+01 1.322019762022345276e+03 1.266409615721119231e+01 6.355794108557410027e+02 0.000000000000000000e+00 0.000000000000000000e+00 1.014446641490818593e+03 4.353613709126741504e+00 8.053179160010897704e+02 7.090076046625434856e+02 2.088679227500922480e+02 1.145613630522288702e+02 1.472976454505937616e+00 2.205822605093057689e+02 5.686854444985785904e+02 1.589309023987878390e+03 3.062832650382632664e+02 2.269654621388897908e+02
4.171403712535507111e+02 5.626614804692319183e+01 6.742957645805937545e+02 2.583471407689227703e+02 1.962598574332468615e+03 6.297281309455433984e+02 1.483671383264420385e+01 7.349630604344108420e-01 1.364730880357653859e+02 8.642468434662139432e-01 1.016627525383255374e+03 3.166578923078868790e+00 6.030186075572598838e+02 1.747720464848640631e+02 5.671577336041784747e+02 4.229454087911885374e+00 1.132207943272620241e+03 8.468782358518625415e+02 1.314827257925220010e+03 1.479310516850705199e+03 4.806288380433676366e+01 4.698095332819162806e+00 2.674506723917817226e+02 5.945274101614130586e+02 7.004340005766622426e+02 6.023344347520599662e+00 2.157060851875936862e+02 9.500756044608582442e+02 3.869535717822030652e+00 1.307291440990184128e+03 7.480665075248609810e+02 4.149800436655736462e+02 2.961117970208153451e+02 0.000000000000000000e+00 2.865963984462005669e+02 2.000025323130756192e+02 2.091219065594454207e+02
1.020904879388494635e+02 3.214246431747752553e+01 4.683675261915396248e+01 9.240507354331039096e+02 0.000000000000000000e+00 5.883863167770232394e+02 5.048634862797991900e+02 1.254990693666416519e+03 3.206348095266617459e+00 9.923070824833154120e+02 6.278955935743332475e+02 2.147754679775788844e+01 1.250355678064519452e+03 2.021383288303636618e+02 1.283269783479949183e+03 3.443268771871620402e+02 4.754386243742258600e+00 8.649119696255586405e+02 8.077150446794368008e+02 3.377334756645727794e+02 1.212525003658891819e+03 1.277480671777437919e+03 3.885791574316304775e+01 2.523143265922824696e+02 1.091254112499369967e+03 0.000000000000000000e+00 6.843422918634005327e+02 2.581548390430306927e+00 5.372331485339145729e+02 3.005650828150898519e+02 4.476772968995859401e+02 8.454973855728942453e+02 5.822249651860344244e+01 2.008973759597452258e+01 2.639718516347604691e+02 1.154883571263689873e+03 1.631590163414718830e+01
2.896113668197224342e+02 0.000000000000000000e+00 7.553912886244938818e+02 2.376603449946978515e+02 5.804964408756634953e+01 1.206095335414984447e+03 6.074275037246701459e+02 8.223348627752992570e+02 4.381713428047333547e-01 9.692136335524949118e+02 9.401665853761336393e+02 1.697365038611851062e+01 1.622175217562945363e+03 5.265515728820295749e+01 2.230066037865064743e+02 8.690755223739101893e+02 4.502123881518755866e+01 1.118284788991915635e+00 6.786594411572247054e+02 1.176235648110297689e+03 1.136254553867263439e+03 2.588028552303870811e+02 0.000000000000000000e+00 6.076314539410691395e+02 8.713742373697102721e+02 8.030701603230393175e+02 8.983413423715478530e+02 2.632422529338260020e+01 1.008147538968355661e+03 7.486714837907472884e+02 9.687664409706233073e+02 3.192565878775005785e+02 5.065994593358350926e+02 1.530403096034343946e+02 1.948694662574524372e+01 3.950919319624589434e+02 8.637731008872531646e+00
6.699941462281133226e+02 1.866085560424801315e+01 5.275857356816121069e+01 4.405197513594008285e+01 9.535775520770513367e+02 8.488831233177859303e+02 1.580375324386583680e+00 1.492370754333958303e+03 1.502188418107162761e+03 5.367429405090673100e+01 4.662538338740962018e+01 2.794648882461421522e+02 1.119357439045553065e+03 1.584221351593265403e+01 9.955109433912545001e+02 9.838740687753412431e+02 4.734472438846761406e+02 7.025319502645421608e+02 2.460610767885220582e+02 3.918400378174042231e+01 1.919195422097746757e+02 6.380721764556855646e+01 2.177590014020324372e+00 1.551011475988826760e+03 0.000000000000000000e+00 1.584069943356403883e+03 2.656387718558617621e+02 1.040837557006011060e+01 3.016434609619185281e+01 0.000000000000000000e+00 1.709622701646244991e+02 1.098466589197256553e+03 7.897341388746499433e+02 1.206146738881862888e+02 6.178025352012267035e+01 8.435400374238511176e+02 3.413031782561384375e+01
