output/example/lateral_incision_000424.asc
nrows	75
cellsize	13.33333333
xllcorner	0
ncols	75
yllcorner	0
NODATA_value	-9999
[rows 17 to 33 of 75, columns 0 to 36 of 75]
0.000000000000000000e+00 2.151813598004816015e+02 6.368625349618649807e+02 1.048301964600064139e+03 1.855813889584497645e+02 1.503052749698804746e+03 5.060097385434457919e+02 1.628517200093077690e+03 1.560780575712725977e+03 1.052444587583804037e+02 1.673547627012315616e+03 7.673316898561712378e+02 3.807282041125044429e+02 7.340157160191902221e+02 8.019972383419843709e+02 9.373660430243314912e-02 2.270116045868568122e+01 1.717410044472140962e+00 5.510186745033965883e-01 1.417938842394562649e+01 3.179623571212898625e+01 1.140794456884897272e+03 0.000000000000000000e+00 0.000000000000000000e+00 9.926441263102867651e+01 2.933063469790905486e+01 8.152203237609155622e+02 2.504753278206630114e+02 1.974392486964976001e+01 4.017781035950636124e+02 1.726413548104529738e+00 1.090319274146773751e+03 0.000000000000000000e+00 1.034785409926814282e+03 3.469635956827087853e+01 3.304733256913959849e+01 4.999611756338916848e+02
0.000000000000000000e+00 9.896752682605969298e+00 0.000000000000000000e+00 5.113047842362420283e+02 1.887755054729143183e+02 6.897753203089914678e+02 8.340063083878637151e-01 3.053067509344586927e+00 9.010549245561558784e-01 4.900582249633155252e-01 2.019360422628821539e+00 0.000000000000000000e+00 1.569056779956754788e+01 0.000000000000000000e+00 1.281791442611752352e+01 2.784519098624904814e+02 8.073595904522485398e+02 2.301000567075449226e+02 1.130825140073166722e+03 9.483602371965866951e+02 0.000000000000000000e+00 1.134642171874200585e+03 1.565917140680026250e+03 8.214290714847081745e+02 1.101470114181816825e+03 3.566686196142404128e+02 2.233283684543707626e-01 1.864748665391557703e+00 0.000000000000000000e+00 6.591598029762376427e+02 1.285926175901497270e-01 9.868071527681618704e+01 1.361807715074463232e+01 8.186046357918333172e+01 3.056854283471308165e+01 0.000000000000000000e+00 1.091793915940784473e+03
0.000000000000000000e+00 1.662727508151721622e+03 0.000000000000000000e+00 1.475547477982246170e+00 1.474178597307886640e-01 0.000000000000000000e+00 1.261237581244964531e+03 3.685075227795078945e+02 1.363467031069388213e+03 8.136889319803378839e+02 2.848582403003704258e+02 3.601230276984964007e+01 1.237178415161493149e+03 2.084505430250153779e+02 1.256613005225173083e+02 6.015020206581124285e+01 2.495183999639338523e+01 1.863993383254584444e+02 4.968549129307358498e+02 7.023772595504565288e+02 2.442275369033284846e+02 7.069434998968440631e+00 5.549735513696109592e+02 6.201777504434461008e+01 2.370603927011226464e+00 3.314648271002154729e+02 4.780204187299684691e+02 3.668650998280914877e+01 1.109423186646093171e+02 8.507967160662951756e+02 1.081343589263180576e+02 9.160851776155736843e+02 3.486935981182925275e+02 1.424736297863711627e+02 5.523291003626154634e+02 9.290180472948138686e+02 2.531559264817378789e+02
0.000000000000000000e+00 5.291108005100885414e+00 7.929760849192135765e+02 6.357135642789889971e+02 3.890467810206901618e+02 1.219985215522535782e+03 0.000000000000000000e+00 3.293021476648669932e+02 8.073909765490121858e-09 1.153721882879372515e+03 1.186315351993485052e+02 8.308201674312933847e+02 1.395328481557797886e+02 2.155110772698372035e-01 9.127546594081892408e+02 1.891587735681185904e+02 1.179526028083342680e+03 2.979360973428995862e+00 0.000000000000000000e+00 8.135234142623294247e+02 1.385165934196035550e+03 5.552358935809847935e+02 6.431870699574964156e+00 6.241931307157873476e+01 5.568248489495095299e+01 4.080738478886192411e+02 2.686892742069518931e+02 2.124035477018970255e+02 3.236536532334004619e+02 8.973029415396156310e+02 5.088163296260669881e+02 9.663585582757617658e+02 4.082062924587251587e+02 3.241877659322570793e+01 3.120395732496161827e+02 2.202051266320877403e+02 0.000000000000000000e+00
0.000000000000000000e+00 0.000000000000000000e+00 9.324558020728157715e+01 2.570777743479883526e+00 6.217095656498076295e+01 7.122523087459795761e+02 2.682286226311522981e+01 5.492835322638590156e+01 1.625630648274262180e-01 8.912531879967904160e+02 2.812932412948260463e+00 1.464404184746236126e+00 1.014643421212881321e+03 2.135296393934694947e+01 8.526068658463125303e+02 1.492980918382976597e+03 7.895003392985277912e+01 3.254690123167275146e+02 8.571409191921293313e+02 6.425739788325997779e+02 7.694534964508342227e+02 8.248113951860707402e+02 9.624005775186849405e+02 1.444029426393176774e+00 1.382449891307353937e+03 0.000000000000000000e+00 9.265781894280560209e+02 2.325331962868452820e+02 2.099741561888901629e+02 2.648683228671687218e+01 1.413610865071589842e+03 1.100569553865683616e+02 6.785584257188499890e+00 4.101186283045088885e+02 7.369408446034783822e+01 0.000000000000000000e+00 7.346826321883604578e+02
0.000000000000000000e+00 6.457041274887649251e+02 1.716552437002593251e+03 1.089623281533022919e+03 6.883464779964471063e+02 4.006113967275894971e+00 2.069478989123731405e-01 1.502226614614467337e+02 4.036458297809161877e+01 0.000000000000000000e+00 6.825155799838536268e+02 2.905406237222268260e+02 3.550797402846836981e-01 4.031698237136106400e+02 5.189555705161841388e+02 8.298153059342321285e+02 1.211951032913920301e+02 1.003581849201346131e+03 5.716821401391216639e+00 1.045617536029715922e+02 0.000000000000000000e+00 3.405749135858778232e+01 1.701253831085123011e+03 8.633575308618479767e+02 0.000000000000000000e+00 1.330046024652854157e+03 1.331937636441537734e+03 5.234650688482375926e+02 8.319407756741941284e+02 9.521490726080683942e+01 4.098532549193058117e+02 0.000000000000000000e+00 4.612961355307926965e+02 1.604624268572002022e+00 1.951467661031020100e+02 9.606763688777926973e+02 0.000000000000000000e+00
0.000000000000000000e+00 6.244479035610623896e+01 1.781443958963371799e+01 9.342632875704843798e+00 1.392179735619246550e+01 1.693002916942802187e+02 4.162584173103945773e+02 1.458158896665957904e+01 1.238732513584201911e+02 7.420610347985314093e+01 0.000000000000000000e+00 2.072512152750728944e+02 1.481681697886607918e-01 1.176416010492240503e+02 7.531865457976501830e+02 6.596765234691290516e+02 1.586086826471078552e+02 9.879125861329158624e+02 2.780316041664683553e+02 5.045938762412711185e+02 8.145747845611072080e+02 7.006956326011609235e+02 8.195522921081077357e+02 0.000000000000000000e+00 1.257245477597633226e+03 1.191105398020279177e-01 2.032413566422114570e+00 1.314818814186646811e+01 0.000000000000000000e+00 1.364157284934859490e+03 1.371108501435420067e+03 1.029468959460522683e+03 3.142065851869171524e+02 2.684646438177081151e+00 1.259424004712244596e+03 3.660050356180919806e+01 5.480264498041053685e+02
0.000000000000000000e+00 5.993458397313079331e+02 1.624427476006357892e+03 1.640213934374826977e+03 1.578409699628788076e+03 1.290819465660579681e+03 7.050175925199682752e+02 4.443230771252969475e+02 6.269861769093907355e-01 4.766228060638742076e-02 9.904359825126568921e+02 5.015165416396175146e+01 1.578703195145551907e+00 9.055843133756184216e+02 7.978932199132050300e+02 1.282065279901800977e+03 1.639330296573503176e+01 9.017786894086813163e+02 4.906247302504651202e+02 0.000000000000000000e+00 1.367566826480578129e+03 1.095422235534870651e+03 2.617812281285420184e+01 1.061200870968383924e+03 1.171556663705112214e+03 8.016329588563394282e+02 4.899102289480867967e+02 1.413682871576105349e+01 9.217939702715684689e+02 1.422126964601904575e+01 1.608142295242892601e+02 2.652763902126665485e+01 5.682227248867510044e-02 9.295674686554735899e+01 1.727452396424432095e+02 5.865259837440382285e+01 1.685292561584464863e+02
0.000000000000000000e+00 8.074992889658988133e+02 4.354677309933367990e-01 8.683364108629538123e+02 2.748412636809664491e+02 3.523034770251922509e+02 1.074795959980683620e+03 1.447206909272818542e+01 2.359336373390686958e+02 6.863919492920601897e+02 1.077735202890823302e+03 8.540581125450003128e+02 6.492563817915315667e+02 1.470805479760873027e+02 6.999233894888985787e+02 1.149993725196352656e+01 9.235626454329589023e+02 3.457729310517169665e+02 9.258058586367376996e-01 5.203346402235504229e+02 7.512126954869419251e+02 1.757185472867332123e+02 3.648377839368586137e+02 1.290749881348317558e+03 1.389636442734066009e+02 1.120084964166132977e+02 1.109123002141065172e+03 6.748663438473053020e+02 1.367065762004857188e+00 1.557254995522557920e+03 1.120872764639957040e+03 4.825228309550720383e+02 1.252146383984887734e+02 7.390785584504416192e+02 3.561685881309297770e+02 9.977463662568795826e+02 3.520176150840135421e+01
0.000000000000000000e+00 0.000000000000000000e+00 1.819440934942111028e+02 7.594326415615028054e+02 2.783694619574075091e+02 8.075763346775082709e+02 1.195142300770755783e+00 1.011463397017964922e+02 4.096474865574676301e+02 7.570310439169135319e-02 1.434812705808518842e+02 1.310691941059550118e+03 3.426462415165462971e+02 5.797321326449669954e+01 9.695825223033857299e+01 1.933824901339835378e+02 4.145959040862065237e+00 3.342273529869896898e+00 1.280186256306029236e+03 2.430521925924225002e+02 3.003565960712287541e+00 1.196080662935183000e+03 5.495904721433493023e+02 0.000000000000000000e+00 0.000000000000000000e+00 6.600842818680117716e+02 1.811594883822299380e+02 0.000000000000000000e+00 4.860930120719100955e+01 4.020576569992265945e+02 5.775678758381534408e+02 1.050280929106992147e+02 0.000000000000000000e+00 5.863523764972675281e+02 7.495383108359822018e+02 4.885322774218534505e+02 4.962183987379719383e+02
0.000000000000000000e+00 7.413719711802636994e+02 1.170922165561823249e+03 4.866356148393507510e+02 7.971989642084980687e+02 2.924536980846625625e+02 3.661075273279720221e+01 9.393875309571885737e+02 9.040456238569855714e+02 6.142610055962929891e+02 1.648573490957647437e+03 1.693461549716187449e+02 0.000000000000000000e+00 1.418631718725575013e+02 1.833152100723826550e+02 1.637755892918985126e+02 7.492382435648754502e-01 1.784097529378153979e+01 1.258633386125852439e+03 3.494566485620718055e+01 1.743470839649874051e+03 1.937506781120106552e+03 4.669798836261868473e+02 2.467843872028398522e+01 0.000000000000000000e+00 9.282878247797826532e+01 3.435904540522881945e+01 2.879173359879243321e+02 2.792457651273973056e+02 1.103812420932144249e+02 5.753165151819708001e+01 9.406576010465519175e+02 4.730302319236577091e+02 2.692728478551546800e+02 7.390240595482885055e+02 4.765499009164953748e+01 6.442787364763191817e+02
0.000000000000000000e+00 3.947766075836881896e+02 3.505557826312893610e+01 7.887380502529445225e-02 1.240575702582711074e+03 3.857674901828280554e+02 1.289411836457649997e+03 8.367754249593998566e+02 1.748163396493852588e+03 2.807926870104766159e+00 2.174627960625742276e+02 2.706976827379830866e+02 1.524094466167552582e+03 1.933276741427331729e+02 3.015464869169274920e+01 7.276036173400676716e+02 5.107730502112129329e+02 1.799702954462521518e+02 7.307519884066115310e+02 0.000000000000000000e+00 0.000000000000000000e+00 8.877565183392924553e+00 2.564453468170011519e+01 0.000000000000000000e+00 9.526008827086177178e+01 2.264051816162936959e+01 1.672160280780483959e+02 1.539023019925418367e+01 9.610265649813283062e+02 2.542807419956265562e+02 8.093066327672132729e+02 4.153493664452766154e+01 1.195657124997391918e+02 1.989297202365102919e+02 1.451663336449948645e+02 0.000000000000000000e+00 3.173239682033484996e+02
0.000000000000000000e+00 0.000000000000000000e+00 1.033235883375916501e+03 7.281829340137870759e+02 1.767003037753369199e+02 6.024661277475034638e+01 0.000000000000000000e+00 3.528709146120553442e+01 1.454698827957910225e+02 9.084295448243956344e+02 2.245740427375825163e+02 9.470096338246889456e-01 2.452510671251506551e+02 0.000000000000000000e+00 5.022271888866164886e+02 4.889112688964861491e+02 2.365242143699987309e+02 6.744447581918724381e+02 4.781946652939633395e+02 0.000000000000000000e+00 7.320315411184620871e+02 1.046204072621466821e+03 1.955392898975674143e+02 9.833306841455470249e+02 7.374093359837662831e+01 1.675965622368596257e+02 0.000000000000000000e+00 2.274425410407064874e+01 4.806420911059998957e+01 3.568649747521932909e+02 3.130304480048703226e+02 0.000000000000000000e+00 5.152931431467046650e+02 3.289601782560168317e+02 5.579018900908100704e+02 2.454395455811826707e+02 0.000000000000000000e+00
0.000000000000000000e+00 4.921992473950351723e+02 0.000000000000000000e+00 7.845563669936839233e+02 1.499697960574421359e+03 2.526169870372086734e+02 8.098415557414670047e+02 4.874001342534995160e+02 6.250992875280683165e+02 7.924086198968487906e+02 1.341090459234076661e+03 7.125324343168712176e+02 1.098760768975356541e+02 1.323247372030419228e+03 3.382915827482470945e+02 2.689089966095114619e+02 6.029286275212289992e-01 1.300099856799593852e+02 4.582307140724666397e+02 4.496263813528150877e+02 6.450629395549715355e+02 5.742396803368174574e+01 2.841958666909927729e+02 7.060843896484967672e+02 4.070209529322790445e+02 5.418181031508840988e+02 3.414497353542116684e+02 2.081232481864696737e+01 7.145037742940158978e+02 1.463506496487251596e+01 6.681337159248464559e+02 7.546936484275224757e+02 7.939055342104121848e+01 1.862776245150173793e+02 9.123221292439663443e+01 9.475636302366799555e+02 3.769886196126731193e+01
0.000000000000000000e+00 1.659690907468379237e+03 5.810158771041160009e+01 3.821772169929813145e+01 7.973679663800209028e+01 1.008517209608922229e+02 5.292617094986159145e+02 1.331753641164330020e+02 3.180148298493980974e+02 2.196838698246288004e+02 9.873974972854264252e+02 1.527192297463234354e+02 3.390516867238175109e+02 4.700192677060244932e+02 4.013986952567870503e+02 4.630150004863878621e+00 1.236343672914472691e+01 6.679679388000198514e+02 4.550234312343823717e+02 3.470284409416780704e+02 2.395313618536340527e+02 6.401745824905262907e+02 1.406358325038523560e+02 8.816116664786438832e+02 3.880893444383460746e+02 1.666404929129215589e+02 5.238978411021536203e+02 5.500847543109420030e+02 1.321619538432326863e+03 4.019338916852134957e+02 4.762363036167728296e+02 2.962699237805485950e+02 4.857223393266397125e+02 1.496896301206613089e+03 5.633004569860108335e-01 1.538610591370917824e+01 9.948857780519657581e+02
0.000000000000000000e+00 0.000000000000000000e+00 3.401006589585088591e+02 8.786493284159804773e+01 6.657077035389242781e+01 7.184490167885307983e+02 4.566183237590717567e+02 7.886167048184903328e-01 2.256563948946603304e+01 2.852499062213454977e+02 4.828478496731939629e+01 2.795919899001241333e+02 2.211229553294207761e+01 7.204610592405343823e+02 1.280480446838902253e+01 1.052364917043349124e+03 1.056604579505650288e-01 1.066943828404029773e+03 1.020099098958618470e+03 1.335548616265836053e+01 1.052185264376057745e+02 3.311841392991833573e+02 5.497484570444415652e+01 0.000000000000000000e+00 1.637600955357204953e+02 9.621151112392986988e+02 9.372346098317979113e+02 2.157234660306281455e+02 1.269748198964120078e+01 7.155129991512345669e+02 4.602337472903240041e+02 4.026131796660047257e+01 1.072089811025621771e+02 2.379832990935585002e+01 5.610092443334767722e+02 5.110685001620973367e+02 6.705783814180194895e+02
0.000000000000000000e+00 9.676351834565524541e+02 6.160593626613805185e+01 5.157598178525793742e+01 1.043173114273193960e+03 1.508980416934103630e+01 2.317635568475936054e+02 8.041535438079975506e+01 4.357074468515951793e+01 1.365089287327301236e+03 6.072234484344661496e+02 3.738105327638815645e+00 0.000000000000000000e+00 5.468381705407892923e+00 1.115106685385433138e+02 5.406937840481618878e+02 4.760832204464497153e+01 2.388738552832004132e+02 2.451954187115472621e+02 1.004346214453394964e+03 3.045189768141056685e+00 6.576153873467997073e+02 7.867932157581190040e+02 8.128812205731926497e+02 5.601487884905665959e-01 9.808349149044275919e+02 2.672600474515341489e+02 1.729056775770741865e+02 6.516951327775121854e+02 2.463654799705402354e+01 1.079591876920506763e+02 1.661986201076416819e+03 1.998921039892180431e+02 8.434099594089934726e+02 2.136141591200138805e+02 1.438019424165814598e+03 3.550266443435551196e+02
