output/example/lateral_incision_000071.asc
nrows	75
cellsize	13.33333333
xllcorner	0
ncols	75
yllcorner	0
NODATA_value	-9999
[rows 34 to 50 of 75, columns 37 to 73 of 75]
6.555988580068278893e+00 7.769404314342680209e+02 9.483459192566330387e+01 9.929839663027231609e+02 9.351241065235044516e+02 1.248552087938911228e+02 0.000000000000000000e+00 3.174682088544391263e+02 0.000000000000000000e+00 1.736895012376636487e+03 7.215209136900037379e+01 1.709050030600726586e+03 8.989832945455237905e+02 2.321755957222956801e-01 9.605588268649515840e+02 8.638064284819678278e+02 3.572205839496454587e+02 3.288662689385035947e+02 8.976381418519708763e-03 3.065376560105673054e+00 1.747875254688067441e-05 4.956299139578778181e+02 3.222987715834950961e+01 7.013624245064457909e+02 0.000000000000000000e+00 6.687203891790321677e+02 3.063190044881300089e+00 2.192714607172916441e+00 1.377930396487518863e+02 5.891780482142938524e+01 8.436684287481614319e+01 5.791914605343589528e+02 1.362857487773321736e+03 3.582437988807752163e+02 1.007937894303733401e+03 1.957879329802289305e+02 3.776811046331057469e+02
1.801852203003584521e+02 6.321898062349784198e+01 4.836116478919030897e+02 5.757183660960637717e+00 0.000000000000000000e+00 2.817387846183698343e+02 4.033743940331956424e+01 2.622269364414754023e+02 9.663491415229372024e+02 4.716872250422297839e+02 8.399175042410291780e+02 9.627417195154283291e+00 3.980372374878261788e+00 6.688475547123944125e+02 1.281056807292987969e+03 7.733543489955741279e+02 2.593018680866255750e+02 0.000000000000000000e+00 6.711548921948085500e+00 8.352618280264949817e+02 3.759993555569968180e+02 4.339004800411231599e+02 4.641466664900683603e-01 3.844218595367626108e+02 9.670623356528316208e+02 0.000000000000000000e+00 7.496915884422600485e+00 5.758983043656494374e+02 1.282231930863774096e+03 1.242319678292042909e+03 1.374260848932139879e+03 7.957632530473016108e-02 1.127756397459464637e+02 1.279645952040663985e+02 1.262072298739854972e+02 2.497249756099057834e+02 5.198263541908538627e+02
2.074389125390843276e+02 2.570323041256752106e+01 1.011304601215328034e+03 1.776922555465368418e+02 1.115173471137072028e+02 6.878943917844462703e+02 1.655904646864542656e+03 4.551381743945725020e+02 2.065941428832956319e+02 6.565899824273905097e+02 1.214707741503166517e+03 0.000000000000000000e+00 1.593868975546813999e+03 9.409005918495587366e+02 1.325215641874547373e+03 3.111560677299395596e-09 3.339236735731781209e+02 1.154080088820164292e+03 0.000000000000000000e+00 3.281952006261275301e+02 1.807743957191639765e+02 2.347180783445310226e+02 9.164013229946329275e+00 0.000000000000000000e+00 1.317191851773591225e+02 4.223359209126270457e+02 1.497047464279820815e+03 0.000000000000000000e+00 5.081190294762642168e+01 5.141077251400502064e+02 1.290131771745657943e+03 4.326931384558241689e+01 9.573093170130496219e+02 1.002204877923737172e+03 1.454522869574520882e+02 1.460435300832289158e+03 1.440614242751614960e+01
2.481569070152260181e+01 4.453354689448462267e+01 2.147506317548697297e+01 8.970857688703908934e+02 1.353469249709720316e+03 2.815537853494451515e+00 1.383975243861570164e+02 1.792587493270156074e+01 2.892639591952943690e+01 1.972716707481792753e+02 3.367156988320204647e+01 5.744239028068867103e-01 9.659910637072952611e+00 9.271682030595195556e+02 4.509445106590322260e-07 0.000000000000000000e+00 1.187597670359427411e+03 6.768224723223308956e+02 5.229468150467287160e+02 5.922493338302191432e+02 5.688803017867704170e+01 2.620828756520348968e+00 6.442232700461879569e-01 2.210284616157606763e+01 1.633252101553925968e+02 9.125052815742769496e+00 5.134101412698117173e+01 3.300881248632804841e+02 2.144458526238046669e-01 3.659459319678398401e+02 6.028574649512297583e+02 2.199405620790271687e+00 2.332391380498269768e+02 2.544816438921142208e+02 1.376303995384168104e+02 4.450433086138455963e+01 1.303770512919635109e+02
1.409207555621765550e+03 2.300740882796167597e+01 4.257487163022113386e-01 7.633331115969251641e+02 7.316680114263878068e+02 6.063863489946209029e+02 2.606420276241997236e+00 4.171717168703435732e+02 8.139376719279590633e-06 7.267093877738199126e+02 8.626584650687295834e+02 2.798450695629157714e+00 1.053047269690031953e+03 7.135444961455969957e-06 7.973143738968254013e+01 1.476832644691909877e+02 2.032410665063681790e+03 2.505518035696381226e-06 7.010552830788877827e+02 2.045842967533774299e+02 2.098810399383732204e+02 5.516224928008338679e+01 8.257218547097726002e+01 6.250678767465311694e+02 3.200509202652038994e+02 3.330383828868630758e+02 2.121602306691097439e+01 8.151806521432519048e+00 7.484073876675179804e+01 1.604586945260027733e+02 1.867967497161554036e+02 1.596639544835981610e+02 3.321133929030548870e+02 1.839022179289259782e+02 8.507220649355890174e+00 3.724049332899459053e+00 3.743092760352283221e+01
1.174621186499836938e+02 4.554357980174636999e+00 6.709524835037855439e+01 3.529301336219394898e+02 3.823226176383026882e+02 3.696388166118350114e+02 1.333422952539662365e-01 0.000000000000000000e+00 1.443524010852603965e+02 4.109037888294793817e+01 2.190520124845103833e+00 1.320603865532751797e+03 6.402566326483641888e+02 1.252902741244157141e+03 7.763146417438114177e+00 1.175180757834622909e+03 1.585389389502212907e+03 2.346324669705370880e+01 0.000000000000000000e+00 1.279817944405631351e+03 4.531175104336755339e+02 2.720418746552473976e+01 2.739098888587385616e+01 1.150785355355279762e+02 1.803867030520584080e+01 3.191439963651475864e+02 9.955650958475790446e+01 6.666353157626831588e-03 1.860910502694215207e-01 2.539949213721087062e+00 2.664804770450277260e+02 2.083697806693564871e+02 3.878804863299221408e-05 2.726699753448984325e+02 4.320818047645799709e+01 1.375205051734332073e+03 6.216737066396399314e+01
1.646995303622803249e+03 9.139559787922991063e+01 2.400493872543559348e+01 6.189582471556398104e+02 4.641194247784508775e+02 1.369663244988538509e+03 5.561297989593403202e+01 1.368786417265068849e+03 8.950861128372929443e+01 8.259931048678152976e+00 9.692372369352763428e+01 5.337778499204572427e+02 7.468608148490656617e+01 4.664014827971199679e+02 9.296031211148130069e+02 8.483365073372434395e+00 1.390712551219459954e+02 1.413663917398402191e+03 0.000000000000000000e+00 6.913226983161745665e+00 9.275804021179961723e+00 4.781076073372460655e+01 0.000000000000000000e+00 2.421869609590994514e+02 1.034457837380481804e+00 1.000102369997297615e+03 7.540700151835787324e+01 1.239894648669569339e-02 1.422484589152745684e+02 7.233410935463235774e+02 2.435956431397574562e+00 5.306583416829282669e+02 2.642139494942329065e+02 2.710524553710922874e-05 3.730922899893436124e+02 5.732798327847514308e+00 2.525727027832722182e+00
1.424208033088959382e+03 0.000000000000000000e+00 1.267295870396119106e+01 3.292772217384053457e-01 2.934430764493058632e+02 0.000000000000000000e+00 1.286046225889852849e+03 2.350835947840280160e-01 0.000000000000000000e+00 1.496970777546423278e+03 0.000000000000000000e+00 1.755367126339746449e+02 1.054888738665815481e+03 3.939254435356506292e+02 2.224093445368442019e+02 1.237216914054433659e+02 6.983828507082264423e+02 1.061960277306358876e+03 1.328583562659704285e+03 1.297563371822784120e+03 5.489642674400827218e+02 1.117803096765362625e+03 3.550512383692878871e+01 8.933678868157857167e+00 9.522721729953730119e+00 6.092176846442468596e-01 4.721424200230762267e+02 5.180314728358021057e+02 6.841899921286222934e+02 1.358491488546830617e+01 3.509972056630934958e+02 5.292455697727973759e-05 7.326088247326333658e+02 3.838469090004867894e+02 9.713877446348617468e+02 1.411016638059876982e+02 2.458740333189875926e+01
2.012101695529624756e-01 1.630935311961265825e+03 1.806966624369149258e+03 5.170844484465658297e+02 4.511730768020601090e+02 1.247293029055297211e+03 5.355772705995073268e-01 1.271819824999419325e+03 0.000000000000000000e+00 6.309336184043620506e+02 1.447479264442340764e+03 7.132580775702697384e-02 3.924288921721656997e+00 2.979086455932704212e+02 2.338300475135053773e+02 4.574224796874034951e+02 1.297744374710288184e+02 6.685961992813000734e+02 5.744026394410390139e+02 1.253796605071465819e+03 0.000000000000000000e+00 5.570196733133391476e+00 4.348625181067366725e+02 4.321345292673369727e+02 9.858614402480203598e-01 8.750374960051358357e+02 8.749726274709785230e+02 5.581454788345012474e+01 1.849797349802190638e+02 5.909500424769480560e+02 1.209354630029234386e+03 1.577284953467728599e+02 1.092918600405898566e+01 1.015749289956045118e+03 8.510993734860895776e-02 1.482628313486317438e+03 7.511939479438884746e+02
8.036381646661612876e+02 0.000000000000000000e+00 8.883376504131114189e+02 8.311300138217512767e+02 1.537503404248019024e+03 1.140988840969047735e-01 1.240816733469381916e+03 1.759306386732110013e+03 6.267204491627909420e+02 2.846083551352620145e+00 6.010846103349736325e+01 2.831653757373028952e+02 6.826245674405054160e+02 5.908512778790895759e+00 1.075498604021121807e+01 2.369288400901922671e+02 2.896879906982422881e+02 9.440625688382872340e+02 1.013114884713018455e+03 7.627569906018205756e+02 1.611578324794436128e+02 0.000000000000000000e+00 6.253255646746420098e+02 4.714982495271079731e-03 1.427800424945644409e+03 1.611568984808249752e+03 9.340544154254759235e+01 7.807452632360913185e+02 1.000157988279886922e+03 2.179106929740599696e+02 3.388824993250104667e-01 3.465755346749344312e+01 3.446284516991104940e+00 7.185933666459652613e+01 4.008275943522261286e+01 8.600878709605747190e+02 9.433895823062256341e+02
7.815389573508778085e+02 8.990620841880584067e+02 0.000000000000000000e+00 6.761738796939025633e+02 1.654847856956864094e+00 3.798516106642545651e+02 5.334444886315975509e+02 2.922479036200676106e+01 0.000000000000000000e+00 1.339480169171046100e+03 7.068166238943654207e+02 4.832238203288374478e+01 7.415165601033437497e+02 1.269355860776139934e+03 5.056088028591864827e+02 6.494888850167382377e-02 2.136515364987610326e+02 9.208957833775109521e+02 0.000000000000000000e+00 0.000000000000000000e+00 1.268826488512638662e+03 0.000000000000000000e+00 8.958675477238351448e+00 1.900685161423244267e+02 1.290193659064378153e+03 6.433990775111877447e+00 5.460040842592709396e+02 2.523872178914973290e+02 0.000000000000000000e+00 1.790565662484614151e+01 3.665225108911930363e+01 1.595976196568058558e-01 0.000000000000000000e+00 7.777620640522725637e+01 1.373236737984494304e+01 9.310837614647921612e+01 7.998035745619212094e+02
7.218473893710876155e+02 1.592835345989814869e+03 2.691378901026351969e+02 4.109059595882036398e+00 3.574228869423070023e+02 0.000000000000000000e+00 8.696918285209211490e+02 5.503003672541227909e-01 5.225354252419457793e-05 7.169888513928815144e+01 1.303309967482326556e+03 2.998913176730940933e+01 9.035893618098969000e+02 5.389646450045191841e+02 3.727727146235430951e+02 1.474682090839084822e+03 1.409022640971422380e+00 5.539427385629931422e+01 3.002826822393262205e+02 1.542235047697936807e+03 1.986728083337601674e+03 2.699451362860413539e+01 1.467121451056092596e+00 6.923011547415015912e+02 3.236929779349264180e+01 1.728149876706395162e+03 1.565916813458669822e+03 5.377504106329462275e+02 1.493120486705425076e+00 4.226451198322649816e+01 6.187449095906945473e+00 3.511248978257287945e+02 9.446917741202774721e+01 8.169742307571988249e+02 1.703899529406274667e+02 4.028541760808167282e+02 0.000000000000000000e+00
4.431965481572173644e+02 3.716795094136625899e+00 2.347233507295806820e+00 6.697558313486731549e+02 1.015835169618766372e+03 5.655272562592624581e+02 1.262668375759194328e+00 1.523248397625483790e+02 0.000000000000000000e+00 9.225174663836185118e+01 7.291076995889987700e+00 8.707417443723318229e+01 4.805012615546259553e+02 8.767091826215895480e+02 0.000000000000000000e+00 1.039450996323032996e+03 3.815492008889375484e+02 5.344009312988234228e+00 4.028939558920027197e-01 1.260907997615247078e-01 7.647760371404632451e+02 2.768055852810014628e+01 1.071707776195046790e+03 6.690477134497401721e+02 4.320836013776241380e-01 2.262030913701034152e+01 6.297746316089527596e+01 1.561636690517456927e+01 5.409442690609995275e+00 1.579345234826058118e+02 2.134908612118414339e+02 4.407496828896335614e+02 7.393236551605771467e+01 2.758950163485292872e+00 5.119017146641633786e+01 1.290667694762691553e+03 0.000000000000000000e+00
1.872764516945210289e+01 1.501830716362944258e+03 0.000000000000000000e+00 3.675400347533647505e+02 2.178183754326944950e+02 1.089159811562140931e+03 2.120062051682881474e+02 5.170630875286749415e+02 6.189572777060211592e+02 1.943928368204183466e+00 2.273850862361578251e+01 5.441389118292660214e+02 9.035420342996823706e+01 7.522229210393294174e-01 1.320103216398284758e+03 1.109443154633680933e+03 0.000000000000000000e+00 1.634164740546715848e+03 1.983003673396813610e+03 6.397050016337248053e+02 1.789690960703312239e+00 8.383704449915551322e+02 1.180234196309503204e+03 2.283763448842150012e+01 1.119382289960862636e+03 5.853791421894994755e+02 3.497089721799066808e+01 3.977416847751713558e+00 1.412026060921977688e+00 3.577308404043493510e+02 9.596377521283917531e+02 2.811007043652388688e+02 5.198183442580938163e+01 1.644416306588960197e+03 8.401026900493104677e+02 1.140429297563904584e+03 9.672542875353994418e+01
1.205266021036964048e+03 1.568200098450735709e+02 1.001490883870907965e+03 0.000000000000000000e+00 5.570770936985243225e+02 1.147950832553776991e+03 1.129404457618457798e+02 9.192812391256393312e+02 4.785975898823999763e+00 1.385030944934593435e+02 0.000000000000000000e+00 5.717722007935610691e+02 3.634509477728185833e-02 1.349099720902341346e+02 9.844496925014830140e+02 1.077846344886811778e+02 1.371272807906306070e+03 1.334599183856446643e+03 1.486262085597712113e-01 5.136213217129527493e+02 1.583458020841887581e+00 1.110406158453324679e+03 1.506470728466565712e+00 9.112441887913059873e+02 8.348866644627834148e+02 1.241106461754708477e+02 2.616530891706864023e-06 4.580506334926798218e+01 2.359827168654782170e+01 1.058515137945466336e+02 4.465678762956443393e+02 6.968081844745090621e+02 1.772947894655659411e+02 1.344293918636693888e+03 5.866835057590650422e+02 9.382725896566449819e+01 7.074025002938918227e+00
5.632191744896256402e+00 0.000000000000000000e+00 5.560983466202026193e+02 0.000000000000000000e+00 2.378838722444336327e+02 4.893280705609155916e+02 1.988672871212499444e+02 1.318086021939574039e+03 6.816254888319085694e+02 2.189428417314257316e-02 5.661964360870643276e+01 3.163404080358570809e+02 4.942340723605547623e+02 1.112123425156850544e+03 2.906790907972661842e+01 8.788230474224543798e+01 1.199458008373035454e+03 6.945615440869610211e+02 3.440643359675570889e-01 5.673334521408675073e+02 1.283200631055784591e+01 6.183212715517537106e+01 7.085353166292172773e+02 1.134051832788172078e+03 5.636906294878037471e+01 1.738997299399598351e+00 1.289301715331014066e+03 6.031958048959519259e-01 6.340001976314592866e+02 3.306832654073600679e+02 1.664379751164321988e+02 9.483230002061292296e+00 8.259215352912839592e+01 0.000000000000000000e+00 3.714204438745163657e+02 1.472340618606264343e+03 5.163736048631698168e+02
4.514991880245901257e+01 1.734405366482932607e+02 8.597172645947135834e+02 2.052248703461154662e+02 1.137293401415523846e+02 1.255727324863878636e+02 6.898040577386208838e+01 4.279314353085831044e+02 4.367126749185133008e+02 5.266529998862367099e-08 4.498659255319424233e+00 5.424606656402957015e+02 2.885593757102816994e+02 6.026378976661937337e+00 1.388886449494336830e+03 1.349099720902341346e+02 5.986851694395927552e+02 1.434310140393191269e+00 5.562458906258085228e-02 6.341266854712939676e+02 0.000000000000000000e+00 2.215123754621901355e+02 1.144246050432517876e+02 9.928724353992306533e+02 2.970464837947413912e+02 2.759314479001576892e+00 5.011493057417095542e+01 1.190047952318636533e+02 6.706976058688783269e+02 1.549954400163999480e+03 8.177223691887126611e-01 5.722500739393959748e+02 4.384073569228124256e+02 3.711235501318141132e+02 1.016321029783846370e+02 2.486844430513567090e+02 6.983186398814694940e+02
