output/example/lateral_incision_000427.asc
nrows	75
cellsize	13.33333333
xllcorner	0
ncols	75
yllcorner	0
NODATA_value	-9999
[rows 34 to 50 of 75, columns 0 to 36 of 75]
0.000000000000000000e+00 1.213654920122897352e+02 6.518279089776181081e+02 9.125277227429858584e+00 2.210656707893340638e+02 4.713274678656811147e+02 9.967179013532869476e+02 3.229522426355680977e+02 1.235933616927346520e+03 4.162305990703654288e+02 5.819645324227958554e+02 6.131719718406228594e+02 3.036380100383098579e+02 6.286744381521231873e+01 6.503373213844262182e+02 3.508869378583104890e+02 3.448743447936631696e+02 7.642816265168028167e+01 9.268671007630583745e+02 1.009769384022622951e+00 6.139405521171489681e+02 1.216752607857258681e+03 1.219928889955150225e+03 1.865233966456169696e+02 9.816128812196031106e+01 3.515351954689593583e+01 4.324818760249725642e+02 2.735115800715070478e+01 0.000000000000000000e+00 1.281089553652638870e+03 2.789096774836898476e+02 1.081580985890467900e+03 6.282801278907107490e-01 7.870321421864919103e+02 5.177711030045207963e+02 1.576711638143709990e+02 1.175956008142152086e+03
0.000000000000000000e+00 6.099280715724620450e+02 1.809850882694800589e+01 1.330780403426119165e+03 0.000000000000000000e+00 1.003421805703449195e+03 3.154790401099163546e+02 4.597482257697888599e+02 2.525301809357593186e+01 2.066785133408822617e+02 5.566471414277056056e+02 1.392237718989793620e+03 4.889437952299502399e-01 1.365096299108338826e+03 1.213671165542723202e+03 4.116175517826804935e+02 4.575534978930461421e+02 4.368787782396378816e+02 3.783647801764765859e+02 0.000000000000000000e+00 1.189078993751720418e+03 4.253934288427187482e+01 1.055418236073413709e+03 1.442690609191864041e+03 3.364679309446703570e+01 7.918039456307864157e+02 5.050772584880961062e+02 1.283810788183864361e+03 4.664282348714994555e+02 8.909534932283511921e+01 1.622826416974128506e+03 1.204751532379177945e+02 2.584050775596838889e+02 4.407538963717313436e+02 1.797643081129094185e+02 4.947147797257453590e+02 7.083051799790693792e+01
0.000000000000000000e+00 0.000000000000000000e+00 4.465280940523160211e+02 1.582230634282141750e+02 0.000000000000000000e+00 1.101632469864946700e+02 9.198257335953320535e+02 3.335350023270710835e+02 1.382313518686405814e+03 1.185921725016735166e+02 4.915470498921867488e+02 1.619148578427287248e+03 0.000000000000000000e+00 3.464739959961846694e+02 1.023912080627202954e+02 0.000000000000000000e+00 1.078221845684236087e+03 0.000000000000000000e+00 8.120942934891049845e+02 2.013356747555858988e+02 3.112139148390204824e+01 5.533720395818046427e+02 1.536124759438327601e+03 1.005696740606339631e+03 9.036363489453921716e+01 9.661411243336011367e-02 1.104600858118963913e+02 8.054339445864638947e+02 0.000000000000000000e+00 9.558146762023692133e+01 4.055600738747192509e+02 0.000000000000000000e+00 1.216826431171890590e+03 1.618180404744049952e+02 3.257555020037739002e+00 4.284918403712170516e+02 5.239920577080715702e+01
0.000000000000000000e+00 2.382167730404391648e+02 7.756814253666809691e+02 7.220077584939471080e+02 2.610080908708173411e+02 8.922385698813457111e+02 4.783638334344360032e+02 5.481874961628343499e+02 1.737594597762179660e+01 3.051064182719813402e+02 3.964861922499520830e+01 3.250185138350387604e+01 8.912566951131583437e+02 3.033150029017760403e+02 9.613002230189260899e+02 4.270156672299253131e+01 1.278404016349575159e+02 8.884930129635149569e+02 6.411654474154513537e+02 8.441663728028704128e+00 6.676187821965702369e+02 3.414750717289850801e+00 2.818016625498198735e+01 4.609818932043074113e+01 1.411684833929956767e+03 3.002904982770625679e+02 5.381092638704411124e-01 4.608331177748415541e+01 0.000000000000000000e+00 5.536713105545336475e+02 8.713846943274615731e-01 3.539566738082039024e+02 4.211728068936333358e+01 0.000000000000000000e+00 2.779491692149851811e+00 5.185000803966261884e+01 1.594282252257033008e+02
0.000000000000000000e+00 0.000000000000000000e+00 0.000000000000000000e+00 4.697256960646195978e+01 1.011656330861645642e+03 1.921008092045662086e-01 7.274802526594850542e-03 8.929985694653419515e+00 1.297339693737108846e+01 1.582236475990108993e+01 0.000000000000000000e+00 5.528411961255349283e+00 8.870907186592847893e+02 1.215957622010119849e+03 2.954123780078826655e+01 6.070546179148549299e+02 8.916380387805949113e+02 4.822516281797621787e+02 0.000000000000000000e+00 0.000000000000000000e+00 1.542154335799463524e+03 9.128480341188228522e+02 1.174584017109932432e+00 1.667485230049864640e+03 5.380519492347192454e+02 1.329598658100932340e+01 4.362556295784409599e+02 1.688946954435038151e+03 0.000000000000000000e+00 8.515412989350841144e+02 1.120730997731334924e+02 5.593040173460609594e+02 5.217714855241844134e+02 3.010935576035489589e+02 1.011834154847546046e+02 1.187548470473430370e+03 9.555785315183484272e+02
0.000000000000000000e+00 5.225540560799588548e+02 1.722482051062434266e+03 3.165443577392140355e+02 5.040125193712314058e+02 4.337118862804607602e+02 8.954684056020294065e+02 1.075855373180144397e+03 2.677795436723971737e-06 1.019914539023517897e+01 7.267816979129203219e+02 8.576842135221518220e+02 1.120822019279211013e+01 1.001491082668941431e+03 9.838354321983304374e+01 0.000000000000000000e+00 2.445609304621866187e+01 9.187658060386762315e+01 5.931041656109096039e+02 1.732265139353207246e+02 7.227017857132894960e+02 6.586090083201072503e+02 5.997886534388384234e+02 0.000000000000000000e+00 1.182889430159181927e+02 1.531489918665433379e+03 8.077506457487318130e+02 8.010727023898082280e+02 5.628012226623822016e+02 4.886231612844159145e+01 1.676580981640996670e+00 4.140069225029823201e+02 3.658025518824356936e+02 2.006989326877324515e+02 6.453010341418605833e+01 1.628855480881979929e+02 5.734720721342737448e+01
0.000000000000000000e+00 0.000000000000000000e+00 8.937468030785329347e+02 4.610646316106789300e+01 2.369622891387230723e+01 1.857571343556358201e+01 2.005894158405383682e-03 2.225169094763193911e+01 3.282662072709977963e+01 2.783769600763218666e+00 1.042703489146544538e+00 9.552133147272182896e+02 2.126859469038334964e+02 2.644110308062999479e+02 1.486962237993203189e+03 1.566399947587972576e+02 2.758627570676737264e+02 5.673606669200981401e+01 6.931781227570012049e+01 1.494767651698249156e-02 2.334928396674753870e+01 5.680691484158122648e+02 1.869893450727645813e+03 1.225342962057565728e+03 8.847895134585228050e+01 1.164864434298528977e+03 9.592965390614299395e+02 5.908072747207482962e+02 1.829143795216478807e+01 8.529721130415329355e+01 1.442288716275679917e+03 3.392753963195895039e+02 7.693037540180356473e+02 2.738408630982688692e+02 3.327228880239389497e+01 2.107218021755154069e+01 4.265332384046726588e+02
0.000000000000000000e+00 1.108459122368873977e+03 0.000000000000000000e+00 1.193221021457614370e+03 2.896465191709352212e+02 2.426644634482944429e+00 5.750087752057687567e+02 9.551794127290520464e+00 1.609161676009298617e+03 6.077964944326672594e+02 3.438096104385741683e+02 1.604321343679435358e+03 1.459696800373784754e+03 1.823653330363759295e+01 1.131555421154426540e+03 2.835141195830264564e+02 2.655669870951260236e+02 6.630317512750916649e+02 9.373144887315849871e+01 1.387406770003641213e+03 1.066034897407623021e+03 1.713623485647252664e+02 7.305105438034997860e+02 5.697996879504664269e-01 1.198308092205215189e+03 1.526780390835455592e+03 4.794626983436762657e+02 2.559864721560444707e+02 4.748691228165610734e-02 5.704376843268956918e+02 9.380389181243782559e+02 2.409451309361548113e+02 0.000000000000000000e+00 4.261820752648287112e+02 7.083492370793346709e+02 1.449795464554755711e+02 1.219254727814000461e+01
0.000000000000000000e+00 8.692718794979822405e+02 5.752052196764982455e+02 1.817980145914101797e+02 9.251681264501714850e+02 4.637172011045286126e+02 1.591455056996979238e+03 1.270875398155993652e-01 6.842798187810507216e+02 6.667551808252018191e+02 8.758481280775562539e+00 0.000000000000000000e+00 3.683289224460133369e+02 1.927065765022422852e+02 9.685135147906183875e+02 0.000000000000000000e+00 7.841797073925664385e+00 1.307637618879716301e+00 2.912027707533018983e+01 1.229601392695076356e+03 4.178093192225473445e+02 1.745056921178634639e+03 8.559458989379500893e-02 3.987136923179870678e+02 2.138172223000585461e+02 2.276994680313847441e-01 8.444753650700933534e-01 0.000000000000000000e+00 1.496907317658839176e+01 4.554570497675868523e+02 8.328308237138404593e+02 9.040151546661626014e+01 1.397749110121636932e+03 2.668992901358043923e+02 1.001982470651591370e+03 1.466390391157010981e+03 0.000000000000000000e+00
0.000000000000000000e+00 6.428067741357326668e+02 1.191000409106991675e+00 2.287713392766727054e+02 2.355430832982761160e+02 7.374486256460349942e+00 1.123950724590070195e+03 1.576518802088090297e+03 2.535423706832515478e+01 1.038895119645831528e+03 2.592750291901110060e+01 1.614524103210319197e+02 1.773427491181052574e+03 5.661272703797734351e+01 1.139230027305442945e+03 1.322784089422240640e+03 0.000000000000000000e+00 1.518278197490793673e+03 1.042446397716138335e+02 9.382576376356635137e+02 4.982936761611971406e+02 2.631271065887012810e+02 1.675173746370183636e+01 1.348302355240518409e+03 4.693262840532348434e+01 1.158916420611535614e+03 5.700505535076790693e+02 6.245897953624602223e+02 2.225541088460974493e+01 4.226702986384304950e+02 5.749185343809351707e+02 0.000000000000000000e+00 1.281769112510572768e+03 2.324171041925914096e+02 7.108387898074570330e+02 1.052088584593265750e+03 2.404166390765568622e+02
0.000000000000000000e+00 5.695168575503233797e+02 5.039977385050393082e+02 5.350273458375903601e+02 3.964479903925875910e-03 1.369567847895735667e+03 1.107036667838522845e+02 6.301097409823723865e+02 4.642298955134842526e-05 5.651248273084416240e+01 3.522327500349070988e+02 2.183250156494199838e-03 9.082740960919683175e+02 3.786838199798509387e-05 1.010684027098375424e+02 1.813577069525016938e+01 2.107474482285942372e+02 4.418182684165620344e+02 3.638812846418334743e+02 2.043562633568951270e+01 7.825682440201009058e+02 1.921350690312428000e+00 1.781737942633374587e+03 1.227977783407644438e+03 1.705623343453543441e+02 5.435486551825385959e+02 1.340078034201945911e+03 4.574772364814403431e+02 4.397719823107485126e+01 4.871746669467337938e+02 3.184478499198409907e+01 6.547865058361043111e+02 4.187902232514492766e+02 1.294974976116149605e+02 2.013967131589943165e+02 1.330103873452784683e+03 0.000000000000000000e+00
0.000000000000000000e+00 4.030317501567989069e+00 0.000000000000000000e+00 0.000000000000000000e+00 0.000000000000000000e+00 0.000000000000000000e+00 0.000000000000000000e+00 0.000000000000000000e+00 0.000000000000000000e+00 0.000000000000000000e+00 0.000000000000000000e+00 0.000000000000000000e+00 0.000000000000000000e+00 0.000000000000000000e+00 0.000000000000000000e+00 0.000000000000000000e+00 0.000000000000000000e+00 0.000000000000000000e+00 1.754318283284960387e+02 1.337471007642600398e+03 1.149009111475812233e+03 0.000000000000000000e+00 9.956868097293397568e+02 8.638406890302269403e+02 0.000000000000000000e+00 2.353137369681304563e+02 5.298259053541598860e+02 1.116671211117321177e-01 7.087533551544281885e+00 3.778952772420211659e+02 1.070078120357659301e+01 0.000000000000000000e+00 7.011910554566456995e+02 2.685985819520907425e-01 5.186901328377687150e+02 9.220370370470049011e+02 2.236923151492719342e+02
0.000000000000000000e+00 1.486640781144952541e+02 0.000000000000000000e+00 0.000000000000000000e+00 0.000000000000000000e+00 0.000000000000000000e+00 0.000000000000000000e+00 0.000000000000000000e+00 0.000000000000000000e+00 0.000000000000000000e+00 0.000000000000000000e+00 0.000000000000000000e+00 0.000000000000000000e+00 0.000000000000000000e+00 0.000000000000000000e+00 0.000000000000000000e+00 0.000000000000000000e+00 0.000000000000000000e+00 1.489621418018363329e+03 0.000000000000000000e+00 9.652422382756902230e-01 3.969081734875287371e+00 2.686650408073874008e-01 0.000000000000000000e+00 1.709044242958655104e+02 5.043079136616266851e+02 5.531228766830249697e+02 4.304693863837959498e+02 2.701823877830992728e+02 1.454558874871216875e-05 3.054606513734212854e+02 1.790975083040152356e+02 1.568073888332477736e+03 3.057850354763778000e+01 2.626067104933092082e+02 7.923183648622729436e+01 3.775836912182763854e+02
0.000000000000000000e+00 3.806330171044436952e+02 3.435119417189570754e+02 3.712236921775471758e-03 5.809772226043900218e+02 7.702849987991888282e-03 4.622682059958970058e+02 9.647118204447268681e+02 1.469920333967887245e+03 2.512263963366716979e+01 1.234926568256326391e+03 1.410078350512842915e+00 9.964135569806153399e+02 3.879662376643501034e+02 7.911623232479388435e+02 6.715696653685511137e+02 1.150712351924466930e+03 1.570485859080490854e+03 1.719844335290589443e+00 0.000000000000000000e+00 3.702611988973015400e+02 5.542864733070651937e+02 2.792076041281748644e+02 7.769327666266608503e+02 6.146572946961040840e-01 1.683940035005974210e+02 6.767384868212390074e+02 0.000000000000000000e+00 2.080148936644471576e+02 6.668160760631052142e+01 1.356461277146308703e+03 1.989573146757156508e+02 5.584136608723760276e+01 7.806594405411875215e-01 4.619246934799321593e+02 7.941775238801407344e-01 7.853127140163489912e+02
0.000000000000000000e+00 1.334738037514054838e+02 0.000000000000000000e+00 3.421240200832964096e+00 4.144053281917172171e+02 0.000000000000000000e+00 9.691117990037477057e+02 3.612801121929880566e+01 4.183341387813521237e+02 1.186425749736543366e+03 5.175611318139387684e+00 7.333643868605084215e+00 1.144843562045460601e+02 1.409296737913056929e-01 4.442308700266027444e+01 1.045271890127244632e+02 4.836288126653914787e+02 0.000000000000000000e+00 0.000000000000000000e+00 4.486781789642881222e+02 0.000000000000000000e+00 9.744913944459382265e+02 0.000000000000000000e+00 2.991961058501403841e+02 7.690918861976268772e+02 0.000000000000000000e+00 1.944577192594836856e-01 0.000000000000000000e+00 0.000000000000000000e+00 0.000000000000000000e+00 4.345926901242087865e+02 1.030021413745885866e+03 8.222663437590486524e+01 1.162204874405935243e+03 4.223815330876245198e-05 9.594296511895216781e+02 3.534829100792771328e+02
0.000000000000000000e+00 1.437698256877607719e+03 1.047460284666932921e+03 6.773723139831744788e+00 1.247525315954649727e+01 0.000000000000000000e+00 3.515881955058405310e+02 2.716594512206545460e+02 0.000000000000000000e+00 9.189414916056715299e+01 6.061972378444561400e+02 6.169881915657182390e+02 0.000000000000000000e+00 5.514782255177441357e+02 1.135814156653691043e+03 1.381571966754091136e+03 1.578837689733280968e+03 2.828164809655496992e+00 1.122514410993037700e+03 1.701229139962822101e-01 9.918642348586661228e+02 4.174989704714663930e+01 2.064548814823654155e+00 3.783228574834703863e+02 0.000000000000000000e+00 1.708225391402093919e+03 3.033600198911903476e+02 5.187725138391792825e+02 5.593915852610031152e+02 0.000000000000000000e+00 0.000000000000000000e+00 0.000000000000000000e+00 0.000000000000000000e+00 0.000000000000000000e+00 0.000000000000000000e+00 0.000000000000000000e+00 1.620476560011936954e+03
0.000000000000000000e+00 1.872768717110303779e-02 2.458346582281418335e+01 6.105856802738111355e+02 0.000000000000000000e+00 7.694157262636268797e+02 5.148379103745996872e+02 1.436785221601967805e+03 8.130462153457314116e+02 1.059867218699580005e-01 1.513576108221353479e+03 1.501645351269285982e+02 0.000000000000000000e+00 1.507153026425817055e+00 3.216061124824024091e+02 7.805130652212582163e+02 1.122060538308139854e+02 1.313199091391575450e+02 8.722235113051668804e+02 6.295277258857623792e+02 2.680450609035123648e+02 2.179474695861709677e+02 1.402016675865213756e+03 9.210823901134270741e-01 4.234165928872377549e+02 1.203639548194291137e+03 1.994659869502355409e-01 2.538207462149302103e+02 1.182992202827267874e+03 1.042527259877957562e+02 3.385328334041282119e+02 1.123672976396979038e+03 0.000000000000000000e+00 0.000000000000000000e+00 0.000000000000000000e+00 0.000000000000000000e+00 0.000000000000000000e+00
