output/example/lateral_incision_000107.asc
nrows	75
cellsize	13.33333333
xllcorner	0
ncols	75
yllcorner	0
NODATA_value	-9999
[rows 17 to 33 of 75, columns 0 to 36 of 75]
0.000000000000000000e+00 5.053003124057561877e+02 1.590131542182353712e+02 3.463605898864975075e+01 1.075589678051214193e+01 1.056842081473517055e+03 3.839259028859027580e+02 2.883302321833150472e+02 8.142764832045161256e+02 1.556381578436108803e+00 8.675620185399764068e+02 5.893204888318214216e+02 5.451427309468356270e+02 2.182848440181412286e+01 0.000000000000000000e+00 2.724446121388682513e+02 0.000000000000000000e+00 4.816713499557591263e+02 0.000000000000000000e+00 5.103766803616989591e+02 4.444859308470334440e+02 2.579186172700871111e+02 4.001394966546404248e+02 3.256041717024655782e+02 9.555643487488023879e+01 3.602129218603923277e+01 5.775991806812061924e+01 6.850384111200016832e+02 1.407338925586630694e+03 8.366415792895037384e+02 0.000000000000000000e+00 0.000000000000000000e+00 9.469544531619101235e+02 6.796237659490492433e+02 0.000000000000000000e+00 7.990337495934201506e+00 2.723647987601508476e+02
0.000000000000000000e+00 5.197483095612021771e+02 6.602666636316399718e+02 1.295687485210659815e+03 9.176887270250158508e+02 1.066592710172467150e+03 1.246921380556598891e+01 1.310243368452163004e+01 7.094143443144532739e+02 4.111336295729071821e+01 1.144070388217333857e+03 0.000000000000000000e+00 4.480365165147057951e+02 0.000000000000000000e+00 2.294982422407756530e+02 1.532509676788874913e+03 0.000000000000000000e+00 8.405112458097880790e+02 5.498253790497442424e+02 0.000000000000000000e+00 4.229229174749456206e+02 1.105430901813372884e+03 1.084939093878330596e+03 2.115264582413659582e+02 4.832702052873007581e+00 3.510315643103076582e+02 6.811795957747100374e+02 1.111579969278823683e+03 3.453270248235385509e+01 7.317706293785872784e-01 1.037259495083027559e+03 1.610783677778401000e+02 0.000000000000000000e+00 3.405180013383767346e+01 8.024433318979067735e+02 8.810364502264817474e+02 3.265026725839251753e+02
0.000000000000000000e+00 2.348194461526599355e+02 6.569332061377772334e+02 5.110397827699768527e+02 2.047319490692126320e-01 3.720569146184888609e+02 3.039185083447147804e+02 7.119641803272624081e+00 9.139446331199983433e+02 1.140728076539207450e+03 1.180733220108819751e+03 5.202330892733583596e+02 1.259922117766863721e+03 4.624180150607743123e+00 7.329603068175424596e+01 3.247123884452891502e+02 3.160882542512251234e+02 1.169698500334043212e-01 1.982334650900281474e+02 7.937785214688943825e+02 8.087016394549494862e+02 7.616255272130624689e+02 3.724370874044857374e+02 2.484591351627468025e+00 9.562074177562702744e+02 1.023467444304903040e+01 0.000000000000000000e+00 3.474827793318759745e+02 1.575037906408327672e+03 7.566929457741052829e+02 1.114037149839331960e+03 1.885130666856152857e+02 0.000000000000000000e+00 0.000000000000000000e+00 2.761505329363069805e+00 6.159219076464864884e+00 1.926806219921467900e+01
0.000000000000000000e+00 1.713351043223362694e+03 9.940202688559267017e+02 1.756983393485163560e+03 1.028886327415239748e+03 4.296337597186620769e+02 1.527458744401455533e+03 4.371154560907511382e+02 3.316996409710205285e+02 1.066558096022430618e+03 6.989174071049851591e+02 4.271966001412998253e+02 8.641435939878090444e-01 7.160983869937156214e+02 1.358827909506024525e+03 0.000000000000000000e+00 4.594560653753331394e+02 2.722127341487478134e+02 1.317373105375071241e+00 2.789188396580223070e+02 5.716499032054188234e+01 4.132757250464367189e+02 1.783145322330471672e+01 4.482229894280485638e+01 2.703345221603248660e+02 3.963118237935109391e+02 0.000000000000000000e+00 9.306870970882984295e+01 6.084573211081784621e+02 5.152267713649657708e+02 8.858883491702304980e+01 4.092115259300160091e+01 1.020657760848587543e+02 5.343248093524931619e+02 1.013960974939611219e+03 2.238201192061787879e+02 2.261820166221990291e+02
0.000000000000000000e+00 1.061124894403694014e+02 8.731150907858857124e+01 1.468935054451208373e+02 2.892337978015900717e+02 3.835893056445649449e+02 3.022262347343428246e+02 1.512970637568250964e+01 6.635869673894542302e+02 6.860531445980311673e+02 2.248170104304446681e+02 8.366920554423532508e+01 5.447846475429771544e+02 1.623670514487580931e+03 9.895463114614018423e+02 3.463559396203342544e+02 4.283482340932127386e+02 9.438472114097411350e+02 4.433239162680604295e+01 1.579205889688984826e+03 1.589388310189749973e+03 4.818175669109815544e+02 7.165504343122452156e+02 6.309907232194268545e+02 7.402889454826255644e+01 5.399572060924819006e+00 5.262296900831221365e+02 3.228617549710272527e+01 1.356136864583364513e+03 8.290886354469117805e+02 4.127134022291994597e+01 1.253281009323908535e+02 2.010204706731156588e+00 1.083778027855710661e+03 0.000000000000000000e+00 2.359698572383756243e+00 5.030875836035119733e+02
0.000000000000000000e+00 2.923866922345101216e+02 1.752043855295287131e+03 7.518652277315968604e+02 5.963377980701453680e+02 5.694830446302487417e+02 2.070151197841204862e+02 6.224017499813805898e+02 8.118193317696138820e+02 9.918138206923836719e+01 8.934619286107857761e+01 9.454126618326181415e+02 7.412872116054075811e+00 1.622875841647641892e+03 1.308513982105741889e+03 5.690776773777299269e+01 5.813696272080712646e+01 2.954011291411204638e+02 1.066915292490911185e+02 1.243794123681002702e+03 1.841775291715404592e+03 1.887227633639215128e+03 9.704639319614477699e+02 1.410092966658395912e-06 5.981905847344679117e+00 5.253386253925140359e+00 1.175868111979079060e+02 9.538479604775973257e+02 1.181984574687715650e+01 4.308027937741111941e+02 0.000000000000000000e+00 1.394403586401860764e+02 1.186658777752172078e+01 9.600341548057202772e+02 4.586399143512796854e+02 0.000000000000000000e+00 2.158722550320374296e+02
0.000000000000000000e+00 6.607349844951586419e+02 1.140854552350489712e+03 1.213956259644313832e+03 1.500900515153836352e+02 5.248218638069684916e-01 1.223640111588022847e+02 1.408036409991983540e+01 8.126222540493083457e+00 2.675353614200815924e-05 8.154039362519407419e+00 1.060776730653623190e+03 9.309531074303066589e+02 1.901511701257486777e+02 2.017577363356172384e+02 8.552648965296021970e+02 1.617111048414216867e+01 4.209965331448767643e+02 8.658631647119585750e+02 0.000000000000000000e+00 4.054716696757782302e+02 1.560580458216405304e+03 7.802207057837927096e+02 5.390979066501200805e+02 5.562913688612399028e+02 1.936214278164380289e+02 6.800025334890235627e+02 3.879363288830151646e+02 1.546502504125101609e+02 1.107298647282871116e+03 0.000000000000000000e+00 8.487082611324653953e+02 8.730778619944540964e+00 7.997442300101074579e+02 3.147999192420057852e+02 6.081436983343782003e+02 1.260903627986620222e+03
0.000000000000000000e+00 1.232174448387952452e+03 1.234772834294870108e+03 1.249617286468658328e+01 7.906937504091578148e+02 0.000000000000000000e+00 6.086427971095374687e+02 5.275680883022606338e+01 2.619149005795918583e+00 0.000000000000000000e+00 0.000000000000000000e+00 4.585068165442059467e+02 8.846108289523105839e+01 1.019770567838824782e+01 1.784753761552515805e-01 1.277277732284702267e+02 3.936435582549578953e+02 8.858146892299816955e+01 0.000000000000000000e+00 7.261522699734687194e+02 0.000000000000000000e+00 0.000000000000000000e+00 6.040347269127548770e+02 7.786096864096330705e+01 0.000000000000000000e+00 1.452292909496217419e+02 1.274604745143393103e+02 1.132817201004250585e+01 6.543660200617681388e-01 8.513312125195265025e+02 8.289909276976251249e+02 3.853179672984069839e+02 1.313505933959436902e+02 2.711312025129338394e+02 1.182452960991292002e+03 7.012720593414363179e+01 8.464488945978368974e+02
0.000000000000000000e+00 0.000000000000000000e+00 3.845761923549601224e+00 5.789520782202479410e+01 3.902730358592081394e-01 0.000000000000000000e+00 4.297386881876798410e-05 2.595425376773641233e+02 1.804137574320907049e+02 1.997301271341599183e+00 2.534738549915601524e+01 7.622026549442774801e+00 1.015969788754068531e+03 1.381678768437060967e+02 1.020858374841009663e+03 8.664853068203786961e+02 3.638254336001381262e+01 8.279956173656194096e+02 7.604920094342542143e+02 1.253384713503100556e+03 9.707100948897748083e+01 7.589973946587380169e+02 3.151111591032211834e+00 5.773652087809182376e+00 3.223245159371783757e+02 1.379380446766202340e+03 1.102071041672678575e+03 5.292132925824089398e+02 8.893609464824525048e+02 1.772288719524572116e+02 2.169707776489622404e+02 6.913256654901795173e+02 2.472908731539772589e+02 2.674010941496782721e+02 4.365838809415036081e+01 2.773617037844670108e+02 1.119223997344390824e+02
0.000000000000000000e+00 1.096547849893405328e+03 1.223023547899056211e+03 1.600039497475782809e+03 1.143901023870337781e+02 9.826450452758848542e+02 0.000000000000000000e+00 7.465921103212446042e+02 5.553110340429323344e+01 9.759494606319767840e+00 3.524796518406048449e+02 0.000000000000000000e+00 4.283661895938286648e+02 9.853685667250836389e+00 1.452854066923371192e+03 1.092891977638670824e+03 7.598566883515442214e+02 2.767552534534086135e+02 9.943495319842819979e-01 8.797188861208155686e+01 2.506841945688422584e+02 1.264568185816719279e+03 9.920241446924372895e+02 7.098566961088810103e+02 1.027446247847979919e+02 2.985084522455329648e+02 6.363613108146523700e+02 2.530076719866805135e+01 6.740541333002327065e+02 1.783099912691876909e+02 8.767886106629356391e+02 1.615462110022663822e+00 1.173955754414015118e+00 7.497867781006929135e+02 2.919392862936705342e+02 1.703943469203773020e+02 5.645100404222612056e+00
0.000000000000000000e+00 2.567935758140712466e+01 2.283555829381224669e+02 7.591450066508560894e+02 3.052142679188559100e+02 5.925256472972619122e+02 0.000000000000000000e+00 3.384724909755931321e+02 9.435356426466214543e+02 1.930284764407670082e+02 2.188505262103271889e+02 1.059353034552757435e+03 2.266048063699562078e+02 5.712213930357456775e+02 1.015779188920150204e+03 4.073349623180751564e+02 4.731937529357311973e+02 7.661305600974667414e+02 2.565887276892845534e+02 7.460257081687752923e+00 5.789118575810983458e+01 3.921014476809190796e+02 2.335582391208600654e+02 3.648258524565790140e+01 3.451232017873293589e+00 4.849929809318644658e+01 3.111479839207276541e+02 0.000000000000000000e+00 1.030211116349693157e+03 2.096503047730162450e+02 2.041168410677631755e+02 1.086122019443195086e+03 1.606581016999522049e+01 1.055674845131013853e+03 1.440376262777928559e+03 4.546446347271960775e+01 6.397386778988150127e+02
0.000000000000000000e+00 1.328628336695281632e+03 9.556312927724954775e+00 5.592132726056059511e+01 1.668598576539061469e+02 2.188374214777719828e+02 7.598329254465554641e+02 1.605835334854100893e+03 1.353269089688611302e+03 7.611447013034348119e-01 3.283052376955685077e+02 1.351839071108553583e+02 1.892038468243638363e+02 2.603489557466727433e+02 9.174466609848707321e+00 2.085381876698148176e+02 4.038891816312602714e+02 6.240067662800437347e+02 4.596071111996518965e+01 4.936152155066359910e+02 7.168822289417652200e+02 2.823987763752003843e+02 2.697729993928163026e+02 1.514454259777376571e-09 3.065649625847506741e+02 8.137897173686765484e+01 6.966354121010875922e+00 1.012733519006727434e+01 6.914555810609701894e+02 5.300884118192043815e+01 9.399412269423266935e+02 5.801843213444208835e-01 0.000000000000000000e+00 1.155766684645287228e+02 9.619424831962743172e-03 6.206864558140970303e+02 5.219640951793099504e+01
0.000000000000000000e+00 2.734697991747751633e+00 1.424849201978815472e+03 9.288289014868526010e+02 4.800134170110924288e+02 3.100368703785434477e+01 2.685214975295020778e+01 5.691716157128671405e+00 6.056347370107521755e+01 4.012233001280541203e+02 3.814497546816377280e+02 4.301281489276086063e+02 6.034727885355949866e+02 9.227085727876125247e+02 1.178265028465383011e+03 4.633273477777526637e+02 7.754296954581372248e+00 7.350618328422294212e+01 3.722314754653535260e+02 7.746952440102602111e+01 2.672389289904118073e+02 2.690652297864270395e+02 3.799987298798831716e+02 6.940171075029492442e+01 2.365193129120728849e-02 4.198933696379946809e+02 2.355873100369632027e+02 1.377979481342954102e+02 1.388881481137440232e+02 3.503022113763606882e+01 5.770253000695181100e+01 2.354201395075220304e+00 5.547510299080331606e+02 1.354307807693700397e+03 6.367549805939112275e+02 7.824384727841560334e+02 8.548000757949115496e+02
0.000000000000000000e+00 3.997683328714105642e+02 1.194229852245269541e+02 0.000000000000000000e+00 9.074505093243591318e+02 1.642245799031307030e+01 6.491588389265722299e+02 8.103644566403590943e+02 1.582437606899434968e+03 9.886830779873271240e+02 4.284746911693605220e+00 0.000000000000000000e+00 7.539365783161652246e+01 1.488886324925627232e-03 0.000000000000000000e+00 5.649780255503132186e-04 0.000000000000000000e+00 2.700237041294583378e+02 1.251102713824882358e+02 2.774939217198619872e+02 0.000000000000000000e+00 5.056963196838916019e+02 1.339154353051590647e+02 3.142087995258962678e+02 2.980678985093902611e+02 7.169368727960966226e+02 9.317782732622167714e+02 5.625089871780082351e-01 2.875531266188536961e+02 6.652116285670059597e+02 8.866083237901090541e+00 3.560519642759791409e-02 2.294688242037924795e+02 4.280842038866898065e+02 1.778200209830156098e+01 8.802006315016147937e+02 0.000000000000000000e+00
0.000000000000000000e+00 8.980085933650417473e+02 4.411133499885685296e+02 0.000000000000000000e+00 7.564556947555063289e+02 0.000000000000000000e+00 5.287682988352586335e+02 6.214575119782375623e+01 2.172871325624610108e+02 4.872467261156489537e-01 9.334935516096021502e+02 4.828023764492479775e-02 5.632147585394794760e+02 7.129482678228263239e+02 2.445142929228539597e+00 6.729484812821326725e-04 4.796568585448429012e+00 3.860169677220110316e+02 3.255578038029150179e+01 2.992948459743788590e+02 4.351995854900173044e-02 4.796666377404650348e+02 2.334341294995569416e-01 1.169468264800900442e+03 3.683842464730631150e+02 1.128763818896499060e+02 1.819184693923523355e+02 3.158879905717632255e+02 3.275757862523849706e+00 1.114838564358674375e+03 5.629274771897918299e+02 1.874538908676281679e+01 2.989120427056943363e+00 3.247525533676937926e+02 1.622407790430174135e+00 1.156155894460088120e+03 6.090145885905783416e+02
0.000000000000000000e+00 2.629418556566199072e+01 1.080949793804252129e-01 6.016202822665663064e+01 2.166131475070123713e+01 7.184490167885307983e+02 4.566183237590717567e+02 7.886167048184903328e-01 2.256563948946603304e+01 1.038374846454905907e+02 0.000000000000000000e+00 9.949648811045245793e+02 1.237578000154886240e+03 4.089870813311471665e+01 3.389238141828608608e+00 0.000000000000000000e+00 2.759958706544056781e+02 1.275555696876896263e+03 3.243951207713701592e+02 8.114179786509755559e+02 1.408406105684515978e+03 4.690021971877511646e+02 6.010662805240203710e+01 1.299302708832467943e+03 1.491185885238131050e+03 4.566562939799874812e+02 9.523070194713935734e+02 1.737634653671728699e+02 7.600558582090066739e-01 3.695322642208702177e+02 3.709902800407024301e+02 3.894706126962528288e+02 0.000000000000000000e+00 2.958441141477487122e+02 1.486132723126061364e+03 7.553189542815947277e+01 7.424734904294307398e+02
0.000000000000000000e+00 1.530791355638592321e+01 1.094315946841921405e-02 3.483931378589717465e-01 3.908464570566565488e-01 0.000000000000000000e+00 1.089332784597507271e+03 2.260343134823135074e+02 1.741985226598484644e+02 1.247817105280438454e+03 7.175626050335243917e+02 1.313661953578539112e+02 0.000000000000000000e+00 1.175779255977670800e+03 8.559738429926676417e+02 4.494250432471919687e+00 3.108030159352844635e+02 1.461290538368278931e+02 2.978450774081534860e+02 3.491120002932924793e-01 1.680393236992415950e+03 2.857131150633442118e+01 6.639558589746261532e+02 4.982308654322700363e+02 4.496514078889126154e+02 5.893850551047312365e+02 1.185833457363986412e+02 1.512286499341689989e+02 5.920565380471372237e+02 1.165203323425348430e+02 9.204264850650503149e+02 6.617214515912058914e+02 5.891088346836272649e+02 0.000000000000000000e+00 1.093854432037909419e+03 1.853569443976790865e+02 4.795599092128248344e+02
