output/example/lateral_incision_000467.asc
nrows	75
cellsize	13.33333333
xllcorner	0
ncols	75
yllcorner	0
NODATA_value	-9999
[rows 0 to 16 of 75, columns 0 to 36 of 75]
0.000000000000000000e+00 3.111560667785954148e-09 0.000000000000000000e+00 7.593259462781106777e+02 0.000000000000000000e+00 6.938671446162800294e+02 3.322898466254517871e+02 1.334620413499106235e+03 4.073628599788000884e+02 5.961565685188394070e+01 5.062690216439984425e+01 1.908731984851879560e+01 3.514105762963559414e+02 7.628841068651413480e+02 3.757497399238296225e+02 1.600331517760587587e+02 5.412460465191597483e-06 0.000000000000000000e+00 1.430772275955948469e+00 4.457327673779949428e-01 1.369037624423728450e-01 8.214038731092654518e-05 2.132444891575236974e-04 1.614394187922306756e+01 3.231996145891228522e+00 4.037682547253197640e+00 4.863268802456290274e+01 2.394697288128030332e-06 8.592563712945595588e-06 1.072833790534963305e-01 1.062124016246730662e+03 8.674842464155866537e+02 9.240312403002536712e+02 0.000000000000000000e+00 0.000000000000000000e+00 0.000000000000000000e+00 1.735495984371692302e+01
0.000000000000000000e+00 4.463157410548451480e+02 2.247259959367668500e+02 1.149890413423194332e+03 2.905292584661709725e+02 1.928566076335825608e-01 1.007381585586616524e+02 1.064553086128543782e+03 6.289732337969026332e+01 5.056383728443443601e+02 7.902606164809067195e+02 3.206548315620488552e+02 4.238843114365907638e+01 3.715461575784588035e+02 1.277790754846933851e+03 3.957782632273749073e+02 3.370132842758679317e+02 1.779359462108671508e+01 4.778060027682983559e+02 1.595832079549811544e+00 4.129832279233492720e+00 0.000000000000000000e+00 6.306793887555367739e+00 4.046274533121911645e+02 4.502574862921687213e+02 3.497569738289058705e+02 1.010292332703346347e+03 5.540484788662165556e+02 4.266099728048768043e+02 3.092736700459576937e+00 6.010422782699507707e+02 7.138029421010263320e+01 4.860686227624618709e+02 3.655390711571771423e+00 5.044055294350693538e-03 4.953269723825541178e+02 2.977603004528881456e+02
0.000000000000000000e+00 0.000000000000000000e+00 1.498866080166779057e+03 7.069061272670248854e+02 5.142895792246201836e+02 5.727374028361072078e+02 1.385921190442038267e+02 2.044820297085138066e+02 5.482873460046764649e+02 3.450363446101483191e+02 1.572632905254741218e+03 1.943730183388451280e+02 0.000000000000000000e+00 4.393593188565602503e+01 2.008307488778891425e+00 2.435932585192425961e+02 1.132374112702081703e+02 3.727677036244053284e+02 1.783026320297304608e+02 3.585037254538498974e+00 7.456820602563678335e+01 4.389360124393664933e+02 9.978380608907219766e+02 7.514728932135233208e+02 6.698812638655178944e+02 3.405744294735272319e+02 1.057180982985557193e+03 0.000000000000000000e+00 8.995521272001549278e+02 2.204063968097215422e+02 1.412548101950704904e+03 1.214495707934170952e+02 1.584577353600357412e+02 9.802805407143359844e+02 1.368620825736577160e+02 1.319632250385014004e+03 1.083701698368198549e+02
0.000000000000000000e+00 1.080944992470573425e+03 2.282698362629861890e+02 2.576028527985998906e+01 7.136479369933266526e+02 4.028430934116209983e+02 3.455436537926593701e+02 1.656230202020009870e+02 1.306620825763136054e+03 4.604295465350169820e+02 0.000000000000000000e+00 1.111759897443544105e+03 0.000000000000000000e+00 4.851513755444489107e+02 6.686896311957344778e+02 1.380198833044195226e+03 0.000000000000000000e+00 1.711454574980576027e+01 1.086521281575452349e+03 3.781725585549685076e-01 1.153650850856102892e+02 3.722973307117413100e+01 9.851297111955294667e+02 4.836485704509408947e+02 7.795114514710166986e+02 2.616398801224067228e+01 3.867000875700541656e+02 4.243513540262415518e+02 1.966570729940414139e+02 1.020828366460216785e+03 5.042368552327953353e+02 1.763532229015717121e+02 1.254609610657598068e+03 1.110090771287808593e+03 5.831755890601261854e+02 6.364521081904765651e+02 5.510086127849392312e+01
0.000000000000000000e+00 1.275099077064569656e+03 3.083712892933835192e+01 1.763421952062874652e+03 0.000000000000000000e+00 8.251566521155700684e+01 2.412577520539675504e+02 1.347159432030467997e+03 1.759778521685947908e+03 0.000000000000000000e+00 4.755753243883345931e+02 2.860543397684972433e+02 1.323851903445872438e+02 4.882785835967516919e-01 1.795813711657772771e+01 8.782144033578050539e+02 1.735193880089536123e+00 3.903129351362429844e+01 9.809658228294398441e+02 1.847838842918526723e+02 3.812948417416145985e-01 9.966560890736096781e+02 3.112595192427659030e-01 5.916602506625537217e+02 1.536705181456859691e+03 9.994309250219576768e+01 7.261242290734402332e+02 7.991470417727221331e+00 5.461519025427283935e+01 2.468475278937293069e+02 1.762448487515997613e+03 2.531848508824269857e+02 1.081512412051953788e+03 6.733907292496192554e+01 6.440465302691133154e+00 6.770844094886506355e+02 6.811981935447515752e+02
0.000000000000000000e+00 0.000000000000000000e+00 9.143008647011654375e+02 9.718824200790431860e+02 8.468673389676993111e+02 4.703810980552541992e+02 1.060058577719075190e+00 5.431338468473672521e+00 1.977759711954640665e+01 1.487883690682578617e+03 1.449912244447483317e+03 5.729989865157039048e+02 6.398131845889032121e+01 4.311820641140018893e+02 1.218246200254831813e+01 4.320795089333644796e+02 8.486242998392935988e+01 5.734827355155391615e+02 3.126098536136153072e+00 0.000000000000000000e+00 3.922608592143710666e+02 4.282404843823349552e+02 4.115481619837243557e+02 6.592910678724756508e+02 1.685358306933145514e+02 1.221631918802746100e+02 1.029853810716153703e+03 9.208011020692684667e+01 5.953753027984838582e+02 8.058124016991083636e+02 9.075218119024964381e+02 2.207527022683571545e+02 9.549542425828402656e+02 0.000000000000000000e+00 5.746223702123915018e+02 3.378544261020919066e+02 1.961417540712441792e+02
0.000000000000000000e+00 1.242311031417269533e+03 1.174187063560356364e+03 2.956312884025299468e+02 0.000000000000000000e+00 5.153159643495835098e+02 1.012078099325687788e+02 4.315661096452388961e+02 2.802465110270778723e+02 1.533660107731899132e+02 1.145048194823203147e+01 8.002910958851774126e+01 0.000000000000000000e+00 1.130211212509899497e+03 4.754859320622040286e+02 2.657976780353097297e+02 8.386911412752327806e+02 3.784209810794671398e+02 1.174095656321323986e+03 1.174515621622777189e+03 4.817231771112553407e-01 3.715452169007842258e+02 1.642466299355096679e-02 1.180215775198728124e+03 1.581451801155817748e+03 0.000000000000000000e+00 0.000000000000000000e+00 2.754200100938550477e+01 1.949349163255274107e+02 0.000000000000000000e+00 1.445302713644231517e+03 2.538016879055691390e+02 9.928250369061449874e+02 4.690766971191425228e+02 4.072392198538197476e+02 1.348079118495458317e+02 1.349517252991786336e+03
0.000000000000000000e+00 6.732101670338055328e+02 8.479072048180488537e+02 5.950440095697889120e+01 7.877684102470566074e+01 6.044133580600638425e+02 5.529428431471319527e+02 2.424364993740891236e+02 1.889143666535201549e-01 3.592122955142785372e+02 2.721242481230978427e+01 1.391878313005054792e+02 5.208195873284645359e+02 4.548744352040105241e+02 0.000000000000000000e+00 2.434664417336451834e+02 1.736463046646476016e+02 1.340598473484601172e+01 9.217590053130982142e+02 9.647042391655626261e+02 1.051311043388668395e+03 4.343329431184788092e+01 5.890425156460908056e+02 6.827715844090599830e+02 1.093093290509728604e+03 4.283210970412845597e+01 3.976421512591266492e+02 0.000000000000000000e+00 5.228358330859236958e+02 1.303540042648374424e+02 8.010749520154464562e+02 7.747276456905498776e+01 5.166052327123961732e+02 1.241602252554235122e+02 8.106031835537118013e+02 4.723381919957842712e+01 3.942133823723363548e+02
0.000000000000000000e+00 3.785262928973762087e+02 4.460889563219869842e+02 1.101146234761206188e+03 6.119899565993607666e+02 2.402106001792677148e+02 2.350653059844748327e+02 6.263425455783693678e+02 0.000000000000000000e+00 5.649873556516477713e+00 7.921116377503806234e+02 2.834053464805134581e+02 6.790872392610508790e+00 3.731604920279856970e+02 1.045345355893788792e+03 6.155068716058344762e+02 6.386937313584102185e+02 1.833932494273076586e+01 7.297568367992518290e+01 8.397477901806994396e+02 1.700645689433145890e+03 1.805776109729809775e+02 2.176437175922089740e+00 1.160678511298678606e+00 8.874489745839216903e-01 2.829065457560187156e+02 7.618706850254586698e+02 0.000000000000000000e+00 1.236551086471680719e+03 1.474568230386429150e+03 6.914565495545901967e+02 1.266275569264137886e+02 6.869199115729502410e+02 4.051156746451047397e+00 3.406954811866533532e+02 5.899982298804698075e+02 1.118294250748204604e+03
0.000000000000000000e+00 1.547636579195492459e+02 7.523086913751322413e+01 2.405227544586563795e+02 5.522077843380790227e+02 4.307984157184945957e+02 3.452683172216518415e+02 3.449613894237643308e+02 0.000000000000000000e+00 0.000000000000000000e+00 0.000000000000000000e+00 1.244429480538350390e+03 1.275337007282533222e+02 2.969388058127951808e+02 1.535516970592930477e+02 0.000000000000000000e+00 3.064197143897708884e+02 1.216955362983939494e+03 3.138965313164803206e+02 1.700323935711616841e+01 5.936748083172559518e+02 7.805774106682353022e+02 3.914381578888358035e+02 1.240219861793615564e+03 1.770988465085623602e+03 0.000000000000000000e+00 2.198484296617208500e+01 4.859208636642331491e-01 1.008442627790519964e+03 7.476054614852170062e+02 6.648528603284695748e-01 1.205988204518229850e+03 7.298407275270770924e+02 7.573031124924664255e+02 3.319448037456802503e-01 1.400068214202626216e+01 1.943820729655730588e+02
0.000000000000000000e+00 1.059776963998425572e+03 8.300726596682792433e+02 2.028381796488237754e+01 2.201781157605332737e+02 6.538041612943428618e+02 2.537481092082615319e+01 2.497359559539447105e+01 3.362364147452862717e+00 9.506534210973155723e+02 3.859734810832532617e+02 3.768404395119838313e+01 3.622331763012371084e+02 1.868350318827017631e+01 1.009435554984575447e+03 7.897415028259252949e+02 4.554111346027536200e+01 7.118765432219066724e+02 2.615829509279402600e+02 7.547073992229467621e+00 3.509274239066502332e+02 1.118952921714681679e+03 0.000000000000000000e+00 5.303119589723677336e+02 2.502275847873552284e+00 1.238573401713332487e+03 1.339713812285356653e+03 1.239658970307572190e+03 1.222260558599572050e+03 1.034892223578606973e+02 1.395406129337941138e+03 1.590776680729345344e+03 3.717498827592229826e+00 1.039890330294517051e+00 2.395966975568677810e+02 1.089731957616661020e+03 4.262124117286079183e+01
0.000000000000000000e+00 8.845856570552240328e+02 1.068157627202685262e+03 4.540354678916139619e+02 1.153987712028686246e+03 8.458306701964570493e+02 1.867497260484380774e+02 4.710709227329563191e+02 4.537930153347263129e+00 3.284796897598139935e+02 2.043136219202712596e+02 5.639969401638312547e+02 4.303789199487296742e+02 8.922820793431083075e+02 0.000000000000000000e+00 7.652167916178560745e+02 1.410169437794476721e+02 1.717843388398034904e+03 2.018435553919885450e+01 2.261247538009734992e+00 2.338561574926781077e+02 1.273080639133916748e+03 1.388615743182298745e-01 5.912579128184305546e+02 2.397338495036678285e+00 7.065523277809806757e+01 5.986747251242132961e+02 1.334882716962270788e+00 5.373300243198789872e+01 2.020522139797076022e+01 0.000000000000000000e+00 2.110257562707274914e+01 6.323407938392382448e+02 1.724750393675440591e+03 0.000000000000000000e+00 4.448516282565096276e+02 4.966987161710048895e+02
0.000000000000000000e+00 0.000000000000000000e+00 1.353622227736882223e+03 1.315985345088903159e+03 5.619353444276108611e+00 2.971029476883082499e+00 4.876631567473052655e+02 2.511659229680293848e+01 4.607848567983761541e+02 2.914136942843938414e+02 5.735490355202845194e+02 2.430802938721207624e+02 8.767997322018532032e+02 7.159924946899918723e+02 4.495319074419015792e-01 8.657851274214959858e+01 2.625003393352648686e+02 5.815376090846660873e+02 5.275506597844448606e+02 1.127011236440324415e+00 8.495245632200185071e+01 9.647428201119482765e+02 8.383960120816572044e+02 2.201088003994629005e+01 0.000000000000000000e+00 1.542534966137614674e+03 2.868862535708719186e+00 9.717601496501906695e+02 1.450852733225297925e+03 1.051144505528842501e+03 9.233583579514483972e+02 2.211634043637979232e+02 1.201425601412385959e+03 7.001185287521330736e+01 4.005398834698328301e+02 2.014765422281805130e+01 5.288925714101789026e+02
0.000000000000000000e+00 3.745916199845472079e+02 1.315420983518817195e+02 3.037005000751885291e+02 6.378612645962866168e+01 3.969752705819079353e+00 0.000000000000000000e+00 4.049569862521395613e+00 1.043293311802736753e+03 1.473635614473196824e+02 5.406434725228283469e+02 1.113649965438681875e+03 1.383941745023389103e+03 1.093388775575745639e-02 6.629293799176362256e+01 7.783769567191964711e+01 1.443004281278655583e+02 1.402212423025027590e+02 3.304326684669064207e+02 6.914849876852522357e+02 9.851459381196200127e+01 2.259968466538133658e+00 1.598116509667200035e+03 1.544662821602716349e+03 3.411504883533540977e-01 1.729250845335521447e+01 2.724465292218281434e+02 1.006901285980973029e+02 2.320654485545880874e+01 1.079254268981230780e+03 1.334092894636243614e+02 1.023046836357409120e+03 2.601616255317836846e+01 1.306868982042392417e+02 4.712291293869818674e+02 0.000000000000000000e+00 2.224721906133339928e+02
0.000000000000000000e+00 2.382470239268714429e-01 2.401675265521548142e-01 7.652537608039889392e+02 3.009673618719082810e+02 1.189544533956791838e+03 8.752278402083228312e-03 1.888956934780052421e+01 6.297209401461828975e+02 4.205566286826444156e+01 1.060366055280600222e+03 1.868563899360308156e+01 8.104315069741016231e+00 0.000000000000000000e+00 8.426117069250058478e+01 3.552741313570940918e+01 1.598230139649704729e+00 8.444279081886446647e+01 1.368915998181143845e+00 0.000000000000000000e+00 1.269357531210953539e+03 6.721652706800464330e+02 7.421916181145940072e+02 1.616138337603938879e+01 7.595734833599888134e+02 1.728000051488801773e+03 5.857586231646909027e+02 1.381270028232118420e+03 4.507773824891482262e-01 1.344953980393362087e+02 4.938469473746637277e+02 1.251095984013506495e+03 6.245323427818402884e+00 1.336571215346682266e+03 6.247993094285048983e+02 1.930842457341034191e+01 8.664776943724299940e+01
0.000000000000000000e+00 3.306765319965141430e+02 9.132994063915849381e+01 3.903105925044720453e-02 4.351176627597582183e+02 0.000000000000000000e+00 2.913493470144873072e+02 4.011444258607214097e-01 1.227653524009980401e+03 3.327592880472173675e+01 6.361527779748709008e+02 6.566121331659761609e+02 3.020764691906964572e+02 5.629074465308999686e-01 1.297042694052406432e+03 4.180242266063301599e+02 1.131141703350819583e+01 1.021957897371734589e+03 6.782970000420742736e+02 7.264674874233609216e+02 5.995474941616024580e+02 4.825884035528735012e+02 2.201105059805237740e+00 1.236596674178603735e+03 0.000000000000000000e+00 7.623877641358512847e+02 1.182084743100924015e+03 1.502039017067625537e+03 4.674995109260644099e+00 8.003125005557495797e+02 1.028246378305875851e+03 8.966270383486530591e+02 2.425644817949089429e+02 1.259705546288765134e+02 5.768566759899493945e+02 6.828802854879422739e+02 6.951179940139304563e+02
0.000000000000000000e+00 1.854058537983582085e+02 6.162754020882118766e+02 1.253802794184466393e+03 2.919989380085564790e+02 1.440443301645571808e+02 1.354362964906503521e+03 9.883911439937882903e+01 1.638502954632406841e+02 1.265280157246165345e+03 8.047704681771033393e+02 1.237169116698499920e+02 2.765483650656113355e+02 1.665196460430476222e+01 3.835374239305416495e+02 1.225707995155694903e+02 9.001846353542035786e+02 1.136881002833638377e+03 1.293710359476534109e+02 1.042378228139915564e+03 4.041077044218175729e+02 2.161941746264539077e+01 1.698979254995636893e+03 6.919908240638551433e+02 7.580793303571486952e-01 1.879004075587774594e+02 8.825407149419462485e+02 5.703077138310508190e+02 2.508220416500584449e+01 1.979817216454779896e+02 1.386683059497687509e+02 3.462810032936047264e+02 1.232344953325788765e+03 3.632392034931780245e+01 3.681348707526557860e+02 5.531852037565490718e+02 2.236096593419235035e+02
