output/example/lateral_incision_000190.asc
nrows	75
cellsize	13.33333333
xllcorner	0
ncols	75
yllcorner	0
NODATA_value	-9999
[rows 34 to 50 of 75, columns 0 to 36 of 75]
0.000000000000000000e+00 9.887031650004935273e+02 5.752528308750960662e+01 1.166072633767824755e+03 1.975907944975884050e+02 1.322385389297667757e+02 1.753018406004965186e+02 4.224931863216033179e+01 3.182017044813629809e+02 4.370676118463414923e+02 3.101195958299949211e+02 2.988621179583130925e+02 1.225736383810098857e+02 6.055949089499168991e+01 1.772490322147446307e+01 0.000000000000000000e+00 2.529671397864530036e+02 1.154230890002354499e+03 6.034425703945463511e+02 1.452758245605736192e+03 5.714862973354898124e+00 6.731830955091552369e+02 1.169067784066958211e+03 7.617879176044853295e+01 2.128420214090126805e+01 1.536689929958845369e+02 1.076183199467862863e+02 2.986945498191832371e+01 8.924351265786098111e+02 0.000000000000000000e+00 4.104818527877558410e+01 1.265135400407756606e+03 1.681087521009348222e+02 3.765656373069267704e-01 8.665505067626776281e+02 1.652633929245226682e+03 9.648846659182796657e+02
0.000000000000000000e+00 1.671251182301994049e+02 1.095887079305536417e+03 5.585217313476172896e-01 7.747197918670924166e-02 1.424074078769825519e+03 9.013798215818503650e+02 2.445542590999158605e+01 5.515612804210797293e+01 9.682686513751556276e+02 5.270866259111577392e+02 7.690897158812732641e+02 1.392949463117509595e+03 2.070148899870117987e+01 2.578495665487883457e+02 8.433089157343193847e+02 9.060572451756720511e+02 9.952437492841857747e+00 5.185321104716998661e+02 1.501815223775257557e+01 1.520476108228524936e+03 1.363871015748117088e+03 0.000000000000000000e+00 8.066751856894836692e+02 0.000000000000000000e+00 4.931222210609978447e+02 5.718400229185511385e+00 2.226460864508329678e+02 3.903397843562121938e-01 4.231396911150615381e+01 1.246077390109696353e+03 8.997725567358635601e+00 1.502449981509077816e+03 4.119177935617461372e+00 1.439884712611338728e+03 1.179902365423173933e+03 7.489907834807801867e-01
0.000000000000000000e+00 5.816313040256974318e+02 1.014782165036946708e+03 0.000000000000000000e+00 2.452425663340069661e+02 9.691843716103357709e-01 3.906717012797957977e+02 2.524171721943893658e+02 1.289545798326471186e+03 7.002927382471026476e+02 4.613714989042404682e+02 9.729144423240444484e-01 0.000000000000000000e+00 7.320865026108082247e+02 1.607113398598773557e+01 1.378911483857065718e+02 4.283429463594479785e+02 5.448797240438135532e+02 2.051968527718177171e+01 2.433159238698593896e+01 4.727572202665520535e+02 3.768399220984534850e+02 4.522782510895479504e+02 5.652847865692516649e+01 1.264605357563081498e+03 1.120167849926195686e+03 3.594906489643389023e+02 2.291267205311375506e+02 2.210188690047185212e+00 7.059599877171220328e+01 1.180568560388300057e+03 1.541722587562883518e+03 2.655908306291863497e+01 0.000000000000000000e+00 7.295771123368365352e+02 1.229522803420324664e+02 2.238763213094065350e+02
0.000000000000000000e+00 0.000000000000000000e+00 1.341635996361281286e+03 2.763481893098283422e+02 5.348911886005263341e+02 2.001477703224370686e+01 1.808839753291888712e+02 6.027516894161150276e+02 9.150926184243006674e+02 2.661672627634017658e+02 1.017217579791488106e+03 9.536832048697290247e+02 3.934197090024744057e+02 2.800850240928133985e+02 1.356015273791624266e-02 8.604633258187359388e+02 4.974900796730182151e+02 1.310899599526293969e+03 5.882000055797946381e+00 1.221793786629905071e+03 1.165391577129225197e+03 1.937830120394813207e+02 9.039262986611660153e+02 7.842413818380977091e+02 7.800636554266864664e+01 3.186363293362073250e+02 1.098929805877484341e+03 6.967973568535703635e+02 2.085996886201767211e+02 1.033079941476672047e+03 5.580608906318707341e+02 4.119177935617461372e+00 7.450719295509959466e+02 5.678657578962001651e+01 2.412771067464765906e+01 1.704443322118718243e+03 8.840682533861366892e+02
0.000000000000000000e+00 1.343645860059145662e+03 7.170805253293607393e+02 1.209590615747102675e+03 9.151371523807614494e+01 6.531393367347833419e+02 1.164808816670262559e+03 4.761420781587038960e+02 6.481629664329341400e-02 8.693353340353210612e+00 5.320864846587052455e+01 1.404907182255853513e+03 3.390815127136776823e+02 9.268089848695110504e+02 1.157459469301009136e+01 5.412343534237847962e+02 0.000000000000000000e+00 1.948764699539022516e+01 9.382968348747414211e+02 5.698480450318256452e+00 8.864638680249192930e+02 4.993549685762561694e+02 1.652824997976463806e+02 1.498891823560508556e+03 1.099995321064186271e+02 1.618243162557785411e+02 1.534137849087086103e+01 3.227957288282254353e+02 1.478428588975426976e+02 2.165688265312184058e+02 5.923619699683874984e+01 7.767713519731965732e+01 2.839656590174225315e+01 3.778445592286221313e+02 5.632815665238883867e+02 3.643537276893165089e+00 2.469447790195627306e+02
0.000000000000000000e+00 1.717763502736018300e-01 2.697412601866532977e+00 8.981525102194464694e+01 3.248133183585165398e+02 3.035362949334976861e+02 9.700119006620417395e+01 5.559624761960914263e+00 2.677795436723971737e-06 1.013827856771859359e+01 7.775075720419612253e+02 0.000000000000000000e+00 4.067467959861421605e+02 3.718644651723431025e+02 2.741878909262936190e+02 2.749023335068694109e+02 2.678835119927180042e+00 7.243888056577850953e+00 8.823152319145152660e+02 1.380088198985684585e+03 1.815266941444256332e+01 6.464389559069994675e+02 1.564197252308890711e+03 1.418878415989662756e+02 2.021247451464282676e+02 8.623899513932439049e+02 6.556489860033444756e+02 6.735735274358084501e-01 9.006937138053776835e+02 6.770772302410736074e+02 5.392309231982367237e+02 9.313745810678858561e+02 5.778755300196874600e+01 2.271799824879971084e+02 1.076152864422698485e+03 1.371238671399062923e+03 1.461341697579636190e+01
0.000000000000000000e+00 1.738687811932288014e+03 5.753653552354634257e+02 4.183054781131757771e+00 2.353776492870745329e+01 1.857571343556358201e+01 2.005894158405383682e-03 2.489479767233764539e-03 0.000000000000000000e+00 2.783769600763218666e+00 1.105404506253590625e+03 1.444434561236169429e+03 9.546097054962736195e+01 6.235574647498475542e+02 2.608202415224126867e+02 1.234065817666024998e+02 1.054041354977368838e+00 3.952977007390453545e-01 6.210942251002174999e+02 8.323050393362096884e+02 1.315919882820094699e+03 1.309718765862454006e+02 0.000000000000000000e+00 5.627983649973272122e+02 6.983710832209851560e+02 1.284563640383990979e+01 6.790666705193437735e-01 6.815656216907312910e+02 4.501634644071604185e+00 7.870055586741103753e+02 7.829153341809754920e+02 3.570100959841039980e+02 8.574734146900766518e+02 4.470399996664957030e+02 3.063856448727854627e+02 2.028920521563129569e+02 3.773651896217479207e-01
0.000000000000000000e+00 0.000000000000000000e+00 0.000000000000000000e+00 1.076319063671249978e+03 2.896465191709352212e+02 2.426644634482944429e+00 1.676958743886356373e+01 3.043531460318169835e+01 8.114365588536949190e+02 2.769519547615003603e+02 0.000000000000000000e+00 2.265600872859105266e+02 2.245665743822990521e+02 3.839949739929286920e+02 6.097249822685648724e+02 2.248921031845657392e+00 2.087613995166339009e+02 4.190117014232757953e+00 5.175326441371111059e+02 1.051148926959913524e+03 5.648403888580244256e+02 1.523424715363387527e+00 8.704915890487696970e+02 4.276777789528568263e+01 1.596409977091727228e+02 7.901894621217829808e+02 1.427012782458452591e+02 3.033373287160925802e+00 6.004064494252290274e+00 1.281129527390216083e+02 8.056552491476999194e+02 3.915779133258993170e+02 3.639504614433171810e+02 3.195296260365281569e+02 0.000000000000000000e+00 2.840434344297115103e+02 9.553145589309461911e+02
0.000000000000000000e+00 1.375929847779765396e+02 5.752052196764982455e+02 1.817980145914101797e+02 2.607189507088962728e+02 4.637172011045286126e+02 1.020435240415223120e+03 1.664551938249306204e+03 3.058149040058519574e+01 5.271177695131859764e+02 9.361624259103842860e+02 4.154166067314763495e+02 1.093732749749920963e+01 1.380240760536569724e+03 2.947465903708338146e+02 1.558020071732059648e+02 1.090533100251058585e+02 1.140568217145234712e+03 1.734898729055460308e+03 1.299993834596163651e+03 7.719375935221013840e+00 6.005451821109323873e+02 2.324731373262809697e+01 1.280936559188736510e+02 1.059779839823902648e+03 4.295626863245268510e+02 7.078222628924385162e+02 5.929248527073665400e+02 1.597983388394195288e+02 4.189649550261273134e+02 1.148398354997407012e+02 6.118375936875142997e+02 6.501963251353907935e+02 2.343097466393633255e+01 4.113115611359985380e-02 9.267364935313162277e+02 1.214639370384805488e+03
0.000000000000000000e+00 5.831114568923408115e+02 1.191000409106991675e+00 0.000000000000000000e+00 5.952889619244532469e+02 1.392266159275067139e+01 8.045594237641826019e-02 1.088729581414828090e+03 7.182140859661618038e+01 3.589737260915488264e+02 2.193249874600323057e+00 1.131733678297807046e+03 6.032573301974387014e+00 6.113605078921995073e+02 5.649275150258180247e+02 6.900109077756644638e+01 2.800262673944862968e+02 1.232418808823740193e+02 1.107658190431698358e+03 2.391680558533937884e+01 1.113527626682944174e+03 9.520973132610741914e+02 0.000000000000000000e+00 3.102516759728854936e+02 2.962326479778053567e+02 6.614108050932216543e+01 6.342424218649069871e+02 1.534502849565365921e+02 4.318951733865568485e+02 0.000000000000000000e+00 6.135834202264913984e+02 5.136526283790643532e+01 5.163333721478015725e+00 1.206156662243375877e+03 4.005239940178062170e+02 3.334373495574996014e+02 0.000000000000000000e+00
0.000000000000000000e+00 5.695051996824608977e+02 1.494315469595966078e+03 9.430167058138937364e+01 5.947646151774317786e+02 6.185112524671436063e+01 3.573634391551855742e+02 1.147751050671799021e+03 9.133273666101376875e+02 5.047580262357381287e+01 1.518311920078115008e+03 2.321670758538785435e+02 1.401932230261156178e+02 1.103168529488373679e+03 0.000000000000000000e+00 2.269315560378410623e+02 0.000000000000000000e+00 9.200784760697130196e+02 1.773338563553678859e-01 9.698614848917649169e+02 0.000000000000000000e+00 2.859604690557309823e+02 6.021885010050767768e-03 1.309449416539591084e+03 2.628844194235231271e+02 5.019580281715215619e+01 1.112046963811392970e+03 2.506212343264994646e-01 2.641049747658575484e+02 6.482701945397509462e+02 0.000000000000000000e+00 8.979671930474565045e+01 9.369820787110770652e+02 1.769382993680403047e+02 5.131922627661405159e+02 6.441036708304442016e+01 1.638670714150107870e+03
0.000000000000000000e+00 3.878158162598421388e+00 0.000000000000000000e+00 0.000000000000000000e+00 0.000000000000000000e+00 0.000000000000000000e+00 0.000000000000000000e+00 2.802889771045277030e+02 0.000000000000000000e+00 0.000000000000000000e+00 0.000000000000000000e+00 0.000000000000000000e+00 0.000000000000000000e+00 1.318368789969123149e-04 0.000000000000000000e+00 2.578115171364497087e+02 1.481301163385399832e+03 5.016255007485789719e+01 1.211004702072639702e+03 9.620109573250643962e+02 3.850193952631848902e+02 1.257741757907187008e+01 7.839692031402889825e+02 7.420699625409844202e+02 1.787728716110699878e+01 2.439849300536873784e+02 4.926727593330332411e+02 1.880505453627142458e+02 1.181291810317138555e+02 6.855440137109469561e+02 1.605010088823504759e+02 2.817183235189834818e+02 4.795106984167083510e+02 9.466574111023169280e+02 2.571730769764991464e+02 1.913475105803735232e+02 1.536737316245356055e+02
0.000000000000000000e+00 1.465626801774582759e+02 0.000000000000000000e+00 0.000000000000000000e+00 0.000000000000000000e+00 0.000000000000000000e+00 0.000000000000000000e+00 1.755135699882164335e-01 0.000000000000000000e+00 0.000000000000000000e+00 0.000000000000000000e+00 0.000000000000000000e+00 0.000000000000000000e+00 4.103603087047412714e+02 0.000000000000000000e+00 6.607639103355653560e+02 1.520117078305135649e+01 7.447609455985345406e+00 0.000000000000000000e+00 7.557519077908507370e+02 1.542224043363519513e+03 6.449366588924211783e+02 1.925285744540730093e+01 7.655008670846706309e+02 0.000000000000000000e+00 9.507996362435559945e+01 1.158753840875266178e+03 2.843770249429322234e+02 1.727532573309991335e+02 1.059812119691159069e+03 5.260921120673477702e+01 1.395044548525232528e+02 3.838168512331983351e+01 4.282432704934628305e+02 1.335046259650726597e+03 1.265290615724165718e+03 8.563148029628104396e+00
0.000000000000000000e+00 3.805663115124858109e+02 6.494302384476120551e+02 2.692041619886799131e-01 1.124201709947910928e+02 1.306246300374795737e+03 0.000000000000000000e+00 3.376161280869861798e+02 6.872806166069913161e+02 9.876357025783406698e+02 1.066264138309257525e+01 1.310428485053794020e+03 1.291621826932033400e+03 1.700496582052746231e-01 1.317353294606529062e+02 4.560912866704060487e-01 1.367199312946629789e+03 1.152898051806333342e+03 9.587486222653557206e+02 0.000000000000000000e+00 0.000000000000000000e+00 1.198468040740527158e+03 1.227391472732191232e+03 2.176796568451055697e-03 1.713748096683249969e+03 1.149703100176028556e+03 5.190713635698807060e+00 4.823313141390544843e+02 2.905383463619770268e+01 7.054860756404748372e+02 8.809305096861102413e+01 5.137486631186585555e+02 6.367261722302804401e+02 4.238088858330702919e+02 1.248509341815726117e+02 6.092242052907180323e+02 1.818651264764703868e+01
0.000000000000000000e+00 1.227736116489282239e+02 1.532148375530683282e+00 7.935889311321961404e-02 4.364899586343145010e+00 1.136291317629367995e+03 5.861275399657229990e+00 5.680796568694210009e+02 9.689220976817083510e+02 1.430824413164081079e+02 8.085941254266734157e-01 1.745621997796663436e+02 2.672698457078134879e+02 2.436592073067374145e+02 5.324963653080513382e+01 9.140093913414518711e-01 1.312679693215704901e+03 0.000000000000000000e+00 1.324379927985651648e+03 0.000000000000000000e+00 1.142504706428193458e+03 4.482958017910106951e-01 0.000000000000000000e+00 0.000000000000000000e+00 0.000000000000000000e+00 0.000000000000000000e+00 0.000000000000000000e+00 1.625055345208146264e+03 0.000000000000000000e+00 2.348974890334428167e+01 1.520648096144509793e+02 2.719387901985634812e+02 7.066101492817881535e+02 1.110888472906973675e+03 1.283567682911650991e+03 3.767368585813099191e+00 6.426361607364466408e+02
0.000000000000000000e+00 1.254943723508975069e+02 2.815894861295135456e+02 5.001028324837667682e+00 0.000000000000000000e+00 1.063057908279149160e+03 3.220786260840724680e+01 1.236642751180756704e+03 8.934359748342309331e+02 1.340880709417366916e+03 7.650749674475693496e+01 9.082022340408425407e+02 8.066919911814690461e-04 0.000000000000000000e+00 5.332678338318861506e+02 5.494737180349217986e+00 1.862908384631260333e+03 1.420661658140351847e+03 1.382491676857817264e+00 7.758477636647163536e+02 5.190356572798586967e+02 8.152715644390841589e+02 4.416687973227280395e+01 0.000000000000000000e+00 6.998959038044015415e+02 0.000000000000000000e+00 3.779931726491255972e+01 1.251304788486000685e-01 1.240250496158293858e-01 5.405788028044042695e-03 1.069373793651067217e+03 6.322294445451402112e+01 1.442138193005894209e+03 6.476064313466100657e+02 1.958208089174234556e-01 1.679877137630117204e+03 1.600761110141173276e+03
0.000000000000000000e+00 0.000000000000000000e+00 0.000000000000000000e+00 0.000000000000000000e+00 0.000000000000000000e+00 5.434672761030332140e+02 3.625441189856820046e+01 8.099984569050989194e+02 6.494422357944869439e+00 4.590056579517160458e+02 1.683134259190498483e+01 9.718429435363678977e+02 3.026780429075867218e+01 5.503150710203733809e+01 6.738334604154404133e+02 1.684153805575747811e+03 7.777800086426260577e+02 9.387614618023985713e+01 1.880221933068249882e+02 7.255371442387414618e+02 9.208550676680980018e+01 0.000000000000000000e+00 1.479953450511306301e+03 0.000000000000000000e+00 1.076607422582060508e+03 1.995252463172436990e+02 5.169805263106035653e+01 6.101197340247963439e+02 1.597435757303759374e+02 1.316146140156345723e+02 1.785149241193317415e+00 0.000000000000000000e+00 0.000000000000000000e+00 0.000000000000000000e+00 0.000000000000000000e+00 0.000000000000000000e+00 0.000000000000000000e+00
