output/example/lateral_incision_000078.asc
nrows	75
cellsize	13.33333333
xllcorner	0
ncols	75
yllcorner	0
NODATA_value	-9999
[rows 51 to 67 of 75, columns 0 to 36 of 75]
0.000000000000000000e+00 0.000000000000000000e+00 1.105763585897183106e+02 4.824850278182994390e-01 0.000000000000000000e+00 0.000000000000000000e+00 5.576963174612311605e+02 7.737898783087922538e+01 1.135638466722763269e+02 4.140178377414810207e+00 4.961168469057386687e+02 9.396106455443009509e+01 6.079101165778631639e+02 4.177370322249523982e-01 0.000000000000000000e+00 5.643719809510603227e+02 1.358635115547694170e+02 9.162973692091320572e+02 2.619709365421814695e+01 6.863676567554459318e+00 3.290739051030474229e+02 1.064170647102069324e+03 0.000000000000000000e+00 1.395217914910630043e+03 0.000000000000000000e+00 0.000000000000000000e+00 0.000000000000000000e+00 6.159150571040950126e+02 0.000000000000000000e+00 3.619018220807899411e+02 9.485140953045487322e+02 2.017569593561511851e+02 7.318785180845136518e-01 0.000000000000000000e+00 8.394451828135095184e+01 8.520507451946407400e+02 0.000000000000000000e+00
0.000000000000000000e+00 4.538784070837570539e+02 1.621939040730214572e+02 1.053138122128244277e+03 1.132813518944985054e-01 1.212027575480543184e+01 1.800674628102402153e+01 4.661741264733843764e+02 4.594583670872632979e+02 9.136906616334360933e+02 4.457779118109614842e+02 1.929420589488605344e+02 5.708186186645790485e+02 4.674128269500670285e+00 0.000000000000000000e+00 7.520477641424585045e+02 1.855813072675326225e+01 9.279030813717484705e+01 0.000000000000000000e+00 1.341718454104239527e+03 2.742426317016311828e+02 1.033850348715482284e+02 2.710147321079984906e+01 5.289195185816020057e+02 6.412243353282337921e+01 1.547610622332366347e+03 1.716087215164119243e+03 0.000000000000000000e+00 6.066840811605278532e+02 3.679775807167654511e-01 1.194753960306859881e+03 0.000000000000000000e+00 1.581548646234667331e+03 0.000000000000000000e+00 2.936981038733370482e-05 6.041895367433763795e+02 1.388611418858883553e+03
0.000000000000000000e+00 6.779704514336091279e+02 1.477043914267489129e+02 4.878758002363363744e+02 2.818713573886800008e-02 3.877925325861037322e+02 5.320992211452141873e+01 1.082688793533472165e+02 2.915286157217613550e+02 9.603235109219815513e+02 1.626938195518102259e-01 3.926423558924417421e+02 9.170480663066069837e+02 1.054494102547629382e+03 5.309971800487948030e+02 4.830664435559907588e+02 1.470477261051197004e+01 3.647675944557270356e+01 2.347190357798334404e-01 6.176552158409466529e+02 1.026924676469114729e+03 7.986670295400334396e+01 1.119080061048404815e+02 2.994610242872874437e+02 1.571392406111513929e-01 2.703797575819081800e+01 0.000000000000000000e+00 6.085260579725679690e+02 7.600301925620934753e+02 9.712443072663262456e+02 3.292988177780710735e-01 3.175728917354368832e+02 1.097429933282325692e+03 8.425503499148693436e+02 1.740254327354715969e+01 9.308067975154488138e-01 5.704151032877746275e+01
0.000000000000000000e+00 3.330825462854051788e-01 8.644738844178033332e+01 2.025438704578627096e+02 1.352180105223063222e+01 3.032647008966187059e+02 4.822690394129407991e+02 2.429810327531408802e+02 0.000000000000000000e+00 6.660833997932765404e-04 9.178975149718181683e+02 4.350275031782712176e+02 8.861998888994282879e+02 1.122349256506801041e+01 0.000000000000000000e+00 1.326344375216208164e+03 1.588050679046424030e+01 3.836040366042894902e+02 6.035288159384410847e+02 1.026807415246323352e+01 3.332768804264392770e+02 9.767397247239156144e+00 3.172054802653283332e+02 2.196724553739581154e+02 4.319031203610300622e+02 3.107496547435920076e-01 1.291608813732107137e+02 5.447728755768383735e+02 9.469719145840092551e+02 1.651202489452626594e+02 5.353247139678791316e-02 1.252669243432978305e+02 1.380013407341690197e+02 8.653259112983754449e+02 5.601832576421040955e+01 7.813499510951517095e+02 6.042524561546644009e+02
0.000000000000000000e+00 3.756859131202499924e+01 9.399303435258664194e+02 8.703071949409597607e+00 1.145931628786008105e+03 1.459104114630907247e+02 6.409827021579333177e+02 5.997850541544837597e+02 1.853784360522282293e-01 0.000000000000000000e+00 7.957087077842825806e+01 0.000000000000000000e+00 1.226242997695055692e+02 4.998552856912790077e+01 5.771437234608198423e+02 4.705905953921561036e+02 0.000000000000000000e+00 3.474264286896433305e+02 7.827299241093310229e+02 3.326003936477926004e+02 1.069191884795731440e+01 1.203008193966421047e+01 3.063765681487690813e+02 8.661636308154709241e+02 3.225867156376494904e+02 1.463209192983927487e+00 9.927661481210348029e+02 5.715186730952414109e+02 1.796587701788661889e+03 9.222819432239318758e+02 5.151880805260932448e+02 8.298106499115545306e-03 2.547297911998553932e+00 3.280397787011494870e+01 2.135061526087438324e+02 5.094908940376602402e+01 1.959618883481317653e+01
0.000000000000000000e+00 8.198156038205668210e+02 1.347227262287844724e+03 1.146030543065854999e+03 6.006109758985131748e+02 1.100547341770256935e+03 0.000000000000000000e+00 5.217244729651507669e+02 0.000000000000000000e+00 1.032222820938239787e-06 0.000000000000000000e+00 3.865066979256656584e-10 5.799158913076285808e-05 3.980334736987686028e+01 4.818878235999492290e+02 5.828495456117344276e+01 0.000000000000000000e+00 6.353917783818535554e+02 1.157625013257892022e+01 1.709841442310287505e+02 9.640506589957823280e+00 8.416480506021129031e+02 1.012404880099373230e+02 1.807277955641044116e+02 6.857550845642199633e-01 1.053815663712443211e+03 2.657251681853206264e+02 6.766795295144726197e+02 1.087292062380167863e+03 3.441191079484202646e+02 3.758611747114257184e+01 1.415479692410488724e+03 1.227388524470113452e+03 8.394067758829439896e-01 1.311422918084289222e+02 8.056412379021730885e+02 8.783122080843768344e+02
0.000000000000000000e+00 8.072376694292379398e+02 1.795226557191390384e+03 1.264013588994818519e+03 4.741958341203106784e+02 5.122488733506260132e+02 2.421483233115306177e+02 7.576758556932143165e+02 2.503209777311293793e-01 8.976994651588022407e+02 4.078815930861843526e+02 2.302235548513747447e-09 6.260049252717586549e-07 1.566047563494757000e+01 3.995062707357488989e+02 6.543040813878221797e+02 0.000000000000000000e+00 4.378769535881932029e+02 2.589159536576826071e+01 7.010602156918054690e-08 4.739020780364948564e+02 5.913139282542559272e+01 2.118787445089377854e+02 4.558601383940094109e+01 6.993964098351199254e+02 9.000997774714569744e+01 7.217987554042946385e+01 9.619825080773799755e+02 2.675584127989081367e+02 0.000000000000000000e+00 8.892240104068961273e+02 1.409209731450911931e+03 1.621479014526696801e+03 1.131701789876778321e+03 3.492397205744688815e+00 8.402851562516468675e+02 2.947862546898769764e+01
0.000000000000000000e+00 7.241363098548105448e+00 9.619007584212952224e+02 3.924065134164885227e-01 1.108887838284374681e+02 1.461689831419267804e+01 2.645587807495418247e+02 7.597812439795088721e+02 5.070592853826913711e+02 5.627214368398579154e+02 2.255353997290404777e+02 1.643585396076004956e+00 3.319095043575595696e+02 5.683800091624123496e+01 4.792891151169579445e+01 7.109425331972676076e+02 2.002795813251725008e+02 1.276401113253885796e+03 0.000000000000000000e+00 3.230629007807881976e+02 6.535617819322989419e+01 2.618467634947007028e+01 1.619515726099082258e+03 5.207732633285876744e+01 3.962882955649640735e+02 8.483171705167219610e-04 4.499303040485111751e+02 9.774530047878073447e+02 8.384035638018909609e+00 1.136480942139136232e+03 4.376490641129011578e+02 0.000000000000000000e+00 2.387944379811503154e-08 1.083413991565023025e+03 1.836935070902751193e+02 0.000000000000000000e+00 2.103290793429588064e+02
0.000000000000000000e+00 1.591649958572163996e+03 2.364617404724861416e+01 4.900462292277596816e+02 9.907741037802023243e+01 6.690694361936793939e+02 5.520808147124719198e+02 6.690439429233313717e+01 8.343204901906013902e+02 5.532104309546161858e+02 4.939629663524234502e+02 4.733624688105783207e+02 0.000000000000000000e+00 5.587120109052211570e-01 7.075922066944221456e+01 6.370221969217265467e+00 3.460295966156905934e+02 9.498125969463667717e-01 6.291573269986080277e+02 2.942589946878939600e+02 5.962936618061133842e+00 4.984574843974584724e+02 6.635247732721138991e-01 1.486221160094504512e+03 5.357303156523495318e+02 8.760489260365186936e+00 6.322338913520084134e+02 3.106992231201246000e+02 1.225337517267111480e+03 4.529065556465280338e+02 7.720674306460771277e+02 3.119715215693786377e+02 0.000000000000000000e+00 2.200013398015196913e+02 1.324071687396326070e+03 8.463966988661575215e+02 1.605801153373544565e+00
0.000000000000000000e+00 1.490024192044526671e+03 8.229167223635986517e+00 1.252691359158447767e+03 3.047655972201583268e+02 5.883013914454943460e+02 3.241532966143772398e+01 0.000000000000000000e+00 5.798051843917918404e+02 8.880494802763980715e+02 1.384982564446826245e+02 2.888775161774777303e+02 3.685459652086484539e+02 4.321955616579840580e+02 4.472318209535461619e+02 9.367437504689979733e+01 2.636235357104338917e+01 9.452412481439999681e+01 6.285957137144657736e+02 1.820170720167944654e-06 3.851024056348966838e+02 1.548934856012444357e+02 2.078761537612393226e+02 1.282347602517677956e+02 5.496456041911401371e+02 1.764607124113401682e+01 3.784210221971714532e+02 0.000000000000000000e+00 1.448193286345756178e+03 1.688034145992887503e+01 1.064188389896891067e+03 1.553237850957322053e+02 5.765855591679998042e+02 2.623844739975815354e+00 4.733209042025050053e+02 1.424784381214836912e+03 1.619011890618155576e+03
0.000000000000000000e+00 1.587811083827748689e+03 1.661836020366368302e+03 1.199954699298167725e+03 1.074027908427246075e+03 2.978538063883693354e+01 4.429760834762478794e+01 4.692954086714375421e+02 8.986379832781358346e+02 1.086140839329310893e+03 9.895169367560653484e+01 7.301661879448209902e+02 0.000000000000000000e+00 5.633517873601614383e+02 0.000000000000000000e+00 5.810443699092189718e+02 1.334413754541828666e+03 8.038769935622722187e+02 7.612826033431048245e+02 1.490626669307087404e+01 6.287625955234285584e+02 2.385927665120390273e+01 0.000000000000000000e+00 5.646735954445522765e+01 8.849117175114378142e+02 5.391157276797802922e+01 4.502530885275051560e+02 2.804835269335764565e+02 8.637567877322020422e+02 2.661679075706858839e+02 9.686041309934201138e+01 3.465360516970299614e+02 3.891977670611239404e+01 1.417310428535439314e+03 5.953868470903364596e+02 1.103132307677845802e+03 2.677465873330019690e+02
0.000000000000000000e+00 0.000000000000000000e+00 9.587544909700012052e-01 2.842622258186621025e+02 9.477806234852769762e+01 1.419566518723091519e+02 2.989900140173984369e+02 2.266876059977217805e-01 2.892806286117390187e+02 6.246597764381821207e+02 9.476117466162961023e+00 3.704604595644368032e+02 5.217112211591024789e+02 5.076341692344857961e+02 6.377814630826986786e+02 1.125175103832580135e+02 0.000000000000000000e+00 1.073558642484739266e+03 3.673118947430595682e+01 2.787536325546977309e+02 4.519886161079729447e+01 8.746466036168074609e+00 5.354230039069531131e+02 7.097919567733010808e+02 5.065010885815159725e+01 4.137880053825298887e+01 4.770370884337303892e+02 1.462098202739881003e+02 3.268551300288276025e+02 2.214847930625613581e-01 1.903277185965865037e+00 5.259236090918634687e+01 1.608111671819372361e+02 7.403727605456931542e+02 4.161458470445602131e+01 1.337686595898499036e+03 1.345649507652231414e+01
0.000000000000000000e+00 1.328608670514369351e+03 1.637592782970576764e+03 9.992406905737699390e+02 0.000000000000000000e+00 1.277668131966621331e+03 9.009466053698431551e+02 0.000000000000000000e+00 9.799371852874542128e+02 6.932884095684322956e-01 3.061395387610270191e+01 6.448346298570769477e+02 6.284313777039587379e+00 5.649570305291543946e+02 0.000000000000000000e+00 2.922498817773298470e+02 1.345861296100210893e+03 1.257941484232609497e+02 3.919127569388430175e+02 1.788092712420072061e+01 4.995350024262281181e+02 6.929330058739230358e-01 5.904452899883340322e+00 1.662647188091190609e+00 1.320677350589583909e+02 9.125983819383509399e+02 1.247138362537537432e+03 1.760699194204795148e+01 5.140670584289540557e+02 9.919383427927376715e+02 4.089174729677037590e+02 1.156671491430955712e+03 4.097091006674467017e+00 5.247884447068749978e+02 3.086527488611764611e-02 2.185762624457310608e+02 1.455541751555496610e+01
0.000000000000000000e+00 0.000000000000000000e+00 3.702268558958290896e+02 3.305800309679279394e+02 5.081467343510519186e+01 9.166085144014301704e+02 1.318738622029997941e+03 1.656409246591725150e+03 1.802232286147684270e+00 1.491337725550401956e+03 8.712365731943267519e+02 8.749247794860730210e+02 1.817340156026142211e+02 1.749145897322100609e+02 5.232355936533480190e+00 8.188469347664681663e+02 1.260453894584984937e+03 2.881181272741778230e+02 1.339040629398279281e+00 6.553826485191268603e+02 7.466252711679351250e+02 7.050573411363685636e+02 4.512283082850331652e+02 9.648477290789634253e+02 1.691253787296344910e+02 3.299786330071641771e+01 1.493089224836612630e+02 3.580891982039050276e+02 3.064493873880361718e+01 2.184473042738883066e+02 7.248898338099483851e+01 1.759147591878862329e+02 1.513574284822729794e+02 8.005109928461227753e+01 2.675616920841498991e-02 3.158269323081865991e+02 1.799281017305870023e+01
0.000000000000000000e+00 6.474814652421466690e+02 1.233927705308594369e+02 2.614854065129963712e-02 5.896585693778059749e+02 7.532729543431170214e+02 6.715893244516039431e+02 1.555560884419873391e+00 6.172612717169346297e+02 1.431907420053499663e+03 6.188432863127857217e+02 5.921375129360054643e+02 3.010104618117067048e+02 1.881725476313834378e+01 1.825295157624881881e+02 0.000000000000000000e+00 6.276034130448630322e+02 1.514999077842981592e+02 7.469944752304681970e+02 7.424575718709518242e+02 2.607273183019278306e+01 1.144259370424495046e+03 7.583101985112887178e+02 3.274832997919526201e-01 1.107456377961155340e+03 1.059323113280384632e+03 0.000000000000000000e+00 3.039557175641987783e+02 8.045425611529462913e+02 4.505680390374932287e+00 1.007793746648803221e+03 6.606569251950795660e+02 3.945074393602160967e+01 3.288386980709869363e+02 2.908870581228673586e+02 1.963622508417224708e+02 1.338053636915432554e+00
0.000000000000000000e+00 0.000000000000000000e+00 1.144387873087818434e+03 7.694947440493641579e+02 3.816688199909710875e+02 6.140830172261735953e+01 1.262600991263547485e+03 4.482970052269175198e+01 0.000000000000000000e+00 5.893801057350424344e+02 8.137833470104919797e+02 7.003791622801624044e+02 7.124036460384891578e-02 1.226358988894026425e+03 9.321083592418436865e+02 2.843491122465238163e+02 2.194261384605500496e+02 1.870169071895435664e+01 0.000000000000000000e+00 3.136764303872919299e+02 9.708385007923665455e+01 3.991442719404536774e+02 2.375127450662587876e+02 3.150791707758555731e+02 1.298135475061336138e+03 4.922645317917132388e+02 6.431026189269197175e+02 2.047269331053566930e+02 0.000000000000000000e+00 1.249670476546516966e+03 8.479908378428147736e-03 0.000000000000000000e+00 5.164315869720115870e+01 5.664943806539247362e+02 4.089616020206689129e+00 4.843361928723633696e+02 4.667323799958276140e+02
0.000000000000000000e+00 1.178678134005836995e+02 6.122646452760768625e+02 4.846956509348142959e+02 7.725866951717553093e+02 3.950001106028487585e-02 5.458032117708332187e+00 6.422708047117187391e+01 4.366184624901624716e+02 4.612021215978398914e+02 1.000968432197773836e+03 6.864858354516607051e+02 1.926089106743801551e+02 6.364683545817965751e+02 3.156037604148992273e+02 6.570291761602159113e+02 0.000000000000000000e+00 1.043092115582235380e+02 2.735523631245875436e+02 1.414403003792095781e+01 2.133533835473843787e+00 2.032103022912926704e+01 1.657149696490255337e+03 2.647206275930653305e+02 9.856868589291336775e+02 1.858861084257628349e+01 3.811458202448233834e+01 2.079728125631663005e+01 1.656628251577938613e+02 0.000000000000000000e+00 2.317536626669033595e+00 2.686224678817311542e+02 4.157352306875203567e+02 0.000000000000000000e+00 4.222429891550640946e+01 9.508070017065651882e+02 8.962255396742014568e+01
