output/example/lateral_incision_000311.asc
nrows	75
cellsize	13.33333333
xllcorner	0
ncols	75
yllcorner	0
NODATA_value	-9999
[rows 34 to 50 of 75, columns 0 to 36 of 75]
0.000000000000000000e+00 4.844733379650705842e+02 2.604522924882749730e-06 0.000000000000000000e+00 1.232208007161407295e+03 1.946977516633390906e+02 1.436001861333286058e+02 5.435755048079628295e+02 9.922588669919723543e+02 4.130397868099313996e+02 5.819645324227958554e+02 6.131719718406228594e+02 1.244204819945098563e+02 6.286744381521231873e+01 6.503373213844262182e+02 5.261749874339827784e+02 2.740808277776573050e+02 3.873675720148433470e+02 1.501203365816020323e+02 7.723564594198593340e+02 7.724053686375292500e+02 1.175639198391904756e+03 1.276568153935891132e+03 1.173176350213936274e+02 5.267920222054979229e-01 1.954515197385450733e+02 1.199052001191972067e+03 1.028222459449017805e+02 6.990053305705281446e+02 2.670816557833462070e+02 3.637578906183723007e+02 1.017567297019719774e+02 1.209746152696025774e+03 1.428131637008023517e+03 1.086161635229063450e+03 0.000000000000000000e+00 1.787944294639476652e+02
0.000000000000000000e+00 1.388083174053887888e+03 1.669672132377040271e+03 1.307991174178984650e+01 2.618757550312848892e+01 5.279521156917151075e+02 3.547501784386913641e+02 4.140456837508096299e+01 2.186358536656212550e+02 4.235867240486658147e+02 8.250476082622398621e+00 7.691731019390615529e+02 1.392949463117509595e+03 2.364755153338080618e+01 1.043477472021381345e+03 6.818264131280128595e+02 4.668266124512248325e+02 8.288397788175567484e+02 1.249371763773863933e+02 8.007892818665063714e+02 2.715524290878482248e+02 0.000000000000000000e+00 6.738202064587160294e+02 4.675350061188647715e+02 1.657628919886776409e+00 7.937298055383523376e+01 2.629921607106632564e+02 8.430735462413296091e+02 1.204663043127595756e+01 4.655145328873266521e+02 6.349923432990091214e+02 3.702605457541528153e+02 5.372259302802555112e+02 3.518131484505793196e+02 2.921167041390693271e+02 6.031017966727437063e+00 1.050200365547855881e+03
0.000000000000000000e+00 1.001938240503426947e+01 1.690752002268969489e+00 9.557961460451517723e+02 1.406806294023635473e+03 3.845318672481425892e-01 1.695363006118789144e+03 7.436886310416133483e+02 2.567543114416571939e+02 7.926839713897803108e+01 4.915470498921867488e+02 9.729144423240444484e-01 0.000000000000000000e+00 0.000000000000000000e+00 1.607113398598773557e+01 0.000000000000000000e+00 2.295799512007642704e+02 2.377771371940204972e+02 8.508575717681361539e+01 1.352300348643737379e+03 2.106356707102822767e+01 1.007353994238758617e+02 9.416865620898805389e+01 1.570908430391799357e+03 2.331181466042403940e+02 1.940751557969800274e+02 0.000000000000000000e+00 0.000000000000000000e+00 4.649883855635677605e+02 7.059599877171220328e+01 3.175555243476616329e+00 1.071096626474907776e-01 3.194838869333505045e+02 1.908847487371585716e+00 3.909737164028608731e+02 1.052321326880476818e+03 1.018339465560716377e+02
0.000000000000000000e+00 1.539227796884095142e+03 3.806832777277588775e+02 5.344455649045528389e+02 8.641560306108340228e+02 1.605634324883189734e+01 1.241334097897575717e+01 7.015196851862075391e+02 4.476955094651893674e+00 3.051064182719813402e+02 1.035341183679033520e+03 1.397748215062864858e+02 5.306669269604338823e-02 9.620053859412932979e+02 5.230245169251331845e+02 0.000000000000000000e+00 6.301108133305702950e+02 1.174790610648899332e+02 1.104579353509314643e+02 9.351914556017381983e+02 7.130520585781006560e+01 4.985261839396578409e+01 3.147458291607092065e+02 7.668582873317300255e+02 3.040347607382235537e+02 1.164112187871663373e+00 8.959946766049687312e+02 1.148496270918318260e+03 2.338935572988012837e+02 1.033079941476672047e+03 5.900301435894672295e+02 1.295706356790295217e+02 3.335193011792034667e+01 2.113083751953034835e+02 2.319684212317605159e+02 3.455383455569796638e+02 2.462065113933176974e+02
0.000000000000000000e+00 5.211934531218808121e-06 1.108080827817646423e+03 0.000000000000000000e+00 9.151371523807614494e+01 8.593731440690373802e+02 5.504662175146614800e+02 4.772487417380166335e+02 6.481629664329341400e-02 1.518490268711164859e+01 9.484196551618930471e+01 4.190410949954275566e+01 7.161545323044549605e+02 1.400724652740482725e+03 3.661170408195653181e+01 9.603546095708289840e+02 4.008543536042517417e+02 9.967481350493723191e-02 1.700860798145354465e+03 2.325060989506855247e+00 1.089567944353626444e+03 1.838081527863921337e+03 1.510034611262880389e+03 6.064325856374331352e+02 6.752691716297851698e+00 1.160832477128010396e+03 1.183176187526117019e+03 0.000000000000000000e+00 7.020116771448795134e+02 7.603916913899355450e+02 7.440526593364668884e+01 4.499704467632801652e+02 3.751520613779824771e+02 2.678055463240848439e+02 6.892214655585050878e+02 9.113203035626233373e+01 7.430919948030793876e+02
0.000000000000000000e+00 0.000000000000000000e+00 1.635687695039732944e+03 9.907757572941101216e+02 3.248133183585165398e+02 3.035362949334976861e+02 9.711015616167530595e+01 1.603699476207358998e+01 2.677795436723971737e-06 1.019914539023517897e+01 1.562174929866667071e+03 1.235152882719306455e-01 1.400790267972897027e+03 8.828842588230738784e+02 5.133086925864450905e+02 9.291787253271878626e+02 2.678835119927180042e+00 8.858880648940333913e+01 0.000000000000000000e+00 1.376123266089392928e+03 6.976583003882913303e+00 4.209201532969693293e-02 5.416595899118542548e+02 3.116030461421345876e+00 3.001437988586903884e+02 2.777865505530701284e+02 3.452008779020105180e+02 2.711824800695553872e+00 1.043405552034177390e+03 3.930020806098721664e+01 1.086554178380962639e+03 4.140069225029823201e+02 0.000000000000000000e+00 2.591285888757587941e+02 4.766013690348336809e+02 1.798270620974880829e-01 4.144025174298094072e+01
0.000000000000000000e+00 4.856157509755560682e+02 2.347042957781437522e+01 6.185285777474191491e+02 2.353776492870745329e+01 1.857571343556358201e+01 2.005894158405383682e-03 2.923176702060176213e-01 3.276787488581724261e+01 2.783769600763218666e+00 9.611406414479354225e+02 2.238825739566122075e-01 6.859380121450861907e+02 9.525254383457209997e+02 7.188003844081313218e+02 3.377509052050136233e+02 1.054041354977368838e+00 5.673606669200981401e+01 1.396847828490243304e-01 2.593998194615994013e-01 9.466728324274062061e+02 9.109124580402202298e+01 0.000000000000000000e+00 6.788872832641001196e+02 2.620471041330013406e+01 2.100047646419867533e+02 4.091213234673319334e+02 0.000000000000000000e+00 1.508526749285452070e+03 8.353244428177637815e+01 1.318504277972320324e+03 3.208796312955555550e+02 5.946730868638985257e+00 1.294791116453558743e+03 8.838951784836203842e+02 1.359896503456320261e+03 1.301919414810258502e+02
0.000000000000000000e+00 1.032804277402114849e+03 1.351227611147832476e+03 1.204836579974576352e+03 2.896465191709352212e+02 2.426644634482944429e+00 4.143027153802351847e+01 2.653947369449500115e+02 4.886415652913988765e+02 3.793274508929714557e+02 3.230225523775021088e+02 7.449824281007089439e+02 8.075041564799350979e+00 1.331831175024548884e+03 6.064054099583853485e+01 3.362713550692729427e+02 2.452687629838877683e+02 4.442100839971754453e+02 9.278980533312982004e+01 3.772598597565988854e+01 9.436002861691031285e+02 1.627240248341096503e+03 1.145987498036724219e+03 1.203618015508546080e+00 2.668904658413653124e+02 9.148704316801315883e+01 5.310367012762743570e+02 3.592277719555653004e+00 8.579651074716811081e+02 4.254060348433270633e+02 6.382977945819332533e+00 1.352289111678674089e+03 4.205756963619544990e+02 4.442479801546210751e+02 5.918007183664848725e+01 8.476824972823149551e+01 8.714747774597229935e+00
0.000000000000000000e+00 1.375929847779765396e+02 5.752052196764982455e+02 1.817980145914101797e+02 7.389262712578607761e+02 4.637172011045286126e+02 1.374944851581677312e+03 6.789358467848138616e+02 5.737949377522087389e+02 8.420363065155538607e+02 9.848944298372646244e+02 0.000000000000000000e+00 7.165280816726101420e+01 1.500418070748332298e+02 1.427162864020963298e+03 2.560824035705454094e+02 1.188158554057002220e+03 3.622859341965657336e+02 0.000000000000000000e+00 1.676734108806805068e+01 1.117331366215159733e+03 1.278181486697419587e+03 1.126492082168167208e+00 1.691572676497007706e+03 1.166530823262316517e+03 4.368290519911504930e+02 1.155562982477700871e+03 5.590405715734235947e+00 0.000000000000000000e+00 3.305813735756494793e+02 6.604092909061692751e+01 1.450274590868815721e+03 6.515289716966459643e+00 5.303575435865377585e+01 4.113115611359985380e-02 1.291881154890633070e+03 8.108048886959551282e+02
0.000000000000000000e+00 6.027121090063234305e+02 1.191000409106991675e+00 2.257480349700403224e+02 1.299089749218184942e+01 7.374471354566660253e+00 4.147478725637054886e-01 1.811511642216150619e+02 1.392013323190717813e+02 7.279665112495966639e+01 2.476984816494411064e+02 7.192593316597934745e+02 3.214329740415177525e+02 1.282311095463606243e+01 1.682326027451785251e+02 8.024922750312343851e+02 6.912025297998570750e+02 1.994483281450673076e+02 8.027116557254048530e+02 5.754200864006368192e+02 9.042636831908299655e+02 6.249191036648701214e+01 3.713921956001849480e+02 4.507215331203593678e+02 4.795056370148360543e+02 6.764122919793835820e+01 1.093036304552884808e+01 3.135127770112009102e+02 1.604927558421228539e+01 3.571713273918782079e+02 1.113121158539164526e+03 5.662265618876952677e-01 1.579332094074871975e+03 7.991491508568183022e+00 4.105708692649528757e+01 5.452188801831325691e+02 2.241637254292855062e+02
0.000000000000000000e+00 5.695084753355971543e+02 1.494318667440366880e+03 2.398346774503017116e+02 1.567913779017640366e+02 5.759973822836737867e+01 1.323347307777008609e+03 7.707913958411220392e+02 2.613891836092635117e+02 1.171203104835055456e+03 9.219234114420083870e+01 3.216872013745287404e+02 3.370167776174449159e+02 1.082960622834221169e+02 2.796911661399348645e+02 4.389421018705859296e+02 1.863123099055579530e+02 5.413709797119705627e+02 2.852306430147695551e+02 3.996955499321399543e+02 9.666185848469476261e-01 1.650015235379550631e+03 9.831145489944257179e+02 1.347915626422251023e+02 2.668138600537639604e+02 6.002712326494232542e+01 6.510675710994527208e+02 3.647907773783675793e+02 1.577787074501638998e+01 1.274670229176724433e+03 6.499086182553562594e+02 7.688388339756460077e-01 0.000000000000000000e+00 4.591331231733059894e+02 1.960212133038734450e+01 9.856181982936985941e-02 5.118903808649061489e+02
0.000000000000000000e+00 3.878158162598421388e+00 0.000000000000000000e+00 0.000000000000000000e+00 0.000000000000000000e+00 0.000000000000000000e+00 0.000000000000000000e+00 4.623398856223363135e-02 8.793565035858631518e+02 1.267752761474219369e+03 3.133820922887560414e+02 0.000000000000000000e+00 6.693496928321333144e+02 1.326446869916023452e+01 1.046266589006568438e+03 2.564932903018842580e+02 4.265566882853534025e+02 0.000000000000000000e+00 3.521407103497646318e+01 1.616044432485850848e+03 1.471550480717664255e+00 0.000000000000000000e+00 4.224291769946451609e+02 1.201163635710515564e+03 1.016715861858918828e+02 0.000000000000000000e+00 2.220504860425669236e+01 2.581998591129199738e+01 2.424513429257212920e+02 1.936231367600499311e+02 4.030654370839678080e+01 9.253653919716690552e+02 2.567262113091128981e+02 0.000000000000000000e+00 6.356183969582018563e+02 4.265428136494046640e+01 3.877002531409567609e+02
0.000000000000000000e+00 1.467319157367831508e+02 0.000000000000000000e+00 0.000000000000000000e+00 0.000000000000000000e+00 0.000000000000000000e+00 0.000000000000000000e+00 0.000000000000000000e+00 0.000000000000000000e+00 0.000000000000000000e+00 7.096044945909545731e+02 5.130887476384765478e+02 5.118367323207267532e+02 1.033054166885988501e+01 1.837453291571731313e+02 3.834687113897072663e+02 7.438420289566053043e+02 2.112902695680728812e+03 1.108409922941348391e+01 1.303559575584649077e-01 1.335039347801345230e+03 2.618046141154409057e+01 6.835980772280230156e+01 3.388422490654369881e+02 4.542063688033294397e+02 0.000000000000000000e+00 4.972117191907612437e+02 1.658064426139795557e+02 0.000000000000000000e+00 1.610204528844429660e+03 6.651449119412021105e+01 7.647941455494118372e+02 2.115368830044583888e+02 4.955904227171078560e+02 4.138130571311850048e+01 6.898106720983327023e+02 4.802384537414770449e+01
0.000000000000000000e+00 3.805663115124858109e+02 6.494706015006051985e+02 1.153338014181361473e+02 5.661097667026029967e+02 1.325259328551989881e+02 3.838244118853052669e+02 2.269462484339626087e+02 0.000000000000000000e+00 0.000000000000000000e+00 1.110617011169922508e+00 0.000000000000000000e+00 5.346987793860662891e-02 5.226336615040523839e+02 6.677163044412597515e+01 6.182534675204607311e+02 6.566376618642576091e+01 1.510690867353781641e+01 7.329790209923342559e+01 3.262378978454108847e+02 8.224466410099482800e+02 0.000000000000000000e+00 0.000000000000000000e+00 1.431257770554170065e+03 1.133115329459978824e+02 9.528452866862081692e+02 1.315808360969011346e+03 6.302117589623305871e-02 1.258159966086702752e+03 3.257363099172394527e+02 1.333787390335218070e+01 2.273594499981434183e+02 3.111619305346820852e+01 8.876839753786405254e+02 4.133564937771187608e+00 1.024402730589956263e+03 1.348951334538539992e+00
0.000000000000000000e+00 1.227736116489282239e+02 1.532148375530683282e+00 7.935889311321961404e-02 4.364899586343145010e+00 7.022632097526800408e+02 2.727363214738955435e+02 2.535403915848394831e+02 4.071126030521629104e+02 0.000000000000000000e+00 7.634079921792294954e+02 0.000000000000000000e+00 9.860379802017196198e+02 0.000000000000000000e+00 1.889979997910058024e-02 0.000000000000000000e+00 7.588495562492568458e-02 0.000000000000000000e+00 2.652087537947734575e+01 8.121558188103240354e+02 4.050286507074482074e+02 3.511154179734186300e+02 1.132215832251837128e+03 6.356681267869573730e+02 9.258499661149039994e-01 7.866480859107875290e+01 9.073192283167630876e+02 6.049278398963261907e+02 9.106143584187484521e+02 0.000000000000000000e+00 1.269082723851933451e+03 7.254478445647364424e+02 1.162545450586382003e+03 1.035364711666130972e+02 1.541475449228100160e+03 1.514318713530800323e+03 6.244009026007815919e+02
0.000000000000000000e+00 8.632901170852519499e+02 5.104946520651595421e+01 5.001028324837667682e+00 0.000000000000000000e+00 9.537378863890588718e+02 2.788751160932298490e+02 8.170108109444646161e+00 2.663254686712567718e+02 7.136171251656528511e+02 5.630082531372639920e+01 3.316186635903732736e+02 3.556614738333932451e+02 2.118608407730040710e+02 1.381539752417632485e+02 2.539687269845171258e+01 1.073753226850996953e+03 2.330297657532929065e+02 7.299244085275825578e-01 4.973392543967115886e-02 0.000000000000000000e+00 5.834398695476840369e-03 1.669324977363056917e+02 2.790974310776402376e+02 1.393057489818898830e+03 5.666409248727588874e+02 1.561173661871053941e-01 9.937933219998718641e+02 5.945341624976689445e+02 0.000000000000000000e+00 4.268975441304596643e+02 5.195283249431877266e+02 8.299365971290050084e+02 1.273542768340517632e-03 1.552190151702051537e+02 9.730821375899749910e+02 0.000000000000000000e+00
0.000000000000000000e+00 6.548362609248822537e+02 1.115776842126657868e+02 0.000000000000000000e+00 0.000000000000000000e+00 7.694157262636268797e+02 5.148379103745996872e+02 1.147655029249075369e+03 1.256393777623644155e+03 1.128273781269369813e+01 1.521193581356051254e+03 0.000000000000000000e+00 2.490033402669940017e+02 3.200750657161661366e+02 3.141784669465386060e+02 1.683127388866314789e+01 9.862445845660876103e+02 3.558818572504789017e+02 3.404724546888181180e+02 3.275658724430731894e+01 1.535283948431078215e+03 1.238959005095732209e+03 0.000000000000000000e+00 0.000000000000000000e+00 0.000000000000000000e+00 0.000000000000000000e+00 0.000000000000000000e+00 1.243173524746437351e+03 5.439996078984958849e-01 0.000000000000000000e+00 0.000000000000000000e+00 8.400068056036825510e+02 0.000000000000000000e+00 0.000000000000000000e+00 0.000000000000000000e+00 1.508875544711726889e+03 2.609359605129404258e+02
