output/example/lateral_incision_000371.asc
nrows	75
cellsize	13.33333333
xllcorner	0
ncols	75
yllcorner	0
NODATA_value	-9999
[rows 34 to 50 of 75, columns 37 to 73 of 75]
7.461259288965509029e+01 4.781035765394265695e+02 0.000000000000000000e+00 4.706345025840875564e+02 7.600860582959354872e+01 8.169264983529905066e+02 1.779924736452576894e+02 2.737440515888333721e+02 3.507953302772950224e+02 2.438117749052443060e+02 5.645973784928647774e+02 1.893524757597004823e-02 2.371820310208109390e+02 1.132621318867548865e+02 9.382495306329586171e+00 8.366922482349383472e+02 0.000000000000000000e+00 1.438947443388461807e+02 1.586863147383277521e+02 2.896894144510953879e+02 3.107654257992549560e+02 1.500446449167755532e+02 7.029531796435586557e+02 4.679931924996751924e+00 8.599051214439066726e+00 7.891131761700340803e+02 1.582845306126745299e+02 1.515879394030942819e+02 2.956725548207564458e+01 1.485850971685511468e+03 8.934160937798665145e+02 5.076975413256162142e+02 1.092739479986830702e+03 1.160059988187672161e+03 6.087031195318512999e+00 4.913896689437722785e+02 2.485773110896889193e+02
3.224342966451413304e+02 1.336516571745904912e+03 1.642550435904680626e+02 1.335573307849315761e+01 0.000000000000000000e+00 7.990394394526226733e+02 1.145873994203362400e+01 4.963260766388222223e+00 1.151110670541012951e+03 2.652722720603011908e+02 2.502263150379556009e+02 3.834071309315348941e+01 1.378453868804855915e+02 7.765025886799692216e+02 9.920619321296794624e+02 7.304617366186834033e+02 4.613324562713498977e+01 6.863356950358977429e+02 1.058665179694939525e+03 6.939058938889410229e+02 1.779351119693929490e+02 9.399007089504322039e+02 9.471183712980110840e+02 1.365725809953148428e+03 7.597890661490297362e+02 8.118404138895278948e+02 0.000000000000000000e+00 7.433485144450210100e+02 2.535227413583141853e+01 1.543342090329282200e+03 1.157860576361676976e+03 8.715353999665397922e+00 1.362622978538360063e-01 1.159677719728399836e+01 1.164898927049246822e+03 2.388427103109894233e+03 1.249416121702756328e+02
1.651970353222827725e+02 1.310116450599034124e+03 5.091254410066965193e+02 1.120602001515975275e+02 1.797096877148861438e+01 5.818596791914928872e+02 1.502113839604784218e+01 8.459430058871669544e+00 3.422512596968005472e+00 8.949752519624763636e+01 1.187635579344354220e+01 1.027327334465621107e+03 4.448584431028473318e+02 8.130848407823557977e+01 8.111272526057385903e+02 4.448570740506232255e+02 4.154804795835581785e+02 4.238705766654736635e+02 1.203660796864162608e+00 2.019115303532123562e+02 2.256303618295591562e+00 0.000000000000000000e+00 0.000000000000000000e+00 1.445792982006054785e+02 2.370882573499161428e+00 1.813601858966525926e+00 1.945343101504705601e+02 1.773094763068780594e+03 3.920816864902554322e+00 2.407802598411286397e+02 6.238421898776417152e+01 6.421173665839980913e+02 1.227333984705330039e+02 2.249952960104232957e+01 1.349365744661903577e+01 6.340947928847774619e+02 6.244754431759690760e+02
4.086441834299278497e+01 1.301359699002059187e+03 0.000000000000000000e+00 5.652267269343514045e+02 0.000000000000000000e+00 1.572098945952604367e+02 9.845416729498520647e-01 9.604498269878562269e+02 1.057430437822491967e+03 0.000000000000000000e+00 3.429095870186555430e+02 3.843941254038950319e+02 8.053107366421504594e+02 2.669891438438247633e+01 4.395121488769540861e+02 5.565830719631978809e+02 1.028929599687060318e+03 1.324722925412437178e+02 6.480092079675374634e+02 3.145045023759864122e+01 8.367597238611811008e+02 6.176066961689379013e+02 2.341037261063233643e+02 5.795787450159268701e+02 6.383184849513531844e+02 4.408358744918101024e+02 1.440025047913945286e+02 1.573076371142844437e+03 1.162079106004168949e+01 9.868405812630859373e+02 8.844797781847312308e+02 5.273165697416790181e+02 8.580985246222143132e+02 5.921945131945769845e+02 9.863559994958649213e+02 3.310730097116527304e+02 2.740421633073808039e+02
1.460004913103796071e+03 1.129167601810515720e+02 4.891758299600585502e+00 1.846374042386239296e+02 3.679996288747785798e+02 1.137274501522088485e+03 8.378060859716723030e+01 5.099236046216153682e+02 6.650596464035493227e+02 4.183988670618909111e+00 1.738548627128047176e-05 1.435547646197139187e-06 4.846656589307070249e+02 7.700453569685986395e+02 1.455873249079437493e+01 1.982119601373069084e-01 0.000000000000000000e+00 3.511948713929868973e+02 3.214375130589360197e+00 1.320513877713230158e+03 6.087027952900035643e+01 2.768093511149817054e+00 1.393012060543157986e+03 2.934394953838132096e+02 1.143393052249049106e+03 7.485159400394194051e+01 3.614377019963476982e+02 1.119096229168953682e+00 1.172300127665683249e+03 1.275176266966800085e+03 1.455212403979599685e+03 8.900689620774431887e+02 3.497279744640354693e+01 2.377705434654455996e-01 1.411448666729887975e+02 0.000000000000000000e+00 3.894805189145014879e+01
3.493814457463232159e+00 4.059122886928922753e+02 4.899412552061219799e+02 1.462111955775674821e-01 1.154833133845389966e+03 1.287589551003351062e+03 5.182061620161322253e+02 9.889983419581274120e+02 9.996644137434659849e-02 9.463177687426828015e+02 8.746807000172633479e+02 6.157423333735318920e+02 1.035100889385259535e+02 9.557773663858517921e+01 1.153115881909458125e+02 8.276199032160055822e+02 1.229126532452447549e+02 1.251985982129231161e+02 3.490320659585417928e+01 2.000471462325961056e+02 1.181595926257565679e+03 1.349958439301782107e+02 2.608058845277824034e+01 6.706153992732558078e-02 5.537738769838689450e+02 2.579014342521551839e+01 9.864596273963015847e+02 1.245007556114366976e+00 1.047910102347763996e+03 2.823990858995582585e+02 9.070067250746208232e-02 2.765678882945033834e+01 5.648956488020862707e+02 1.283120608895609394e+02 2.169048359055533126e+02 3.566982402631504812e+01 1.862282635041153753e+02
8.086972483958468274e+02 9.054570992386252737e-01 1.191854009433984857e+03 1.053764823531932507e+03 2.044016625507614648e+00 1.655940160135418449e-01 8.424256838976201607e+02 1.087147691488004053e-01 3.910179342348620821e+02 6.825395844328782005e+02 5.239087422664449605e+02 1.095569705537717937e+03 2.131096778179884410e+01 3.372525786279211388e+02 3.979074842354307862e+01 3.066028243388578267e-01 8.063118117410571131e+02 2.658757406762456412e+02 3.202062722986025989e+01 4.138954262035555871e+02 5.349796635234121140e+02 1.166849527803743968e+03 8.024532660058788451e+02 5.833737628431817939e+02 7.124342980373051581e+00 6.341002990582798020e+02 1.615337347486382214e+03 1.373669050913993850e+01 6.410032417068630366e+02 2.732089131394792503e+01 9.880405327091558547e+02 1.336359838713173758e+03 4.401589425654773891e+02 1.325941338292479486e+03 2.599844559181672139e+02 6.356396651208806361e+02 5.197729576949959851e-01
4.316608552292202603e+02 1.241551980878355295e+02 1.046182371291386744e+03 0.000000000000000000e+00 1.071656550066410603e+02 4.491747932989667333e+02 6.885502150204412253e+00 1.233408125126873529e+03 2.273538969315867746e+02 0.000000000000000000e+00 2.613751582645701177e+01 2.325898362734535283e+02 5.636289847050517804e-02 1.556686318234706619e+02 1.399238827579623479e+00 0.000000000000000000e+00 2.295545669171065413e+02 8.622955758047680774e+02 4.433106792387605566e+01 5.843510168926412689e+02 1.798954729553026652e+02 4.687252216384945882e+02 0.000000000000000000e+00 1.073867577953872342e+03 4.319560463376664075e+02 7.543752056533124417e+00 8.852364907889636925e+01 4.165917951267785746e-01 0.000000000000000000e+00 1.085292399480469840e+03 0.000000000000000000e+00 2.444973608264143365e+02 1.985664821622469276e+02 3.442597898091344746e+02 4.084275758597726167e+02 0.000000000000000000e+00 1.058660431734827867e+01
1.500647692293871387e+02 1.324749024745280224e+02 9.338329906829342235e+02 4.750410994073059889e+00 1.057077613846668328e+03 1.398937761277351228e+03 6.071220560019959578e+00 3.916532792218070540e+02 9.244075351365760298e+02 7.473150758719033604e+01 1.160566107635492699e+03 5.690817195537765656e+02 8.645656133587176839e+01 1.957817347945810527e+00 4.423626473795101219e+02 1.792950500109596135e+02 4.631383613348718313e+02 0.000000000000000000e+00 4.526545701523794207e+00 2.764002795274615210e+02 6.633213608702250212e+02 4.744603507664782569e+02 0.000000000000000000e+00 0.000000000000000000e+00 7.848048505823899177e+02 1.196233402509168400e+03 1.847407122527074534e+03 1.761229748686234942e+01 5.812726504440107647e+02 5.483164681915560124e+01 1.334417667960545259e+03 7.006881490816256246e+02 2.695101700737875490e+02 9.696205921029680894e+02 8.726033173311094515e+01 8.425602029994884390e+01 2.540808338205555827e+01
5.001856267330359742e+02 8.242484239597862370e+02 2.211003563765643207e+02 1.034796175768645270e+02 5.074756432688646157e+01 8.351516099119210139e+02 5.874667556525968166e+02 2.364964115510274745e+00 7.625711853088708949e+02 1.335315335251707092e+00 5.824927540712679956e+02 2.570602090120310095e+02 3.214487143363429595e+02 0.000000000000000000e+00 6.354511045095456439e+02 9.899665350311636303e+01 4.528523255235969600e+02 1.425260687494764644e+00 8.852967271972539720e+02 7.038091905668425170e+02 7.321910332852768306e+02 0.000000000000000000e+00 7.910953035917406169e+02 2.568271762539782802e-02 0.000000000000000000e+00 9.016938473551157074e+01 2.198101099710540041e+02 0.000000000000000000e+00 7.112978207507136403e+02 1.803174346246925950e+02 1.186764846911910581e+03 1.352823861846764828e+02 5.847033329335728524e+01 3.446201812449929207e+02 8.942885693984588613e+01 1.856164432807156857e+02 3.931499755462871235e+02
1.265306761112546363e+00 7.299397149414336354e+02 6.632378867659957100e-01 8.311180453567197368e-01 1.159251038728526737e+02 1.611314871962418238e+03 1.556829182340519253e+02 1.051308401483949240e+01 1.168027003228891772e+03 3.197832743091257726e+02 6.900918052833502543e+02 4.521446588663183661e+02 1.801311790369086907e+02 1.256439500367979690e+03 4.390409346718228107e+02 4.058668607793912031e+01 2.251775361261015296e-01 5.704974109849981687e+02 1.161027172681502179e+03 5.611952127879073942e+02 2.014852011772676832e+01 5.033508584345530039e+02 8.909770431408178410e+02 2.694941144346042350e+01 7.695652326439203534e+02 7.426939045565875404e+02 8.195714211628054500e+02 1.753111276178046296e+01 6.538414649375002341e+01 1.433791567483295012e+03 5.240101791850673152e+01 6.366543811263502448e+02 2.268055843309506656e+02 3.237756697970105568e-01 3.090315843126876416e+02 6.089086805717644211e+02 1.905585023429118863e+01
2.396898642224415426e+02 4.646176077724270925e+01 1.483067710968157144e+03 1.766955711177911041e+02 0.000000000000000000e+00 3.679387866823786339e+02 2.437413921488206370e+02 4.311024096277051021e-02 2.833244987031594064e+02 3.908505036486483846e+02 3.623762218374694726e+02 3.237652152281132771e+02 1.065948060944071187e+02 7.020247096947673349e+00 1.086811481730225598e-01 1.263433124893876141e+02 1.539264608242495724e-01 1.726986032909006497e+02 2.374523821063559410e+02 3.805300587747254326e+02 9.054382874628704485e+02 1.430739752694430820e+02 5.994224720150217536e+02 1.210368139210696654e+03 5.041803448506161442e-07 1.184954944498189207e+03 6.558970707932228379e+02 0.000000000000000000e+00 1.013022259956798848e+03 5.883252217525736114e+02 6.460179985266931908e+02 9.645337318458181244e+02 1.074403312375755348e+02 2.963664633346135702e+02 1.511563593998601895e+01 1.473365808099031710e+03 1.308083066642823269e+03
4.148752452501578425e-01 2.191725508816216106e+01 3.419092930147792941e+01 1.848395363876714782e+03 1.491765578205084012e+03 3.116597728001360679e+02 2.669063137090844862e+00 1.636411250808605246e+03 3.431060898544720885e+02 2.153946123340440977e+01 9.256628197607630000e+02 1.482005138883751840e+02 0.000000000000000000e+00 2.577270588302212673e+02 1.188791803951929751e+02 5.132347887966099975e+00 3.605897098622009480e+02 2.239808828812085650e+01 1.140564361207728297e+02 4.070584123697611290e+01 1.315319166521396255e+03 1.113832307017752100e+03 1.463191723410212752e+00 5.973262744767668408e+01 1.973196355218065264e+03 9.446847492632198282e+02 8.143341362181519827e+00 3.149683888970570944e+00 7.453943454377044020e+01 6.173877152113494731e+02 1.490161346830427078e+02 6.302149349968846082e+02 1.118263837379908523e+02 1.528114029514050344e+03 3.137603906938904288e+02 3.138465183854051475e+02 1.036878116478972970e+03
7.286070482572750961e+02 1.617036019470597108e-01 4.641218774486040388e+02 1.270964286675163976e+03 3.859484455072041555e+02 7.820143113667338275e-01 2.646964048190237122e+02 4.130344876865992205e+02 9.904689170066465920e+01 1.399038865267183951e+02 2.826427594742400515e+02 2.775044680349826649e+02 3.593667036279404869e-01 0.000000000000000000e+00 4.114246077590454433e+02 9.811176037705705255e+01 4.311552787491223739e+02 4.174011040554331586e+00 7.603812342083939484e+02 1.098042335935480313e-01 2.995146225216620905e+02 2.961387625275580149e+01 5.315337018075382503e+02 0.000000000000000000e+00 1.326787783126959539e+03 0.000000000000000000e+00 5.370458482474070934e+02 1.401689027440351310e+03 1.359006997415163198e+02 6.257851920501923360e+02 1.697938023235986122e+02 6.421641630999544077e+02 1.496786435035874376e+02 9.685184298292335825e+02 0.000000000000000000e+00 1.043234421884086487e+03 5.479733633903553027e+02
1.659824477288198041e+00 2.998997046032817693e+00 9.102983499296436776e+02 2.503003830377100769e+02 4.880402105486362885e+00 2.676455416200730610e+02 1.461580075152744030e+03 5.966476024374344433e+02 0.000000000000000000e+00 8.120920315858428467e+02 5.231243851145686818e+01 9.648969018455396451e+01 1.840822022871995145e+01 1.315883081154679076e+03 1.739634266472108948e+03 8.833934148710709451e+02 1.542096156546076884e+02 9.483257877184971676e+02 0.000000000000000000e+00 4.722927197986642796e+02 2.136001540249595720e+01 4.048628929764072626e-02 2.298847709839047297e+02 1.819703884149704891e+03 2.482833862428759225e-02 1.098911012643780168e+03 4.804501296654345879e+02 7.144538896252342397e+01 4.536233207626622175e+02 4.306759089851639466e+00 1.418094637861706588e+03 6.911017085326931237e+02 8.836684519186296711e+02 1.222259123689042553e+03 4.952510423307036262e+02 3.873017453247955899e+01 3.070178049910318236e+02
2.008253865432376199e-04 7.936945302177211943e+02 9.076849002128020629e+02 3.736703520081091412e+00 1.415838518615796374e+03 1.199017592520904373e+03 1.648477691904861331e+03 1.039243796297847894e+03 0.000000000000000000e+00 1.128382939519489355e+03 5.246453476841882093e+02 2.590757902185640660e+02 2.963100752469367194e+02 1.913753332254838901e-01 3.379109185753752520e+00 2.694224569733677299e+02 1.027888321584139931e+03 2.974306529731970272e+01 1.461797030440999151e+03 1.109159809832157634e+03 9.017225139143211265e+01 9.728789426305792176e+02 2.504929116317256330e+02 2.313735153374608389e-01 1.284395144410653302e+03 2.631857290903966714e+03 2.039082155543253805e+02 1.377969737026739665e+02 3.689266516089678589e+02 8.755661650914947813e+02 2.588841283926287815e+02 3.483197682566138709e-01 3.779152182497323338e+02 0.000000000000000000e+00 6.854666313096093972e+02 1.133917942138524950e+03 5.569224480640966135e+01
0.000000000000000000e+00 0.000000000000000000e+00 2.035166352283393978e-08 4.512632587811584699e+02 1.388097641470324788e+03 8.203647088981240358e+02 5.375004204170517141e+02 3.438276771926337574e+02 3.835820662496437876e+02 7.815658907744098087e+02 1.309327470980588259e+03 5.789350407563937928e-01 0.000000000000000000e+00 2.531167665196334440e+02 1.554899158408536778e+03 2.181367811305427451e-01 8.110754823345448727e+00 0.000000000000000000e+00 1.679377099179621524e+01 9.968627940362063455e+00 1.456787551416516280e+00 7.484816190118939616e+00 0.000000000000000000e+00 1.204650501913273047e+03 0.000000000000000000e+00 1.303572632475372302e+03 3.405515799175339531e+00 1.668749485615970585e+00 5.424462468130703883e+02 4.952221077074867139e+02 0.000000000000000000e+00 2.916806015303949380e+02 6.271197737392195215e+00 7.523938868269274849e+01 8.873128376945350615e-01 1.699541432584845779e+02 9.608749382758730917e+02
