output/example/lateral_incision_000481.asc
nrows	75
cellsize	13.33333333
xllcorner	0
ncols	75
yllcorner	0
NODATA_value	-9999
[rows 51 to 67 of 75, columns 37 to 73 of 75]
3.437207798846458786e+02 3.166121291506707394e+02 4.193819285538010595e-09 8.024677481162359527e+02 2.394520326375289869e+02 3.425842075539712823e+02 1.067593960381434028e-03 1.546705966697028998e+03 3.436221992271087267e+00 1.346533198018169514e+03 5.638334000920161770e+02 5.113324967804733205e+02 4.961669065781570680e+02 2.259274117371435864e+02 1.157181532141677508e+03 6.431882526582105584e+02 1.473688378681827771e+03 3.778612600612373029e+00 0.000000000000000000e+00 1.817612871770933936e+01 9.570282455796029808e+01 8.780870265444874576e+02 5.749423948060396194e-02 8.362284241655669348e+01 8.217561659979522801e+02 1.209792008442462503e+02 1.685403855623335971e+02 3.497034952699625610e+00 0.000000000000000000e+00 3.214117645298907746e+02 9.639026125328510943e+02 6.578817258081056707e+01 3.625100503797159490e+02 2.473991854422136782e+02 3.377301342349772995e+02 2.736925234121961239e+02 1.747444370932519586e+00
5.975278552009777968e+02 1.006320916343358505e+02 6.614719002564635275e+02 1.545450282774991422e+02 5.455246808783480219e+02 2.917795577693317946e-02 1.270475595459599617e+03 4.187997485659212771e+02 2.453695278982867194e+02 2.532401474912466810e+00 0.000000000000000000e+00 3.530210487081645976e+00 7.992597959291366516e-01 3.247369477690290385e+00 1.472444249935086447e+01 2.966221381181323391e+00 9.225958325404116422e+00 8.237767336213272529e+02 8.203721998359380905e+02 9.210844788046624672e+02 0.000000000000000000e+00 7.822129575925917067e+00 9.840950210192332293e+01 0.000000000000000000e+00 4.688651430840507146e+02 4.098359820023358679e+02 5.722895665363598710e+02 4.634576117609411767e+02 5.507342096149092185e+02 4.067218924676644320e+01 0.000000000000000000e+00 8.735139025002287099e+02 0.000000000000000000e+00 1.021428143512809584e+03 5.296935226916615420e+02 2.944408876082503923e+01 5.133100462028030506e+02
1.440279850859842554e+02 2.772435751969098305e+02 2.628459028180849373e+02 7.824906612998826461e+01 3.514908049931457867e+02 4.183787914713692213e-02 2.381841593685208522e+02 8.310644458246157456e+02 1.905903092038662976e+02 3.077367179011963882e-02 1.080078079715789727e+03 5.386255434284137209e+02 3.235763207690319518e+02 1.317377739504225019e+03 8.117784513630259653e+02 0.000000000000000000e+00 8.648653758349740883e+02 1.316339381611905424e+01 1.698045984191618629e+02 1.692177029273361555e+01 0.000000000000000000e+00 1.565122408698257459e+03 8.304987899142632841e+02 4.645583234949558573e+02 8.427920971579615070e+02 4.281183183032327406e+02 9.745323919848797800e+01 1.390000368098308741e+02 1.082710761174655545e+03 4.099655011716772179e+01 5.846652905434063996e+02 1.950224367031379913e+01 9.277722823329644086e+01 3.101897572079182623e+02 2.748808568911056796e+02 1.392270576728401693e+03 6.993855828078669674e+02
4.931696995891522306e+02 0.000000000000000000e+00 9.826926051430174311e+02 8.286442425952479596e+01 1.854466624781661466e+01 1.778911325387343254e+02 1.597855227177133202e+02 7.396193531965222778e-01 0.000000000000000000e+00 2.188804714496580459e+02 1.628736713985861115e+02 2.006838313433109988e+01 4.690573147566785792e+02 2.217608692487296196e+01 3.752191132862331528e+02 1.579832204091664835e+03 3.564055141883478939e+01 8.257854751013827581e+02 5.018313719500586103e+02 0.000000000000000000e+00 8.284928654908136423e+02 1.407265706561557295e+01 1.257293782989088641e+03 2.114258301799174205e+03 0.000000000000000000e+00 1.521182473193382484e-02 1.030275293091026697e+03 1.007306726412131979e+03 4.604673099639310863e+01 4.162641103420674682e+01 1.096707540155995986e+02 1.338864908955792998e+02 1.392057195888757803e+02 1.559708655731415661e+02 8.916996626667430519e+02 6.600129491866299531e+02 4.615720170292559601e+02
2.779668731356597391e+02 4.878169971332599744e+02 2.988195457615559576e+02 2.346293357387980905e+01 1.104934049313285868e+03 2.102690608281987465e+02 0.000000000000000000e+00 1.782558204853851080e+01 6.919792818470757538e+02 1.197566495820500677e+03 1.353961630432682568e+03 1.569886435977174699e+00 1.144496530330703081e+03 4.045752671299600820e+02 2.379707191663465267e+02 1.355972998371526046e+03 1.687287419078078443e+01 1.035003723179981307e+03 1.484203054502296197e+02 1.450092793077840838e+02 0.000000000000000000e+00 7.088375733102807885e+01 4.055816867892490407e+00 1.515356961124088912e+03 6.475012341173193420e+01 4.618537861644084046e+02 1.298013625420664312e+03 3.744095379389482758e+01 1.087244553343265807e+03 1.795926246557038439e+02 1.473797067680777218e+03 2.723117012927510814e+02 1.435212216182759903e+03 9.230472386711631998e+02 4.017804775484359325e+00 5.163177603100986168e+00 1.256917978881776605e+02
2.886825576166111773e+02 7.463273086411967370e+02 1.576392772871791470e+00 1.453919163893577604e+02 3.368458242133611407e+02 3.111697900928658100e+02 9.801198329638632458e+02 9.112565419709566186e+02 1.025838441456771655e+01 1.106022120283600316e+03 7.759050509090243395e+02 3.082353075972447343e+01 9.093671482473699825e+02 2.126777178817202685e-01 9.970858872390068655e+02 3.653704342070907884e+00 2.800849750598466699e+02 4.461899655333655232e+02 3.604434817353080689e+00 3.956232762102433185e+02 7.264016392401769906e+01 1.265115489899663146e+02 4.608825413201284249e+01 8.483032736896765513e+00 3.996184797438588987e+01 7.046645670542977768e+01 2.808589035598082617e+01 9.762820114785755550e+02 0.000000000000000000e+00 7.119640972831240333e+02 1.179921668103107777e+03 5.844916650264160580e+02 6.517472103617673040e-01 9.730863531674690137e+01 2.027559535733331870e+02 9.870877337187630474e+02 6.261179337342886697e+01
5.222556535256366033e+02 4.736982307741718046e+02 4.492952772213095747e-01 6.443382804171618545e+02 1.310149790076888621e+03 7.046685780475770855e+01 9.851871476008977879e+02 1.116962425909893682e+03 5.575627159099963137e+02 5.396592192700028079e+01 4.648375084129513652e+02 1.364351497846085692e+02 8.002761255003292717e+02 7.196264982937800596e+02 1.280380236768299369e+02 1.954684364308990618e+00 8.952550129692327801e+02 4.724461009554707402e+02 8.740755426292203083e+02 2.481521717200163266e+02 5.349385419764689509e-01 3.593209793829907994e+02 1.238451452465627426e+03 3.478424800289350287e+02 6.416548825480737683e+00 5.967724114851695560e+01 9.290927986224745609e+02 1.263502835919526660e+03 3.619342065142022307e+02 0.000000000000000000e+00 2.122179245893872235e+01 8.479825830211343600e+02 1.866724211140539467e+02 4.765095854371215722e+01 6.485968598400927476e+02 7.564141855502699627e+02 0.000000000000000000e+00
3.303286940325075305e-01 3.060643820644534685e+02 0.000000000000000000e+00 4.719260094783352315e+02 1.205529830597743512e+03 9.846099259375447446e+02 1.775539515092885949e+03 2.044883941165872727e+02 4.181972838615731121e+02 9.794519419333184373e+00 4.493419644972869946e+02 1.388882750985093935e+03 2.207030542758838010e+02 1.774213118836868261e+02 6.388151020167463230e+02 1.503580073782772863e-01 4.382031548124874831e+01 9.228152130647149534e+02 0.000000000000000000e+00 1.371056280247556742e+03 5.085787555912324898e+00 3.536311619526522918e+02 0.000000000000000000e+00 3.657492644942335005e+02 1.343252660597430349e+03 1.211414438370235658e+00 1.127156893765490167e+03 1.365799437743486351e+02 6.983869227160298578e+02 3.405102659464852022e-01 1.643842731716566732e+02 0.000000000000000000e+00 8.522259501444145258e+01 1.622532939290672260e+01 2.878793468485833955e+02 1.450857859458892108e+03 5.423292802538749129e+02
8.643916256177921014e+02 2.178110836485022617e+02 1.260472866518527901e+01 2.247575295392498163e+02 4.529870325439083558e+02 1.648857993466644302e+03 1.522830856988322012e+03 0.000000000000000000e+00 5.332339828129551051e+02 6.025246034353132529e+01 1.055647872658241340e+03 1.781314475744352137e+02 4.938914434616399944e+02 2.485806714111366844e+01 1.107161153946077059e+00 1.597419722031910396e+03 1.149711135115530691e+00 8.720897489396684250e+02 2.408852513558839519e+02 2.230329811643016740e+02 0.000000000000000000e+00 6.550414747268304154e+02 4.658322988511568497e+02 3.768833889553242216e+02 6.879346483058545800e+02 6.089542944437494221e+00 1.498484299292496871e+03 9.663556148312426330e+02 1.655104124880567724e+02 5.214872052952839567e+02 3.025420801246788916e+00 1.725219208837456222e+02 7.668286539096467891e+01 1.080301974871704829e+02 2.242455085731577356e+02 3.010093513849341207e+02 3.277446559939623398e+02
4.036136869137318399e+02 8.252389533953592604e+01 0.000000000000000000e+00 1.670312551664429293e+03 1.524896896490751175e+01 1.229959602115557082e+01 1.543524013966176689e+01 9.562495019659953641e+02 0.000000000000000000e+00 3.075141971432278751e+02 1.120760413730120746e+02 1.775724370913681867e+02 4.484100018445381579e+02 1.344218543727610950e+03 1.475368610289326625e+03 2.092877455876354134e+02 6.369202733293784604e+02 4.155527930600933928e+01 6.739838659445639450e+02 1.304403252038048322e+02 2.901877837704744820e+02 6.513073867022404784e+02 7.000500352033366198e+02 4.389422195285424664e+02 2.771825145077187358e+02 0.000000000000000000e+00 0.000000000000000000e+00 1.209031629613881023e+03 1.099656043326761846e+03 0.000000000000000000e+00 5.616579342214307644e+02 6.549127630976885257e+02 1.125459039525536120e+01 0.000000000000000000e+00 5.754977301373535283e+02 8.236185429037312815e+02 1.391280357887754917e+03
5.813371345599759366e+01 1.381390977336346850e+03 5.334539642548752170e+01 1.734055045239351102e+03 4.398080133982844586e+02 7.474343578444955938e+02 2.590980898789829325e+02 4.728368495908974865e+02 4.440709218767865423e+02 6.317973099183125214e+02 6.874229414866390186e+01 1.401801435058891002e+03 5.970654616358347084e+02 1.492825434641868831e+01 7.550470920126895180e+01 2.106569527217271798e+02 9.586497489361910311e+02 1.095267843596023027e+01 5.151195442080651219e+02 3.387565765933044872e+02 4.704648315630291933e+01 2.858266100942486219e+02 7.460585874450570145e+02 1.888475222293119486e+02 4.788251539650230093e-01 1.395825255736884628e+03 3.064481669594147775e+02 2.220089252556540416e+01 6.294780528675281772e+01 2.015461310015811307e+02 1.171417922964431227e+03 5.653023807239232212e+01 1.337879665423087090e+02 6.719416662878491024e+02 5.626553510585130198e+02 7.494906247824151251e+02 8.726395500100541369e+01
0.000000000000000000e+00 4.137439845297105876e+02 2.601689674703322019e+00 1.205316537993165639e+03 5.888164738555252598e+02 8.845751470674300663e+02 9.680430014130476479e+01 3.003152075521360231e+01 4.610934892809980852e+02 9.587984700959783879e+01 4.248228326737420275e+02 1.276118076831195509e+02 2.911890274370986731e+02 0.000000000000000000e+00 6.527907258847152434e+02 1.285821542974992440e+02 6.703344718675750755e+02 7.908641943417459288e+02 1.522747399184456469e+02 7.525441209615934213e+02 1.328716198737565045e-02 8.355795139687819528e+02 2.795567610502567959e+02 2.340627188488516452e+01 5.246949226290167871e+02 8.849255410878552084e+02 1.680828811896336106e+02 2.174886187531122914e+02 9.957735737140943684e+02 1.651018195238088127e-01 2.823491198796161825e+02 3.009054961333855545e+02 1.619114520683018270e+02 9.909277116025481291e+02 2.129029897067308070e+02 3.032878425269068998e+02 4.518942536827788015e-01
1.682923553634776681e+01 1.421293116590086584e+03 4.253856924664145001e-01 4.357132211865328486e+02 1.037603139406006676e+03 1.416780190118450689e-01 9.189600457544825929e+01 0.000000000000000000e+00 3.534470688214236134e+02 3.367210811888700732e+02 2.403691234534634305e+02 8.941264189530996020e+01 5.125984430383000472e+02 7.277027627475756617e+02 1.655123976232771383e+02 1.585325284602439240e+02 5.681706387962645977e+02 3.712530172734764733e+02 2.595098654194707706e+02 1.368416999428723329e+03 1.591076532617581051e+03 3.434858604318495878e+01 1.214536858944757256e+02 0.000000000000000000e+00 1.085597589615260404e+03 5.789051158704050977e+02 0.000000000000000000e+00 6.842255509674901077e+02 4.805628571585323812e+02 1.495916437711164917e+03 3.542249157080962967e-07 1.343713441402140234e+03 1.151064473687351210e+03 2.934559733192628528e+00 8.908264217202932400e+01 1.381083130506817547e+01 7.158542149370532570e+02
5.191554736918322988e+02 3.353021730593543737e+01 1.341983737305390150e+03 1.886792226775537173e+01 1.024259499154971536e+03 4.322245354547782803e+00 4.752146973301495905e+02 0.000000000000000000e+00 5.749216279018329878e+00 1.643515753253603009e+02 5.455328151185502605e+01 1.291765779602777002e+03 0.000000000000000000e+00 4.366591748385571918e+02 1.546847496600187924e+03 3.347101622499866949e+02 8.133118335110946191e+02 3.140533886437036770e+01 8.245327250797031127e+01 7.964355064469360741e+02 2.606294717061002189e+02 7.380406784209751549e+02 1.142418471432882825e+03 1.193924808539758828e+02 5.352570872857779705e+02 5.161936051639370362e+02 4.550681810336469901e-01 0.000000000000000000e+00 5.368384950469617252e+02 8.994001715662100196e+02 5.172419437124400474e+02 6.573030158596755435e-01 4.288915418688096892e+00 8.130701499206969629e+02 1.016366020731156141e+03 9.041157444822357547e+02 7.189992460577199154e+02
5.487276311588853162e+01 2.870413867459335506e+02 1.705074581739370160e+03 1.568135777694497847e+03 0.000000000000000000e+00 1.100233654273697326e+01 3.040703737585048927e+01 9.488453263532284154e+01 1.284090708236977207e+03 1.092716887664181513e+03 9.276120434199562226e+00 0.000000000000000000e+00 7.137380742650432239e+02 5.343036223169692676e+02 2.072257075295267157e+02 1.982305078658428101e+02 1.430727314954071687e+02 7.666400044877829032e+02 1.965563241774651715e+02 1.377587582304361113e+01 9.959471893641218685e+02 8.776475244806613318e+02 2.187310073463900721e+02 8.401075165843073478e+01 9.024746150453233895e+02 1.136626188143372246e+03 3.500733680013707527e+01 1.646026516094973147e+02 1.243456936301740399e+02 1.124241066073129180e-01 1.493283989995298384e+02 0.000000000000000000e+00 1.482336927131717175e+03 1.898328845085899729e+03 9.955194493934834554e+02 3.932509171728448791e+02 6.086236514806136455e+01
1.405167306400553343e+03 4.629861983069342273e+02 1.485770122518859466e+02 9.137317568670856645e+02 4.895651305980976531e+01 5.572834672244996312e+01 1.594779968726746802e+03 1.585226955105465095e+03 1.328011423826855435e+03 6.924378286760489054e+00 5.598677071969916597e+02 7.677841225597850325e+02 2.766511792028550354e-01 3.215412107328962321e+01 1.371758081266266061e+01 3.572666111573940384e+02 1.774546397065626309e+02 3.022518813276795413e+02 4.648517053410260758e+01 5.285347153617705089e+02 5.566914100288316831e+02 0.000000000000000000e+00 1.169921997722776950e+03 1.196664494877345959e+02 1.731699220709303972e+03 7.041279595224282373e-01 0.000000000000000000e+00 6.986935193122067176e+02 9.666928175382508925e+01 9.314589422043485456e+02 4.489691457040857481e-01 8.689482616760261635e+02 3.132493578128410405e+01 1.491023808716761323e+03 0.000000000000000000e+00 1.455440417663105563e+02 3.809255352131089012e+02
1.218351356480791310e+03 6.615362043784855928e+01 1.728851767784278763e+02 6.625578621623795864e-03 2.083929859637745210e+02 1.650284913842638616e+03 1.820981208061647483e-01 1.391204280368695549e+02 1.942464241818628636e+02 1.028955043068058785e+03 7.997684123170313342e+02 1.120962883194340975e+03 6.654063752169932968e+02 1.838330973210197783e+01 1.489543936425972825e+00 5.019001373420517780e+02 4.787621876549243893e+01 7.775735573658626265e+01 7.012469980836137040e+01 7.607364829286868826e+02 5.421235716702877738e+01 9.584090531911932658e+02 1.354391500529373616e+03 2.987091676034365406e+01 5.134972664002602869e+02 4.295890008094192325e+01 1.181618649324457238e+01 1.018111900092970359e+02 1.069643251304519396e+02 0.000000000000000000e+00 9.236495134803756173e+02 1.852629244671740707e+03 3.812334911953484493e+02 1.033135522917770146e+02 0.000000000000000000e+00 6.181161102110282854e+02 4.367245281907091226e+02
