output/example/lateral_incision_000136.asc
nrows	75
cellsize	13.33333333
xllcorner	0
ncols	75
yllcorner	0
NODATA_value	-9999
[rows 51 to 67 of 75, columns 0 to 36 of 75]
0.000000000000000000e+00 0.000000000000000000e+00 1.105763585897183106e+02 4.824850278182994390e-01 0.000000000000000000e+00 0.000000000000000000e+00 5.576963174612311605e+02 7.737898783087922538e+01 1.135638466722763269e+02 6.910251880300696037e+00 0.000000000000000000e+00 1.912381894552186736e+02 1.401500233069348724e+03 4.175644159294927249e+02 6.052851080834996083e+02 1.086648275392162077e+03 1.842547402219474328e+00 3.656587181750882110e+02 6.966638467759466380e+01 6.863676567554459318e+00 8.919129209826013494e+02 1.020696498653515860e+00 1.418918492702769527e+03 4.818897461893295144e+02 5.366533527736540066e+01 6.454623878439837199e+02 1.530747731695748826e+03 2.509203139808329208e-01 1.169310835944002974e+03 4.976362513635674532e+02 7.405153790279282475e+02 4.437435366400761154e+02 1.399413225566052006e+03 1.696004751346149988e+03 2.249734589900922142e-03 1.333427265555941403e+03 2.027283447759494095e+02
0.000000000000000000e+00 1.256317170194126447e+03 9.475377767052268609e+02 1.071651148872121894e+03 1.822696803678003075e-01 1.212027575480543184e+01 1.800674628102402153e+01 4.661741264733843764e+02 4.594583670872632979e+02 7.379811898997255071e+01 1.149175661877688526e+03 7.077294147992878948e+01 1.424914665245007882e+03 7.665229861697498315e+00 4.270838900863286653e+02 1.069994131325194076e+02 5.476888989158604772e+02 4.471096039778068416e+02 0.000000000000000000e+00 1.433197404271690630e+03 7.969258560245687795e-01 3.128954025037130577e+02 1.356997576013141952e+03 0.000000000000000000e+00 1.143056702991077032e+02 6.629948018891649326e+02 1.253651655985583979e-01 1.168069715721905141e+03 1.669427253081258016e+02 2.246825262125823315e+02 2.172253725319378646e+02 0.000000000000000000e+00 1.043661548488533299e+03 2.246787377111120065e+02 1.010880190689630808e+03 1.661611237639008465e+01 1.116717684258659915e+01
0.000000000000000000e+00 1.774582244854652117e+03 1.601056912230924127e+03 6.591055996145730660e+02 4.015562766477380308e+01 4.714335569573862017e+02 2.199436326308540117e+02 1.082688793533472165e+02 2.915286157217613550e+02 1.106460636504558124e+03 1.456994487826920537e+00 1.619612798032830767e+02 1.340273207120162397e+03 1.352285626339563805e+03 8.594427454444626164e+02 1.962493852144681483e+01 2.502967347115769314e+02 4.702476853390492373e+00 6.089939501938401278e+00 6.220957638310597986e+02 0.000000000000000000e+00 4.821705653739439299e+02 2.305317770030513032e+02 2.985353772881458667e+02 3.788148693502268571e+01 5.860615540069431262e+01 5.416760141227599661e+02 1.557932122129083609e+03 9.256560633663885937e+02 5.458615612790507612e+02 4.692208802611086416e-01 3.887084865856329685e+01 1.562752358534732821e+03 3.259308943414158222e+00 9.864468736999632483e+02 0.000000000000000000e+00 2.379709785575251502e+01
0.000000000000000000e+00 8.412998774325886586e+01 6.952657778877114936e+01 7.625732440741838758e+00 1.657904433611392392e+01 1.438302205021243708e+03 3.990201192050783447e+02 3.956687322376124598e+02 0.000000000000000000e+00 8.757040067058312616e-01 0.000000000000000000e+00 4.365994866957940985e+02 1.056814238222048971e+03 6.161743389912693374e+02 4.824118958685314169e+02 1.039359842817557649e+02 3.121066270906009663e+02 2.599661626371340617e+02 6.035288159384410847e+02 1.026807415246323352e+01 3.332768804264392770e+02 1.040425194611148214e+02 7.786240590957561380e+02 3.244762348096186884e+02 1.772937981063621464e+03 1.408226187825985498e+01 1.377001015143911218e+03 2.433499296305531701e+01 7.474508840606952198e+00 2.131049453304054353e+01 3.305867798335706311e+02 1.041947277984652828e+03 4.856002715391623497e+02 3.589768348688958000e+00 1.910422539109598574e+02 1.440217612594781826e+02 1.112050723019482803e+03
0.000000000000000000e+00 1.666161165982860439e+03 1.335757088071293083e+03 8.545751958320062158e+02 1.687887509882582890e+03 1.514345340509502513e+01 4.449832137270980184e+02 1.568157952663246533e+03 1.632691493446601498e+03 0.000000000000000000e+00 8.097542696337769996e+01 0.000000000000000000e+00 1.324825297961715478e+02 2.778942875240161925e+02 6.972937387359908143e+02 0.000000000000000000e+00 6.238288866017647933e+02 8.859980008788787700e+02 7.827299241093310229e+02 3.326003936477926004e+02 1.414409849425180710e+02 2.963874279358111608e+02 6.246459607924828106e+02 3.455892463609924903e+02 1.954005967621525599e+02 2.009440140984173695e+02 5.628756474254382738e+02 7.666426899372459047e+02 0.000000000000000000e+00 6.511133549116832455e+02 3.925745180496007958e+00 2.066621389589980151e-01 7.965486703025669968e+00 1.112567648157656208e+01 4.959793028473947629e+02 0.000000000000000000e+00 3.833941960770376340e+02
0.000000000000000000e+00 9.554108534794286057e-06 5.186175956041765858e+02 3.610244299022906223e+00 4.664332955744962987e+02 7.742035587831541079e+02 8.988686605390478235e+01 1.402890300731781963e+02 3.600754423099952817e+01 1.032222820938239787e-06 0.000000000000000000e+00 3.865066979256656584e-10 8.469372869808259452e+01 1.674163242737907694e+03 4.673848867624015497e+02 3.618382974553717304e+02 1.133182635707356440e+03 6.691362843354659162e+02 1.157625013257892022e+01 1.724445951763851212e+02 1.123645527472667993e+01 4.293078661788423460e+02 2.105815522635060404e+02 6.561493419075581812e+00 1.596956265791571241e+03 3.316497971326766674e+02 4.971944168750066524e+02 8.056189576818062505e+02 1.580103900514832627e-01 5.675855694056259608e+02 1.178400536927854736e+00 1.190822266509195742e+03 1.548592270765819876e+03 4.142542168695272267e+02 4.133322283577674625e+02 1.114194091586184186e+03 5.138653615921620030e+02
0.000000000000000000e+00 0.000000000000000000e+00 6.923053284890524992e+02 1.071865513931972146e+03 0.000000000000000000e+00 1.158644459654426100e+03 6.259845334209678640e+02 9.470755091904950405e+02 2.954079600116797621e+01 8.976994651588022407e+02 4.078815930861843526e+02 2.302235548513747447e-09 3.127710677684816787e+01 1.685098956610377030e+01 4.769859206541467529e+02 1.877299661378187352e+02 1.308188495853505344e+02 5.144478389607822919e+02 1.585656282718501586e+02 1.058633359597931758e+02 8.757452425367609976e+02 1.247455490378056766e+03 2.924730084698261976e+02 1.427998793158233866e+03 1.331845190235760015e+02 7.098116201880842802e+00 9.640120121424498620e+02 0.000000000000000000e+00 1.248155260641568020e+03 4.469969948016985200e+02 1.820460590767926590e+02 6.605722359716586425e+02 0.000000000000000000e+00 1.858393655297160763e+02 4.239513314652589315e+02 0.000000000000000000e+00 1.265553534791568154e+03
0.000000000000000000e+00 1.310432705833714181e+03 7.219513432100510553e-01 4.563309979205849913e+02 4.201345766858762545e+02 1.461689831419267804e+01 2.645587807495418247e+02 7.597812439795088721e+02 5.070592853826913711e+02 5.627214368398579154e+02 2.255353997290404777e+02 1.643585396076004956e+00 3.319095043575595696e+02 2.392086633422588307e+02 9.046630391220328420e+02 0.000000000000000000e+00 6.106853360587243884e+01 1.072298810174368899e+00 4.297501997352630383e+02 4.242333918919318876e+02 0.000000000000000000e+00 2.760739733586206412e+01 0.000000000000000000e+00 0.000000000000000000e+00 1.165288608983407357e+03 5.051555284156502239e+02 6.550596664143525594e+00 5.191019211244229155e+02 1.530020039472047344e+01 1.883023316260948548e+02 3.399757305408375032e+02 1.056846850675230144e+03 8.611640400779549509e+00 4.215856140340871860e+00 3.939656027505548650e+02 3.446738982885524649e+01 2.482863819833049774e+02
0.000000000000000000e+00 9.736599742768910914e+01 1.459536308421363174e+03 8.856397798540079691e+00 9.907741037802023243e+01 6.690694361936793939e+02 5.520808147124719198e+02 6.690439429233313717e+01 8.343204901906013902e+02 5.651305230937402939e+02 4.939629663524234502e+02 6.020818290276183689e+02 0.000000000000000000e+00 5.587120109052211570e-01 8.854394976537612649e+01 6.860698096272658404e+02 1.340434727191975242e+02 6.314572487329729711e+02 6.291573269986080277e+02 6.847345533347920536e+02 0.000000000000000000e+00 6.063235953392756983e+02 2.996423469468532375e+01 7.026234480791059696e+02 5.500173664031217413e+02 1.878269455664217844e+02 3.950337512860485134e+01 2.601020299818126773e+02 1.256074590569183158e+01 5.689027842238246757e-01 5.020312802746018406e+02 3.121960222269763108e+02 4.600395243451937688e+01 5.160002168478501261e+01 1.229502022681023874e+02 1.271384339209483869e+03 6.614930745372014371e+02
0.000000000000000000e+00 6.037235652138804198e+02 1.414768177126969022e+03 1.428220778646232020e+03 3.676490855158436375e+02 5.883013914454943460e+02 3.720554705255951689e+01 0.000000000000000000e+00 8.224896058341109892e+02 4.559982417499884946e+02 9.777682891402513405e+02 3.318144451829597870e+02 1.282941367792577466e+03 1.030208913334161480e+03 5.485088299091802355e+02 3.128107238266651962e+02 6.251106010207739700e+02 1.706933308279474772e+02 1.678605189682424680e+03 8.345235925274856754e+02 1.224765448226211306e-01 2.252077661981394954e+02 1.074602867218481208e+02 6.455591659933558049e+02 1.169950591575575572e+03 3.241767834336244647e+01 2.669873403103244414e+02 7.945619071527844746e+00 1.283033313066984419e+03 1.051944037963836536e+03 1.126948617283733938e+03 2.451958882026900994e+02 4.088474089387543700e+02 9.100421321659946727e+01 1.671338391167619264e+01 5.064488481555251838e+02 2.987167864060352827e+02
0.000000000000000000e+00 0.000000000000000000e+00 1.319188088973866357e-01 1.182929528675996380e+03 1.131367143600622740e+03 2.978538063883693354e+01 6.290250177834237775e+02 2.532796888743869488e+02 6.718027903435951131e+00 5.093924465110395090e+02 1.951446976838881824e+02 2.961797487082203020e+02 4.267971273539171193e+02 0.000000000000000000e+00 0.000000000000000000e+00 5.836770435644639292e+02 0.000000000000000000e+00 8.133050617395433619e+02 0.000000000000000000e+00 7.585824033724378523e+01 1.269066680946939869e+03 7.843206918949839519e+02 1.604082235519460255e+03 2.314113484169872059e+00 1.005182711288650381e+02 6.408045740642612600e+02 3.482740277343621926e+01 6.536825079962732161e+02 3.307994694637323505e+02 2.716366290728377635e+02 1.038864000919503354e+02 0.000000000000000000e+00 9.594727360358740498e+02 7.256312912688990764e+02 2.023000534081010755e+03 1.048793124192769938e+03 2.377817830697506452e+01
0.000000000000000000e+00 7.701420577641791851e+02 9.072036814999681837e+02 4.904867382964036437e+02 9.477806234852769762e+01 1.419566518723091519e+02 1.083352906439073422e+03 1.996543742548525415e+02 1.562618799730852288e+03 2.205250091189921235e+01 1.684996385719859518e+03 2.508113990901250361e+02 1.161194749711207578e+03 1.136989663596828223e+03 6.377814630826986786e+02 1.766488868401355035e+02 1.500848237304241772e+00 1.073558642484739266e+03 1.852229725725841831e+02 3.150590440590677304e+02 4.519886161079729447e+01 8.746466036168074609e+00 1.930121174188844407e+03 6.452854350176778553e+02 1.012192841914777430e+00 2.257023297198245189e+02 6.564023712310260805e+01 1.055862689833723607e+03 8.093476041960130374e+01 2.214847930625613581e-01 2.047209524108395442e+02 8.250278464216476095e+02 0.000000000000000000e+00 1.611911319869242561e+03 8.343723773696236776e+02 4.427604291517980073e+01 9.194563848562053110e+00
0.000000000000000000e+00 2.606344099536330532e+02 3.114837916885566074e+02 6.244464752337213440e+02 7.067521174853513344e+01 0.000000000000000000e+00 5.045819081410474194e-01 5.000528578882091892e+02 9.536606341732630199e+02 2.014431986738766867e+01 6.221370925796516076e+02 0.000000000000000000e+00 6.284313777039587379e+00 9.115040638260472861e+02 4.733895536713256291e+01 3.565623086614344288e+02 4.900621066037710556e-09 1.257941484232609497e+02 9.783981749063456164e+02 3.830839426819654392e+01 1.173055428734387533e+03 1.671135383678156572e+01 1.537670760976207873e+02 4.742305817464950337e+02 1.060909355937406417e+03 1.818104349525181931e+02 3.487991785409738554e+02 5.566744646737512312e+02 7.208246012163259593e+02 2.811102952037875866e+02 1.822247547441432403e+02 4.407979638146383081e+02 4.748839845677638323e+02 1.113869275497600775e+01 5.037773595853311193e+00 1.823208150795532276e+02 1.522291776737561577e+03
0.000000000000000000e+00 2.830476254895586408e+00 3.720617185707416184e+02 3.305800309679279394e+02 5.081467343510519186e+01 9.241057120426020219e+02 0.000000000000000000e+00 2.247744736089410367e+02 1.274886654934881335e+03 1.189098125402894510e+02 9.158962073219877311e+02 9.168388032420685931e+02 2.468803186326300931e+02 6.548754382286115288e+02 3.400099826116331769e+02 3.686114551115277749e+01 1.324562277778246333e+01 7.599775296858622369e+02 2.120611752330800073e+02 1.789310044169512821e+02 6.976305578036706265e+02 3.465531965162433337e-01 6.678844288112647973e+02 1.533753390272455164e+00 1.772566065771159174e+02 6.539098061919278848e+01 2.122194129648528271e+00 0.000000000000000000e+00 6.333188038877212733e+01 2.229343222989708124e+02 3.922011267552286427e+02 1.585112188349254666e+03 1.305026753988823884e+03 1.385925015854364233e+02 3.549741671514796053e+02 1.414113905972516932e+03 4.138068437541334674e+02
0.000000000000000000e+00 6.649241053878911316e+02 1.250872139697678449e+02 1.756405010919212195e+00 0.000000000000000000e+00 8.917292327924182018e+02 2.415237891953955796e+02 4.138566839319607311e+02 1.022230602654740210e+03 8.242932386624291397e+00 4.062186814374339150e+01 5.921375129383077365e+02 0.000000000000000000e+00 7.885726196334825318e+02 1.034371626644539743e+00 5.992829147584423026e+02 6.295171916067130269e+02 0.000000000000000000e+00 3.753704494773550664e+02 4.115347551054668429e+02 8.045289772417538643e+02 1.032979730553144236e+03 1.084912954980357682e+02 3.274832997919526201e-01 1.107456377961155340e+03 1.059323113280384632e+03 4.521374594272268155e+02 7.593566541618267820e+02 6.753669902453383429e+02 2.266521597273072985e+03 8.094800941625891255e+02 1.106755548410102035e-08 5.054227763626985137e+01 1.516565390176667051e+03 4.509189458194966846e+02 4.055096294710463667e+01 2.516100378832933586e+02
0.000000000000000000e+00 0.000000000000000000e+00 3.273815608039557219e+02 1.239077887964671163e+03 3.481046045090175767e+02 1.117002180054837766e+02 4.505351438007405136e+02 5.274469128440963459e+02 1.632440637324612453e+03 2.966117058964719888e+01 4.267724345704359052e+02 5.454917976297000450e+02 6.433967419753354733e-01 3.296048730345935383e+02 7.084560304474027403e-02 9.818701925365796797e+02 8.966532753876361994e+02 1.451766286828501791e+02 6.009961666118830408e+02 6.508631296544091072e+01 2.340319157802721008e+02 1.966521433888359649e-01 3.222444716788247092e+02 6.017826100244160443e+02 1.298135475061336138e+03 4.922645317917132388e+02 4.186632673135844698e+02 8.701855894396904887e+02 6.808311321336677793e+02 1.592905542729175068e+03 2.539585556557498478e+02 2.332488850627483714e+02 0.000000000000000000e+00 6.811800555327505435e+02 5.857487712179676898e+00 6.627952407517678068e+01 1.261283585333203305e+01
0.000000000000000000e+00 1.191407177070346535e+02 1.563818665182782070e+03 1.672562371376492138e+03 5.760488262862528330e+01 2.477391689270112352e+02 1.064905891682678430e+03 1.115027199061519923e+03 1.151075050762575529e+03 0.000000000000000000e+00 1.349748040950486939e+03 3.103200951051326797e+02 2.192002189951593039e+02 1.785501140047136204e+01 2.876798531323433394e+02 1.892791354815232907e+01 1.157963856424052665e+03 1.713549081458878391e+03 0.000000000000000000e+00 7.963937206642223146e+02 7.804910237475695567e+02 7.153458925827220583e+02 2.623159335515335329e+02 4.620089496453795732e+02 1.059851868920471588e+03 1.858861084257628349e+01 0.000000000000000000e+00 3.861083964609437658e+02 2.978185713330287854e+02 8.218272502990293660e+00 8.848172100818590025e+02 2.742092506447374376e+02 1.824557341050144638e-02 1.190745794907246818e+03 4.222429891550640946e+01 4.381092323303943659e-02 2.164037517636565440e+02
