output/example/lateral_incision_000315.asc
nrows	75
cellsize	13.33333333
xllcorner	0
ncols	75
yllcorner	0
NODATA_value	-9999
[rows 17 to 33 of 75, columns 37 to 73 of 75]
1.174554255041856550e+03 6.026596118450641626e+01 3.327049470352314984e+02 7.371166374572952691e+02 6.463093796727822564e+02 0.000000000000000000e+00 6.750942841527368046e+02 8.643566806634515842e+02 1.288052138985902104e+02 6.335597169742845836e+02 9.769963854383669766e-01 3.762436398895687830e+02 0.000000000000000000e+00 3.549320525224273126e+01 1.220892525779398312e+02 7.840299678267589343e+02 9.753364327560697120e+02 7.592390057163008805e+02 7.247193318190036093e-01 7.667379610392740688e+02 4.940650612104449806e+02 6.813699528428519443e+02 3.416941833050977380e+02 1.312575824429883937e+02 4.612499468497500699e-01 3.570893909505837627e+01 1.963109777071944109e+02 5.432027779376929857e+02 1.323339574870970807e+02 1.257396054768779777e+03 1.611874034153522572e+01 5.459416336737647413e+01 2.095653448439409772e+02 7.260096401034925293e+02 7.506543651338749896e+02 5.559875563852474443e+02 4.532776352637952186e+02
1.103376660322554926e+03 1.164205468766807599e+03 1.734228412646329431e+01 2.453302219865308587e+02 7.852360584065234406e+00 4.467940123217805093e-01 1.954199733674851132e+02 0.000000000000000000e+00 2.987480795272555270e+02 5.199322021218052896e+02 8.053695337575842359e+02 4.935024009481737473e+00 6.546354214107002463e+02 1.332367605124196871e+03 9.271419194534388453e+02 0.000000000000000000e+00 1.196129398897399341e+02 1.701117544456160431e+03 9.433904135563690261e+02 2.215760881122833814e-01 1.424099858977332815e+03 9.359665035675978970e+02 5.450261933632826583e+01 3.573488916560405642e+02 0.000000000000000000e+00 1.129678110028930178e+03 3.726250542389252729e+01 2.126300092713163448e+00 1.400573194117601133e+03 8.628997333675995662e+01 0.000000000000000000e+00 1.662763809864997938e+03 8.690600813270026492e+01 4.314537153406495662e+01 8.665736798442972599e+01 3.435139733634511003e+02 7.472072341026320146e+02
4.096893329765297409e+00 2.859700954481805866e+02 1.588806001772482887e+03 8.873572075759739164e+02 1.981820488006216578e+02 3.810885180341703915e+01 3.960741793964184581e+02 0.000000000000000000e+00 2.370088690542326333e+02 1.302877224236288839e+03 2.590033415184998375e+02 1.481461242243904962e+03 2.960278315079955647e+01 4.702154807493350575e+01 2.897915406380856851e+01 4.843486399319212410e+01 1.667122303850300398e+02 1.663396036209452977e-01 2.249717823035860249e+02 6.053734780828756357e+02 1.636881313707829406e+02 3.986281090657017216e+02 7.743479866984287128e+02 1.349184002701484815e+02 2.920156739077850716e+01 1.183517155084872911e+03 1.027649706457964669e+02 2.761657815624844829e+02 3.526782039102213844e+02 2.251266555098426991e+01 2.998483068743972524e+01 1.558292559405805093e+02 6.537089975648324298e+02 4.722737064060144689e+02 0.000000000000000000e+00 3.471971094325299489e+00 9.572110137600824229e-06
0.000000000000000000e+00 0.000000000000000000e+00 6.190855814743687233e+02 7.614747650328359896e+02 6.639721620515396125e+02 6.171125261297316911e+02 3.812606826576870844e+02 1.262691784548352871e+03 4.195053900063800825e+02 7.211089907112486799e+02 0.000000000000000000e+00 7.662975327077809595e+01 4.160123681144345369e+02 1.719888256623496261e+02 1.338593882009600833e+01 9.604531041789512074e+02 1.110719684909936404e+02 9.506247012870611570e+02 1.458859832873241125e+01 5.076614456180224124e+02 3.474107406169924275e+02 5.876368443698817279e-01 1.524538626466913456e+03 4.008599492622170146e+01 2.039991959902911560e+02 1.210702940077088741e+01 2.179493072706917722e+00 5.143620814554470826e+02 0.000000000000000000e+00 8.231900883662254031e+00 6.067441161980676156e+01 1.394953918031974126e+03 1.491357612238105723e+01 2.369748863136611039e+00 3.255300366642953804e+02 2.060329514223667502e+02 5.230767974649936605e+02
2.261693120037896243e+00 6.461065754842678643e+02 1.467912792101152206e+02 2.294334420784497865e+02 2.609928530374038473e+02 3.830539832207998785e+01 1.848592878809483864e+02 0.000000000000000000e+00 4.503275654654601681e+02 3.862040524785905404e+01 7.222379161417019304e+02 6.621275794779668331e+02 3.316332522173615871e+02 1.401687595014862495e+02 3.035469064377643917e+02 5.053311721675105446e+02 1.469092348997862700e+02 2.874750452562606142e+02 1.510715292366729443e+02 8.854996286471289295e+02 9.855826060735023475e+02 2.821252354064758947e+02 1.509005999944130735e+03 5.894896424749504860e+01 1.191336673485511710e+03 9.086944896618082339e+02 3.473513782844968887e+02 2.285208381358219754e+02 2.365271442080309896e+02 2.797912715079211239e+02 0.000000000000000000e+00 1.260367805330355850e+03 5.086329474159525716e+02 1.443722529994243814e+03 7.942356997712486377e-01 1.381676737422554027e+02 9.021522234514419551e+02
6.685037356068970666e+02 1.432726907148276609e+02 5.892439191821953273e+02 4.256605971018785226e+02 1.030093779905274005e+03 2.010719632266364272e+02 2.061727639335661593e+02 9.653397097084636016e+02 4.439186298646495388e+00 1.855324591457896020e+02 9.040965128550187968e-02 1.305747780444582133e+02 1.765982354765870070e+02 1.095991023231026247e+03 6.862645655484529925e+02 1.498666560988113361e+03 6.582724323703409937e+02 0.000000000000000000e+00 8.706253639728790006e+01 3.384493871931767899e+02 4.506679891763250567e-01 2.208578618227965649e+02 1.457150554113388807e+02 9.848533184369017590e+02 1.001838688068658598e+02 8.261466371586756452e+01 2.744081995256016171e+02 0.000000000000000000e+00 2.243932494898962560e+01 8.680383770922484246e+02 3.753830581420058543e+00 1.537266268505357511e-05 4.880189076323736685e+02 9.385451111193430052e+02 1.535597315905075675e+03 2.371894144962570863e+02 1.075541176943965411e+03
6.525851200304713018e+01 8.544716580121846050e+01 7.677953132176420468e+02 8.046029065763860899e+02 6.264375789186002663e+01 3.885586094843013711e+02 1.084861338924682059e+03 3.782880115297693919e+02 3.249500448796790693e+02 2.705442069481950398e+02 3.765853291631002548e+02 1.165437387424673510e+01 5.397644353770696171e+02 1.358411884376950411e+03 7.067016991182532237e+00 3.995083883085735721e+01 8.098411189217094375e+01 4.874988332475828656e+02 4.756182025138994618e+02 1.714922994771974913e+02 8.030460290555985239e+02 1.118883940581379420e+03 1.080293947273166566e+02 2.914657233714551410e+01 1.017885625547360107e+01 5.982652661573978321e+02 9.164432559269480407e+02 1.380645011857015447e+02 2.742759579917116497e+01 9.688148637987595180e+00 4.249438061234600355e+02 1.221752191355518789e+03 5.601059679050068851e+00 1.450579829963880456e+03 7.406586959893281801e+02 7.744147119241845303e+02 6.083088999585415877e+02
4.230763772249160581e+01 1.021402666568328527e+03 6.468625697374588981e+02 3.938493264326287431e+02 1.744333991105471569e+02 1.288734213365695041e+03 7.829876894862271683e+02 1.026695725014191538e+02 1.093459150011633909e+02 1.418027920776746896e+03 1.973798008851104271e+02 6.715708880242182204e+02 1.060475802852433844e+02 1.755419683435123488e+03 2.907663151338694547e+02 6.718808117528658386e+02 1.278764782164232656e+02 5.279416333520354101e+02 4.828090840081797097e+01 4.819072651376373195e-01 3.101665294883029560e+02 7.175375681383841311e+02 5.274019181787876676e+01 3.846156418750589410e+02 1.376166766127483015e+03 2.876853409342144730e+01 1.566604869712001346e+03 7.670225849734109715e+02 5.815697582161278412e+00 1.074654406596029503e+03 2.243932494898962560e+01 1.373755060176234338e+03 5.334584317302211502e+02 3.374180647225279017e+01 4.944121933673901736e+01 0.000000000000000000e+00 5.055578595976587053e+02
5.755964726427956748e+02 1.141941385206120430e+02 2.196072450863161762e+01 5.629401318455831671e+01 8.761531125766772732e+01 1.453007571822228556e+03 0.000000000000000000e+00 4.460764534169605895e+02 2.135301039051649070e+02 4.323260164973218025e+02 2.081541778468790937e+02 4.819038732577823225e+02 3.411969326603112904e+02 2.458819621671954891e+00 7.183233300642546055e+02 5.298422948839169067e+02 2.937129153662219778e+02 1.000737515463566297e+03 6.643732509690455856e+01 3.952939490374912452e+02 9.585833572762527410e+02 1.961193153618389362e-01 3.852606869926368063e+02 3.570198542076516901e+02 9.329831802774397147e+02 4.108976189905010870e+02 0.000000000000000000e+00 0.000000000000000000e+00 3.697097772110156484e+02 1.361450008916983052e+03 0.000000000000000000e+00 1.389564769323547466e+02 2.668199836746081743e+01 4.455164491773929853e+02 1.489101938645638938e+03 4.439031332038907749e+02 7.058549502514179039e+02
5.068118866713657411e+00 2.107845214706124466e+02 3.482017758290406846e+02 3.229885164065704544e+02 2.449555472765189847e+02 8.971777191799103548e+02 1.139899073825736650e+03 1.625827469985653806e+03 8.740972109243546129e+01 1.017534072071242576e+03 0.000000000000000000e+00 3.004787728259070150e+02 3.659842623535487860e+02 6.466819321933542142e+02 4.207271218332971685e+00 1.159947502920768102e+03 2.104343452837463815e+02 4.286466476310480544e+01 9.501442669286805653e+01 8.198389835312131027e+02 4.651320984841935910e+02 5.229775026386608943e+02 1.234511285605051853e+03 6.184425084220018789e+02 3.306593689827287186e+00 3.813338076168546991e+02 1.094667940969684196e+03 7.700295654543548380e+02 3.909299896601527546e+00 1.434745045746329417e+01 9.037037342728430644e+01 7.268981629799976929e+01 4.344653565085480409e+02 4.072840047303337152e-01 0.000000000000000000e+00 1.218214642192288011e+03 1.389155410487506117e+02
6.035071354778322075e+02 7.180214159086804102e+02 1.768946958931961078e+01 2.525164517065998666e+02 1.754083739883215856e+02 2.881494761508974545e+00 8.603957085510381830e+02 3.535275610573003178e+02 1.279842500330687471e+01 1.478507332115430245e+03 5.670005957340605640e+00 2.149305379764400641e+02 3.413357907443996808e-01 5.812963274043162301e+02 2.334511422481698446e+02 2.546584623424789413e+02 1.526103181514928764e+01 5.906060715561828829e+02 0.000000000000000000e+00 1.193377967407626841e+02 7.993674572435812706e+02 7.892323477468466990e+02 1.177827795650308644e+02 6.864720717455126930e+01 8.914462494529618652e+02 1.004293249930296724e+03 9.965168590393336672e+02 1.253554867090738156e-01 1.024393591054664967e+03 9.801240075318586378e+02 6.626204687720779702e+02 5.093698435514929770e+02 4.410209741498011482e+01 4.913031145619218023e+02 9.304651417028566129e+02 4.201791353692921689e+02 8.106205849729750526e+02
8.142996723755739197e+01 1.120470942823799021e+01 0.000000000000000000e+00 3.941961446818520471e+02 9.348820564706567211e+02 1.762712376715548999e+02 2.080197932727380987e+02 5.147165984623214285e+01 1.054813435535904915e+02 8.430155942249137979e+02 4.645162261634337710e+02 4.256084706837750673e+02 9.546145474730730029e+02 4.860886415835503271e+02 3.341604566081306160e+01 1.164582543512830739e+02 8.911402747910107109e+02 2.025773656068264472e+02 4.666478602957878365e+02 2.597550619296206165e+01 1.224563186076633725e+00 1.165140837040511769e+03 8.217997438494929696e+00 2.224761432907130398e+01 1.963130829769837646e+02 2.613360651670809887e+00 3.967874795124538423e+02 0.000000000000000000e+00 1.258380274769875996e+03 1.519202466954124588e+02 4.364080642613876648e+02 4.467068782358512635e+02 7.893054714858019452e+02 0.000000000000000000e+00 0.000000000000000000e+00 2.290564962207184294e+02 7.554045599503007224e+02
9.980234870011294106e+02 2.101366704134068470e+02 3.648168682213826060e+02 1.069977771783395838e+03 1.416091000758644668e+03 2.120692317925033592e+02 1.769347819098219361e+02 2.101357446355183356e+02 1.067793459080580760e+03 9.132438413117954790e-01 4.871083712504571963e+02 7.518374963814485454e+02 7.699514920493946875e+02 2.175407957703960893e+00 1.292238721524651055e+03 1.584720836355454139e+03 1.973519414223272577e+02 6.865324148100113710e+00 7.575515803831136097e+00 2.729387845355567492e+02 1.199463565489304884e+01 4.685757767402448053e+02 1.372890407509622037e+03 5.533400012668495265e+02 3.245703418922575452e+02 5.433999290516590419e-02 1.434284602675219178e+00 6.076581281582253951e+02 1.036131628911025018e+03 0.000000000000000000e+00 1.001494952364893720e+03 1.706613733485396779e+03 2.941145759769204227e-01 2.238338672728106076e+02 7.139318089864480044e+02 2.039646350123190999e+01 2.157142082125825766e+02
1.386526786726670935e+02 2.022720171532176892e+02 1.109564738961844199e+01 0.000000000000000000e+00 2.920581698631322443e+00 0.000000000000000000e+00 1.582773922473995185e+02 3.418546928871296586e+02 0.000000000000000000e+00 5.775411029449006861e+01 1.614149051990590578e+03 1.413719220736810712e+03 1.146582495550159820e+03 2.342132278189117187e+02 0.000000000000000000e+00 1.569522594197500531e+01 4.905410368982114164e+02 3.808734073685899943e+02 1.584206340960803345e+02 2.183828211296498694e+02 4.312167774348647526e+02 2.237524965819380895e+02 1.105841273997443523e+03 1.815634355719314499e+02 4.842984905196753402e+02 1.462287256204916048e+03 1.676813627717919189e+03 5.762384306031099745e-01 1.215326466535162353e+03 1.136290802290812394e+02 3.708088631452448425e+01 5.253286218247979633e+01 3.601438569289187512e+02 4.383166554260157568e+02 2.050079255710928976e+02 1.891010388084842475e+02 5.532771029283965163e+02
1.091770800352713522e+01 0.000000000000000000e+00 3.670269207382014542e+02 1.874309018298433216e+02 1.245027196461262974e+03 1.125221746049669491e+03 7.482471646750047967e+02 5.870659453918755588e+01 0.000000000000000000e+00 1.413972625080435591e+03 0.000000000000000000e+00 1.651224488233502143e+03 4.965236004667366032e-01 3.497592804415502883e+02 1.469362449063716895e+03 5.682601713628722564e+02 1.177515962422120083e+03 5.117102832016266589e+00 9.380786443951352567e+02 6.782362573290775742e+01 2.147887931200894855e+03 1.102095760507153273e+03 8.175812968815863258e+01 8.889050044610048644e+02 8.277098903845776476e+02 9.964816560378648092e+02 7.756694283884410197e+02 9.550446718372233690e+00 1.103962727037270270e+03 1.845807680051885029e+02 1.291311710197143384e+03 6.642522932640564477e+02 7.741652740003346480e+02 1.306429757012511800e+03 3.335354998649603431e+02 1.124556368766737933e+02 1.631590163414718830e+01
1.455800451835534886e+03 8.256771341366729757e+02 3.060375640132285184e+02 6.440072531116909431e+02 1.003496541374222943e+03 4.075351515565363014e-01 0.000000000000000000e+00 3.534319048377375339e+02 3.060889993740512409e+02 4.344355588448379990e+02 1.293227835336668477e+03 0.000000000000000000e+00 2.735564218792044358e+02 1.100132828383583728e+03 1.305833693095349091e+01 2.337370485331636587e+02 2.327372758022176669e+01 8.194418896237644745e+00 1.160101584842060447e+02 1.666157034533904948e+02 1.136687025946484937e+02 1.312343684084712550e+03 7.771456098904346845e+02 0.000000000000000000e+00 1.414649496900490021e+03 3.321475650987813424e+02 3.098779301872876246e+01 3.330937717013128463e+00 3.449899650394907979e+01 6.455355931425040126e+02 7.078967871552003999e+02 8.367820108166430373e+02 3.474085076325978889e+02 0.000000000000000000e+00 4.035664582329264931e+02 3.726872812721632044e+02 1.268780998656940717e+01
7.124656059945094455e+01 5.524748601237835999e+01 5.982535072251038173e+02 1.365497369234205678e+02 2.959219361402325035e+02 8.297883486447140911e+00 5.551732327909155629e+02 2.457924010931837699e+02 8.720400536520812693e+02 6.478100695707762480e-01 7.367185568733592618e+02 3.640044793371023935e-01 3.562145541129675053e+02 5.771730758415301921e+01 1.709611876887587641e+03 0.000000000000000000e+00 7.899737396454528380e+02 1.131430508777593104e+03 1.041612355481255690e+03 6.630160671598825957e+02 9.152147821661843636e+02 9.562480998054898009e+02 3.381542684785363235e+02 4.223770124599667497e+02 1.421445508949187975e+01 8.272717804608744530e+01 2.851143576761136842e+02 2.197468455607313160e+02 2.821744667480909019e+00 2.000761651691930183e+02 9.765772813796155560e+02 2.874513901976304169e+02 3.107135075796577794e+01 9.306243506421166103e+02 1.048235571307050350e+03 1.041963426572697699e+03 2.780095909925373121e+02
