output/example/lateral_incision_000037.asc
nrows	75
cellsize	13.33333333
xllcorner	0
ncols	75
yllcorner	0
NODATA_value	-9999
[rows 17 to 33 of 75, columns 37 to 73 of 75]
5.634807291353773433e-13 0.000000000000000000e+00 4.245392479485393498e-12 6.124129771341258122e-12 0.000000000000000000e+00 3.387095465645487346e-12 1.663468352828344414e-12 0.000000000000000000e+00 5.671744081098356505e-13 0.000000000000000000e+00 1.639140591806148543e-12 0.000000000000000000e+00 0.000000000000000000e+00 0.000000000000000000e+00 0.000000000000000000e+00 0.000000000000000000e+00 0.000000000000000000e+00 0.000000000000000000e+00 3.419768844050042821e-12 0.000000000000000000e+00 1.661557816353295867e-12 0.000000000000000000e+00 2.989870327383454946e-12 0.000000000000000000e+00 2.399857041677736492e-11 1.668386743258513212e-12 0.000000000000000000e+00 5.109476673115079803e-12 3.413271745754112870e-12 1.660615568210949571e-12 0.000000000000000000e+00 0.000000000000000000e+00 8.620516816476650483e-12 6.490608841294412051e-12 0.000000000000000000e+00 1.850819133364684093e-12 3.390196517052835453e-12
0.000000000000000000e+00 1.185518513051791356e-11 0.000000000000000000e+00 1.661587147067738394e-12 1.098524106239475536e-11 1.659170527315392623e-12 0.000000000000000000e+00 5.643870649628767595e-13 1.812175644022244461e-18 0.000000000000000000e+00 0.000000000000000000e+00 0.000000000000000000e+00 0.000000000000000000e+00 0.000000000000000000e+00 5.687085023987170967e-13 0.000000000000000000e+00 4.227284401466155677e-12 3.399256775124404605e-12 2.411699765012555393e-11 0.000000000000000000e+00 3.411675208721377491e-12 1.661557816353295867e-12 0.000000000000000000e+00 3.395164388855682334e-12 1.663614057087523536e-12 0.000000000000000000e+00 5.409707659415858946e-12 3.400715445093202040e-12 3.696661653931032342e-12 0.000000000000000000e+00 1.657468267763985175e-12 3.390888842750282601e-12 0.000000000000000000e+00 3.386736945606082040e-12 2.991131117020321353e-12 5.690610707796928242e-13 1.657585755894906451e-12
0.000000000000000000e+00 6.124129771341258122e-12 1.649534582544644246e-12 3.376428225233412929e-12 1.654460240200136569e-12 0.000000000000000000e+00 1.656699091520053628e-12 3.387095465645487346e-12 0.000000000000000000e+00 0.000000000000000000e+00 0.000000000000000000e+00 0.000000000000000000e+00 0.000000000000000000e+00 0.000000000000000000e+00 3.392636884597881443e-12 5.693021564554242672e-13 0.000000000000000000e+00 3.003594180853224238e-12 3.403484724920221757e-12 5.731557614490257644e-13 1.663738731485389644e-12 0.000000000000000000e+00 3.391577531943275058e-12 1.659800226715491593e-12 0.000000000000000000e+00 1.659677708908161802e-12 3.400616216330472618e-12 0.000000000000000000e+00 5.690695916885591690e-13 8.664531441133986648e-12 0.000000000000000000e+00 0.000000000000000000e+00 0.000000000000000000e+00 0.000000000000000000e+00 0.000000000000000000e+00 5.686577499719877749e-13 0.000000000000000000e+00
0.000000000000000000e+00 0.000000000000000000e+00 6.081064382402643312e-12 1.651229544781467730e-12 0.000000000000000000e+00 5.675559768079270795e-13 6.097862053393104164e-12 0.000000000000000000e+00 0.000000000000000000e+00 0.000000000000000000e+00 0.000000000000000000e+00 0.000000000000000000e+00 0.000000000000000000e+00 0.000000000000000000e+00 0.000000000000000000e+00 3.399256775124404605e-12 5.696571987392463053e-13 0.000000000000000000e+00 1.666571352573310628e-12 2.482445800684122171e-17 0.000000000000000000e+00 3.390299026656734165e-12 1.657367810092447393e-12 0.000000000000000000e+00 7.293831017380888590e-11 3.395156436604037591e-12 5.709230309280558810e-13 1.658514325660558690e-12 0.000000000000000000e+00 0.000000000000000000e+00 1.657468267763985175e-12 5.687811585443927156e-13 0.000000000000000000e+00 0.000000000000000000e+00 0.000000000000000000e+00 0.000000000000000000e+00 0.000000000000000000e+00
1.684913459261502595e-12 0.000000000000000000e+00 1.649902728315096977e-12 0.000000000000000000e+00 2.688375509156631340e-11 6.690277378574359531e-11 0.000000000000000000e+00 0.000000000000000000e+00 0.000000000000000000e+00 3.395299848759942561e-12 0.000000000000000000e+00 5.693425012421853701e-13 5.693117550066471999e-13 0.000000000000000000e+00 1.660648493779808932e-12 0.000000000000000000e+00 0.000000000000000000e+00 1.666571352573310628e-12 3.388509682197738638e-12 5.471529150605932755e-17 0.000000000000000000e+00 5.352930413092807516e-12 1.097640541570390372e-17 3.389495467072562593e-12 3.391572278351610591e-12 0.000000000000000000e+00 0.000000000000000000e+00 0.000000000000000000e+00 0.000000000000000000e+00 0.000000000000000000e+00 0.000000000000000000e+00 0.000000000000000000e+00 0.000000000000000000e+00 0.000000000000000000e+00 1.657659976232350289e-12 1.657647664504052812e-12 0.000000000000000000e+00
0.000000000000000000e+00 1.649345663974986983e-12 0.000000000000000000e+00 1.653365580017370152e-12 6.081064382402649774e-12 0.000000000000000000e+00 0.000000000000000000e+00 0.000000000000000000e+00 3.399829236099363935e-12 1.662607413244204301e-12 0.000000000000000000e+00 1.451485660215942715e-12 0.000000000000000000e+00 5.699122655981629139e-13 0.000000000000000000e+00 1.664262744296396201e-12 0.000000000000000000e+00 3.387659063210440296e-12 1.655442238614227978e-12 0.000000000000000000e+00 1.663157391737596457e-12 5.684903003759521803e-13 1.663157402640517497e-12 0.000000000000000000e+00 3.340856130173660390e-18 3.391972376964383402e-12 0.000000000000000000e+00 0.000000000000000000e+00 0.000000000000000000e+00 0.000000000000000000e+00 0.000000000000000000e+00 0.000000000000000000e+00 0.000000000000000000e+00 1.070869701951519891e-11 0.000000000000000000e+00 1.657655872322963101e-12 0.000000000000000000e+00
2.017820064169311084e-16 0.000000000000000000e+00 1.007750746858056797e-09 3.373631721562002125e-12 0.000000000000000000e+00 0.000000000000000000e+00 0.000000000000000000e+00 0.000000000000000000e+00 1.664094203098686461e-12 0.000000000000000000e+00 8.710412855603372228e-12 0.000000000000000000e+00 0.000000000000000000e+00 0.000000000000000000e+00 5.707988485948106713e-13 0.000000000000000000e+00 1.664050055199033503e-12 1.654952923878875227e-12 0.000000000000000000e+00 1.655442238614227978e-12 4.816330302228960812e-11 3.570989803545118188e-11 5.690393849829849343e-13 3.037815420677422173e-19 1.663673967175524093e-12 3.099439490820209836e-11 3.391972376964410867e-12 0.000000000000000000e+00 0.000000000000000000e+00 0.000000000000000000e+00 1.657223601703464915e-12 0.000000000000000000e+00 1.660053834247821255e-12 0.000000000000000000e+00 1.657659976232350289e-12 5.694564938406027065e-13 0.000000000000000000e+00
1.125584411631235664e-10 1.654850062362248778e-12 3.379807990307964315e-12 0.000000000000000000e+00 1.653081333827242173e-12 1.660626551385526709e-12 3.389133304125959938e-12 1.661377608431260095e-12 0.000000000000000000e+00 3.701450559580008884e-12 3.399829236099363935e-12 0.000000000000000000e+00 0.000000000000000000e+00 5.702849976613638398e-13 3.400268703692459601e-12 3.335585169153161407e-17 5.678619252950261694e-13 3.389977657253768851e-12 1.654952706343360215e-12 3.387653562316497217e-12 0.000000000000000000e+00 0.000000000000000000e+00 0.000000000000000000e+00 0.000000000000000000e+00 1.657636469298260575e-12 1.663032444088345982e-12 1.264960107284679349e-11 3.400134997704450239e-12 3.410310852310297600e-12 1.348718160965665834e-11 1.814097264777826896e-18 3.423074881176811545e-12 0.000000000000000000e+00 1.660053834247821255e-12 1.658231408715034674e-12 1.657287085066545946e-12 0.000000000000000000e+00
2.989102779459168965e-12 3.464562209531273658e-10 1.654874068329830742e-12 1.415697263793558590e-16 0.000000000000000000e+00 2.467079907818207320e-19 4.202475970507552387e-12 1.452291706043592426e-12 1.661104831046504302e-12 3.396224690312381086e-12 0.000000000000000000e+00 1.662309499120467222e-12 0.000000000000000000e+00 2.990797526842249893e-12 5.678619199903640560e-13 1.261572964212550284e-16 3.807328570564424378e-10 1.654206478033337809e-12 0.000000000000000000e+00 0.000000000000000000e+00 1.460265231027563005e-12 0.000000000000000000e+00 0.000000000000000000e+00 0.000000000000000000e+00 0.000000000000000000e+00 5.433304408056984329e-12 3.004949220567407680e-12 4.251565551565546426e-12 3.003431143692659895e-12 0.000000000000000000e+00 1.032895782958410854e-12 2.064618009372054202e-11 3.218969187000519731e-11 8.778590907943630470e-12 0.000000000000000000e+00 0.000000000000000000e+00 0.000000000000000000e+00
1.366571466765362017e-10 5.674130202706801022e-13 1.661235480140611772e-12 3.384177430062958417e-12 5.674756817615907639e-13 1.659495339548167336e-12 5.658192173622746825e-16 7.207833132476159937e-12 0.000000000000000000e+00 0.000000000000000000e+00 0.000000000000000000e+00 3.395048057154580612e-12 5.708022191900523308e-13 2.981244434842201710e-12 6.430285854802449972e-12 0.000000000000000000e+00 4.424665156414709228e-11 7.817865926946598092e-10 4.190836175710794358e-11 3.668733645900260589e-12 1.171618271240000668e-12 0.000000000000000000e+00 0.000000000000000000e+00 0.000000000000000000e+00 0.000000000000000000e+00 5.706199523839250514e-13 0.000000000000000000e+00 5.700847747575616223e-13 5.694981635046620441e-13 2.795783542706168153e-18 1.658340371944517394e-12 2.613382078984165649e-11 4.802740138542404556e-12 1.666545017162555944e-12 1.658231408715034674e-12 5.690693995588487613e-13 0.000000000000000000e+00
2.971670106774360069e-12 0.000000000000000000e+00 0.000000000000000000e+00 0.000000000000000000e+00 0.000000000000000000e+00 3.945603263269510012e-16 8.576431111750314533e-12 3.454920874646482965e-19 0.000000000000000000e+00 0.000000000000000000e+00 0.000000000000000000e+00 1.972579661948771231e-11 5.591896871024372208e-19 0.000000000000000000e+00 1.291421246699572877e-16 1.661095790605331796e-12 1.001085554598860244e-12 7.417165015615013490e-12 0.000000000000000000e+00 1.672778033444055318e-12 3.427432817141613820e-12 0.000000000000000000e+00 0.000000000000000000e+00 0.000000000000000000e+00 0.000000000000000000e+00 0.000000000000000000e+00 1.662240730857520784e-12 0.000000000000000000e+00 0.000000000000000000e+00 0.000000000000000000e+00 0.000000000000000000e+00 3.415301883984879505e-12 0.000000000000000000e+00 5.407832325158245669e-12 7.592072759925286001e-12 3.388191871683109340e-12 0.000000000000000000e+00
0.000000000000000000e+00 0.000000000000000000e+00 0.000000000000000000e+00 0.000000000000000000e+00 0.000000000000000000e+00 5.674756817615907639e-13 1.265879305498098374e-11 1.347478786267751519e-16 0.000000000000000000e+00 0.000000000000000000e+00 3.384692020619967330e-12 1.653612653190013322e-12 0.000000000000000000e+00 2.990640224368983570e-12 5.656598726935009330e-13 0.000000000000000000e+00 0.000000000000000000e+00 1.620458733543166820e-12 3.946050358798962042e-11 0.000000000000000000e+00 1.678069047708134347e-12 1.110619272775940456e-11 0.000000000000000000e+00 0.000000000000000000e+00 0.000000000000000000e+00 0.000000000000000000e+00 0.000000000000000000e+00 0.000000000000000000e+00 0.000000000000000000e+00 0.000000000000000000e+00 0.000000000000000000e+00 0.000000000000000000e+00 1.025235484222764537e-12 0.000000000000000000e+00 4.215703373630030406e-12 0.000000000000000000e+00 4.224209296357979734e-12
0.000000000000000000e+00 0.000000000000000000e+00 0.000000000000000000e+00 0.000000000000000000e+00 5.705425326434961647e-13 0.000000000000000000e+00 1.653081333827242980e-12 3.361925018376714540e-11 5.613159327346725465e-17 5.674757053679967267e-13 1.653338086932832796e-12 0.000000000000000000e+00 1.850334546956744824e-12 1.096628524155611103e-11 5.709365599227333357e-13 0.000000000000000000e+00 0.000000000000000000e+00 0.000000000000000000e+00 1.487701604609433355e-11 1.693351373817769311e-12 0.000000000000000000e+00 3.456028488364514554e-18 1.695062948303035677e-12 0.000000000000000000e+00 0.000000000000000000e+00 0.000000000000000000e+00 0.000000000000000000e+00 0.000000000000000000e+00 0.000000000000000000e+00 0.000000000000000000e+00 0.000000000000000000e+00 0.000000000000000000e+00 5.691536021159427606e-13 1.657254496696494891e-12 1.445898804288804089e-12 1.656341735208716955e-12 0.000000000000000000e+00
0.000000000000000000e+00 0.000000000000000000e+00 0.000000000000000000e+00 5.707734355450549169e-13 0.000000000000000000e+00 1.661301629455349601e-12 5.686250821598408756e-13 3.387232314205140764e-12 9.668242222300510289e-12 2.976813920718458582e-12 3.378482560919829186e-12 1.743018259297545452e-10 3.370213322459783204e-12 1.663397520283838366e-12 0.000000000000000000e+00 0.000000000000000000e+00 0.000000000000000000e+00 0.000000000000000000e+00 0.000000000000000000e+00 5.531457091616751766e-12 5.784112041597668419e-13 0.000000000000000000e+00 8.461569909001423980e-11 1.693894011975824631e-12 0.000000000000000000e+00 0.000000000000000000e+00 0.000000000000000000e+00 0.000000000000000000e+00 5.753756587336846460e-13 0.000000000000000000e+00 0.000000000000000000e+00 0.000000000000000000e+00 0.000000000000000000e+00 0.000000000000000000e+00 0.000000000000000000e+00 0.000000000000000000e+00 0.000000000000000000e+00
1.633968427903198219e-12 0.000000000000000000e+00 0.000000000000000000e+00 5.699325192235142667e-13 1.661817948452687285e-12 3.397133534529465686e-12 1.662158332856699894e-12 0.000000000000000000e+00 1.915985448304725610e-10 2.582378848820625321e-11 3.340867325606546089e-12 0.000000000000000000e+00 0.000000000000000000e+00 0.000000000000000000e+00 0.000000000000000000e+00 0.000000000000000000e+00 0.000000000000000000e+00 0.000000000000000000e+00 0.000000000000000000e+00 0.000000000000000000e+00 4.327577333010005173e-12 4.029519889895720148e-12 3.445318911734263279e-12 0.000000000000000000e+00 1.698206614410850782e-12 0.000000000000000000e+00 5.803174062146604575e-13 1.702050358830158494e-12 3.856424158917049304e-11 3.476495435592828238e-12 0.000000000000000000e+00 0.000000000000000000e+00 0.000000000000000000e+00 0.000000000000000000e+00 0.000000000000000000e+00 0.000000000000000000e+00 0.000000000000000000e+00
0.000000000000000000e+00 0.000000000000000000e+00 0.000000000000000000e+00 0.000000000000000000e+00 0.000000000000000000e+00 1.662301335832558436e-12 0.000000000000000000e+00 2.240929603229008973e-12 5.489476419378259750e-10 0.000000000000000000e+00 5.676705161899685369e-13 0.000000000000000000e+00 0.000000000000000000e+00 0.000000000000000000e+00 1.662443849564479647e-12 1.659216457502772557e-12 0.000000000000000000e+00 0.000000000000000000e+00 0.000000000000000000e+00 0.000000000000000000e+00 0.000000000000000000e+00 1.692862235592228276e-12 4.300573127413979910e-12 2.287360523639455065e-12 0.000000000000000000e+00 1.253341795642018390e-18 4.201880880373674123e-18 0.000000000000000000e+00 4.351906029183043381e-12 0.000000000000000000e+00 1.003157401597098246e-11 7.792215523464455448e-12 8.839571728742364872e-12 4.256995370486959822e-12 1.659330476610202615e-12 1.654430253283376304e-12 0.000000000000000000e+00
5.616094187668506089e-13 0.000000000000000000e+00 0.000000000000000000e+00 0.000000000000000000e+00 0.000000000000000000e+00 0.000000000000000000e+00 2.998329092569059816e-12 0.000000000000000000e+00 1.660756292586557710e-12 0.000000000000000000e+00 1.653689502814485577e-12 3.385154676018868251e-12 3.393280680157848200e-12 1.276703452950549584e-11 0.000000000000000000e+00 0.000000000000000000e+00 1.660194151707086911e-12 0.000000000000000000e+00 0.000000000000000000e+00 0.000000000000000000e+00 0.000000000000000000e+00 1.691174041132050368e-12 0.000000000000000000e+00 1.054093974135216877e-12 6.817465376800145533e-12 0.000000000000000000e+00 1.702290792882475817e-12 1.551254457578222475e-11 6.710283617851970467e-12 1.680092492739422166e-12 0.000000000000000000e+00 1.036734698480022962e-12 0.000000000000000000e+00 1.033708847422651409e-12 0.000000000000000000e+00 1.657487342627605291e-12 0.000000000000000000e+00
