output/example/lateral_incision_000028.asc
nrows	75
cellsize	13.33333333
xllcorner	0
ncols	75
yllcorner	0
NODATA_value	-9999
[rows 17 to 33 of 75, columns 37 to 73 of 75]
6.425188303887824041e-13 0.000000000000000000e+00 2.954729111216047431e-12 3.330807011274012424e-12 1.627113957857994664e-12 0.000000000000000000e+00 5.583781218965637625e-13 3.325790961099395268e-11 2.906969396969075878e-12 0.000000000000000000e+00 1.631238509994614291e-12 0.000000000000000000e+00 0.000000000000000000e+00 0.000000000000000000e+00 0.000000000000000000e+00 5.583856093467903305e-13 0.000000000000000000e+00 0.000000000000000000e+00 2.289698682007888364e-18 9.344019204639796961e-12 1.615786887097524474e-12 0.000000000000000000e+00 1.405567855249822531e-12 3.307326301320715915e-12 2.698794312713619353e-11 1.631614893117844937e-12 0.000000000000000000e+00 5.570208426450478825e-12 0.000000000000000000e+00 4.252685947837169289e-12 0.000000000000000000e+00 0.000000000000000000e+00 8.417743058544193490e-12 4.240681220616093368e-12 0.000000000000000000e+00 1.826209061602402825e-12 3.366537985720965088e-12
0.000000000000000000e+00 5.613563486254802329e-13 0.000000000000000000e+00 1.630362141934980507e-12 0.000000000000000000e+00 1.627113957857994664e-12 3.325991421731706065e-12 5.576883798997934437e-13 0.000000000000000000e+00 0.000000000000000000e+00 0.000000000000000000e+00 0.000000000000000000e+00 0.000000000000000000e+00 0.000000000000000000e+00 5.583856093467903305e-13 0.000000000000000000e+00 5.562735788950707758e-13 3.309632638902913882e-12 0.000000000000000000e+00 3.321346409339831724e-12 0.000000000000000000e+00 3.321346409444480977e-12 0.000000000000000000e+00 3.049678756907772443e-12 1.632893281004937442e-12 0.000000000000000000e+00 5.272396837153699123e-12 3.329233536052013839e-12 1.626353326369741354e-12 0.000000000000000000e+00 1.648173738694723021e-12 1.655034133034086843e-12 0.000000000000000000e+00 3.343572106006920642e-12 2.951358483318161749e-12 5.688907342327068927e-13 1.657087818247207790e-12
0.000000000000000000e+00 0.000000000000000000e+00 3.338990628311152344e-12 5.563188041403404852e-13 3.338971410520341786e-12 1.626165088923463045e-12 0.000000000000000000e+00 0.000000000000000000e+00 5.576883798997934437e-13 0.000000000000000000e+00 0.000000000000000000e+00 0.000000000000000000e+00 0.000000000000000000e+00 0.000000000000000000e+00 3.315305325875172501e-12 4.089335137090180516e-12 0.000000000000000000e+00 2.904865880443269657e-12 3.315166706256897564e-12 1.637952120030320446e-11 0.000000000000000000e+00 1.626554871346350664e-12 3.076556379114400705e-12 9.018954068811388052e-13 0.000000000000000000e+00 1.638328475631298625e-12 3.341341179246746325e-12 0.000000000000000000e+00 5.643592924165977032e-13 5.668710544585452920e-13 0.000000000000000000e+00 0.000000000000000000e+00 0.000000000000000000e+00 0.000000000000000000e+00 0.000000000000000000e+00 5.682886476153276795e-13 0.000000000000000000e+00
0.000000000000000000e+00 0.000000000000000000e+00 3.340951933201825875e-12 1.627574334044601202e-12 5.562927495688035478e-13 0.000000000000000000e+00 0.000000000000000000e+00 0.000000000000000000e+00 0.000000000000000000e+00 0.000000000000000000e+00 0.000000000000000000e+00 0.000000000000000000e+00 0.000000000000000000e+00 0.000000000000000000e+00 0.000000000000000000e+00 3.309632638902913882e-12 1.614174347170254367e-12 0.000000000000000000e+00 1.619559278332871038e-12 2.150989609599603854e-17 8.535523261011694626e-11 5.003817130290298771e-13 2.231494455848411248e-12 0.000000000000000000e+00 7.487112801357589574e-11 3.342862824982422180e-12 0.000000000000000000e+00 1.641189573370050250e-12 0.000000000000000000e+00 0.000000000000000000e+00 1.430806440381638157e-12 5.686852397834732284e-13 0.000000000000000000e+00 0.000000000000000000e+00 0.000000000000000000e+00 0.000000000000000000e+00 0.000000000000000000e+00
1.614612783031962027e-12 0.000000000000000000e+00 1.971415570517752421e-11 0.000000000000000000e+00 3.342678643863276765e-12 5.568107229688410844e-13 0.000000000000000000e+00 0.000000000000000000e+00 0.000000000000000000e+00 3.308682126849571415e-12 0.000000000000000000e+00 0.000000000000000000e+00 0.000000000000000000e+00 0.000000000000000000e+00 1.618946558943251117e-12 0.000000000000000000e+00 3.315166706249126186e-12 1.619559278332871038e-12 6.015638501995788853e-12 8.034998293307664212e-17 0.000000000000000000e+00 1.631195752008330840e-12 9.434911520617869891e-11 3.332826678205361372e-12 3.336788268083962059e-12 0.000000000000000000e+00 0.000000000000000000e+00 0.000000000000000000e+00 0.000000000000000000e+00 0.000000000000000000e+00 0.000000000000000000e+00 0.000000000000000000e+00 0.000000000000000000e+00 0.000000000000000000e+00 1.642008995248621061e-12 1.648921627034430254e-12 0.000000000000000000e+00
0.000000000000000000e+00 1.624828774664082836e-12 3.344304615234338446e-12 5.584187919173771805e-13 3.343895669860765473e-12 0.000000000000000000e+00 0.000000000000000000e+00 0.000000000000000000e+00 3.317698286914957236e-12 1.616765297712012266e-12 0.000000000000000000e+00 1.623263961921435384e-12 0.000000000000000000e+00 4.101238642571670944e-12 0.000000000000000000e+00 1.616815306283581885e-12 0.000000000000000000e+00 0.000000000000000000e+00 1.632151503891611672e-12 0.000000000000000000e+00 1.622340134753514404e-12 2.242494899521865347e-10 3.335430118998488533e-12 5.563625624394062223e-13 3.073803774269551866e-11 3.326272825124257773e-12 0.000000000000000000e+00 0.000000000000000000e+00 0.000000000000000000e+00 0.000000000000000000e+00 0.000000000000000000e+00 0.000000000000000000e+00 0.000000000000000000e+00 1.038707002390343326e-11 0.000000000000000000e+00 0.000000000000000000e+00 0.000000000000000000e+00
2.219189335062020537e-16 0.000000000000000000e+00 4.138699660636180173e-16 3.346989522777326705e-12 3.634433590013486867e-11 0.000000000000000000e+00 0.000000000000000000e+00 0.000000000000000000e+00 1.620979363612070684e-12 0.000000000000000000e+00 8.440795820427432971e-12 0.000000000000000000e+00 0.000000000000000000e+00 0.000000000000000000e+00 5.555628603821103109e-13 0.000000000000000000e+00 1.623225019999624229e-12 1.633025931940328097e-12 0.000000000000000000e+00 1.233100898245019739e-10 5.016005949929212398e-11 3.309215587521611736e-11 5.595256306782188153e-13 3.397555000757054292e-12 0.000000000000000000e+00 2.930837576487526119e-11 3.321784243691898473e-12 0.000000000000000000e+00 0.000000000000000000e+00 0.000000000000000000e+00 5.575998403063946818e-13 3.071334004935188188e-11 1.613957574102303184e-12 0.000000000000000000e+00 1.642008995248621061e-12 5.663852355020398939e-13 0.000000000000000000e+00
0.000000000000000000e+00 5.609808744959398424e-13 5.604799204329181457e-13 0.000000000000000000e+00 3.037815420677422173e-19 1.623463847948315444e-12 3.335166121136493005e-12 1.624788081446852315e-12 0.000000000000000000e+00 4.130349080374799836e-12 3.317698286914957236e-12 5.562646373882932022e-13 0.000000000000000000e+00 0.000000000000000000e+00 3.320309750251041513e-12 6.843491377167590720e-20 3.342412316998749205e-12 1.289603201418196931e-10 1.286761561742806666e-10 3.334314479587562978e-12 0.000000000000000000e+00 0.000000000000000000e+00 0.000000000000000000e+00 3.326255088614549940e-12 1.624755754844721931e-12 0.000000000000000000e+00 1.257845557709903500e-11 3.314730516923197113e-12 3.308414323501481650e-12 2.921236411403606560e-11 3.294625275257093396e-12 1.606666613096958762e-12 0.000000000000000000e+00 1.614398544851329225e-12 1.639903483583521441e-12 1.648338286773912372e-12 0.000000000000000000e+00
5.617576265542980827e-13 3.679495468085456708e-10 3.347442325503146594e-12 1.410651549605879691e-16 2.934855868998536790e-12 9.678158319573734162e-20 4.172931252572366093e-12 0.000000000000000000e+00 1.627654440018742724e-12 3.326560014876228499e-12 0.000000000000000000e+00 1.622527309355429500e-12 0.000000000000000000e+00 2.939056206627083117e-12 1.807901029318146513e-16 5.597657263323782463e-13 3.769824182355455859e-10 1.634610403203767920e-12 5.608723616062936117e-13 1.954395526734139451e-17 1.621616121044974534e-12 0.000000000000000000e+00 0.000000000000000000e+00 0.000000000000000000e+00 3.321784242699452990e-12 5.237437140023776022e-12 0.000000000000000000e+00 4.101896749479161630e-12 9.939588350799313265e-13 9.945313802937747628e-13 9.944118489516558671e-13 1.607543267844604879e-12 5.924939659469461664e-12 4.392301553756829860e-19 0.000000000000000000e+00 0.000000000000000000e+00 0.000000000000000000e+00
1.046697858096194106e-10 0.000000000000000000e+00 1.623552201385501012e-12 3.341093478379797218e-12 5.619033505392592301e-13 1.627027411355038352e-12 5.649940293834556035e-16 5.575091699340123531e-13 1.087848308179455169e-11 0.000000000000000000e+00 0.000000000000000000e+00 3.326677944700614238e-12 5.562701713087778160e-13 2.947520824412309599e-12 7.500655680860814956e-12 1.634610403203767920e-12 1.634610403203767920e-12 1.631138177838705553e-12 4.022940871925672991e-11 0.000000000000000000e+00 1.624477415747429378e-12 3.321266419420931320e-12 0.000000000000000000e+00 0.000000000000000000e+00 0.000000000000000000e+00 1.619371231699633550e-12 0.000000000000000000e+00 5.571768336711034734e-13 5.584764953582488895e-13 8.406314651206855112e-12 1.626888129709354177e-12 3.287642613674130583e-12 4.063647273999199911e-12 3.307365929205148281e-12 1.811835139689088358e-12 5.660148115274488367e-13 0.000000000000000000e+00
5.573786577450902090e-13 0.000000000000000000e+00 0.000000000000000000e+00 0.000000000000000000e+00 0.000000000000000000e+00 3.939789347838355841e-16 3.346989522777326705e-12 0.000000000000000000e+00 0.000000000000000000e+00 0.000000000000000000e+00 0.000000000000000000e+00 1.756752590677902020e-11 6.288885829911042830e-19 0.000000000000000000e+00 1.635239562526072908e-12 1.624689336443174216e-12 1.002807977664126092e-12 0.000000000000000000e+00 1.145467423128238889e-10 8.597344586366977859e-12 5.597399605393150477e-13 0.000000000000000000e+00 0.000000000000000000e+00 0.000000000000000000e+00 0.000000000000000000e+00 0.000000000000000000e+00 1.617282582563431775e-12 0.000000000000000000e+00 0.000000000000000000e+00 0.000000000000000000e+00 0.000000000000000000e+00 6.675068223049017316e-12 0.000000000000000000e+00 2.900804897652365214e-12 5.310475496544391229e-12 3.351751399177682437e-12 0.000000000000000000e+00
0.000000000000000000e+00 0.000000000000000000e+00 0.000000000000000000e+00 0.000000000000000000e+00 0.000000000000000000e+00 6.035220078509326925e-12 1.261774057839627540e-11 1.636848890701320643e-12 0.000000000000000000e+00 0.000000000000000000e+00 8.525245723066993418e-12 1.635826618265029192e-12 0.000000000000000000e+00 1.627181046565205147e-12 0.000000000000000000e+00 5.565013669326425768e-13 0.000000000000000000e+00 1.624649824389428676e-12 0.000000000000000000e+00 0.000000000000000000e+00 1.628339535396091398e-12 1.084432013292345328e-11 0.000000000000000000e+00 0.000000000000000000e+00 0.000000000000000000e+00 0.000000000000000000e+00 0.000000000000000000e+00 0.000000000000000000e+00 0.000000000000000000e+00 0.000000000000000000e+00 0.000000000000000000e+00 0.000000000000000000e+00 1.408749490417678811e-12 0.000000000000000000e+00 5.635905426582997458e-13 0.000000000000000000e+00 5.660793562558691041e-13
0.000000000000000000e+00 0.000000000000000000e+00 0.000000000000000000e+00 5.565142825223006832e-13 5.573011543988135304e-13 0.000000000000000000e+00 1.346482116729751433e-16 3.365007577847308332e-11 7.006523031762852436e-19 0.000000000000000000e+00 1.636377126813216957e-12 0.000000000000000000e+00 1.625897931081502730e-12 1.089555047067802354e-11 5.574353190686204596e-13 0.000000000000000000e+00 0.000000000000000000e+00 0.000000000000000000e+00 0.000000000000000000e+00 1.618727385815377431e-12 0.000000000000000000e+00 1.625773671093332746e-12 1.625204701932583978e-12 1.619819706702770203e-12 0.000000000000000000e+00 0.000000000000000000e+00 0.000000000000000000e+00 0.000000000000000000e+00 0.000000000000000000e+00 0.000000000000000000e+00 0.000000000000000000e+00 0.000000000000000000e+00 0.000000000000000000e+00 4.221928601675531439e-12 1.424453203722642218e-12 1.650493428305688909e-12 0.000000000000000000e+00
0.000000000000000000e+00 0.000000000000000000e+00 0.000000000000000000e+00 0.000000000000000000e+00 0.000000000000000000e+00 5.558814731288024382e-13 8.527522686901930984e-12 5.619033505392600379e-13 9.610723390340918698e-12 1.636848890701323874e-12 1.145013240881920032e-09 5.583337798077885559e-13 3.340209083162219874e-12 1.621002482610201257e-12 0.000000000000000000e+00 0.000000000000000000e+00 0.000000000000000000e+00 0.000000000000000000e+00 0.000000000000000000e+00 0.000000000000000000e+00 3.611150439473787301e-18 0.000000000000000000e+00 3.214694592594226911e-11 1.530844218619112663e-11 0.000000000000000000e+00 0.000000000000000000e+00 0.000000000000000000e+00 0.000000000000000000e+00 2.155667346440703547e-12 1.402764304188355957e-12 5.610577430910646570e-13 0.000000000000000000e+00 0.000000000000000000e+00 0.000000000000000000e+00 0.000000000000000000e+00 0.000000000000000000e+00 0.000000000000000000e+00
1.632908025409879532e-12 0.000000000000000000e+00 0.000000000000000000e+00 0.000000000000000000e+00 1.621978922050781540e-12 3.324184075903595872e-12 1.624078837219921833e-12 0.000000000000000000e+00 2.312433935865870364e-16 1.918814492143697917e-10 3.346989522777421621e-12 0.000000000000000000e+00 0.000000000000000000e+00 0.000000000000000000e+00 0.000000000000000000e+00 0.000000000000000000e+00 1.665968390858500605e-12 0.000000000000000000e+00 0.000000000000000000e+00 0.000000000000000000e+00 0.000000000000000000e+00 1.616567459666262789e-12 1.823623874713416323e-12 1.622563052193549142e-12 8.447150758485049529e-12 0.000000000000000000e+00 0.000000000000000000e+00 4.440090057554645325e-11 3.294826091209769914e-12 5.585708343830366260e-13 0.000000000000000000e+00 0.000000000000000000e+00 0.000000000000000000e+00 0.000000000000000000e+00 0.000000000000000000e+00 0.000000000000000000e+00 0.000000000000000000e+00
5.606405830252838371e-13 0.000000000000000000e+00 0.000000000000000000e+00 0.000000000000000000e+00 0.000000000000000000e+00 1.619670455047811690e-12 0.000000000000000000e+00 1.624078837219921833e-12 5.604376046141895668e-13 1.887993751700947435e-10 1.234761809399889792e-11 0.000000000000000000e+00 0.000000000000000000e+00 0.000000000000000000e+00 1.656166887154794085e-12 1.663439661047066378e-12 0.000000000000000000e+00 0.000000000000000000e+00 0.000000000000000000e+00 0.000000000000000000e+00 0.000000000000000000e+00 0.000000000000000000e+00 1.617410663992220143e-12 0.000000000000000000e+00 1.618914839079105743e-12 8.424253908661151321e-12 4.552852098139626228e-18 0.000000000000000000e+00 1.616532090018095479e-12 1.038309321579651565e-11 5.897278355486027770e-12 7.322976501365359710e-12 8.307262017687848031e-12 4.134984089781355803e-12 1.644891122637555525e-12 1.650831171549608346e-12 0.000000000000000000e+00
5.601024339951223505e-13 0.000000000000000000e+00 0.000000000000000000e+00 0.000000000000000000e+00 0.000000000000000000e+00 0.000000000000000000e+00 2.915348650105820675e-12 0.000000000000000000e+00 1.593172530544970309e-12 5.474691376239477484e-10 5.583880513067485609e-13 1.467999955881355510e-12 0.000000000000000000e+00 1.450278311073541242e-11 0.000000000000000000e+00 0.000000000000000000e+00 5.729174022816788255e-13 0.000000000000000000e+00 0.000000000000000000e+00 0.000000000000000000e+00 0.000000000000000000e+00 5.555430425059487464e-13 0.000000000000000000e+00 1.617113119855144748e-12 0.000000000000000000e+00 6.317463221685542889e-12 0.000000000000000000e+00 5.531459861155087992e-13 2.901974840856820467e-12 1.629412418965964220e-12 0.000000000000000000e+00 1.005870214708508577e-12 1.641893309299366668e-12 1.009731668933853143e-12 0.000000000000000000e+00 1.648209279888127791e-12 0.000000000000000000e+00
