output/example/lateral_incision_000480.asc
nrows	75
cellsize	13.33333333
xllcorner	0
ncols	75
yllcorner	0
NODATA_value	-9999
[rows 17 to 33 of 75, columns 0 to 36 of 75]
0.000000000000000000e+00 2.152213683055535114e+02 9.852180203135027341e+02 1.827466299562663039e+02 7.775225413160687822e+02 4.185644520145257275e+02 2.385490695851392839e+00 4.202069106495794699e+02 1.314861011847682676e+03 7.760778041752531635e+02 5.959227212602925192e+02 2.378774395049798329e+02 1.355286657590428604e+03 5.411432809966082402e+01 2.351629063044963743e+02 3.212906631122282306e+02 2.230595189653865589e+02 1.302306581626801858e+02 1.215660079529020322e+03 1.598858716438924148e+02 8.572744303545244193e+00 9.816072341387871347e+01 8.664236017392144618e+01 9.459608955892849735e+02 1.534395755404682689e+02 3.085359542157234713e+01 3.928526501545144356e+01 5.896999978152781523e+02 9.915531305000503153e+02 4.035014960753105129e+02 1.064498608892013635e+03 3.975009078136586993e+00 7.056152893478528085e+02 9.374425450673764715e+01 2.308506988148660621e+00 9.826364050590804311e+01 5.565410224439035574e+02
0.000000000000000000e+00 2.466967986206984431e+00 0.000000000000000000e+00 0.000000000000000000e+00 0.000000000000000000e+00 0.000000000000000000e+00 1.679243013264482443e+03 8.764468374672358095e+02 8.861386946499694659e+02 2.558042029532321635e+02 1.006117698060024281e+03 1.191505841515978318e+03 6.527208125403460848e+00 1.410113543967850319e+03 6.860034418470595483e+02 1.761205908781037222e-01 2.534841157567087055e+00 3.624204170478878950e+01 0.000000000000000000e+00 9.938489229946007981e+02 1.390932789271166257e+03 2.667983573188691171e+00 1.813452597913323814e+02 6.802943285034679093e+02 7.990039448891755569e+01 5.925602529055752257e+02 3.584288542032159341e+01 1.864748665391557703e+00 3.331917194905574320e+01 9.054107870621137408e+02 2.453086273048780352e+00 3.701004309918267268e+02 8.167125580765457471e+02 5.509041337942392147e+02 7.517143995216266603e+02 0.000000000000000000e+00 7.800164917221626411e+02
0.000000000000000000e+00 1.723018157581660944e+03 0.000000000000000000e+00 0.000000000000000000e+00 0.000000000000000000e+00 0.000000000000000000e+00 1.174114287643014052e+02 1.098195189665649877e+03 4.264044682707566342e-02 3.503933411344762590e+02 1.291017138116112847e+03 7.841614173283427363e+02 1.010324673439436793e+01 1.133536273199579682e+03 1.032287572524112647e+03 8.475802324760969668e+02 2.758582856666011907e+01 4.712429577061844839e+02 7.870308549432253358e+02 0.000000000000000000e+00 1.099968467511205972e+03 9.367035594400134642e+02 1.806893138116725250e+00 4.459826671413025565e+02 1.276097049058328821e+03 3.314648271002154729e+02 4.176689458098653551e-01 6.067996910901731411e+01 1.109423186646093171e+02 8.507967160662951756e+02 1.081343589263180576e+02 9.160851776155736843e+02 3.486935981182925275e+02 1.426749861252939411e+02 5.523291003626154634e+02 9.339051651859850267e+01 7.859712484686928065e+02
0.000000000000000000e+00 5.918754020871954680e+00 5.619631887407740578e+02 8.226598880740801860e+02 1.360791434530597144e+03 1.073292846058691794e+03 1.741217968514214363e+02 1.143189342183080953e+03 3.809118052674400587e+02 2.909569447429659590e+02 5.335435367765393266e+02 9.388008438061847301e+02 6.217656881702712468e+00 3.115974386246966219e+02 9.616048413003446740e+02 7.394779485806478760e+02 1.671305803314867831e+02 7.214940707955064454e+02 6.734036528386240228e-01 7.893832510054497789e+02 6.556511024382395192e+01 7.919705138465743630e+02 3.925714363218575045e+02 5.450853963742938646e+01 1.888993222498401110e+02 7.966909377105924932e+02 1.086862982936479739e+03 3.696881770157919505e+02 3.363303876705753055e+02 0.000000000000000000e+00 5.721113894080356204e+02 0.000000000000000000e+00 4.207257508426365007e+02 3.241877659322570793e+01 3.120395732496161827e+02 2.214706686659320667e+02 3.504175184984219094e+00
0.000000000000000000e+00 0.000000000000000000e+00 9.324558020728157715e+01 2.570777743479883526e+00 2.390253509235441811e+02 1.159845549076589350e+03 8.985282208619688618e+02 8.738038487217286709e-01 0.000000000000000000e+00 6.391680854614948615e+00 2.141325048198090641e+01 3.140897454778860833e+02 5.532105305919203353e+00 1.001724750515888559e+03 0.000000000000000000e+00 1.123240416312001571e+03 4.236044592734256753e+01 4.088511185712001748e+02 8.571409191921293313e+02 0.000000000000000000e+00 2.072791621678183844e+02 7.498213852479166519e+01 1.070422691210364263e+02 9.523604532121399870e+02 5.149955767956217301e+01 1.139633021554269362e+03 1.338266239323717400e+03 2.471939717303837369e+02 4.522643058928188680e+02 2.252910827173605526e+02 2.535008325376701919e+02 2.079342920090722657e+02 3.207795396075816257e+02 7.096109686745951421e+02 3.519026470642937170e+02 3.735217338375523166e+00 7.556974211417298193e+02
0.000000000000000000e+00 9.286972878329370360e+02 2.596372903379171930e+02 1.174434568093868165e+03 7.312320283866105228e+02 4.049286864543374804e+02 8.667780156324283780e+02 5.642262692733876150e+00 1.196215421586291541e+03 7.054396790168278812e+02 9.925993607299594714e+02 1.498730801629358439e+03 4.616092613559104763e+01 1.130936557668989735e+03 1.781438898586874942e+01 1.908986748401669615e+02 2.621730446924659077e+02 1.195116465891026564e+03 5.748541344714469759e+00 1.045617536029715922e+02 2.992642368834424929e+02 1.911289478532182216e+02 1.148666665552922268e+02 1.637064631420267631e+02 1.130053553798936946e+03 3.902020038806310431e+00 1.291600699746206544e+02 4.838315321209918807e+00 1.133516937096997026e+02 2.243983212802718619e+00 4.838783072840323740e+01 0.000000000000000000e+00 1.449324899583941260e+03 1.037561323642743361e+02 2.876396244695657742e+02 0.000000000000000000e+00 0.000000000000000000e+00
0.000000000000000000e+00 1.219200842493445407e+02 3.169037249714496407e-01 8.139026622028106317e+01 1.392179735619246550e+01 2.174712191759962252e+02 5.878349336428325387e+02 9.277551857401160760e+02 4.831916434641717051e-01 2.337296907498275971e+02 1.175664229675110306e+01 9.301079724385779173e+02 6.930742547171661272e+01 5.465440021062931919e+02 8.368774519524678226e+02 1.146278312801405264e+01 5.213522902603414195e+02 5.912850214042481412e+02 2.780316041664683553e+02 5.045938762412711185e+02 4.668259377314922176e+02 1.269049302017863056e+03 1.647726019968426936e+00 1.476681230008804960e+03 0.000000000000000000e+00 1.148425443115672579e+03 2.265633527414870940e+01 1.707226964992624062e+03 4.407393777615893526e+01 2.217524494448822736e+02 1.475035971573139022e+03 1.446538635508225070e+02 3.274207989751437342e+00 1.426644221242073627e+03 2.337482719776945714e+02 1.029435433632677217e+02 8.632465131198048311e+02
0.000000000000000000e+00 0.000000000000000000e+00 2.709146189580211512e+02 1.953707226426565358e-01 1.604496474474107799e+03 1.290819465660579681e+03 7.050956787697141408e+02 4.443230771252969475e+02 1.191065931635727395e+02 4.766228060638742076e-02 9.908644682596221855e+02 1.015906887059299720e+03 1.080215244676575423e+02 6.940255368901431243e-01 9.371658525040546692e+02 4.327251349144570547e+00 6.853335688940347836e+02 4.445676385656072398e+02 4.906247302504651202e+02 8.706365956878746601e+02 2.366002274308492019e+02 8.393179251586470002e+01 5.458246891808661303e+02 8.830325139309164797e+02 8.690280710162846844e+02 2.095264724528789770e+02 2.249942579033777292e+02 4.302069447648692346e+01 1.422404517668885092e+03 6.522341768071052002e+02 0.000000000000000000e+00 9.791335057198160712e+02 5.493360144525291844e+02 1.105104774062454140e+02 9.944444636154393038e+02 3.040208685183879993e+02 4.374475428888695774e+02
0.000000000000000000e+00 8.134193757297330194e+02 4.778067946000015809e+01 8.683364108629538123e+02 2.748412636809664491e+02 3.523672600789205944e+02 1.074795959980683620e+03 1.447206909272818542e+01 2.359336373390686958e+02 6.863919492920601897e+02 1.077735202890823302e+03 8.569668494379864114e+02 0.000000000000000000e+00 1.499028500020678223e+02 7.141523166488004790e+02 5.998522114067607163e+02 1.901247996337399684e+02 4.757328139210763425e+02 6.605109021193412921e+00 3.112105176500315338e+02 1.407564075949704829e+02 7.760901002420952466e+01 8.343603948399851333e+02 5.450432286422068273e+02 0.000000000000000000e+00 8.502310906653900702e+01 7.340640968096579400e+02 7.401036851077987144e+00 1.613454500644128871e+02 0.000000000000000000e+00 8.417125202718383434e+02 0.000000000000000000e+00 5.804445721662558526e+02 6.020570534301009502e+02 3.906663611288382754e+02 2.360449383552523273e+01 1.614352541014494591e+02
0.000000000000000000e+00 1.226734653845876072e-01 1.820364680089797389e+02 8.333412513748344281e+02 2.790600768251064778e+02 2.392315125182629174e+02 2.647342404630839141e+00 1.011463397017964922e+02 4.115411002824528737e+02 8.787134827747808075e+00 1.434812705808518842e+02 1.310691941059550118e+03 3.426462415165462971e+02 5.797321326449669954e+01 9.695825223033857299e+01 1.933824901339835378e+02 4.186238067476902636e+00 1.360560986174428990e+02 6.313093450841136018e+02 1.698885763307028451e+00 5.462065227771392983e+02 1.039319658681661394e+03 2.994908519341785222e+02 0.000000000000000000e+00 0.000000000000000000e+00 6.634997277268006428e+02 2.344822138797212574e+02 1.123801396482733992e+02 1.252877468754729762e+03 6.910369062691971749e+02 1.252396917889999031e+03 1.050334274257766225e+02 0.000000000000000000e+00 6.564938461800207961e+02 2.826033772141984173e+02 7.596821531196510477e+02 6.277380512263514447e+02
0.000000000000000000e+00 5.238622470311121333e+02 4.198300358056492314e+02 3.556191341861645014e+02 1.494416941814267602e+03 1.932587053130726531e+02 1.513888782003014512e+03 9.926853234686129623e-02 7.310064518717842930e+02 3.536623323651140254e+02 1.598413008884256783e+02 1.693461549716187449e+02 0.000000000000000000e+00 1.454897874852885593e+02 1.833152100723826550e+02 1.637755892918985126e+02 7.492382435648754502e-01 1.784097529378153979e+01 5.499508466217224623e+02 1.748160975344217150e+02 8.601297778061848476e+02 1.328837992475007695e+03 4.701099515490776639e+02 2.467843872028398522e+01 4.617930971456835891e+02 3.712492285910251439e+02 0.000000000000000000e+00 4.535218403267398912e+02 5.149964671670865801e-01 5.436620499913919957e+02 7.647950848440142408e+02 4.477507166984517539e+01 1.375510299711695779e+03 8.254988222767409525e+02 7.418739987374879385e-01 4.765499009164953748e+01 6.481451734022803066e+02
0.000000000000000000e+00 5.604073138499114748e+02 1.272722095477382254e+03 9.553206404210963001e+02 1.883608410912133024e+02 8.292368021997802430e+01 1.565890607512328188e+03 5.854899601818034398e+02 2.198227189833143314e+02 1.238323361149516359e+03 5.518173895341752768e+02 7.103261168219415822e+01 1.017773316849211085e+02 1.056363067633289603e+02 0.000000000000000000e+00 7.276036173400676716e+02 5.107730502112129329e+02 6.469272952696669563e+02 9.239879858535758785e+02 2.656462913443608045e+02 4.282681311155718618e+02 6.368861963087749700e+02 2.564453468170011519e+01 0.000000000000000000e+00 7.222383139002155303e+02 2.363966105243839522e+01 1.548037758113056952e+03 8.011441242470446014e+02 1.432492921148145797e+02 1.591138167801543091e+02 1.971722806114738091e+02 2.000720795984113636e+02 2.740369469159909386e+02 6.152524056103644057e+01 2.601473633018515557e+02 1.982456952574859699e+01 4.880800113462124727e+02
0.000000000000000000e+00 4.451515909860750639e+02 9.627168872473548333e+01 7.044748046149508980e+01 5.591383858980726274e+01 6.566431670210297966e+01 3.339698299645014856e+01 3.897925101670718817e+01 2.131364092937337489e+02 7.876194076778347153e+02 1.335483367448772924e+03 8.359156902307021255e+02 1.271911588532610660e+00 0.000000000000000000e+00 2.121581427851034221e+02 9.331441046733042413e+02 2.365242143699987309e+02 8.065637951571395661e+02 6.722103834881713869e-02 6.951453324464773686e+02 1.033883072401358277e+03 1.046204072621466821e+03 1.955392898975674143e+02 9.833306841455470249e+02 7.374093359837662831e+01 7.185184282047855504e+02 0.000000000000000000e+00 2.307401244434306022e+02 4.355958128204730997e+02 6.851025033078901743e+02 1.198944047389117713e+03 4.426010056737161591e+01 1.132595952448494927e+03 1.007962531900428303e+03 1.024796038982577329e+03 2.454395455811826707e+02 3.722186392251275038e+02
0.000000000000000000e+00 0.000000000000000000e+00 5.563170539169263975e+02 1.567415834986779828e+02 1.636948911284185442e+03 4.588219574109879204e+02 1.484385829919456512e+02 4.827930161575338843e+02 3.903923321594751528e+00 2.242828965151215570e+01 1.033369978375751828e+02 4.381918021026923876e-02 4.934099499460286324e+02 2.345644192235289154e+02 2.527998791791323896e+01 2.817035398418277623e+02 6.029286275212289992e-01 1.300099856799593852e+02 5.385006146083802605e+02 6.280401525700775665e+02 6.450629395549715355e+02 5.742396803368174574e+01 2.841958666909927729e+02 7.060843896484967672e+02 4.070209529322790445e+02 5.418181031508840988e+02 3.414497353542116684e+02 2.285114441927504458e+01 2.982509746002166562e+00 1.551808649083318059e+01 6.681337159248464559e+02 7.546936484275224757e+02 7.939055342104121848e+01 1.862776245150173793e+02 9.123221292439663443e+01 9.475636302366799555e+02 9.069617423918208488e+01
0.000000000000000000e+00 1.967590937182828539e-04 1.132475256772070082e+02 3.821772169929813145e+01 7.988035598921568692e+01 1.901847624882396133e+02 5.690877351525732593e+02 1.691067709772266028e+02 3.758756481871903361e+02 1.067022002419981391e+03 4.673439880965790394e+02 1.458589896674175179e+03 2.589014682413412061e+01 7.650688125342149988e+02 5.224415295740842566e+02 4.942232164430501840e+00 1.236343672914472691e+01 6.679679388000198514e+02 4.550234312343823717e+02 3.470284409416780704e+02 2.509479998386599675e+02 6.438847757697699308e+02 1.659303034042044658e+02 8.853218597578875233e+02 3.880893444383460746e+02 1.666404929129215589e+02 5.238978411021536203e+02 5.500847543109420030e+02 1.321619538432326863e+03 4.019338916852134957e+02 4.762363036167728296e+02 3.471980030308520782e+02 4.857223393266397125e+02 1.496896301206613089e+03 5.633004569860108335e-01 1.538610591370917824e+01 1.387261078245522640e+03
0.000000000000000000e+00 3.247790387179051663e+02 3.401006589585088591e+02 8.786493284159804773e+01 6.657077035389242781e+01 7.184490167885307983e+02 4.566183237590717567e+02 7.886167048184903328e-01 2.256563948946603304e+01 5.277504695438506133e+02 4.828478496731939629e+01 5.232595978513783166e+02 2.211229553294207761e+01 7.204610592405343823e+02 1.280480446838902253e+01 1.052364917043349124e+03 1.056604579505650288e-01 1.078425065071563040e+03 0.000000000000000000e+00 2.434587524740470599e+01 1.052185264376057745e+02 6.222332576274105804e+02 2.848633854001241872e+01 1.291114315402329112e+03 3.000959256093954082e+02 9.621151112392986988e+02 9.372346098317979113e+02 2.157234660306281455e+02 1.710062339266069671e+02 7.180606705967303161e-02 5.372958255178166098e+01 8.410418765987286633e+02 1.072089811025621771e+02 4.255414508688337349e+01 5.610092443334767722e+02 1.028356303903132812e+03 4.732335863779076703e+02
0.000000000000000000e+00 1.064280172324514979e+03 9.527337941885450334e+01 5.157598178525793742e+01 1.043276923679940182e+03 1.508980416934103630e+01 2.317635568475936054e+02 2.568809667287886782e+02 6.198996884536146013e+01 1.365089287327301236e+03 6.072234484344661496e+02 3.738105327638815645e+00 0.000000000000000000e+00 5.468381705407892923e+00 1.115106685385433138e+02 5.406937840481618878e+02 4.777719307033883211e+01 1.023667301791485443e+03 3.299376591200243638e+02 3.810347818634211876e+02 7.805670666938910429e+00 5.168616943054256296e+01 1.665487631944623104e+02 9.506151617203737914e+00 4.082272501777379716e+02 1.551951460102131477e+03 5.285399898048294745e+02 3.723595123898664951e+02 5.509946629572586971e+02 1.285911232097137372e+03 4.976964239641551302e+01 2.277809158662880691e+02 1.088915093488975799e+03 8.434099594089934726e+02 2.136141591200138805e+02 3.618942773730932316e+01 2.001091970570271883e+02
