output/example/lateral_incision_000040.asc
nrows	75
cellsize	13.33333333
xllcorner	0
ncols	75
yllcorner	0
NODATA_value	-9999
[rows 17 to 33 of 75, columns 37 to 73 of 75]
5.625545700090530775e-13 0.000000000000000000e+00 1.640695491696158088e-12 3.360458653858584734e-12 0.000000000000000000e+00 3.364637661897060007e-12 1.644364709077647013e-12 0.000000000000000000e+00 5.631937744077077879e-13 0.000000000000000000e+00 5.637521554519047307e-13 0.000000000000000000e+00 0.000000000000000000e+00 0.000000000000000000e+00 0.000000000000000000e+00 5.624737858955794921e-13 0.000000000000000000e+00 0.000000000000000000e+00 2.601352923468588762e-11 5.631766706032281115e-13 6.077921857221338318e-12 0.000000000000000000e+00 5.627931470940878195e-13 0.000000000000000000e+00 0.000000000000000000e+00 1.766785488622043569e-11 4.334173466902261058e-17 0.000000000000000000e+00 7.524446507893778034e-12 4.006169345408919511e-12 0.000000000000000000e+00 0.000000000000000000e+00 8.536761796033158737e-12 6.443981093717754697e-12 0.000000000000000000e+00 1.835066658264619045e-12 3.376800499746385330e-12
0.000000000000000000e+00 1.164908517725976296e-11 0.000000000000000000e+00 4.191354044266683768e-12 1.098025228601404545e-11 1.646966315224044587e-12 0.000000000000000000e+00 5.627352369429522817e-13 1.812175644022244461e-18 0.000000000000000000e+00 0.000000000000000000e+00 0.000000000000000000e+00 0.000000000000000000e+00 0.000000000000000000e+00 5.624737858955794921e-13 0.000000000000000000e+00 5.624298599309023052e-13 3.354426677937841780e-12 6.079033524135778229e-12 0.000000000000000000e+00 6.079080193193230600e-12 3.349991685368548736e-12 0.000000000000000000e+00 0.000000000000000000e+00 8.576414990879903459e-12 1.646739111372244451e-12 0.000000000000000000e+00 1.829661734118097000e-12 1.677230834153848225e-12 0.000000000000000000e+00 1.715039983704817320e-12 5.945058029936236439e-13 0.000000000000000000e+00 3.369543631973897818e-12 2.965673352081272592e-12 0.000000000000000000e+00 1.656441531862256464e-12
0.000000000000000000e+00 6.059811629029098146e-12 1.644136472020113635e-12 3.367423925313585107e-12 1.649626691872475724e-12 0.000000000000000000e+00 1.642009221577906292e-12 3.364637661897060007e-12 5.627352369429522817e-13 0.000000000000000000e+00 0.000000000000000000e+00 0.000000000000000000e+00 0.000000000000000000e+00 0.000000000000000000e+00 3.352508855377861804e-12 4.165492154083735637e-12 0.000000000000000000e+00 2.957045450802280785e-12 3.359254633345363094e-12 5.628947116313719355e-13 3.367325639451436051e-12 0.000000000000000000e+00 0.000000000000000000e+00 3.364430746489251269e-12 1.647039101706123125e-12 0.000000000000000000e+00 5.633709429260653960e-13 3.363818833831808841e-12 1.638357718686433708e-12 6.527426216304938750e-12 0.000000000000000000e+00 5.981518861474717600e-13 0.000000000000000000e+00 0.000000000000000000e+00 0.000000000000000000e+00 5.690082100827140955e-13 0.000000000000000000e+00
0.000000000000000000e+00 0.000000000000000000e+00 6.048476913413433101e-12 1.648361160360814728e-12 0.000000000000000000e+00 5.637610530768299721e-13 6.080046991891883964e-12 0.000000000000000000e+00 0.000000000000000000e+00 0.000000000000000000e+00 0.000000000000000000e+00 0.000000000000000000e+00 0.000000000000000000e+00 0.000000000000000000e+00 0.000000000000000000e+00 0.000000000000000000e+00 1.639896582473975836e-12 0.000000000000000000e+00 1.643450944007812133e-12 0.000000000000000000e+00 3.367261285807007126e-12 1.037862077771898349e-10 3.367112501391347686e-12 1.646903249154821381e-12 0.000000000000000000e+00 7.183336095255251349e-11 1.096265265169365216e-11 5.631168070213492552e-13 0.000000000000000000e+00 3.490310622972709016e-12 1.055142411832684223e-12 0.000000000000000000e+00 0.000000000000000000e+00 0.000000000000000000e+00 0.000000000000000000e+00 0.000000000000000000e+00 0.000000000000000000e+00
1.631334455862124817e-12 0.000000000000000000e+00 1.641061158712614566e-12 0.000000000000000000e+00 1.648361160360814728e-12 6.756830439263543904e-11 0.000000000000000000e+00 0.000000000000000000e+00 0.000000000000000000e+00 3.349744415918759630e-12 0.000000000000000000e+00 0.000000000000000000e+00 5.629038333419160856e-13 0.000000000000000000e+00 1.638487277788853835e-12 0.000000000000000000e+00 0.000000000000000000e+00 1.643450944007812133e-12 3.364755562225532502e-12 3.030271920483654254e-10 2.597680302135807469e-12 0.000000000000000000e+00 5.623174972790954401e-13 3.476380839749758413e-11 3.364252398871835202e-12 3.320184701833017679e-12 0.000000000000000000e+00 0.000000000000000000e+00 0.000000000000000000e+00 0.000000000000000000e+00 0.000000000000000000e+00 0.000000000000000000e+00 0.000000000000000000e+00 0.000000000000000000e+00 1.640043179996967750e-12 1.644564473622297338e-12 0.000000000000000000e+00
0.000000000000000000e+00 3.340030021083126801e-12 0.000000000000000000e+00 1.643575347244116818e-12 6.048476913413433101e-12 0.000000000000000000e+00 0.000000000000000000e+00 0.000000000000000000e+00 3.358224679790165845e-12 1.639506174834430553e-12 0.000000000000000000e+00 1.429930812570674678e-12 0.000000000000000000e+00 5.626033009037773479e-13 0.000000000000000000e+00 1.640495136392627048e-12 0.000000000000000000e+00 3.365222028006631113e-12 1.646836311447609136e-12 5.651554415947808961e-13 1.641068614351154481e-12 7.532722705927460775e-11 1.434715432315771286e-12 3.367130906421912941e-12 1.646441099909500089e-12 3.363543683472917769e-12 0.000000000000000000e+00 0.000000000000000000e+00 0.000000000000000000e+00 0.000000000000000000e+00 0.000000000000000000e+00 0.000000000000000000e+00 0.000000000000000000e+00 1.059137481282439443e-11 0.000000000000000000e+00 5.623279425669806792e-13 0.000000000000000000e+00
1.637999021134416704e-12 1.052288619062695511e-10 1.669679879875458499e-09 5.607349670431527063e-13 0.000000000000000000e+00 0.000000000000000000e+00 0.000000000000000000e+00 0.000000000000000000e+00 1.642586519675423235e-12 0.000000000000000000e+00 8.582565147558008017e-12 0.000000000000000000e+00 0.000000000000000000e+00 0.000000000000000000e+00 5.629522556616241980e-13 0.000000000000000000e+00 1.644152835995166654e-12 1.647035667357229738e-12 0.000000000000000000e+00 1.667080435083934279e-17 1.639939439348070583e-12 0.000000000000000000e+00 0.000000000000000000e+00 3.340856130173660390e-18 0.000000000000000000e+00 3.114614426506765631e-11 1.095578684653757333e-11 0.000000000000000000e+00 0.000000000000000000e+00 0.000000000000000000e+00 1.642552828549796645e-12 0.000000000000000000e+00 1.637286515710057726e-12 0.000000000000000000e+00 1.819971777906431746e-12 5.634109029986061923e-13 0.000000000000000000e+00
0.000000000000000000e+00 1.644637071412594702e-12 6.064583853686422685e-12 0.000000000000000000e+00 1.647049112683425915e-12 1.641098534953245097e-12 3.364788041368703047e-12 1.643106387153015896e-12 0.000000000000000000e+00 4.185114713121884745e-12 3.358224679790165845e-12 5.628234244125411929e-13 5.633901191320114883e-13 0.000000000000000000e+00 3.360404794790064348e-12 2.966758979063436696e-12 1.020067271653193068e-12 3.366974942068887446e-12 1.647035667357229738e-12 3.365222028006630305e-12 0.000000000000000000e+00 0.000000000000000000e+00 0.000000000000000000e+00 0.000000000000000000e+00 1.640023548279758103e-12 1.640823607407282355e-12 8.644041407289918900e-12 1.324203814280994551e-11 3.354916390130157619e-12 1.317426164480864294e-11 1.814097264777826896e-18 3.348004137150175542e-12 4.646372647162951886e-12 3.639655819783529129e-12 1.639039274107662190e-12 1.640197301391428332e-12 0.000000000000000000e+00
1.928805937145447260e-19 5.649666771219909661e-13 1.050803803613359073e-12 1.410651549605879691e-16 0.000000000000000000e+00 2.467079907818207320e-19 4.195680446903420304e-12 1.436603367361095375e-12 5.979950769190716034e-12 3.362252566463356339e-12 0.000000000000000000e+00 1.642115452063801768e-12 0.000000000000000000e+00 2.968709337861870314e-12 7.857700382962787206e-18 7.734604394152129557e-18 1.277138105887809366e-10 3.367944876447471431e-12 0.000000000000000000e+00 0.000000000000000000e+00 0.000000000000000000e+00 0.000000000000000000e+00 0.000000000000000000e+00 0.000000000000000000e+00 0.000000000000000000e+00 1.014993546933879495e-12 1.639362568391662837e-12 4.172311024184154151e-12 2.951097579515046255e-12 0.000000000000000000e+00 1.012763597648308834e-12 2.000163944087576170e-11 3.116289906226647161e-11 6.430032707289242543e-12 0.000000000000000000e+00 0.000000000000000000e+00 0.000000000000000000e+00
0.000000000000000000e+00 5.647229146703556289e-13 0.000000000000000000e+00 3.365719432672894235e-12 5.654049192793848949e-13 1.644283458380135796e-12 5.637568331271700502e-16 5.641858174648633942e-13 0.000000000000000000e+00 0.000000000000000000e+00 0.000000000000000000e+00 3.362331653607818131e-12 6.477309665362296749e-12 2.968884537716763691e-12 6.472337598819502692e-12 5.642828003517367406e-13 1.923562117028427832e-11 5.642231091001294280e-13 4.273111014645946034e-11 3.365146268429480560e-12 0.000000000000000000e+00 5.627344752043546317e-13 0.000000000000000000e+00 0.000000000000000000e+00 0.000000000000000000e+00 5.623009729374701716e-13 1.639743758671295367e-12 3.352735717124375488e-12 5.624335587480085991e-13 1.538525265004904197e-11 1.640381749263424870e-12 2.524805263226126560e-11 5.340433924592196100e-11 1.638602946908506762e-12 1.639039274107662190e-12 1.640197301391428332e-12 0.000000000000000000e+00
1.646820824423494610e-12 1.420389453670402131e-10 0.000000000000000000e+00 0.000000000000000000e+00 0.000000000000000000e+00 3.939789347838355841e-16 8.576109385173179253e-12 0.000000000000000000e+00 0.000000000000000000e+00 0.000000000000000000e+00 0.000000000000000000e+00 1.974698555709749996e-11 4.916760210450436614e-19 0.000000000000000000e+00 9.378472001102227823e-17 1.643038401258335097e-12 2.960135367712530021e-12 1.646999398734286442e-12 0.000000000000000000e+00 1.646852421144622420e-12 3.364719674754099196e-12 5.628529724671140667e-13 0.000000000000000000e+00 0.000000000000000000e+00 0.000000000000000000e+00 0.000000000000000000e+00 1.638482181525400201e-12 0.000000000000000000e+00 0.000000000000000000e+00 0.000000000000000000e+00 0.000000000000000000e+00 3.347805210727167480e-12 0.000000000000000000e+00 5.322179959050651419e-12 7.489282578378485163e-12 3.344719858265915921e-12 0.000000000000000000e+00
0.000000000000000000e+00 5.641318546974464134e-13 0.000000000000000000e+00 0.000000000000000000e+00 0.000000000000000000e+00 5.654049192793848949e-13 1.067810469499356709e-11 7.006523031762852436e-19 0.000000000000000000e+00 0.000000000000000000e+00 3.365405036326466443e-12 1.647085058891256940e-12 0.000000000000000000e+00 2.968247915176029858e-12 0.000000000000000000e+00 5.629118496368800594e-13 0.000000000000000000e+00 1.640901228415924437e-12 4.001948388346453401e-11 0.000000000000000000e+00 1.646710699631282988e-12 1.095454196055236227e-11 0.000000000000000000e+00 0.000000000000000000e+00 0.000000000000000000e+00 0.000000000000000000e+00 0.000000000000000000e+00 0.000000000000000000e+00 0.000000000000000000e+00 0.000000000000000000e+00 0.000000000000000000e+00 0.000000000000000000e+00 2.207617718591935331e-12 0.000000000000000000e+00 4.159209244699759422e-12 0.000000000000000000e+00 5.639737817628685707e-13
5.644309218601049694e-13 0.000000000000000000e+00 0.000000000000000000e+00 0.000000000000000000e+00 4.189333394528496937e-12 0.000000000000000000e+00 2.158871255044089200e-19 2.785418927212553290e-11 2.279770977744460784e-16 5.653760947924133987e-13 1.647079590674390469e-12 0.000000000000000000e+00 1.836659718030109328e-12 1.095086496017487576e-11 5.636086790315508773e-13 0.000000000000000000e+00 0.000000000000000000e+00 0.000000000000000000e+00 1.976271283324396585e-11 1.641396404627397178e-12 0.000000000000000000e+00 3.456028488364514554e-18 1.640400450255973237e-12 0.000000000000000000e+00 0.000000000000000000e+00 0.000000000000000000e+00 0.000000000000000000e+00 0.000000000000000000e+00 0.000000000000000000e+00 0.000000000000000000e+00 0.000000000000000000e+00 0.000000000000000000e+00 5.634565248539718425e-13 1.644358894453209988e-12 1.426322569277173144e-12 1.649244999365759878e-12 0.000000000000000000e+00
0.000000000000000000e+00 0.000000000000000000e+00 0.000000000000000000e+00 0.000000000000000000e+00 0.000000000000000000e+00 5.630883884948538739e-13 5.654053762691029321e-13 8.830566110799824144e-20 1.067137284838792477e-11 2.968807549497389983e-12 3.367846693098944984e-12 1.743716016775527400e-10 3.365538836768289632e-12 1.641280972558263813e-12 0.000000000000000000e+00 0.000000000000000000e+00 0.000000000000000000e+00 0.000000000000000000e+00 0.000000000000000000e+00 6.069299487658431447e-12 5.635678772510077277e-13 0.000000000000000000e+00 8.523063782321294897e-11 1.639617765371160623e-12 0.000000000000000000e+00 0.000000000000000000e+00 0.000000000000000000e+00 0.000000000000000000e+00 0.000000000000000000e+00 0.000000000000000000e+00 0.000000000000000000e+00 0.000000000000000000e+00 0.000000000000000000e+00 0.000000000000000000e+00 0.000000000000000000e+00 0.000000000000000000e+00 0.000000000000000000e+00
1.639730128621703272e-12 0.000000000000000000e+00 0.000000000000000000e+00 0.000000000000000000e+00 0.000000000000000000e+00 3.359438842462759959e-12 1.645700069558519354e-12 5.544297522133305302e-10 2.467079907818207320e-19 1.645967904376001629e-12 3.367846693098944177e-12 0.000000000000000000e+00 0.000000000000000000e+00 0.000000000000000000e+00 0.000000000000000000e+00 0.000000000000000000e+00 0.000000000000000000e+00 0.000000000000000000e+00 0.000000000000000000e+00 0.000000000000000000e+00 4.181252415146611989e-12 4.020693577244495573e-12 3.366342737857831080e-12 0.000000000000000000e+00 2.829938943715969790e-11 0.000000000000000000e+00 0.000000000000000000e+00 1.637777457319522783e-12 3.687448361784612552e-11 3.348405533037399486e-12 0.000000000000000000e+00 0.000000000000000000e+00 0.000000000000000000e+00 0.000000000000000000e+00 0.000000000000000000e+00 0.000000000000000000e+00 0.000000000000000000e+00
0.000000000000000000e+00 0.000000000000000000e+00 0.000000000000000000e+00 0.000000000000000000e+00 0.000000000000000000e+00 1.642194046120394295e-12 0.000000000000000000e+00 1.645700069558519354e-12 0.000000000000000000e+00 1.875679522199187211e-10 2.983091311349534419e-11 0.000000000000000000e+00 0.000000000000000000e+00 0.000000000000000000e+00 1.640872348381699284e-12 1.640097750838916200e-12 0.000000000000000000e+00 0.000000000000000000e+00 0.000000000000000000e+00 0.000000000000000000e+00 0.000000000000000000e+00 1.642162827221423986e-12 5.649066802116197054e-13 1.642162827542429639e-12 0.000000000000000000e+00 2.363913054839223907e-18 4.201880880373674123e-18 0.000000000000000000e+00 4.167729056557981106e-12 0.000000000000000000e+00 9.600198572905593445e-12 7.496636014652620791e-12 8.504263206818038000e-12 4.154886601577346930e-12 1.643616612091863594e-12 1.650794105901300583e-12 0.000000000000000000e+00
1.640604823570038431e-12 0.000000000000000000e+00 0.000000000000000000e+00 0.000000000000000000e+00 0.000000000000000000e+00 0.000000000000000000e+00 5.639919996796540588e-13 3.363388432577937876e-12 1.645811262685586890e-12 0.000000000000000000e+00 1.866981231160206317e-10 3.365273618540262587e-12 0.000000000000000000e+00 1.265677249472443373e-11 0.000000000000000000e+00 0.000000000000000000e+00 1.638693262661169582e-12 0.000000000000000000e+00 0.000000000000000000e+00 0.000000000000000000e+00 5.635396960836998274e-13 1.639804478929541794e-12 0.000000000000000000e+00 1.639804479253509626e-12 6.917364328849363330e-12 1.061156644429929797e-11 0.000000000000000000e+00 1.484422403248455822e-11 6.431763049983219496e-12 1.638912982887335194e-12 0.000000000000000000e+00 1.011269922500892639e-12 0.000000000000000000e+00 1.013423820082381293e-12 0.000000000000000000e+00 1.646586525863528463e-12 0.000000000000000000e+00
