output/example/lateral_incision_000469.asc
nrows	75
cellsize	13.33333333
xllcorner	0
ncols	75
yllcorner	0
NODATA_value	-9999
[rows 34 to 50 of 75, columns 37 to 73 of 75]
6.454239592169486173e+00 7.721495419806874452e+02 6.735313391340133649e+02 5.543695899042729707e+02 3.383270870783859436e+02 2.510780086109882632e+02 4.754153208086378868e+02 6.933916586942376892e-01 1.108387445699212094e+03 1.027540367230478296e+03 1.336899367220979116e+02 2.040192654037178954e+02 9.141103813365889437e+02 5.674670481523787835e+00 8.810735443575363206e+02 0.000000000000000000e+00 2.423049087315455949e+02 4.718440608337496087e+02 3.532825558401204376e+02 9.716261734770794192e+02 3.474100439733477401e+02 1.500446449167755532e+02 7.122004969415382902e+02 5.094860800006156865e+01 2.760467733129236194e+02 4.280628432960810983e+02 8.519715782995598374e+02 4.386091822610595727e+02 4.624122348468220594e+02 1.166625763271039590e-01 8.134075257761736566e+02 1.622847608947084836e+02 4.391177260661630157e+02 3.649866362924552021e+00 1.167177943285812034e+03 1.928493720674153522e+01 5.494955171545560688e+02
5.670687298258413023e+01 4.147693723007641893e+02 8.342404359048133529e+02 0.000000000000000000e+00 5.619371269918709544e+01 5.281075956251046222e+01 1.077054721954862771e+03 5.025099312274764429e+02 0.000000000000000000e+00 9.015067262934849168e+02 9.704826948628081027e+02 5.024665289947548530e+01 1.113864081041996599e+02 4.414761534790229121e+02 7.424775528591968623e+02 1.329490161224201188e+02 6.679945210079752087e+02 0.000000000000000000e+00 1.363305453952699509e+02 1.212325763188312521e+03 1.779351119693929490e+02 9.399007089504322039e+02 8.620075990138591493e+00 2.272260087563543891e+02 3.172462676983673191e+02 7.523377058123899985e+01 4.921778162601469830e+02 1.092924224344548293e+03 5.890756232599629811e+02 1.984365382777672693e+01 3.753220085380473847e+02 8.994910127972115106e+02 2.031365925768156089e+01 1.893419389998851727e+02 5.178800454623353033e+01 3.064564256853342439e+00 7.946620457926342169e+02
1.179773318740594277e+03 1.220045638068214533e+00 1.392193294644952402e+03 0.000000000000000000e+00 4.735558618710099950e+02 5.851110861976500246e+02 6.602102918269142720e+02 1.849878872896641269e+03 6.997695080467474327e+02 1.510162635180011481e+00 9.396766728259732417e+02 4.296644433648842920e+01 1.406653198090558135e+03 1.922866232332246739e+01 7.680043376266710311e+02 7.803745613228675211e+02 1.040595775493623250e+03 8.715642009862593795e+02 4.636809976343916446e+02 2.019115303532123562e+02 2.256303618295591562e+00 0.000000000000000000e+00 2.510011550839149095e+02 3.574326271345139503e+02 2.506535280556144016e+02 1.374449169585422794e+02 2.686182221158229577e+00 9.361045981868845445e+01 8.250036084528694573e+02 1.747219307357979190e+01 1.379887927809179757e+02 2.213505691196674174e+00 1.615844895154353935e+03 6.475491725281870892e+00 1.576087989060149994e+03 1.215764172764440758e+02 3.757024978329375813e+02
6.967302519770789786e+02 8.256774278108819090e+02 1.684837500321928871e+01 1.967232809371218583e+00 1.270903547189873507e+03 2.712744333577128373e+02 2.009600397828891687e+02 0.000000000000000000e+00 1.168810853763226078e+03 1.111113199184719406e+03 1.102928291813797870e+02 7.553946174073164457e+02 2.437508167635664136e-01 2.459685442041495662e+02 3.339577704937196634e-02 2.619595804402271710e+02 1.563118952309283429e+02 1.324722925412437178e+02 6.480092079675374634e+02 3.145045023759864122e+01 8.367597238611811008e+02 6.176066961689379013e+02 9.359336169306798183e+02 4.010193916326806516e+02 1.521804668228324772e+03 1.627900106105381383e+03 1.248649525535896373e+03 1.187422715721702389e+02 8.795272083258263365e+02 1.239753665515723746e+00 1.036021560740749464e+03 1.238430800725237546e+01 4.600676235797798768e+02 5.932997149321881807e+02 1.403432551005217192e+03 2.634927178602243885e+02 2.802130732204071251e+02
9.974907589981833098e+02 8.643806584674593978e+02 1.236136522743779096e+03 5.650168428573247184e+02 3.552348494967075254e+01 7.343870297129487881e+02 1.387749575284241701e+03 4.614695271007660438e+01 0.000000000000000000e+00 1.234118449889534759e+03 7.171013361576107172e+02 1.698626580420333994e+03 1.068111933674332334e+02 3.593681818936124728e+02 7.580647182652409128e+02 7.466169304402299076e+02 1.593815590765417255e+03 8.312943710894736569e+02 4.804856070404549087e+02 2.131034914608888897e+01 6.087027952900035643e+01 2.768093511149817054e+00 1.393012060543157986e+03 3.766134482901823617e+02 1.209228298482394621e+03 1.223360911175517458e+03 4.017243530539305425e+02 2.101766180482499919e+02 1.923846732841393816e+02 9.890327547903924099e+00 9.002035702828468402e+02 2.014078003865778044e+02 7.585762796998704971e+01 2.995814907010791561e+00 3.296820234230116284e+02 1.135492167787415525e+02 3.894808202701749877e+01
6.480526555144991789e+02 6.715617007063700612e+02 3.739670177577136769e+02 6.007255764244229113e+02 1.235920531952423516e+03 3.318544384435188288e+00 1.539622632165396453e+03 0.000000000000000000e+00 9.503881467464609614e+02 0.000000000000000000e+00 1.434960878188079050e+03 3.295005278308846819e+00 4.541848250289081648e+02 8.458173933320935589e+01 1.941069601533481830e+02 1.369414375413318952e-01 1.229126532452447549e+02 6.451648311830703051e+02 1.226547495297938440e+03 1.485879024043346064e+01 1.212070391436494447e+03 1.349958439301782107e+02 2.728627557823710603e+01 5.549485269557432332e+01 7.253010788007143219e+02 1.681220817734398736e+02 2.593515778153153661e+01 6.056709009147294864e+02 3.079231924865505121e+01 2.279369364417394017e+00 9.237205217160837947e+02 5.057944756775095243e+02 1.237781772695006310e+02 1.283120608895609394e+02 2.169048359055533126e+02 6.601478446213337747e+01 1.862282635041153753e+02
9.076556490527035521e+02 3.034282001843911871e+02 3.323223730859347143e+02 4.006315945881060436e+00 0.000000000000000000e+00 1.416085643598949673e+03 1.428219582569772717e-01 4.752455213934320568e+02 1.503787106432989731e+03 1.267233563960858191e+03 6.013098507193086473e-01 9.575890830538874070e+02 1.298325311152054553e+02 2.611730027078943408e+02 7.023399844556895744e+01 3.987672543728357777e+00 8.096483611338314859e+02 3.419127497963159499e+02 2.546906329697047227e+02 5.391417256469383119e+02 5.350496931765995896e+02 1.166921974117120044e+03 2.275303575497010513e+02 9.292802823912284111e+02 2.556273586422047472e+01 4.418837515449210684e+01 8.768853332830791487e+02 1.427857578209466510e+03 9.593790458969385426e+00 8.784062720482786517e+02 2.107474929739611369e+01 3.438740571422777177e-03 4.474902499715287831e+02 0.000000000000000000e+00 0.000000000000000000e+00 5.851127666464249160e+02 2.493055419396676520e+00
4.316608552292202603e+02 2.190487274178427413e+02 0.000000000000000000e+00 1.193364149652137712e+03 3.585690351996412772e+01 2.054240008109285554e+03 1.619112410745635543e+03 1.696067266599786683e+00 6.479012343612448603e+02 1.303246507052604386e+02 1.646226955570466998e+03 0.000000000000000000e+00 8.283819740547262427e+02 4.382155384471001298e+02 2.244453867206330813e+02 0.000000000000000000e+00 1.192913149388065449e+03 1.380910137658308258e+03 5.009144002375511207e+01 1.584396401493636631e+03 1.798954729553026652e+02 4.687252216384945882e+02 1.350629000524940295e+02 5.130731448038895905e+02 2.343294992042327181e+02 1.714224821416629130e+00 2.221173949335378608e-02 3.211362939813561184e+02 2.717116516745285892e+01 1.243866877786233999e+03 8.213998641798045810e+02 6.741985155347674663e+02 1.985688387003298772e+02 2.249755978662321965e-01 9.943065749102190765e+00 7.224356591117357596e+01 2.054216726200126573e+02
4.454168733801134294e+02 1.436157105351392147e+02 5.736632200492671529e+01 1.819529785075976918e+02 5.920720462670445272e+01 7.268631348813537896e-01 6.560481452912466871e+00 2.246736161104933274e+02 0.000000000000000000e+00 6.968693170049245964e+02 8.601613618400439236e+02 9.425580818715304758e+02 4.222421514255656803e+02 1.957817347945810527e+00 4.423626473795101219e+02 3.017004100078337956e+02 1.371979516321539677e+03 1.051046759357923293e+03 5.468523616607042470e+01 2.374538686367842786e+02 6.633213608702250212e+02 2.227462232946570353e+01 2.286557915017329989e+01 1.594020659652515860e+03 7.647186328115886909e+02 1.189991767138204981e+00 2.088713359219969163e+02 1.348467075871287761e+03 5.157065874591494747e+01 9.265733106702016357e+02 5.482872198859505488e+02 8.196444649124924808e+02 8.175858746173707914e+02 1.058323873577916530e+01 7.417503086387289386e+02 2.921108877451015360e+02 2.556610496566945301e+02
1.073510068670801047e+03 8.253823659604380509e+02 2.297194915684766841e+02 5.005747306158396555e+02 4.779049270285758766e+00 2.961601250417711526e+02 4.052186278776968853e-02 4.341977076131778972e+02 9.965010028452360302e+02 3.492291592588880178e+01 8.844407097280310381e+02 3.556232556411301289e+02 3.214487143363429595e+02 0.000000000000000000e+00 6.354511045095456439e+02 3.036720812045315938e+02 7.957255286722245557e+01 1.020895514999459976e+02 1.516306424764662552e+03 3.539637952806340309e+02 7.321910332852768306e+02 1.207904536568960111e+03 1.312457855394150329e+03 3.312428552762033962e-01 3.572723697787237711e+02 6.965170220658977769e+02 4.210445712444007427e+02 2.775979567108590800e+02 1.606352716147642912e-01 5.323501063618568452e+01 2.904574737195191574e+02 1.073684566808403588e+03 1.106107911931094804e+03 3.270951710089999551e+02 1.485549165313332942e+01 3.941397925683065750e+02 4.113393126982312538e+02
3.009332190298986234e+02 0.000000000000000000e+00 2.985740562341326836e+02 1.516511376280150980e+00 0.000000000000000000e+00 5.823570157783231025e+02 1.438622979689257292e-06 3.926298303688020752e+01 4.626939940720791355e+02 1.234141796037083738e-01 2.458977406373867609e+02 4.950267532139099558e+02 1.817101675169665498e+02 0.000000000000000000e+00 7.147475280136007996e+02 1.270463872663220400e+03 2.242136243665589745e+02 3.618259195307435006e-01 1.141450654267722030e+03 6.056167937229212157e+02 2.014852011772676832e+01 1.633966733307200911e+02 4.579794381398667724e+02 8.553514038480900581e+02 0.000000000000000000e+00 1.291033235622663824e+03 1.544737740799257324e+02 1.896740571894098393e+00 2.703259461321553090e+02 1.632381936557877907e+03 3.009792001714556964e+00 6.855279040322313833e+00 9.936424237468582987e+01 3.191300827046929633e+00 4.699352594023985716e+02 1.813965606837300868e+02 9.641725324583699148e+02
9.221337550573109638e+02 5.413789180937171608e+01 5.762265496229422297e+02 6.113868727171142581e+01 2.726466803545826600e+00 9.732282658521810390e+02 1.327551613114407019e+03 1.130776921722352881e+03 5.171978394234755427e+01 1.105839832953592339e+00 9.902026057303976359e+02 7.527206933128992432e+02 4.147027586557044287e+02 1.822808856256568220e+02 5.412002666270661848e+02 1.402813614068820982e+02 4.467514296447142819e+00 9.580480633577811886e+02 7.244101989331466029e+02 3.805300587747254326e+02 9.085424610495248317e+02 6.152677175579183455e+01 6.821254301637453921e+01 8.935122561629435722e+01 3.701022934078539492e+02 3.725943103398208791e+02 3.285155016886139379e+01 3.522264136809899355e+02 4.375878519787313508e+02 6.744422393633207093e+02 6.285938112609100017e+02 5.687159945705842574e+02 1.027781475218418805e+01 7.293350751904522440e+02 1.265249576565020817e+01 8.542109430175988791e+02 9.609703841267297548e+02
1.554683854536421279e+02 1.546586165930970651e+02 4.277691337629364909e+01 7.834881950874954555e+02 2.442366025277605388e+02 4.477308793196582997e+02 1.416717634695361539e+03 1.987530005248071348e+02 2.006129923375409851e-01 2.994146982536231576e+02 5.751606748088219234e+01 0.000000000000000000e+00 4.542384195125590054e+02 5.096207473199164042e+02 1.279579045580782122e+03 1.578483303723480276e+03 1.411958135430883772e+02 1.468462159160606291e+02 2.399699474723748835e+02 5.339337388802967155e+01 3.539787337894155712e+02 1.171539221008201253e+02 3.058380245270625242e+00 1.047189128786199944e+03 1.135118213808093060e+03 3.054933285166481355e-02 1.043925713992181727e+03 2.315129914288363913e-02 1.492797671548103153e+03 2.216495312924768314e+03 1.916843581171440576e+02 4.229332731573901469e+02 1.776223331101822680e+02 3.632465114604687351e+00 1.481183507004497415e+03 8.424572994583711250e+01 0.000000000000000000e+00
5.087217129837542728e+01 3.045041074631205902e+02 0.000000000000000000e+00 3.308806019165242560e+02 7.139659693397883977e-01 2.610244177883257066e+02 4.141509428547932430e+02 2.182020389020947349e+01 6.038404370000861263e+02 6.693718563580285945e+02 1.956972275262078753e+01 0.000000000000000000e+00 7.802929285930348513e+00 0.000000000000000000e+00 3.568587585863769505e+02 1.542784715418420319e+03 6.230302290979295066e+01 1.366976094761783315e+03 7.837951019508277994e-01 2.395423405761586935e+02 2.819107830926856195e+02 2.497344063165229144e+01 1.542846830650431968e+02 0.000000000000000000e+00 1.653511637404672456e+03 1.774084274804718930e+01 1.114395167159721723e+03 7.450725315721633706e+02 2.147106064582365192e+00 1.147971553286781045e+03 4.138527998622600279e+01 3.118060244027953445e+02 4.696549114487798882e+00 7.724091135421964509e+02 4.093696133527316761e+02 1.555994331913644828e+02 0.000000000000000000e+00
1.605469254771313956e+02 8.183079383146483110e+01 1.593420972117324530e-01 4.051280459312112043e+02 3.825324630606203300e+02 1.181649944036012585e+03 0.000000000000000000e+00 0.000000000000000000e+00 1.132637397977352748e+03 1.504775533427303742e+02 7.009369302585074593e+02 5.488161301835067434e+02 1.919904108595190735e+02 6.114387347194474387e+01 0.000000000000000000e+00 8.881960280973340787e+02 7.592459391278032399e+01 1.007479208998343694e+02 4.759110084884489389e+00 1.280546157281330579e+02 1.860596641135576990e+00 6.268743660362055152e+02 4.421158781890526939e+02 1.615515296639107646e+03 1.939891735803089290e+01 1.578352588606148629e+03 4.230856460252006457e+01 8.476794588828423684e+02 6.667732685424977035e+02 0.000000000000000000e+00 2.827811826280411651e+02 3.050623523922160985e+02 6.925277979977389577e+02 3.594132711594690477e+02 7.412309658849831067e+02 6.645247329278009829e+02 3.208069273974280122e+02
9.077519810105993514e+00 6.095579173013632044e+02 1.716659385373541724e+01 0.000000000000000000e+00 1.209638041237637253e+03 5.719705722405772352e-01 0.000000000000000000e+00 1.916588523433853766e+02 0.000000000000000000e+00 2.099688450670568329e+02 6.819091419338855076e+02 3.912700877588688968e+02 2.977788449035101621e+02 0.000000000000000000e+00 4.484013870127704990e+02 8.297272301179025078e+01 6.376610055852115266e+01 5.377749894228512630e+02 6.741147369689106199e+02 8.258043887497734659e+01 1.235273809615683149e+03 3.319520383858888408e+02 1.083820789319787981e+00 1.038263440829239492e+01 1.670189221824979086e+03 8.050614949986010060e+02 9.613450726345028841e+01 7.199459957652653941e+01 9.679935470306066918e+02 0.000000000000000000e+00 0.000000000000000000e+00 1.152006146723714579e+02 4.154751000556593254e+01 1.728356828738654427e-01 6.854666313096093972e+02 1.133917942138524950e+03 5.569224480640966135e+01
0.000000000000000000e+00 0.000000000000000000e+00 3.178343339498991126e-04 6.191975082098224448e+02 2.590565018053896384e-01 1.749332033921818038e+03 6.656462808306381476e+02 1.057790525135457983e+03 1.863253031531083082e+02 8.714441397980554616e-01 2.542276410661804320e+00 1.602020640933330696e+03 4.732660019361968580e+02 6.097022196044946440e+02 1.131035800911832666e+03 2.557929430772071555e+02 9.166269593787642123e+01 9.741335538655282562e+02 1.375443597801749434e+02 9.278841570639419842e+02 3.401103400836365864e+00 0.000000000000000000e+00 5.918140663568990476e+02 1.042764172742991150e+03 1.253036981640506013e+02 4.793414547883332943e+02 5.775352153775863684e+01 3.303676358208795794e+00 4.816563138861223337e+00 3.795919713038836107e+02 1.355984689898162401e+02 1.804423704021344861e+02 5.696208719622874241e+02 2.757713329838969116e+02 8.873128376945350615e-01 2.647221166492314524e+02 9.608749382758730917e+02
