output/example/lateral_incision_000372.asc
nrows	75
cellsize	13.33333333
xllcorner	0
ncols	75
yllcorner	0
NODATA_value	-9999
[rows 17 to 33 of 75, columns 37 to 73 of 75]
1.157521154049206643e+03 8.798545720255583547e+01 5.929104233436830640e+01 1.164789726234059936e-01 2.916699274079331161e+00 2.269304783527972547e-01 1.165304779010042239e+03 1.064241780802833119e+02 1.625396136341659030e+02 3.548999778739802480e+01 1.073781164613963938e+03 1.613758996807856061e+00 6.518506034145311787e+02 6.017113065438488206e+01 1.220892525779398312e+02 7.840299678267589343e+02 9.755521015206385300e+02 1.711302054293184582e+01 9.644208046483903445e+02 1.263633429919710807e+02 1.768798861943890870e+02 1.330223482453058068e+03 4.707554077774179291e+02 1.339984559298202385e+02 1.335279199256267759e+02 3.844300033345791689e+01 1.963109777071944109e+02 0.000000000000000000e+00 3.604467278897914184e+02 1.434488116259661183e+03 1.965049737679010988e+01 6.166368255706294121e+02 2.550212624543348738e+01 0.000000000000000000e+00 7.507374186217706438e+02 9.091665977301764769e+02 4.532776352637952186e+02
5.057189612255813245e+02 4.298280484608432062e+01 8.969602557926353938e+02 7.245442874711948207e+02 4.747606829130596111e+02 4.467940123217805093e-01 3.167380570353359417e+02 9.781841691197328270e-01 8.955987075161142457e+02 6.453921715632244513e+02 1.077789216711882091e+03 8.564880517062042031e+01 1.919156206401351028e+02 8.710443618378518238e+01 9.366814608847166710e+02 0.000000000000000000e+00 1.196129398897399341e+02 4.155080527874335417e+02 3.552956260200988936e+02 1.029292733190008704e+02 0.000000000000000000e+00 8.505324800470126547e+02 9.393816732285113176e+02 3.907699015283621407e+02 3.510442355203212514e+02 0.000000000000000000e+00 1.066909598555026264e+02 1.963302888720425301e+02 5.141617377101071042e+02 0.000000000000000000e+00 2.949774897370414450e+01 6.157828848283758134e+02 1.025703737920277518e+02 1.009955213502207243e+03 2.574974358261532075e+02 2.759989079000293941e+02 1.066702595168969083e+03
8.651920522030310394e+02 4.878018473725881421e+01 1.665410938397573091e+03 1.553629124057872082e-02 2.278882643600221058e+02 5.421969171891259265e+01 4.009838398848344241e+02 3.225833500382178642e-01 7.206133336566957723e+02 9.430612604615654391e+02 1.473619911348024516e+03 1.908846508317254234e+02 1.317009591033366860e+03 2.195518398188555125e+02 6.675987424353303368e+02 4.843486399319212410e+01 1.667122303850300398e+02 1.982025243550073981e+02 9.705643923313886035e+02 5.277674744651201308e+02 1.394365731058235724e+03 3.901135951147624326e+01 2.780002755127799219e+01 8.938742640957927961e+02 1.016961591526636198e+03 0.000000000000000000e+00 2.628748559295206064e+02 3.871975367883706554e+02 3.973074561290541169e+02 8.826838292550037295e+02 4.017886386310690909e+02 8.358883297662521583e-01 1.447940822213025513e+03 1.488313254394646492e+03 2.527971158177111821e+00 2.810352517575902809e+01 5.003521284879435598e+02
3.085894626738623856e+02 0.000000000000000000e+00 1.562960147836173974e+03 0.000000000000000000e+00 3.176997421819132796e+02 2.843765630470891210e+02 0.000000000000000000e+00 0.000000000000000000e+00 4.195053900063800825e+02 6.932860743215390187e+01 6.366575362612127975e+01 1.513812980276541609e+01 5.300704770553339813e+02 1.194588507761597356e+02 1.846169204460040447e+01 9.604531041789512074e+02 1.110719684909936404e+02 3.290426836711851433e+00 7.886506159238585951e+02 1.716424190062747925e+02 9.549619724835049510e+02 2.728466867905332904e+01 0.000000000000000000e+00 8.810171004241479977e+02 5.301370413041609027e+02 1.319425003446859819e+03 1.591287670204974347e+02 5.143620814554470826e+02 1.882404955085812617e+02 6.075988478860907804e+01 1.061922415934512401e+03 7.737244763304801154e+01 1.662228054528125085e+02 1.676379075234275362e+01 1.106508073242172941e+03 1.012859903559200802e+03 5.230767974649936605e+02
1.445766366590640246e+03 0.000000000000000000e+00 5.202637463373411609e-05 7.482304994136150071e+02 6.669641152871583927e+02 0.000000000000000000e+00 5.233543008093124627e+02 6.358288705835519750e+01 4.503275654654601681e+02 4.221559054779400100e+01 1.808795333463747923e+01 6.651020634372104041e+02 3.316332522173615871e+02 1.402381340048963523e+02 3.084839275594993637e+02 5.053311721675105446e+02 1.469092348997862700e+02 2.875875276270558629e+02 3.197510156112579338e+01 2.388710327729894800e+02 4.432014563327829393e+00 6.039708763570596375e+02 1.165108182835736898e+03 8.680514237035528158e-01 8.629956327150599691e+02 4.646551228935210816e+02 1.089085473272118861e+03 2.339142245755454610e+02 5.125259158192106952e+02 2.374542175012565224e+02 1.179974423141065074e+02 1.019969392505315930e+01 2.277804696112860938e+02 1.193685142670311279e+03 1.188870954841910134e+03 1.453441996055932179e+02 9.021522234514419551e+02
1.311979907457374672e+01 0.000000000000000000e+00 1.333911545803854551e+03 0.000000000000000000e+00 1.153516668776837832e+02 3.472817551249241319e+02 8.737895654840659165e-02 0.000000000000000000e+00 4.439186298646495388e+00 1.855324591457896020e+02 9.040965128550187968e-02 1.305747780444582133e+02 1.765982354765870070e+02 1.096190436060197499e+03 6.862645655484529925e+02 1.498666560988113361e+03 6.582724323703409937e+02 9.545102985254045436e+00 8.152351467738725432e+02 7.419492514173128273e-01 2.406882050011960317e+00 9.327240370378923728e+01 1.653974478958552709e+03 3.208734895387788129e+02 3.011169377611112452e+01 1.886195577775357890e+02 6.616949864369377110e+02 1.238632359996001696e+03 0.000000000000000000e+00 7.306315910345333577e+02 3.746562154357865881e-02 2.771328355704341107e+02 1.093052329234319586e+02 5.495087249336525481e+00 8.314120071702035375e+02 1.303074107579371912e+02 2.750411568388324568e-01
9.790802573892729015e+02 8.214133526094201443e+01 3.045253710810693519e+02 3.024060306078473559e+02 7.181281108104866462e+02 1.421356567171653467e+02 6.865538162242706903e+02 4.432606768032253513e+02 3.767752541115734743e+02 2.740292994068136636e+02 3.798307962791318459e+02 1.165437387424673510e+01 5.406989258261346549e+02 5.350603331930456079e+02 4.410877767351807961e+02 3.995083883085735721e+01 8.098411189217094375e+01 4.874988332475828656e+02 9.118525992721981765e+02 7.912343438143665253e+02 1.254131331495642371e+03 1.028318605173211608e+03 7.628724093448206531e+02 1.869643783718059353e+02 4.426022835755841811e+01 2.434577646521336736e-01 4.826386289264546292e+01 1.096882574041348562e+03 2.384942835066261324e+01 1.143906131908736512e+02 1.436332824031374855e+01 1.288705424248466443e+03 2.956979390635503364e+02 4.485832255499030339e+02 1.023541019936851626e+02 1.779753158961826784e+02 6.532996108030417748e-01
5.746103732948679408e+02 0.000000000000000000e+00 1.447423554810840869e+03 0.000000000000000000e+00 7.417699433956685198e+02 6.959345987544881318e+00 7.837937451824553818e+02 3.029508749822061873e+02 3.499824273817185940e+02 9.079465550446995437e+00 2.098567370627959292e+02 6.719011616870434409e+02 1.073774961497869754e+03 6.625710553169881223e+01 9.972817743508586830e+01 6.017581232839377208e+02 1.644509216712181399e+02 5.279416333520354101e+02 4.828090840081797097e+01 4.819072651376373195e-01 5.932395059433503093e+02 3.360827249944583741e+02 1.599978040855732218e+02 0.000000000000000000e+00 1.062780870854431441e+03 3.722792356115558050e+02 2.002982405758300786e+02 6.403709923250320912e+01 3.001176484533529631e+01 1.608395392821273617e+01 0.000000000000000000e+00 0.000000000000000000e+00 3.822573284374815330e+02 1.086986369868546490e+03 1.389577086973396831e+02 6.365182186406767251e+00 5.063330269332448665e+02
2.288654579917456147e+02 1.278333035566084845e+02 1.854630949185948339e+02 5.792534326457870009e+01 2.439791650372947345e+02 6.515442139616783868e-01 0.000000000000000000e+00 1.433405593586262739e+03 9.178480118805157417e+02 2.651400314718344475e+02 3.562619483992580740e+02 4.819038732577823225e+02 1.293716963860904343e+03 1.134992708617317163e+02 8.931360240198247880e+01 2.126753431331501361e+02 4.014627170172096271e+02 1.238061577728068308e+01 9.253799109946311319e+01 3.953505848042486264e+02 1.032191004949436142e+01 4.347565894477549620e+01 1.207356818693672125e+02 9.547839362109000660e+01 7.275677683583726463e+00 4.154468240542746571e+02 7.467745576424539422e+02 1.282372357301159980e+02 3.151987551321355951e+01 3.685084035030657788e+02 2.544753709609725689e+01 0.000000000000000000e+00 2.668199836746081743e+01 4.755105397443094830e+02 7.502923850314936089e+02 1.221704178595490930e+03 7.058549502514179039e+02
1.842829525852162575e+01 2.120184156316415738e+02 3.482017758290406846e+02 3.229885164065704544e+02 2.449555472765189847e+02 9.226312217401963380e+02 1.356220962303616488e+02 3.245898383384596286e+01 4.655049742300345201e+02 1.089779580195629336e+02 1.039930587530790831e+02 3.004787728259070150e+02 4.302066401351669924e+02 8.498881492912812519e+02 3.325761242887714531e+01 2.572887917304092866e+02 0.000000000000000000e+00 4.961626769474100342e+02 1.303108121544255198e+02 8.198389835312131027e+02 4.687014428282380436e+02 6.682859641701242026e+02 2.525760554024825808e+02 6.184425084220018789e+02 3.425369364157456289e+02 3.530834433059397526e+01 6.001616200319431300e+02 0.000000000000000000e+00 1.524721623454354585e+03 5.222384808588977079e-02 8.799258741354950644e+02 2.028841166216649583e+02 4.369399331465750720e+02 4.605738253627968959e-01 0.000000000000000000e+00 1.218214642192288011e+03 1.389155410487506117e+02
6.035071354778322075e+02 7.180214159086804102e+02 1.768946958931961078e+01 2.525164517065998666e+02 1.782528888740738182e+02 3.734319620274488329e+02 6.139694812900381748e+02 1.263202062476394985e+03 5.380353962390628340e+02 4.613467164833425116e+00 8.984544627929648186e+02 2.229719517628455492e+02 3.413357907443996808e-01 5.494368321608502583e+02 1.179803403844435383e+00 2.339211127017068748e+02 3.324976572726165092e+00 1.280110415411566009e+03 2.434392433024538605e+01 1.316494811104723226e+02 7.993674572435812706e+02 7.892323477468466990e+02 1.177827795650308644e+02 1.384349122697150960e+03 1.238009253097856117e+03 7.387903528338979413e+02 1.119314657790784850e+03 2.240590910596190497e+02 8.069751958863128039e+02 2.674816468677604675e+01 8.045231155440263819e+02 4.100387251827709179e+01 6.676445227125119573e+02 3.355846195096698921e+02 6.286669730915888294e+02 1.428938760255214902e+03 3.721775337967767050e-01
9.263375117741888971e+02 2.148904861292988855e+01 0.000000000000000000e+00 3.942898604202084698e+02 1.774237231009341542e+02 9.302456885741989367e+01 7.830193257744403335e-01 1.721748211253779573e+03 5.003593300470215013e+02 1.361325640662257115e+02 4.052070598913829258e+02 4.277667844624239137e+02 6.755184708977633790e+00 6.510233579604295073e+01 7.062704508957472171e+02 7.006679862756206134e+00 2.010949340277602460e+01 8.726043251897330322e+01 5.841373013328473007e+02 2.610908317507573884e+01 1.224563186076633725e+00 1.165140837040511769e+03 8.217997438494929696e+00 2.840441075424701367e+01 2.636613815885331178e+02 2.577220112230772884e+02 5.760394102221432604e+02 0.000000000000000000e+00 2.157121359100800362e+02 0.000000000000000000e+00 8.808860034111997095e+01 4.789800332900432522e+02 7.894213571437520613e+02 5.122804272241877470e+02 6.337092068194123406e-01 9.384071142533194632e+01 1.923691683468818212e+02
5.100962696581815408e+02 3.080770103492731664e+02 3.964610781436292655e+02 1.069977771783395838e+03 1.621472323064052944e+03 5.291511503977369557e+02 8.445680347168439539e+02 8.033638354503063184e+00 1.613233329331379196e+02 0.000000000000000000e+00 1.369896084218185933e+03 0.000000000000000000e+00 2.946349082997535973e+01 2.431637374147741468e+02 2.976275111763533801e+02 7.211110055009918085e+01 1.825454800676774028e+02 1.954448343740508847e+02 1.130396340427114637e+03 2.729387845355567492e+02 1.199463565489304884e+01 6.125492326841737167e+02 0.000000000000000000e+00 6.290217986419968099e-01 5.292953690968794263e+02 1.076921777189432078e+03 0.000000000000000000e+00 1.038035972305861833e+03 0.000000000000000000e+00 7.671720835540656935e+02 5.638127135006632216e+02 1.035222902324677818e+02 1.184149201001398239e+02 2.661814845974378585e+01 3.121617131787921835e+02 1.430811068118968933e+03 3.569036242639231205e+02
5.151325200146377625e+01 0.000000000000000000e+00 1.920849449775137145e+02 0.000000000000000000e+00 2.920581698631322443e+00 0.000000000000000000e+00 6.321362717212526832e+02 8.932335511062228761e+02 3.977388058166879432e+02 4.234963966191434537e+01 1.650440834646674602e+03 8.724364765754722839e+02 6.629285332262721795e+02 5.778872614221249933e+02 1.591261125371948459e+01 2.232268273104197931e+01 9.142029927621141496e+02 1.239581480786510838e+03 1.584206340960803345e+02 2.183828211296498694e+02 6.089651830720832777e+02 3.053466061278598431e+02 9.596802251910240500e+00 7.989248561656887659e+02 5.908109043690529916e+02 7.850194798341605065e+02 9.536966320706092120e+02 4.822429675327549035e+02 0.000000000000000000e+00 1.952812908735920701e+02 5.153942891130379849e+02 6.260471749038572398e+02 1.959303639820238629e+02 4.211495939253296683e+02 2.174583158550749431e+02 3.782768527658645326e+02 5.532771029283965163e+02
8.676263337510455358e+02 9.284316048976691604e+01 6.081296299974090971e+02 1.884474395857550917e+02 4.547076153706965052e+00 9.761096530261390853e+02 7.675869270912662614e+02 7.193446736612227710e+01 1.297031238305877878e+03 1.881809034561306930e+02 1.705733614780821306e+00 9.038722635370438629e-02 6.447620518138719490e+02 2.384213591849262404e+00 5.937774692349829593e+02 1.691879777650324741e+03 1.198128946441063817e+03 7.686756345362063314e+00 9.380786443951352567e+02 1.304663712245650515e+02 1.066737106348674388e+03 3.470725801061396396e+02 1.456384362399307975e+03 8.843207074165611630e+02 6.301866764602284547e+02 3.564135820772968373e+02 3.154529759979010919e+02 5.359147166567015574e+01 4.056597484504498539e+02 4.797930341414305411e-01 1.199396504413518642e+03 1.872978095298318546e-01 7.741652740003346480e+02 1.306429757012511800e+03 3.335354998649603431e+02 3.279967143504542832e+02 1.631590163414718830e+01
3.550371488915212694e+02 1.203616834365648629e+03 3.179824559357512612e+02 6.756339996140593485e+02 0.000000000000000000e+00 8.535392073531853612e+02 3.765481420018111862e+02 3.534319048377375339e+02 3.131332810136026978e+02 0.000000000000000000e+00 2.235038412700882873e+02 8.172324826527210462e+02 0.000000000000000000e+00 8.015020083733178353e+02 0.000000000000000000e+00 0.000000000000000000e+00 5.388125810803293234e+02 9.384424711336602343e+01 1.160101584842060447e+02 1.666157034533904948e+02 4.466637768976929124e+02 7.128792078272715571e+02 2.108311653087149864e+02 1.182851366777311313e+02 1.416904978414741834e+02 2.174330568635113536e+01 8.333864413647889080e+01 1.311985892289080482e+02 1.846519085103836488e+01 8.683384808554116034e+02 6.052067423479848003e+02 8.394439196345526852e+02 3.474085076325978889e+02 4.262400095329529108e+02 5.160601414968920153e+02 0.000000000000000000e+00 2.160535679556261925e+02
1.539077648669760094e+02 0.000000000000000000e+00 5.982535072251038173e+02 1.109686647689388337e+03 1.070752974278703959e+03 1.330033908787556030e+01 1.084515649310021445e+03 1.062757064235046528e+03 8.720400536520812693e+02 7.886633910342019327e+00 4.055129954118978364e-01 9.673972106333151260e+02 4.635398308542166390e+00 2.758708670353434145e-01 6.092609125697308627e+02 1.248650740977195028e+03 4.338175149267014774e+01 7.708220344990569401e+02 1.232408006648935952e+03 7.874787206638497992e+02 2.579815370960712428e+01 3.766173061178907346e+02 7.109935800442996197e+02 5.324973608571627892e+02 9.160356311105195459e+01 1.632009969393846632e+03 2.941209340849604836e-01 1.098938364704673916e+02 1.700572970349585233e+01 5.237825252837297967e+02 9.701892671344279506e+02 2.988536858876132669e+02 1.063326670415850458e+03 4.771825965659158442e+02 7.293523279204971459e+02 2.353343855402079043e+01 6.436964763122784916e+02
