output/example/lateral_incision_000024.asc
nrows	75
cellsize	13.33333333
xllcorner	0
ncols	75
yllcorner	0
NODATA_value	-9999
[rows 17 to 33 of 75, columns 0 to 36 of 75]
0.000000000000000000e+00 6.129303845394269956e+02 1.735706532371912090e+03 7.362382388721147031e+00 1.556314680738271339e-01 6.362656030002430043e+02 4.178159917825564662e+02 6.153605689786024158e+01 4.763869439857085126e+02 9.616667216510625167e+02 5.210317022753059746e+02 6.628883908715486086e+02 3.171992356541356362e+00 0.000000000000000000e+00 3.367036006517745506e+01 8.374239999238505816e-02 0.000000000000000000e+00 4.717517149796295683e+01 1.589975517946214154e+02 1.414516861628459878e+02 0.000000000000000000e+00 1.066867387499810775e+03 0.000000000000000000e+00 4.127186449334539375e+00 1.587701057610594810e-02 6.977759929831333068e-04 2.319746744378962900e-04 5.911555326983418185e-05 4.241299189161695338e-04 7.579649164235831467e-04 0.000000000000000000e+00 4.613714960788534114e+01 0.000000000000000000e+00 1.579007544250757292e+03 1.253451133582060493e+03 3.133726223097267338e-01 0.000000000000000000e+00
0.000000000000000000e+00 4.626963820348812533e+02 3.725153585795923412e-06 1.627896545424380065e+03 4.771087130399137095e+02 6.946245763903615966e+01 1.675127569220703379e+02 1.233836460131900914e+01 6.953367620198564509e+02 0.000000000000000000e+00 8.700535217497858866e+02 7.414536700221602814e+02 1.465053281682588882e+01 1.255599530185597359e+03 8.751551353520459315e+02 1.152916491415876285e-05 9.118249406204853358e+02 1.287289354617563959e+03 5.626251587492198070e+01 5.932516253137742268e+01 1.346095756042519440e+02 7.099496299706080435e+02 1.260614442231736660e+02 6.528910145184180180e+01 0.000000000000000000e+00 0.000000000000000000e+00 9.642705547765631025e+01 1.232281731280704829e-03 0.000000000000000000e+00 0.000000000000000000e+00 6.168714244760641714e-04 1.777203058601590783e+03 1.674596672886267925e+03 1.604404887276456304e-01 1.178282933183233354e+03 0.000000000000000000e+00 6.891403770396028960e+01
0.000000000000000000e+00 3.347931521640545416e+00 4.384900584814519107e+02 7.793069482205804377e+01 3.920417508627839993e+02 2.454537536721859965e+02 5.525704267023977678e+01 4.023338292589740406e-01 9.084607034451256595e+02 1.003001999952763072e+03 6.666838447380004027e+02 3.696229255624137267e+01 5.514022961454742244e+02 9.200401643615924385e+00 7.868354591031923917e+01 8.644059429101072567e+01 2.414796272705793001e+00 3.111379127869362833e+02 6.534689564409770668e+00 4.235458387818698611e+01 1.279825309452797057e+02 6.166465612669278471e+02 2.032369886635518412e+02 2.467463736786091374e-03 1.487628017111498370e-03 4.663056062742496124e+02 3.772633336656488154e+02 1.366769162853186401e+02 1.606824945131993232e+01 1.368007289437228168e-03 5.099897762579991500e+00 5.978807317819058442e-03 0.000000000000000000e+00 4.754126617731991855e-01 6.802390247499813540e+02 3.370829462833923262e+00 8.688550207964945926e+00
0.000000000000000000e+00 8.078240278338143980e+02 3.725153585795923412e-06 2.779483354584343147e+01 2.212664956923631507e+02 0.000000000000000000e+00 0.000000000000000000e+00 5.478718184428140771e-03 1.028192314246175982e+02 1.260171442467892575e+03 6.130276561589717566e-02 1.822732579622580147e+02 1.431154237755299164e+03 1.117523969722868969e+03 1.197554436206059947e+00 3.814054974665340865e+02 5.834316481163950812e+02 0.000000000000000000e+00 9.999068522192002320e+02 5.735886362311250650e+02 9.502758124421160346e+02 2.579075498347000367e-05 1.409669263317755394e+02 1.129723752790950617e-06 6.432558676494138164e-05 2.852998755157540245e+02 9.674410440939809445e-04 1.252816162669435471e+03 1.824505865988295454e+03 2.905858520641631859e+00 6.730067118167460194e+01 1.272689857055465668e-01 4.580192923905907776e+01 1.093470941201249843e+03 2.047019211175718567e+01 1.241785142324094295e+03 1.149077100008804848e+02
0.000000000000000000e+00 2.557081904068849454e+01 0.000000000000000000e+00 6.700628494212086252e+02 0.000000000000000000e+00 3.825386930907705096e+00 0.000000000000000000e+00 1.055137685675305317e-04 6.151522419085913498e+02 2.975587357632088725e+01 1.486273027164175801e+03 3.105680406490058658e+02 4.971311291055230619e+00 2.404127955607519198e+03 8.659146421210871267e+02 0.000000000000000000e+00 0.000000000000000000e+00 1.626967280347203314e+03 3.199498977484979036e+02 0.000000000000000000e+00 8.419373013878553138e+02 2.047987640032432921e+02 0.000000000000000000e+00 7.167324119708463892e-02 2.531356802341380198e-03 7.378955396535862974e+02 1.280950187236561078e+03 6.325818060920647135e+00 1.638155251554328515e+03 2.332563502368704178e+02 1.540489190271207463e+02 2.509383939254040963e-02 1.301574141372414317e+01 9.519287912066131696e+01 2.916712783885073534e+01 4.335792586041508798e+02 1.185922049189520067e+03
0.000000000000000000e+00 1.150639296459740422e+02 6.701333066079844230e+02 0.000000000000000000e+00 8.202420794570707585e+02 4.152092509887679626e+02 0.000000000000000000e+00 4.561076607060758170e-04 7.627136798326871485e+02 9.016681301027978179e+01 1.117698319038091768e+03 2.430813709735597428e+01 3.961210546569643043e+02 1.213045036775673452e+03 1.107856342627070262e+03 0.000000000000000000e+00 1.452516777668916802e+03 2.415532979039718864e+00 1.449956077416052267e+03 3.838932300650420792e+00 1.786682602191581850e+02 2.020117256675665658e+02 5.963943066123040815e+00 1.410092966658395912e-06 2.029535699715255201e-03 5.253386253925140359e+00 4.218833288928064462e+02 2.906445545948851716e+01 1.097627871059932545e+02 4.402851196743931723e+02 7.745566866032143061e-01 6.158940731200960528e+00 0.000000000000000000e+00 4.105575289099592737e+02 2.283322131632485252e+01 9.840474651803331199e+02 0.000000000000000000e+00
0.000000000000000000e+00 4.183122053247206179e-03 1.160176395479896883e+03 4.604008133516506405e+02 0.000000000000000000e+00 1.659808182314523595e-01 4.900595941884880631e-04 0.000000000000000000e+00 8.126222540493083457e+00 2.675353614200815924e-05 8.079477460935400757e+00 3.438357254747614021e-03 6.130817380310852514e+02 7.820474806115553292e+02 7.761889110299795558e-01 6.728253910102599775e+02 1.250380785847652078e+03 1.394943912842863483e+03 5.209097935007567237e-01 1.115449227784790764e+03 1.774978775938360442e+01 2.165612163798643053e+02 8.049119603580385274e+01 7.357091644836172726e-08 2.311561229866238459e-07 3.013316050978029015e+00 6.497594547512122176e+01 2.182746117067483738e+02 1.386626776302074537e+00 5.729938553907028336e+02 1.177344311558170602e+03 5.064657285127126762e+00 7.852039142499978652e+02 3.561763141520403764e+01 1.050308988614446015e+01 3.504404149173677752e+02 3.161295337781765511e+02
0.000000000000000000e+00 2.792608869074793461e+02 1.879216213028913529e+01 4.332479298771417007e+02 3.585427913537693030e+02 5.051651077240990162e+02 5.593531774436685464e-05 0.000000000000000000e+00 4.854171418303736186e-06 0.000000000000000000e+00 0.000000000000000000e+00 2.815841247567685173e+02 3.171459722591850650e+01 0.000000000000000000e+00 7.098700972644397780e+02 1.305050051839441039e+03 4.973000028968879715e-01 1.496891528582162209e+03 4.353212354562425723e+00 2.283042927418360790e+00 1.577621540359451956e+03 3.740183927230669951e+02 3.251774763941584467e+01 7.609013677067630363e-06 3.979907288087054966e-09 0.000000000000000000e+00 1.153088583120814548e+01 7.570002170130406682e+01 1.045193993934244645e+03 2.482327664001649126e+01 1.723463407807166092e+01 2.113352690189824656e+01 1.399818663756551587e+02 4.827431313692950425e+02 1.252835339839864673e+03 2.357038744169815914e+01 5.692683733852419437e+01
0.000000000000000000e+00 0.000000000000000000e+00 1.739052801666187975e-01 0.000000000000000000e+00 4.897449409862086227e-04 0.000000000000000000e+00 4.297386881876798410e-05 9.537563462871530805e-04 0.000000000000000000e+00 2.156276312299513019e-06 1.868674482350550647e+01 0.000000000000000000e+00 5.046816050904970439e+02 1.606040203931866017e+03 0.000000000000000000e+00 1.280801464336459048e+03 4.212667495110201443e+00 4.977123406491081037e-02 1.061193178692450147e+03 4.162951697282824171e+02 4.034300704066558296e+02 3.613401259126712830e+02 8.557216964471697551e+00 0.000000000000000000e+00 0.000000000000000000e+00 7.561537285769301564e-06 0.000000000000000000e+00 1.501459486115213053e+02 1.612447615640313643e+02 9.303148092411079233e+02 1.210435815781901709e+02 1.311083823340757881e+01 9.433216374198207177e+02 1.153932371574015860e+03 1.267732181322809515e+00 1.922288190449079082e+02 4.714608080460180304e+02
0.000000000000000000e+00 2.839738110676332212e+02 1.892788703937330297e+01 0.000000000000000000e+00 6.594199079251326623e+01 1.404163728872710806e+02 7.288773221174689070e+02 1.255686670250069028e+03 8.811982272994312382e+01 0.000000000000000000e+00 0.000000000000000000e+00 0.000000000000000000e+00 0.000000000000000000e+00 1.003968715224342105e+02 6.736745185184044971e+00 1.175806017792256775e+01 6.845706513001537132e+02 3.706302083299425476e+01 3.836608885748605570e-03 2.095111212694758529e-01 1.928605772021985274e+02 1.795542974166353624e-05 6.824276003886160108e-05 1.062538296008277428e+01 1.063610876506931469e+01 3.243420521558317660e+01 2.326819537697945748e+02 8.102359687374113308e-05 2.283216501340502589e+02 1.792855673035558937e+02 1.382295176662301856e+03 9.845751089149573545e+02 3.700905322977630618e+01 3.247153172611666605e+02 1.449386054152434440e+02 7.836132226074196296e+02 1.314892442930542131e+02
0.000000000000000000e+00 3.967333628030226933e+00 1.514800708126145867e+00 1.337262804490093913e+03 9.368631073932791651e+02 9.833410147582266614e-01 2.019480850182276868e+02 1.170632620139996583e+00 1.933355984530387275e+02 5.835513691818509534e-05 0.000000000000000000e+00 0.000000000000000000e+00 6.104313165176410735e-05 3.318354891426939162e+02 0.000000000000000000e+00 1.526713675331558989e+03 2.118939139666515734e-04 3.675059435067772711e+02 1.561788641147337196e-03 0.000000000000000000e+00 1.297702833708147411e-04 1.962955213669931309e+00 1.542415094114851380e-04 3.648258524565790140e+01 0.000000000000000000e+00 1.275809867248829732e+03 8.065668842310832360e+02 4.764435494445531276e+02 2.063561492146900278e+01 2.051601917993948803e+02 1.150570071847757617e+03 2.928527614376140491e+02 1.193239056421687110e+03 1.806249219316720200e+02 1.469283390335903619e+02 1.545047646536460206e+00 5.817684291996089163e-01
0.000000000000000000e+00 1.610981076735748275e+03 5.492900113570220810e+02 1.108833474384568490e+03 2.004817056529318057e-05 1.047422270667417479e+03 3.742880438668792067e+02 9.353931639716710151e+02 5.496547672728316911e+02 8.376171303842963312e+01 6.502764530521391319e-05 1.162201700668698129e-01 6.338858949890498889e-03 3.913690135963456669e+02 1.335957281739543987e+02 1.475782168196380326e+03 2.325653815927493611e+02 4.907555304436823462e+02 1.354117247432630759e-03 6.032393590370639571e-04 0.000000000000000000e+00 1.235385935818304932e-04 0.000000000000000000e+00 1.514454259777376571e-09 2.855441960129948598e+02 3.260940801245668581e+02 1.348446430142350323e+02 1.867175381766982722e+00 1.471322991812519945e+02 1.160704314620738700e+02 1.951118777892976368e+02 2.629009014711155032e+02 5.742519899107703623e+02 1.389595494827806910e+01 4.508229954008834284e+02 3.887709255074935868e+02 1.986440802161655528e+00
0.000000000000000000e+00 1.335357326134202594e+03 7.753306285622588803e+02 2.854347971665883166e-01 1.267746430270835162e+03 2.270065814579988057e+02 0.000000000000000000e+00 0.000000000000000000e+00 3.165521435076379362e+02 2.497860898114369859e-06 1.290480715777410694e+02 1.707990329010317943e-01 1.907172412669230156e-06 8.873037747620180937e+00 1.274635499335235794e-03 6.034678496991723517e-04 2.846211071649698619e-04 3.415791127024004226e+00 0.000000000000000000e+00 4.875332423743120903e-04 0.000000000000000000e+00 2.149108372391104922e+02 0.000000000000000000e+00 1.629054750938703586e-04 2.365193129120728849e-02 4.163916056373708443e+02 1.021634921017151214e+03 6.438695184995067393e+02 6.423313387696430787e+00 1.744805686376751623e+02 3.927103490279782250e+01 3.782356403694404889e+02 1.177779363286353146e+03 7.381089750390569471e+00 1.606007040822690897e+03 4.084316850428692760e+02 0.000000000000000000e+00
0.000000000000000000e+00 2.839676841351723624e+01 4.589224188376523017e+00 6.278199251937223835e+02 0.000000000000000000e+00 1.405623284706204572e+02 4.278552143531674119e+02 6.769584202607681789e+01 6.865471565362666979e+02 1.070352738276823402e+03 4.284746911693605220e+00 0.000000000000000000e+00 2.610759689811112394e-02 1.488886324925627232e-03 0.000000000000000000e+00 5.649780255503132186e-04 0.000000000000000000e+00 0.000000000000000000e+00 8.230505631364922468e-05 0.000000000000000000e+00 4.648754645948143889e+02 3.466510698791541029e-02 6.367945542260213188e+02 1.428967934089264355e-02 6.743710599277762396e-01 2.608379158498886907e-01 0.000000000000000000e+00 2.064896844509273421e+02 1.379791117943348056e+01 1.511983916564150604e+03 2.091661430427625419e+03 0.000000000000000000e+00 1.406331763250935012e+02 5.104348960419746728e-01 9.301704868294161770e+02 6.993838888411882060e+00 8.919263142418171810e+02
0.000000000000000000e+00 0.000000000000000000e+00 1.454149194783624125e+03 1.274976594863139553e+03 3.731044838896106057e+02 1.085644049565660794e+02 9.869940117945039901e+02 4.493093752688642972e+00 7.071903262044163796e+01 3.504310439601000553e+02 2.295950749317428290e+02 4.828023764492479775e-02 2.304596224928711194e+02 1.776470130631622624e+02 9.632525926103206645e-06 6.729484812821326725e-04 0.000000000000000000e+00 0.000000000000000000e+00 1.179625760948119711e-04 0.000000000000000000e+00 6.823881739849261976e+02 2.913291298864965029e+02 4.898096215273851044e+02 0.000000000000000000e+00 3.341160677772916809e+00 1.829860973954191650e+01 2.961140233615403758e+02 2.684855220319066049e+01 9.499390934087236928e+02 1.019191636499920719e+02 1.126939193489112768e+03 1.104344899453156131e+03 3.958336645697611971e+02 5.732006177583404138e+00 5.321817645607153509e+02 1.145308475690369754e-01 5.181020778109364073e+02
0.000000000000000000e+00 1.044488429016940678e+01 5.460327814409561553e-03 6.016202822665663064e+01 9.936988816402766815e+02 1.165792717873080591e+02 7.281320075411366055e-01 3.645117249595785438e+02 8.123419160499930740e+02 4.512461488190424461e+02 0.000000000000000000e+00 1.931959696410490892e+02 4.426514040085164652e+02 0.000000000000000000e+00 9.180085292996787416e+01 1.024286959911238290e-03 0.000000000000000000e+00 1.199877037794256078e-04 2.469120326258061198e+02 2.279116523290207112e+02 6.099952584441057368e-01 1.847258069565500023e+02 1.000204355704176180e+02 4.202416599327596600e+02 3.468406352035692066e+02 1.172182299196355189e+02 1.180874088948147354e-05 6.868306967769720472e+01 2.110599797140162536e+03 1.118638587424537718e+03 1.014803690845426587e+01 1.462638602061488200e+03 1.166156337683166612e+03 0.000000000000000000e+00 1.152700706526963614e+02 3.378452329565462833e+02 1.886228950609366706e+01
0.000000000000000000e+00 6.159281076480315614e-02 1.094315946841921405e-02 0.000000000000000000e+00 0.000000000000000000e+00 7.041440058230928116e+02 1.089271690790243156e+03 1.473236237380048408e+02 2.986064460225910239e-02 8.389041400536215165e-03 1.533621224569472133e+03 6.096685957913206266e+02 0.000000000000000000e+00 6.090269161395378887e+02 7.772814125240341809e+02 0.000000000000000000e+00 1.475255130426451032e-02 2.303836484632738575e+02 9.804884642408589457e+01 6.593116279240816766e+02 1.705083374685156741e+03 5.596482117478554983e+02 1.198456547757286216e+03 1.779702710663637610e+00 7.656731106903566797e+01 4.115281708441656860e+02 2.475578662413730910e+02 2.360319994512718722e+02 7.759801986057132126e+02 1.722540233832324475e+03 9.473865343667345087e+02 1.719327649050787343e+01 0.000000000000000000e+00 5.313708129681327819e+02 1.275501133396929845e+03 3.861342511248240044e+02 1.390713732596071850e+02
