output/example/lateral_incision_000322.asc
nrows	75
cellsize	13.33333333
xllcorner	0
ncols	75
yllcorner	0
NODATA_value	-9999
[rows 0 to 16 of 75, columns 37 to 73 of 75]
2.730880095320796741e+01 0.000000000000000000e+00 4.020924072664800331e-04 0.000000000000000000e+00 3.204114022286294605e-01 0.000000000000000000e+00 0.000000000000000000e+00 5.525900172972106512e-03 1.975129308987696054e-03 1.188172025416675964e-01 0.000000000000000000e+00 0.000000000000000000e+00 0.000000000000000000e+00 1.935879317804396393e+01 8.108273727206165293e-02 2.093329821185450912e-01 3.815658800127624204e+02 5.534273966179734998e+02 6.760571021001833287e+02 5.558879181938473835e+01 5.889509029692019340e+02 1.433435222519221952e+03 5.563956020383164969e+02 3.991913787468699297e+02 5.022033694440563067e+02 9.270076761518872388e+01 1.641620491379147495e+02 4.971400586072146629e-06 0.000000000000000000e+00 5.267006942434419869e+01 1.048169385794283137e+01 1.556254070430262981e-01 0.000000000000000000e+00 1.171760928489934850e+00 0.000000000000000000e+00 2.202483508468670581e-01 0.000000000000000000e+00
2.951586788673725703e+00 8.097447668449901936e-01 1.091569533275524926e-05 1.510866892439821418e+00 7.863129439469159934e+02 0.000000000000000000e+00 3.143115737239087366e+02 9.613063059099301810e+00 6.374126099482212027e+01 5.742824645812287372e+02 7.038431330337188285e+01 1.850239883113055441e+02 5.142995434043970704e+01 7.397369280921828327e+00 3.458020907887395197e+02 2.300781478800593902e+02 1.218119838240044430e+02 1.744911411933004501e+02 1.686245432540737852e+02 8.346851375909835724e+01 5.441905689198097695e-01 6.702448741871992297e+02 4.321531970553042470e+02 2.129040593959909131e+02 2.473597919061257926e+02 6.563555491422910109e+02 7.940424147594796978e+02 1.429637859988903248e+00 3.174979991003321089e+01 3.595333971346759938e+01 5.764757463916935443e+00 3.944736800701811035e+02 0.000000000000000000e+00 3.762768745773532828e+02 1.551288420390274647e-01 1.214664040584343866e+03 1.648010294740461124e+00
1.619972678316214143e+01 1.747773916233915656e+02 3.724028335017108020e+02 2.331600162404459127e+02 1.743328390867786993e+03 0.000000000000000000e+00 1.257520632262237314e+03 3.979788609337201137e+02 2.813198217947950219e+00 1.892464514165886271e+02 1.228385871736798833e+02 7.269980585913006053e+02 9.430075853874126324e+01 2.419435312088741057e+02 6.194160243928542968e+02 0.000000000000000000e+00 2.324575750755213335e+02 2.135502012987442697e+02 1.120119039535917409e+03 4.469318665176338072e+02 1.894211336145783520e+01 1.438260322916814630e+03 1.370328017259146158e-01 7.369730515842645673e+02 4.601423966607977434e+01 3.066636126329390208e+02 4.350966116344658872e+02 5.972593697686961889e+01 1.503830103404703493e+02 3.479405906684856404e+02 8.357242504012466489e-01 1.113791896881518369e+03 2.385013301295903716e+02 8.442378163165889191e+02 0.000000000000000000e+00 0.000000000000000000e+00 3.203680929160431674e+02
8.562518764338378787e+02 2.221222187883289401e-01 7.285266248559167934e+01 9.927294221935650285e+02 3.084550634760407917e-01 9.469719346854384412e+02 7.058189678951761152e+02 3.134870977928953266e+02 8.530535145260200807e+02 2.483302901943517937e-01 1.152795127853123176e+03 6.792323036342733076e+02 9.620334635033569839e+02 3.791115096853592945e+02 1.164768178116787567e+01 3.579055190747987325e+01 6.192455584488201339e+02 4.848058712672751085e+02 1.683011633743182358e+02 1.772244344765991855e+02 2.477434940166700414e+02 5.751334731964833935e+01 5.850486771713833605e+02 2.034069764822602266e+00 3.170813130593202231e+02 5.528419851938158445e+02 6.526988549033867457e+02 1.875017395410326628e+02 2.428885118887636807e+01 8.046425900632095818e+02 3.448713770880922880e+02 4.138753776264260154e+01 1.603727366252334150e+02 3.257202951492700294e+01 3.120994399728996314e+02 0.000000000000000000e+00 4.187680718723070754e+02
7.205758380152067275e+02 1.991207025423012453e+02 6.712163493526578861e+01 1.011115877561915340e+03 1.251979200479041765e+03 1.272666610488616401e+00 2.756867916671263288e+02 3.576767541810668831e+02 0.000000000000000000e+00 1.558828404998174165e+03 1.639082275983518002e+03 6.425359929471245835e+01 5.182180058460454575e+01 5.765500734809431549e+01 1.373220567000721815e+02 1.005946582068107091e+03 0.000000000000000000e+00 1.634078377386064762e+00 1.156195006930010777e+03 6.940205037998754278e+02 2.179303850336443418e+02 4.543587159884286280e+02 4.961983666591686983e+02 5.323628659318446665e+01 3.621131383283400282e+02 9.040290431552247128e+02 5.045024939048552710e+02 1.585997241850578234e+02 1.333857793346906249e+02 1.291814742137457017e+02 8.103663034617399035e+02 4.987848472299003078e+01 3.046820764704812845e+01 1.277434804372299595e+03 7.638940026301845592e+02 8.281302354461295181e+02 1.192785875282785355e+03
7.422592397282191996e+02 1.735590722073237941e+02 0.000000000000000000e+00 5.970208285830907471e+02 0.000000000000000000e+00 7.729511360832180822e-01 1.735112876114463916e+03 1.195189090060519675e+03 4.798381606130785713e+02 9.601133932719554878e+02 3.548974214586618214e-01 4.785108567217856717e+02 7.329553207607759191e+01 3.518293057877702950e+02 1.327345092459383523e+03 2.029156155366269161e+02 0.000000000000000000e+00 8.180209952097907262e+02 8.302858714614741302e+02 2.219888610188453981e+02 2.540475633346787561e+02 4.977773415966928638e+01 6.371881604623949613e+01 2.107270224466766678e-02 4.395842877881443655e+02 3.170861044567233193e+02 2.972379200487881690e+02 1.645424522174641311e+02 2.240976645908282450e+01 1.979608707723994598e+01 3.671488996044814712e+02 0.000000000000000000e+00 1.121373218693396012e+01 4.287967924790544316e+02 7.340142019756622176e+02 2.244591296030184822e+02 3.623733652403109886e+02
8.872969726156916295e+02 5.349387527505764410e+02 7.464255531146089595e+01 2.912403187078822786e-02 1.497348457954861090e+02 1.566140762578200565e+03 9.012055694860383881e-02 0.000000000000000000e+00 8.478952431542119257e+02 8.546139226198928185e+00 9.121207886565899798e+02 1.244263433507895115e+03 0.000000000000000000e+00 1.141276831239521385e+02 1.137665553131076194e+03 1.210121548853929198e+03 3.283623023738573288e-01 8.688794835071606713e+02 9.058628432810674269e+01 6.819839228014325272e+01 8.555717264419561161e+02 7.628684881064941692e+02 4.163295644582285959e+00 3.027911364988851233e+02 6.202724617724732070e+02 1.212553725964513205e+03 1.167085082743938784e+02 1.657275269039981140e+03 1.240042521617633383e+03 4.823832958457506379e+02 1.820226025467103455e+02 2.109367625264015444e+01 1.506417802514868754e+03 0.000000000000000000e+00 0.000000000000000000e+00 6.065189130210351109e-01 4.878823630662395203e+02
5.407189086674004841e+01 0.000000000000000000e+00 1.318234151165329990e+02 7.313900332124386523e+02 1.234878999676734793e+03 3.286371373018139863e+00 2.614742092171471768e+02 6.063004501463627776e+02 6.238899483595429984e+01 4.660235123981724428e+02 1.015440791923879715e+03 1.149968579306618466e+02 3.467420337306268721e+02 3.116064789327796802e+02 5.720801036048700325e+02 3.448937737102156925e-02 2.971816569267962223e+02 2.197198007969146616e+01 0.000000000000000000e+00 2.230670624510021867e+02 7.594607282741979937e+00 7.774845043309184121e+02 1.001013396769346002e+02 2.279757852804670790e+02 1.220292265701109073e+02 5.615903627591096665e+02 7.823807601484135432e+01 3.307825004476592881e+02 3.451948779338587930e-02 3.916957157096583728e+02 3.050798034890052577e+02 9.927173120451771027e-01 7.633306000572412131e+02 6.781294597588687338e+02 2.132593326332867889e+01 7.677439327518524124e+02 6.654726104706978731e+02
8.458883982286962464e+02 8.249944722436764266e+01 7.373112839586825658e+02 0.000000000000000000e+00 4.617271219102992177e+02 6.942878097176406982e+02 6.250732257254777551e+02 5.502876734283590920e+00 1.705248439739074229e+03 7.613598907577778618e+02 2.383133455972396462e+02 0.000000000000000000e+00 1.044919070825081917e+03 4.351517486780610966e+02 0.000000000000000000e+00 8.543298661654048374e+02 1.513304492234250347e+02 6.912154008965056562e+01 1.050009443800870031e+03 8.682747046986689838e+02 0.000000000000000000e+00 7.974791880974549940e+01 0.000000000000000000e+00 1.080723880147609179e+03 3.852109985630694382e+02 0.000000000000000000e+00 0.000000000000000000e+00 1.075186656877553482e+01 3.491169729165753965e-01 9.007709268876511715e+02 9.384212601030554879e+00 5.357421802605261973e+02 1.002499396862861659e+03 1.145537446339714904e+01 1.393685199173735555e+03 5.578516726956919456e+02 3.452274981830137079e+01
6.786995288849052343e+00 4.849456788752356715e+02 7.680683688366583510e+02 6.885613162232127706e+02 7.325186819302060712e+02 0.000000000000000000e+00 5.273257086400945148e+00 1.652428851468942185e+03 6.298086427473390359e+02 8.145706573356301305e+02 1.289408516507713820e+01 2.195651189424811491e+02 8.680177379030619704e+02 3.318104942581401673e+01 1.533371448806467008e+01 2.734014731833712686e-01 7.853824134569341595e+02 1.028382497762403545e+03 6.742257860763888111e+00 9.912392249845829610e+02 8.869540020681391468e+00 4.178756449265266610e+02 6.322079862819119853e+02 1.745851119999043135e+02 3.808916169160340814e+02 1.783639727461021209e+02 1.066132552303461352e+03 1.077754504954251161e+03 5.563135421733106796e+02 2.000252330516065058e+01 2.612610812177097159e+02 3.218215437985534777e+02 6.268078039563507673e+02 2.127126095692420393e-01 1.274525382787686794e+03 6.300453617886689699e+02 3.595160662980559323e+02
3.568974461602234527e+01 0.000000000000000000e+00 1.353267021683440063e+01 3.876729797364644980e+01 7.383679662981458058e+00 2.195898099339981258e+01 2.335988117597621851e+02 3.468231973218210555e+02 2.618395771619038470e+01 1.240302361209182749e+02 9.130968056003284872e+00 2.196894609687805477e+00 1.953662383417630792e+02 3.031424292278443318e+02 3.461543915972118839e+02 1.858076206577991911e+02 1.340836495964307915e+03 1.696558787009051912e+03 5.450309510438451355e+01 1.199905037387542961e+03 5.466151615603455411e+02 4.159826763302945665e+02 3.310391039940314499e+02 7.547065742836211939e+02 2.731881818686669021e+02 1.545750004109421297e+03 4.835107739252612191e+01 1.634616116830716237e+03 5.459953463047355626e+02 7.337973938430648104e+02 3.128325499572993635e+02 8.261796154306510971e+02 2.027446575175806345e+02 1.698143446415639346e+01 1.254533275569509442e+03 1.115157025568494646e+03 4.244918611957143071e+02
1.295188269481569250e+03 1.112933023285834452e+03 2.817420828627166429e+02 2.294878088004469419e+02 1.341958710479983665e+03 8.697758518517499482e+00 9.335846019007526309e+00 3.432865952404820860e+02 6.116407870225617671e+02 4.369538069833064355e+02 5.301469690672373645e+02 0.000000000000000000e+00 1.043514560323795422e+03 0.000000000000000000e+00 2.946980132095815748e+02 1.811889049248227082e+02 7.756052313638462010e+02 6.006939785946192387e+02 3.465699326438748358e+02 3.168113581464463735e+01 9.409295040503284469e+00 3.272514325267098201e+01 2.421231010889556057e+00 0.000000000000000000e+00 4.611599181218869603e+02 1.200874337089345687e+02 0.000000000000000000e+00 4.115237268847760106e+02 6.163535153890516760e+00 3.794997863787936243e+00 1.084742993686323320e+00 4.869018754240130988e+02 1.084904360113449684e+02 4.811962927064600422e+02 4.683875848520789020e+01 1.597826914596970198e+02 1.151726731558570407e+02
4.424462866912348318e+02 1.194416608715612114e+02 5.525963669039990123e+01 9.387628771310584170e+02 5.213794669759953422e+02 2.570819935366872144e+01 4.608296062848701240e+02 1.150269134309010610e+01 0.000000000000000000e+00 1.900346402601835649e+01 6.698283131964479935e+02 1.210772243244701713e+03 1.531388487108377831e+03 9.315581688967310470e+01 2.727125455988602809e+01 1.150338214591782844e+03 1.807595617123832596e+02 7.135862481541084890e+01 3.925646620997735567e+02 1.329957750530575424e+02 0.000000000000000000e+00 2.280126260067371504e+02 7.621994360531884061e-01 1.258391248384987193e+03 4.814545258482049803e+02 8.956500732146498933e+01 1.707304989231559148e+03 2.281947264990416357e+01 1.025636631772277269e+03 3.543154926976924344e+02 6.849183386072203916e+01 9.308020817398514737e+02 4.536715759997069597e+01 5.682414301814006876e+02 6.354907656463894909e+02 6.559547207363783627e+02 5.523458902680240499e+02
9.165979460015193786e-03 8.085890938367099068e+01 8.596107310019634724e+02 2.008164439924894680e+02 0.000000000000000000e+00 5.953975798890423903e+02 4.217176466133311123e+02 1.695382319615364622e+03 4.214587597580033389e+02 6.846445717658201602e+01 1.943055904895356605e+02 2.910471158462541119e+00 1.062493252398688526e+02 7.924043626408135879e+02 5.289559693341429920e+02 1.212856565206993054e+02 1.700266932041637347e+01 4.392165604361189821e+02 1.147347613591941951e+01 4.730575690388962471e+02 3.859559515775359841e+02 0.000000000000000000e+00 1.076013846784224597e+03 1.598894410882944385e+03 5.909501968112866734e+02 4.099425821414678239e+02 1.051368792272606470e+03 6.070181826916329015e+00 3.721203817078776979e+02 5.059135535397788885e+02 1.238292887807510397e+03 5.977343448816429827e+02 2.203654832205826697e+00 3.674940361177809223e+02 3.117532435319459694e+01 1.805879693785215352e+02 4.106665153485774908e+02
8.312899443188018722e+02 1.279547320292107543e+03 9.059352478924087109e+02 1.178616481423210018e+02 0.000000000000000000e+00 2.616104373570744315e+02 2.180274918537365103e+00 2.326595871398961890e+02 1.954093399668558675e+02 0.000000000000000000e+00 3.684927821183772068e+01 3.899810469659463479e+02 4.342264558046700813e+02 8.947969556405266758e+02 1.116958716034307599e+03 1.879352981360336798e+02 6.350922008851101808e+00 2.718302511415475298e+00 5.050888058892548429e+02 3.253277100886971880e+02 4.581800493993305281e+02 3.855850086019544847e+02 1.773147705090547888e+01 3.557811661730359987e+01 2.227884565234156184e+02 6.036663658078906280e+01 3.270684264718610024e+01 7.182835495676036963e+00 9.378199276458302620e+02 1.793468131263540045e+03 2.009321575244663904e+01 9.669111451252418443e-02 4.232915530826443273e+02 0.000000000000000000e+00 3.447716408529230847e+01 1.045203788949534527e+02 4.411292751818149394e-01
0.000000000000000000e+00 2.104437577450577468e+00 0.000000000000000000e+00 1.191252522403195684e+02 3.588109919560324101e+02 6.064372212223427141e+02 2.205267857459743936e+02 8.740132409076784370e+02 2.723859542605451338e+02 0.000000000000000000e+00 1.204868022748676822e+03 1.198745862871422752e+01 6.272681401815272011e+02 6.205414067147590913e+02 3.830893247026494475e+00 5.331657381704045520e+02 6.203130807339877038e+02 1.607538693564949384e+01 2.565333568379579106e+02 3.246203109076569717e+02 5.954266149517829732e+00 5.783197461772462589e+01 7.406995750896220443e+02 6.381063736032956513e+02 6.912910829132852086e+01 4.590132862355228553e+02 4.945191948519218386e+02 1.123624908790657351e+00 8.097191823056567728e+01 6.121717619256918397e+02 1.272230345466327890e+03 2.671641510462152880e+01 1.737085497111683026e+03 4.061660405663852771e+02 7.853411701480459897e+02 1.466752429186217910e+02 2.830352251221400479e+02
7.820526653621612923e+02 6.263373020956776145e+02 8.430690510726916500e+02 1.730378087362075323e+00 2.967609874866330294e-02 5.920574974905903218e+02 2.490900531237092821e+02 2.393776515263053568e+02 7.758190015531699828e+02 2.379570680242321146e+02 9.817309929518047795e+01 1.131074750949485178e+03 3.446284357529401632e+02 7.422705316517866549e+02 2.772591221396914420e+02 2.109899357690659372e+01 5.896136482363734643e+01 5.912263080400948922e+01 3.331043272604757703e+02 1.373948431244725953e+03 9.431406665467710582e+01 4.061732850275208051e+01 3.911358431325067109e+00 1.401530604782098877e+01 6.129428303213214804e+02 7.900111971113052505e+02 4.174023887814420846e+02 5.383153822054526927e+02 3.604405975339489032e+02 0.000000000000000000e+00 0.000000000000000000e+00 3.299139057338200587e+02 5.341597588047314957e+02 0.000000000000000000e+00 4.193524974126250271e+01 9.019266489544052092e+02 1.338960116206693662e+01
