output/example/lateral_incision_000323.asc
nrows	75
cellsize	13.33333333
xllcorner	0
ncols	75
yllcorner	0
NODATA_value	-9999
[rows 34 to 50 of 75, columns 0 to 36 of 75]
0.000000000000000000e+00 1.070139868914580347e+03 9.737340131747283749e+02 6.546556614290327616e+02 2.247772235159758338e+02 3.018854535381196342e+02 0.000000000000000000e+00 1.149174535398292846e+03 1.231922196785901633e+03 4.130397868099313996e+02 5.819645324227958554e+02 6.131719718406228594e+02 1.244204819945098563e+02 6.286744381521231873e+01 6.503373213844262182e+02 8.438970574528403858e+02 5.987394322899865529e+02 3.657355381471934379e+02 3.415690287735437778e+02 1.030284600208697384e+03 9.629994627432232619e+02 1.175639198391904756e+03 1.276568153935891132e+03 2.460370856604190806e+02 3.327984848091903132e+02 5.659859886326973992e+02 5.894116550745879257e-01 5.260869093680237256e+02 6.990053305705281446e+02 2.670816557833462070e+02 3.637578906183723007e+02 2.934111835525744709e+02 1.375873921948103771e+03 1.625765893908110016e+01 5.126277374223326433e+02 1.426707314847068453e+01 0.000000000000000000e+00
0.000000000000000000e+00 0.000000000000000000e+00 1.821922479882286154e+02 8.345460331352044250e+02 3.388605164941614589e+02 2.945801097965955364e+02 1.522897466488898317e+02 4.525516315913498033e+02 3.394744237912698281e+02 8.013519072318447343e+02 1.184755146196628743e+02 7.691731019390615529e+02 1.392949463117509595e+03 2.364755153338080618e+01 1.043477472021381345e+03 7.848726862214610946e+02 4.822029588623842074e+02 0.000000000000000000e+00 0.000000000000000000e+00 8.541380207156767028e+02 2.715524290878482248e+02 0.000000000000000000e+00 6.738202064587160294e+02 5.090743245989057755e+02 9.906817904057168889e+00 1.582136605658492044e+03 3.529773948913477284e+02 1.098434515773434214e+03 2.553880316503278536e+01 4.655145328873266521e+02 6.349923432990091214e+02 3.702605457541528153e+02 5.374590885412401349e+02 4.349213995829332475e+02 6.263326708334185469e+02 1.279237837192344159e+03 2.764337142480613707e+01
0.000000000000000000e+00 6.305375753909362402e+02 6.968811479813475929e-01 6.059321372736657452e+01 7.785165399650002982e+00 1.587353146695299984e+02 2.008743983989141668e+01 2.170030852374124741e+00 8.317996555937494350e+02 8.785220405740533067e+01 4.915470498921867488e+02 9.729144423240444484e-01 0.000000000000000000e+00 0.000000000000000000e+00 1.607113398598773557e+01 0.000000000000000000e+00 4.086068376612439579e+02 8.690010822793135503e+01 1.733797375327715145e+03 1.166225631161033789e+03 5.445877282575156642e+01 1.007353994238758617e+02 9.416865620898805389e+01 4.058148375562859087e+02 1.702704960895154613e+02 6.522795522750709551e+02 0.000000000000000000e+00 7.413897022864762709e-02 5.827029991840643106e+02 7.059599877171220328e+01 3.175555243476616329e+00 1.071096626474907776e-01 3.194838869333505045e+02 1.908847487371585716e+00 6.152980778677757598e+02 0.000000000000000000e+00 1.559445170289971202e+03
0.000000000000000000e+00 1.601536633359853113e+03 4.904302347829987525e+02 1.101512126804648233e+03 4.051034457586942494e+02 9.838095091857147736e+02 2.843964792556637349e+02 9.420838506278909108e+02 8.587666946584715078e+00 3.051064182719813402e+02 1.035341183679033520e+03 3.880407012345228281e+02 5.306669269604338823e-02 9.848867157385817563e+02 5.230245169251331845e+02 0.000000000000000000e+00 1.578111122345039121e+03 7.796160922262628219e+02 1.185083779783113727e+02 1.150270100801925643e+01 1.384942714782311668e+03 1.275118859943334655e+03 3.500779849554380121e+02 4.117426107598004847e+01 1.386312063677175274e+03 9.038790092323784719e+00 1.699119239608750831e+03 6.081185658223481738e+01 3.384582009635144573e+02 1.036504662538553021e+03 5.900301435894672295e+02 1.295706356790295217e+02 3.365793477926324329e+01 8.323191387713303584e+02 6.800475891064576217e+02 7.171901924622883784e-02 1.557135867330257213e+02
0.000000000000000000e+00 2.147917854284635268e+02 1.476404337680080062e+03 0.000000000000000000e+00 9.151371523807614494e+01 8.593731440690373802e+02 5.504662175146614800e+02 4.772487417380166335e+02 4.360672826162316218e-01 1.518490268711164859e+01 4.898399499378714381e+02 7.868610555686267105e+01 1.370676887260386593e+03 1.728926775997750021e+00 5.801077963401321824e+01 9.668750191973306300e+02 4.008543536042517417e+02 1.695153800433252798e+02 7.344856079451598134e+02 1.104271350732707560e+03 1.077316424856120847e+01 1.008834415963737683e+03 1.031347820070593002e+00 0.000000000000000000e+00 4.055248497598206825e+01 4.614752471578009931e+02 9.675241092569093837e+01 1.259411167841670789e+02 6.365422243617214804e+01 0.000000000000000000e+00 7.440526593364668884e+01 4.499704467632801652e+02 3.751520613779824771e+02 2.772984244669440841e+02 0.000000000000000000e+00 4.164784975901045527e+02 0.000000000000000000e+00
0.000000000000000000e+00 2.732467043087261072e-01 3.363868183726221872e-01 1.171907492370695763e+03 3.248133183585165398e+02 3.035362949334976861e+02 9.711015616167530595e+01 1.603699476207358998e+01 2.677795436723971737e-06 1.019914539023517897e+01 5.128094885558751912e+02 5.303710618830032786e+01 7.733738529069987635e+02 1.276713976485689955e+03 5.225285663377766241e+02 1.181517973818643895e+03 2.678835119927180042e+00 9.187658060386762315e+01 4.530915355576215831e+00 0.000000000000000000e+00 1.221170616468139997e+03 1.422426407280163341e+00 1.475656972445971405e+03 8.925120923409239992e+01 1.624893810734223052e+03 1.411503603901925885e+02 5.064709417916566849e+02 4.376024672784959080e+02 1.511708920746777267e+03 4.272492912286778477e+01 1.183684845343588904e+03 4.140069225029823201e+02 0.000000000000000000e+00 5.431340607039114730e+02 6.227768655565075733e+02 3.984576386737561648e+01 7.212082851498793445e+01
0.000000000000000000e+00 7.883981025198161205e+02 5.414557149978871848e+02 5.237797059368012320e+00 2.369622891387230723e+01 1.857571343556358201e+01 2.005894158405383682e-03 2.923176702060176213e-01 3.276787488581724261e+01 2.783769600763218666e+00 1.067122351511550960e+03 2.217242137886211939e+00 1.145728069860716914e+03 1.454557731120988429e+01 1.211787646514439558e+02 6.530617397416132235e+02 1.054041354977368838e+00 5.673606669200981401e+01 8.234102551180830787e-01 5.211222776022995440e+00 1.235182083813885811e+03 2.395202069153715474e+00 1.865350479038225018e+01 1.057474697072869048e+03 4.071167565455897375e+02 2.100047646419867533e+02 4.091213234673319334e+02 5.115124599454664889e+01 1.955575531610336676e-02 8.353244428177637815e+01 0.000000000000000000e+00 3.264311290024285199e+02 5.946730868638985257e+00 1.294791116453558743e+03 8.838951784836203842e+02 1.360759922606095870e+03 1.366395577087774313e+02
0.000000000000000000e+00 1.039643455231875578e+03 2.366669583524248139e+02 1.087845599417782978e+02 2.896465191709352212e+02 2.426644634482944429e+00 4.372847989913399402e+01 3.236161306764706751e+02 5.814386354385517279e+02 3.899434973528201454e+02 3.438096104385741683e+02 1.150545540756056198e+03 1.445871616142934784e+02 3.050777501888948962e+01 2.707188625405008793e+02 3.704681260709793378e+02 2.452687629838877683e+02 4.442100839971754453e+02 9.278980533312982004e+01 3.772598597565988854e+01 9.477907634689890983e+02 4.528029038093150120e+02 3.673837090647661796e+01 3.203375341542762840e+02 6.800881102317304112e+02 4.614311510753503285e+02 5.324439156793790744e+02 3.592277719555653004e+00 8.651828487192494777e+02 5.704376843268956918e+02 2.381320168928509773e+01 5.415395491228659353e+01 4.318747326295781477e+02 4.743297316024304564e+02 5.918007183664848725e+01 8.476824972823149551e+01 1.219254727814000461e+01
0.000000000000000000e+00 1.375929847779765396e+02 5.752052196764982455e+02 1.817980145914101797e+02 7.389262712578607761e+02 4.637172011045286126e+02 1.379226157578373886e+03 4.891161092308627190e+02 3.109226649207479198e+01 1.181808867762386370e+02 9.848944298372646244e+02 3.951540098290772107e+01 2.559360308010534766e+02 1.504735336409768252e+02 1.034149637172142093e+03 2.636796309797088611e+02 1.188158554057002220e+03 3.622859341965657336e+02 0.000000000000000000e+00 1.676734108806805068e+01 3.091421433325261319e+02 1.766663244505689647e+02 1.132994655519685381e+02 5.758266965206088344e+02 0.000000000000000000e+00 4.368290519911504930e+02 0.000000000000000000e+00 5.590405715734235947e+00 0.000000000000000000e+00 4.554570497675868523e+02 4.392258997171353485e+02 1.499933828200720143e+02 6.535237507768441674e+02 5.627044564687495409e+01 4.113115611359985380e-02 1.291881154890633070e+03 8.170672069282694565e+02
0.000000000000000000e+00 6.095871569724280334e+02 1.191000409106991675e+00 2.257480349700403224e+02 2.227817343576338871e+01 7.374486255300829463e+00 2.780297115470699154e+01 1.041689291342661136e+03 1.501814463718805541e+02 7.972439930895627640e+02 2.476984816494411064e+02 7.197298051754578410e+02 1.110317791935819514e+03 9.850262954870973431e+01 2.950329722174345761e+02 1.069859029822645653e+03 6.912025297998570750e+02 1.994483281450673076e+02 8.030891999895163735e+02 5.999300158519711204e+02 1.503384153781872401e+00 9.269647750034500859e+02 1.156975861416389648e+02 5.991231222356855142e+02 8.236066064781616660e+02 3.046521570927762355e+02 1.154751552534085590e+01 3.135127770112009102e+02 1.604927558421228539e+01 3.646489011210089188e+02 1.805684555814466137e+02 3.004005705262169954e+02 0.000000000000000000e+00 9.560985228142301651e+01 4.105708692649528757e+01 5.452188801831325691e+02 2.241637254292855062e+02
0.000000000000000000e+00 5.695094648689018868e+02 1.494319616414006532e+03 2.485114304979054509e+02 8.600259843972581564e+01 1.618920617954336194e+02 4.627641964450388627e+02 0.000000000000000000e+00 1.073012597061370570e+03 2.214644051544607635e+02 9.442951318870134969e+01 3.216872013745287404e+02 1.542684911833540127e+03 2.743021074081565303e+01 1.429597297367799911e+03 4.389421018705859296e+02 3.037864496564835690e+02 5.413709797119705627e+02 2.852306430147695551e+02 2.081554885483964501e+00 2.086847809657614619e+02 1.429733823495781508e+03 3.946884562156591159e+01 3.936284897641376119e+02 2.668138600537639604e+02 6.002712326494232542e+01 6.510675710994527208e+02 3.647907773783675793e+02 2.226312394968867636e+01 1.949635897052500866e+01 1.149036729494587235e+02 1.543675662309578343e+02 2.478196417089999670e+02 6.071972783957344291e+02 1.960212133038734450e+01 9.856181982936985941e-02 5.118903808649061489e+02
0.000000000000000000e+00 3.878158162598421388e+00 0.000000000000000000e+00 0.000000000000000000e+00 0.000000000000000000e+00 7.778851703990917485e+02 0.000000000000000000e+00 1.675701813851095494e+03 0.000000000000000000e+00 0.000000000000000000e+00 1.157235764492650787e+03 7.727081911724759493e+02 2.143093462601709520e-01 9.994923154134990284e+01 4.980986709833009627e+02 4.641039808852926853e+02 4.265566882853534025e+02 0.000000000000000000e+00 6.959970856914017077e+02 3.469752950528553583e+02 1.914514104578461513e+02 5.800581571099073130e+00 1.518330762360176323e+02 5.976293148805294209e+01 1.545322890814604193e+02 0.000000000000000000e+00 2.220504860425669236e+01 2.581998591129199738e+01 2.716514714114774733e+02 4.218723063586756439e+02 8.749683532942250963e+01 4.265247815843978856e+02 3.710611220954976943e+02 0.000000000000000000e+00 7.382108021151246930e+02 4.265428136494046640e+01 3.951955672793792473e+02
0.000000000000000000e+00 1.467464958576189247e+02 0.000000000000000000e+00 0.000000000000000000e+00 0.000000000000000000e+00 1.581542634175704398e+00 0.000000000000000000e+00 3.257133956041459166e-01 0.000000000000000000e+00 0.000000000000000000e+00 4.501013204115807298e+02 0.000000000000000000e+00 2.459407493101196280e+02 1.535322965614267332e+03 4.855613340324610476e+02 1.330926274767332188e+03 0.000000000000000000e+00 9.515673458615784739e+02 3.768101729709468941e+02 1.655419945550676857e+03 1.812844768734042944e+01 1.176142996940366629e+03 2.572014759624165663e+02 3.389136200492670241e+02 6.428914517098937722e+02 3.493271177882982670e+01 5.235166132292528118e+02 1.726720413718894349e+02 1.159808436347578159e-01 7.861905178560797367e+02 7.119627185669811524e+02 6.515055707702160914e-01 4.027645736913822816e+02 4.987253361935914313e+02 9.986110355490242796e+01 1.063397111864433555e+03 4.802384537414770449e+01
0.000000000000000000e+00 3.805663115124858109e+02 6.494738324362010644e+02 1.691413870940212121e+02 0.000000000000000000e+00 5.902648795356508771e+00 0.000000000000000000e+00 4.191137877434207439e+02 3.207130498219469814e+02 9.992136727642938467e+02 0.000000000000000000e+00 2.983458903153010056e+02 0.000000000000000000e+00 0.000000000000000000e+00 0.000000000000000000e+00 5.463696799873963528e+02 3.759965042871858714e+02 3.499684450794797499e+02 1.658499719741856552e+03 1.501407291808788208e-08 8.905606577603405185e+02 4.897765070387466153e+02 0.000000000000000000e+00 5.970425740990660870e+02 7.031740774369167184e+02 0.000000000000000000e+00 1.797172388241224184e+01 4.347946539321522863e+01 0.000000000000000000e+00 3.593712335682159278e+02 2.897791885475936056e+02 2.290075156381158994e+00 2.352238054969336929e+02 1.546377316077092246e+03 5.358211659420311079e+00 1.532478869317652425e+03 1.348951334538539992e+00
0.000000000000000000e+00 1.254693447612748685e+02 1.532148375530683282e+00 7.935889311321961404e-02 4.364899586343145010e+00 7.034532585336158945e+02 5.786382695317036917e-02 1.486629277465352175e+02 3.409885168927430641e+02 5.427206445753273556e+02 9.977862897781680829e+01 9.827562818833721394e+02 1.631537518636441519e+03 0.000000000000000000e+00 8.422518922745790633e+02 0.000000000000000000e+00 0.000000000000000000e+00 0.000000000000000000e+00 0.000000000000000000e+00 0.000000000000000000e+00 0.000000000000000000e+00 4.753498694714836006e+02 1.656450575747609946e+03 4.037167171593301305e+02 3.191784191474442878e+02 1.402055501856614796e+02 1.040514012227131616e+03 4.481157800272628720e+02 1.041753519019901660e+03 2.405617150098415493e+02 6.217847668570141567e-02 8.814010223568744777e+02 1.239871419533837297e+03 5.649397875613296947e+02 5.494624042473499514e+01 4.370288384027301163e+02 6.244009026007815919e+02
0.000000000000000000e+00 8.632901170852519499e+02 5.739300319049869614e+01 5.001028324837667682e+00 0.000000000000000000e+00 9.537378863890588718e+02 2.795219946052212663e+02 1.956327390100870867e+00 1.012000584975833704e+03 0.000000000000000000e+00 6.347990027064962533e+02 1.222828472014525460e+03 0.000000000000000000e+00 1.205966948172706452e+03 2.549419408107174263e+02 3.532625295135779879e+02 0.000000000000000000e+00 1.184977978094299488e+03 0.000000000000000000e+00 0.000000000000000000e+00 0.000000000000000000e+00 2.331728085417404941e+02 0.000000000000000000e+00 0.000000000000000000e+00 0.000000000000000000e+00 4.074734921656799997e+02 0.000000000000000000e+00 7.528292868943459553e+02 1.509794276541612135e+03 2.387267865198027472e+00 0.000000000000000000e+00 8.722077713722005683e+02 4.115584745040520147e+02 1.837163732264426130e+01 1.442668649807997916e+01 9.379696708544945238e+01 0.000000000000000000e+00
0.000000000000000000e+00 8.635428029473796414e+02 4.163144080982606852e+02 1.592334457168224162e+02 0.000000000000000000e+00 7.694157262636268797e+02 5.148379103745996872e+02 2.793473588982279665e+01 4.158181002010691714e+02 1.174618942241318109e+03 9.598429837789367980e+01 8.604720938115626439e+00 2.631154340180119675e+02 6.235837486192664231e-02 1.193015728885815633e+03 2.044470319320870999e+01 4.791119656501293775e+02 0.000000000000000000e+00 7.772998277981088222e+02 6.381851671576846456e+02 2.213187873735554589e+01 3.873617827863896634e-01 6.434881839427200703e+02 3.715209120720454052e+02 1.009441950110555240e+03 1.650173136905749849e-01 2.775532407878270647e+01 1.428113143060945056e-01 0.000000000000000000e+00 1.652180046596397005e+03 0.000000000000000000e+00 0.000000000000000000e+00 5.013888429604295993e+02 4.137249848160060424e+02 0.000000000000000000e+00 1.296522979770139045e+03 4.872482706608083163e+02
