output/example/lateral_incision_000130.asc
nrows	75
cellsize	13.33333333
xllcorner	0
ncols	75
yllcorner	0
NODATA_value	-9999
[rows 34 to 50 of 75, columns 0 to 36 of 75]
0.000000000000000000e+00 1.550243109687849710e+03 5.422950214954038302e+02 3.848905497858644935e+02 4.587309168638415713e+01 7.257283217492429230e+02 5.037599956315881400e+02 8.570190658544202478e+00 1.319632182524581765e+02 1.129211492306153275e+02 1.107290829513392083e+00 3.768743901372206384e+00 1.188420045483511132e+02 6.055949089499168991e+01 5.307733789844175376e-02 1.025519450348428336e+03 1.552543925288801177e+02 3.429412776302726797e+02 1.161964883184146174e+03 4.690556040413156325e+02 1.634909446196241163e+02 7.423681024896164899e+02 1.426477071261761239e+03 1.580434280530405204e+03 2.128420214090126805e+01 1.297860688763148005e+02 2.945679470405736922e+01 1.474172780041728174e+03 4.599364543251000015e+01 1.535145143743982544e+03 0.000000000000000000e+00 7.794429629028239788e+02 8.835023995807910069e+02 1.496468132502989647e+03 2.902813700576566802e+01 5.046292036312537448e+02 2.330255756457996767e+02
0.000000000000000000e+00 4.329579325780798627e+02 9.152724881040202263e+02 4.077626396050546553e+00 1.189349243570335659e+02 2.317464436095845315e+02 1.297431105040556645e+02 7.887769258123027782e+01 4.262871513506403858e+02 9.618224386410765874e+02 4.133153998775770219e+02 9.599234827845000382e+02 1.345593382591230238e+02 2.070148899870117987e+01 2.578495665487883457e+02 3.452516511581077907e+01 6.996691328593924197e+01 2.063311860729686771e+02 1.024818008819811894e+03 1.290788782560355003e+03 1.371989086959672655e+01 1.418093912970724205e+03 1.405533381502953944e+03 6.628537269794401166e-01 0.000000000000000000e+00 3.588363780899397284e+02 0.000000000000000000e+00 0.000000000000000000e+00 9.692708985826659500e+02 6.048569556623101562e+01 1.069077056652014335e+03 9.870166257589874022e+02 5.250962377251753423e+02 1.969573099245167569e+01 1.491664085102422987e+01 1.524329042663737255e+01 7.366950387886079454e+01
0.000000000000000000e+00 1.093448614699727273e+01 2.448800641126770472e+01 1.601604100057974378e+01 3.679107353655112433e+02 1.544455475761617208e+03 2.503478519211847413e+02 2.489279981973181179e+02 1.288933488296237556e+03 7.002927382471026476e+02 4.613714989042404682e+02 9.729144423240444484e-01 0.000000000000000000e+00 7.320865026108082247e+02 1.607113398598773557e+01 5.844867718312121241e+01 3.622854672432315937e+01 1.662805451699781543e+03 1.633919996391916357e+03 1.956206522524645663e+02 1.890387306701185821e+02 3.887850789985786832e+02 1.290102602011773669e+01 5.768300533341569007e+02 1.210603050974578764e+03 7.463073481821808741e+00 3.431087462291170027e+02 1.827849270420555285e+02 1.551297915757646706e+03 1.399923629380271223e+03 1.386554433756156612e+00 1.689636581249570099e+03 9.071575216610646919e+01 1.346983883071302898e+03 2.568306404778783048e+01 0.000000000000000000e+00 3.889280369492174714e+02
0.000000000000000000e+00 5.945782100318424455e+02 3.309940304065660257e+02 6.408005666972296694e+02 4.219418577215160440e+02 5.245478478187015980e+02 1.178794980621301420e+03 4.264401895153071820e+01 9.150926184243006674e+02 2.661672627634017658e+02 1.017217579791488106e+03 6.860329332992592981e+02 2.320868967625640096e+02 5.912091272701459899e-02 1.356015273791624266e-02 8.578786575511859382e+02 6.044267929017479446e+01 3.272188723937908161e+00 1.680525764604472897e+03 1.319012022671627165e+03 2.538827584932363024e+01 9.453942240629359617e+01 1.782984417130545580e+02 3.412094761169983030e+02 2.048811414123000247e+02 1.056690016018278584e+03 3.019178756601451141e+02 6.776582343857231763e+02 1.342878778901629921e+01 4.483077799104232497e+01 3.505030190077068397e+01 2.925297422379246726e+00 1.475699217761069121e+03 2.632107803988511705e+02 9.541652613404187377e+02 7.566456049354333118e+02 4.245753724449598963e+02
0.000000000000000000e+00 5.477487157089333323e+02 9.609392150241782247e+02 2.899008664603227037e-01 6.657455185896358207e-01 9.979081265249435262e+01 1.661784548300243216e+02 4.761420781587038960e+02 6.481629664329341400e-02 7.748687720164573633e+00 4.348591450622144094e+01 2.522676215813273473e+02 3.483861890556019034e+02 1.125127304001950357e+01 1.157459469301009136e+01 5.412343534237847962e+02 1.581905087014814171e+03 1.063029674235085622e+03 0.000000000000000000e+00 1.359753395460321599e+02 9.354546670997739284e+02 9.156984834523268546e+02 3.762950319632594756e+02 4.761480639726953541e+02 9.181377557720882123e+02 5.405546764625045242e+00 1.940773253750080016e+02 0.000000000000000000e+00 1.478428588975426976e+02 1.570965286000755725e+02 7.717208513119264524e+01 7.493292159070850857e+02 1.289843907014481594e+01 1.382831030714361987e+03 1.228439690786655319e+03 5.711970360816158063e+02 4.210107787225142451e-01
0.000000000000000000e+00 0.000000000000000000e+00 1.675101729347422406e+03 1.216709399997470200e+03 4.179715804749266350e-02 0.000000000000000000e+00 0.000000000000000000e+00 5.559624761960914263e+00 2.677795436723971737e-06 2.242600137866055179e-02 2.756645775225219381e+02 1.161512074281045216e+03 4.055275258855018450e+01 7.205070013207906641e+02 2.741878909262936190e+02 2.749023335068694109e+02 1.063540846771591987e+03 1.671096170762351676e+03 0.000000000000000000e+00 4.845901591005177700e+00 1.048641107408251628e+03 1.921479482398487562e+03 1.433098958362752917e+00 1.422298243433264986e+01 9.053109265324026182e+02 2.499197742718157542e+02 3.387984811932583966e+02 6.735735274358084501e-01 8.992086302548764252e+02 2.617692526467405969e+02 1.053118110199084896e+02 2.919764947066341279e+02 1.778635108718468194e+00 7.534608654770406702e+02 9.560125894530551705e+02 5.744758616713698274e+01 9.125658222294321149e+02
0.000000000000000000e+00 7.014124712883484563e+02 4.510074510204591434e+02 2.142024485550965665e+02 2.335324791193728089e+01 1.857571343556358201e+01 2.005894158405383682e-03 2.489479767233764539e-03 0.000000000000000000e+00 2.783769600763218666e+00 7.696014894080020667e+02 4.089268577714546637e+01 1.608661366073728459e+03 1.462929978405862357e+03 1.976340470188025051e+02 1.234065817666024998e+02 0.000000000000000000e+00 3.408224699619818239e+02 1.269988911658192137e+03 1.740063962746950665e+03 1.010934791261026788e+01 4.033674707266512769e+02 9.495187940837894303e+02 1.364836081261979643e+03 0.000000000000000000e+00 1.049464051413748393e+03 5.024187270148162270e+02 6.667318715881064008e+02 4.501634644071604185e+00 7.870055586741103753e+02 2.190554854995461653e+02 2.340061708791303374e+02 0.000000000000000000e+00 5.915419000410032879e+01 1.490468891868733863e+03 7.361886158029916487e+02 2.783095819335466103e+02
0.000000000000000000e+00 1.711039109474651241e+03 6.807252089640118129e+02 8.387712618999183860e+02 2.896465191709352212e+02 2.426644634482944429e+00 1.676958743886356373e+01 1.252521951022917968e-01 3.345097290596198150e+02 2.453559797850204234e+02 6.870562591593328534e+02 7.680114505157054055e+02 6.446047593765227846e-02 4.291335104148522817e+01 2.236403499470555278e+00 2.241996109712176890e-06 2.087613995166339009e+02 9.447105711229800136e+02 1.172368329774291624e+03 1.334226585301527166e+03 9.177987682764201054e+02 0.000000000000000000e+00 1.590778200995547422e+03 1.999274495614218328e+00 2.546859651523191133e+02 1.503083637225644864e+01 1.410310329881818916e+02 4.915086272516796528e-01 3.508180334221019381e-01 1.281129527390216083e+02 1.316884625667983089e-01 2.236401988493629176e+02 5.713150062011238788e+02 1.468797085096247429e+03 1.326956704231012196e+00 1.149731210078485191e+02 9.946826896159802756e-01
0.000000000000000000e+00 0.000000000000000000e+00 5.751431787328751852e+02 1.817980145914101797e+02 2.607189507088962728e+02 4.637172011045286126e+02 8.925345704230027195e+02 3.127878848753708212e+02 1.447501606799328783e+03 7.895521875437452763e+02 8.213684018121982717e+02 0.000000000000000000e+00 1.211781549330757116e+03 1.331824733498707758e+02 6.334284872777558206e+01 0.000000000000000000e+00 1.090533100251058585e+02 1.109805807850598512e+03 7.804863148081972213e+02 3.992757697070014729e+02 2.041521269738452702e+03 6.432898554316132049e+02 0.000000000000000000e+00 1.254058866379350093e+03 4.948356125699296513e+02 2.540034386883375532e+02 5.411351848068989057e+02 5.799662446272255920e+02 1.597983388394195288e+02 1.268493136316182834e+01 6.088137346092798907e+02 0.000000000000000000e+00 4.555412871373738994e+02 8.839157444881602714e+02 8.728902525274477284e+02 6.283563211763691037e+00 8.237888288270718249e+02
0.000000000000000000e+00 5.831114568923408115e+02 1.191000409106991675e+00 0.000000000000000000e+00 5.952889619244532469e+02 8.638499271375255972e+00 1.213170607458255972e+03 1.261298929197624830e+03 0.000000000000000000e+00 1.130481394631704234e+03 1.237921648165136958e+03 3.703625857898036600e+01 1.884889232248159487e+02 8.154462640431282807e+02 2.172914062856492308e+02 2.803464935943484893e+00 2.574091769000987711e+02 1.088688268893537092e+01 3.607664489009944191e+02 8.349018390481452343e+02 9.095605805574962233e+02 1.038371260430978604e-01 8.157689232379781288e+02 0.000000000000000000e+00 2.948423422874183757e+02 6.614108050932216543e+01 4.113432770139877448e+02 1.532845165309913966e+02 2.479149810424885914e+02 0.000000000000000000e+00 3.327835050585397170e+01 1.400338026725818509e+03 0.000000000000000000e+00 4.199063560113807547e+00 2.867155254911854740e+02 1.916525041133814833e+00 1.433905169373281069e+03
0.000000000000000000e+00 5.695011411727770110e+02 1.494311544962964035e+03 2.610476816572220926e+01 5.177015737910381858e+02 1.802913113833886030e+02 3.114564138518047116e+02 9.757605190855131241e+02 1.123567242939713424e+03 5.845533979115323575e+00 7.291076513710360132e+02 1.189438268930008462e+03 4.690099442028603072e+00 9.525528895708218897e+02 1.089243650665061978e+03 1.943158443627257839e+02 8.167634649399856244e+02 3.714252182120750376e+02 6.770236793754459370e+01 3.139554765792397575e+02 8.998642203134727069e+00 1.696189274194953668e+03 1.202031644148523583e+03 7.171178198519968419e+02 7.758482230728958484e+01 5.019580281715215619e+01 1.556500142470097501e+02 4.364574104161326886e+02 8.639462436710448401e+02 6.482701945397509462e+02 5.872424621968314113e+02 0.000000000000000000e+00 5.320136371582237871e+02 7.891959171881769635e+02 3.792437761603785589e+02 4.009105021306795802e-01 4.315304851641386108e+02
0.000000000000000000e+00 3.878158162598421388e+00 0.000000000000000000e+00 0.000000000000000000e+00 0.000000000000000000e+00 0.000000000000000000e+00 0.000000000000000000e+00 0.000000000000000000e+00 0.000000000000000000e+00 0.000000000000000000e+00 0.000000000000000000e+00 0.000000000000000000e+00 0.000000000000000000e+00 0.000000000000000000e+00 0.000000000000000000e+00 2.631328499570351198e+00 1.697212432217210107e+03 7.988914189370430563e+01 1.329425108747991544e+03 2.167399522914041476e+00 5.570367572747452414e+02 1.271894574086280727e+03 0.000000000000000000e+00 1.518441497471718638e+00 0.000000000000000000e+00 1.919839294721907095e+02 1.119999030809334783e+02 4.958286619428802311e+01 9.578031619347223113e+01 1.252158400531618696e+02 1.019435210382978880e+02 1.004838553751548716e+03 2.083136614429641895e+02 3.527530440786349004e+02 1.433682510617909202e+03 9.900137946988851354e+02 1.579421366321862763e+01
0.000000000000000000e+00 1.258176693849771510e+02 0.000000000000000000e+00 0.000000000000000000e+00 0.000000000000000000e+00 0.000000000000000000e+00 0.000000000000000000e+00 0.000000000000000000e+00 0.000000000000000000e+00 0.000000000000000000e+00 0.000000000000000000e+00 0.000000000000000000e+00 0.000000000000000000e+00 0.000000000000000000e+00 2.870353665120149445e-01 1.645537746659485038e+03 0.000000000000000000e+00 3.863196919690466136e-02 0.000000000000000000e+00 0.000000000000000000e+00 1.748760626635444623e+03 2.496464670408733255e+01 3.363974922068524052e+02 9.351063353311354831e+02 2.110291836983745739e+01 1.905378685320160628e+02 4.610361115230914493e+02 1.186002589101594111e+02 3.659735134190993335e+02 1.220070224646598263e+02 5.246479291020527569e+01 7.545856776811517648e+02 8.792792161238826338e+02 9.660806911381615691e+02 3.463466233778631675e+01 3.449331972460360589e+02 5.182769143460285582e-02
0.000000000000000000e+00 3.805663115124858109e+02 5.309800722991751627e+02 1.434572567723271959e+03 8.923048671208003504e-03 1.112809639937072689e+03 4.422083852778929008e-04 6.834554611226317888e+01 3.281000018568500423e+02 2.024708604463386763e+01 1.432431092231444154e+03 1.612354060354982854e+00 7.800400068712256143e+02 1.218502018002990098e+03 1.453807528958626790e+03 0.000000000000000000e+00 1.491963392450505353e+03 8.797325835082131107e+02 5.731687439849143573e+01 0.000000000000000000e+00 0.000000000000000000e+00 0.000000000000000000e+00 2.493194110176614231e+02 5.993214387549260280e+00 4.346728746096389386e+02 2.842190486659939008e+00 6.526067309503611469e-01 1.137120708925869081e+02 3.407413098766177768e+02 1.565126377314842046e+02 8.809305096861102413e+01 1.000540053512589651e+02 1.737951665932421861e+02 5.691743810938708066e+02 9.205957390097032658e+02 2.908168111891776775e+01 1.345006157619908663e+03
0.000000000000000000e+00 1.227736116489282239e+02 9.636526375966666391e-01 1.158610044396715693e+03 0.000000000000000000e+00 1.105802639814012991e+03 5.489593717274154869e+02 0.000000000000000000e+00 1.252077087541369110e+03 0.000000000000000000e+00 9.283518609372670198e+02 6.152606123621835038e-02 5.011131166540272375e+02 1.099589297450881304e+03 0.000000000000000000e+00 5.947217694073713119e+02 8.031541077566907916e+01 1.252401017439470024e+03 3.514435449815294277e+01 3.499539430490693093e+01 0.000000000000000000e+00 0.000000000000000000e+00 2.478692327573758444e-02 9.267031648099813310e+02 7.026907518294459578e+02 5.141729126053566006e+02 1.303015152873060742e+02 1.028401884098349456e+03 1.413802912905508038e+03 1.918809127851651465e-04 2.213897642263431180e+02 6.250858181053265891e-04 8.929724700073466011e+02 5.761547513761571793e+01 1.608603034034931170e+03 1.708823800201859644e+00 7.395114394529955462e+02
0.000000000000000000e+00 4.989214005198005283e-04 4.371594222229365639e-02 6.135841050045138800e-01 0.000000000000000000e+00 1.820387876159205405e+02 1.337188971787116543e+03 1.673470950768519572e+02 3.620181082378302335e+02 0.000000000000000000e+00 6.751909094430686764e+02 3.679304472709135965e+00 1.594652777785676108e+03 6.890820927777082261e+02 9.232069051896581868e+02 1.661204071493432593e+03 4.438680147699489709e+01 9.480514616799351870e+02 5.777412024899305720e+01 1.732224163900850158e+02 1.287302422153670705e+03 6.268361383461999594e+02 1.350054241264300181e+01 0.000000000000000000e+00 2.376277793047076523e-02 1.155495558288342911e-01 0.000000000000000000e+00 0.000000000000000000e+00 0.000000000000000000e+00 0.000000000000000000e+00 0.000000000000000000e+00 0.000000000000000000e+00 0.000000000000000000e+00 1.579192151646326465e+03 2.359835702063407226e+01 2.572773144421325875e-01 4.529077998938650467e+02
0.000000000000000000e+00 1.072619178555362851e+03 1.200136453891867632e+03 1.397361201381300816e+03 0.000000000000000000e+00 6.460174568202181611e-01 1.423135975954641026e+03 0.000000000000000000e+00 9.744627708687012273e+02 1.150208708972905924e+03 6.889361296784672959e+02 1.583591335223022156e+01 6.128437649965977698e+02 8.899908870247354571e+02 2.957472916096847371e+02 1.500675699845259814e+01 4.442452204959482174e+02 9.585364038040071932e+01 2.648564611297494480e+02 9.860010422648728934e+01 5.677874467917506536e+02 3.954020581814524462e+02 7.011439601043868208e+00 2.689101489392964481e+02 2.492182647158272246e+01 8.523502633456341755e+02 1.492641734099924633e+03 1.539005517430869531e+03 0.000000000000000000e+00 1.364120531898023273e+03 1.370572086278863708e+03 0.000000000000000000e+00 1.606740827249667745e+03 8.471777813734039783e-04 0.000000000000000000e+00 0.000000000000000000e+00 0.000000000000000000e+00
