output/example/lateral_incision_000324.asc
nrows	75
cellsize	13.33333333
xllcorner	0
ncols	75
yllcorner	0
NODATA_value	-9999
[rows 17 to 33 of 75, columns 0 to 36 of 75]
0.000000000000000000e+00 2.128119811356860964e+02 7.504660500341981333e+02 7.519536209656771462e+02 2.921535501200849581e+02 1.754363807825585582e+02 9.859541281684084879e+02 2.541560159759265192e-01 5.433219185934043516e+00 6.537939473218916220e+00 4.311314407634329626e+01 1.808882995189767229e+01 3.356242115989768138e+01 2.806568807484441663e+01 2.424344924204752090e+02 1.336207466554854363e+03 7.313683132633077548e+02 2.795523320336277351e+01 3.726783505443261788e+02 4.757771565828298890e+02 3.713279711358190980e+02 1.687877960997197135e+02 0.000000000000000000e+00 4.504368733844718804e+02 1.708778354919228804e+00 6.359571280107514895e+02 1.821901344977417381e+01 1.534334933558414377e+03 1.383469788299895811e+02 2.016053906271330902e+02 8.769642171668036781e+02 9.211984750341059014e-01 1.194548568563057870e+03 7.905619359266551101e+02 5.209585478711683209e+02 4.104197124753824255e+00 1.021833827365609636e+03
0.000000000000000000e+00 3.359896703225371262e+00 0.000000000000000000e+00 1.167059978804908496e+03 1.898028283082235035e+00 1.234647615959352684e+01 1.349957579213514158e+01 7.799585128891829982e+02 1.185929342154598089e+03 1.611138665481528051e+03 1.573912374130288526e+03 5.111963338926811673e+01 5.919750003476435722e+02 8.263228034068643979e-02 5.008649072201543095e-01 1.692050976539250184e+00 0.000000000000000000e+00 0.000000000000000000e+00 1.615384459169843694e+03 2.436623234473444644e+00 2.245332881083735188e+01 7.526705892576454460e+01 3.939798120984544312e+02 2.527192361591403369e+02 4.467587650920911102e+01 7.012921459672728588e+02 3.969005692809056427e+02 0.000000000000000000e+00 0.000000000000000000e+00 1.003177878604264151e+03 6.227007715877832084e+01 1.406688553383257158e+03 9.994599856035839593e+02 9.702522813670300366e+02 2.453537234350639267e+02 5.519754623279084171e+01 1.483276781091855355e+03
0.000000000000000000e+00 1.218650934799769857e+03 0.000000000000000000e+00 2.331964284308453983e-01 1.000751634853660676e+03 1.733714474305789111e+01 1.519620159446842081e+03 0.000000000000000000e+00 1.315166532073550627e+02 9.812073637132402837e+02 1.314312160105813234e+02 2.042551972525250221e+02 3.363272966662977126e+01 8.837622151354323705e+02 6.679765691695206442e+01 5.382979240381496311e+02 5.982359086837154791e+02 3.296252007958419199e+02 1.961725770767193344e+00 2.252737186453172141e-02 1.229554953710362497e+02 3.676671455225576892e+02 2.594893774551479169e+02 2.221252074714537628e+02 2.370603927011226464e+00 3.733817239886528938e+01 3.298475217294403024e+02 3.551180435467228591e+01 1.109423186646093171e+02 8.418412576685493605e+02 7.887445333962971006e+01 3.195359889129977660e+02 5.585986692030810019e+01 9.033575824579864744e+00 1.486548861495416986e+03 9.990569647081655376e+02 8.419692235767761712e-01
0.000000000000000000e+00 3.274092470415428391e-01 0.000000000000000000e+00 5.196277562677751121e+02 1.750502840491605241e+02 8.406663884377702516e+02 2.414511463074517472e+00 2.246489881277324798e+02 2.545928542932842209e+00 8.557575139804808941e+02 7.742623776760116243e+02 1.724504930681603487e-01 5.637156345173310683e+02 4.675768424910186809e+02 2.388842156362485647e-01 5.524172646710387653e+02 6.500857470452004350e+01 5.856822800554326705e+02 9.416630229527203255e+02 4.230061347383590942e+02 4.003923076242870138e-01 0.000000000000000000e+00 6.039345862600195005e+02 7.703353216594051673e+02 5.372352639336479569e+02 4.025538954118633228e+02 2.685951204428846495e+02 2.022926164313169011e+02 3.205253982478194530e+02 8.973029415396156310e+02 5.055673956928450821e+02 5.650107721454643439e+01 1.961423124820022963e+02 5.345761102348487839e+02 8.919237875931324879e+02 0.000000000000000000e+00 1.512848047041992459e+03
0.000000000000000000e+00 0.000000000000000000e+00 8.227172077568307884e+01 1.579687924604836757e-01 0.000000000000000000e+00 7.066086931193176497e+02 0.000000000000000000e+00 1.552834676949684933e+02 9.320455725668237790e+01 1.333279260432143246e+03 6.703473452115966893e+02 0.000000000000000000e+00 1.166218372838023015e+03 9.262337614040003473e+02 4.911298918964415634e+02 1.177107412102760918e+03 9.242423044525661657e-01 1.056983936529746643e+03 1.391593825266107615e+03 1.445219614312756676e+03 0.000000000000000000e+00 3.771821084682335368e+02 1.181904434702309118e+03 1.548880552828501550e+03 7.960982064108092970e+01 2.204081206647515501e+02 1.198273442896391089e+03 6.437640382061073296e+01 1.292691576726731682e+03 4.807671870316896801e+00 1.593246563938704128e+02 4.228247418298244753e+01 8.678908246883379434e+02 4.024384397514938314e+02 7.369408446034783822e+01 7.437506652917111296e+02 8.850799879723306276e+02
0.000000000000000000e+00 1.314037733830477919e+02 1.077233189735330370e+03 9.682922065113813233e+02 4.861676403649615708e+01 1.853631351015869455e-01 1.590396803843756035e-01 1.502226614614467337e+02 0.000000000000000000e+00 1.014063528705310802e+02 2.162558238598692242e+02 1.298061753730922590e+02 4.234643737579415301e+02 3.941272909453345505e+02 8.410176128759987435e+00 1.250976865359067034e+02 1.233332665160422266e+03 5.231495449261631236e+00 7.002559341308918874e+02 0.000000000000000000e+00 0.000000000000000000e+00 1.106884826577230569e+03 0.000000000000000000e+00 7.056282260131336415e+00 1.730905042264322162e+02 2.010468339399840829e+02 6.615552940163847495e+01 2.519629187669080181e+02 2.763351317652660555e+02 4.572191027356854676e+00 2.428951868232102527e+02 9.513147097342982761e+02 4.612961355307926965e+02 1.604624268572002022e+00 7.864467908636197535e+01 8.929312661921001109e+02 7.547148017434713552e+01
0.000000000000000000e+00 0.000000000000000000e+00 0.000000000000000000e+00 0.000000000000000000e+00 0.000000000000000000e+00 1.631262904338585145e+02 4.161128122905880105e+02 1.458158896665957904e+01 8.126222540493083457e+00 2.675353614200815924e-05 2.557658473164789470e+01 4.013648472418898905e+01 5.610809618159328238e+02 7.052770375033317407e+01 5.195538688145287551e+02 1.290807310199010942e+02 1.820441073104559280e+02 5.272776980968145608e+02 2.037784176167675128e+02 1.034021192342882159e+03 8.414415890698128351e+02 5.189904899807108762e+01 1.639672477293029033e+03 7.644038649431647627e+02 1.529177379050451577e+02 1.000408325422787129e+03 1.435671199085793660e+03 5.462131302236321773e+01 1.180413694775927979e+03 1.398526465948810483e+03 2.682105188773636906e-01 5.506590779288910653e+02 1.404671885151266224e+02 7.919165791127243947e-01 0.000000000000000000e+00 5.292838182273941356e+02 0.000000000000000000e+00
0.000000000000000000e+00 1.178175817954024467e+02 9.609834099057803769e+02 1.280078188230905425e+03 8.086275928575453236e+02 5.939276113895497033e+00 7.050175925199682752e+02 4.443230771252969475e+02 2.386340617120737963e-06 1.112492899171364343e+03 7.501658394020449805e+02 5.991051612067698429e+00 7.133334544708828844e+02 8.931648962957930280e+02 4.789110044183052537e+02 1.129526259653131319e+02 2.382100074966686805e+02 1.637687758557841278e+01 1.155532838043707500e+02 5.225854613176580870e+02 0.000000000000000000e+00 1.463505914898576520e+03 1.678916944419763979e+02 1.304922581060359789e+03 3.565611937328835666e+02 1.865428275765693700e+00 0.000000000000000000e+00 5.687466328071657529e+01 2.105486468873964157e+01 8.262221237131464591e+01 2.331538869945320336e+00 2.652763902126665485e+01 0.000000000000000000e+00 1.144461464690204139e+03 5.795210525973167250e+02 1.403325018920507432e+02 1.955307325500737932e+02
0.000000000000000000e+00 7.992793271050578596e+02 4.354677309933367990e-01 8.682951236998039803e+02 2.576767822254345219e+02 3.398122605879823936e+02 9.063118366094780640e+02 5.956410458129852981e-02 6.499732312620388086e+01 6.863919492920601897e+02 8.379538951744393671e+02 1.149686275524557573e+02 6.270444788026750160e+01 1.470805479760873027e+02 5.705362501588773512e+02 6.233489584676980257e+02 3.583114633187835807e+01 4.104363429697114043e+02 2.505117494667003655e+02 1.601217177613847753e+03 1.989822522213319678e+00 1.273801207575587711e+02 3.109025053647920345e+02 3.802180599125088545e+00 4.445033144261530538e+02 8.998823861374841044e+02 4.688632306472395044e+02 7.342378356492297371e+02 1.231309066158144788e+03 2.647828732866744303e+02 1.207136174464896961e+01 2.443590268221279018e+02 8.113588059051263457e+00 6.624131742724023297e+02 4.663229750722738487e+01 8.482253599720166903e+02 7.165076180980256595e+02
0.000000000000000000e+00 5.796327155866990779e+02 2.990680724091131424e+02 8.400694594463172393e+01 2.106492707670903144e+02 1.609409778077641931e+03 3.405225671456457803e+02 1.126654852773574930e+03 1.414607095373555239e+03 3.375476410755292704e+02 1.762159633632433398e+01 4.667966635818217469e+01 7.336376733976067044e+02 5.229210213786540606e+01 9.695825223033857299e+01 1.831371273195907747e+02 1.168684515030761304e+03 9.071235885653683226e+02 2.746254331805914273e+00 3.608622407754429329e-01 1.186997117793747748e+03 1.237629448825400914e+03 1.078295731989877140e+03 1.380673728457989228e+03 0.000000000000000000e+00 1.103490278675373929e+03 1.188219694472402125e+03 5.437663171369921944e-02 1.617404013852162166e+02 2.604932452300299133e+02 1.036844760953773857e+03 2.311397977760734932e+02 6.637801363756007049e+02 4.592506916290214463e+02 6.922739074415388814e+02 1.755205819288414375e+02 1.052032753629364237e+01
0.000000000000000000e+00 6.555328747433378567e+01 1.510720529246536614e+02 8.519846929729155249e+01 7.328250659586427673e+01 0.000000000000000000e+00 8.012145857860460865e+02 1.873548516162991291e+03 3.589490501719616873e+02 2.005015199413741698e+02 1.402273650717485452e+03 3.686914287116471201e+02 4.176194071808857302e+02 0.000000000000000000e+00 1.562158127356745752e+02 1.637755892918985126e+02 2.687628479731671973e+02 1.827031552798414227e+00 1.338165335929230878e+03 0.000000000000000000e+00 0.000000000000000000e+00 3.626894505736451180e+01 3.811385679056043045e+02 5.207258809436764295e+02 0.000000000000000000e+00 1.084363451962804583e-04 7.113116172471985692e+02 3.644525648445210777e+02 0.000000000000000000e+00 3.270708418446533301e+02 1.063386806644308713e+01 2.186787764549143198e-01 3.066690444467872823e+01 5.186630082803782571e+00 6.353082793574122888e+02 4.765499009164953748e+01 6.442787364763191817e+02
0.000000000000000000e+00 3.407491078744679953e+02 1.293051210739186899e+03 1.083492637928961813e+03 3.003938657482341767e+01 1.496367066654993096e+03 1.357090680022714491e-01 9.454778935480843529e+02 0.000000000000000000e+00 3.133754775949423106e+02 5.559013469659676332e+01 3.181117644441416132e+02 1.451408691159917680e+03 0.000000000000000000e+00 4.783885195416593739e+00 7.189851081747680155e+02 2.157897903133620616e+02 8.863762394568646119e-01 3.990554124748208409e+01 3.332302487535649789e+02 2.290292219280559607e+02 1.229195468218139013e+03 7.101711179605780444e+02 9.530259362113672239e+01 0.000000000000000000e+00 1.631631292429264477e+03 1.102624784187532043e+02 2.605926428570360701e-07 4.791890178207910367e+02 1.192773562642529214e+03 7.035115603191708260e+02 1.383681345293708205e+02 4.933125102699272020e+02 2.611787539825273541e+01 1.450469831678959736e+02 0.000000000000000000e+00 3.173239682033484996e+02
0.000000000000000000e+00 1.224433384887809325e+03 1.095405067289605540e+03 9.860095890041038729e+02 4.354202422493348763e+02 2.011626051479876423e+03 1.133222304902299129e+03 0.000000000000000000e+00 3.016316573070107552e+02 0.000000000000000000e+00 5.844050756908059157e+02 8.780681290599586930e+01 1.632390733623908474e+01 1.293668066515118198e+03 1.193527595896383673e+03 4.833786808696186199e+02 2.198591945653948301e+02 3.780182121063775753e+02 3.810372567472585956e+02 3.894838360008483846e+02 2.672389289904118073e+02 1.016338444663830387e+03 8.870034808032706906e+02 6.598651791686667600e+00 1.513705454810956326e+03 7.750159880257390910e+01 0.000000000000000000e+00 1.219077264284636385e+03 2.992317105946378888e+02 6.287523477946433559e+02 6.547623883394791164e+02 5.519541244759205938e+02 2.449146569824455923e+02 0.000000000000000000e+00 1.838539883643761641e+02 2.756669628021142415e+01 8.662155644468513174e+02
0.000000000000000000e+00 1.419062761686286755e+01 7.574595538677610929e-01 0.000000000000000000e+00 1.835745979725770667e+02 7.186929371369349395e-01 3.622020448500998668e+02 7.000200982093726907e+02 2.342365671701783185e+02 1.993850925849487226e+02 6.011263265606403365e+02 0.000000000000000000e+00 4.452441323243915008e+02 4.580007657228886160e+02 1.112811891800376770e+03 2.508529965747447932e+02 0.000000000000000000e+00 1.428473634355099193e+03 1.274973819481720909e+02 2.276702714962922869e+02 6.450629395549715355e+02 1.838375216325092865e+01 6.079728023951770410e+02 1.656048083541323308e+02 3.124801439143723201e+02 8.023566638087555702e+02 3.975138503951162749e-01 1.269380384843668850e+02 1.836588862855854813e+02 9.770922331029241832e+02 6.567006766655217689e+02 7.546936484275224757e+02 7.939055342104121848e+01 5.477708918130530265e+02 5.701984485360558210e+02 1.757460009878686265e+02 5.291934206798584910e+02
0.000000000000000000e+00 2.121484404604540686e+01 1.418056989232559999e+03 1.362794770088277119e+03 7.973679663800209028e+01 6.258426710753655975e+00 5.287682988352586335e+02 1.280238112695878954e+02 2.194202532336759646e+02 1.682767438315910269e+01 4.088088170274510702e+01 4.193242834871901970e+00 3.945857967446651742e+02 3.078434882398764216e+01 2.002071680700611580e+02 4.630150004863878621e+00 1.236343672914472691e+01 6.679358237720414309e+02 4.550234312343823717e+02 3.470284409416780704e+02 2.268802533797119452e+02 6.401745824905262907e+02 8.184730329613709898e+01 4.132196320772189893e+02 3.880893444383460746e+02 1.128763818896499060e+02 5.237235851555745967e+02 5.440162941649886079e+02 7.208759382733181837e+02 3.938349315508556856e+02 4.762363036167728296e+02 2.864936370563384571e+02 1.902876068955690982e+02 4.798801698109434355e+00 7.387243892394957356e+02 1.316329783324788650e+03 0.000000000000000000e+00
0.000000000000000000e+00 1.187226952033943007e+03 3.177121855243706250e+02 8.786493284159804773e+01 6.657077035389242781e+01 7.184490167885307983e+02 4.566183237590717567e+02 7.886167048184903328e-01 2.256563948946603304e+01 2.852499062213454977e+02 4.828478496731939629e+01 2.160722017640138937e+00 1.357138383316429575e+01 7.147717787457188479e+02 1.280480446838902253e+01 1.052364917043349124e+03 1.056604579505650288e-01 1.066844645112238140e+03 8.699407188658933592e+02 0.000000000000000000e+00 1.031349044868981224e+02 3.311841392991833573e+02 5.264212619817727301e+01 1.246028640333225439e+03 5.060336626745800537e+00 9.621151112392986988e+02 9.372346098317979113e+02 2.157234660306281455e+02 1.269748198964120078e+01 1.272974975671857152e+02 1.470152971557874544e+01 8.524309125815638026e+02 2.641814553409327004e+02 5.443138650539706136e-01 6.471860921071125858e+02 2.090679579617381023e+03 8.390700100512985955e+02
0.000000000000000000e+00 0.000000000000000000e+00 1.081055873418241390e+03 1.438295074993043272e+03 1.043173114273193960e+03 1.397524668349466381e+01 2.317635568475936054e+02 2.007797743591102080e-01 1.728313506437132219e+03 1.265641950894988895e+03 6.003298483408988204e+02 3.738105327638815645e+00 0.000000000000000000e+00 5.468381705407892923e+00 1.115106685385433138e+02 5.267490985606729055e+02 0.000000000000000000e+00 6.756209334235553570e+02 1.000520566494002992e+03 2.585188016338233297e+02 0.000000000000000000e+00 6.544760144271660920e+02 6.020218374722276167e+02 7.029243693551176508e-02 7.796593730673986329e+02 1.786450216776165112e+00 9.229340042171241976e+01 1.703260406193494134e+02 1.860283137698116036e+02 6.126960900203136617e+01 0.000000000000000000e+00 1.317956160004563344e+02 0.000000000000000000e+00 7.850936912297179333e+02 6.389627385200985499e-01 1.355409592515885038e+02 1.321891323311610478e+01
