output/example/lateral_incision_000486.asc
nrows	75
cellsize	13.33333333
xllcorner	0
ncols	75
yllcorner	0
NODATA_value	-9999
[rows 34 to 50 of 75, columns 0 to 36 of 75]
0.000000000000000000e+00 1.128293960482710245e+00 1.985917907132484288e+02 2.044187362233166425e+02 1.612226805125240617e+03 1.390809212560712993e+01 9.284272357387486636e+02 1.371678224556498726e+01 0.000000000000000000e+00 4.162305990703654288e+02 5.819645324227958554e+02 6.132529960479513420e+02 3.940268096899453667e+02 6.563401777827631633e+01 6.503373213844262182e+02 3.508869378583104890e+02 8.111598627024347934e+02 2.952252987999131619e+02 1.145906396883406160e+03 1.858693522483449954e+02 1.462611235719735532e+03 3.000659515639667916e+02 8.137716207125386347e+00 4.053410538244467034e+02 2.588570698216880461e-01 5.230601629708614837e+02 1.160874794911866957e+03 1.417976298151255321e+02 1.290968259193784888e+03 1.124543499492477622e+03 1.734951892349344291e+02 1.243262485764288527e+01 1.785074579019801888e+01 7.870321421864919103e+02 5.177711030045207963e+02 1.583234207074728204e+02 6.855736690587438034e+02
0.000000000000000000e+00 1.357503380517682444e+03 1.421449474052009805e+02 4.957376319180637552e+02 1.181955915324201897e+03 4.494568071390772701e+01 7.287262095131795681e-01 8.614152095795478203e+01 5.879234218520410877e+02 3.203002635855548306e+02 5.569872119525016387e+02 2.530943544252600930e+02 0.000000000000000000e+00 3.594580206311645156e+02 2.889261637622080325e+00 4.201426019766534523e+02 4.576338485617520178e+02 1.910784249482784247e+01 3.399790012560254837e+01 1.553640013940452320e+02 7.771208549091437590e+02 7.586783185641830869e+02 2.738755291085486832e+01 1.720051617966018114e+02 1.248190155327509814e+02 1.188315809579917198e-02 1.056473140907555262e+03 5.429752763538695035e+02 1.666813839702555242e+03 3.346980060836811877e+00 1.407885011571082998e+02 4.295060538484492554e+02 5.910958337595208150e+02 4.407538963717313436e+02 1.797643081129094185e+02 5.029664275164231526e+02 8.776423823852479700e+02
0.000000000000000000e+00 1.443565783930953103e+03 2.086135802026088584e+02 0.000000000000000000e+00 1.352823743505482241e+02 6.616183296779520333e+02 3.717155467076833020e+02 6.156218573597364241e+01 1.640960895109188522e+00 1.185921725016735166e+02 2.018477001021101813e+01 1.668384916972628616e+03 4.516342453350133610e+02 3.664344690548184076e+02 1.342477586281398317e+03 8.233314870322292336e+02 1.145931966276613366e+03 1.217174270886149517e-01 9.023212104581727999e+02 1.318579383348352394e+03 0.000000000000000000e+00 9.698391440577388494e+02 2.205863348680701996e+00 1.529398713098750932e+03 6.986110811602649164e+02 6.902544784599946581e+01 6.013475031822451911e+02 4.825658960365464623e+02 6.725839209185201639e+01 8.826456053511358277e+02 4.934176835959467553e+02 8.557588605860787823e+01 2.023891660297028636e+02 1.618805667179331067e+02 3.257555020037739002e+00 0.000000000000000000e+00 1.038715134231556760e+02
0.000000000000000000e+00 1.087688693146982814e+03 1.218417732852913105e+03 1.012411122076816923e+03 1.397762719424519901e+03 3.938673684798162640e+02 1.446292717762886468e+03 5.485731573329663888e+02 1.737594597762179660e+01 3.084207263559185321e+02 3.574608300501780036e+02 6.706323847784450436e+02 1.326286265558527191e+02 1.070202793258378279e+03 0.000000000000000000e+00 1.377304185712840763e+02 2.594333175853530520e+02 8.884930129635149569e+02 6.411654474154513537e+02 8.772506030609923400e+00 1.216988131139679126e+03 1.007752942010741180e+02 5.006638356425123106e+02 1.130906258921788776e+01 1.414148120703911673e+03 1.797108188515574057e+03 1.148225514166266066e+03 9.645783539537372775e+00 3.306032380255811631e+02 1.090908764723595596e+03 9.091930294905018854e+02 3.090729874079819410e+02 1.093817662043611790e+03 0.000000000000000000e+00 2.779491692149851811e+00 6.619633719530469307e+02 1.483594572715790783e+01
0.000000000000000000e+00 0.000000000000000000e+00 0.000000000000000000e+00 4.697256960646195978e+01 1.147093224892986427e+03 1.921008092045662086e-01 7.274802526594850542e-03 8.929985694653419515e+00 1.297339693737108846e+01 1.783397951497534706e+01 6.199142516516031947e+02 6.368060348721681976e+02 1.413424933533037802e+02 6.109999762040273481e+02 1.114145352940185376e+03 8.259113269901571641e+01 8.210578550005734542e+02 4.822516281797621787e+02 0.000000000000000000e+00 0.000000000000000000e+00 2.302842895777099219e+00 8.522071064956135444e+01 1.027661362882185131e+03 1.502106707219700411e+03 1.378959176001665621e-01 1.028031252194889476e+03 0.000000000000000000e+00 1.680633695058680360e+03 8.572915331622372150e+02 4.979206544166902404e+02 6.216261752117561628e+02 6.060328356090979014e+02 5.247823942266688846e+02 3.010935576035489589e+02 1.011834154847546046e+02 1.232396822180373697e+01 1.852669834061802856e+00
0.000000000000000000e+00 1.561679658812989146e+03 6.029563567454904387e+02 3.616108144359255334e+02 5.040125193712314058e+02 4.401781780519872314e+02 9.092027210222480562e+02 1.646007288310030248e+01 1.373431809801404135e+01 2.989884695603970499e+01 7.598393140161006158e+02 1.503429110347258302e+03 9.857534867506271326e+01 1.125939074358272592e+03 1.145016559272525683e+03 8.234713022243164460e+01 4.903310926110728474e+01 9.187658060386762315e+01 5.931041656109096039e+02 1.732265139353207246e+02 7.432862631894531660e+02 4.263586751131774655e+00 1.618897432861219787e+00 7.555991433709065177e+02 1.334256676118847622e+02 1.604863530825359987e+02 1.124778262450253123e+03 2.827066549668406878e+02 4.898540991751396518e+02 3.230166469530769859e+02 8.343200790736095485e+01 4.140069225029823201e+02 3.658025518824356936e+02 4.755890440150870973e+02 6.453010341418605833e+01 7.037010275215674255e+02 5.194909302198823298e+02
0.000000000000000000e+00 4.850383325184366186e+02 9.478645551377326228e+00 4.756453461358211143e+01 2.369622891387230723e+01 1.857571343556358201e+01 2.579700101556192635e+02 1.295918200301112165e+03 0.000000000000000000e+00 2.330879077865923819e+02 1.042703489146544538e+00 7.193887852966556693e+02 5.171153007284463854e+01 6.918851468863975640e+01 3.696737806519581682e+02 1.447878829836843408e+02 7.502744256698096024e+02 6.739233251431551253e+01 7.598984458105903173e+01 2.514433840462332057e+02 2.851187245431393080e+01 7.451632223665848187e+02 1.019779380465396628e+02 1.742105296909504375e+02 5.789431341090718206e+02 6.687383656758942863e-01 1.489759376713784832e+03 8.739897256662632117e+02 3.606722714750632690e+02 9.492737518256345766e+02 2.145165171480655033e+02 4.008160490294966394e+02 2.781811064703705938e+02 9.365294598034380442e+02 3.503364556416658360e+01 6.258735461219861236e+02 4.265332384046726588e+02
0.000000000000000000e+00 0.000000000000000000e+00 1.084154356712938807e+03 1.990234985001633872e+00 2.897089348443101358e+02 2.799032990445699642e+00 3.029026593455348007e+02 6.427163624787483514e+02 3.881048130854908851e-01 1.078753741699072634e+03 3.438096104385741683e+02 9.984240811739758215e+01 2.694355279795823321e+01 5.373696734070348384e+02 3.035655538249267806e+02 3.299853868283364022e+02 2.726037882157798435e+02 7.576195686401568992e+02 8.759363517536838799e+02 2.088076057519462552e+02 8.590235594126226033e+02 3.328072030835135138e+02 5.670903728661513696e+02 1.073322090803312221e+03 1.359214826760634423e+03 5.546769932971291617e-01 3.973635775244791262e+02 3.806079314837110701e+02 3.335088669776937991e+02 5.707183021283641438e+02 9.380389181243782559e+02 5.686056959533726740e+02 5.115379076458067971e+02 0.000000000000000000e+00 1.620332922480050115e+02 2.585912745512229662e+02 1.241904183332102285e+01
0.000000000000000000e+00 0.000000000000000000e+00 5.762226193533008427e+02 1.822124161302050140e+02 9.251681264501714850e+02 4.637172011045286126e+02 1.259074825634936801e+01 7.189993713286880528e+00 1.361113764581037231e+03 8.504421035543263088e+02 1.902524003375606654e+01 2.406555993490162848e+02 4.897828723663504746e+01 2.193368803434182723e+02 7.957303933984508149e+02 2.699715563833029464e+00 4.094786714514220876e+02 1.307637618879716301e+00 2.017209069319410446e+02 1.028009064252180593e+02 0.000000000000000000e+00 4.699189268270543174e+00 6.992242118458460709e+01 2.459809856966432449e+02 3.344855460020789195e+01 1.168842946696856870e+03 3.800285916661354513e-01 1.331769557634279408e+03 9.127766444758087800e+02 4.554570497675868523e+02 8.328308237138404593e+02 1.651457420484587601e+03 5.240782376142771426e+00 9.979958172978862194e+02 5.476726891219428808e+02 6.727919709461359616e+02 8.648388102441853675e+01
0.000000000000000000e+00 6.428067741357326668e+02 1.191000409106991675e+00 2.287713392766727054e+02 2.355430832982761160e+02 7.473094714567960928e+00 4.679686357780580579e+02 5.739911393807725517e+02 6.330746396957240307e+01 1.227834625926570197e+03 2.592750291901110060e+01 8.314061229128820969e+02 1.468983094956048035e+03 5.859580635174978624e+00 1.512555608019946249e+03 9.480708640737275061e+01 2.507758840950824606e+02 1.151937259374182929e+02 1.104502867633057717e+00 4.769000544115406228e+02 5.879397841551636930e+02 5.072301986124515452e+02 1.372986484675745977e+01 1.255167469397832036e+02 0.000000000000000000e+00 5.703141553916557314e+02 3.793469598001167342e-01 1.974119609503767663e+02 8.667404972720644309e+02 4.226702986384304950e+02 1.414297883224254974e+03 2.216717815684896919e+01 1.153635034510559535e+03 1.761887737239498165e+03 0.000000000000000000e+00 7.275862163458198211e+02 3.929375008157385309e+02
0.000000000000000000e+00 5.695225175307111840e+02 5.040035946139854559e+02 9.845037488024941013e+02 9.668813584442883038e-03 1.742185960487176544e+03 4.808572335406963703e+02 2.861089064507348176e-04 6.001714467617364335e+02 2.771256696616195541e+02 5.322258428070203991e+02 1.054422105093836421e+02 1.522356873579264516e+02 9.231088182702407163e-01 2.209345998487885083e+02 8.385128586763645444e+02 2.547253333908078843e-01 4.004319695623820508e+02 1.100186685331882330e+02 1.199715297873545751e+03 5.520618074611086286e+02 7.901778390803596608e+01 0.000000000000000000e+00 1.480036682818913221e+02 1.226808572350079203e+03 6.982679599352487685e+02 4.381826078458591383e+02 1.032713894302059954e+00 1.046130789318437564e+03 4.871746669467337938e+02 1.499949163006138633e+03 1.195611889887194224e+01 1.206208504569413890e+03 9.712580174615156920e+02 8.854370956819140019e+02 1.425648081670640522e+03 1.656428756036656011e+02
0.000000000000000000e+00 4.030317501567989069e+00 0.000000000000000000e+00 0.000000000000000000e+00 0.000000000000000000e+00 0.000000000000000000e+00 0.000000000000000000e+00 0.000000000000000000e+00 0.000000000000000000e+00 0.000000000000000000e+00 0.000000000000000000e+00 2.179846949187922789e+01 1.377197324658025309e+03 0.000000000000000000e+00 1.541473917289587234e+03 0.000000000000000000e+00 8.921145167380493604e+02 7.554924037458802104e+02 0.000000000000000000e+00 5.990175950684805457e+02 6.548848576274858715e+02 0.000000000000000000e+00 6.576848381065798321e+01 9.590558835527019932e-01 2.179521129978653704e+01 9.918550989251432384e+02 0.000000000000000000e+00 8.219099226715495661e+02 4.508344745897017560e+02 5.486207932728699461e+02 7.784278369497224048e+02 5.415771112187523784e+01 5.966734843313022338e+02 0.000000000000000000e+00 8.812743596559245134e+02 9.600811586303594325e+00 1.545104375563084204e+03
0.000000000000000000e+00 1.487286333909256371e+02 0.000000000000000000e+00 0.000000000000000000e+00 0.000000000000000000e+00 0.000000000000000000e+00 0.000000000000000000e+00 0.000000000000000000e+00 0.000000000000000000e+00 0.000000000000000000e+00 0.000000000000000000e+00 0.000000000000000000e+00 3.518474791494197174e+00 3.275016899841160178e+00 1.601949974824519245e+02 6.752859032996097994e+02 4.732880180445232554e+02 9.732170319075743237e+02 5.257862770297680299e+02 2.008409515928149176e+02 9.576582084910256754e+01 3.036724392968434358e+02 7.693413893028923667e+02 7.146509302666727308e+02 2.174460617901262935e+02 8.691242042681769817e+02 7.993344090267503361e+02 7.372695483094321389e+01 2.785252111511226403e+01 1.036141967712894484e+03 1.223388676145384721e+02 1.067178616001027422e+03 1.024756405992242890e+03 0.000000000000000000e+00 1.682689665137562827e+02 1.738846919165531330e-02 7.638429258651322016e+02
0.000000000000000000e+00 3.806330171044436952e+02 3.435262918184792511e+02 1.787787406372168264e-02 6.755369443337522171e+02 2.754013823482437147e+02 7.772233081181966208e-01 3.293728582074495534e+02 2.107188863231219145e+01 1.047457838785844046e+02 5.795228451732272106e+02 2.422220189366905743e+02 4.081086996266058691e+02 1.030149086078704386e+03 6.772833560595150626e-01 5.191282873854405344e-02 5.404658565768160061e-01 0.000000000000000000e+00 2.453758370600574445e-01 0.000000000000000000e+00 0.000000000000000000e+00 0.000000000000000000e+00 0.000000000000000000e+00 1.183765995364222286e-02 2.127122822020135334e-02 0.000000000000000000e+00 0.000000000000000000e+00 0.000000000000000000e+00 0.000000000000000000e+00 0.000000000000000000e+00 0.000000000000000000e+00 0.000000000000000000e+00 1.511431442890697781e+03 7.421999382670012437e+02 8.095184085498690365e+02 5.075427574630307248e+01 4.825949642630844778e+02
0.000000000000000000e+00 1.334738037514054838e+02 0.000000000000000000e+00 3.421240200832964096e+00 5.687267273542245221e+02 1.704739956522577586e+03 1.569377772168143448e+00 1.675942382024472863e+03 0.000000000000000000e+00 6.521144581216641711e+01 1.604903858583552445e+00 3.058112992467679305e+02 0.000000000000000000e+00 4.043184316993047105e+02 1.497792128020981863e+03 2.848324831719443040e+01 5.422176390719125720e+02 7.136028989424009978e+02 2.443924367942559286e+02 1.322908242193694605e+03 1.601106112507004354e+03 0.000000000000000000e+00 1.410517440501575720e+03 3.002467223304147979e+02 3.256489303576028647e+02 3.096731876002911577e+02 9.901042250369036992e+02 0.000000000000000000e+00 8.183021812303688876e+02 1.474678026318923116e+02 0.000000000000000000e+00 0.000000000000000000e+00 0.000000000000000000e+00 0.000000000000000000e+00 0.000000000000000000e+00 0.000000000000000000e+00 4.865828214397228124e-01
0.000000000000000000e+00 0.000000000000000000e+00 6.283246736900874794e+02 5.871225684581219184e+02 1.247525315954649727e+01 8.217472739281415670e+02 4.141701872012145600e+02 1.010874664782698687e+03 9.207442152391604395e+02 3.268355046852430501e+00 1.597109842105747703e+03 7.284619840482130257e+02 6.840295873870257992e+01 4.451589043685031015e+02 7.174833994493543514e+02 3.477275067388412932e-08 1.060039164570670437e+03 0.000000000000000000e+00 6.164078124024681671e+01 6.420954723921404650e+01 9.749559199682400958e+02 3.999955167126437914e+02 1.456200345021879272e+01 6.948915961917327877e+02 5.828000674390877975e+02 1.430647615023962658e+02 1.426007767748970867e+00 4.782511709396906951e+01 1.377908503415622761e+02 2.171963258521868312e+01 4.536699337086736818e+02 1.208029050020847990e+02 4.382052997173626068e+02 8.682074370615565613e+02 1.039666902352575562e+03 0.000000000000000000e+00 0.000000000000000000e+00
0.000000000000000000e+00 3.108596083376250476e+02 1.039909466657894077e+00 3.686648094530787034e+01 2.456709542079103414e+02 7.694157262636268797e+02 5.148379103745996872e+02 0.000000000000000000e+00 1.169356450429217830e+03 1.578352905015000651e+01 8.796646792748864527e+02 0.000000000000000000e+00 2.117428814919726108e+02 1.372176780926566607e+03 2.180861065805812871e+02 8.414553678013467106e+02 9.988388280927406413e+02 7.222171749234256595e+02 0.000000000000000000e+00 6.361349224327660750e+02 1.396350931492985836e+00 2.353931780319477696e+02 4.805942859912703646e+00 7.599464127515517475e+02 4.092153443825534964e+02 5.674146476404572326e+01 5.022268074769118584e+02 0.000000000000000000e+00 5.741384911548665286e+02 7.058403939240903036e+00 1.347823503723734291e+02 0.000000000000000000e+00 3.038068557283303335e+02 1.988864240134793704e+02 7.259892012421056506e+02 9.446938964080753465e+01 0.000000000000000000e+00
