output/example/lateral_incision_000363.asc
nrows	75
cellsize	13.33333333
xllcorner	0
ncols	75
yllcorner	0
NODATA_value	-9999
[rows 17 to 33 of 75, columns 37 to 73 of 75]
7.597864683683547504e+00 1.544159178353886091e+03 1.246777958607746996e+03 0.000000000000000000e+00 0.000000000000000000e+00 0.000000000000000000e+00 1.165304779010042239e+03 1.064241780802833119e+02 1.526822810129993115e+02 6.093532129457338442e+02 1.705334278854428760e+02 4.104461914764025998e-01 1.638784087827369376e+03 5.979531826941106942e+01 1.220892525779398312e+02 7.840299678267589343e+02 9.755521015206385300e+02 1.711302054293184582e+01 8.624154159752544047e+02 9.450778451902300503e+02 6.435498695609867070e+01 8.821915698615304109e+02 3.416941833050977380e+02 1.312575824429883937e+02 4.612499468497500699e-01 3.844300033345791689e+01 1.963109777071944109e+02 0.000000000000000000e+00 3.604467278897914184e+02 9.321477209422889132e+01 2.267703933845107755e+01 2.247011973311543329e+02 0.000000000000000000e+00 0.000000000000000000e+00 7.507374186217706438e+02 8.404109231500040096e+02 4.532776352637952186e+02
1.049336584631649032e+02 9.896823103271588025e+02 8.268593105323614054e+02 4.315638472179268774e+02 9.520744386966734396e+01 4.467940123217805093e-01 3.167380570353359417e+02 9.781841691197328270e-01 8.955987075161142457e+02 6.392637283563025221e+02 6.932563877763188884e+02 2.059981469389664994e+02 1.051188824408586875e+01 1.549386444619693293e+03 9.317775241188624022e+02 0.000000000000000000e+00 1.196129398897399341e+02 4.155080527874335417e+02 3.552956260200988936e+02 6.435292694035321404e+01 0.000000000000000000e+00 4.714343931356790449e+02 6.981282618555389945e+02 3.907699015283621407e+02 2.764610030470795436e+02 0.000000000000000000e+00 1.066909598555026264e+02 1.963302888720425301e+02 2.817744154028472394e+02 5.823605931319175397e+02 5.783706062976258444e+00 2.363834114965654862e+02 1.025703737920277518e+02 6.008816201572348064e+02 5.358264999138363294e+01 1.342564687084890522e+02 1.026803343141045389e+03
3.186120372579130731e+02 2.374634258525878394e-01 9.506859592817272642e+01 1.553629124057872082e-02 2.224723715820780683e+02 5.058798044225201807e+01 3.960741793964184581e+02 0.000000000000000000e+00 7.206133336566957723e+02 7.699860872467846775e+02 1.333708411544446335e+03 4.589742232723838242e+02 6.896098034674768087e+02 2.178190375343461938e+02 5.050639831586918262e+02 4.843486399319212410e+01 1.667122303850300398e+02 1.982025243550073981e+02 8.539433117060234508e+02 4.141516164053707598e+02 9.458805121250338743e+02 6.682745702958423806e+01 2.421147086816176568e+02 7.032151660080000966e+02 8.218076655339388026e+02 0.000000000000000000e+00 2.628748559295206064e+02 2.979125287536296582e+02 3.973074561290541169e+02 7.703670096218434082e+01 0.000000000000000000e+00 1.303091955766974706e+03 1.136767000528527433e+03 1.170814020406549844e+03 1.816651104655779392e+00 5.780953453186064053e+02 5.002780314218314288e+02
1.674348177005963635e+03 6.267341944521406027e+00 4.634535514325491476e+02 1.115717585148364378e+03 0.000000000000000000e+00 2.151524781139289644e+02 8.797562235796189043e+02 1.263846256782022010e+03 4.195053900063800825e+02 6.377903033744453154e+01 1.969832203182279251e+00 1.241574120939003024e+03 2.840715587245175016e+02 8.670830867711664780e+00 1.382014767293775748e+01 9.604531041789512074e+02 1.110719684909936404e+02 3.290426836711851433e+00 6.708784227963003559e+02 1.273617286528151908e+03 5.574348587359339717e+02 1.780815722793380758e+02 2.508285974532858376e+01 1.279579582762671741e+01 1.903778594454568918e+02 1.289186969995807431e+03 1.591287670204974347e+02 5.143620814554470826e+02 2.134850995869065926e+01 8.400843632490442303e+01 1.402207410702487889e-01 7.535908026416645953e+02 7.033525589494881842e+02 1.676379075234275362e+01 7.442198084860691552e+02 4.425668509993031421e+02 5.230767974649936605e+02
9.308238275903535168e+02 2.345550927014211879e+02 1.166363549533710966e+02 2.469893436488237981e+01 1.234625053538765314e+03 1.261374355398955913e+03 2.958248931389975951e+02 5.206357246061118360e+01 4.503275654654601681e+02 4.221559054779400100e+01 1.536344458650625633e+01 6.650459180114937681e+02 3.316332522173615871e+02 1.402381340048963523e+02 3.035469064377643917e+02 5.053311721675105446e+02 1.469092348997862700e+02 2.875875276270558629e+02 3.197510156112579338e+01 1.652492163654157764e+02 4.258139884109851891e+00 3.083115877531025149e+02 3.569117554001895769e+02 0.000000000000000000e+00 4.922668582649791236e-01 2.556227836927462533e+02 2.181349506658274890e+02 2.339142245755454610e+02 5.125259158192106952e+02 1.370607284647893039e+03 4.989541552524485724e+02 3.949201721870751136e+00 2.219925355053613458e+01 5.339725533077926229e+02 8.406729363353549616e+02 1.408335903229426833e+02 9.021522234514419551e+02
2.985572918476461446e+00 1.193882991247368636e+03 7.948333988614083410e+02 2.244448028852463040e+02 8.129760874575868002e+01 3.795957241282407040e+02 0.000000000000000000e+00 0.000000000000000000e+00 4.439186298646495388e+00 1.855324591457896020e+02 9.040965128550187968e-02 1.305747780444582133e+02 1.765982354765870070e+02 1.096190436060197499e+03 6.862645655484529925e+02 1.498666560988113361e+03 6.582724323703409937e+02 9.545102985254045436e+00 6.733818976640169467e+02 6.401983531036338491e+02 9.498177790401229004e+02 5.449364683311102908e+01 3.035528855146997103e+02 5.880789221176410138e+02 1.507015406221150215e+03 0.000000000000000000e+00 1.257014537707055297e+03 1.262745139905687893e+03 0.000000000000000000e+00 6.582682914299232380e+02 1.298186976819292737e-01 1.111182964582769500e+03 3.127788314589922081e+01 1.466179873132497505e+03 3.209909918182489150e+02 1.404315671930598683e+03 0.000000000000000000e+00
4.399164409357131831e+02 7.828050657087721902e+02 1.023451907417471176e+02 2.228717396017545838e+01 1.335661219548348527e+03 6.332497030030731366e+02 4.715661385376042176e+02 4.336453093190148707e+02 3.767752541115734743e+02 2.740292994068136636e+02 3.798307962791318459e+02 1.165437387424673510e+01 5.406989258261346549e+02 4.470472693645418190e+02 1.607127838146734007e+02 3.995083883085735721e+01 8.098411189217094375e+01 4.874988332475828656e+02 9.118525992721981765e+02 7.912343438143665253e+02 1.249963894436261626e+03 7.593893838451584770e+02 4.514293489567203324e+02 8.113993329456066661e+00 0.000000000000000000e+00 3.464130776266313774e+02 1.890828985818945540e+01 9.737445728823995523e+02 1.348897647457936557e+02 1.138945130651845375e+03 2.917497822161652099e+00 0.000000000000000000e+00 8.015165042720770998e+02 1.006765009206434058e+02 1.020326187432120406e+02 4.440831453886661961e+01 1.024994832196583502e+03
0.000000000000000000e+00 3.278491111730347711e+02 8.587407171213814081e+02 0.000000000000000000e+00 3.855797196037593721e+02 6.959345987544881318e+00 7.837937451824553818e+02 3.029508749822061873e+02 3.464869151955795132e+02 9.079465550446995437e+00 2.062930320415676420e+02 6.719011616870434409e+02 9.843357834454835711e+02 4.780134114523639965e+01 7.114673909081129750e+02 5.714144439567195377e+02 1.564799199997336814e+02 5.279416333520354101e+02 4.828090840081797097e+01 4.819072651376373195e-01 5.932395059433503093e+02 3.360827247223956533e+02 8.256361552342335131e+01 1.550792148004329420e+03 9.042506462631406521e+02 6.730548659671311498e+02 3.353754585665056425e+02 7.806658693832997375e-01 1.000466496999755321e+02 4.459572982178238831e+00 9.165036747131350694e+02 1.740549577501129988e+03 2.200805362167284613e+02 7.405448102137177102e+02 8.944226009977568310e+02 1.379681444285992256e+03 5.055578595976587053e+02
1.554383462636216393e+02 1.224753233667851049e+02 3.205183290495922677e+01 5.792534326457870009e+01 9.811018861967959026e+01 6.515442139616783868e-01 0.000000000000000000e+00 1.433405593586262739e+03 6.366214132828218908e+02 2.597739235518884584e+02 2.883676959153638109e+02 4.819038732577823225e+02 1.289470397657285730e+03 1.059140429074691156e+03 3.382423239641142665e+00 1.406731008093776154e+03 3.810704483608081432e+02 1.238061577728068308e+01 8.531617526316891542e+01 3.953505848042486264e+02 1.032191004949436142e+01 2.036858762104756693e+01 0.000000000000000000e+00 0.000000000000000000e+00 7.110791447169965140e-01 4.154468240542746571e+02 5.789952895492961105e+00 1.577368719919885507e+02 7.019754693287822533e+00 6.574376476776087657e+02 1.213850697818020080e+03 2.791220659623206757e+02 2.668199836746081743e+01 4.755105397443094830e+02 7.502923850314936089e+02 1.220761476840671776e+03 7.058549502514179039e+02
1.842829525852162575e+01 2.120184156316415738e+02 3.482017758290406846e+02 3.229885164065704544e+02 2.449555472765189847e+02 9.226312217401963380e+02 1.356220962303616488e+02 2.921455156688663379e+01 3.210463135896189897e+02 1.562581908273230283e+03 0.000000000000000000e+00 3.004787728259070150e+02 4.302066401351669924e+02 3.122490527620113880e+02 2.990408011396593579e+01 8.830998585310045428e+02 0.000000000000000000e+00 4.072116025418209802e+02 1.205678628438137991e+02 8.198389835312131027e+02 4.687014428282380436e+02 6.682859641701242026e+02 2.476911605608879654e+02 6.184425084220018789e+02 3.425369364157456289e+02 3.530834433059397526e+01 5.997214854825633665e+02 5.025201767432442352e+02 3.685985695915310778e+00 9.035982204032992513e+02 3.824644258336279190e+00 1.634892544097087637e+02 4.344653565085480409e+02 4.072840047303337152e-01 0.000000000000000000e+00 1.218214642192288011e+03 1.389155410487506117e+02
6.035071354778322075e+02 7.180214159086804102e+02 1.768946958931961078e+01 2.525164517065998666e+02 1.782528888740738182e+02 3.734319620274488329e+02 5.247423602243516143e+02 1.182867991163127954e+03 1.133141273735635002e+00 5.352482821107176960e+02 2.510175451538459015e+02 2.229719517628455492e+02 3.413357907443996808e-01 5.170663739481342418e+02 7.116520135637048270e+02 1.813489803864993064e+02 8.159779124592696462e+02 8.267497294647007493e+02 0.000000000000000000e+00 1.211081102879623899e+02 7.993674572435812706e+02 7.892323477468466990e+02 1.177827795650308644e+02 9.956103530088851130e+02 6.908731874890174822e+02 6.288472730450041581e+02 1.030675767326505792e+02 3.959637916291624399e-03 2.485360250914323501e+02 3.704568326212201157e+01 1.030986333382400744e+03 4.100387251827709179e+01 6.676445227125119573e+02 3.355846195096698921e+02 3.628156602150960452e+02 1.269280345578891911e+03 3.721775337967767050e-01
9.263375117741888971e+02 2.148904861292988855e+01 0.000000000000000000e+00 3.942898604202084698e+02 1.774237231009341542e+02 5.085163394763653599e+01 7.830193257744403335e-01 1.000328769833260026e+03 8.912527174083521686e+02 6.320612472386768843e+01 1.279314671000244743e+03 4.277667844624239137e+02 6.755184708977633790e+00 1.012848123457134079e+03 2.384516626325161592e-01 1.666122147895468288e+03 7.309978142871576665e+02 1.254258541669675651e+03 4.715363295191192492e+02 2.610908252894638792e+01 1.224563186076633725e+00 1.165140837040511769e+03 8.217997438494929696e+00 2.840441075424701367e+01 2.599979663260275515e+02 2.502452303475704696e+02 3.468979160490886215e+02 1.201334511914804448e+00 2.985125717668047400e+02 7.406144487638491682e+02 1.151256163022332203e+03 8.482948210742830497e+02 6.171509859757081813e+02 1.258421659075888329e+03 8.841264864713825773e+02 8.563719932470732488e+01 1.035793606348206879e+02
4.846856417945134012e+02 2.056391018084915174e+02 3.896878673907569350e+02 1.069977771783395838e+03 1.621472323064052944e+03 5.291511503977369557e+02 5.944835818747695839e+02 7.881655933110938150e+00 3.639468405405413165e+00 1.598281017515232406e+03 2.522480510201178916e+01 0.000000000000000000e+00 2.946349082997535973e+01 1.316804734627674407e+03 0.000000000000000000e+00 6.820368007970386088e+02 1.207950027447392410e-01 9.097132761782457067e+01 8.916273281372569954e+02 2.729387845355567492e+02 1.199463565489304884e+01 6.125492326841737167e+02 0.000000000000000000e+00 1.303138379155097255e+03 1.602936764739625914e+03 8.235333857980687071e+02 2.432342461538806617e+02 1.045111060386283341e+01 1.323136105037450250e+02 1.458431857612495435e+02 6.917561838228721172e+00 6.023292795825634727e+01 8.623983039231897862e+01 1.331365798722939964e+01 5.813240861073866483e+01 1.153250560908671105e+03 3.569036242639231205e+02
4.113461757567745281e+01 0.000000000000000000e+00 9.346700094399423620e+01 0.000000000000000000e+00 2.920581698631322443e+00 0.000000000000000000e+00 6.321362717212526832e+02 2.360149827176671238e+02 3.176468642971989809e+01 0.000000000000000000e+00 7.347977109293294689e+02 2.426011991343416867e+03 1.508184090527572891e+02 1.485275047007350395e+03 9.998860419464944016e+02 3.603997902960052180e+00 3.802005192915654561e+02 7.280943314557291615e+02 1.584206340960803345e+02 2.183828211296498694e+02 6.089651830720832777e+02 3.053466061278598431e+02 9.596802251910240500e+00 7.989248561656887659e+02 5.908109043690529916e+02 7.356086543836589726e+02 2.188973739247584263e+02 3.353856609469567474e+01 1.910281578155421869e+02 2.711516179653270910e+02 8.592883460127389981e+02 1.091926247006244239e+03 4.770887063306616369e+02 1.128796334684510839e+03 2.174583158550749431e+02 3.782768527658645326e+02 5.532771029283965163e+02
5.902128851366454683e+02 8.569775551655946799e+01 6.081296299974090971e+02 1.884474395857550917e+02 4.547076153706965052e+00 7.300709699036470965e+02 7.675869270912662614e+02 7.193446736612227710e+01 1.224863082117547719e+03 7.233400471042600657e+02 0.000000000000000000e+00 8.592468586826040564e+02 1.665526458704701554e+03 1.008063661339744840e+03 8.164011518059967898e+01 6.351417961024048964e+02 6.593743249652113718e+02 7.686756345362063314e+00 9.380786443951352567e+02 1.304663712245650515e+02 1.066737106348674388e+03 3.397442929505235156e+02 1.278165634747339027e+03 3.687291112073364729e+02 8.259735919252285612e+02 1.175493542771513603e+03 6.370279960963000576e+02 2.102738944821953559e+00 3.686886387301555601e+02 8.648657913249752482e+01 2.536337033429860099e+01 1.872978095298318546e-01 7.741652740003346480e+02 1.306429757012511800e+03 3.335354998649603431e+02 2.316860825012503540e+02 1.631590163414718830e+01
3.467525427900348518e+02 1.203616834365648629e+03 3.179824559357512612e+02 6.683341859124044504e+02 0.000000000000000000e+00 7.042754610731373077e+02 2.558919897388837512e+02 3.534319048377375339e+02 3.131332810136026978e+02 1.039217720858415760e+03 1.023191311974570453e+03 8.541666742948291358e+01 1.136394308832247901e+02 1.374884459958604310e+01 1.192211752708405811e+03 4.631955994366504683e+02 2.812993454227997745e+02 1.173365162334754785e+01 1.160101584842060447e+02 1.666157034533904948e+02 4.466637768976929124e+02 6.240844760663641182e+02 4.200597018565220964e+01 2.362096636462004184e+01 8.299508207989389064e+01 9.805987788882925216e+00 6.161691200288213821e+01 1.668559201794724004e+03 2.362992413704323003e+00 3.449524640166326321e+02 3.673516633087284617e+02 8.394439196345526852e+02 3.474085076325978889e+02 4.262400095329529108e+02 5.160601277803306175e+02 0.000000000000000000e+00 1.266970626131090398e+02
5.819534873589548596e+01 0.000000000000000000e+00 5.982535072251038173e+02 8.608099682312736149e+02 9.276861495401218463e+02 1.330033908787556030e+01 8.637992158523453554e+02 9.944147571869859803e+02 8.720400536520812693e+02 7.886633910342019327e+00 4.587032003993588773e+02 1.816832697783773256e+03 1.349914173521409211e+01 3.946356391458601820e+02 3.354741924669439186e+02 9.146546294317728325e+02 2.222326779000864860e+01 6.418951896176279206e+02 1.167733719624860669e+03 7.874787206638497992e+02 2.579815370960712428e+01 3.256696422959538495e+02 3.511096976169278605e+02 1.001634128316225883e+03 8.659948947717189185e+02 9.093706295435712263e+02 6.196737591118701403e+02 1.186930439262569735e+03 5.189811334366860152e+00 1.440405553645551208e+03 9.553238379500736528e+02 2.988536858876132669e+02 1.060423724773896538e+03 1.151827740972350966e+03 4.228515897515850952e+02 1.633454387785006290e+01 6.436964684527636109e+02
