output/example/lateral_incision_000437.asc
nrows	75
cellsize	13.33333333
xllcorner	0
ncols	75
yllcorner	0
NODATA_value	-9999
[rows 34 to 50 of 75, columns 37 to 73 of 75]
1.368896079264978312e+02 9.376582511553726818e+02 1.654077895772236388e+02 5.543695899042729707e+02 3.284030037521121130e+02 9.478953299317565495e+01 1.160102395262202322e+02 4.318872619439788423e+02 1.959842693425567177e+03 2.448094583670130078e+02 1.336899367220979116e+02 4.176847899182823909e+01 1.086563235351984986e+03 1.009298556375282345e+02 3.028511599541053312e-01 3.121347054965235088e+02 1.441468945301120641e+02 4.057132847360707473e+01 1.446662777425549962e+02 1.102783041468479951e+03 3.107654257992549560e+02 1.500446449167755532e+02 7.122004969415382902e+02 3.046696664109722974e+01 2.519831897144849790e+02 1.185655654377608698e+03 4.141362480263130474e-01 7.777008870136816086e+02 3.955211828976583774e+02 6.336830127011423741e+01 5.522347730741787473e+02 2.673496659470728787e-01 4.134104170384320014e+02 8.532936897598667656e+02 9.538558054374712469e+01 4.929964292852627636e+02 2.485773110896889193e+02
5.828247307411476186e+02 5.636878574851414214e+01 4.416408459563236875e+02 5.303755134406605976e+02 5.485570453816248460e+01 6.780724359044020266e-01 1.292002994009615804e+03 1.268971088555680415e+00 4.633909904675446683e+02 8.303598114054694861e+02 4.992154535551232470e+02 0.000000000000000000e+00 6.671488154947501243e+02 2.984611395500042974e+01 6.221809444682889279e+01 9.896706570682030133e+02 8.188809075573000200e+02 1.530523777430641530e+03 9.502812451322998299e+01 6.965225959618836669e+02 1.779351119693929490e+02 9.399007089504322039e+02 8.620075990138591493e+00 1.262990480390364610e+03 1.085784423379565396e+03 1.186640167384114875e+03 1.075811470533717511e+03 1.689889879899793002e-01 5.877412644454630026e+02 1.384995190298426770e+01 8.735238657705340870e+01 2.294419804101923717e+02 1.529766818591511424e+02 1.665646130845668722e+02 9.316023455586905300e+01 1.425353012326874705e+03 3.374407059288447499e+02
2.293298323416270179e+01 1.007157123418151770e+02 2.973381625768334402e+02 1.658528881961695788e+03 4.679305188644182181e+02 5.851110861976500246e+02 7.236825462536453415e+02 1.597541419929140375e+03 1.066803754171359628e+02 3.341629718542624232e+02 2.132367845464800666e+03 1.693365368577274694e+03 4.009151432315070451e+01 6.461596542250426864e+02 1.869338790917113897e+02 8.207542066629687270e+02 1.637738881274190817e+03 8.626869499135008255e+02 1.381690359659516218e+02 2.019115303532123562e+02 2.256303618295591562e+00 0.000000000000000000e+00 2.110140655874899949e+02 1.693376746614682915e+01 3.379542737248585382e+01 7.974276094292829953e+01 1.388115364238153234e+03 9.641283932229566744e+02 2.196139572136764571e+02 2.187177412250408892e+01 6.904243740438796522e+02 1.148677812811357398e+03 1.685247992496590996e+03 6.746670057909439038e+02 7.851352039612179396e+02 5.176894967416129134e+01 3.916515012238611604e+01
2.332882713342637260e+02 5.733667576537256991e+02 7.364135183256573569e+00 1.072092183951686366e+03 1.383836106212450886e+03 1.811710406148291819e+00 1.453366875533100711e+02 1.694954788312937808e+03 1.174328463011744361e+03 2.040854535474977922e+02 9.071172328872271464e+02 1.008916693626292727e+01 6.715131121731017174e+02 1.099644429859178899e+03 1.159256261638332489e+03 1.194618948949378137e+02 1.274127749893300461e+02 1.324722925412437178e+02 6.480092079675374634e+02 3.145045023759864122e+01 8.367597238611811008e+02 6.176066961689379013e+02 9.359336169306798183e+02 1.475796607889932659e+02 1.510717870220419741e+02 1.030632214368165933e+03 8.226209811664751959e-01 1.359901654292915055e+03 6.722701895873004219e+01 3.085857798496743598e+01 6.775709403602008933e+02 9.005345205284747863e+02 0.000000000000000000e+00 5.932997149321881807e+02 1.079759989243998689e+03 1.127611631886494251e+03 2.786779692388074636e+02
1.133553043609464794e+03 7.026373090637458745e+02 1.206774497430477595e+03 1.614334339106252969e+01 7.093240841291531069e+02 1.141042937490673921e+03 1.331728282977165350e+02 4.589202113729444932e+01 2.435779370500728760e+02 1.323810937599635281e+03 6.905142325532844794e-01 1.534474660993951375e+03 2.156915729791817284e+03 6.074856468240195095e-01 1.955790077679930619e+02 3.069809847918475612e+02 8.837734759678523915e+02 8.300495148188747407e+02 4.804856070404549087e+02 2.131034914608888897e+01 6.087027952900035643e+01 2.768093511149817054e+00 1.393012060543157986e+03 3.400771533034320555e+02 1.176089774888265083e+03 1.220409941793028565e+03 1.752330414878366014e+02 7.939600136019429044e-01 1.240520218920443540e+03 5.443435635932225125e+01 1.544415760284509133e+03 1.267320300591351270e+02 6.203379167472820477e+00 2.864823444241607064e-01 3.296820234230116284e+02 1.084139674020211004e+02 3.894808202701749877e+01
1.691119129241903352e+02 3.528567144465426964e+01 5.236135627661791432e+02 3.466354238521640241e+01 3.165051406294643357e+02 1.488343634892857494e+02 0.000000000000000000e+00 7.239758200365375842e+02 4.322331749237968666e+02 2.367711938247138437e-01 3.260023199006995469e+02 2.028657005113365699e+02 1.274679433568677638e+02 5.836051449349857023e+01 1.286754578887266298e+00 1.369414375413318952e-01 1.229126532452447549e+02 6.451648311830703051e+02 9.102944123101988225e+02 1.485879024043346064e+01 1.212070391436494447e+03 1.349958439301782107e+02 2.728627557823710603e+01 5.549485269557432332e+01 1.095472117476099072e+02 8.268415824466211461e+02 1.186507025136801303e+03 1.023939336084087358e+03 1.043100953700572262e+02 3.919238837019054955e+01 1.530135342466259374e+02 2.513577892373849920e+02 0.000000000000000000e+00 1.283120608895609394e+02 2.169048359055533126e+02 6.601478446213337747e+01 1.862282635041153753e+02
9.076556490527035521e+02 2.633805374682856950e+02 9.717900214553803835e+02 3.993046257148266704e+02 2.731479793583159932e+01 1.642858298037523809e+03 7.819855031790829116e+02 6.966870325349769928e+02 1.009160039848033080e+03 6.362613878000862400e+01 1.180559774357394645e+03 4.098792147907309982e+02 2.271187376366929556e+01 6.062867657699690653e+02 6.694345401920018901e+01 3.987672543728357777e+00 8.096483611338314859e+02 1.497751862531978873e+02 1.652815902545306699e+02 1.605647911503025171e+03 5.349796635234121140e+02 1.166921974117120044e+03 2.275303575497010513e+02 2.460158873236190971e+02 5.590675979948325676e+02 1.323868741365300927e+01 4.837788597513019084e+01 1.225777120544172021e+03 7.954917244594890917e+02 3.601338473219469449e+01 1.433681176077044256e+03 0.000000000000000000e+00 4.474902499715287831e+02 1.325941338292479486e+03 7.914885260287570645e+02 2.599779487754157117e+02 2.493055292488748798e+00
4.316608552292202603e+02 2.127460569563471893e+02 0.000000000000000000e+00 7.852503273266552242e+02 6.557863169037284479e+02 3.789020707524870968e+00 2.140862231847867037e+01 1.531361615770148546e+03 0.000000000000000000e+00 1.489080056257444539e+03 2.613531521879062680e+01 1.259490076380828668e+03 2.315857772148811478e+02 1.575633027017036909e+02 1.399238827579623479e+00 0.000000000000000000e+00 6.663870081940626733e+02 2.950273123275414378e+02 8.940220608561122617e+02 1.026698683781909040e+03 1.798954729553026652e+02 4.687252216384945882e+02 8.579471524452264575e-01 6.452390810762728357e+00 9.007506756573491202e+02 4.067434981130509186e+02 3.840789424302602839e+01 1.089404990628750738e+03 1.031043040397851485e+02 0.000000000000000000e+00 1.450277261633417083e+03 3.204174351497352973e+02 1.985688387003298772e+02 8.421847879058520903e+02 4.238511262112845657e+02 3.646241607144399044e+00 7.589243327190447417e+02
1.789054674738700612e+02 1.436157105351392147e+02 7.886429742233991291e+00 1.662314127938106765e+02 9.951859953253681397e+02 5.525789288763095328e+02 4.545937742910602424e+02 0.000000000000000000e+00 1.095258839929675560e+03 4.467887255321918474e+02 5.829699590913232896e+02 9.425580818715304758e+02 4.222421514255656803e+02 1.957817347945810527e+00 4.423626473795101219e+02 3.007573291473497648e+02 5.482155318301486204e+02 1.708133417733453598e+03 4.407258852675172989e+01 1.499070234324645696e+02 6.633213608702250212e+02 7.984291365740156152e+02 1.016797751548615736e+01 5.568049170387154163e+02 1.873262914226924067e+02 7.615506148163974558e+02 5.571572110598514200e+02 0.000000000000000000e+00 8.216741406048963654e+02 2.248773063094091640e-01 5.514554554605646786e+01 3.482521103253556589e+02 6.196858210530322140e+02 5.793550078738305729e+02 8.740741623755402534e-01 6.950349075359289372e+02 2.540812892677815427e+01
1.208239994693175959e+03 8.253690205068310206e+02 2.297194915684766841e+02 5.005747306158396555e+02 4.752906455494980698e+00 2.329844653733472271e+01 1.959870628807980438e+03 1.447539153254332859e+03 2.494764763334113233e+00 1.593780260223362575e+02 1.811140886877540623e+01 3.480960043643174799e+02 3.214487143363429595e+02 0.000000000000000000e+00 6.354511045095456439e+02 2.737597192014404754e+02 4.538767026071444093e+02 0.000000000000000000e+00 1.580100806738454139e+03 1.617481112659999553e+03 7.321910332852768306e+02 3.617768531908897103e+02 3.034951942972724837e+01 7.194821752307539100e+02 5.049395636236388327e+02 4.208160512890672749e+02 2.643761647721000259e+02 1.291816164220192604e+03 3.505695257736333303e+01 1.581097710825929653e+03 6.017753587131898030e+02 1.313248734258608996e+00 1.540422686736070091e+03 0.000000000000000000e+00 1.003034164735429954e+03 1.016285534654277399e+03 3.933398103762115170e+02
5.185544050969896261e+02 7.299397149414336354e+02 2.985740562341326836e+02 1.516511376280150980e+00 1.304480711614647134e+03 5.808782734797249532e+02 0.000000000000000000e+00 1.138809335454843449e+03 0.000000000000000000e+00 0.000000000000000000e+00 4.960380732846427918e+02 4.551908023776973664e+02 1.817101675169665498e+02 0.000000000000000000e+00 7.115073354890780593e+02 1.616929701807073911e+02 2.658512911469952300e+01 1.436006277163070308e+03 1.218117167045400492e+03 6.055660454144327787e+02 2.014852011772676832e+01 1.633966733307200911e+02 3.425528412615880711e+02 8.160776049898846196e+00 3.599525083374470569e+02 9.316793737579532717e+02 9.706617828465995501e+01 5.119178558701207749e+02 4.875691944002656653e-02 2.727122396067319414e+02 1.162226206930030685e+03 6.772908034987890460e+02 7.343532862979492704e-01 8.071608367215545741e+02 7.450900800748635220e+02 2.651783899417441148e+02 9.641725324583699148e+02
3.873884371162109233e+02 4.952546403496067740e+01 5.762265496229422297e+02 5.587245359897796959e+01 2.726466803545826600e+00 5.694696624441143058e+02 2.242656502895146531e+01 1.465328774834313208e+03 6.469414519655006801e-01 1.033808673790493913e+03 3.572723067728466617e+01 7.162954620181428709e+02 4.147027586557044287e+02 1.344238628238647095e+02 8.291992326501397201e+02 7.198384858713943686e+02 3.392464032689579967e-01 3.428766474296708680e+02 6.014387733085103491e+02 3.805300587747254326e+02 9.085424610495248317e+02 1.050002688801760769e+03 9.789446813440878259e+02 6.069312034872737058e+02 2.492604933286433777e+02 8.946202801458435943e+02 9.012851059079448532e+02 1.953677808810470751e+01 1.397853735310226057e+03 1.051710550493228766e+03 1.932686759872334221e+02 8.206928624948872084e+02 2.991268474570800322e+02 1.450927802629628616e+01 2.166616933396581999e+02 6.973430040058718582e+00 2.904144378458757387e+02
1.477628336722226550e+02 2.191725508816216106e+01 4.277691337629364909e+01 6.640285418822732026e+02 1.757364567512966005e+02 1.313552569356624247e+02 2.339610666254571925e+02 1.403073484149666683e+03 7.140708039837664334e-01 7.929748086482618419e+02 5.212131549342552006e+01 0.000000000000000000e+00 4.542384195125590054e+02 5.080504032979110320e+02 1.277303946655663225e+02 1.503340842711801884e+02 5.524054166472504903e+02 4.312856451151461670e+02 2.399699474723748835e+02 5.147021907227018289e+01 0.000000000000000000e+00 5.974187678261930614e+02 6.665311365297085331e+02 8.477151487743537928e+01 4.449412652408966551e+02 1.780330725806126111e+02 3.348032669837952540e+02 0.000000000000000000e+00 8.099917033924331236e+02 4.418778889254028854e+02 1.916843581171440576e+02 4.229332731573901469e+02 1.510792333749691068e+02 1.894073368123258376e+02 1.326248002564058481e+02 1.549278109008196452e+03 1.540964120789004937e+03
5.087217129837542728e+01 2.302136089317163226e+01 6.961288857008042896e+02 0.000000000000000000e+00 8.607347526948641581e-02 5.267941241308423059e+02 1.132319386733171086e+03 1.183310754876917201e+02 0.000000000000000000e+00 1.162108524084752162e+03 3.179819347401534628e+02 0.000000000000000000e+00 7.802929285930348513e+00 3.455166695619431039e+02 2.629576759009275122e+00 6.584152483023349305e+02 8.331681810632186398e+02 8.283423511658569161e-02 0.000000000000000000e+00 0.000000000000000000e+00 8.019033593071656014e+02 4.862831972061292873e+01 8.793926370263985746e+02 1.287307561838442552e+03 8.615368871916824673e+02 4.194478838068926763e+01 0.000000000000000000e+00 1.096942687541283703e+03 6.067170394495881247e+00 3.649112708367823643e+01 1.433314580137648520e+01 3.118060244027953445e+02 3.289897360671681259e+00 7.724091135421964509e+02 2.676458693988599293e+02 2.798921167036641577e+01 1.016170088674266026e+03
1.431583785884077160e-03 2.789467631704192172e+02 4.957168872299179725e+02 6.573316287716129125e+01 1.032153219326076396e+03 8.162807969035759470e+02 5.491980084711461814e+02 1.016138212762918713e-01 9.450924149600680266e+02 6.021678019484584183e+02 9.031785181155139730e-01 4.875511892619553009e+02 1.919143060176720041e+02 6.372711535576914912e+02 1.566265140061868522e+01 1.291030010760512823e+03 9.670674397488255636e+02 6.549451148561628315e+02 5.859332290307360802e-01 2.034606931289769349e+01 0.000000000000000000e+00 1.222795858098487997e+03 7.529093891775496559e+02 1.549385992050114282e+03 1.001405514935890528e-01 3.050444825572870968e+02 4.052626022872789804e+02 1.417526796992363870e+03 3.202424186159433930e+02 3.220646963778225995e+02 1.659558702569239673e-06 2.797745284180825820e+02 4.240271421438670529e+01 1.184218230030388384e+02 7.412309658849831067e+02 4.751773164629874486e+02 3.070178049910318236e+02
0.000000000000000000e+00 7.737025799125671028e+02 7.111959678057172551e-01 6.712756743232988299e+01 8.131551886678904495e+00 1.123752430512176126e+01 1.053015139761389264e+03 1.421916412873865966e+03 5.305858722639735348e+00 4.484200578392785133e+02 2.526230038142854539e+02 5.370957403979901983e+02 9.607397151917552947e+02 2.036107977583083652e+02 9.531381855978032718e+02 1.657186277342746735e+03 1.895787389147357089e+02 1.725817765394958997e+03 1.633535277994511716e+03 4.511267049337519808e+01 4.611131124027108967e+02 5.103565442839189359e+01 0.000000000000000000e+00 3.199074859072625010e+00 3.432180414169047822e+02 1.568803138998755685e+03 0.000000000000000000e+00 7.199459957652653941e+01 2.001677312527615697e+02 0.000000000000000000e+00 1.238591864640210360e+02 1.772291830911268917e+01 4.409387321490291924e+02 1.023665827765294634e-01 6.854666313096093972e+02 1.133917942138524950e+03 5.569224480640966135e+01
0.000000000000000000e+00 0.000000000000000000e+00 9.594464265648501566e+01 1.329804067303033150e+02 3.255317376653110841e+02 0.000000000000000000e+00 2.038453367577901645e+02 1.266760105278500305e+03 2.281007817737664700e-01 0.000000000000000000e+00 3.583789453103589095e-01 0.000000000000000000e+00 6.921723698868467167e+00 4.319230707690823401e+00 0.000000000000000000e+00 2.379112766699959247e-01 4.257763290382328702e-01 2.852569268026896587e+00 5.201224769799464021e+00 5.732279575250429637e+00 0.000000000000000000e+00 4.710425315746072528e+01 8.519599943180729724e+02 6.772355780235358225e+02 8.764689699468678441e+01 0.000000000000000000e+00 5.775352153775863684e+01 2.270740545965858281e+00 1.708289994307945703e+00 3.527308514182210502e+02 7.763744788098058791e+01 5.903060069283665143e+02 6.271197737392195215e+00 7.523938868269274849e+01 8.873128376945350615e-01 2.646369947443959632e+02 9.608749382758730917e+02
