output/example/lateral_incision_000026.asc
nrows	75
cellsize	13.33333333
xllcorner	0
ncols	75
yllcorner	0
NODATA_value	-9999
[rows 17 to 33 of 75, columns 37 to 73 of 75]
5.888895987416203752e+02 2.105841110032872887e+00 1.252129362836194559e+03 1.383011624019786723e+03 2.563828139187291413e+02 1.613190825846600944e+02 5.197958889418097073e+01 8.065020921019720390e+02 2.672944372426396740e+02 5.736726777383851505e+00 1.011759006216298395e+01 1.643281914747314262e-03 1.129572531482602358e+02 9.230823225291447898e+02 0.000000000000000000e+00 4.145881622095474199e+02 2.361071673473819317e+02 4.577989471989328507e+01 3.913619269478763272e+02 4.238000421207122486e+02 7.092992684664224017e-09 8.381707487077871974e+02 6.468554479351437294e+02 8.330363389691460725e+02 6.372207047111747897e+02 1.221274001060568715e+01 9.672245742274528766e+02 2.175779710527883992e+01 3.199795481959935461e+00 8.659394616501210749e+02 1.691703558745648479e+03 4.504495376885955693e+01 1.883069661120719829e+00 2.988953168977760977e-01 1.502690980390892496e-06 5.446434384339066810e+02 8.414746915409881467e+02
1.786104506675756340e+02 7.036314792655471138e+02 2.893155031190832460e+01 3.530240372464679126e+02 1.133847808867609047e+03 6.247706378562377871e+00 5.649103353363154838e+02 2.301169970983643225e+02 0.000000000000000000e+00 5.890417414200821433e+00 0.000000000000000000e+00 1.438241119647170052e-01 6.998929307732184668e+01 1.934741344038532986e+02 3.087299378139270516e+02 8.482514740793419827e-01 1.013445224167256356e+03 8.420575013660441073e+02 6.054345277396001848e+02 0.000000000000000000e+00 0.000000000000000000e+00 2.481117889350564099e+02 6.850231468984215866e+00 7.919032912179623054e+02 1.346867970420037031e+00 1.432806863923653054e+03 0.000000000000000000e+00 4.441663960429136182e+02 5.902062100368990514e+02 1.994044971774997288e+00 9.812176540529117119e+02 3.132152013082567805e+02 2.316534790170150515e+01 1.503023350965316013e+03 8.437892196916543526e+02 4.685897050610702053e+01 2.712112854703003677e+02
3.295152940842258895e-04 7.972712772630875406e+02 3.394782756980536931e+01 5.758330685896269330e+01 0.000000000000000000e+00 4.744400261833757213e+02 6.775031086602793948e+02 3.373499826987726919e+02 1.878374664113684744e+01 6.278312376445716936e+00 2.173800427460512857e-02 1.132148298417776089e-03 1.545759890471763640e+02 7.047939197463730352e+02 6.959677735908087470e+02 1.607218102017332285e+03 5.673965811540012005e+00 5.630765472279034567e-01 1.136033176063065866e+03 1.243838207902224546e+00 1.491499552367365141e+03 0.000000000000000000e+00 5.401143900145337629e-01 9.910417346122978033e-02 3.324691712093483034e+02 3.983664088655623203e+01 4.069473396482020178e+01 0.000000000000000000e+00 1.484542999644620977e+03 7.108845535939080946e+02 0.000000000000000000e+00 2.753498233110339584e+02 1.786591831737750935e+00 1.020734796423528878e-01 7.335066155612001234e-06 2.680649581927864347e+02 0.000000000000000000e+00
0.000000000000000000e+00 9.740240430276031702e+02 5.298235659109519702e+02 3.303023051292411765e+02 1.146726571355607348e+03 2.011008081509158174e+01 9.317987806077295545e+02 1.684875985547601399e-05 0.000000000000000000e+00 0.000000000000000000e+00 2.076436911599305120e+02 5.775110324556507635e+01 0.000000000000000000e+00 2.008081669892986199e+00 2.130582944049878071e-05 0.000000000000000000e+00 1.101960581575312062e+03 7.727511961454529228e+02 0.000000000000000000e+00 0.000000000000000000e+00 7.353042271354161130e+01 1.975078373339167115e+01 3.164031331101243723e+02 2.346790011345096900e+02 5.598915764045228798e+02 1.687924669808292144e+00 1.320985070841288973e+02 5.891608295231926462e+01 3.991877363584089844e-01 7.921959195003225886e+02 4.713154871834349251e+02 1.956830050534571512e+02 4.480250707651263298e+01 6.566853748400694357e+00 2.556157124711341916e-05 7.130350342907661556e-05 0.000000000000000000e+00
1.132049830162881790e+03 8.744354944136707442e-01 3.254464194203700913e+02 0.000000000000000000e+00 5.098904597766553479e+02 2.254532854340516757e+00 2.875865127374956955e+02 2.239323641603217823e+02 2.311778181538321764e-01 6.272151930030070162e+02 2.010653139710262280e+02 5.272542981163180542e+00 4.873674703743578362e+01 4.170977971351720726e+01 2.316032810714746759e+01 1.210799595431284956e+02 1.778162249523613525e+02 3.046491217125720823e+02 1.059841221750107479e+03 1.182311022974993620e+02 0.000000000000000000e+00 1.625695054449052179e+02 8.311696852679658321e+01 0.000000000000000000e+00 8.310263422216652884e+01 2.634228025611551516e+01 1.020313679725081784e+03 7.111063282610635694e-02 0.000000000000000000e+00 2.015141123220435073e-04 0.000000000000000000e+00 1.591299269600295754e-05 3.468519120183972403e-06 6.153929690712433143e+01 4.918463296070894444e+02 1.075818523066255921e+03 0.000000000000000000e+00
8.625047266406969584e+02 3.808989191096379301e+01 9.724738176774399889e+00 9.385292351542550477e+02 2.002908124312071152e+02 1.538500875279861368e+01 3.749317432474975362e+02 0.000000000000000000e+00 1.043580273374884428e+03 5.546490397604911777e+02 0.000000000000000000e+00 2.941502114710496585e+02 1.463332959397564004e+01 2.179785807374954842e+01 0.000000000000000000e+00 5.754691546909562021e+02 7.077114139832607975e+01 1.411422746201841383e-01 0.000000000000000000e+00 0.000000000000000000e+00 7.609458477669136300e+01 3.566071261306518636e+02 0.000000000000000000e+00 3.413635716467546217e+02 1.424838804584177751e+03 8.669135114272203069e+00 1.160790705462861752e+03 8.728938531346316267e+02 4.411569991563676574e+00 2.940923844096827167e-01 0.000000000000000000e+00 0.000000000000000000e+00 9.003466928892919441e+00 6.650786402894551657e+02 0.000000000000000000e+00 4.465002744099648169e+01 9.916048737145598257e-03
1.021889005705756553e-01 8.385909272298371206e+02 1.087544735244307958e+03 2.091416118460525695e+02 0.000000000000000000e+00 1.357268783442929703e+02 1.256615480695670861e-01 1.813876308281028969e+03 7.668197899883061837e+02 0.000000000000000000e+00 5.856943599552731712e+02 5.901365548465278721e+01 2.947973581934000063e-08 2.073515769263267998e+02 5.342209631151970370e+02 0.000000000000000000e+00 0.000000000000000000e+00 1.907241331081432065e+02 0.000000000000000000e+00 0.000000000000000000e+00 8.909596153993729786e+02 3.741168311401286672e+01 2.283391005263350593e+00 8.804107127842085490e+00 3.012253332864387403e+02 2.490615531358032513e+02 8.393573909396253585e-01 4.216187364978534333e+02 2.963752601125485597e+01 3.019027732093928194e+02 1.329828134089494185e+00 3.050395888389331844e+01 9.094549812895478453e+02 1.101872727526918112e+02 1.084802661287913452e+03 5.858220526760451321e+02 4.882372705490560261e-05
1.307813321781518653e+03 4.767444482704221969e+02 2.849243854020323763e+00 1.790872149553822124e-01 6.793435803612492236e+02 0.000000000000000000e+00 1.289339655900836760e+03 1.054180009572429071e+03 0.000000000000000000e+00 8.003773576974764410e+02 3.268770784371028526e+02 0.000000000000000000e+00 1.525521966624879688e+01 0.000000000000000000e+00 9.808056989660036606e+02 0.000000000000000000e+00 1.346905473815999414e+02 1.247513716275145953e+03 3.444017336578734172e-08 8.671889110551010162e+02 6.623421721567137865e+02 1.162066585372361487e+03 1.533429805967860524e-05 0.000000000000000000e+00 0.000000000000000000e+00 1.541519142374314697e+03 1.888568303880136057e+02 0.000000000000000000e+00 0.000000000000000000e+00 5.358088877729426436e+00 5.094207185320206577e+01 3.798789686864083137e+02 7.082684706788093809e-01 7.483100673650383783e+01 1.259558620449465252e+03 9.572266812730024412e+02 0.000000000000000000e+00
1.255863043572476727e+03 2.972851404583973363e+02 5.054043976041589872e+02 1.128117141835778284e+03 2.005296796602484477e+01 1.091110353723778559e+02 1.297098019299546195e+03 1.212375891869045716e+02 1.098394626452720786e+03 1.771286879102549165e+03 0.000000000000000000e+00 2.500059002204116254e+01 0.000000000000000000e+00 9.015169721724016654e+02 0.000000000000000000e+00 1.467345326082499014e+03 0.000000000000000000e+00 1.231972389461217716e+02 6.475268824081290404e+02 6.447430212719760902e+02 0.000000000000000000e+00 8.459052788413752577e-03 1.036581484794158446e-04 0.000000000000000000e+00 1.583954559958230812e-01 9.031258954925530134e+02 1.435223186538740947e+02 3.903886417319684199e+01 7.258164599061797340e+00 5.577759934732615648e+02 1.088207211226594154e+03 0.000000000000000000e+00 3.442658986666114060e+02 6.287653152954489997e+02 1.748251318448520522e+02 3.926759079444858003e+01 2.296823867585268886e+02
0.000000000000000000e+00 1.210593838731029109e+03 1.167004652568419676e+00 4.453732474282534213e+02 3.335977777658901999e+01 3.659268045256670803e+02 6.684156927544536586e+01 1.753945414634540896e+02 1.591135484121602550e+00 2.027078870515378051e-02 1.615116367864880831e-01 1.189834609513458417e+03 8.582887518076345259e+02 5.000653905221030868e+02 8.294263688778463761e-02 0.000000000000000000e+00 7.969758813346661555e+02 1.255944296485984978e+03 3.494450459491854133e+01 3.671086756884529905e+02 5.323785472412950526e+01 3.337304364456419421e+02 2.163784328827605066e+02 2.133610178279678848e+02 3.651350969812291236e+00 4.441646539305735359e+02 2.139222731409552480e+01 1.234443606745837542e+03 1.038626900233110973e+03 3.352410902711531193e-01 9.539358832421386269e-01 1.422089685702598445e+03 3.033608393936234506e+02 2.176622944402575399e+02 6.660390186932819461e+02 1.448906941934909653e+01 5.319774149483396378e-05
3.264969931713253004e+02 8.117639135227352654e+02 6.710129266071949132e+02 5.338225959110383201e+02 5.875710316442497572e+01 5.865879530609194035e+02 5.817172800882448200e+02 3.604342120513067016e+02 5.699072469583109068e+02 3.616317149364459169e+02 4.840305590184857465e+02 2.250254681374024983e+02 1.540421041414052524e+03 2.153506067110901423e+00 4.182229667784339426e+02 3.438557034659879719e+02 5.170859211262055943e+00 2.580582858131502899e+00 2.943032588252177462e+01 5.259904268608948996e+02 8.424736418491434051e+02 5.540431224059293669e+01 2.047877878035183130e+02 6.194451751566749931e-02 1.168368479233895547e-03 0.000000000000000000e+00 1.017981118929767348e+01 4.354418805894884770e+01 4.931630434908466327e+02 0.000000000000000000e+00 1.399761752486465411e+03 3.472444648414789281e+00 4.175832070721229528e+00 1.391620451126552553e+03 9.902388512772443363e+00 1.939849952545781298e+00 3.642085301021880366e-04
4.615212425700478320e+02 4.239922263865900618e+02 0.000000000000000000e+00 1.069841140283325132e+02 4.314253106069584476e+01 2.248819972613502216e+02 7.283864871263936038e+02 7.961445170526391735e+01 2.087561166258603009e+02 1.712557332499406130e+03 1.114579686996430610e+03 3.875627102742509464e+02 1.673287429165863216e+01 3.062024617352476525e+02 1.572180442426070385e+03 4.208514006360912845e+02 5.919509295295104039e+02 5.755880021811658480e+02 1.464955608407956106e+03 1.799580774135204564e+01 6.490954269204454476e+02 1.708254018017874216e+02 4.393187528711459890e+02 2.002587599272490024e+02 1.516235044635028455e-10 1.018276218732710363e-03 0.000000000000000000e+00 5.804513143062637579e-05 1.930157966721330969e-04 0.000000000000000000e+00 2.216006044802202268e+01 0.000000000000000000e+00 2.781658854567555181e+02 0.000000000000000000e+00 1.012617505191931627e+03 7.321081578859461558e+01 8.091531400555139898e-05
1.054401618459260614e+00 0.000000000000000000e+00 2.903143420576107019e+02 1.055692169703689160e+03 1.203134946090923904e+03 5.211150639505439131e+01 9.252534005126929060e+02 2.454932598791989165e+02 4.782116281726536045e+01 1.011720635118784571e+03 1.550784039451862828e+00 4.025854461266147738e-02 1.287077148585781060e+03 2.253295408809254354e+02 1.811700341675510373e+01 1.018516933381601736e-01 6.245422561563071184e+01 3.807343510450810697e+01 2.180055820940812623e+02 1.448420335610841903e+03 0.000000000000000000e+00 0.000000000000000000e+00 9.341306582665542919e+02 1.807896373047918246e+02 6.778041951531442455e-02 2.057366324799796413e-04 3.621960328880459239e-04 0.000000000000000000e+00 0.000000000000000000e+00 9.805610287404345580e-05 4.189305456252100885e-06 0.000000000000000000e+00 1.286839408957695923e+03 7.041070399092299681e+01 3.742784456586022088e+02 5.870345533447023172e+02 1.334039186593261261e+00
2.756787756090310495e+02 1.770389440659407565e-01 3.658606152940259904e+02 4.221353206339714603e+01 1.488226989548311167e+03 1.870258572512594597e+01 9.588825396204823903e+01 1.139172451927248630e+03 8.174160948557906750e+02 3.426749290711222917e-02 1.448392983874671472e+03 1.262701271947346413e+02 4.021278031429346100e+01 1.536972439096954872e+02 3.266828427974977522e+00 7.050270701089905501e+00 0.000000000000000000e+00 0.000000000000000000e+00 5.642346651911939404e+01 7.329961660280595197e+02 0.000000000000000000e+00 6.962996036619205142e+01 1.603801267823559556e+03 5.212421578795677988e+02 1.285183825977763945e+02 0.000000000000000000e+00 2.618148870542185693e-04 3.168512331776546947e-04 3.508261483569832251e+01 5.245096830256980525e+01 6.894195274045621602e+01 4.734371997134597443e+00 8.020479087558445030e+01 8.348468662224054242e+02 3.266445149291026269e+02 3.286257844906278365e+02 2.487201056091972760e+02
6.166760390943502301e+01 0.000000000000000000e+00 3.933682532248981545e+01 0.000000000000000000e+00 7.547013176962292391e+02 1.425919065806692032e+01 3.799724096511521765e+01 1.903541414936767296e+03 7.674372211798447552e+01 4.253126680390187175e+01 1.437280810113380767e+03 1.168021827004658917e+03 8.303999417358531332e+01 1.086117898583357601e+03 2.628130794710828582e+02 3.408236269013186188e+02 1.138200060345661541e+03 5.590257270688025528e+02 3.956430187803582754e+01 1.320448920016287274e-04 7.239920845503800138e+02 4.532255898820475295e+02 6.124138656943964776e+01 8.078334317995976122e+00 3.968828405969619553e+02 1.097052559593578280e+03 1.079066645989521248e+03 1.832001464678500326e+02 8.249739678873220328e+02 5.958828910419451859e+02 7.694971368224622132e+00 7.418935219603606246e-02 0.000000000000000000e+00 9.180224560352718832e-01 7.159693850972449525e+01 2.174149075920699943e+02 1.580160176154194751e+01
8.649471992779307072e+01 8.576904997460414961e+02 1.109149101252137825e+03 1.399436605027513679e+03 1.824658956304191758e-04 1.147785874943793715e+03 1.015592691821310678e-01 1.051818983458944201e-01 0.000000000000000000e+00 0.000000000000000000e+00 8.752088045532826754e+02 9.335658371222574488e+02 2.963640449034038227e+01 1.656563517766279574e+02 4.992239823773835496e+02 1.051635868060584329e+02 1.835190033647396968e+00 2.275218773206994654e-04 1.058485999055322395e+02 1.374308353667501835e-02 5.597769797448354012e+01 5.610413666925087739e+01 5.156923215859308129e+02 1.425799651489351618e+03 3.745803078842200762e+01 1.132972832514589754e+03 0.000000000000000000e+00 1.123462429247988226e+01 0.000000000000000000e+00 4.303723484802483199e+02 1.483952159322418083e+03 4.718542725069789299e+02 1.298642588238861073e+01 0.000000000000000000e+00 1.948694662574524372e+01 4.001105830849293277e+00 8.637731008872531646e+00
0.000000000000000000e+00 1.704881801309101661e+02 0.000000000000000000e+00 9.296361212867213908e+02 1.596644601769547922e+00 0.000000000000000000e+00 1.879356016560249998e+02 6.108437101363640522e+02 1.131041871830206674e+03 2.685476772309096865e-05 2.187530339894142060e+02 7.672281907656611999e+00 2.293113867167224651e+00 1.038174731804229850e+03 2.427935640718249033e+02 6.085219097090443618e+00 2.052207469713624732e+01 7.093441971588125625e+02 0.000000000000000000e+00 5.480840159834822305e-03 3.824344446463362078e-04 1.430495413594669307e-04 8.730365508184499390e+01 1.454014564894524256e+03 1.547588252949794423e+03 2.693130921003594302e+00 1.623939144664573405e+03 7.454896998382845368e+02 3.033092194283487402e+02 3.107195713464278031e-01 4.189743512197176756e+01 1.021008198150446219e+03 0.000000000000000000e+00 5.779632543502510771e+02 4.375899630548966570e+02 7.584039746918705305e+02 5.637527123793684147e+00
