output/example/lateral_incision_000025.asc
nrows	75
cellsize	13.33333333
xllcorner	0
ncols	75
yllcorner	0
NODATA_value	-9999
[rows 17 to 33 of 75, columns 37 to 73 of 75]
5.738855504224257980e-13 0.000000000000000000e+00 3.014519503117727413e-12 3.411540720011021125e-12 1.667714610321860788e-12 0.000000000000000000e+00 1.667714610321919757e-12 3.012485072464862559e-11 5.750274026923504505e-13 0.000000000000000000e+00 1.667195766103958864e-12 0.000000000000000000e+00 0.000000000000000000e+00 0.000000000000000000e+00 0.000000000000000000e+00 5.739309723199910746e-13 0.000000000000000000e+00 0.000000000000000000e+00 0.000000000000000000e+00 5.767087151156324772e-13 1.674269431220823676e-12 3.372040670465407417e-12 5.469841075411974174e-12 3.428399333773806839e-12 0.000000000000000000e+00 1.772495464562988868e-11 0.000000000000000000e+00 5.082691122200961633e-12 0.000000000000000000e+00 4.836524679079939879e-12 0.000000000000000000e+00 0.000000000000000000e+00 8.573411183425865071e-12 6.591113205982505831e-12 0.000000000000000000e+00 1.873465640190215918e-12 3.410688559452724641e-12
0.000000000000000000e+00 5.757103679802107862e-13 0.000000000000000000e+00 1.667467819507887995e-12 0.000000000000000000e+00 5.728322475012403252e-13 3.412087734567115786e-12 5.744113249648973614e-13 0.000000000000000000e+00 0.000000000000000000e+00 0.000000000000000000e+00 0.000000000000000000e+00 0.000000000000000000e+00 0.000000000000000000e+00 5.739309723199910746e-13 0.000000000000000000e+00 5.758532429407294526e-13 3.430273091624055002e-12 0.000000000000000000e+00 6.990038626261164863e-11 0.000000000000000000e+00 1.542691324431317086e-12 0.000000000000000000e+00 0.000000000000000000e+00 3.411131180908265659e-12 1.667060826375580799e-12 1.674049034618801659e-12 1.871128827668855083e-12 1.650914387440471661e-12 0.000000000000000000e+00 1.673848828021133713e-12 1.659710753516949046e-12 0.000000000000000000e+00 3.416677229410040281e-12 3.027730409753217832e-12 0.000000000000000000e+00 1.658962964059583942e-12
0.000000000000000000e+00 0.000000000000000000e+00 3.412567041239069399e-12 0.000000000000000000e+00 3.412567041235964644e-12 1.670706345345921971e-12 0.000000000000000000e+00 0.000000000000000000e+00 5.744113249648973614e-13 0.000000000000000000e+00 0.000000000000000000e+00 0.000000000000000000e+00 0.000000000000000000e+00 0.000000000000000000e+00 3.427135338542102179e-12 4.298930333872722473e-12 0.000000000000000000e+00 3.034153187220083144e-12 3.422964094292737442e-12 3.383616448386433204e-11 1.667594842163778722e-12 5.735876815304743647e-13 3.412607694084155944e-12 6.147628667245057126e-12 1.666920113561577460e-12 0.000000000000000000e+00 1.677371366175327171e-12 0.000000000000000000e+00 1.676714513727711130e-12 5.739979496471036731e-13 0.000000000000000000e+00 1.669972450737052058e-12 0.000000000000000000e+00 0.000000000000000000e+00 0.000000000000000000e+00 5.685680096658852837e-13 0.000000000000000000e+00
0.000000000000000000e+00 0.000000000000000000e+00 3.418471468480330551e-12 1.670176048683271040e-12 3.414790349871830659e-12 0.000000000000000000e+00 0.000000000000000000e+00 0.000000000000000000e+00 0.000000000000000000e+00 0.000000000000000000e+00 0.000000000000000000e+00 0.000000000000000000e+00 0.000000000000000000e+00 0.000000000000000000e+00 0.000000000000000000e+00 3.430273091624055002e-12 1.681598308140768329e-12 0.000000000000000000e+00 1.675122132976828440e-12 0.000000000000000000e+00 1.029285680666798728e-17 3.416624346789597056e-12 5.732210529396212286e-13 1.667962822447243191e-12 0.000000000000000000e+00 7.475036172984873399e-11 3.411131180908265659e-12 5.738575268272479563e-13 0.000000000000000000e+00 0.000000000000000000e+00 5.715433374541505602e-13 5.710265086274431406e-13 0.000000000000000000e+00 0.000000000000000000e+00 0.000000000000000000e+00 0.000000000000000000e+00 0.000000000000000000e+00
1.671648853195635787e-12 0.000000000000000000e+00 1.094927245709362472e-11 5.740686994657507331e-13 3.293523477947619533e-11 5.747880660992684385e-13 0.000000000000000000e+00 0.000000000000000000e+00 0.000000000000000000e+00 3.431482837190234449e-12 0.000000000000000000e+00 0.000000000000000000e+00 0.000000000000000000e+00 0.000000000000000000e+00 1.677635820400984969e-12 0.000000000000000000e+00 3.407627465714502055e-12 1.675122132976828440e-12 6.158889610694070450e-12 8.309869136163879249e-17 0.000000000000000000e+00 3.011796823765954705e-12 9.544025155658578612e-11 3.412952234495228046e-12 1.673900172195286680e-12 0.000000000000000000e+00 0.000000000000000000e+00 0.000000000000000000e+00 0.000000000000000000e+00 0.000000000000000000e+00 0.000000000000000000e+00 0.000000000000000000e+00 0.000000000000000000e+00 0.000000000000000000e+00 1.656178770246618744e-12 1.653311734593667943e-12 0.000000000000000000e+00
0.000000000000000000e+00 1.682338433420518678e-12 0.000000000000000000e+00 5.420207737053540463e-12 0.000000000000000000e+00 0.000000000000000000e+00 0.000000000000000000e+00 0.000000000000000000e+00 3.422205145766445845e-12 1.678171751400235334e-12 0.000000000000000000e+00 1.673807437771078001e-12 0.000000000000000000e+00 5.753343503760634686e-13 0.000000000000000000e+00 1.678281638724750888e-12 0.000000000000000000e+00 0.000000000000000000e+00 1.671329036840899376e-12 0.000000000000000000e+00 1.670930741664778100e-12 5.787282238879318858e-13 2.272276889624178023e-10 0.000000000000000000e+00 3.099994326526420370e-11 3.412889757769630620e-12 0.000000000000000000e+00 0.000000000000000000e+00 0.000000000000000000e+00 1.668215067038956218e-12 0.000000000000000000e+00 0.000000000000000000e+00 0.000000000000000000e+00 1.087213692645564764e-11 0.000000000000000000e+00 0.000000000000000000e+00 0.000000000000000000e+00
2.012099360096209983e-16 0.000000000000000000e+00 4.123987681485584245e-16 3.408963847165043476e-12 0.000000000000000000e+00 0.000000000000000000e+00 0.000000000000000000e+00 0.000000000000000000e+00 1.674767699235087172e-12 0.000000000000000000e+00 8.773447860775924897e-12 0.000000000000000000e+00 0.000000000000000000e+00 0.000000000000000000e+00 3.026827153604785567e-12 0.000000000000000000e+00 1.673003476465081891e-12 1.671010393265864668e-12 0.000000000000000000e+00 1.256128355541337543e-10 5.101495113252781642e-11 0.000000000000000000e+00 5.729773824335053736e-13 1.667676160949341318e-12 0.000000000000000000e+00 2.960837135243428284e-11 3.414416233658475244e-12 1.306218317923828698e-10 1.682173370586534039e-12 0.000000000000000000e+00 0.000000000000000000e+00 3.296144497445441602e-11 1.678384948674603611e-12 0.000000000000000000e+00 1.853035351782366708e-12 5.674316508436435260e-13 0.000000000000000000e+00
1.023700878812486104e-10 5.746264611519191824e-13 3.560166505561736584e-11 0.000000000000000000e+00 1.405610510162537279e-16 1.673102082896602569e-12 3.428951841121994989e-12 1.673906120344724112e-12 0.000000000000000000e+00 3.712981575369358659e-12 3.422205145766445845e-12 5.751650806279225663e-13 0.000000000000000000e+00 0.000000000000000000e+00 3.414882893296409715e-12 6.843491377167590720e-20 3.419612251096897122e-12 1.308433968400414420e-10 1.301327677652989419e-10 3.414178858839423319e-12 0.000000000000000000e+00 0.000000000000000000e+00 0.000000000000000000e+00 3.412966357281419365e-12 1.668624598065231860e-12 0.000000000000000000e+00 1.671912087570350020e-12 3.417729481653839149e-12 0.000000000000000000e+00 3.015377681491774004e-11 3.447498796442353656e-12 1.690040060193773370e-12 0.000000000000000000e+00 1.677539712202421951e-12 1.656990413532510657e-12 1.653472750370036090e-12 0.000000000000000000e+00
1.660382268939827991e-12 2.880007127927504455e-10 6.686448403976687490e-13 1.667157501898241886e-12 2.863418493226098282e-12 1.367452230574891365e-16 4.277631182080739241e-12 0.000000000000000000e+00 1.674749029902923401e-12 3.422758115038920191e-12 0.000000000000000000e+00 1.673369853587631235e-12 0.000000000000000000e+00 3.011537191648357121e-12 1.807901029318146513e-16 0.000000000000000000e+00 3.802205008358194907e-10 1.672365115499973326e-12 5.727674553391831049e-13 1.035248122542349701e-19 1.669821091378962578e-12 0.000000000000000000e+00 0.000000000000000000e+00 0.000000000000000000e+00 0.000000000000000000e+00 5.419052997074557151e-12 0.000000000000000000e+00 4.248283475224634603e-12 6.105590163348419980e-11 3.567089309835600040e-19 1.045150860842230227e-12 1.690246498578705789e-12 6.227976887969952189e-12 3.439380296630275407e-12 0.000000000000000000e+00 0.000000000000000000e+00 0.000000000000000000e+00
1.005908609915855936e-10 0.000000000000000000e+00 1.528046454756576609e-12 3.412841347707253855e-12 2.565520955312737728e-18 1.674835833358663092e-12 5.625203403850560788e-16 7.391956840529334656e-12 1.349820548195514695e-11 0.000000000000000000e+00 0.000000000000000000e+00 3.418262775602977108e-12 5.751393986251153238e-13 3.031928991623492332e-12 7.652330690875976881e-12 1.672365115499943438e-12 1.672365115499946265e-12 1.671049004471071014e-12 2.467079907818207320e-19 0.000000000000000000e+00 1.671539891125809799e-12 3.418553742400137922e-12 0.000000000000000000e+00 0.000000000000000000e+00 0.000000000000000000e+00 1.678829870828658988e-12 5.737794020294766890e-13 1.679978926286045791e-12 0.000000000000000000e+00 0.000000000000000000e+00 1.666091266122968228e-12 3.456936704811859997e-12 7.490149719487721500e-12 6.213184767397949573e-12 1.656990413532510657e-12 1.653472750370036090e-12 0.000000000000000000e+00
1.653738501055679080e-12 0.000000000000000000e+00 0.000000000000000000e+00 0.000000000000000000e+00 0.000000000000000000e+00 3.922360948734493092e-16 3.408963847165061651e-12 3.454920874646482965e-19 0.000000000000000000e+00 0.000000000000000000e+00 0.000000000000000000e+00 1.838964634995398648e-11 6.288885829911042830e-19 0.000000000000000000e+00 1.682067925291435495e-12 1.672997147679444161e-12 3.019827705199874983e-12 0.000000000000000000e+00 1.168732024690054680e-10 8.728585765113460229e-12 1.670463894633871322e-12 0.000000000000000000e+00 0.000000000000000000e+00 0.000000000000000000e+00 0.000000000000000000e+00 0.000000000000000000e+00 5.753409615088137667e-13 0.000000000000000000e+00 0.000000000000000000e+00 0.000000000000000000e+00 0.000000000000000000e+00 1.662901566314061956e-12 0.000000000000000000e+00 1.465785239351670897e-12 5.391899528723560601e-12 3.389489237661623633e-12 0.000000000000000000e+00
0.000000000000000000e+00 0.000000000000000000e+00 0.000000000000000000e+00 0.000000000000000000e+00 0.000000000000000000e+00 6.196115583332701974e-12 1.293379218177844301e-11 1.340506117689790096e-16 0.000000000000000000e+00 0.000000000000000000e+00 8.964858457006042624e-12 1.698520861802297397e-12 0.000000000000000000e+00 1.865856177440415958e-12 5.737783611797510481e-13 5.750049575314037501e-13 0.000000000000000000e+00 1.671926463936183557e-12 0.000000000000000000e+00 0.000000000000000000e+00 3.824369257934283883e-11 1.106728295782682229e-11 0.000000000000000000e+00 0.000000000000000000e+00 0.000000000000000000e+00 0.000000000000000000e+00 0.000000000000000000e+00 0.000000000000000000e+00 0.000000000000000000e+00 0.000000000000000000e+00 0.000000000000000000e+00 0.000000000000000000e+00 1.504091807816718873e-11 0.000000000000000000e+00 5.688982322800892872e-13 0.000000000000000000e+00 1.653002182049779620e-12
0.000000000000000000e+00 0.000000000000000000e+00 0.000000000000000000e+00 5.752232118805018848e-13 4.265123325697569535e-12 0.000000000000000000e+00 5.753728393823017109e-13 3.338748098960595901e-11 5.573480045763572034e-17 1.704522150722927502e-12 1.714450877839703501e-12 0.000000000000000000e+00 1.675364265651956860e-12 1.135177867218441772e-11 1.675101984031060922e-12 0.000000000000000000e+00 0.000000000000000000e+00 0.000000000000000000e+00 0.000000000000000000e+00 1.675831102581094688e-12 0.000000000000000000e+00 3.611150439473787301e-18 1.669505160910111865e-12 1.674803996881752627e-12 0.000000000000000000e+00 0.000000000000000000e+00 0.000000000000000000e+00 0.000000000000000000e+00 0.000000000000000000e+00 0.000000000000000000e+00 0.000000000000000000e+00 0.000000000000000000e+00 0.000000000000000000e+00 4.431820565186239064e-12 1.656584087621273576e-12 5.676593712217543742e-13 0.000000000000000000e+00
0.000000000000000000e+00 0.000000000000000000e+00 0.000000000000000000e+00 0.000000000000000000e+00 0.000000000000000000e+00 5.759309573492482095e-13 5.768161593301227903e-13 3.465770055112586991e-12 1.000609175636133761e-11 2.080111047938401722e-10 5.743975669650674934e-13 5.744347432613903282e-13 3.477995498613437035e-12 5.740701555748684377e-13 0.000000000000000000e+00 0.000000000000000000e+00 0.000000000000000000e+00 0.000000000000000000e+00 0.000000000000000000e+00 0.000000000000000000e+00 5.743820369374801128e-13 0.000000000000000000e+00 3.234956116712843904e-11 1.558545168818602168e-11 5.759071133838740550e-13 0.000000000000000000e+00 0.000000000000000000e+00 0.000000000000000000e+00 2.289439771053897990e-12 1.475228250983322631e-12 5.709914709121741009e-13 0.000000000000000000e+00 0.000000000000000000e+00 0.000000000000000000e+00 0.000000000000000000e+00 0.000000000000000000e+00 0.000000000000000000e+00
1.386894808971805603e-12 0.000000000000000000e+00 0.000000000000000000e+00 0.000000000000000000e+00 1.038805273358833469e-12 3.425907439273707903e-12 1.709825578295336368e-12 0.000000000000000000e+00 1.720076460384684558e-12 2.821105362104408820e-11 5.882935494167165241e-10 0.000000000000000000e+00 0.000000000000000000e+00 0.000000000000000000e+00 0.000000000000000000e+00 0.000000000000000000e+00 1.662471438690924911e-12 0.000000000000000000e+00 0.000000000000000000e+00 0.000000000000000000e+00 0.000000000000000000e+00 1.677642460726937465e-12 1.851246013493836840e-12 3.077934741527891188e-11 8.680940238233939930e-12 0.000000000000000000e+00 0.000000000000000000e+00 4.538783358095298473e-11 3.441050580669618393e-12 5.730953934559058067e-13 0.000000000000000000e+00 0.000000000000000000e+00 0.000000000000000000e+00 0.000000000000000000e+00 0.000000000000000000e+00 0.000000000000000000e+00 0.000000000000000000e+00
0.000000000000000000e+00 0.000000000000000000e+00 0.000000000000000000e+00 0.000000000000000000e+00 0.000000000000000000e+00 1.765449279652595193e-12 0.000000000000000000e+00 1.709825578295336368e-12 0.000000000000000000e+00 3.132375823570662639e-12 0.000000000000000000e+00 2.315298965039854232e-10 0.000000000000000000e+00 0.000000000000000000e+00 1.676089805108538686e-12 1.670922821524998624e-12 0.000000000000000000e+00 0.000000000000000000e+00 0.000000000000000000e+00 0.000000000000000000e+00 0.000000000000000000e+00 0.000000000000000000e+00 1.677826676780718344e-12 0.000000000000000000e+00 1.673549164342161914e-12 8.700383163144405140e-12 4.552852098139626228e-18 0.000000000000000000e+00 1.680033273313390579e-12 1.095113569807634107e-11 6.258519766275788022e-12 7.787460291347101700e-12 8.834177343119742200e-12 4.240872033954645176e-12 1.653623992615189644e-12 1.649892591032578436e-12 0.000000000000000000e+00
3.378788025897694181e-12 0.000000000000000000e+00 0.000000000000000000e+00 0.000000000000000000e+00 0.000000000000000000e+00 0.000000000000000000e+00 6.071446100824925772e-13 0.000000000000000000e+00 3.409602070052320461e-12 2.339174894224895254e-10 5.898180398043884504e-13 3.508178838631815962e-12 0.000000000000000000e+00 1.477111083945665670e-11 0.000000000000000000e+00 0.000000000000000000e+00 5.736003715682829153e-13 0.000000000000000000e+00 0.000000000000000000e+00 0.000000000000000000e+00 0.000000000000000000e+00 0.000000000000000000e+00 0.000000000000000000e+00 1.678672820854855143e-12 0.000000000000000000e+00 6.618371349689647905e-12 0.000000000000000000e+00 2.467079907818207320e-19 3.040467586740559430e-12 1.667103972180580638e-12 0.000000000000000000e+00 0.000000000000000000e+00 1.655499553570517346e-12 4.253044505151177997e-12 5.691685945172635175e-13 1.652218942634601872e-12 5.660597569529907062e-13
