output/example/lateral_incision_000029.asc
nrows	75
cellsize	13.33333333
xllcorner	0
ncols	75
yllcorner	0
NODATA_value	-9999
[rows 17 to 33 of 75, columns 37 to 73 of 75]
5.572165001937368891e-13 0.000000000000000000e+00 2.988127498748714317e-12 6.090936565703209191e-12 0.000000000000000000e+00 3.394516619759521660e-12 1.660063921507760726e-12 0.000000000000000000e+00 5.716145422134981005e-13 3.401928746110080489e-12 1.667026691182014079e-12 0.000000000000000000e+00 0.000000000000000000e+00 0.000000000000000000e+00 0.000000000000000000e+00 0.000000000000000000e+00 0.000000000000000000e+00 0.000000000000000000e+00 0.000000000000000000e+00 5.708430330804859227e-13 1.660806398442821400e-12 0.000000000000000000e+00 5.403554640492039285e-12 3.395106820652624503e-12 2.588760118134454593e-11 1.655919434158529553e-12 0.000000000000000000e+00 1.651934953679421988e-12 3.358008397699825218e-12 3.908875700320709134e-12 0.000000000000000000e+00 0.000000000000000000e+00 8.662016736973123528e-12 4.386867508756996868e-12 0.000000000000000000e+00 4.221482933322080747e-12 3.391763050274398814e-12
0.000000000000000000e+00 5.623093645492387810e-13 0.000000000000000000e+00 1.652581239259827884e-12 1.098839625849911819e-11 1.658038076918191421e-12 0.000000000000000000e+00 2.996739741634777667e-12 4.132161389896847699e-11 5.719004369137023858e-13 0.000000000000000000e+00 0.000000000000000000e+00 0.000000000000000000e+00 0.000000000000000000e+00 5.688565064533807754e-13 0.000000000000000000e+00 5.698604520794030296e-13 3.394651726824290362e-12 0.000000000000000000e+00 3.387935508792905706e-12 0.000000000000000000e+00 3.387935508792910957e-12 0.000000000000000000e+00 3.385686033819258340e-12 1.655222431006456378e-12 0.000000000000000000e+00 5.399613175663638025e-12 3.396945484062078441e-12 1.645239242544250702e-12 0.000000000000000000e+00 1.649339688365309417e-12 1.655345484137345444e-12 0.000000000000000000e+00 3.395390987146013852e-12 5.697603179815991628e-13 0.000000000000000000e+00 1.659530940907054186e-12
0.000000000000000000e+00 6.045612499928743675e-12 1.636814214400616466e-12 3.396186173811197778e-12 1.655952397006276246e-12 0.000000000000000000e+00 5.711920073759700836e-13 3.273255682847224633e-12 5.719004369137023858e-13 0.000000000000000000e+00 0.000000000000000000e+00 0.000000000000000000e+00 0.000000000000000000e+00 0.000000000000000000e+00 3.393395791087463790e-12 5.696222944817492554e-13 0.000000000000000000e+00 2.994606375437126006e-12 3.392296903555167971e-12 1.648811337555172628e-11 0.000000000000000000e+00 1.655772863713084358e-12 3.384849071905848859e-12 1.654645239025104056e-12 0.000000000000000000e+00 1.660054616777194454e-12 3.386856630898925892e-12 0.000000000000000000e+00 1.659720349004618309e-12 9.453082153018358603e-12 0.000000000000000000e+00 0.000000000000000000e+00 0.000000000000000000e+00 0.000000000000000000e+00 0.000000000000000000e+00 5.691868178476666182e-13 0.000000000000000000e+00
0.000000000000000000e+00 0.000000000000000000e+00 5.533315106956146374e-13 1.657684925377692643e-12 6.089551078516596262e-12 1.661095015978480075e-12 5.940677632605135235e-12 0.000000000000000000e+00 0.000000000000000000e+00 0.000000000000000000e+00 0.000000000000000000e+00 0.000000000000000000e+00 0.000000000000000000e+00 0.000000000000000000e+00 0.000000000000000000e+00 3.394651726824290362e-12 1.660971295145825965e-12 0.000000000000000000e+00 1.659055153515313866e-12 2.197580628984961546e-17 8.527376200698522391e-11 5.676950384547271347e-13 1.565091266000601564e-12 0.000000000000000000e+00 1.654645239025107489e-12 3.385919781354149482e-12 0.000000000000000000e+00 5.694031564076237304e-13 0.000000000000000000e+00 0.000000000000000000e+00 1.432906654952189251e-12 3.367985725096597597e-12 0.000000000000000000e+00 0.000000000000000000e+00 0.000000000000000000e+00 0.000000000000000000e+00 0.000000000000000000e+00
1.660400705019860530e-12 0.000000000000000000e+00 3.367709932097188605e-12 5.690686826279074716e-13 3.380398556659780539e-12 0.000000000000000000e+00 0.000000000000000000e+00 0.000000000000000000e+00 0.000000000000000000e+00 3.392676886025067356e-12 0.000000000000000000e+00 0.000000000000000000e+00 0.000000000000000000e+00 0.000000000000000000e+00 1.660071251042782663e-12 0.000000000000000000e+00 3.392296903555163932e-12 1.659055153515313866e-12 6.093814206523654274e-12 7.985280259490291935e-17 0.000000000000000000e+00 1.653727268478759178e-12 9.843565339377910679e-18 3.384035376744172061e-12 3.385056547581277183e-12 0.000000000000000000e+00 0.000000000000000000e+00 0.000000000000000000e+00 0.000000000000000000e+00 0.000000000000000000e+00 0.000000000000000000e+00 0.000000000000000000e+00 0.000000000000000000e+00 0.000000000000000000e+00 1.711791370205847675e-12 1.685726141511502974e-12 0.000000000000000000e+00
0.000000000000000000e+00 1.641760871211804978e-12 6.084830561024357806e-12 0.000000000000000000e+00 3.379302137467130447e-12 0.000000000000000000e+00 0.000000000000000000e+00 0.000000000000000000e+00 3.390317314046152532e-12 1.659461522706453486e-12 0.000000000000000000e+00 1.658161654314784927e-12 0.000000000000000000e+00 5.698083299024940231e-13 0.000000000000000000e+00 1.660012536145703755e-12 0.000000000000000000e+00 0.000000000000000000e+00 1.653361986148915854e-12 0.000000000000000000e+00 1.658595182166263952e-12 2.230208113626465066e-10 3.381502026590866266e-12 5.694032898419175031e-13 3.016590612607676584e-12 1.801623513731544559e-10 0.000000000000000000e+00 0.000000000000000000e+00 0.000000000000000000e+00 0.000000000000000000e+00 0.000000000000000000e+00 0.000000000000000000e+00 0.000000000000000000e+00 1.160436842178833683e-11 0.000000000000000000e+00 0.000000000000000000e+00 0.000000000000000000e+00
1.641760871211804978e-12 3.375880573596227978e-10 4.138699660636180173e-16 3.314276023788874315e-12 3.633977718172453133e-11 0.000000000000000000e+00 0.000000000000000000e+00 0.000000000000000000e+00 1.658235281965882323e-12 0.000000000000000000e+00 8.677935979298207548e-12 0.000000000000000000e+00 0.000000000000000000e+00 0.000000000000000000e+00 5.698378781105804913e-13 0.000000000000000000e+00 1.657812974630170983e-12 1.653044630519461831e-12 0.000000000000000000e+00 1.233361096320812313e-10 5.017656384107735804e-11 3.355213162054922715e-11 5.681227274819580174e-13 1.329294209129820584e-17 8.464718790604583252e-11 1.719262231017582809e-12 1.700513232196951598e-12 0.000000000000000000e+00 0.000000000000000000e+00 0.000000000000000000e+00 6.345144672032735763e-13 3.364454746478070235e-11 1.764308935139120685e-12 0.000000000000000000e+00 1.962369980888716788e-12 5.822107705667572565e-13 0.000000000000000000e+00
0.000000000000000000e+00 5.593004063559097964e-13 5.584238560013041524e-13 5.685983122489655837e-13 1.410651549605879691e-16 1.657972889564253355e-12 3.379079666612042036e-12 1.657192174454686809e-12 0.000000000000000000e+00 4.216855297240751639e-12 3.390317314046152532e-12 0.000000000000000000e+00 5.695552390928862422e-13 5.697828218058681529e-13 2.788812400172141906e-19 2.986604530452607792e-12 3.379479802829915274e-12 1.289893296130228337e-10 1.287299756083851846e-10 3.383145040435778036e-12 0.000000000000000000e+00 0.000000000000000000e+00 0.000000000000000000e+00 0.000000000000000000e+00 3.460380623356389902e-12 1.720151479994793954e-12 1.270105432503708172e-11 3.477145632939148940e-12 3.491616517647489240e-12 3.011058170780286873e-11 3.526938751834360654e-12 1.757140113419596425e-12 0.000000000000000000e+00 1.763870390244976706e-12 1.718099514520508645e-12 1.690245248795142449e-12 0.000000000000000000e+00
1.618399469341393089e-12 6.659547577550038416e-11 5.677271047851684420e-13 9.942047326650835308e-13 2.981652087565482085e-12 1.373459093584803161e-16 4.187269817410556173e-12 0.000000000000000000e+00 5.983935896598053833e-12 3.386884219015020121e-12 0.000000000000000000e+00 1.658641488963835175e-12 0.000000000000000000e+00 2.982523352576323097e-12 1.795631771317984307e-16 0.000000000000000000e+00 1.655353211950512609e-12 3.380032586684192280e-12 0.000000000000000000e+00 1.035248122542349701e-19 1.658751248716909675e-12 0.000000000000000000e+00 0.000000000000000000e+00 0.000000000000000000e+00 0.000000000000000000e+00 5.561047173208102229e-12 0.000000000000000000e+00 1.059093045155078578e-12 1.080151212065044655e-12 1.074930890500487259e-12 1.080151211766262615e-12 1.743343959630884046e-12 6.425461742229161361e-12 5.259945900780765915e-19 0.000000000000000000e+00 0.000000000000000000e+00 0.000000000000000000e+00
3.307955852764227177e-12 0.000000000000000000e+00 1.657983191944782918e-12 3.335368958274687478e-12 2.464182376169591339e-18 1.655585426088140143e-12 5.649940293834556035e-16 7.180990286892009168e-12 1.094682042825383999e-11 0.000000000000000000e+00 0.000000000000000000e+00 3.387599190929190886e-12 6.490438582814924894e-12 2.979032166016354191e-12 7.580728300198526557e-12 9.678158319573734162e-20 4.494680823713283864e-11 5.676045362599436946e-13 2.467079907818207320e-19 0.000000000000000000e+00 1.657840260430418828e-12 3.389083321722251824e-12 0.000000000000000000e+00 0.000000000000000000e+00 0.000000000000000000e+00 1.739139664017610666e-12 0.000000000000000000e+00 5.942001340028866716e-13 5.962426468462509350e-13 1.395287645392112589e-11 1.735585914893210764e-12 3.555046937268627457e-12 7.354288096825916817e-12 3.567295666802513592e-12 1.718099514520508645e-12 1.690245248795142449e-12 0.000000000000000000e+00
1.665524063138318959e-12 0.000000000000000000e+00 0.000000000000000000e+00 0.000000000000000000e+00 0.000000000000000000e+00 3.939789347838355841e-16 3.314276023788874315e-12 3.454920874646482965e-19 0.000000000000000000e+00 0.000000000000000000e+00 0.000000000000000000e+00 1.762826773386076101e-11 5.591896871024372208e-19 0.000000000000000000e+00 1.657998274615831144e-10 1.657688602451590647e-12 1.026015521786891779e-12 0.000000000000000000e+00 1.145229839716220693e-10 8.619897785706306895e-12 1.655922658291358154e-12 0.000000000000000000e+00 0.000000000000000000e+00 0.000000000000000000e+00 0.000000000000000000e+00 0.000000000000000000e+00 1.741534701299129197e-12 0.000000000000000000e+00 0.000000000000000000e+00 0.000000000000000000e+00 0.000000000000000000e+00 1.757849632925000771e-12 0.000000000000000000e+00 3.199197093395849647e-12 5.675802203407207194e-12 3.537540387716785653e-12 0.000000000000000000e+00
0.000000000000000000e+00 0.000000000000000000e+00 0.000000000000000000e+00 0.000000000000000000e+00 0.000000000000000000e+00 5.564113032638255788e-13 1.261024835515032716e-11 1.346482116729751433e-16 0.000000000000000000e+00 0.000000000000000000e+00 6.028743440340628275e-12 1.652331322152937072e-12 0.000000000000000000e+00 1.656024780461642531e-12 0.000000000000000000e+00 1.658156054881412329e-12 0.000000000000000000e+00 1.656743935003261463e-12 0.000000000000000000e+00 0.000000000000000000e+00 1.655821677975445670e-12 1.098959283620267409e-11 0.000000000000000000e+00 0.000000000000000000e+00 0.000000000000000000e+00 0.000000000000000000e+00 0.000000000000000000e+00 0.000000000000000000e+00 0.000000000000000000e+00 0.000000000000000000e+00 0.000000000000000000e+00 0.000000000000000000e+00 1.545170951654026305e-12 0.000000000000000000e+00 1.718411585353187675e-12 0.000000000000000000e+00 1.689249756287600930e-12
0.000000000000000000e+00 0.000000000000000000e+00 0.000000000000000000e+00 5.695450981650543321e-13 4.210152436590550037e-12 0.000000000000000000e+00 5.689934415720868127e-13 3.137336068035498584e-11 7.006523031762852436e-19 5.564458356490880973e-13 1.635978094977532164e-12 0.000000000000000000e+00 5.640847075612266194e-13 1.096488345564372569e-11 1.658805604931914316e-12 0.000000000000000000e+00 0.000000000000000000e+00 0.000000000000000000e+00 0.000000000000000000e+00 1.659765918063990170e-12 0.000000000000000000e+00 1.657018231381616563e-12 1.657629547313643132e-12 1.659800782854556412e-12 0.000000000000000000e+00 0.000000000000000000e+00 0.000000000000000000e+00 0.000000000000000000e+00 0.000000000000000000e+00 0.000000000000000000e+00 0.000000000000000000e+00 0.000000000000000000e+00 0.000000000000000000e+00 5.851660557015705348e-13 1.534040204169672175e-12 5.768259903349479718e-13 0.000000000000000000e+00
0.000000000000000000e+00 0.000000000000000000e+00 0.000000000000000000e+00 5.695050189697039124e-13 0.000000000000000000e+00 1.658440430672931255e-12 5.666329421025440597e-13 5.564113032638255788e-13 9.636894478144404218e-12 1.620850318203318118e-12 9.466416751581985681e-10 1.410944421132790950e-10 3.359777032213218452e-12 5.692227750982407824e-13 0.000000000000000000e+00 0.000000000000000000e+00 0.000000000000000000e+00 0.000000000000000000e+00 0.000000000000000000e+00 0.000000000000000000e+00 3.611150439473787301e-18 0.000000000000000000e+00 3.215570794202227046e-11 1.551511093523454683e-11 5.699834092723057187e-13 0.000000000000000000e+00 0.000000000000000000e+00 0.000000000000000000e+00 2.243926535468011168e-12 1.449416445489549584e-12 5.693951589719648392e-13 0.000000000000000000e+00 0.000000000000000000e+00 0.000000000000000000e+00 0.000000000000000000e+00 0.000000000000000000e+00 0.000000000000000000e+00
1.658069165462086056e-12 0.000000000000000000e+00 0.000000000000000000e+00 0.000000000000000000e+00 1.026415544470654689e-12 3.388098031132606135e-12 1.657066053939853450e-12 0.000000000000000000e+00 2.315706848169903432e-16 1.123789584620049905e-10 1.638762203306513775e-12 0.000000000000000000e+00 0.000000000000000000e+00 0.000000000000000000e+00 0.000000000000000000e+00 0.000000000000000000e+00 1.610138915366450849e-12 0.000000000000000000e+00 0.000000000000000000e+00 0.000000000000000000e+00 0.000000000000000000e+00 1.660386453097586544e-12 1.844378889615687312e-12 3.075490486962059783e-11 8.625438038536183190e-12 0.000000000000000000e+00 0.000000000000000000e+00 4.543635614739565928e-11 3.399736447077813418e-12 5.692944249867330210e-13 0.000000000000000000e+00 0.000000000000000000e+00 0.000000000000000000e+00 0.000000000000000000e+00 0.000000000000000000e+00 0.000000000000000000e+00 0.000000000000000000e+00
5.696712431605045121e-13 0.000000000000000000e+00 0.000000000000000000e+00 0.000000000000000000e+00 0.000000000000000000e+00 1.658855983426298423e-12 0.000000000000000000e+00 1.657066053939853450e-12 0.000000000000000000e+00 1.069525417596784057e-11 1.457168900372632619e-11 1.878663500109479094e-10 0.000000000000000000e+00 0.000000000000000000e+00 1.582633416856365319e-12 1.590433509137381692e-12 0.000000000000000000e+00 0.000000000000000000e+00 0.000000000000000000e+00 0.000000000000000000e+00 0.000000000000000000e+00 0.000000000000000000e+00 1.660557690174895531e-12 0.000000000000000000e+00 4.791598343873784695e-19 8.635250175062498266e-12 4.552852098139626228e-18 0.000000000000000000e+00 1.660231302456261361e-12 1.079436403812433715e-11 6.129404818502655901e-12 7.604172056007561840e-12 8.626253229824920044e-12 4.216532488787342469e-12 1.658215169771027051e-12 1.657899722336016245e-12 0.000000000000000000e+00
3.393660306598787770e-12 0.000000000000000000e+00 0.000000000000000000e+00 0.000000000000000000e+00 0.000000000000000000e+00 0.000000000000000000e+00 5.692152312038689750e-13 0.000000000000000000e+00 1.638404758389027354e-12 3.372902920444621419e-12 5.702460235576231395e-13 1.882815539770314694e-10 0.000000000000000000e+00 1.427643472298808257e-11 0.000000000000000000e+00 0.000000000000000000e+00 5.491684054291588104e-13 0.000000000000000000e+00 0.000000000000000000e+00 0.000000000000000000e+00 0.000000000000000000e+00 5.699538469951105317e-13 0.000000000000000000e+00 1.660663668686690403e-12 0.000000000000000000e+00 6.530658048204652189e-12 0.000000000000000000e+00 5.707586735970051760e-13 2.992620517234594942e-12 1.657749453636338646e-12 0.000000000000000000e+00 1.025899709987088849e-12 1.657624819669785980e-12 1.026000265675462786e-12 0.000000000000000000e+00 1.658869459613821512e-12 0.000000000000000000e+00
