output/field_example_test/area_000010.asc
nrows	150
cellsize	66.66666667
xllcorner	0
ncols	150
yllcorner	0
NODATA_value	-9999
[rows 34 to 50 of 150, columns 0 to 36 of 150]
4.444444444888888938e+03 4.444444444888888938e+03 4.444444444888888938e+03 8.888888889777777877e+03 1.333333333466666591e+04 2.666666666933333545e+04 8.888888889777777877e+03 4.444444444888888938e+03 4.444444444888888938e+03 8.888888889777777877e+03 3.555555555911111151e+04 4.444444444888888938e+03 1.408888889029842056e+07 4.444444444888888938e+03 4.444444444888888938e+03 1.384444444582951441e+07 8.888888889777777877e+03 4.444444444888888938e+03 8.888888889777777877e+03 4.000000000400000135e+04 4.444444444888888938e+03 4.444444444888888938e+03 9.244444445368867600e+05 7.866666667453323025e+05 7.733333334106657421e+05 8.888888889777777877e+03 4.444444444888888938e+03 4.444444444888888938e+03 4.444444444888888938e+03 4.444444444888888938e+03 4.444444444888888938e+03 4.444444444888888938e+03 4.444444444888888938e+03 4.444444444888888938e+03 4.444444444888888938e+03 4.444444444888888938e+03 1.333333333466666591e+04
4.444444444888888938e+03 4.444444444888888938e+03 4.444444444888888938e+03 1.438222222366110794e+07 1.436444444588155113e+07 1.434222222365710512e+07 8.888888889777777877e+03 4.444444444888888938e+03 8.888888889777777877e+03 4.444444444888888938e+03 1.418666666808598302e+07 1.413777777919220179e+07 8.888888889777777877e+03 4.444444444888888938e+03 4.444444444888888938e+03 1.022222222324444010e+05 1.333333333466666591e+04 4.444444444888888938e+03 4.444444444888888938e+03 3.111111111422222530e+04 4.444444444888888938e+03 4.444444444888888938e+03 1.288888889017776964e+05 4.444444444888888938e+03 4.444444444888888938e+03 7.466666667413326213e+05 8.888888889777777877e+03 8.888888889777777877e+03 8.888888889777777877e+03 4.444444444888888938e+03 4.444444444888888938e+03 4.444444444888888938e+03 4.444444444888888938e+03 4.444444444888888938e+03 4.444444444888888938e+03 4.444444444888888938e+03 4.444444444888888938e+03
4.444444444888888938e+03 4.444444444888888938e+03 1.440888889033044316e+07 8.888888889777777877e+03 4.444444444888888938e+03 4.444444444888888938e+03 1.428888889031843469e+07 4.444444444888888938e+03 1.423555555697976425e+07 1.422222222364509664e+07 4.444444444888888938e+03 2.222222222444444560e+04 8.888888889777777877e+03 4.444444444888888938e+03 4.444444444888888938e+03 7.555555556311110558e+04 1.777777777955555575e+04 8.888888889777777877e+03 4.444444444888888938e+03 1.777777777955555575e+04 4.444444444888888938e+03 4.444444444888888938e+03 1.111111111222221662e+05 8.888888889777777877e+03 4.444444444888888938e+03 4.444444444888888938e+03 7.200000000719995005e+05 1.333333333466666591e+04 8.888888889777777877e+03 4.444444444888888938e+03 1.333333333466666591e+04 8.888888889777777877e+03 8.888888889777777877e+03 8.888888889777777877e+03 4.444444444888888938e+03 4.444444444888888938e+03 4.444444444888888938e+03
1.443555555699977838e+07 1.443555555699977838e+07 1.333333333466666591e+04 8.888888889777777877e+03 4.444444444888888938e+03 4.444444444888888938e+03 8.888888889777777877e+03 1.426222222364909947e+07 4.444444444888888938e+03 1.333333333466666591e+04 8.888888889777777877e+03 8.888888889777777877e+03 8.888888889777777877e+03 4.444444444888888938e+03 4.444444444888888938e+03 4.888888889377778105e+04 1.777777777955555575e+04 1.333333333466666591e+04 4.444444444888888938e+03 8.888888889777777877e+03 4.444444444888888938e+03 8.888888889777777877e+03 8.888888889777775330e+04 8.888888889777777877e+03 4.444444444888888938e+03 4.444444444888888938e+03 8.888888889777777877e+03 6.800000000679998193e+05 1.911111111302220670e+05 1.822222222404443019e+05 1.511111111262221239e+05 1.288888889017776964e+05 1.066666666773332836e+05 8.888888889777775330e+04 2.666666666933333545e+04 1.777777777955555575e+04 8.888888889777777877e+03
4.444444444888888938e+03 4.444444444888888938e+03 8.888888889777777877e+03 8.888888889777777877e+03 4.444444444888888938e+03 4.444444444888888938e+03 8.888888889777777877e+03 4.444444444888888938e+03 4.444444444888888938e+03 4.444444444888888938e+03 4.444444444888888938e+03 4.444444444888888938e+03 4.444444444888888938e+03 4.444444444888888938e+03 4.444444444888888938e+03 1.333333333466666591e+04 2.666666666933333545e+04 1.333333333466666591e+04 8.888888889777777877e+03 4.444444444888888938e+03 4.444444444888888938e+03 8.888888889777777877e+03 6.666666667333334044e+04 8.888888889777777877e+03 4.444444444888888938e+03 4.444444444888888938e+03 4.444444444888888938e+03 4.755555556031119777e+05 4.444444444888888938e+03 4.444444444888888938e+03 8.888888889777777877e+03 8.888888889777777877e+03 8.888888889777777877e+03 4.444444444888888938e+03 5.333333333866667090e+04 1.777777777955555575e+04 1.333333333466666591e+04
8.888888889777777877e+03 8.888888889777777877e+03 4.444444444888888938e+03 4.444444444888888938e+03 4.444444444888888938e+03 4.444444444888888938e+03 4.444444444888888938e+03 4.444444444888888938e+03 4.444444444888888938e+03 4.444444444888888938e+03 4.444444444888888938e+03 4.444444444888888938e+03 4.444444444888888938e+03 4.444444444888888938e+03 4.444444444888888938e+03 4.444444444888888938e+03 1.333333333466666591e+04 8.888888889777777877e+03 8.888888889777777877e+03 4.444444444888888938e+03 4.444444444888888938e+03 8.888888889777777877e+03 4.444444444888889120e+04 8.888888889777777877e+03 4.444444444888888938e+03 4.444444444888888938e+03 3.111111111422222530e+04 4.444444444888888938e+03 4.266666667093339493e+05 4.444444444888888938e+03 4.444444444888888938e+03 4.444444444888888938e+03 4.444444444888888938e+03 4.444444444888888938e+03 4.444444444888888938e+03 2.666666666933333545e+04 2.222222222444444560e+04
1.333333333466666591e+04 1.333333333466666591e+04 8.888888889777777877e+03 4.444444444888888938e+03 4.444444444888888938e+03 4.444444444888888938e+03 4.444444444888888938e+03 1.724444444616898196e+06 1.711111111282231286e+06 8.888888889777777877e+03 4.444444444888888938e+03 1.333333333466666591e+04 8.888888889777777877e+03 4.444444444888888938e+03 4.444444444888888938e+03 4.444444444888888938e+03 4.444444444888888938e+03 4.444444444888888938e+03 4.444444444888888938e+03 4.444444444888888938e+03 4.444444444888888938e+03 8.888888889777777877e+03 2.666666666933333545e+04 4.444444444888888938e+03 4.444444444888888938e+03 8.888888889777777877e+03 1.333333333466666591e+04 5.333333333866667090e+04 4.444444444888888938e+03 3.600000000360002741e+05 4.444444444888888938e+03 4.444444444888888938e+03 4.444444444888888938e+03 4.444444444888888938e+03 4.444444444888888938e+03 4.444444444888888938e+03 4.444444444888888938e+03
8.888888889777777877e+03 8.888888889777777877e+03 4.444444444888888938e+03 4.444444444888888938e+03 4.444444444888888938e+03 8.888888889777777877e+03 1.751111111286232015e+06 4.444444444888888938e+03 4.444444444888888938e+03 1.684444444612897467e+06 1.671111111278230557e+06 1.648888889053785708e+06 8.888888889777777877e+03 8.888888889777777877e+03 8.888888889777777877e+03 4.444444444888888938e+03 4.444444444888888938e+03 4.444444444888888938e+03 4.444444444888888938e+03 4.444444444888888938e+03 4.444444444888888938e+03 4.444444444888888938e+03 1.333333333466666591e+04 4.444444444888888938e+03 4.444444444888888938e+03 8.888888889777777877e+03 8.888888889777777877e+03 4.000000000400000135e+04 4.444444444888888938e+03 4.000000000400000135e+04 3.022222222524444223e+05 9.333333334266663587e+04 8.444444445288887073e+04 7.111111111822222301e+04 5.777777778355556075e+04 4.000000000400000135e+04 2.222222222444444560e+04
4.444444444888888938e+03 4.444444444888888938e+03 4.444444444888888938e+03 8.888888889777777877e+03 8.888888889777777877e+03 4.444444444888888938e+03 1.782222222400454804e+06 2.222222222444444560e+04 4.444444444888888938e+03 8.888888889777777877e+03 1.333333333466666591e+04 4.444444444888888938e+03 1.608888889049784979e+06 1.333333333466666591e+04 8.888888889777777877e+03 8.888888889777777877e+03 8.888888889777777877e+03 8.888888889777777877e+03 8.888888889777777877e+03 4.444444444888888938e+03 4.444444444888888938e+03 4.444444444888888938e+03 4.444444444888888938e+03 4.444444444888888938e+03 4.444444444888888938e+03 4.444444444888888938e+03 8.888888889777777877e+03 2.666666666933333545e+04 4.444444444888888938e+03 3.111111111422222530e+04 2.666666666933333545e+04 1.733333333506665367e+05 4.444444444888888938e+03 4.444444444888888938e+03 4.444444444888888938e+03 8.888888889777777877e+03 8.888888889777777877e+03
4.444444444888888938e+03 4.444444444888888938e+03 4.444444444888888938e+03 1.884444444632901112e+06 1.866666666853345232e+06 1.848888889073789353e+06 4.000000000400000135e+04 4.444444444888888938e+03 1.333333333466666591e+04 4.444444444888888938e+03 8.888888889777777877e+03 4.444444444888888938e+03 8.888888889777777877e+03 1.568888889045784250e+06 1.333333333466666591e+04 4.444444444888888938e+03 2.222222222444444560e+04 1.333333333466666591e+04 8.888888889777777877e+03 8.888888889777777877e+03 8.888888889777777877e+03 4.444444444888888938e+03 4.444444444888888938e+03 4.444444444888888938e+03 4.444444444888888938e+03 4.444444444888888938e+03 4.444444444888888938e+03 1.777777777955555575e+04 4.444444444888888938e+03 2.222222222444444560e+04 2.222222222444444560e+04 2.222222222444444560e+04 1.422222222364443587e+05 1.333333333466666591e+04 8.888888889777777877e+03 4.444444444888888938e+03 4.444444444888888938e+03
4.444444444888888938e+03 4.444444444888888938e+03 1.906666666857345961e+06 8.888888889777777877e+03 4.444444444888888938e+03 1.333333333466666591e+04 4.444444444888888938e+03 3.555555555911111151e+04 4.444444444888888938e+03 8.888888889777777877e+03 4.444444444888888938e+03 4.444444444888888938e+03 8.888888889777777877e+03 1.333333333466666591e+04 1.520000000152005581e+06 1.471111111258226912e+06 1.777777777955555575e+04 3.111111111422222530e+04 1.777777777955555575e+04 4.444444444888888938e+03 1.777777777955555575e+04 8.888888889777777877e+03 8.888888889777777877e+03 8.888888889777777877e+03 4.444444444888888938e+03 4.444444444888888938e+03 4.444444444888888938e+03 8.888888889777777877e+03 4.444444444888888938e+03 1.333333333466666591e+04 1.777777777955555575e+04 1.777777777955555575e+04 1.777777777955555575e+04 1.066666666773332836e+05 4.444444444888889120e+04 2.666666666933333545e+04 1.333333333466666591e+04
1.915555555747123901e+06 1.915555555747123901e+06 4.444444444888888938e+03 4.444444444888888938e+03 4.444444444888888938e+03 4.444444444888888938e+03 4.444444444888888938e+03 4.444444444888888938e+03 2.222222222444444560e+04 8.888888889777777877e+03 4.444444444888888938e+03 4.444444444888888938e+03 8.888888889777777877e+03 3.555555555911111151e+04 8.888888889777777877e+03 4.444444444888888938e+03 1.417777777919559274e+06 4.444444444888888938e+03 4.444444444888888938e+03 4.444444444888888938e+03 3.111111111422222530e+04 1.333333333466666591e+04 1.333333333466666591e+04 8.888888889777777877e+03 8.888888889777777877e+03 4.444444444888888938e+03 4.444444444888888938e+03 4.444444444888888938e+03 4.444444444888888938e+03 4.444444444888888938e+03 1.333333333466666591e+04 1.333333333466666591e+04 1.333333333466666591e+04 4.000000000400000135e+04 1.777777777955555575e+04 1.333333333466666591e+04 8.888888889777777877e+03
4.444444444888888938e+03 4.444444444888888938e+03 4.444444444888888938e+03 4.444444444888888938e+03 4.444444444888888938e+03 4.444444444888888938e+03 4.444444444888888938e+03 4.444444444888888938e+03 4.444444444888888938e+03 4.444444444888888938e+03 4.444444444888888938e+03 4.444444444888888938e+03 8.888888889777777877e+03 2.222222222444444560e+04 4.444444444888888938e+03 8.888888889777777877e+03 1.377777777915558545e+06 4.444444444888888938e+03 1.177777777895554900e+06 4.444444444888888938e+03 1.137777777891554171e+06 1.777777777955555575e+04 2.666666666933333545e+04 1.333333333466666591e+04 8.888888889777777877e+03 8.888888889777777877e+03 4.444444444888888938e+03 4.444444444888888938e+03 4.444444444888888938e+03 4.444444444888888938e+03 4.444444444888888938e+03 8.888888889777777877e+03 8.888888889777777877e+03 2.222222222444444560e+04 1.333333333466666591e+04 1.333333333466666591e+04 8.888888889777777877e+03
8.266666667493319837e+05 8.266666667493319837e+05 8.222222223044431303e+05 8.888888889777777877e+03 8.888888889777777877e+03 8.888888889777777877e+03 8.888888889777777877e+03 4.444444444888888938e+03 4.444444444888888938e+03 4.444444444888888938e+03 4.444444444888888938e+03 4.444444444888888938e+03 4.444444444888888938e+03 1.333333333466666591e+04 4.444444444888888938e+03 1.333333333466666591e+04 1.333333333466666591e+04 1.333333333466668846e+06 4.444444444888888938e+03 1.160000000115999021e+06 4.444444444888888938e+03 1.071111111218219623e+06 4.444444444888888938e+03 1.333333333466666591e+04 1.333333333466666591e+04 1.777777777955555575e+04 8.888888889777777877e+03 4.444444444888888938e+03 8.888888889777777877e+03 4.444444444888888938e+03 4.444444444888888938e+03 4.444444444888888938e+03 4.444444444888888938e+03 8.888888889777777877e+03 8.888888889777777877e+03 8.888888889777777877e+03 8.888888889777777877e+03
4.444444444888888938e+03 4.444444444888888938e+03 4.444444444888888938e+03 7.955555556351100095e+05 1.333333333466666591e+04 7.555555556311110558e+04 6.222222222844445059e+04 4.888888889377778105e+04 3.555555555911111151e+04 2.222222222444444560e+04 8.888888889777777877e+03 4.444444444888888938e+03 4.444444444888888938e+03 4.444444444888888938e+03 8.888888889777777877e+03 8.888888889777777877e+03 1.333333333466666591e+04 1.288888889017776964e+05 4.444444444888888938e+03 8.888888889777777877e+03 4.444444444888888938e+03 4.444444444888888938e+03 1.031111111214219243e+06 1.777777777955555575e+04 2.666666666933333545e+04 4.444444444888888938e+03 4.444444444888888938e+03 4.444444444888888938e+03 2.222222222444444560e+04 8.888888889777777877e+03 4.444444444888888938e+03 4.444444444888888938e+03 4.444444444888888938e+03 4.444444444888888938e+03 4.444444444888888938e+03 4.444444444888888938e+03 4.444444444888888938e+03
4.444444444888888938e+03 4.444444444888888938e+03 4.444444444888888938e+03 4.444444444888888938e+03 7.600000000759991817e+05 8.888888889777777877e+03 4.444444444888888938e+03 4.444444444888888938e+03 4.444444444888888938e+03 4.444444444888888938e+03 4.444444444888888938e+03 4.444444444888888938e+03 4.444444444888888938e+03 4.444444444888888938e+03 4.444444444888888938e+03 8.888888889777777877e+03 8.888888889777777877e+03 3.111111111422222530e+04 8.444444445288887073e+04 8.888888889777777877e+03 4.444444444888888938e+03 4.444444444888888938e+03 8.888888889777777877e+03 9.822222223204418551e+05 4.444444444888888938e+03 8.888888889777777877e+03 4.444444444888888938e+03 4.444444444888888938e+03 3.777777778155559208e+05 8.888888889777777877e+03 4.444444444888888938e+03 3.555555555911111151e+04 2.222222222444444560e+04 1.333333333466666591e+04 8.888888889777777877e+03 4.444444444888888938e+03 4.444444444888888938e+03
8.888888889777777877e+03 8.888888889777777877e+03 4.444444444888888938e+03 4.444444444888888938e+03 6.711111111782221124e+05 1.333333333466666591e+04 8.888888889777777877e+03 4.444444444888888938e+03 4.444444444888888938e+03 4.444444444888888938e+03 8.888888889777777877e+03 8.888888889777777877e+03 4.444444444888888938e+03 4.444444444888888938e+03 4.444444444888888938e+03 4.444444444888888938e+03 8.888888889777777877e+03 1.777777777955555575e+04 6.222222222844445059e+04 8.888888889777777877e+03 4.444444444888888938e+03 4.444444444888888938e+03 8.888888889777777877e+03 9.466666667613310274e+05 4.444444444888888938e+03 4.488888889337785076e+05 4.355555555991117726e+05 4.222222222644450376e+05 4.444444444888888938e+03 3.288888889217778924e+05 3.200000000320000690e+05 4.444444444888888938e+03 4.444444444888888938e+03 4.444444444888888938e+03 4.444444444888888938e+03 8.888888889777777877e+03 8.888888889777777877e+03
