output/field_example_test/area_000015.asc
nrows	150
cellsize	66.66666667
xllcorner	0
ncols	150
yllcorner	0
NODATA_value	-9999
[rows 34 to 50 of 150, columns 111 to 147 of 150]
4.444444444888888938e+03 4.444444444888888938e+03 1.333333333466666591e+04 1.333333333466666591e+04 1.333333333466666591e+04 1.777777777955555575e+04 1.777777777955555575e+04 2.222222222444444560e+04 5.453333333878699690e+06 5.293333333862688392e+06 8.888888889777777877e+03 8.888888889777777877e+03 8.888888889777777877e+03 8.888888889777777877e+03 4.444444444888888938e+03 4.444444444888888938e+03 2.666666666933333545e+04 5.333333333866667090e+04 1.777777777955555575e+04 1.777777777955555575e+04 1.777777777955555575e+04 1.333333333466666591e+04 8.888888889777777877e+03 4.444444444888888938e+03 4.444444444888888938e+03 8.888888889777777877e+03 1.333333333466666591e+04 5.333333333866667090e+04 5.333333333866667090e+04 8.888888889777777877e+03 4.444444444888888938e+03 4.444444444888889120e+04 1.777777777955555575e+04 1.777777777955555575e+04 1.777777777955555575e+04 1.777777777955555575e+04 1.333333333466666591e+04
4.444444444888888938e+03 4.444444444888888938e+03 8.888888889777777877e+03 3.111111111422222530e+04 5.333333333866667090e+04 7.555555556311110558e+04 1.022222222324444010e+05 5.604444445004932582e+06 4.444444444888888938e+03 4.444444444888888938e+03 4.444444444888888938e+03 4.444444444888888938e+03 4.444444444888888938e+03 4.444444444888888938e+03 4.444444444888888938e+03 4.444444444888888938e+03 1.777777777955555575e+04 3.555555555911111151e+04 1.333333333466666591e+04 1.333333333466666591e+04 1.333333333466666591e+04 1.333333333466666591e+04 8.888888889777777877e+03 4.444444444888888938e+03 4.444444444888888938e+03 8.888888889777777877e+03 1.333333333466666591e+04 3.555555555911111151e+04 4.000000000400000135e+04 8.888888889777777877e+03 4.444444444888888938e+03 1.777777777955555575e+04 2.222222222444444560e+04 1.333333333466666591e+04 1.333333333466666591e+04 1.333333333466666591e+04 1.333333333466666591e+04
4.444444444888888938e+03 4.444444444888888938e+03 4.444444444888888938e+03 4.444444444888888938e+03 4.444444444888888938e+03 4.444444444888888938e+03 4.444444444888888938e+03 4.444444444888888938e+03 5.644444445008935407e+06 2.666666666933333545e+04 2.222222222444444560e+04 1.777777777955555575e+04 1.333333333466666591e+04 8.888888889777777877e+03 4.444444444888888938e+03 4.444444444888888938e+03 8.888888889777777877e+03 2.222222222444444560e+04 8.888888889777777877e+03 8.888888889777777877e+03 8.888888889777777877e+03 8.888888889777777877e+03 8.888888889777777877e+03 4.444444444888888938e+03 4.444444444888888938e+03 8.888888889777777877e+03 8.888888889777777877e+03 2.222222222444444560e+04 2.666666666933333545e+04 8.888888889777777877e+03 4.444444444888888938e+03 1.333333333466666591e+04 4.444444444888888938e+03 1.333333333466666591e+04 8.888888889777777877e+03 8.888888889777777877e+03 8.888888889777777877e+03
4.444444444888888938e+03 8.888888889777777877e+03 8.888888889777777877e+03 4.444444444888888938e+03 4.444444444888888938e+03 4.444444444888888938e+03 4.444444444888888938e+03 4.444444444888888938e+03 5.808888889469835907e+06 8.888888889777777877e+03 4.444444444888888938e+03 4.444444444888888938e+03 4.444444444888888938e+03 4.444444444888888938e+03 4.444444444888888938e+03 4.444444444888888938e+03 4.444444444888888938e+03 1.333333333466666591e+04 4.444444444888888938e+03 4.444444444888888938e+03 4.444444444888888938e+03 4.444444444888888938e+03 4.444444444888888938e+03 4.444444444888888938e+03 4.444444444888888938e+03 4.444444444888888938e+03 4.444444444888888938e+03 1.333333333466666591e+04 1.333333333466666591e+04 8.888888889777777877e+03 4.444444444888888938e+03 4.444444444888888938e+03 4.444444444888888938e+03 4.444444444888888938e+03 4.444444444888888938e+03 4.444444444888888938e+03 4.444444444888888938e+03
8.888888889777777877e+03 8.888888889777777877e+03 1.333333333466666591e+04 1.333333333466666591e+04 8.888888889777777877e+03 8.888888889777777877e+03 8.888888889777777877e+03 5.831111111694281921e+06 4.444444444888888938e+03 1.511111111262221239e+05 1.066666666773332836e+05 8.444444445288887073e+04 6.222222222844445059e+04 4.444444444888889120e+04 1.777777777955555575e+04 8.888888889777777877e+03 4.444444444888888938e+03 4.444444444888888938e+03 4.444444444888888938e+03 4.444444444888888938e+03 4.444444444888888938e+03 4.444444444888888938e+03 4.444444444888888938e+03 4.444444444888888938e+03 4.444444444888888938e+03 4.444444444888888938e+03 4.444444444888888938e+03 4.444444444888888938e+03 4.444444444888888938e+03 4.444444444888888938e+03 4.444444444888888938e+03 4.444444444888888938e+03 4.444444444888888938e+03 4.444444444888888938e+03 4.444444444888888938e+03 4.444444444888888938e+03 4.444444444888888938e+03
8.888888889777777877e+03 1.333333333466666591e+04 1.333333333466666591e+04 3.111111111422222530e+04 4.444444444888888938e+03 1.777777777955555575e+04 5.875555556143173948e+06 4.444444444888888938e+03 4.444444444888888938e+03 2.222222222444444560e+04 1.777777777955555575e+04 1.333333333466666591e+04 1.333333333466666591e+04 8.888888889777777877e+03 1.777777777955555575e+04 8.888888889777777877e+03 4.444444444888888938e+03 4.444444444888888938e+03 4.444444444888888938e+03 4.444444444888888938e+03 1.777777777955555575e+04 8.888888889777777877e+03 8.888888889777777877e+03 8.888888889777777877e+03 8.888888889777777877e+03 4.444444444888888938e+03 4.444444444888888938e+03 4.444444444888888938e+03 4.444444444888888938e+03 4.444444444888888938e+03 4.444444444888888938e+03 4.444444444888888938e+03 1.333333333466666591e+04 1.333333333466666591e+04 8.888888889777777877e+03 8.888888889777777877e+03 8.888888889777777877e+03
1.333333333466666591e+04 1.333333333466666591e+04 1.777777777955555575e+04 4.888888889377778105e+04 4.444444444888888938e+03 4.444444444888888938e+03 5.924444445036955178e+06 3.555555555911111151e+04 4.444444444888888938e+03 4.444444444888888938e+03 1.333333333466666591e+04 1.333333333466666591e+04 8.888888889777777877e+03 8.888888889777777877e+03 4.444444444888888938e+03 4.444444444888888938e+03 4.444444444888888938e+03 4.444444444888888938e+03 1.333333333466666591e+04 8.888888889777777877e+03 3.111111111422222530e+04 1.333333333466666591e+04 1.333333333466666591e+04 1.333333333466666591e+04 8.888888889777777877e+03 8.888888889777777877e+03 8.888888889777777877e+03 4.444444444888888938e+03 8.888888889777777877e+03 4.444444444888888938e+03 1.333333333466666591e+04 4.444444444888888938e+03 2.222222222444444560e+04 2.666666666933333545e+04 1.333333333466666591e+04 1.333333333466666591e+04 1.333333333466666591e+04
1.333333333466666591e+04 1.777777777955555575e+04 1.777777777955555575e+04 7.111111111822222301e+04 4.444444444888888938e+03 5.951111111706290394e+06 8.888888889777777877e+03 8.888888889777777877e+03 2.666666666933333545e+04 1.777777777955555575e+04 8.888888889777777877e+03 8.888888889777777877e+03 8.888888889777777877e+03 4.444444444888888938e+03 4.444444444888888938e+03 4.444444444888888938e+03 4.444444444888888938e+03 8.888888889777777877e+03 8.888888889777777877e+03 2.666666666933333545e+04 4.888888889377778105e+04 1.777777777955555575e+04 1.777777777955555575e+04 1.333333333466666591e+04 1.333333333466666591e+04 1.333333333466666591e+04 4.444444444888888938e+03 4.444444444888888938e+03 1.777777777955555575e+04 4.444444444888888938e+03 2.222222222444444560e+04 4.444444444888888938e+03 3.111111111422222530e+04 4.444444444888889120e+04 1.777777777955555575e+04 1.777777777955555575e+04 1.333333333466666591e+04
1.777777777955555575e+04 1.777777777955555575e+04 2.222222222444444560e+04 2.222222222444444560e+04 6.040000000604074448e+06 4.444444444888888938e+03 4.444444444888888938e+03 4.444444444888888938e+03 4.444444444888888938e+03 4.444444444888888938e+03 4.444444444888888938e+03 4.444444444888888938e+03 4.444444444888888938e+03 4.444444444888888938e+03 4.444444444888888938e+03 4.444444444888888938e+03 1.333333333466666591e+04 4.444444444888888938e+03 1.333333333466666591e+04 4.000000000400000135e+04 7.111111111822222301e+04 2.222222222444444560e+04 1.777777777955555575e+04 1.777777777955555575e+04 3.111111111422222530e+04 1.333333333466666591e+04 4.444444444888888938e+03 4.444444444888888938e+03 2.666666666933333545e+04 4.444444444888888938e+03 3.111111111422222530e+04 4.444444444888888938e+03 8.444444445288887073e+04 2.222222222444444560e+04 2.222222222444444560e+04 1.777777777955555575e+04 1.333333333466666591e+04
8.888888889777777877e+03 3.111111111422222530e+04 5.333333333866667090e+04 6.146666667281415313e+06 4.444444444888888938e+03 4.444444444888888938e+03 4.444444444888888938e+03 4.444444444888888938e+03 4.444444444888888938e+03 4.444444444888888938e+03 4.444444444888888938e+03 4.444444444888888938e+03 4.444444444888888938e+03 4.444444444888888938e+03 4.444444444888888938e+03 8.888888889777777877e+03 8.888888889777777877e+03 2.222222222444444560e+04 4.444444444888888938e+03 1.288888889017776964e+05 2.666666666933333545e+04 2.222222222444444560e+04 2.222222222444444560e+04 4.444444444888889120e+04 8.888888889777777877e+03 4.444444444888888938e+03 4.444444444888888938e+03 4.444444444888888938e+03 3.555555555911111151e+04 4.444444444888888938e+03 4.000000000400000135e+04 8.888888889777777877e+03 2.311111111342220102e+05 1.155555555671110487e+05 8.444444445288887073e+04 5.777777778355556075e+04 3.555555555911111151e+04
4.444444444888888938e+03 4.444444444888888938e+03 8.888888889777777877e+03 6.266666667293423787e+06 1.066666666773332836e+05 9.333333334266663587e+04 7.555555556311110558e+04 5.777777778355556075e+04 4.000000000400000135e+04 2.666666666933333545e+04 1.333333333466666591e+04 4.444444444888888938e+03 4.444444444888888938e+03 1.333333333466666591e+04 4.444444444888888938e+03 8.888888889777777877e+03 1.333333333466666591e+04 3.555555555911111151e+04 4.444444444888888938e+03 1.644444444608887716e+05 2.666666666933333545e+04 2.666666666933333545e+04 6.222222222844445059e+04 1.333333333466666591e+04 8.888888889777777877e+03 4.444444444888888938e+03 8.888888889777777877e+03 4.444444444888888938e+03 4.444444444888889120e+04 4.444444444888888938e+03 4.888888889377778105e+04 2.533333333586664230e+05 4.444444444888888938e+03 4.444444444888888938e+03 4.444444444888888938e+03 4.444444444888888938e+03 4.444444444888888938e+03
4.444444444888888938e+03 8.888888889777777877e+03 4.444444444888888938e+03 6.284444445072980598e+06 8.888888889777777877e+03 8.888888889777777877e+03 8.888888889777777877e+03 8.888888889777777877e+03 8.888888889777777877e+03 4.444444444888888938e+03 4.444444444888888938e+03 4.444444444888888938e+03 4.444444444888888938e+03 2.222222222444444560e+04 4.444444444888888938e+03 8.888888889777777877e+03 1.333333333466666591e+04 5.333333333866667090e+04 4.444444444888888938e+03 3.288888889217778924e+05 1.244444444568888139e+05 8.888888889777775330e+04 1.777777777955555575e+04 8.888888889777777877e+03 4.444444444888888938e+03 4.444444444888888938e+03 1.333333333466666591e+04 4.444444444888888938e+03 5.333333333866667090e+04 4.444444444888888938e+03 3.155555555871111574e+05 4.444444444888888938e+03 4.444444444888888938e+03 4.444444444888888938e+03 4.444444444888888938e+03 4.444444444888888938e+03 4.444444444888888938e+03
4.444444444888888938e+03 8.888888889777777877e+03 6.315555556187205017e+06 4.444444444888888938e+03 4.444444444888888938e+03 4.444444444888888938e+03 4.444444444888888938e+03 4.444444444888888938e+03 4.444444444888888938e+03 4.444444444888888938e+03 4.444444444888888938e+03 4.444444444888888938e+03 8.888888889777777877e+03 3.111111111422222530e+04 8.888888889777777877e+03 4.444444444888888938e+03 1.333333333466666591e+04 7.111111111822222301e+04 3.422222222564446274e+05 4.444444444888888938e+03 4.444444444888888938e+03 4.444444444888888938e+03 4.444444444888888938e+03 4.444444444888888938e+03 4.444444444888888938e+03 4.444444444888888938e+03 2.222222222444444560e+04 4.444444444888888938e+03 6.666666667333334044e+04 4.444444444888888938e+03 3.244444444768889807e+05 4.444444444888888938e+03 8.888888889777777877e+03 8.888888889777777877e+03 8.888888889777777877e+03 8.888888889777777877e+03 8.888888889777777877e+03
8.888888889777777877e+03 4.444444444888888938e+03 6.342222222856540233e+06 1.777777777955555575e+04 8.888888889777777877e+03 4.444444444888888938e+03 4.444444444888888938e+03 4.444444444888888938e+03 4.444444444888888938e+03 4.444444444888888938e+03 4.444444444888888938e+03 8.888888889777777877e+03 8.888888889777777877e+03 4.444444444888889120e+04 1.333333333466666591e+04 4.444444444888888938e+03 8.888888889777777877e+03 3.071111111418204848e+06 4.444444444888888938e+03 4.444444444888888938e+03 4.444444444888888938e+03 4.444444444888888938e+03 4.444444444888888938e+03 4.444444444888888938e+03 8.888888889777777877e+03 4.444444444888888938e+03 3.111111111422222530e+04 4.444444444888888938e+03 5.911111111702227499e+05 5.155555556071121828e+05 1.733333333506665367e+05 1.511111111262221239e+05 1.288888889017776964e+05 1.066666666773332836e+05 8.444444445288887073e+04 6.222222222844445059e+04 4.000000000400000135e+04
1.080444444552529976e+07 1.078222222330085374e+07 4.444444444888888938e+03 4.444444444888888938e+03 4.444444444888888938e+03 8.888888889777777877e+03 8.888888889777777877e+03 8.888888889777777877e+03 4.444444444888888938e+03 8.888888889777777877e+03 4.444444444888888938e+03 1.777777777955555575e+04 4.444444444888888938e+03 5.777777778355556075e+04 1.777777777955555575e+04 4.444444444888888938e+03 3.097777778087537270e+06 4.444444444888888938e+03 2.635555555819108617e+06 8.888888889777777877e+03 2.222222222444444560e+04 1.333333333466666591e+04 4.444444444888888938e+03 4.444444444888888938e+03 1.777777777955555575e+04 4.444444444888888938e+03 6.711111111782221124e+05 6.311111111742224311e+05 1.333333333466666591e+04 8.888888889777777877e+03 8.888888889777777877e+03 8.888888889777777877e+03 8.888888889777777877e+03 8.888888889777777877e+03 8.888888889777777877e+03 8.888888889777777877e+03 8.888888889777777877e+03
8.888888889777777877e+03 4.444444444888888938e+03 4.422222222664404660e+06 4.444444444888888938e+03 4.444444444888888938e+03 2.222222222444444560e+04 1.333333333466666591e+04 8.888888889777777877e+03 4.444444444888888938e+03 1.333333333466666591e+04 4.444444444888888938e+03 2.666666666933333545e+04 4.444444444888888938e+03 3.244444444768865593e+06 3.177777778095534537e+06 3.151111111426202115e+06 8.888888889777777877e+03 4.444444444888888938e+03 4.444444444888888938e+03 2.613333333594664931e+06 8.888888889777777877e+03 4.444444444888888938e+03 4.444444444888888938e+03 4.444444444888888938e+03 7.200000000719995005e+05 6.933333334026663797e+05 8.888888889777777877e+03 8.888888889777777877e+03 8.888888889777777877e+03 8.888888889777777877e+03 4.444444444888888938e+03 4.444444444888888938e+03 4.444444444888888938e+03 4.444444444888888938e+03 4.444444444888888938e+03 4.444444444888888938e+03 4.444444444888888938e+03
4.444444444888888938e+03 4.444444444888888938e+03 8.888888889777777877e+03 4.400000000439958647e+06 4.364444444880845025e+06 4.346666667101288214e+06 1.333333333466666591e+04 8.888888889777777877e+03 4.444444444888888938e+03 1.777777777955555575e+04 4.444444444888888938e+03 3.337777778111529071e+06 3.302222222552419174e+06 2.222222222444444560e+04 4.444444444888888938e+03 2.666666666933333545e+04 8.888888889777777877e+03 4.444444444888888938e+03 4.444444444888888938e+03 2.577777778035555035e+06 4.444444444888888938e+03 4.444444444888888938e+03 4.444444444888888938e+03 7.377777778515549144e+05 4.444444444888888938e+03 4.444444444888888938e+03 4.444444444888888938e+03 4.444444444888888938e+03 4.444444444888888938e+03 4.444444444888888938e+03 4.444444444888888938e+03 4.444444444888888938e+03 4.444444444888888938e+03 4.444444444888888938e+03 4.444444444888888938e+03 4.444444444888888938e+03 4.444444444888888938e+03
