output/field_example_test/elevation_000074.asc
nrows	150
cellsize	66.66666667
xllcorner	0
ncols	150
yllcorner	0
NODATA_value	-9999
[rows 34 to 50 of 150, columns 74 to 110 of 150]
5.519336493757816697e+02 6.149366391934402145e+02 6.686230984676441267e+02 6.594494122114149377e+02 5.938153097236993290e+02 5.292228146204884069e+02 5.734233798285866897e+02 6.451885735491880496e+02 7.176392242595936750e+02 7.709687265288559956e+02 7.640173230914573423e+02 6.985269279109919580e+02 6.326941920998471005e+02 5.823324319551063581e+02 6.481141674824683605e+02 7.060018579713105282e+02 7.172796751187918289e+02 6.746352247908098434e+02 6.233109291700782251e+02 5.796781644315894937e+02 5.876729886965221112e+02 5.334611742951535689e+02 5.971092417222077984e+02 6.400650469508096876e+02 6.261900010229877580e+02 5.770836054124835073e+02 5.895064883651194805e+02 6.519489499101280217e+02 6.971771919447835444e+02 7.433495974067018324e+02 7.972014212492034630e+02 8.149512411653734034e+02 8.308814863322743349e+02 8.331700068914479971e+02 8.863026074395296519e+02 9.413909690956363647e+02 9.974233245308168989e+02
5.186211923547103879e+02 5.842775113749329421e+02 6.405240667409956359e+02 6.372045581852363512e+02 5.818108273747498060e+02 5.071786942706083892e+02 5.778736512463630106e+02 6.412109481806140820e+02 6.944817826230157607e+02 7.493468735208084581e+02 7.481750646735313239e+02 6.888673197390905898e+02 6.289952428310178902e+02 5.573605429208430451e+02 6.153377291905906077e+02 6.630611740760708699e+02 6.720050379398245468e+02 6.306052426997573548e+02 5.810021504616133825e+02 5.359176607745043839e+02 5.555075521412773014e+02 5.182662905436224037e+02 5.766811121682413841e+02 5.968343249081716522e+02 5.602846451966490804e+02 6.143897880022975642e+02 6.488470858207501806e+02 6.950167685297134312e+02 7.469062170948649282e+02 7.892147002061099101e+02 8.323869918832625672e+02 8.787264982154084692e+02 8.939480726552015994e+02 8.936944019485266608e+02 9.397814314203646973e+02 9.906018981371330483e+02 1.018736882440408749e+03
4.891093660683629309e+02 5.558698439603355155e+02 6.125238026106312645e+02 6.087059761806725646e+02 5.514627222847872190e+02 4.843645784289872154e+02 5.462667041468557727e+02 5.986119612855321748e+02 6.636113013266988219e+02 7.254274083814168534e+02 7.301839200173849349e+02 6.706328879528637117e+02 5.950362497603395013e+02 5.330944395475988813e+02 5.665087947144030522e+02 6.118968744368587522e+02 6.228235194624882070e+02 5.823709304492497267e+02 5.389803910302483700e+02 4.967039450595661378e+02 5.057459751688410847e+02 5.589292275723565808e+02 5.329069198255633637e+02 5.425619159657069304e+02 5.984143726202057678e+02 6.033514345438314876e+02 6.362391464622543253e+02 6.947456132734540688e+02 7.575420262854887596e+02 8.224197103811128500e+02 8.778099289706609625e+02 9.199534013005877569e+02 9.564745288791702933e+02 9.602287066762393124e+02 9.983215211629538999e+02 1.023610510662496381e+03 1.020345697476777218e+03
4.631733984848681303e+02 5.292925080315226296e+02 5.840374165971178400e+02 5.748474690523161144e+02 5.234007738960978031e+02 4.633157181783454348e+02 5.057615526319965511e+02 5.636819460159558730e+02 6.358193942179123042e+02 7.042896637867083882e+02 7.165759221142774322e+02 6.786807897055509784e+02 6.240532861479478015e+02 5.641531889764233938e+02 4.989992794656397450e+02 5.653134983563676315e+02 5.713075807763967759e+02 5.326769035871287770e+02 4.853393543356763757e+02 5.362070946977715948e+02 5.715024850417596554e+02 6.094395801570711910e+02 6.038871823339376306e+02 5.716714763591476185e+02 6.220557268488261116e+02 6.633208872726944492e+02 6.983014667831594124e+02 6.921640275029793656e+02 7.495151406130790974e+02 8.130791254578878124e+02 8.811407782975637701e+02 9.483825149386437943e+02 9.962515737293339271e+02 1.015003332101152523e+03 1.031121058840622254e+03 1.024841237559858428e+03 9.907441064152574199e+02
4.398112454029748619e+02 5.044694344945195326e+02 5.546904195913316471e+02 5.326598139745829030e+02 4.817151130178021958e+02 4.445719057509919594e+02 5.043362272961831536e+02 5.765725196263929320e+02 6.486512959891687160e+02 6.926252186786158518e+02 6.821437561165931811e+02 6.429360572743698867e+02 6.054801268701293111e+02 5.488419129775347756e+02 4.740535804024824529e+02 5.291453978389512258e+02 5.207503926086287720e+02 4.715695415679452367e+02 5.260874257253989299e+02 5.736611288313821433e+02 6.242376576632002525e+02 6.639171312360583670e+02 6.585385492983633640e+02 6.062397894309387993e+02 6.509045225302252220e+02 7.070706444345539694e+02 7.528000454014033949e+02 7.527336624768735192e+02 7.570564590899045925e+02 8.141979855527400787e+02 8.797414883015599116e+02 9.476535458904129428e+02 9.969251117566172979e+02 1.005411434225507833e+03 1.012434385937920752e+03 9.940622212336070334e+02 9.405304364809995832e+02
4.188644035587124108e+02 4.814028063313422763e+02 5.262204478299096309e+02 4.935276042020822160e+02 4.159229739039114406e+02 4.808887716797461849e+02 5.402716505939642957e+02 5.928169711437312799e+02 6.482232756707584258e+02 6.581902148998156008e+02 6.249232970856465954e+02 5.898978684340551126e+02 5.534266966538422139e+02 5.143301372500309299e+02 4.526687335414678728e+02 4.899334791468037338e+02 4.571111949400370236e+02 5.195877233622844642e+02 5.655244859907421642e+02 6.202184710860196901e+02 6.701373862313433847e+02 7.121149941240778389e+02 7.029609035751597048e+02 6.465845452341972077e+02 6.861074086428358214e+02 7.390570004364466286e+02 7.986815478873087386e+02 8.161877255741939052e+02 8.179853232079344707e+02 8.661261033788845225e+02 9.220284664295356833e+02 9.597015913653586949e+02 9.632306574197898499e+02 9.424342665781969117e+02 9.554362960081024312e+02 9.520769187162385379e+02 8.969014880606840734e+02
3.996734939832736586e+02 4.589349503593325039e+02 4.975987856863010848e+02 4.661288556124116553e+02 3.939876128766370016e+02 4.708860346513445165e+02 5.351482448977512831e+02 5.891348740117955458e+02 6.271698866096695610e+02 6.138816524725367572e+02 5.674648872427402466e+02 5.262709086988393210e+02 4.980211653991149205e+02 4.834237886396154522e+02 4.340456348831251034e+02 4.426741955651278886e+02 5.120474655398817276e+02 5.668940469853178001e+02 6.185314887154936514e+02 6.628561356758385728e+02 7.187580626440806100e+02 7.553536821505003900e+02 7.477790896323419929e+02 6.964646014951247253e+02 7.270685593855912430e+02 7.761673566579615908e+02 8.345017031868651429e+02 8.801468081600047526e+02 8.862614965863256202e+02 9.237291483843620199e+02 9.473560371081249514e+02 9.415090010496485320e+02 9.103949936460979870e+02 8.633023267796180562e+02 9.031462338780015671e+02 9.110866110716690400e+02 8.591690478400524853e+02
3.802607060762801439e+02 4.330770937051273108e+02 4.585534458740352761e+02 4.381291866964573387e+02 3.746081974682472833e+02 4.392949488140505991e+02 4.925648879733660692e+02 5.544196407792696846e+02 5.855022511795918945e+02 5.623052398106428882e+02 5.110224457134503950e+02 4.632537276184852999e+02 4.674597148440852266e+02 4.252836329123018686e+02 4.452531664766285644e+02 4.938474889054435835e+02 5.361374912937635600e+02 5.842661016376479211e+02 6.343532231498919600e+02 6.899634086797218515e+02 7.417635848934841079e+02 7.838840943615831520e+02 7.941969469532662060e+02 7.722626316749081070e+02 7.700112920331160922e+02 8.193021035493605950e+02 8.762625115235705380e+02 9.302423555625113067e+02 9.502333010219444986e+02 9.577984021652605406e+02 9.391030688222178924e+02 9.006618862793463904e+02 8.458332245778008200e+02 7.954204438982189913e+02 8.474613855058654508e+02 8.697637673086044288e+02 8.271227318999302724e+02
3.613059684191533734e+02 3.970683861371380203e+02 4.016145254449545519e+02 3.991832689045564280e+02 3.569506339492972415e+02 4.064997582124838118e+02 4.735663081541091515e+02 5.319222244917120861e+02 5.395009915885955252e+02 5.000327568838789034e+02 4.579048137414775965e+02 4.064061979612167192e+02 4.141336954720962922e+02 4.715679944820571450e+02 5.030457938950111156e+02 4.789892405609659818e+02 5.041496945711406852e+02 5.354586891463426355e+02 6.001022574380831429e+02 6.668679938212152365e+02 7.089613552567055876e+02 7.745604995696937749e+02 8.270948672725459119e+02 8.390363562657083776e+02 8.311798454939753356e+02 8.739710468511116233e+02 9.211448539667640034e+02 9.664732675100805182e+02 9.732558452284113173e+02 9.449195438176263906e+02 9.021564396472147109e+02 8.439217857628468664e+02 7.900552731448919985e+02 7.369234279849398490e+02 7.891627107746926413e+02 8.296710868926436433e+02 8.061070495231576842e+02
3.832594181995978033e+02 3.354356161757237942e+02 3.376076515181258060e+02 3.398265142277987820e+02 3.420579964468250296e+02 4.022533056132708111e+02 4.556434352848021376e+02 4.985070186795895211e+02 4.897876031227397107e+02 4.465340047828518095e+02 3.959057917723536661e+02 4.422207035730700113e+02 4.733220363542371842e+02 5.159930995057051177e+02 5.538433331924800314e+02 5.288598589738583087e+02 5.679118114188966047e+02 5.985248040122539805e+02 5.814564490645626620e+02 6.192090078063550891e+02 6.925481383302737868e+02 7.675923474127706641e+02 8.302662110394215915e+02 8.763839688991088224e+02 8.961851959036850985e+02 9.301236878289341803e+02 9.706025906008476341e+02 9.876035520090360933e+02 9.588422426270127517e+02 9.010950926304728910e+02 8.468104111951000732e+02 7.930680933242758783e+02 7.369999649560692205e+02 6.877215884211886987e+02 7.447299387947750802e+02 7.944840967311652093e+02 7.909830149673045980e+02
3.320930773446248168e+02 3.691195559267376325e+02 3.930472641307333674e+02 4.056415376134392545e+02 3.958808313469448308e+02 3.458421201570650965e+02 4.151230412963654999e+02 4.558768501092918655e+02 4.375238439124730689e+02 3.837669449052079926e+02 4.384542476357949568e+02 4.823300083536471448e+02 5.246698522347040807e+02 5.679937066366966292e+02 6.055152469470083361e+02 5.881940955284724168e+02 6.255547405786687705e+02 6.599882365787721028e+02 6.449118531906950693e+02 6.837675442082610289e+02 6.799367954970306300e+02 7.360229986079689297e+02 8.005714599624780021e+02 8.713185407775168869e+02 9.350998712821610752e+02 9.781712399375551286e+02 9.966180017226676000e+02 9.759678051487518360e+02 9.280397319447215523e+02 8.607353562564119329e+02 7.964192438532527376e+02 7.430997845399272137e+02 6.940403814432837635e+02 6.460441265240829125e+02 7.056044144676826591e+02 7.575114959506522609e+02 7.643501144866370396e+02
3.630569965030409207e+02 3.282707973185259789e+02 3.938049227359622932e+02 4.431671309441604194e+02 4.215710562008193278e+02 3.485400674687017499e+02 4.001342311731096402e+02 4.130900046084370274e+02 3.710280768538271445e+02 4.335064651197479293e+02 4.839937815975209219e+02 5.326383648192525015e+02 5.764842827409484016e+02 6.179028060548076837e+02 6.576620265317948224e+02 6.600148376009117328e+02 6.812283470914588861e+02 7.192694961104616596e+02 7.164953268666457689e+02 7.500419561374227442e+02 7.507870528642687304e+02 7.513729904271888245e+02 8.077846415907899882e+02 8.732951313913547438e+02 9.410672203631590946e+02 9.885810103160411018e+02 9.832393789949321672e+02 9.430778354814730164e+02 8.808749073398939800e+02 8.207342500194002923e+02 7.584762031966038194e+02 7.018483425560800697e+02 6.542980874875732979e+02 6.100316234775448265e+02 6.675732684377971964e+02 7.116754033891130575e+02 7.087877031278387676e+02
3.243136628527607286e+02 3.866697884118300408e+02 4.307469946303387474e+02 4.766320564162452911e+02 4.587421042722375546e+02 4.076501404245193498e+02 3.520714612442150155e+02 3.583173643610371073e+02 4.215684167099526576e+02 4.779893297738582874e+02 5.317121031743000685e+02 5.791292638928497354e+02 6.220657736131199727e+02 6.594459547089335274e+02 6.930005148603972884e+02 7.153006108796174658e+02 7.407309399526992593e+02 7.693902800240680335e+02 7.872931329782391003e+02 8.111004320147989120e+02 8.220889062345112279e+02 8.219820490196004812e+02 8.624615933265763488e+02 9.189671296549754516e+02 9.611361386464806174e+02 9.740888537426525318e+02 9.489268302656801097e+02 8.950403107886489806e+02 8.371568236497324733e+02 7.771563244185812209e+02 7.245778410036054993e+02 6.714943867189246021e+02 6.216036115422164130e+02 5.786561625570385559e+02 6.265625300163219435e+02 6.538423162982161330e+02 6.450607031922349961e+02
3.908352990648810419e+02 4.075789959646608622e+02 4.695496514196249223e+02 5.124907037996174495e+02 4.964108788949802147e+02 4.469421388541630336e+02 3.985772062310223305e+02 3.558230830342557169e+02 4.244960104366256815e+02 4.890711152196161038e+02 5.404647376049181275e+02 5.816133245709506809e+02 6.187365222629379105e+02 6.435743699711084673e+02 6.701150956817022006e+02 7.012128522514675524e+02 7.370083630855564252e+02 7.744748112258131414e+02 8.089239835387877520e+02 8.359346384598346731e+02 8.619703182502639720e+02 8.850394867699291126e+02 9.175401128934695407e+02 9.472984571179796376e+02 9.542924202954923203e+02 9.331295881462432362e+02 8.943169517077453747e+02 8.543014224076131313e+02 7.928116844501337255e+02 7.390090692806383004e+02 6.884230986047589340e+02 6.444500606662237487e+02 5.976801755705128016e+02 5.516494778153543166e+02 5.721117509332844975e+02 5.853671585652623435e+02 5.814478213259151289e+02
4.153396604316825460e+02 4.658911328967396912e+02 5.090704170799148187e+02 5.448539781990455140e+02 5.123031169085134024e+02 4.363654401927414028e+02 3.602213936158334491e+02 3.981755113659332892e+02 4.272520716715724802e+02 4.608530568103883525e+02 4.947127175986499310e+02 5.310087130052895645e+02 5.714451080386778585e+02 5.767906312529025854e+02 5.993547053661860673e+02 6.409822821425121901e+02 6.840603200268817545e+02 7.291435809817667177e+02 7.734204087497629416e+02 7.866338608828032193e+02 8.355899746781168460e+02 8.839357450594867487e+02 9.273161068912089604e+02 9.391181977426969070e+02 9.151848112099792161e+02 8.705482977834499252e+02 8.291968903621226445e+02 8.238575846697762017e+02 7.618473540663712811e+02 6.995507478263319854e+02 6.563091799931277137e+02 6.126274136351607922e+02 5.773549881583587648e+02 5.591657393128523381e+02 5.173187065721826912e+02 5.209277057935835273e+02 5.246206142986250143e+02
4.446389183068061470e+02 5.055988875900291646e+02 5.581964185678052672e+02 5.762897492507070183e+02 5.359342839967091550e+02 4.732326778639837812e+02 4.163971601892330909e+02 3.640016872545310207e+02 3.668379549952940124e+02 4.235098069213342455e+02 4.312787337496588975e+02 4.758636710804323684e+02 5.112242430046674713e+02 5.017855918862914564e+02 5.384156588212113093e+02 5.831036558463312076e+02 6.305243341653073230e+02 6.825732236524844438e+02 7.160004475666632970e+02 7.212408409306402746e+02 7.814600454735520998e+02 8.469992816487031178e+02 9.046593670810034382e+02 9.037225526668241855e+02 8.577893674271787177e+02 8.109839989860369087e+02 7.662943819236908212e+02 7.938035319905251299e+02 7.676037881822396685e+02 6.991646747469309275e+02 6.299327885394536679e+02 5.830701024005958288e+02 5.448247610679607078e+02 5.120269217813626028e+02 5.489089754282563263e+02 5.755359992584787960e+02 5.928598956083361600e+02
4.778266161520986088e+02 5.392383060070910688e+02 5.903743143267084861e+02 5.884428282385952116e+02 5.380683395869283459e+02 4.744724129149638543e+02 4.032080917544574845e+02 4.329407032662131201e+02 4.277936714890651047e+02 3.708796331251139122e+02 3.736817461560025890e+02 4.331754759319583172e+02 4.453080589165446668e+02 4.436241635526142204e+02 4.932637157910118049e+02 5.373530976338911387e+02 5.932653135865989498e+02 6.387843986588827647e+02 6.445184396979688017e+02 7.068786461853416085e+02 7.733496919143240120e+02 8.379675792710530686e+02 8.778737277513852177e+02 8.645435766478486812e+02 8.088660145962887782e+02 7.526594296961253576e+02 7.087190493879860469e+02 7.584418022501032510e+02 7.688427229357101851e+02 7.290723291317924577e+02 6.833587789231135048e+02 6.437214877477209711e+02 6.064571393874699652e+02 5.643059116384329172e+02 5.060705136959466586e+02 5.722004475524066720e+02 6.295844866255614534e+02
