output/field_example_test/elevation_000001.asc
nrows	150
cellsize	66.66666667
xllcorner	0
ncols	150
yllcorner	0
NODATA_value	-9999
[rows 102 to 118 of 150, columns 74 to 110 of 150]
2.500048880362939201e+02 2.500049910216434910e+02 2.500051068440871234e+02 2.500052375812428807e+02 2.500053638664537630e+02 2.500054599276505201e+02 2.500055412935586787e+02 2.500055927395349897e+02 2.500055736080988993e+02 2.500054905653850597e+02 2.500053565794034114e+02 2.500054789214427444e+02 2.500055437017764746e+02 2.500056965108279314e+02 2.500057142067378209e+02 2.500055587045876848e+02 2.500057213967671998e+02 2.500058858355762084e+02 2.500060377256079391e+02 2.500061565286643201e+02 2.500061687820136740e+02 2.500061108260768492e+02 2.500062561490319979e+02 2.500063875285028132e+02 2.500065066336426298e+02 2.500066099688870338e+02 2.500066181209421643e+02 2.500064136123945673e+02 2.500059203704469155e+02 2.500051057311148952e+02 2.500040219267108057e+02 2.500026773875558774e+02 2.500012965163351737e+02 2.499999521515603647e+02 2.499986685632453316e+02 2.499975462015179062e+02 2.499965681413067387e+02
2.500049047535779891e+02 2.500050572155304565e+02 2.500051833111729422e+02 2.500052946375610929e+02 2.500053877611759390e+02 2.500054462122381551e+02 2.500054966112015222e+02 2.500054939605134052e+02 2.500054103152788230e+02 2.500053029070458877e+02 2.500051627639705316e+02 2.500052267483428636e+02 2.500054290801836316e+02 2.500055625336517551e+02 2.500055950338824289e+02 2.500054983925028012e+02 2.500056223165087488e+02 2.500057767163814617e+02 2.500059603134712916e+02 2.500061625493189581e+02 2.500062852580234107e+02 2.500062642601810126e+02 2.500062006941890047e+02 2.500063129057056983e+02 2.500064395726102759e+02 2.500065738938622530e+02 2.500066791398389796e+02 2.500066453402838533e+02 2.500063697058507444e+02 2.500058389045511547e+02 2.500049843424081359e+02 2.500039118903295332e+02 2.500026532208481740e+02 2.500012751535845155e+02 2.499998926276497002e+02 2.499985461476382227e+02 2.499973852138325014e+02
2.500049606908294777e+02 2.500050733032422272e+02 2.500051829585083283e+02 2.500052497853394300e+02 2.500052456345508460e+02 2.500052643928216867e+02 2.500053243339075664e+02 2.500053050317254133e+02 2.500052342556427618e+02 2.500050758009178082e+02 2.500053133215057244e+02 2.500054092120773532e+02 2.500053125086463979e+02 2.500053662624647473e+02 2.500054228454362431e+02 2.500056002154070143e+02 2.500057519796292809e+02 2.500059090422541885e+02 2.500060781762215640e+02 2.500062390279141198e+02 2.500063703269680104e+02 2.500063719240832540e+02 2.500062710978180860e+02 2.500063791770305954e+02 2.500064790882545935e+02 2.500065834752817295e+02 2.500066771969641479e+02 2.500067261424731271e+02 2.500066405607049376e+02 2.500063199660808095e+02 2.500057658957925071e+02 2.500049382685904220e+02 2.500038451560663759e+02 2.500025589729402213e+02 2.500011017512211708e+02 2.499997007289483975e+02 2.499983634181358525e+02
2.500049851871006297e+02 2.500049723454607999e+02 2.500050665524159115e+02 2.500050802816828650e+02 2.500049670034608482e+02 2.500049965578221247e+02 2.500051588432759786e+02 2.500051297167535438e+02 2.500049716812628731e+02 2.500052223316899926e+02 2.500054185414271615e+02 2.500055498631292039e+02 2.500055582195116699e+02 2.500055727617239256e+02 2.500055877816515135e+02 2.500057331510883785e+02 2.500058894642302221e+02 2.500060407023539710e+02 2.500061974130668148e+02 2.500063341539246267e+02 2.500064299576616520e+02 2.500064500679610546e+02 2.500064129693216159e+02 2.500063663951293620e+02 2.500064294988237350e+02 2.500065202258008412e+02 2.500066177562545136e+02 2.500067103241754012e+02 2.500067473468506591e+02 2.500066350987872852e+02 2.500063106878895667e+02 2.500057230661519441e+02 2.500048655584110691e+02 2.500036848540178767e+02 2.500023743486068213e+02 2.500009241003933766e+02 2.499995208775122535e+02
2.500048069652159768e+02 2.500046095439267333e+02 2.500048158044628508e+02 2.500048269654501780e+02 2.500046042405386686e+02 2.500047025329894268e+02 2.500049919705103605e+02 2.500048685940364521e+02 2.500050259237811190e+02 2.500052172893891225e+02 2.500054207006618583e+02 2.500055804066034284e+02 2.500056944028025043e+02 2.500057577821025632e+02 2.500057743854546572e+02 2.500058804357294377e+02 2.500060282844591484e+02 2.500061547597186973e+02 2.500062648573712352e+02 2.500063608304706122e+02 2.500064327976358811e+02 2.500064860895031984e+02 2.500065018148564775e+02 2.500064903242270873e+02 2.500065358920532788e+02 2.500065360937920502e+02 2.500066359162848073e+02 2.500067387185937662e+02 2.500068204331948607e+02 2.500068294845386561e+02 2.500066738864912850e+02 2.500063138525434852e+02 2.500056461120100266e+02 2.500047534556272524e+02 2.500035625538982345e+02 2.500022280800154419e+02 2.500008202692976909e+02
2.500043349097054204e+02 2.500037841912517820e+02 2.500043316750377471e+02 2.500044522601840242e+02 2.500039685225790436e+02 2.500046419673345213e+02 2.500048850303171264e+02 2.500048918161563734e+02 2.500047715511713875e+02 2.500050651842012428e+02 2.500052912948454207e+02 2.500054591473304129e+02 2.500056675511502533e+02 2.500058381703915131e+02 2.500059362687755993e+02 2.500060230388997979e+02 2.500061070638737704e+02 2.500061730046381854e+02 2.500062141667798699e+02 2.500062743875397473e+02 2.500063568937983689e+02 2.500064367972166508e+02 2.500064995239121117e+02 2.500065599880256855e+02 2.500066184831708540e+02 2.500066433098605501e+02 2.500066517455322241e+02 2.500067450523122261e+02 2.500068681040824572e+02 2.500069501851463372e+02 2.500069252258863912e+02 2.500067081712491586e+02 2.500063128843822540e+02 2.500056219456092776e+02 2.500046872949896510e+02 2.500035240282521443e+02 2.500020878874358630e+02
2.500033790057172780e+02 2.500014017996621192e+02 2.500025636841677112e+02 2.500033391934704810e+02 2.500044399419226124e+02 2.500043129447781212e+02 2.500047272310033861e+02 2.500046545288772393e+02 2.500047955033084008e+02 2.500049454772621402e+02 2.500051536942200414e+02 2.500054051026304762e+02 2.500056398839255110e+02 2.500058223140303255e+02 2.500059634602545202e+02 2.500060635046918662e+02 2.500060796953321471e+02 2.500060405653362920e+02 2.500060667341171552e+02 2.500061836060190217e+02 2.500062496751356207e+02 2.500063223879042766e+02 2.500064093670940792e+02 2.500065190296150774e+02 2.500066166581516995e+02 2.500066998185849059e+02 2.500067484731088143e+02 2.500068182524798601e+02 2.500069088872184011e+02 2.500070259779870980e+02 2.500070668204838285e+02 2.500070027774986272e+02 2.500067672572884874e+02 2.500063375790920475e+02 2.500056627440639545e+02 2.500046244696299595e+02 2.500033182240096608e+02
2.499988469835514593e+02 2.500035269988858602e+02 2.500042749879564212e+02 2.500044539399420387e+02 2.500047248236930386e+02 2.500047618807461447e+02 2.500045242821504701e+02 2.500048377493648672e+02 2.500050389793850059e+02 2.500051865777874127e+02 2.500051832613856675e+02 2.500053563466022410e+02 2.500055416113435172e+02 2.500057333651575959e+02 2.500059025657503753e+02 2.500059928454481337e+02 2.500059595483830606e+02 2.500058420947621300e+02 2.500059838968538202e+02 2.500061075308383067e+02 2.500060995982627219e+02 2.500061964175942819e+02 2.500063042341951984e+02 2.500064241267826333e+02 2.500065549940574954e+02 2.500066937845193138e+02 2.500068098468369158e+02 2.500068981029434667e+02 2.500069827729768406e+02 2.500070607787334040e+02 2.500070952296752580e+02 2.500071115657976861e+02 2.500070482457590231e+02 2.500068437824685930e+02 2.500063572186311660e+02 2.500056187964129606e+02 2.500044507798293694e+02
2.500021610445132580e+02 2.500038418417526884e+02 2.500044334569109594e+02 2.500047956951507331e+02 2.500049745151283105e+02 2.500049984775340590e+02 2.500048629916747984e+02 2.500050343022369930e+02 2.500052217726241679e+02 2.500053821258831022e+02 2.500054084951007667e+02 2.500055282442359044e+02 2.500056888748016206e+02 2.500058190998297789e+02 2.500058858223842719e+02 2.500058555874757076e+02 2.500057582991507559e+02 2.500056641086723914e+02 2.500059005853280496e+02 2.500059547140145924e+02 2.500060875288214390e+02 2.500062228863258156e+02 2.500063837546069578e+02 2.500065161099392412e+02 2.500066352936143801e+02 2.500067409366868674e+02 2.500068184372820213e+02 2.500068853249325116e+02 2.500069612300345909e+02 2.500070003580597131e+02 2.500069662143460221e+02 2.500070334943221724e+02 2.500071027614224590e+02 2.500070743186824416e+02 2.500068789387906634e+02 2.500063794454351296e+02 2.500057541759161381e+02
2.499986082772406064e+02 2.500012684358000286e+02 2.500036135060628339e+02 2.500046489094127082e+02 2.500050216611840028e+02 2.500051684570199768e+02 2.500051426534338646e+02 2.500052614961459767e+02 2.500053977546832584e+02 2.500055127609040824e+02 2.500055777596550968e+02 2.500056661478216995e+02 2.500057689716058462e+02 2.500058246600616201e+02 2.500057585649254577e+02 2.500056198046993927e+02 2.500055022742789959e+02 2.500057563427221794e+02 2.500058164012029351e+02 2.500060034853379705e+02 2.500061830391491640e+02 2.500063115456424327e+02 2.500064180495138828e+02 2.500065428855387779e+02 2.500066495011569714e+02 2.500066908338885980e+02 2.500066656854373264e+02 2.500066988980943279e+02 2.500068261062270949e+02 2.500068676037814157e+02 2.500067770281484627e+02 2.500068793592443797e+02 2.500070054881723252e+02 2.500071099703377229e+02 2.500071186046781690e+02 2.500069840324287327e+02 2.500066763539301178e+02
2.499811834008906715e+02 2.499961746770957234e+02 2.500021648393714884e+02 2.500042060592441544e+02 2.500049299595775381e+02 2.500052227531059259e+02 2.500053088664306813e+02 2.500053546367221315e+02 2.500054384674675987e+02 2.500054604270044081e+02 2.500054405377625244e+02 2.500055405168569393e+02 2.500056561221380491e+02 2.500056892103380619e+02 2.500055703571137542e+02 2.500053289294711192e+02 2.500055710522465517e+02 2.500058281153794155e+02 2.500060003347898885e+02 2.500061272661285159e+02 2.500062571918988112e+02 2.500063798263516617e+02 2.500064769164392544e+02 2.500065356110753498e+02 2.500065390416404512e+02 2.500065320203646309e+02 2.500064148595030815e+02 2.500064478586312191e+02 2.500066346369508210e+02 2.500067014410892341e+02 2.500065940158354181e+02 2.500067203772515256e+02 2.500068492732856100e+02 2.500070081136932743e+02 2.500071484421939942e+02 2.500072125396263516e+02 2.500071804752035121e+02
2.499951677183842662e+02 2.500013750916945128e+02 2.500037047477398460e+02 2.500046096215693296e+02 2.500050054189187563e+02 2.500051842112376619e+02 2.500051927201943158e+02 2.500050853185941833e+02 2.500052354245777622e+02 2.500052260373690274e+02 2.500050707507391508e+02 2.500052529191358417e+02 2.500054429035108683e+02 2.500054500341806545e+02 2.500053756774831868e+02 2.500052111300110766e+02 2.500055022492102523e+02 2.500057835897868017e+02 2.500060205312321386e+02 2.500061734672866010e+02 2.500062458629125501e+02 2.500062944840103398e+02 2.500063754229724680e+02 2.500063843938667958e+02 2.500062881256423850e+02 2.500063136881234982e+02 2.500061552499396953e+02 2.500062035630494677e+02 2.500064286128517494e+02 2.500064910969354912e+02 2.500064318211069860e+02 2.500065558638235359e+02 2.500066924179760406e+02 2.500068714520553215e+02 2.500070527962243432e+02 2.500072019610168468e+02 2.500073120685127606e+02
2.499939654388685426e+02 2.500014410560980025e+02 2.500037056888418761e+02 2.500044961775912498e+02 2.500047183477156807e+02 2.500046867596408617e+02 2.500047474882611311e+02 2.500041041598497031e+02 2.500048041698852614e+02 2.500049271169793883e+02 2.500045856941491138e+02 2.500050427794393784e+02 2.500051578823418197e+02 2.500052073735469094e+02 2.500050537851669503e+02 2.500052820467382730e+02 2.500055078787805201e+02 2.500057391183125048e+02 2.500059152767567241e+02 2.500060641217121145e+02 2.500060345837537739e+02 2.500060405195112878e+02 2.500061550687879048e+02 2.500061603961096068e+02 2.500060066412204094e+02 2.500060758591614842e+02 2.500059195220530626e+02 2.500059913962006704e+02 2.500062475666402406e+02 2.500062715038314991e+02 2.500065386624519874e+02 2.500067133702532658e+02 2.500068502195651376e+02 2.500068873979059845e+02 2.500070203877592974e+02 2.500071674425495871e+02 2.500073281833979877e+02
2.500014328519743003e+02 2.500006744734611175e+02 2.500029092211271973e+02 2.500037393561802901e+02 2.500029183973525733e+02 2.499997311054791282e+02 2.500025350987491493e+02 2.499967305330288241e+02 2.500043135867028354e+02 2.500040481591634318e+02 2.500048718153927894e+02 2.500047682279307821e+02 2.500048423798484976e+02 2.500049001378156106e+02 2.500049556626889284e+02 2.500050238236540565e+02 2.500053189610943889e+02 2.500055264889311388e+02 2.500057815322987267e+02 2.500058576380435511e+02 2.500057375274600133e+02 2.500057618539835858e+02 2.500058592772747090e+02 2.500059107840105241e+02 2.500057403825089750e+02 2.500058170830562858e+02 2.500061041305029335e+02 2.500062086786273028e+02 2.500060975813046582e+02 2.500063852747386477e+02 2.500066093868952066e+02 2.500068359291860816e+02 2.500069783015573535e+02 2.500070423238357193e+02 2.500071238552009731e+02 2.500072338251479493e+02 2.500073541644829049e+02
2.500036267403863235e+02 2.500027162089731121e+02 2.500014933590408077e+02 2.499990746113275861e+02 2.499924176438939298e+02 2.499553949192521998e+02 2.499810121729838670e+02 2.500031318329166368e+02 2.500023023323321638e+02 2.500046941891324366e+02 2.500050726300342205e+02 2.500050989905352878e+02 2.500051684223535631e+02 2.500051720224157918e+02 2.500052985593254107e+02 2.500053183321231245e+02 2.500051306952128414e+02 2.500054292075453191e+02 2.500055863956926032e+02 2.500056271980691633e+02 2.500054484099069612e+02 2.500055080638214235e+02 2.500055661179926858e+02 2.500056392646340839e+02 2.500058893050977815e+02 2.500060837984614750e+02 2.500062836016790015e+02 2.500063722842421328e+02 2.500061851757864133e+02 2.500064298768911044e+02 2.500066383840501487e+02 2.500068593763431295e+02 2.500069960268451723e+02 2.500070234115492553e+02 2.500070883871219962e+02 2.500071674971586049e+02 2.500072387311960256e+02
2.500027546968066474e+02 2.500000677099473307e+02 2.499881176115567314e+02 2.499724128583176537e+02 2.498909532202742696e+02 2.499920964446096150e+02 2.500019407838383643e+02 2.500042427948531554e+02 2.500047899305490375e+02 2.500050118310738299e+02 2.500052535378039522e+02 2.500053831305674237e+02 2.500054849886215322e+02 2.500054871774885612e+02 2.500055521176442710e+02 2.500055609384374122e+02 2.500054129802370255e+02 2.500052270309404037e+02 2.500052859600980355e+02 2.500053530765718222e+02 2.500056265993653994e+02 2.500057875565171344e+02 2.500057424999286297e+02 2.500059077201290449e+02 2.500060873839067881e+02 2.500062803237495928e+02 2.500064650248547480e+02 2.500065314294329255e+02 2.500064300806134554e+02 2.500063233526217914e+02 2.500065831343266893e+02 2.500067662436369744e+02 2.500068786561782304e+02 2.500068324109124660e+02 2.500069137531404806e+02 2.500069973730363415e+02 2.500070900391247335e+02
2.499918967599973598e+02 2.499672416578717105e+02 2.499355549405746615e+02 2.497722749511186748e+02 2.499738745723209945e+02 2.499989810108168342e+02 2.500044575739919139e+02 2.500050246474864934e+02 2.500051386059723484e+02 2.500052664858619664e+02 2.500054307069709694e+02 2.500055889186251932e+02 2.500056911448462245e+02 2.500057300746888416e+02 2.500057755728538780e+02 2.500057691188760600e+02 2.500056531933545614e+02 2.500055618573527170e+02 2.500055560509019301e+02 2.500056110681360906e+02 2.500058120247219335e+02 2.500060146891280510e+02 2.500060324694165388e+02 2.500060401763612674e+02 2.500062868976224024e+02 2.500064553692131426e+02 2.500066004875048975e+02 2.500066894682407792e+02 2.500066583211364559e+02 2.500065588627017235e+02 2.500064594262223068e+02 2.500066747141886481e+02 2.500067077310555135e+02 2.500069129307447326e+02 2.500070624914810367e+02 2.500071494478556815e+02 2.500072317290928368e+02
