output/field_example_test/elevation_000010.asc
nrows	150
cellsize	66.66666667
xllcorner	0
ncols	150
yllcorner	0
NODATA_value	-9999
[rows 68 to 84 of 150, columns 74 to 110 of 150]
6.697776533434405337e+02 7.088501339561603345e+02 7.523875874327667361e+02 8.068897429949953448e+02 8.718550988147792395e+02 9.395720266418576330e+02 9.771083376947548231e+02 9.551660032733722119e+02 8.967922725405247775e+02 8.406605048728845304e+02 7.866599734687459886e+02 7.435200385328473658e+02 7.058261363373001132e+02 6.817723167306397727e+02 6.359470491094755289e+02 6.812042136560826293e+02 6.710356027593170438e+02 6.277749776031658939e+02 6.585583859706669045e+02 6.451545103225373623e+02 5.846541821628583193e+02 5.168529984065618237e+02 4.521753132435058546e+02 5.015030981938477908e+02 5.508307055028891455e+02 5.962953426728890918e+02 6.434744518085187792e+02 6.932942034867036227e+02 7.419990287990996194e+02 7.874766950970707740e+02 8.319902452675307813e+02 8.768706776789766764e+02 9.215729068726807327e+02 9.606716464960763915e+02 9.945615042232459473e+02 1.020195579789289809e+03 1.049058422813590141e+03
6.336810369601450930e+02 6.720896926235128603e+02 7.171033886627321863e+02 7.700958756613933929e+02 8.326202362174193468e+02 9.007497591073775993e+02 9.575894360613757499e+02 9.729629596464397991e+02 9.435962276664168940e+02 8.905370313439800611e+02 8.408955343159392442e+02 7.931021123490066884e+02 7.609790077124883965e+02 7.028811204508856463e+02 7.004983409288312259e+02 7.355655923576091482e+02 7.304085187933233101e+02 6.965597157186440427e+02 7.024884440876378449e+02 6.570064210952331223e+02 5.780285872226108950e+02 5.102957302890158644e+02 4.554902973973315170e+02 5.223965439587931314e+02 5.709584665060265252e+02 5.998669407174917296e+02 6.270834587043128749e+02 6.525124505861467696e+02 6.867700899144869027e+02 7.260503200062485121e+02 7.708748737724437206e+02 8.201200506432954853e+02 8.704020010050011251e+02 9.072639318935398478e+02 9.446127295045891969e+02 9.535952786919116306e+02 9.897555280047539554e+02
6.807475599473623333e+02 7.143942278137690209e+02 7.460113527484808174e+02 7.822744704564097447e+02 8.235448671145359185e+02 8.663350374682422625e+02 9.260459166114550271e+02 9.676343992940818453e+02 9.748761259553258469e+02 9.438724202162492247e+02 8.903372859457522281e+02 8.379081596823888276e+02 7.805322096881864127e+02 7.732118558530685277e+02 7.709440375785057995e+02 7.866261764783753279e+02 7.780493007278550976e+02 7.540554903048064261e+02 7.280727495909285381e+02 6.713588714998290925e+02 6.128869944749054639e+02 5.417645566636107333e+02 4.596569836011461803e+02 5.127898668116877161e+02 5.354522704066151846e+02 5.423031072275922497e+02 5.614801737667092993e+02 5.895197074017247587e+02 6.223443368987614122e+02 6.645682908642061193e+02 7.148836700626369520e+02 7.706790491497548601e+02 8.340582662673456298e+02 8.435221104967185966e+02 8.847940121670734470e+02 8.843159438009698761e+02 9.287800497875839483e+02
6.639986223618440135e+02 6.941860525976140934e+02 6.984584179861170696e+02 7.276954270914185372e+02 7.636658003260013174e+02 8.174535468938297527e+02 8.771250581714239161e+02 9.430147598047278734e+02 9.853655217966761484e+02 9.806023229437759028e+02 9.356374953178802798e+02 8.875513946254392295e+02 8.464633104325968134e+02 8.381671421475549550e+02 8.232886181318546051e+02 8.044119367476962452e+02 7.786184723083248400e+02 7.507865985554743702e+02 7.204381879133719622e+02 6.777544510924468568e+02 6.199033113568948465e+02 5.579327567926786742e+02 5.202040063564113552e+02 4.644437631377810476e+02 4.678954743666663489e+02 4.719196754958368842e+02 5.266626814276089590e+02 5.290033866361684431e+02 5.698194096700942737e+02 6.188412803138182881e+02 6.796530053997034884e+02 7.566373732023363345e+02 7.990470847614922150e+02 7.828912022410258942e+02 8.271172503366977935e+02 8.266535101684653455e+02 8.854675261412679674e+02
6.102941486793102968e+02 6.382248355635109647e+02 6.266431064214160642e+02 6.662998774244191509e+02 7.128775040791471156e+02 7.679934526728554829e+02 8.342929568773164419e+02 9.069259718860375870e+02 9.769053111987221882e+02 1.004793474838636030e+03 9.816985886827839067e+02 9.414776276994446107e+02 9.013671164004281309e+02 8.584392112790976626e+02 8.096241596019207236e+02 7.661276475275279836e+02 7.237397347122272322e+02 6.926389698995500339e+02 6.646452488938801935e+02 6.371682319496248965e+02 6.129969742558022290e+02 5.802917346510772632e+02 5.406045920966108724e+02 4.845016918376786634e+02 5.282485598124970920e+02 5.249803983776587302e+02 4.774500723071628272e+02 5.411257840539292374e+02 6.030226685582263144e+02 6.542000332573147716e+02 7.009039749797756258e+02 7.434160656595266801e+02 7.532511680207951485e+02 7.250881399435473895e+02 7.729610150788683995e+02 7.794926820508134142e+02 8.478923344127487098e+02
5.489258187357545467e+02 5.711664725429220653e+02 6.322264822405658151e+02 6.972367360979379782e+02 7.524723347723286224e+02 8.025787529718203359e+02 8.551831283363754892e+02 9.105070577458601520e+02 9.653659393883992834e+02 1.004579887219036209e+03 9.960643327540767586e+02 9.474469724957650669e+02 8.930444899918541068e+02 8.363599808279899435e+02 7.638677651975507388e+02 6.947675263800241510e+02 6.563344750902570013e+02 6.253317947745397305e+02 5.988839894945999731e+02 5.753653063638290632e+02 5.541920736328706880e+02 5.326879416304194592e+02 5.127537184309074973e+02 5.495142424913686909e+02 5.771660887724699478e+02 5.530485076698906823e+02 4.816456367456288490e+02 5.405561463252935255e+02 5.906955624942754639e+02 6.344001142546937899e+02 6.642260014290372965e+02 6.977890322366209830e+02 6.905863358760311712e+02 6.733666254374571736e+02 7.157523838069309932e+02 7.877101209830057087e+02 8.474197637265129970e+02
6.194925719742396950e+02 6.312354037479262843e+02 6.116329704021931093e+02 6.842134865836152358e+02 7.375121621615231788e+02 7.786571721786764328e+02 8.146115889127897844e+02 8.647350869404143623e+02 9.251440196329293713e+02 9.862445848324042572e+02 9.856693630834580517e+02 9.165383457947932584e+02 8.471873313188442580e+02 7.904420110261179389e+02 7.455850388581775405e+02 7.194931881238056803e+02 6.863766549917968405e+02 6.573529650066406020e+02 6.293171235504358947e+02 6.185866320024164224e+02 6.258235947303891180e+02 5.982623807863799357e+02 5.642708236967649782e+02 6.120493581955088302e+02 6.270731988931502201e+02 5.863234428739997384e+02 5.414242641323721728e+02 4.881737534050166687e+02 5.442914106423233989e+02 5.748984016803091208e+02 6.081077729068397275e+02 6.387621956352694497e+02 6.257424324808771416e+02 6.917335138921582711e+02 7.613511936230165702e+02 8.092859615430720623e+02 8.297816344265684165e+02
6.711113276900064193e+02 6.984043273484660403e+02 6.851099985647298354e+02 6.475877893748950100e+02 6.782523148705557787e+02 7.140050334487407326e+02 7.574521574804108468e+02 8.182940676414890504e+02 8.951625432343214470e+02 9.755494727418654293e+02 9.977092427455198731e+02 9.437244541863376526e+02 8.799105413830063753e+02 8.265519947057545096e+02 7.889363757759151667e+02 7.540043596050196584e+02 7.225844016569765245e+02 6.914327231967953367e+02 6.989823450303809977e+02 6.749175726076875890e+02 6.908624325288261616e+02 6.600599327652372494e+02 6.276718414516344637e+02 6.635888263031062024e+02 6.661442119487948048e+02 6.309536080001748815e+02 5.869558861775666401e+02 5.453406467424177890e+02 4.931289438069600237e+02 5.160132661901553774e+02 5.430339937357292683e+02 5.756670802668269289e+02 6.572458186055034730e+02 7.275233179773894108e+02 7.829602127925513742e+02 8.068688492585214362e+02 7.899961851103441859e+02
7.185465887826851485e+02 7.557714847832601208e+02 7.413298746647857342e+02 6.840701136670835467e+02 7.160375620049039753e+02 7.497999705882688204e+02 7.895654347600063829e+02 8.386521076712208469e+02 9.151148085807315056e+02 9.924801392913896052e+02 1.022034399222519028e+03 9.760847025984454604e+02 9.183569186281960128e+02 8.722035309439268076e+02 8.315780868340415282e+02 7.978172632214990472e+02 7.643323534783818332e+02 7.552495969001836329e+02 7.559055463410998073e+02 7.480917157817451653e+02 7.519046544357623816e+02 7.176078874510301375e+02 7.051360775284538249e+02 7.047333472209137426e+02 6.786964755273171477e+02 6.302997553515450591e+02 5.857342902221229224e+02 5.499738725240620170e+02 4.971643070675968374e+02 5.589024523546157752e+02 6.018534071993975658e+02 6.364176336760579034e+02 6.727964893935837836e+02 7.363845049504089957e+02 7.829256279426637093e+02 7.747113899210341970e+02 7.318798181503357227e+02
7.602188109443294479e+02 8.037694094313593496e+02 7.881623354680397142e+02 7.282881210509864331e+02 7.612281286741302893e+02 7.950784332473198219e+02 8.326928318321776032e+02 8.790804480561902210e+02 9.407128899469339558e+02 1.020534982301457489e+03 1.054735764635992837e+03 1.016334344762711225e+03 9.685613079786281787e+02 9.217863003182782222e+02 8.853003830670110119e+02 8.521142219461096374e+02 8.361330410859768563e+02 8.253466113737140404e+02 8.204117642372405044e+02 8.151360167483259147e+02 7.994021483512196937e+02 7.686974044488116533e+02 7.375097673966874936e+02 7.044371965317719742e+02 6.573300288445087745e+02 5.913067688126465100e+02 5.221257319892346231e+02 5.020906456798668955e+02 5.559342991922146666e+02 6.020930860980239459e+02 6.483175900439907764e+02 6.857018464409070475e+02 7.165175362267739274e+02 7.471814458031338972e+02 7.580051378606872277e+02 7.291087469821625291e+02 6.785014688661335640e+02
8.042464804884731393e+02 8.504056818391865136e+02 8.377430548861947273e+02 7.824933478848887489e+02 8.159856073800508511e+02 8.504832837566578974e+02 8.869893365181851550e+02 9.293190796748316416e+02 9.820658551000896068e+02 1.047434898004422166e+03 1.092388041606407569e+03 1.068831929230952483e+03 1.021473657628522005e+03 9.816859257659475588e+02 9.480978952413702245e+02 9.255742344318127834e+02 9.053722241012800396e+02 8.885851879121239563e+02 8.725278137116831658e+02 8.441533749729272813e+02 7.997817252896910531e+02 7.482023553438482395e+02 7.029008214775011538e+02 6.622653639952169442e+02 6.167993380416116906e+02 5.526303665454703378e+02 5.599158155597486939e+02 5.059751590232200442e+02 5.616452026393760661e+02 6.072623606509903311e+02 6.493250338115740306e+02 6.813170152091219052e+02 6.960911211313435842e+02 7.073741253137894773e+02 7.083989304004380756e+02 6.776319339302505114e+02 6.134434105127492103e+02
8.561127886139948941e+02 9.002168679960309419e+02 8.936583847238456428e+02 8.507231620493489572e+02 8.774006328861121347e+02 9.141686735915507143e+02 9.497425941411166832e+02 9.888978941868269885e+02 1.034246988662778676e+03 1.084737828317341837e+03 1.127759964796997792e+03 1.112308062905352699e+03 1.073560980024688661e+03 1.033011048514893673e+03 9.952171354298556025e+02 9.582670282055901225e+02 9.262869708459627418e+02 8.971946287495103434e+02 8.665750880960767972e+02 8.255055103379672801e+02 7.641942517748924502e+02 7.002265478997099990e+02 6.275844181640593433e+02 6.024839652444106832e+02 5.816672292881435169e+02 6.078301598710178268e+02 5.910746125704926044e+02 5.517901235122288881e+02 5.120902987690468535e+02 5.678249842378078256e+02 5.978164286560579512e+02 6.335303565883563124e+02 6.295180386916340467e+02 6.356662246507466989e+02 6.413659257730654417e+02 6.453766072314590474e+02 6.318485315225917702e+02
9.138140288192288381e+02 9.502695899916733424e+02 9.509253233523742210e+02 9.235126120723489294e+02 9.487615185000896645e+02 9.723425333868332245e+02 1.003598067774956462e+03 1.039548467458185542e+03 1.079789169494076532e+03 1.121066814505790489e+03 1.150047830338446147e+03 1.130885337388556536e+03 1.080071765722742157e+03 1.025437041704981766e+03 9.738994407819994876e+02 9.208842080281190192e+02 8.810449745034512716e+02 8.468833711621803104e+02 8.147895122536606323e+02 7.799905200832326955e+02 7.300265912426849582e+02 6.655757796717822430e+02 6.937463487799742552e+02 6.766637215509655334e+02 6.419586193703142953e+02 6.399637745914644711e+02 5.861471064258531669e+02 5.181449054305502386e+02 5.522176501823747685e+02 5.230916191888638878e+02 5.315344395342982580e+02 5.842512398047350644e+02 5.568469838924446549e+02 5.647293693132385215e+02 5.723090134234712423e+02 5.795930772960857666e+02 5.868219691165580798e+02
9.506511229230915205e+02 9.812792419456769721e+02 9.893761474035909487e+02 9.775321308824381958e+02 9.741928416900457250e+02 9.691872705537566617e+02 9.934201006528855942e+02 1.026298962942360731e+03 1.064293709583938607e+03 1.104245828853592457e+03 1.135267518290156659e+03 1.120453730611349556e+03 1.051077368552085090e+03 9.814129241691566676e+02 9.202558613589258130e+02 8.681595378198990147e+02 8.241095560916709246e+02 7.864427440050768610e+02 7.533734349421714569e+02 7.239647590082654460e+02 6.980200639816542889e+02 7.376480505739077671e+02 7.556348377572401205e+02 7.307427800543187004e+02 7.004723073215394606e+02 6.559227000467645894e+02 5.901552793464253455e+02 5.227547436552432600e+02 5.672386165034904479e+02 5.829455685450906230e+02 5.873883579445465557e+02 5.451979448961328671e+02 6.038349721276288165e+02 6.352163785599684616e+02 6.325781610193336064e+02 6.306966999705626904e+02 6.231285475590719898e+02
9.230678874247680596e+02 9.574981913911013862e+02 9.661020629707992384e+02 9.495024678320127123e+02 9.309928628855727766e+02 8.940754578808667929e+02 9.245995218208861388e+02 9.597373092719643637e+02 1.000561424932391105e+03 1.048825559337484037e+03 1.103548109545836269e+03 1.122522540273327877e+03 1.085742994890969840e+03 1.024658037374759033e+03 9.684267820589601570e+02 9.141652892801433836e+02 8.699638922663203857e+02 8.290489642944125990e+02 7.951625338022023470e+02 7.632284347858307001e+02 7.352724671625759356e+02 7.907686502019307682e+02 8.073454471086369040e+02 7.741737621864674566e+02 7.122971458451951321e+02 6.428242090727486584e+02 5.893051844983709771e+02 5.776875303108968183e+02 5.291950172757657356e+02 5.948651321474043243e+02 6.246254960254196931e+02 6.152854263674187223e+02 6.526957166325927346e+02 6.957538600955177799e+02 6.983478187460146955e+02 6.904690801850510979e+02 6.806774959905461628e+02
8.721738076052664610e+02 9.134655305020850165e+02 9.121797827959818505e+02 8.772597501372139277e+02 8.690931710707910725e+02 8.192507823955526192e+02 8.530176740356371283e+02 8.905963995130554167e+02 9.360251891726463782e+02 9.967993200846693753e+02 1.063803924557584423e+03 1.107435368535081125e+03 1.109857502888662111e+03 1.073869860053755247e+03 1.018572743640153703e+03 9.680364771738143190e+02 9.179708519172129400e+02 8.766061587554772814e+02 8.372881067138584967e+02 8.041372402528513703e+02 7.823062910296133623e+02 8.327505271354498291e+02 8.416606602602488465e+02 7.903821106498880908e+02 7.295799815632358332e+02 6.903139847472488100e+02 6.502179933949822725e+02 6.031909753350357732e+02 5.341159430732457167e+02 5.921472881825545755e+02 6.360284567192477425e+02 6.701821124012293467e+02 7.066417857481910687e+02 7.444437583926519437e+02 7.638687474503490193e+02 7.570124030984298997e+02 7.447713244131015244e+02
8.256359551158591330e+02 8.657594574963324021e+02 8.535722820291796324e+02 8.067536682452239347e+02 8.102551074548623546e+02 7.591040300267893599e+02 7.939458505059538993e+02 8.338294922381930974e+02 8.842639788365349887e+02 9.452584225366153987e+02 1.011001577070848498e+03 1.077957642017720218e+03 1.113903407159309609e+03 1.107810214779457738e+03 1.073679153875336851e+03 1.021255321184031914e+03 9.726000809107576970e+02 9.234694450269587378e+02 8.816810373731916570e+02 8.480661446458660748e+02 8.512955180315285588e+02 8.712262114706235252e+02 8.646650845769914895e+02 8.244770042220270625e+02 7.808311664916958534e+02 7.405490695511291506e+02 6.979688808615923108e+02 6.478034476448393661e+02 5.934787752906635205e+02 5.418429920506633835e+02 6.079059360085312846e+02 6.556703605168711420e+02 7.063005229678685737e+02 7.590151256510265512e+02 8.042922868219866359e+02 8.199163829353798292e+02 8.145332523679896894e+02
