output/field_example_test/elevation_000004.asc
nrows	150
cellsize	66.66666667
xllcorner	0
ncols	150
yllcorner	0
NODATA_value	-9999
[rows 0 to 16 of 150, columns 74 to 110 of 150]
7.591287416456714254e+02 7.677141919859607242e+02 7.810200386613608998e+02 7.826432850621582702e+02 7.763950516830194601e+02 7.899558020925218216e+02 8.084495585427225706e+02 8.351164655721931922e+02 8.660282585648440090e+02 8.898598064095522204e+02 8.899810238640089892e+02 8.788028018348898058e+02 8.715226924417589771e+02 8.657891054077334729e+02 8.545567770751454191e+02 8.509429512203525974e+02 8.529854968239053505e+02 8.600002462407684334e+02 8.743235188433702660e+02 8.919317988832260653e+02 9.052934760074582528e+02 8.986305878579379396e+02 8.812118709861164234e+02 8.659986186855685446e+02 8.563008040310950264e+02 8.491847052762772137e+02 8.252891625228717203e+02 7.928597347677228981e+02 7.618789882690178956e+02 7.375856765944852214e+02 7.448070758141685701e+02 7.797102034443516914e+02 8.046339716131295745e+02 8.040333600585069007e+02 7.883477061619863662e+02 8.196551211774176409e+02 8.425924793458044633e+02
7.242761308390503245e+02 7.333472457955144819e+02 7.556142081151398315e+02 7.539172807175407343e+02 7.384967075949401760e+02 7.599293163965526219e+02 7.776312010446202976e+02 8.147134107079587011e+02 8.529497222588262275e+02 8.818396489165646699e+02 8.755050757449572529e+02 8.541923436336403483e+02 8.467207744401511036e+02 8.456621726000262242e+02 8.262769772840717906e+02 8.228772237876103191e+02 8.253408081824555893e+02 8.324550091996303536e+02 8.529521183434640079e+02 8.761876000043896511e+02 8.949771931401021448e+02 8.866483582116771913e+02 8.618574659278373247e+02 8.398106336187827310e+02 8.298673575525068600e+02 8.333178725163394347e+02 8.074926958493578013e+02 7.730707993398573308e+02 7.277573151487313226e+02 7.681940465541910044e+02 7.818254059939808940e+02 7.561366991459622113e+02 7.907536013909519852e+02 7.786531879706628843e+02 8.119673307477308981e+02 7.975380762429358583e+02 8.395563328651835491e+02
6.724327374552154879e+02 6.863360599382756391e+02 7.102172198633227254e+02 7.009924480157416156e+02 6.898064704634504096e+02 7.231977308116129279e+02 7.678135130274320090e+02 8.140720786716366320e+02 8.562950608877738432e+02 8.706041680024327434e+02 8.533790871540011267e+02 8.183285955692281277e+02 8.068380570750738343e+02 8.131063175774772844e+02 7.862583696764687602e+02 7.797895145921912672e+02 7.830331012217694706e+02 7.939739380862058624e+02 8.263577637455439344e+02 8.566020965026004887e+02 8.767578902293948886e+02 8.665351317428677476e+02 8.360361899878517988e+02 8.062574316306313449e+02 7.857372636208185668e+02 8.042868897279812472e+02 7.816879596073824814e+02 7.491871228323620926e+02 7.201595414354511604e+02 7.742764637247432802e+02 8.043488821623549256e+02 7.985512766353568850e+02 7.684020067702723509e+02 8.126899855088176992e+02 8.316257351406781027e+02 8.043983412888758266e+02 8.389727487164169588e+02
6.204125764377175756e+02 6.575595040954673323e+02 6.556721032409702730e+02 6.445336683085657796e+02 6.940453240416618428e+02 7.466357059598396972e+02 7.919675754998247612e+02 8.345046971387067742e+02 8.602569359764563615e+02 8.549706882407167541e+02 8.241678954626358973e+02 7.918073937371627835e+02 7.618521608824943314e+02 7.809571104838580595e+02 7.472320548525750610e+02 7.343296164771862777e+02 7.385793260137653533e+02 7.704026633642724846e+02 8.057372720051378110e+02 8.335271367974511350e+02 8.520221539518852296e+02 8.425306565729921431e+02 8.086785651720440455e+02 7.732065740319170573e+02 7.445664340343718095e+02 7.751195186013242164e+02 7.643299078043844474e+02 7.095224985730202434e+02 7.387811833859105946e+02 7.745543890823403217e+02 8.090539381726003967e+02 8.234650094754397287e+02 8.183773040826471288e+02 8.371729697430876058e+02 8.570937367345065923e+02 8.452208361301081823e+02 8.143525040319651680e+02
6.022585864467619103e+02 6.094398363532143321e+02 5.992469102257405211e+02 6.528012978347036324e+02 7.176953260630082241e+02 7.715076805634445236e+02 8.140142338351053013e+02 8.453609943000008116e+02 8.549707254949752269e+02 8.356625512944523280e+02 7.975502181162102033e+02 7.576138677506147587e+02 7.238943035135284845e+02 7.520649986955802433e+02 7.337688902310674166e+02 6.888144485329072495e+02 7.144474878654696113e+02 7.494332538975742182e+02 7.914153944199514399e+02 7.979953159029646486e+02 8.213595301546574774e+02 8.152003876935260678e+02 7.805536781824488344e+02 7.418833823705268742e+02 7.080901873589498337e+02 7.471611927583790020e+02 7.601186493295356286e+02 7.384367922964806894e+02 6.968852254698970228e+02 7.473777355261496496e+02 7.954627643107738777e+02 8.266215283445387740e+02 8.501242468444412452e+02 8.687399323716061872e+02 8.816042052023185533e+02 8.743568329156564687e+02 8.546219347286161110e+02
5.651210331735887848e+02 5.562476193990597721e+02 6.150366670706705463e+02 6.793222126936085488e+02 7.279827913352654605e+02 7.776819755837839239e+02 8.161127669885054274e+02 8.405318716382491857e+02 8.380785149474017999e+02 8.076865396303642228e+02 7.713298758975760165e+02 7.281518239854866579e+02 6.893334752945162336e+02 7.201530407740892770e+02 7.075594414430649977e+02 6.585595140221948895e+02 6.909749562739780231e+02 7.431987744321949094e+02 7.674292332112611348e+02 7.582412877471826960e+02 7.870545296522211629e+02 7.840206245181761915e+02 7.502236652479505210e+02 7.118516538245594347e+02 6.748675925545553582e+02 7.055555675530649751e+02 7.337649522973068770e+02 7.319591407203074596e+02 6.888370517657757546e+02 7.377103358304418634e+02 7.642321334587755928e+02 8.046418971367800168e+02 8.433350618773901033e+02 8.743572572387035962e+02 8.931023210169817048e+02 8.973164839145271117e+02 8.904459488428511804e+02
5.143958572220282122e+02 5.854281487298173943e+02 6.433052108038853021e+02 6.906024174478760642e+02 7.295449388867011749e+02 7.586732025524605660e+02 7.911443429416635809e+02 8.195774151767460580e+02 8.146940458906481126e+02 7.804566598289903823e+02 7.422795916536705363e+02 7.034275750847209565e+02 6.579779958891414253e+02 6.763661309954422904e+02 6.748850521564910423e+02 6.318759020869027836e+02 6.874658152188328586e+02 7.256191263505727420e+02 7.259335159333985530e+02 7.169427286795801137e+02 7.505345208682314251e+02 7.486522820411208841e+02 7.144345524952474307e+02 6.800123032687185969e+02 6.459347933636161088e+02 6.537813866213456322e+02 7.032942700935943776e+02 7.125240980231474168e+02 6.818495021934928673e+02 7.061846346006191197e+02 7.559433066896712035e+02 8.004295356668945942e+02 8.320837042115249460e+02 8.553219993955269729e+02 8.831548581635822757e+02 9.029055574909029929e+02 9.108368810060367196e+02
5.400038471080572435e+02 5.975604920812976388e+02 6.429238879779808258e+02 6.644102600787172150e+02 6.899094569662303229e+02 7.244973336102940493e+02 7.621578848722180055e+02 7.918850375804919395e+02 7.867334576054789750e+02 7.507469726281020712e+02 7.116603533569358433e+02 6.796083192946008467e+02 6.593641334584749529e+02 6.159615906698626304e+02 6.289515532056667553e+02 6.066401840060538007e+02 6.614376848296860771e+02 6.934026117166617951e+02 6.770111431211406625e+02 6.776175419101513171e+02 7.111211302341716873e+02 7.079025656558759465e+02 6.751031105539038890e+02 6.361913914458280033e+02 6.854722274242128606e+02 6.983081543496394943e+02 6.647751596307842874e+02 6.721765071884476583e+02 7.165668535040889537e+02 7.449189766086146847e+02 7.430793908290927448e+02 7.696003091310755053e+02 7.977298449376909275e+02 8.276583742184581070e+02 8.603344634930610937e+02 8.939703787111117208e+02 9.191151169301962227e+02
5.269524398346119369e+02 5.742648633718965812e+02 6.074736802735350238e+02 6.132196771990185198e+02 6.556580924837678594e+02 6.926816212259893746e+02 7.312326765305647314e+02 7.557438940189690584e+02 7.538344455631158780e+02 7.182595598564732882e+02 6.776546951369139151e+02 6.430670494395652668e+02 6.200951045067456562e+02 6.156261564283593088e+02 5.719813362758409312e+02 6.099728208853019851e+02 6.453930932289711109e+02 6.589418455406186013e+02 6.233255103086672761e+02 6.598623443094437562e+02 6.612456963972681478e+02 6.635096996292575113e+02 6.240662163107069773e+02 6.738897529643312510e+02 7.102249430917374866e+02 7.335112554349059337e+02 7.207329421964843732e+02 7.176965195555760602e+02 7.119031140800174171e+02 7.609257474482038788e+02 7.854536307966319555e+02 8.084757695667491362e+02 8.315834596292818333e+02 8.523738566952875999e+02 8.772018762082932426e+02 9.055885847293857296e+02 9.293724345131058726e+02
4.972141960223254387e+02 5.427431482304676820e+02 5.502725268878740508e+02 6.007242782668989776e+02 6.235788095478758351e+02 6.604786834393377148e+02 7.006725053607017344e+02 7.058022573812811515e+02 7.147823502626000618e+02 6.828253356489542512e+02 6.428699033482185996e+02 6.057141498972600857e+02 5.761468586391825966e+02 5.888526643896270798e+02 5.521089130829876694e+02 5.590572340394109006e+02 6.123562684714281659e+02 6.229344802080909176e+02 5.852292160233271261e+02 6.278145861731966306e+02 6.038242932869709421e+02 6.114507011839461939e+02 6.660001312460560712e+02 7.045237043252673175e+02 7.375030402635111386e+02 7.626486418739996225e+02 7.679151776629173582e+02 7.650328512688246292e+02 7.628671846257940388e+02 7.546612564554692426e+02 8.039998042419261992e+02 8.370737089635229040e+02 8.603768345119200376e+02 8.808096364813269474e+02 8.990110837131167045e+02 9.198653812497718718e+02 9.403642303920682934e+02
4.777878111577977620e+02 4.895476624370797367e+02 5.417010093698570472e+02 5.561379888090990562e+02 5.865326555170094025e+02 6.308793476496159656e+02 6.549378052581582779e+02 6.489563641887139056e+02 6.686473938207703895e+02 6.453055655275494473e+02 6.054236435399137690e+02 5.715664188618898152e+02 5.372689549594575738e+02 5.439807803342257557e+02 5.981595874763053189e+02 6.092053270736964805e+02 5.689460421314898895e+02 5.749582552837049434e+02 6.179742650801364334e+02 5.947723122939894438e+02 6.079038403147870895e+02 6.488585687811305434e+02 6.795137035688064771e+02 7.066896646625741596e+02 7.317088756569379484e+02 7.660447224970788511e+02 7.905750793331172872e+02 8.032677351354359416e+02 8.101381529878311767e+02 8.040717831837843050e+02 7.958210158411028488e+02 8.229899150476911700e+02 8.501166628857210981e+02 8.770495873318451459e+02 9.121718556795370887e+02 9.347078889347061477e+02 9.506553264734239974e+02
4.345370885122941331e+02 4.855895338149552458e+02 5.095484158220348831e+02 5.102302329390898308e+02 5.602046396336553471e+02 5.947181442521836061e+02 5.966639258460600104e+02 5.896210482833525930e+02 6.213575692694189456e+02 6.095359049726847616e+02 5.680480671915908033e+02 5.289532784985176477e+02 5.745094015621606331e+02 6.027730945878902276e+02 6.380120863744792814e+02 6.531947003282089099e+02 6.277550535322673113e+02 5.984591859979609580e+02 6.489260262290277979e+02 6.535015979125554395e+02 6.607278095670751554e+02 6.289522433706840729e+02 6.443509818984048252e+02 6.621719434602896399e+02 7.142012225869865460e+02 7.474005539678972809e+02 7.793865736805429378e+02 8.090733419192615656e+02 8.352362767514325697e+02 8.456152418250657092e+02 8.419978198576767454e+02 8.612783471045638635e+02 8.830412366989460224e+02 9.060373847916666818e+02 9.127715529136914938e+02 9.350294358149343452e+02 9.540091566982661107e+02
4.839987861558669238e+02 4.431893295444515388e+02 4.495304668469129865e+02 5.045325820671112069e+02 5.403910973897598069e+02 5.389933053155060634e+02 5.373868008752281185e+02 5.356945630899290336e+02 5.754419199456034448e+02 5.656796357612752217e+02 5.188908323599401911e+02 5.739017114595835665e+02 6.122033141514415320e+02 6.503753684556567123e+02 6.850996547437496247e+02 6.983868439004108950e+02 6.696330103647933356e+02 6.249488820024179176e+02 6.739452973461319516e+02 7.046469240536825964e+02 7.035052854524976738e+02 6.645355096808360713e+02 6.997567802205063572e+02 7.103093483679689371e+02 6.851014071783536110e+02 7.054311897026499310e+02 7.450279493971618194e+02 7.873294466688495277e+02 8.298721266111184605e+02 8.620730562207504590e+02 8.772080378939276670e+02 8.931664864360426463e+02 9.102236622307807465e+02 9.267319349739101426e+02 9.373772705497331117e+02 9.492187004023771806e+02 9.637516948039730096e+02
5.184837349935546627e+02 5.091963846417016839e+02 5.069878720797141796e+02 4.593174715847279117e+02 5.043435479243779014e+02 4.764405373972397797e+02 4.820864632730891799e+02 4.882680323835034528e+02 5.347217987607521081e+02 5.081154840169258478e+02 5.645949600811286473e+02 5.826444488792435550e+02 6.430914486802649890e+02 6.898060928271224839e+02 7.242567840852410654e+02 7.343123374905424043e+02 7.002476901525930089e+02 6.534861172353954544e+02 7.019681589914787310e+02 7.410825915665890307e+02 7.400749307029125248e+02 7.031329952287684364e+02 7.400705451781096826e+02 7.458031783194218178e+02 7.095166769789625505e+02 7.437270326876052877e+02 7.368758523782009888e+02 7.823881624844912039e+02 8.235638906561321164e+02 8.507859800973490110e+02 8.723146405998917317e+02 8.929767770792011561e+02 9.132932493401400507e+02 9.311803574148207190e+02 9.506649491966343248e+02 9.626357077111341596e+02 9.699331995388970427e+02
5.405506655278976496e+02 5.664541653602113911e+02 5.550492480865902962e+02 5.134763457508039437e+02 4.678628484903367166e+02 5.171418334308915519e+02 5.437564371790755331e+02 5.421306863744400744e+02 4.977382626501875507e+02 5.519246650497429982e+02 5.969817897895401302e+02 6.375238691382255638e+02 6.508022749239125915e+02 7.019123257715012869e+02 7.501046330600522651e+02 7.624408618222050791e+02 7.289146571936021246e+02 6.838780381129960233e+02 7.294763956803978999e+02 7.706482709914567977e+02 7.748573048912801369e+02 7.438240527053253572e+02 7.751695402381766371e+02 7.737664643056501745e+02 7.351584809679350201e+02 7.723943656900764836e+02 7.827109276239185647e+02 7.666950879877779244e+02 7.893636611189541554e+02 8.137007253384354044e+02 8.391621630421261671e+02 8.658696084269784023e+02 8.936731845772436600e+02 9.228388632004669034e+02 9.486271850635039300e+02 9.660191660288286357e+02 9.694310114868510482e+02
5.698740984429180116e+02 6.088014007928958335e+02 5.961218343007302565e+02 5.456431443785689908e+02 4.858154656997487564e+02 5.444043262739796774e+02 5.870853502644750961e+02 5.806742740298479930e+02 5.259451822073531275e+02 5.816110598382950911e+02 6.325381345532240402e+02 6.732192422572434225e+02 6.979169876001332113e+02 7.300595078237231519e+02 7.718343189927625190e+02 7.873870475925559731e+02 7.585220377600174970e+02 7.166295024770082591e+02 7.537413854619193216e+02 7.968741018511291259e+02 8.089983118372658737e+02 7.866509424604937522e+02 8.090373702078102269e+02 7.993257758233993400e+02 7.616590268257266416e+02 7.938468347097659716e+02 8.165825254675726228e+02 8.014603850293600544e+02 8.236068956961860295e+02 8.449199737095436831e+02 8.665253848240884054e+02 8.889214188212495174e+02 9.139451054574080899e+02 9.365012021868055854e+02 9.571134620308786225e+02 9.668319176291813619e+02 9.626673359152497369e+02
6.001252680698372615e+02 6.401675553829728642e+02 6.268367693534519276e+02 5.747172074490200657e+02 5.054345498776759769e+02 5.723632082460582069e+02 6.173298436313048114e+02 6.189159577910950247e+02 5.858290379570152027e+02 5.689525806382745259e+02 6.323252018688983753e+02 6.799527103799989618e+02 7.187570191453718280e+02 7.587671637064421475e+02 7.911890847039006758e+02 8.095260515345114527e+02 7.923016131018105170e+02 7.523288594769808242e+02 7.824062621781398548e+02 8.178692590195246339e+02 8.416241939369000420e+02 8.310287457292359932e+02 8.410871166151703164e+02 8.198607871505171261e+02 7.911469027166142496e+02 8.129884988510001449e+02 8.419777071405765128e+02 8.383025764635968926e+02 8.594032881585221730e+02 8.787100710582219563e+02 8.965408256616573226e+02 9.140442382776556087e+02 9.319780377269715927e+02 9.508627077393823583e+02 9.619552289730073653e+02 9.617476614127274388e+02 9.516655278423622804e+02
