output/field_example_test/elevation_000017.asc
nrows	150
cellsize	66.66666667
xllcorner	0
ncols	150
yllcorner	0
NODATA_value	-9999
[rows 34 to 50 of 150, columns 0 to 36 of 150]
7.121775659861302862e-04 6.800412345087062249e+01 1.001589938371291311e+02 8.568204950424605215e+01 8.002410219388367807e+01 7.988950117759411285e+01 1.293250181997496213e+02 1.784228879382285129e+02 1.807232453215790997e+02 1.471301910043959253e+02 1.000075841169659014e+02 1.082360245951225011e+02 5.955594038010759306e+01 1.175297712932922991e+02 1.225393911620801362e+02 7.367661249725847483e+01 1.256477999013292930e+02 1.530217622725100455e+02 1.516974641640485117e+02 1.379386515340129620e+02 1.840780878947471422e+02 1.763852185720322439e+02 1.302322037632036711e+02 1.423210445804584197e+02 1.569700655521094177e+02 2.246666879328289212e+02 2.844673182047580440e+02 3.508612079384678282e+02 4.027900133765934356e+02 4.415008556282244854e+02 4.659798008143695256e+02 4.837484508652486284e+02 5.059190155451944406e+02 5.331767387489151133e+02 5.499889357728025061e+02 5.573480585694364891e+02 5.311813344711589480e+02
8.690999111148535342e-05 5.815751574945954872e+01 6.269951462044553381e+01 1.455089984261657143e+01 1.792349575155767383e+01 2.180225847319411159e+01 8.151554928017024793e+01 1.238506382916354482e+02 1.116709537984171874e+02 1.033224936328385581e+02 4.957174060143045580e+01 5.343993340553515026e+01 1.141501407054775115e+02 1.614697459204539882e+02 1.635114298888168207e+02 1.096605408450856203e+02 1.577883516175819238e+02 2.091665038348522501e+02 2.203675998572022650e+02 1.947941490540385416e+02 2.339894999792408612e+02 2.216152798736931970e+02 1.618152434076120869e+02 2.060955686448463098e+02 2.187354255172429021e+02 1.801088197667273789e+02 2.457305055566466763e+02 3.036371710858831534e+02 3.575831567110172955e+02 4.096206453273861712e+02 4.421902234944400902e+02 4.716599570710648663e+02 5.036634876226673896e+02 5.382353891984233769e+02 5.733410402116558089e+02 6.005215638611848590e+02 6.013120190239118301e+02
1.037417951141603092e-03 3.993626071109982689e+01 9.133972919052414596e+00 6.299271841282441642e+01 8.808153238859468104e+01 8.254934178068127437e+01 2.803026869378793151e+01 7.601286277748363318e+01 4.025343841451473281e+01 4.425631678378294254e+01 1.044320396074447928e+02 1.132198935550284347e+02 1.611650827715228047e+02 2.092948068545184412e+02 2.063239956368414596e+02 1.511415111721061351e+02 1.911228532314603115e+02 2.448110489695874890e+02 2.793659531013686887e+02 2.615301423702019292e+02 2.878032597875495071e+02 2.615591092433438689e+02 1.971625380027921040e+02 2.473165655235753775e+02 2.744111188402628159e+02 2.526271854451348133e+02 2.030335970084598785e+02 2.600344056750795971e+02 3.093400621389562275e+02 3.529077578862450082e+02 3.737748513883190640e+02 4.106584850767759463e+02 4.474503218066927275e+02 4.890915402919575854e+02 5.441617054351181650e+02 5.942323881391243958e+02 6.360427425660121799e+02
9.583065128124913876e-04 3.466154213340741475e+00 5.710447666160919056e+01 1.048943631400106682e+02 1.446482888008013106e+02 1.341267398924748022e+02 8.971685196550180308e+01 3.483758593522168923e+01 9.843383517938792693e+01 1.125833365262541150e+02 1.516834889072413830e+02 1.837250561831309312e+02 2.194564811616349118e+02 2.597664191099117375e+02 2.544709077247638334e+02 2.026717019738865702e+02 2.332645070413195185e+02 2.803455128461856134e+02 3.311604400259565182e+02 3.336731273398276585e+02 3.432535654851286040e+02 2.956521495886859157e+02 2.364371508079345858e+02 2.895502633313492424e+02 3.287423157400028799e+02 3.112208996456702152e+02 2.658275185380769017e+02 2.209702509638542267e+02 2.481810079415371888e+02 2.791070374936583676e+02 3.117678630161258297e+02 3.470898141807605839e+02 3.860240577637906085e+02 4.302263719256403078e+02 4.903816671679139176e+02 5.560638547944460015e+02 6.266706279943056188e+02
6.724052898605182074e-05 5.803088979357256250e+01 1.004122753994100634e+02 1.485590501514979849e+02 1.889038308849219732e+02 1.826187566641160345e+02 1.429884103576710288e+02 1.265086739278053187e+02 1.521793998313906116e+02 1.831919601803872126e+02 2.170825677837395062e+02 2.502068051505171127e+02 2.825165842123503239e+02 3.110893740906711855e+02 3.092774808924531840e+02 2.768705522114489099e+02 2.828357774328068217e+02 3.258850983619606154e+02 3.735399812580552634e+02 4.016631730955170951e+02 3.931531184027478503e+02 3.387450584861775269e+02 2.814353559957075959e+02 3.338514074632687993e+02 3.760811776934153272e+02 3.616423377052640831e+02 3.101625481554219732e+02 2.374134001009337567e+02 2.887365906832159794e+02 3.326137825373523356e+02 3.712134544449477289e+02 4.023467715300983514e+02 4.405592677352126998e+02 4.840489102616821242e+02 5.002628167713192511e+02 5.584303490640791097e+02 6.231261518805528112e+02
5.271809323556161378e-04 6.607161880372478890e+01 1.334420601937845845e+02 1.873986033559926341e+02 2.197225408728011757e+02 2.137602316481325602e+02 1.853552692032700691e+02 1.638908282435029378e+02 1.756216871659158016e+02 2.076701722391210012e+02 2.449135937091000415e+02 2.729449267577068099e+02 3.050293664553084909e+02 3.409651679242694513e+02 3.584031895655572839e+02 3.550408402067616862e+02 3.529333339527393036e+02 3.867702565431297899e+02 4.253853884039396576e+02 4.587900189874268904e+02 4.426837838779718481e+02 3.877584849246111958e+02 3.347566679421233857e+02 3.839155553498069366e+02 4.216923074944342602e+02 3.998889657076950357e+02 3.337090213688214817e+02 3.016672894214721055e+02 2.628937737132757775e+02 3.300424990814117905e+02 3.848910839315664703e+02 4.350241219234135883e+02 4.787458940080650791e+02 5.183648673200483472e+02 5.508370785392695552e+02 5.770758018839435408e+02 6.331703722419337055e+02
6.341017935509080149e-04 6.310058453289901337e+01 1.315781249580550991e+02 1.909351711922794550e+02 2.154230450475542682e+02 1.936715575982520363e+02 1.561647535815881440e+02 1.061104076119133737e+02 1.174459702969276549e+02 1.740719875114525053e+02 2.088990720905982812e+02 2.211748702221948406e+02 2.643650887818026263e+02 3.223245413157308690e+02 3.661235936599288721e+02 3.999730932422547767e+02 4.190129185710060256e+02 4.488918546609586429e+02 4.818462569780118656e+02 5.066278872722126607e+02 4.915578598307640164e+02 4.438314480869350973e+02 3.992871777201706323e+02 4.484198691732655675e+02 4.697786635108648738e+02 4.306993793397230661e+02 3.748100481640071848e+02 3.177028787961573926e+02 3.252104690672900347e+02 2.888531034638612596e+02 3.531822516914763241e+02 4.089732556466704523e+02 4.506144312691358778e+02 4.909975952305341593e+02 5.323153047685784713e+02 5.764884641356725297e+02 6.303202997896140687e+02
2.963495960579561983e-04 6.853408180394173144e+01 1.342188628672613504e+02 1.693085521647957989e+02 1.778138356305659897e+02 1.503380466621946994e+02 8.998666982321040564e+01 1.423215704611669707e+02 1.662879239266175091e+02 1.335976790310627678e+02 1.441881411038667125e+02 1.567567787213858139e+02 2.214151426572327068e+02 2.766743945184487643e+02 3.305368225559477651e+02 3.853491536108617197e+02 4.246357403426422366e+02 4.608794574462735341e+02 4.984275860713186148e+02 5.316194496124471698e+02 5.336486308323985668e+02 5.098775200713885738e+02 4.744722133292723925e+02 5.109834668332723027e+02 5.190082172994669918e+02 4.719719878772982611e+02 4.132156258263360087e+02 3.623351118975097620e+02 3.731176421137261627e+02 3.241939078990491794e+02 3.138283309571328914e+02 3.455101031136322831e+02 3.825639197914074430e+02 4.247996085298901221e+02 4.717472958582647493e+02 5.237718899874893168e+02 5.845243104186662322e+02
3.729900226939581679e-04 7.228823623651737762e+01 1.167351922185374065e+02 1.117160962458516167e+02 1.176303355637631824e+02 1.186928228065924458e+02 7.824852271085347866e+01 1.369387005960616648e+02 1.968041208565019247e+02 2.016746964308748034e+02 2.063138354606559233e+02 2.181098831137866512e+02 1.764172615782100024e+02 2.342345845673403346e+02 2.900537551925737603e+02 3.394580405156496568e+02 3.758404440829252735e+02 4.139176288664745584e+02 4.610845678560540364e+02 5.146382066143696647e+02 5.479178133708729774e+02 5.552715742371165106e+02 5.520644440883244215e+02 5.703118411545805202e+02 5.662482940303353871e+02 5.186431066628076678e+02 4.664507936115144275e+02 4.139783552884771893e+02 4.182271015113808517e+02 3.663088385532645361e+02 3.757329604938550460e+02 3.409977824693090724e+02 3.975828580157365764e+02 4.604845769145588861e+02 5.143912555835370313e+02 5.653589489858234174e+02 6.188443616304707575e+02
7.474223959858894515e-04 6.288234106404806312e+01 7.925155410064979833e+01 4.178742142674260407e+01 5.199466326406867012e+01 6.313178491521374269e+01 1.093232593751288420e+02 1.772106031479167143e+02 2.236871930298577240e+02 2.654390475793424571e+02 2.736510918328472712e+02 2.769560047922991544e+02 2.390970457670966027e+02 1.954269814855638572e+02 2.496973119234272929e+02 2.932468809487066324e+02 3.122854118503655627e+02 3.621985907577843022e+02 4.175928740201458709e+02 4.732052329617541773e+02 5.197244300147610829e+02 5.484303905831881139e+02 5.753032390284748772e+02 6.040480754527019371e+02 6.063148473027828231e+02 5.757911048613775620e+02 5.235269853268597444e+02 4.746140320007215792e+02 4.677276681940340382e+02 4.134505761494203853e+02 4.260102552114198602e+02 3.822356996565917484e+02 3.736306483959558022e+02 4.459931440579060791e+02 5.006059861540221050e+02 5.486628735578091209e+02 6.006798675501322577e+02
1.003401931288566782e-03 4.505021237778664300e+01 2.618979350362328873e+01 8.525988743949577042e+01 1.218954661501983736e+02 1.331979914908637568e+02 1.762175375795768844e+02 1.950200551511913147e+02 2.653359670838056559e+02 3.101199174518656605e+02 3.400956405075812654e+02 3.355943782170000418e+02 2.922066451425499167e+02 2.490775925445736334e+02 2.128198643794923441e+02 2.255756878685201343e+02 2.748251424973938128e+02 3.175445728215718191e+02 3.761876564423827176e+02 4.387410442542552005e+02 4.568332637668495977e+02 4.934384923625773922e+02 5.361667586387515030e+02 5.884345087867286566e+02 6.222120024223870587e+02 6.192308076339893432e+02 5.889660810764825101e+02 5.435516885124025066e+02 5.215841335823707823e+02 4.663436513864411950e+02 4.762129128238141789e+02 4.317558050793647340e+02 4.384035060110077779e+02 4.037057762261767948e+02 4.408841383379275953e+02 4.858937488191308489e+02 5.399156998431699321e+02
5.215015373671257927e-04 9.754257157325682215e+00 7.510912896960373075e+01 1.269493688736341284e+02 1.728342799397655938e+02 2.035581214210566543e+02 2.381217355380376830e+02 2.676347612013227035e+02 2.892459460251673136e+02 3.504189498330336505e+02 3.925317512212217821e+02 3.875836133360057829e+02 3.419419872582140556e+02 2.870063292400129740e+02 2.828540912351913335e+02 2.824163234337468111e+02 2.436573168485467136e+02 3.158399875044872260e+02 3.589232137322312042e+02 3.959048953443744949e+02 3.933236457818809981e+02 4.355151452320207568e+02 4.912935842754995406e+02 5.472247150395116932e+02 6.064461766932961382e+02 6.411062474941933260e+02 6.392080877529513145e+02 6.157215034178192354e+02 5.735712822705158942e+02 5.285843988033308278e+02 5.328733175376900135e+02 4.877664166239857764e+02 4.876316078703368930e+02 4.279881431938931087e+02 4.844386613095489338e+02 5.183942772158100070e+02 5.844067920256735533e+02
5.362004194064120752e-04 4.678051187063098837e+01 8.630689352556376548e+01 1.321896530876608438e+02 1.828330555312655576e+02 2.265900991048438584e+02 2.673350952126320408e+02 3.081542552754153803e+02 3.468005371474580443e+02 3.905492166885082383e+02 4.312537484397045660e+02 4.335370605673334126e+02 3.921681727398931230e+02 3.476306222597860369e+02 3.496726402919545080e+02 3.157054210474710203e+02 2.564392489981350423e+02 3.044292735560303527e+02 2.958274612103593313e+02 3.523007891417230439e+02 3.386276763106255316e+02 3.950099559589120304e+02 4.441246452329411909e+02 5.103991256492690241e+02 5.699970764203084173e+02 6.267996841713305685e+02 6.620492588366730615e+02 6.638479584869362498e+02 6.392024332395182000e+02 6.003947594726838588e+02 5.955145670620080409e+02 5.502484079879275214e+02 5.293155327793319884e+02 4.570586476807599183e+02 5.174897735433797834e+02 5.674391986992773127e+02 6.020351195699145137e+02
7.765128874837588270e-04 1.224007503674496355e+01 2.858484426847979165e+01 9.319840619733328424e+01 1.457061116191500503e+02 1.895486819805114180e+02 2.302187456271181532e+02 2.848239377856031069e+02 3.369709843553222868e+02 3.923966099141734389e+02 4.458615451288527538e+02 4.724057324822296096e+02 4.549949635376032688e+02 4.163066184174912792e+02 4.054881214265386689e+02 3.525950565360901692e+02 3.115256677887832666e+02 2.750361148586672471e+02 3.284071296503256008e+02 3.173617890621983975e+02 3.749502974511421485e+02 3.617481704599806562e+02 4.282198684758868126e+02 4.744170412036496032e+02 5.326021751640165576e+02 5.861901599271194527e+02 6.501205401893183762e+02 6.846168592274385674e+02 6.867187580529607658e+02 6.740502849529467539e+02 6.588518613589169490e+02 6.187992454665588866e+02 5.717944901160797144e+02 5.180379003900709449e+02 4.993746465102565253e+02 5.668347420419516993e+02 6.304959485334732108e+02
7.453121899500275314e-04 5.552178614709131921e+01 8.074960851423722374e+01 5.362310622245486513e+01 1.056911325602161469e+02 1.320304524671934985e+02 1.768247727960804525e+02 2.293661859263001759e+02 2.889501998088635446e+02 3.570467712543883181e+02 4.331245503389125133e+02 4.924977370677360682e+02 5.051361398334934734e+02 4.871411537856598102e+02 4.515196584709211720e+02 4.063589929879888700e+02 3.576199418769297722e+02 3.078078501439103434e+02 3.590871279439477348e+02 3.825387841661293464e+02 4.225443446478213332e+02 4.252264496242635801e+02 3.866444174568596850e+02 4.411038977726506687e+02 4.898805392755959360e+02 5.633275057856066041e+02 6.153163508740559564e+02 6.637734211788251741e+02 6.927640122024231459e+02 7.114882987823139047e+02 7.077179814000253373e+02 6.814949936030880053e+02 6.324608590244731658e+02 5.874517329932480152e+02 5.375026353319851751e+02 5.497881033648767470e+02 6.030988676293726485e+02
7.383993904984666136e-04 6.322270206950022242e+01 1.144497191140734174e+02 1.122362607670218750e+02 7.698096256115429981e+01 1.458579019674747315e+02 2.161139279839500489e+02 2.772536647722471344e+02 3.344098510292911897e+02 3.917324215201346647e+02 4.491086809314111292e+02 5.002437676134231310e+02 5.324201317901886341e+02 5.342807018673664743e+02 5.077388044186831735e+02 4.585214306115277054e+02 4.090579253136451712e+02 3.597371027633442395e+02 3.603567618424539205e+02 4.226644397610173201e+02 4.728958415520287986e+02 4.795716045805071985e+02 4.454301627847772238e+02 4.086004779741252264e+02 4.672620402902139176e+02 5.237122115949604222e+02 5.736169117703445863e+02 6.138158262133027847e+02 6.515873091213121597e+02 6.943959310938021190e+02 7.245119016131004628e+02 7.274916015501297579e+02 6.994091298164667023e+02 6.448812045573541809e+02 5.831719132558718002e+02 5.962662245333411875e+02 6.563920896732629444e+02
3.567392915062994737e-04 6.725478570834170000e+01 1.294162066106624422e+02 1.426994480926388178e+02 9.272866575146699120e+01 1.546993157782639514e+02 2.208558689958096863e+02 2.866915249584516232e+02 3.422142062388126647e+02 3.866316965122264833e+02 4.205447246118292810e+02 4.635138035068670206e+02 5.155449021073295626e+02 5.502184693621875340e+02 5.468451196535063445e+02 5.147040406546755094e+02 4.648232495863013582e+02 4.198097450145809830e+02 4.007320148496352772e+02 4.602367773246061802e+02 5.166144948895134803e+02 5.277009567121606324e+02 4.858106460834172253e+02 4.252177257357049029e+02 4.752995472563392241e+02 4.896601642403648498e+02 5.234365768662514711e+02 5.617503534410710699e+02 6.044999107167975581e+02 6.536421895237408535e+02 7.121684550561196829e+02 7.578761026543349999e+02 7.506086365992465517e+02 6.994641402128781920e+02 6.374286455015876527e+02 6.533106240045894992e+02 7.185090954459235491e+02
