output/field_example_test/elevation_000037.asc
nrows	150
cellsize	66.66666667
xllcorner	0
ncols	150
yllcorner	0
NODATA_value	-9999
[rows 119 to 135 of 150, columns 37 to 73 of 150]
6.270790525538440079e+02 6.929737511111977710e+02 7.117801230532912768e+02 6.857155381423831386e+02 6.412745081252382988e+02 6.062268074260448429e+02 6.008555576382300387e+02 6.118182930942197117e+02 6.614655030903455781e+02 7.041683939746869783e+02 6.789595881187841542e+02 6.069989876481395186e+02 5.496928981323402468e+02 5.019675289566239371e+02 4.569717492842298157e+02 4.155511247994633663e+02 3.734552701088629760e+02 4.479010249481174242e+02 5.129878973695132345e+02 5.671196706932173583e+02 5.891258247963398844e+02 5.496722748011654858e+02 4.858800132982793230e+02 4.210931122931057757e+02 3.608375108154153281e+02 4.268249214058571965e+02 4.886017712888775577e+02 5.478685440797245292e+02 6.015658230698550142e+02 6.495948366585654412e+02 6.884896469075840741e+02 7.061142344342167689e+02 7.138117895586337909e+02 6.710526238450286201e+02 5.981553284861312250e+02 5.245859219593355647e+02 4.821915756763633567e+02
6.655928165090645052e+02 7.002257637178862524e+02 6.836434229201995549e+02 6.310838534271047138e+02 5.808384502724110234e+02 5.338247462872790265e+02 5.338830192732044679e+02 5.520644141368616147e+02 6.196104665394035464e+02 6.725714674517031426e+02 6.608576006513042103e+02 5.931778380267506918e+02 5.200425969668258404e+02 4.716126061723340968e+02 4.299147596893411105e+02 3.915815587217762754e+02 3.530773129565901058e+02 4.150286094756555713e+02 4.704105812752360976e+02 5.302998879786996440e+02 5.571611845779452779e+02 5.210225597949062148e+02 4.782409732723903630e+02 4.186715477910284449e+02 3.459426204740949515e+02 4.186436299006471131e+02 4.821853631496301205e+02 5.433551976188080062e+02 6.018408782166919764e+02 6.487846627932818819e+02 6.635122131440591602e+02 6.461195533062401637e+02 6.701693852082984222e+02 6.536099463351822578e+02 5.902500637805090946e+02 5.194075750932038318e+02 4.516603450024877588e+02
6.883725545395719791e+02 6.871304579251914220e+02 6.474847464116343190e+02 5.841530328015444411e+02 5.242669786468744633e+02 4.759893477503194390e+02 4.750033543179794719e+02 5.230271968696401927e+02 5.871620460967403687e+02 6.468222203097021747e+02 6.506359080255980416e+02 5.896858158913233865e+02 5.154404327966190067e+02 4.485715905255050302e+02 4.022978447490746134e+02 3.654061930053273386e+02 3.347194846326914330e+02 3.702247957425437903e+02 4.234238136366475374e+02 4.901027288911755022e+02 5.190595944678461819e+02 4.814954480981245410e+02 4.326841297898936318e+02 3.888320173327708744e+02 3.305359212521011614e+02 3.789971337821991710e+02 4.378496419661697701e+02 5.036070518874153663e+02 5.680862389205126419e+02 6.163504498412667090e+02 6.142866016753541771e+02 5.766490463995102118e+02 6.181160934231290867e+02 6.276016423995245077e+02 5.888628081573600639e+02 5.361999280983873177e+02 4.827295821013743762e+02
6.744495321807531809e+02 6.561621284873999684e+02 5.993609536225171723e+02 5.400127527017997409e+02 4.798821300594290733e+02 4.294528216477999649e+02 4.346142373163548314e+02 4.900509257395303280e+02 5.547928974039851937e+02 6.250300345853468116e+02 6.471262149723530683e+02 6.066911376979272745e+02 5.532586106265731587e+02 5.038003176654616482e+02 4.614306505747595111e+02 4.209799904538685951e+02 3.727440803121738782e+02 3.111187107679018595e+02 3.810326023452387858e+02 4.535438891240023054e+02 4.796544017590153999e+02 4.421707741286001010e+02 3.888096050749497294e+02 3.472741175438447954e+02 3.174429171256346649e+02 3.837291598246034710e+02 4.518360887251604936e+02 5.115825386844264244e+02 5.372305913347209980e+02 5.689911371166482468e+02 5.600800645648968157e+02 5.135590828858888699e+02 5.634782843400918182e+02 5.837808724657177208e+02 5.446909147170695178e+02 4.959354668448097527e+02 4.476681228378681112e+02
6.235959082457840168e+02 6.169118889635961978e+02 5.593283336158283419e+02 4.955564383640447659e+02 4.406918642428381077e+02 3.899731588284684562e+02 4.010054794434554992e+02 4.610918477605995349e+02 5.386839183336024917e+02 6.071446073644361832e+02 6.240071502287333942e+02 5.839320932475428663e+02 5.484245393730785736e+02 5.099411012175621067e+02 4.709221436703462018e+02 4.264050782590246627e+02 3.671794893963941036e+02 2.921773826100271094e+02 3.671619992911563486e+02 4.224889653924325330e+02 4.354660464084689124e+02 4.033200235293638798e+02 3.524475749537647857e+02 2.964200080315615651e+02 3.570864202880057405e+02 4.084346757899282352e+02 4.685314140984007736e+02 4.937873554358821480e+02 4.773594475583860230e+02 5.103714262450285446e+02 5.049336162993699872e+02 4.584295910658511275e+02 5.121251280784989603e+02 5.352808598625052809e+02 4.978214249788062489e+02 4.429615377673881085e+02 3.996819720789774806e+02
5.633810514463950767e+02 5.750404806215735789e+02 5.264930387479179217e+02 4.585845383761369476e+02 4.048226832807755500e+02 3.548787065536706109e+02 4.211919126883728950e+02 4.844314685349807519e+02 5.460151757402493331e+02 5.939963097126060347e+02 5.936664818322039991e+02 5.436585849537480044e+02 4.925413521690778680e+02 4.583926555322061063e+02 4.239272018001141191e+02 3.885100336767996509e+02 3.402337110166636194e+02 2.746404377695488392e+02 3.357633403065369748e+02 3.763305851281123751e+02 3.760740894110724071e+02 3.631687467036521184e+02 3.167352996967808281e+02 2.818237433473564124e+02 3.476474847388050762e+02 4.108832216102380812e+02 4.607483220914621711e+02 4.546202579989750348e+02 4.123549081557376326e+02 4.450159045361228323e+02 4.449807497653220594e+02 4.102775791125491196e+02 4.702731922246978229e+02 4.900407158963052439e+02 4.465761524653122478e+02 3.963544595665437100e+02 3.453780641214000298e+02
4.974630603018342185e+02 5.264026587161642965e+02 5.070556009712681771e+02 4.509359446416638093e+02 3.767436009585450734e+02 3.285314287776866422e+02 3.944579825189621829e+02 4.554350079972342087e+02 5.135787694394376786e+02 5.651191626604910425e+02 5.594107499399416383e+02 5.032424880194876664e+02 4.443851022611384565e+02 3.971887088504769281e+02 3.650164703440220819e+02 3.325134517488232291e+02 3.197732087134994572e+02 2.587480242867635525e+02 3.047232923685074297e+02 3.144261229117220182e+02 3.130639253492129797e+02 3.143377838920381464e+02 2.619166404740084886e+02 3.117063123421663136e+02 3.614303147367795646e+02 4.108785784176222364e+02 4.344886344975042221e+02 4.088993263704745118e+02 3.537707693106793272e+02 3.722026981769139979e+02 3.757560747846954428e+02 3.678386982000964736e+02 4.339329740366898136e+02 4.472898358811162893e+02 4.062323219056287371e+02 3.391671114360581214e+02 3.934795401341630736e+02
4.381653220439372944e+02 4.702465232023657791e+02 4.641645116782209470e+02 4.230384155241680446e+02 3.742856381562713750e+02 3.046444066322410436e+02 3.625658419847376308e+02 4.186139923294409755e+02 4.801795653970692115e+02 5.341932526302152837e+02 5.256171447107782342e+02 4.655652691593497252e+02 4.031011153153912119e+02 3.524398639815468641e+02 3.113899867973235587e+02 2.805707915906007202e+02 2.897574347652844722e+02 2.441166844058558070e+02 2.470931663937043652e+02 2.501040055224610228e+02 2.530830429120892120e+02 2.565565484965522387e+02 3.012091961367104318e+02 2.671701835224854449e+02 3.259540510359170753e+02 3.773658338961427035e+02 3.912066994334066976e+02 3.561113376378980888e+02 3.022674889909438889e+02 3.056189277889204163e+02 3.094587561545284302e+02 3.650734020119581373e+02 4.023782759176827426e+02 3.923181803760060120e+02 3.833606521919571151e+02 3.352174880786271842e+02 3.808426479241198876e+02
3.725408206130194912e+02 4.063706672194524003e+02 4.081944000178764895e+02 3.685965817343540039e+02 3.476596422870247807e+02 2.819709619518964132e+02 3.329455135867249282e+02 3.834784531875947096e+02 4.493426965696459661e+02 5.064717316617540064e+02 4.960134110377708225e+02 4.291925632360064355e+02 3.662148385301855456e+02 3.124512107985953548e+02 2.748164253795321201e+02 2.364572140884679641e+02 2.400210718694335412e+02 3.015948657578324514e+02 3.126192138456484031e+02 3.119901745944462164e+02 3.156689304927800777e+02 3.253883858848309956e+02 3.371060288736713346e+02 3.100052159973748758e+02 2.727538324986682028e+02 3.427226904393332916e+02 3.470324883408762844e+02 2.972072138136605304e+02 3.509974192573240543e+02 3.761332378546619566e+02 3.704428462081118596e+02 3.154497430498337280e+02 3.613889972050953361e+02 3.263096303481011091e+02 3.301536578335874310e+02 3.827495309332703641e+02 4.240052491075259695e+02
3.134359235392666960e+02 3.337930550132536496e+02 3.454018582188501227e+02 3.127469696183978840e+02 3.148771994524556135e+02 2.605041809282714098e+02 3.073186571396520321e+02 3.802056951111129592e+02 4.480027337341784346e+02 4.827062722162499995e+02 4.734765331381448163e+02 4.118257876747684350e+02 3.348771377203922839e+02 2.763662800212214279e+02 2.321352383720880539e+02 2.867367591739219392e+02 3.152295859531911901e+02 3.526066563392795956e+02 3.788421432382674539e+02 3.801263851993287517e+02 3.845649587528404822e+02 3.881827515591022575e+02 3.479421557947726455e+02 2.782049605823771685e+02 3.129145036575757786e+02 3.291286239825808480e+02 2.912957904634671422e+02 3.439626348079370928e+02 3.928061668368872006e+02 4.336507108870968068e+02 4.228001662011986923e+02 3.764906515635332767e+02 3.212526508016460980e+02 3.667700795659204687e+02 3.954512018643507076e+02 4.282913447292264095e+02 4.738777525845889613e+02
3.435525197485125659e+02 2.652826928726330493e+02 2.782034638098785990e+02 2.611464484832100652e+02 2.709318956622853989e+02 2.410394029052851863e+02 3.156987104516524028e+02 3.864982730932640038e+02 4.319477060797830177e+02 4.310843610950523725e+02 4.464127747900125200e+02 4.227011854639227977e+02 3.661948602301166034e+02 2.951102522167943221e+02 2.290648574210830475e+02 2.957876590625072026e+02 3.447314828820864818e+02 3.844407764204808018e+02 4.198514796834129470e+02 4.395884824426679529e+02 4.503507848371615978e+02 4.395828453102280946e+02 3.861198176206218591e+02 3.340658450253516207e+02 2.828196541670692454e+02 2.856844414109412469e+02 3.365973720782781697e+02 3.814168078575211780e+02 4.359429250317178912e+02 4.811231382346457508e+02 4.747593199380083888e+02 4.260722691797304265e+02 3.803391408846527497e+02 3.432242234535934813e+02 4.050241796378305708e+02 4.581494085883916227e+02 5.105385168297153200e+02
3.532342076939636968e+02 2.912323846991209848e+02 2.182938206411603801e+02 2.150765438005012413e+02 2.094870419766580767e+02 2.806497755898505488e+02 3.361409411929988096e+02 3.747934677569528503e+02 3.879899764999014451e+02 3.612748176606213519e+02 3.993080708447290590e+02 4.100997107410018430e+02 3.691426147065366763e+02 2.989590118920156669e+02 2.260561384987826727e+02 2.732334308748382909e+02 3.101105895071318628e+02 3.501662641492927719e+02 4.012470733774126188e+02 4.478212578669682671e+02 4.868260219028854863e+02 4.813772116876571658e+02 4.344821561899109383e+02 3.842014128132788642e+02 3.381727252909623189e+02 2.984077735542667824e+02 3.703724141224174105e+02 4.243927113980507215e+02 4.763692322631283673e+02 5.243068654501992114e+02 5.236368888559085235e+02 4.796725080876939273e+02 4.341414919303662145e+02 3.996460788755833846e+02 3.665189288220291246e+02 4.363865354746052390e+02 4.893578846521289734e+02
3.196653065623241901e+02 2.879657765149548254e+02 2.381604342117102817e+02 1.781063726621692069e+02 2.401243285004125880e+02 2.931483723351008734e+02 3.248218424067125625e+02 3.205981411107828194e+02 3.323798105120631021e+02 2.957016367289197092e+02 3.397255319714233224e+02 3.747048524977585657e+02 3.570353162298443976e+02 3.100377620820628977e+02 2.633397549110086402e+02 2.213859336779334512e+02 2.555160687427928963e+02 2.968314528546331985e+02 3.482523294995548895e+02 4.196317372003030073e+02 4.898343398704310516e+02 5.160928145379891703e+02 4.866945439479126776e+02 4.319979201833725142e+02 3.810372562692787142e+02 3.123484294219522326e+02 3.804226102060201811e+02 4.511643166766588138e+02 5.131605893894694645e+02 5.602942404685935571e+02 5.696402868733013065e+02 5.336483374178858412e+02 4.935476641472271808e+02 4.511771069066240898e+02 4.166390559625324386e+02 3.866975160090982513e+02 4.308841982090823421e+02
2.631587816107101503e+02 2.372650895540877798e+02 2.090492259498584531e+02 1.622580550270568835e+02 2.234370612864707653e+02 2.664237511992534451e+02 2.795273954788595461e+02 2.500279692579768778e+02 2.748618718782376504e+02 2.389618419432636358e+02 2.902310094003822769e+02 3.321990200883039961e+02 3.168304828532364468e+02 2.703336185446195827e+02 2.167243864325205607e+02 2.545321663386927469e+02 2.880170909156879588e+02 3.299884193301317623e+02 3.796963579608520263e+02 4.274891265333688466e+02 4.924756080325369112e+02 5.436299234433419088e+02 5.232503906304133352e+02 4.667519517296865956e+02 3.951055766130024836e+02 3.259591115979716278e+02 3.821405726616022775e+02 4.431543923068354616e+02 5.094428699617238863e+02 5.735997472875309313e+02 6.068338041406659613e+02 5.907705050070319430e+02 5.459758888494660596e+02 5.001445179410714559e+02 4.623502817659751827e+02 4.013237785599255858e+02 4.712310187300673761e+02
2.165508940674974099e+02 1.849341404455343536e+02 1.577684218328224688e+02 1.976029061552203245e+02 1.673868329525222407e+02 2.251232844734036007e+02 2.317195130269590777e+02 1.811139226584671746e+02 2.280734691592170975e+02 1.913254152382278903e+02 2.483449217485756719e+02 2.866344609130554772e+02 2.694232633073442003e+02 2.119167302834580653e+02 2.500615356917953989e+02 2.809871102608290130e+02 3.198747421608804302e+02 3.631777427695588472e+02 4.151229886076063735e+02 4.731698725586117575e+02 5.273722191846477472e+02 5.701333079657310918e+02 5.431703638732384434e+02 4.744677829626082257e+02 4.032498465887857719e+02 3.409867283822849799e+02 3.971995031229307642e+02 4.381061805938720113e+02 4.983804380763855875e+02 5.644844049128453207e+02 6.215814964731165446e+02 6.300663113825526125e+02 5.914966849910470046e+02 5.442236437235087578e+02 4.733554473470870789e+02 4.167304023294512945e+02 4.795437019550690820e+02
2.692907209092499556e+02 2.180727288106499202e+02 1.550573948462656517e+02 2.138308234015439666e+02 2.198244852063856456e+02 1.723064726752749607e+02 1.757848833219415496e+02 2.240036537366666209e+02 1.863682547778703338e+02 2.338084113644246713e+02 1.964486768085002382e+02 2.428248702854845646e+02 2.068289797897286348e+02 2.484674282661435996e+02 2.808273238191698624e+02 3.161404781930476133e+02 3.521094105281589464e+02 3.968967435067972929e+02 4.505869815955018680e+02 5.128124456563142530e+02 5.733033777147625187e+02 5.993183411043587512e+02 5.582308855074641087e+02 4.855659624771301424e+02 4.139031622659377376e+02 3.871341424205861586e+02 3.625426457255720152e+02 4.236829445666168681e+02 4.877977415130335430e+02 5.544860713185332770e+02 6.211163274202593811e+02 6.560870173380840242e+02 6.326521170201491486e+02 5.685011062933828043e+02 5.093458387359811468e+02 4.566789461125549110e+02 4.428961752171725266e+02
2.692517193761386807e+02 2.081772338855303701e+02 1.522840559445327244e+02 2.217221015193108258e+02 2.552692570732838817e+02 2.507189943851130352e+02 2.571853818967452980e+02 2.759908448992318313e+02 2.635981340974155387e+02 2.831756499665267484e+02 2.551138125430242951e+02 2.018904635481907235e+02 2.477312351097278622e+02 2.840181438947338393e+02 3.218140677136761383e+02 3.571434057933043391e+02 3.938059460982080964e+02 4.347197876716031146e+02 4.877015042481436922e+02 5.504563415153961614e+02 6.101187757774569036e+02 6.224998272554664709e+02 5.640952330470237257e+02 4.974394772246752723e+02 4.605025176816863564e+02 4.356804693663356147e+02 3.795079368085854412e+02 4.391262921393744705e+02 4.908101126883383358e+02 5.358835468808298401e+02 6.026082107395178582e+02 6.597463959178213599e+02 6.611430001085604999e+02 6.120243020910359064e+02 5.585236633588897348e+02 5.056871736899325924e+02 5.038674546812518429e+02
