output/field_example_test/elevation_000003.asc
nrows	150
cellsize	66.66666667
xllcorner	0
ncols	150
yllcorner	0
NODATA_value	-9999
[rows 0 to 16 of 150, columns 0 to 36 of 150]
8.938372320123140653e-04 5.833292100850826500e+01 1.246834342294194897e+02 1.922325937487119347e+02 2.532783482142267530e+02 3.025581541229836944e+02 3.514401932971597375e+02 3.947734579711667493e+02 4.027622533143492092e+02 3.825136563792314632e+02 3.668311557794319810e+02 3.836286387244441585e+02 4.106076935772186403e+02 4.378847770392335406e+02 4.553535464985171188e+02 4.809420952567416521e+02 5.133236436286761091e+02 5.397536423682430495e+02 5.448989858964014275e+02 5.588768163213766229e+02 5.740070874274817925e+02 5.814744566417457463e+02 5.912293093763266825e+02 6.078152392290987791e+02 6.262452785019064549e+02 6.287804820153238552e+02 6.137608352305567223e+02 5.979006556642211763e+02 5.877063377505010067e+02 5.966494773165288734e+02 6.025840691189293921e+02 6.137137024691173792e+02 6.248504794742040076e+02 6.406383787542364416e+02 6.592804593099277781e+02 6.719289729565003881e+02 6.691507003906208411e+02
8.462296066984677690e-05 6.674167848212708520e+01 1.354149802804788862e+02 1.928740893810125954e+02 2.317366396541807489e+02 2.682626926168719024e+02 3.276386696136804630e+02 3.791159325176366792e+02 3.790464528721036572e+02 3.458487345680745193e+02 3.181552208290477779e+02 3.451210326805119166e+02 3.784094300623077629e+02 4.091892844742174020e+02 4.166638578501177221e+02 4.501242663142453466e+02 4.913201085821596052e+02 5.204915459175039132e+02 5.111764835551174428e+02 5.307941846801063548e+02 5.499056775467834086e+02 5.523971421765456853e+02 5.618215988663652070e+02 5.861788356321067113e+02 6.140595428865733538e+02 6.163584152192903503e+02 5.941415723233567405e+02 5.732434693855574324e+02 5.562697605417960176e+02 5.753193072980739089e+02 5.762682083293927917e+02 5.919096632852356379e+02 6.007758604117944969e+02 6.232551872642355875e+02 6.479019655393365156e+02 6.638247579054753942e+02 6.573325649350381354e+02
1.082983629405184312e-04 6.507436760829358491e+01 1.115523854592694590e+02 1.505193302752456077e+02 1.870887075134004647e+02 2.569841212197580376e+02 3.225587678095270121e+02 3.532007003932793054e+02 3.373176316333918408e+02 2.971397479212392909e+02 2.567905123934272638e+02 2.931696535587054768e+02 3.396844909997529385e+02 3.536715974212852416e+02 3.618305473787210076e+02 4.162146588451296338e+02 4.728429172236874365e+02 4.876047215479796364e+02 4.613456183873890382e+02 4.952415459476706587e+02 5.038405443785917441e+02 5.064845970214087743e+02 5.204278715928614929e+02 5.625681614508989696e+02 5.951424116126387389e+02 5.961273335550973798e+02 5.683023557957964158e+02 5.379430954265793616e+02 5.144332164239656322e+02 5.420909803604264425e+02 5.383894846308879778e+02 5.496600036757857879e+02 5.683673256158871254e+02 6.038755691390745142e+02 6.383741431941973588e+02 6.493106010752443353e+02 6.360132282867916729e+02
2.682931819736126796e-04 3.039782314633885818e+01 6.768678772596248905e+01 1.135750691543703965e+02 1.804145773155046300e+02 2.518642005005232249e+02 3.077892102750682284e+02 3.127093353100889317e+02 2.785483914444633911e+02 2.436493701148818900e+02 2.051995912334122920e+02 2.497009274342237006e+02 2.894438808885185495e+02 2.933225458674452852e+02 3.517057839136610937e+02 4.106593307364474867e+02 4.570364354423867326e+02 4.529267012153372889e+02 4.139032159075024424e+02 4.524050683111432249e+02 4.533168469059192489e+02 4.579837421721099417e+02 4.984570944993593571e+02 5.409778281652809255e+02 5.723469675195023001e+02 5.726317239442299751e+02 5.417970155493161428e+02 5.061459491706697236e+02 4.757266029213708975e+02 5.074814281121338126e+02 4.988069863455197037e+02 5.173607498374288980e+02 5.625466095437591321e+02 6.023034635659164451e+02 6.286080329382513128e+02 6.315304136733661835e+02 6.148507314959414316e+02
1.026078096045774778e-03 6.589372460777815377e+01 1.143083604593294069e+02 1.624404901742862819e+02 2.205717823812090330e+02 2.672033396237595184e+02 2.844272910583171097e+02 2.644296679591688530e+02 2.225921081461490303e+02 1.811711441119624340e+02 1.637720341755883453e+02 1.952222239866950133e+02 2.324405479441671218e+02 2.926608618107777033e+02 3.537409255039451637e+02 4.095606853429468401e+02 4.344943280985297065e+02 4.155277857103470183e+02 3.690775792944360205e+02 4.096310271049014204e+02 4.031888254735007422e+02 4.315186128734998761e+02 4.788139540368214853e+02 5.150414671079258824e+02 5.425170044115847077e+02 5.454503381951506071e+02 5.145309586729025568e+02 4.767227879497860386e+02 4.416318084693109540e+02 4.722285206015829431e+02 4.672796680009412853e+02 5.152761303654320955e+02 5.576826353304694521e+02 5.855931628352735743e+02 6.108511029684511868e+02 6.086641146998565546e+02 5.881439156370034880e+02
1.620812103562621219e-04 6.849240351876622412e+01 1.378446292016718644e+02 1.946244881558855866e+02 2.384480476676756666e+02 2.585347466599823179e+02 2.425577029473128619e+02 2.011160971642052289e+02 1.630740096615851940e+02 1.274616191280466353e+02 1.685395438474774608e+02 2.086232661882146431e+02 2.552803867090043468e+02 3.046067702977841805e+02 3.519299183082898139e+02 3.899781841792522528e+02 3.966501051168206686e+02 3.680966173303842197e+02 3.270700615388566348e+02 3.699050301452116969e+02 3.702431090287327606e+02 4.289627458602990373e+02 4.716671235569020837e+02 4.734465600303856831e+02 5.050318183251297341e+02 5.137076714809084024e+02 4.843011894030553890e+02 4.481999261136057839e+02 4.113822549528203467e+02 4.253668661120144066e+02 4.760453518290312331e+02 5.101311198804626201e+02 5.305585833720746223e+02 5.619393718986834756e+02 5.899921898398342819e+02 5.858766321237969805e+02 5.517044667738451835e+02
1.031439668570789539e-03 6.577329968771643109e+01 1.292033861638627457e+02 1.772103293991337978e+02 2.140887502750051112e+02 2.197239170655801104e+02 1.838685390019224712e+02 1.452805357274949642e+02 9.606009054596289332e+01 1.029269434735559372e+02 1.122640233726941830e+02 1.719654525986746592e+02 2.199528320860127053e+02 2.669916591261253984e+02 3.113700905907414835e+02 3.503737433826231040e+02 3.463738165899407022e+02 3.155165992072030576e+02 2.889828357804474877e+02 3.229698595445271394e+02 3.926405708751410657e+02 4.392181035088294720e+02 4.493974423716836100e+02 4.256818972693851038e+02 4.617590145088073541e+02 4.773130738428610016e+02 4.500013589482895782e+02 4.145779072928162918e+02 3.855625875724795719e+02 4.318398655072872998e+02 4.606131749572415970e+02 4.695474475898641344e+02 4.988020967209899936e+02 5.385377893891537724e+02 5.674357752115688527e+02 5.590741760735098751e+02 5.371463400531245043e+02
9.004964844020473154e-04 5.522860721038069443e+01 8.241365316277224906e+01 1.233805402128764541e+02 1.699793184787011739e+02 1.699484199038166423e+02 1.310649652797710019e+02 8.352248832003931511e+01 1.393166447345030292e+02 1.708768918747945236e+02 1.726238279312803172e+02 1.270463816376360739e+02 1.795653075016542743e+02 2.198239036491407887e+02 2.724954888301648452e+02 2.985582293540521164e+02 2.847643822097208499e+02 2.523311149585966575e+02 3.189435536429512581e+02 3.687374562812599379e+02 4.097691021840652752e+02 4.331641792939793731e+02 4.161643379178682380e+02 3.755138705365602050e+02 4.101380997117533411e+02 4.376040998437702569e+02 4.247633499569744231e+02 3.685478265630900410e+02 4.089709291862930627e+02 4.025463275800851761e+02 4.151106734677393320e+02 4.287904852014908670e+02 4.739329706017666695e+02 5.201820400835243845e+02 5.426015650250005820e+02 5.164250924792424939e+02 5.541446835268826590e+02
3.039551361081488530e-04 6.540169602617876166e+00 1.511480284865094248e+01 7.701607441891994199e+01 1.232206789160882181e+02 1.180229036787510495e+02 6.949428383826855793e+01 1.244346169708727103e+02 1.776743724273648866e+02 2.239428044527635109e+02 2.245803639097449036e+02 1.867589969248819557e+02 1.415514366818725875e+02 2.002293937922364933e+02 2.291859610118388275e+02 2.385530628801500086e+02 2.108795648657172990e+02 2.674133127658884064e+02 3.257033466763583078e+02 3.719673806822116262e+02 4.052627972508446419e+02 4.059223247254800526e+02 3.716955331166564065e+02 3.285099154718202499e+02 3.602614656388550429e+02 3.964349108454055681e+02 4.025318161444513976e+02 3.563706900112977678e+02 4.140491321742780997e+02 4.447140511126740989e+02 4.685939937201800376e+02 4.762127773037067868e+02 4.503272097647433156e+02 4.938617636705570249e+02 5.181262458154099022e+02 5.015479152433902073e+02 5.345838945483648104e+02
8.298376701672485626e-04 5.301626692212434477e+01 6.787336195431834085e+01 2.842225954040874214e+01 7.999986703459929061e+01 5.536289835511232837e+01 1.158066304205497943e+02 1.616765032374655107e+02 2.171964770719045532e+02 2.671876673285254924e+02 2.734038491651512572e+02 2.344442034235027847e+02 1.932088748349392517e+02 1.532706991465553301e+02 1.620033858158575129e+02 1.718872931759195808e+02 2.233481119675291211e+02 2.577362354618101108e+02 2.923472762065367760e+02 3.369806061922212166e+02 3.741279905759166695e+02 3.652923882511381066e+02 3.286976643350984659e+02 2.880631646977287801e+02 3.001969710824743061e+02 3.582302626864985200e+02 3.741200710498768558e+02 3.453998406366157496e+02 4.069255888029769608e+02 4.621719703635865244e+02 5.020262480500337574e+02 5.139873391603420032e+02 4.954055317458568766e+02 4.688444972485835365e+02 4.829575752618758315e+02 5.273337303150392472e+02 5.394861226653263202e+02
2.906530451806879503e-04 6.814707828548098689e+01 1.052473941155810593e+02 9.146895562277879321e+01 4.195914805535896619e+01 1.016662241256366883e+02 1.566757431998576351e+02 2.108031779126401659e+02 2.553953836328819875e+02 3.054541552758439025e+02 3.162130742993618355e+02 2.789782390434320973e+02 2.319395588220369575e+02 1.831691397266521903e+02 2.241710894120506623e+02 2.297204824751854062e+02 1.861136826682079288e+02 1.966701798895037996e+02 2.509996882131479481e+02 3.002082765408673595e+02 3.330672901945597459e+02 3.167555642928018642e+02 2.724598399266716910e+02 3.295570475399196653e+02 3.483372161773247626e+02 3.162891312203212237e+02 3.282203275363904709e+02 3.787322743153670785e+02 4.095452812516140852e+02 4.590447995683746854e+02 5.129630667840350497e+02 5.423765161999599513e+02 5.341197603539624197e+02 5.034801138804542120e+02 5.261961870447712499e+02 5.512891232256408784e+02 5.763750619157191295e+02
7.157339202923989003e-04 6.726950143334111942e+01 1.262453838056329118e+02 1.360800071695464624e+02 1.022200298970287093e+02 9.406164375974431380e+01 1.583783477718721429e+02 2.241737455300581701e+02 2.838849877939953217e+02 3.346868574782106407e+02 3.528083115274668558e+02 3.190657596692533389e+02 2.721274142793442934e+02 2.175457212480891940e+02 2.706528217483695471e+02 2.795958760912131424e+02 2.438838638270391641e+02 2.531237727455385880e+02 2.128853734220983540e+02 2.705010980080307377e+02 2.884111558821736025e+02 2.534330644462564521e+02 3.114930441785209041e+02 3.589292246201746934e+02 3.854309215068387857e+02 3.647509208709200834e+02 3.878998187139317224e+02 3.774198336730588039e+02 4.329078011166151327e+02 4.799852184652593223e+02 5.199887014947122452e+02 5.568884106899710105e+02 5.628385666089753840e+02 5.419755290608211453e+02 5.631837932746190063e+02 5.855967142695462826e+02 6.037483552450333946e+02
7.999942757707127414e-04 6.760672804588158158e+01 1.360321646635707680e+02 1.756274487393720563e+02 1.680472683304172676e+02 1.607437474683836456e+02 1.470333309992794284e+02 1.964137079902081666e+02 2.706705311101607663e+02 3.403335780722729851e+02 3.808802764607244740e+02 3.620885278039478408e+02 3.101404335567661406e+02 2.553736027017430388e+02 3.112154044319666468e+02 3.312795527704510050e+02 3.062704420507999998e+02 3.013359503319835540e+02 2.616985806046934044e+02 2.256482855833138785e+02 2.357302378219681032e+02 2.765984096009904647e+02 3.105830462655274573e+02 3.671420223465460140e+02 4.123416359192957543e+02 4.142923872979441171e+02 4.412963982065890036e+02 4.337027773932126138e+02 4.247157610236026812e+02 4.671941838024545746e+02 5.137322464512061515e+02 5.592880009878967940e+02 5.865924442041134625e+02 5.808614606931037088e+02 5.986863816486931000e+02 6.111061704949611340e+02 6.167163225153535677e+02
5.812062313701293458e-04 6.075231161251365819e+01 1.283294264051848756e+02 1.920989673262375277e+02 2.246194250318232832e+02 2.268713714107558985e+02 1.978481753952289353e+02 2.295998874646032846e+02 2.748452053131029515e+02 3.393499645667765208e+02 3.972677754980418285e+02 3.956830177098449894e+02 3.481697602818040878e+02 2.970283854036952675e+02 3.457612562900952753e+02 3.816323440228646859e+02 3.698189870458085124e+02 3.379686801519544588e+02 2.915075862000960569e+02 2.476261806441380600e+02 2.756168546434801669e+02 3.029368901356865535e+02 3.399528704170952551e+02 3.736312679406546522e+02 4.228486639710952204e+02 4.598612101157731331e+02 4.877382526138190997e+02 4.872735747174791641e+02 4.636584859080725209e+02 5.006970236163215873e+02 5.391226016393034115e+02 5.785833131971194234e+02 6.016775245535881140e+02 6.072319011042728789e+02 6.153486713895696312e+02 6.124913955929321219e+02 5.973852949569655948e+02
1.030222211979432180e-03 5.490792180559463276e+01 1.182277912329459895e+02 1.870625041087867544e+02 2.488263223913482705e+02 2.763712362096559900e+02 2.678802360454665177e+02 2.775731437505256167e+02 3.184725450949662218e+02 3.717613196217932341e+02 4.246896376551231356e+02 4.304707639884229025e+02 3.893010856807354685e+02 3.448299628072056180e+02 3.891122694652884206e+02 4.242393870718317430e+02 4.130092010034161945e+02 3.656693428743010372e+02 3.175703114859385323e+02 2.731655464606409396e+02 3.090669866641175645e+02 3.398538201837331485e+02 3.714416836404980131e+02 4.091091460654132561e+02 4.477387444567052626e+02 4.910979840953878579e+02 5.254436483265750439e+02 5.302818900632394161e+02 5.078292388814126070e+02 5.359392956250803763e+02 5.681810450738644249e+02 5.887501436690840819e+02 5.904776467816690229e+02 5.839814802053591620e+02 5.934648615583707851e+02 5.890704050910592287e+02 5.575511761233565267e+02
4.734480801185067837e-04 5.524268014567918073e+01 1.171755932679562733e+02 1.858840839075555209e+02 2.522964800902749971e+02 2.990347338254080682e+02 3.219574170709544774e+02 3.377151287955126691e+02 3.705769394767373797e+02 4.122444146305653589e+02 4.576190866011739331e+02 4.675105598409929826e+02 4.352491944716927605e+02 4.002612222929301993e+02 4.430569191598908105e+02 4.646414694828788470e+02 4.404038437519901095e+02 3.944561150358601367e+02 3.485132111279681340e+02 3.026360848522144806e+02 3.394819505182363173e+02 3.768549613070387068e+02 4.100952845242433114e+02 4.438708450954875389e+02 4.831063545183156407e+02 5.202504215940839458e+02 5.555593917730262774e+02 5.668190374759059296e+02 5.540425122333735999e+02 5.718361890902364166e+02 5.827154135133040427e+02 5.744360940293800013e+02 5.541616239365295087e+02 5.261561415623910989e+02 5.530947865242112584e+02 5.572823151501175971e+02 5.202023393159664693e+02
5.265489708478624442e-04 6.442505508209502807e+01 1.202227576699467022e+02 1.833011470136480909e+02 2.269066719478641119e+02 2.752402651256569470e+02 3.194509470484748022e+02 3.649409307760201386e+02 4.137963443955744083e+02 4.557101911603092503e+02 4.895673386266865919e+02 5.026782728360235524e+02 4.872035813326255607e+02 4.606376322401782772e+02 4.912966811916204506e+02 5.041960016591586964e+02 4.731995434188272611e+02 4.304888858828947491e+02 3.819537759183577919e+02 3.372522608860389823e+02 3.733465607568347195e+02 4.116217550471897653e+02 4.509177930653275439e+02 4.849047495689978291e+02 5.176533440183978882e+02 5.533040784598847495e+02 5.787260094201885749e+02 5.940390736210042633e+02 5.903196525427835013e+02 5.849212607409801876e+02 5.673242712928308720e+02 5.408122108828828232e+02 5.021880700365778694e+02 4.667971239543524575e+02 5.084317718905427341e+02 5.235428392466074001e+02 4.860287475602933114e+02
