output/field_example_test/elevation_000020.asc
nrows	150
cellsize	66.66666667
xllcorner	0
ncols	150
yllcorner	0
NODATA_value	-9999
[rows 85 to 101 of 150, columns 74 to 110 of 150]
8.065695460008701048e+02 7.613150150595176910e+02 7.782337630001368325e+02 7.388747024026466761e+02 7.534087497145748102e+02 7.116865365628227664e+02 7.447928963386491432e+02 7.823998646835283353e+02 8.133883156647973465e+02 8.665496653349745202e+02 9.320750119006748946e+02 1.005430199636612997e+03 1.078727513384012809e+03 1.122659186353713949e+03 1.121862099803190176e+03 1.087587129451076407e+03 1.032560894357921597e+03 9.809237695684120126e+02 9.412257580979276099e+02 9.104794160388638602e+02 9.086889285093411672e+02 8.902133131111758075e+02 8.597638662022540075e+02 8.219966064011445042e+02 7.841211178719872805e+02 7.483783357484243197e+02 7.133561970293022796e+02 6.763268292250688773e+02 6.354278040551413369e+02 5.998647324141613808e+02 5.575301333088339106e+02 6.117304638486933754e+02 6.727015414696603557e+02 7.403682613236013594e+02 8.089677878100605994e+02 8.538632793071114975e+02 8.691433467538230389e+02
7.546926740019969202e+02 7.017500057561685480e+02 7.247569217145052107e+02 6.856441355991595401e+02 6.957425063594731682e+02 6.758063979495858575e+02 7.097998868874473146e+02 7.514689501814772257e+02 8.158756691634682738e+02 8.847660225471704507e+02 9.513785364958500850e+02 1.005252621191383923e+03 1.049563948491475230e+03 1.107578069112264075e+03 1.142287805439041222e+03 1.128758912778955846e+03 1.082589982651160653e+03 1.037711756738444137e+03 9.933571299052679251e+02 9.537855521268032817e+02 9.030278847133130284e+02 8.536773719330810763e+02 8.071174096736839374e+02 7.648851513104457354e+02 7.268924251583511023e+02 6.924998364800137551e+02 6.610624868807210532e+02 6.322329437697641197e+02 6.059689090905105786e+02 5.822420171085913125e+02 5.613000316953952051e+02 6.190305183569483916e+02 6.805721742750658905e+02 7.414088253853807373e+02 7.876752605393305657e+02 8.403181516103352351e+02 8.819064065194580735e+02
6.960929440495530116e+02 6.471856569826031773e+02 6.748141315217045531e+02 6.397006501165117243e+02 6.390973187193945932e+02 7.102245161014799351e+02 7.661597101944236101e+02 8.120359117003431493e+02 8.570843975254747420e+02 9.020124369737321786e+02 9.345708800323614014e+02 9.496005050153873981e+02 1.007337052911294450e+03 1.073378538468361057e+03 1.135676559731744419e+03 1.155777936933606043e+03 1.134340246637301789e+03 1.089315741316549520e+03 1.043512717931509997e+03 9.910397562101652511e+02 9.419916619327499347e+02 8.957894749815452542e+02 8.531300492344796567e+02 8.142352473732763656e+02 7.786751557202935601e+02 7.458109773270916776e+02 7.152686701543440222e+02 6.875656206910026640e+02 6.626265392957247968e+02 6.296255741288026684e+02 5.665479924845089954e+02 6.235104861738503814e+02 6.709344984553200675e+02 6.999532399941489302e+02 7.427161514344062425e+02 7.927038178192239002e+02 8.439566285888164430e+02
6.507377616957539885e+02 5.981454516669083432e+02 6.204526501837428896e+02 6.011206377641500467e+02 6.553796751138097534e+02 7.175245922304465012e+02 7.795726432888180852e+02 8.329026004066431597e+02 8.614550909237455016e+02 8.742988208182406424e+02 8.754050910492298954e+02 9.368941512455754719e+02 1.000618654409324563e+03 1.064986837708829853e+03 1.116158534161043235e+03 1.153507653674824724e+03 1.163338854270124557e+03 1.136276659853130468e+03 1.085716948675850745e+03 1.037072343302298577e+03 9.909235922684835032e+02 9.478791571675970999e+02 9.081739614589528173e+02 8.714549396216724517e+02 8.368885083063472621e+02 8.033736858360289261e+02 7.701309844723707556e+02 7.410408249368713314e+02 6.993080457889183208e+02 6.534225971896313467e+02 6.161139638780879295e+02 5.748191457024910278e+02 6.332937961114547534e+02 6.430090262051051013e+02 6.904456067233389831e+02 7.471073208467324775e+02 8.172754068697220191e+02
5.984633263110227972e+02 5.553133111777626709e+02 5.686263742397750320e+02 6.260641518922898285e+02 6.768518235800903540e+02 7.366999155506448460e+02 7.840466988395422732e+02 8.099281614876148296e+02 8.100534375659199213e+02 8.083699061058878215e+02 8.709843605431514106e+02 9.322155805037604068e+02 9.793502345037885561e+02 1.017805908664169351e+03 1.066177140526802759e+03 1.122882197767446087e+03 1.159281199702425738e+03 1.156339304646700612e+03 1.118694585164542559e+03 1.073933073511958810e+03 1.030207931504566204e+03 9.895727170840382314e+02 9.520287847064728339e+02 9.166535117167572935e+02 8.817091897578364978e+02 8.439686783067677425e+02 7.959874195983852587e+02 7.421698816180825133e+02 6.839196452711972825e+02 6.125664392790647526e+02 5.960172721264307256e+02 6.258965239086969632e+02 5.837795281650112429e+02 6.432225185263699814e+02 6.939920474553638314e+02 7.478739040803606031e+02 8.006802007792115319e+02
5.375049910968567701e+02 6.032920869858567130e+02 6.273365527884923267e+02 5.950591072048034675e+02 6.627364423799714359e+02 7.093432012022229856e+02 7.405522085112218065e+02 7.515263912644312541e+02 7.463040764012110913e+02 8.062711571015188383e+02 8.515068726168155990e+02 8.848437412739125421e+02 9.183496276286293778e+02 9.607016565440039813e+02 1.016828226347236409e+03 1.076369474947966182e+03 1.134014991491966384e+03 1.137458927673528024e+03 1.096610440274791927e+03 1.049069880974227544e+03 1.005078534218500408e+03 9.659618424962483232e+02 9.307175101999342814e+02 8.976481887702924496e+02 8.641216607798392033e+02 8.249542604298300148e+02 7.733788775033797265e+02 7.073807013127159280e+02 6.402848281578459364e+02 6.770596146933834234e+02 6.641956275085295829e+02 6.776112210847156803e+02 6.413082295761364549e+02 5.929707055504088657e+02 6.529312508825566965e+02 7.016569800424870209e+02 7.505762485004522659e+02
5.999271611824162846e+02 6.427891962824442089e+02 6.816557358790938679e+02 6.666680094250112916e+02 6.222463401121690367e+02 6.786905528338281783e+02 6.716405823813814777e+02 6.901506454171158111e+02 7.455129431935729372e+02 7.600065468295999835e+02 7.921121495682572231e+02 8.270835481299061485e+02 8.665791766269726395e+02 9.131857119396128155e+02 9.703001786967118960e+02 1.041614330258550581e+03 1.112321827932635642e+03 1.109720120294868138e+03 1.047080601470300280e+03 9.880409275482253406e+02 9.391701498479532120e+02 8.984795398220472862e+02 8.634183275269469959e+02 8.319312141233328930e+02 8.021515003475517460e+02 7.714102974320787780e+02 7.293402726241700975e+02 6.672164441678777393e+02 7.048979395623140363e+02 7.396994821744311821e+02 7.340047286699833649e+02 7.303355322248920629e+02 6.844319172223611076e+02 6.495877172449077079e+02 6.018195850673180303e+02 6.562412863631334403e+02 7.043711074949325166e+02
6.383233950426235879e+02 6.945732006789648949e+02 7.328437798621393995e+02 7.260886992722557807e+02 6.866297620165502167e+02 6.474190449008773385e+02 7.085508595249428936e+02 7.433198272615613860e+02 7.198146922118382918e+02 7.938487229750174947e+02 8.469092878926986714e+02 8.812606235355459603e+02 9.217473245406877140e+02 9.660192486421228750e+02 1.016071991033485119e+03 1.071512234052030180e+03 1.121274562431927961e+03 1.095086240123858943e+03 1.013319641703799107e+03 9.341800884757873291e+02 8.766677086905712031e+02 8.318345616372876066e+02 7.947134580563878217e+02 7.626272601425044968e+02 7.349314732810290707e+02 7.102670087446271054e+02 6.884829217990080679e+02 7.210996833365287557e+02 7.607347340328713017e+02 7.999443270352520585e+02 8.010127917872059697e+02 7.715590476037922372e+02 7.355086795956855212e+02 6.908569867937060280e+02 6.491914695483825426e+02 6.099416444038921554e+02 6.382584620548050225e+02
6.513552185503647252e+02 7.158094019029230139e+02 7.756994523626814271e+02 7.792627674114520460e+02 7.379206334161535779e+02 6.878148032843472492e+02 7.521281725277834767e+02 7.857224005724118570e+02 7.468652965607005854e+02 8.105686375140659266e+02 8.637619897204763220e+02 9.138099705422529269e+02 9.659864143547561071e+02 1.013176911884789888e+03 1.061807324669350464e+03 1.109983566807414263e+03 1.142318962442580414e+03 1.109225252847618776e+03 1.032142167442247455e+03 9.667942610703905757e+02 9.114796464221157066e+02 8.683160784071603757e+02 8.299144521012368614e+02 7.981507129410694006e+02 7.681705081674808753e+02 7.407301974128075699e+02 7.069521414629678020e+02 7.592179556162426479e+02 8.085332476538806077e+02 8.508677461293692659e+02 8.507753059788138899e+02 8.014746642690312228e+02 7.382771346353623585e+02 6.755612000728687008e+02 6.175310394651964998e+02 6.674615966603829520e+02 7.032532874881071621e+02
7.078429257486344568e+02 7.593380711997789376e+02 8.159197860494347196e+02 8.266237642571632023e+02 7.842728121050246273e+02 7.336787327802752543e+02 7.882881941793075384e+02 8.335500951062309696e+02 8.207461060721071817e+02 7.850519620997141601e+02 8.184667437773351821e+02 8.965855914435060185e+02 9.568175182302911708e+02 1.007851707454022858e+03 1.061794762168587113e+03 1.116218926167845439e+03 1.156120159116467221e+03 1.133616294995809994e+03 1.068921334783957263e+03 1.005096908713679341e+03 9.535291734812817595e+02 9.070022331506111186e+02 8.689990551965205441e+02 8.329553695776476161e+02 8.004557824133395343e+02 7.646023074359729890e+02 7.277362196592257533e+02 7.874215007114170248e+02 8.458705940099042664e+02 8.916308411887270040e+02 8.857136925422096283e+02 8.307738618902836834e+02 7.546653003766643906e+02 6.807705059531095912e+02 6.233261424298545990e+02 6.776092113486406561e+02 7.207542783857035147e+02
7.678941308381006365e+02 8.101192761289072450e+02 8.592111585825576867e+02 8.721822828341171316e+02 8.339464917586110460e+02 7.896882944412375309e+02 8.347390164543468245e+02 8.822381916216703530e+02 8.789324443003100669e+02 8.310008021910824709e+02 8.734282612185694461e+02 8.653188121755925977e+02 9.054635878975605010e+02 9.601933547145457624e+02 1.021714084035837914e+03 1.090480379741946308e+03 1.155323159209073310e+03 1.158779624326038402e+03 1.107778231287875542e+03 1.052844701126179643e+03 9.973925550799312987e+02 9.512852210500524279e+02 9.074084219842451375e+02 8.689524995999878456e+02 8.290368123226656962e+02 7.904524654779465891e+02 7.513005880195449890e+02 8.230821290327679662e+02 8.773600231720093916e+02 9.241626668844958203e+02 9.109402748646975851e+02 8.470976608162301318e+02 7.768634241435642025e+02 7.312724627461512910e+02 6.855634313118392811e+02 6.326242119983010070e+02 6.882217451600288314e+02
8.225330389014910679e+02 8.580326713760491657e+02 8.956675441388250647e+02 9.133100829097201085e+02 8.903558640244604021e+02 8.709182892441688182e+02 8.804306301042214500e+02 9.318699494609365956e+02 9.316408593781809486e+02 8.838920537471462922e+02 9.232951640273705607e+02 9.155468781418695698e+02 9.644118228734997729e+02 9.731687452143839892e+02 1.031961018616705360e+03 1.099821046936114044e+03 1.166671984896201138e+03 1.184768046673414119e+03 1.153997559211279167e+03 1.099723389065054107e+03 1.047947414226733827e+03 9.951374979451380796e+02 9.492097544693214104e+02 9.029324121352299244e+02 8.603153749995324233e+02 8.168673922722896350e+02 7.758642348311026353e+02 8.357524244875105524e+02 9.027597436082794502e+02 9.518580166354643097e+02 9.344373386880054113e+02 8.700893363781669905e+02 8.019800397503939848e+02 7.482411708550446292e+02 7.005526859269239139e+02 6.883154465980237546e+02 6.406888154971818494e+02
8.089580049200452549e+02 8.511000658901464249e+02 8.945640134840642759e+02 9.308298101758556413e+02 9.447747282432110296e+02 9.456054097370605405e+02 9.487022504624901558e+02 9.863346646719304545e+02 9.881579046593295743e+02 9.487233584267024753e+02 9.682766863333748688e+02 9.717358172602881723e+02 1.020094785404585764e+03 1.034913273687341643e+03 1.081940656334710411e+03 1.139250463928585987e+03 1.180476758486035351e+03 1.191928222952272790e+03 1.180445638475736814e+03 1.146890360662538114e+03 1.094623287390952783e+03 1.043758350773117627e+03 9.898371939886814062e+02 9.411688967188861170e+02 8.920012167088328852e+02 8.476047796908952705e+02 8.047389679165635243e+02 8.719928315025974825e+02 9.398016492005892815e+02 9.773441859236339724e+02 9.533010104653310464e+02 8.926824631234318304e+02 8.439730931436389483e+02 7.993753887489741601e+02 7.584567754129101331e+02 7.152761254643006623e+02 6.584400990268928808e+02
7.515444385480675464e+02 8.009286776743597329e+02 8.527515199159259964e+02 9.065595644551852956e+02 9.463787764338666193e+02 9.818389517589911293e+02 1.010014315781648975e+03 1.039069868895708623e+03 1.045165776412507512e+03 1.019511320648789138e+03 1.033004480899071723e+03 1.038950570996235456e+03 1.071901648698460576e+03 1.101173321592726325e+03 1.137237748735337163e+03 1.161832790458419140e+03 1.161774552609318107e+03 1.143435589688958999e+03 1.163200979172835787e+03 1.167088807558567396e+03 1.139034875114919032e+03 1.087980411233323593e+03 1.035843035354345375e+03 9.798583080597679782e+02 9.297188480878759265e+02 8.804653793580961292e+02 8.368741850811895802e+02 9.035200494773681612e+02 9.696099981594869632e+02 9.958730176403212226e+02 9.516793246704153262e+02 8.908772850587617995e+02 8.353308664605164040e+02 8.036069989486587701e+02 7.577219652131612975e+02 6.934821972447481357e+02 7.230353627150514058e+02
6.977611342343074057e+02 7.554755419872043376e+02 8.079323014348128709e+02 8.551392553313922917e+02 9.040797566661782412e+02 9.633553557504594664e+02 1.016083515937859374e+03 1.062628170668676603e+03 1.084540192848342031e+03 1.081570465091047936e+03 1.090573543831839061e+03 1.103295529300243288e+03 1.128500879105313288e+03 1.153295252678653696e+03 1.165161549706069081e+03 1.145690667650665091e+03 1.111096528945858381e+03 1.066278719248737616e+03 1.111272545415537252e+03 1.144987450403971252e+03 1.157652989395601253e+03 1.131113108427139423e+03 1.079016502519993537e+03 1.025600975506989471e+03 9.692330943825261329e+02 9.199307210581157506e+02 8.728692495917789529e+02 9.356095041071679361e+02 9.951999475847709391e+02 1.003652879717379847e+03 9.472097153132968970e+02 8.795189792431108344e+02 8.164000253497910080e+02 7.588242732701742170e+02 7.238618440941791050e+02 7.616861403313934034e+02 7.796377539876949641e+02
6.850463438241338281e+02 7.177841158990099757e+02 7.571002795898208433e+02 8.033611586993962419e+02 8.580752649317474834e+02 9.207157686416960587e+02 9.877842009570081245e+02 1.046733868799499533e+03 1.066940453240733632e+03 1.071218799225023304e+03 1.078346246013327118e+03 1.101074141115003840e+03 1.130841531710805839e+03 1.155875626460485591e+03 1.143584184161489247e+03 1.101697641341138251e+03 1.043297180996602719e+03 9.921498894385117637e+02 1.042707564371069566e+03 1.099511850955408818e+03 1.139189081901115742e+03 1.151771639112478397e+03 1.123557455246539803e+03 1.070156502774514593e+03 1.016876988672359971e+03 9.618957400739166133e+02 9.139180215281804749e+02 9.711232735329505203e+02 1.021936761085156945e+03 1.013356034567817687e+03 9.490013469685678729e+02 8.787561200417903819e+02 8.158039788566198922e+02 7.821479315686126483e+02 7.480491843300962955e+02 8.041682646969771895e+02 8.409647716955862506e+02
7.338746788032711947e+02 7.701552811267044945e+02 8.079050921654690001e+02 8.550964649002822853e+02 9.041764807849363024e+02 9.595894134763874490e+02 9.995900936537225334e+02 1.014517229412579354e+03 1.005421153526189300e+03 1.003936244285460475e+03 1.005370066813345034e+03 1.039916954993639138e+03 1.081884454105204895e+03 1.122602325338528544e+03 1.104736046572454143e+03 1.044436705936922408e+03 9.853374379239028258e+02 9.288652721774982410e+02 9.838908757584276827e+02 1.040245345822077979e+03 1.100749029337544016e+03 1.140917978634083738e+03 1.148889191997080843e+03 1.118246645762839535e+03 1.064598177119527236e+03 1.013034371231919067e+03 9.618479169473005186e+02 1.013061025771733966e+03 1.052824533301868087e+03 1.027694539887779683e+03 9.570787970325538936e+02 8.854484840633058411e+02 8.459702627357368101e+02 8.088093608522325439e+02 7.757696983199845135e+02 8.382598424625422240e+02 8.886164097896657950e+02
