output/field_example_test/elevation_000071.asc
nrows	150
cellsize	66.66666667
xllcorner	0
ncols	150
yllcorner	0
NODATA_value	-9999
[rows 102 to 118 of 150, columns 0 to 36 of 150]
8.132558729436490394e-04 6.278474873266375056e+01 1.151578597623657458e+02 1.629837599100686703e+02 2.060242744662686789e+02 2.565069745294989616e+02 3.119260275742241788e+02 3.754152578638309592e+02 4.175426168970525396e+02 4.085830845467242511e+02 3.523581180482063928e+02 2.844369445537793126e+02 2.615282099775683378e+02 2.121268833348409260e+02 1.989941997494829309e+02 1.591796064194419955e+02 1.212940582769924163e+02 6.744174552342600748e+01 1.297323693044585866e+02 1.879022862421484774e+02 2.233565518965733929e+02 2.414055455218419297e+02 2.718444908755382130e+02 2.620136942207910806e+02 2.658840604604566806e+02 3.117544886095017773e+02 3.074417178966671713e+02 2.894919222817992477e+02 2.381752364337933443e+02 1.934421438315867192e+02 1.552973918448488462e+02 1.064264181610270725e+02 1.662074253800620340e+02 2.127154561823664096e+02 2.140138079575557413e+02 2.439862924115934675e+02 2.254851298351480011e+02
5.922670613687738318e-04 3.018890987319327834e+01 6.675598294693652690e+01 1.074917421311314314e+02 1.527731701057053328e+02 2.048292318722567984e+02 2.665498943841254231e+02 3.385616640491535350e+02 4.128516320104070019e+02 4.332595031030772361e+02 3.909051454087981483e+02 3.464664904726948862e+02 2.967238511969983961e+02 2.765689546198481708e+02 2.405487049890081437e+02 1.886449480873670552e+02 1.299676157145529771e+02 6.945155960220701274e+01 1.218945100391583480e+02 1.459298129069200058e+02 1.580910346140952072e+02 2.012068824001883343e+02 2.045516378966175068e+02 1.977557763869471330e+02 2.209010203866154143e+02 2.542680598252745483e+02 2.438520221363395137e+02 2.300430736117245374e+02 1.942506366217663185e+02 1.483720047423440462e+02 1.029338289812871352e+02 1.637634446987728438e+02 2.129929091581846876e+02 2.664223718033779846e+02 2.831573331558039399e+02 3.021148239101704007e+02 2.663806499759486996e+02
5.562019690919195415e-04 6.668333485833899488e+01 1.201332360845388649e+02 1.623622891619191080e+02 2.044129377984259577e+02 2.511171476555940387e+02 3.046567633251318057e+02 3.646499302115188357e+02 4.239538076348331970e+02 4.572995104099367154e+02 4.411189897973814595e+02 3.956119097758624434e+02 3.523458990476819395e+02 3.041979660421739027e+02 2.350780380524186910e+02 1.636650983652550622e+02 1.191208262160461828e+02 1.207008175274626325e+02 7.200941009444977681e+01 7.409911755127885158e+01 1.292461027822671724e+02 1.413330851968424895e+02 1.382215308275897030e+02 1.714508624460833346e+02 1.552000951944803262e+02 1.961967519994418012e+02 1.962814749275895849e+02 1.552436000948813444e+02 1.526282189841675461e+02 9.950484520389147747e+01 1.603570735046610594e+02 2.119985003319492307e+02 2.653065295621024688e+02 3.136573712197595114e+02 3.467949379675546311e+02 3.590784657354762430e+02 3.342589653213359497e+02
4.368481398166852367e-04 6.705179083371031368e+01 1.308057714297115126e+02 1.694169701825738628e+02 2.047823067799730268e+02 2.454432774952082355e+02 2.927378209552109638e+02 3.460455607482561504e+02 4.023198820341735882e+02 4.522700458741909983e+02 4.716659478548264701e+02 4.408689391616174476e+02 3.812372090797896931e+02 3.070507176141755963e+02 2.333717129385995577e+02 1.922697442202137950e+02 1.635374445225236570e+02 1.499981525977123340e+02 1.021222576900461121e+02 1.228391881806895611e+02 7.701226299130307495e+01 7.903414021176334359e+01 1.275377152626657704e+02 1.351630165798672181e+02 8.679256781534412823e+01 1.454972899385633980e+02 1.481627958484727685e+02 9.463875361026327937e+01 9.650748056159370947e+01 1.069969586107920492e+02 1.689944206820440513e+02 2.246712034847031703e+02 2.808022321853888457e+02 3.334101251687449121e+02 3.774163666600849751e+02 4.021040307373552309e+02 4.029574339111906056e+02
7.385796387706187061e-04 6.305085602288038871e+01 1.129232820882085662e+02 1.138664428031310507e+02 1.469482252464781595e+02 1.881677151165195596e+02 2.362015799490256995e+02 2.913952374860844543e+02 3.550628077438613559e+02 4.314776539522605958e+02 4.839292625974202906e+02 4.595462335686864890e+02 3.864410456260984574e+02 3.156150159883872561e+02 2.700069586526161629e+02 2.317026390346267135e+02 1.917515407803867333e+02 1.471822664667939762e+02 1.638811535360139828e+02 1.621824783779604218e+02 1.458217836783794041e+02 1.332063053752613087e+02 8.144117349922572657e+01 8.340351529070038339e+01 1.286483448193092727e+02 8.965885463779650877e+01 9.171374308263554553e+01 1.454890088507656287e+02 1.681259182012371980e+02 1.701806618138217004e+02 1.276523909316541960e+02 1.903750833405980813e+02 2.464012929673505141e+02 3.047638421191954876e+02 3.553165102012325178e+02 3.918878652656418922e+02 4.268313870482838865e+02
3.788329706242149616e-04 5.617773288087511219e+01 6.970698559387388116e+01 1.437722020743435110e+02 1.967554741811137831e+02 2.124368856446974689e+02 2.809330464155098639e+02 3.386971796067147125e+02 3.964637278564857183e+02 4.465994801496830746e+02 5.025851537404291776e+02 4.871015208746404710e+02 4.229572525092485193e+02 3.618496079403016665e+02 3.140599821338880133e+02 2.674491903526308647e+02 2.240800013538929250e+02 1.847265370189571172e+02 2.252824532407969400e+02 2.225756169916597003e+02 2.069029137109008616e+02 1.586350354582197326e+02 9.511295098949391047e+01 1.395816288772697078e+02 1.736196704565585662e+02 1.536210459084250317e+02 1.486168404797282392e+02 1.589965327511619648e+02 2.182797625221851376e+02 2.234047175847135236e+02 1.864777822093825250e+02 1.460395678633601051e+02 2.101999032672200656e+02 2.758740162156450992e+02 2.923433658271835043e+02 3.394307783790891904e+02 4.010467651313096553e+02
2.594695960396056029e-04 2.703027261973386786e+01 9.699955760333176613e+01 1.563380042049956842e+02 2.225481336392558660e+02 2.733932356361491429e+02 2.897241860433189800e+02 3.452194230494873182e+02 4.074134321143814077e+02 4.738107481228757365e+02 5.275039418382569920e+02 5.206177468547454055e+02 4.673142230353500963e+02 4.132607199316902324e+02 3.582182213416206196e+02 3.104024983926136088e+02 2.653554329583818117e+02 2.301937971161991356e+02 2.727632457142228759e+02 2.743180236744827880e+02 2.429216335725757006e+02 1.842569248903578512e+02 1.104433266325377332e+02 1.757427493510055569e+02 2.189868549423217701e+02 2.185677292377606591e+02 2.105896620960495511e+02 2.092184873280447732e+02 2.622707404656320591e+02 2.708393593305606259e+02 2.239132171321547276e+02 1.595441289410910315e+02 2.144412853714906078e+02 2.453357876415587100e+02 2.245533281502064256e+02 2.944857843001740889e+02 3.583183502448752051e+02
1.909469283360093537e-04 6.938450282265580427e+01 1.333696521032373994e+02 1.953873256427473279e+02 2.542765805522033133e+02 3.110212927544273498e+02 3.540934429844163560e+02 3.982799519498622658e+02 4.502902266616017641e+02 5.046890788392141189e+02 5.496067015741675732e+02 5.547089280450024944e+02 5.205168989132602064e+02 4.644767352579618205e+02 4.116962111098661694e+02 3.590657200799815314e+02 3.175254026124561619e+02 2.831199122465623077e+02 3.053347883928127544e+02 2.875188675720655738e+02 2.463562647342171772e+02 1.862330346465469120e+02 1.248957650799246863e+02 1.825509243074472749e+02 2.430513059948738714e+02 2.789970286630362466e+02 2.768297776032670185e+02 2.673120341285691097e+02 3.107837120800713819e+02 3.139949002878088322e+02 2.655051351090612570e+02 2.238612507631814026e+02 1.758662941188936770e+02 1.941528890723452037e+02 2.564326790658773234e+02 2.540102032965004355e+02 3.174206883421788916e+02
7.185607202273532664e-04 7.178132061726462609e+01 1.349565502515820583e+02 1.924845589897165610e+02 2.425985056861468934e+02 3.068552018591442447e+02 3.645620551715851434e+02 4.090878531885206826e+02 4.526988552040942864e+02 4.988031122431171411e+02 5.427779430071776687e+02 5.714979034279069765e+02 5.597774448400667779e+02 5.217049835466075365e+02 4.669407791930549365e+02 4.185220179091189152e+02 3.728700798947173780e+02 3.387283845680614718e+02 3.085040976266745929e+02 2.574649845649901181e+02 2.096748269733604957e+02 1.697846631390618484e+02 1.396311797107476025e+02 2.091958300729888833e+02 2.702785054143419643e+02 3.189160416996824097e+02 3.410539702999878386e+02 3.350821550792068138e+02 3.578052610709778492e+02 3.550697191003263811e+02 3.090822925028318764e+02 2.416659216518625612e+02 1.910417050110295918e+02 2.438653395885511088e+02 2.971325031366903318e+02 3.157540137245082406e+02 2.862514513343617182e+02
3.626508231026779813e-04 4.097699535813266891e+01 9.249227011788066477e+01 1.535961884890692204e+02 2.301186169435048896e+02 2.957170148617875043e+02 3.255552090367908136e+02 3.601683269115557664e+02 4.013978791216083550e+02 4.489367954185154304e+02 5.013606648737419960e+02 5.540525081753817176e+02 5.770755905008311402e+02 5.627182326402362378e+02 5.275066584493793016e+02 4.766879595750324938e+02 4.314023775034586947e+02 3.849627068624443496e+02 3.355670864972401546e+02 2.884146983533835282e+02 2.458251587339503317e+02 2.057494771903060382e+02 1.544442209337602208e+02 1.992333039841581410e+02 2.537030920290583538e+02 3.166598017771593163e+02 3.803867108076329941e+02 3.999074181111115536e+02 4.162013497894258194e+02 3.850730517111034601e+02 3.258163509614971076e+02 2.782391781830821742e+02 2.089769316375730739e+02 2.805316225087576072e+02 3.322077333917519582e+02 3.689460607218575205e+02 3.520000196190466681e+02
5.364932245224447727e-04 7.036491741964884739e+01 1.336328316119638089e+02 1.906460073835764604e+02 2.407391382137689675e+02 2.693736951852503694e+02 2.635449402098920473e+02 2.996299762271896725e+02 3.464066543516643719e+02 3.979338825720406021e+02 4.647521274154333923e+02 5.116757328534301905e+02 5.521166694227923699e+02 5.767707155664179481e+02 5.697000747875597426e+02 5.349769024836456310e+02 4.802354198811396486e+02 4.247341485619120363e+02 3.758728458182753229e+02 3.316237769599823082e+02 2.906282993233704701e+02 2.364450667404755677e+02 1.723251400883640940e+02 2.412723199435872061e+02 2.939941097370449370e+02 3.520236136815829013e+02 4.101877404894490837e+02 4.556287399730514380e+02 4.603842441375248882e+02 4.192072016005048454e+02 3.590289235394915295e+02 2.909600959516666308e+02 2.265788207193558890e+02 2.949352867035797203e+02 3.649502194990095063e+02 4.143023562429610251e+02 4.206191149773217717e+02
9.669430056387668532e-04 6.294468536114115409e+01 1.299430502351118832e+02 1.892902019103414091e+02 2.159580417562170283e+02 2.129444383363514817e+02 2.050960335920303805e+02 2.517777040525552366e+02 3.102149855089156745e+02 3.889669964840776970e+02 4.398830709490969184e+02 4.522138740492611078e+02 4.994512225707485982e+02 5.553969784678281485e+02 5.888341669409483075e+02 5.736371171263822362e+02 5.228248628543864243e+02 4.715054764438336292e+02 4.221055083943284671e+02 3.791072904861193251e+02 3.262174498687767823e+02 2.632688613063111802e+02 1.905860310884748969e+02 2.535325479679212606e+02 3.212156440381885432e+02 3.847646866520913704e+02 4.431236585498103295e+02 4.864375154615412953e+02 4.812449516453249885e+02 4.220274815090452307e+02 3.528266050289332156e+02 2.867325318766050941e+02 2.429381261282181015e+02 3.027481007841569181e+02 3.739331798687504715e+02 4.405453846074985336e+02 4.817899227975512986e+02
3.529313338424250714e-04 6.483531546668193357e+01 1.261266987400591972e+02 1.603872662978126300e+02 1.582313158405746378e+02 1.484099838851140021e+02 2.095348719756937612e+02 2.733929105266174133e+02 3.346130523824388092e+02 3.763575446440864312e+02 3.857090082935235955e+02 3.910181084978701165e+02 4.505708706745468817e+02 5.181958853316090199e+02 5.824525832076714096e+02 5.976087932532785771e+02 5.630928665473425099e+02 5.098872091130317585e+02 4.478352822118879430e+02 3.810218261880237947e+02 3.177596607587781818e+02 2.593570163647133313e+02 2.075128330298642823e+02 2.447892603184171207e+02 3.046943370801895981e+02 3.696358162132431175e+02 4.383898167652873781e+02 4.974812049255393163e+02 4.957120027060755660e+02 4.316679352370672973e+02 3.649668058282969128e+02 3.172276277195581997e+02 2.617342994801344389e+02 3.282524020121338708e+02 3.884829468511487107e+02 4.426926791287356764e+02 4.919654267196243609e+02
2.760532530159240296e-04 5.795912977139233391e+01 9.199506410063878548e+01 1.037136353230832242e+02 9.419219131434275027e+01 1.543886148188489074e+02 2.199389477218750812e+02 2.832888347095422432e+02 3.210351271493071863e+02 3.246285382658285243e+02 3.216471529722351761e+02 3.791689684024457279e+02 4.427501544138726217e+02 5.097408293472475407e+02 5.722184471159342820e+02 6.014455310267054529e+02 5.698462522425094221e+02 5.009241532320072565e+02 4.291613348122310754e+02 3.637794599383813079e+02 3.061554578536151325e+02 2.543509572825214207e+02 2.263877640089871761e+02 2.777258636451687153e+02 3.124850033442774020e+02 3.691861893603941098e+02 4.392190911471177515e+02 5.087801338894876153e+02 5.191858708169771717e+02 4.669724806230249214e+02 4.107461477441333955e+02 3.497246721989558296e+02 2.817819104144420521e+02 3.104414498644264881e+02 3.507182538527736142e+02 3.979780543438770337e+02 4.532757055959191348e+02
5.225396420188720180e-04 1.272268378193613536e+01 2.753259646596904275e+01 4.440055557849765222e+01 1.073485962427108973e+02 1.613292829380090154e+02 2.217318691001559046e+02 2.644918897129609263e+02 2.696250348245094983e+02 2.621748503903494338e+02 3.204983153280614374e+02 3.835473182619867885e+02 4.465212004583448788e+02 4.980049357761324131e+02 5.396461304597847857e+02 5.826994095817508423e+02 5.678811233601136337e+02 4.970061887358290278e+02 4.237282648695225475e+02 3.613688567086247758e+02 3.121960272406660692e+02 2.855248838835466358e+02 2.484009105404671516e+02 3.108269038464583218e+02 3.629326704876548320e+02 4.130181408910195842e+02 4.720765862002852487e+02 5.341396171710100589e+02 5.488114967458900537e+02 5.092613387604754962e+02 4.517184397691067375e+02 3.833438550367260405e+02 3.055684748834318043e+02 3.610510606688872031e+02 4.038454045188388477e+02 4.495183698290554162e+02 4.998082080897111155e+02
7.866301982321915890e-04 5.788097754987960997e+01 9.212232593870861308e+01 1.059657222694596328e+02 7.458056352593101224e+01 1.422165247914336987e+02 1.825045207065722934e+02 2.210608196129780083e+02 2.092156697168144035e+02 2.631904448621424422e+02 3.161338723479385635e+02 3.719485741067572917e+02 4.069288855186509295e+02 4.433715720794324966e+02 5.001425565949130032e+02 5.601604247044610929e+02 5.788243978749821963e+02 5.353743056480323048e+02 4.658061246856478306e+02 4.036705854105196636e+02 3.574992150164585496e+02 3.175279316295795411e+02 2.732139969182766777e+02 3.368906690484985802e+02 3.934847921518331191e+02 4.486669509183999480e+02 5.062115649848426528e+02 5.581775816587343115e+02 5.702427502527066281e+02 5.245959151105486171e+02 4.622194318829825193e+02 3.934384705562528666e+02 3.320576863095095064e+02 3.936365434123617888e+02 4.443220146931545287e+02 4.946642064025398895e+02 5.474416979837346844e+02
9.586550198702181984e-05 6.427839668640737614e+01 1.246503474238933364e+02 1.558189502378387772e+02 1.438482956947453317e+02 1.025050079393186309e+02 1.225252218243858806e+02 1.831055529548974050e+02 1.781749105696767685e+02 2.061485881792580130e+02 2.759668073380194642e+02 3.335832694084149352e+02 3.457997036526834904e+02 3.972997555387047441e+02 4.616036562566937960e+02 5.340718670598454310e+02 5.894435311245186995e+02 5.686689150364153420e+02 5.070250731515005214e+02 4.478348059462219339e+02 3.992498346459163372e+02 3.505556614414392698e+02 3.069693808742781584e+02 3.162246456871844771e+02 3.638902905011238431e+02 4.236174405626255179e+02 4.954032183994582397e+02 5.641646871917898807e+02 5.700069088252571419e+02 5.045962175961184357e+02 4.328744744272821663e+02 3.781625322129862070e+02 3.914162184974705951e+02 3.812243430283145926e+02 4.242255433460070435e+02 4.843652477969710048e+02 5.480461113847333081e+02
