output/field_example_test/elevation_000044.asc
nrows	150
cellsize	66.66666667
xllcorner	0
ncols	150
yllcorner	0
NODATA_value	-9999
[rows 102 to 118 of 150, columns 0 to 36 of 150]
8.132558729436490394e-04 6.278474783434058537e+01 1.151578574488848830e+02 1.629837585891587537e+02 2.060242902796297813e+02 2.565070737712885602e+02 3.119264338259658302e+02 3.754166601687918501e+02 4.175465168856004539e+02 4.085923704567748018e+02 3.523711869185220849e+02 2.844518687664120762e+02 2.615443524448993458e+02 2.121447636298026964e+02 1.990133843614739249e+02 1.592006282662189562e+02 1.213162141606458562e+02 6.746651925936535577e+01 1.297565058753008316e+02 1.879276292365714767e+02 2.233843487712813385e+02 2.414350860259581850e+02 2.718765042893595592e+02 2.620476991613047062e+02 2.659197206287217341e+02 3.117937000796519555e+02 3.074857658908833287e+02 2.895397002308808396e+02 2.382252534037878320e+02 1.934938968748225818e+02 1.553502907152363548e+02 1.064824018679881164e+02 1.662632446761057849e+02 2.127732904567017158e+02 2.140737225429530781e+02 2.440470106869398705e+02 2.255463057477410871e+02
5.922670613687738318e-04 3.018890969169691729e+01 6.675598236300558597e+01 1.074917415564879946e+02 1.527731743477154680e+02 2.048292674253481493e+02 2.665500811365649838e+02 3.385624743565494441e+02 4.128546810513561809e+02 4.332684892531181049e+02 3.909179231439184719e+02 3.464814441096644373e+02 2.967411844259128202e+02 2.765880522727994730e+02 2.405699645900228631e+02 1.886680776899569025e+02 1.299918826457442549e+02 6.947789974097044308e+01 1.219202211083826768e+02 1.459574096418652687e+02 1.581200092552727483e+02 2.012380228435395395e+02 2.045844493868170844e+02 1.977899634518966536e+02 2.209386329677848551e+02 2.543081016021520782e+02 2.438961770593411984e+02 2.300893148265120089e+02 1.942992274586607095e+02 1.484218841527564337e+02 1.029869156570001962e+02 1.638162344859171071e+02 2.130474860276335392e+02 2.664788119298917195e+02 2.832163845603722052e+02 3.021749653381303915e+02 2.664417887344796441e+02
5.562019690919195415e-04 6.668333455746083871e+01 1.201332353521654710e+02 1.623622891200434708e+02 2.044129456025294189e+02 2.511171955389733625e+02 3.046569745614353906e+02 3.646507239940300451e+02 4.239564569359650932e+02 4.573074350291606720e+02 4.411310630413678950e+02 3.956274934850671912e+02 3.523640387945234238e+02 3.042196457546094734e+02 2.351015967971997895e+02 1.636896634298392712e+02 1.191459702698845007e+02 1.207265089462661081e+02 7.203773790718656755e+01 7.412908569120621394e+01 1.292758766579417795e+02 1.413650907731415032e+02 1.382547442347622564e+02 1.714870557460172904e+02 1.552386710625975468e+02 1.962370458624903904e+02 1.963251185227350675e+02 1.552890371910407055e+02 1.526754390833962418e+02 9.955509959499104866e+01 1.604068580018362411e+02 2.120497326282304300e+02 2.653590970411976855e+02 3.137115900635691901e+02 3.468517168243915876e+02 3.591371391790033840e+02 3.343190767340358889e+02
4.368481398166852367e-04 6.705179060678527492e+01 1.308057708633990046e+02 1.694169702248896954e+02 2.047823124434632405e+02 2.454433099969759553e+02 2.927379569091984877e+02 3.460460465899367932e+02 4.023214258133676822e+02 4.522744150882741110e+02 4.716765796824462313e+02 4.408848286808296280e+02 3.812576358328971651e+02 3.070738844435898045e+02 2.333960849823501462e+02 1.922947524302090017e+02 1.635628210776695539e+02 1.500246191202339503e+02 1.021498183498567016e+02 1.228682963559501360e+02 7.704452143886636861e+01 7.906799066653000807e+01 1.275714038946788094e+02 1.351991957774321804e+02 8.683259061423294156e+01 1.455375612563732091e+02 1.482057124207471190e+02 9.468505677787823060e+01 9.655527796930229556e+01 1.070443973292337176e+02 1.690419991137939064e+02 2.247197678917686972e+02 2.808516839154909803e+02 3.334604242566904304e+02 3.774680278462536762e+02 4.021591535988113719e+02 4.030142429398224522e+02
7.385796387706187061e-04 6.305085588214662096e+01 1.129232817325966494e+02 1.138664425834382143e+02 1.469482259330748093e+02 1.881677224168603004e+02 2.362016178305466383e+02 2.913954004826745177e+02 3.550634433286959393e+02 4.314799964734002629e+02 4.839360246631397331e+02 4.595625747895611539e+02 3.864625300246528923e+02 3.156387152293340250e+02 2.700318710449370201e+02 2.317283683213301799e+02 1.917782341870139078e+02 1.472093655920807578e+02 1.639089799619645760e+02 1.622125802018803711e+02 1.458531647312610176e+02 1.332392510724244232e+02 8.147690618820547570e+01 8.344082271338210433e+01 1.286861525609214425e+02 8.970115804425610406e+01 9.175769879323728162e+01 1.455328397802936422e+02 1.681716853080910425e+02 1.702271136152241695e+02 1.276993526173539948e+02 1.904222737352824311e+02 2.464490922439072733e+02 3.048122014642675026e+02 3.553653594402867952e+02 3.919375541755902077e+02 4.268818945870959283e+02
3.788329706242149616e-04 5.617773279809070175e+01 6.970698542651470575e+01 1.437722016376128522e+02 1.967554744649721101e+02 2.124368913601896622e+02 2.809330840875291528e+02 3.386973434222895207e+02 3.964643131048322857e+02 4.466013121977625815e+02 5.025907639408133605e+02 4.871169072139910554e+02 4.229780490881013861e+02 3.618732316145714663e+02 3.140852493700735977e+02 2.674756183938374647e+02 2.241070575176758553e+02 1.847538086495343350e+02 2.253109937087344861e+02 2.226060336600779408e+02 2.069349124339663604e+02 1.586687614446015004e+02 9.514811084372175287e+01 1.396176232951268048e+02 1.736572190001334093e+02 1.536617362508880547e+02 1.486593158907883492e+02 1.590397516170566519e+02 2.183243039845261535e+02 2.234510279476319852e+02 1.865244448045699244e+02 1.460862886083705234e+02 2.102470199788513412e+02 2.759217552084513727e+02 2.923910723993859619e+02 3.394786054624799476e+02 4.010945060524319956e+02
2.594695960396056029e-04 2.703027257536543004e+01 9.699955728861758075e+01 1.563380035569573465e+02 2.225481333138280036e+02 2.733932406477361496e+02 2.897242079661324397e+02 3.452195150990335719e+02 4.074138195792421016e+02 4.738122557052256525e+02 5.275091844311366458e+02 5.206320702969569538e+02 4.673340907888021434e+02 4.132838003343347282e+02 3.582434478704971070e+02 3.104290427340596921e+02 2.653827088665842666e+02 2.302214335122788782e+02 2.727923381671890866e+02 2.743493248791439214e+02 2.429548491676085007e+02 1.842910129324071988e+02 1.104780451314185825e+02 1.757780724448216176e+02 2.190240939237486657e+02 2.186079218846559229e+02 2.106317569785925627e+02 2.092616600382278875e+02 2.623151345087344453e+02 2.708856315443237008e+02 2.239599796872809350e+02 1.595907802955666455e+02 2.144883866099349063e+02 2.453831882065324237e+02 2.246003902530753749e+02 2.945331939332496631e+02 3.583656054008794172e+02
1.909469283360093537e-04 6.938450266366790231e+01 1.333696515794712809e+02 1.953873246176974590e+02 2.542765796949319395e+02 3.110212965817844406e+02 3.540934704756902534e+02 3.982800608241162195e+02 4.502906342119824785e+02 5.046904641420142070e+02 5.496109954975207756e+02 5.547210607792076189e+02 5.205346312106332789e+02 4.644985682938244622e+02 4.117206830857302293e+02 3.590919871937615540e+02 3.175527933528297240e+02 2.831480841357786176e+02 3.053649852864961076e+02 2.875518955605397764e+02 2.463903775886000744e+02 1.862673679900012473e+02 1.249302168010291183e+02 1.825858239562876122e+02 2.430876866240993479e+02 2.790364837601868544e+02 2.768714124718875382e+02 2.673550939543542881e+02 3.108277846239558357e+02 3.140409386208236810e+02 2.655519659832022512e+02 2.239082173204138826e+02 1.759129746704772685e+02 1.941996949622019315e+02 2.564800037619664863e+02 2.540574429117033048e+02 3.174680886449032755e+02
7.185607202273532664e-04 7.178132047096561053e+01 1.349565497901681681e+02 1.924845580753847969e+02 2.425985046713937265e+02 3.068552030567396969e+02 3.645620711223840544e+02 4.090879273410773749e+02 4.526991216529565349e+02 4.988039552155893830e+02 5.427803514045493785e+02 5.715041066460511274e+02 5.597914262777458134e+02 5.217241623557852108e+02 4.669637939209571869e+02 4.185475678469188665e+02 3.728975561778558472e+02 3.387575166787025296e+02 3.085369285131237120e+02 2.574991866638914075e+02 2.097092826304467224e+02 1.698190555674607367e+02 1.396655237741757389e+02 2.092307641688421427e+02 2.703144787920909380e+02 3.189536689545410013e+02 3.410941717361137648e+02 3.351244330949772348e+02 3.578486267751196124e+02 3.551153572424788081e+02 3.091291595992998396e+02 2.417129745459212984e+02 1.910884654631637716e+02 2.439124995743668762e+02 2.971798472273445100e+02 3.158013187769317369e+02 2.862987232991441715e+02
3.626508231026779813e-04 4.097699530990286121e+01 9.249226992470917708e+01 1.535961879790693843e+02 2.301186159914474842e+02 2.957170147608239290e+02 3.255552161000277351e+02 3.601683612666582235e+02 4.013980029700313139e+02 4.489371839284642078e+02 5.013617833064101887e+02 5.540555332528828103e+02 5.770825648371536545e+02 5.627332275985993419e+02 5.275270017132186240e+02 4.767124165653875707e+02 4.314299610852236242e+02 3.849935387098114461e+02 3.356003283536053345e+02 2.884490155696316833e+02 2.458597998543571066e+02 2.057840723581345799e+02 1.544785594331128493e+02 1.992679490438344772e+02 2.537382335064292818e+02 3.166956561708045683e+02 3.804240128326955528e+02 3.999480233635575246e+02 4.162438835316577297e+02 3.851184126439787292e+02 3.258631290967748555e+02 2.782864036355571784e+02 2.090238085430563615e+02 2.805788979139705930e+02 3.322548113836788275e+02 3.689926874068117399e+02 3.520466339381268881e+02
5.364932245224447727e-04 7.036491734983172819e+01 1.336328313706496829e+02 1.906460068324549013e+02 2.407391373212868757e+02 2.693736946810066684e+02 2.635449422424809427e+02 2.996299886425789509e+02 3.464067008996662480e+02 3.979340302474149667e+02 4.647526027031938725e+02 5.116770447708244092e+02 5.521200440266075020e+02 5.767783481628538311e+02 5.697164099127852523e+02 5.349994164798955580e+02 4.802627888200389066e+02 4.247650326467633022e+02 3.759058631017533685e+02 3.316579385148490360e+02 2.906629913888205579e+02 2.364798050832828267e+02 1.723595442666896247e+02 2.413071751983233639e+02 2.940291451017313307e+02 3.520587982998519578e+02 4.102236126219115704e+02 4.556672569090605407e+02 4.604259818054410971e+02 4.192518021929364522e+02 3.590754570638500240e+02 2.910073267660786769e+02 2.266258148907448060e+02 2.949825016986446826e+02 3.649968585877611531e+02 4.143479222177186898e+02 4.206641701258568560e+02
9.669430056387668532e-04 6.294468532002726135e+01 1.299430500872099117e+02 1.892902015698169009e+02 2.159580412701865555e+02 2.129444379863321615e+02 2.050960338693224685e+02 2.517777069563584860e+02 3.102150008884867702e+02 3.889670645776893139e+02 4.398832753500684589e+02 4.522143741268439499e+02 4.994527154866359524e+02 5.554009086553514862e+02 5.888433303435026573e+02 5.736569493100465706e+02 5.228510935280975218e+02 4.715354621083632765e+02 4.221378570584601562e+02 3.791410355390102609e+02 3.262520578829680744e+02 2.633037007574320683e+02 1.906205267714121590e+02 2.535674161526234229e+02 3.212505536160397241e+02 3.847992596358101309e+02 4.431581958194940967e+02 4.864735768803187739e+02 4.812859184074761743e+02 4.220721090529582966e+02 3.528732396271618086e+02 2.867797986882433179e+02 2.429852402268591050e+02 3.027953157616585145e+02 3.739796059184457135e+02 4.405901283907675179e+02 4.818329763613933210e+02
3.529313338424250714e-04 6.483531544249957790e+01 1.261266986595195192e+02 1.603872661472063612e+02 1.582313156638021212e+02 1.484099837666587405e+02 2.095348719722559849e+02 2.733929117551647323e+02 3.346130596801887123e+02 3.763575719562122686e+02 3.857090790509131466e+02 3.910182745844683154e+02 4.505714589452064729e+02 5.181978301240368410e+02 5.824586528498355165e+02 5.976256146934932758e+02 5.631171029192984179e+02 5.099160755061265604e+02 4.478672671826074634e+02 3.810557434978326796e+02 3.177944602268543690e+02 2.593919186306518441e+02 2.075474377271866047e+02 2.448240800898919360e+02 3.047292140244443885e+02 3.696702876344683659e+02 4.384237044083921546e+02 4.975157714702215799e+02 4.957520534273275530e+02 4.317121605116450951e+02 3.650131686010523140e+02 3.172748491893839855e+02 2.617815301435564947e+02 3.282996143288355597e+02 3.885292215546287480e+02 4.427374335155999461e+02 4.920082749795565178e+02
2.760532530159240296e-04 5.795912976082654922e+01 9.199506407325783641e+01 1.037136352823025049e+02 9.419219127874909248e+01 1.543886147436506349e+02 2.199389476837078803e+02 2.832888353186852441e+02 3.210351306885094118e+02 3.246285483708036850e+02 3.216471764813084064e+02 3.791690606432526351e+02 4.427505041562765200e+02 5.097420547115102636e+02 5.722223240288717534e+02 6.014559054398872604e+02 5.698690311438920162e+02 5.009533532392724169e+02 4.291939097673892434e+02 3.638137414172744002e+02 3.061903826650107590e+02 2.543858683005431942e+02 2.264225088027545780e+02 2.777608578463793947e+02 3.125198012011141486e+02 3.692205032002547114e+02 4.392525720538263840e+02 5.088137897341065354e+02 5.192245217527004115e+02 4.670152500337632091e+02 4.107914435240600142e+02 3.497715235376987266e+02 2.818292361690005805e+02 3.104887706003905805e+02 3.507652471570222588e+02 3.980241626907571799e+02 4.533202304148439907e+02
5.225396420188720180e-04 1.272268378199514594e+01 2.753259646621545187e+01 4.440055557871064451e+01 1.073485962342217448e+02 1.613292829376007091e+02 2.217318691916792091e+02 2.644918903542873068e+02 2.696250371572606355e+02 2.621748553466006229e+02 3.204983344421235074e+02 3.835473941925110353e+02 4.465214849798063597e+02 4.980058752582757506e+02 5.396488758070127005e+02 5.827075548409316070e+02 5.679025410110418761e+02 4.970350830606802788e+02 4.237608514056292961e+02 3.614031449303441832e+02 3.122309116981725197e+02 2.855599300243808898e+02 2.484358011124202790e+02 3.108618559074594145e+02 3.629670684824665159e+02 4.130516587876721246e+02 4.721092033157461856e+02 5.341723865976482557e+02 5.488487595515449584e+02 5.093024250473312122e+02 4.517625201107295538e+02 3.833901360727388123e+02 3.056157943457594115e+02 3.610979686350165139e+02 4.038914699188613326e+02 4.495632417844285555e+02 4.998516233169847283e+02
7.866301982321915890e-04 5.788097756178625275e+01 9.212232597131583134e+01 1.059657223225225948e+02 7.458056355195444098e+01 1.422165248709305274e+02 1.825045209833000968e+02 2.210608203896808845e+02 2.092156718273570561e+02 2.631904506343393564e+02 3.161338911543232939e+02 3.719486358097936431e+02 4.069290733232001571e+02 4.433721466621790910e+02 5.001444783836655006e+02 5.601666552807021162e+02 5.788424892574180376e+02 5.354003357521268072e+02 4.658369700748507967e+02 4.037038716464337540e+02 3.575336543410885497e+02 3.175628591806465693e+02 2.732489976464855204e+02 3.369255271478308487e+02 3.935188246709817008e+02 4.486997867065645096e+02 5.062432753215181265e+02 5.582095101540569431e+02 5.702792424170404502e+02 5.246365638970686405e+02 4.622633478640136673e+02 3.934846132397153724e+02 3.321048818189490817e+02 3.936829887128693031e+02 4.443672984350706088e+02 4.947081344627346198e+02 5.474845491033589724e+02
9.586550198702181984e-05 6.427839671697016399e+01 1.246503475319814669e+02 1.558189504632775595e+02 1.438482959777376777e+02 1.025050080759001077e+02 1.225252220938211281e+02 1.831055537885708588e+02 1.781749124134384772e+02 2.061485918124271564e+02 2.759668201861263128e+02 3.335833087669622614e+02 3.457997950528222759e+02 3.973000412917372159e+02 4.616046765882441036e+02 5.340753558296872825e+02 5.894538336740098430e+02 5.686917076899511585e+02 5.070540939255190551e+02 4.478669108088507187e+02 3.992835189572249988e+02 3.505902634274196998e+02 3.070044308774995443e+02 3.162596510777821663e+02 3.639248336435042006e+02 4.236508955129078799e+02 4.954351846815493445e+02 5.641963510679809133e+02 5.700437397115229032e+02 5.046380146216185381e+02 4.329195411288100672e+02 3.782091460608767761e+02 3.914627610128432593e+02 3.812710695733309763e+02 4.242715961781178180e+02 4.844102004917789941e+02 5.480906027526403932e+02
