output/field_example_test/elevation_000068.asc
nrows	150
cellsize	66.66666667
xllcorner	0
ncols	150
yllcorner	0
NODATA_value	-9999
[rows 17 to 33 of 150, columns 111 to 147 of 150]
1.140902046693366174e+03 1.203752588832390529e+03 1.264406483374603113e+03 1.263907754547391960e+03 1.197043390025131430e+03 1.126196207568677892e+03 1.066537654730605936e+03 1.015353995440964354e+03 9.696501041193723722e+02 9.285406535080811636e+02 8.915128439537464828e+02 8.577691839013998560e+02 8.265661210616632388e+02 8.056638139284873432e+02 7.887853758005280724e+02 8.462169964299184812e+02 8.945975763799737024e+02 9.417822561732547229e+02 9.854859716446151197e+02 1.041536380542867164e+03 1.108993537671312197e+03 1.156398165265836269e+03 1.155685395267994636e+03 1.113480478661442476e+03 1.059671075860765768e+03 1.001718444594607263e+03 9.394020498467688185e+02 9.768640459969918766e+02 9.545349893455880874e+02 9.045272373193162139e+02 9.637975576543331044e+02 1.008939335817208530e+03 1.025425267104520117e+03 1.055292596643637353e+03 1.086147347181226905e+03 1.118331896795473540e+03 1.165223085493141525e+03
1.096832063676434700e+03 1.171035573760353145e+03 1.252092066663577498e+03 1.274946130534614440e+03 1.224220170086969574e+03 1.167042518747667827e+03 1.119336831489817996e+03 1.069016734542657787e+03 1.021790463837380912e+03 9.783203966996233021e+02 9.399520900334300677e+02 9.048955016477368645e+02 8.728063460395115953e+02 8.363901540889382886e+02 7.781551912735370706e+02 8.338595821706359175e+02 8.941381250236438518e+02 9.571088760846836294e+02 1.021846492921327922e+03 1.078870438168835108e+03 1.128912679189932078e+03 1.150372934507264745e+03 1.123096800216057545e+03 1.068609928557503508e+03 1.016986092601500673e+03 9.640083270038398950e+02 9.035232344625092082e+02 9.345381506486245371e+02 8.834348878871766146e+02 9.421012835840211892e+02 9.968793659279772328e+02 1.049515681483679145e+03 1.089333595046003211e+03 1.118491984209433213e+03 1.150599301612426643e+03 1.183038849567858506e+03 1.215267309181422661e+03
1.142639955701245299e+03 1.203179678619322203e+03 1.269915622169725793e+03 1.293024612072206764e+03 1.254921176810729094e+03 1.199164811716824943e+03 1.135531111477959939e+03 1.075530562918684382e+03 1.019711765301984656e+03 9.657868373618119904e+02 9.230234551018164666e+02 8.829614031027377905e+02 8.455616662063987405e+02 8.270611359068950605e+02 7.689928813542072703e+02 8.338299148671096646e+02 8.975131303080461294e+02 9.544524673771495600e+02 1.013680117865667739e+03 1.072864406311630773e+03 1.120798062525694831e+03 1.123251426489913683e+03 1.075613433174233023e+03 1.021869116473949362e+03 9.679398059852582037e+02 9.221938746705039875e+02 8.718461985177129918e+02 9.018908234053469641e+02 8.703115598727316637e+02 9.223286737339100227e+02 9.806997058120850852e+02 1.044557638641409312e+03 1.110432303131279014e+03 1.168470912696765481e+03 1.207765994964169977e+03 1.243351707892138847e+03 1.278326480650320491e+03
1.183637189257202181e+03 1.238531435360181604e+03 1.286801318541385399e+03 1.296244535243103655e+03 1.247185622991849868e+03 1.185288439193255954e+03 1.125653112576843114e+03 1.072945593338011577e+03 1.027368613012704827e+03 1.004062241448344025e+03 9.692390938079126954e+02 9.248072977761164566e+02 8.623873234150438520e+02 7.951787375693786544e+02 7.596265569054743310e+02 8.226480094969836045e+02 8.538293700819843934e+02 9.067688924145638794e+02 9.694054786690976471e+02 1.038340871927489843e+03 1.096394905896811906e+03 1.090222535146027440e+03 1.035286140130974673e+03 9.749048511941848574e+02 9.221448179689507469e+02 8.799880944495762378e+02 8.432960746053013281e+02 8.538664525006156509e+02 9.106067385473610329e+02 9.660193541517761560e+02 1.022706099356828190e+03 1.078643405531568078e+03 1.129234982532070035e+03 1.175028344741524279e+03 1.214014291074560788e+03 1.253291586875116536e+03 1.298004209854167357e+03
1.172717776301242111e+03 1.232812020679128182e+03 1.281964684557169903e+03 1.282498307126456893e+03 1.233822912287069357e+03 1.174026379876566807e+03 1.116869584988595989e+03 1.066064493729337528e+03 1.022625613600917859e+03 9.905997182771437792e+02 9.672967736119779829e+02 9.289672586306459152e+02 8.766642492566759302e+02 8.130745454903973268e+02 7.512859059308239011e+02 7.885231628906892638e+02 8.454769086128380877e+02 9.087435284272121407e+02 9.781796837694249689e+02 1.043438849959251684e+03 1.074075981637296536e+03 1.055454552345466027e+03 9.970111575215642006e+02 9.375761337557377146e+02 8.837443612411391314e+02 8.305759162502477011e+02 8.848381406570185845e+02 9.098836508387786353e+02 8.881411224483896376e+02 9.605479497627779892e+02 1.022465721790514294e+03 1.072529203761376948e+03 1.093392800652023197e+03 1.125763631467780215e+03 1.164271443624621952e+03 1.202902428697355163e+03 1.267576325321778995e+03
1.127551928339624283e+03 1.200152888562781072e+03 1.263302164826124681e+03 1.260598897208727749e+03 1.195834569001938462e+03 1.126525212479681159e+03 1.064678785474844062e+03 1.010821257093925851e+03 9.637776083748917699e+02 9.219578108452677725e+02 9.200461298704576620e+02 8.834707542482459530e+02 8.482866898214156208e+02 8.104764477843554005e+02 7.431290563817627799e+02 7.929470979687594081e+02 8.514152640298557344e+02 9.187427028042671964e+02 9.884605854082384440e+02 1.031690960273538394e+03 1.025230760463354045e+03 1.014198707847955575e+03 9.582402861488432109e+02 8.980152318083148657e+02 8.540685620642981348e+02 8.207367713712360455e+02 8.878372533113516738e+02 9.475291814899153451e+02 9.544054257862785562e+02 9.246868261542355185e+02 9.883612935172686775e+02 1.035638146080939350e+03 1.030229867781764142e+03 1.063745289800045612e+03 1.115184909470822731e+03 1.183794173563607956e+03 1.253592462401439661e+03
1.162632942100033461e+03 1.215091441588814178e+03 1.255898522165138957e+03 1.248559550797717748e+03 1.192090996459337703e+03 1.128291211101385215e+03 1.067452607429954469e+03 1.009698875616293776e+03 9.570399402823397850e+02 9.075658887443094045e+02 8.601391818036699988e+02 8.237961679557856769e+02 7.921018244349208999e+02 7.890412644469437282e+02 7.344588843875379780e+02 7.881817725038353046e+02 8.503755825952385976e+02 9.192631029313470208e+02 9.803665984647699361e+02 9.933791890815107308e+02 9.630616619299053127e+02 9.672839058429177612e+02 9.210658084474297311e+02 8.600426973398560904e+02 8.065185778232570328e+02 8.657410451622499750e+02 9.222766884410515331e+02 9.782747339366353572e+02 1.007285763042968597e+03 9.939610520116066255e+02 9.559126951405509089e+02 9.868017108171337668e+02 1.056723332065649856e+03 1.112107894275475019e+03 1.116326086660571036e+03 1.159094154469850992e+03 1.212739097102205506e+03
1.154764517253309350e+03 1.185236646678955367e+03 1.222515731478614271e+03 1.221158755006678120e+03 1.181199426687410551e+03 1.135059808980070784e+03 1.090115577298927292e+03 1.046426174405481561e+03 1.006278498385951821e+03 9.651657565582403322e+02 9.155392617733890575e+02 8.685056059986817445e+02 8.086412157110189582e+02 7.518425382723672783e+02 7.261102061475647815e+02 7.859763046391615262e+02 8.540834338182399961e+02 9.237477730048453850e+02 9.627390652171374086e+02 9.467342411419551809e+02 9.012753116197219470e+02 9.157734167866327653e+02 8.783996204116047011e+02 8.437320151814749352e+02 7.967838269309792167e+02 8.530209834454844895e+02 9.154752974213216703e+02 9.825983482662844608e+02 1.040881497101602690e+03 1.042439258113140568e+03 9.915477374679276181e+02 1.043801121575990919e+03 1.096100677350388651e+03 1.149261323949255029e+03 1.177102690432199779e+03 1.203817202532098236e+03 1.250619628734661092e+03
1.102293618016239861e+03 1.125526770869740176e+03 1.181223151143037057e+03 1.179631450157267864e+03 1.130072059645671743e+03 1.084086594295060877e+03 1.047617340186541014e+03 1.025101541961880457e+03 1.011741908235284995e+03 9.931534560046226261e+02 9.561140490288318006e+02 9.033213824120916797e+02 8.422591235518199255e+02 7.765338490609294695e+02 7.188374881565158603e+02 7.809981382629949849e+02 8.507792983551977386e+02 9.139637702301505442e+02 9.280579631498310391e+02 8.900959170936944247e+02 8.429692200882202542e+02 8.608871279922616395e+02 8.270911931440488161e+02 7.824064528190847341e+02 8.509240380498497416e+02 9.063645502557251348e+02 9.627490087426355103e+02 1.019851545044477234e+03 1.069399876231382905e+03 1.085860848437025652e+03 1.069826791501956677e+03 1.044675104518260468e+03 1.100966620800949386e+03 1.160525501976225769e+03 1.218192958450893002e+03 1.263609553928665719e+03 1.296022290378115940e+03
1.029002572840129233e+03 1.087436377732865594e+03 1.147318300326212238e+03 1.139550902435561511e+03 1.082618702808343869e+03 1.025179702627800680e+03 9.830183832282407366e+02 9.531167430638771521e+02 9.563492240380606972e+02 9.727499219403279085e+02 9.560695389820308492e+02 8.974422886361570590e+02 8.297626758441917900e+02 7.659295441455134323e+02 7.106181343009342299e+02 7.797556162679142062e+02 8.521243888361316294e+02 8.987285231742998803e+02 8.876598208055356736e+02 8.417866414814185418e+02 7.906599487366279391e+02 8.087918781137342421e+02 7.661671942609856387e+02 8.177850427098969703e+02 8.715007076580781131e+02 9.254090189028300983e+02 9.761037987809506831e+02 1.025851765178719006e+03 1.073787760706565450e+03 1.112428490184827297e+03 1.125044295988257772e+03 1.110453151084284173e+03 1.098861148815504748e+03 1.150316626105753812e+03 1.208819206827435210e+03 1.278879228754235100e+03 1.343841936800573649e+03
9.948825253740885728e+02 1.067682838039962462e+03 1.121628580200887654e+03 1.103328590566556841e+03 1.041378928178640990e+03 9.787666247022768857e+02 9.282241963140808139e+02 8.892082304824410812e+02 8.863331131875619349e+02 9.278065966832740514e+02 9.366789337390067658e+02 8.942650776796801892e+02 8.290674911601810209e+02 7.625410280035132473e+02 7.022919733498188180e+02 7.719857512970035032e+02 8.382989657429010322e+02 8.627724816169865107e+02 8.321412689722951654e+02 7.938964692663535061e+02 7.450498682123645722e+02 7.525807857158577008e+02 7.641010239126779879e+02 7.793885544983179443e+02 8.402301059029952057e+02 8.887493699029762411e+02 9.337667488191062830e+02 9.819809033307766413e+02 1.035496468476408836e+03 1.097464246550872986e+03 1.143512602878209464e+03 1.162897544190385815e+03 1.145682791249279262e+03 1.200524449972010643e+03 1.252038340690481846e+03 1.297883005137413875e+03 1.362276097387484469e+03
1.003140416566709064e+03 1.071161926812032334e+03 1.099956060897500265e+03 1.067329406192455281e+03 1.003361959829005627e+03 9.396508163084489524e+02 8.864430514608378644e+02 8.458008842742664228e+02 8.200915504139454697e+02 8.801548468626265276e+02 8.983301268548416374e+02 8.623124660206077579e+02 8.209347037393047231e+02 7.593261015103158798e+02 6.938499561663787745e+02 7.654659105220484889e+02 8.164068922057018654e+02 8.189048606658079734e+02 7.815061245025376593e+02 7.339841402385316087e+02 7.867951361860829138e+02 8.220371631328237072e+02 8.319906671725520937e+02 8.390914578302183600e+02 8.006046761703671564e+02 8.380281892091960572e+02 8.819196781063296839e+02 9.328993346765782917e+02 9.926005686209350642e+02 1.060122857878516697e+03 1.127852404345339437e+03 1.181488879802950578e+03 1.202358865742653734e+03 1.212410869739078180e+03 1.259338720033755635e+03 1.311790840375031166e+03 1.371839188750004041e+03
1.001244795887675537e+03 1.066492850807477680e+03 1.072890723322689382e+03 1.022314582734071450e+03 9.644320622577389486e+02 9.038051823635288429e+02 8.504100682431286486e+02 8.069912694957471331e+02 7.742175867770107516e+02 8.372191948804081676e+02 8.530997822223781668e+02 8.152101107788673744e+02 7.761566113747981035e+02 7.490116851560003397e+02 6.852276137790402117e+02 7.375706044007214359e+02 7.773958669787984945e+02 7.698165421300817570e+02 7.205523128088065050e+02 7.823881964084215497e+02 8.334743037664069334e+02 8.715322521776482745e+02 8.968225856101261115e+02 8.846825309557386845e+02 8.189279829004597104e+02 8.743580125408681170e+02 9.266748182271824135e+02 9.774375111674080472e+02 1.027742306529511325e+03 1.074492105690615745e+03 1.120039414216552586e+03 1.164160000958867613e+03 1.205669327694423600e+03 1.248979412859413060e+03 1.296906562955924301e+03 1.343712084345637095e+03 1.389885634014842253e+03
1.032729023868891773e+03 1.069189593604413176e+03 1.046629221805384532e+03 9.850890892033332875e+02 9.219885911594126355e+02 8.686561668002366332e+02 8.177859126564235339e+02 7.733107004483050559e+02 7.370116085614512258e+02 7.982304359197754593e+02 8.067473834396822667e+02 7.640783069886933845e+02 7.187155723946992794e+02 7.216831863449067441e+02 6.772310688643906360e+02 6.847373913655808337e+02 7.347071127651731786e+02 7.071315842124793107e+02 7.612611665837085866e+02 7.850025970819681334e+02 8.492559551202764396e+02 9.111832761221105557e+02 9.469840304752370912e+02 9.331540945211892222e+02 8.879609346343095240e+02 8.477714740338029742e+02 9.176990820962801081e+02 9.743466331661295499e+02 1.017645127076156996e+03 1.027702452853311343e+03 1.062234021569031029e+03 1.108068382980770366e+03 1.161274274166943542e+03 1.224659627518179377e+03 1.275962665699598347e+03 1.316503782661216974e+03 1.347311301223603778e+03
1.048763476498136924e+03 1.053935762176148273e+03 1.013794689291326677e+03 9.486922938854254426e+02 8.855829643585919939e+02 8.316277353134838677e+02 7.866853322462904998e+02 7.432957017052631272e+02 7.050098408786267328e+02 7.614500973514435600e+02 7.585348444774921290e+02 7.159635853849451905e+02 6.638599957417794712e+02 6.700781606751364734e+02 7.310665243764698289e+02 7.398935083437562525e+02 6.954446772200079749e+02 7.321991120251831262e+02 7.644019979379500001e+02 8.228818324743706398e+02 8.538347106625152492e+02 9.205568977296630919e+02 9.776687049010572537e+02 9.845000790996751903e+02 9.484751300933753555e+02 9.113812772801395568e+02 8.774517110864047709e+02 9.379604513516505904e+02 9.761158926260528688e+02 9.568130366055014520e+02 1.001156924619551432e+03 1.054844432136806518e+03 1.116225449355545607e+03 1.177865922702255602e+03 1.220395312858853686e+03 1.251560855197838237e+03 1.290588360689429464e+03
1.042605579468488486e+03 1.026101213926560604e+03 9.677797514343330931e+02 9.087832031466534772e+02 8.497177736568395403e+02 7.985903059067391041e+02 7.547103680329893223e+02 7.156508611528716983e+02 6.768594727338835355e+02 7.244913485338787495e+02 7.096264140569726351e+02 6.556331738639934201e+02 7.056430569342178387e+02 7.383727177130346035e+02 7.792683428600926163e+02 7.818900581331153035e+02 7.267565043811374608e+02 7.577338836362326902e+02 7.920970296195598621e+02 8.267766679239570067e+02 8.784430123227233480e+02 9.311844870613633702e+02 9.950957486632437394e+02 1.031685325490720288e+03 1.011100682617565894e+03 9.569495292763078851e+02 9.450068785437550787e+02 9.025531700640538020e+02 9.228335745948794511e+02 9.844449820044907256e+02 9.903327804156065213e+02 1.056214072520117952e+03 1.104638700220552664e+03 1.131180030903169836e+03 1.160214446184535973e+03 1.196350104679876495e+03 1.245200392718264766e+03
1.023054616637173694e+03 9.947384317755540906e+02 9.279662450773483897e+02 8.640494678919221769e+02 8.120863328839678843e+02 7.646666680127385689e+02 7.248433876561830402e+02 6.885070226735437018e+02 6.520769646301805551e+02 6.841231977574223038e+02 6.459836772279510342e+02 7.001111310955295721e+02 7.448836120430530627e+02 7.934392196929912870e+02 8.319798019423582218e+02 8.240509362394639084e+02 7.648478082499381117e+02 7.915689185359096882e+02 8.250255490087523640e+02 8.615613251820566347e+02 9.069135002966320371e+02 9.636804152617812633e+02 1.025598807249339870e+03 1.075064781523198690e+03 1.063607216031063899e+03 1.016152626926137145e+03 9.950066850109990355e+02 9.394740219044758760e+02 9.504774991780067239e+02 1.010928547179234783e+03 1.045617121268059691e+03 1.024494143000915756e+03 1.050743780681410044e+03 1.079799401799805992e+03 1.113264255876403013e+03 1.154352329496316997e+03 1.207489813048669703e+03
