output/field_example_test/elevation_000031.asc
nrows	150
cellsize	66.66666667
xllcorner	0
ncols	150
yllcorner	0
NODATA_value	-9999
[rows 102 to 118 of 150, columns 74 to 110 of 150]
8.455919999973646100e+02 8.822999453339383535e+02 9.259367217527964158e+02 9.558635166959599019e+02 9.639848788485845716e+02 9.391981353486122543e+02 8.869844157944058907e+02 8.341686332759869629e+02 8.387501856756667848e+02 8.434437199000309420e+02 8.444206735077200392e+02 8.961425726945160477e+02 9.616307816059834295e+02 1.019087574107156456e+03 1.010664991312897314e+03 9.486043958060164414e+02 8.828808393477221443e+02 8.277692597149014091e+02 8.775758930218634077e+02 9.299050706239277133e+02 9.898669778150726870e+02 1.047972529681147762e+03 1.107712557802396987e+03 1.145875575356843910e+03 1.152335477106725875e+03 1.128896988205409343e+03 1.089318441815101551e+03 1.120953137301473134e+03 1.110184551204417630e+03 1.046441011847207619e+03 9.729103624814459863e+02 9.315101695326417257e+02 8.929042863517909154e+02 8.578339727902587128e+02 8.217671491462940594e+02 8.863006169278241941e+02 9.429254976342765531e+02
9.105182342205838495e+02 9.373850824855153405e+02 9.529710190869086546e+02 9.452734711090166684e+02 9.233177420961065991e+02 8.851496680490272411e+02 8.338206902446256663e+02 7.786974116980435383e+02 7.847558113260412256e+02 7.908364934306837313e+02 7.986864787158633590e+02 8.587209667184603177e+02 9.296622267857469524e+02 9.913082662096963986e+02 9.791652017967678603e+02 9.137078544900605266e+02 8.478053857876869870e+02 7.918224042936218439e+02 8.381448025465090268e+02 8.900809104521222253e+02 9.429653914315948668e+02 1.002779893979605163e+03 1.060442539810604330e+03 1.119853692100939043e+03 1.158976230343288535e+03 1.171036070863620580e+03 1.158727557284431668e+03 1.170612914857798387e+03 1.132346288849826351e+03 1.065601274768543590e+03 1.015292326290927122e+03 9.700346951639006647e+02 9.322504301327205667e+02 9.049085474429907663e+02 8.582513925015100540e+02 9.209084913416037352e+02 9.747817898745234970e+02
9.481852377211379235e+02 9.545062051003083070e+02 9.304698224789378855e+02 8.963022728738492333e+02 8.524412206964352663e+02 8.417039151683970886e+02 7.845256984525392454e+02 7.316963635922634239e+02 7.373227777651496808e+02 7.433173285983082224e+02 8.095622601265047251e+02 8.770464465033898023e+02 9.372834412024371886e+02 9.768955231214015384e+02 9.533532098425022241e+02 8.809895756494264560e+02 8.115446678675099292e+02 7.607622983767740834e+02 8.061265333408737206e+02 8.523787983470475638e+02 9.040122496765459346e+02 9.563055801334140824e+02 1.015826499146352148e+03 1.073588005331191198e+03 1.133894263977325636e+03 1.177134237599746257e+03 1.203919638269978122e+03 1.208977423484876454e+03 1.174070537210004886e+03 1.114113513059283150e+03 1.059812375455393521e+03 1.013204145163182375e+03 9.755423396443133015e+02 9.155313166315061153e+02 9.145701623711441925e+02 9.642764226094512878e+02 1.008855996600644289e+03
9.679098261489449442e+02 9.345485874874760839e+02 8.761409581491627705e+02 8.263889864322857193e+02 7.807016115651003929e+02 7.901178224314893441e+02 7.490954446786316794e+02 6.914145651815910014e+02 6.945944398430003730e+02 7.556113554305728712e+02 8.073432881040745315e+02 8.513738720653141172e+02 9.040575857276910483e+02 9.507000762487823522e+02 9.334234382454371826e+02 8.741270512039734513e+02 8.069587450492505241e+02 7.338250813548756923e+02 7.756667630025490325e+02 8.208460883474510865e+02 8.659080838563780844e+02 9.169599957389917790e+02 9.695121756448279484e+02 1.029045411599182216e+03 1.086355536159710255e+03 1.146607246095501068e+03 1.190989157825706116e+03 1.219211700507509477e+03 1.205465518612930282e+03 1.158647245491922376e+03 1.107808050229292576e+03 1.053460130044156131e+03 9.875989711640532960e+02 9.697403727993433904e+02 9.785303440168596580e+02 1.023186571685282274e+03 1.043223742266363161e+03
9.589132919100387653e+02 8.972370100368328849e+02 8.271540472781555309e+02 7.636691373982660025e+02 7.161512260339293334e+02 7.287568231191514769e+02 7.176931682616001353e+02 6.561423300843837296e+02 6.861456956845813693e+02 7.175024415853936262e+02 7.564339576283716724e+02 8.069398570325665787e+02 8.698424511980806528e+02 9.223662552559892447e+02 9.062386060189398904e+02 8.373460553856087927e+02 7.676126898143954804e+02 7.087112723411905790e+02 7.497346647499017536e+02 7.893321113064904466e+02 8.329956044880713080e+02 8.789658917265744549e+02 9.307612585817323634e+02 9.824104843707532382e+02 1.040039223325008152e+03 1.094131303434732899e+03 1.146524016894152737e+03 1.197977953199747390e+03 1.218546349516357168e+03 1.197678572788360043e+03 1.157854053628581141e+03 1.098844050919896517e+03 1.046084451144067543e+03 1.031959892698322165e+03 1.049892761453977755e+03 1.073685735688915656e+03 1.063353883621871319e+03
9.375495967488731139e+02 8.579863544858765181e+02 7.801406674930999543e+02 7.150441123803008168e+02 6.627916814832791488e+02 6.679432085696215609e+02 6.780191780654929516e+02 6.503642607899304267e+02 6.219568734005863462e+02 6.636558254042320186e+02 7.123395542373364151e+02 7.715438264039396472e+02 8.412089499676329751e+02 8.973545445185114886e+02 8.842192855714408779e+02 8.311415910829139193e+02 7.635818362104256494e+02 6.870852051903264055e+02 7.230574882817662683e+02 7.599913112469108682e+02 8.016003268725867201e+02 8.479385308649893886e+02 8.929214621969157406e+02 9.424684552490092528e+02 9.919650644988684007e+02 1.044771011948009800e+03 1.103424775324788243e+03 1.154095068788062918e+03 1.188966602083176667e+03 1.204250041764280695e+03 1.190674417626416016e+03 1.157167635191243789e+03 1.114319578094053213e+03 1.100590578927705337e+03 1.118120016443058148e+03 1.110944249616387651e+03 1.066237755154410024e+03
9.102224158159052649e+02 8.581971449328742665e+02 7.922028984645775154e+02 7.268412901625831637e+02 6.647426822930121944e+02 6.072053814713466409e+02 6.205544243711509580e+02 5.881667916877166817e+02 6.530109766294641531e+02 7.082370859330915209e+02 7.580469455007914803e+02 8.079279518312605433e+02 8.547923008796700515e+02 8.747942512924139464e+02 8.479982165882670415e+02 7.932367406913143668e+02 7.328602118589842576e+02 6.658228339114294840e+02 6.934064782307436872e+02 7.330083532989201558e+02 7.771251642715767503e+02 8.174867355429690861e+02 8.592759516199164409e+02 9.040555228141819271e+02 9.503969187612119640e+02 1.010610036904151229e+03 1.051704682341736088e+03 1.090649794180123763e+03 1.128012792945334240e+03 1.168899312746915029e+03 1.191857174608582909e+03 1.194230709859803937e+03 1.181871832373861707e+03 1.167242609466975182e+03 1.164965775732388693e+03 1.109842062732028580e+03 1.042848860301459354e+03
8.665425660418414964e+02 8.194773667448562264e+02 7.889963200797741365e+02 7.438127432164016000e+02 6.818093209288251728e+02 6.155778929769758179e+02 5.555462875192841921e+02 5.905770116208502714e+02 6.405292294869440184e+02 6.992357362880698020e+02 7.530108691294070695e+02 7.977803761593863783e+02 8.327302093354758199e+02 8.345604690659363314e+02 7.937168811456548383e+02 7.495420327624752872e+02 7.003603733287968680e+02 6.470304556307563644e+02 7.032161723932463246e+02 7.472102422837289168e+02 7.535988304176619295e+02 7.862336569340106962e+02 8.265429166037330333e+02 8.771976595767038134e+02 9.482677869211836423e+02 9.986705763747557967e+02 9.886709293250979727e+02 1.023290643016280683e+03 1.065971683445822464e+03 1.107562644115821286e+03 1.152026522574211867e+03 1.181606288699438437e+03 1.204163442854488721e+03 1.213819355459340841e+03 1.198985690814840609e+03 1.145242657750730132e+03 1.087504547878586664e+03
8.148216477069844359e+02 7.711485378621320024e+02 7.334576886493154007e+02 7.200156560912301984e+02 6.925070449810569926e+02 6.460987149396282803e+02 5.900076379598610856e+02 5.254262793892061154e+02 5.907458174639499475e+02 6.596390029873130061e+02 7.055966003259836725e+02 7.448766612609675803e+02 7.867518912911650659e+02 7.863531749362233541e+02 7.406866878857025540e+02 6.945937791700420121e+02 6.600195422632788222e+02 6.295923759903569135e+02 6.940955946734087547e+02 7.153026981207442532e+02 7.746594028495278508e+02 8.352132435694286414e+02 8.806601319167449446e+02 9.296383044576290331e+02 9.661152662535897662e+02 9.707166966184182684e+02 9.293801858203967186e+02 9.648638358280268221e+02 1.002915615479705821e+03 1.047123185434990774e+03 1.086825822437628403e+03 1.126149340391516944e+03 1.172534985150066859e+03 1.206049845103342932e+03 1.217756597656493341e+03 1.188965121510929521e+03 1.135867532964239444e+03
7.714022394860920713e+02 7.224120891438896024e+02 6.861219343137056512e+02 6.560755941741041397e+02 6.536188748241538633e+02 6.320882240569275154e+02 5.795493538572703756e+02 5.059543019190680297e+02 5.818252717594157275e+02 6.383543719316306806e+02 6.443366233553232405e+02 6.895110893562206229e+02 7.361570616933222482e+02 7.378174853287949873e+02 6.878593136270795867e+02 6.403964703915358996e+02 6.058237127300353677e+02 6.672806312367497412e+02 6.750066171916157600e+02 7.496725633961132189e+02 8.214713760555478075e+02 8.771563007998125840e+02 9.220138768573275456e+02 9.532516373741711959e+02 9.592913119974125493e+02 9.355815754235079567e+02 8.771741264966839253e+02 9.110954026149664742e+02 9.494962018265948700e+02 9.853879535789599231e+02 1.022440799182108776e+03 1.067943942148817769e+03 1.114400808672511175e+03 1.167554844293527367e+03 1.205073860286269110e+03 1.215708592223469623e+03 1.191501131312526468e+03
7.328446032285138472e+02 6.821430760239799156e+02 6.413776947308690524e+02 6.109513674560975005e+02 5.856746221502539811e+02 5.859986327649722853e+02 5.502421425229156284e+02 4.881608839417348236e+02 5.557079734372794064e+02 6.053737941056355112e+02 5.865582193255546599e+02 6.365036138440868854e+02 6.862787012263748920e+02 6.907094673101249782e+02 6.437740495856886582e+02 5.798749464474809656e+02 6.431332090244288793e+02 7.009581886397608059e+02 7.448056638090440629e+02 7.944566018383272876e+02 8.466375938562792953e+02 8.882267059037396848e+02 9.187309208733314563e+02 9.287484304549697072e+02 9.082339316210793640e+02 8.926743195027823958e+02 8.324465300689712421e+02 8.667626635809576783e+02 8.986558215904749432e+02 9.300322966389445583e+02 9.677114926856813781e+02 1.007946004461976258e+03 1.058135601449209844e+03 1.110403542056844799e+03 1.169881059400163167e+03 1.213000285992226509e+03 1.229623368980540135e+03
6.957511785957943857e+02 6.460386643096132957e+02 6.044792383568887999e+02 5.701663246908618703e+02 5.434442043129947706e+02 5.220430096320806115e+02 5.284529237273695799e+02 4.718708856076404459e+02 5.401032917672929443e+02 5.673987754128476126e+02 5.335332776751981783e+02 5.875530985748976036e+02 6.365042191093314159e+02 6.393878162693629292e+02 6.018157300732352724e+02 5.629352666614030340e+02 6.308345760994353668e+02 6.994421986874685899e+02 7.633271972703306574e+02 8.129036443819084070e+02 8.349549278133659982e+02 8.370618769485624853e+02 8.722862925047514864e+02 8.764718617560005214e+02 8.418569600699246394e+02 8.469989564815803078e+02 7.947565910153357436e+02 8.255436831097238155e+02 8.519123521529418213e+02 8.825310639371355137e+02 9.155557516308077766e+02 9.562903450045270120e+02 1.001423443275005184e+03 1.058358182553114602e+03 1.118937969448317972e+03 1.186727118685927508e+03 1.236180000575471922e+03
6.573519248844796721e+02 6.106484926694662363e+02 5.708654265906204728e+02 5.365371094843361561e+02 5.065025532391455272e+02 4.813921605814131794e+02 5.047008548315004646e+02 4.561007404246420265e+02 5.177172867778160708e+02 5.268415256614282498e+02 4.862993045767137232e+02 5.450020713017738672e+02 5.799769722500209355e+02 5.832670124079219249e+02 5.406402658147773082e+02 5.914275066690834137e+02 6.433094863533318630e+02 6.975538912440197237e+02 7.418894030928953498e+02 7.842841921323838505e+02 7.782187325277405989e+02 7.716164692281043926e+02 8.131749757355756856e+02 8.175268551314291017e+02 7.774084122711834652e+02 7.967166938186884408e+02 7.633744094367095840e+02 7.847314834120517162e+02 8.088993137126669808e+02 8.375262918657170985e+02 8.698098908750318969e+02 9.077979194976882127e+02 9.534663068945967552e+02 1.008804126714792915e+03 1.074787763978753446e+03 1.147077913909086874e+03 1.210682228497505776e+03
6.160056479974338117e+02 5.740916727963167432e+02 5.369608568440701220e+02 5.052168112537091247e+02 4.760501655601808579e+02 4.487637838440203950e+02 4.761389931962865489e+02 4.413088281075066561e+02 4.903691718928296268e+02 4.705882958475980899e+02 5.224697890106148179e+02 5.004689487387300915e+02 5.100439978879052774e+02 5.192289661066195094e+02 5.305465409256545399e+02 5.453298266265870780e+02 6.072522959810564771e+02 6.513128368656690554e+02 7.076619915401751086e+02 7.354059942667165615e+02 7.119144383181175044e+02 7.107145006386776913e+02 7.494926538516072014e+02 7.577017572840940147e+02 7.183854950813049527e+02 7.374703228490241145e+02 7.942131361798465150e+02 8.424643033655723912e+02 8.441111353366180765e+02 8.940475751968231179e+02 9.221266379216415316e+02 9.601783267896659027e+02 1.008516159080829198e+03 1.058520504040927108e+03 1.114502953694552389e+03 1.152432944900144548e+03 1.158292255727977135e+03
5.706523012122220280e+02 5.351962465087835881e+02 5.019893633826730479e+02 4.716748611237876503e+02 4.471635577618918092e+02 4.211676169369060858e+02 4.297747374165738847e+02 4.821147090216688866e+02 4.558274937012721466e+02 5.067773349556506446e+02 5.606803794579977875e+02 5.677862233012424440e+02 5.698833504355819741e+02 5.693674879117830869e+02 6.050982600867297378e+02 6.111453986612341396e+02 5.699398738987024444e+02 6.345062136677045146e+02 6.711991724743853638e+02 6.831944605752286179e+02 6.452671671221307861e+02 6.598969156404019714e+02 6.760527812881274485e+02 6.926172485484546542e+02 7.429996808964294814e+02 7.856663925810216824e+02 8.297447199029148805e+02 8.830405239588587847e+02 9.144685274220083784e+02 9.122958732734159639e+02 9.686296563118198719e+02 1.016890683686031366e+03 1.061773110510635661e+03 1.108582680915332503e+03 1.133729542284206218e+03 1.121989625595664393e+03 1.085580734394584397e+03
5.289252156289009008e+02 4.937837214412313642e+02 4.643948276279057268e+02 4.384329476441858446e+02 4.113615202862919205e+02 4.637251880521163230e+02 4.967427398101569338e+02 5.303753779579566299e+02 5.093349179060589336e+02 5.422515260292750554e+02 5.913806684733069687e+02 6.324339211887155443e+02 6.371604535517706154e+02 6.310453159144949495e+02 6.710090210254845715e+02 6.728805860732028350e+02 6.357032424821651375e+02 5.923158337427713604e+02 6.064369138077462367e+02 6.222241262358328413e+02 6.789454124350897928e+02 7.251232505655663090e+02 7.387138295791370410e+02 7.332711684210987642e+02 7.753682894051233916e+02 8.259239122554870391e+02 8.741959964141566388e+02 9.278134790714711926e+02 9.733570571501999211e+02 9.701571818881627678e+02 1.018430777283835937e+03 1.068051981457439751e+03 1.114309712024252576e+03 1.135857162680030569e+03 1.119392067557128485e+03 1.076636688185126332e+03 1.017387740287622137e+03
4.883386330637367223e+02 4.543216538069144690e+02 4.270558059448775339e+02 3.993631144879330463e+02 4.624346955428695765e+02 5.112845036227625997e+02 5.547136799304454371e+02 5.900364004500497686e+02 5.843654472297967004e+02 5.938898077776469790e+02 6.349706519955316253e+02 6.804445609021563541e+02 7.074872130366014744e+02 7.022197008511102467e+02 7.326917773611219218e+02 7.326494138916427801e+02 6.965446396342445041e+02 6.602832517105222223e+02 6.680761419495266864e+02 6.766739518393237631e+02 7.196761115213481617e+02 7.705089436926708686e+02 8.025677894257589742e+02 7.857814003244899368e+02 8.234908311437523025e+02 8.697707333975062056e+02 9.247286393429989175e+02 9.767110396758899924e+02 1.026337087002403450e+03 1.037214102406769825e+03 1.074835502217721114e+03 1.120586873905524271e+03 1.144343682403928824e+03 1.129521990062641862e+03 1.085115113423341654e+03 1.021136686419323269e+03 9.597246006399715270e+02
