output/field_example_test/elevation_000049.asc
nrows	150
cellsize	66.66666667
xllcorner	0
ncols	150
yllcorner	0
NODATA_value	-9999
[rows 68 to 84 of 150, columns 74 to 110 of 150]
6.685765224951254595e+02 7.073535471254286904e+02 7.505105470662122116e+02 8.045342224667714390e+02 8.691804929705051563e+02 9.375350538974148549e+02 9.778028207486300971e+02 9.613967244584134733e+02 9.052304984067727673e+02 8.497680103129345071e+02 7.958527663513680181e+02 7.526341950293564196e+02 7.148295417678351669e+02 6.906998675240570265e+02 6.447594437678421855e+02 6.902850431114934509e+02 6.801934593850064630e+02 6.368352056635854979e+02 6.681143145089365589e+02 6.556502150661242467e+02 5.955807548426504354e+02 5.279299538955980324e+02 4.632878887499076654e+02 5.120134539873968151e+02 5.593585176152828353e+02 6.014932105152372515e+02 6.452369753939581187e+02 6.888370755915672135e+02 7.275235277063934518e+02 7.601879336564924188e+02 7.963679992911196450e+02 7.926218963857934341e+02 8.238592763835671349e+02 8.599881021083286896e+02 9.022596960744066337e+02 9.520863668928186598e+02 1.010457680175890573e+03
6.325916669484151953e+02 6.706943727752360473e+02 7.152799236039046491e+02 7.676598678172293830e+02 8.295662659245484747e+02 8.976015103812185316e+02 9.559887690104053490e+02 9.769493088168767372e+02 9.508413598435497534e+02 8.994192636619377481e+02 8.503612717114878023e+02 8.026502716510805158e+02 7.704770184354612184e+02 7.121070238322029127e+02 7.098347930353967286e+02 7.453955961477591927e+02 7.403939898712660579e+02 7.063751254347549775e+02 7.128500575697618160e+02 6.681978697758308954e+02 5.894502976242657724e+02 5.217244739182102649e+02 4.668581290823372569e+02 5.334419873069426785e+02 5.809982310361149302e+02 6.086649379001790976e+02 6.380942979279556084e+02 6.539214260089937625e+02 6.666519232495054439e+02 7.050369785868095960e+02 7.384971738743107608e+02 7.222823007012211747e+02 7.564349632693077865e+02 7.966027777515993193e+02 8.451456255894714786e+02 9.071517852925182979e+02 9.698678311364068350e+02
6.789414959893845207e+02 7.121384636070092711e+02 7.431705646489135688e+02 7.784138818727867601e+02 8.190958192238007314e+02 8.617069742217989869e+02 9.222181371229927436e+02 9.665522459420421910e+02 9.794986309431044447e+02 9.519881344467870576e+02 9.001520545945760432e+02 8.483207750899971415e+02 7.906414006260692986e+02 7.836364940686428326e+02 7.817377286336829911e+02 7.983371066571606889e+02 7.899419535767776779e+02 7.657055924356217247e+02 7.401882400704315614e+02 6.833480201543610519e+02 6.248107373922550778e+02 5.536064276120170007e+02 4.713512073191364493e+02 5.243843630677802139e+02 5.466366160383846591e+02 5.511397078705623471e+02 5.874878720452048810e+02 5.813940412355408398e+02 6.105961969209445215e+02 6.465678596416832988e+02 6.784488090653428571e+02 6.641985980207556395e+02 7.021984800643883773e+02 7.479801304190782503e+02 8.027174377955604996e+02 8.680751512648145081e+02 9.418925791007316093e+02
6.614303040897488017e+02 6.909215353341569426e+02 6.946177438382909486e+02 7.233562314467578744e+02 7.588357024250932454e+02 8.121615781341905631e+02 8.717651680307544666e+02 9.386894429028948252e+02 9.843531365293600857e+02 9.871949141027126871e+02 9.462351767618238227e+02 8.996932109295009923e+02 8.587878465648609563e+02 8.517700548205614268e+02 8.376351774869167457e+02 8.208321704795673668e+02 7.947196767124763710e+02 7.660601291125998387e+02 7.349023708968464916e+02 6.911472670616027472e+02 6.326714661959749719e+02 5.702425032446903970e+02 5.323341675541358882e+02 4.765188159387604401e+02 4.802371074320816433e+02 4.845309559456357533e+02 5.390207937431397340e+02 5.260933100880660049e+02 5.529395076555401829e+02 5.827418281342867203e+02 6.166350325472143368e+02 6.786166452198225443e+02 7.437886577438866880e+02 8.049312426716752498e+02 8.579523592501835765e+02 9.095625887631327942e+02 9.497269765027557469e+02
6.075089939731699360e+02 6.347231564036269447e+02 6.229724718543294557e+02 6.621183640081089834e+02 7.080614462420389827e+02 7.624068501730047274e+02 8.278514210564640052e+02 9.000470296174651139e+02 9.721973060914430107e+02 1.009238853515508595e+03 9.948105309078794107e+02 9.588375662478388222e+02 9.197595595022586394e+02 8.798080902191627501e+02 8.308600968745329283e+02 7.865277715848322941e+02 7.425140992805687574e+02 7.101209083189163493e+02 6.807556367515512648e+02 6.521422149866400559e+02 6.271257242551270110e+02 5.936334104758283274e+02 5.534128325707455360e+02 4.970480789838389910e+02 5.409208707927399473e+02 5.378878129313335421e+02 4.905401261527639463e+02 5.565510459821015274e+02 6.049734023296316536e+02 6.423946824200704668e+02 6.798491158462391013e+02 7.253376322946331811e+02 7.777977015511656873e+02 8.294703692287741887e+02 8.816500283197198087e+02 9.262730211054663414e+02 9.347646884738812787e+02
5.465552744871047253e+02 5.680732432000972949e+02 6.280845445214215488e+02 6.919738990432653054e+02 7.461362773756869728e+02 7.949328586097228708e+02 8.458307461604559876e+02 8.985523625873471474e+02 9.538904431267771997e+02 1.000606254302016509e+03 1.016425472233662845e+03 9.777480490789231453e+02 9.237843914376719567e+02 8.638616483388436791e+02 7.889601575005998484e+02 7.185590731496570243e+02 6.769330349454819498e+02 6.436943882797953620e+02 6.151511065497280697e+02 5.905104204919297217e+02 5.686015232628343483e+02 5.464646934100552471e+02 5.259822355733916766e+02 5.624832645994181348e+02 5.902557522154136223e+02 5.664498577965713366e+02 4.951062007411529180e+02 5.542345443256324415e+02 6.024835701275045494e+02 6.475679875500687785e+02 6.885994304756686688e+02 7.308052372837281609e+02 7.683392497895011957e+02 7.951076681434765305e+02 8.554125058867942926e+02 9.051957879084724254e+02 8.945277566247599452e+02
6.160274858425965476e+02 6.271170891374031271e+02 6.068931145278235135e+02 6.780507839194035569e+02 7.294355245717716798e+02 7.682064568959119697e+02 8.012250487444340479e+02 8.482462438164589003e+02 9.067252730778817522e+02 9.730690526222100516e+02 1.006185358267764741e+03 9.574370227859925535e+02 8.883607747482552668e+02 8.257084094111552304e+02 7.750558075686743678e+02 7.424655301900841096e+02 7.058965857732266613e+02 6.745852647464574829e+02 6.450742016594626875e+02 6.335615632084633262e+02 6.404258437621456324e+02 6.122750371249196633e+02 5.777488014579478204e+02 6.255856631666187013e+02 6.406533689496912984e+02 6.000872166745210734e+02 5.552572650008254413e+02 5.022381738498659729e+02 5.600151740817526616e+02 6.003551078320518855e+02 6.404613061830486913e+02 6.874309802133543599e+02 7.091622041303435253e+02 7.803764662511778170e+02 8.462872290879249704e+02 8.701720346698762114e+02 8.445011971445442214e+02
6.665751899686918023e+02 6.930221015623550329e+02 6.790315816069683024e+02 6.411627281190486656e+02 6.696641758885972422e+02 7.023067012837118455e+02 7.410080318484931468e+02 7.972005532699703281e+02 8.658028492756740206e+02 9.429788981757759530e+02 1.001883152082845982e+03 9.865561094407659084e+02 9.257209321711656003e+02 8.647034565814670941e+02 8.163817674454005555e+02 7.757010588829197104e+02 7.410577904953863708e+02 7.080277853089364726e+02 7.149325439201121526e+02 6.901223006017961552e+02 7.055151770334940693e+02 6.741854862737029634e+02 6.415145263462061394e+02 6.776418220757326480e+02 6.804166243260043530e+02 6.453591627174585028e+02 6.014652191855658430e+02 5.598862359043982906e+02 5.078775493455220271e+02 5.422230950134681962e+02 5.828414605944022924e+02 6.307038657239606891e+02 6.989176488942492824e+02 7.719983012046679960e+02 8.286812809130801725e+02 8.271133331819197565e+02 7.837222898638289053e+02
7.121356660503962530e+02 7.488450833342999431e+02 7.337635667349674122e+02 6.769447918559837944e+02 7.073977249951337853e+02 7.380851056799011758e+02 7.715553490534545062e+02 8.058445353705028538e+02 8.714200653992281786e+02 9.447043821124407259e+02 1.010930334108064244e+03 1.015902656666727466e+03 9.632815967558452712e+02 9.055120804028985049e+02 8.567785849053690299e+02 8.182573586338011182e+02 7.821581012296149993e+02 7.721048929687403870e+02 7.718444534489590296e+02 7.635759802581773101e+02 7.668469529706687808e+02 7.321506074017146375e+02 7.197235435111704192e+02 7.195390728781525240e+02 6.940064438450434636e+02 6.456987495437907683e+02 6.011482395102520968e+02 5.652117226944305912e+02 5.123258241417671570e+02 5.789330003592326648e+02 6.321191560006176360e+02 6.800915749852770205e+02 7.377656108395591446e+02 7.849772902824148559e+02 8.051481036449739577e+02 7.805256073489116488e+02 7.289796815746011589e+02
7.506215037323082697e+02 7.944864760589689467e+02 7.790823997962229441e+02 7.202229493222027941e+02 7.518912205679067711e+02 7.831959135421134306e+02 8.153385104659661238e+02 8.498312592063311968e+02 8.894427806896168249e+02 9.588782514023006343e+02 1.031196192420106172e+03 1.049168081003378347e+03 1.003885371644911061e+03 9.508570019106318796e+02 9.086803888936867679e+02 8.719827344581457282e+02 8.545184662725417866e+02 8.426575233912502654e+02 8.368905073202787435e+02 8.312315491253460777e+02 8.150614293354125266e+02 7.841454104403713927e+02 7.534002655766605585e+02 7.203651959449058495e+02 6.732458967821945635e+02 6.071094421110700523e+02 5.378441729432524880e+02 5.176791611684316194e+02 5.720366407233533437e+02 6.204579614565867587e+02 6.716334109330367710e+02 7.156959907930436202e+02 7.510752299846354845e+02 7.669962783409565645e+02 7.654962047805263410e+02 7.218675846240455485e+02 6.763212333858571128e+02
7.891714908544009859e+02 8.375101360287558236e+02 8.266974765314514570e+02 7.731366785504263817e+02 8.056153472953549226e+02 8.381210472673769800e+02 8.704733558699541618e+02 9.045442170265843060e+02 9.440026033490668169e+02 1.000191228141976239e+03 1.064798839213690826e+03 1.087515223378922428e+03 1.049827618590891007e+03 1.007902438845333336e+03 9.710215292918612704e+02 9.465191689229014855e+02 9.247293581896759633e+02 9.067822010334685956e+02 8.899572939809766012e+02 8.614773576397885790e+02 8.167243719987910708e+02 7.648455976507138985e+02 7.194808644523295698e+02 6.786859581195692499e+02 6.329572801010225476e+02 5.686120882121894056e+02 5.760241954437676668e+02 5.219148697148784777e+02 5.779872191910935726e+02 6.243475826601554672e+02 6.672140592877810832e+02 6.993804500896832224e+02 7.100482528985446606e+02 7.070665407166612795e+02 7.119036011108614730e+02 6.775918203300075220e+02 6.134488842022548170e+02
8.324213070280175089e+02 8.825530420950034340e+02 8.804458643326920537e+02 8.397490350946354738e+02 8.660971670413099446e+02 9.015045326369707936e+02 9.340962686018563090e+02 9.675759180802147057e+02 1.004549483483197491e+03 1.049008265208945204e+03 1.103105584570310157e+03 1.125730905503197391e+03 1.098487076876951278e+03 1.058754666138358516e+03 1.019562498226404159e+03 9.806207439058665614e+02 9.469662097520230191e+02 9.166358872993164368e+02 8.851476106618604263e+02 8.434948705891413283e+02 7.816267688827846314e+02 7.171931654903637536e+02 6.442660205256673862e+02 6.189465025502736353e+02 5.979401992981588592e+02 6.243535505562260823e+02 6.077306103621175453e+02 5.683641007595105066e+02 5.285629754531597655e+02 5.839149198445388720e+02 6.125996683234249076e+02 6.473161093395440275e+02 6.393109842450219276e+02 6.373104057819039099e+02 6.463783452730775707e+02 6.493785357435421020e+02 6.349463999795119662e+02
8.829242899588296041e+02 9.295057197603713348e+02 9.370447905254045509e+02 9.118291810244614908e+02 9.380378097565886719e+02 9.616097481842301704e+02 9.908657019303490188e+02 1.022819202738578838e+03 1.057618076270604661e+03 1.095603308547784764e+03 1.132549094637046437e+03 1.145187624485971355e+03 1.106387007178970180e+03 1.052830625878458704e+03 9.992155479533939797e+02 9.436666602062018683e+02 9.019846802194825841e+02 8.665396188576125951e+02 8.335482753382640340e+02 7.980934972656011723e+02 7.475424301687033903e+02 6.826712671639603514e+02 7.108806635659963149e+02 6.936534385907388014e+02 6.588117136611150499e+02 6.575543455064640739e+02 6.039211710283431103e+02 5.359046197514903724e+02 5.690269093418296507e+02 5.379620855981684144e+02 5.451379207511848790e+02 5.968550382512635224e+02 5.666489537857189589e+02 5.730980227566960821e+02 5.793006408782208609e+02 5.853289507200861408e+02 5.912893972635392856e+02
9.395862990539593511e+02 9.690518631899969932e+02 9.801710896390046628e+02 9.692911789591286151e+02 9.710430021828198051e+02 9.679364516491542645e+02 9.903998570086143900e+02 1.020011641310195500e+03 1.053677838697287825e+03 1.090476542520817929e+03 1.125670412566863433e+03 1.135048576422407450e+03 1.081128585203962075e+03 1.010711110675594909e+03 9.460229195235365296e+02 8.909983016645769567e+02 8.449147733338559192e+02 8.059343422373835892e+02 7.719758445896726471e+02 7.419409241366338392e+02 7.155376271972039603e+02 7.553325110665958846e+02 7.734651058281763198e+02 7.484962374325971268e+02 7.183026324840108146e+02 6.744309726754522671e+02 6.088418084229494980e+02 5.415037052101923791e+02 5.854674189513980309e+02 5.990216357545534720e+02 6.014139038524275520e+02 5.567780742806721719e+02 6.143478864035316747e+02 6.424587379384533961e+02 6.341861004706489666e+02 6.344837291251038778e+02 6.240428237244353795e+02
9.592076697213288980e+02 9.690186563721028961e+02 9.687395150590195954e+02 9.511004726248853558e+02 9.346767885483994860e+02 9.004797065029071064e+02 9.288340045817997179e+02 9.605160430942044059e+02 9.960509004462352323e+02 1.037725624748162318e+03 1.088591227330350421e+03 1.119947741395975072e+03 1.104917206105424384e+03 1.049463676917195698e+03 9.928026629156872787e+02 9.366900953426641081e+02 8.908514659507295619e+02 8.486808632632796616e+02 8.139374676014309671e+02 7.813936275511819076e+02 7.530939018840057315e+02 8.091485145013662077e+02 8.261103402066790977e+02 7.932757316569299064e+02 7.314512861340784866e+02 6.620381718348925233e+02 6.084367558014254200e+02 5.972356806734209158e+02 5.492916546157291577e+02 6.135445741427366784e+02 6.399327193525720077e+02 6.280659185841043382e+02 6.639652108028471957e+02 7.028028519712647721e+02 6.949680272792668347e+02 6.918638948787771596e+02 6.799075739177259265e+02
9.250362146770891059e+02 9.133694599231198481e+02 9.157307701177240915e+02 8.835780054908215106e+02 8.772859008550503859e+02 8.302900978224657820e+02 8.617813225869871303e+02 8.952919503805369459e+02 9.334081513715868823e+02 9.821809615013213488e+02 1.034347457512464871e+03 1.092762651462288432e+03 1.119674337536351231e+03 1.094526651948717245e+03 1.041710686837261164e+03 9.904816773269428722e+02 9.390481563789978736e+02 8.965567508524471805e+02 8.563898481759580363e+02 8.227120766806311849e+02 8.006663318466892179e+02 8.519691062722732795e+02 8.617069417626736367e+02 8.104846436927072091e+02 7.494638863773616322e+02 7.102816939816794957e+02 6.702842721621709643e+02 6.241195491778071300e+02 5.552832734709152191e+02 6.129647246545770258e+02 6.556595609334550545e+02 6.863556724633973545e+02 7.212837573378089928e+02 7.543261326479284890e+02 7.588297893303608816e+02 7.571776701617525305e+02 7.418596529070158567e+02
8.742064081945227372e+02 8.429919379561820278e+02 8.537221218248837431e+02 8.158455084526844985e+02 8.215885513476995357e+02 7.731005382690317447e+02 8.054634273568362914e+02 8.402997320877877883e+02 8.808983053601403981e+02 9.251424034095139177e+02 9.874932686448236154e+02 1.059213085131263142e+03 1.111899354154415505e+03 1.125679036283231426e+03 1.096475077121600407e+03 1.043933598858977575e+03 9.941219401995284670e+02 9.438672794986883900e+02 9.013299915446635850e+02 8.673226823900802174e+02 8.708799257467202324e+02 8.917832326757919645e+02 8.859996299988539477e+02 8.459202175434885476e+02 8.022728864110689528e+02 7.620671046062818732e+02 7.197219145017425035e+02 6.697393796649128035e+02 6.155092611790670389e+02 5.646684727977718694e+02 6.305476471634273139e+02 6.786126408548479958e+02 7.299846978066707379e+02 7.808928458277071059e+02 8.144917668371811033e+02 8.248437508166598491e+02 8.124118911210678107e+02
