output/field_example_test/elevation_000013.asc
nrows	150
cellsize	66.66666667
xllcorner	0
ncols	150
yllcorner	0
NODATA_value	-9999
[rows 0 to 16 of 150, columns 111 to 147 of 150]
1.169544562041649897e+03 1.225362939065940054e+03 1.282466610749500887e+03 1.332103197422585254e+03 1.362060561132008388e+03 1.387744073908848350e+03 1.417370511362165416e+03 1.448983111640059406e+03 1.481756045446209328e+03 1.515666819582154176e+03 1.545926981367248345e+03 1.545398640229648436e+03 1.521791094012908616e+03 1.495032555497962903e+03 1.463505392567468562e+03 1.462931166225477227e+03 1.477207547137213169e+03 1.505306615254148255e+03 1.553295779427144680e+03 1.613693370988202105e+03 1.652593165881623236e+03 1.628258531166139846e+03 1.585915484087015784e+03 1.545767355796264155e+03 1.509799902417872545e+03 1.477026538819578718e+03 1.446420380578404547e+03 1.417764366039873721e+03 1.392423005025437760e+03 1.375923244590855802e+03 1.391407018616994719e+03 1.396043983646536162e+03 1.384466426651407801e+03 1.402590709350523184e+03 1.429913055735373291e+03 1.461565162433772457e+03 1.496188378283557995e+03
1.175109971304544842e+03 1.233101677327299285e+03 1.283391531569746576e+03 1.317235516004842111e+03 1.328826683317266543e+03 1.356892171624895354e+03 1.388388839873045981e+03 1.420647137837193441e+03 1.454028462197197541e+03 1.489841292218017543e+03 1.522175169096495665e+03 1.507481122764708516e+03 1.462566251081481141e+03 1.443534069177826495e+03 1.392216915214292158e+03 1.395677797033273919e+03 1.410157457080628546e+03 1.436688034251109229e+03 1.498645104542697482e+03 1.574427182998436365e+03 1.627204083589465654e+03 1.600044506792060929e+03 1.548261065626494656e+03 1.505745280990690162e+03 1.469402120229137381e+03 1.436697999441352522e+03 1.406030520754794679e+03 1.376657213748250797e+03 1.348713812023358969e+03 1.323508967310667003e+03 1.357153102349974006e+03 1.362099672838669903e+03 1.332781124805657782e+03 1.359442765904741009e+03 1.389548120500419373e+03 1.422697725811112150e+03 1.459529295958681132e+03
1.172940836747422964e+03 1.209191864127277086e+03 1.255427125721758557e+03 1.271696358411217489e+03 1.281579032654193952e+03 1.315687613348453397e+03 1.348349918865241534e+03 1.381463639119868958e+03 1.416818540728266271e+03 1.461070986351660167e+03 1.479499402631198791e+03 1.440228902906150097e+03 1.378717496994349631e+03 1.363996702549091424e+03 1.297909945735322253e+03 1.301847604363555547e+03 1.315321150267177245e+03 1.346485119514331927e+03 1.429244879712105558e+03 1.528073156548554834e+03 1.585904121464765922e+03 1.559682086791103529e+03 1.499665609802542122e+03 1.448137370472207976e+03 1.409595166608196678e+03 1.376561741506328644e+03 1.345920237204774367e+03 1.316249748727978840e+03 1.286899190456662836e+03 1.257549242409266753e+03 1.305675620342665297e+03 1.311033674480004947e+03 1.267752687312312446e+03 1.298607627496264740e+03 1.330755454557909161e+03 1.366231516814103315e+03 1.408235167336093809e+03
1.124470062354204174e+03 1.177924753505850276e+03 1.217652020185103993e+03 1.220624856351185144e+03 1.248483193904085283e+03 1.280862566448574398e+03 1.314825676506705349e+03 1.348872543421813589e+03 1.389221589652283683e+03 1.437056923521581211e+03 1.438435838325959594e+03 1.373695979846242608e+03 1.297004751592768116e+03 1.284971436377719556e+03 1.213123481915597495e+03 1.215846506084868452e+03 1.225104933098605670e+03 1.298654843967769693e+03 1.405632310692140436e+03 1.479920054839139993e+03 1.537676069875213898e+03 1.520470657313657284e+03 1.457185186729186171e+03 1.399569978512617126e+03 1.354769396418643282e+03 1.320374287251933993e+03 1.289662943026262383e+03 1.260170670675974179e+03 1.230850707357700003e+03 1.201073387974235857e+03 1.256598504949170319e+03 1.262280097793040568e+03 1.212082294254903672e+03 1.243607830091114693e+03 1.276820458913474113e+03 1.315467248570885431e+03 1.366035117714932085e+03
1.177931303057478999e+03 1.150469636628440639e+03 1.169009623362358070e+03 1.188217340024774103e+03 1.219931024102508673e+03 1.256549610155096161e+03 1.290953846532448779e+03 1.326019439761658305e+03 1.376483941883461966e+03 1.422700646913778655e+03 1.409856140818162203e+03 1.323092801654178174e+03 1.226284637273438875e+03 1.211833841343548556e+03 1.141233716699348861e+03 1.142831905111678680e+03 1.222934069720085517e+03 1.286782331368096720e+03 1.341866981194406208e+03 1.419757861913238457e+03 1.486770316249725511e+03 1.484295789833460731e+03 1.418685199926482028e+03 1.360715496410959076e+03 1.312371743312672152e+03 1.273833601779769197e+03 1.242428202267068173e+03 1.213122658847684761e+03 1.184267387371631230e+03 1.155174609797949643e+03 1.213964729413514760e+03 1.219634905430140179e+03 1.166836598911079818e+03 1.198109501358494754e+03 1.232596532124612850e+03 1.276536522335161862e+03 1.330388663237297351e+03
1.224529259486454066e+03 1.196407292709438707e+03 1.228133849710912500e+03 1.239779926936345191e+03 1.218172837803057064e+03 1.241359219496401010e+03 1.274011724635880682e+03 1.321746128728549365e+03 1.373771662127915079e+03 1.418682534509196103e+03 1.402516278873923966e+03 1.321867896539534058e+03 1.223398090891513675e+03 1.134230610934774404e+03 1.080005762644340166e+03 1.109518076522997490e+03 1.158849035750315807e+03 1.207987329110798100e+03 1.278238338774439399e+03 1.362160954991068820e+03 1.438534248572492288e+03 1.451936396795273595e+03 1.399188519764052899e+03 1.326292971652618235e+03 1.278255768323611846e+03 1.237798592918604299e+03 1.203732036131655377e+03 1.174202295647872234e+03 1.145689016458720971e+03 1.117269840581780954e+03 1.176367953991138165e+03 1.180361375592672857e+03 1.129476973899230416e+03 1.160706202513536709e+03 1.197715324746728811e+03 1.243078671428818097e+03 1.298209748296485941e+03
1.259622738403083076e+03 1.247324823012838579e+03 1.278122796287768097e+03 1.285044839957481372e+03 1.257407537776156687e+03 1.286762256418268862e+03 1.288601118897472588e+03 1.332265729389745729e+03 1.382540905972178052e+03 1.421005590265632463e+03 1.400555384677279790e+03 1.338986361619349736e+03 1.260717793155804202e+03 1.186125169760907511e+03 1.110729922069728218e+03 1.032893980289839419e+03 1.091686107623501357e+03 1.152130374608789225e+03 1.224537818187241328e+03 1.311529487437661828e+03 1.394891702679250329e+03 1.419382179021540878e+03 1.363954303749118935e+03 1.313449844050025149e+03 1.246965575749687105e+03 1.207598963207839915e+03 1.172882997430521300e+03 1.141811286234198406e+03 1.113338189206152038e+03 1.085255235777707639e+03 1.140219942990635900e+03 1.132826021812377348e+03 1.098086016393022874e+03 1.128949325414088207e+03 1.166105701181020095e+03 1.211479251943703503e+03 1.267558049698067634e+03
1.277130721013177890e+03 1.297145944059990370e+03 1.323882004639861634e+03 1.321338461550412376e+03 1.310390231472543292e+03 1.321995747314214441e+03 1.328480375526601620e+03 1.363024052995437614e+03 1.402848304935978831e+03 1.413016237059996001e+03 1.372816806005669150e+03 1.298967453188492300e+03 1.233456275123692194e+03 1.165111418338068461e+03 1.078258207048148506e+03 1.001528905150571518e+03 1.052095346538003469e+03 1.106447875241805150e+03 1.178223011564038870e+03 1.267695969979100255e+03 1.357775818344867503e+03 1.392806180722433965e+03 1.341366779365097045e+03 1.276095256733135102e+03 1.238394331328143153e+03 1.178685054011167949e+03 1.145635398632198076e+03 1.115099546801495990e+03 1.085982292293743967e+03 1.057974391284149533e+03 1.103800018248326296e+03 1.064639956186967311e+03 1.125966535427455256e+03 1.174995384614189788e+03 1.216926784429753980e+03 1.262021198472055630e+03 1.312644633409936887e+03
1.286385465157947465e+03 1.336379193780477863e+03 1.366094667901076946e+03 1.369231683815475890e+03 1.365577324604895011e+03 1.371806874688347762e+03 1.375428756138373728e+03 1.403605948379247366e+03 1.419644993727729570e+03 1.393639715892171807e+03 1.324264081347151887e+03 1.248862349814377467e+03 1.173095541328992567e+03 1.115321704271681938e+03 1.057717064865858674e+03 9.767467855460901092e+02 1.011259360443964056e+03 1.064499854019544728e+03 1.136575035962549919e+03 1.229624415925724634e+03 1.327795526069956168e+03 1.373972107976807592e+03 1.328853566397017403e+03 1.263417319871610061e+03 1.202572080754254102e+03 1.173942561036986490e+03 1.117756608046980546e+03 1.089990376292287010e+03 1.062639347355554719e+03 1.034779355819256580e+03 1.076230095524668968e+03 1.039967619507872769e+03 1.107978482072708630e+03 1.159364942763614181e+03 1.207204438951221391e+03 1.257793255231038984e+03 1.312278053182950543e+03
1.279832176676515928e+03 1.332514278431364119e+03 1.386274839356793564e+03 1.408736692062989732e+03 1.415028738595220375e+03 1.422355957301144599e+03 1.426343197346310490e+03 1.435727085344793522e+03 1.418583003613887968e+03 1.364865065738397334e+03 1.277920914840287651e+03 1.191086246878252268e+03 1.119851588370541094e+03 1.058940713468734202e+03 1.012191057233004472e+03 9.547123427430307174e+02 1.013915229816860005e+03 1.081233863571344727e+03 1.157799567446015772e+03 1.242549755441132447e+03 1.316939088086986430e+03 1.357976858555791750e+03 1.332569591530567777e+03 1.265294118808864368e+03 1.200071659999151052e+03 1.140984804879483818e+03 1.099976302716332611e+03 1.065419741559857130e+03 1.037885703668604947e+03 1.014433616073250960e+03 1.042882252076548639e+03 1.018706476633264856e+03 1.058509283923951671e+03 1.103710930490475221e+03 1.153671136385934687e+03 1.209053360306693321e+03 1.270780137149929942e+03
1.238060560057426301e+03 1.316711404570818331e+03 1.377097270211818795e+03 1.396615077489046826e+03 1.417279269567573920e+03 1.439282102430510122e+03 1.453934285123101745e+03 1.439225411340296660e+03 1.397424791074183076e+03 1.321144031668187154e+03 1.228937434978488227e+03 1.140941695779447855e+03 1.067376984919264032e+03 1.010522701150669491e+03 9.664113262811716822e+02 9.355775704832518613e+02 1.017321057722429714e+03 1.089874850252759870e+03 1.153690281092775649e+03 1.208616651782210965e+03 1.272322393563540800e+03 1.331966278088030549e+03 1.337186127451493121e+03 1.296267274553918014e+03 1.248242661779728678e+03 1.197107843090450160e+03 1.159238172945896849e+03 1.125329492549286897e+03 1.094887121970140015e+03 1.049888653113993087e+03 9.909572647918424764e+02 1.056522932606788800e+03 1.112263562237647648e+03 1.162347547119243245e+03 1.212400983119349121e+03 1.263946276812043607e+03 1.317212728059712617e+03
1.275023127738532139e+03 1.327106250458714385e+03 1.347128244979870260e+03 1.331077184175485854e+03 1.362398528847053740e+03 1.400860982302967386e+03 1.429782407512184591e+03 1.410083057614229119e+03 1.349762277055886898e+03 1.288935544392533984e+03 1.236182668988718206e+03 1.173427664249851205e+03 1.112157355604998429e+03 1.051460936111901674e+03 9.877788331951204555e+02 9.171680509739612717e+02 9.867310767346973535e+02 1.048121792852277167e+03 1.097434863229175335e+03 1.152852862593260625e+03 1.228105340210245686e+03 1.299713161670463933e+03 1.318499762804940929e+03 1.296460127279187645e+03 1.271978964035357649e+03 1.240915060725919830e+03 1.208169282182251891e+03 1.164506468059635836e+03 1.103442960400649554e+03 1.038542043285833643e+03 9.761319699429603816e+02 1.052829308477479572e+03 1.120740684335984724e+03 1.180521347665152462e+03 1.233975061462715075e+03 1.282910366660171803e+03 1.329155481286700251e+03
1.296629295327859836e+03 1.313769018140141497e+03 1.296880167696539047e+03 1.254970235510842713e+03 1.296395223938348181e+03 1.345311987522301706e+03 1.387196752548178893e+03 1.368596291282884522e+03 1.300185662241114187e+03 1.230775536183724398e+03 1.178262649391308742e+03 1.137544843516724995e+03 1.094825302737568791e+03 1.030895935992137083e+03 9.613659482724563077e+02 8.992126200238000138e+02 9.489147518436881228e+02 1.001950407149843727e+03 1.040156467673791667e+03 1.106676457240929039e+03 1.189809594907500923e+03 1.266741538899720581e+03 1.274376710620372023e+03 1.240329123151654585e+03 1.238733404285435654e+03 1.227592142634614675e+03 1.208206951366607655e+03 1.163456130209608773e+03 1.103327327916082140e+03 1.036493306121709111e+03 9.624913698699393763e+02 1.022925795504260236e+03 1.090638033324207527e+03 1.149651708490093370e+03 1.198646719659064956e+03 1.242930132563285497e+03 1.285963238139544956e+03
1.296995850305768727e+03 1.275962640965954961e+03 1.235495935723217144e+03 1.189773286575398743e+03 1.237629704419667632e+03 1.294957114975980858e+03 1.343734544307635360e+03 1.325904177236698843e+03 1.251608265302687869e+03 1.178314968211164569e+03 1.120358161372553468e+03 1.078678557066877374e+03 1.047180587535294535e+03 1.015650248627133465e+03 9.583326093529295804e+02 8.836190450619732246e+02 9.432966299075831103e+02 9.653406478131965969e+02 1.033574811006320715e+03 1.111691630454856295e+03 1.194258145289693402e+03 1.250446980756321409e+03 1.227661953111429511e+03 1.175449718239392723e+03 1.171462383074969011e+03 1.167045763640703399e+03 1.167408306663854773e+03 1.130827777567894373e+03 1.066567027728236326e+03 1.002671424470931925e+03 9.492939027814304609e+02 1.016234282076491127e+03 1.061995614081869007e+03 1.109141748675533563e+03 1.150891232796775967e+03 1.190677701499351997e+03 1.234281676552029467e+03
1.267479372436161384e+03 1.221852921759804531e+03 1.182011059967331221e+03 1.137736777865118484e+03 1.190761249904719307e+03 1.252380711318024851e+03 1.304374468390456514e+03 1.288312266273708019e+03 1.207821038395299411e+03 1.125375157131678179e+03 1.072248372848037434e+03 1.027248261333084884e+03 9.940107693015150971e+02 9.662503105918491428e+02 9.285016343471048685e+02 8.671180390483259544e+02 9.036651860724406333e+02 9.661871714170795258e+02 1.036976993026070886e+03 1.116533874531936590e+03 1.195172741452315904e+03 1.230696722117253557e+03 1.183081352702487266e+03 1.116525137651703972e+03 1.103261696790960968e+03 1.098766925983781221e+03 1.106475771867205140e+03 1.112035353003946511e+03 1.070016794139477952e+03 1.003494661169067626e+03 9.369621360234915528e+02 9.811558379164946473e+02 1.029512158028401473e+03 1.069058871865346191e+03 1.103917721801303969e+03 1.142239616285929515e+03 1.191653948454502597e+03
1.219673306263540098e+03 1.171166065744141179e+03 1.129072839051228812e+03 1.095792854525701159e+03 1.152112336584164950e+03 1.215101570273827974e+03 1.269664622218712339e+03 1.260772904846432311e+03 1.198104379613468609e+03 1.113576108585773000e+03 1.028042104431526695e+03 9.854846344503663431e+02 9.492176931795864903e+02 9.217649313031715792e+02 8.951818678205676179e+02 8.535656090366601347e+02 9.206606689233543648e+02 9.824983428297201726e+02 1.048304330536122052e+03 1.120958475544913426e+03 1.189251845352371447e+03 1.218044205736148569e+03 1.169665993168713385e+03 1.103883784640128852e+03 1.041309517575680502e+03 1.035047487266771441e+03 1.039738540009993130e+03 1.068242541230268671e+03 1.047732721278445752e+03 9.950427945963990624e+02 9.253597959339615500e+02 9.784409327457640302e+02 1.000083816471836826e+03 1.028804167531176290e+03 1.061307904662682859e+03 1.102595906331736842e+03 1.154298824820346226e+03
1.175481157988451514e+03 1.120728512185824911e+03 1.078377597722508654e+03 1.061325662207480036e+03 1.118301275560632575e+03 1.178630630492881892e+03 1.240049154356357576e+03 1.229369054942751745e+03 1.159851767330815392e+03 1.093437580054232058e+03 1.024109054401287722e+03 9.467090440307041490e+02 9.124108726043240267e+02 8.817521039324038838e+02 8.597795630562518454e+02 8.399318090707596411e+02 8.847685831169577568e+02 9.382957954534284681e+02 1.007633109575799722e+03 1.087579685518081078e+03 1.171040489461351399e+03 1.205014158830973429e+03 1.167149155366920468e+03 1.104370907747776755e+03 1.040012250061326768e+03 9.792599338779120899e+02 9.795179049234932336e+02 1.017930019682951070e+03 1.002734933936170137e+03 9.580169306262765758e+02 9.133443053043448572e+02 9.369840253494128319e+02 9.623574777896448040e+02 9.911907639782990600e+02 1.024766263484959154e+03 1.066045804863375224e+03 1.119523949814522211e+03
