output/field_example_test/elevation_000055.asc
nrows	150
cellsize	66.66666667
xllcorner	0
ncols	150
yllcorner	0
NODATA_value	-9999
[rows 51 to 67 of 150, columns 0 to 36 of 150]
6.474411239618605351e-04 6.747860427827149010e+01 1.291167553184766348e+02 1.360177877179702932e+02 7.490270846306529506e+01 1.310966363229180445e+02 1.699066189542741085e+02 2.073800417478549321e+02 2.557829554163839418e+02 2.706203848421528733e+02 3.105709812397409451e+02 3.565910298233671938e+02 3.972524107609415296e+02 4.212338678810015153e+02 4.140614632252283513e+02 3.635582838258221159e+02 3.968509326316540751e+02 4.470323649214627153e+02 5.037082414833354846e+02 5.382544736007135953e+02 5.144785133038313916e+02 5.511735849707648640e+02 5.846691108683296534e+02 6.171575173731323503e+02 6.517631627403430912e+02 6.927135326466147944e+02 7.194937036603163278e+02 7.305232557554193136e+02 7.227972125059513928e+02 7.140038953913111754e+02 6.908021930917210511e+02 6.305228706099118199e+02 5.627167647416229102e+02 4.988860115483370805e+02 4.586780447316439790e+02 5.247722556284372786e+02 5.822335898400033329e+02
2.991442671798761992e-04 6.729206078703469984e+01 1.338225232148965915e+02 1.627374488346459032e+02 1.426675291308951046e+02 9.295288156726032014e+01 1.057408128514098564e+02 1.657513890144281277e+02 2.037174894525871025e+02 2.070288015613926689e+02 2.589953666816435316e+02 3.107894093645107887e+02 3.451134457544284260e+02 3.514419373112716016e+02 3.562115405985520056e+02 3.143523793691153401e+02 3.563992690245528934e+02 4.112862787140588239e+02 4.709389282000448134e+02 4.867164439446279971e+02 4.491058616522569764e+02 4.841368216371571407e+02 5.171954379386490928e+02 5.503875895568451142e+02 5.900382577425175441e+02 6.293951423451894698e+02 6.755401481198839519e+02 7.105523272748304180e+02 7.377349626595071186e+02 7.454381548784640472e+02 7.032149549751176210e+02 6.374000533785058451e+02 5.754120901006456279e+02 5.436114026311057614e+02 4.825823983103001638e+02 5.101922001507645064e+02 5.709579059578887836e+02
5.382406089261300560e-04 6.070012505379077083e+01 1.265468065587755149e+02 1.822827531906768002e+02 1.922981563009950037e+02 1.700144317140747887e+02 1.704761257592171546e+02 1.237024739792782952e+02 1.369700683506150938e+02 2.007883580955337379e+02 2.478995304957252301e+02 2.670380205842825490e+02 2.755915024327412084e+02 2.814500414748625872e+02 2.918762610342460562e+02 2.757139896221123081e+02 3.237048858891291161e+02 3.811520515085325655e+02 4.274675306123256746e+02 4.344251939275282552e+02 3.964493640763716371e+02 4.294394552600799102e+02 4.600132556303123579e+02 4.922703602558468674e+02 5.245357342549409623e+02 5.657466495977178056e+02 6.089761116524487079e+02 6.562782361461795517e+02 7.091832257117238214e+02 7.414192669762277319e+02 7.292900316222326182e+02 6.762554794230394464e+02 6.220823490676109486e+02 5.599991361212468064e+02 5.099908955136898498e+02 5.433957744667962970e+02 5.672628058500735051e+02
9.405933839789771796e-05 5.656584592045516757e+01 1.191822289800348642e+02 1.819503843987747871e+02 2.301158295171500185e+02 2.375995272756462100e+02 2.301594122720192672e+02 1.916490775367436470e+02 2.003964851872763404e+02 1.575724069823137938e+02 2.111238358824791419e+02 1.939109133099992448e+02 2.060824905841201655e+02 2.189467858653604253e+02 2.317512846048700794e+02 2.454600497926049343e+02 2.970784755238170760e+02 3.381960393824596167e+02 3.682785021333871214e+02 3.715636553995797726e+02 3.548484290176550644e+02 3.847768039260466821e+02 4.100388560017851205e+02 4.345269944412123095e+02 4.645169471704401758e+02 5.011300889720810119e+02 5.492233873873798302e+02 6.062075443463669444e+02 6.605647167771212480e+02 7.181202284953263870e+02 7.445903123819264238e+02 7.177829561686451143e+02 6.588447907143636257e+02 5.976953566987630211e+02 5.427352261354081975e+02 5.806184049543277297e+02 6.160347280654382303e+02
4.552373030990004800e-04 6.583372051735013031e+01 1.241861643248544311e+02 1.795651422357533988e+02 2.317904681809578449e+02 2.720305494471774068e+02 2.842154078046635846e+02 2.654533191035458799e+02 2.611384649985105852e+02 2.204600800717292657e+02 1.762078908976511684e+02 2.232020281662161665e+02 2.587267169917265619e+02 2.909340251103133710e+02 3.006072952137628818e+02 3.067385170957534797e+02 2.650362550560673753e+02 2.799221726057008368e+02 2.953802139471088708e+02 3.097305435200178749e+02 3.241285160055414281e+02 3.410529413443824183e+02 3.601158120000325198e+02 3.810415272289936865e+02 4.041018175671545691e+02 4.522143328952528805e+02 5.076549839043339034e+02 5.557995223317182081e+02 6.150513687010776493e+02 6.851931316625109503e+02 7.365775628017587451e+02 7.437588729232750211e+02 6.963762486604028936e+02 6.404201163501629708e+02 5.820128608658626490e+02 6.203772232120161334e+02 6.630724059004755873e+02
9.620149528071391450e-04 3.196404879278560784e+01 8.062046326879378455e+01 1.358265310311611529e+02 1.978079380822937878e+02 2.640758290063618574e+02 3.179573288814549983e+02 3.311931093543109910e+02 3.184719321987961393e+02 2.704384012736921932e+02 2.154075391213778801e+02 2.549492388275278074e+02 3.014742295843590796e+02 3.437592753105193424e+02 3.689058160324277651e+02 3.582550114939497803e+02 3.016950808012131233e+02 3.464110306259721028e+02 3.556996111694242018e+02 3.418536525538845012e+02 3.641281123295785846e+02 3.949377037778452859e+02 4.262431056548073798e+02 4.575732978088755658e+02 4.678187205899840251e+02 4.357649798592699426e+02 4.666969776936343237e+02 5.069025297834165258e+02 5.697682507230268811e+02 6.429162724099381876e+02 7.221500018521946913e+02 7.651204114325677210e+02 7.407708957838214019e+02 6.824466539451437939e+02 6.302406821758221440e+02 6.706552571908247273e+02 7.117818495038160336e+02
1.585375988990400783e-04 6.034836091600631391e+01 8.623895632517049137e+01 1.374965234301695887e+02 1.950288365438801748e+02 2.591722577024867746e+02 3.239608554813787578e+02 3.720214927485923226e+02 3.654975638962876587e+02 3.187343834190496068e+02 2.649306202095823437e+02 2.963976533612170670e+02 3.421355247145378371e+02 3.912961476039843092e+02 4.257393013927264747e+02 4.048836635901212730e+02 3.434380091895284863e+02 3.983685667523442362e+02 4.170463050186738201e+02 3.841289259427064167e+02 4.248497356182664930e+02 4.379898114324050766e+02 4.821803978897874572e+02 5.197287737777203347e+02 5.193266303742024093e+02 4.666294408604368869e+02 5.012498701676102542e+02 5.390295712857090393e+02 5.732724113425272208e+02 6.330050566794061524e+02 7.123026979549335920e+02 7.774162245712815320e+02 7.762921979671431245e+02 7.193224118360326429e+02 6.956272160926315564e+02 7.333551716820002184e+02 7.712177381623123438e+02
4.462850991293150407e-04 6.444668964305400038e+01 1.233408424225195859e+02 1.545423413492104316e+02 2.079511340542851201e+02 2.700524954653018312e+02 3.342472008051138346e+02 3.904031407826608984e+02 4.040412267499302743e+02 3.788380737305769799e+02 3.350509844900913663e+02 3.449368242826594724e+02 3.891933103445025495e+02 4.381883275343845412e+02 4.752642916989385640e+02 4.516978058591092804e+02 3.899250375379835987e+02 4.393092927023653829e+02 4.722816437087639088e+02 4.467826033286867187e+02 4.544576742828045326e+02 5.060018174920489855e+02 5.251388399045362121e+02 5.686915963886749523e+02 5.615007476936360717e+02 5.032235541558950445e+02 5.369384134107444879e+02 5.769894223957489885e+02 6.218318205732674642e+02 6.708395029939872529e+02 7.333550552214411482e+02 8.033873506580209778e+02 8.178352855720141861e+02 7.837940110854713112e+02 7.684884130579895327e+02 8.011144428388718097e+02 8.288859706803382323e+02
5.062654624056582434e-04 6.097215469394745924e+01 1.272372973836186389e+02 1.905408603854993999e+02 2.409561017925456667e+02 2.900334245347832507e+02 3.388940903751240512e+02 3.862828424348742260e+02 4.224971121129951825e+02 4.285215126102812633e+02 4.109301926950794837e+02 4.160496128188731859e+02 4.514894828770054005e+02 4.908530421580170469e+02 5.248866941120265892e+02 5.015844398306383027e+02 4.434812751623647387e+02 4.901061301947120228e+02 5.296721613107877147e+02 5.132498813452325521e+02 5.125252721208072444e+02 5.583330549557481390e+02 5.988452258724058765e+02 6.097392537995864359e+02 6.046769939054300949e+02 5.471253274129492183e+02 5.815917422758705015e+02 6.192604817777620383e+02 6.667778943614748641e+02 7.224689111256126353e+02 7.792851200495759940e+02 8.393147188469123421e+02 8.627626693653426173e+02 8.471424103492603308e+02 8.327503441849401042e+02 8.367102176298360519e+02 8.364872772617320607e+02
9.885879683443981290e-04 6.050920327006021893e+01 1.247809422815013249e+02 1.850613094725173653e+02 2.176713631110077642e+02 2.480607812463349262e+02 2.919990778935941194e+02 3.439137073800119424e+02 4.052254569748299673e+02 4.514229520534345852e+02 4.747234604742277497e+02 4.909403583495919179e+02 5.193132080066527578e+02 5.510061344261380327e+02 5.741556278162078115e+02 5.546705317019410586e+02 5.068968238949836405e+02 5.477514299417198345e+02 5.890147267864552987e+02 5.858457128099660167e+02 5.860039477379222035e+02 6.209303281023989030e+02 6.621794861636345786e+02 6.707453192641650048e+02 6.567074827398807884e+02 6.013792021165941151e+02 6.373502755593041229e+02 6.741001947485025312e+02 7.163267990556687437e+02 7.718938375391552427e+02 8.325841155218928407e+02 8.731459816110918837e+02 8.808822714665400326e+02 8.550596154779711924e+02 8.260750803830895848e+02 8.001842499176510728e+02 7.732321735329384182e+02
6.792166669057083479e-04 6.339866996743552363e+01 1.128252808399109881e+02 1.484073849704957127e+02 1.494805900324788581e+02 1.904315350554585393e+02 2.394401839924210265e+02 2.987526372669961461e+02 3.664076409994294750e+02 4.380372817340275446e+02 4.917894275337709473e+02 5.162716087966737177e+02 5.436162751271418756e+02 5.755365373501898603e+02 6.048433705194757977e+02 6.039502132285717835e+02 5.816499582394784511e+02 6.108186942875578325e+02 6.477029216128406688e+02 6.584587395412901287e+02 6.644445358304633373e+02 6.888494555710877876e+02 7.176674256192336543e+02 7.322491954277373907e+02 7.142308378611365924e+02 6.683094953452562095e+02 7.053911251564456961e+02 7.405882694195813656e+02 7.780071417046976876e+02 8.213172446778823996e+02 8.708648081316725893e+02 8.880892313321824076e+02 8.588446273017452768e+02 8.088486445682805197e+02 7.678496972878090219e+02 7.306952929233515306e+02 6.911051939579341479e+02
3.095820745989581735e-04 2.603428205115824312e+01 5.748511656213896259e+01 9.336094886078471689e+01 1.495187898963494320e+02 2.115616448590038203e+02 2.799386921020273462e+02 3.456273044867380122e+02 3.995668431178788182e+02 4.444097267178273682e+02 4.695326865717716487e+02 4.655880734277440069e+02 4.968207688660157828e+02 5.368426853145020914e+02 5.886033537840982035e+02 6.277955802097911828e+02 6.481667251791612898e+02 6.715274644105950301e+02 6.886076180295774520e+02 6.947830172720417750e+02 6.919917233546846091e+02 7.112683884640063070e+02 7.394621794432596289e+02 7.672315320843549671e+02 7.665377719304698303e+02 7.439439973786140854e+02 7.778678984187499736e+02 8.065430792534896227e+02 8.368484629184166579e+02 8.693695069304260414e+02 8.946614685090856938e+02 8.759986092609866546e+02 8.152622340337084097e+02 7.567599369215968181e+02 7.062945403025669293e+02 6.672149684146377240e+02 6.280764107730013848e+02
8.517285258632341979e-04 6.328126151318121373e+01 1.131462838319987014e+02 1.511243770623646867e+02 1.993133015124147391e+02 2.620393318146209367e+02 3.182340088713166324e+02 3.673342084809924586e+02 3.992699286360838755e+02 4.040411434777821000e+02 4.125635262101387752e+02 3.999569911349367430e+02 4.365435121666958480e+02 4.867859737275409771e+02 5.433351278454225621e+02 6.106135080016903203e+02 6.617895828507411125e+02 6.842436047541579001e+02 6.735367186969563136e+02 6.550508267286442106e+02 6.345104255257753039e+02 6.569685165314713231e+02 6.994297394673494637e+02 7.520494597840728375e+02 7.921646523722890834e+02 8.051857063028663788e+02 8.185892108299102574e+02 8.262972306537153599e+02 8.445628892577732358e+02 8.708123609118490549e+02 8.896675065271701897e+02 8.569532498885769201e+02 7.803480294236130703e+02 7.073577354740696137e+02 6.491387713648877025e+02 6.157322800831352652e+02 5.788316980751652636e+02
-2.161618358024713742e-03 5.954422971244822094e+01 1.238017447024086550e+02 1.892535823388442680e+02 2.433887787636223550e+02 2.887721990242509378e+02 3.272202333384320809e+02 3.496061116398443005e+02 3.541550407164850185e+02 3.265564170556681347e+02 3.559826754251027978e+02 3.431438138378192662e+02 3.839148984223355114e+02 4.346524719704787572e+02 5.001670766010142302e+02 5.770436562057849414e+02 6.447455225868401385e+02 6.535929425911633643e+02 6.159854662328878021e+02 5.802812247555457361e+02 5.648813752053816870e+02 6.018628530004931463e+02 6.456548227344520683e+02 7.120894656472281667e+02 7.789947017480217255e+02 8.057834561768253252e+02 7.932401715633528738e+02 7.708568411116224297e+02 7.856680073148557995e+02 8.227001197422308678e+02 8.594495577134943005e+02 8.469472708994752566e+02 7.805018845047810601e+02 7.059250217467357515e+02 6.390152750214706430e+02 5.790530667335842736e+02 5.395267407626380418e+02
-2.229181703625709998e-03 5.574403425135889023e+01 1.197426448265843817e+02 1.875169147786912447e+02 2.447207421405338721e+02 2.680059890157717177e+02 2.776125685937891490e+02 2.899479133601031435e+02 2.906076432983654172e+02 2.610150479519294890e+02 2.930006432137367938e+02 3.419058236870139353e+02 3.991711728541915818e+02 4.688912863467482453e+02 5.352364200065868545e+02 6.017968537129597735e+02 6.388262585297677560e+02 6.169438520067448053e+02 5.625228236233458574e+02 5.121936582349532046e+02 5.100572186880405070e+02 5.587926772914549929e+02 6.249229525104743743e+02 6.941962763943957953e+02 7.570009609917374291e+02 7.721599320854165853e+02 7.353388904096588021e+02 6.940058685035122608e+02 7.259953612920658088e+02 7.730454560911449562e+02 8.229964864696750055e+02 8.416599514885980398e+02 7.967140490196414930e+02 7.200873912838677597e+02 6.512408260608513046e+02 5.927481290762580102e+02 5.436274745097794039e+02
-6.136218851422298691e-03 6.071745625994645934e+01 1.279802435735170434e+02 1.901985115031724831e+02 2.165694980308604443e+02 2.054482820757338004e+02 2.128383326616644240e+02 2.265803049571554482e+02 2.174885598476881228e+02 2.882025272003666032e+02 3.452905142798065299e+02 3.890859024517517923e+02 4.435311580604528103e+02 5.044441766784382253e+02 5.709957275355664024e+02 6.145087427219921210e+02 6.155344873434964938e+02 5.705013805047741471e+02 5.163032334821981522e+02 4.551696145377850371e+02 5.138333687745301859e+02 5.672595434538559402e+02 6.230904165917997943e+02 6.803419825990571326e+02 7.284501332242625722e+02 7.339385541714445935e+02 6.865846234778110784e+02 6.338930817690660433e+02 6.731750105772057395e+02 7.232103826907361963e+02 7.765838913133485448e+02 8.214041280817966708e+02 8.101564530543608953e+02 7.548042964536999762e+02 6.780754437435705313e+02 6.114951472138623103e+02 5.550776488915563505e+02
-5.699245925908344272e-03 6.682034672182393820e+01 1.340385802043719821e+02 1.727544601392179686e+02 1.669924232723356852e+02 1.313909696184007316e+02 1.513480887096646939e+02 1.744023863641646699e+02 2.258497809972056700e+02 2.856298516020806915e+02 3.510107313211691462e+02 4.198215942040323512e+02 4.838453578605335110e+02 5.422064173272215157e+02 5.886944067866118075e+02 6.047874727022283423e+02 5.808594256090621002e+02 5.292893986211782931e+02 4.734500985916220088e+02 4.190279964725774562e+02 4.745060245032659054e+02 5.228545896391012775e+02 5.772766454842512758e+02 6.362008593675878956e+02 6.921589296447716606e+02 6.955703038864214705e+02 6.449820924293289863e+02 5.868669425337267285e+02 6.204212714821201189e+02 6.766430752738141337e+02 7.408882388665090275e+02 7.950280412323733117e+02 8.143680802824936791e+02 7.763585905503573485e+02 7.172711205757839252e+02 6.586638049181884753e+02 6.056872297337303053e+02
