output/field_example_test/elevation_000007.asc
nrows	150
cellsize	66.66666667
xllcorner	0
ncols	150
yllcorner	0
NODATA_value	-9999
[rows 34 to 50 of 150, columns 37 to 73 of 150]
5.136699381595110481e+02 5.642347227463889112e+02 6.191741366139510774e+02 6.270855021384243173e+02 5.754050421698271975e+02 5.093594534567673122e+02 4.465572718062982744e+02 3.905198428028689932e+02 3.438744911535798678e+02 4.200305461603268782e+02 4.779944078977061963e+02 4.894171712936861240e+02 4.762349638653802799e+02 4.609476124844726996e+02 5.012312345057731591e+02 5.477750803984408776e+02 6.007020278809405909e+02 6.615641870982558430e+02 7.379794884994548738e+02 8.179347218180520258e+02 8.906564491992451167e+02 9.178030609714585353e+02 8.957978916119101314e+02 8.654975383984484552e+02 8.412683177933073466e+02 8.250489489964013501e+02 8.033229044329430053e+02 7.813034098303697874e+02 7.906016445643655288e+02 8.326099465142964391e+02 8.564650760865805523e+02 8.272905083804303104e+02 7.760692080289968544e+02 7.217854047324506155e+02 6.773955416519040682e+02 6.348293731381704674e+02 5.895955083783347845e+02
5.751509585346634594e+02 6.131143467582076028e+02 6.554632828757938796e+02 6.545810453215274265e+02 6.060877120264266296e+02 5.450916842818187433e+02 4.849287402450783588e+02 4.253463147878808854e+02 3.582305919730403048e+02 4.280864407036931993e+02 4.980036130664098550e+02 5.399903007339739816e+02 5.383629661222920504e+02 5.287029813743323530e+02 5.126911752644182343e+02 5.584901345841299189e+02 6.097131734901090567e+02 6.692011170650779377e+02 7.397828499723999585e+02 8.189393710631976546e+02 8.936573899626686170e+02 9.263864342897479673e+02 9.048448329227555860e+02 8.693921791508728347e+02 8.317156062450316085e+02 7.927746433369599117e+02 7.448276919188276679e+02 7.074654338423961235e+02 7.235575400573532079e+02 7.730043593350154651e+02 8.107308357629658531e+02 7.979556398643496777e+02 7.328612522863447793e+02 6.768355260145265220e+02 6.300546565108098775e+02 5.928367787710092216e+02 5.547081982079870386e+02
6.359217035875207102e+02 6.708811077954716211e+02 6.915383542626584585e+02 6.664081603064943238e+02 6.022436534944877167e+02 5.346272757967623193e+02 4.732495222458065882e+02 4.189747390549272836e+02 3.714727453363767609e+02 4.343668157148762248e+02 5.012671308398568613e+02 5.599593125872512474e+02 5.881926223477446456e+02 5.927776857021324304e+02 5.813760520112092536e+02 5.742399236506552143e+02 6.212479592542048294e+02 6.794799208127152497e+02 7.498355835468103123e+02 8.278194859487852000e+02 8.918931396542245693e+02 9.022191148360570878e+02 8.638242641413296496e+02 8.209372819034401800e+02 7.774475618643572261e+02 7.337996798704483581e+02 6.878336511218170699e+02 6.384869605786146849e+02 6.762427619350747818e+02 7.222743407651754524e+02 7.620020173665328684e+02 7.711163901740752635e+02 7.225159418076857492e+02 6.427979941322271316e+02 5.846332939234755486e+02 5.542271079237111735e+02 5.212435129783414141e+02
6.702885211769447551e+02 7.106270360219899658e+02 7.156756608027531001e+02 6.623268101459226500e+02 5.919488282103156962e+02 5.249131471393851598e+02 4.660482494681106118e+02 4.147785205568453080e+02 3.850951071892559412e+02 4.499574033182103676e+02 5.048194052609638902e+02 5.488129451031932149e+02 5.854291357152613955e+02 6.160140603118906029e+02 6.360797411682153779e+02 6.400310106382954700e+02 6.753792802873538221e+02 7.327958765162679811e+02 8.009527219351257372e+02 8.564430568165233808e+02 8.841047736819928105e+02 8.643316345123818110e+02 8.176035783261007737e+02 7.690546930812902247e+02 7.230152337285718431e+02 6.781451138911884300e+02 6.346714315696262929e+02 5.890876018432300043e+02 6.320456447917543983e+02 6.647292392033887154e+02 6.989841193339361780e+02 7.307574729124761461e+02 7.143749975337241267e+02 6.508620753656708757e+02 5.823077105930450443e+02 5.186668309468227562e+02 4.909438485903343121e+02
6.602028707936499359e+02 7.220216402284791002e+02 7.259625841600078502e+02 6.657860580232139682e+02 5.942406193355593587e+02 5.283226194289935620e+02 4.707205633419437731e+02 4.432302344278788837e+02 3.990893399223689926e+02 4.235690840818155039e+02 4.563915154840231025e+02 4.938134192048089517e+02 5.361233930851414016e+02 5.838765908705988750e+02 6.358658399801812493e+02 6.893004588107156678e+02 7.360663317683560081e+02 7.839964161006441827e+02 8.395758565194577159e+02 8.694438374641227938e+02 8.523309515269972962e+02 8.081017681962134702e+02 7.646529260782682513e+02 7.225645007349626212e+02 6.826458689627443164e+02 6.330458879568907378e+02 5.904777206751663243e+02 5.499127482963812099e+02 5.998362927644071760e+02 5.979976536471978079e+02 6.406623924346785088e+02 6.856437276763091404e+02 7.001641879416944221e+02 6.600794481873498398e+02 5.906264530600765283e+02 5.223489014155815084e+02 4.617480525915534599e+02
6.620634411817154614e+02 7.315143654375826827e+02 7.381726120472573029e+02 6.778360350399274239e+02 6.078885102719591487e+02 5.432193614569458759e+02 5.150587233441407307e+02 4.705610027493714256e+02 4.157040444452186421e+02 4.651070458805722296e+02 5.032348558111602870e+02 5.400189125750737276e+02 5.762567253038668014e+02 6.232439632254928483e+02 6.742920333006428564e+02 7.325702538326577269e+02 7.855110581209976317e+02 8.350693200691849825e+02 8.620024405466542703e+02 8.498301694805197712e+02 8.023838256406876326e+02 7.537611402412517236e+02 7.058972501547858656e+02 6.672301342853500046e+02 6.654676817468922536e+02 6.054179597492124003e+02 5.507989226352664218e+02 5.169117229058252860e+02 5.586308594354734396e+02 5.379422526838668546e+02 5.844737732198962021e+02 6.293282719786628832e+02 6.671637811098615884e+02 6.539084685590232766e+02 5.930142387477185366e+02 5.258869774524463310e+02 4.647914455223864820e+02
6.908392218427450189e+02 7.540767590880683429e+02 7.570717256217461681e+02 6.966933914021846022e+02 6.327857402683514465e+02 6.000304397816653363e+02 5.573917673750548829e+02 5.007525733593469113e+02 4.344770275303778249e+02 4.966190698925993274e+02 5.481116767108890144e+02 5.908537470440370498e+02 6.308920160257090402e+02 6.692540899750322296e+02 7.219630528792351924e+02 7.761572653516360560e+02 8.312754008127869838e+02 8.617366939849224536e+02 8.545641952093790223e+02 8.158539399610544933e+02 7.556840987470440041e+02 6.991141051654425382e+02 6.540419880865115374e+02 6.152399009973535158e+02 6.471997956107605887e+02 6.225834611594448234e+02 5.566079715476167848e+02 4.891725912271550669e+02 5.092232785238830957e+02 4.849198428395752103e+02 5.295489611673908712e+02 5.799829413560618150e+02 6.287541131877582075e+02 6.377732018951511463e+02 5.943727454198602800e+02 5.321515768603237575e+02 4.614403281195772024e+02
7.271344254702772787e+02 7.812542003616342754e+02 7.798333637425135976e+02 7.347594723753506969e+02 6.878052822663092911e+02 6.443536004375811217e+02 5.943231864150512820e+02 5.313847407474279407e+02 4.547624279679133679e+02 5.210073998685064680e+02 5.770163205655941283e+02 6.267833589674283985e+02 6.746968528603550794e+02 7.227375537326620361e+02 7.675862757142683677e+02 8.226574763664906413e+02 8.573736255726540776e+02 8.574403004119644720e+02 8.231092824751054877e+02 7.660827303512455728e+02 7.101702985171205000e+02 6.532409360191289807e+02 6.052847568716856586e+02 5.675638564279342972e+02 6.205810665489657367e+02 6.307365276897473905e+02 5.889418357124969816e+02 5.247500010125389736e+02 4.475648816702701538e+02 4.408922538281842094e+02 4.816817499897179573e+02 5.299401838821925139e+02 5.856285273681749004e+02 6.058385799213831433e+02 5.616193034880956247e+02 5.035992110423945292e+02 4.470501403053934837e+02
7.746235225180651014e+02 8.075706611868639584e+02 7.846619202573942857e+02 7.335426633054502190e+02 6.834269785936115795e+02 6.385619314362107843e+02 5.943655044670589405e+02 5.412718991657380911e+02 4.769373478764383663e+02 5.058689868965922756e+02 5.487404430862820846e+02 5.996143670732806186e+02 6.591654479726048521e+02 7.289350261031768241e+02 8.022308009074364463e+02 8.486383048995008949e+02 8.564939080283768362e+02 8.273349002830398149e+02 7.743740362687834704e+02 7.204402591402269991e+02 6.628097149490387210e+02 6.122471867953959190e+02 5.643685598950966096e+02 5.251395889732541491e+02 5.886044328459450981e+02 6.203492655328668661e+02 6.001697462699655716e+02 5.396703856714137828e+02 4.790317457503333003e+02 4.063007386349685817e+02 4.246422454382258138e+02 4.804000039475062067e+02 5.401386941240672286e+02 5.664443471177722813e+02 5.330797916785974166e+02 4.681023939322536194e+02 4.072980472231868134e+02
8.096320320398934882e+02 8.238426794538479498e+02 7.674823731139022129e+02 6.909448022383261332e+02 6.308932095496461443e+02 5.832746853284570534e+02 5.440633019109632187e+02 5.097820621528768470e+02 5.422410521228259768e+02 5.495364498386065861e+02 5.936338959110017868e+02 6.422536010403016462e+02 7.021788942646843452e+02 7.636990236553010618e+02 8.258896390210649088e+02 8.518511187398403308e+02 8.281509523723411803e+02 7.780909145860570106e+02 7.279240321429381311e+02 6.739228060173450103e+02 6.237617781547769482e+02 5.727583247639746560e+02 5.282968959749912301e+02 4.874276687386479807e+02 5.462289972825190034e+02 5.913263006596253035e+02 5.932615810128229441e+02 5.431410906343061242e+02 4.822722446781616554e+02 4.310568805726203436e+02 3.722387237499914932e+02 4.390067497030210575e+02 4.858877353819682980e+02 5.229368832250412424e+02 5.241017094502382179e+02 4.816728196579222185e+02 4.262766044579325353e+02
8.430731875415659715e+02 8.453934002652135860e+02 7.827872946086491766e+02 7.193227561436170845e+02 6.623837070765845283e+02 6.181116526634117463e+02 5.896791063816674523e+02 5.409306579956976293e+02 5.815181088698820986e+02 6.097250121776315837e+02 6.455267085176449200e+02 6.957504144035675608e+02 7.483358874584766909e+02 8.058167374280091053e+02 8.408829945578223715e+02 8.315563646959038806e+02 7.819252316199134611e+02 7.302834084505497003e+02 6.778233213221706137e+02 6.333676461280575722e+02 5.870372114647256012e+02 5.413507237238683274e+02 4.950597889417565511e+02 4.545658538459533702e+02 5.052508575005619491e+02 5.474102704457110349e+02 5.644978517209294751e+02 5.367652692707139295e+02 4.726039819128816362e+02 4.024341330048231953e+02 3.496155630254276048e+02 4.092490247132999457e+02 4.236607295453688948e+02 4.710986541914339227e+02 4.871869331026023247e+02 4.508794149093122883e+02 3.949057856565061684e+02
8.795832954336926832e+02 8.761319295234824267e+02 8.176847212590089384e+02 7.536793356071254948e+02 6.988918031328175857e+02 6.441720602616046563e+02 5.912766759557244995e+02 6.077692646361791731e+02 6.154371172308919995e+02 6.689808316224678038e+02 7.095522176538215717e+02 7.508163940549418385e+02 7.997113154768221648e+02 8.322158840899478491e+02 8.346499417901773086e+02 8.004255491974940924e+02 7.406119608767511409e+02 6.809770097996515688e+02 6.325894463317308691e+02 5.895170546750899803e+02 5.548858654679256688e+02 5.139728395572925592e+02 4.690261850998391537e+02 4.263009100333862307e+02 4.468920624994391346e+02 4.856359343801771047e+02 5.149473159836181821e+02 5.136871640854872112e+02 4.678045175250322245e+02 3.999933002079074527e+02 3.308033535409772412e+02 3.649083831470110795e+02 3.622343848181844805e+02 4.164343973223437843e+02 4.358929221855992751e+02 4.094176135046050149e+02 3.713036710223184400e+02
9.178107673446438639e+02 9.110514082302538554e+02 8.559728801617584395e+02 7.962865879422232638e+02 7.334624615257109781e+02 6.767886232959424433e+02 6.337850937366547441e+02 6.754224569411002221e+02 6.763108720999500747e+02 7.230410585441240983e+02 7.732916664522291512e+02 8.070345752345042456e+02 8.294804070275005188e+02 8.297722805292405610e+02 8.032634688503457028e+02 7.536903830762917096e+02 7.003391627179629495e+02 6.415103714007749431e+02 5.889831898422260110e+02 5.480874112300004981e+02 5.143266284968148057e+02 4.917892454481697087e+02 4.930405212412246101e+02 4.562811192938638101e+02 3.902368690532043161e+02 4.264680898679863503e+02 4.475650947870647087e+02 4.671273898002218061e+02 4.372043054413325649e+02 3.957367966369106398e+02 3.499133931523175534e+02 3.021607860393552869e+02 3.046706768099488727e+02 3.653945570806347405e+02 3.740032173598013969e+02 3.693222245749531112e+02 3.163161720109804378e+02
9.472605049002171427e+02 9.436986796297701403e+02 9.024663666721787649e+02 8.375669770939119871e+02 7.747962798067902668e+02 7.261024216646467266e+02 6.872593796994494824e+02 7.358034917401583925e+02 7.450361188237213810e+02 7.852844274376137719e+02 8.154303456979254179e+02 8.295299399502888491e+02 8.167139183578982511e+02 7.912631608831801486e+02 7.485559176557376304e+02 7.060766325896607896e+02 6.581639906384597225e+02 6.084443467868135258e+02 5.557449054652616951e+02 5.097818070924607810e+02 4.739724735473841974e+02 4.473309556915496614e+02 4.775569304652199776e+02 4.654793692425585050e+02 4.171521060429018917e+02 3.490570279869861565e+02 3.795073991644815123e+02 4.136228742029978775e+02 4.001390152851374751e+02 3.493262506981031947e+02 2.986916768403789320e+02 3.551674489660542804e+02 3.601435050740023485e+02 3.082679395901132580e+02 3.104287381190413839e+02 3.129290221020708600e+02 3.610745829928700346e+02
9.392820531223453600e+02 9.597891228833407240e+02 9.362849157354171439e+02 8.815389075946343382e+02 8.300697811467198335e+02 7.837716343121236378e+02 7.552144608978460383e+02 7.938764165936703421e+02 8.110845973502617881e+02 8.240937905959664249e+02 8.229409312632508318e+02 8.014907703848906522e+02 7.626337097057584060e+02 7.269591253519031397e+02 6.898122414327684737e+02 6.486865212852932245e+02 6.142082825092313669e+02 5.808047009966053338e+02 5.301862796944436695e+02 4.816884490630411051e+02 4.400577588718277298e+02 4.056298498256945777e+02 4.334673890057633798e+02 4.421618813811840596e+02 4.167698718240695257e+02 3.672647982502543300e+02 3.085057873385538301e+02 3.696753101740803800e+02 3.626556088352659231e+02 2.947165027884734627e+02 3.523343580298540019e+02 3.951761289230180978e+02 4.064802207915625445e+02 3.724303280971120103e+02 3.730339223158494519e+02 3.804412505501126702e+02 3.528608011841797065e+02
8.978060666367747444e+02 9.451841254811923818e+02 9.587686764523971306e+02 9.309978693734092303e+02 8.841634515102807654e+02 8.493110457854180595e+02 8.320553018686971427e+02 8.363888064839653680e+02 8.310478147256656030e+02 8.120083389582838436e+02 7.854637335536995124e+02 7.441082522304227496e+02 7.048270965095280189e+02 6.626784484261559101e+02 6.264655498120123411e+02 5.916874843606597096e+02 5.578965385401628509e+02 5.795441772612238083e+02 5.655731052609172593e+02 5.347643363276326909e+02 4.879157703208578596e+02 4.314571600245752165e+02 3.645022703019873802e+02 3.872669092344868886e+02 3.783034553138683123e+02 3.349669984706033006e+02 2.829887113175744275e+02 3.365948310985446028e+02 3.385832283436128023e+02 2.921749381432711630e+02 3.579471301335495355e+02 4.195785796722642544e+02 4.528228057759757235e+02 4.438620785459699505e+02 4.412999150193366518e+02 4.347771403011664120e+02 3.829450355565017503e+02
8.577367242174525472e+02 9.196305754200017191e+02 9.602702948960990170e+02 9.573274471244560573e+02 9.256107217436479004e+02 8.871787129438399688e+02 8.518414473857733356e+02 8.245843804820102605e+02 7.955820163776247682e+02 7.550950047955507216e+02 7.202242846619715237e+02 6.844201650302210282e+02 6.440094475998187136e+02 6.082908474286138016e+02 5.711154481109706467e+02 5.365184153279187740e+02 5.028264506187412053e+02 5.425536390067073853e+02 5.612662309504607947e+02 5.590532656367352047e+02 5.222806517352909168e+02 4.620420329740687748e+02 3.847203797544833606e+02 3.186033724350616581e+02 3.299008812045144055e+02 2.794795114190852701e+02 3.242322079522107288e+02 2.864102735478028876e+02 2.886870126358157904e+02 3.457746142536775551e+02 3.573221494662436726e+02 4.154088976346949380e+02 4.772713221970673203e+02 5.102697858330179201e+02 5.082939202242885699e+02 4.719977665106311520e+02 4.166004356763154419e+02
