output/field_example_test/elevation_000014.asc
nrows	150
cellsize	66.66666667
xllcorner	0
ncols	150
yllcorner	0
NODATA_value	-9999
[rows 85 to 101 of 150, columns 111 to 147 of 150]
8.908735873769230693e+02 9.170490408726244596e+02 9.481390691191423912e+02 9.839997022526954424e+02 1.022327524246033590e+03 1.058117708032319115e+03 1.072628566784071154e+03 1.062119603340118601e+03 1.027164616604576395e+03 1.028939645663711872e+03 1.030493542644282115e+03 1.063806158122011766e+03 1.101374082318352748e+03 1.128237163161907574e+03 1.108000166044249454e+03 1.066434529454131507e+03 1.084763929761749523e+03 1.139466766525761841e+03 1.139342918834380725e+03 1.092990302597194159e+03 1.141437660190526458e+03 1.141955587338354690e+03 1.089563273146029360e+03 1.135693475002870855e+03 1.189113669340157912e+03 1.237399315918920820e+03 1.278925006481874107e+03 1.320301862744163827e+03 1.347580743393735247e+03 1.358455183354180235e+03 1.342988536156431337e+03 1.317296501042753562e+03 1.308566978079440105e+03 1.268345593745517590e+03 1.295465454614994087e+03 1.329074273284109267e+03 1.367912998203649977e+03
9.159712822069799358e+02 9.553071969288751006e+02 9.767949864507297661e+02 1.005672279530027026e+03 1.040632075388168914e+03 1.076722883751226846e+03 1.104852539985124395e+03 1.110311197222665669e+03 1.099770834232574089e+03 1.098679886667603796e+03 1.105783182053635983e+03 1.127869436148906971e+03 1.153575597035852752e+03 1.175116663931392623e+03 1.167940071023727114e+03 1.145447051960501994e+03 1.154569983262357482e+03 1.193352225998614585e+03 1.196305329455838773e+03 1.158693414700533594e+03 1.201255032168703110e+03 1.201431592833063860e+03 1.157988028675166106e+03 1.204934982347061805e+03 1.250817165761716979e+03 1.301411380434955390e+03 1.335121832991492965e+03 1.357291021198174576e+03 1.356664194829808821e+03 1.332360121634704683e+03 1.290134856568034138e+03 1.252808816052472821e+03 1.251375287328584591e+03 1.224378339574335314e+03 1.255917093593998288e+03 1.294842844440900308e+03 1.355912408368856632e+03
8.894958325025404520e+02 9.327191055166700835e+02 9.259494559432503138e+02 9.575277271783161268e+02 9.977033842359853679e+02 1.038515801611468532e+03 1.080599164836712362e+03 1.111736334228894066e+03 1.120339572700002009e+03 1.113526168096887204e+03 1.127673966697991546e+03 1.140349646244079167e+03 1.153813011312341587e+03 1.177402352476095757e+03 1.198476679677297852e+03 1.206948663352035283e+03 1.222469751364768854e+03 1.246293141122034740e+03 1.253419235850183668e+03 1.233627670454859526e+03 1.265314833746379463e+03 1.261740265968288668e+03 1.242546799435843923e+03 1.281859083641782718e+03 1.313591761396821539e+03 1.336875198384364239e+03 1.345828208293081616e+03 1.344178567300729583e+03 1.322922498492498107e+03 1.282646839695914423e+03 1.239421090947397033e+03 1.193569484639185475e+03 1.184955061325328870e+03 1.246326884187003770e+03 1.294810825333637467e+03 1.334931344776566448e+03 1.365566840466437270e+03
8.677131425930881505e+02 8.892303265036663333e+02 8.596053728860838419e+02 8.985576168997955619e+02 9.537951455224188066e+02 9.781665276108177522e+02 1.026920735101019545e+03 1.076456681276526524e+03 1.080308118955819054e+03 1.051262030918454684e+03 1.082615332112751958e+03 1.085220630964237898e+03 1.089936153950402968e+03 1.124898144545193873e+03 1.169216158040831033e+03 1.201822378164049951e+03 1.231739500879319849e+03 1.261721236325606469e+03 1.288355650559332389e+03 1.301351162653776328e+03 1.325382044759945529e+03 1.330405727654925158e+03 1.321885715600275262e+03 1.332480320367568993e+03 1.338173039584457911e+03 1.321166741888689785e+03 1.295892559389723147e+03 1.291148917243800270e+03 1.266406203393102032e+03 1.232155399158752061e+03 1.193554060380596638e+03 1.146204276158307266e+03 1.202118885882458471e+03 1.237309706740160664e+03 1.281712833439030646e+03 1.332979959293361617e+03 1.397855992080585793e+03
8.328122093965918111e+02 8.405903898067650744e+02 8.022184928720176913e+02 8.507646031338524608e+02 9.014254406187078530e+02 9.196268311706653549e+02 9.840932756254396736e+02 1.036164145493475871e+03 1.027393777429337888e+03 9.830283842979383735e+02 1.022783958669073513e+03 1.018942330301798165e+03 1.022044127336529755e+03 1.067256212989449523e+03 1.109939356908153513e+03 1.146463292272110039e+03 1.180540977513905545e+03 1.215512054627808311e+03 1.263641630059814361e+03 1.309854868628586473e+03 1.350254752509415539e+03 1.357068329351164266e+03 1.340107160259837656e+03 1.325313399205126188e+03 1.311339468077191668e+03 1.268876331286921641e+03 1.228300177727359596e+03 1.222467902327225374e+03 1.216422686839429616e+03 1.176569223322695052e+03 1.146687449651870338e+03 1.123376852807896057e+03 1.185765621608701395e+03 1.247533610507108278e+03 1.311831664297142197e+03 1.367924915400253212e+03 1.409622595479410165e+03
7.802732949304827343e+02 7.806979984267966302e+02 7.546434704709859034e+02 7.958843596938514793e+02 8.447627100736289094e+02 9.155256055405751567e+02 9.718290897593274167e+02 9.865645602345902034e+02 9.729228138900534759e+02 9.220455692345277612e+02 9.643950718180058175e+02 9.569654243307757042e+02 9.663340804300300988e+02 1.013687884421963304e+03 1.051169172330450692e+03 1.085980414851970863e+03 1.119103341876392051e+03 1.148774855456411160e+03 1.210514630735390710e+03 1.277955642512568147e+03 1.335480104760856875e+03 1.331659418481313651e+03 1.291786489899915978e+03 1.262575058169057229e+03 1.261426876732090250e+03 1.226285150524632400e+03 1.167571657458658592e+03 1.155704806388108182e+03 1.158451733501962053e+03 1.124938871893052692e+03 1.092712833912734595e+03 1.151501493387783285e+03 1.191635115478934495e+03 1.246517300286794125e+03 1.307531118379735744e+03 1.371249348350144828e+03 1.433788962313209595e+03
7.150568363533312777e+02 7.078145339378894505e+02 7.825546805558583401e+02 8.378597546962348588e+02 8.897823653535169797e+02 9.268383945784926254e+02 9.372830168333287020e+02 9.186345988578076458e+02 9.170805296046385138e+02 8.689164639492478273e+02 9.080543082509864234e+02 8.997591772135839392e+02 9.338581944235572792e+02 9.666997610522683999e+02 9.998688458772172680e+02 1.034426953575880589e+03 1.064929953352524080e+03 1.131689633027778882e+03 1.205649625251579437e+03 1.279012005743371446e+03 1.320461417713141373e+03 1.297022463811326588e+03 1.242524587998888364e+03 1.196109481644726884e+03 1.198405019627594811e+03 1.191563003675814343e+03 1.152616441317609770e+03 1.093611386814290199e+03 1.097573808391177863e+03 1.062498681338246570e+03 1.118373108850107428e+03 1.146141521130680758e+03 1.204375106431981749e+03 1.264233570988647216e+03 1.319615103702647730e+03 1.372592766033860244e+03 1.426200028042599797e+03
6.588454881458876571e+02 7.217509517857059791e+02 7.932069337976774932e+02 8.591214574315101800e+02 9.007032118710152417e+02 9.034436822526520245e+02 8.826979265168515667e+02 8.435100324050280278e+02 8.582634440120335739e+02 8.234287439094475758e+02 8.448132336481875200e+02 8.673150640930804229e+02 8.936860624983097523e+02 9.236646448256697113e+02 9.576379512897076438e+02 9.977649930450124884e+02 1.056367832181110316e+03 1.127309717482044789e+03 1.205945213493556821e+03 1.272390634598934867e+03 1.293669417604216505e+03 1.257970309782593631e+03 1.199501661797838096e+03 1.140877993591587938e+03 1.135839890660758556e+03 1.140239246004698543e+03 1.104696597977361535e+03 1.069356315810115802e+03 1.031709897932752710e+03 1.095736032633795730e+03 1.148244643859751704e+03 1.187471077866983478e+03 1.199893168105936411e+03 1.238909829552013662e+03 1.283098598107419321e+03 1.332222180591765209e+03 1.387075213656870119e+03
7.276740635985586323e+02 7.661054781285617992e+02 8.117166274295368567e+02 8.550335291805381530e+02 8.689960646424981405e+02 8.506434823733602570e+02 8.132751855766409790e+02 7.736694205009184770e+02 7.949683226528319437e+02 8.517880261169478899e+02 8.954468201752911227e+02 9.253292933026305036e+02 9.544681821385465810e+02 9.903470459271289883e+02 1.025890640015207282e+03 1.064124010102596912e+03 1.111124967025929664e+03 1.169279353576003132e+03 1.230976140677199737e+03 1.261645119941084886e+03 1.252497508126444473e+03 1.225201667950220553e+03 1.191281201211598955e+03 1.135841944056923012e+03 1.076055950930874360e+03 1.078760598911241914e+03 1.065264156199437593e+03 1.003025067915817999e+03 1.051433657456970195e+03 1.093062639840946986e+03 1.139946554846170102e+03 1.188050289104771082e+03 1.224901128523154284e+03 1.261820683560054249e+03 1.300494176120950442e+03 1.341785061171627149e+03 1.390093366688792912e+03
7.492875829583507539e+02 7.682714375994720513e+02 7.794390165584437682e+02 8.122370829242123591e+02 8.141882006591866912e+02 7.812888140581083007e+02 7.438838964796340179e+02 8.104046735818369598e+02 8.575076196136029694e+02 8.911997320120635777e+02 9.425779432226122481e+02 9.847478627917614631e+02 1.018346774494970759e+03 1.052014986701215093e+03 1.093901067423353197e+03 1.129376728709789404e+03 1.168417002339237570e+03 1.211049816611018741e+03 1.242552254966347846e+03 1.225828033104153747e+03 1.185926390513283195e+03 1.175300594795147617e+03 1.143669815297099603e+03 1.117849983921969852e+03 1.075835432783072292e+03 1.017987900302872276e+03 1.023788580395271765e+03 9.848877981502266721e+02 1.006193280185372032e+03 1.032930912007955612e+03 1.099387316414692805e+03 1.149165625415833574e+03 1.183938722042731342e+03 1.217848523858931912e+03 1.255223594068322654e+03 1.289002583085300557e+03 1.348811492763145225e+03
7.179857661373936253e+02 7.129553637333337974e+02 7.144656768361696777e+02 7.555127294457737435e+02 7.532424076785010811e+02 7.127084181537873064e+02 7.609958531168988429e+02 8.175148099028392608e+02 8.784432713594434290e+02 9.398764935212676619e+02 9.858225567937992082e+02 1.037380790245555772e+03 1.072209557600699100e+03 1.102140329075236878e+03 1.128851571323855296e+03 1.151226001728821529e+03 1.181947894144436987e+03 1.215968093719352737e+03 1.229408400277480723e+03 1.184908228063611205e+03 1.120718518277476051e+03 1.106196209142877251e+03 1.096931295054587281e+03 1.059372196374290752e+03 1.032970028723284713e+03 1.005157392229377479e+03 9.670914513490440640e+02 1.019894547589925764e+03 1.061894191431970057e+03 1.090629217469076139e+03 1.070352551631523511e+03 1.096135933706826791e+03 1.125234336066620472e+03 1.157858828296687534e+03 1.208091797346967724e+03 1.284968872861595855e+03 1.352468397536605380e+03
6.770293892490394683e+02 6.454363488634061241e+02 6.509845978831632465e+02 7.044653484346159757e+02 6.847709661184175047e+02 7.220175580686950525e+02 7.655464774232325453e+02 8.178778279982655022e+02 8.792234647767503475e+02 9.477626800318555524e+02 1.016298966105464956e+03 1.058757586886623358e+03 1.075332691759303771e+03 1.095999187875136158e+03 1.101316303945403433e+03 1.097222314428370510e+03 1.133340672965474369e+03 1.180906299497923783e+03 1.202110401840556733e+03 1.169120808309419772e+03 1.103850565493584099e+03 1.037337679030921663e+03 1.031406191400434864e+03 1.019746760473590712e+03 9.752805887613277491e+02 9.458258820616584899e+02 1.006159641105247033e+03 1.056934701760833832e+03 1.103529083093541885e+03 1.141738458555651960e+03 1.139100206521864038e+03 1.148617393319698067e+03 1.186857498688744499e+03 1.219661808775063264e+03 1.209267369280140201e+03 1.254562672476743728e+03 1.317254185416318251e+03
6.377658175647887902e+02 6.952031457018820220e+02 7.006138018474835008e+02 6.587743003864140974e+02 7.241221341488113694e+02 7.768401186466957142e+02 8.179629945236994217e+02 8.671325917387331401e+02 9.288741459114185091e+02 9.844144864552271201e+02 1.027348645053719792e+03 1.035482275882090107e+03 1.015835897104070227e+03 1.042502000250867468e+03 1.034693422609268737e+03 1.029164509186713303e+03 1.078445260342059555e+03 1.129348388763369712e+03 1.159860189623092538e+03 1.148745711552452121e+03 1.092909077702839795e+03 1.027345912552812706e+03 9.660826752292762194e+02 9.671787318104783253e+02 9.247572765394762655e+02 9.852007242324261824e+02 1.036721949324168236e+03 1.087158862994427636e+03 1.133606556453573603e+03 1.173430271576884934e+03 1.195356302126011542e+03 1.210904756385862811e+03 1.242609423020541044e+03 1.276597530997750482e+03 1.265228914069241682e+03 1.300179189048356193e+03 1.336830976476141586e+03
6.985654176824167507e+02 7.349887410564087986e+02 7.239859085402066512e+02 6.638877015255579863e+02 7.258836523929951454e+02 7.925737694959381088e+02 8.573260471448007820e+02 9.072030325533080486e+02 9.539600004869714667e+02 9.969176792410370354e+02 1.009758079965425736e+03 9.881057646106719403e+02 9.450826053558366766e+02 9.788858749008688847e+02 9.646799965011342692e+02 9.702686029308313209e+02 1.030167508804611543e+03 1.091071649768950692e+03 1.100137187099070843e+03 1.114936322087329700e+03 1.088765929132182237e+03 1.028865457725784836e+03 9.653090602186136948e+02 9.052718577797767239e+02 9.400144440079724291e+02 9.783449882926132659e+02 1.019193588362747846e+03 1.062191931585321754e+03 1.106866308307728332e+03 1.152459359409419449e+03 1.197049805812195473e+03 1.242796096378116317e+03 1.290151887435225490e+03 1.326723481925484066e+03 1.330136903354318520e+03 1.361139187547685651e+03 1.395508420363109963e+03
7.629882297345548068e+02 7.769101209667317107e+02 7.384866498653190092e+02 6.692674062599073750e+02 7.350906522542454695e+02 8.029520758771919873e+02 8.604856845290723868e+02 8.968973406359230012e+02 9.268979125291648415e+02 9.661587872461708457e+02 9.665419769220657145e+02 9.272514605553341198e+02 8.815406025477407184e+02 9.183991137659494370e+02 8.979279874792418923e+02 9.346666387280757817e+02 1.001592276237355009e+03 1.046552866906213012e+03 1.031480921411116697e+03 1.064911833863816128e+03 1.063345945166503043e+03 1.023302147438723637e+03 9.706720596672807915e+02 9.237270560452475365e+02 8.862766541166333809e+02 9.205338662332402464e+02 9.581931645318944675e+02 1.000072114244743943e+03 1.046895773633295903e+03 1.099031828205214879e+03 1.156210753487038573e+03 1.219649027905720914e+03 1.287050744659753718e+03 1.353027385648228346e+03 1.387251808329423056e+03 1.414156343661379651e+03 1.444188356153742234e+03
8.246832608036460215e+02 8.061255427122358697e+02 7.393868182352542817e+02 6.754664881549739448e+02 7.332814745514710921e+02 7.772577195014032441e+02 8.250676417227548427e+02 8.361654336618809111e+02 8.782471169224135110e+02 9.197419350423090236e+02 9.137768310851738534e+02 8.736964507036358327e+02 8.277779502854967859e+02 8.631253232696830082e+02 8.550541266402963174e+02 9.238125940525783335e+02 9.846437917242650428e+02 9.993339796006375764e+02 9.650348660185967447e+02 1.009138940063409791e+03 1.017663219425342845e+03 9.810108021152886977e+02 9.319989747282940016e+02 8.688212618809351397e+02 9.263975124829555625e+02 9.729025736632620465e+02 1.009527714649692143e+03 1.051271522569169520e+03 1.096463474239985771e+03 1.152310941042860350e+03 1.204521126910889052e+03 1.258672859211876130e+03 1.314352443596788589e+03 1.364612139820827451e+03 1.391022433292135020e+03 1.406816195367755654e+03 1.434001318713936598e+03
8.801820165528240523e+02 8.354098553916077208e+02 7.800317332100290741e+02 7.383741258154287834e+02 6.841587836899306012e+02 7.388466904861992361e+02 7.698820043135144715e+02 7.759991301672989721e+02 8.349749960758284715e+02 8.629887093569830085e+02 8.538957653042554057e+02 8.133212516487952826e+02 7.833846797759179026e+02 7.991026581819660350e+02 8.630398807186791146e+02 9.167962446327385351e+02 9.558596146624588528e+02 9.523938532916441773e+02 9.059367799315192542e+02 9.514678635121669004e+02 9.595632200773903833e+02 9.338590677593756482e+02 8.945188661317885135e+02 8.566805245930929686e+02 9.174252386578222058e+02 9.803995872821799367e+02 1.042221118079298549e+03 1.091915135071844361e+03 1.133549440212206719e+03 1.175337741266593412e+03 1.217256249891948983e+03 1.259489778367317513e+03 1.302334901492810104e+03 1.337299408574266181e+03 1.338681217301761990e+03 1.341121354874850113e+03 1.374243928466592024e+03
