output/field_example_test/elevation_000024.asc
nrows	150
cellsize	66.66666667
xllcorner	0
ncols	150
yllcorner	0
NODATA_value	-9999
[rows 51 to 67 of 150, columns 0 to 36 of 150]
6.474411239618605351e-04 6.905927184137401298e+01 1.367985666086394474e+02 1.607147319972297055e+02 1.087946136587779336e+02 1.678871418258293033e+02 2.138626945291682659e+02 2.534818215126349514e+02 3.005115762135945374e+02 3.282541461829646323e+02 3.638885997418371971e+02 4.100587604942070925e+02 4.740514919730592283e+02 5.350438930706022802e+02 5.659050873917889248e+02 5.739576703678592366e+02 5.602249453833696862e+02 5.391261574989829342e+02 5.059529548611775454e+02 5.543901270878616288e+02 6.090717948322628672e+02 6.271726528593908370e+02 5.884801694899516633e+02 5.479540446684942481e+02 5.198945181384239049e+02 5.755535966794146816e+02 6.359622571196501895e+02 7.021565299401701168e+02 7.649640463428813746e+02 7.859533051124712983e+02 7.533210943768692687e+02 6.903901878450218419e+02 6.246079159725800309e+02 5.644660863231171106e+02 5.120746658806638152e+02 5.178450533457746587e+02 5.730478764170591148e+02
2.991442671798761992e-04 6.881722346970860826e+01 1.406495324087559027e+02 1.848221049280934665e+02 1.750189220502900866e+02 1.355387512887613468e+02 1.546216466250349413e+02 2.127043639133557917e+02 2.614868625514221776e+02 2.684812191305214810e+02 3.226118398918101207e+02 3.953858460016347180e+02 4.489044062525882168e+02 4.843801306277146068e+02 5.260507595920410040e+02 5.553244872692163199e+02 5.784900861445672717e+02 5.867314568773767860e+02 5.707119137052321776e+02 6.082780008425567075e+02 6.565476230753464506e+02 6.713996088106662228e+02 6.347958619972364431e+02 5.974492503587955525e+02 5.401450457059650034e+02 5.850384749603392720e+02 6.378955637327877639e+02 6.984146660285821326e+02 7.621950620089451149e+02 8.092413972070310137e+02 7.911399173754297180e+02 7.302527985081790121e+02 6.629852675146950105e+02 6.027141982856650202e+02 5.457075724873681111e+02 5.508523555344460192e+02 6.092735437278895461e+02
5.382406089261300560e-04 6.157972559924703404e+01 1.303886711533491507e+02 1.943238523418911825e+02 2.208043532321086957e+02 2.096640783355540236e+02 2.191436661807915414e+02 1.819478687133580195e+02 2.027820666086689982e+02 2.706165390794981818e+02 3.262195903646327793e+02 3.588873272177597755e+02 3.870435294439613472e+02 4.226768896442508208e+02 4.580972810242034825e+02 4.966263490885631882e+02 5.506392250394325174e+02 5.991820032915176171e+02 6.312198065554365485e+02 6.612899611099857111e+02 7.031985665360581379e+02 7.127525432127116574e+02 6.697949789253784729e+02 6.118638888816170720e+02 5.623176891517737204e+02 5.993611249502208693e+02 6.486624105135458649e+02 7.060125675971041801e+02 7.676283687498239487e+02 8.210821500329260516e+02 8.223896338917485309e+02 7.713647867738603736e+02 7.092835015561084901e+02 6.421031182204420702e+02 5.839784017091304804e+02 5.885061805393128225e+02 6.466188310210458212e+02
9.405933839789771796e-05 5.696801851822083052e+01 1.209853029992660538e+02 1.877746812132536718e+02 2.452619882353686478e+02 2.701886923311125202e+02 2.776129637195215309e+02 2.492006912671245971e+02 2.680486399878996622e+02 2.369756277801435260e+02 2.975348887304448340e+02 3.004598728658575055e+02 3.258279883693926422e+02 3.555440199568741946e+02 3.897784248364374662e+02 4.316725693077156620e+02 5.043589734395251867e+02 5.804359484879923912e+02 6.392801275506545835e+02 6.937998697289300480e+02 7.400686536230584807e+02 7.477683414054719151e+02 7.018836626291185894e+02 6.468512360487306978e+02 6.003062411408261596e+02 6.008376580214288651e+02 6.573008922298291736e+02 7.159749432950184200e+02 7.698687625475613459e+02 8.208687273041102799e+02 8.463770058830684775e+02 8.177091480594417590e+02 7.534050676251189316e+02 6.861105647595012442e+02 6.288031948564414506e+02 6.330177281548373003e+02 6.893237556512759738e+02
4.552373030990004800e-04 6.594751898072878760e+01 1.249096948906930749e+02 1.822556844209220230e+02 2.391770759749496733e+02 2.895282078735532991e+02 3.237153755153521502e+02 3.200637413991375979e+02 3.314571281610096776e+02 3.012322817114258555e+02 2.675914261310902589e+02 3.095196178920762691e+02 3.550925751924254996e+02 3.917094805877777617e+02 4.282667935802802504e+02 4.642132767844557293e+02 4.917300413015470895e+02 5.424064637023119531e+02 6.047600206569029524e+02 6.807297170466254101e+02 7.545562398386734912e+02 7.779673827025792434e+02 7.379992132883988916e+02 6.885169453399545318e+02 6.477802980590234938e+02 6.570780122831780545e+02 6.421887526383019349e+02 6.784094763995361745e+02 7.360223638332046221e+02 8.000345452121522385e+02 8.528127649395014487e+02 8.519946458151277966e+02 8.005244692666883566e+02 7.419084469890094624e+02 6.825210068253337568e+02 6.869816141291828444e+02 7.450391091397270884e+02
9.620149528071391450e-04 3.145909854663315386e+01 8.018293359392824016e+01 1.359016728168631403e+02 1.996129750400988883e+02 2.708974958017568042e+02 3.372434621998093576e+02 3.758021241957078473e+02 3.868109490245546453e+02 3.549401747952451842e+02 3.057756759534977391e+02 3.526153280212810159e+02 3.953831320451614033e+02 4.331249380003647502e+02 4.703206898184880060e+02 5.114391262068583615e+02 5.497749530711531634e+02 5.915213244181845766e+02 6.506874501643294479e+02 7.149767419798164383e+02 7.818912551284538495e+02 8.104574828176257597e+02 7.804027067597664882e+02 7.437887149989614954e+02 7.063417337112274481e+02 7.184060275406907294e+02 6.884639599299333668e+02 7.314213537806201657e+02 7.367008553534827797e+02 7.982715510331960331e+02 8.581945790752356515e+02 8.850521600523994721e+02 8.585005222232468896e+02 8.003939983651607690e+02 7.490429757492954650e+02 7.538975474037750928e+02 8.053291851459855479e+02
1.585375988990400783e-04 5.987120926519646247e+01 8.447422966411777168e+01 1.355883772773927660e+02 1.930600866157762141e+02 2.583006848650202301e+02 3.284601760725510076e+02 3.930635130376094253e+02 4.259289975013007847e+02 4.065952200500154277e+02 3.523138516147714654e+02 4.052005454795337869e+02 4.474052119012225148e+02 4.892267928339385321e+02 5.234766811764288832e+02 5.622510298021073822e+02 6.091153147802097010e+02 6.533365201772600130e+02 7.006531024803074388e+02 7.591587113256126713e+02 8.054193486105343709e+02 8.357175585990996751e+02 8.268921381684369862e+02 8.048769958836971909e+02 7.726203879029852715e+02 7.772429148395116272e+02 7.436715781886456398e+02 7.839222785307265440e+02 7.903818050682701823e+02 8.041983278314210111e+02 8.603099226543023406e+02 9.120031721918180665e+02 9.081599535929392459e+02 8.611996910747244556e+02 8.361454339944468757e+02 8.332568016949024923e+02 8.736658242156249798e+02
4.462850991293150407e-04 6.410044961750620018e+01 1.219039390772290261e+02 1.500883174221926879e+02 2.008573973815590250e+02 2.599904561037374151e+02 3.239406763413051067e+02 3.893102348436947295e+02 4.428642582677744031e+02 4.499651523912813218e+02 4.271767194439765944e+02 4.235911300503196344e+02 4.909897543394477566e+02 5.424133543447472903e+02 5.862213568319320984e+02 6.215065698488457429e+02 6.649478000431818145e+02 7.140694806910514671e+02 7.493489131626955668e+02 7.777892702798296796e+02 7.903564415405503496e+02 8.143765878247107821e+02 8.332612623743488030e+02 8.417382181607796383e+02 8.360581349771375699e+02 8.334449381620809163e+02 8.079414025585683703e+02 8.395726841141907926e+02 8.487746026266754598e+02 8.609064157450517314e+02 8.975300538753617730e+02 9.423701650062146200e+02 9.575670655336626851e+02 9.381840344441155821e+02 9.162770734059769211e+02 9.072453361610382672e+02 9.151803155075036784e+02
5.062654624056582434e-04 6.077562596177544663e+01 1.264380633302857291e+02 1.882638176579694402e+02 2.363680360989201859e+02 2.838982422976717999e+02 3.338809641245137527e+02 3.860108387689415395e+02 4.370703440612615509e+02 4.767157599100531229e+02 4.907593038242688408e+02 4.912113955653288713e+02 5.011316947435894349e+02 5.532269635173934148e+02 6.093039480214296191e+02 6.676673909257182231e+02 7.165172002845715724e+02 7.472569751604070234e+02 7.537564727308791817e+02 7.415029209294947350e+02 7.190302479941292404e+02 7.495823140478784126e+02 7.917132038210972951e+02 8.245176434121209468e+02 8.527993730540518982e+02 8.724152006478527710e+02 8.727625026862909863e+02 8.872580911160873711e+02 8.994122696076129841e+02 9.159118423507084117e+02 9.437416426082226053e+02 9.754014921459180414e+02 9.906857473425199032e+02 9.668412071298590718e+02 9.338934908651784781e+02 9.068991640541536299e+02 8.884235918911264207e+02
9.885879683443981290e-04 6.036419099301534885e+01 1.242313932625946080e+02 1.836039729766082758e+02 2.146812011165766307e+02 2.441784135086555523e+02 2.874542876710595465e+02 3.387820636270848809e+02 3.972990354687328249e+02 4.637145680229463096e+02 5.132569864940186335e+02 5.419803086501175358e+02 5.636400241348418376e+02 5.998471171634405437e+02 6.468399651897185549e+02 6.959223292842868887e+02 7.354455661064807828e+02 7.401281572942793900e+02 7.135208527472090054e+02 6.701754223618526112e+02 6.418888821587187294e+02 6.824409467263684519e+02 7.244684253286477542e+02 7.689161967079165834e+02 8.209533074266739732e+02 8.595620710477284092e+02 8.833609745784040115e+02 8.853296180470583749e+02 8.883140860033929584e+02 9.106352270240820417e+02 9.415835453039925369e+02 9.721264159150173327e+02 9.712126063273815362e+02 9.286497348979588651e+02 8.787683337019259397e+02 8.378257624275889839e+02 8.065189659913552305e+02
6.792166669057083479e-04 6.319257342810538347e+01 1.121810035681510840e+02 1.470495546566089615e+02 1.468757839290646530e+02 1.866767966133962204e+02 2.341108141383740247e+02 2.912448744711019799e+02 3.585086816146618958e+02 4.294509609787867817e+02 4.958334211730258971e+02 5.261628705685025125e+02 5.552227505350663250e+02 5.900670419069756463e+02 6.312318993439159840e+02 6.751595560772525459e+02 7.105390750511025999e+02 7.037486065721851674e+02 6.546372788886823173e+02 6.037822661271069364e+02 5.778378822497414831e+02 6.179907891796191279e+02 6.614979306314278347e+02 7.137827588406863697e+02 7.642118368797358698e+02 8.123625437406116134e+02 8.424154600741002241e+02 8.249673949850683812e+02 8.172138925019111184e+02 8.492238202158615650e+02 8.902628046306799661e+02 9.355551382906246545e+02 9.302601771872522249e+02 8.731411270127726993e+02 8.128620795416336478e+02 7.625531800386211216e+02 7.224549037375296621e+02
3.095820745989581735e-04 2.569385264296521498e+01 5.670316218575329970e+01 9.203271543852893899e+01 1.478787074449715533e+02 2.092503235419157193e+02 2.762865403709658381e+02 3.393476876462154337e+02 3.906863056656089839e+02 4.335652072535842763e+02 4.645059262087530669e+02 4.605016310138664721e+02 4.917931542997130236e+02 5.284275406283477423e+02 5.720152844264914620e+02 6.223240148902556257e+02 6.712333386161535600e+02 6.626747253790019840e+02 6.058055970228560909e+02 5.478420970307386142e+02 5.263605421392985591e+02 5.657930099738786112e+02 6.120650444900794582e+02 6.590160699526669532e+02 7.127554813201876414e+02 7.780066971501577200e+02 7.905414373032054982e+02 7.538150983330077679e+02 7.441953581522042214e+02 7.845509331640546407e+02 8.403871129252670471e+02 8.941998916411525897e+02 8.882549777251794012e+02 8.216431043931589784e+02 7.539741974693382645e+02 6.992994638946800023e+02 6.558883189899557919e+02
8.517285258632341979e-04 6.311826173054653566e+01 1.126604947732950279e+02 1.502111751608137808e+02 1.978657077655559817e+02 2.598523094626017382e+02 3.147369244405278437e+02 3.612614496890256532e+02 3.873332372273423516e+02 3.803226535355220221e+02 4.081156391572930602e+02 3.906290483103677502e+02 4.246590352227962057e+02 4.653146372100695203e+02 5.158671396656270645e+02 5.802098679648203188e+02 6.360488459643336228e+02 6.245533146604683452e+02 5.634085453591584383e+02 5.012142159574132165e+02 4.850302194602754753e+02 5.256818264855854750e+02 5.676157552267789015e+02 6.113471395883126434e+02 6.809855925771198599e+02 7.448396276498114048e+02 7.406432982773429785e+02 6.912436916679622527e+02 6.854436415618018827e+02 7.348740067453038591e+02 7.986288268427750836e+02 8.581559770662147457e+02 8.544542213200390961e+02 7.793842944392072241e+02 7.018882900787011749e+02 6.490919676228381832e+02 6.029656763728686428e+02
-2.161618358024713742e-03 5.947696965058234042e+01 1.235644788489040451e+02 1.886679794213672210e+02 2.421619848156501291e+02 2.867074848067034623e+02 3.239024816332982368e+02 3.444943766043010669e+02 3.456418080374516535e+02 3.140859518983251633e+02 3.473473361626737983e+02 3.323968761253344724e+02 3.701348954461934113e+02 4.168255414379817125e+02 4.774289540178693301e+02 5.505615017649332685e+02 6.091505605155495005e+02 5.907315611553235613e+02 5.254267371372732214e+02 4.603052295231040603e+02 4.510570355847864334e+02 4.907495244693791960e+02 5.319022462420123247e+02 6.068216919580511330e+02 6.816270596706638116e+02 7.221225534906674284e+02 6.951165205730517300e+02 6.361520885888980956e+02 6.393163735518727435e+02 6.960861142368058836e+02 7.645462023090610728e+02 8.308296380024748942e+02 8.380200590283618567e+02 7.717162866497106961e+02 6.898275442794221135e+02 6.128716275665249213e+02 5.611459763975658461e+02
-2.229181703625709998e-03 5.570267136107081996e+01 1.195760550221670115e+02 1.870357353522556991e+02 2.435830577154708010e+02 2.658324638603435233e+02 2.745852751171912587e+02 2.858716322342280023e+02 2.847482792574631958e+02 2.537682273093165009e+02 2.846706611094187451e+02 3.331147650120358890e+02 3.890211967283665331e+02 4.556662514431523618e+02 5.158208870756692477e+02 5.748278121621366381e+02 5.974670881101543500e+02 5.600075132404542728e+02 4.902010308633099953e+02 4.227400038984339972e+02 4.224369754429560544e+02 4.648913217337544097e+02 5.344917288084045595e+02 6.086489002669660522e+02 6.762185537064314076e+02 6.945749640763148136e+02 6.477099820931733802e+02 5.849859712320666176e+02 6.460729553897914457e+02 7.039242332959213400e+02 7.607924193701658169e+02 8.102989920659624659e+02 8.314544333533549434e+02 7.865400670213207377e+02 7.080199247353547207e+02 6.331011941695019232e+02 5.701002006550537544e+02
-6.136218851422298691e-03 6.066329795832484706e+01 1.277523611958928740e+02 1.895045709108807728e+02 2.149276848950954388e+02 2.031575612241109923e+02 2.099679991109004504e+02 2.230758259567385551e+02 2.125393593433715864e+02 2.826484733887057246e+02 3.385192824963941121e+02 3.812148812125190034e+02 4.342181086082474053e+02 4.924630071587689599e+02 5.538053205235618179e+02 5.891127155698785600e+02 5.770487542847814666e+02 5.211210621378392034e+02 4.563789330218572218e+02 3.870747636491933008e+02 4.507261386948542281e+02 5.063192661146813975e+02 5.613991856859461222e+02 6.222445098537128843e+02 6.698936792166902023e+02 6.684020432210595573e+02 6.130350828804012053e+02 5.495423888737385596e+02 6.093955333693083958e+02 6.644268238210024720e+02 7.181404499246838213e+02 7.655923723099754170e+02 8.049860844628425411e+02 7.883468259854342932e+02 7.158413620058331617e+02 6.422529836162094625e+02 5.766920590982518888e+02
-5.699245925908344272e-03 6.673398759233096200e+01 1.336777609487159282e+02 1.716391055882430692e+02 1.652903946578628904e+02 1.290399874779760125e+02 1.485370566703520865e+02 1.710220524579295329e+02 2.221324470787993164e+02 2.814841994490299157e+02 3.461769690891384244e+02 4.138861698339628674e+02 4.758008565749130412e+02 5.312325124584885998e+02 5.723797093043871200e+02 5.791012071869834017e+02 5.462023079971874040e+02 4.868009764021281285e+02 4.234296654667012945e+02 3.630723784340025304e+02 4.323620744626369969e+02 4.867746204624280608e+02 5.340272380063184983e+02 5.918339325626501477e+02 6.451161502028785435e+02 6.406048143673621098e+02 5.794199946702916577e+02 5.177214654128946449e+02 5.654630696670941461e+02 6.251560846562631468e+02 6.719974660192929150e+02 7.193910278155294691e+02 7.721991262187416396e+02 7.888932429361693721e+02 7.436613675313121803e+02 6.712609316527946248e+02 6.008663669957554703e+02
