output/field_example_test/elevation_000069.asc
nrows	150
cellsize	66.66666667
xllcorner	0
ncols	150
yllcorner	0
NODATA_value	-9999
[rows 119 to 135 of 150, columns 111 to 147 of 150]
9.254487823886756814e+02 9.659670624084430983e+02 1.012988891152267456e+03 1.060070008748835562e+03 1.112401252431372086e+03 1.161708474850878474e+03 1.211164165205417930e+03 1.230448515893843251e+03 1.185162763154481809e+03 1.127891494737332550e+03 1.070102973903978182e+03 1.020741849912608927e+03 9.732703190576987708e+02 9.251146311403987283e+02 9.805685064404938203e+02 1.015354624085258706e+03 1.004931335048419214e+03 9.891623779445200171e+02 1.056265729062796936e+03 1.131607165637086155e+03 1.206911575353028411e+03 1.237612719845353467e+03 1.194827468933337741e+03 1.134522981592548831e+03 1.076681349563713411e+03 1.026988623346257100e+03 1.066013564555854146e+03 1.106006435619686044e+03 1.150987547027521487e+03 1.197885661833654240e+03 1.253505126290066073e+03 1.313564415568973573e+03 1.356732969297954241e+03 1.332436537060296814e+03 1.272698170278639282e+03 1.252560179451354770e+03 1.260061750403937367e+03
8.867249680119135746e+02 9.288415932061526519e+02 9.710385234715595288e+02 1.015874942859039152e+03 1.059035996402935098e+03 1.109575120696271597e+03 1.157193284481835008e+03 1.192627145680904050e+03 1.157717670571717463e+03 1.082115105363707471e+03 1.027751827391269671e+03 9.778086305493189911e+02 9.337712816377165836e+02 8.903418486509784771e+02 9.459507644241911066e+02 9.520088657049337826e+02 9.377852151486564480e+02 9.919243027052899606e+02 1.055743818776059243e+03 1.128088706858898831e+03 1.195934675162812937e+03 1.211648502248198838e+03 1.165341051370103060e+03 1.106958352031492041e+03 1.050669992248975177e+03 1.000216416437638941e+03 1.037557237931216605e+03 1.078146978080034387e+03 1.119569739213630328e+03 1.167005891638744060e+03 1.222236024187441672e+03 1.282113122398884343e+03 1.314248859958636785e+03 1.285124665536562816e+03 1.223128675991787986e+03 1.203214236601805396e+03 1.266629732849729862e+03
8.561448328119432745e+02 8.957969218744685804e+02 9.359415458170051352e+02 9.702411955001495016e+02 1.011257079975289685e+03 1.057870935463647811e+03 1.114402778881263657e+03 1.158946119402819022e+03 1.134821320164724511e+03 1.067213175506901280e+03 9.865306882136657123e+02 9.430433202113076732e+02 9.003805893630253649e+02 8.598549517370257718e+02 9.029267005684031346e+02 8.902304976406450123e+02 9.403032840773011003e+02 9.972697620778360488e+02 1.062309342909277120e+03 1.132493052124615360e+03 1.189454313635220842e+03 1.183710518071844717e+03 1.131316441413663597e+03 1.076555123928999137e+03 1.025718881250563300e+03 9.766683363239181972e+02 1.013944838872510331e+03 1.051695233291023214e+03 1.092981528078449855e+03 1.135274747066919190e+03 1.195957553663024555e+03 1.257892921276103834e+03 1.269339431891429513e+03 1.233621071701376877e+03 1.179083926328991083e+03 1.169812259865208034e+03 1.233582362525106419e+03
8.290412538954813044e+02 8.704819064307941971e+02 8.956879273158310752e+02 9.259419436885360710e+02 9.645309712118895504e+02 1.017460084516207530e+03 1.079071434451160940e+03 1.129459057081347964e+03 1.109978446554134280e+03 1.036767050910597391e+03 9.664049304352986383e+02 9.060791868134241440e+02 8.729885370060816285e+02 8.336618307925419913e+02 8.483608046455469776e+02 8.983840259175741494e+02 9.536552974347193867e+02 1.015183534915555583e+03 1.082474232731265374e+03 1.149015776087735958e+03 1.181917915094896443e+03 1.151629321797823650e+03 1.090776333503969681e+03 1.037312290080856428e+03 9.976140367859048865e+02 9.556611625787028288e+02 9.912663828948780065e+02 1.028619942396488341e+03 1.068000618348664148e+03 1.136336618493115338e+03 1.200079282390789558e+03 1.227769529131658146e+03 1.210546849097377617e+03 1.193073038508488025e+03 1.138928748248068587e+03 1.140542107077198352e+03 1.197298409522593374e+03
8.087794806985472178e+02 8.577868577997902548e+02 8.508320220421803697e+02 8.825246731095642190e+02 9.271305825526479794e+02 9.841160254666040146e+02 1.047490349131388029e+03 1.107559678601443238e+03 1.099179536760317887e+03 1.035872788307080100e+03 9.668375917166829367e+02 9.034099713998817833e+02 8.457294160429523799e+02 8.123484535463067004e+02 8.716910602215964445e+02 9.188529457545794230e+02 9.763689271017166220e+02 1.037068230256651759e+03 1.096222969558333489e+03 1.149609820469435363e+03 1.163317417120286336e+03 1.111379787167324594e+03 1.047182006397558325e+03 9.878503936700116128e+02 9.537079056083414343e+02 9.371197987209121720e+02 9.687640074669370733e+02 1.008959787543308266e+03 1.071046638713306720e+03 1.137016564237819466e+03 1.186538856255121573e+03 1.182408129821940292e+03 1.143767902806406710e+03 1.136841191307598592e+03 1.101628784969866501e+03 1.152566408669575821e+03 1.210054586458706353e+03
8.045334520508786227e+02 8.255093955028572736e+02 8.100831361100325694e+02 8.477350731345165968e+02 8.955465214736716462e+02 9.569387090341259636e+02 1.035366342152449306e+03 1.094953222476208339e+03 1.088946860895857526e+03 1.037196620200760890e+03 9.762698781913962875e+02 9.177508920847969875e+02 8.560258538918453723e+02 7.956124354303916562e+02 8.469688616377861763e+02 9.112487525258557071e+02 9.682546140301896003e+02 1.002274234857834699e+03 1.066008909420061855e+03 1.129312409642274588e+03 1.139158634554437185e+03 1.099973837463342079e+03 1.047120799063549839e+03 9.858733617435992755e+02 9.133229223338142901e+02 9.751975488455690311e+02 1.023963458835575693e+03 1.064788483026244648e+03 1.106022477080940689e+03 1.144211644796990868e+03 1.151869658952032069e+03 1.129082983756145723e+03 1.081531487209622128e+03 1.065877816471564302e+03 1.110291893224393561e+03 1.160818300465111179e+03 1.217997709385812186e+03
7.744246656744687698e+02 7.674701118404458384e+02 8.284012390908349062e+02 8.912950581033562685e+02 9.476020403132333740e+02 1.005212555534625494e+03 1.058251121179060874e+03 1.088068719829924476e+03 1.065275160701773075e+03 1.004021158324837529e+03 9.374679226385571837e+02 8.785942177276028815e+02 8.434365619881702969e+02 7.797405321584546982e+02 8.475410342599413980e+02 8.974452456891972361e+02 9.194315216347148407e+02 9.836701200488193990e+02 1.051621126651841450e+03 1.108107089260250177e+03 1.104761553130706034e+03 1.054315425548976464e+03 1.004297304682285585e+03 9.545333162129145421e+02 8.947230871514962018e+02 9.699019806885819435e+02 1.029930078916005414e+03 1.072651998014111314e+03 1.097574528406566969e+03 1.110434874384880004e+03 1.097965605306259022e+03 1.057872106629099108e+03 1.029189944618628260e+03 1.103624791787913182e+03 1.162090419525180096e+03 1.212313943472526489e+03 1.263073552468848675e+03
7.246622347743891623e+02 7.698343472818535247e+02 8.242672081267501198e+02 8.864697598872692197e+02 9.548230775556155550e+02 1.024792568421148417e+03 1.062340117036193760e+03 1.054164610580041426e+03 1.022662425785689152e+03 9.987724640046601507e+02 9.378688159702430767e+02 8.698784779396229396e+02 8.056019846576118653e+02 7.629779976696389667e+02 8.183065376997819840e+02 8.463145144386483025e+02 9.099925435565736507e+02 9.780417692892657442e+02 1.042916513972493249e+03 1.082268027027517064e+03 1.067121148297204172e+03 1.011398203733507557e+03 9.521762176987211888e+02 9.104016403193932092e+02 8.776077070691753761e+02 9.429851982626028075e+02 9.961351961928613719e+02 1.030323123096402014e+03 1.039329518925636876e+03 1.047329304313580906e+03 1.033330410680289788e+03 9.931580616157760915e+02 1.054643161955798405e+03 1.119466686041132789e+03 1.174771914875188031e+03 1.222000143735907386e+03 1.268831484709249025e+03
7.501955961605759740e+02 8.155546307204904224e+02 8.775720980243307849e+02 9.334035240805293370e+02 9.876744883691616224e+02 1.032304880389505342e+03 1.033939415954669585e+03 9.955801966725035754e+02 9.585704396831424674e+02 9.726169344998688757e+02 9.396569298940770523e+02 8.742343039181390623e+02 8.074004890510262840e+02 7.487915098766844721e+02 7.841650069415728694e+02 8.461074726603777663e+02 9.114321196176916828e+02 9.700118076376395493e+02 1.007697717631169553e+03 1.040896499459806591e+03 1.023535587237878985e+03 9.701086786969525519e+02 9.126613614000419830e+02 8.539629413154193571e+02 8.954995505680568613e+02 9.171221827572470602e+02 9.502105525457676549e+02 9.637115069185233551e+02 9.729715735965421572e+02 9.902222547605243790e+02 9.581294113015411540e+02 1.012944040484661855e+03 1.057429159670523177e+03 1.092713577887750716e+03 1.133343753207504960e+03 1.176808468823288194e+03 1.224939533051072203e+03
7.990487349246478743e+02 8.534040860039666541e+02 9.017772427062170664e+02 9.480770523850924292e+02 9.880369155905862044e+02 1.015832172067662214e+03 9.950000654235285538e+02 9.407559974707320407e+02 8.921311646978258523e+02 9.296338801377303298e+02 9.226819258874459138e+02 8.718787816166891389e+02 8.032167202846975442e+02 7.358448232434361671e+02 7.913784553080655542e+02 8.533145426387537782e+02 9.083322126656356659e+02 9.215121988503283319e+02 9.565001513497286396e+02 9.903472289819393382e+02 9.733706332888680208e+02 9.228232702551895272e+02 8.768696759047828664e+02 8.374561112483173702e+02 8.510332394480244602e+02 8.651096087172347779e+02 8.798955501223369993e+02 8.956953671203242493e+02 9.105776775465334367e+02 9.273921775475355389e+02 9.499287065713447191e+02 9.761182392446362428e+02 1.006446233484243976e+03 1.040270037671096588e+03 1.078819889073008198e+03 1.123970563444653180e+03 1.179218811002955590e+03
8.197519587347921970e+02 8.572052512815478167e+02 8.702314286672797152e+02 9.024907766619973017e+02 9.420309938905692206e+02 9.771502543384120827e+02 9.512815655560532377e+02 8.900357201611260507e+02 8.341928664472715127e+02 8.829380702513529968e+02 8.870236509101065394e+02 8.409556005671823868e+02 7.907476028099092673e+02 7.217469861554743602e+02 7.865406665779289597e+02 8.490561109610712265e+02 8.804295006999053612e+02 8.602515006009595027e+02 9.008859054883695308e+02 9.361900888549669162e+02 9.169058970983729751e+02 8.700094706192314788e+02 8.234541404498409065e+02 8.772324964985511997e+02 9.186301977625385007e+02 9.321122582957083296e+02 9.366313047330527297e+02 9.690311432315043021e+02 9.663273259330441078e+02 1.003322516562599162e+03 1.018819678020502124e+03 1.026180823769287827e+03 1.061924627514338454e+03 1.095328068132527278e+03 1.131262034688246786e+03 1.171950358831867106e+03 1.219622976905944824e+03
8.066963656035111399e+02 8.088793344402497496e+02 8.059604431363253525e+02 8.444833850756617721e+02 8.968128568444807343e+02 9.354668318336787252e+02 9.076449235955010408e+02 8.435528951442094012e+02 7.835284204792495757e+02 8.368918649415622895e+02 8.455024811028342810e+02 7.990753427872132306e+02 7.511460918638312023e+02 7.072158927919764437e+02 7.715842273813844940e+02 8.204070589341434925e+02 8.382218839779449127e+02 8.018741783194011532e+02 8.491377732496972612e+02 8.796661870785791280e+02 8.571645456755118175e+02 8.049708564672674811e+02 8.673812303220583999e+02 9.192367143455791165e+02 9.661382906022209909e+02 1.000309115671020663e+03 1.005286273307675287e+03 1.037968021226061410e+03 1.036538250673065249e+03 1.065092127730699758e+03 1.092034140953490123e+03 1.095375626111638667e+03 1.127285509065349970e+03 1.160977900279465757e+03 1.195900906692691251e+03 1.233777068003153090e+03 1.275622597796587115e+03
7.670784251932410598e+02 7.470492560793302346e+02 7.470967704244794731e+02 8.012231774940179321e+02 8.587364082074648195e+02 8.924912968002256548e+02 8.643083440277462159e+02 8.005603742904497722e+02 7.384513410286947419e+02 7.905732464501799086e+02 7.991658952342993416e+02 7.612166115898179442e+02 6.973747383543394562e+02 7.415383067240862829e+02 7.193856387560442727e+02 7.804444300830500652e+02 7.935696378480843123e+02 7.508373918850268183e+02 8.116068685782829562e+02 8.268227806064300012e+02 7.853536322756212940e+02 8.482258864155143101e+02 9.044729835618280731e+02 9.599468012857495296e+02 1.009941274040755616e+03 1.050583873622124429e+03 1.074257234956107823e+03 1.099025127932435225e+03 1.108778696540223336e+03 1.126643679470181041e+03 1.149166854810118366e+03 1.165407828107388013e+03 1.192500453163863540e+03 1.223994558358885570e+03 1.258435273516161487e+03 1.295360383969478107e+03 1.334485661926262310e+03
7.234021461946724685e+02 6.825358425115580303e+02 7.390611082122645712e+02 7.857321841756797767e+02 8.167679178228397632e+02 8.426306620423953291e+02 8.181533394172886346e+02 7.595275971605008181e+02 6.981312651560680251e+02 7.364747762048799586e+02 7.395471542933843239e+02 7.348594225403396649e+02 6.905023938149223568e+02 7.594563175334627658e+02 7.740862175978223831e+02 7.307247052725811045e+02 7.383836767282627989e+02 7.893500951158827093e+02 7.615102347783498544e+02 7.686694172448602558e+02 7.785533496998294822e+02 8.431020054108772683e+02 8.984248737173419386e+02 9.549565930900336070e+02 1.009966959158466807e+03 1.058142009658181905e+03 1.096164719251127508e+03 1.125146010506725361e+03 1.131782462698457721e+03 1.129780238384854329e+03 1.152507414619800556e+03 1.180191640554073047e+03 1.206910396865785970e+03 1.237225531739213920e+03 1.272430088727545126e+03 1.310785711438515818e+03 1.351849045706626384e+03
6.694334612129724746e+02 6.409605415705732412e+02 6.954982667114189780e+02 7.322543330674527624e+02 7.570295794640262557e+02 7.846346955574716731e+02 7.652405889118064124e+02 7.157807696749612205e+02 6.632297292297811282e+02 6.691861477447856714e+02 6.749273478626806764e+02 6.805225108050389053e+02 7.340611157010688430e+02 7.857041649087518635e+02 8.196679552547279854e+02 7.961096966290423325e+02 7.908715071495311122e+02 8.340267339351385090e+02 8.174505060455712737e+02 8.327398372104995588e+02 8.345376726014559381e+02 7.946834017478054193e+02 8.516957621654438526e+02 9.115120845317985641e+02 9.718177516762702908e+02 1.018134661705839676e+03 1.060707077915840273e+03 1.092967593184248699e+03 1.089030937881296495e+03 1.061377152948101411e+03 1.098207703982179510e+03 1.133676326316978930e+03 1.151566609680060765e+03 1.187152275080851496e+03 1.224459794227900375e+03 1.265787240601186340e+03 1.312089642327266802e+03
6.012949709459556971e+02 6.066490321557231482e+02 6.531974314836338635e+02 6.860529089743265558e+02 6.889496363698284540e+02 7.257261802658072156e+02 7.099595640397901661e+02 6.547805270316270025e+02 7.101150463746636206e+02 7.378555780318042707e+02 7.355419602138454138e+02 6.958637437990561239e+02 7.687473693430238200e+02 8.225227838766018067e+02 8.677974829194545237e+02 8.628044367402777652e+02 8.525507304254826977e+02 8.904790560534494261e+02 8.786900319409068061e+02 8.963895408928809729e+02 8.669656912250050027e+02 8.063384909097742366e+02 8.609051954185829345e+02 8.966636308022548292e+02 9.258574381416717642e+02 9.704306572963334929e+02 1.021156034734400009e+03 1.034885598222140516e+03 1.025106205210932103e+03 9.904616353989944173e+02 1.056745579204562546e+03 1.062313664640777461e+03 1.092323124447093505e+03 1.127696647094069249e+03 1.167674234919418268e+03 1.213018267268791988e+03 1.267634469359870081e+03
6.633234322243384895e+02 6.646627720720838397e+02 6.143625531376973186e+02 6.198058612417958102e+02 6.258382951646717629e+02 6.758517894079043344e+02 6.438632608970627871e+02 7.092179832968937490e+02 7.523792811611971274e+02 7.901634989552104571e+02 7.751724487132637478e+02 7.126042160056033481e+02 7.823694273897962148e+02 8.507482934082865995e+02 9.040447437339586259e+02 9.263459199554914676e+02 9.222241233115016712e+02 9.528460216668008798e+02 9.437433237241068582e+02 9.533103123487102266e+02 9.094708515078094706e+02 8.625626570186726667e+02 8.216143118771866511e+02 8.336238801507157632e+02 8.837215307486148959e+02 9.257545805925373088e+02 9.703919390667250582e+02 9.784181947003670530e+02 9.496642946350069678e+02 1.012372582723728215e+03 1.026049599910205643e+03 1.092303960018962925e+03 1.110580357531755681e+03 1.172220897316196442e+03 1.222241057627279815e+03 1.263001838483477059e+03 1.307003797235936190e+03
