output/field_example_test/elevation_000033.asc
nrows	150
cellsize	66.66666667
xllcorner	0
ncols	150
yllcorner	0
NODATA_value	-9999
[rows 34 to 50 of 150, columns 74 to 110 of 150]
5.508367538594725374e+02 6.137936542921072487e+02 6.674366601951995790e+02 6.582566561460257617e+02 5.926632927848152121e+02 5.281147406506200923e+02 5.722771203758727552e+02 6.439660471011183063e+02 7.162937385093198372e+02 7.694093479256970340e+02 7.621256563697982074e+02 6.965815588356782655e+02 6.308068967209256925e+02 5.805156046655001774e+02 6.461339452471909226e+02 7.037952891366057884e+02 7.148184393818982016e+02 6.721385818784166304e+02 6.208704040477039143e+02 5.773163281986830953e+02 5.851762809342343417e+02 5.310609510053310487e+02 5.944274943846858150e+02 6.369726114817860889e+02 6.229506193980395210e+02 5.738235202164446491e+02 5.860281690723961674e+02 6.479800452873109862e+02 6.925445482278472582e+02 7.374043806188253711e+02 7.877640793553549656e+02 8.022987592027772052e+02 8.164226161379972382e+02 8.162712677405216937e+02 8.676050034367323178e+02 9.213816458974787338e+02 9.801304211059007230e+02
5.175470164727546489e+02 5.831554599968171715e+02 6.393569186762703112e+02 6.360280896128634822e+02 5.806680061411333327e+02 5.060863176718381169e+02 5.767214820294266246e+02 6.399851653965904461e+02 6.931498987794227560e+02 7.478029951668613649e+02 7.463055010783682519e+02 6.869482368622237800e+02 6.271192323202279795e+02 5.555912994410936108e+02 6.134224299353603556e+02 6.609572660487611984e+02 6.696808666618542247e+02 6.282570907814531438e+02 5.786994236965953178e+02 5.336870488955701148e+02 5.531416686338726549e+02 5.159041246264895335e+02 5.740518116611042387e+02 5.939363894124840044e+02 5.572951611710262796e+02 6.109473398121353966e+02 6.449401975675461927e+02 6.906630852110116621e+02 7.419185277790097643e+02 7.832563840291455790e+02 8.244303209552441558e+02 8.669229914305575448e+02 8.794132394611434620e+02 8.767703913350508174e+02 9.222202865796887181e+02 9.741330229944968551e+02 1.008541751138292852e+03
4.880553030189518040e+02 5.547678365370002211e+02 6.113763760771437319e+02 6.075500378525536007e+02 5.503417235395677380e+02 4.832884025552995695e+02 5.451393368158703652e+02 5.974230645761917913e+02 6.623070885546690079e+02 7.239085739498204930e+02 7.283465026192988034e+02 6.687457757661881033e+02 5.932202601583840078e+02 5.313693166119909392e+02 5.646971571923097599e+02 6.099178400575553951e+02 6.206481456377678114e+02 5.801769154110310183e+02 5.368280636377437531e+02 4.945686682283785558e+02 5.035167467150012612e+02 5.564874028644138662e+02 5.303462028722967716e+02 5.398580919551272927e+02 5.952943674130674481e+02 5.996029161824610583e+02 6.318597264819777592e+02 6.899318225237084334e+02 7.521421453069006020e+02 8.161830948428136026e+02 8.702658870638812232e+02 9.102017438144818016e+02 9.431738622560470731e+02 9.445756517184978520e+02 9.836456440574515909e+02 1.013056020053764996e+03 1.020491515055411583e+03
4.621366637386753382e+02 5.282090218887611854e+02 5.829101174933681477e+02 5.737156910332588495e+02 5.222998650757224368e+02 4.622541252768329514e+02 5.046649772933502618e+02 5.625247266395991801e+02 6.345440674368178406e+02 7.027923299702702025e+02 7.147892889380968882e+02 6.768089297741124710e+02 6.222086101899196819e+02 5.623848492545625959e+02 4.973302002211781883e+02 5.634533712629532829e+02 5.692809706342909521e+02 5.306468382659109011e+02 4.833143664728032718e+02 5.340410778046421001e+02 5.691346980063086676e+02 6.068589465804842575e+02 6.011301910527942027e+02 5.688751536852414574e+02 6.188800049184493446e+02 6.594103157385526401e+02 6.936850402911427409e+02 6.865534080485520008e+02 7.433420811850093060e+02 8.063392591874110167e+02 8.737318314276113824e+02 9.399674414328515013e+02 9.861596239436653377e+02 1.003286610742164157e+03 1.021739073459051156e+03 1.023504333906978786e+03 9.951157047708314849e+02
4.387897091222313293e+02 5.034030187143173407e+02 5.535837023503011096e+02 5.315573334630171303e+02 4.806431420318632490e+02 4.435228724342862279e+02 5.032372656789771099e+02 5.753905277125498969e+02 6.473247192864474755e+02 6.910367615792189326e+02 6.804072204445679972e+02 6.411529585205850026e+02 6.036946178581583808e+02 5.471125446992820116e+02 4.724291254851638087e+02 5.273694900662253531e+02 5.188675303048675005e+02 4.696726684704931358e+02 5.240591801443968052e+02 5.714451233607591121e+02 6.217983872107442949e+02 6.612118976144987528e+02 6.555962410525438600e+02 6.033294686055596685e+02 6.476786981405518873e+02 7.032030951757035382e+02 7.479264342266606036e+02 7.464932632789672198e+02 7.490533958669630010e+02 8.061471254364234937e+02 8.718499111793387328e+02 9.401404559274806161e+02 9.902678780844271387e+02 1.001044736611722328e+03 1.010417058454293169e+03 9.963266459509534343e+02 9.455860800084439006e+02
4.178561002976734926e+02 4.803519821624037718e+02 5.251334420288819729e+02 4.924516050779727721e+02 4.148935046896330050e+02 4.798110266346863568e+02 5.391368489801731130e+02 5.916072692057607583e+02 6.468764514846105840e+02 6.566280010105986094e+02 6.232805438869996806e+02 5.882230439988236412e+02 5.517597318017701582e+02 5.126707542545576644e+02 4.510767762341592970e+02 4.882184233862521978e+02 4.553440202442085365e+02 5.176876531720618004e+02 5.634624615536473584e+02 6.179635458715384857e+02 6.676529194279671628e+02 7.093447805378285693e+02 6.999075526705238417e+02 6.435444034733517356e+02 6.827862863560495725e+02 7.351400968300216618e+02 7.934842861402107701e+02 8.087007319100899849e+02 8.062605365194150409e+02 8.569424084075144492e+02 9.143856318170460327e+02 9.537774126357260229e+02 9.601371585765618875e+02 9.411096302907934614e+02 9.555311832911010015e+02 9.552464915969841286e+02 9.015773939912869537e+02
3.986769787118150248e+02 4.578990279425888161e+02 4.965312164479460648e+02 4.650714199252186063e+02 3.929719038290348863e+02 4.698128196119021709e+02 5.340097408464158661e+02 5.879091685781842216e+02 6.258118307610817510e+02 6.123725064154474467e+02 5.659199158036938115e+02 5.247315648510934807e+02 4.964499413664094618e+02 4.818376304378388113e+02 4.324785566938934380e+02 4.410328238992652814e+02 5.102720395483531775e+02 5.649693839793976622e+02 6.164518551870000920e+02 6.606049601910583533e+02 7.162657299672930549e+02 7.525913063876120077e+02 7.446676633712451121e+02 6.932902542357638822e+02 7.236493378476076259e+02 7.721803051020389148e+02 8.291411816935833485e+02 8.713114848616926338e+02 8.703625825020214961e+02 9.131812602265332544e+02 9.406423960511876885e+02 9.384279303150101441e+02 9.090462563216692615e+02 8.630730261394512581e+02 9.038855526600168560e+02 9.141079191907629138e+02 8.637778601848560811e+02
3.792757360258700032e+02 4.320578111953777238e+02 4.575108072368744274e+02 4.370906322282345400e+02 3.736043293376583847e+02 4.382437922815444153e+02 4.914580788464674583e+02 5.532163161504855680e+02 5.841314879723848890e+02 5.608573783440716625e+02 5.095643538721440109e+02 4.618146818786889298e+02 4.659645733601652751e+02 4.237829248108485558e+02 4.437230229962406156e+02 4.921822791299163100e+02 5.343820523004153529e+02 5.824248244105265258e+02 6.323885845574119458e+02 6.878313386054281864e+02 7.393921259209569143e+02 7.812997699425562814e+02 7.911417376279405289e+02 7.689796299728159283e+02 7.665592555474030405e+02 8.153680332851552066e+02 8.712129680326484049e+02 9.221608854721250736e+02 9.329950266117906494e+02 9.490876741259554592e+02 9.364592530382553832e+02 8.996643765376659303e+02 8.454606582874461083e+02 7.954576488869211062e+02 8.480527300284747980e+02 8.715597195361813192e+02 8.312456307369976685e+02
3.603317707604164752e+02 3.960712049874461513e+02 4.006082336993550825e+02 3.981714520040819139e+02 3.559569668286049478e+02 4.054704530131110687e+02 4.724703677689926167e+02 5.307279777601514752e+02 5.381754677437891132e+02 4.986648178161493092e+02 4.565346217898220971e+02 4.050348291612796174e+02 4.127094729556756079e+02 4.700593587462344090e+02 5.014573263514914743e+02 4.774113239417176828e+02 5.025277137122170075e+02 5.337770596151724476e+02 5.982801928970631025e+02 6.648878848313954677e+02 7.068622169714242318e+02 7.722233202213417371e+02 8.243971273888332689e+02 8.358458476685954111e+02 8.276942352413830122e+02 8.702830416677361427e+02 9.172235064344250759e+02 9.628758336360660905e+02 9.738851154009676065e+02 9.483934098757979427e+02 9.044564955834441662e+02 8.448564122858946348e+02 7.902855505158142932e+02 7.369856711431839358e+02 7.894085505419164974e+02 8.304689360909816287e+02 8.088047954888195363e+02
3.822793317483245232e+02 3.344746435634057775e+02 3.366386192686247796e+02 3.388492131252490367e+02 3.410723033104229671e+02 4.012219010280019234e+02 4.545500441651552137e+02 4.973281998269674204e+02 4.885196935662745545e+02 4.452482739413896979e+02 3.946045373389481483e+02 4.408582878481090574e+02 4.718602421861777430e+02 5.144482458252227843e+02 5.522095495886032950e+02 5.272180936340142807e+02 5.661954819866455182e+02 5.967495340684574785e+02 5.796954668706779330e+02 6.173743281029048831e+02 6.905528173753002648e+02 7.654002215895396830e+02 8.278390352296572701e+02 8.736313973271937812e+02 8.929221188079405920e+02 9.268115016879951327e+02 9.677003385965433608e+02 9.865018374760704774e+02 9.640435093762927181e+02 9.171116201273382558e+02 8.539706584196953827e+02 7.957496880613041412e+02 7.376663851495861763e+02 6.877376297759648196e+02 7.445792166139435722e+02 7.938127402076250974e+02 7.880884824634758843e+02
3.311442868047142838e+02 3.681528679062031983e+02 3.920542196726457860e+02 4.046299545859274076e+02 3.948626857353803530e+02 3.448417509277542194e+02 4.140566861126546314e+02 4.547152582656628965e+02 4.363210468543558136e+02 3.825438554579641846e+02 4.371674295425452783e+02 4.809536852586108466e+02 5.232027063497901054e+02 5.664207077528220680e+02 6.038428331365063286e+02 5.864825958896067277e+02 6.237719711864415331e+02 6.581376865608472144e+02 6.430606726758570630e+02 6.818485280453679707e+02 6.780016416950084022e+02 7.339749170438763031e+02 7.983726737517973788e+02 8.689105098648509511e+02 9.324469381826424978e+02 9.754206957948957779e+02 9.945299369931598221e+02 9.761195104109038994e+02 9.312795966341930125e+02 8.680477310829827502e+02 8.082554507491371396e+02 7.474856464859806238e+02 6.951303626734794534e+02 6.459934375417178671e+02 7.052780646106199356e+02 7.566775888347448245e+02 7.625297879425163501e+02
3.621105680723745763e+02 3.273357637960359625e+02 3.928255012853511516e+02 4.421421958199602500e+02 4.205304224930910664e+02 3.475293918905130113e+02 3.990765585646742579e+02 4.119783078876207583e+02 3.698853075179358143e+02 4.322966001222287673e+02 4.826958652885298875e+02 5.312541914862089243e+02 5.750065676623997888e+02 6.163260148762533390e+02 6.559772419315872867e+02 6.582482483571017156e+02 6.794099595748659794e+02 7.173819847698489411e+02 7.145767626156456345e+02 7.480700756694958500e+02 7.487804706220803155e+02 7.493420458118480383e+02 8.056677049761455010e+02 8.710790465380317755e+02 9.387888309019052713e+02 9.864702759765870042e+02 9.819446537719001071e+02 9.428566869741495111e+02 8.819373830372219345e+02 8.233535446144015850e+02 7.628324898663513522e+02 7.087619536449830093e+02 6.559712172492148738e+02 6.098742673701935928e+02 6.670882204849617665e+02 7.108045210072591544e+02 7.075155491878459770e+02
3.233931773269972041e+02 3.857092340220311826e+02 4.297482388189107496e+02 4.755861581173879244e+02 4.576759339982801862e+02 4.066025260434835786e+02 3.510468192598455062e+02 3.572536230235185712e+02 4.204386431038860792e+02 4.767765512900535327e+02 5.304178742404765217e+02 5.777523443748582395e+02 6.206059105708070547e+02 6.579018474503742482e+02 6.913651565380895363e+02 7.135609534649328225e+02 7.389297908416162954e+02 7.675441355040579765e+02 7.853912528673976112e+02 8.091590671455791153e+02 8.200843474317630353e+02 8.199195850654890592e+02 8.603563909033783830e+02 9.168365849804837353e+02 9.590931395129771317e+02 9.724259960345051468e+02 9.477125791829357695e+02 8.943292388234689270e+02 8.369541942034670683e+02 7.774741485617900025e+02 7.255058144902242248e+02 6.731972724495245757e+02 6.246955971574479918e+02 5.783286712540209464e+02 6.257899231165621359e+02 6.528816553631872921e+02 6.439739835593329644e+02
3.898831443961581158e+02 4.066092423390549584e+02 4.685315254646131393e+02 5.114210915876710715e+02 4.953146817415971555e+02 4.458605818981816924e+02 3.975189518840671212e+02 3.547845858459629085e+02 4.233926239367414155e+02 4.878938975313211586e+02 5.392189597765703866e+02 5.803083549381993862e+02 6.173758007006586013e+02 6.421689066484686919e+02 6.686587321996285027e+02 6.996920411777007303e+02 7.354317645626832700e+02 7.728480692285877467e+02 8.072481001154695832e+02 8.342230725220659906e+02 8.601714784931480153e+02 8.830659054298528190e+02 9.155312495491582467e+02 9.453285207604653806e+02 9.525579866565445855e+02 9.316125553847665515e+02 8.930124148888314721e+02 8.533030000842734353e+02 7.920165581147115290e+02 7.383901293719180785e+02 6.879721133932603152e+02 6.441882967202750478e+02 5.975665353407767952e+02 5.510146940744930362e+02 5.711807569985948021e+02 5.843645567948899497e+02 5.804188270112471173e+02
4.143807225896268278e+02 4.648868718471566694e+02 5.080250826091644285e+02 5.437588258145435702e+02 5.111822668211074756e+02 4.352733471246016848e+02 3.591676460997400113e+02 3.971000985126601108e+02 4.261406205702662646e+02 4.597046933346831565e+02 4.935219053505197166e+02 5.297769236205422203e+02 5.701663497926637092e+02 5.754963043124452042e+02 5.980302293512505685e+02 6.396072194357054741e+02 6.826360669743935432e+02 7.276690677000888172e+02 7.718937511341497384e+02 7.850952832876266712e+02 8.339689504292143738e+02 8.822265657548706486e+02 9.255684816995317306e+02 9.374257637232218485e+02 9.136110222264009053e+02 8.691029674867384074e+02 8.278639599407453034e+02 8.227400069967638956e+02 7.608547772862897318e+02 6.985873037770307974e+02 6.554000579775116648e+02 6.117535091959595093e+02 5.764944803769720920e+02 5.582245657738122873e+02 5.163000582274989938e+02 5.199182563014990137e+02 5.236201550789487555e+02
4.436628732874770549e+02 5.045727186295168849e+02 5.571149457915050789e+02 5.751639259719920574e+02 5.347906035335106480e+02 4.721120606414759209e+02 4.153060447910319226e+02 3.629346082976946377e+02 3.657607047316607805e+02 4.223888880925305216e+02 4.301387207075748620e+02 4.746834641077521724e+02 5.100058707660538175e+02 5.005683421661366879e+02 5.371641339672012236e+02 5.818094627221853443e+02 6.291834435728312656e+02 6.811796123539718337e+02 7.145700183323103829e+02 7.198058631998027295e+02 7.799592507847551133e+02 8.454251478823965726e+02 9.030360659933629677e+02 9.021529521714566044e+02 8.563063409776135586e+02 8.095765529308509940e+02 7.649517045176615966e+02 7.925453026963015191e+02 7.664845858688622684e+02 6.981035233822453847e+02 6.288970497445062620e+02 5.820396643182227763e+02 5.437925538856725325e+02 5.109907899683073538e+02 5.478516921184165085e+02 5.744873779112429020e+02 5.918186681792906256e+02
4.768293959089092482e+02 5.381888922251201848e+02 5.892633776270474755e+02 5.872774092744361951e+02 5.369079046404266364e+02 4.733420537979187657e+02 4.021177489511857175e+02 4.318273761296732687e+02 4.266753422338614996e+02 3.697878448035921792e+02 3.725797975841826997e+02 4.320275420683456105e+02 4.441398706952533075e+02 4.424532399321116145e+02 4.920531711677838871e+02 5.361022248013634908e+02 5.919643501392341705e+02 6.374355935494953656e+02 6.431614551412375249e+02 7.054680342916810787e+02 7.718791512248335493e+02 8.364389356287400688e+02 8.763211235118284321e+02 8.630368132014684761e+02 8.074298798198453824e+02 7.512840673746055700e+02 7.073894052048196954e+02 7.571463448145345865e+02 7.676574963470819739e+02 7.279402564302861265e+02 6.822506472573628571e+02 6.426242743528422352e+02 6.053680080859622876e+02 5.632262450192066581e+02 5.050170044308898696e+02 5.711241622934666111e+02 6.284990417194213705e+02
