output/field_example_test/elevation_000059.asc
nrows	150
cellsize	66.66666667
xllcorner	0
ncols	150
yllcorner	0
NODATA_value	-9999
[rows 34 to 50 of 150, columns 0 to 36 of 150]
7.121775659861302862e-04 6.791955858455905570e+01 9.983697180078260658e+01 8.520272203971532576e+01 7.939796844433254819e+01 7.908865405417282091e+01 1.283305336568698465e+02 1.768810318112366815e+02 1.781014392098812777e+02 1.438159025559977238e+02 9.640632898148443530e+01 1.044028942831607907e+02 5.555918389830039672e+01 1.128547522400714342e+02 1.173839612154319525e+02 6.910281129422571667e+01 1.205809008934094635e+02 1.465576235995845025e+02 1.405912009037571693e+02 1.357086442670152735e+02 1.771724817455028074e+02 1.647401931544081890e+02 1.170736113315217750e+02 1.267724311585651407e+02 1.386948407011486211e+02 2.047675889727260312e+02 2.591843871534856021e+02 3.146818941936734859e+02 3.726187272659969381e+02 4.142253434507984480e+02 4.464431459622206830e+02 4.721378010864008843e+02 4.943740583405319171e+02 5.199036054119610526e+02 5.351871898376351737e+02 5.468795496763672190e+02 5.435325722317438704e+02
8.690999111148535342e-05 5.806052517136344449e+01 6.236093818367923092e+01 1.399422826639810324e+01 1.723599332296638664e+01 2.096003133941175633e+01 8.045475011348841576e+01 1.221636378466565418e+02 1.088804989022805074e+02 1.000215288933845699e+02 4.596936088281911736e+01 4.964410742279677891e+01 1.091375410595740192e+02 1.551016583801092850e+02 1.551635510815351608e+02 9.852961468326677164e+01 1.522716858900213879e+02 2.019040515087919800e+02 2.050326247196289842e+02 1.945035890175210795e+02 2.245994867784447990e+02 2.009283431128930602e+02 1.371231429315774335e+02 1.846560512779891212e+02 1.970131024249666609e+02 1.570474313735892906e+02 2.153739133460996129e+02 2.717308109082139254e+02 3.228855050170229219e+02 3.672209324122867997e+02 4.101618741991947559e+02 4.437971624881468529e+02 4.764788940181434782e+02 5.096980930281737869e+02 5.427917987451280624e+02 5.768832818875866906e+02 6.005407983295356189e+02
1.037417951141603092e-03 3.982883294306354571e+01 8.781227901048016093e+00 6.248359452596797325e+01 8.722206050027909896e+01 8.122606554508367083e+01 2.686589126924393156e+01 7.412076378970294854e+01 3.722174109366299177e+01 4.088374169864893304e+01 9.593180069760171591e+01 1.033719999370594422e+02 1.527436154675311855e+02 1.993799130522441487e+02 1.916450925274101280e+02 1.310038480231509368e+02 1.908286993790736688e+02 2.407974600798289089e+02 2.699967485075886771e+02 2.592950729055663714e+02 2.707643756382674383e+02 2.236286249335776120e+02 1.583292711032097202e+02 2.153208927369344678e+02 2.459033645844990588e+02 2.256337875593468709e+02 1.750507028221500150e+02 2.290635842696818258e+02 2.708188617607563629e+02 3.162807786133676586e+02 3.395896340541395375e+02 3.774262405134606979e+02 4.136623884191055254e+02 4.520737977383867587e+02 4.962837754924432261e+02 5.536064198797505469e+02 6.047608391757645450e+02
9.583065128124913876e-04 3.328534639468544221e+00 5.673915360933238361e+01 1.043022170843829883e+02 1.434775025457414301e+02 1.309911442000223758e+02 8.431480029889313244e+01 3.209085533513135857e+01 8.655481788014220967e+01 9.466667300082387726e+01 1.269066318291209683e+02 1.619920634340770107e+02 2.036768711256167421e+02 2.444159419688540709e+02 2.304294812509027395e+02 1.670149558102633875e+02 2.278330411651620295e+02 2.834614901596247023e+02 3.229568378488854705e+02 3.200224585713878582e+02 3.072743499282036623e+02 2.531550773252315594e+02 1.811710275081585451e+02 2.436516629075771334e+02 2.905799509895282426e+02 2.779949237897523062e+02 2.338048027787972103e+02 1.891029374342087976e+02 2.151658268660989108e+02 2.452701056686844368e+02 2.774783547418971921e+02 3.125786227611409913e+02 3.502762798998756466e+02 3.913140459460382772e+02 4.440258406570320631e+02 5.031427955906430043e+02 5.690941797948647718e+02
6.724052898605182074e-05 5.748165118795191120e+01 9.944819857473052593e+01 1.478730453410034613e+02 1.880928709679865563e+02 1.758760922777335907e+02 1.195261635791181476e+02 5.414685276884770815e+01 1.147792054915573488e+02 1.543397081182017132e+02 1.871170824469504055e+02 2.162837545546670128e+02 2.560075230695047139e+02 2.920621286143517068e+02 2.746486591492013076e+02 2.179427127319337671e+02 2.233138046978459670e+02 2.911494021842046891e+02 3.562658497095570738e+02 3.696472720328758896e+02 3.246317296789782176e+02 2.590411986881070447e+02 2.045226852847769408e+02 2.702917655611842633e+02 3.254605143529533962e+02 3.216538398695923888e+02 2.680200523780005710e+02 2.012650723627230889e+02 2.515250154359180215e+02 2.952920313505220520e+02 3.342489518174240288e+02 3.721457278359399083e+02 4.090020258127251509e+02 4.426232491828051252e+02 4.580909725632849359e+02 5.122247827809493401e+02 5.735477190362446436e+02
5.271809323556161378e-04 6.415955803319177164e+01 1.299502973464153115e+02 1.865139177751404418e+02 2.247728993634430310e+02 2.126624990483055910e+02 1.525969932353650904e+02 8.122307479696034704e+01 1.429600281049839623e+02 1.976705593637020115e+02 2.397536536624061796e+02 2.740393419694667614e+02 3.031413476545500885e+02 3.376175929221103047e+02 3.227655284466504213e+02 2.720459481149852081e+02 2.652555541989173093e+02 3.274745431762455041e+02 3.896305562458834402e+02 4.030391529247173708e+02 3.518367249873434730e+02 2.881124194522137145e+02 2.296345700466440007e+02 2.971789119691320025e+02 3.568685085485236641e+02 3.590193686670726834e+02 3.070687985539277634e+02 2.577330684137855883e+02 2.206881643953309435e+02 2.859133733593237707e+02 3.371427486926041865e+02 3.837754897422426552e+02 4.238246089289053202e+02 4.606774197636567578e+02 4.952016439614061483e+02 5.263662168387570546e+02 5.794442183470644068e+02
6.341017935509080149e-04 5.547919537886077279e+01 1.189991272892705467e+02 1.865183299450575589e+02 2.442317974647143046e+02 2.468222776020390370e+02 1.983658063204553912e+02 1.553786890315523692e+02 1.230567494137283120e+02 1.923148256400094454e+02 2.415161865369488510e+02 2.798872229570301897e+02 3.254306887425747163e+02 3.698451090174592082e+02 3.684105337466585866e+02 3.304056540142118479e+02 3.140740370166329853e+02 3.700267177784055548e+02 4.267600043197817854e+02 4.350308377335710475e+02 3.808903110033646158e+02 3.154573349338297703e+02 2.564794103888462473e+02 3.252869277589792318e+02 3.883619381840063625e+02 3.976659662432077198e+02 3.521008390424846652e+02 2.986590457153341163e+02 2.835314256948332741e+02 2.390123526963625693e+02 2.992830854058971113e+02 3.423521098412297761e+02 3.790432203842506169e+02 4.184293367120251332e+02 4.679480439438958683e+02 5.134919550330391758e+02 5.647362760946710978e+02
2.963495960579561983e-04 5.499023577770136484e+01 1.188927577586160425e+02 1.896419123941260807e+02 2.561669578662692857e+02 2.825880120458953684e+02 2.640618922618128295e+02 2.260867101304146161e+02 1.928808174108776541e+02 1.614722086018334153e+02 1.898122004873150672e+02 2.247740028230926441e+02 3.061453841306830554e+02 3.696500128437166950e+02 4.034259007406948854e+02 3.918615856116721261e+02 3.711676206439866519e+02 4.188666663615534276e+02 4.682117798940201396e+02 4.684370220094401134e+02 4.105369294344071704e+02 3.439190429645860263e+02 2.857816033120055863e+02 3.551401012949001483e+02 4.209984508532709810e+02 4.379401030255819478e+02 3.966655408294802783e+02 3.531960962439881655e+02 3.207191329274282907e+02 2.586549912989989366e+02 2.567520916838258813e+02 2.859733691517425882e+02 3.212999937096103622e+02 3.617959322453013442e+02 4.077225633151506941e+02 4.575697969249182506e+02 5.105678624425029852e+02
3.729900226939581679e-04 6.037369869812754786e+01 1.277655526944268587e+02 1.970702100501163159e+02 2.586135682475065209e+02 3.033810320836767573e+02 3.149116482259331633e+02 2.965142471999585041e+02 2.590500192248259737e+02 2.184551761623866071e+02 2.421522315485818240e+02 2.815279422972679413e+02 2.771288449992617871e+02 3.479574549354990154e+02 4.121267762587140169e+02 4.430572230742989746e+02 4.355058317075223613e+02 4.731606919169487355e+02 5.134905145369565389e+02 5.035312756496029465e+02 4.416118370741249350e+02 3.744058480252933805e+02 3.174035438532961848e+02 3.865092960834741689e+02 4.546676818107684426e+02 4.782046516058638872e+02 4.404718472456707445e+02 3.885346920704460558e+02 3.312927690335342845e+02 2.818409409566125419e+02 3.105872287272649146e+02 2.783929101377274833e+02 3.383655312243707840e+02 3.915596650056164094e+02 4.407481585367939374e+02 4.838759266428052683e+02 5.257626750692230644e+02
7.474223959858894515e-04 6.550851028501567441e+01 1.277721687808399054e+02 1.667852154900462551e+02 2.258841272022664839e+02 2.904458058681143484e+02 3.405911702775197796e+02 3.464232221253054149e+02 3.247613603696315181e+02 2.863503055183133483e+02 3.196525532134418768e+02 3.299867434568749331e+02 3.349873268357538905e+02 3.331712044318520611e+02 4.009839489048860059e+02 4.604318411339532418e+02 4.971212847496451559e+02 5.277323118248112905e+02 5.600346778144495374e+02 5.398551265412164639e+02 4.745551485889413925e+02 4.073438995259768944e+02 3.519217689386531447e+02 4.199039637520102133e+02 4.890719406607707924e+02 5.170085102540828075e+02 4.796318557594000254e+02 4.279128056608802240e+02 3.723168145933745450e+02 3.091044589932770918e+02 3.569705997224191947e+02 3.462564030627358989e+02 3.029097652848881239e+02 3.700475390998151397e+02 4.143940875534765951e+02 4.430507812890070909e+02 4.777750124998017327e+02
1.003401931288566782e-03 6.298663513348579812e+01 9.512370200381988639e+01 1.521497291828318623e+02 2.146516391885279518e+02 2.790438928372541909e+02 3.367252122444074303e+02 3.672070243990953600e+02 3.704363459351400252e+02 3.592996421580268702e+02 3.867879586566234593e+02 3.950010593176164093e+02 3.999791980167366319e+02 3.941480933046582891e+02 3.921342825946891821e+02 4.404874990857352941e+02 5.079488893334322483e+02 5.690959101323868481e+02 6.019183869327937373e+02 5.760672136720993421e+02 5.096307415202771267e+02 4.435357193912598177e+02 3.902746828412221589e+02 4.558172117650811401e+02 5.240006470752814494e+02 5.531547513347746872e+02 5.199449839870302412e+02 4.661605837094210756e+02 4.068474521178596888e+02 3.389010412782855042e+02 3.961014773442766455e+02 3.991427279502087231e+02 3.628373768423146544e+02 3.226419082012750437e+02 3.516982409259908877e+02 3.833471905577575853e+02 4.182468834715452317e+02
5.215015373671257927e-04 3.647722284881180599e+01 9.319839845129460798e+01 1.528562107682056137e+02 2.137606153400910216e+02 2.611149403163199167e+02 2.973643308920350705e+02 3.402598298106750008e+02 3.704146770070016714e+02 3.983140543589946105e+02 4.302652156281409361e+02 4.513154574159781873e+02 4.637984130951452926e+02 4.596260948304935141e+02 4.540083748221541668e+02 5.014353410846109114e+02 5.182826600060215014e+02 5.812232978213846764e+02 6.320414777657672403e+02 6.110562758765008766e+02 5.477523890629208836e+02 4.849729639056084807e+02 4.341708437179236171e+02 4.948605671312136565e+02 5.588586692033542249e+02 5.805368609553196393e+02 5.290944422079877540e+02 4.600965321309204796e+02 4.042554724988890484e+02 3.710761325808961146e+02 4.323785299880634625e+02 4.440379062959706289e+02 4.040632067522256534e+02 3.382275612175525907e+02 4.001028121530078465e+02 4.374795818137444599e+02 4.752184319821482745e+02
5.362004194064120752e-04 5.086949412863148012e+01 8.573491179601843726e+01 1.291588872626645070e+02 1.685002475781688531e+02 2.031626923088020362e+02 2.427670909238823356e+02 2.800350288078946051e+02 3.191787144532942762e+02 3.680276748644396889e+02 4.108359257774332036e+02 4.514772398493429932e+02 4.906711895047537269e+02 5.155858438882116843e+02 5.196590446400184646e+02 5.593139605114855613e+02 5.788607725869976548e+02 6.188294754019671018e+02 6.611042914422546346e+02 6.464643626989101222e+02 5.915956246025352812e+02 5.381083828936032205e+02 4.865580162173938561e+02 5.373892818558766749e+02 5.958309668469285043e+02 6.091023286577770932e+02 5.522109137512185271e+02 4.953676665497134195e+02 4.473528485738283393e+02 4.083053444722459631e+02 4.680743363775834496e+02 4.774819863251384504e+02 4.205361890610317346e+02 3.559928888789616508e+02 4.165248280764580500e+02 4.701853417381685745e+02 5.177402549027106033e+02
7.765128874837588270e-04 8.478576031397469848e+00 1.957677350341612765e+01 7.619047646174107058e+01 1.165258478116254679e+02 1.493173936981471854e+02 1.808020973748097617e+02 2.167979696058456227e+02 2.617643134326399945e+02 3.069513703046595197e+02 3.542508105737268806e+02 4.067885753532982562e+02 4.715466744711617935e+02 5.271411883761605850e+02 5.700384906557535487e+02 5.994655722892473477e+02 6.263107530985530502e+02 6.549374551365608568e+02 6.826115254897434852e+02 6.773578580582209270e+02 6.438669771351507052e+02 5.951392980141826001e+02 5.572660868397136937e+02 5.770751057648475353e+02 6.355979198047265299e+02 6.439654968505670922e+02 5.942665686721470593e+02 5.389794664006436733e+02 4.931444940265006949e+02 4.513191152375399042e+02 5.075954195572718390e+02 5.134956357379591054e+02 4.620767939857564102e+02 4.141619968851158546e+02 3.813471578427568716e+02 4.539125584143611718e+02 5.051291476073149624e+02
7.453121899500275314e-04 5.428375854940532719e+01 7.214868799421674339e+01 3.662307580473614621e+01 9.135390866718073255e+01 9.303961651490898532e+01 1.254172321291274983e+02 1.622468006632620927e+02 2.034142717105251847e+02 2.490025904301318462e+02 3.002021034099264511e+02 3.596366258576691735e+02 4.306695740219070103e+02 5.043043234836035822e+02 5.603742792827158610e+02 5.776510563957431259e+02 5.941244269627106860e+02 6.235416072900223980e+02 6.557099468612572082e+02 6.781777810359986916e+02 6.740127189319184708e+02 6.540265702047582863e+02 6.316478886909652601e+02 6.419275079873485765e+02 6.802503912934779464e+02 6.848646573044550223e+02 6.402783680722099007e+02 5.912413364864139567e+02 5.407135658317146181e+02 5.029795041221855172e+02 5.533574088383269327e+02 5.560614660060978167e+02 5.091266685687708673e+02 4.583450785323227592e+02 3.977953124846281980e+02 4.183448869534870482e+02 4.485653861681241779e+02
7.383993904984666136e-04 6.877815534021860344e+01 1.078473131722760172e+02 9.463078790708027555e+01 5.216165834679798508e+01 1.148558351223537528e+02 1.757415802937051410e+02 2.225092551040317232e+02 2.652455781972654449e+02 3.074473304974858365e+02 3.525259899658457243e+02 4.017838197111551608e+02 4.495095175876646749e+02 5.051568539558176667e+02 5.244192185716588028e+02 5.094811531024398619e+02 5.162346686282945711e+02 5.536529208723648026e+02 5.972665253126914422e+02 6.422360643498741410e+02 6.544512473966568677e+02 6.685169667050731732e+02 6.810598369055145440e+02 6.969971176415432410e+02 7.185429696965113635e+02 7.217208246400168719e+02 6.926633469560018739e+02 6.421734259988736540e+02 5.895409635883696637e+02 5.722139660526694342e+02 6.055369143736105570e+02 5.985732524101142644e+02 5.525637435024833621e+02 4.910080087600112506e+02 4.174484833956592524e+02 4.638758113361483311e+02 4.934210265172364416e+02
3.567392915062994737e-04 6.672513216634008870e+01 1.222955331791347078e+02 1.196803060119000151e+02 6.244038775106379546e+01 1.216848530252987501e+02 1.822369219228343411e+02 2.403651007092427676e+02 2.873611338878113770e+02 3.238481972743373944e+02 3.609696393273804347e+02 4.037277268851527765e+02 4.454234976170514528e+02 4.766848639555912541e+02 4.707193004717432245e+02 4.325823166684234025e+02 4.442477646442748096e+02 4.914987107148041332e+02 5.460070521616399901e+02 5.917004192855839619e+02 5.861184449760675079e+02 6.226935547708783361e+02 6.521266485567593918e+02 6.798892526888755583e+02 7.073092994786925374e+02 7.279751513456901648e+02 7.245748999617800337e+02 6.974085179819193172e+02 6.576776990613653879e+02 6.477889946520471085e+02 6.572901977150339690e+02 6.256839233747103890e+02 5.620992737871636109e+02 4.965037947652610342e+02 4.374012303810267781e+02 4.980397598101175731e+02 5.448373727546544387e+02
