output/field_example_test/elevation_000023.asc
nrows	150
cellsize	66.66666667
xllcorner	0
ncols	150
yllcorner	0
NODATA_value	-9999
[rows 102 to 118 of 150, columns 37 to 73 of 150]
2.646810860932386618e+02 3.139782157974375991e+02 3.821553824426554229e+02 4.491967491190554824e+02 5.100069082261337599e+02 5.456343789376935547e+02 5.343249950839605162e+02 4.841567535656238874e+02 4.374991694779643012e+02 3.946365109659184327e+02 4.301771792678284783e+02 4.957514047166750402e+02 5.677788688565956363e+02 6.331939054186220801e+02 6.400697857318319848e+02 5.860237317787083384e+02 5.239332977182808690e+02 5.913113685254839993e+02 6.589249321425464814e+02 6.832426757464729690e+02 6.430547914657053070e+02 5.816590451414083418e+02 5.103345070675895840e+02 5.522903209938615419e+02 5.408501404419445180e+02 5.889792131604571068e+02 6.438867670241169208e+02 7.070224800086740515e+02 7.768246394088668012e+02 8.379567614022115549e+02 8.510871140111704563e+02 8.212133441707272823e+02 8.051435197772709671e+02 7.528657745098905707e+02 6.843460548548928273e+02 7.511436805588272136e+02 7.994008628582984102e+02
3.154989483251084152e+02 3.631165981033329331e+02 3.927135794172403394e+02 4.522334647077672116e+02 5.221837211501009506e+02 5.794373365235268238e+02 5.809357477813837249e+02 5.375640947554470586e+02 4.886442991040080415e+02 4.306034653321887617e+02 4.658584256252322575e+02 5.095967143452937762e+02 5.791210056472607448e+02 6.517174890884382421e+02 6.691576095841650158e+02 6.197557415409936539e+02 5.604764408634347319e+02 6.256084884938543382e+02 6.904284122136701853e+02 7.089279439264573739e+02 6.560591065099096113e+02 5.878498262576615616e+02 5.402238366355162498e+02 5.954307977777223186e+02 6.025157434113085628e+02 5.915669663720480003e+02 6.447872409628397463e+02 7.044233374007642396e+02 7.724075767792022589e+02 8.435176580814925273e+02 8.884403349744655998e+02 8.794552957600905074e+02 8.323524984289123267e+02 7.671749633588614188e+02 7.195324870450980370e+02 7.665787602457950243e+02 8.299544325818635571e+02
3.235199306655375722e+02 3.853466203911368098e+02 4.435275770876136221e+02 4.939723828907070242e+02 5.455576578896709634e+02 6.056564401568972471e+02 6.252325976389181506e+02 5.956514740210129730e+02 5.382031113324788976e+02 4.837482799655629719e+02 4.914650989336025759e+02 5.513907544777080147e+02 6.160157743033780662e+02 6.834678911449370844e+02 7.034051645520472675e+02 6.569750517071274771e+02 6.005304926526420104e+02 6.627314885722126974e+02 7.240631001096056707e+02 7.364962328383132899e+02 6.795180015760888637e+02 6.244967844179293479e+02 5.737291687027848184e+02 6.279983118267196005e+02 6.635863965297544382e+02 6.530433339172537899e+02 6.491938462540932733e+02 6.988307025765142271e+02 7.597253343996017065e+02 8.331061839329782970e+02 9.026068157077799015e+02 9.145513378099399233e+02 8.666034595489682033e+02 8.102971267962839192e+02 7.622907621138597278e+02 8.106835491477579581e+02 8.683898473914189253e+02
3.897692830562409085e+02 3.927344271477385860e+02 4.402648778895338637e+02 4.926396292878434338e+02 5.506399755498101740e+02 6.132637779756686314e+02 6.618406405466795377e+02 6.442973424796236941e+02 5.937642267024959892e+02 5.460163998425550744e+02 5.422076298362825355e+02 5.922045515590049263e+02 6.573121417164699096e+02 7.221484545111201214e+02 7.426192012791194657e+02 6.986885067787937942e+02 6.456731319918062582e+02 7.040304715507530773e+02 7.616755298663815665e+02 7.701154217484503306e+02 7.196066723975591231e+02 6.620032664756153054e+02 6.122465076906639752e+02 6.615141696166549536e+02 7.135656671992197744e+02 7.178407951181161479e+02 7.084787820407947265e+02 7.549103608050965022e+02 8.079395461503605702e+02 8.673463919788289331e+02 9.298068424014013544e+02 9.481480758827868840e+02 9.089695294426487635e+02 8.621994025521978529e+02 8.143624980648331757e+02 8.632838874627651649e+02 9.118936630952418909e+02
4.399150836779988936e+02 4.587455803014713638e+02 4.954533888714830709e+02 5.430421753758004115e+02 5.952956440843530572e+02 6.475491500820022566e+02 6.880420727018519074e+02 6.875154161843931888e+02 6.588556949463567207e+02 6.184572691726359608e+02 6.095168722860177013e+02 6.465437952827986692e+02 7.038835284241587260e+02 7.656828845829436432e+02 7.865524930572275935e+02 7.462420662125874742e+02 6.986581934923610788e+02 7.510804023935124860e+02 8.040038868724346912e+02 8.098287983845827966e+02 7.600424227844304141e+02 7.041248150416490716e+02 6.591280790494536177e+02 7.038376001055079314e+02 7.533862926746052153e+02 7.844376208793420346e+02 7.794525322673624714e+02 8.133946558213929166e+02 8.638392711336048251e+02 9.104166305067427629e+02 9.548941284385529116e+02 9.771642975524358690e+02 9.575797677397704319e+02 9.156264551402064171e+02 8.779274936752656231e+02 9.182497222676049660e+02 9.613034876350131981e+02
4.232584902068243196e+02 4.568809131687263516e+02 4.995961502384890309e+02 5.486783415790731624e+02 5.996593928495422006e+02 6.470836504374236711e+02 6.851416575771352200e+02 7.076202477470552594e+02 7.032242319019769639e+02 6.923772824714468470e+02 6.951940552105119195e+02 7.115926104442803535e+02 7.572552041876546127e+02 8.119589416137729359e+02 8.339433269906108990e+02 8.011889165313494914e+02 7.635141236576266692e+02 8.053002942743379435e+02 8.498646649666414987e+02 8.519039488983951287e+02 8.042886804664675537e+02 7.544332747517239568e+02 7.190236486109096177e+02 7.599095372703886824e+02 8.003128718962973380e+02 8.382444055109209557e+02 8.460374507981272245e+02 8.631927103449739889e+02 8.900601971707902749e+02 9.152068663491349980e+02 9.461642482592982333e+02 9.717830027109147295e+02 9.808693641401893046e+02 9.672454526765794753e+02 9.465644942902382581e+02 9.767686799898312984e+02 9.922494626089370513e+02
3.586445739062489793e+02 4.014933177706880087e+02 4.527904996088788039e+02 5.054639444261357539e+02 5.586881622727510148e+02 6.006969073766738347e+02 6.380903936439879089e+02 6.791746463028972585e+02 6.936381373840815741e+02 7.110798554557413809e+02 7.371430960446681411e+02 7.700211193416861306e+02 8.090936312601038480e+02 8.520227712642440565e+02 8.782760528464760910e+02 8.639519024940104828e+02 8.355179878624213643e+02 8.658961304097255152e+02 8.931294208272709056e+02 8.920056976933516353e+02 8.516395836928157905e+02 8.157115411248169039e+02 7.898052742279285212e+02 8.182165245080223031e+02 8.451185339417204432e+02 8.635451716737408105e+02 8.542091181614675861e+02 8.431831979536692643e+02 8.503588935727577791e+02 8.550362520307952536e+02 8.899293971721469916e+02 9.204683046751562188e+02 9.473273410334824121e+02 9.717236172864103310e+02 9.927635470748653006e+02 1.005742560023123133e+03 9.876519411548404150e+02
2.921629010785669038e+02 3.525687281047680699e+02 4.060079442436529007e+02 4.618687679246862103e+02 5.249693067584171331e+02 5.395317491325831725e+02 5.857745198811086311e+02 6.289930210440167002e+02 6.307793460257489642e+02 6.623876791460473896e+02 7.079852167842149129e+02 7.556382614143034289e+02 8.070056630071521795e+02 8.587984390964131762e+02 8.959429193524299535e+02 8.971109798032709932e+02 8.842358109442907335e+02 8.873547147735046110e+02 9.075311418293990755e+02 9.150636022628535784e+02 8.908978475500181275e+02 8.626503481743594648e+02 8.402830250490683284e+02 8.341594814969831759e+02 8.398022089000961614e+02 8.349155678460127774e+02 8.061209791509489833e+02 7.679524130048077950e+02 7.755004007259312857e+02 7.879990100587521056e+02 8.404112991942726012e+02 8.413972259029916358e+02 8.787750287692268785e+02 9.286222826037146660e+02 9.674370375851286781e+02 9.795925733162895312e+02 9.496416702578167133e+02
3.267033558139303864e+02 3.187028886597036035e+02 3.683453755064002735e+02 4.337680471361692298e+02 4.881867841756381381e+02 4.838552209062434031e+02 5.382145977480919328e+02 5.707255271915903450e+02 5.656100590484982149e+02 6.063661123185987663e+02 6.536777003235977190e+02 7.080987032991814658e+02 7.699002546686522237e+02 8.344594766955143541e+02 8.707796073276298330e+02 8.596871186152080782e+02 8.386261630096629460e+02 8.282096779343968365e+02 8.670540502495271085e+02 8.873722269714360209e+02 8.647795399161631167e+02 8.319855388424789453e+02 8.011971854108312527e+02 7.759259768793010608e+02 7.819338504334845084e+02 7.831129821270856155e+02 7.378953828293568904e+02 6.923155546119415931e+02 7.016437838937124525e+02 7.538304925007792008e+02 7.842359085919122208e+02 7.673025005277385162e+02 8.141950573378273930e+02 8.677824957020485499e+02 9.245572008735612144e+02 9.367517895011616247e+02 8.937088146033177054e+02
3.739892937512917115e+02 3.835190350481906876e+02 3.483181698167534250e+02 4.069968333337177455e+02 4.484245019923283166e+02 4.332305485689431634e+02 4.995204148696886364e+02 5.114970750637567676e+02 5.680579103787384838e+02 6.297935158941763802e+02 6.895277832573341357e+02 7.460813710702900607e+02 7.999083262883722227e+02 8.370873916371690484e+02 8.298940877635270681e+02 7.892946631671886735e+02 7.537511284015807860e+02 7.550189412630621746e+02 8.109996789594216580e+02 8.390796648027744595e+02 8.048520909105119472e+02 7.642669315301653796e+02 7.231743358985072518e+02 6.988290117137700008e+02 7.166115386099617126e+02 7.318527150850500220e+02 6.846376576332588684e+02 6.275333092345078967e+02 6.690002526185746774e+02 7.182777355517711158e+02 7.207004574032424671e+02 7.053585176133561845e+02 7.553630574418480137e+02 8.215101926999675470e+02 8.853845635639694365e+02 8.947882328668405307e+02 8.464544187516837610e+02
4.304530272286211243e+02 4.423483954583875288e+02 4.100819978258910510e+02 3.739550830804864177e+02 3.970716479754620991e+02 4.604014608841416134e+02 4.659025516722774682e+02 5.006273205392058685e+02 5.446994812210066357e+02 6.076764277969963359e+02 6.749812951722601611e+02 7.447609043033799026e+02 8.044417610340159399e+02 8.141134094647906068e+02 7.810602207128013106e+02 7.251068808235182814e+02 6.759782515416752631e+02 6.898889225019506739e+02 7.580436884679639888e+02 7.923655224718764885e+02 7.536236088239710398e+02 7.022886606908786007e+02 6.599575373727343504e+02 6.235832672245768435e+02 6.735013479633560110e+02 6.881024227767532011e+02 6.420169724351534342e+02 5.836164512067999794e+02 6.346414259039040644e+02 6.683584539598112997e+02 6.578302721617086490e+02 6.546463298211175470e+02 7.143130548892038405e+02 7.874774287547872973e+02 8.543502253802120094e+02 8.560603324003113812e+02 8.045732370018007487e+02
4.877942382344782004e+02 4.971241796136806670e+02 4.586307387945106484e+02 4.064106134057976760e+02 4.416461957403996053e+02 4.936193498477366006e+02 5.073046909513271316e+02 5.420846066129034853e+02 5.836415339935300608e+02 6.217779075402916078e+02 6.845155746031110766e+02 7.530762390474280892e+02 8.006929635183045093e+02 7.810405037617349535e+02 7.235344665891021805e+02 6.666432151693384185e+02 6.123203553271441706e+02 6.346500486476276137e+02 7.167369301958707410e+02 7.536716712738179922e+02 7.111119445613478547e+02 6.552936047978076886e+02 6.068223104066005362e+02 5.689652733864668335e+02 6.261755205114927776e+02 6.435361594386744173e+02 6.045752796003363301e+02 5.463383715139585775e+02 5.996037288143620572e+02 6.061039619199251547e+02 5.964136434302353109e+02 6.581930185121664181e+02 7.274693157304853912e+02 7.986181485408189928e+02 8.386250540754987242e+02 8.180530050356908305e+02 7.638978020646267169e+02
5.379083132608898268e+02 5.441932802977239589e+02 4.999391106548087009e+02 4.455411051489968486e+02 4.818997212603276239e+02 5.204373953588710719e+02 5.562958393752516031e+02 5.913640376804453354e+02 6.311490028207903151e+02 6.787814242999174894e+02 7.267387228716660275e+02 7.774498250955753065e+02 7.857323144972770024e+02 7.446071714476939860e+02 6.777674108146709386e+02 6.134252938439921081e+02 5.586485316424526673e+02 6.198523914658298963e+02 6.910153142265780843e+02 7.245475151200038226e+02 6.772793273365169853e+02 6.133665803363172699e+02 5.662766383162471584e+02 5.246561656230024937e+02 5.761131916548458776e+02 5.882603162459279247e+02 5.737173639841579416e+02 5.126755067382715652e+02 5.536105321131368555e+02 5.431523304847256668e+02 5.992511837059931850e+02 6.639702748434474415e+02 7.350607312239968678e+02 7.974166117548776356e+02 8.086720234305387294e+02 7.678184011965934133e+02 7.195180276873213643e+02
5.670523447354123618e+02 5.847331954310485571e+02 5.435344324498231572e+02 4.936341339918901667e+02 5.318925245858351900e+02 5.689172406514567228e+02 6.057899147397408797e+02 6.429005981766929381e+02 6.865100448509970192e+02 7.298094500474747974e+02 7.741760513199054685e+02 7.930746337990594839e+02 7.623072768579455669e+02 6.986155983911096428e+02 6.355839766121787306e+02 5.723006956114907098e+02 5.183540117633821183e+02 5.945918328063719400e+02 6.578001064826174797e+02 6.965826257001991735e+02 6.748802389557178003e+02 6.052487584143564163e+02 5.355779376814467696e+02 4.879130452134593838e+02 5.117978265176144532e+02 5.309368781441336296e+02 5.362592187297258306e+02 4.823569608087671554e+02 4.958370522260647704e+02 5.496160511716987003e+02 6.109128795647642391e+02 6.806424670805005235e+02 7.514828346842373321e+02 7.907822926276325006e+02 7.726179524046617644e+02 7.220075671286149372e+02 6.692630962541377357e+02
5.988497179763518261e+02 6.262783082965919448e+02 5.945500620798263753e+02 5.540617875203726044e+02 5.934404288297747598e+02 6.291316089212994029e+02 6.637961620694646854e+02 6.991375576064383495e+02 7.370415277114838091e+02 7.793829345695938855e+02 7.996827200327605851e+02 7.796408998366653123e+02 7.300827052966633346e+02 6.599512244388339468e+02 5.924076668653065099e+02 5.353033681779014614e+02 4.820910964300305181e+02 5.499316924916378184e+02 6.120633674517507643e+02 6.680992125501115879e+02 6.743995040790418898e+02 6.270078539926037138e+02 5.682550944931517733e+02 5.076019421862281433e+02 4.444791400910162906e+02 4.955123567054269529e+02 4.925015227146485017e+02 4.567862504155639840e+02 5.044779521831963507e+02 5.591469360797369745e+02 6.226527084408444352e+02 6.934842632059803691e+02 7.555249774185130036e+02 7.641818858683877806e+02 7.225003234431774217e+02 6.747762496507484684e+02 6.238148357136119557e+02
6.263682744501703610e+02 6.669540661254684437e+02 6.573245074849265848e+02 6.250332871701612021e+02 6.600477672165415015e+02 6.879211406340303938e+02 7.152244323274503586e+02 7.447158276249946312e+02 7.761716125244090563e+02 8.015061976779810493e+02 7.912618844675398577e+02 7.480319421658356305e+02 6.834312911236498849e+02 6.213083321133336767e+02 5.574495564572463309e+02 4.996906441610653928e+02 4.498083537189254457e+02 5.094361485981868896e+02 5.748297082597096050e+02 6.376886836954911359e+02 6.509301995255643760e+02 6.069528852114654001e+02 5.470859494168565789e+02 4.793827461996937132e+02 4.136573990792241489e+02 4.511118748203133464e+02 4.280976741889132313e+02 4.678505308325352985e+02 5.153734752326826083e+02 5.730648205663097770e+02 6.412465184076741025e+02 7.147044472824698005e+02 7.559847779382387216e+02 7.310199069902974998e+02 6.762944609212680689e+02 6.233608065337267590e+02 5.791982635037135196e+02
6.242801160437046519e+02 6.868454437073186227e+02 7.042617270744977986e+02 6.923486123380998833e+02 6.980194755904118438e+02 6.992125340575472592e+02 7.075033861227940406e+02 7.259191737318178639e+02 7.548809564237841414e+02 7.792263935843224090e+02 7.613492722045135679e+02 7.016611874513948806e+02 6.405102497941581987e+02 5.786751528437018806e+02 5.244968594794053161e+02 4.706507308227342037e+02 4.213992390748788353e+02 4.733092486177918090e+02 5.410936751291221753e+02 6.088543789470579668e+02 6.237114727175890039e+02 5.668801829361010505e+02 4.990909556148357638e+02 4.381082391660839903e+02 3.885537370266098947e+02 3.976379923488062218e+02 4.631703270370510950e+02 5.177117902182238822e+02 5.664799599677314745e+02 6.188510071634816541e+02 6.807503744729770006e+02 7.281242130833632018e+02 7.426299201787900301e+02 6.902755295368956467e+02 6.244664426570971045e+02 5.783055219043761781e+02 5.328949509441149530e+02
