output/field_example_test/elevation_000034.asc
nrows	150
cellsize	66.66666667
xllcorner	0
ncols	150
yllcorner	0
NODATA_value	-9999
[rows 51 to 67 of 150, columns 37 to 73 of 150]
6.018573955135046845e+02 6.432099722862586759e+02 6.932774865279031928e+02 7.462462948438825379e+02 7.984024040028640457e+02 8.138311313222325225e+02 7.800409070113388452e+02 7.193296436226293054e+02 6.623198970772465373e+02 6.532168198470776588e+02 6.561491356143418443e+02 6.601970743818862957e+02 6.170493141470204819e+02 5.670672434537229947e+02 5.297444207815451591e+02 4.943580523647597147e+02 4.582060301009033765e+02 4.758631871511561826e+02 5.211444112921175247e+02 5.481076617660703505e+02 5.321151141601715153e+02 4.812045345944242172e+02 4.199576066122104407e+02 3.531068052401082582e+02 2.797995482260330391e+02 3.349027504238495112e+02 3.703369214661008186e+02 3.631707633509901711e+02 3.327148533362120588e+02 3.855363080142089984e+02 4.122142191951733707e+02 4.556739768529656658e+02 5.157294001069038814e+02 5.655152386543925331e+02 5.646122548393049101e+02 5.163206530939353343e+02 4.591511005591987669e+02
6.294299541565404752e+02 6.886924657502592027e+02 7.398692701217682952e+02 7.929506659129817763e+02 8.197404235328318691e+02 7.993268689998222953e+02 7.416143009804216035e+02 6.735902071279638221e+02 6.105037238283309762e+02 5.971219948221875029e+02 5.963705468951309285e+02 6.045267043584203748e+02 5.683873818287971744e+02 5.263440954658188957e+02 4.873285997647527665e+02 4.582044574927377312e+02 4.293450742875569404e+02 4.079109468134355438e+02 4.679114592412962566e+02 5.119953447519541214e+02 5.043190329086681913e+02 4.558192502783203395e+02 4.117799940089434472e+02 3.512657802209963052e+02 2.772344499794695594e+02 3.393754952833641596e+02 3.975690904846655371e+02 4.182116775278463479e+02 3.974000128929508264e+02 3.960095699420710957e+02 4.478756468506653050e+02 4.977339057035923702e+02 5.546791437594049512e+02 6.073680306071787527e+02 6.083556658406878341e+02 5.579844231106209236e+02 5.020741979897092619e+02
6.123908649814102318e+02 6.815086751999427861e+02 7.574566641911925444e+02 8.177216693768675668e+02 8.142668828122964442e+02 7.704774875912742118e+02 7.103713176509213554e+02 6.636974501956068480e+02 6.106998443134267518e+02 5.473123441151373072e+02 5.420493716235242800e+02 5.432008666531490917e+02 5.117597672038925793e+02 4.783658865749909523e+02 4.474679131023737568e+02 4.190714843417568432e+02 3.963904008991544856e+02 3.705624268352452759e+02 4.271549480361432529e+02 4.686582603118961856e+02 4.630409094088985285e+02 4.148562098634802737e+02 3.633874582386329166e+02 3.245624083775828694e+02 2.750075171501964633e+02 3.299340284865294279e+02 4.005095815552114118e+02 4.562151509009186725e+02 4.605928607159582953e+02 4.532655822545046362e+02 4.911673578594955529e+02 5.398206471323870801e+02 5.965015148100656006e+02 6.488608309125366986e+02 6.518148969730387989e+02 6.035546671418281903e+02 5.515440709431059076e+02
6.527885528755084579e+02 7.219126216726460825e+02 7.944497163001103672e+02 8.358678097128265563e+02 7.989142163871056255e+02 7.288564191481329999e+02 6.667300444452612282e+02 6.147220613365125246e+02 5.702093413024235815e+02 5.312795298918064191e+02 4.979441821917613424e+02 4.726904746611646715e+02 4.467967696852491031e+02 4.231058472115411746e+02 4.003687728793385645e+02 3.795879211588817839e+02 3.596318432446272482e+02 3.416855309551275468e+02 3.805327426669799706e+02 4.169421733836501858e+02 4.155447466422869525e+02 3.683230999762627107e+02 3.208991367000689934e+02 2.715663535889182754e+02 3.313893099988433733e+02 3.720785472704523613e+02 4.181283219659762835e+02 4.800146297600214211e+02 5.198308779271994808e+02 5.250116217490456165e+02 5.483083393704364426e+02 5.926496869864070050e+02 6.409079352637608054e+02 6.903603048251400196e+02 6.967250257624552887e+02 6.551631249031969446e+02 6.093343873862060036e+02
6.954121085332944858e+02 7.600294460661216362e+02 8.290272292303840231e+02 8.611773299458762949e+02 8.198617104866143563e+02 7.655657437861901826e+02 7.144020276167236716e+02 6.694498788890354035e+02 6.300230442886788751e+02 5.947519141134664551e+02 5.613486460480321512e+02 5.456661954349146981e+02 5.112351871217854864e+02 4.974033698162418773e+02 4.650751411188664974e+02 4.526482484188756530e+02 4.209455859108809932e+02 3.808366626935551835e+02 3.185886094538170710e+02 3.582915594401747512e+02 3.632742504656368396e+02 3.225712297872893828e+02 2.680008473486951175e+02 2.839023208364363313e+02 3.474748783983109206e+02 4.046144276784625617e+02 4.566308572926812985e+02 5.074830545202926260e+02 5.534030929907722793e+02 5.808990854864484845e+02 6.087935176432846447e+02 6.438447292021306794e+02 6.858173807116709213e+02 7.252093923637095259e+02 7.391057568142150558e+02 7.164930109862133349e+02 6.745616228835722268e+02
7.458009343890512355e+02 8.018884762262458707e+02 8.605330024157710795e+02 8.831957766434153427e+02 8.515212844632377482e+02 8.063110614158010776e+02 7.618452735297494200e+02 7.222149151578705641e+02 6.872990252807974230e+02 6.542464976616663535e+02 6.239834653493028327e+02 5.992739900914172040e+02 5.740753351063556238e+02 5.535603288488339331e+02 5.290841960044230063e+02 5.060877819413555585e+02 4.718209980857023993e+02 4.250443899508061918e+02 3.639937683500592129e+02 2.891033185199516424e+02 3.122341059652572994e+02 2.644374254376097042e+02 3.213205767129638843e+02 3.419036938977552040e+02 3.161183552207020284e+02 3.869204828916241468e+02 4.368107802955090051e+02 4.854249774165320446e+02 5.342134029650242155e+02 5.711198179521574048e+02 6.036651118264219349e+02 6.401342564995765088e+02 6.828423513548588062e+02 7.258023434187813336e+02 7.578712022319429025e+02 7.613402351286174508e+02 7.435636522481017892e+02
7.962532348723502764e+02 8.503586062571057482e+02 8.849123998393283728e+02 8.803238007811594343e+02 8.421315660054691534e+02 7.975463242882982513e+02 7.555371485616416294e+02 7.205547236006524372e+02 6.929415529651730594e+02 6.613272756439788509e+02 6.269017760650989430e+02 5.983782586340034868e+02 5.780896299226557176e+02 5.589340668224019737e+02 5.389783861754514191e+02 5.123439281996454611e+02 4.827882944229619966e+02 4.473007853938239009e+02 3.864445139325658829e+02 3.251341416034053395e+02 2.606108603667834700e+02 3.024083770764697192e+02 3.471541348506872851e+02 3.841444612811604884e+02 3.809588487277070499e+02 3.469724233688532422e+02 3.696716929386237780e+02 4.363885642538126035e+02 4.813178346695640926e+02 5.117079569381801321e+02 5.428760938429578573e+02 5.840008920974086095e+02 6.350902701624730753e+02 6.842462433679004334e+02 7.342988916883159618e+02 7.702799214138824482e+02 7.963707039940666164e+02
8.470384260918077644e+02 8.799002151421534563e+02 8.873060947553689175e+02 8.528787465075199634e+02 7.948464665835127789e+02 7.435721870573728438e+02 6.974084830287802106e+02 6.573870116028118673e+02 6.372687764018214693e+02 6.167117641867138218e+02 5.722441339754997216e+02 5.350969943419487436e+02 5.196432813075770127e+02 5.018015189429813745e+02 4.904998112227126512e+02 4.598419780955204601e+02 4.299605689295285629e+02 4.371346574984289077e+02 4.056617161558306748e+02 3.515811761925207293e+02 3.000876775470813413e+02 2.568562050923085280e+02 3.272766692040075895e+02 3.897640440884562736e+02 4.246018051903847663e+02 4.206131338579660337e+02 4.347595393325013333e+02 4.008597637539514267e+02 4.210879030759527950e+02 4.444233512866104547e+02 4.721805510415619551e+02 5.354948932785516718e+02 5.887510866882314531e+02 6.351984657919673509e+02 6.805446544242990967e+02 7.350488575613221656e+02 7.856381114085613717e+02
8.540835533901515646e+02 8.746532840497815187e+02 8.648678299339773048e+02 8.096381444517375030e+02 7.491902400631976207e+02 6.892918825883673435e+02 6.404447228960158327e+02 5.925873896461213235e+02 5.716021183788318467e+02 5.555071111673704536e+02 5.140786255689710060e+02 4.697537957068608421e+02 4.537005273364416098e+02 4.333970990733467374e+02 4.191024888257426824e+02 4.016295722002182629e+02 3.632370697523420517e+02 3.949886275205622042e+02 3.838249075369130878e+02 3.306670753861838534e+02 2.530013021852813324e+02 3.047992752127505014e+02 3.148113740508780438e+02 3.675458352400003150e+02 4.403315185786713641e+02 4.823451272943065646e+02 4.962591303185042193e+02 4.678842003360059607e+02 4.568102154083871369e+02 5.033766498754025633e+02 5.337277374103208558e+02 5.114454752739370633e+02 5.414179826846986998e+02 5.781159249909250093e+02 6.213088756428336410e+02 6.748147589295934949e+02 7.495606206541627898e+02
7.968621569905137676e+02 8.332879692611753626e+02 8.330867068179650232e+02 7.758513548552695056e+02 7.068448030571254321e+02 6.466527201343150182e+02 5.951920971746440046e+02 5.518501120602501260e+02 5.150393222341548380e+02 4.822911797080516862e+02 4.498240015963168048e+02 4.202045507159210160e+02 3.948796812899045676e+02 3.710089490668935923e+02 3.492243704314224715e+02 3.269338473669523069e+02 3.053198706558854383e+02 3.416310774685669003e+02 3.424160884657957808e+02 3.012619790246920957e+02 2.505300246666089947e+02 3.232039206524768815e+02 3.618835653050452379e+02 3.981856598355576011e+02 4.465997319640887895e+02 5.155661326123171193e+02 5.519194510720637936e+02 5.415296863249916441e+02 5.061353842189467969e+02 5.539954259467170914e+02 5.933937551005784599e+02 5.808217000025883863e+02 5.657079247551180288e+02 6.272060146880295406e+02 6.596481223640435019e+02 7.081724378418504102e+02 7.567685475588568806e+02
7.415874514377783271e+02 7.765811027588064235e+02 7.950833913031804059e+02 7.828550168059455245e+02 7.435620397656517753e+02 7.000772388187068600e+02 6.506007593753629408e+02 6.123072402296434120e+02 5.764735002362278919e+02 5.572347111075184785e+02 5.156300103071347394e+02 4.727575858353916374e+02 4.672335811886877650e+02 4.304110378305654194e+02 4.177747043652959746e+02 3.862947807217053651e+02 3.398425098952708368e+02 2.747773543385215476e+02 2.948185269866278304e+02 2.470182434058237959e+02 3.004525051869552499e+02 3.352047400774810626e+02 4.027442115210428142e+02 4.433302443845214498e+02 4.871027181832328097e+02 5.355038924322724370e+02 5.942859509302429615e+02 6.012164532971152084e+02 5.665013570952779673e+02 6.089862891629998103e+02 6.512592007331646755e+02 6.500228948155062199e+02 6.130927056267236139e+02 6.483895215935795022e+02 7.046547991135935263e+02 7.509962600882792003e+02 8.061439065635403267e+02
6.907028519744437745e+02 7.007082312340700128e+02 7.386144488159746970e+02 7.484969085299213702e+02 7.379391451388551104e+02 7.213142725478246575e+02 6.930651918444907551e+02 6.663426988389055623e+02 6.441355090717746634e+02 6.189971870993451830e+02 5.760071718346039233e+02 5.397295850266463049e+02 5.300089088017972472e+02 4.935662606539796116e+02 4.586576999884708243e+02 4.005042251982022776e+02 3.413049076215554578e+02 2.874942165060758157e+02 2.433080682280472615e+02 2.857664593362018763e+02 3.329435250195216440e+02 3.836291142806373955e+02 4.225514048755101157e+02 4.850018971492373225e+02 5.362431234170990137e+02 5.832563515810323906e+02 6.275161382067587965e+02 6.540815430575983100e+02 6.382112665861461664e+02 6.684909096228011549e+02 7.064527785281468368e+02 7.093669272854606334e+02 6.730061763095889091e+02 7.126947838493337031e+02 7.558909560480993832e+02 8.026891672997514888e+02 8.510141500205209013e+02
6.344928524310626017e+02 6.300831369493013199e+02 6.757937427767491272e+02 6.832210537828800625e+02 6.784523397158046691e+02 6.801970858118603473e+02 6.705438262682680488e+02 6.619445333997109628e+02 6.669039612952033167e+02 6.588283187465183346e+02 6.345653230051772198e+02 6.039248943362563296e+02 5.757699477112286104e+02 5.394349308744652944e+02 4.965545233436984631e+02 4.430973474803898853e+02 3.845842074900766079e+02 3.276704711852716514e+02 2.818023023172725061e+02 2.398108707754689135e+02 3.114221714990368923e+02 3.828834264264653484e+02 4.537654345553191888e+02 5.206541700520457425e+02 5.791880436956175799e+02 6.281387172877477951e+02 6.666811467981357282e+02 6.930551269075739356e+02 6.997073129018664304e+02 7.233370277227327279e+02 7.507244932104371173e+02 7.607674485150072314e+02 7.436375319361667380e+02 7.729797908206674038e+02 8.147156906983237832e+02 8.500215573508038460e+02 8.866767780358841264e+02
5.709922699736597451e+02 5.677489818377689517e+02 6.163630160080767837e+02 6.182303331233265453e+02 6.092877040213375039e+02 6.085504075722661810e+02 6.013728153522023376e+02 5.950373257438884593e+02 6.299212982261365141e+02 6.535380239608529109e+02 6.507768175106200488e+02 6.126663383244174383e+02 5.677502064747945951e+02 5.283932703879211203e+02 4.975731488597223233e+02 4.493097310067648777e+02 3.799039169085196477e+02 3.046769629287750263e+02 2.360829886081175459e+02 2.784513719150004363e+02 3.257369143807006822e+02 3.843689370150325431e+02 4.459117839652257089e+02 5.193561964521752543e+02 5.823061659553214895e+02 6.316191266035386889e+02 6.573306214623855794e+02 6.723305510346921210e+02 6.872560338598215139e+02 7.155256398181327313e+02 7.504119085242837173e+02 7.832034918026012065e+02 8.009647200695252423e+02 8.209085903390342764e+02 8.387729373118978629e+02 8.465416512194126426e+02 8.602850609566540925e+02
5.095667962369242332e+02 5.144365635135028469e+02 5.623704459443837322e+02 5.615102640947940245e+02 5.460648544271202809e+02 5.396395384448197774e+02 5.309090129977818151e+02 5.231899655845038524e+02 5.679354938211190529e+02 6.162234142680775904e+02 6.292411952837290983e+02 5.792017217848280097e+02 5.180989968380314394e+02 4.608300242709009922e+02 4.453399366071363374e+02 4.314140676761583109e+02 3.905844713738877090e+02 3.302214086124312757e+02 2.762712025384097956e+02 2.323710508514725461e+02 2.784422455266783913e+02 3.458381975713377301e+02 4.263406465170385218e+02 4.892826031147326944e+02 5.484301391794127767e+02 5.977659965638472386e+02 5.982043048274215380e+02 6.043340938725314118e+02 6.171863320232060914e+02 6.560341800948077662e+02 7.029817750994313883e+02 7.566300363842835850e+02 7.929643693818262591e+02 8.037900086561743365e+02 7.937747667594464929e+02 7.830590497746762821e+02 7.895571154228247224e+02
5.129710981164239456e+02 4.695352420751951286e+02 5.063367899523076971e+02 5.201324533390311444e+02 4.904677016034598296e+02 4.794343412746338231e+02 4.693384063854378496e+02 4.600284550604457650e+02 5.141865255422322889e+02 5.729878676726286812e+02 5.968155412785320095e+02 5.655100817604183021e+02 5.062494889580668200e+02 4.425608559983138548e+02 3.801167974716687468e+02 3.753720646561955618e+02 3.627201584069790670e+02 3.075843902409593511e+02 2.287454097804399566e+02 2.855751237196574834e+02 3.260955651129000898e+02 3.458212529002863107e+02 3.955198280340026713e+02 4.538346111458043879e+02 5.164272817200813961e+02 5.499354548396196378e+02 5.294184473396257999e+02 5.323492306926328865e+02 5.487205820923023794e+02 5.993428407318497193e+02 6.543076229334926666e+02 7.064790281158229845e+02 7.529925218078234366e+02 7.511377496919520809e+02 7.162494997721655636e+02 7.091437992619967190e+02 7.161563671231871240e+02
5.535766340677372455e+02 4.899287824250953918e+02 4.333506139992366002e+02 4.650378477877145542e+02 4.687490696164057908e+02 4.266384283154257560e+02 4.162363808187966470e+02 4.070999601926272362e+02 4.663569585995105626e+02 5.283447135346066261e+02 5.524488019436287232e+02 5.194849172615276984e+02 4.841838567043571970e+02 4.352013834097605240e+02 3.761932798123655175e+02 3.119792441304071531e+02 3.186703654447996996e+02 2.773760883692413586e+02 2.262475242539955502e+02 2.912080448690903722e+02 3.446552109169318214e+02 3.795117769739163123e+02 4.162605340299302839e+02 4.592121543104811394e+02 4.965689072480355435e+02 5.001366523132488737e+02 4.620276943450562612e+02 4.668676009117951935e+02 5.079560953755441801e+02 5.560404231944195317e+02 6.059237201910328849e+02 6.628734342852447980e+02 7.077124226890733780e+02 6.944217992184952664e+02 6.451918888328112871e+02 6.429302294544929737e+02 6.771505689824117553e+02
