output/field_example_test/elevation_000058.asc
nrows	150
cellsize	66.66666667
xllcorner	0
ncols	150
yllcorner	0
NODATA_value	-9999
[rows 102 to 118 of 150, columns 0 to 36 of 150]
8.132558729436490394e-04 6.278474935377403909e+01 1.151578620665974881e+02 1.629837661524216514e+02 2.060242886187638760e+02 2.565070050413257832e+02 3.119260887797651662e+02 3.754153745395249189e+02 4.175427966940899296e+02 4.085832897041504452e+02 3.523582715162962700e+02 2.844370270566515728e+02 2.615282652939504828e+02 2.121269045623603233e+02 1.989942076960633983e+02 1.591796012630606185e+02 1.212940474975973757e+02 6.744173549488881747e+01 1.297323615372161782e+02 1.879022923244614276e+02 2.233565837824745586e+02 2.414056037388435811e+02 2.718445929831326566e+02 2.620137978589836507e+02 2.658841843313385311e+02 3.117547211379499004e+02 3.074419506010546002e+02 2.894921226911811800e+02 2.381753458488345814e+02 1.934421925101559907e+02 1.552974032400659326e+02 1.064264105690255064e+02 1.662074469761315925e+02 2.127155176099070388e+02 2.140138723090026076e+02 2.439863949734822768e+02 2.254852052781904206e+02
5.922670613687738318e-04 3.018891001183241940e+01 6.675598356168509895e+01 1.074917440792708874e+02 1.527731755432386080e+02 2.048292463006953881e+02 2.665499311739967538e+02 3.385617513346675196e+02 4.128518124142294710e+02 4.332597600178884818e+02 3.909053684313464601e+02 3.464666534952017400e+02 2.967239484923545092e+02 2.765690198507883792e+02 2.405487328288990341e+02 1.886449486226349279e+02 1.299676059674310977e+02 6.945154949298988356e+01 1.218944994573127332e+02 1.459298074393769582e+02 1.580910373012205241e+02 2.012069013451558988e+02 2.045516663928684409e+02 1.977558047486508030e+02 2.209010789055975863e+02 2.542681697517389807e+02 2.438521246517831571e+02 2.300431595759297352e+02 1.942506810674010467e+02 1.483720131609046007e+02 1.029338205631353702e+02 1.637634656268373874e+02 2.129929850730653413e+02 2.664225256105220296e+02 2.831575223155592198e+02 3.021150596109646926e+02 2.663808077446168454e+02
5.562019690919195415e-04 6.668333513934199175e+01 1.201332371599575879e+02 1.623622922489344091e+02 2.044129459574055545e+02 2.511171679193014086e+02 3.046568105750731661e+02 3.646500314553372846e+02 4.239539992752676767e+02 4.572998094303694074e+02 4.411193064043617369e+02 3.956121647497399181e+02 3.523460774830622313e+02 3.041980690458051413e+02 2.350780721036597356e+02 1.636650966189051246e+02 1.191208163220023550e+02 1.207008051683914829e+02 7.200939986412666372e+01 7.409910729636905558e+01 1.292460948005173691e+02 1.413330809038667724e+02 1.382215277404087317e+02 1.714508670710497427e+02 1.552001055788927317e+02 1.961967891937146646e+02 1.962815114704729069e+02 1.552436141113238932e+02 1.526282250658653368e+02 9.950483606198640985e+01 1.603570838267160070e+02 2.119985615948501732e+02 2.653066788415077326e+02 3.136576366987432607e+02 3.467953068018995282e+02 3.590788997976610517e+02 3.342593352603240078e+02
4.368481398166852367e-04 6.705179105006210705e+01 1.308057722750287724e+02 1.694169724945502082e+02 2.047823129026875506e+02 2.454432926071675070e+02 2.927378561025777799e+02 3.460456365235019689e+02 4.023200304059035943e+02 4.522703019677438192e+02 4.716663126194954998e+02 4.408692898539663361e+02 3.812374546087643807e+02 3.070508400241707250e+02 2.333717523489810048e+02 1.922697525325611139e+02 1.635374385508262947e+02 1.499981415406216740e+02 1.021222470322650793e+02 1.228391773148787394e+02 7.701225269009280794e+01 7.903412988255844596e+01 1.275377046961927050e+02 1.351630074465263078e+02 8.679255756869515892e+01 1.454972909060871302e+02 1.481627968924075276e+02 9.463874389921866737e+01 9.650747100266832490e+01 1.069969502027983737e+02 1.689944339923267194e+02 2.246712737621111842e+02 2.808024035849707616e+02 3.334104412970381759e+02 3.774168505658921617e+02 4.021046599797349472e+02 4.029581124556109444e+02
7.385796387706187061e-04 6.305085613720861915e+01 1.129232824691256383e+02 1.138664434540710175e+02 1.469482269072825034e+02 1.881677199468210517e+02 2.362015931801108195e+02 2.913952717253962987e+02 3.550628911587045309e+02 4.314778472284032205e+02 4.839296000087472294e+02 4.595466295613049397e+02 3.864413179749706728e+02 3.156151624816789649e+02 2.700070344915243936e+02 2.317026698493703805e+02 1.917515452689649180e+02 1.471822590487410309e+02 1.638811493150512888e+02 1.621824742914823219e+02 1.458217768451459619e+02 1.332062951379185165e+02 8.144116307474673988e+01 8.340350482890409012e+01 1.286483348350607514e+02 8.965884450818236928e+01 9.171373308222057119e+01 1.454890049985769167e+02 1.681259243040841511e+02 1.701806693134979014e+02 1.276523876600072782e+02 1.903751188044966511e+02 2.464014061276436962e+02 3.047640793731152939e+02 3.553169184140070342e+02 3.918884661061400720e+02 4.268322112022489705e+02
3.788329706242149616e-04 5.617773294326315892e+01 6.970698577013824604e+01 1.437722029338596883e+02 1.967554765641449706e+02 2.124368907998386078e+02 2.809330628981569475e+02 3.386972223602389818e+02 3.964638242907766426e+02 4.465996688923517581e+02 5.025855001323378701e+02 4.871019810962972088e+02 4.229576200177165219e+02 3.618498501082719940e+02 3.140601278036199915e+02 2.674492641340731325e+02 2.240800313268049706e+02 1.847265404074795754e+02 2.252824704583008497e+02 2.225756315246129020e+02 2.069029203306996578e+02 1.586350297880863707e+02 9.511294048712346694e+01 1.395816211687539692e+02 1.736196703980211851e+02 1.536210468632496315e+02 1.486168427776044041e+02 1.589965416004799863e+02 2.182798058513691899e+02 2.234047650616082024e+02 1.864778025914133934e+02 1.460395710849883528e+02 2.101999558803616424e+02 2.758741622202689996e+02 2.923435765347576307e+02 3.394311755000544508e+02 4.010474482585970009e+02
2.594695960396056029e-04 2.703027265305347271e+01 9.699955788683746505e+01 1.563380051607119015e+02 2.225481364248699094e+02 2.733932430231601529e+02 2.897241997040734987e+02 3.452194548407072716e+02 4.074135104891965966e+02 4.738109330841633096e+02 5.275043221352802902e+02 5.206182917705476711e+02 4.673147178754189781e+02 4.132611011155958636e+02 3.582184735458757245e+02 3.104026515185875041e+02 2.653555119488628407e+02 2.301938290452158924e+02 2.727633007883910068e+02 2.743180707953045498e+02 2.429216582470165520e+02 1.842569263924034999e+02 1.104433168778774217e+02 1.757427502567295505e+02 2.189868768851329719e+02 2.185677645166670402e+02 2.105897025665014723e+02 2.092185339274927287e+02 2.622708507186679299e+02 2.708394747799262632e+02 2.239132752749752058e+02 1.595441376870444117e+02 2.144413224621597465e+02 2.453358587880357788e+02 2.245533915686370392e+02 2.944860070377929446e+02 3.583187944576406494e+02
1.909469283360093537e-04 6.938450292500908745e+01 1.333696525188322255e+02 1.953873268836660202e+02 2.542765838746497877e+02 3.110213011797295053e+02 3.540934628477272099e+02 3.982799949556037973e+02 4.502903224999807321e+02 5.046892807518203199e+02 5.496070817360118781e+02 5.547095261251020020e+02 5.205175401389653871e+02 4.644772793986140300e+02 4.116966254230293885e+02 3.590659966602135569e+02 3.175255743949886096e+02 2.831200058573195975e+02 3.053348883022353562e+02 2.875189364383312522e+02 2.463562951573261728e+02 1.862330373063947775e+02 1.248957565296033607e+02 1.825509324357807941e+02 2.430513560922944123e+02 2.789971329630683385e+02 2.768299050660744456e+02 2.673121657055117453e+02 3.107839327508111182e+02 3.139951183213241848e+02 2.655052608572738677e+02 2.238613059227574524e+02 1.758663090171465910e+02 1.941529154852144927e+02 2.564327733392891560e+02 2.540103118869154173e+02 3.174209450503336711e+02
7.185607202273532664e-04 7.178132070490954675e+01 1.349565505820038140e+02 1.924845599181940372e+02 2.425985079751574744e+02 3.068552079467347653e+02 3.645620707939897898e+02 4.090878891877922570e+02 4.526989333040862675e+02 4.988032707684345155e+02 5.427782370108798204e+02 5.714983885118048192e+02 5.597781338246953737e+02 5.217056982967276326e+02 4.669413833996215999e+02 4.185224824177555547e+02 3.728703954872649433e+02 3.387285887404289610e+02 3.085042248832999690e+02 2.574650412021530315e+02 2.096748440910011198e+02 1.697846626334725784e+02 1.396311732125974174e+02 2.091958549100338587e+02 2.702785961921833859e+02 3.189162283308929773e+02 3.410542473015495943e+02 3.350824554371250770e+02 3.578056374402844995e+02 3.550700688545544494e+02 3.090825030831333606e+02 2.416659998832167275e+02 1.910417285576657491e+02 2.438654186874213110e+02 2.971326822208617955e+02 3.157542491174957036e+02 2.862516304674139747e+02
3.626508231026779813e-04 4.097699538558454435e+01 9.249227024517500695e+01 1.535961889390453052e+02 2.301186184362778704e+02 2.957170188666308377e+02 3.255552179762440232e+02 3.601683475200267708e+02 4.013979243431890040e+02 4.489368891039947016e+02 5.013608497277089668e+02 5.540528559076122974e+02 5.770761422777211465e+02 5.627190049998627046e+02 5.275074628536037835e+02 4.766886425248981141e+02 4.314028991847173415e+02 3.849630562969056768e+02 3.355672966790962164e+02 2.884148141922644299e+02 2.458252145438890750e+02 2.057494946726357057e+02 1.544442173690069637e+02 1.992333242264095361e+02 2.537031757207688827e+02 3.166600190457533017e+02 3.803871439203277305e+02 3.999079686954549402e+02 4.162019766653197053e+02 3.850735312591412480e+02 3.258166192455250325e+02 2.782393157303242788e+02 2.089769707875520055e+02 2.805317673142647550e+02 3.322080180093545891e+02 3.689464918167325322e+02 3.520004291049473295e+02
5.364932245224447727e-04 7.036491745498412342e+01 1.336328317512682986e+02 1.906460077873529428e+02 2.407391392195185915e+02 2.693736971930842401e+02 2.635449438158132125e+02 2.996299856165403526e+02 3.464066759523081487e+02 3.979339290736187991e+02 4.647522344858510337e+02 5.116759426661377574e+02 5.521170570790133070e+02 5.767713390065415524e+02 5.697009578168690496e+02 5.349778154260428664e+02 4.802361588878065959e+02 4.247346717561492255e+02 3.758731941688613460e+02 3.316239939318488155e+02 2.906284221286426828e+02 2.364451136156042708e+02 1.723251436081720840e+02 2.412723814543507785e+02 2.939942743684694051e+02 3.520239571148094342e+02 4.101883344488724674e+02 4.556295896074186089e+02 4.603851303394688443e+02 4.192078594960402711e+02 3.590293010677765437e+02 2.909602634660339504e+02 2.265788786540960302e+02 2.949354704446566871e+02 3.649506286123265681e+02 4.143030125780990147e+02 4.206198767866362118e+02
9.669430056387668532e-04 6.294468538050426787e+01 1.299430503121375864e+02 1.892902021248889071e+02 2.159580421999832822e+02 2.129444390684707002e+02 2.050960347168295357e+02 2.517777073303278144e+02 3.102149952007418392e+02 3.889670252942581783e+02 4.398831314956934193e+02 4.522139776156445237e+02 4.994514502097289892e+02 5.553974294361609054e+02 5.888349161515430978e+02 5.736381522003224518e+02 5.228258084931487701e+02 4.715062205495890453e+02 4.221060319396095224e+02 3.791076376368969818e+02 3.262176413023130976e+02 2.632689390140919272e+02 1.905860439868339711e+02 2.535326240223612331e+02 3.212158631026370585e+02 3.847651452082488390e+02 4.431244275232511427e+02 4.864385720417297989e+02 4.812460003904604946e+02 4.220281771459882521e+02 3.528269722029040736e+02 2.867326891884470683e+02 2.429382031636007468e+02 3.027483036270733692e+02 3.739336393698480947e+02 4.405462099347329286e+02 4.817910932595764848e+02
3.529313338424250714e-04 6.483531547742096279e+01 1.261266987792558609e+02 1.603872663869837822e+02 1.582313159907502040e+02 1.484099841078558200e+02 2.095348727428724942e+02 2.733929129026907390e+02 3.346130589867292429e+02 3.763575596653031994e+02 3.857090344932553876e+02 3.910181515700717796e+02 4.505709850307214310e+02 5.181961667792156732e+02 5.824531995904940231e+02 5.976098570499855214e+02 5.630939877240923579e+02 5.098881310442902759e+02 4.478359018009700776e+02 3.810221716745429035e+02 3.177598264662660199e+02 2.593570828180182843e+02 2.075128541537754074e+02 2.447893218228547880e+02 3.046945125328749668e+02 3.696362090586760587e+02 4.383905610587004844e+02 4.974823541889991816e+02 4.957131916906681681e+02 4.316687181263335447e+02 3.649672400989897483e+02 3.172278639503443856e+02 2.617344046891751645e+02 3.282526660408757380e+02 3.884834618087992908e+02 4.426935229523416524e+02 4.919666751048546303e+02
2.760532530159240296e-04 5.795912977610408490e+01 9.199506411449763732e+01 1.037136353494857985e+02 9.419219135464686588e+01 1.543886149778537629e+02 2.199389482504756188e+02 2.832888362143336280e+02 3.210351305392538848e+02 3.246285443800626354e+02 3.216471627367605493e+02 3.791689974864484611e+02 4.427502371335654630e+02 5.097410429062392723e+02 5.722189249498696881e+02 6.014463677080285606e+02 5.698473219875340874e+02 5.009249950909327822e+02 4.291618619249345556e+02 3.637797439147275895e+02 3.061555946667573380e+02 2.543510156817156940e+02 2.263877964244683767e+02 2.777259599720815686e+02 3.124851968308900609e+02 3.691865838142576308e+02 4.392198611839098135e+02 5.087814061947495929e+02 5.191872806753057148e+02 4.669735241343781809e+02 4.107468191397373971e+02 3.497250298724782738e+02 2.817820520911637345e+02 3.104416621485828500e+02 3.507186045048982237e+02 3.979786388528446537e+02 4.532766656527065834e+02
5.225396420188720180e-04 1.272268378222219809e+01 2.753259646710574415e+01 4.440055558236508659e+01 1.073485962750843328e+02 1.613292830487037577e+02 2.217318694223353077e+02 2.644918904670135475e+02 2.696250361649966294e+02 2.621748526572363289e+02 3.204983235069382204e+02 3.835473439549952559e+02 4.465212729015126456e+02 4.980051094540932013e+02 5.396464831308951489e+02 5.827000877471709828e+02 5.678821108443490857e+02 4.970069823822957460e+02 4.237287647443900482e+02 3.613691342997678362e+02 3.121961777050254909e+02 2.855249788873599641e+02 2.484009623862976071e+02 3.108270625169988080e+02 3.629330053453087999e+02 4.130187397792511774e+02 4.720775843189135230e+02 5.341411277969770026e+02 5.488131905327438744e+02 5.092627093956624549e+02 4.517193628939313044e+02 3.833443616375340071e+02 3.055686758389757074e+02 3.610514469355817369e+02 4.038460132443786392e+02 4.495192913099863858e+02 4.998095543659929945e+02
7.866301982321915890e-04 5.788097755052781679e+01 9.212232594104787609e+01 1.059657222752028218e+02 7.458056353564249719e+01 1.422165248448478678e+02 1.825045208374224899e+02 2.210608199186386287e+02 2.092156701607643754e+02 2.631904471130911247e+02 3.161338795905998609e+02 3.719485936473234915e+02 4.069289300413099113e+02 4.433716753511642423e+02 5.001428037648666987e+02 5.601609653538877183e+02 5.788253363438516317e+02 5.353752372811767373e+02 4.658068045478234467e+02 4.036710184659027618e+02 3.574994811774505479e+02 3.175280906784228137e+02 2.732140788641989957e+02 3.368908818353126549e+02 3.934852234128200621e+02 4.486677114509181479e+02 5.062127853553005821e+02 5.581793022739756225e+02 5.702446481315760138e+02 5.245974069766009507e+02 4.622204094508755929e+02 3.934390198206653508e+02 3.320579679871071335e+02 3.936370694347237418e+02 4.443228438472043536e+02 4.946654438531925848e+02 5.474434495529666265e+02
9.586550198702181984e-05 6.427839668718442567e+01 1.246503474269742497e+02 1.558189502463968381e+02 1.438482957075497950e+02 1.025050079544872119e+02 1.225252218520147665e+02 1.831055530631997783e+02 1.781749107091313249e+02 2.061485887418777168e+02 2.759668108722946158e+02 3.335832794686141938e+02 3.457997220138587977e+02 3.972998060483189420e+02 4.616037998009726380e+02 5.340722337696122395e+02 5.894442817216711319e+02 5.686699373395575776e+02 5.070259377284306765e+02 4.478354249607871793e+02 3.992502498666700035e+02 3.505559107620992449e+02 3.069695152159969211e+02 3.162248042691007299e+02 3.638905987849387316e+02 4.236180452604146467e+02 4.954043351669868116e+02 5.641664427062106597e+02 5.700088085742049770e+02 5.045975458407226597e+02 4.328752544794459141e+02 3.781629952690681762e+02 3.914167287305643868e+02 3.812248139196620969e+02 4.242262437649231970e+02 4.843663745709811224e+02 5.480477999660538444e+02
