output/field_example_test/elevation_000063.asc
nrows	150
cellsize	66.66666667
xllcorner	0
ncols	150
yllcorner	0
NODATA_value	-9999
[rows 102 to 118 of 150, columns 0 to 36 of 150]
8.132558729436490394e-04 6.278474873351205332e+01 1.151578597653020353e+02 1.629837599172688272e+02 2.060242744808611235e+02 2.565069745576117839e+02 3.119260276244513079e+02 3.754152579475186258e+02 4.175426170062399933e+02 4.085830846401101439e+02 3.523581181046924371e+02 2.844369445770400944e+02 2.615282099881543445e+02 2.121268833343309552e+02 1.989941997446446180e+02 1.591796064124171437e+02 1.212940582699470582e+02 6.744174551793193473e+01 1.297323692975069207e+02 1.879022862358970940e+02 2.233565518951633919e+02 2.414055455275959332e+02 2.718444908940426217e+02 2.620136942418224066e+02 2.658840604874913538e+02 3.117544886663592933e+02 3.074417179509074458e+02 2.894919223249835909e+02 2.381752364530366037e+02 1.934421438362117271e+02 1.552973918416892047e+02 1.064264181552185988e+02 1.662074253812041036e+02 2.127154561949932372e+02 2.140138079739330124e+02 2.439862924448918875e+02 2.254851298629953931e+02
5.922670613687738318e-04 3.018890987344337518e+01 6.675598294797090659e+01 1.074917421340931867e+02 1.527731701130358317e+02 2.048292318892332275e+02 2.665498944213366599e+02 3.385616641235125712e+02 4.128516321356912044e+02 4.332595032369930550e+02 3.909051455067054803e+02 3.464664905323505195e+02 2.967238512240635941e+02 2.765689546321585794e+02 2.405487049889133857e+02 1.886449480811029673e+02 1.299676157075632261e+02 6.945155959665405021e+01 1.218945100320565587e+02 1.459298128999649578e+02 1.580910346086219818e+02 2.012068823974557858e+02 2.045516378970241647e+02 1.977557763881170274e+02 2.209010203954040890e+02 2.542680598470484483e+02 2.438520221555839100e+02 2.300430736262024709e+02 1.942506366261966377e+02 1.483720047391310857e+02 1.029338289753534355e+02 1.637634446994779012e+02 2.129929091743434526e+02 2.664223718453062020e+02 2.831573332173330755e+02 3.021148240012038286e+02 2.663806500484782305e+02
5.562019690919195415e-04 6.668333485909798242e+01 1.201332360871022473e+02 1.623622891681311842e+02 2.044129378120397860e+02 2.511171476837409102e+02 3.046567633798597399e+02 3.646499303089366322e+02 4.239538077857602616e+02 4.572995105933728155e+02 4.411189899636427754e+02 3.956119098896239734e+02 3.523458991134891107e+02 3.041979660723146139e+02 2.350780380573606863e+02 1.636650983602008580e+02 1.191208262095607182e+02 1.207008175202512490e+02 7.200941008881704875e+01 7.409911754558889641e+01 1.292461027755721830e+02 1.413330851906746943e+02 1.382215308220179111e+02 1.714508624416151861e+02 1.552000951920560965e+02 1.961967520027380090e+02 1.962814749304911572e+02 1.552436000931670321e+02 1.526282189804355198e+02 9.950484519785426585e+01 1.603570735022641713e+02 2.119985003427412380e+02 2.653065296000872308e+02 3.136573713017469345e+02 3.467949381042909067e+02 3.590784659312272993e+02 3.342589655184549997e+02
4.368481398166852367e-04 6.705179083443699994e+01 1.308057714322758898e+02 1.694169701885650454e+02 2.047823067925335465e+02 2.454432775206385031e+02 2.927378210046892377e+02 3.460455608383730350e+02 4.023198821833947818e+02 4.522700460892929186e+02 4.716659480934980024e+02 4.408689393550491786e+02 3.812372091957810198e+02 3.070507176623103192e+02 2.333717129494367839e+02 1.922697442190521997e+02 1.635374445163798782e+02 1.499981525899355006e+02 1.021222576833916520e+02 1.228391881730121327e+02 7.701226298551515015e+01 7.903414020591945643e+01 1.275377152556649918e+02 1.351630165730033752e+02 8.679256780934255744e+01 1.454972899339299204e+02 1.481627958437378254e+02 9.463875360419929450e+01 9.650748055551913751e+01 1.069969586047466521e+02 1.689944206802820474e+02 2.246712034983505077e+02 2.808022322325132336e+02 3.334101252757650400e+02 3.774163668596138450e+02 4.021040310566414746e+02 4.029574343204193951e+02
7.385796387706187061e-04 6.305085602340557216e+01 1.129232820898516678e+02 1.138664428058246898e+02 1.469482252517743746e+02 1.881677151282230227e+02 2.362015799753087322e+02 2.913952375424951811e+02 3.550628078576053781e+02 4.314776541678836566e+02 4.839292629070621956e+02 4.595462338438339884e+02 3.864410457844512052e+02 3.156150160607037947e+02 2.700069586843194998e+02 2.317026390434115513e+02 1.917515407772453955e+02 1.471822664597397932e+02 1.638811535274532787e+02 1.621824783686690523e+02 1.458217836694759626e+02 1.332063053669614305e+02 8.144117349330086597e+01 8.340351528471857989e+01 1.286483448119282684e+02 8.965885463174896586e+01 9.171374307656749636e+01 1.454890088443173966e+02 1.681259181960118099e+02 1.701806618089938183e+02 1.276523909263989367e+02 1.903750833455346765e+02 2.464012929985118205e+02 3.047638422034229961e+02 3.553165103842210328e+02 3.918878655947967218e+02 4.268313876023471494e+02
3.788329706242149616e-04 5.617773288129998832e+01 6.970698559504783987e+01 1.437722020792653552e+02 1.967554741919686023e+02 2.124368856619597921e+02 2.809330464598200479e+02 3.386971796977136364e+02 3.964637280223017797e+02 4.465994804103952447e+02 5.025851541335409252e+02 4.871015212578398064e+02 4.229572527672797264e+02 3.618496080880440218e+02 3.140599822105615999e+02 2.674491903838707003e+02 2.240800013610102326e+02 1.847265370136735498e+02 2.252824532324459597e+02 2.225756169807729066e+02 2.069029136993401607e+02 1.586350354487803997e+02 9.511295098307058993e+01 1.395816288696647973e+02 1.736196704488775424e+02 1.536210459022231873e+02 1.486168404744299778e+02 1.589965327470395096e+02 2.182797625234306338e+02 2.234047175869135344e+02 1.864777822074939309e+02 1.460395678595602647e+02 2.101999032788765192e+02 2.758740162646098497e+02 2.923433659209088660e+02 3.394307786074395494e+02 4.010467656152039808e+02
2.594695960396056029e-04 2.703027262004788867e+01 9.699955760579399566e+01 1.563380042118287747e+02 2.225481336554980771e+02 2.733932356683795319e+02 2.897241860913494520e+02 3.452194231425551720e+02 4.074134322940324182e+02 4.738107484471631778e+02 5.275039423335398396e+02 5.206177473814580026e+02 4.673142234394540537e+02 4.132607202029295763e+02 3.582182214963468141e+02 3.104024984704091707e+02 2.653554329873298911e+02 2.301937971185699894e+02 2.727632457123518179e+02 2.743180236654249029e+02 2.429216335608851693e+02 1.842569248801771096e+02 1.104433266256074120e+02 1.757427493432796268e+02 2.189868549368111985e+02 2.185677292361481534e+02 2.105896620972910398e+02 2.092184873313847504e+02 2.622707404827463051e+02 2.708393593487922431e+02 2.239132171389013308e+02 1.595441289383467733e+02 2.144412853763721500e+02 2.453357876594700429e+02 2.245533281710020503e+02 2.944857844216159037e+02 3.583183505432746188e+02
1.909469283360093537e-04 6.938450282384867762e+01 1.333696521074774068e+02 1.953873256532792766e+02 2.542765805748508967e+02 3.110212927994854226e+02 3.540934430666482626e+02 3.982799520946572329e+02 4.502902269125840462e+02 5.046890792460726516e+02 5.496067021577277956e+02 5.547089287209246322e+02 5.205168995209977538e+02 4.644767356997558636e+02 4.116962113978085540e+02 3.590657202387848201e+02 3.175254026877424849e+02 2.831199122709744529e+02 3.053347884046297622e+02 2.875188675697352778e+02 2.463562647250469411e+02 1.862330346371916221e+02 1.248957650726417228e+02 1.825509243012570550e+02 2.430513059954223536e+02 2.789970286763953595e+02 2.768297776257285250e+02 2.673120341541555831e+02 3.107837121298044849e+02 3.139949003365795761e+02 2.655051351344524164e+02 2.238612507707789803e+02 1.758662941174764285e+02 1.941528890750674350e+02 2.564326790984388253e+02 2.540102033425945365e+02 3.174206884881942301e+02
7.185607202273532664e-04 7.178132061840186395e+01 1.349565502554260377e+02 1.924845589989238874e+02 2.425985057047709290e+02 3.068552018987076053e+02 3.645620552507469938e+02 4.090878533314815400e+02 4.526988554468313737e+02 4.988031126291339774e+02 5.427779435692247034e+02 5.714979041511544438e+02 5.597774456046606701e+02 5.217049842073922719e+02 4.669407796608463173e+02 4.185220182051398297e+02 3.728700800516395475e+02 3.387283846410493879e+02 3.085040976523075642e+02 2.574649845668074590e+02 2.096748269672104072e+02 1.697846631313034038e+02 1.396311797033921209e+02 2.091958300703069540e+02 2.702785054265583540e+02 3.189160417391859141e+02 3.410539703710019808e+02 3.350821551608426603e+02 3.578052611783948009e+02 3.550697191984464780e+02 3.090822925575915860e+02 2.416659216678803830e+02 1.910417050122145781e+02 2.438653396133258013e+02 2.971325032124590280e+02 3.157540138402734442e+02 2.862514514275736133e+02
3.626508231026779813e-04 4.097699535852926545e+01 9.249227011955771616e+01 1.535961884941864639e+02 2.301186169575642850e+02 2.957170148918976906e+02 3.255552090880418632e+02 3.601683270041596074e+02 4.013978792829922781e+02 4.489367956853147348e+02 5.013606652948298574e+02 5.540525088041761137e+02 5.770755912839143775e+02 5.627182334559429364e+02 5.275066591442050594e+02 4.766879600533900430e+02 4.314023777933721817e+02 3.849627070085885521e+02 3.355670865602143635e+02 2.884146983761136767e+02 2.458251587380943306e+02 2.057494771859380478e+02 1.544442209266505017e+02 1.992333039826569347e+02 2.537030920465045369e+02 3.166598018404699815e+02 3.803867109519548535e+02 3.999074182996969853e+02 4.162013500093306675e+02 3.850730518761293979e+02 3.258163510461262717e+02 2.782391782213566671e+02 2.089769316444308060e+02 2.805316225661917429e+02 3.322077335323623970e+02 3.689460609738893027e+02 3.520000198907048912e+02
5.364932245224447727e-04 7.036491742026379370e+01 1.336328316141388655e+02 1.906460073889645628e+02 2.407391382248045772e+02 2.693736952026536073e+02 2.635449402333054536e+02 2.996299762747192403e+02 3.464066544404373644e+02 3.979338827280440114e+02 4.647521277048585375e+02 5.116757332971428127e+02 5.521166700703515744e+02 5.767707163858402737e+02 5.697000756452121095e+02 5.349769031898230196e+02 4.802354203334259068e+02 4.247341488124433795e+02 3.758728459476775470e+02 3.316237770211412794e+02 2.906282993477318541e+02 2.364450667435547757e+02 1.723251400827647899e+02 2.412723199563171477e+02 2.939941097895205644e+02 3.520236138096507261e+02 4.101877407298052276e+02 4.556287403309254387e+02 4.603842445198174573e+02 4.192072018741333750e+02 3.590289236849409349e+02 2.909600960076249976e+02 2.265788207340027611e+02 2.949352867855162117e+02 3.649502197272989292e+02 4.143023566764455268e+02 4.206191155670437070e+02
9.669430056387668532e-04 6.294468536152129445e+01 1.299430502364980384e+02 1.892902019136955403e+02 2.159580417618926163e+02 2.129444383437280806e+02 2.050960336008019453e+02 2.517777040726648750e+02 3.102149855563758933e+02 3.889669965975331820e+02 4.398830711401248550e+02 4.522138743036720143e+02 4.994512230066948177e+02 5.553969791588340286e+02 5.888341678373209334e+02 5.736371180049100076e+02 5.228248634847991525e+02 4.715054768415625404e+02 4.221055086167197601e+02 3.791072906023679252e+02 3.262174499172707556e+02 2.632688613183706821e+02 1.905860310852228849e+02 2.535325479877049020e+02 3.212156441207336002e+02 3.847646868545853636e+02 4.431236589243606545e+02 4.864375160078018894e+02 4.812449522049604980e+02 4.220274818610605507e+02 3.528266051968869874e+02 2.867325319371169030e+02 2.429381261517660846e+02 3.027481008813084031e+02 3.739331801488215206e+02 4.405453852148056626e+02 4.817899238235953021e+02
3.529313338424250714e-04 6.483531546692103120e+01 1.261266987408630484e+02 1.603872662993919676e+02 1.582313158427434132e+02 1.484099838876553861e+02 2.095348719827186130e+02 2.733929105441733896e+02 3.346130524215247419e+02 3.763575447145972817e+02 3.857090083909578766e+02 3.910181086241565254e+02 4.505708709355247379e+02 5.181958858340716461e+02 5.824525840413231208e+02 5.976087942437301308e+02 5.630928673665373481e+02 5.098872096549057460e+02 4.478352825020980390e+02 3.810218263134661925e+02 3.177596608030428342e+02 2.593570163751323321e+02 2.075128330287821825e+02 2.447892603346980138e+02 3.046943371531791058e+02 3.696358164128251929e+02 4.383898171976096592e+02 4.974812056525823323e+02 4.957120034754562425e+02 4.316679357170361300e+02 3.649668060680372150e+02 3.172276278327186674e+02 2.617342995185521204e+02 3.282524021493575788e+02 3.884829471856096461e+02 4.426926797976917101e+02 4.919654279147552529e+02
2.760532530159240296e-04 5.795912977150757683e+01 9.199506410094872422e+01 1.037136353235911344e+02 9.419219131496510045e+01 1.543886148209086286e+02 2.199389477275725824e+02 2.832888347227896020e+02 3.210351271729549012e+02 3.246285382993393682e+02 3.216471530146059195e+02 3.791689685007796129e+02 4.427501546323701973e+02 5.097408297865881082e+02 5.722184478699005012e+02 6.014455320067420416e+02 5.698462531036331029e+02 5.009241537618201505e+02 4.291613350748566518e+02 3.637794600482578744e+02 3.061554578925852752e+02 2.543509572924264148e+02 2.263877640117381134e+02 2.777258636795870075e+02 3.124850034402356300e+02 3.691861895992036011e+02 4.392190916834497330e+02 5.087801348511977722e+02 5.191858718860597719e+02 4.669724813794806551e+02 4.107461481918941786e+02 3.497246724050049806e+02 2.817819104743214780e+02 3.104414499721421521e+02 3.507182540723217130e+02 3.979780548002373166e+02 4.532757065307840207e+02
5.225396420188720180e-04 1.272268378194346283e+01 2.753259646599613930e+01 4.440055557857632351e+01 1.073485962432597631e+02 1.613292829396388868e+02 2.217318691041933505e+02 2.644918897206690076e+02 2.696250348351376260e+02 2.621748504041126466e+02 3.204983153666219096e+02 3.835473183577236114e+02 4.465212006698126856e+02 4.980049361698287953e+02 5.396461310769504962e+02 5.826994104694558700e+02 5.678811242426698982e+02 4.970061892979454683e+02 4.237282651553660457e+02 3.613688568346167926e+02 3.121960272933887950e+02 2.855248839099141378e+02 2.484009105515042108e+02 3.108269039193303911e+02 3.629326706914947636e+02 4.130181413259028318e+02 4.720765870142041081e+02 5.341396184891589201e+02 5.488114982328099813e+02 5.092613399042222682e+02 4.517184404675905398e+02 3.833438553677651157e+02 3.055684749838081871e+02 3.610510609151773451e+02 4.038454049970142137e+02 4.495183707191761187e+02 4.998082096685166107e+02
7.866301982321915890e-04 5.788097754990046440e+01 9.212232593877629938e+01 1.059657222696018408e+02 7.458056352611927764e+01 1.422165247923192339e+02 1.825045207084249625e+02 2.210608196165367474e+02 2.092156697206692684e+02 2.631904448761702611e+02 3.161338723846394601e+02 3.719485741871514506e+02 4.069288856621684545e+02 4.433715723352860323e+02 5.001425570666427802e+02 5.601604254868125281e+02 5.788243988346614515e+02 5.353743064342194202e+02 4.658061251647697532e+02 4.036705856644165351e+02 3.574992151448621485e+02 3.175279316927053515e+02 2.732139969439908214e+02 3.368906691566405698e+02 3.934847924396686949e+02 4.486669515330653439e+02 5.062115661120409982e+02 5.581775833701252623e+02 5.702427521742520184e+02 5.245959165018065278e+02 4.622194326751758240e+02 3.934384709336846413e+02 3.320576864703392630e+02 3.936365437805390002e+02 4.443220154045330901e+02 4.946642077197991512e+02 5.474417002768112752e+02
9.586550198702181984e-05 6.427839668643434834e+01 1.246503474239928551e+02 1.558189502380772353e+02 1.438482956950653602e+02 1.025050079396222031e+02 1.225252218248813563e+02 1.831055529564288520e+02 1.781749105713360848e+02 2.061485881835740486e+02 2.759668073579708789e+02 3.335832694556470415e+02 3.457997037222993981e+02 3.972997556893883484e+02 4.616036565872548749e+02 5.340718677106146970e+02 5.894435321386898750e+02 5.686689160513701609e+02 5.070250738641417456e+02 4.478348063789853768e+02 3.992498348939520838e+02 3.505556615677529635e+02 3.069693809283902510e+02 3.162246457624480627e+02 3.638902907072059065e+02 4.236174410848888101e+02 4.954032195494741018e+02 5.641646891802583923e+02 5.700069109483804368e+02 5.045962189174828723e+02 4.328744750755965924e+02 3.781625325285009467e+02 3.914162188509518501e+02 3.812243433561698680e+02 4.242255439326450528e+02 4.843652489877811718e+02 5.480461136190566549e+02
