output/field_example_test/elevation_000028.asc
nrows	150
cellsize	66.66666667
xllcorner	0
ncols	150
yllcorner	0
NODATA_value	-9999
[rows 17 to 33 of 150, columns 111 to 147 of 150]
1.245134586289866547e+03 1.205808780776706499e+03 1.170272195065194182e+03 1.226859895203707538e+03 1.255344355145737836e+03 1.222610435222364231e+03 1.147639214444007166e+03 1.075523821277806519e+03 1.013624700674655514e+03 9.607221459818165386e+02 9.146338748622490584e+02 8.734913780915035204e+02 8.359640347997515164e+02 8.117128301143491171e+02 7.921180053022433185e+02 8.494984955481849056e+02 8.977962962283337447e+02 9.450321148530740629e+02 9.888826727664431928e+02 1.045163801740470490e+03 1.112731300951114235e+03 1.159639444520788402e+03 1.157195404759311714e+03 1.114605502699678937e+03 1.060394633080395806e+03 1.001510090685196587e+03 9.386400595027263307e+02 9.768541399522721349e+02 9.548645447900803447e+02 9.050035558775111895e+02 9.642157665829577127e+02 1.009307826300665738e+03 1.025772405419222423e+03 1.055602478427895676e+03 1.086418820523234444e+03 1.118563350126999921e+03 1.165394417563259140e+03
1.193187964409575216e+03 1.152584879719492164e+03 1.125731744888499634e+03 1.184115309441872796e+03 1.235557668712688155e+03 1.234634529381015454e+03 1.183358623892268497e+03 1.120810948909951549e+03 1.061107234163978774e+03 1.007449689896544328e+03 9.605824149607699383e+02 9.188370129081434925e+02 8.818857241093415951e+02 8.417948394126872245e+02 7.816738438114876999e+02 8.372964253738307434e+02 8.974838411222252716e+02 9.603630041702798508e+02 1.025037901040973338e+03 1.082027951938708384e+03 1.131828133992706171e+03 1.152210336300686777e+03 1.124160123640672509e+03 1.069310230728242914e+03 1.017428277502234891e+03 9.640811287920612358e+02 9.032099760340097419e+02 9.347547162609752149e+02 8.839365320419948375e+02 9.425462351667097209e+02 9.972597029226195673e+02 1.049829197612929875e+03 1.089589182083326250e+03 1.118697772051640413e+03 1.150755128499058628e+03 1.183146026863705401e+03 1.215329007360159949e+03
1.144622477335114581e+03 1.094511952037443734e+03 1.088755163228435549e+03 1.151417975807374660e+03 1.216484127599581143e+03 1.238811949137108741e+03 1.190133171644946287e+03 1.122333986724007218e+03 1.055749509241787564e+03 9.939269196036917720e+02 9.428094727870252427e+02 8.969431673625387020e+02 8.556157160008974643e+02 8.324827623052842682e+02 7.722857810335901831e+02 8.370936916322397110e+02 9.006861922720320308e+02 9.574627754210057446e+02 1.016576407951976194e+03 1.075570736886674013e+03 1.123067068841916125e+03 1.124568692637385539e+03 1.076431018173797383e+03 1.022477779261336991e+03 9.684395384816560863e+02 9.225760191598066058e+02 8.719984211263489442e+02 9.022820095188768619e+02 8.708374945346140521e+02 9.227937703737308084e+02 9.810867909731058489e+02 1.044849815949427693e+03 1.110611127047295668e+03 1.168528315612152028e+03 1.207749218097066205e+03 1.243268889549135338e+03 1.278183511150861477e+03
1.104714857804009171e+03 1.041954555146704251e+03 1.083227951883363403e+03 1.138910108849491735e+03 1.198157985144268650e+03 1.236777292549603999e+03 1.203255157385626717e+03 1.138624782621099030e+03 1.075622984247273962e+03 1.032487586911764311e+03 9.844227755509629105e+02 9.331857740056188959e+02 8.691711492929101723e+02 8.008447985685750155e+02 7.626687135035101619e+02 8.256616421531479091e+02 8.567055585808619753e+02 9.096251408684123589e+02 9.721681083777193635e+02 1.040858898405106856e+03 1.098369407642905344e+03 1.091309589950569034e+03 1.036015245580271767e+03 9.755119186311665089e+02 9.227169426671079009e+02 8.805548013473999163e+02 8.438715043306073085e+02 8.544142979475532229e+02 9.110596366419374590e+02 9.663836085316074787e+02 1.022972391649518499e+03 1.078804445173046361e+03 1.129272848931765793e+03 1.174890070216098366e+03 1.213777688508146866e+03 1.252972549779523433e+03 1.297600803879802243e+03
1.069421509241952435e+03 1.010649936870379747e+03 1.075379877492625155e+03 1.127907399279923311e+03 1.187441179262254309e+03 1.221218376011070404e+03 1.192656646613630073e+03 1.133075040640566158e+03 1.071839872020454777e+03 1.018908212362003383e+03 9.707302845649415985e+02 9.276742898518202765e+02 8.813771652366305034e+02 8.169639652266449730e+02 7.540574589160694359e+02 7.912954914046969179e+02 8.482185280193738208e+02 9.114155636540026535e+02 9.806689666746993908e+02 1.045505744143136781e+03 1.075396123478609525e+03 1.056331040461928978e+03 9.976963113894356638e+02 9.382062238941603027e+02 8.843598282339014531e+02 8.312089032073666885e+02 8.854071988431875297e+02 9.103631358585595308e+02 8.884863810346843138e+02 9.607859918695031638e+02 1.022559303850154492e+03 1.072500375633409931e+03 1.093248331763135639e+03 1.125546849097497898e+03 1.163985931577779411e+03 1.202544749306253607e+03 1.267115380501874142e+03
1.032482756339662046e+03 9.820848583516783492e+02 1.038358384863455058e+03 1.106120873036707280e+03 1.153921068683058820e+03 1.193869933173012896e+03 1.168111971278044393e+03 1.094756946844617460e+03 1.024048782201187805e+03 9.637281722466065048e+02 9.120128430877073242e+02 8.669183193248881025e+02 8.586758795084715530e+02 8.150957295572526391e+02 7.456908392584630292e+02 7.954974232421852776e+02 8.539328635696368792e+02 9.211523193549215875e+02 9.905717800063183631e+02 1.033091650875473761e+03 1.026213372822888914e+03 1.014958274622721319e+03 9.589114183560072888e+02 8.986748366344436363e+02 8.547367031295614197e+02 8.213997285226281519e+02 8.884293299764394760e+02 9.479965312692746693e+02 9.546864734963550063e+02 9.248091012565405435e+02 9.883791050239250353e+02 1.035523835872332029e+03 1.030066617479335036e+03 1.063546145254195608e+03 1.114921703857416787e+03 1.183424856089732202e+03 1.253091161868966083e+03
9.822340839084665731e+02 9.564334465294095935e+02 1.019753297078267792e+03 1.061577184193892435e+03 1.116635887733339814e+03 1.165077840458367973e+03 1.152388277985012110e+03 1.087411803432834859e+03 1.017622677857407552e+03 9.544904370508576221e+02 8.989052020190694066e+02 8.492984587320486298e+02 8.040389427081832991e+02 7.936772137814233474e+02 7.367756656169763119e+02 7.904862698581374616e+02 8.526372451875288334e+02 9.213840554843037580e+02 9.821334146594981576e+02 9.945090115718232937e+02 9.639127226166942819e+02 9.680082103128838753e+02 9.217435303984533448e+02 8.607290818007550115e+02 8.072231327386994053e+02 8.664005970730190711e+02 9.228605962068410236e+02 9.787342289109225248e+02 1.007509918772000447e+03 9.940087036195396877e+02 9.558049050117122079e+02 9.866659304318766317e+02 1.056508360880011196e+03 1.111823030239476566e+03 1.116039964744492181e+03 1.158729846713667484e+03 1.212262628308519197e+03
9.232915343918095914e+02 9.480270193692658722e+02 9.709669477187053417e+02 1.019023121965311930e+03 1.081325586854665971e+03 1.137823414620338326e+03 1.137905311985487288e+03 1.083373382092451266e+03 1.018583328305185887e+03 9.543437566087354753e+02 8.960312063257711088e+02 8.434198953747703627e+02 7.963846270720438270e+02 7.549369703191546250e+02 7.281820094593978183e+02 7.880299672798902293e+02 8.560707779747448285e+02 9.255266203414836355e+02 9.639984332224986474e+02 9.476855576489356281e+02 9.020843374590810981e+02 9.165098199485159967e+02 8.791204173389912739e+02 8.444560401428444720e+02 7.975151792098910164e+02 8.537260160054944436e+02 9.161300391527606735e+02 9.831568539928823611e+02 1.041240512038590623e+03 1.042422475739940182e+03 9.910729354648836988e+02 1.043572282694513433e+03 1.095823183549942314e+03 1.148876720268533518e+03 1.176647449080061506e+03 1.203280150593648159e+03 1.249957592211266046e+03
9.299184216872588422e+02 8.868075560168636002e+02 9.263571786979101716e+02 9.825201673642974356e+02 1.051161865985074883e+03 1.111253768675543597e+03 1.111398204299997815e+03 1.077412498111784998e+03 1.035753914566417052e+03 9.933165201611616340e+02 9.455269497455819874e+02 8.928555086005122803e+02 8.386489166192247922e+02 7.775999695287569011e+02 7.206789671386721920e+02 7.828133647394447507e+02 8.525062187360658754e+02 9.154533086591173969e+02 9.291089460598664118e+02 8.909638575565171550e+02 8.437750838817040631e+02 8.616537990340791566e+02 8.278587075709233432e+02 7.831739557992110576e+02 8.516939644541014331e+02 9.071129354897412895e+02 9.634608543699888514e+02 1.020497464931019522e+03 1.069922120122217848e+03 1.086108790031007175e+03 1.070051549362647847e+03 1.044680787130445196e+03 1.100714927575326556e+03 1.160029419840323271e+03 1.217446410967128031e+03 1.262663454410064332e+03 1.294956472548768033e+03
8.913108317972729537e+02 8.646281217491535926e+02 9.238130834999648187e+02 9.911171930290960290e+02 1.059453914480401636e+03 1.087098932108613326e+03 1.065213173309301055e+03 1.021708927296975503e+03 9.907393946201855215e+02 9.913228970289613926e+02 9.586812323063188614e+02 8.967249077430213902e+02 8.300458112609418322e+02 7.672570200039508563e+02 7.122631176225096397e+02 7.813479545653572131e+02 8.535804492964655310e+02 8.998428414647377167e+02 8.885739961984954789e+02 8.426192810500820087e+02 7.914747400149993837e+02 8.095926298989360248e+02 7.669716268771878731e+02 8.186360890668239563e+02 8.724145608528207276e+02 9.263372839825552774e+02 9.770337435378648934e+02 1.026773322760383508e+03 1.074736215753325723e+03 1.113604710499148268e+03 1.127360752220559561e+03 1.118813465865660646e+03 1.098140525194806060e+03 1.149413448061032341e+03 1.207617016745280580e+03 1.277241208491032694e+03 1.341777183417786773e+03
8.345004548122337837e+02 9.021016329120104729e+02 9.638558937290408721e+02 1.025778197735646700e+03 1.063588606432675306e+03 1.051997381346243174e+03 1.004156564869045724e+03 9.586550760810509928e+02 9.180634011590749424e+02 9.509446984488398584e+02 9.447028048430565832e+02 8.968510114839577909e+02 8.305228713879178031e+02 7.639383448938730226e+02 7.037287826265231843e+02 7.733584894076332148e+02 8.395302513350119398e+02 8.637311602871823197e+02 8.329901542089322675e+02 7.947144004918421842e+02 7.458747386437700015e+02 7.534118800095650386e+02 7.650280093698947894e+02 7.804377039800434659e+02 8.412842871690104403e+02 8.898527901318018394e+02 9.348734791904688564e+02 9.830891943942190210e+02 1.036651097918765345e+03 1.098835918424775173e+03 1.145606306479616705e+03 1.166924582859040356e+03 1.144226695025702384e+03 1.198768508538228161e+03 1.249682622988595540e+03 1.294962865573114868e+03 1.358469098688444092e+03
8.887031184409680691e+02 9.415791570177078711e+02 1.005277815214931366e+03 1.045585206220190457e+03 1.046574100206867570e+03 1.010495003728907818e+03 9.516829775377851774e+02 8.967208384421911660e+02 8.544531538252159635e+02 9.024493628007543293e+02 9.070133709572367025e+02 8.655503644600817097e+02 8.226206737269299083e+02 7.606227103481201084e+02 6.950699881711941543e+02 7.666007177405950870e+02 8.173864658029785915e+02 8.197682785090630659e+02 7.823248843885349970e+02 7.348032776152969063e+02 7.876025622114732414e+02 8.228641608986090432e+02 8.329145136304765629e+02 8.401669895204227032e+02 8.018377712368184120e+02 8.392571491770328294e+02 8.831388579797401235e+02 9.341145593325495611e+02 9.938408713572671331e+02 1.061472966207886884e+03 1.129453728846638342e+03 1.183141307741624360e+03 1.201628235446650933e+03 1.209244437215003018e+03 1.254548743812978046e+03 1.305129210517743331e+03 1.363606105932835590e+03
9.311640073488932785e+02 9.831844109230197546e+02 1.032350691869127786e+03 1.044024047599802770e+03 1.013017488700207196e+03 9.570773449744544905e+02 9.022876425866835461e+02 8.469387934657387405e+02 8.013161270409748340e+02 8.550866234065939580e+02 8.603941259002683637e+02 8.180021255987131781e+02 7.775079068120338661e+02 7.500897531974951562e+02 6.862250850431979643e+02 7.384554984023009183e+02 7.782399726114516625e+02 7.706312100719636646e+02 7.213644599408152089e+02 7.831815469458967982e+02 8.342579559327135712e+02 8.723382442062751352e+02 8.977516044395053996e+02 8.858896304539119910e+02 8.203372737005727231e+02 8.757605921852722304e+02 9.280362202387719890e+02 9.788249411812292919e+02 1.029211959059414994e+03 1.076144922778941691e+03 1.122024467872532341e+03 1.166113452460160488e+03 1.206981165687166822e+03 1.249473363749385271e+03 1.296061122006788992e+03 1.343078946924504180e+03 1.391189403462296923e+03
9.682772616576318114e+02 1.021628630539536971e+03 1.045709188899697892e+03 1.020717340615311059e+03 9.649890722939749139e+02 9.095512513015517015e+02 8.523514115144116658e+02 8.029904654068238870e+02 7.566906799530054286e+02 8.110871432230638902e+02 8.120654154123031958e+02 7.661265112084046223e+02 7.196553971310446514e+02 7.225093688000634984e+02 6.780232866093389248e+02 6.855343396608460580e+02 7.355056829934086409e+02 7.079367824461774035e+02 7.620508950287103289e+02 7.857880700017955178e+02 8.500205671385682535e+02 9.119558731970744248e+02 9.478726677875102951e+02 9.343636914946636125e+02 8.893864236558680432e+02 8.494620979210168343e+02 9.193876754854296678e+02 9.761522546012325847e+02 1.019641809328375075e+03 1.030076173009413878e+03 1.064695819912595198e+03 1.110541321774036305e+03 1.163736875374022929e+03 1.227432270551195415e+03 1.280136996094430515e+03 1.324751111635453526e+03 1.364236617826784368e+03
1.004418637430949957e+03 1.037739505213713755e+03 1.026816385335508357e+03 9.842535254462318335e+02 9.216445068186809522e+02 8.617198384873862551e+02 8.109541463223906703e+02 7.616687636416309033e+02 7.182090475848365259e+02 7.696687873383381202e+02 7.618826768922049268e+02 7.172193822403452259e+02 6.645073025168288723e+02 6.707903596101217545e+02 7.317810774323342002e+02 7.406526209974143740e+02 6.962443977091492116e+02 7.329877826854058185e+02 7.651840164865686802e+02 8.236406634495625667e+02 8.545880612582784579e+02 9.213078522250540345e+02 9.785193107681424181e+02 9.857204476324099005e+02 9.499939056034446594e+02 9.131076691531134202e+02 8.794533416259918113e+02 9.400290565962493474e+02 9.785088399154119543e+02 9.595552085430236957e+02 1.003886646682844344e+03 1.057604732628617739e+03 1.119196960047319408e+03 1.181725325540730410e+03 1.227343928870458967e+03 1.265516573810093632e+03 1.300612335741691140e+03
1.009961363771307560e+03 1.023977077385772645e+03 9.906731511552034135e+02 9.323257398875142599e+02 8.767038666568250846e+02 8.208658893336551046e+02 7.711610527274832521e+02 7.276077453992506889e+02 6.847266593881681729e+02 7.283689478170036864e+02 7.112102607777104595e+02 6.561709392800477190e+02 7.061892322777305253e+02 7.390025364163499262e+02 7.799224723289953545e+02 7.826108259841295194e+02 7.275388383525826157e+02 7.585081742270476752e+02 7.928596152023033028e+02 8.275257295427230702e+02 8.791691728257762861e+02 9.319163744256212567e+02 9.959123798706848447e+02 1.032897713267618428e+03 1.012663082719651584e+03 9.588228992194422062e+02 9.470821999357133336e+02 9.048833513217778091e+02 9.254275673456163531e+02 9.873350324477653430e+02 9.933573038225753180e+02 1.059326017974503657e+03 1.108180002601631259e+03 1.135874784424444897e+03 1.169417674578047809e+03 1.203599504350519055e+03 1.251637300659869425e+03
9.951460340477277668e+02 9.956450362385951394e+02 9.417342417955430847e+02 8.847710592211880112e+02 8.271579695199285425e+02 7.797550580934048412e+02 7.359196195167168071e+02 6.953401059529444410e+02 6.557391554531674274e+02 6.856656150686430919e+02 6.463768316889561447e+02 7.005058989334401076e+02 7.453381292482591789e+02 7.939354585482868742e+02 8.325351257060411854e+02 8.247143793676295900e+02 7.656026140732602698e+02 7.923183660869176492e+02 8.257602500095817959e+02 8.622775204895971228e+02 9.076098001712811083e+02 9.643758196356475310e+02 1.026374684191821416e+03 1.076122708750260699e+03 1.065205873787913788e+03 1.018069667142583057e+03 9.973285544508893281e+02 9.421303648487735245e+02 9.551722386686014943e+02 1.014693026125633082e+03 1.049143707646663643e+03 1.027865722377851171e+03 1.054414626242362147e+03 1.083924719681479246e+03 1.117894985525194443e+03 1.159275259994704356e+03 1.212615749143779112e+03
