output/field_example_test/elevation_000027.asc
nrows	150
cellsize	66.66666667
xllcorner	0
ncols	150
yllcorner	0
NODATA_value	-9999
[rows 51 to 67 of 150, columns 74 to 110 of 150]
5.174294931345042414e+02 5.728219114380671044e+02 6.138353095449266448e+02 5.835211472192994506e+02 5.047023686109897085e+02 4.384262015504581314e+02 4.721041742673278350e+02 4.882775443220777447e+02 4.801999763119995350e+02 4.336217522405823388e+02 4.279570239578604856e+02 3.754723206421638224e+02 3.782274231023931748e+02 4.305199291972477909e+02 4.500924985034004635e+02 5.066207794103036690e+02 5.680565942084452900e+02 5.747351515214817255e+02 6.374529171032295380e+02 6.973298497212496159e+02 7.551644529681104814e+02 7.981113374105060529e+02 8.333068850334625495e+02 8.203014961025394314e+02 7.625169735806771314e+02 7.027062704822390060e+02 6.553861857973765837e+02 7.166535282722278453e+02 7.424830785688019432e+02 7.181269484796765710e+02 6.851933740063421965e+02 6.550982206139397022e+02 6.214940286883123690e+02 5.686493914654861328e+02 4.999162638105924543e+02 5.658938638552757538e+02 6.337644573545055664e+02
5.599647138420715464e+02 6.190629363923698065e+02 6.436035004261550512e+02 5.984289445074045943e+02 5.328826265849978654e+02 4.641413263181113962e+02 5.184194313105839456e+02 5.517900151276752467e+02 5.425062439662671068e+02 5.026173062275868801e+02 4.673199778242385491e+02 4.510855121489843782e+02 4.308922757531925640e+02 3.821332414333422207e+02 4.497073648589926051e+02 5.129501221417157240e+02 5.434406245661884896e+02 5.374308980060429803e+02 5.929474047581021523e+02 6.542255103377298155e+02 7.127885033444063083e+02 7.477133839271215265e+02 7.819603162421338993e+02 7.781231346401073097e+02 7.229072241705645183e+02 6.615299745759569987e+02 6.110512838988545354e+02 6.757474113047156834e+02 7.003797978582655333e+02 6.666105402136478233e+02 6.260886479402607847e+02 6.023699303891429508e+02 5.902465745166725810e+02 5.448785057810051740e+02 4.961328201027480418e+02 5.500906597514285750e+02 6.115445112996410444e+02
6.059815913109202938e+02 6.583780790890308481e+02 6.692926264109560179e+02 6.246251919090306046e+02 5.603387018374666013e+02 4.936041853244743152e+02 5.562095267761623063e+02 6.041141468636894842e+02 6.015471551104749324e+02 5.636377812755107470e+02 5.321094068710262945e+02 4.947324207876709465e+02 4.421972345617053861e+02 3.844915705545048468e+02 4.472880396011436801e+02 4.977983309766597699e+02 4.886205915788474954e+02 5.514050835567770719e+02 6.123710971686194853e+02 6.689235891251491921e+02 6.964204319484376811e+02 6.838651954251373581e+02 7.235621107926402829e+02 7.349132666464324757e+02 6.869715423812472181e+02 6.247527255877582775e+02 5.715833592773553846e+02 6.361178424353157652e+02 6.556201389664988710e+02 6.174734335087740646e+02 5.697228308024601802e+02 5.337988142692106521e+02 5.488184671017218079e+02 4.905020637731696524e+02 5.405979488306345502e+02 5.576277906498121411e+02 6.181880483680102998e+02
6.633879556672574154e+02 6.943236037072722411e+02 6.768626992921495003e+02 6.186132187641101154e+02 5.430781599765666670e+02 5.418215937705532497e+02 5.971613502028906169e+02 6.487517744591340261e+02 6.516402215609589348e+02 6.130428472560955697e+02 5.508028159661580503e+02 4.834369433959117259e+02 4.316308357382314966e+02 3.871034845779069542e+02 4.407809942533447725e+02 4.692385497952707283e+02 4.575425239907917216e+02 5.176080887896766853e+02 5.875679352457561890e+02 6.499978035419746902e+02 6.551420842051934414e+02 6.172483633279279047e+02 6.569824251700774767e+02 6.847362173505171086e+02 6.578069591126100022e+02 5.922042153242097129e+02 5.359189778908290691e+02 5.985784945772923038e+02 6.112776695788953703e+02 5.690602527237906543e+02 5.236281992929760918e+02 4.760262066754743842e+02 5.192115352888669122e+02 4.864219330957673151e+02 5.444363312588585586e+02 5.968815736714047944e+02 6.276617614110045906e+02
7.159834389311837413e+02 7.232687410532658987e+02 6.642423818989059328e+02 5.938578224732436865e+02 6.058022047922336242e+02 5.998036256380416944e+02 6.473487267661847682e+02 6.911113418914951581e+02 6.874885653642724037e+02 6.303795465635995470e+02 5.678400041712942539e+02 5.257317869528779966e+02 4.846249793928347458e+02 4.410381144529095536e+02 3.910758245964490243e+02 4.147823627347125353e+02 4.755342259555120563e+02 5.439667839381835392e+02 6.018996015152473547e+02 6.329412768983211208e+02 6.109051965051744446e+02 5.578646518217168477e+02 6.013240448534216966e+02 6.287222864947817698e+02 6.177780176695586078e+02 5.639084614608441370e+02 5.032096296786455696e+02 5.629973329544869785e+02 5.664658820266904513e+02 5.229556274078494198e+02 4.698338157446647187e+02 5.160643177316776473e+02 4.816514525442557328e+02 4.973207661268905326e+02 5.547997182845914494e+02 6.197646109640539862e+02 6.735556684775433496e+02
7.694344097156410953e+02 7.580383633545267230e+02 6.956562965820287445e+02 6.302005210737642074e+02 6.699520910610852980e+02 6.667191288747509361e+02 7.097282137659287855e+02 7.313552358867974590e+02 7.135156069071772436e+02 6.657082935534323269e+02 6.142344083915199917e+02 5.585103904165940776e+02 4.943294877688836095e+02 4.333111903394968749e+02 4.392594830312545469e+02 3.946578760502387127e+02 4.652007797125063462e+02 5.342909208735075026e+02 5.835141544539857250e+02 5.983614895572860632e+02 5.591494843619519770e+02 5.064930648405084526e+02 5.543149039873067068e+02 5.619985085129212621e+02 5.651740029381986687e+02 5.295699882896340114e+02 4.727610307719492084e+02 5.303562673540204742e+02 5.287156512028353745e+02 4.633782978200601974e+02 5.201019450450050954e+02 5.573293686113090644e+02 5.511647383702634215e+02 5.506438122418303465e+02 5.301936248242236616e+02 6.021498421625564106e+02 6.576033165569216408e+02
8.146183699976460275e+02 7.941188049280559653e+02 7.330271557845687767e+02 6.716173352979219544e+02 7.241967343574510778e+02 7.377345082084625574e+02 7.607218683817615101e+02 7.511525988933962026e+02 7.086903162011456061e+02 6.593157880371586543e+02 6.096771651840620052e+02 5.469110024823579579e+02 4.807871513987514049e+02 4.939754275282219851e+02 4.614387482280318409e+02 3.975200766692897218e+02 4.561857548512007270e+02 4.989223629449781470e+02 5.402123365108473081e+02 5.553225232678569228e+02 5.168536915642411032e+02 4.620037027635901836e+02 4.962414581550150388e+02 4.941111508167844590e+02 4.999993665218997307e+02 4.945176062720888694e+02 4.445280655046682341e+02 4.989535522213606100e+02 5.035511232626693072e+02 4.591560000612282124e+02 5.259941549633031173e+02 5.857338791332249457e+02 6.127652592326850254e+02 6.128149106096094556e+02 5.991492483599683965e+02 5.597264083802783716e+02 6.024049845229558287e+02
8.280996204062828383e+02 8.260035225522134397e+02 7.751236828337331417e+02 7.185710478283042448e+02 7.680267914646691452e+02 8.001660498668940136e+02 7.948304497281569638e+02 7.403032976759086523e+02 6.706138759460022811e+02 6.058378521713988221e+02 5.633216525608102074e+02 5.292895890907069543e+02 5.425256606240269548e+02 5.423140943225828323e+02 5.009870900149168165e+02 4.530439678773873311e+02 4.020811876802582105e+02 4.605495121803166967e+02 4.737072595641748762e+02 5.034540369387309511e+02 4.802098093273386894e+02 4.242572513611521003e+02 4.278885250038975983e+02 4.313467743666315641e+02 4.348276465674508131e+02 4.387226343663430157e+02 4.866175925566932960e+02 4.501000463089230834e+02 4.535491058889847409e+02 5.019405778460484271e+02 5.311117258168577564e+02 5.874392260478749677e+02 6.446950157011004876e+02 6.710446263447813635e+02 6.481057334980246196e+02 5.824179262671436845e+02 6.384699754976525128e+02
8.232913473013854855e+02 8.561336950185466321e+02 8.283074295351849514e+02 7.718640396284824874e+02 8.240802654538316574e+02 8.446468070180200129e+02 8.110021956334940114e+02 7.427177267093659339e+02 6.716441302721879083e+02 6.341356331153039037e+02 6.023622039073195538e+02 6.039026563442921542e+02 5.991451892107337471e+02 5.685753569022804186e+02 5.076195972716502638e+02 4.459142757884597472e+02 4.545970913832687188e+02 4.061804743567395803e+02 4.089242319297174504e+02 4.556906295310821520e+02 4.190159510717959961e+02 4.727177034671066167e+02 4.984584312315809029e+02 4.935073745936469436e+02 4.956379174904922706e+02 4.976379947476548864e+02 5.361650423769922327e+02 5.205607244042427055e+02 4.795126666960333637e+02 5.402106858160408365e+02 5.873007241009529480e+02 6.269036533187643272e+02 6.795791196717148068e+02 7.169166404377690469e+02 6.892121757685367811e+02 6.246434124713296114e+02 6.162059657839628244e+02
8.240016104317599002e+02 8.838532042842759893e+02 8.771340129352497570e+02 8.304287241967909949e+02 8.743904537861333210e+02 8.756880612915956590e+02 8.150688397986485825e+02 7.489240960834594034e+02 7.091972032513982640e+02 6.746652713530518213e+02 6.627052281873604898e+02 6.474409986064270015e+02 6.175480308535893528e+02 5.676174970294636069e+02 4.963662718146146631e+02 5.072197632968517951e+02 4.940863460541397671e+02 4.786060911441763324e+02 4.605280649775261281e+02 4.127282328622213186e+02 4.722454562401929365e+02 5.137347980267761614e+02 5.563583860785687421e+02 5.601795546360528988e+02 5.647077040514392365e+02 5.672844452023301756e+02 5.940145480072040982e+02 5.729444104202283370e+02 5.109642344959727893e+02 5.725690690046783402e+02 6.295287682799722688e+02 6.791964434088101825e+02 7.183975285284268466e+02 7.555801145524206959e+02 7.311449999050007591e+02 6.702988472950430605e+02 6.600732888099151978e+02
8.614421557282188360e+02 9.188560235625832320e+02 9.282888538479378440e+02 8.958024701242995889e+02 9.268471933296433463e+02 9.105414151642117986e+02 8.464832124449758339e+02 7.949969809519373030e+02 7.509144508879726345e+02 7.140823131328539830e+02 6.678445101484118140e+02 6.247673515664812385e+02 5.834228377046022160e+02 5.456292106792845971e+02 5.632661787378850704e+02 5.730409325024963891e+02 5.475058054152483464e+02 5.130096398966244351e+02 4.703840451405189924e+02 4.166171246583479046e+02 4.837608406877043308e+02 5.460357273674674161e+02 5.927798640618664194e+02 6.179310777995676744e+02 6.325380103682758772e+02 6.435882028498380123e+02 6.527217652160582020e+02 6.162092149743456275e+02 5.692786850628073125e+02 5.591483929795307404e+02 6.247076747327947714e+02 6.903166779117699434e+02 7.468768144749282101e+02 7.875738582406041814e+02 7.731470659068498890e+02 7.203317327104131209e+02 7.104789591460255451e+02
9.072274270765782376e+02 9.532445335115879743e+02 9.759375951562508362e+02 9.662799378063617723e+02 9.797361378072617981e+02 9.452493593966107710e+02 8.944354029201061849e+02 8.414422014739203632e+02 7.972322574172856093e+02 7.520058067504360224e+02 7.133752894104387678e+02 6.733011440129082530e+02 6.353881348246285370e+02 6.029591011752427221e+02 6.302852529799231434e+02 6.237809708901202157e+02 5.739043207134020577e+02 5.018023059798360919e+02 4.231232455636184113e+02 4.607239143195010911e+02 4.929117101180452210e+02 5.382337655738680269e+02 5.857089750797415491e+02 6.238943151393465314e+02 6.565233724853037529e+02 6.869583067461683186e+02 6.986793256811697574e+02 6.779081740044431399e+02 6.360663252626812891e+02 6.120959905704291941e+02 6.092851246768813098e+02 6.597790629948699461e+02 7.345579380439452279e+02 7.992576306338888799e+02 8.133722493686445887e+02 7.756006451243171114e+02 7.667614247649331674e+02
9.239280552226719010e+02 9.591564210681144687e+02 9.919332934516329487e+02 1.013366964403305019e+03 1.020566306411034816e+03 9.946914782193082374e+02 9.439778883628974882e+02 8.954605276682689237e+02 8.475389078774264817e+02 8.117646272533214642e+02 7.732244954970674371e+02 7.348517716691303576e+02 6.968288482102879016e+02 6.773418212158658207e+02 6.825229883749065039e+02 6.499023622140362022e+02 5.814543419426712489e+02 5.141116152531105854e+02 4.769567772529832155e+02 4.276769018952153942e+02 4.317071350433366206e+02 4.919887890107712565e+02 5.382317820962946371e+02 5.772814507685593526e+02 6.178462792778174162e+02 6.735710324742826742e+02 7.156365578851856526e+02 7.265784757489076355e+02 7.084565071436882135e+02 6.713771578523242169e+02 6.552587163403932209e+02 6.936070544853968158e+02 7.410872181455581540e+02 8.094785082404724790e+02 8.550475600400743588e+02 8.371195781708369168e+02 8.273785117113280876e+02
8.738309509451692065e+02 9.089168849227468172e+02 9.582601046776153453e+02 9.964943075967033792e+02 1.025433938500675595e+03 1.026078120525902477e+03 9.953221951696212955e+02 9.465069096897994996e+02 9.111410930379063302e+02 8.721568450562317594e+02 8.330463912902891934e+02 7.955107476378709634e+02 7.621577449066194276e+02 7.350016495191441663e+02 7.080198745061705949e+02 6.653705991182682737e+02 6.128144730683352464e+02 5.614694318575747047e+02 5.077997391460859262e+02 4.485771931679990416e+02 4.807281870466464397e+02 4.381892329299084281e+02 4.982861875266089555e+02 5.139601397909733578e+02 5.700571961758068937e+02 6.344225537472906353e+02 7.009297692887342919e+02 7.512473427846040295e+02 7.591543807109744648e+02 7.374424813501649396e+02 7.142393755164459890e+02 7.470646094855931096e+02 7.874404054367869321e+02 8.379118986053246090e+02 8.955465085942050791e+02 9.004074923969295696e+02 8.919589577452696858e+02
8.032678888603144287e+02 8.529383836574587576e+02 8.980338751773948616e+02 9.440771079043111058e+02 9.958564959380216806e+02 1.026937385602993800e+03 1.021426496199124472e+03 9.828247532178817210e+02 9.345729791742261341e+02 8.884243544402120278e+02 8.462710315232379799e+02 8.074754073967459362e+02 7.701855626263861723e+02 7.300228871071013828e+02 6.822247220254412241e+02 6.307738486389396257e+02 5.984804414226420022e+02 5.518023632204307205e+02 4.840454247953954336e+02 5.206445727251024209e+02 5.291720666178127885e+02 4.910149654288937882e+02 4.439175938239074526e+02 5.056977006809124759e+02 5.697136877660602750e+02 6.359929888990735662e+02 6.939013231954991170e+02 7.450112571791308937e+02 7.835446992725624114e+02 7.955221416524831284e+02 7.833250009412494137e+02 8.116490480328482136e+02 8.460555300929654550e+02 8.869684125758172968e+02 9.310846070935787111e+02 9.617019037404063511e+02 9.569063633022652766e+02
7.565308916244988495e+02 7.963571551865036326e+02 8.394905721395712135e+02 8.928705362334205802e+02 9.468779505234425642e+02 1.000296058220440841e+03 1.011188543322020450e+03 9.667750953217810093e+02 9.008484894625831885e+02 8.459588032895737797e+02 7.995135111183057006e+02 7.591630632936828533e+02 7.224172975050831838e+02 6.850297073933728598e+02 6.343482290418866114e+02 5.656297687030821635e+02 5.389090604069209576e+02 5.157161227957520850e+02 5.505922107291539760e+02 5.796698026235902717e+02 5.717402600890294480e+02 5.155770884146967319e+02 4.480047025899445998e+02 5.058569321417922424e+02 5.533795673784329665e+02 5.962817384390281177e+02 6.480929037577143390e+02 7.050367324979474688e+02 7.688815054156802944e+02 8.159469504460507778e+02 8.412763664490071278e+02 8.665745280574433309e+02 8.969297907267490473e+02 9.323814054785033250e+02 9.702627801508953098e+02 1.001316151292596942e+03 1.004656693298400455e+03
7.094242376319056120e+02 7.461976499296283691e+02 7.919703898307342342e+02 8.425168318038731741e+02 9.051049924837767549e+02 9.679295745610869517e+02 9.888740543108563088e+02 9.343099126371259899e+02 8.618064229703500132e+02 7.971710884093733966e+02 7.447126748490730961e+02 7.010158508263156136e+02 6.635552934044113726e+02 6.305250448549361408e+02 6.006089072080503684e+02 6.297679546635807810e+02 6.133478984825638918e+02 5.704234939765999570e+02 6.144863415669942697e+02 6.280071391504841358e+02 5.992495988735909123e+02 5.452553151144060166e+02 4.959835197941894762e+02 4.541896299023269989e+02 4.977277586569855430e+02 5.458296704918701607e+02 6.008193341096405220e+02 6.647243114721838992e+02 7.322737588053016680e+02 7.979183144843483433e+02 8.372511876151827437e+02 8.557883228016588646e+02 8.841779188967682330e+02 9.179249594168619524e+02 9.556445677723918379e+02 9.943164369606165565e+02 1.026492866689897710e+03
