output/field_example_test/elevation_000057.asc
nrows	150
cellsize	66.66666667
xllcorner	0
ncols	150
yllcorner	0
NODATA_value	-9999
[rows 51 to 67 of 150, columns 74 to 110 of 150]
5.196723279434628466e+02 5.751664279347530737e+02 6.162955782344916997e+02 5.860533051958942679e+02 5.071713281745735458e+02 4.408160930854359094e+02 4.745471753646904176e+02 4.907525112805198546e+02 4.826820402774328613e+02 4.360463499421361462e+02 4.303872279939014902e+02 3.778433363159177247e+02 3.806146600438313499e+02 4.329884519066947064e+02 4.526014115833780238e+02 5.092234735531427532e+02 5.707724893573654299e+02 5.774835262759365833e+02 6.403110458188795064e+02 7.002942914561538146e+02 7.582330481796624326e+02 8.012546198532514836e+02 8.364922541740630777e+02 8.234002222977954943e+02 7.654699222795773039e+02 7.055285683755217860e+02 6.581098847432812136e+02 7.193986477293675534e+02 7.451198815878112782e+02 7.206517568777322822e+02 6.876393600850516350e+02 6.574711556640133949e+02 6.237668847733654047e+02 5.708093536045842029e+02 5.019524575297629667e+02 5.680271115939756328e+02 6.359843045464173201e+02
5.622696595563007804e+02 6.214856332163176376e+02 6.461271190659084596e+02 6.009948099087670244e+02 5.353949641755847324e+02 4.665671485817157418e+02 5.209317418466530398e+02 5.543661840871837967e+02 5.450907384534611992e+02 5.051536639215333935e+02 4.698218533765426059e+02 4.535739418763960202e+02 4.333611067091264886e+02 3.845435142902367716e+02 4.522211942050367384e+02 5.155710389562622140e+02 5.461299959796891699e+02 5.401200168248838054e+02 5.957305480027625890e+02 6.571150908814028071e+02 7.157821999015719712e+02 7.507702012259901494e+02 7.850576431887441231e+02 7.811566687006546772e+02 7.257992357244819459e+02 6.642909477614399520e+02 6.137123769148182646e+02 6.784573024358377324e+02 7.030147021457509027e+02 6.691269445998414085e+02 6.285054930576965262e+02 6.047250068898641757e+02 5.925208579216626958e+02 5.470523258200971668e+02 4.981957412343645615e+02 5.522358847071028549e+02 6.137773092131495787e+02
6.083575879035505523e+02 6.608793642093157814e+02 6.719122364348370411e+02 6.272454596233586699e+02 5.628942034677739912e+02 4.960727983485666073e+02 5.587807373484261007e+02 6.067761865108055872e+02 6.042364383175453213e+02 5.662894041259905862e+02 5.347250512110899763e+02 4.973085938108326900e+02 4.447013016262204133e+02 3.869158216599832940e+02 4.498081070837506559e+02 5.004052545283599898e+02 4.912313789715768166e+02 5.541213531391355218e+02 6.151923757164252038e+02 6.718451811466300114e+02 6.993945091816958666e+02 6.868183816707586402e+02 7.265685163458308580e+02 7.379023967603091023e+02 6.898135618758888086e+02 6.274585580263330939e+02 5.741851573590498674e+02 6.387791928159253985e+02 6.582153401436229387e+02 6.199491379074689803e+02 5.720825257648222077e+02 5.360755525045492504e+02 5.510521951726960879e+02 4.926037786248650150e+02 5.427731424109456384e+02 5.598053643859520889e+02 6.204582467226267681e+02
6.658566247840080905e+02 6.969061028736124399e+02 6.795315335861339463e+02 6.212437517802079583e+02 5.456164988049422391e+02 5.443637372311147828e+02 5.997990118750573174e+02 6.514927769454968711e+02 6.544289300222054635e+02 6.158013425107168359e+02 5.534773479368025164e+02 4.860153441766212268e+02 4.341336671477644700e+02 3.895432599762185077e+02 4.433034050841884550e+02 4.718135340744964878e+02 4.601068665998858478e+02 5.202717929428696380e+02 5.903515349490990047e+02 6.528924684477385654e+02 6.580508505198472449e+02 6.200920180403369386e+02 6.598811068349717743e+02 6.876476848574278620e+02 6.606088898777180702e+02 5.948607040842422293e+02 5.384653294103811731e+02 6.011878489696069892e+02 6.138215722011963180e+02 5.714812641964684872e+02 5.259446008721033650e+02 4.782236487744835927e+02 5.214423160561506165e+02 4.885515211455667099e+02 5.466561758663788169e+02 5.991712137053001470e+02 6.299685490720406733e+02
7.185391481836275034e+02 7.259613946503757234e+02 6.669249346392799680e+02 5.964656346212314020e+02 6.084365230034602519e+02 6.024372276564175763e+02 6.500711557995184648e+02 6.939327405400259750e+02 6.903608974884214149e+02 6.331851768341505249e+02 5.705533403455725647e+02 5.283845644145076221e+02 4.872167305654585334e+02 4.435647568104909624e+02 3.935391718627577688e+02 4.172811417087384029e+02 4.781327663723071169e+02 5.466826541266401591e+02 6.047178846455642542e+02 6.358191911397193508e+02 6.137440283692226330e+02 5.606097977504767869e+02 6.041286197993885025e+02 6.315339416287504264e+02 6.205187470909185095e+02 5.665226960032873649e+02 5.057040697131858451e+02 5.655542460478927751e+02 5.689498289909787445e+02 5.253263045274853766e+02 4.720720483916323360e+02 5.183527377571203942e+02 4.838133990912201057e+02 4.995065111637442214e+02 5.570690060735690849e+02 6.221238373820584684e+02 6.759759398729719351e+02
7.720522863289425004e+02 7.607811333125957844e+02 6.983837178757406718e+02 6.328609292791136340e+02 6.726866429656338369e+02 6.694626506389162159e+02 7.125631405811991499e+02 7.342614856698165795e+02 7.164455162023569983e+02 6.685822184145619076e+02 6.170343091285122910e+02 5.612280164170800845e+02 4.969481509810016746e+02 4.358375745719848737e+02 4.418016156854419023e+02 3.971428492297154662e+02 4.677975943734433599e+02 5.370074296034205190e+02 5.863244753574583683e+02 6.011948289614540499e+02 5.619059850146351209e+02 5.091528833972035386e+02 5.570380486655440109e+02 5.646989806977784383e+02 5.678417562437726929e+02 5.321339828230326248e+02 4.752066453683500526e+02 5.328637876541156402e+02 5.311453039642045724e+02 4.656583439612712141e+02 5.224606806893780231e+02 5.597097958293525153e+02 5.534697064115147214e+02 5.529270901055903096e+02 5.324339546595969068e+02 6.044999521559159348e+02 6.600341304777093683e+02
8.172496563916507739e+02 7.968923469154169652e+02 7.358017434698459738e+02 6.743376840823885914e+02 7.270156622026411242e+02 7.406013453704531457e+02 7.636656556669889824e+02 7.541438987557314704e+02 7.116423835150832247e+02 6.621994101119620382e+02 6.124836917524899036e+02 5.496182114737414395e+02 4.833896172996795713e+02 4.966065887366643210e+02 4.640326399904507184e+02 4.000224697600364152e+02 4.587836319208267355e+02 5.016020846658298069e+02 5.429735368448610870e+02 5.581043663052104193e+02 5.195472174813131687e+02 4.645904476137569645e+02 4.988604041890529288e+02 4.966976235923904142e+02 5.025650735802558415e+02 4.970392410931378890e+02 4.469284396803046775e+02 5.014156587821020139e+02 5.059707724878584827e+02 4.614632252733372297e+02 5.283980875221303677e+02 5.882057557955100719e+02 6.152112441764696769e+02 6.152189894677460416e+02 6.015120478643169690e+02 5.620156414640349567e+02 6.047617085805611623e+02
8.306318882139609059e+02 8.287761895870545459e+02 7.779425518049707762e+02 7.213577346302283786e+02 7.709145356951768235e+02 8.031507912679762740e+02 7.978828260287033345e+02 7.433080520768153292e+02 6.735214224160663434e+02 6.086450007313875403e+02 5.660604389296138379e+02 5.319730334148349584e+02 5.452365448486518744e+02 5.450392652718022646e+02 5.036549185459726345e+02 4.556400277456754111e+02 4.046114454395034272e+02 4.631781714643549890e+02 4.763736364584593730e+02 5.061638729550706444e+02 4.828588267386117536e+02 4.267843549808285388e+02 4.303931080301578049e+02 4.338297419320720678e+02 4.372887069598822336e+02 4.411592042380187877e+02 4.891063170516812306e+02 4.524657473609493081e+02 4.558927440849611230e+02 5.043513164420577368e+02 5.335439742139382133e+02 5.899511298335401079e+02 6.472627211397677911e+02 6.735785281098358155e+02 6.505608023655348688e+02 5.847462455822181937e+02 6.408882639507461363e+02
8.257435848534297520e+02 8.588802273629852380e+02 8.311680622326006187e+02 7.747217564266511545e+02 8.270555402899683486e+02 8.477154829045763336e+02 8.141034779625701958e+02 7.457407230728083505e+02 6.745605465201027755e+02 6.369952990054536031e+02 6.051726233267203270e+02 6.067228281316865832e+02 6.019655749166895475e+02 5.713625010825597883e+02 5.103139867531712639e+02 4.485132029975809473e+02 4.572189759728022977e+02 4.087364123948697738e+02 4.114971722887945020e+02 4.583326466197451623e+02 4.215752453582359749e+02 4.753580561055919702e+02 5.011057585341116010e+02 4.961088960054500490e+02 4.982118294232748212e+02 5.001827825795646731e+02 5.387493026942725010e+02 5.230588120444319884e+02 4.819029088885445731e+02 5.426944451739188935e+02 5.898473181576009665e+02 6.294951779043157103e+02 6.822287782557027640e+02 7.195737715122862710e+02 6.917528483322205375e+02 6.270466215906490106e+02 6.185901375734863450e+02
8.263812785264829017e+02 8.864663296967347605e+02 8.800066358844022716e+02 8.333555444442474709e+02 8.774411570433851466e+02 8.788518339922300129e+02 8.181983651410693028e+02 7.519671537804294985e+02 7.121865816864722092e+02 6.776064541267027153e+02 6.656354141975409675e+02 6.503640843974234258e+02 6.204268458427154656e+02 5.704169446090577367e+02 4.990504667131215797e+02 5.099329047598444618e+02 4.967974079001756422e+02 4.813113288024960070e+02 4.632092279811895992e+02 4.153256231761166646e+02 4.749480860143528389e+02 5.164939653944998099e+02 5.591669693744967162e+02 5.629412959098781357e+02 5.674403670154431438e+02 5.699824329254687427e+02 5.967252289008533808e+02 5.755437095686003204e+02 5.134133654293223117e+02 5.751151987758017867e+02 6.321599329693220852e+02 6.818944954779279897e+02 7.211349396125975773e+02 7.583296854717644919e+02 7.337704776840442946e+02 6.727841902964210021e+02 6.625317595221343936e+02
8.638420687830514453e+02 9.214580451682641069e+02 9.311753245887041430e+02 8.987889824751509877e+02 9.299529271771222056e+02 9.137553196268472675e+02 8.496657054811830676e+02 7.981275414411541078e+02 7.539919441238477020e+02 7.171234160414398957e+02 6.708167219141344049e+02 6.276708458031058626e+02 5.862573340042242762e+02 5.483997742037736316e+02 5.660797571088074847e+02 5.758972996173345109e+02 5.503521633551455352e+02 5.158655378324104959e+02 4.731584849694474428e+02 4.192899734377241430e+02 4.865721417459544682e+02 5.489673416107466437e+02 5.957658268221649678e+02 6.209152715336045958e+02 6.355124826624223715e+02 6.465311058767098302e+02 6.556035518738985957e+02 6.189158915930759122e+02 5.718475947091519629e+02 5.616825698049083258e+02 6.273471515020263496e+02 6.930572172139767417e+02 7.496936927969697990e+02 7.904049650612950018e+02 7.758597639692497978e+02 7.229095350576657211e+02 7.130251197249297093e+02
9.096265702687414887e+02 9.557938816399046118e+02 9.787666350590901629e+02 9.692791000501824783e+02 9.828647231208091171e+02 9.484992814988690952e+02 8.976951059091322804e+02 8.446649204930067754e+02 8.004124825370556664e+02 7.551277349400166941e+02 7.164404123104577593e+02 6.763014724950197660e+02 6.383251991497264726e+02 6.058431942170508364e+02 6.332504454009338133e+02 6.267929838100050119e+02 5.768963693418825187e+02 5.047088022708172161e+02 4.259194186007181884e+02 4.635584743730208857e+02 4.958929538812766395e+02 5.413184943891081957e+02 5.888995895733163479e+02 6.271722415295342898e+02 6.598542785374418145e+02 6.902750481617320020e+02 7.017793879853451244e+02 6.808123407789026942e+02 6.387968591472751996e+02 6.147387263318872783e+02 6.119082468175132590e+02 6.624856422209769562e+02 7.373783640263216057e+02 8.021467485489729370e+02 8.161773941386583147e+02 7.782860758106909316e+02 7.694098045107284634e+02
9.262300917267456271e+02 9.614963888710003630e+02 9.944468139833857094e+02 1.016228761265506364e+03 1.023649216261886863e+03 9.979486334227636917e+02 9.473041416791761549e+02 8.987905626382051878e+02 8.508332184932836526e+02 8.150218697221411048e+02 7.764266950037306287e+02 7.379927283550173343e+02 6.999065365273798989e+02 6.803980929219673044e+02 6.856415798776068868e+02 6.530480872080489689e+02 5.845197540171698165e+02 5.170726085426210830e+02 4.798713072036562153e+02 4.305597518361012703e+02 4.346691553999286270e+02 4.950801677307027830e+02 5.414673204421154651e+02 5.806448468828646128e+02 6.212780793263024179e+02 6.770581969796292015e+02 7.190755914384154721e+02 7.297488122718017394e+02 7.114242254696589498e+02 6.741694154167478246e+02 6.579783485103690737e+02 6.963901548446283414e+02 7.439418231653579596e+02 8.124246634728352774e+02 8.579666116033446315e+02 8.399379599111126709e+02 8.301453150267354886e+02
8.758905776769776139e+02 9.110391044176727746e+02 9.605173779869573991e+02 9.989419635904150709e+02 1.028126283064791323e+03 1.029210930452291450e+03 9.986869045054161234e+02 9.499514171167194263e+02 9.146051894449014981e+02 8.755917273202046545e+02 8.364303057137020687e+02 7.988362893531993905e+02 7.654262561978231361e+02 7.382473098771133664e+02 7.113076578642362620e+02 6.686052005204152238e+02 6.159751818185578713e+02 5.645548127748404568e+02 5.108147051505843592e+02 4.515039427483072814e+02 4.838051119162546456e+02 4.412793951436474345e+02 5.015152357149869999e+02 5.172745306041309732e+02 5.734780013536450269e+02 6.379550035817162552e+02 7.045393359265050321e+02 7.548055608819454392e+02 7.624220075024697962e+02 7.404709741375814929e+02 7.171209068828844693e+02 7.499993842916105677e+02 7.904351937934374064e+02 8.409693029158113404e+02 8.986429299604263861e+02 9.033983554683901502e+02 8.948719905452544481e+02
8.051824977026100214e+02 8.549228895519247544e+02 9.001053959207928301e+02 9.462800978965728973e+02 9.982893350960808903e+02 1.029731721352879049e+03 1.024776009852070501e+03 9.864113663615601126e+02 9.382107707356136643e+02 8.920373900912197769e+02 8.498319088511535710e+02 8.109764472853115649e+02 7.736259300251132345e+02 7.334042382577102899e+02 6.855459486102585061e+02 6.340186721788758177e+02 6.016714706526755663e+02 5.549119409690197244e+02 4.870408342315382697e+02 5.237543723410104803e+02 5.324067382672509439e+02 4.942403031078175673e+02 4.471224776118568229e+02 5.090394217183708747e+02 5.732034137949585784e+02 6.396310973603768844e+02 6.976681923433511656e+02 7.488252155172151561e+02 7.872823608498421208e+02 7.989264256357962495e+02 7.864998868043597895e+02 8.148621203539289581e+02 8.493140198466611537e+02 8.902702440972492468e+02 9.344030203412727360e+02 9.649447802889828836e+02 9.600196176853256702e+02
7.583724423042009448e+02 7.982479646315365471e+02 8.414472486847320170e+02 8.949381292350665262e+02 9.491332855016775056e+02 1.002929852449313103e+03 1.014504810571406210e+03 9.703680497517099184e+02 9.044939123474829330e+02 8.495688415617875080e+02 8.030620199089985363e+02 7.626461560779999900e+02 7.258369593630460486e+02 6.883851230219578383e+02 6.376174046317904640e+02 5.687797313149949332e+02 5.420103485274273680e+02 5.187741432924538003e+02 5.537452441219738830e+02 5.829477766170462019e+02 5.751329106800293403e+02 5.189572293678216965e+02 4.512924364359249694e+02 5.092805996241892217e+02 5.569407098888007113e+02 5.999527042164495469e+02 6.518845265498713388e+02 7.089410723399756762e+02 7.728684904234896749e+02 8.198983216900164734e+02 8.449616001906349538e+02 8.702822801364626457e+02 9.006669885231709713e+02 9.361445147694157640e+02 9.740209981360108031e+02 1.004984887597625288e+03 1.008068070399760700e+03
7.112079328445040574e+02 7.480230313564221660e+02 7.938554321980244595e+02 8.444901326705720521e+02 9.072492670732103761e+02 9.704282272018600679e+02 9.920839311636277671e+02 9.378589621214680392e+02 8.654103227367880891e+02 8.007220218539868029e+02 7.481876749095649757e+02 7.044165940265304471e+02 6.668888005811977564e+02 6.337980426599299335e+02 6.038263151472389154e+02 6.330519510177690563e+02 6.166072364768223224e+02 5.736052429193247235e+02 6.178165385585530203e+02 6.314709152259223401e+02 6.028036478489407273e+02 5.487740651694584813e+02 4.994324534219285852e+02 4.576025083699121865e+02 5.012331277258854811e+02 5.494493180319968815e+02 6.045757532672923844e+02 6.686455210343268618e+02 7.363774717653567450e+02 8.021757896396668457e+02 8.416215922469103816e+02 8.602519613180492115e+02 8.886596424626283124e+02 9.224270388294439726e+02 9.601328447800588037e+02 9.986919377839186609e+02 1.030542542380632540e+03
