output/field_example_test/elevation_000021.asc
nrows	150
cellsize	66.66666667
xllcorner	0
ncols	150
yllcorner	0
NODATA_value	-9999
[rows 34 to 50 of 150, columns 0 to 36 of 150]
7.121775659861302862e-04 6.798917516602371336e+01 1.000987912439287584e+02 8.558812468732240575e+01 7.990163934607205931e+01 7.974035925046251805e+01 1.291720923643628112e+02 1.782510271262641766e+02 1.805010175227230036e+02 1.468543141152398732e+02 9.969390167995089769e+01 1.078927136289396316e+02 5.915412486818904370e+01 1.171113997735204322e+02 1.220338476446702742e+02 7.314523889164885873e+01 1.246984495795793322e+02 1.507582738506587532e+02 1.450669300259848740e+02 1.406533564946701063e+02 1.840128775646063843e+02 1.739438966508982958e+02 1.266437574387194900e+02 1.376715811851138938e+02 1.510581719761136981e+02 2.178294004313969197e+02 2.737211179753793431e+02 3.306397558965418284e+02 3.902084674542882112e+02 4.327036085489679067e+02 4.611713628818097277e+02 4.801839503140535612e+02 5.028106006487772106e+02 5.301757891478752072e+02 5.475772389395229993e+02 5.557431209686967577e+02 5.303317513829183554e+02
8.690999111148535342e-05 5.814002458075986368e+01 6.263581134152713759e+01 1.444175929795284397e+01 1.778877998410925088e+01 2.163829313594940729e+01 8.134483355981619468e+01 1.236559919901253153e+02 1.114293397191399038e+02 1.030458563343666469e+02 4.924448120291767594e+01 5.308450552975200054e+01 1.138096346945390707e+02 1.610215793692847512e+02 1.627387149966602067e+02 1.083922187691177896e+02 1.563719803561517665e+02 2.057546781368712345e+02 2.099202547612754017e+02 2.008019996889927370e+02 2.348472578435265348e+02 2.172692657274281771e+02 1.571904626306708508e+02 2.009912821642675453e+02 2.123422963390325435e+02 1.718698482043683384e+02 2.312631660699647966e+02 2.901798477164423957e+02 3.456390498000582170e+02 3.990350686132632632e+02 4.331988293259989860e+02 4.635942207483662401e+02 4.962267156147045739e+02 5.312452335099900438e+02 5.671135467107627619e+02 5.966759011387354121e+02 5.988202267061113844e+02
1.037417951141603092e-03 3.991626817784636216e+01 9.065731372732649618e+00 6.293012481030081773e+01 8.800303264617213017e+01 8.243978394793194298e+01 2.782323269804247090e+01 7.579898725395521808e+01 3.998937629621791245e+01 4.396764450301348148e+01 1.042640914369547005e+02 1.130083124612012284e+02 1.609508047229196563e+02 2.088216767349993006e+02 2.049968261380547290e+02 1.488239324595687094e+02 1.893008181963992058e+02 2.425050691688822724e+02 2.755899037004078309e+02 2.686913447824003924e+02 2.875019864525167463e+02 2.493327696206730764e+02 1.912084385579910872e+02 2.416586242008227430e+02 2.672078929497905619e+02 2.439125005824101606e+02 1.924636521143632137e+02 2.485924146603740326e+02 2.976174738145895731e+02 3.419062808149588477e+02 3.637103784434302156e+02 4.015669036588171821e+02 4.390947198791109258e+02 4.810082757067002603e+02 5.360229868300452836e+02 5.865036354576650410e+02 6.293828171950893875e+02
9.583065128124913876e-04 3.440183797054946258e+00 5.708988704329698294e+01 1.049031306225017772e+02 1.447104481393928381e+02 1.342006658534596113e+02 8.972712544372596710e+01 3.460875456380282600e+01 9.855886617749642653e+01 1.127144811640996664e+02 1.519720444564083834e+02 1.840266676148878844e+02 2.196924683209394402e+02 2.594304107601986971e+02 2.522596562226625849e+02 1.983364746447786047e+02 2.305219801513161997e+02 2.784443164535283017e+02 3.300578251510962104e+02 3.366311385008933144e+02 3.393092437242378878e+02 2.889214032330385749e+02 2.297038803593281102e+02 2.832390970265789747e+02 3.215270744118463426e+02 3.015445444332324882e+02 2.547157181326388695e+02 2.087182686897308770e+02 2.367124417579225337e+02 2.686177721077227716e+02 3.025293005897283365e+02 3.393979182532262371e+02 3.791496448685993528e+02 4.231844654646012600e+02 4.820856669922147830e+02 5.467839061487096615e+02 6.172852934005408088e+02
6.724052898605182074e-05 5.804398234918340904e+01 1.004657447800593104e+02 1.487179884987545222e+02 1.892713869590023137e+02 1.832325713985279663e+02 1.438304254949289032e+02 1.275490031964817064e+02 1.535461860383164492e+02 1.846447240892933337e+02 2.187957824044551103e+02 2.520989048966723942e+02 2.841726445624889834e+02 3.115744828634385613e+02 3.057687135878670119e+02 2.671868013876102168e+02 2.783719002712311976e+02 3.235963545751006336e+02 3.725342399210176154e+02 4.021644255701709199e+02 3.894054803191991141e+02 3.327611698137364442e+02 2.738366480804794492e+02 3.269077210093836925e+02 3.682580171857385380e+02 3.507580516601537397e+02 2.970110042919312150e+02 2.232071769656142237e+02 2.746411245307583044e+02 3.195903634588477189e+02 3.601613922565128405e+02 3.996983204897689461e+02 4.384466437507822434e+02 4.743939576711345012e+02 4.917735688832871119e+02 5.478640772008807289e+02 6.112737090331833087e+02
5.271809323556161378e-04 6.611590097214912021e+01 1.336168417369007102e+02 1.878648377866142312e+02 2.207420385464132551e+02 2.155741631550388604e+02 1.886695291384583300e+02 1.679930405744188135e+02 1.801936361838882874e+02 2.122679390990379602e+02 2.498233066588978204e+02 2.785097754491939668e+02 3.102581084526789823e+02 3.447064157430650084e+02 3.553633972076597729e+02 3.410257227666193103e+02 3.482623573649782429e+02 3.846024531646555715e+02 4.246132363257461861e+02 4.582507582292900565e+02 4.392015989529934359e+02 3.816409895198419804e+02 3.259125991837627225e+02 3.761961124399487062e+02 4.129237054307357084e+02 3.869597568812305326e+02 3.188057893045633477e+02 2.855913413026401031e+02 2.455840652366627523e+02 3.126414066431343599e+02 3.665184252510512124e+02 4.156717112534394118e+02 4.584357516314248073e+02 4.976672094319754365e+02 5.328303658208853903e+02 5.623175754972795630e+02 6.167411098408323369e+02
6.341017935509080149e-04 6.318446246387749454e+01 1.319137123402378222e+02 1.918968372961954856e+02 2.177930765653487413e+02 1.970777652131900197e+02 1.605032161308825494e+02 1.117119985172147381e+02 1.236364570711360926e+02 1.801555964634840450e+02 2.156742458651485776e+02 2.287193796833212502e+02 2.719720927735797886e+02 3.301828536082485925e+02 3.732343433636551140e+02 3.982098814764189569e+02 4.185503532729639460e+02 4.495854959964929094e+02 4.833386258652945457e+02 5.076276188432543108e+02 4.890984166468209082e+02 4.376758675577732447e+02 3.886782565518374781e+02 4.396134191271493137e+02 4.596833056265867299e+02 4.158795930742381302e+02 3.557033959606496865e+02 2.970059241164748300e+02 3.056893984862769571e+02 2.680478123992915584e+02 3.302960602579699980e+02 3.760875306232489947e+02 4.146780996258589767e+02 4.556370531538508999e+02 5.056932511288023875e+02 5.510925178255481569e+02 6.046037366611489006e+02
2.963495960579561983e-04 6.870834305232871486e+01 1.348819494700175596e+02 1.709514851398435553e+02 1.804203499921704861e+02 1.542465715972064686e+02 9.476343852211297758e+01 1.472623615252951765e+02 1.720948578574815429e+02 1.406729195876377219e+02 1.518876064185812140e+02 1.652186291956084290e+02 2.304417891497101323e+02 2.887257227198014675e+02 3.504029318801046315e+02 3.956647652588686697e+02 4.328319068054553327e+02 4.687168461315790751e+02 5.060001004824009669e+02 5.378247390115243434e+02 5.342126617049126480e+02 5.051615978477235558e+02 4.625578532370653875e+02 5.003226173303265227e+02 5.059334190103847959e+02 4.538003077526865923e+02 3.907832059559195272e+02 3.373921826523873051e+02 3.504484083790193836e+02 3.010066405741285394e+02 2.893951600996922480e+02 3.184360321862705518e+02 3.539495786150376375e+02 3.950066597158053128e+02 4.415077205157259073e+02 4.923878045838920912e+02 5.498993362019160713e+02
3.729900226939581679e-04 7.261073152580939905e+01 1.179929177707941221e+02 1.136806880789267780e+02 1.202627508781867789e+02 1.220715229536140640e+02 8.238926992531904148e+01 1.412108153126856678e+02 2.017520106840646861e+02 2.082002037321605599e+02 2.137970258927328473e+02 2.265984544255018989e+02 1.863668934126007173e+02 2.496696925139769689e+02 3.036905485639234143e+02 3.512199595025270469e+02 3.872230422526504867e+02 4.250395688378148407e+02 4.720769849104389664e+02 5.249505285266050123e+02 5.560473333233036328e+02 5.558853584851693768e+02 5.472754251939491041e+02 5.554592083889555170e+02 5.509198278227190713e+02 4.954167726722984639e+02 4.345254572682670187e+02 3.841371620354150878e+02 3.926079129076210279e+02 3.405094001345770494e+02 3.510746475154346626e+02 3.131543727395510928e+02 3.752450416745903681e+02 4.314507848360188405e+02 4.831587818268304773e+02 5.319794044090936040e+02 5.821493653811801323e+02
7.474223959858894515e-04 6.323795045275947047e+01 8.051553522417131603e+01 4.392800493493286496e+01 5.468946467223064190e+01 6.642403060167784190e+01 1.127130955420061298e+02 1.810906021820622129e+02 2.281780752136474177e+02 2.713805056968513441e+02 2.809093758936927543e+02 2.857271365792278175e+02 2.490144971040457733e+02 2.068159117867123200e+02 2.616004740760895970e+02 3.057116825387175822e+02 3.249219644079030331e+02 3.749281747098394248e+02 4.305971896970100374e+02 4.866831365606597046e+02 5.346339476998764439e+02 5.619710889883028813e+02 5.874912524957958340e+02 6.053980390653777022e+02 5.935896263082499900e+02 5.431970985562660417e+02 4.908229064367906744e+02 4.390594167943977482e+02 4.391083227016415549e+02 3.848212092893436420e+02 4.006571692819618988e+02 3.559228246056459284e+02 3.410158445129285951e+02 4.126545067070953223e+02 4.647980043059379227e+02 5.101311206838587964e+02 5.574865912949923086e+02
1.003401931288566782e-03 4.544251302999126807e+01 2.752133684443425921e+01 8.680878752577034163e+01 1.241608408911941694e+02 1.360796662768816532e+02 1.792432415520876532e+02 1.983811173288002578e+02 2.691575529075699365e+02 3.150459011028037253e+02 3.468775765447836079e+02 3.443694039046703779e+02 3.025088238221297274e+02 2.603759914584974240e+02 2.253300119955538037e+02 2.389239883698083418e+02 2.881781869140585854e+02 3.315277088563216807e+02 3.904920176315741287e+02 4.542535796023716443e+02 4.762663512025565637e+02 5.151587195377394437e+02 5.654418452428938053e+02 6.065508906925297197e+02 6.230132498495604523e+02 5.986578400293234381e+02 5.499863418223343388e+02 5.042458767153508461e+02 4.901654320963176588e+02 4.343098368877469966e+02 4.498393224998818596e+02 4.064229826972764954e+02 4.043364714522944041e+02 3.657860469716950433e+02 4.029332745600843850e+02 4.446356270553483796e+02 4.919134143878094392e+02
5.215015373671257927e-04 1.025745462441346767e+01 7.578061772960549547e+01 1.280050116763394783e+02 1.743262759438968601e+02 2.056955828150203445e+02 2.404997714800463484e+02 2.704647763333051103e+02 2.925721168427881480e+02 3.544127115978081406e+02 3.983313860418239756e+02 3.961905507817307921e+02 3.523219648420556496e+02 2.987208193631946642e+02 2.951997558839876774e+02 2.957824095454411122e+02 2.582801200396398826e+02 3.307655061523038285e+02 3.757235941080564317e+02 4.139849287288518553e+02 4.152561068253981489e+02 4.640958420219551499e+02 5.188584147423566719e+02 5.803979333395651565e+02 6.256284742629295579e+02 6.367727800966996483e+02 6.154669395073087799e+02 5.764475429178173727e+02 5.394189086598645417e+02 4.914609530579591024e+02 5.031494327815843803e+02 4.604476419281882045e+02 4.443363609017431486e+02 3.846014102312666978e+02 4.521351245030909922e+02 4.957334540904644200e+02 5.390499172846349438e+02
5.362004194064120752e-04 4.687012345595243090e+01 8.639571950275325207e+01 1.324473567115921355e+02 1.833017938182098305e+02 2.273232495846894210e+02 2.683300398103651219e+02 3.096350757819301975e+02 3.494354135878678562e+02 3.939448994982950012e+02 4.362213937421428227e+02 4.417619220795693309e+02 4.024359477613276113e+02 3.590535257448968878e+02 3.621330133624912833e+02 3.300063361175355681e+02 2.719746862844253883e+02 3.204148977856400506e+02 3.144544185102217284e+02 3.715365403535968767e+02 3.610734846812587193e+02 4.193254952593621852e+02 4.734634629089827627e+02 5.415008481473422535e+02 6.052420852008920065e+02 6.466125084332499000e+02 6.608250457506429711e+02 6.428510937104014147e+02 6.008402623802695643e+02 5.593512264894570762e+02 5.582686405605616073e+02 5.131876374631365252e+02 4.620439970998021408e+02 4.050616690372564221e+02 4.706788636991597059e+02 5.301201029719130702e+02 5.826835047427998688e+02
7.765128874837588270e-04 1.213895869637564040e+01 2.836131782051433348e+01 9.305386484655110735e+01 1.456114572606032311e+02 1.895588416141265782e+02 2.303982082867636052e+02 2.854023235053450662e+02 3.381506985988816041e+02 3.943660611596828858e+02 4.493844662602173230e+02 4.796167084737440405e+02 4.645567681896826002e+02 4.274106312883000669e+02 4.183468426714644011e+02 3.670358791245764678e+02 3.269247304580508171e+02 2.919546875617175488e+02 3.460396967865153783e+02 3.378338308411611592e+02 3.962400739317526472e+02 3.865272091292458185e+02 4.554801628826758702e+02 5.086163594444644218e+02 5.656658141961720503e+02 6.222452993000540573e+02 6.751849641672597500e+02 6.876201363615365381e+02 6.690839103996376025e+02 6.333811925117864803e+02 6.049673017293835073e+02 5.527662292982223562e+02 4.992094908149314278e+02 4.513444506689323248e+02 4.371296127537913776e+02 5.131219241066519317e+02 5.696372202037381385e+02
7.453121899500275314e-04 5.546499744995649905e+01 8.054687799590981001e+01 5.320359089733472757e+01 1.053066849467482768e+02 1.315964351704066075e+02 1.765488341614720582e+02 2.293455394796302471e+02 2.893258432488055405e+02 3.580631291465330719e+02 4.353512456391873684e+02 4.969409538318889190e+02 5.132853548092116398e+02 4.975761637792465422e+02 4.643166986288936187e+02 4.207047998777671864e+02 3.732900217641314953e+02 3.244537973754011091e+02 3.761955357606488519e+02 4.017190718807655685e+02 4.431786705518866825e+02 4.492256425451249697e+02 4.140469116465264960e+02 4.707093948813355269e+02 5.255031809801604368e+02 6.018646802754070677e+02 6.626921963628673211e+02 7.033671926910631100e+02 7.155933794006975859e+02 6.999336392274510672e+02 6.555321897548122934e+02 6.023477004466435574e+02 5.455792865084927143e+02 5.021485739411334066e+02 4.635705442265671650e+02 4.713824593272431116e+02 5.105230683989319118e+02
7.383993904984666136e-04 6.319319716294362621e+01 1.143203979670002042e+02 1.118408044578460618e+02 7.636535704667872437e+01 1.453723537888729140e+02 2.158674986635037101e+02 2.773362346443713022e+02 3.348764746105896961e+02 3.927293311630577932e+02 4.508961552619276176e+02 5.031556543613769463e+02 5.374393928314914319e+02 5.433558078474529793e+02 5.195819476683421954e+02 4.724157742470585504e+02 4.243175296093662610e+02 3.758905523247602218e+02 3.768920128684837891e+02 4.400509990337179715e+02 4.927870486475049461e+02 5.038554325674166989e+02 4.726315129219676692e+02 4.388599569693076319e+02 5.042291735957303445e+02 5.688258730279210340e+02 6.268366363203143692e+02 6.837036995737826146e+02 7.258165542062184841e+02 7.403148749684092991e+02 7.106040516717403079e+02 6.511851060881406283e+02 5.926097312206254628e+02 5.417884647624921399e+02 4.939450695797091271e+02 4.993907883243034576e+02 5.493592386998059283e+02
3.567392915062994737e-04 6.723114681537965964e+01 1.292871694272685943e+02 1.421888195625035394e+02 9.195884587017310707e+01 1.540643100512164381e+02 2.204287789147690262e+02 2.865660756125001285e+02 3.423501634073908235e+02 3.870696699435238770e+02 4.212995797209088096e+02 4.649073317426238532e+02 5.182345382720818634e+02 5.551154411648882387e+02 5.561907925432149113e+02 5.269778768173964636e+02 4.791470436172442646e+02 4.353297943900769269e+02 4.170188760671815089e+02 4.772133113525813428e+02 5.360509751561611438e+02 5.525659877143192489e+02 5.150568526649392425e+02 4.572539045862960734e+02 5.107961033086875773e+02 5.375022210169321397e+02 5.852345108523589943e+02 6.427844035263453861e+02 7.085848385196590016e+02 7.631767099947313682e+02 7.527847146056701604e+02 6.974496372005269222e+02 6.374023524302820078e+02 5.833987286986898653e+02 5.285677857906623558e+02 5.316454894191975882e+02 5.886654541574504265e+02
