output/field_example_test/elevation_000056.asc
nrows	150
cellsize	66.66666667
xllcorner	0
ncols	150
yllcorner	0
NODATA_value	-9999
[rows 17 to 33 of 150, columns 0 to 36 of 150]
7.334086556956868289e-04 2.261058990213910391e+01 9.240200494914587637e+01 1.331793218498212070e+02 1.221662959124797254e+02 1.531034165789040458e+02 1.880049608962398224e+02 2.264981327433526701e+02 2.693994709602108628e+02 3.195996999599619812e+02 3.805165563360612282e+02 4.526056839854990130e+02 5.244690191889027346e+02 5.429064253012126073e+02 5.869180412231544324e+02 6.333967514002824828e+02 6.576694934006073936e+02 6.483696263971569351e+02 6.225205770757893333e+02 6.030042160957557371e+02 6.063519590194385955e+02 6.063752457553430304e+02 6.154484837388730512e+02 6.334858046667765166e+02 6.260036378000654622e+02 5.854824491757337910e+02 5.472403465051156672e+02 5.939334325075093375e+02 6.087447625319952067e+02 5.611445724070604228e+02 4.997543142777464027e+02 4.447287628151412378e+02 4.005734776118033551e+02 3.664727620190899984e+02 4.278368287372036889e+02 4.420431210188419868e+02 3.877449520837786281e+02
5.274751909392564990e-04 5.400224765773857882e+01 5.582344741356605056e+01 8.097410485353026388e+01 1.201062673432160892e+02 1.862675408785273987e+02 2.368314882869386224e+02 2.810365654983926333e+02 3.258794160976852368e+02 3.640616941708730110e+02 4.237318953756805513e+02 4.883314585569831365e+02 5.527714745273234485e+02 6.027995039722777619e+02 6.463961851388929745e+02 6.742811453120824581e+02 6.753817956824296971e+02 6.471406182638567088e+02 6.133237566188020082e+02 5.834777721757385507e+02 5.613081207423643946e+02 5.449805035093443166e+02 5.467436107692578844e+02 5.802350041695965501e+02 5.768847135720407096e+02 5.286773579077246268e+02 4.805754598788163889e+02 5.370003639850986019e+02 5.641881586004705014e+02 5.284995223694983224e+02 4.681380489316851481e+02 4.124695397350020585e+02 3.662426321706681733e+02 3.297775353636214390e+02 3.972296359470103653e+02 4.273933844141493523e+02 3.874841391222170159e+02
6.543567491435646000e-04 6.942882611185164876e+01 1.150146771323671544e+02 1.454692886157658620e+02 1.819001490756216697e+02 1.848975452105892998e+02 2.315793869561458678e+02 2.842457892082738340e+02 3.449802085688915554e+02 4.106462635619471371e+02 4.681396961994811363e+02 5.357945382527506126e+02 5.957318083589948401e+02 6.464602135394275138e+02 6.818514105278451325e+02 6.853224360931300225e+02 6.529799747053930332e+02 6.002658441347296048e+02 5.546181684776893235e+02 5.153755284583141929e+02 4.811014703281720131e+02 4.714357070832178920e+02 4.770357848853894893e+02 5.237895070872017413e+02 5.279582032765001713e+02 4.781038339415264886e+02 4.244021573899349278e+02 4.791140091691208340e+02 5.234848457353261892e+02 5.061043530709667380e+02 4.382373785351747983e+02 3.829577299697008925e+02 3.359418200981776295e+02 2.971096683245039003e+02 3.606461640874702539e+02 4.045921334022928590e+02 3.759368444179418134e+02
7.308854398706160797e-04 6.340612792580997592e+01 1.288797090284471381e+02 1.909659474821984588e+02 2.347059998426291259e+02 2.545663968612383883e+02 2.908922760894116664e+02 3.376717469945422749e+02 3.909550692314023195e+02 4.548343516860687146e+02 5.084276743574594093e+02 5.602202486490224373e+02 6.122622726756919747e+02 6.554560809931662106e+02 6.838926162254861083e+02 6.646196861494966015e+02 6.083943988180712950e+02 5.521854739460857218e+02 4.963121136449200890e+02 4.500270643173891472e+02 4.101645838511788611e+02 4.049868418897438005e+02 4.169788023955632639e+02 4.736751947115501480e+02 4.837586664969400658e+02 4.335977787902612590e+02 3.766070012970828316e+02 4.352855028001516757e+02 4.887827658826706170e+02 4.865942283434127944e+02 4.248189493647382733e+02 3.536528172822426086e+02 3.082046252291852397e+02 2.681084543224767458e+02 3.325989047286943219e+02 3.816628878850275441e+02 3.613001475397469449e+02
7.572089623980787559e-04 6.986542224830434122e+01 1.351596784237282804e+02 1.986402575028513411e+02 2.567246685538881366e+02 3.055870064592158997e+02 3.486326637196619913e+02 3.936195884763115487e+02 4.362736801406288123e+02 4.762397550551413019e+02 5.048008666472525761e+02 5.327091243849952207e+02 5.728306621184143523e+02 6.176179756021791718e+02 6.549245615727563745e+02 6.326141456031285770e+02 5.692659171541457681e+02 5.047022624553918035e+02 4.515579535381276060e+02 4.019103692556952296e+02 3.553416517832251316e+02 3.465039854931595755e+02 3.655708826603474222e+02 4.352743628476068807e+02 4.455720634182974322e+02 3.941087968890773823e+02 3.348227683331856497e+02 3.973258347530669994e+02 4.574282805864723400e+02 4.700442834897965554e+02 4.217473590364990628e+02 3.512238833896746542e+02 2.812248895687452546e+02 2.423511336407152612e+02 3.069466085219999627e+02 3.582834342973781077e+02 3.454931790535003984e+02
2.914550873057958737e-04 3.625018484282361442e+01 9.871936032577788467e+01 1.682362834189320324e+02 2.325146539670202799e+02 2.908242390506864012e+02 3.548242366420408302e+02 4.113657465768573047e+02 4.394242186148798055e+02 4.502433996963956702e+02 4.439010116703535687e+02 4.764045356305848031e+02 5.234393722746517597e+02 5.786376725662163381e+02 6.173433198359221024e+02 5.970290763991599761e+02 5.337875481942713805e+02 4.676246488005255628e+02 4.110254660623974701e+02 3.656554106792261791e+02 3.240691872711680048e+02 2.921215490808519348e+02 3.586943599928648041e+02 4.113973563132786353e+02 4.126840297708900493e+02 3.580512940224206773e+02 2.970739058440570375e+02 3.621415792227693942e+02 4.252334398297923030e+02 4.425338926029635900e+02 3.972350623680651438e+02 3.467803250782471878e+02 2.817150415853409413e+02 2.188156009985710000e+02 2.817413280334642991e+02 3.310665867338983617e+02 3.267338982757444796e+02
1.560245990706205258e-04 6.235584613608390470e+01 9.217700010725222626e+01 1.405697897987703300e+02 2.023398943563266812e+02 2.827721765676238306e+02 3.544145639318095959e+02 3.932120451890301069e+02 3.879395632348407617e+02 3.869816811200200277e+02 3.813483957830027293e+02 4.298941958630363160e+02 4.874689441715790963e+02 5.430679692086797559e+02 5.684444632894771985e+02 5.580971736895011190e+02 4.997836938300254133e+02 4.347660053725410307e+02 3.783799540836284336e+02 3.311913661221948928e+02 2.922843546922343876e+02 2.569278433848430723e+02 3.241475372347985058e+02 3.821898784859562852e+02 3.825638266183071892e+02 3.220023327285937853e+02 2.623288964653963831e+02 3.286567986308664331e+02 3.918540258712196760e+02 4.095560730017689366e+02 3.660904493660744379e+02 3.051930417222853862e+02 2.636742171101257100e+02 1.963053904016026934e+02 2.538264083184624553e+02 2.902742890563266656e+02 2.897558266760330525e+02
4.209342604524442038e-04 6.522669572653343550e+01 1.301533174670663016e+02 1.891566878170192751e+02 2.474708654020003280e+02 3.038780587754629892e+02 3.448385530040622484e+02 3.455306812141677142e+02 3.220466187997153611e+02 3.201882819909931754e+02 3.882914394929790092e+02 4.536371202203636130e+02 4.960541611345105366e+02 5.060611281455898052e+02 5.034345141746516674e+02 5.134207468669015952e+02 4.679503370468354433e+02 4.028454785303558765e+02 3.478429872434907111e+02 3.022734325298864064e+02 2.620429411130769495e+02 2.268643472971357369e+02 2.947538347206912590e+02 3.540987450224051827e+02 3.549528253586289566e+02 3.033408924330734067e+02 2.302807794243621800e+02 2.958976490129894614e+02 3.563436110801226846e+02 3.710343810643839220e+02 3.318185789780751520e+02 2.882799945378594089e+02 2.231412646536161617e+02 1.745271353703355430e+02 2.193508272478208880e+02 2.290311517022015835e+02 2.313646240793442530e+02
9.909489495779951872e-04 5.690665409932954333e+01 1.220923269641882598e+02 1.918772187997889773e+02 2.583465710679232643e+02 2.986504013122466858e+02 2.991217447725352372e+02 2.763569789107069141e+02 2.625793096574134324e+02 3.247098294692694367e+02 3.925290878033382000e+02 4.489694174596551761e+02 4.582090336057188438e+02 4.365381227897830172e+02 4.304911962334782061e+02 4.629291367209615373e+02 4.449527424515230791e+02 3.752407042590130573e+02 3.132501712509344998e+02 2.745662039375176278e+02 2.362319296106504396e+02 2.006126634899688952e+02 2.679944111086919634e+02 3.265510565361556701e+02 3.240814151341348293e+02 2.667284269845753784e+02 1.995303600683579361e+02 2.629282118874009484e+02 3.162999842563869493e+02 3.254737932829396527e+02 2.877922357893967842e+02 2.413212472717165156e+02 2.084852527724539186e+02 1.560464451369792585e+02 1.599185121167963928e+02 1.637530690455817819e+02 1.675323159057293481e+02
7.446615011087333704e-04 6.076782720646136937e+01 1.285504851969410254e+02 1.959736497746920634e+02 2.457127763262364510e+02 2.566448610780117292e+02 2.303608805484475965e+02 2.128940437391553075e+02 2.688499226479259505e+02 3.348216099543818132e+02 4.020880575628301017e+02 4.269701653165798234e+02 4.047886703932417731e+02 3.611635876689206839e+02 3.649909456502768421e+02 4.173020714396802191e+02 4.288213116307016435e+02 3.754429055443850984e+02 3.088592992762153813e+02 2.451912347376089656e+02 2.118834765617320386e+02 1.768689338127247197e+02 2.430858718019940738e+02 2.993173612437984730e+02 2.946109932903010531e+02 2.337146022685732873e+02 1.709450382444001946e+02 2.281084703269462182e+02 2.646932221844555215e+02 2.690893461862371510e+02 2.391133608860616562e+02 1.968658989854682773e+02 1.507773152330657922e+02 2.044747001569479039e+02 2.296281631232903067e+02 2.247725538426169294e+02 2.251667695683759973e+02
1.012335675538303306e-03 6.539368361998342039e+01 1.292335521151562148e+02 1.694921451675467949e+02 2.035839978612728487e+02 1.975518430802508476e+02 1.670613698587522435e+02 2.315194595282787020e+02 3.023213209194354363e+02 3.647740927483733913e+02 4.055376073872090501e+02 3.929054113954954346e+02 3.419937415793430660e+02 2.927868609849224413e+02 3.083613303083483856e+02 3.784425891916752676e+02 4.085198722168261725e+02 3.802044927308140245e+02 3.167775871892387727e+02 2.495928583894354347e+02 1.866924226140290273e+02 1.551420292118559132e+02 2.187480354142240913e+02 2.692754506860417791e+02 2.633997525397899722e+02 2.154928212059498094e+02 1.455522924280345194e+02 1.880249477668975544e+02 1.971666595045497559e+02 2.005173667315537784e+02 1.955674677672757582e+02 1.439320361134770963e+02 1.982601671249547906e+02 2.458019476904844680e+02 2.844725110691045415e+02 2.889703503154801751e+02 2.892708199704188701e+02
6.267355589466023363e-04 6.043042121381236598e+01 9.992733099844905098e+01 1.150637875575142459e+02 1.461618149492494183e+02 1.238930892866790145e+02 1.706888751865368192e+02 2.307011635374268508e+02 3.008854413059013382e+02 3.687548156667634203e+02 3.883148122272517071e+02 3.543863386497637862e+02 2.922780371365929568e+02 2.320148804032994292e+02 2.890110452069893654e+02 3.352639743807162063e+02 3.752044732223025676e+02 3.658961872978802035e+02 3.210669259773611088e+02 2.629649000135690358e+02 1.971158211038937225e+02 1.353561300418325573e+02 1.926037263573461189e+02 2.278074479326696746e+02 2.189149936577460949e+02 1.747722610918004875e+02 1.218931217687750319e+02 1.256023169354917144e+02 1.293557862779769607e+02 1.331795571069307300e+02 1.371312612873639694e+02 1.915286144567366478e+02 1.848674817176743943e+02 2.473970651731034707e+02 3.091447970997652419e+02 3.437206322929941962e+02 3.543658834468419627e+02
3.170922192848684134e-04 1.777751718420196525e+01 3.823276833521759244e+01 5.991866614057943252e+01 8.482604725537393620e+01 1.420008435317458293e+02 2.090383771377220512e+02 2.703651025122200053e+02 3.337094165279666527e+02 3.734443069287444246e+02 3.614465966616863284e+02 3.071611500014957414e+02 2.481765348644060225e+02 1.872432110250530002e+02 2.388647602780614818e+02 2.930639674749660912e+02 3.290381796161084367e+02 3.266139946387095847e+02 2.822236658918304215e+02 2.334903431002204570e+02 1.846964660754670717e+02 1.163941229808049940e+02 1.602964685130837097e+02 1.691651355465306210e+02 1.687417553183636869e+02 1.165736920886916579e+02 1.762136271455161420e+02 1.906750885841446177e+02 1.920832294691063566e+02 2.012042632860394917e+02 1.729957203596245563e+02 2.326243484126082421e+02 2.449797759151629180e+02 2.326338748550640219e+02 3.043195263452292920e+02 3.553656824520718942e+02 3.914715699239617948e+02
8.199519982150405440e-04 5.986006063614876638e+01 9.650792854632216233e+01 1.316341132723795226e+02 1.495876777835190978e+02 1.915002958358098795e+02 2.454030230176593932e+02 3.075319098447531019e+02 3.499027992616088341e+02 3.577287722988345990e+02 3.269067370958197216e+02 2.677165667421472222e+02 2.050814042153922401e+02 1.488127619486478181e+02 2.013865887405627859e+02 2.567595919821209804e+02 2.662065827020650772e+02 2.716444307790067114e+02 2.402289104329122722e+02 1.872827179618223852e+02 1.448261921879071110e+02 9.812259643593827718e+01 1.016937050717385063e+02 1.053557752274281683e+02 1.096735617326129955e+02 1.656442532186934784e+02 2.159200836869506190e+02 2.569892528688740185e+02 2.599085545265152746e+02 2.591879828912437915e+02 2.163588464708078902e+02 2.728807336298322639e+02 3.075887677960038218e+02 3.060935895630474306e+02 2.781872164262091474e+02 3.146533937375718892e+02 3.813042825034602856e+02
6.973477946781249165e-04 6.568618652686697601e+01 1.302507339837845564e+02 1.786191484296799956e+02 2.084205456470401998e+02 2.388974573534700596e+02 2.785818653817919426e+02 3.194871780924991072e+02 3.358141785540082083e+02 3.179492962466239874e+02 2.761722090820383642e+02 2.280250858611869944e+02 1.702087476193172506e+02 1.153913102842485614e+02 1.689942454582939888e+02 2.101733208088755873e+02 1.993369522854039246e+02 2.046425180399366184e+02 2.008778500001598388e+02 1.529777833632495572e+02 9.329191432876449142e+01 1.440361818729953995e+02 1.645651917286234607e+02 1.691662427975144567e+02 1.764093655027733121e+02 2.158825611658187995e+02 2.638652996967748550e+02 3.115489828090903757e+02 3.253292151687616069e+02 3.014247832209883882e+02 2.847774617826710823e+02 2.914395724090301769e+02 3.510077660123184273e+02 3.666464318864845495e+02 3.337013380698308538e+02 3.710783645733330900e+02 3.689147525671530161e+02
2.601217420032892001e-04 6.210482598115557806e+01 1.276927129087484190e+02 1.820399596370982636e+02 2.055895903216064937e+02 2.224968938127809395e+02 2.536154316791563303e+02 2.854808187993160686e+02 2.911889390805204698e+02 2.561825274011001738e+02 2.203435921840908236e+02 1.839106392833249686e+02 1.375374060895221930e+02 8.569310936488940911e+01 1.242867893337624281e+02 1.574262709541936829e+02 1.345137630277936580e+02 1.380606306743413541e+02 1.431044261461478584e+02 1.354645770362839698e+02 8.931799939460833571e+01 1.471936076075067774e+02 1.883594981605976386e+02 2.158778940831863622e+02 2.340112826440693254e+02 2.668102796516543549e+02 3.094749066254011609e+02 3.520428598594392611e+02 3.772073330755587790e+02 3.664817980340027361e+02 3.573017398489156449e+02 3.576646216258590698e+02 3.784589828801733802e+02 4.203035385200074643e+02 4.033651925786077186e+02 4.162070543319841249e+02 4.108004846497387348e+02
6.625584866388835358e-04 6.625238843309411152e+01 1.256424194660966975e+02 1.486246963128700713e+02 1.474240381237322595e+02 1.504593290264963343e+02 1.878168920129883190e+02 2.317931107588849784e+02 2.372295896192044893e+02 1.975439118135248862e+02 1.546330896505858448e+02 1.489778964360305622e+02 1.026791025844903800e+02 6.010837738613926717e+01 6.373964012439211757e+01 1.107260185292749242e+02 7.409667954685681934e+01 7.742494925845808496e+01 8.067157091061365293e+01 8.422317481347199930e+01 1.328639014902725535e+02 1.046542901244095276e+02 1.653399523834481784e+02 1.930290537240389313e+02 2.141360031510888859e+02 2.544258645083309034e+02 3.050785028742292297e+02 3.541658877751684713e+02 3.962170300186588747e+02 4.181505324829876145e+02 4.240850665308097405e+02 4.252458050882561906e+02 4.405511270466338374e+02 4.753202673480981275e+02 4.738610470106296475e+02 4.811403208142783114e+02 4.755287937319603770e+02
