output/field_example_test/elevation_000038.asc
nrows	150
cellsize	66.66666667
xllcorner	0
ncols	150
yllcorner	0
NODATA_value	-9999
[rows 102 to 118 of 150, columns 37 to 73 of 150]
2.671216212522732576e+02 3.157855534361140144e+02 3.839751819474481067e+02 4.502710809752869068e+02 5.076058485519786245e+02 5.366511570875638881e+02 5.126735195154238909e+02 4.548116542216436073e+02 4.039458803797301698e+02 3.540197127060129674e+02 3.954059747281398813e+02 4.530943299199157650e+02 5.178708313677966544e+02 5.873358630204726296e+02 6.436949088351860837e+02 6.388727099214563623e+02 5.874635195015777072e+02 6.437290835711405634e+02 6.975947419460816263e+02 7.017778307535683098e+02 6.526501367214773381e+02 5.876906446856756929e+02 5.150877626758501719e+02 5.557605337604113629e+02 5.427353775984604454e+02 5.905097433921991978e+02 6.443760408473656298e+02 7.059930800310040695e+02 7.748059631914974261e+02 8.393429468525708899e+02 8.692177570811066971e+02 8.575425149188956766e+02 8.474224835797159585e+02 7.940580741807501681e+02 7.372466286493910275e+02 7.876695373359003725e+02 8.468083029095853362e+02
3.195059691063121363e+02 3.605204709620588801e+02 3.952531745435520065e+02 4.551091874117635143e+02 5.197584601242657527e+02 5.721456161322339540e+02 5.555405523579215696e+02 4.990195595311148509e+02 4.389263376175292706e+02 3.800513327918851019e+02 4.310669256266477305e+02 4.654697151117123326e+02 5.226215807234397062e+02 5.892099718407600903e+02 6.534687898842613549e+02 6.720224906362885804e+02 6.345369903844301689e+02 6.867675341915363560e+02 7.351744052851106517e+02 7.290884674014271241e+02 6.659119826171432805e+02 5.940306200101640570e+02 5.454614469616963106e+02 5.995163508954259441e+02 6.044647079313274389e+02 5.909350403820453721e+02 6.401134124849691034e+02 6.947455958113779388e+02 7.566301405587050795e+02 8.239822394459315547e+02 8.849747112148764927e+02 9.107970778974598716e+02 8.946486599135397455e+02 8.411470213185874627e+02 7.883041621277753848e+02 8.386790971536414645e+02 8.878531960827314151e+02
3.345370492382548946e+02 4.017688365446384182e+02 4.535230221924348939e+02 5.053022279411482032e+02 5.619293738298277958e+02 6.061116980675905097e+02 5.957108391984106674e+02 5.395135546761226806e+02 4.786085296708319561e+02 4.314514402614235564e+02 4.159139682288399626e+02 4.537509398177940625e+02 5.164529520745197715e+02 5.847986563831692592e+02 6.560362112078482824e+02 7.017094842560737789e+02 6.853983588582061657e+02 7.326943571648328088e+02 7.750251798915040808e+02 7.590948474976094076e+02 6.904658282949887962e+02 6.315729299976388802e+02 5.796791517472211126e+02 6.327798855692984716e+02 6.659658974923027017e+02 6.525159116970311288e+02 6.453051197933174308e+02 6.901710312108717744e+02 7.439112681527918767e+02 8.083135118041332134e+02 8.785632326362865570e+02 9.372403141124051444e+02 9.368887869681234406e+02 8.937241315370711163e+02 8.503373241331554482e+02 8.933706173898597172e+02 9.379785379839457846e+02
4.020987278158117988e+02 4.099600872561326241e+02 4.610576531104104561e+02 5.177967970174063339e+02 5.803153914270606037e+02 6.369934124518395038e+02 6.348380668286995387e+02 5.855993947680598239e+02 5.352316796179944731e+02 4.896180881197626604e+02 4.484490018769570838e+02 4.861276433332761258e+02 5.173978886902436898e+02 5.725589936182049087e+02 6.415897696614496226e+02 7.156635451022647203e+02 7.377060950975150035e+02 7.809581049025529182e+02 8.175819157443953600e+02 7.954940465009981381e+02 7.322592296073725038e+02 6.703303766569032405e+02 6.193269423943015681e+02 6.673010175295667068e+02 7.172292378711988476e+02 7.178786136653054655e+02 7.051354666104787157e+02 7.492141374449308842e+02 7.978154483185170420e+02 8.523101470262383828e+02 9.162158745475841215e+02 9.618965236083033687e+02 9.744701802666145340e+02 9.549071038584210100e+02 9.212917991899383878e+02 9.543476175280475218e+02 9.692278343364127977e+02
4.545366845071849866e+02 4.766316612061739306e+02 5.150985068612747000e+02 5.643382082489480354e+02 6.168359192437835645e+02 6.625511600026034102e+02 6.727809801058434687e+02 6.431884967369512651e+02 5.927146195967538915e+02 5.444584769885389051e+02 4.901284981134468808e+02 5.238811598312904607e+02 5.674484369500407865e+02 6.145265028022835168e+02 6.785093454957116137e+02 7.432816273305681989e+02 7.940133938599096837e+02 8.293703602634716390e+02 8.597624122222161986e+02 8.350926725615540818e+02 7.739335523722634207e+02 7.146386155593785361e+02 6.679941286349176153e+02 7.108596895652251533e+02 7.582934124369568281e+02 7.856384360355089029e+02 7.773108877501858842e+02 8.097599000883981262e+02 8.574156895961200462e+02 8.996167669002795719e+02 9.372431226850235362e+02 9.590020225491864494e+02 9.807895756566322234e+02 9.917510768077405601e+02 9.879380574534025072e+02 9.945580437273237067e+02 9.680779947256993410e+02
4.424828579326050999e+02 4.775684084347669227e+02 5.203728216074124475e+02 5.676853227406425049e+02 6.157637878383540055e+02 6.616202193841376129e+02 6.937527166770485110e+02 6.866251618738039042e+02 6.525847141673712031e+02 5.994741582190280269e+02 5.501782825809059432e+02 5.617225534362122517e+02 6.134023263779702120e+02 6.676862280363291120e+02 7.234692215430509350e+02 7.874723892439187694e+02 8.355765428913269943e+02 8.704761089850409235e+02 8.915269892622601446e+02 8.709344778599431720e+02 8.192681451346193171e+02 7.712540877214075863e+02 7.289088540025351222e+02 7.679620633189615546e+02 8.063246726438934502e+02 8.415575144223851112e+02 8.460000928805930016e+02 8.621845744949160917e+02 8.878796967904983148e+02 9.101080127362729399e+02 9.149375025026870389e+02 8.979856770770387584e+02 9.361611689493598760e+02 9.688931337412216180e+02 9.947119040591717294e+02 9.964446522209542536e+02 9.445437873110370219e+02
3.806836615868508034e+02 4.241434104702228183e+02 4.738126421376314283e+02 5.204751812045258248e+02 5.686102665159037315e+02 6.237272500983408463e+02 6.792233661903624125e+02 7.072318230361773885e+02 6.966689107158770184e+02 6.645375400090377980e+02 6.191651834789753366e+02 6.234217461431724132e+02 6.710432584114157635e+02 7.197037171986034991e+02 7.734565700436586440e+02 8.135545182310592054e+02 8.388800822782415025e+02 8.574047484399272889e+02 8.819702205813127875e+02 8.914734327431666543e+02 8.679978437321457250e+02 8.272182667428570539e+02 7.992136141303203658e+02 8.258957877015193390e+02 8.509764479711138847e+02 8.675627031205002595e+02 8.567458515316710645e+02 8.459918109860091135e+02 8.555223088442115795e+02 8.615396643022733087e+02 8.613899896910694451e+02 8.237134567603050073e+02 8.659830612726822210e+02 9.119612469153887560e+02 9.635076615511960654e+02 9.802568338717435381e+02 9.450263071260928882e+02
3.160593358474715728e+02 3.764957206664993237e+02 4.262964980826302508e+02 4.631836466860034989e+02 5.225338639865218511e+02 5.872481949139446442e+02 6.404143083031070773e+02 6.882899523132758759e+02 7.160192949747153079e+02 7.145144374264160660e+02 6.947960392616728313e+02 6.980089309447834012e+02 7.414561936464501741e+02 7.759541762565407907e+02 7.997235499704626136e+02 8.005777543595141879e+02 7.832128329151078105e+02 7.899663117705423474e+02 8.356700959468652172e+02 8.725742728226896361e+02 8.873828367897090175e+02 8.680733146562910179e+02 8.472497144900570447e+02 8.390140837458611713e+02 8.430515274574355544e+02 8.370527035826729616e+02 8.084818848915488161e+02 7.715270588580921185e+02 7.840917973139503374e+02 7.998442260346539570e+02 8.047202214186471565e+02 7.582776621979708125e+02 8.028733551611684334e+02 8.621949312366803042e+02 9.243168487092926853e+02 9.451063991116410534e+02 9.059484510555198540e+02
3.503130704559633841e+02 3.464246146115547162e+02 3.884782329248605492e+02 4.566417681120161092e+02 5.195696767404704133e+02 5.497756385790696640e+02 5.930542383425538446e+02 6.411438403031943380e+02 6.949252814758143586e+02 7.344677131185931103e+02 7.578221509115239769e+02 7.756114115804023186e+02 7.963063077465058086e+02 8.046457043248963146e+02 7.845151292389592754e+02 7.529387359163241626e+02 7.095265181983600087e+02 7.185495758992184392e+02 7.726028077911259970e+02 8.322954774460444014e+02 8.558144828792025010e+02 8.345023492142821624e+02 8.057701761494716948e+02 7.796232628618641911e+02 7.841507539448522266e+02 7.835526151276420705e+02 7.389767258034524957e+02 6.951449140226411600e+02 7.120178833671246821e+02 7.598433948101122724e+02 7.556166437674654617e+02 7.046186682411430411e+02 7.546321648245584583e+02 8.201666104666467163e+02 8.866670677798067572e+02 9.066531466049606252e+02 8.634351040717141359e+02
4.010151059635081197e+02 4.138127141853813669e+02 3.830421750966188483e+02 4.500097016290459919e+02 4.944204231509382339e+02 4.940617147770227575e+02 5.394127724864996480e+02 5.908977392404268585e+02 6.489297539758266566e+02 7.120986817597030267e+02 7.716575965308213654e+02 8.171254624542115153e+02 8.182963969591752402e+02 7.867516365307700426e+02 7.347765361005779141e+02 6.868637831398339131e+02 6.402829777642210729e+02 6.571636453178756483e+02 7.266235726235180437e+02 7.905986935374537552e+02 8.092496306794007523e+02 7.713780407914725856e+02 7.282536471166176852e+02 7.026005664291050152e+02 7.188430702045043290e+02 7.306252920104946043e+02 6.833441768072232207e+02 6.289527040709085668e+02 6.737165035428957935e+02 7.136081757083130697e+02 7.052994486008042259e+02 6.596265738427985070e+02 7.146693646565073550e+02 7.847488937163800529e+02 8.534836473468485565e+02 8.697606121259673273e+02 8.234873517461796837e+02
4.614428711448451850e+02 4.764641795520861933e+02 4.480478428506678483e+02 4.170076278133187770e+02 4.469998881254921912e+02 5.145317597667615246e+02 5.439689159576400925e+02 5.877803446863421186e+02 6.419192494595373546e+02 7.073144308651964138e+02 7.762439482350220032e+02 8.221402741404627932e+02 8.018398375034771561e+02 7.447238973412892165e+02 6.877514476749925052e+02 6.301107353019373249e+02 5.795809449629581422e+02 6.247897112572827609e+02 6.886897811688712636e+02 7.526551030064672432e+02 7.652810398164326671e+02 7.191157737276827220e+02 6.674597092972265955e+02 6.276534429246684113e+02 6.750896490511752290e+02 6.853449136903193448e+02 6.380592987693960367e+02 5.810118019249265444e+02 6.292347152317181553e+02 6.555050013431297202e+02 6.402522179681760690e+02 6.210563050339297888e+02 6.810245325173572155e+02 7.557185105090619572e+02 8.264470216002056304e+02 8.347986660008652962e+02 7.856721539268755805e+02
5.155891228134781841e+02 5.322819836802214013e+02 5.037347244003173614e+02 4.572499239125626218e+02 4.913855955661409212e+02 5.250098251441436332e+02 5.816374058548420862e+02 6.314590390017723394e+02 6.877357667050715690e+02 7.446406217253032764e+02 8.001499147850548752e+02 8.131734531435962481e+02 7.734500678300815935e+02 7.068544849942345536e+02 6.417315077782056960e+02 5.874337942110882977e+02 5.367150575540165391e+02 5.852522425907243360e+02 6.556283600717525815e+02 7.193564603282651433e+02 7.272923854808115038e+02 6.740692106052636063e+02 6.178147088405590921e+02 5.730332200106362279e+02 6.270762607568792646e+02 6.401009577245722539e+02 5.986086695732236649e+02 5.405810133883355775e+02 5.896930323155607994e+02 5.890263569496748914e+02 5.725717099797911942e+02 6.331576240471729307e+02 7.018358539409828154e+02 7.737682387610441310e+02 8.179128888101357688e+02 8.001799658582350503e+02 7.474355574913591909e+02
5.395432137453838095e+02 5.734466798518113819e+02 5.577083079051556069e+02 5.072068917840751396e+02 5.439787445755865747e+02 5.805640122736306239e+02 6.232910780828927955e+02 6.793059063512375815e+02 7.328876638444932041e+02 7.874186128600339316e+02 8.156421028414822558e+02 7.933221481392870373e+02 7.324198902035712990e+02 6.696324303605681507e+02 6.053346084096360755e+02 5.487426340147928840e+02 5.015510597410481068e+02 5.716711333470585714e+02 6.283660311464169581e+02 6.888353864117306102e+02 6.971453591318709186e+02 6.365692776280626504e+02 5.708934972716658649e+02 5.282500007344578989e+02 5.752822687841750167e+02 5.840602823708009055e+02 5.664238682749567033e+02 5.047536979711009621e+02 5.405933631847199194e+02 5.247281863510147559e+02 5.802557225466194950e+02 6.442642721334949556e+02 7.148323057005916326e+02 7.776172116646318955e+02 7.914951870445896702e+02 7.521760093925691990e+02 7.045191730878909766e+02
5.202882380785572423e+02 5.891494240468354064e+02 6.035496364540975947e+02 5.672199473397433849e+02 6.059904313851864117e+02 6.436566843229488768e+02 6.818582050529942080e+02 7.261605572209241473e+02 7.792344859485892812e+02 8.127925221459328213e+02 8.078802953358069772e+02 7.647273744087149225e+02 6.969806963824322565e+02 6.298323553336069835e+02 5.723051452552222145e+02 5.175166300954259668e+02 4.699308608159459482e+02 5.298282716050663339e+02 5.950208264037645449e+02 6.604258500399110972e+02 6.772811691159741940e+02 6.243721314728696825e+02 5.572135168740419431e+02 4.911720538428655800e+02 5.100645028031854054e+02 5.265736749320465151e+02 5.279562463449656207e+02 4.728954558883901882e+02 4.818873384675461011e+02 5.350483812463388631e+02 5.956729449062457888e+02 6.646877874520479281e+02 7.350075228328977346e+02 7.748414752727948098e+02 7.575472117513866124e+02 7.076238401946365002e+02 6.551936144283267822e+02
5.510485898172506722e+02 6.131977062354897043e+02 6.529164523924347350e+02 6.392301781980002033e+02 6.673235747281406702e+02 7.057592954502962357e+02 7.362660458732277675e+02 7.685187456296712298e+02 8.016450060218520548e+02 8.121752065521365012e+02 7.807288060523228523e+02 7.213899860276681011e+02 6.607397925219688659e+02 5.970300321492875355e+02 5.389556573873032903e+02 4.892608232646354622e+02 4.419021595087535275e+02 4.939700817338974161e+02 5.628877636898984065e+02 6.344297098859454991e+02 6.572289614518600729e+02 6.188160180141646833e+02 5.635934897622831841e+02 5.038414104844680423e+02 4.418593114559728861e+02 4.896473089433342238e+02 4.834006985221208197e+02 4.461062697714685896e+02 4.931335838012493014e+02 5.471403343257826464e+02 6.099475057798546231e+02 6.800266720328013434e+02 7.413840036639739992e+02 7.499946359721748195e+02 7.086333817449320804e+02 6.611628106457784497e+02 6.103443572157408425e+02
6.012043715810942786e+02 6.491873224963734401e+02 6.973311522667281679e+02 7.061083957053051563e+02 7.184852396750138723e+02 7.321733955797344606e+02 7.378042695104137465e+02 7.526402222262321402e+02 7.775606231894863640e+02 7.834459867106386355e+02 7.375835019379327377e+02 6.810892236784748093e+02 6.201370617207636542e+02 5.656625382779457141e+02 5.114191945140622124e+02 4.614207409216638212e+02 4.171905460250406463e+02 4.900292520980440258e+02 5.567041348027194090e+02 6.148627235436617866e+02 6.301592389841823660e+02 5.807712719536523309e+02 5.242990702429142402e+02 4.699635278320518523e+02 4.088698845082897151e+02 4.431143143101577948e+02 4.182108228902768587e+02 4.577392961635183042e+02 5.049278717656067101e+02 5.621764855890692161e+02 6.298106741024932944e+02 7.025611421921651072e+02 7.429655816207075532e+02 7.176753420581737828e+02 6.630277981610588540e+02 6.102535552041786104e+02 5.661780244152256500e+02
6.159463869467878112e+02 6.822708622563098970e+02 7.211105219054315967e+02 7.203242504000530744e+02 7.032135539434923430e+02 6.864237131842652389e+02 6.749988730841301958e+02 6.824557947130332423e+02 7.239249965877985460e+02 7.437485222137156597e+02 7.017915724323813720e+02 6.397101494981458245e+02 5.847381651055791281e+02 5.319822383493718689e+02 4.850992327229526495e+02 4.380541095476470446e+02 3.937629998108876634e+02 4.519130148388124439e+02 5.205445138591384193e+02 5.886689571278798212e+02 6.050919972515137033e+02 5.484199901989541104e+02 4.816122515346157229e+02 4.250618754578936773e+02 3.818914948057836796e+02 3.884546778741137700e+02 4.536074202787925742e+02 5.076840943270549928e+02 5.561402294599921561e+02 6.082199868486255809e+02 6.698591730176812007e+02 7.169551952148689224e+02 7.305233310509478315e+02 6.773946975853024242e+02 6.115040636573107804e+02 5.654826523826702669e+02 5.202291949242172677e+02
