output/field_example_test/elevation_000016.asc
nrows	150
cellsize	66.66666667
xllcorner	0
ncols	150
yllcorner	0
NODATA_value	-9999
[rows 102 to 118 of 150, columns 111 to 147 of 150]
9.200166344756097487e+02 8.755614674373657635e+02 8.206375096514216239e+02 7.656333887682627619e+02 7.057236389020175693e+02 6.966486679429721107e+02 7.034337891893839014e+02 7.645756328152266406e+02 8.046955191720491030e+02 8.015303746792219499e+02 8.009366988034629458e+02 7.492298724468791988e+02 7.555794857863908192e+02 8.077646459002752408e+02 8.354966349484919874e+02 8.761718282532491457e+02 9.202672631660246907e+02 9.132623175142546188e+02 8.616115252484772782e+02 8.960473433096180997e+02 8.994668685767585430e+02 8.983718934750351082e+02 8.517402275521832280e+02 8.613067800316542844e+02 9.255507270673244875e+02 9.841875023721263460e+02 1.041961105545017972e+03 1.091333638889920167e+03 1.122243840162470406e+03 1.147031605324711336e+03 1.180843508071565793e+03 1.220186437168721113e+03 1.262839732618328981e+03 1.300566769403749504e+03 1.286181050981624139e+03 1.284986690325184099e+03 1.326110981276510756e+03
9.386354711891252691e+02 8.707030387341146707e+02 7.993918346240918709e+02 7.355912922358310198e+02 7.689871076867738111e+02 7.649425170150130953e+02 7.615188731698444826e+02 7.135157645531551225e+02 7.617908840229861198e+02 7.318301975306943632e+02 7.389400595450881610e+02 7.988532620640320374e+02 8.117034575032269004e+02 7.660214358377691042e+02 7.733247840892832983e+02 8.325269165761922068e+02 8.754617424470984588e+02 8.668509411349305083e+02 8.168769888344884293e+02 8.243136223098198343e+02 8.317737665863205621e+02 8.402914893988004224e+02 8.955938553923772361e+02 9.153996710517322981e+02 8.799990578358984976e+02 9.434660521380259297e+02 9.985645768800294491e+02 1.051136746536658620e+03 1.057420089725505477e+03 1.086424439751162254e+03 1.122588848474247015e+03 1.165781079339303915e+03 1.215532210648803584e+03 1.248458912115746671e+03 1.223895824643210517e+03 1.229940102076280482e+03 1.284977151279223108e+03
9.647278029911509520e+02 9.057133461138690791e+02 8.356162508222462293e+02 7.571036902793920262e+02 8.169870996711224507e+02 8.292368888731616607e+02 8.038220455421025008e+02 7.644653639785071846e+02 7.223467218746802700e+02 7.794834378543416733e+02 7.961201247482063081e+02 8.381657299370061764e+02 8.634663862207180500e+02 8.451292464442108212e+02 8.291284305853689602e+02 7.833257079431524517e+02 8.328563318508820430e+02 8.061224286183813774e+02 8.566474327792652730e+02 8.849268790326548242e+02 8.956650229816666524e+02 9.062635638719840472e+02 9.116246726009794656e+02 9.596871131314773038e+02 9.464394451826491377e+02 8.990689051984192020e+02 9.600081899922375896e+02 1.007580453248133381e+03 9.987615315245618604e+02 1.032801391650345522e+03 1.075299949957438685e+03 1.124072947883262486e+03 1.175646386343007862e+03 1.197547571463005397e+03 1.163901685029186410e+03 1.199806674395495520e+03 1.251852750583851275e+03
9.767875003061201369e+02 9.168590939265111501e+02 8.503607933338452085e+02 7.824721365724691395e+02 8.550306481046194449e+02 8.799302805412247608e+02 8.474024073244250985e+02 8.026081356666675219e+02 7.381904341033846322e+02 8.060415900062972696e+02 8.511192688078898527e+02 8.950173814446421829e+02 9.148703669274832464e+02 8.931940570635343875e+02 8.516098399523202715e+02 7.973119091686135107e+02 7.941877732640573413e+02 8.523114739006109630e+02 8.479412496286644227e+02 9.073026923544553028e+02 9.480627622861750297e+02 9.702874428997071163e+02 9.637939807049320962e+02 1.003468303177684902e+03 1.000351020652168927e+03 9.612487514640587278e+02 9.175706970783020324e+02 9.697462245622161845e+02 9.513193758856169779e+02 9.966639987593484875e+02 1.041662642847176357e+03 1.084235821794716912e+03 1.116319374869153535e+03 1.142409428588684705e+03 1.124282930753856590e+03 1.166908560674270120e+03 1.221033577156038973e+03
9.533653593616211310e+02 8.889693303760042227e+02 8.211049256731794230e+02 8.552315491126648794e+02 9.020549946496122402e+02 9.213207838382071486e+02 8.796614012306690711e+02 8.095838757671814392e+02 7.532400062518479444e+02 8.097108669316999112e+02 8.762263329952534150e+02 9.332673588606289741e+02 9.421197439298172185e+02 8.904180106162144739e+02 8.216902900003077548e+02 8.561445729428371578e+02 8.506405295818050263e+02 9.014240605191852183e+02 9.138011278401235131e+02 8.904264502573332720e+02 9.508072776407174160e+02 1.012150152302911806e+03 1.028760430572890073e+03 1.040763781092325416e+03 1.051128465801611128e+03 1.013323432109884379e+03 9.792334554965244706e+02 9.350185752466580880e+02 9.844399378841433190e+02 9.664435738429806406e+02 1.023342502183330225e+03 1.027982877467304661e+03 1.052303577604505335e+03 1.081048194249575999e+03 1.143192525087801414e+03 1.205349384800852704e+03 1.262251196378886789e+03
9.255584922048275303e+02 8.611107984967050015e+02 8.897060131709669122e+02 9.218193911785349428e+02 9.558009097431030341e+02 9.546995457158147929e+02 8.977850798606407352e+02 8.434463141201895269e+02 7.707718811027475567e+02 8.443943865160038058e+02 9.038808653716499748e+02 9.596075455759162196e+02 9.608553060166992736e+02 9.033375917524430179e+02 8.377528471617575860e+02 8.966578735186101312e+02 9.100274013304881464e+02 9.554143508717426130e+02 9.670331685249451539e+02 9.219401731720423641e+02 9.854570006438196970e+02 1.043516152954453219e+03 1.088678291706354003e+03 1.095363922836148504e+03 1.098929479345256368e+03 1.058494746365651508e+03 9.975115866991134226e+02 9.839577980700327089e+02 1.013515560935280860e+03 9.763270189664900727e+02 9.969533489226050733e+02 1.059234857291157823e+03 1.106423305441872117e+03 1.142690015572002949e+03 1.147466114189541258e+03 1.196286588489170526e+03 1.260643658617621668e+03
8.966369959320684302e+02 9.325036057539508647e+02 9.529500820552023015e+02 9.900017426486500653e+02 1.003995732619370756e+03 9.819670842404307223e+02 9.270774759287833149e+02 8.572319195797050497e+02 7.880427616786954559e+02 8.562215936710645110e+02 9.285837193232757727e+02 9.817574548433178734e+02 9.781810882533727636e+02 9.166867342878366571e+02 8.545399022663809774e+02 9.248117504661450994e+02 9.677138871823738100e+02 1.006929636270268588e+03 1.010908923307838563e+03 9.587867976678628565e+02 1.019971098166174102e+03 1.078737248702978150e+03 1.129828211029688873e+03 1.147534715536395879e+03 1.135095367129071064e+03 1.069486465351002835e+03 1.068483224421669775e+03 1.036867015583355396e+03 1.046864891864201127e+03 9.901440763596239094e+02 1.040099195435159800e+03 1.091427299593944326e+03 1.142942948302049444e+03 1.185730221231626956e+03 1.213763598170707382e+03 1.243855169627348232e+03 1.280525490627546787e+03
9.272811589751299834e+02 9.800125819119002699e+02 1.020927218404033511e+03 1.040748606476013038e+03 1.028462590088209481e+03 9.841736494531642165e+02 9.286406243529497715e+02 8.693613919228115492e+02 8.063852388710351988e+02 8.607552816747823954e+02 9.335727271794833086e+02 9.963772603037181170e+02 9.993988459563228162e+02 9.453981135902438382e+02 8.722106952175370225e+02 9.396015606474981041e+02 1.004525815454136477e+03 1.049191744618328130e+03 1.057306724637136540e+03 1.024777695956532170e+03 1.012668398819691902e+03 1.072369353319325228e+03 1.148247517604191671e+03 1.193366915243548647e+03 1.176323792540295926e+03 1.120902398178888006e+03 1.130225577310147855e+03 1.095320812780088772e+03 1.086388778226416434e+03 1.040448768230286078e+03 1.011505328221467266e+03 1.077850344563718409e+03 1.131254380191972814e+03 1.181937776469694882e+03 1.231519963069120649e+03 1.282926230193284709e+03 1.331040069251812838e+03
9.622299892722307959e+02 1.018300554595943595e+03 1.065689877930517014e+03 1.070199267285330734e+03 1.019444004534563533e+03 9.518443636660945231e+02 8.885709966891350859e+02 8.326540681532774215e+02 8.572269747270198650e+02 8.983622889996163394e+02 9.551305643385539952e+02 1.018112525089736891e+03 1.019357221269243041e+03 9.572321547067384699e+02 8.916349134256500975e+02 9.537155333336393142e+02 1.013243740692458800e+03 1.067805796281789981e+03 1.100270144871532239e+03 1.092162374018684886e+03 1.057080043410605413e+03 1.099946941287307709e+03 1.162450790914799427e+03 1.223110980269862011e+03 1.222439145071226903e+03 1.177891941113048460e+03 1.188974104186560226e+03 1.156105710292986032e+03 1.119162155431690280e+03 1.078505693985454855e+03 1.051368122637510851e+03 1.031331168057185778e+03 1.082752781654376804e+03 1.138877213273264488e+03 1.200164285321749958e+03 1.267586563218103720e+03 1.332063850312190880e+03
1.002102178248703240e+03 1.056316889506536654e+03 1.098565960337097522e+03 1.084741385565339897e+03 1.023154791549053243e+03 9.568005337755209894e+02 8.984470665876795010e+02 8.495071424645336720e+02 8.964536006253908909e+02 9.413222497859205760e+02 9.957776658042259896e+02 1.049335879231577792e+03 1.050166487237196861e+03 9.967424503391641792e+02 9.491889942405960028e+02 9.185914566631787466e+02 9.826081286733145816e+02 1.053701303154042762e+03 1.116059495908468762e+03 1.138058323341731921e+03 1.112911050351040330e+03 1.142674665291271594e+03 1.194181381563400691e+03 1.257205713755795387e+03 1.273231746575249872e+03 1.240878612707272623e+03 1.244785563534545872e+03 1.203459966362324394e+03 1.153949106845410142e+03 1.115757797768279261e+03 1.084755800536904644e+03 1.045222616586938329e+03 1.101130543753002712e+03 1.150348544162895905e+03 1.200198986710060126e+03 1.252307160967356594e+03 1.299324156449397833e+03
1.047598101826143420e+03 1.102856052292226195e+03 1.127592952435375537e+03 1.093025654107435457e+03 1.024983528979637413e+03 9.577692387174422493e+02 8.985647870346641639e+02 8.687734634970906882e+02 9.312678492867580644e+02 9.813747898079028573e+02 1.035807246502567750e+03 1.086572594371124296e+03 1.088218846828801588e+03 1.042219222024293913e+03 9.937920003964430862e+02 9.360014176995024400e+02 9.915991618808092198e+02 1.054574376361692885e+03 1.120728666730071836e+03 1.169071510584891939e+03 1.184641804215643106e+03 1.194737562320374309e+03 1.237523366636031596e+03 1.290708092844123257e+03 1.326692625916859015e+03 1.309043220203814826e+03 1.293796591868032465e+03 1.239188692351864347e+03 1.191051877004891139e+03 1.152485727381221068e+03 1.113824013318918333e+03 1.085329990834406544e+03 1.065365451611604385e+03 1.106568124814290513e+03 1.152382629461213810e+03 1.203085041510227256e+03 1.260631105971325724e+03
1.098620206205486738e+03 1.143699215353113004e+03 1.146958582868441681e+03 1.090435536808819279e+03 1.021354455430620987e+03 9.580898792941445663e+02 9.275967926346172590e+02 8.906133250082292534e+02 9.638747918077665418e+02 1.025443810724037576e+03 1.073789584831279171e+03 1.122837064997333755e+03 1.125713537989686529e+03 1.084560522634092422e+03 1.025917563458528321e+03 9.547989420245737620e+02 9.933531855671437825e+02 1.042146027143877973e+03 1.098878858364147845e+03 1.162445733963665816e+03 1.221494699227448564e+03 1.258156766299038736e+03 1.295060392404761387e+03 1.337644960823228985e+03 1.378083915181456177e+03 1.372426708571704694e+03 1.331922270074094513e+03 1.278486977564432891e+03 1.231962560541064477e+03 1.187137530867815713e+03 1.149631078382546548e+03 1.118867499874015039e+03 1.081951674313997955e+03 1.134967457145334947e+03 1.181502471005620691e+03 1.229051882299245563e+03 1.281218037304656946e+03
1.157056544367914967e+03 1.186279052465261429e+03 1.165844912940025779e+03 1.100201578093571243e+03 1.030586032149933544e+03 9.946871886088077872e+02 9.563504962554923168e+02 9.129926117182682219e+02 9.713998167331257036e+02 1.035871629638620334e+03 1.102502598555146278e+03 1.151524857929511654e+03 1.151217652687925920e+03 1.096838078688135511e+03 1.033670277386609996e+03 9.750045156703700968e+02 1.041804437486008510e+03 1.096674169447988106e+03 1.150746632537985761e+03 1.206390997532289703e+03 1.260802155651261728e+03 1.308100999308959445e+03 1.349102833293089816e+03 1.388778042135238366e+03 1.421362691677822795e+03 1.419335556914689505e+03 1.375480785317364962e+03 1.324889291355949126e+03 1.271000684677409026e+03 1.224006272806582047e+03 1.185608652015642974e+03 1.152535022153550017e+03 1.142693692730114208e+03 1.105551797622355480e+03 1.146496600862385321e+03 1.194206876496567475e+03 1.248794324076589419e+03
1.222140717925926765e+03 1.230500566915971376e+03 1.183594370396063141e+03 1.117439801239004055e+03 1.073905854812228199e+03 1.031005489006732432e+03 9.836248238772080867e+02 9.381217703932155700e+02 9.777960048268749915e+02 1.034064133388004166e+03 1.102422491339262024e+03 1.166463023237757170e+03 1.168805856121890429e+03 1.108620848528528313e+03 1.046017047985307499e+03 9.971832672042029344e+02 1.059936397125546137e+03 1.119089994284939849e+03 1.173609700621293314e+03 1.222571744674923139e+03 1.267740339443753328e+03 1.311269273551203923e+03 1.354911422170753895e+03 1.399935051844349800e+03 1.441630626363626789e+03 1.454516806263743092e+03 1.424504648724536310e+03 1.367507023671416164e+03 1.310876997506067937e+03 1.264109500429048467e+03 1.229156277137426741e+03 1.215715088456774765e+03 1.178248769810008980e+03 1.123226861450729075e+03 1.189376243606867547e+03 1.244611876945155927e+03 1.295643842524004413e+03
1.277995073131839945e+03 1.266648862741754556e+03 1.219482248665350653e+03 1.168305888399689138e+03 1.119070230945844060e+03 1.064834153438705698e+03 1.013993073064832515e+03 9.677896902229438183e+02 1.026519863176883746e+03 1.079416771913948196e+03 1.137199482318975697e+03 1.193810661901451340e+03 1.196208321964796369e+03 1.142763612051613563e+03 1.086258971240602023e+03 1.041707791913336905e+03 1.034679014182089077e+03 1.095029414204994282e+03 1.144571287291180624e+03 1.183598952928146446e+03 1.222548341808746500e+03 1.264199217371877694e+03 1.310417813895745894e+03 1.363669694821340045e+03 1.427514238242279362e+03 1.470308071089066516e+03 1.459688410120554863e+03 1.407834038336391586e+03 1.354197426480506692e+03 1.313312323619150220e+03 1.287827972753660561e+03 1.254287456394645233e+03 1.204938664767458931e+03 1.141177595352702383e+03 1.199379361044117104e+03 1.259959148168862839e+03 1.314224108896064081e+03
1.273111998726752290e+03 1.282502477603720081e+03 1.259167329786311939e+03 1.218271540728981790e+03 1.159514214678348026e+03 1.102148763822494857e+03 1.050273887326046633e+03 1.001615314570690202e+03 1.067441260650621189e+03 1.125613445849452546e+03 1.181243746240632845e+03 1.227232456699511886e+03 1.229816946678846762e+03 1.183948841517212259e+03 1.138464216087726527e+03 1.097356444524685685e+03 1.099515305691749973e+03 1.069691948082934687e+03 1.097522872132874454e+03 1.129931640471685114e+03 1.167261410759566843e+03 1.210346525338183937e+03 1.260891440918295530e+03 1.322800025736656607e+03 1.398324493623745184e+03 1.469183309078081720e+03 1.487093453632320234e+03 1.448749230180936365e+03 1.404827307130372446e+03 1.357824222497291885e+03 1.300009752723312886e+03 1.247464859439165593e+03 1.199691908404215837e+03 1.157950755457394735e+03 1.187688214411490435e+03 1.229895310521282909e+03 1.283991558181171058e+03
1.215082716828085040e+03 1.249367022861057649e+03 1.267693449957311714e+03 1.249976763323683372e+03 1.200434351347795428e+03 1.146012689549848346e+03 1.090565977262658180e+03 1.041762646595351271e+03 1.075917279256367237e+03 1.133586333174285983e+03 1.197127353808304406e+03 1.254752773596404040e+03 1.262673227286530619e+03 1.233317464068363506e+03 1.197900748796683729e+03 1.160792334969168223e+03 1.156435249811076801e+03 1.114504798599652986e+03 1.146410992852787786e+03 1.180520173916269869e+03 1.217307203636469922e+03 1.262965055723511568e+03 1.310412354251161105e+03 1.362401641581634976e+03 1.419943450949481530e+03 1.478751506281405000e+03 1.507047667420167954e+03 1.490752499001276874e+03 1.453131276959435127e+03 1.396057086938468501e+03 1.342352948111489013e+03 1.296605339013640332e+03 1.243847602754263562e+03 1.179433238972419758e+03 1.223454668331830135e+03 1.263549454544045602e+03 1.314492167816928259e+03
