output/field_example_test/elevation_000042.asc
nrows	150
cellsize	66.66666667
xllcorner	0
ncols	150
yllcorner	0
NODATA_value	-9999
[rows 0 to 16 of 150, columns 74 to 110 of 150]
8.536004221325347316e+02 8.651447193700505522e+02 8.837535300248724752e+02 8.877268289983379645e+02 8.808501598038214979e+02 9.017639309866423218e+02 9.320211825351854031e+02 9.783438190112771053e+02 1.037374231582994753e+03 1.091283246133863713e+03 1.107278966448277515e+03 1.090539492401043844e+03 1.077195339644804790e+03 1.066434790282999074e+03 1.046386761524085159e+03 1.040390775054898540e+03 1.045551293828281814e+03 1.061336665076475128e+03 1.092153270840943833e+03 1.132980752132844827e+03 1.170054290504139999e+03 1.172353078413802223e+03 1.141835871021881985e+03 1.110570493684188705e+03 1.091960797335721054e+03 1.112107710497899006e+03 1.145561571761111054e+03 1.177510115604954080e+03 1.184654288206596902e+03 1.200548240077637502e+03 1.201873209000362522e+03 1.202929423436227580e+03 1.209734131961093226e+03 1.224788115491788631e+03 1.255682552701795885e+03 1.313346561460627754e+03 1.366919494465412299e+03
8.088774060815468374e+02 8.205635850570187131e+02 8.500961397221116158e+02 8.491497462459390135e+02 8.303151977224106304e+02 8.604415075290311279e+02 8.874044950657169011e+02 9.455431833652593241e+02 1.013951310049782819e+03 1.076658335007776486e+03 1.081130135328690130e+03 1.047004374490891678e+03 1.033894068407916166e+03 1.031900949228037234e+03 9.997927486410933398e+02 9.946287677910618186e+02 9.999418894033275365e+02 1.014461107342401874e+03 1.053757309478082334e+03 1.102266987186342476e+03 1.148858984905579518e+03 1.149017386027890780e+03 1.106783084454209302e+03 1.068028062392430002e+03 1.038270169822347043e+03 1.070044896690048517e+03 1.111782664963729985e+03 1.150251640049426214e+03 1.139579910335034810e+03 1.165678316787431640e+03 1.159388984551660542e+03 1.158717070751183655e+03 1.164803713513635103e+03 1.177677516872923661e+03 1.238978723605095411e+03 1.301713515993504643e+03 1.350441220958620306e+03
7.445292552509512234e+02 7.615150724065587156e+02 7.915696428492539098e+02 7.811131460307037742e+02 7.678274086702600698e+02 8.113442533950711777e+02 8.742731540366371519e+02 9.469144330269720058e+02 1.023601725345204841e+03 1.064996741108196147e+03 1.043645586653918826e+03 9.873532508519099338e+02 9.684423515219430101e+02 9.780817049420218154e+02 9.376232336353650680e+02 9.285906626826166530e+02 9.343635879582184316e+02 9.528200516679230532e+02 1.007520485029111910e+03 1.065666543900111037e+03 1.113072256803196979e+03 1.110875159343107271e+03 1.062173660147348983e+03 1.010871582872105591e+03 9.718088330449011210e+02 1.015390059339605614e+03 1.075908075614078825e+03 1.102711276545686360e+03 1.075077446124892049e+03 1.109932646838709161e+03 1.095975023945765088e+03 1.094376311410462677e+03 1.100221848545725834e+03 1.163466245861360903e+03 1.229967127561165171e+03 1.287353595759920381e+03 1.305245842126198340e+03
6.827219484649830292e+02 7.258308482842847980e+02 7.246127216704708189e+02 7.121843958767055938e+02 7.738049183493767487e+02 8.443846234185629100e+02 9.117476023881291667e+02 9.824827063321499736e+02 1.033991026894891093e+03 1.040482883870228079e+03 9.957213685677460262e+02 9.455280550827153547e+02 9.005352200831013079e+02 9.273082781441032694e+02 8.815686097504553800e+02 8.643749012421092175e+02 8.708716609927365653e+02 9.170622212468919088e+02 9.738102695414911523e+02 1.027724648099112073e+03 1.068125129802417405e+03 1.067795769629248298e+03 1.018539141232943052e+03 9.632604998484196130e+02 9.172102634566567758e+02 9.737813170401889238e+02 1.032568090136076080e+03 1.052659434290423178e+03 1.015634014154186502e+03 1.053615513333768604e+03 1.033176536861649538e+03 1.032696269397466722e+03 1.094750331741513037e+03 1.160112829629391854e+03 1.221224472684716375e+03 1.249331597682574738e+03 1.241016889429892672e+03
6.610999316225271514e+02 6.696191638585606825e+02 6.587421861918091963e+02 7.225606057451913102e+02 8.052668919866397346e+02 8.803727367348532198e+02 9.464452951190631893e+02 1.002475435050381861e+03 1.032449971675666120e+03 1.009856552195050085e+03 9.538062456606414798e+02 8.953243448554216002e+02 8.476702998278477708e+02 8.843238069791199223e+02 8.615642313136498842e+02 8.048110596038127369e+02 8.383807262131759899e+02 8.874464807783757578e+02 9.514807463226184154e+02 9.719633259561675231e+02 1.016478452803912774e+03 1.021587598911227474e+03 9.760509054208885118e+02 9.218229449219808203e+02 8.731197223084518555e+02 9.309313153111943393e+02 9.862345684238448484e+02 1.004725295810521743e+03 9.637263098727931947e+02 1.001721335282671475e+03 9.749077107354039526e+02 1.037738892959056784e+03 1.097035326596631194e+03 1.149782132435005451e+03 1.187847670400328070e+03 1.188974551871798894e+03 1.175226068475451257e+03
6.191485640004868856e+02 6.098664052822697386e+02 6.772529836842089708e+02 7.550092758904870607e+02 8.187184264226250434e+02 8.888843275287694041e+02 9.499463866222272372e+02 9.954059872374880342e+02 1.005666300763184040e+03 9.652906238468917763e+02 9.136673080371969036e+02 8.542448578082187396e+02 8.026791464358066150e+02 8.381355543614416774e+02 8.261399516454015384e+02 7.673179419961392114e+02 8.087127106748343977e+02 8.791450888103337320e+02 9.194165121480671132e+02 9.144437188908622147e+02 9.629666344368836235e+02 9.721915261491452611e+02 9.315446989012183394e+02 8.832754334462794077e+02 8.355353975523839836e+02 8.837675353542532548e+02 9.358992965339039074e+02 9.587453468979696254e+02 9.182184323811223976e+02 9.539538469338370987e+02 9.402965510784842991e+02 1.000233140087800507e+03 1.059110308682683126e+03 1.100946559057502100e+03 1.134270770363840938e+03 1.126406994031600561e+03 1.114560744321503080e+03
5.636621450417551387e+02 6.427135628776877638e+02 7.101801471177229814e+02 7.685657163800874514e+02 8.200293595649476401e+02 8.623020147344710722e+02 9.127089113351669312e+02 9.620067238716748079e+02 9.677404833124385277e+02 9.232061293531145338e+02 8.712030096159051027e+02 8.205008018795788303e+02 7.642254366928528952e+02 7.789464929424897264e+02 7.843753892421257206e+02 7.354797737608680563e+02 8.048417135336420642e+02 8.572045936360950691e+02 8.650262714974975324e+02 8.584553113441924097e+02 9.100821463775633902e+02 9.196300223990507448e+02 8.813934820131082688e+02 8.404992219801750934e+02 8.036666265026241263e+02 8.194057935788828217e+02 8.887344059776703489e+02 9.124068478330374319e+02 8.781578696955798478e+02 8.949058997126994655e+02 9.529229495877171985e+02 9.932202555293737305e+02 1.013419015373719276e+03 1.042126832542345028e+03 1.070239071502816842e+03 1.068427750929709418e+03 1.060309416283988867e+03
5.914967669477622394e+02 6.561328795348525773e+02 7.091434350484865945e+02 7.365653146462555014e+02 7.698256908838708341e+02 8.164433187999009078e+02 8.710465413054973851e+02 9.193030080008819596e+02 9.241200473307774246e+02 8.797336809396049375e+02 8.291830255722774154e+02 7.885936477585174771e+02 7.646604982151277454e+02 7.149647756420179121e+02 7.308541689193266393e+02 7.060469634506106331e+02 7.733265339373663210e+02 8.195310359403158600e+02 8.042403399105362496e+02 8.079128828750781395e+02 8.581581663527842920e+02 8.633817145701170830e+02 8.273425586542790597e+02 7.858221995565846782e+02 8.502382169484658334e+02 8.755674446714247097e+02 8.417896698948587755e+02 8.573734143628552147e+02 9.177877767632546693e+02 9.472715559220222303e+02 9.210688088378790326e+02 9.387890338066043796e+02 9.566724710687836932e+02 9.754462899189779819e+02 9.967861983811413893e+02 1.018690250653940666e+03 1.048750313063450449e+03
5.771806235953888518e+02 6.299205062344290127e+02 6.685568546233618008e+02 6.764803226377346164e+02 7.274990273356742136e+02 7.758434844254128393e+02 8.286276217184988582e+02 8.668771471471566201e+02 8.752499667426989163e+02 8.346771758499639873e+02 7.849656901366215607e+02 7.432588814514995192e+02 7.163477923353761980e+02 7.135417618880023838e+02 6.659915262189449550e+02 7.115531582192162432e+02 7.557115689867979427e+02 7.781772195622547770e+02 7.403350665128249375e+02 7.865248256600882542e+02 7.956775880002156782e+02 8.045841322500698425e+02 7.637882384188917513e+02 8.286482445547436555e+02 8.831863975958688115e+02 9.258947910091627591e+02 9.162780245747280787e+02 9.199715481445889509e+02 9.297031314458763518e+02 9.847516073213416803e+02 9.858979327102086927e+02 1.007599212800918735e+03 1.019768079405293292e+03 1.009903666858348970e+03 1.055610204169622421e+03 1.086070196942415805e+03 1.078647283579927489e+03
5.450015441597068957e+02 5.954924550454306882e+02 6.048848892150433585e+02 6.623459754204192222e+02 6.908817995145923305e+02 7.368261607676661242e+02 7.886051504678596302e+02 7.980903149037676485e+02 8.178201704956493359e+02 7.887260094626404907e+02 7.414547236944752058e+02 6.985218325720115899e+02 6.652086292412666353e+02 6.818761831221723924e+02 6.437202398021311183e+02 6.546436608270676061e+02 7.175317774592052729e+02 7.346705238351878506e+02 6.963933054407402778e+02 7.484569923999384855e+02 7.277093373153797984e+02 7.412218916932945376e+02 8.119058937301801961e+02 8.695469981676118323e+02 9.240629488759127526e+02 9.685040356073349130e+02 9.853710243249188352e+02 9.890102528391531678e+02 9.994534079025439723e+02 1.009532093877416969e+03 1.048368309376470734e+03 1.081949808847075019e+03 1.088930398577779442e+03 1.056601137946907329e+03 1.104759478000089302e+03 1.142986011941730567e+03 1.127778683875910929e+03
5.244293405380983586e+02 5.384889001032672695e+02 5.958010163361462901e+02 6.141377535702503110e+02 6.495163115737632324e+02 7.022603606853145948e+02 7.331919917818116801e+02 7.246947779580874567e+02 7.586302940682278404e+02 7.480277839417885843e+02 6.974578486346199497e+02 6.576906747802449900e+02 6.213647435274109512e+02 6.315154543905697437e+02 6.969646864122386205e+02 7.126903359320731397e+02 6.701391841753224980e+02 6.797751903883669229e+02 7.321356766884778153e+02 7.121997677201669603e+02 7.321792608187714677e+02 7.846157547151290146e+02 8.296457234616144660e+02 8.762168678874854777e+02 9.268187401334952256e+02 9.799097501254531153e+02 1.021896544392867554e+03 1.047734610250090554e+03 1.067547399185417135e+03 1.078650665517272273e+03 1.098813340211661398e+03 1.144879945268051415e+03 1.151691640739815284e+03 1.114294402534373603e+03 1.156187664665393868e+03 1.196680796859794327e+03 1.186127503902355784e+03
4.800843851446284702e+02 5.348397278063526983e+02 5.624758402673289766e+02 5.646618539631762133e+02 6.204404002700779301e+02 6.625925044049507733e+02 6.670557785444015053e+02 6.580882431260048406e+02 7.011691781390892402e+02 6.968540229954494407e+02 6.547737840123151045e+02 6.091415737521704159e+02 6.622829609582893227e+02 7.006132403227495615e+02 7.487661328035347879e+02 7.668794529816635759e+02 7.363561218251425089e+02 7.086243570558325473e+02 7.696147307814464966e+02 7.817786726448318859e+02 7.965268294402362699e+02 7.649646267527190275e+02 7.903348147212739150e+02 8.206792612242234100e+02 8.901244355735655063e+02 9.483210280725793382e+02 1.003486743683792724e+03 1.051321189457343962e+03 1.097066197554702740e+03 1.135354841707204287e+03 1.162236391229686205e+03 1.199977171420448030e+03 1.210073918301533922e+03 1.186254246639460916e+03 1.208335907461043234e+03 1.249485155117916747e+03 1.252981350821409706e+03
5.316664881919454047e+02 4.913059344332963292e+02 4.996109919743187788e+02 5.591705378224652350e+02 5.999942372465440030e+02 6.021022547391177113e+02 6.021693065869905013e+02 6.004540695547141240e+02 6.484807561166353480e+02 6.427770493704069850e+02 5.942729681082862498e+02 6.581291052280962504e+02 7.062469421429436807e+02 7.565284928405521896e+02 8.053022966572029873e+02 8.229130410424586444e+02 7.903833289035720782e+02 7.423935146856276788e+02 8.018990256488137902e+02 8.464152517678065806e+02 8.543782035620839679e+02 8.128511640221061043e+02 8.610121651468169830e+02 8.760984010470203884e+02 8.620302280643793438e+02 8.994501810934765444e+02 9.532361213470941266e+02 1.011584896992703534e+03 1.075418999890775694e+03 1.139293335232770914e+03 1.199484532706117989e+03 1.240463812325669323e+03 1.254438759292484747e+03 1.248689975335901408e+03 1.263740595245500572e+03 1.289330127833946335e+03 1.311398767929656742e+03
5.682555587316159063e+02 5.613314624309975898e+02 5.612636892734358298e+02 5.125285030895691989e+02 5.617663702472229943e+02 5.353609753594093945e+02 5.429354913756909582e+02 5.512273272162171907e+02 6.032764627595183811e+02 5.785405064305373344e+02 6.432813859614599323e+02 6.693305754953406677e+02 7.437775967904076424e+02 8.054411103332918174e+02 8.545325820082558721e+02 8.716221307226462613e+02 8.328590729168705593e+02 7.804907175423917352e+02 8.392204157131881175e+02 8.952221598538347962e+02 9.072446410339832710e+02 8.686657523741661180e+02 9.213293464808748467e+02 9.395855161696077857e+02 9.082716453448465472e+02 9.576517594305474859e+02 9.610917781858644275e+02 1.011495604949252879e+03 1.069359745791784007e+03 1.132549994633117649e+03 1.196883847491591496e+03 1.241591171772122607e+03 1.241530007580854999e+03 1.234341555353503509e+03 1.242131996503116625e+03 1.268917857935985921e+03 1.301669899059542104e+03
5.899648288660030175e+02 6.230900361639215816e+02 6.147980107843126234e+02 5.716203032079724835e+02 5.240040901902340238e+02 5.784198604066145890e+02 6.095019168785444208e+02 6.095124378350317329e+02 5.638437526349073323e+02 6.240495880347842785e+02 6.787686591272082524e+02 7.326500242118738697e+02 7.562512085163286883e+02 8.227003913566144320e+02 8.902882011498742258e+02 9.131430710524909955e+02 8.748232430754092093e+02 8.240833304363504794e+02 8.745767731951498263e+02 9.376251466211630259e+02 9.614495799061241996e+02 9.331600369616597845e+02 9.815445358958928637e+02 9.985482495222485113e+02 9.629832659529287184e+02 1.013810659119534535e+03 1.023922265031117263e+03 1.066988385080976059e+03 1.119777217261340184e+03 1.163681329247169060e+03 1.200409737452093623e+03 1.205271433646193373e+03 1.179271598545672987e+03 1.162534055854429653e+03 1.165724365522843073e+03 1.201527024245639723e+03 1.244817022678894091e+03
6.220812663936584386e+02 6.696353113609297907e+02 6.622275761803095975e+02 6.108324367455740003e+02 5.472535677930516158e+02 6.106976186833265956e+02 6.576330719206575850e+02 6.517014627685811092e+02 5.892583278305220347e+02 6.530601792965985624e+02 7.154521901394975885e+02 7.719247760817464723e+02 8.186522627669514804e+02 8.611901927525655083e+02 9.227608452968231632e+02 9.517934600378430332e+02 9.208154051242545393e+02 8.766302625726247015e+02 9.199481571602524355e+02 9.741889082550128478e+02 1.016815515620221390e+03 1.006874371917402073e+03 1.043237110067779440e+03 1.056496492532495722e+03 1.026312957156161929e+03 1.073083874044816412e+03 1.091796208264560164e+03 1.121456808703057732e+03 1.144292157804151657e+03 1.152514296980460358e+03 1.158496490354547177e+03 1.152978281361958580e+03 1.108097847461869833e+03 1.084797139174667336e+03 1.093370374083182696e+03 1.137697859760139636e+03 1.188994473590178814e+03
6.560211797591609866e+02 7.064751914006787956e+02 7.004349814699004355e+02 6.473101966458111747e+02 5.730508590635600967e+02 6.442835920925822393e+02 6.934863984667989598e+02 6.947847908363355600e+02 6.553174228844910658e+02 6.298760966265292609e+02 7.056753031258552937e+02 7.703970343834016603e+02 8.295498119926230629e+02 8.879691256871260521e+02 9.444419796148004025e+02 9.829338408700613172e+02 9.751730408499468012e+02 9.397054058025013319e+02 9.801909854156817801e+02 1.021790768929018896e+03 1.064232816107303279e+03 1.075286684439436613e+03 1.095195318749166972e+03 1.107694103254039874e+03 1.094345467786208928e+03 1.127581058971045422e+03 1.142735139531954701e+03 1.136692824498014716e+03 1.116119008641604069e+03 1.089118507370737916e+03 1.086399228000915400e+03 1.087872840237543869e+03 1.067246451823715688e+03 1.012354705155868601e+03 1.044333439578160323e+03 1.087237942959161728e+03 1.134150799949624798e+03
