output/field_example_test/elevation_000045.asc
nrows	150
cellsize	66.66666667
xllcorner	0
ncols	150
yllcorner	0
NODATA_value	-9999
[rows 51 to 67 of 150, columns 74 to 110 of 150]
5.197421400595027308e+02 5.752297456067888106e+02 6.163529806289885755e+02 5.861104080910899938e+02 5.072358226692368817e+02 4.408881706158284146e+02 4.746148993061760848e+02 4.908183317710394249e+02 4.827493995885191680e+02 4.361199790458456960e+02 4.304620514296606189e+02 3.779252964034877778e+02 3.806967528578392717e+02 4.330639307209037270e+02 4.526744906767864904e+02 5.092889033660334803e+02 5.708300379691122544e+02 5.775411305851658881e+02 6.403609671331025766e+02 7.003373107611818114e+02 7.582699502397646256e+02 8.012885067049464851e+02 8.365263916725508579e+02 8.234456161437458377e+02 7.655294494063737147e+02 7.055996783333607709e+02 6.581894489413199381e+02 7.194779200301118181e+02 7.452108820810586849e+02 7.207534822783409254e+02 6.877484905580096211e+02 6.575873417219190742e+02 6.238930570347220055e+02 5.709463575518728931e+02 5.021010512876655412e+02 5.681672341988820563e+02 6.361177377627897158e+02
5.623349237792108397e+02 6.215439357354491676e+02 6.461809839516893135e+02 6.010499839147299781e+02 5.354559920664942183e+02 4.666360562575634390e+02 5.209938372840101692e+02 5.544243931669275298e+02 5.451506251360574424e+02 5.052187404395971271e+02 4.698919050205529402e+02 4.536463681226774156e+02 4.334366630284258122e+02 3.846257976685834592e+02 4.522946356080564669e+02 5.156359857083151610e+02 5.461914999901572401e+02 5.401828352077629916e+02 5.957864421852855230e+02 6.571642075196258475e+02 7.158263082692429862e+02 7.508150581392268350e+02 7.851014923895100992e+02 7.812086308598688902e+02 7.258642273355681027e+02 6.643671185473790501e+02 6.137969698039098603e+02 6.785394216694761553e+02 7.031058058374562734e+02 6.692291522844884639e+02 6.286167283165384561e+02 6.048419958082929497e+02 5.926461930934142401e+02 5.471871750471296991e+02 4.983412644537315828e+02 5.523741905352308095e+02 6.139084804683568564e+02
6.084179584229680131e+02 6.609330540356980919e+02 6.719616746717625801e+02 6.272972528386253543e+02 5.629519308105831215e+02 4.961380832148250875e+02 5.588384805608260422e+02 6.068285686569274731e+02 6.042896547297247025e+02 5.663474067579458051e+02 5.347870466762924480e+02 4.973758707966745760e+02 4.447759903286254257e+02 3.869982254442342082e+02 4.498822498604216094e+02 5.004726180815110297e+02 4.913008808477380285e+02 5.541826888058121767e+02 6.152467352807826728e+02 6.718945754724913968e+02 6.994450019770106337e+02 6.868734496294338214e+02 7.266206884077672612e+02 7.379577281346206519e+02 6.898825738659490980e+02 6.275391409804944942e+02 5.742745693201434278e+02 6.388649705859763799e+02 6.583091343697500406e+02 6.200540913687515285e+02 5.721981156785731173e+02 5.361988355611817951e+02 5.511805789322093005e+02 4.927448359463844554e+02 5.429076928820085186e+02 5.599403839108294960e+02 6.205855949621612808e+02
6.659108800287980330e+02 6.969551947916767176e+02 6.795788108243234547e+02 6.212954582495855220e+02 5.456759597913886637e+02 5.444231649790000347e+02 5.998521629401619748e+02 6.515404324844026860e+02 6.544768304665554979e+02 6.158540213493022293e+02 5.535378423037802804e+02 4.860848933715789713e+02 4.342103187790532388e+02 3.896257922465369461e+02 4.433789314734056006e+02 4.718853750372181821e+02 4.601807759104113984e+02 5.203377928345657892e+02 5.904093617111532240e+02 6.529452275497739038e+02 6.581080180435845932e+02 6.201565285666874843e+02 6.599421247504304802e+02 6.877091282961509933e+02 6.606809139088380789e+02 5.949452297649430648e+02 5.385593500237016542e+02 6.012775525654752755e+02 6.139189503370699867e+02 5.715902659728227491e+02 5.260632584931342990e+02 4.783536498707776445e+02 5.215700394203269070e+02 4.886893690371483103e+02 5.467860185823711845e+02 5.992953556495554039e+02 6.300923254186823215e+02
7.185877131398889333e+02 7.260052094846619184e+02 6.669722833592468305e+02 5.965194923549148598e+02 6.084887409154512170e+02 6.024899700869037815e+02 6.501187699858688802e+02 6.939759382364848079e+02 6.904051684524066559e+02 6.332361892999949760e+02 5.706119791768390996e+02 5.284486110154438165e+02 4.872863028460079704e+02 4.436404393149312568e+02 3.936218880817056629e+02 4.173608576398594892e+02 4.782044148104617420e+02 5.467455502898482109e+02 6.047749263116995735e+02 6.358768708754342924e+02 6.138079023011848676e+02 5.606826921316491052e+02 6.041972688507023577e+02 6.316033205048059926e+02 6.205953252953421497e+02 5.666105357410326633e+02 5.058024826302435599e+02 5.656480352928880393e+02 5.690517621857939048e+02 5.254390063644152633e+02 4.721973376033504906e+02 5.184740860889244232e+02 4.839475133244434915e+02 4.996385817182458595e+02 5.571938497312082745e+02 6.222414268232793120e+02 6.760895231053439147e+02
7.720958513368744889e+02 7.608212044286343598e+02 6.984277214602456070e+02 6.329108330146990511e+02 6.727319219829629446e+02 6.695080645467209024e+02 7.126040125853966174e+02 7.343004087577344308e+02 7.164870094334718260e+02 6.686292665760464615e+02 6.170873660809976400e+02 5.612880294588046581e+02 4.970168028901843513e+02 4.359147033355351937e+02 4.418781842282659227e+02 3.972257435016498448e+02 4.678711417877284475e+02 5.370721263091724040e+02 5.863844957454045925e+02 6.012571424304674110e+02 5.619770851718304812e+02 5.092331098732519195e+02 5.571134064207225265e+02 5.647772485544195433e+02 5.679236924574801151e+02 5.322257768506552793e+02 4.753092416336344286e+02 5.329615771878462738e+02 5.312516019725449041e+02 4.657787960852276683e+02 5.225744531806283248e+02 5.598225227305894123e+02 5.535906179251235244e+02 5.530503314147699712e+02 5.325612055701368490e+02 6.046178980860923957e+02 6.601458397973974570e+02
8.172902959208712446e+02 7.969291156385685326e+02 7.358419262896820783e+02 6.743832084170545613e+02 7.270552102618215713e+02 7.406390768238323972e+02 7.637010050671708541e+02 7.541809083724344873e+02 7.116845353995221330e+02 6.622473266459414845e+02 6.125374607703435004e+02 5.496799494267843329e+02 4.834602904810805057e+02 4.966755396525776405e+02 4.641066534219793880e+02 4.001054980240550663e+02 4.588589548657599835e+02 5.016721346745635515e+02 5.430393466429047749e+02 5.581705248899921799e+02 5.196235479695061485e+02 4.646770295878321804e+02 4.989448125244079506e+02 4.967855632259670529e+02 5.026555007455540363e+02 4.971342565471867374e+02 4.470349628535429360e+02 5.015172684205494420e+02 5.060772150307617494e+02 4.615805333204033332e+02 5.285071949315089341e+02 5.883097206510655042e+02 6.153193075781086918e+02 6.153316109759871324e+02 6.016285411227271425e+02 5.621385844837777768e+02 6.048789436461740934e+02
8.306754745425947704e+02 8.288108836952142155e+02 7.779785985147842666e+02 7.213983329255274839e+02 7.709491835420445796e+02 8.031814459865242952e+02 7.979143867463143351e+02 7.433462866965672902e+02 6.735679273572447983e+02 6.086993032011398554e+02 5.661200992063486410e+02 5.320371811835976814e+02 5.452989385071529114e+02 5.451019455810760519e+02 5.037236357561179716e+02 4.557157747651876889e+02 4.046946749698989265e+02 4.632538030101906088e+02 4.764484638854196987e+02 5.062363059147279500e+02 4.829387612803737397e+02 4.268761831410762966e+02 4.304875512739594683e+02 4.339266932806357886e+02 4.373881992423249585e+02 4.412615373519629998e+02 4.892047854014339805e+02 4.525762941821537311e+02 4.560058428599613194e+02 5.044588302632996601e+02 5.336502997913453328e+02 5.900510759820341491e+02 6.473592957649588016e+02 6.736800472837459210e+02 6.506695701127640632e+02 5.848657820169484012e+02 6.410003190657381538e+02
8.257902419340597362e+02 8.589135716497597741e+02 8.311990113958569282e+02 7.747566512590965431e+02 8.270834995289008020e+02 8.477405131865123167e+02 8.141327659298293611e+02 7.457784648601177651e+02 6.746068425034187612e+02 6.370461266671341036e+02 6.052274162480057385e+02 6.067774633695137254e+02 6.020208405385536707e+02 5.714221367290388116e+02 5.103822713760392276e+02 4.485903697625225277e+02 4.572950789291819547e+02 4.088198163094500615e+02 4.115807097709444520e+02 4.584113013702541366e+02 4.216633522280944817e+02 4.754398795748734869e+02 5.011881073460560856e+02 4.961959209953629966e+02 4.983019024080220447e+02 5.002760141757376005e+02 5.388397734191873951e+02 5.231578147109970587e+02 4.820119146419463618e+02 5.427954847391384874e+02 5.899435372797731816e+02 6.295885069821822526e+02 6.823185154928576139e+02 7.196646589329617427e+02 6.918545830399814349e+02 6.271597874653780309e+02 6.187049380633409328e+02
8.264302109747978875e+02 8.865020485992343993e+02 8.800332342851047542e+02 8.333839249246085501e+02 8.774626712457591111e+02 8.788722292604480799e+02 8.182266338158946155e+02 7.520038916157470794e+02 7.122282932982279817e+02 6.776524171637016707e+02 6.656829025908817812e+02 6.504136002555831055e+02 6.204802002104680696e+02 5.704769882034254351e+02 4.991204703318956604e+02 5.100012144676822459e+02 4.968676853866293754e+02 4.813838002939922376e+02 4.632849604543154101e+02 4.154093148553257038e+02 4.750244366515258321e+02 5.165667886723699667e+02 5.592367901020982117e+02 5.630160019260288209e+02 5.675182752747633685e+02 5.700638085911501776e+02 5.968061395769067303e+02 5.756347251688692950e+02 5.135173109281258803e+02 5.752108978806160167e+02 6.322490481717013608e+02 6.819790636953192688e+02 7.212174387744357773e+02 7.584128077004911574e+02 7.338652651359210495e+02 6.728906411076211498e+02 6.626405135167632352e+02
8.638870460996633938e+02 9.214906576774349105e+02 9.311966093331426464e+02 8.988097366543257749e+02 9.299675047591342718e+02 9.137704171034965839e+02 8.496892367993015114e+02 7.981580412897319547e+02 7.540282675892345878e+02 7.171644225387742608e+02 6.708635382963105940e+02 6.277231977439994353e+02 5.863151740413625248e+02 5.484628031950261402e+02 5.661400848107406318e+02 5.759557518301197661e+02 5.504137448417405949e+02 5.159309682418074772e+02 4.732310045480874123e+02 4.193709756261424673e+02 4.866430986854320508e+02 5.490298368782207490e+02 5.958247458992022985e+02 6.209755490799224162e+02 6.355744909652137267e+02 6.465960152629401136e+02 6.556730067352635842e+02 6.189992779260588804e+02 5.719416903126923444e+02 5.617793347525702075e+02 6.274353714932428829e+02 6.931379453875485979e+02 7.497693194079486148e+02 7.904810258397875486e+02 7.759472917744971028e+02 7.230086029401192036e+02 7.131270445227279424e+02
9.096675812467933611e+02 9.558248186624156233e+02 9.787849676573347324e+02 9.692923572312207625e+02 9.828727519812025548e+02 9.485091248336877925e+02 8.977112261543135219e+02 8.446883899911236995e+02 8.004420498929337100e+02 7.551632797446069389e+02 7.164809372231909492e+02 6.763471761976153402e+02 6.383758586073890910e+02 6.058980976872026076e+02 6.333009667903038462e+02 6.268431722685891145e+02 5.769521743052492866e+02 5.047743611654063898e+02 4.259959874211253350e+02 4.636304130064494302e+02 4.959573910125056955e+02 5.413758672748888330e+02 5.889501416159091605e+02 6.272178834367294940e+02 6.598969578535831033e+02 6.903184586229288016e+02 7.018361277794665511e+02 6.808822700484362258e+02 6.388787940504493008e+02 6.148268425532698984e+02 6.119977321936195267e+02 6.625686264087572681e+02 7.374530116321953983e+02 8.022171556100199723e+02 8.162568564432932590e+02 7.783763475116251129e+02 7.695036050809785593e+02
9.262732404632814678e+02 9.615342534074057994e+02 9.944745900516389838e+02 1.016241657095980713e+03 1.023654393164950420e+03 9.979520615082966515e+02 9.473122493089707632e+02 8.988048180023124587e+02 8.508541489238652957e+02 8.150477411439544539e+02 7.764579291987405441e+02 7.380292372903793421e+02 6.999481866279652422e+02 6.804420987810142378e+02 6.856836642869235448e+02 6.530926485133915094e+02 5.845729907935115079e+02 5.171354145369484741e+02 4.799391306639801655e+02 4.306332191613321925e+02 4.347397926251685476e+02 4.951412486250744678e+02 5.415196738631926792e+02 5.806898000533853974e+02 6.213179091903672315e+02 6.770930596768598662e+02 7.191123968973146248e+02 7.298017439060654397e+02 7.114899199855914276e+02 6.742466821071666345e+02 6.580604641305043288e+02 6.964673499398340937e+02 7.440135733735116901e+02 8.124897458153315029e+02 8.580356925976914226e+02 8.400165775769489755e+02 8.302288246702040624e+02
8.759470337407205989e+02 9.110896913757005677e+02 9.605578704741211595e+02 9.989712987951863852e+02 1.028143844855135512e+03 1.029214206227467457e+03 9.986869940072620011e+02 9.499556041388237873e+02 9.146134858740151685e+02 8.756057664390550599e+02 8.364503569329278889e+02 7.988620328124102343e+02 7.654569588450762012e+02 7.382812314909016322e+02 7.113428142064013855e+02 6.686457461327842111e+02 6.160225186653359515e+02 5.646090861900917162e+02 5.108763471601341166e+02 4.515740933366387821e+02 4.838674224147503651e+02 4.413454383846972178e+02 5.015712600401522536e+02 5.173263812055108701e+02 5.735211963445159427e+02 6.379891897139094681e+02 7.045670332956296988e+02 7.548351803351738454e+02 7.624688499590931769e+02 7.405324507848758913e+02 7.171915975721959740e+02 7.500657106127420093e+02 7.904964538254492936e+02 8.410252022399674843e+02 8.986956792237955369e+02 9.034609077837779978e+02 8.949414585223715903e+02
8.052498822912939431e+02 8.549836933219519324e+02 9.001587736136100375e+02 9.463239231702920051e+02 9.983192537672204026e+02 1.029745750290915566e+03 1.024772851839874647e+03 9.864058808499485167e+02 9.382102970269479556e+02 8.920437322100866595e+02 8.498449558730742410e+02 8.109955868370655026e+02 7.736506178349459333e+02 7.334343661941776418e+02 6.855820792012007132e+02 6.340615631172031499e+02 6.017188638092994779e+02 5.549662838750280116e+02 4.871054030746302033e+02 5.238115753853887782e+02 5.324590663703708060e+02 4.942969213526471322e+02 4.471844069083986710e+02 5.090909619576386262e+02 5.732437587477521674e+02 6.396603950413829125e+02 6.976887753877567775e+02 7.488416467948387663e+02 7.873020162190468909e+02 7.989645737957507663e+02 7.865513352792537489e+02 8.149098563056413695e+02 8.493570376263952539e+02 8.903082641900500676e+02 9.344379929423804469e+02 9.649847596546853765e+02 9.600693269714726057e+02
7.584459804519418640e+02 7.983169056145693503e+02 8.415102674189070058e+02 8.949922007734438694e+02 9.491750717754799780e+02 1.002952679584141606e+03 1.014504069148729513e+03 9.703642978651516842e+02 9.044969533645295314e+02 8.495795726448108098e+02 8.030797478553804467e+02 7.626699530597284138e+02 7.258661475052314245e+02 6.884196242347080670e+02 6.376590780061126225e+02 5.688314944096234740e+02 5.420662117119608183e+02 5.188336337409263024e+02 5.537981762896980626e+02 5.829936770613027193e+02 5.751758440946358633e+02 5.190064356419470641e+02 4.513513894867941190e+02 5.093294755047699596e+02 5.569802138866582482e+02 5.999843337399130405e+02 6.519072442691011702e+02 7.089551437891612977e+02 7.728754542903628817e+02 8.199056101087340949e+02 8.449824947771659254e+02 8.703002877265890902e+02 9.006806643184156655e+02 9.361532759850538241e+02 9.740263548909704241e+02 1.004992753721125609e+03 1.008091500691228816e+03
7.112865460250312708e+02 7.480979381969768838e+02 7.939250100842428992e+02 8.445523877635001782e+02 9.072995758217235789e+02 9.704597655202510396e+02 9.920898609484039525e+02 9.378609252833949768e+02 8.654192138210531766e+02 8.007395694661870493e+02 7.482127238890860781e+02 7.044479555158861785e+02 6.669256198243101608e+02 6.338397586270955344e+02 6.038725713665704689e+02 6.330933242235637408e+02 6.166508765057781147e+02 5.736554062564322294e+02 6.178575225601761076e+02 6.315060410895740688e+02 6.028385895063624957e+02 5.488157499490939699e+02 4.994816018769433299e+02 4.576569523799847730e+02 5.012801882325119323e+02 5.494876200440828597e+02 6.046037474795793969e+02 6.686614932190303762e+02 7.363809047355754274e+02 8.021685188817517655e+02 8.416075044820582889e+02 8.602320344983154428e+02 8.886358013169208334e+02 9.223980275487919016e+02 9.600994490633171381e+02 9.986586266353335759e+02 1.030521039625597950e+03
