output/field_example_test/elevation_000079.asc
nrows	150
cellsize	66.66666667
xllcorner	0
ncols	150
yllcorner	0
NODATA_value	-9999
[rows 51 to 67 of 150, columns 74 to 110 of 150]
5.196613921860097207e+02 5.751524988480306320e+02 6.162793772629397608e+02 5.860387572600893691e+02 5.071610493393764045e+02 4.408091663917156779e+02 4.745386044368388525e+02 4.907430899869073073e+02 4.826730115916600425e+02 4.360396242183455797e+02 4.303808614210383894e+02 3.778391383480422405e+02 3.806103641430370317e+02 4.329820171124891317e+02 4.525939497885087803e+02 5.092130926006701657e+02 5.707587225281326937e+02 5.774694421501383204e+02 6.402935879863675837e+02 7.002738285057063194e+02 7.582099106153891626e+02 8.012296711078055296e+02 8.364659171696014255e+02 8.233744450961744406e+02 7.654466021979832249e+02 7.055079452273915877e+02 6.580915543305773099e+02 7.193772243820843642e+02 7.450971505032202913e+02 7.206301642674380901e+02 6.876193298918303753e+02 6.574525911232580029e+02 6.237500966733525729e+02 5.707955871531069079e+02 5.019426337577126560e+02 5.680135303896225878e+02 6.359668691575767525e+02
5.622565023651068259e+02 6.214692646703919081e+02 6.461093666322325362e+02 6.009794896344018298e+02 5.353832240608649045e+02 4.665590018566070398e+02 5.209207550654034549e+02 5.543533713658068791e+02 5.450784103069165667e+02 5.051434828681515796e+02 4.698134780887303918e+02 4.535664356033544777e+02 4.333546569143744023e+02 3.845390768394061070e+02 4.522137471602640062e+02 5.155603073535099838e+02 5.461176046249187266e+02 5.401079973800417520e+02 5.957154719501636464e+02 6.570967587876323250e+02 7.157609625214333846e+02 7.507474382417470906e+02 7.850334065289188175e+02 7.811325759499025025e+02 7.257776553946240483e+02 6.642723374203987987e+02 6.136963777966499265e+02 6.784378619400949901e+02 7.029939806567621190e+02 6.691079826167024294e+02 6.284886477217069114e+02 6.047093850687243730e+02 5.925058488157038710e+02 5.470399337907429071e+02 4.981861191679729473e+02 5.522232201194402705e+02 6.137611666962950494e+02
6.083420263731422892e+02 6.608609678866797594e+02 6.718931607048680235e+02 6.272287443539044034e+02 5.628809827623612136e+02 4.960631644498066066e+02 5.587677295233886525e+02 6.067605358451187385e+02 6.042209088143183635e+02 5.662759212506714448e+02 5.347132934321493849e+02 4.972989094369111740e+02 4.446942959111207756e+02 3.869112996680737524e+02 4.498008199877098150e+02 5.003953927164463380e+02 4.912220260931619578e+02 5.541085465480217636e+02 6.151762084667578847e+02 6.718260016824300465e+02 6.993740112597365624e+02 6.867986552765323722e+02 7.265468929109823648e+02 7.378801703258121734e+02 6.897936454440110765e+02 6.274418412766377742e+02 5.741713132513082201e+02 6.387617665932182263e+02 6.581968568302410176e+02 6.199327601742727438e+02 5.720687875278762249e+02 5.360638037887620158e+02 5.510395715109848425e+02 4.925944544764233228e+02 5.427609951437168547e+02 5.597922583521327624e+02 6.204417360717051224e+02
6.658381177483989859e+02 6.968859179057927804e+02 6.795121382989038921e+02 6.212274038951776447e+02 5.456042439220325377e+02 5.443515608314899055e+02 5.997838370532211911e+02 6.514747871302466820e+02 6.544107230338893260e+02 6.157851749422620742e+02 5.534645913817712426e+02 4.860062254247948772e+02 4.341271279357010826e+02 3.895386423081679936e+02 4.432964886520683194e+02 4.718051918370231306e+02 4.600991135528251448e+02 5.202608543455298786e+02 5.903367255894513619e+02 6.528742426083115333e+02 6.580324405164083146e+02 6.200757191307016001e+02 6.598627305918528236e+02 6.876278050460663280e+02 6.605903620560098943e+02 5.948457185314985054e+02 5.384534601167146093e+02 6.011724176341344901e+02 6.138054333937839147e+02 5.714675278999079637e+02 5.259334331037625816e+02 4.782150702431657692e+02 5.214313893784585616e+02 4.885424113827492647e+02 5.466438014113822419e+02 5.991558317464946413e+02 6.299515216976117244e+02
7.185180743217426880e+02 7.259398345508757302e+02 6.669062784912383677e+02 5.964506519254283603e+02 6.084208852087715513e+02 6.024219447890938000e+02 6.500533782889170880e+02 6.939126290246255166e+02 6.903408597608369064e+02 6.331681064089642632e+02 5.705396510336834126e+02 5.283731567228340964e+02 4.872075359527464116e+02 4.435578207692664137e+02 3.935344061631847694e+02 4.172754069664590020e+02 4.781240855574244506e+02 5.466702420391422947e+02 6.047022182427746202e+02 6.358018278525241840e+02 6.137279618511149692e+02 5.605967087916187666e+02 6.041131301687795485e+02 6.315169096998038185e+02 6.205022838384799115e+02 5.665092347034590148e+02 5.056939949622195059e+02 5.655407735810470058e+02 5.689361672372866678e+02 5.253151431202361437e+02 4.720637836199569506e+02 5.183419723180624032e+02 4.838045327170957535e+02 4.994968156200658882e+02 5.570560555503843716e+02 6.221071906879392373e+02 6.759564430149176815e+02
7.720287624871946264e+02 7.607580394188554465e+02 6.983635631057164801e+02 6.328440273973509420e+02 6.726676573086203916e+02 6.694438953721598864e+02 7.125422392635306323e+02 7.342394273696545497e+02 7.164242077574751875e+02 6.685632831737244715e+02 6.170180558042861776e+02 5.612148126824109795e+02 4.969384635742544560e+02 4.358309630329628703e+02 4.417948090332884590e+02 3.971379480137530322e+02 4.677893967296822666e+02 5.369955233124206870e+02 5.863097975201256986e+02 6.011793441741144761e+02 5.618927538131257506e+02 5.091425959920343303e+02 5.570251111121934855e+02 5.646856077760937751e+02 5.678281903498352676e+02 5.321224158344685975e+02 4.751981895144240866e+02 5.328521497791513184e+02 5.311337840116427742e+02 4.656504034358084141e+02 5.224496621476781684e+02 5.596966340886650642e+02 5.534569329356620528e+02 5.529143799195028350e+02 5.324224259598952358e+02 6.044843363422630773e+02 6.600155287045118939e+02
8.172241696556156967e+02 7.968677257906681461e+02 7.357798496050122594e+02 6.743186777466024751e+02 7.269940762136334342e+02 7.405791492674408119e+02 7.636423404188203676e+02 7.541208944437130413e+02 7.116213404806007929e+02 6.621807997607418201e+02 6.124676752226658891e+02 5.496056473757932963e+02 4.833806256316456711e+02 4.965969161559820009e+02 4.640246639083301261e+02 4.000174551396436868e+02 4.587759366652985591e+02 5.015921037454045859e+02 5.429612980557492392e+02 5.580912877831078731e+02 5.195363059879350658e+02 4.645824987047815284e+02 4.988506632532171352e+02 4.966879940583887105e+02 5.025551323957066074e+02 4.970296261155009461e+02 4.469214011248755014e+02 5.014058002790410455e+02 5.059606831089576531e+02 4.614554938070692742e+02 5.283867292352366576e+02 5.881909805344745337e+02 6.151949539666884448e+02 6.152027309141640217e+02 6.014965794494023612e+02 5.620024376160670272e+02 6.047460997053059373e+02
8.306058736186391798e+02 8.287502687892512085e+02 7.779187980110610852e+02 7.213364756950718402e+02 7.708910249225216376e+02 8.031258270230965763e+02 7.978579813174524134e+02 7.432855888550012651e+02 6.735022989476074144e+02 6.086292348231870619e+02 5.660469799396990993e+02 5.319614373270238730e+02 5.452241895189970364e+02 5.450268981533494070e+02 5.036448274960682170e+02 4.556325023621531614e+02 4.046062451524310291e+02 4.631702622706231978e+02 4.763650150418480962e+02 5.061536868438468559e+02 4.828499156802064931e+02 4.267782243673054836e+02 4.303868187569412385e+02 4.338233013535447640e+02 4.372821122224692658e+02 4.411524333183756994e+02 4.890971496165432768e+02 4.524584473248260679e+02 4.558852834520387205e+02 5.043413293821463981e+02 5.335323521381852743e+02 5.899363475068826119e+02 6.472447581894085715e+02 6.735591299555943579e+02 6.505426543984597174e+02 5.847317530344473653e+02 6.408706128560230582e+02
8.257178258700004108e+02 8.588531427018212980e+02 8.311421094583358808e+02 7.746981295242834449e+02 8.270297165739451657e+02 8.476887492544603901e+02 8.140780096512660293e+02 7.457181807318443134e+02 6.745413697824702695e+02 6.369780007054102953e+02 6.051570090635916586e+02 6.067070758675907882e+02 6.019500292509615065e+02 5.713486655484786070e+02 5.103035680894712414e+02 4.485059960576077174e+02 4.572113951532092528e+02 4.087310438302843636e+02 4.114916912682477914e+02 4.583250310759255512e+02 4.215693381513464146e+02 4.753495452098342184e+02 5.010958700223052915e+02 4.960992915105051679e+02 4.982021322775685803e+02 5.001729795917080992e+02 5.387373778728501748e+02 5.230477724165493782e+02 4.818941307599763491e+02 5.426823118101483487e+02 5.898325666995079928e+02 6.294782885722731862e+02 6.822090926223569340e+02 7.195521526718421228e+02 6.917326386515618424e+02 6.270297729497021919e+02 6.185737308492015245e+02
8.263555548946943645e+02 8.864382540340584455e+02 8.799788242543248771e+02 8.333295259283274845e+02 8.774134179256301422e+02 8.788239499180285748e+02 8.181727997698286572e+02 7.519443640773524749e+02 7.121655384721752853e+02 6.775870427692569820e+02 6.656165365377015632e+02 6.503459589962469636e+02 6.204103189986043390e+02 5.704031999669565494e+02 4.990406565711770099e+02 5.099225201845941911e+02 4.967877029740486137e+02 4.813024675964801986e+02 4.632013683858477862e+02 4.153199855252365182e+02 4.749395851212903494e+02 5.164831900864534191e+02 5.591538264822104338e+02 5.629279794912666830e+02 5.674268419842521780e+02 5.699687949566125553e+02 5.967100928785658880e+02 5.755297634696958085e+02 5.134028968536108550e+02 5.751012624090129748e+02 6.321428510417289317e+02 6.818748416533197769e+02 7.211133860406390568e+02 7.583063405149913478e+02 7.337482735645965022e+02 6.727649121345671119e+02 6.625129477835107537e+02
8.638149264704766210e+02 9.214287522637142729e+02 9.311456937729958554e+02 8.987605200942898591e+02 9.299233340338960261e+02 9.137262403433203417e+02 8.496389725091750051e+02 7.981027783509822484e+02 7.539689856030672672e+02 7.171020787066009916e+02 6.707976574997112493e+02 6.276540418192607831e+02 5.862427798905740701e+02 5.483872971094333479e+02 5.660662907296263029e+02 5.758832530953681044e+02 5.503395277455913401e+02 5.158548274378883889e+02 4.731501100612314303e+02 4.192841688876387707e+02 4.865630113028850587e+02 5.489547693615052140e+02 5.957506005156049014e+02 6.208986793176371748e+02 6.354951624238817658e+02 6.465132629568047378e+02 6.555852462345595768e+02 6.188996115024291385e+02 5.718339031845346199e+02 5.616694267314027229e+02 6.273303688651878929e+02 6.930370139544600079e+02 7.496708211756272249e+02 7.903802609086520761e+02 7.758356851208112630e+02 7.228877913638810924e+02 7.130037681547560169e+02
9.095977069828402364e+02 9.557633978372343790e+02 9.787353830567768682e+02 9.692481944865468222e+02 9.828333603336832311e+02 9.484690542336230692e+02 8.976666206710040115e+02 8.446383375900932151e+02 8.003875905518108311e+02 7.551047658625681152e+02 7.164192278157096325e+02 6.762822572171410229e+02 6.383079230925775391e+02 6.058276097099202389e+02 6.332333055543930413e+02 6.267761298807188268e+02 5.768822784073731782e+02 5.046986837657401566e+02 4.259133217098122941e+02 4.635506321613594309e+02 4.958833757728326646e+02 5.413063615482680007e+02 5.888847912523997365e+02 6.271553449467021437e+02 6.598356734908045382e+02 6.902549119126705364e+02 7.017587187497903187e+02 6.807928140829448012e+02 6.387795326917713510e+02 6.147226483223505511e+02 6.118923243006773873e+02 6.624670538805011120e+02 7.373561426069921936e+02 8.021216441204588818e+02 8.161516628209230930e+02 7.782618718061982008e+02 7.693859140444203604e+02
9.262005671718385429e+02 9.614656566302988949e+02 9.944150134205361837e+02 1.016196292395706564e+03 1.023616525903374395e+03 9.979167833262263230e+02 9.472739588251583882e+02 8.987620257341430943e+02 8.508064264757207411e+02 8.149964716400439784e+02 7.764029066954732343e+02 7.379706332958518260e+02 6.998861944507259523e+02 6.803786277142249901e+02 6.856217323735704667e+02 6.530298894227869368e+02 5.845052828135101208e+02 5.170618297850822955e+02 4.798625797229611862e+02 4.305534597094422793e+02 4.346626787893458186e+02 4.950706153575583812e+02 5.414552134705762683e+02 5.806305973724881824e+02 6.212616397514498203e+02 6.770388229663509492e+02 7.190541051593950215e+02 7.297268522984043102e+02 7.114031824406721398e+02 6.741502131278863317e+02 6.579599775689047192e+02 6.963699013640543853e+02 7.439193696978279604e+02 8.123992531229537235e+02 8.579393257081858337e+02 8.399113161258487708e+02 8.301190015363404200e+02
8.758628035616357010e+02 9.110101042246456018e+02 9.604866873364804860e+02 9.989100252595527536e+02 1.028093425783086332e+03 1.029178068158520318e+03 9.986550296215906428e+02 9.499211358710282411e+02 9.145760891196002831e+02 8.755640005992826218e+02 8.364040339981970646e+02 7.988114862322673844e+02 7.654028074382749764e+02 7.382249902500112739e+02 7.112865367731508286e+02 6.685862001879761465e+02 6.159589666533138370e+02 5.645414327291670133e+02 5.108043334057113043e+02 4.514966622721946692e+02 4.837962041249720073e+02 4.412726123157916618e+02 5.015053701291882362e+02 5.172637992289457998e+02 5.734641918767455309e+02 6.379377076339969790e+02 7.045186262546833404e+02 7.547824429491473666e+02 7.623985757130080856e+02 7.404485695321386629e+02 7.170996356179051645e+02 7.499766638665948904e+02 7.904107733919170187e+02 8.409428653938166462e+02 8.986142825517623578e+02 9.033694651870346206e+02 8.948433674488308043e+02
8.051574414135792495e+02 8.548958809429764187e+02 9.000767549289853378e+02 9.462498816778568198e+02 9.982574171870816144e+02 1.029698813329022641e+03 1.024743282207901757e+03 9.863798573720583818e+02 9.381808272876176034e+02 8.920090104930163761e+02 8.498050389529289532e+02 8.109510548583385798e+02 7.736020595372732487e+02 7.333821557878245585e+02 6.855261838873658462e+02 6.340015365542242307e+02 6.016560414254882971e+02 5.548991065240705893e+02 4.870317272384402258e+02 5.237432514525939951e+02 5.323951228714993249e+02 4.942308211892946588e+02 4.471154226265015836e+02 5.090291495040464724e+02 5.731895991665652446e+02 6.396136805750851408e+02 6.976478612881115851e+02 7.488024829963970888e+02 7.872579088319755556e+02 7.989014607650282187e+02 7.864755326702227194e+02 8.148366630581458594e+02 8.492872697484353921e+02 8.902420099308906174e+02 9.343732249482333145e+02 9.649138946874619478e+02 9.599888717836544174e+02
7.583492591007343435e+02 7.982231074149045753e+02 8.414207142241989459e+02 8.949096514900818420e+02 9.491029641689224263e+02 1.002897776832636282e+03 1.014472387105994471e+03 9.703370664444307749e+02 9.044651492782252262e+02 8.495420393107098107e+02 8.030370051353330609e+02 7.626228169768020280e+02 7.258152597632018797e+02 6.883652135557371139e+02 6.376001140105300919e+02 5.687661876429685890e+02 5.419982786277201967e+02 5.187633421586111808e+02 5.537324857345610098e+02 5.829333292469358412e+02 5.751188741696869329e+02 5.189463746846925005e+02 4.512851836902189575e+02 5.092703260883532153e+02 5.569277866803961388e+02 5.999374525896769228e+02 6.518665702597265863e+02 7.089202985214740238e+02 7.728447535838964768e+02 8.198725597720416545e+02 8.449348579320972021e+02 8.702546340066031689e+02 9.006383079931822522e+02 9.361146596907830144e+02 9.739899119617133465e+02 1.004952801270297414e+03 1.008035875631545537e+03
7.111868310286587302e+02 7.480002541024191487e+02 7.938307199793104019e+02 8.444634629424956529e+02 9.072203463168311828e+02 9.703971796465914395e+02 9.920522000979918857e+02 9.378290483220578153e+02 8.653829478020315946e+02 8.006971077595716224e+02 7.481649614001096325e+02 7.043958907682194877e+02 6.668699557092994610e+02 6.337809302221443204e+02 6.038108298006791301e+02 6.330348686023813798e+02 6.165910658571181102e+02 5.735914295648452708e+02 6.178002365686477333e+02 6.314537768955480033e+02 6.027880636165479018e+02 5.487615440603312891e+02 4.994227240658186133e+02 4.575949509882773896e+02 5.012232825205516065e+02 5.494368396123758203e+02 6.045602695990338589e+02 6.686266893538323757e+02 7.363553582272461426e+02 8.021507661463280101e+02 8.415949649205804235e+02 8.602246635949695701e+02 8.886313721811091000e+02 9.223976477174893489e+02 9.601022351702177957e+02 9.986601109865284798e+02 1.030509726507306141e+03
