output/field_example_test/elevation_000015.asc
nrows	150
cellsize	66.66666667
xllcorner	0
ncols	150
yllcorner	0
NODATA_value	-9999
[rows 102 to 118 of 150, columns 0 to 36 of 150]
8.132558729436490394e-04 6.278445086873811931e+01 1.151566448841639101e+02 1.629799619284222842e+02 2.060139122585642326e+02 2.564793060249772907e+02 3.118552833812663039e+02 3.752369422659514839e+02 4.171514266886854330e+02 4.078118676948944881e+02 3.514023077022882831e+02 2.834126355430263402e+02 2.604707925939353572e+02 2.110312204642621907e+02 1.978701066959192474e+02 1.580175948048536156e+02 1.201101632131038599e+02 6.623027743891793762e+01 1.285026266720770991e+02 1.866392425595344662e+02 2.220366839681492479e+02 2.400445703459274398e+02 2.704251308190940790e+02 2.605501195983662228e+02 2.643821578415420959e+02 3.101638890645402284e+02 3.057395903519491185e+02 2.877023900356275590e+02 2.363344669792856507e+02 1.915650624199657273e+02 1.533985016613515882e+02 1.044877479172810837e+02 1.639102265851830396e+02 2.095394613256571006e+02 2.090844800635052252e+02 2.369883441016104086e+02 2.159035105039143900e+02
5.922670613687738318e-04 3.018885101752893974e+01 6.675570331741045038e+01 1.074907540071603904e+02 1.527699855901142882e+02 2.048191250932032972e+02 2.665178714335482937e+02 3.384621185139488944e+02 4.125580825738728095e+02 4.325409284750053303e+02 3.899764809791481639e+02 3.454465827516671652e+02 2.956385068964323750e+02 2.754427921898555951e+02 2.393764800885654438e+02 1.874321543529179053e+02 1.287348509795050688e+02 6.820418219424206541e+01 1.206294292296606869e+02 1.446200100458247846e+02 1.567499935538639306e+02 1.998127653361048317e+02 2.031197086938946939e+02 1.962931853689654815e+02 2.193603970577853488e+02 2.526691604069086736e+02 2.421567164317488903e+02 2.282975911604817156e+02 1.924459711636846180e+02 1.465389640856001563e+02 1.010560250581470996e+02 1.615245910193596615e+02 2.101800374716232795e+02 2.624272317862179875e+02 2.770153692573344415e+02 2.926033904285582707e+02 2.506515600231756196e+02
5.562019690919195415e-04 6.668324063576147864e+01 1.201328438937347443e+02 1.623610192866749742e+02 2.044090438547224551e+02 2.511055632005321172e+02 3.046231485370812493e+02 3.645556965077758491e+02 4.237025010650710328e+02 4.566715012322480902e+02 4.402474149135659900e+02 3.945887991708472669e+02 3.512426003839840405e+02 3.030128569477902829e+02 2.338537520605332247e+02 1.624208973063659300e+02 1.178712478872483729e+02 1.194367238144701702e+02 7.071619583417520971e+01 7.276836670524521367e+01 1.278884909879311067e+02 1.399244505655654791e+02 1.367872822054649475e+02 1.699460112112649597e+02 1.536450152147710639e+02 1.945976350630254501e+02 1.946034492882592133e+02 1.535259321892410753e+02 1.508590100185681706e+02 9.768876590660484283e+01 1.579671891259589813e+02 2.089292342751548688e+02 2.613153360016965507e+02 3.080637960560770239e+02 3.381567683113888734e+02 3.451302966665253393e+02 3.159765676775870702e+02
4.368481398166852367e-04 6.705172492837627374e+01 1.308054952404903304e+02 1.694161215963420091e+02 2.047797098689717927e+02 2.454357209992485309e+02 2.927165251433106619e+02 3.459879458687478859e+02 4.021720607147113924e+02 4.519174812066917184e+02 4.709201330632803888e+02 4.398712094141235411e+02 3.800897550956332793e+02 3.058341932786207735e+02 2.321298320199340992e+02 1.910155492789742482e+02 1.622758122285151785e+02 1.487136830700617907e+02 1.008246041493719503e+02 1.215014515862741717e+02 7.562941729857544715e+01 7.761514021167249666e+01 1.260923271563001293e+02 1.336622143696923786e+02 8.523442829913537366e+01 1.439026503499544276e+02 1.465058778097856305e+02 9.293214009527051189e+01 9.475394263404447770e+01 1.040519432549945407e+02 1.653655513870852758e+02 2.197993342128038989e+02 2.745248323980370628e+02 3.248069103940178479e+02 3.649136738737047381e+02 3.846603778395798372e+02 3.812318474018567827e+02
7.385796387706187061e-04 6.305082454974190398e+01 1.129231716268368331e+02 1.138662367756675593e+02 1.469476224421066206e+02 1.881656581875260486e+02 2.361949853543329709e+02 2.913746466586528641e+02 3.549998861848800402e+02 4.312866613166647767e+02 4.834620013392504916e+02 4.585886231660275030e+02 3.852807317970575127e+02 3.143888246094010697e+02 2.687537548609757323e+02 2.304335907077005174e+02 1.904625366074342310e+02 1.458856799630600847e+02 1.625763015891425027e+02 1.608387266555788244e+02 1.444634774564583211e+02 1.318286113266274810e+02 7.998141000072702411e+01 8.190807065630865225e+01 1.271308990160458876e+02 8.804821982273800529e+01 9.006340037114858887e+01 1.436218466233525248e+02 1.656797486024743762e+02 1.664807273196821029e+02 1.223605678860124328e+02 1.843621395267477396e+02 2.385668592314432033e+02 2.940307610259019953e+02 3.382751893582861840e+02 3.712869920745231980e+02 4.014316337567268533e+02
3.788329706242149616e-04 5.617771755411120438e+01 6.970694084533114676e+01 1.437719702913092306e+02 1.967547576605712720e+02 2.124350653052974565e+02 2.809263629050325903e+02 3.386763574126974845e+02 3.964055356657759717e+02 4.464502363307174733e+02 5.022028440765943174e+02 4.862025333629825354e+02 4.218260581951284394e+02 3.606274007508727095e+02 3.127996797249951442e+02 2.661673597085487017e+02 2.227876552020253769e+02 1.834320381717821817e+02 2.239948493048689784e+02 2.212819372597227527e+02 2.056338822299792355e+02 1.574297540280952319e+02 9.390695947158282308e+01 1.382229763910128781e+02 1.721877268660416576e+02 1.520553447779873579e+02 1.469442020006981409e+02 1.570192997581276302e+02 2.148075810499405520e+02 2.181983279709782266e+02 1.803076295214943059e+02 1.385328970488025107e+02 2.015000584018620771e+02 2.635580344056627382e+02 2.724573180821915912e+02 3.164123732659660391e+02 3.727572367041216239e+02
2.594695960396056029e-04 2.703026520849430980e+01 9.699949306658703563e+01 1.563377713401766300e+02 2.225473943065698279e+02 2.733909979150938057e+02 2.897194888502581307e+02 3.452066920598264232e+02 4.073742641585371302e+02 4.736888007575935262e+02 5.271459861784414898e+02 5.197715794286658593e+02 4.662201051125537674e+02 4.120569419271600395e+02 3.569632000233756912e+02 3.091260257810324106e+02 2.640732832409424304e+02 2.289156791131298974e+02 2.715452269280158930e+02 2.731624309080982016e+02 2.418482136617952278e+02 1.832986858222716648e+02 1.095271140533274661e+02 1.747357977854151159e+02 2.177788341919174400e+02 2.171437562032580786e+02 2.090341502110715055e+02 2.071971415710149813e+02 2.558260114620115360e+02 2.635001527247609374e+02 2.154546421990615670e+02 1.503808278348319334e+02 2.038611313773842255e+02 2.302107321136851681e+02 2.026943106120123446e+02 2.697724636228111876e+02 3.271997165728249684e+02
1.909469283360093537e-04 6.938448148682552130e+01 1.333695625947780172e+02 1.953870436834585860e+02 2.542757655275991340e+02 3.110190039198793102e+02 3.540872920378838558e+02 3.982646066830961900e+02 4.502481681024428326e+02 5.045744203359180915e+02 5.493075666853385428e+02 5.539778706397237329e+02 5.195181819800411631e+02 4.633260031514139428e+02 4.104770229224452009e+02 3.578210116173931965e+02 3.162836607921039445e+02 2.818997462500094002e+02 3.042790700749501411e+02 2.867019264028630801e+02 2.455991092195328633e+02 1.855434955696296129e+02 1.242634348494614187e+02 1.818821213470716316e+02 2.422554904387436920e+02 2.779419292582264234e+02 2.760408657298262369e+02 2.690370745032863056e+02 2.931928162174683621e+02 3.035991352267877801e+02 2.559104695750793326e+02 2.139336524669733137e+02 1.645650905488065519e+02 1.788553843616044503e+02 2.372647150955590121e+02 2.254800857653290791e+02 2.840535767059769796e+02
7.185607202273532664e-04 7.178130261881146623e+01 1.349564808610859359e+02 1.924843563311365244e+02 2.425979757230016673e+02 3.068536782542451533e+02 3.645577069158379686e+02 4.090763812097171694e+02 4.526692487659165636e+02 4.987288327665491465e+02 5.426002443343018058e+02 5.711009579659249766e+02 5.589782665392236822e+02 5.206855993525584836e+02 4.658089377518848551e+02 4.173603188968208428e+02 3.717295835350033144e+02 3.376650521882009457e+02 3.077842259835384766e+02 2.568839042866578097e+02 2.091426628415498499e+02 1.692653533952320686e+02 1.393386153374515573e+02 2.088577679735569177e+02 2.697772264639274908e+02 3.182675447963059128e+02 3.404077097953446014e+02 3.348211687456376353e+02 3.522321497603782063e+02 3.460703305911923167e+02 2.989601294476357225e+02 2.310030780050394696e+02 1.801488900922880134e+02 2.339660140350039796e+02 2.806572862422096932e+02 2.875604557481855181e+02 2.493831785563981214e+02
3.626508231026779813e-04 4.097698965021490380e+01 9.249224338963281866e+01 1.535960919874732440e+02 2.301182849419433012e+02 2.957160695974677083e+02 3.255528938302914526e+02 3.601623384583910479e+02 4.013828086169264111e+02 4.489000371379203216e+02 5.012732797018341557e+02 5.538498259233472254e+02 5.766655843620604855e+02 5.619369153188473547e+02 5.265541160892422567e+02 4.756861438842626058e+02 4.304631678053068526e+02 3.842056468150482829e+02 3.349924189218140782e+02 2.879591520421521409e+02 2.454946596075239711e+02 2.057246881770048219e+02 1.545148888050550511e+02 1.992901330210295896e+02 2.536723020297298206e+02 3.164380650618876984e+02 3.797274288699701401e+02 3.982854350902867395e+02 4.104365199651126090e+02 3.758893722021052781e+02 3.155313393336277841e+02 2.675179364622423464e+02 1.980012082631750161e+02 2.637142707709278397e+02 3.226053413836895629e+02 3.389047727901225926e+02 3.060065564333014549e+02
5.364932245224447727e-04 7.036490978075705982e+01 1.336328017979974732e+02 1.906459211036653869e+02 2.407389198901014140e+02 2.693732401987189178e+02 2.635440594582173617e+02 2.996274788598097416e+02 3.464003603113403074e+02 3.979188518249963522e+02 4.647131390911083599e+02 5.115888162041644023e+02 5.519229708045304506e+02 5.763979054165598654e+02 5.690288464044487000e+02 5.342354169801051285e+02 4.795707872521111312e+02 4.242273426619707379e+02 3.755347987972072588e+02 3.314649767800711402e+02 2.907309611371176175e+02 2.368948128771870927e+02 1.728796513192841928e+02 2.417462978461862235e+02 2.942111651377020394e+02 3.519259518863874519e+02 4.094084728818012309e+02 4.530019976892838258e+02 4.534800620806328197e+02 4.099514294289302256e+02 3.488639622786929522e+02 2.805510116534016447e+02 2.162171842517168727e+02 2.900229748808545196e+02 3.521259167526231977e+02 3.854742508320697425e+02 3.689263011540780326e+02
9.669430056387668532e-04 6.294468094093318200e+01 1.299430329481001820e+02 1.892901546462326792e+02 2.159579448276283529e+02 2.129442766880657985e+02 2.050957759921711272e+02 2.517769243442642448e+02 3.102125950443405600e+02 3.889596234057054858e+02 4.398667777891808441e+02 4.521836086364605762e+02 4.993759168632288947e+02 5.552417679656110749e+02 5.885653170498973168e+02 5.732203982531121937e+02 5.224976192654115721e+02 4.713709162242259367e+02 4.222193486507821945e+02 3.794894583007516644e+02 3.268733173222362325e+02 2.642331853590000037e+02 1.916545478897024282e+02 2.544984193782648276e+02 3.219932392227318587e+02 3.850759471517650354e+02 4.425852122484518532e+02 4.837893144811198454e+02 4.737613225122377685e+02 4.124727687673362198e+02 3.426393823975627697e+02 2.764297394494721516e+02 2.326250687789477922e+02 2.894373451034919640e+02 3.551269550624993485e+02 4.174295486072409744e+02 4.322364970028347102e+02
3.529313338424250714e-04 6.483531279276259340e+01 1.261266892434943685e+02 1.603872454793310283e+02 1.582312822026183881e+02 1.484099357653608422e+02 2.095347138723428770e+02 2.733924358967848889e+02 3.346117620453884456e+02 3.763546873540761908e+02 3.857040823824247013e+02 3.910101077888525083e+02 4.505497663113862927e+02 5.181523371403233114e+02 5.823854672326996251e+02 5.975418758928932448e+02 5.632706834657600439e+02 5.103779375645103187e+02 4.487949162471043678e+02 3.822447559045332923e+02 3.191653547649812026e+02 2.609039220029162038e+02 2.091593631743393473e+02 2.461364303638565900e+02 3.060496157767184400e+02 3.708571280814471720e+02 4.389196390475823932e+02 4.956402975839617966e+02 4.880894243747821406e+02 4.218627842877817784e+02 3.547105430774847150e+02 3.071713910806689114e+02 2.519015320353944389e+02 3.202326379789816997e+02 3.821505297980759224e+02 4.413458005030848881e+02 4.872808091981739267e+02
2.760532530159240296e-04 5.795912847765263365e+01 9.199506042063606515e+01 1.037136286788580577e+02 9.419218194504180985e+01 1.543885813042920176e+02 2.199388471484583079e+02 2.832885792171043136e+02 3.210346372088772000e+02 3.246278064310034210e+02 3.216463249124749382e+02 3.791675690653192419e+02 4.427496742616235110e+02 5.097530951172564642e+02 5.722950554972793498e+02 6.017580108740753531e+02 5.707910261691607730e+02 5.022841845520847528e+02 4.307906886063209413e+02 3.655530111962510773e+02 3.080064250170262312e+02 2.562460491930409603e+02 2.289022563688994012e+02 2.802580137946536070e+02 3.146031670948711962e+02 3.715522415843351496e+02 4.410816724405746072e+02 5.077200734209157531e+02 5.112188009851922175e+02 4.565214792311078327e+02 4.000689101326137234e+02 3.395055434124641920e+02 2.720601819126671899e+02 3.107184884288949434e+02 3.610920415063506539e+02 4.209909096612018971e+02 4.889143282613017618e+02
5.225396420188720180e-04 1.272268367116238252e+01 2.753259605652423048e+01 4.440055439258247105e+01 1.073485881144592611e+02 1.613292587281282806e+02 2.217318096659006983e+02 2.644917815108229888e+02 2.696249223426268031e+02 2.621748100774027534e+02 3.204986397229231443e+02 3.835496427969576985e+02 4.465323530075179974e+02 4.980487257952653977e+02 5.397907986547401151e+02 5.831712071977638061e+02 5.691970375820650361e+02 4.988227943752002602e+02 4.257918619200214607e+02 3.635437077731507998e+02 3.143963796645587649e+02 2.883170512733765918e+02 2.521219181950477832e+02 3.150405269758631448e+02 3.675941741898039368e+02 4.182022716031214031e+02 4.764379009470825963e+02 5.336016327509142911e+02 5.381764221723310584e+02 4.958123275129864851e+02 4.392041837776856141e+02 3.720628751059089154e+02 2.950812827810518115e+02 3.549738811448356728e+02 4.064414978577434567e+02 4.620745565429856470e+02 5.227845126097905677e+02
7.866301982321915890e-04 5.788097679297595732e+01 9.212232392821789517e+01 1.059657189824132502e+02 7.458056052944033354e+01 1.422165120914347938e+02 1.825044971614367739e+02 2.210607852199726722e+02 2.092156793259403571e+02 2.631906282162783555e+02 3.161348268947249380e+02 3.719523127396368523e+02 4.069414514224211530e+02 4.434119626144325821e+02 5.002840358699406806e+02 5.606210535551504108e+02 5.801153624009897385e+02 5.372731818791957039e+02 4.680808481358666313e+02 4.062390428405529974e+02 3.606069771788246499e+02 3.215489293781295714e+02 2.785322952431554313e+02 3.438809300280463503e+02 4.037888944432603466e+02 4.625844775559883146e+02 5.201553303348485997e+02 5.609505942580688043e+02 5.496561763930835696e+02 5.017097202579769828e+02 4.453684773992927717e+02 3.805430922531145370e+02 3.206539675299330838e+02 3.851758833768693648e+02 4.415088843562256216e+02 4.998137513708780375e+02 5.600115864147963975e+02
9.586550198702181984e-05 6.427839547235166151e+01 1.246503436131647362e+02 1.558189436040571252e+02 1.438482894278268986e+02 1.025050037479917648e+02 1.225252165129698056e+02 1.831055435768142559e+02 1.781749238011030627e+02 2.061486690374818522e+02 2.759674796951841813e+02 3.335859087007714834e+02 3.458067243845711118e+02 3.973245168841940540e+02 4.616972807732719275e+02 5.343950029719038639e+02 5.903827863802112006e+02 5.707133070083449411e+02 5.097482851282480283e+02 4.512299909610287045e+02 4.035659008169415642e+02 3.560662772780606247e+02 3.138175633426324111e+02 3.268438154982925994e+02 3.859376455718227135e+02 4.595855156787329179e+02 5.393709761754572583e+02 5.809061841606281860e+02 5.373568764762632100e+02 4.661239095072921828e+02 4.081143140380892191e+02 3.627347771051477139e+02 3.792945131570931494e+02 3.712006403788549846e+02 4.173457855270444838e+02 4.856317902235072097e+02 5.574103502855986108e+02
