output/field_example_test/elevation_000075.asc
nrows	150
cellsize	66.66666667
xllcorner	0
ncols	150
yllcorner	0
NODATA_value	-9999
[rows 85 to 101 of 150, columns 37 to 73 of 150]
2.764600898626130743e+02 2.922784593734071450e+02 3.068677089183879616e+02 2.640715130316019668e+02 2.170856947399482237e+02 1.660831938041602029e+02 1.713746032575702145e+02 2.169010453887023289e+02 2.627220049645427480e+02 3.091786961280577088e+02 3.550442753031531424e+02 3.983267013839590049e+02 4.204048966649614272e+02 4.504446377493244427e+02 4.814351715567144652e+02 5.162591232830906165e+02 5.541922684126885770e+02 5.928270088904170052e+02 6.235586861467078279e+02 6.166048448269567643e+02 5.685558891367957131e+02 5.162421682222246773e+02 4.587951050430255009e+02 4.041194204918026571e+02 4.422027784200179781e+02 4.904445529436757738e+02 5.670414515700061884e+02 6.245144945664683291e+02 6.333214181883487299e+02 5.964268072674425412e+02 5.482717902154101921e+02 5.961252091033995839e+02 6.009402711175696368e+02 6.461370878008633554e+02 7.014942642553567111e+02 7.685472505686777822e+02 8.266201857052376454e+02
3.096568451761693268e+02 2.332196266502415654e+02 2.546335410585008105e+02 2.258030125907451975e+02 1.631274578407941362e+02 2.147693717425443651e+02 2.253904094405338867e+02 1.824403759442578803e+02 2.469723811450766107e+02 2.961146016613482743e+02 3.361073179045726533e+02 3.534381908195185247e+02 3.504097333986267131e+02 3.829244467931368945e+02 4.192935014182388613e+02 4.586501958042267120e+02 5.012502763965569557e+02 5.465673451114738555e+02 5.876432102785560119e+02 5.792188435902534138e+02 5.257453771370134064e+02 4.693123543201930943e+02 4.216731560403342769e+02 3.713336713444595603e+02 4.116666416263160500e+02 4.826246156068478967e+02 5.385248458127837239e+02 5.887178022693447019e+02 5.830407399330198359e+02 5.406904377877772276e+02 5.093100714570741161e+02 5.448388572160890817e+02 6.006124441241104250e+02 6.593499037451440472e+02 7.178893751377222543e+02 7.727176492268034735e+02 7.937955542937263544e+02
3.220754906765382657e+02 2.531818921971007512e+02 1.941302190477174463e+02 2.045449007365331795e+02 1.609800577968520372e+02 2.328348168430830469e+02 2.648525552301581456e+02 2.466211795511758282e+02 1.940673645246365595e+02 2.509530386942566622e+02 2.808887494234346605e+02 2.838518047554283612e+02 2.792694089134098476e+02 3.169647855398240495e+02 3.576141409687215855e+02 3.993327781717701441e+02 4.484320343689140032e+02 5.017863822764658721e+02 5.430204778028416968e+02 5.366438824442184341e+02 4.857544454517358758e+02 4.258398609701243913e+02 3.809106590257429161e+02 3.435181549478799639e+02 4.042787950013449745e+02 4.468371983077639129e+02 5.034009175148368627e+02 5.500180143290340311e+02 5.383686433137887661e+02 4.712735247992152949e+02 5.342114976929575505e+02 5.883357468506369514e+02 6.339333839402970625e+02 6.753329514309521073e+02 7.124954083247838525e+02 7.437173414768034263e+02 7.439347905718473157e+02
3.358227270321337414e+02 2.901220047110588212e+02 2.324181002050227107e+02 1.580296491647691255e+02 2.006237888247730723e+02 2.490406293337670718e+02 2.927478311173238694e+02 2.920589463624469317e+02 2.550158043682331481e+02 2.037762420023623804e+02 2.098045754923538482e+02 2.159422173363014110e+02 2.227618732917361513e+02 2.708282323692609452e+02 3.041849009182012651e+02 3.571264077552261256e+02 4.088788457056623997e+02 4.586183185931396338e+02 4.862770867601705049e+02 4.838547336558971779e+02 4.474646284474090407e+02 3.906981675967591059e+02 3.313398341491680412e+02 3.766447983906373906e+02 3.569608000116247695e+02 4.119713656611354509e+02 4.655266513917534326e+02 5.099467915227787671e+02 5.021776817954576586e+02 4.417794315406690657e+02 5.166071525121591321e+02 5.749956795964895946e+02 6.166366067030264730e+02 6.256795947589830575e+02 6.558390770799360325e+02 6.896316165543532861e+02 6.773339005676983788e+02
3.094274337052787587e+02 2.914748439693035493e+02 2.494474923968325584e+02 2.077068232572486011e+02 1.545516666548548699e+02 2.207913194450352705e+02 2.922702118378788896e+02 3.283554326554905742e+02 3.097074945552137706e+02 2.601781511599424448e+02 2.606123678101200198e+02 2.731962410650947390e+02 2.802918929019074312e+02 2.336720632897419421e+02 2.919496007440683911e+02 3.248246820395450527e+02 3.757014456157078826e+02 4.122226232979942893e+02 4.158310974475550097e+02 4.165684991693025268e+02 4.075524635750098810e+02 3.623137533153293361e+02 3.231774881675864322e+02 3.937307218405391041e+02 4.116043982071730625e+02 3.715698420557420150e+02 4.278346558096025660e+02 4.599345192805001830e+02 4.606367980255595285e+02 4.161027999707690128e+02 4.781497359873607707e+02 5.317075433620135527e+02 5.727583857078205938e+02 5.549497986080305054e+02 5.968671382697556282e+02 6.306648754556792937e+02 6.076437166474804599e+02
2.555974944143111429e+02 2.501151575804517506e+02 2.138082419591722214e+02 1.993987168091461228e+02 1.524322608865356017e+02 2.091256501162897052e+02 2.849327713781018474e+02 3.480650015505842703e+02 3.581023782108174487e+02 3.231437565071835820e+02 3.194329885758008345e+02 3.347042314504851106e+02 3.286189044883561792e+02 2.838592505033158773e+02 2.433057010993800873e+02 2.971660865438309997e+02 3.512289325245096734e+02 3.470876863170256001e+02 3.461335464073498542e+02 3.501154373133237527e+02 3.567570770576814425e+02 3.110981205983089808e+02 3.660992947780379154e+02 4.198713635893599303e+02 4.569615595741344123e+02 4.370437685520574860e+02 3.840416293149481248e+02 3.927315855032585432e+02 4.024244937217004008e+02 4.532048128835788816e+02 4.300297716854372538e+02 5.034119598256256722e+02 5.259207905432544976e+02 4.903488980399194475e+02 5.556714541286842177e+02 5.769782781408064238e+02 5.384421108088878327e+02
1.872140147656361080e+02 1.990810204055640042e+02 1.473539382371463375e+02 1.494691385488593482e+02 2.066057947729693751e+02 2.524152989604018842e+02 3.009479390648991739e+02 3.662505056894760287e+02 4.059271639148025201e+02 3.932781165222859272e+02 3.854067711770820210e+02 3.982879534445846161e+02 3.669351397799303527e+02 3.104725674196026262e+02 2.502798249940519497e+02 2.995798203639978965e+02 3.169054686230774109e+02 2.771487476441814124e+02 2.836597227227699136e+02 2.891897822515335861e+02 2.976621615557278915e+02 3.578463871124540674e+02 4.032351373565404629e+02 4.577959158261211314e+02 5.006319857412163969e+02 4.844523047343091662e+02 4.274758959536575844e+02 4.642491479847746518e+02 4.751082132229432773e+02 4.913441404630071361e+02 4.397370096464505309e+02 4.865559383599810417e+02 4.707501108021082814e+02 5.245228581374761916e+02 5.071175110795018099e+02 5.197577205082124010e+02 5.786981263565351128e+02
2.030257930362818968e+02 1.444410005088770959e+02 1.819456952621413564e+02 2.075001331266929014e+02 2.436671238647727762e+02 2.929566831079914664e+02 3.444247748423575217e+02 3.987312150831464805e+02 4.446505570788631871e+02 4.574273124480470187e+02 4.517686831054299432e+02 4.521556298752188354e+02 4.052883771374288244e+02 3.471225553320521726e+02 3.031358373841251250e+02 2.588567833170669701e+02 2.663754752482816457e+02 3.275823274783728039e+02 3.425488517099764181e+02 3.045113248330585520e+02 3.494720761929804667e+02 3.973358297122052250e+02 4.502276016965806775e+02 4.951438744651457569e+02 5.397720644186417758e+02 5.296961901564518485e+02 4.782274519335961713e+02 5.194846935239281720e+02 5.465488512891882920e+02 5.423275411920558327e+02 4.996924606928278649e+02 4.535379008816056512e+02 5.054371453633211786e+02 5.613900938591003751e+02 5.727300677319122997e+02 5.780631827352973460e+02 5.808046116367224840e+02
2.548101197904442472e+02 2.045922517034530586e+02 1.409999396716032436e+02 1.927422704956470341e+02 2.181363054701861302e+02 2.736296069115186924e+02 3.333010759297697518e+02 3.938852709530747234e+02 4.504975857262721206e+02 4.868995907480878600e+02 5.029737831783506294e+02 4.944034116481619776e+02 4.472599016622252179e+02 3.971603094831743306e+02 3.437646287736993145e+02 2.804492227044928541e+02 3.260944973598283241e+02 3.667849052758064659e+02 3.935370377065824528e+02 3.694523895363032011e+02 3.269862696078646991e+02 3.880638118560322596e+02 4.538227997460832057e+02 5.207928597826370378e+02 5.713434525874844212e+02 5.752672553954116665e+02 5.374735743507230836e+02 5.770745044725475736e+02 6.069647913858016182e+02 5.910468760842053371e+02 5.406337792089168488e+02 4.709577047021395515e+02 5.416978669679640461e+02 5.896734844446349371e+02 6.336682498894318769e+02 6.404240687475904679e+02 6.286766400354056259e+02
2.705390121946414865e+02 2.241806313291253616e+02 1.797230180395507659e+02 1.377115495511480106e+02 2.027472642922905948e+02 2.664008118548136963e+02 3.262335637561514545e+02 3.717948963560432389e+02 4.122768719307750871e+02 4.667237268271968560e+02 5.065347065717796795e+02 5.204300284761289959e+02 4.923909844248529453e+02 4.416415182364968928e+02 3.788190802921651539e+02 3.048110655759192014e+02 3.677394247296228400e+02 4.205323215622395878e+02 4.404741306288771057e+02 4.008357625899085974e+02 3.411623286177070327e+02 3.826872466925493086e+02 4.458324849399497225e+02 5.139280679366424920e+02 5.812175395076803852e+02 6.160632164421216430e+02 6.033999094032279800e+02 6.426668883168940738e+02 6.566819269019669036e+02 6.218129875293507212e+02 5.559137412879605336e+02 4.883454606339158204e+02 5.573752256030837771e+02 6.266310963582704971e+02 6.739760188611568310e+02 7.037942923435623470e+02 6.916168182763108234e+02
2.286026648930825047e+02 1.875191643038743337e+02 1.346405882796004221e+02 1.481093190695284818e+02 2.074739639811344887e+02 2.482071980223769856e+02 2.739304366577840142e+02 3.091551722459701068e+02 3.647160190878316257e+02 4.198953556477907227e+02 4.786235434381491700e+02 5.168933710309204344e+02 5.118447204726553537e+02 4.525800132013632151e+02 3.865524637138695994e+02 3.305567318520802473e+02 4.032148351196887006e+02 4.579124936008786904e+02 4.760375502015893971e+02 4.291297269623754573e+02 3.597548100211590167e+02 4.115756542576467609e+02 4.467744341274475346e+02 5.023904201255625139e+02 5.750753789426381672e+02 6.385478190168379342e+02 6.645850994041950344e+02 6.955599615837563761e+02 6.905288896028556564e+02 6.330897706402693075e+02 5.662790027970391975e+02 5.055115288008658467e+02 5.693047448619349780e+02 6.399527983791796260e+02 7.085549322829131142e+02 7.548939280703813210e+02 7.703290811808382159e+02
1.809574552794573208e+02 1.316202287288942046e+02 1.927912919936031813e+02 2.072099625635397047e+02 1.706315484774438858e+02 1.872227547735067503e+02 2.060971984540463211e+02 2.650233737122757702e+02 3.170813363423794158e+02 3.736870507278962918e+02 4.329504524825057956e+02 4.964627575650504241e+02 5.251659314071378049e+02 4.915599732165655951e+02 4.275792126568424010e+02 3.597837280397951076e+02 4.161441766145012480e+02 4.781793245209452152e+02 5.072645073518335153e+02 4.770921901132649623e+02 4.254646389355073097e+02 3.857095991252342060e+02 4.567749536809474193e+02 5.274590398522270789e+02 5.822821142166378650e+02 6.443526776791991324e+02 7.008755602268682878e+02 7.328545213782939527e+02 7.137307421866520372e+02 6.455673789220525123e+02 5.783822332879683472e+02 5.250493764375517003e+02 5.899247472528098797e+02 6.551892132570563945e+02 7.188816266366206946e+02 7.735160765734652841e+02 8.165461370465177424e+02
1.280492254649956010e+02 1.928491101603368634e+02 2.401700376776782946e+02 2.567160514393945618e+02 2.165748803158744806e+02 2.571329047010213458e+02 2.664195677740775636e+02 2.308162758706557156e+02 2.732732579801677844e+02 3.254340847318976557e+02 3.941638178305673819e+02 4.698579775495306308e+02 5.286866373032906949e+02 5.227688423302370211e+02 4.680095461081936037e+02 4.166926716420119874e+02 4.020468850901344808e+02 4.751518951871522063e+02 5.314521246536525041e+02 5.212803422375446871e+02 4.688245212693000212e+02 4.048611117098172940e+02 4.678998352893842707e+02 5.249576879314529378e+02 5.790516457326490354e+02 6.376030434366990676e+02 6.972993980655122641e+02 7.446203714720368225e+02 7.388067910825324134e+02 6.813157855048455076e+02 6.220232280492704149e+02 5.818081442101189396e+02 5.581191667683858668e+02 6.255367742693795208e+02 6.879029927209417110e+02 7.452797880906529144e+02 8.013801701008437703e+02
1.751208214136665617e+02 2.194086297946987827e+02 2.838885948979174145e+02 3.049403411938979502e+02 2.694521574341288215e+02 3.137368602732234422e+02 3.128502169832694904e+02 2.516908838661906600e+02 3.069605656958395343e+02 3.568300156177007239e+02 4.039082620414209828e+02 4.705597453032066824e+02 5.359592197775717750e+02 5.543884462298151448e+02 5.171838549432657146e+02 4.773042553669338872e+02 4.320604031768941695e+02 4.939456861238178931e+02 5.573713530412276214e+02 5.599776196484777984e+02 5.095555792960914232e+02 4.622480771302784319e+02 4.302481412810499251e+02 4.764865459275441708e+02 5.306592596902677315e+02 5.935909332922593649e+02 6.665918892819131543e+02 7.431125811067599898e+02 7.650865179208325344e+02 7.232117472502156943e+02 6.743915305606860784e+02 6.195357234473636936e+02 6.264873394264581066e+02 5.940363093239933505e+02 6.528273869187131595e+02 7.071382850728119820e+02 7.495063796102286915e+02
2.301011793666276048e+02 2.690377833088185184e+02 3.184130969989706728e+02 3.541250300497370631e+02 3.294185203396285146e+02 3.691475618236897844e+02 3.620118272983891643e+02 3.172417805686612837e+02 2.797809672825182474e+02 3.304001869429275757e+02 3.883177600751294563e+02 4.640089760376720847e+02 5.389420124530847716e+02 5.839812841993510801e+02 5.697608510330051104e+02 5.221211639118835137e+02 4.660668308177472454e+02 5.297955156889490809e+02 5.899257845741428810e+02 5.990439062213009720e+02 5.541268659314810066e+02 5.034343500124869593e+02 4.489142102799685858e+02 5.189180412596376755e+02 5.791511175562959579e+02 6.380303673477174016e+02 7.005156253800134891e+02 7.613673854892846293e+02 7.948221418026756737e+02 7.738139242012522345e+02 7.218078477178502226e+02 6.701806582992383028e+02 6.873961917289093435e+02 6.575689080429215210e+02 6.249417878548185854e+02 6.545640259919606478e+02 6.889802586864171872e+02
2.915651180457616078e+02 3.304864751035198083e+02 3.651261163381795996e+02 4.042804022664892614e+02 3.944115407231377617e+02 4.277123675228372122e+02 4.162280271595703312e+02 3.646730247780941454e+02 3.016708316382747057e+02 3.606316698708832291e+02 4.169810246391005535e+02 4.686512665673271272e+02 5.346823274464854876e+02 5.946603681000540291e+02 6.044633021996446587e+02 5.606279195172402297e+02 5.034461180580010478e+02 5.658883723687149541e+02 6.258896647820697581e+02 6.377420996232157222e+02 5.924422041966147390e+02 5.401988423406894526e+02 4.686632056773889303e+02 5.266815223512811599e+02 5.883965275328297366e+02 6.431939240151607464e+02 6.999353406590493023e+02 7.581545952310202665e+02 8.058891775053285755e+02 8.114172915039968075e+02 7.722113878409030576e+02 7.289233215040327423e+02 7.450003143853763277e+02 7.088623251307724331e+02 6.575316848827359308e+02 7.086735859550216219e+02 7.478327203413771258e+02
3.069828116175544892e+02 3.532289173051256626e+02 4.015294288044307223e+02 4.452624091148235834e+02 4.606586368673210359e+02 4.858834454058529104e+02 4.660613278621195263e+02 4.074011723332613997e+02 3.524340758841012757e+02 3.326758780832327034e+02 3.928743612310553885e+02 4.565446641861364014e+02 5.266712505655083305e+02 5.962227669244547315e+02 6.309147136393802384e+02 6.044234475274963643e+02 5.443426256518648643e+02 6.041578080583500423e+02 6.625191795294441590e+02 6.730369177370707803e+02 6.214163484214773234e+02 5.540861823065615681e+02 4.928618247779451735e+02 5.041561524233792966e+02 5.478410353607509933e+02 5.981537185506698506e+02 6.563519960695482496e+02 7.239232301692121609e+02 7.968792402740480156e+02 8.394782992179402754e+02 8.297055788478988916e+02 7.933224825103083049e+02 7.982614048216473748e+02 7.515269669518194178e+02 6.949816710871967871e+02 7.506648727500432869e+02 8.002030061230451565e+02
