output/field_example_test/elevation_000047.asc
nrows	150
cellsize	66.66666667
xllcorner	0
ncols	150
yllcorner	0
NODATA_value	-9999
[rows 0 to 16 of 150, columns 74 to 110 of 150]
8.540044156805281546e+02 8.655458646561385194e+02 8.841495280343726790e+02 8.881205239441405865e+02 8.812445221332708343e+02 9.021517217828134108e+02 9.323997677700671147e+02 9.787107329190565679e+02 1.037736800368531931e+03 1.091675596306067064e+03 1.107775934801136827e+03 1.091093294496814906e+03 1.077780783488960878e+03 1.067041160493759662e+03 1.047011386124810315e+03 1.041023312419545618e+03 1.046184311082073691e+03 1.061964347370681025e+03 1.092768791692362129e+03 1.133589787503627576e+03 1.170682790174952743e+03 1.173068777747448394e+03 1.142616955377837030e+03 1.111393488429631816e+03 1.092804188156052760e+03 1.112937925636156479e+03 1.146368189711391324e+03 1.178297219832783412e+03 1.185443220342133827e+03 1.201324803249471643e+03 1.202651875237674631e+03 1.203708166259440304e+03 1.210505725158460791e+03 1.225543148202091061e+03 1.256404086790477777e+03 1.314005124721571519e+03 1.367519221774471362e+03
8.092901301320783887e+02 8.209739538734937696e+02 8.504998341968494060e+02 8.495527235543720508e+02 8.307213925648891291e+02 8.608401210487317030e+02 8.877963607892537539e+02 9.459214865947820954e+02 1.014324501552508877e+03 1.077067252828681376e+03 1.081651158882117443e+03 1.047591454422948573e+03 1.034507651598249822e+03 1.032527954769930830e+03 1.000442853671432658e+03 9.952854396225741311e+02 1.000599086819376907e+03 1.015114793448508863e+03 1.054397010435961420e+03 1.102901012012762067e+03 1.149511400278378233e+03 1.149755797106539603e+03 1.107593838912909177e+03 1.068882824689080053e+03 1.039150887410355836e+03 1.070905757997066758e+03 1.112617032924163823e+03 1.151067792982866877e+03 1.140410939807069099e+03 1.166488403507177736e+03 1.160208120574525765e+03 1.159537653350701703e+03 1.165618058403403666e+03 1.178478358071014327e+03 1.239718030870319581e+03 1.302385500858404839e+03 1.351060542742799043e+03
7.449522887729126523e+02 7.619356815454096932e+02 7.919851863230292111e+02 7.815296428500425918e+02 7.682458055801588444e+02 8.117546431905532245e+02 8.746703511773690707e+02 9.472997212470062323e+02 1.023997515075341539e+03 1.065482529120775553e+03 1.044210172362267031e+03 9.879825430483707578e+02 9.690932553039434652e+02 9.787381036281856268e+02 9.383033164374470516e+02 9.292775994668029398e+02 9.350509753389915204e+02 9.535035707903551838e+02 1.008193394935610399e+03 1.066342003789914088e+03 1.113771050344075775e+03 1.111651676040870143e+03 1.063020326435608695e+03 1.011765570508823771e+03 9.727304775805628196e+02 1.016287984176808322e+03 1.076772497286841372e+03 1.103570059747701407e+03 1.075962765751894040e+03 1.110792986320746195e+03 1.096849434921026159e+03 1.095252386511453778e+03 1.101092264485173928e+03 1.164281613838665635e+03 1.230717373433560169e+03 1.288044049963422140e+03 1.305919828721547901e+03
6.831519301389708971e+02 7.262571936093380600e+02 7.250382989785796326e+02 7.126108126425506271e+02 7.742226153003217632e+02 8.447891528366045577e+02 9.121395602222961543e+02 9.828719187276071807e+02 1.034414375336434659e+03 1.041012310185588149e+03 9.963269375146612674e+02 9.461811644210463328e+02 9.012168351108840625e+02 9.279865848936369730e+02 8.822707622013749642e+02 8.650850970602316465e+02 8.715821653943690990e+02 9.177661590022024711e+02 9.745153556412346916e+02 1.028463193521208041e+03 1.068876406325978451e+03 1.068612588022185946e+03 1.019418277854926828e+03 9.641832685114879951e+02 9.181597096317401565e+02 9.747051257844142356e+02 1.033464924477388195e+03 1.053557907229421517e+03 1.016562163373134922e+03 1.054520959058033668e+03 1.034097911698698908e+03 1.033617730957018466e+03 1.095626938487187317e+03 1.160933808673632257e+03 1.221987325059524437e+03 1.250067818121913888e+03 1.241763331484626633e+03
6.615323499908993199e+02 6.700507714968889559e+02 6.591739199526028870e+02 7.229861555039087762e+02 8.056801218519767644e+02 8.807722341408053808e+02 9.468371890746567487e+02 1.002881773528618055e+03 1.032940524481055263e+03 1.010424804505879024e+03 9.544397768177805119e+02 8.960005138929046780e+02 8.483706371184343880e+02 8.850189778727531120e+02 8.622733925753831272e+02 8.055371304672950146e+02 8.391031279230057862e+02 8.881683684965209977e+02 9.522138261346600530e+02 9.727529296181253358e+02 1.017276583790935774e+03 1.022441456639935950e+03 9.769576540942040310e+02 9.227669898681006089e+02 8.740871436210658203e+02 9.318777957140694070e+02 9.871611877397303942e+02 1.005656446110987417e+03 9.646852316902690063e+02 1.002662103887251646e+03 9.758646153852058660e+02 1.038658459639466173e+03 1.097912759469119010e+03 1.150616397668630725e+03 1.188647781501958207e+03 1.189775036702153784e+03 1.176040398072921107e+03
6.195831909113576330e+02 6.103009054174227686e+02 6.776839315302783007e+02 7.554327467916281194e+02 8.191328807751151544e+02 8.892893597373496277e+02 9.503526290298608501e+02 9.958379693559387533e+02 1.006189438996736840e+03 9.658885712697158397e+02 9.143191724879568483e+02 8.549353915574554321e+02 8.033915306094927473e+02 8.388454974476001098e+02 8.268586469839026449e+02 7.680512337993733354e+02 8.094452571379824803e+02 8.798853011483490718e+02 9.202007915287399555e+02 9.152729367002156096e+02 9.638030440951415585e+02 9.730779040357119811e+02 9.324751979241372055e+02 8.842357491128958600e+02 8.365149300426027139e+02 8.847348688398575405e+02 9.368521440010822516e+02 9.597026538767447619e+02 9.191990646027032881e+02 9.549214947471002688e+02 9.412708359928852815e+02 1.001177902982603996e+03 1.060019078801194155e+03 1.101825762121992511e+03 1.135122739712222028e+03 1.127266491380979687e+03 1.115430244549010467e+03
5.640976581374189891e+02 6.431476535579349729e+02 7.106110371203878913e+02 7.689924010694952585e+02 8.204534266787768502e+02 8.627249824798097961e+02 9.131375719052081195e+02 9.624636442739422364e+02 9.682841032447882981e+02 9.238178181277446583e+02 8.718626783520321624e+02 8.211987144517038359e+02 7.649456093454016354e+02 7.796683341102534541e+02 7.851020981703737789e+02 7.362172692875317352e+02 8.055840772706924326e+02 8.579727092497537342e+02 8.658482898073274328e+02 8.593105492665603151e+02 9.109501248047166655e+02 9.205447259532456883e+02 8.823451141469929553e+02 8.414734061773223175e+02 8.046540544249889990e+02 8.203924063990101558e+02 8.897085047217879037e+02 9.133858840664805712e+02 8.791536722367611674e+02 8.958979660567458723e+02 9.538953136034738236e+02 9.941766071553510073e+02 1.014364000105575201e+03 1.043052631208986895e+03 1.071144080471277448e+03 1.069334004503125016e+03 1.061220809111691324e+03
5.919328605600426272e+02 6.565688551708112755e+02 7.095804584669722317e+02 7.370052872177786867e+02 7.702650395616410606e+02 8.168848690416903082e+02 8.714980571596572645e+02 9.197852340992068321e+02 9.246787252328635986e+02 8.803525245427820209e+02 8.298428461900258526e+02 7.892812247609609813e+02 7.653721251401148038e+02 7.156948000274262540e+02 7.315867635362243391e+02 7.067865432326206019e+02 7.740816458385554597e+02 8.203422042670156316e+02 8.050914106345487653e+02 8.087830040930983841e+02 8.590636351792873029e+02 8.643223490940237070e+02 8.283112923564154926e+02 7.868105216553000218e+02 8.512542535194305628e+02 8.765917208438814896e+02 8.427863535778916457e+02 8.583735718412391407e+02 9.187957569622648180e+02 9.482755290343078514e+02 9.220593215717321982e+02 9.397742542166314479e+02 9.576498181576396291e+02 9.764138208538818162e+02 9.977402004140107010e+02 1.019629135897661968e+03 1.049669298470171952e+03
5.776179416238217073e+02 6.303610719999304592e+02 6.690026473776966895e+02 6.769295246640767800e+02 7.279494483790991808e+02 7.763035072561023071e+02 8.291022542645549720e+02 8.673902122430815780e+02 8.758184838346686547e+02 8.352988330601630196e+02 7.856243006913801992e+02 7.439408134500240521e+02 7.170436082137711082e+02 7.142631899868562186e+02 6.667288490026669479e+02 7.123093733069716791e+02 7.564873593949780570e+02 7.790077500475447323e+02 7.412059301997110197e+02 7.874125230408540119e+02 7.966104756036424988e+02 8.055428825513214406e+02 7.647732882326587287e+02 8.297127005417245300e+02 8.843208523867056101e+02 9.270827913685782278e+02 9.174373371923858258e+02 9.210884569097551093e+02 9.307911050526455483e+02 9.858464960498142773e+02 9.869262570847221241e+02 1.008584336207199385e+03 1.020715758652888780e+03 1.010844667377560313e+03 1.056502835038141711e+03 1.086930886745208227e+03 1.079532182406637048e+03
5.454402064047411614e+02 5.959396875800970292e+02 6.053366883498675861e+02 6.628034097476830766e+02 6.913493115106972482e+02 7.373033794171420823e+02 7.891008693288271161e+02 7.986220551833301897e+02 8.183817819290147781e+02 7.893452717088117652e+02 7.421089182872084393e+02 6.991999314691529435e+02 6.659000610396113871e+02 6.825896265128858431e+02 6.444579559182282082e+02 6.554095190218816924e+02 7.183167169061342747e+02 7.355001850310562759e+02 6.972723037805079684e+02 7.493605406489759844e+02 7.286635235121556207e+02 7.421960522578762038e+02 8.130450743817441435e+02 8.708890411913823755e+02 9.255862000054835335e+02 9.701861666524604288e+02 9.870932371867427264e+02 9.905766415915443304e+02 1.000939954441445366e+03 1.010866403897043028e+03 1.049572673781488447e+03 1.083000118175575835e+03 1.089830189851970090e+03 1.057480846704040459e+03 1.105532450822491228e+03 1.143693828974105372e+03 1.128573149457820364e+03
5.248711624967697844e+02 5.389399733897146234e+02 5.962602072937611410e+02 6.146110737110107038e+02 6.499957576737249383e+02 7.027539057101029130e+02 7.337123655295337130e+02 7.252412473314828958e+02 7.591968329963740416e+02 7.486424221458495367e+02 6.981068622740766614e+02 6.583582390972646863e+02 6.220545245705610569e+02 6.322267246172081059e+02 6.976904036103301223e+02 7.134547887665787584e+02 6.709445296018009230e+02 6.806068467104536239e+02 7.330036956190861019e+02 7.131415045171687552e+02 7.333996884353473433e+02 7.859329704573760864e+02 8.311679737884925316e+02 8.782663823615007459e+02 9.292817903587882711e+02 9.828397702298019567e+02 1.025278886937952620e+03 1.050685226022530060e+03 1.070412608447095863e+03 1.080960301973912465e+03 1.100674356409860138e+03 1.146188065826642287e+03 1.152443791529933605e+03 1.114973614391881256e+03 1.156659350863577629e+03 1.197013644280353674e+03 1.186647570532937380e+03
4.805342212846836105e+02 5.352973178442628068e+02 5.629471654326708858e+02 5.651407309999117388e+02 6.209279135821335558e+02 6.631062113170524981e+02 6.675908793682522173e+02 6.586426442202370026e+02 7.017401235607246690e+02 6.974660533761893930e+02 6.554121663420989989e+02 6.098063580339720602e+02 6.629547288630651565e+02 7.013113264072339916e+02 7.494838844437177841e+02 7.676466101014311789e+02 7.371578464440937069e+02 7.094574246678689633e+02 7.704984356846752007e+02 7.827899896505696233e+02 7.978372436439368585e+02 7.666771692592794807e+02 7.925171106746835221e+02 8.234461737790375082e+02 8.932046489240159417e+02 9.524222399154753020e+02 1.008741897543590426e+03 1.057452537836686361e+03 1.103922895359580934e+03 1.140679687365878863e+03 1.166071931132407144e+03 1.201782877936884688e+03 1.210194120724956520e+03 1.186144512157571398e+03 1.207975163532646775e+03 1.248817578546899540e+03 1.252573509492716767e+03
5.321143697110634321e+02 4.917715020326788817e+02 5.000884993260129363e+02 5.596564956649774558e+02 6.004948388527584484e+02 6.026274419419308970e+02 6.027111857958919927e+02 6.010115596092269925e+02 6.490533639117960547e+02 6.433833021770213918e+02 5.949088907861105326e+02 6.587722374182893645e+02 7.069030243395178559e+02 7.572002061347614017e+02 8.060026668054382526e+02 8.236731464917938865e+02 7.911883429356880697e+02 7.432283225098448156e+02 8.027912369760393858e+02 8.474875653067183521e+02 8.558279616653062476e+02 8.145703054477542082e+02 8.631036935364649025e+02 8.786347338374176843e+02 8.657156871868248800e+02 9.052618426354401890e+02 9.601347054840650799e+02 1.020338899448243524e+03 1.086650292044106436e+03 1.152185094237792782e+03 1.210106925948457274e+03 1.242516384103536438e+03 1.252055833528342419e+03 1.245958065761736407e+03 1.260916694330932387e+03 1.286138236172190773e+03 1.308133308861581554e+03
5.686999272543268944e+02 5.617945768232127648e+02 5.617432993870917244e+02 5.130247995395174030e+02 5.622734631110910186e+02 5.358921564909749122e+02 5.434793541152697571e+02 5.517853431374199999e+02 6.038499891056559363e+02 5.791468258189678409e+02 6.438959654141174269e+02 6.699604520591834671e+02 7.444110635350604070e+02 8.060883593995772571e+02 8.552088569238766240e+02 8.723705095500563402e+02 8.336596835703869601e+02 7.813249363900971503e+02 8.401065837647594208e+02 8.962762372114397067e+02 9.086956050844449919e+02 8.703443268550670382e+02 9.231540800269614238e+02 9.417457107409890114e+02 9.106119382345319764e+02 9.631488950392025572e+02 9.731829901816471420e+02 1.028474205701819074e+03 1.092239803634973669e+03 1.160538131429285613e+03 1.217364186269525590e+03 1.238034852637187669e+03 1.230385280762242019e+03 1.225100792318619824e+03 1.233789585123823144e+03 1.260319067399406549e+03 1.291703444008657925e+03
5.903887170265273880e+02 6.235450606347664007e+02 6.152798056011208701e+02 5.721184923232555093e+02 5.245172480816072493e+02 5.789417402765377574e+02 6.100427993917680851e+02 6.100719514699032970e+02 5.644228764670993996e+02 6.246367015417957873e+02 6.793692630358215183e+02 7.332632859931729854e+02 7.568706824146767076e+02 8.233212107375663891e+02 8.909328057317919729e+02 9.138734150828103111e+02 8.756133815798423257e+02 8.249118124371581189e+02 8.754441049630062253e+02 9.386389696696946885e+02 9.628296831163190745e+02 9.347313201289316567e+02 9.830671110172039562e+02 9.999784603053924457e+02 9.635483614015375906e+02 1.017509263480090908e+03 1.039355475128057833e+03 1.080689450960264139e+03 1.134139580028280307e+03 1.175335766850824029e+03 1.196744231296313956e+03 1.194304931581050596e+03 1.160850180484034126e+03 1.151200338399643670e+03 1.155797056548589353e+03 1.190573900952655549e+03 1.230076401911607491e+03
6.224971618191502785e+02 6.700752329228185999e+02 6.627068690223622980e+02 6.113355810668635968e+02 5.477665926876373987e+02 6.112159364931462733e+02 6.581663118532994758e+02 6.522630380819676930e+02 5.898359758819977969e+02 6.536400145029251689e+02 7.160368600359861375e+02 7.725150170827113243e+02 8.192493580444363488e+02 8.617915311580553634e+02 9.233852647000963998e+02 9.525001993511795035e+02 9.215853037431205621e+02 8.774428564230023539e+02 9.207825192307981297e+02 9.751219842422053716e+02 1.018037046019988452e+03 1.008232859842932271e+03 1.044392011773086779e+03 1.057076079544038294e+03 1.025994567816273275e+03 1.067872550875584238e+03 1.107742452287850483e+03 1.131947642566065042e+03 1.150843196865007940e+03 1.148744101252029623e+03 1.138235020804452233e+03 1.139160574895242007e+03 1.092995218036978031e+03 1.074690969332819350e+03 1.083769257706471308e+03 1.125640460102319594e+03 1.169956736924498045e+03
6.564290825181479931e+02 7.069058098118894122e+02 7.009111162741502312e+02 6.478114521012477098e+02 5.735633385729311158e+02 6.447994723227661780e+02 6.940132475670912982e+02 6.953392737351258575e+02 6.558876147945535422e+02 6.304521942656350575e+02 7.062501566489936522e+02 7.709690255100108516e+02 8.301186879274604280e+02 8.885383019459945899e+02 9.450361556841852462e+02 9.835997521682060096e+02 9.758999585622115092e+02 9.404823081812448891e+02 9.809669494621703052e+02 1.022600650740779201e+03 1.065136565019093041e+03 1.076278985946884632e+03 1.095975349498825381e+03 1.107824801156132025e+03 1.093995546556799582e+03 1.126696556227212113e+03 1.144984864364813347e+03 1.137339249807702117e+03 1.113794224436530385e+03 1.081617470041796651e+03 1.067656217333856603e+03 1.076033838218698293e+03 1.057405311220474005e+03 1.003871618344752619e+03 1.035296850190331725e+03 1.073468193752583147e+03 1.123128904779424147e+03
