output/field_example_test/elevation_000005.asc
nrows	150
cellsize	66.66666667
xllcorner	0
ncols	150
yllcorner	0
NODATA_value	-9999
[rows 119 to 135 of 150, columns 37 to 73 of 150]
6.234995904795573551e+02 6.130918076739833396e+02 5.971368581243352764e+02 5.534625337977684012e+02 5.604992110665908740e+02 5.926784561322696163e+02 6.310798515565211346e+02 6.744950912583577747e+02 7.165544618787276931e+02 7.235119142697108146e+02 6.952364289289323551e+02 6.642225529834191775e+02 6.398185409109871671e+02 6.371542435546422212e+02 6.342809247649155395e+02 6.201814244572559573e+02 6.001599286796038086e+02 5.671145860926881141e+02 5.545710419844547232e+02 6.296311179879789961e+02 6.709774404928805325e+02 6.481444100474143397e+02 5.827163974725688149e+02 5.023488970426155333e+02 4.357475922821680001e+02 5.075014382652467475e+02 5.877911981818889444e+02 6.576377852101701365e+02 7.115596131371335105e+02 7.440684401687976788e+02 7.345186001087811292e+02 6.904067475702048569e+02 7.260712713466620016e+02 7.175128726650410727e+02 6.557522454383249624e+02 5.841076308600406719e+02 5.378143040475805492e+02
6.587172186973092494e+02 6.635379958992343745e+02 6.498325732753561397e+02 6.165114522260342937e+02 6.263068330088842686e+02 6.478270910499701358e+02 6.768575626031641832e+02 7.109993985752162189e+02 7.419889208481457672e+02 7.502539862288980430e+02 7.288524900675101890e+02 6.991620958152633420e+02 6.759617435126792770e+02 6.555123723749121609e+02 6.202392086449743829e+02 5.654244754044995034e+02 5.190122884606878415e+02 4.964902933391921351e+02 5.615755600446614153e+02 6.162965265367846541e+02 6.361100755136787939e+02 5.963733466785505470e+02 5.446795105425468364e+02 4.872163713799048992e+02 4.144296687468985283e+02 4.969682058599136099e+02 5.697497394286870076e+02 6.279784151197304709e+02 6.642711830813401548e+02 6.948354385324099667e+02 6.820215598606976073e+02 6.315813850040739226e+02 6.810118850522815137e+02 6.998014219975062815e+02 6.611383785529893657e+02 5.911461081644362139e+02 5.176052167445625400e+02
6.896619921488269256e+02 7.047116155149853967e+02 6.918050088251343368e+02 6.704964575865292318e+02 6.623498212496253927e+02 6.573651607644216028e+02 6.705990980946039599e+02 6.992700158819017133e+02 7.310938711962228354e+02 7.526196210013272321e+02 7.441279184582617745e+02 7.147201678534552229e+02 6.822377778997199584e+02 6.471877450668787333e+02 5.914987984873366713e+02 5.176190850367366920e+02 4.447592842150337447e+02 4.709063467782764292e+02 5.137829118094633714e+02 5.745510083492989679e+02 5.907036447270136250e+02 5.468168839517279594e+02 4.938219528087710160e+02 4.479552967942566397e+02 3.931663113373957685e+02 4.539115525603605761e+02 5.270190940422103267e+02 5.981495544598866445e+02 6.073101363206758379e+02 6.425442732275339495e+02 6.314316219488746356e+02 5.775957927767324236e+02 6.279343316469716001e+02 6.672279836177586958e+02 6.514368034978643891e+02 6.037569151108504002e+02 5.503976065013964671e+02
6.825813386905671223e+02 6.987246684590551240e+02 6.865995410946857191e+02 6.565106578789503828e+02 6.264308145057490265e+02 5.925149641977128567e+02 6.018803281320051610e+02 6.394638057235081305e+02 6.829581744747471248e+02 7.239138813307092732e+02 7.203760027050693679e+02 6.820471474699105556e+02 6.406478805849237688e+02 6.007978969541923107e+02 5.599500527078354253e+02 5.179499963274831771e+02 4.578142192331425235e+02 3.923162795664089799e+02 4.635476748752716958e+02 5.251482809983590414e+02 5.400261454820171139e+02 4.994136921244050313e+02 4.445736624686350069e+02 4.020237360699777014e+02 3.753589779518032969e+02 4.560912049851323786e+02 5.338441002749484596e+02 5.735526889458626556e+02 5.524429969055159972e+02 5.912505800700295140e+02 5.839547605481906203e+02 5.290001895617654100e+02 5.834935396812375075e+02 6.287869914959259177e+02 6.152711261795099063e+02 5.638350817790046676e+02 5.146185143862215909e+02
6.254476371135268664e+02 6.561300053483588499e+02 6.465163641222113711e+02 6.008364457890510266e+02 5.571251726065893308e+02 5.152038005251465620e+02 5.305437689325850670e+02 5.803907244620407937e+02 6.368018671747458939e+02 6.855925199080176071e+02 6.807107417558678435e+02 6.318361464563729442e+02 5.813029072419332124e+02 5.372900017192113182e+02 4.977034341850165333e+02 4.620340936851876563e+02 4.228687446414181181e+02 3.582216499859013652e+02 4.238758182947333353e+02 4.729378314300791999e+02 4.825879495287969689e+02 4.526258858160402383e+02 4.039168466358452747e+02 3.476142420079217459e+02 4.026440060812821002e+02 4.703326803550207842e+02 5.321334431379327725e+02 5.391670828819013650e+02 4.979346376286649729e+02 5.410731972762107489e+02 5.385669702438087825e+02 4.854865007889173967e+02 5.430313290097708432e+02 5.890724962507071041e+02 5.709423268619138980e+02 5.152570706753419927e+02 4.655374986543023397e+02
5.654641044321967911e+02 6.038529039944854730e+02 5.974832482103090570e+02 5.497896783652478234e+02 4.953892589477561046e+02 4.459651497700005507e+02 4.829907774728384311e+02 5.351945153957835828e+02 5.957109225771114325e+02 6.470564468205786852e+02 6.396136857246380032e+02 5.839311351305598237e+02 5.257473963449394887e+02 4.768981191694423956e+02 4.360359469784921771e+02 4.000295568399184276e+02 3.937259924185617024e+02 3.305605819551344098e+02 3.915867220895557921e+02 4.104001458218054381e+02 4.163420628687419480e+02 4.072581454600885422e+02 3.619187780112450810e+02 3.295287952507282512e+02 4.032110280378731204e+02 4.739170965111956093e+02 5.194905539778962975e+02 5.016055175729233042e+02 4.463116351960939028e+02 4.899459424890164883e+02 4.902936315283599242e+02 4.461837485754978729e+02 5.061256199606950190e+02 5.494055059973494508e+02 5.224455343475838163e+02 4.659703995940905656e+02 4.087360834404495904e+02
5.094212289497450001e+02 5.481714412757513628e+02 5.427269783446412248e+02 5.010755386334154196e+02 4.511782784892848213e+02 3.980684718200542989e+02 4.419124328106624375e+02 4.968161568287758882e+02 5.591139330905079987e+02 6.110595965226533508e+02 6.010645607315321968e+02 5.417273402422209756e+02 4.797265532137153059e+02 4.274846717877928768e+02 3.844957808155667180e+02 3.484683055369581552e+02 3.607317512437806499e+02 3.047567913230080308e+02 3.468373225016156312e+02 3.484448966644584402e+02 3.524574952196322783e+02 3.560604733020401795e+02 3.040191263612838384e+02 3.563350764865153906e+02 4.070596772121860454e+02 4.517846302005401071e+02 4.873476659456102311e+02 4.603995120649254318e+02 3.978408720922092243e+02 4.298337637329038330e+02 4.277357818346138743e+02 4.110182320983730619e+02 4.747091824185963560e+02 5.063376236132933172e+02 4.784277069036559169e+02 4.009039002264078704e+02 4.566793177761332458e+02
4.530196490450554734e+02 4.879119072641966568e+02 4.833803905013695612e+02 4.394707961717159606e+02 4.220019106986629822e+02 3.603695992909117081e+02 4.065987107729402510e+02 4.626184399991967666e+02 5.257626006366308502e+02 5.777949462017164706e+02 5.652992072745159930e+02 5.033235296026679180e+02 4.394206402203666357e+02 3.870848993809227636e+02 3.435232947977860931e+02 3.065358757627444106e+02 3.260481328483297716e+02 2.817607106347043668e+02 2.855113335043288885e+02 2.891914566867279746e+02 2.929019406051302781e+02 2.972605851257391691e+02 3.437691644506440980e+02 3.104966858569522401e+02 3.651115756102902310e+02 4.140005275336398540e+02 4.418149918009845578e+02 4.146023946467453243e+02 3.543180183554813425e+02 3.584411051604717500e+02 3.631052454423850122e+02 4.180467599579399121e+02 4.563165718238290651e+02 4.514950286060123972e+02 4.460625604567165965e+02 3.957809000783499300e+02 4.412460119142190251e+02
3.879189450426835037e+02 4.225461552365098896e+02 4.228441534671877093e+02 3.793271853929089161e+02 3.838276808988450739e+02 3.275809022997380566e+02 3.743750150847246232e+02 4.302120825751571829e+02 4.952820995697757667e+02 5.466224014685226393e+02 5.336976236525309787e+02 4.659661936026350872e+02 4.023875330147766363e+02 3.479011561601540734e+02 3.097222934744982012e+02 2.720358703070692172e+02 2.764921825459108504e+02 3.396439202782747202e+02 3.519997035678232464e+02 3.521929198039969720e+02 3.568097112195046634e+02 3.678363057091943915e+02 3.811011718342535914e+02 3.547527527035974799e+02 3.173821380113525379e+02 3.881927170747254650e+02 3.969567687870051031e+02 3.481643400083156052e+02 4.005654283275858347e+02 4.234462095811864515e+02 4.227124079887028643e+02 3.706240271543664448e+02 4.180651873162101424e+02 3.846150993561120117e+02 3.894739493740704006e+02 4.445149516134501937e+02 4.867300888812512198e+02
3.286758595366286499e+02 3.497080042592326663e+02 3.603095779051904515e+02 3.234923087423626953e+02 3.443165958499621979e+02 2.984520406488983326e+02 3.402812655903672976e+02 4.008537219052569753e+02 4.685107638125626295e+02 5.123162636480673200e+02 5.075064748888173654e+02 4.473364206169856629e+02 3.704051105734203020e+02 3.114548381150077034e+02 2.668343146772610908e+02 3.225236129963557232e+02 3.523648849710456830e+02 3.910839460595587980e+02 4.190488380027811672e+02 4.215471411756277575e+02 4.273231386850218883e+02 4.328200430706074258e+02 3.942496569233903188e+02 3.241850152045236086e+02 3.595153216460386147e+02 3.773870256772986522e+02 3.407502378446693569e+02 3.996516079860676314e+02 4.017363674764063148e+02 4.560539112005016023e+02 4.696233483526551709e+02 4.407547458301781944e+02 3.783340007448139772e+02 4.287988531046223670e+02 4.601267964661676046e+02 4.945185241079017260e+02 5.401439576344153011e+02
3.597682320468213675e+02 2.811658002515880526e+02 2.938042925214978141e+02 2.727149415943267172e+02 2.956667608166121113e+02 2.731635106848193004e+02 3.470519232091461390e+02 4.141259463125204547e+02 4.572234626651002145e+02 4.578432993255530619e+02 4.758962798007126480e+02 4.560990617245057024e+02 4.008504636757608637e+02 3.296389344362615930e+02 2.630118910303036728e+02 3.308328453378287577e+02 3.809570873768565775e+02 4.223196170313589164e+02 4.597444388578300050e+02 4.817349275727946178e+02 4.945099461222575883e+02 4.864725623975259623e+02 4.339735756216935556e+02 3.815546126307227723e+02 3.299005982424000649e+02 3.337563271357963686e+02 3.876285142921194051e+02 4.430988436178013217e+02 4.618400569696017328e+02 4.577610251749648000e+02 5.106111575640439355e+02 4.960290192610289068e+02 4.515850051371074869e+02 4.140635617248317430e+02 4.795227113630249391e+02 5.363103478912707942e+02 5.842107051976979619e+02
3.699488850358864624e+02 3.079615355603020248e+02 2.348698647435758744e+02 2.297037212167348912e+02 2.337605598200538850e+02 3.072223178209325738e+02 3.644370773528194718e+02 4.002171475322294327e+02 4.129121140261584628e+02 3.862396653235557551e+02 4.262102662518520901e+02 4.396695462485896542e+02 4.020580643856430925e+02 3.324462182670567927e+02 2.592573916545603652e+02 3.067959925365608456e+02 3.451658791944734617e+02 3.875273495050170141e+02 4.408940917718434775e+02 4.895805911057041158e+02 5.311596114187764215e+02 5.297255777130661727e+02 4.844939977973468785e+02 4.337063252752389531e+02 3.824340657955486336e+02 3.638592722888242861e+02 4.191017438174508811e+02 4.781959092815835106e+02 5.186143659841733324e+02 4.995172510058760054e+02 5.460189989631746812e+02 5.526810296052154854e+02 5.189797777279659385e+02 4.847564403907294945e+02 4.516304894357751323e+02 5.232092692909076277e+02 5.741062401576078855e+02
3.362786377351790748e+02 3.045991721289595944e+02 2.552209808844126258e+02 1.956441532709029048e+02 2.598563626847166574e+02 3.160572657943475292e+02 3.483104849503232003e+02 3.434391629152103746e+02 3.560010809934294684e+02 3.194397795945500320e+02 3.649596927952397891e+02 4.023555432204296380e+02 3.878041123265397800e+02 3.418328457544761250e+02 2.952598568421739742e+02 2.534672759953475349e+02 2.908063478098884502e+02 3.345762745533247084e+02 3.878874161942339356e+02 4.612710203708156200e+02 5.344651727588101267e+02 5.663674312269437223e+02 5.414687866111424910e+02 4.881978615623766018e+02 4.410795047855739881e+02 4.001122035800902950e+02 4.489700215812820261e+02 5.133651688583461237e+02 5.666499737619349162e+02 5.626397685783463203e+02 5.633568827915174779e+02 6.049191595710464071e+02 5.905029629881996698e+02 5.498208342195816840e+02 5.114910798195835469e+02 4.839809161277574390e+02 5.159100962343295578e+02
2.793221377064285207e+02 2.530590883641355049e+02 2.247433969941113787e+02 1.781864126206138508e+02 2.406689767983060904e+02 2.856640571073776300e+02 3.004012373707068946e+02 2.710846999755423781e+02 2.969360799121062087e+02 2.619168418776373528e+02 3.145784800160982400e+02 3.587193337941604909e+02 3.460689533405860061e+02 3.003716524274185531e+02 2.473795448696822632e+02 2.993937524065448770e+02 3.395718581235589113e+02 3.813084596748093418e+02 4.265832775736838585e+02 4.718231259866869323e+02 5.386342952865044253e+02 5.959632273384575001e+02 5.888320498812291817e+02 5.413852490975076535e+02 4.917572027531869594e+02 4.461236807413361589e+02 4.882723426621774934e+02 5.452670971149499337e+02 6.097224923089988806e+02 6.249740754338209854e+02 6.110774151532535825e+02 6.543902672929551727e+02 6.487880244932217693e+02 6.061422598116089375e+02 5.612179119218986898e+02 5.135459024779947868e+02 5.491349804676086706e+02
2.325706651506208118e+02 2.002861786761055782e+02 1.726410580270950561e+02 2.132337680550438108e+02 1.844849845538427928e+02 2.433509924240158000e+02 2.512316335572353125e+02 2.012352522902014016e+02 2.494202415513989308e+02 2.138798854535769465e+02 2.721315385299169520e+02 3.124035164216792282e+02 2.973209057462029250e+02 2.408792837521478987e+02 2.957990814496166081e+02 3.406954939090176140e+02 3.928927082725004425e+02 4.386332227148204765e+02 4.824963681445748307e+02 5.270205610261637048e+02 5.756650309487583854e+02 6.273423327002908536e+02 6.323715183645388151e+02 5.941092142431715502e+02 5.524402431578587311e+02 5.066932870339638839e+02 5.435165108794005846e+02 5.895037544708653741e+02 6.462143206491419960e+02 6.849188819776195487e+02 6.651030580439522737e+02 7.023900666456330555e+02 6.996545825804732885e+02 6.543859815008920577e+02 6.013731057337734001e+02 5.500997588133629961e+02 5.819729236601004914e+02
2.848974598352738212e+02 2.328713080753529141e+02 1.693072013141753303e+02 2.288353961796055103e+02 2.363853556476780398e+02 1.904492190955898252e+02 1.946625652636737414e+02 2.428966446670066830e+02 2.077640014109599633e+02 2.559173742695969338e+02 2.201846836943565222e+02 2.680853424657557866e+02 2.339409959331859739e+02 2.957106438610110786e+02 3.453622961328119345e+02 3.940040281341227342e+02 4.411962567275044762e+02 4.950311902383893994e+02 5.388648253373238504e+02 5.791242744065481247e+02 6.168520564986004047e+02 6.522803750224845771e+02 6.666466833566829564e+02 6.520101084312672128e+02 6.236533994233940348e+02 5.871446808720792205e+02 6.113170779367496834e+02 6.525043732666658798e+02 6.960610607054767343e+02 7.370295482501757078e+02 7.284829827069773955e+02 7.431188159044685335e+02 7.452313039613402452e+02 6.993251812289026930e+02 6.470778146414229468e+02 6.033465874189613487e+02 6.149200846461958463e+02
2.836938768841945375e+02 2.221360075895332216e+02 1.659002940276850495e+02 2.355492746636004142e+02 2.696088515972179493e+02 2.644927759525191391e+02 2.706286305948766540e+02 2.902929168186080346e+02 2.895118430124575184e+02 3.038527727337672104e+02 2.775925697090283393e+02 2.271978895104212484e+02 2.902880410639633055e+02 3.423743100828618253e+02 4.008683925735162461e+02 4.444722219905522707e+02 4.823647701091874183e+02 5.199414135985305165e+02 5.565776118857544361e+02 5.890937126112306714e+02 6.097785786250127558e+02 6.344398304339179049e+02 6.604643981831419524e+02 6.811677221926440779e+02 6.789435227605680439e+02 6.704816848091470547e+02 6.909320753187028004e+02 7.216771308340679525e+02 7.565173024159747683e+02 7.869640581067657195e+02 7.897098709225052744e+02 7.973823240790449063e+02 7.908281812251125302e+02 7.484563839300354857e+02 7.084378193798919483e+02 6.685993536051907995e+02 6.790323406910432595e+02
