output/field_example_test/elevation_000073.asc
nrows	150
cellsize	66.66666667
xllcorner	0
ncols	150
yllcorner	0
NODATA_value	-9999
[rows 102 to 118 of 150, columns 111 to 147 of 150]
9.619552465202368694e+02 9.221149685020886864e+02 8.696043937750637269e+02 8.154887016828558899e+02 7.560824505202151613e+02 7.441637040972671002e+02 7.526110137650424576e+02 8.163472089743952438e+02 8.589488294318481394e+02 8.585220002245035857e+02 8.601472658890917273e+02 8.100339538680250371e+02 8.179980455713280207e+02 8.717864569111184210e+02 9.020723513947954189e+02 9.446638016653155319e+02 9.918594648614816833e+02 9.891119504744154938e+02 9.383988347401466399e+02 9.746665695773948528e+02 9.758969074237312498e+02 9.844698420914868393e+02 9.398025995133089054e+02 9.527545822717754618e+02 1.020492567592553428e+03 1.082889268330942514e+03 1.143460795630283656e+03 1.196868162983236289e+03 1.242113993223226316e+03 1.281683925925931135e+03 1.321475733805169057e+03 1.363511583204854560e+03 1.405002824213055646e+03 1.436331868139384369e+03 1.431303482944282678e+03 1.424749649942888027e+03 1.465845768211200948e+03
9.856802848605110512e+02 9.247990412654849024e+02 8.568792162226186520e+02 7.946414910797299171e+02 8.233266672274014581e+02 8.157000665444625156e+02 8.126156907276545098e+02 7.651676547163681334e+02 8.155216747162884303e+02 7.881166033183216086e+02 7.971235720912503666e+02 8.613588472051109193e+02 8.754082990934072086e+02 8.307461603570588977e+02 8.400417971439312623e+02 9.013081773722900607e+02 9.475359295868103118e+02 9.425621603674311473e+02 8.947621858687006124e+02 9.041804765311736674e+02 9.137593564690918129e+02 9.248697605103226351e+02 9.856487672101126236e+02 1.009954289114855897e+03 9.777824673404522855e+02 1.043843797412741196e+03 1.101825482894566221e+03 1.155690593465912343e+03 1.193380667153052173e+03 1.229162841805735297e+03 1.270122485273877828e+03 1.314289059468856294e+03 1.357415296502718547e+03 1.387915820811675303e+03 1.366544900259123779e+03 1.368305624114078000e+03 1.423062608501772957e+03
1.012937396038576480e+03 9.606558996501906904e+02 8.964982857158361185e+02 8.231878388661991721e+02 8.783555744005662973e+02 8.844241211266256641e+02 8.577316974530122025e+02 8.180405476784123948e+02 7.763040113910954005e+02 8.365147558359899449e+02 8.570297369082069281e+02 9.098847861532894967e+02 9.284342225257012160e+02 8.982173737664081727e+02 8.967213153275823743e+02 8.532041378857431937e+02 9.050845077309932094e+02 8.813601187180861416e+02 9.331414331024589046e+02 9.654906320678237535e+02 9.857607981036228466e+02 9.945861325536606046e+02 1.009863244436305649e+03 1.060223497916433871e+03 1.048178991028903511e+03 1.003136976915500213e+03 1.062363790962984694e+03 1.120801842315908516e+03 1.130387028962047452e+03 1.169650678264282533e+03 1.216261279357947387e+03 1.263185065642824384e+03 1.313905675372416908e+03 1.334950275771076576e+03 1.300353566535407708e+03 1.335821515462057732e+03 1.388088113304914032e+03
1.030425472979427013e+03 9.689536112517881747e+02 9.057301093789770903e+02 8.556338553713575266e+02 9.220315162973440692e+02 9.395744121513729397e+02 9.048301972954262737e+02 8.604825856013713974e+02 7.956459652292865030e+02 8.656616264535600749e+02 9.139474330128017527e+02 9.626929588867009215e+02 9.844129365670735297e+02 9.619508630403648795e+02 9.312434609279470124e+02 8.783880672218941754e+02 8.669495037560861874e+02 9.262072516589868201e+02 9.195177059470001950e+02 9.815615324342480790e+02 1.027727725592878642e+03 1.055767525479624510e+03 1.068939813363603207e+03 1.111111706735599455e+03 1.107716019995239776e+03 1.068334078149711786e+03 1.027518789282207536e+03 1.084337925303374959e+03 1.074547155305147044e+03 1.127202751073106356e+03 1.175529815316282793e+03 1.219181016202287083e+03 1.251154209997729367e+03 1.277259768269208507e+03 1.258143034986060457e+03 1.301137218025256516e+03 1.355521577202884146e+03
1.028314319853642473e+03 9.633163464178475124e+02 9.034542740414510718e+02 9.197499250835047633e+02 9.699593115414207887e+02 9.845992784040112156e+02 9.419612045175861113e+02 8.713197364520103747e+02 8.142040122418918600e+02 8.721171091009274505e+02 9.415073027925208180e+02 1.005067688377105128e+03 1.026721060275488071e+03 9.802015168558822324e+02 9.215167603704969679e+02 9.439983761770778301e+02 9.274056676952595808e+02 9.766427862128765582e+02 9.854570148329835320e+02 9.572786979563721843e+02 1.013472876227327333e+03 1.074307382884961498e+03 1.125910314367247338e+03 1.165483753849372533e+03 1.164644564108815757e+03 1.123412859430442495e+03 1.082837826631458483e+03 1.050512263964044223e+03 1.106024365187996182e+03 1.096951787311259295e+03 1.155957344867274287e+03 1.160871956379960693e+03 1.184910821746218062e+03 1.213384983899750750e+03 1.275018717449531096e+03 1.336570494814113999e+03 1.392625491995661378e+03
1.026851215380413350e+03 9.580011817133606655e+02 9.602528259364345331e+02 9.917776511234784493e+02 1.025071793518589629e+03 1.022317382703961698e+03 9.636014845300206844e+02 9.096898722185396764e+02 8.361435217408135259e+02 9.107956747190170290e+02 9.721303925518823235e+02 1.036655728543011037e+03 1.057971793248588710e+03 1.013054390940873304e+03 9.535563517325555267e+02 9.977353189786115308e+02 9.932716393930855929e+02 1.034263971958150023e+03 1.037928586078464832e+03 9.857256425790978938e+02 1.050351125560023092e+03 1.110032084183356119e+03 1.166122833551527719e+03 1.213256393142421075e+03 1.214709027185032028e+03 1.171752109790306349e+03 1.123707961721331458e+03 1.090106131766930503e+03 1.136178255977286426e+03 1.114971633994926606e+03 1.129743313129572471e+03 1.196164861753504738e+03 1.244231455882722230e+03 1.278189893907809392e+03 1.272958966292597552e+03 1.320540221941853360e+03 1.378125555143448537e+03
1.024721095875343053e+03 1.007477026086586761e+03 1.027786231035210221e+03 1.064795448151757000e+03 1.078416247038559504e+03 1.054835342021791575e+03 9.997287345062495660e+02 9.285041542623928308e+02 8.578525930562063877e+02 9.252393095203150324e+02 9.995825433393002868e+02 1.062979109718651898e+03 1.088777311467875052e+03 1.047951058325413442e+03 9.893833512254888092e+02 1.031810700669847392e+03 1.060691885456731825e+03 1.093005811803843244e+03 1.082605615370917803e+03 1.019046857910703807e+03 1.081910829031839967e+03 1.144249525040545677e+03 1.203167284238428238e+03 1.250062557400874539e+03 1.256673618454743064e+03 1.208755306611807100e+03 1.189807878567593889e+03 1.136508224985495872e+03 1.175203491277612557e+03 1.141373123843396115e+03 1.189074380054382345e+03 1.240826432578215190e+03 1.293796609560995648e+03 1.331751968758511794e+03 1.334712138809086127e+03 1.369269044528110271e+03 1.416908270293705982e+03
1.079131960597362195e+03 1.065178529232474602e+03 1.103762274100188733e+03 1.122568770207392163e+03 1.111573869172729019e+03 1.066304306508479613e+03 1.009343705715587362e+03 9.466215595804058012e+02 8.810372189498850730e+02 9.257622911841192490e+02 9.999713375902965709e+02 1.073922698438110274e+03 1.117383863231855003e+03 1.092285041285108946e+03 1.030615669819908589e+03 1.073271672980472431e+03 1.117785503087267671e+03 1.150791714613422982e+03 1.133781184532942916e+03 1.082102035618475838e+03 1.066607952188905529e+03 1.132104487909870159e+03 1.201651304695766385e+03 1.266937152936162192e+03 1.293980285789972186e+03 1.267856744676915241e+03 1.246555993180474161e+03 1.190626696691603684e+03 1.227751278772198020e+03 1.217419805109906065e+03 1.184104379435719466e+03 1.252488585659571072e+03 1.312504093509096265e+03 1.363844563331907239e+03 1.399692790515952765e+03 1.431515953550925815e+03 1.472258396209315379e+03
1.142378323365108145e+03 1.131586174816337234e+03 1.163924518609956522e+03 1.161286268934807595e+03 1.107603338992166755e+03 1.038313221741073676e+03 9.737114792827542260e+02 9.166149973595777283e+02 9.248054559286160838e+02 9.620727418878324215e+02 1.007947357960532599e+03 1.076765906685266827e+03 1.139137671633214268e+03 1.132837696479452461e+03 1.078535817492442220e+03 1.116936732180160789e+03 1.165608668802497277e+03 1.204831692623393565e+03 1.191668958286915540e+03 1.147654155867337295e+03 1.104009829708494181e+03 1.135825210586636558e+03 1.201957851501065079e+03 1.270626090871839779e+03 1.325584235530931664e+03 1.325641605757459502e+03 1.305066761141950110e+03 1.257080377360391822e+03 1.275190058399541840e+03 1.280964040258311570e+03 1.242633153134399890e+03 1.225681224105111141e+03 1.282691118757363256e+03 1.348294809380584184e+03 1.416817990363642821e+03 1.480108493660541626e+03 1.527833787461648626e+03
1.209456054208262231e+03 1.203478574235768065e+03 1.214358110217689273e+03 1.182430566354945313e+03 1.116263734718658498e+03 1.048898184283384126e+03 9.896217653867846593e+02 9.419315485270215049e+02 9.747491154063723116e+02 1.011407767032261631e+03 1.055718277210686665e+03 1.114496228925056357e+03 1.173817686718915184e+03 1.180328386224051656e+03 1.141573244924110895e+03 1.158806737472752502e+03 1.211528148534082902e+03 1.254295874556678200e+03 1.247039191248167072e+03 1.202027944294603913e+03 1.152889374034626826e+03 1.186376073224059382e+03 1.221277087408771649e+03 1.283745946362521408e+03 1.345360285112659312e+03 1.376977399063769553e+03 1.362724395093981457e+03 1.329430507775211026e+03 1.340251268402389087e+03 1.341931845107600111e+03 1.305053409326210840e+03 1.259029131997878267e+03 1.319593982881314560e+03 1.376058722467336565e+03 1.434592774375700401e+03 1.489881803676920981e+03 1.542359010218662206e+03
1.257446998865919113e+03 1.260989818870050158e+03 1.246159665830973381e+03 1.187690939151181283e+03 1.119114367853149815e+03 1.055349228945526193e+03 9.987564590675852969e+02 9.758009505990515891e+02 1.020684755256518429e+03 1.062077209735406541e+03 1.110787516578647001e+03 1.161385076143546712e+03 1.214828418291291428e+03 1.231571162137356851e+03 1.209297553865789951e+03 1.223015952814065258e+03 1.259388596788355244e+03 1.298541983728125388e+03 1.296128184093002574e+03 1.257592929486324010e+03 1.221845439212234851e+03 1.236812819858746025e+03 1.284149948563258249e+03 1.334665089325935469e+03 1.376075535035701932e+03 1.402088189247742775e+03 1.401943803244270384e+03 1.395168363296945927e+03 1.402616285386243362e+03 1.397332408294441166e+03 1.359249985388368941e+03 1.317112733132236599e+03 1.310828585802971929e+03 1.351413865033140382e+03 1.397867212455254958e+03 1.450710108899247871e+03 1.508556124441048723e+03
1.249695857212518604e+03 1.273927732292908104e+03 1.260071982749921517e+03 1.198587922771787134e+03 1.132626843174922897e+03 1.074162037550922150e+03 1.064217029620463109e+03 1.018080774042259122e+03 1.064856317206538506e+03 1.115731964011988794e+03 1.163050613662624301e+03 1.213823398456444465e+03 1.249496150339489304e+03 1.267960864314531364e+03 1.266662365209286918e+03 1.281183698365818373e+03 1.305330315874658027e+03 1.327359831942495930e+03 1.331766658081693777e+03 1.317338380641166623e+03 1.296252752516557848e+03 1.303316290950820530e+03 1.340546835193900733e+03 1.365322149644995307e+03 1.370761729413419289e+03 1.364634072512516241e+03 1.375608551176883793e+03 1.395924124207087289e+03 1.421957571141351536e+03 1.434051674216062793e+03 1.417828581000518625e+03 1.383608237507358126e+03 1.372880534895984965e+03 1.413258149660646950e+03 1.454737177136627224e+03 1.505948496384130749e+03 1.550552591148860984e+03
1.205930177765393410e+03 1.248037021307119630e+03 1.264551958211186729e+03 1.235069987024258126e+03 1.184170866255273268e+03 1.146102454948269497e+03 1.114699322708356249e+03 1.069847752490242556e+03 1.118364965919482756e+03 1.165606246930937004e+03 1.213301655493866747e+03 1.241150451127360384e+03 1.245525902600516929e+03 1.237419297523255182e+03 1.245044101827353870e+03 1.267752449261715356e+03 1.291470683516196459e+03 1.296856549781108242e+03 1.315793934120144058e+03 1.335628154973552682e+03 1.350255834983473505e+03 1.362152594469916266e+03 1.369918989655353244e+03 1.352200002157208473e+03 1.320858466912374979e+03 1.282947224566561772e+03 1.301530023505104509e+03 1.341697875955475638e+03 1.391167348475262315e+03 1.429299664430287294e+03 1.451762736505223756e+03 1.449090496626829008e+03 1.441238094473492993e+03 1.477600375427876770e+03 1.506798275369024623e+03 1.532868195415454238e+03 1.550767575473054194e+03
1.151803394937319126e+03 1.200401105521091949e+03 1.235982348083944316e+03 1.252136966336455771e+03 1.237712074249961688e+03 1.213954058412227141e+03 1.173620496241027695e+03 1.134455790326388751e+03 1.173570572052265561e+03 1.216137409295816724e+03 1.237461814669915611e+03 1.225617403031960066e+03 1.196457283533346072e+03 1.159070486227457423e+03 1.170552329051169636e+03 1.206986667600854844e+03 1.236297819960803054e+03 1.219401630280286327e+03 1.251753487263609031e+03 1.298840538741802675e+03 1.338846256430573476e+03 1.364136008231680535e+03 1.346399074784816776e+03 1.308256362072072989e+03 1.253204667029320490e+03 1.202653073889975076e+03 1.237124274823787346e+03 1.284945713009330802e+03 1.334840265690240813e+03 1.391021167243578475e+03 1.434080364549814476e+03 1.468615524105909344e+03 1.492638402443237055e+03 1.510659736802762609e+03 1.511828623400260994e+03 1.501657653438454417e+03 1.489437392805422860e+03
1.089363264828144111e+03 1.133952932006239962e+03 1.185573720762813309e+03 1.222834256359746405e+03 1.248405343810512250e+03 1.254208906989708794e+03 1.236962063517011302e+03 1.207090601241802233e+03 1.230839410906119610e+03 1.242185903855941433e+03 1.221916063758106020e+03 1.182010105002852697e+03 1.127525035176159690e+03 1.081850770247509217e+03 1.101120939936965215e+03 1.162034039038079754e+03 1.177625597982900217e+03 1.142326189422994048e+03 1.186944213081981161e+03 1.238204849868618567e+03 1.299432971234930847e+03 1.331525300530875938e+03 1.296811020343363452e+03 1.249341449801534509e+03 1.197267710435633717e+03 1.142258229023483864e+03 1.183348589725013198e+03 1.228486544133749703e+03 1.281639754852731357e+03 1.332300431236890972e+03 1.383395039269793642e+03 1.439778733116634839e+03 1.478040710619824267e+03 1.485147122289394474e+03 1.465557186588424884e+03 1.430204611860451223e+03 1.412250640340398832e+03
1.025421496902526314e+03 1.073112800029658047e+03 1.119187390550500595e+03 1.165649737726681451e+03 1.217409915771832857e+03 1.253787661062477810e+03 1.272162147199606579e+03 1.264338003780297640e+03 1.253330583811393126e+03 1.223581644656150502e+03 1.181278718666617351e+03 1.123191520737423616e+03 1.069026487894313277e+03 1.014534993644648466e+03 1.064078115046921084e+03 1.116870058939224691e+03 1.123650083860075256e+03 1.080301011977631561e+03 1.125334105185909721e+03 1.186669446315589539e+03 1.259134519793713253e+03 1.296086967616842003e+03 1.256576377685221132e+03 1.199107288376649876e+03 1.146589756935828518e+03 1.095699509227734325e+03 1.136410883987454099e+03 1.182929441235557761e+03 1.229021131853652150e+03 1.278003984885791851e+03 1.335407375405677612e+03 1.390251354456813033e+03 1.438415546182385697e+03 1.434125069455807306e+03 1.393561103893909831e+03 1.363743671472298729e+03 1.351368705986302757e+03
9.727253239631464794e+02 1.014463419275835577e+03 1.059411779645010938e+03 1.112408807604389494e+03 1.163644321396380519e+03 1.217652587994563874e+03 1.253579425478289068e+03 1.261431501434918346e+03 1.229108419570314709e+03 1.174392050811048421e+03 1.123340832530705939e+03 1.071439931505351296e+03 1.015773837656841692e+03 9.657058688386961194e+02 1.021374980567220973e+03 1.069607208897866485e+03 1.069954905803313977e+03 1.029814063231261116e+03 1.072588684924308382e+03 1.144864697661180799e+03 1.225905680839505067e+03 1.264624498319958093e+03 1.223861444085919629e+03 1.163622561148150680e+03 1.106599720238045848e+03 1.058152758430610675e+03 1.099478888397221908e+03 1.141066814749792684e+03 1.184950752054492796e+03 1.235978067234055743e+03 1.289133653631130073e+03 1.349059616192610747e+03 1.396703100607323677e+03 1.381549349681207332e+03 1.328813294998542460e+03 1.305188606072839775e+03 1.301830966700704494e+03
