output/field_example_test/elevation_000050.asc
nrows	150
cellsize	66.66666667
xllcorner	0
ncols	150
yllcorner	0
NODATA_value	-9999
[rows 17 to 33 of 150, columns 37 to 73 of 150]
3.204387030873817821e+02 2.594815615974562775e+02 3.250244021142969473e+02 3.674147265183722766e+02 4.411535582596465019e+02 5.052849615251035402e+02 5.546177559905141834e+02 5.625539814767579401e+02 5.208762291425689455e+02 4.744051407476507052e+02 4.286278343403937470e+02 3.955382539667796209e+02 3.560850375574158875e+02 3.151820734328950948e+02 2.657528387949920443e+02 3.142581990486299333e+02 3.457619497407989684e+02 3.512991814948689466e+02 3.534326968140303507e+02 3.479227309954270027e+02 3.006778288752834669e+02 3.568931642151314350e+02 3.985592783369772860e+02 4.458588217574911710e+02 4.850293710917576959e+02 4.827499968143992533e+02 4.325918320636602061e+02 3.622851196569987451e+02 4.244862123167740151e+02 4.558536681190861373e+02 4.915964712577429623e+02 5.366207464027934293e+02 5.405510656181523927e+02 4.892403639724504387e+02 5.244373518204307629e+02 5.707210326695364984e+02 6.268155813788445130e+02
3.161247648648464406e+02 2.471894084486733334e+02 2.887520978482005489e+02 3.454295124338344749e+02 4.084921783911799480e+02 4.719141489887762759e+02 5.204832309846188991e+02 5.215570773095053028e+02 4.741080602482163044e+02 4.190959170582306115e+02 3.751811917984122715e+02 3.340556887602379561e+02 3.030083040157724668e+02 2.585754147601134036e+02 3.058897363957627817e+02 2.729849600096787299e+02 2.776831145158205914e+02 2.828344235853138002e+02 2.877744087964322262e+02 2.927673813596057926e+02 3.399911950496667714e+02 3.097160084985001731e+02 3.596853220560722662e+02 3.924241357875091012e+02 4.342604168422092243e+02 4.409421009951131509e+02 4.025197213236600646e+02 3.563732407757511282e+02 4.127426444419533027e+02 4.716444243116424104e+02 5.332803822014822117e+02 5.813565736924463181e+02 5.831227051629300604e+02 5.322978930359645346e+02 5.602015996457089386e+02 6.034167664599683576e+02 6.586256046072053323e+02
3.058101146351694979e+02 2.359002742076390007e+02 2.934482670875146368e+02 3.566795443866340634e+02 4.141896000149703241e+02 4.381378351921899252e+02 4.719686428139216900e+02 4.712885699990575858e+02 4.353162394864903035e+02 3.738374252324416602e+02 3.257981867514703822e+02 2.897623016038272112e+02 2.503367570346750881e+02 3.085986030480936506e+02 3.482059314667562262e+02 3.330659253941776683e+02 3.244017194817295149e+02 3.542263177599839423e+02 3.495144707563877660e+02 3.252973022838512520e+02 3.786312000519845924e+02 3.714409951749794345e+02 3.181297816906255775e+02 3.243605589378985883e+02 3.856389591413254720e+02 3.940542714026237263e+02 3.474392994498938947e+02 4.014821972811869841e+02 4.548907437840512102e+02 5.110895641667238465e+02 5.695216689322069215e+02 6.182923611224815659e+02 6.284933222758106695e+02 5.955425104567927974e+02 5.987369022728720438e+02 6.414507912443087889e+02 6.941469694536283441e+02
2.937427162759935868e+02 2.240863877487301750e+02 2.919940223574278093e+02 3.579945374244585423e+02 3.905148152552963552e+02 3.761714894268434364e+02 4.101826796369918497e+02 4.055568409777966394e+02 4.027023212291926484e+02 3.593641267678766553e+02 2.917178639259244051e+02 2.420607331266908488e+02 3.011127927558748070e+02 3.512072606803590133e+02 3.910293970556485874e+02 3.927044506211377097e+02 3.802600051262211309e+02 4.177864843036116440e+02 4.119794974664321785e+02 3.632646189893701489e+02 4.196100410740322104e+02 4.225980603144028578e+02 3.818867947634093980e+02 3.801242829025999868e+02 3.325302146788647519e+02 3.376401705872292496e+02 3.889432642648921501e+02 3.791560967615186541e+02 4.493174499138593774e+02 5.031893728787046030e+02 5.698180948756335056e+02 6.347128738132744274e+02 6.696457710348488490e+02 6.618932486411113132e+02 6.584101679901395983e+02 6.915892558602097324e+02 7.368981391053065408e+02
2.817064018415848636e+02 2.119519911310895566e+02 2.865874177113948349e+02 3.424343395402880219e+02 3.489149860942097234e+02 3.109537513849293759e+02 3.428478040551524941e+02 3.358869241583589087e+02 3.477316814930397868e+02 3.212815000919088106e+02 2.861503372126987870e+02 2.370678112191629623e+02 3.001956688224529444e+02 3.616225902491976854e+02 4.102178808982782243e+02 4.432793067403830491e+02 4.407162522891158005e+02 4.743726824470860493e+02 4.617594878777302938e+02 4.057982117754160640e+02 4.646111497178266632e+02 4.787577038209624334e+02 4.474711514836364472e+02 4.161994640083519812e+02 3.810420846852094314e+02 3.535844529256083888e+02 4.194093482002340352e+02 4.404305324346769908e+02 4.158419586361217739e+02 4.928822987473850503e+02 5.633054283711318249e+02 6.290948879760341015e+02 6.829701269258569027e+02 7.148466321366478269e+02 7.309592109166052296e+02 7.499312033492102501e+02 7.920217385057082993e+02
2.737748092278660010e+02 1.996197445735838016e+02 2.624059934889542660e+02 3.119415078195572733e+02 3.036948753750359060e+02 2.533868798909546740e+02 2.716748210300079336e+02 2.695352598461245179e+02 2.813157762185948627e+02 2.792253053988753209e+02 2.298325839272349356e+02 2.811885659272707016e+02 2.851054632686158925e+02 3.277385645690138176e+02 3.832086923945716990e+02 4.562697099845254911e+02 4.959479703573750839e+02 5.276819811223825809e+02 5.099322726541894326e+02 4.527643440675061584e+02 5.123105527288375924e+02 5.336933075193151126e+02 5.023138425828290110e+02 4.598392343759709888e+02 4.174601490534146251e+02 3.713076506175818281e+02 4.440641052494132737e+02 4.899576017866779694e+02 4.869189921253781108e+02 4.551903480551157486e+02 5.265455547143052399e+02 5.946779373726279800e+02 6.626437463449985898e+02 7.138716351366122126e+02 7.599871836663244267e+02 8.030721387171616925e+02 8.425397239768518602e+02
2.488901451010019912e+02 1.876703344094380270e+02 2.348873051828387588e+02 2.718162181698004360e+02 2.578803156580215159e+02 2.030060282222378873e+02 2.074191566094887662e+02 2.119000605954128389e+02 2.164785648742820570e+02 2.216431422012157952e+02 2.759535970038156734e+02 3.006960183710517072e+02 3.296928709220034648e+02 3.606100532926166125e+02 4.078970117737235341e+02 4.627461280105680999e+02 5.267051359714740784e+02 5.734396380954302685e+02 5.584737525743938704e+02 5.043617968306662078e+02 5.616152105011356070e+02 5.835766603435263278e+02 5.476919126109144145e+02 4.982210944298147979e+02 4.462666481051976461e+02 3.897547409707040629e+02 4.552349296527527258e+02 5.179215792336315189e+02 5.438494824479942054e+02 5.303253971669288376e+02 4.943699196604465556e+02 5.608927061292022245e+02 6.175053157761720968e+02 6.708175858870199590e+02 7.373151959458034526e+02 7.904162866343571068e+02 8.380134230400817614e+02
2.246126229940410042e+02 1.769409264263929344e+02 1.814608470821573292e+02 2.290755543605413038e+02 1.962198882156751836e+02 2.402967621751380989e+02 2.654862471636904502e+02 2.803902638011071531e+02 2.827600771811260643e+02 2.819747908280547790e+02 2.839674122839096526e+02 3.338068028760914672e+02 3.719300312221945433e+02 4.058417554893935630e+02 4.448313928853132779e+02 4.982878955989329484e+02 5.605518092691481797e+02 6.139361668728207633e+02 6.087604744488101005e+02 5.612558480639365825e+02 6.121017773482916482e+02 6.282948242802663117e+02 5.886698410673573107e+02 5.374859310215664436e+02 4.765062303209077754e+02 4.086205519624502358e+02 4.582544024590035292e+02 5.273760185214720195e+02 5.849699217298042413e+02 5.910655626703858161e+02 5.598430099681157799e+02 5.282532177562311517e+02 5.597525628240439346e+02 6.309781240675375784e+02 6.912933816388364221e+02 7.389607313438186793e+02 7.878230288746667611e+02
1.716716372330776608e+02 2.310259766615157275e+02 2.394809466540028211e+02 1.892142517293622177e+02 2.401586880995991748e+02 2.136407860622690578e+02 2.717299060660419627e+02 3.147473648745387322e+02 3.429305423828125754e+02 3.462045656607440947e+02 3.402876910440018605e+02 3.781715841434065055e+02 4.194894709051372956e+02 4.574034039327075902e+02 4.956187557506788153e+02 5.408943867622836024e+02 6.000369645170987951e+02 6.562329987624275418e+02 6.626009012006592229e+02 6.245235962930591995e+02 6.619660725995744315e+02 6.651272162153380805e+02 6.270651986467978531e+02 5.735483663352831627e+02 5.077459920590876550e+02 4.299148038102708824e+02 4.881981571593027525e+02 5.450394687331811383e+02 6.147731372900526594e+02 6.422793295455032876e+02 6.147195942077494237e+02 5.683471913308442254e+02 6.129414638151398549e+02 6.031355070890231218e+02 6.403825127938596324e+02 6.842105889311033025e+02 7.359410845425718435e+02
2.187185529582077947e+02 2.758121324683047533e+02 2.940467368974738633e+02 2.665985331867334480e+02 2.889006783846421627e+02 2.724413947134696059e+02 2.309689397959054986e+02 3.035680399872663315e+02 3.690176969465439356e+02 4.060607745343625083e+02 4.090517313472594196e+02 4.418954120033513959e+02 4.777841201065010637e+02 5.156144798512815441e+02 5.541042705011132057e+02 5.957965501984828052e+02 6.450687920187999680e+02 7.004497241176378566e+02 7.189114457747696179e+02 6.937223266348819379e+02 7.034714071780996392e+02 6.751355707231743963e+02 6.266148189131786239e+02 5.754150705766003284e+02 5.181834212766129895e+02 4.526319151904011164e+02 5.210034697249699320e+02 5.834985836173376583e+02 6.419725647243375306e+02 6.867756078352673512e+02 6.683670690266338852e+02 6.142419358555512190e+02 6.611069161598727533e+02 6.527789811727581082e+02 6.935705395505270872e+02 7.411319738200876373e+02 7.898415852182399703e+02
2.746188424939053334e+02 3.204184419630399248e+02 3.559806087857489274e+02 3.446685824388848687e+02 3.326986447320975344e+02 2.952329712074071040e+02 2.429371695122484880e+02 3.035082187437274683e+02 3.723398945016356834e+02 4.405108236851224888e+02 4.762770457001996078e+02 5.049688723349330530e+02 5.335751667871564905e+02 5.674365045901795384e+02 6.045097302198482794e+02 6.433911612873461081e+02 6.901842695758892887e+02 7.386336032531427236e+02 7.696090004453634492e+02 7.574058083926728386e+02 7.176232213606900814e+02 6.536692691211375177e+02 5.830345146403042236e+02 5.289294085244916914e+02 4.859168652329041151e+02 4.886132716925479258e+02 5.547954988082481123e+02 6.190252471170640547e+02 6.783067212754199318e+02 7.218253900686949009e+02 7.143673972241672345e+02 6.654100325482199878e+02 7.134960993032184433e+02 7.131812026236402744e+02 7.559359340979151511e+02 7.980218326736264771e+02 8.474886125930095204e+02
3.411644765551228602e+02 3.777946518900845945e+02 4.102879555339929425e+02 3.909218105792222104e+02 3.277154021227898966e+02 2.621951144316785758e+02 2.994708337128668063e+02 3.477059741388265479e+02 4.048104378968757260e+02 4.602244156025527673e+02 5.020337083222126466e+02 5.204703219669081591e+02 5.320138530354493014e+02 5.618245842643349306e+02 5.980908808154466669e+02 6.284675555450171487e+02 6.843798637075093438e+02 7.441653256951140065e+02 7.948398303104122533e+02 7.948729986791765896e+02 7.417966834650183046e+02 6.719915188632941181e+02 6.152520666855339186e+02 5.616405214967813890e+02 5.136499448987642609e+02 5.453274237548808969e+02 5.494244931030996213e+02 6.140439700924584940e+02 6.815800370983189396e+02 7.433611554640308441e+02 7.586134971158430744e+02 7.228090079882279042e+02 7.701198810979034306e+02 7.824661448160914006e+02 8.236531970977559922e+02 8.541309154576495075e+02 8.777433638128758275e+02
4.070439532424311437e+02 4.440260537251551227e+02 4.624642476742333770e+02 4.265201327084875516e+02 3.710453601136284192e+02 3.205896610045210764e+02 2.806636454573453534e+02 3.446523229811434703e+02 3.969576276265765387e+02 4.374717956904396488e+02 4.706588921645791288e+02 4.697977592402171467e+02 4.643259372408016930e+02 5.037546243035963585e+02 5.482453533757047808e+02 6.079440192662128766e+02 6.700321521952644162e+02 7.359247838054836848e+02 7.976436512940800867e+02 8.182322166801741332e+02 7.808083371002300055e+02 7.154834186386973442e+02 6.528282886356823838e+02 5.992426725539130530e+02 5.495993258444055982e+02 5.655042937393262719e+02 5.980499185001536944e+02 6.238193150501771242e+02 6.839637157764220774e+02 7.548114039234875463e+02 8.034113562460040612e+02 7.894677444374873403e+02 8.232567131721420992e+02 8.525532351202124346e+02 8.696633202130655036e+02 8.718265614552013858e+02 8.545557587928078647e+02
4.415369533347031279e+02 4.884201342041905605e+02 5.095840733055014766e+02 4.798915641420321663e+02 4.224812315276077470e+02 3.701600110067424794e+02 3.318042738149910065e+02 2.999457962761144358e+02 3.543880710656055726e+02 3.969985013029539118e+02 4.120398061508068963e+02 4.070548948683366461e+02 4.719087971830343236e+02 5.333284394395400341e+02 5.816745423920615394e+02 6.137760062769237948e+02 6.630570688472990923e+02 7.217700865826980134e+02 7.848714346794823769e+02 8.315335153592269535e+02 8.135721967959665335e+02 7.566549361646563057e+02 6.986484109456274609e+02 6.400649816230045417e+02 5.914513994245870663e+02 6.090739353962329687e+02 6.493866384716792481e+02 6.848793905841623655e+02 7.267425321887384371e+02 7.888026668008554907e+02 8.470470429874477531e+02 8.577591991167612377e+02 8.815548319797211434e+02 8.905160222357669682e+02 8.738197412723624211e+02 8.412630622669637432e+02 7.950241650950674739e+02
4.308053217256511971e+02 4.956440276112287506e+02 5.464383940363755983e+02 5.268683285022037808e+02 4.716436684366155987e+02 4.200160295131131534e+02 3.798408332280093305e+02 3.514800605733772159e+02 3.152152317010060756e+02 3.321026404397920828e+02 3.517106343027106163e+02 4.162229974195623754e+02 4.706678063787514361e+02 5.188299920654415018e+02 5.648351096186431732e+02 6.077889919622590469e+02 6.445268434842294027e+02 7.057430860104316253e+02 7.726023543630676613e+02 8.304456341427398911e+02 8.399049043744680603e+02 8.045914069956738786e+02 7.441717242792979050e+02 6.869206288630555264e+02 6.424823403995412718e+02 6.643808297844559547e+02 7.096011095553224095e+02 7.489739331962651931e+02 7.879300845222147700e+02 8.337844634336584022e+02 8.866954277196817884e+02 9.079038596591861960e+02 9.030104256166877121e+02 8.764489736711108208e+02 8.382423029852658374e+02 7.854672086741156818e+02 7.369864955331585179e+02
4.745876098163587926e+02 5.351521424037892984e+02 5.807702921884826992e+02 5.707148373491731945e+02 5.194196131625493535e+02 4.703398005795691006e+02 4.353194740496376767e+02 3.950213803400957318e+02 3.306868653713980279e+02 3.869669247676038140e+02 4.098576631455000552e+02 3.828986782787111451e+02 4.195178870057868039e+02 4.623872595414016473e+02 5.102288396746373564e+02 5.620785227948788361e+02 6.261174551498518213e+02 6.930124843439193683e+02 7.612864795535238045e+02 8.152939200511754052e+02 8.500787087113260441e+02 8.404747210481616548e+02 7.926169640669240835e+02 7.460447381553905188e+02 7.058393316979818337e+02 7.314389143861754974e+02 7.764498749018177932e+02 8.128791901469719505e+02 8.467442166579388640e+02 8.821472610068600488e+02 9.124518272368147791e+02 9.102936948001059818e+02 8.777548028777808895e+02 8.268630595149058991e+02 7.800481668665546522e+02 7.323144031626994774e+02 6.807818345666131563e+02
4.844384854279177262e+02 5.507798017329057529e+02 6.118127838939982439e+02 6.114464175862414095e+02 5.641078291322845644e+02 5.226731778515867290e+02 4.721478922142757710e+02 4.097759082629082741e+02 3.466694913458588871e+02 4.104649729271678780e+02 4.558645244997098303e+02 4.390791693429924862e+02 4.169714860696236656e+02 4.728430378801449478e+02 5.276084915952739038e+02 5.733037802955079769e+02 6.210354362416179583e+02 6.709153418403601563e+02 7.172420923462582323e+02 7.739389355039626253e+02 8.362611418258836693e+02 8.673538650525356388e+02 8.482219185731576090e+02 8.040856926572322436e+02 7.851636947287568091e+02 8.030139842578923890e+02 8.211363196064620524e+02 8.393946672111742373e+02 8.582960120999490528e+02 8.861618282395476172e+02 9.049338807460363796e+02 8.807856611809526157e+02 8.283219517623872434e+02 7.769294746030041097e+02 7.243432092804270042e+02 6.789854329818642782e+02 6.349949679424463511e+02
