output/field_example_test/elevation_000035.asc
nrows	150
cellsize	66.66666667
xllcorner	0
ncols	150
yllcorner	0
NODATA_value	-9999
[rows 34 to 50 of 150, columns 0 to 36 of 150]
7.121775659861302862e-04 6.793489375685862797e+01 9.989355976835273054e+01 8.528794040246368979e+01 7.951116558271701251e+01 7.924079746975060345e+01 1.285854152314972794e+02 1.774075219508184489e+02 1.791421825080574308e+02 1.450678686837138969e+02 9.771665994509199038e+01 1.057201498342054578e+02 5.684131641267778434e+01 1.143732687704107747e+02 1.189761039807618630e+02 7.036450942749192450e+01 1.217577656185168564e+02 1.475142291875339424e+02 1.412608251632332497e+02 1.360300490362615733e+02 1.777583797837264683e+02 1.658893501721540531e+02 1.175298827110762971e+02 1.267509597825638110e+02 1.380619295273748719e+02 2.040597720976254834e+02 2.581255813233183858e+02 3.134333303898617942e+02 3.713011734785528688e+02 4.130313555397941627e+02 4.455196190338886595e+02 4.721188181866143054e+02 4.946441499564522815e+02 5.202619289355186538e+02 5.357307354411934739e+02 5.475980070244779654e+02 5.445018048910054631e+02
8.690999111148535342e-05 5.807757286567169075e+01 6.241765178534770087e+01 1.407809036486058396e+01 1.734012471368505359e+01 2.109066618206107790e+01 8.070313258495681907e+01 1.227444287526110003e+02 1.100461459681424401e+02 1.013111224927148157e+02 4.727690461199975402e+01 5.094478300587181963e+01 1.108136294935881239e+02 1.572757878327651042e+02 1.578581233195995139e+02 1.017205520320794676e+02 1.531968603876943860e+02 2.022817352069255890e+02 2.047022628878767136e+02 1.932320937700785350e+02 2.249223178279677313e+02 2.041366470509365172e+02 1.403123482023502220e+02 1.865729669013531122e+02 1.973201475483152763e+02 1.555253147601416117e+02 2.137738724232987124e+02 2.697772666325177511e+02 3.207846962349145201e+02 3.650725099835325977e+02 4.081298360045951767e+02 4.421045477522604870e+02 4.750100183822103190e+02 5.084079364984488620e+02 5.417428063055511984e+02 5.762439608867031211e+02 6.008692872237934353e+02
1.037417951141603092e-03 3.984771175442409685e+01 8.838669194391902906e+00 6.275072285485934742e+01 8.778291190491724194e+01 8.206407384475826916e+01 2.711448364312331094e+01 7.482490353010993545e+01 3.856453016743801498e+01 4.220888906824821163e+01 9.774717451377220812e+01 1.052683255465565964e+02 1.553215495565528954e+02 2.029368231502704134e+02 1.965548362188590659e+02 1.368111448541335164e+02 1.887760607652309943e+02 2.399726223088820234e+02 2.687429882019475826e+02 2.564757707953313002e+02 2.721869269712346409e+02 2.303944558804334122e+02 1.651408417330748648e+02 2.212518995914222728e+02 2.481739332376493223e+02 2.251475470400088739e+02 1.726257741052477002e+02 2.265895762070434500e+02 2.680634371743462339e+02 3.135394718397724318e+02 3.368485388796960365e+02 3.748237023656451470e+02 4.111938446668673919e+02 4.497638626050281800e+02 4.942173662999458088e+02 5.519776352116443832e+02 6.036791060146807695e+02
9.583065128124913876e-04 3.354006910375544770e+00 5.709932529735417717e+01 1.051068723370974709e+02 1.451963893563623174e+02 1.344562745207325634e+02 8.905552957450348117e+01 3.337826950461182207e+01 9.372009811741489216e+01 9.564070772908071660e+01 1.299227052183436228e+02 1.656383588216405940e+02 2.082888872871744752e+02 2.505217052642304907e+02 2.389000860010707754e+02 1.770649516136012664e+02 2.338967718506246172e+02 2.804036358740626156e+02 3.235048686059142824e+02 3.184847667276113725e+02 3.149550687844239292e+02 2.654013497769238938e+02 1.925896736159447471e+02 2.543707517331235977e+02 2.969266009971730114e+02 2.787640914822782179e+02 2.319648242110745286e+02 1.859062419840484779e+02 2.119735978794083167e+02 2.420904864147122737e+02 2.743180889264123152e+02 3.094645623759117825e+02 3.472418336139061807e+02 3.884096409293530314e+02 4.413677073629567644e+02 5.008303241866888698e+02 5.672630615365128506e+02
6.724052898605182074e-05 5.814081798921558430e+01 1.008701042791225291e+02 1.498931708098529327e+02 1.917485875558608939e+02 1.859213912973998788e+02 1.429690603874594501e+02 1.083614200840169559e+02 1.485074727334858835e+02 1.621898015033823981e+02 1.954167601521554616e+02 2.245930255170148087e+02 2.648384950412919352e+02 3.025317987554522574e+02 2.887771194989558694e+02 2.356513613922977015e+02 2.409651877548546963e+02 3.111285891994239137e+02 3.688090131115887402e+02 3.759551827452062867e+02 3.422922336359994233e+02 2.766786287324366640e+02 2.217939575007814597e+02 2.865708122919435255e+02 3.357279361979402097e+02 3.233891286980707491e+02 2.663885004910940211e+02 1.975126224825899328e+02 2.476388491471119551e+02 2.915359812670010342e+02 3.305325285130792849e+02 3.685045722642906298e+02 4.054959685771106024e+02 4.393447461384305939e+02 4.551516560288198434e+02 5.096373479035825653e+02 5.714863400908512858e+02
5.271809323556161378e-04 6.634085697879483234e+01 1.347212423202688285e+02 1.913097216909049223e+02 2.288837755086046570e+02 2.282665727408496537e+02 2.031842332842478243e+02 1.829816379601830363e+02 2.025883497810831670e+02 2.315659263816967552e+02 2.634940823839360746e+02 2.939386226864690457e+02 3.202742221402625091e+02 3.546913799378112913e+02 3.447087910263314825e+02 3.001881634224960180e+02 2.907070776257361899e+02 3.508773922287488745e+02 4.110791048869789961e+02 4.233001951096522930e+02 3.752985262940298412e+02 3.120902315107666709e+02 2.541162984410534591e+02 3.195242511156680507e+02 3.704908088857447979e+02 3.594926870670165613e+02 3.087043472855248751e+02 2.591565933958952428e+02 2.154343227562515324e+02 2.807649847188542367e+02 3.318515867381287308e+02 3.785143100226395063e+02 4.186954332066413826e+02 4.558917956173721109e+02 4.910598534963922930e+02 5.234138655224361401e+02 5.771620431280998673e+02
6.341017935509080149e-04 6.338002440504504875e+01 1.336595343561681659e+02 1.986964353744328946e+02 2.395488923409497204e+02 2.375480489142478291e+02 2.113186594257610977e+02 1.821220191808532718e+02 1.999116416790086248e+02 2.538824113369211091e+02 2.915811939964970065e+02 3.216295749066319445e+02 3.593693039337539972e+02 3.953367998792843991e+02 3.988475981186771264e+02 3.718005805899550751e+02 3.511442517665015544e+02 4.018097615534036890e+02 4.559507562749914200e+02 4.641108693687889399e+02 4.114132057187038072e+02 3.474865995001223951e+02 2.900196278283254401e+02 3.556606405770691595e+02 4.035440652181907240e+02 3.845207068549728433e+02 3.209795885788965393e+02 2.586862542023671949e+02 2.694610118134843901e+02 2.326257552443817644e+02 2.929571596611772293e+02 3.358514013237224844e+02 3.726523756929666433e+02 4.123712242349667463e+02 4.626281228733710122e+02 5.091702064598651418e+02 5.616023720373676724e+02
2.963495960579561983e-04 6.806584586860941499e+01 1.371981056170210991e+02 1.792403982296997071e+02 2.098160605767241691e+02 2.096813694960635246e+02 1.578985080779129930e+02 2.109530166880272475e+02 2.450293413017300850e+02 2.299536807756828694e+02 2.494465105188920404e+02 2.747177401540038204e+02 3.455683779922889585e+02 4.003672630745984407e+02 4.377671993020319405e+02 4.401859710600698463e+02 4.225171719080495905e+02 4.606364048167027363e+02 5.055343458282474103e+02 5.061012599258658042e+02 4.506765288097179791e+02 3.869402688963201058e+02 3.309980611507076560e+02 3.990651589296959969e+02 4.392103759933733045e+02 4.089762454536578957e+02 3.432250799044217047e+02 2.891136871280446030e+02 3.033728512767971779e+02 2.520092218267642750e+02 2.494072927118866687e+02 2.786301173788393157e+02 3.140199133230246957e+02 3.546895225699849448e+02 4.010795936028497408e+02 4.517014218705280655e+02 5.058195394519572119e+02
3.729900226939581679e-04 6.626438752561921319e+01 1.226065087490364505e+02 1.293186876941879575e+02 1.515325256253030659e+02 1.662118378815539756e+02 1.367005259147408367e+02 1.945027535799440841e+02 2.639666668529581557e+02 2.948634688918263578e+02 2.989492659401350352e+02 3.297667544699441464e+02 3.143606569573301499e+02 3.738480042281936448e+02 4.373627587274381199e+02 4.794806498300884527e+02 4.943600892530295141e+02 5.193973320570820533e+02 5.554731088820577725e+02 5.497708455852654197e+02 4.945063813216289077e+02 4.327530513140819721e+02 3.778396921647960767e+02 4.485390190347472412e+02 4.780905837381956189e+02 4.347351498824725127e+02 3.742976748885522511e+02 3.216459090039168132e+02 3.310743378396810499e+02 2.753466777741599003e+02 3.030959227636510604e+02 2.697669157906825603e+02 3.299278498931334411e+02 3.833114162190626075e+02 4.336459151251893900e+02 4.777386260304676853e+02 5.205546546205649747e+02
7.474223959858894515e-04 6.525599767319316413e+01 9.373007693179053490e+01 7.001709845805501686e+01 8.821842512566809091e+01 1.083524457448913267e+02 1.607255402020316239e+02 2.324027272716482173e+02 2.805701292834064020e+02 3.415519047592817401e+02 3.619167150754307727e+02 3.768929620894131176e+02 3.816210071564668738e+02 3.550429505803745087e+02 4.148412706487364403e+02 4.708571927175000837e+02 5.109436437790465106e+02 5.553590012317073388e+02 5.931285230429328976e+02 5.917178513084902534e+02 5.444724661874504363e+02 4.906996655636610285e+02 4.315688765557891315e+02 4.964580631319076929e+02 5.150765450237219056e+02 4.654949995170106263e+02 4.056190394843649756e+02 3.565496289897209863e+02 3.587438145606851663e+02 3.013210610904224609e+02 3.487633384035074755e+02 3.373932647164880336e+02 2.928372898342736903e+02 3.604559638709640126e+02 4.053366231254218519e+02 4.348608363345430803e+02 4.709590552748032337e+02
1.003401931288566782e-03 4.989346598968955959e+01 4.394716937943704238e+01 1.056628030014308592e+02 1.517431498057438262e+02 1.709927643444308956e+02 2.110477562231394302e+02 2.545862136802819009e+02 3.192108201363952276e+02 3.745232305768266770e+02 4.211371437897499845e+02 4.362943948550258710e+02 4.434745574435703475e+02 4.160683173087989530e+02 3.932550510705690385e+02 4.237409237965690636e+02 4.778604856463061310e+02 5.400594839615786213e+02 5.996962482891874515e+02 6.265528314029221519e+02 6.042390292220920855e+02 5.510988461130027645e+02 4.941217281452952079e+02 5.488871881942562823e+02 5.516733982434286645e+02 4.962094276697864075e+02 4.367436139846365108e+02 3.950968707910175794e+02 3.850782842941997615e+02 3.291844455307551129e+02 3.870918356696836895e+02 3.894948018564618906e+02 3.524811946538606549e+02 3.113725092966224679e+02 3.413523236860855832e+02 3.741267648812392963e+02 4.103592282651032406e+02
5.215015373671257927e-04 1.656666214940522508e+01 8.353803169097855630e+01 1.397975383115806665e+02 1.905589111908846860e+02 2.285922614559703732e+02 2.647781163310062880e+02 3.065680656504558783e+02 3.560494396241862773e+02 4.091461619426249854e+02 4.562236114669353242e+02 4.874359253965210996e+02 4.953888412688112908e+02 4.662174566767256465e+02 4.490605378802113705e+02 4.781997278942133107e+02 4.686628567717708052e+02 5.292624659125888229e+02 5.930547136709551523e+02 6.466747365284842317e+02 6.520952162216481156e+02 6.155280846765258502e+02 5.676963834430210909e+02 6.063789379247710940e+02 5.879763135954077597e+02 5.259068526971424262e+02 4.734740583599884758e+02 4.360054670040574365e+02 3.961456891258470705e+02 3.588747816910614574e+02 4.216177474553722391e+02 4.331236933094446613e+02 3.921736873666552583e+02 3.256273099656090153e+02 3.881900286550340979e+02 4.265729407758703360e+02 4.640843849481038887e+02
5.362004194064120752e-04 4.745346155112563480e+01 8.562896265018497388e+01 1.327317483870661476e+02 1.842525158915364045e+02 2.271264804841117666e+02 2.647761011097546771e+02 3.042194267529307581e+02 3.483636768153182857e+02 3.966255515000078162e+02 4.465855463939558945e+02 4.946842700808010704e+02 5.290049353589996599e+02 5.229933850215829807e+02 5.115970485692866419e+02 5.301470294221661561e+02 5.023729250648764832e+02 5.440099800720100802e+02 5.994706206025779238e+02 6.554474043542379604e+02 6.881340032542092331e+02 6.829681538909231904e+02 6.485520537412281783e+02 6.666251691656282219e+02 6.225170994586144388e+02 5.626701486665875791e+02 5.110069348501093032e+02 4.661334284771016883e+02 4.270981304487399939e+02 3.922678089078222570e+02 4.547349909912219346e+02 4.643846894255372035e+02 4.069249601107305239e+02 3.418444720859941413e+02 4.026010972638970884e+02 4.562982999855983621e+02 5.044951748169355596e+02
7.765128874837588270e-04 9.880406256838387691e+00 2.322105369548477327e+01 8.799720481844707365e+01 1.394858885506237982e+02 1.747700083029629354e+02 2.092138229378774099e+02 2.484125963076374148e+02 2.926618273294151891e+02 3.424829347087009523e+02 3.993920093823858792e+02 4.688926420030858822e+02 5.276727993969565205e+02 5.672388054375729780e+02 5.710175796391149561e+02 5.827499011828922448e+02 5.596703399574790865e+02 5.564961455776031016e+02 5.947156609393598501e+02 6.407897881351902925e+02 6.911209279109153840e+02 7.300015185626016319e+02 7.240227849958140496e+02 7.195368230081646743e+02 6.638709919131568995e+02 6.019681448376935577e+02 5.478893804913689110e+02 5.037271113774442028e+02 4.635741802434251895e+02 4.312495399903243083e+02 4.912725622586000327e+02 4.986075261339515237e+02 4.472189959988232886e+02 3.990458584333316594e+02 3.649205577549981854e+02 4.381265236931421327e+02 4.893230645485254513e+02
7.453121899500275314e-04 5.396600985557014951e+01 7.558402071618687046e+01 4.399769796772365993e+01 1.040085387523822931e+02 1.101374479841766458e+02 1.470360572500235889e+02 1.889132322191033211e+02 2.359906147390948092e+02 2.896242134290910712e+02 3.527182042501707429e+02 4.266410013466239661e+02 5.050125984791369547e+02 5.723644268457047701e+02 6.113651496235174818e+02 6.241293568792846145e+02 6.198499922192643226e+02 6.217118453094508368e+02 6.368603875394455827e+02 6.767770428223683439e+02 7.200782084786875430e+02 7.614058243431462643e+02 7.833049389436619094e+02 7.652092062867419600e+02 7.065714934911538876e+02 6.448453997436574809e+02 5.933365893437492105e+02 5.458834267627942154e+02 5.082925415131005025e+02 4.796357345958925293e+02 5.339956418917088286e+02 5.385047060462626405e+02 4.917464110912553679e+02 4.400435174627097012e+02 3.792637634851265602e+02 4.014764797475781961e+02 4.317577189771905068e+02
7.383993904984666136e-04 6.214640677947016201e+01 1.104330006878089137e+02 1.022324172621881786e+02 6.282815289162233086e+01 1.283957724616355449e+02 1.933276833569912014e+02 2.457754858858489229e+02 2.937847118825800976e+02 3.414043565901256443e+02 3.927026191081929483e+02 4.489734293331685535e+02 5.083424836428491744e+02 5.593874946917127318e+02 5.976769470347859396e+02 6.141091173457274408e+02 6.338658727301691442e+02 6.569534251097740025e+02 6.826160241057384610e+02 7.141756418380813329e+02 7.526481350275848854e+02 7.913102944192685300e+02 8.182257083166604161e+02 8.034610567651700421e+02 7.519850514558232817e+02 6.981616858345468017e+02 6.428240670626146311e+02 5.972920789194812414e+02 5.533877440128200078e+02 5.525479832921259913e+02 5.834847303759768238e+02 5.765959728962908457e+02 5.304516158189231874e+02 4.687978349710398334e+02 3.959821204810255040e+02 4.436530850506406978e+02 4.754273066898467164e+02
3.567392915062994737e-04 6.618574139546899460e+01 1.249752056513872134e+02 1.294641699893539624e+02 7.518768477096915603e+01 1.359208969043449997e+02 1.992575197359913091e+02 2.611771735061082040e+02 3.121317954022732692e+02 3.498196543802080214e+02 3.851734861533635694e+02 4.182577394708016527e+02 4.637396817992211027e+02 5.099175389418956001e+02 5.484455531014762073e+02 5.456737370682723167e+02 5.817713153837735263e+02 6.242439008776567562e+02 6.599881249831681771e+02 6.972443203037163357e+02 7.370001357564295859e+02 7.775451936156326838e+02 8.139942571214016880e+02 8.275574531678814765e+02 8.020808809030481825e+02 7.513817812884753948e+02 7.024124540152097325e+02 6.538012966786558309e+02 6.208087019263921320e+02 6.283340954722038987e+02 6.281555075920213085e+02 5.942865494356813088e+02 5.315636231355701966e+02 4.680990034539481712e+02 4.130310045890070683e+02 4.751335217148841252e+02 5.244835073018427920e+02
