output/field_example_test/elevation_000061.asc
nrows	150
cellsize	66.66666667
xllcorner	0
ncols	150
yllcorner	0
NODATA_value	-9999
[rows 85 to 101 of 150, columns 111 to 147 of 150]
8.820628281872087655e+02 8.804958320546999175e+02 9.143417490986633993e+02 9.544890240569985735e+02 9.987379993633657023e+02 1.041697622534967422e+03 1.037764968653709047e+03 1.024322222485747716e+03 9.770149758854033735e+02 9.792074344961627048e+02 9.786761414010807130e+02 1.026983724596605043e+03 1.077579311352654940e+03 1.085072758428312682e+03 1.043141232110255487e+03 9.980845499666381784e+02 1.020062010795537162e+03 1.083462600129855218e+03 1.086633252701276206e+03 1.039307356541169611e+03 1.078180046892198561e+03 1.059617761363427007e+03 9.955890916071548418e+02 1.053418337936817807e+03 1.098512587190971090e+03 1.075368507394127846e+03 1.006549010181001563e+03 1.033814054815953341e+03 1.063448364546629136e+03 1.098548037242345799e+03 1.145685873033273538e+03 1.199012213625564073e+03 1.261331662398288927e+03 1.323169948272372039e+03 1.335086783655837053e+03 1.293207415519677170e+03 1.238963823651896519e+03
9.310042717384339994e+02 9.495167033131592689e+02 9.772918907076185633e+02 1.010580300199699195e+03 1.048105285514256593e+03 1.083531919279583235e+03 1.096663316967688388e+03 1.083599670598228840e+03 1.048067786391146228e+03 1.048681062574201405e+03 1.049930800150276582e+03 1.085097972981636531e+03 1.128248749983262087e+03 1.137278915732862288e+03 1.102826948737363637e+03 1.067409559698240400e+03 1.079942493890521519e+03 1.131238992157702569e+03 1.139460172733378386e+03 1.097758689532593962e+03 1.127656492713648277e+03 1.098826866706222972e+03 1.034028858672564184e+03 1.090178481926438735e+03 1.134608593599062488e+03 1.112086910630576313e+03 1.046096863395624496e+03 1.071154186590516929e+03 1.100955002062360791e+03 1.133808029819618696e+03 1.174220776516305250e+03 1.231240596646549648e+03 1.296366055390084057e+03 1.359170567681279408e+03 1.376196684878556198e+03 1.332755831879224843e+03 1.277487987312793621e+03
9.214997934324104563e+02 9.633789780474116924e+02 9.879799080240147759e+02 1.015101894387127686e+03 1.049490587645166443e+03 1.088338934996741045e+03 1.120863749791026976e+03 1.128850130500567502e+03 1.117147569154878056e+03 1.114925141700359063e+03 1.121958089170467474e+03 1.144740886646213085e+03 1.170970568540490603e+03 1.183432553554082460e+03 1.170502185817543250e+03 1.146042089090084801e+03 1.151275420535916737e+03 1.190405875827980026e+03 1.198976351687547776e+03 1.165568670824055971e+03 1.180261933611255245e+03 1.134002948895283453e+03 1.076483727757126417e+03 1.130640877928862210e+03 1.174558529564688797e+03 1.154681734971439710e+03 1.101833298151074814e+03 1.106934272226183339e+03 1.144532538192126367e+03 1.178170793706273116e+03 1.215256276729931187e+03 1.262446251662176337e+03 1.329798022821649283e+03 1.395290428730466147e+03 1.416558286243384373e+03 1.374930759237853636e+03 1.321617727989116020e+03
8.861300364736732718e+02 9.272938132860465430e+02 9.315691719538322104e+02 9.542936916457680354e+02 9.979917088990815728e+02 1.045964373130205786e+03 1.099914673052966009e+03 1.130264350517255707e+03 1.130937736936818055e+03 1.121903345374527134e+03 1.136792689551936064e+03 1.152106601896216716e+03 1.169266968413606264e+03 1.191267813731089518e+03 1.209553139522550509e+03 1.211576530158715968e+03 1.223601437105186733e+03 1.247699929053173491e+03 1.258352326239024706e+03 1.238045927747633186e+03 1.232096837539541411e+03 1.180399029939215779e+03 1.125958188001747885e+03 1.176321715005627766e+03 1.218546256366566240e+03 1.195847846441125967e+03 1.169936869665911672e+03 1.163602972432051502e+03 1.197657320718140681e+03 1.232713249139866548e+03 1.268681455239018305e+03 1.310183072029905134e+03 1.362948808201900420e+03 1.431112511420729561e+03 1.459451559526292840e+03 1.424998910170513909e+03 1.380918406156989249e+03
8.595213931653476038e+02 8.679157267188695641e+02 8.595176822407813688e+02 8.963280404855701136e+02 9.446817695179177008e+02 9.995109589638765328e+02 1.059595864055417678e+03 1.087234727447481418e+03 1.085445396607380189e+03 1.055372333608255531e+03 1.088345843180028623e+03 1.094628482790542648e+03 1.106927450534894660e+03 1.143020207355390767e+03 1.186413049107728284e+03 1.216046906588974480e+03 1.242852818592031099e+03 1.271300180222401423e+03 1.297733088107864205e+03 1.299864430704504002e+03 1.284289487920191959e+03 1.235336391469871387e+03 1.186749009231084983e+03 1.229899349083097150e+03 1.271392942189158020e+03 1.262659530719430904e+03 1.245066961682139663e+03 1.237376791955340650e+03 1.266241306198333177e+03 1.298191019136955447e+03 1.332648070239170920e+03 1.370743076474429017e+03 1.414905368303726391e+03 1.464740476243016246e+03 1.505525036045170737e+03 1.489699906031965156e+03 1.448651044731163438e+03
8.111641849156708304e+02 8.062917231380400835e+02 8.021800728352453689e+02 8.494957625724121044e+02 9.094563701948175094e+02 9.883287517259476544e+02 1.029459282210068068e+03 1.022051426814314937e+03 1.025004687810653650e+03 9.852916599349922535e+02 1.026396157929168794e+03 1.026248761879506901e+03 1.041228326595338785e+03 1.090125199876223178e+03 1.129749365762595517e+03 1.165596924346686819e+03 1.193242519457039634e+03 1.230534329109537794e+03 1.283659233698663456e+03 1.322820879790738900e+03 1.330541186183957279e+03 1.303799041808900029e+03 1.262381204528755234e+03 1.290969895451224374e+03 1.325908902207677784e+03 1.330158615896837773e+03 1.319551201722213818e+03 1.315748851269293255e+03 1.335645860408777708e+03 1.361948979252973231e+03 1.392876756315969487e+03 1.428286339286462862e+03 1.468181063064413593e+03 1.510068898969127076e+03 1.544411738029856679e+03 1.545427634029074397e+03 1.523520201630666406e+03
7.499032843019916754e+02 7.472526751835821415e+02 8.151533933467151201e+02 8.846941708502806705e+02 9.421938484881567319e+02 9.835871927141719198e+02 9.831824107236176360e+02 9.497786408982277635e+02 9.643608024897537234e+02 9.245051284561313878e+02 9.642865545870059805e+02 9.612863535641284898e+02 9.985936580039559658e+02 1.033955448976445950e+03 1.070629200603861364e+03 1.115891573513469439e+03 1.126231798649645498e+03 1.180306900618646523e+03 1.243665817344297466e+03 1.311987304160169060e+03 1.362837054857500789e+03 1.361403642433386949e+03 1.343951268708450698e+03 1.351940203877597469e+03 1.363538928692598120e+03 1.364361902000674036e+03 1.349425918576333743e+03 1.338376859478079268e+03 1.353435991115219849e+03 1.373190527738014680e+03 1.399661101905897794e+03 1.433379510106676662e+03 1.473383744262041546e+03 1.514479501892675444e+03 1.551933178489800866e+03 1.577305431012154258e+03 1.582840732051592795e+03
6.958031257926459148e+02 7.547088599849467982e+02 8.205990412546126436e+02 8.868083267145931359e+02 9.399960443524003040e+02 9.501515357637437091e+02 9.276986581892600725e+02 8.820495961312034296e+02 9.049332831844672000e+02 8.737435087361734531e+02 8.967958242874591406e+02 9.215047748091409403e+02 9.496282256062036140e+02 9.813307748169806928e+02 1.016797161786132506e+03 1.056766370170752680e+03 1.108685667265027178e+03 1.168877013957730014e+03 1.238289110517239124e+03 1.313616553397794632e+03 1.374597243848068047e+03 1.390607902159154719e+03 1.372772899306416093e+03 1.354967911417446658e+03 1.339813684062390394e+03 1.330611645224095810e+03 1.302848462756637673e+03 1.277271497736207721e+03 1.299010020958185351e+03 1.315311230243505406e+03 1.339771232622401840e+03 1.382095311966097142e+03 1.424972898353102892e+03 1.468143341134234333e+03 1.511158291183962547e+03 1.550160406406328093e+03 1.578306804683437804e+03
7.634314013476264336e+02 8.021688351413570217e+02 8.466513347979528135e+02 8.925124707577990648e+02 9.114781795766473351e+02 8.961933420541462283e+02 8.594478584919693276e+02 8.206068951209375655e+02 8.430739324746534749e+02 9.006799692513629907e+02 9.462320709827765768e+02 9.784328338913690004e+02 1.009128661762982233e+03 1.046596542209168092e+03 1.083333391197088304e+03 1.121520211850034457e+03 1.165470067768998433e+03 1.218502897666285435e+03 1.284511727054878293e+03 1.339262029028290272e+03 1.373517324751519254e+03 1.367324375848725822e+03 1.331596227829443023e+03 1.298139272873126174e+03 1.268151220019776247e+03 1.264787786562850670e+03 1.250417088354752423e+03 1.205322005943721933e+03 1.240667120978473349e+03 1.246109148463378688e+03 1.283809598112608228e+03 1.327714116697037070e+03 1.372204005808733655e+03 1.415942447325664489e+03 1.467303897973560879e+03 1.483892580280776428e+03 1.523834304052293419e+03
7.862157498759872851e+02 8.071603283237822097e+02 8.194921812573452371e+02 8.534568704293943711e+02 8.580060292503171695e+02 8.265727993574574839e+02 7.902088054042142176e+02 8.568000236138784658e+02 9.047949300073254335e+02 9.393387634757636988e+02 9.923966330883640694e+02 1.036841932659147460e+03 1.072695800425078005e+03 1.108100639328173656e+03 1.151384940554755076e+03 1.187506328362414479e+03 1.226063749392373666e+03 1.269694319251980005e+03 1.314976646320681084e+03 1.343026650408138721e+03 1.329679165690834907e+03 1.315978625860807369e+03 1.280881640710337251e+03 1.236498959433893788e+03 1.199043524690662480e+03 1.199211371056816688e+03 1.188458153555726767e+03 1.147417376758741284e+03 1.169503734266306537e+03 1.193067371469705904e+03 1.238138769053490705e+03 1.287124838872264036e+03 1.326405457125198382e+03 1.370425547689423183e+03 1.411556123386382524e+03 1.417214660293698216e+03 1.473106412177214679e+03
7.557237981383384522e+02 7.529410047377730280e+02 7.558630541428784682e+02 7.979041277951223492e+02 7.973324187355071899e+02 7.578072766836388610e+02 8.058819460800281149e+02 8.620945113017018002e+02 9.232567467422062464e+02 9.860010566116468453e+02 1.034901135715815371e+03 1.089929885481447400e+03 1.128211178897507125e+03 1.160200565025644664e+03 1.188221964827628199e+03 1.212033973311566797e+03 1.242949777669185323e+03 1.280264662446822740e+03 1.315585042372387534e+03 1.318880035790841248e+03 1.267763647142957780e+03 1.244206685697955209e+03 1.229422296416528752e+03 1.187650174965959877e+03 1.143980140095944762e+03 1.147400628500962284e+03 1.115992663812372484e+03 1.179947261579457518e+03 1.230185462057444738e+03 1.251813505881843184e+03 1.229263462083031072e+03 1.253233729586851723e+03 1.281020286992773208e+03 1.312098529067207664e+03 1.347316554328858274e+03 1.405802701660300045e+03 1.469243324069305345e+03
7.151206063675568885e+02 6.857152482758607448e+02 6.925527140160805857e+02 7.471782234359396853e+02 7.288778935562428387e+02 7.653070247855504249e+02 8.077121817671527424e+02 8.585322158605093819e+02 9.201305583936715493e+02 9.913129895938180880e+02 1.064701452891717963e+03 1.113788042878488568e+03 1.137583757633891310e+03 1.159785243620813162e+03 1.165050303161332749e+03 1.159353042552193983e+03 1.192858939476424894e+03 1.236241585547427576e+03 1.283184857607051526e+03 1.289597312760051409e+03 1.234299198421956362e+03 1.170317940493930564e+03 1.159858072124769251e+03 1.146520103690740825e+03 1.102791235673249048e+03 1.080854750198496504e+03 1.153076869385677128e+03 1.212036487595098606e+03 1.261225471491226472e+03 1.293618129977834087e+03 1.299146121489494135e+03 1.315955967538629011e+03 1.344544315788898302e+03 1.377731365185298955e+03 1.382765658457240988e+03 1.414576410410033759e+03 1.477717492232450695e+03
6.763201297891008608e+02 7.353665822380596637e+02 7.428802910526786718e+02 7.021564791984275189e+02 7.679966896455821370e+02 8.206161737111219736e+02 8.613375698753274037e+02 9.089922683416763221e+02 9.633278534255221075e+02 1.028923924138757911e+03 1.079377720373709280e+03 1.097426407599552249e+03 1.082300962186968263e+03 1.109326015141490871e+03 1.100427784654200423e+03 1.092041147656718977e+03 1.134100575694910276e+03 1.191827087962466294e+03 1.238867562999853817e+03 1.255797064210676808e+03 1.225543107165734000e+03 1.159345391476005943e+03 1.090447022706740654e+03 1.089249883765633967e+03 1.049515178210867589e+03 1.110008844260804381e+03 1.162269185024306125e+03 1.206357965468307839e+03 1.246055067720676561e+03 1.281551890657039849e+03 1.313125483585615939e+03 1.350159577402715286e+03 1.390592908824796268e+03 1.424676212906505498e+03 1.439147208837409380e+03 1.466678856528365031e+03 1.498168823838638218e+03
7.374286552995571355e+02 7.758785469217251602e+02 7.678564171020021831e+02 7.085681783146580983e+02 7.697288675052551525e+02 8.357767649640587706e+02 9.021484969178609390e+02 9.546672025551702063e+02 1.002368420713857631e+03 1.047495954169027073e+03 1.070563028412140284e+03 1.054077669137875773e+03 1.013433074697864299e+03 1.047094366391765107e+03 1.031518298233325822e+03 1.034595704438950861e+03 1.092070393867592657e+03 1.157735860685678063e+03 1.173440057516377692e+03 1.207303686770721924e+03 1.202650767814976916e+03 1.147274439231966880e+03 1.082893470259282594e+03 1.021998799113948280e+03 1.054277543115688331e+03 1.088866707433066040e+03 1.116769833022026205e+03 1.150770023731543461e+03 1.186751404553494467e+03 1.224567441229768065e+03 1.266263277063069154e+03 1.320699102073213226e+03 1.373026573294894206e+03 1.427024484076864383e+03 1.478990837980827337e+03 1.518925610263849421e+03 1.556126413811090742e+03
8.023685905747978495e+02 8.190080990392240210e+02 7.837846945349535872e+02 7.152175255939190492e+02 7.753638365754328561e+02 8.408439809495281452e+02 9.069921843280329767e+02 9.547795612841673574e+02 9.936511083966859132e+02 1.028150598290579637e+03 1.032050511030965708e+03 9.952461963778371228e+02 9.504970213056748207e+02 9.871426820547275156e+02 9.654183983372453213e+02 1.003766792233933188e+03 1.078707320840426519e+03 1.122737884221464583e+03 1.108454872812070334e+03 1.152726908821043708e+03 1.164370333950957956e+03 1.130944623113695570e+03 1.079959789330112471e+03 1.032791397074792030e+03 9.955636287603807659e+02 1.024002042641579010e+03 1.054457316389370362e+03 1.087736268238836374e+03 1.124151782647551727e+03 1.164316438156577533e+03 1.209542407256159322e+03 1.261639443630100686e+03 1.322323247081171985e+03 1.392933451257162915e+03 1.472864177862154975e+03 1.543943672939453108e+03 1.596136030621702503e+03
8.651887676354890573e+02 8.513118853857552040e+02 7.864893071319273758e+02 7.229327426475332459e+02 7.818520670564630564e+02 8.342840693244440899e+02 8.800452681401548034e+02 8.987159638714709899e+02 9.406074864057900413e+02 9.829626368196539943e+02 9.803304748829159507e+02 9.420918396888004054e+02 8.967762343822051889e+02 9.320766091146379040e+02 9.234936895992228756e+02 9.941774102422473334e+02 1.059127577417082648e+03 1.078860248839247333e+03 1.045457101002719810e+03 1.095000753058099917e+03 1.108459644155052047e+03 1.082799476811973818e+03 1.036654097227196189e+03 9.734327670710458733e+02 1.032341275080995274e+03 1.078741170683005294e+03 1.111885218621681588e+03 1.147919047631945659e+03 1.184739651521034148e+03 1.223531797891576844e+03 1.265805651131437344e+03 1.313204156845896705e+03 1.367823122791641481e+03 1.435279852173577183e+03 1.494901555524714922e+03 1.544998836611534443e+03 1.583891648617655846e+03
9.222715782376518519e+02 8.824462296541232718e+02 8.280952150418784186e+02 7.814879486357124279e+02 7.339670881615477356e+02 7.913350380915225060e+02 8.249699647536907605e+02 8.349377517247426113e+02 8.954990648111279370e+02 9.262367154353787555e+02 9.201308150524943130e+02 8.809925505284491010e+02 8.522311051349100808e+02 8.678683369204629798e+02 9.336123943406644230e+02 9.902640983837430895e+02 1.032838298021853461e+03 1.034318638442302017e+03 9.887944552819762976e+02 1.036467682756634076e+03 1.041990703875251256e+03 1.037460258942623568e+03 9.947319881625300013e+02 9.578070217176392589e+02 1.020750086104470142e+03 1.085720483093275561e+03 1.148470811633150788e+03 1.197626784823763273e+03 1.238914319939408188e+03 1.278344423296746982e+03 1.319147615156545044e+03 1.362969979067931035e+03 1.409642574502466687e+03 1.455638421575195480e+03 1.485128917805661786e+03 1.490235828767799376e+03 1.525915432887804855e+03
