output/field_example_test/elevation_000065.asc
nrows	150
cellsize	66.66666667
xllcorner	0
ncols	150
yllcorner	0
NODATA_value	-9999
[rows 119 to 135 of 150, columns 111 to 147 of 150]
9.254487832549243649e+02 9.659670642009940593e+02 1.012988894515763604e+03 1.060070014486671880e+03 1.112401261836293997e+03 1.161708488709200310e+03 1.211164183837174733e+03 1.230448535591147447e+03 1.185162778262648771e+03 1.127891505095858975e+03 1.070102980307268808e+03 1.020741853649648988e+03 9.732703209171680783e+02 9.251146317305655202e+02 9.805685075804401549e+02 1.015354625591465265e+03 1.004931336280955293e+03 9.891623787930528806e+02 1.056265731015258780e+03 1.131607169532434455e+03 1.206911581566566610e+03 1.237612725930458282e+03 1.194827473072028624e+03 1.134522983896403730e+03 1.076681350631374244e+03 1.026988623678947761e+03 1.066013565277861289e+03 1.106006436956750122e+03 1.150987549430880108e+03 1.197885665953293710e+03 1.253505133253992426e+03 1.313564426523908423e+03 1.356732983610796737e+03 1.332436548686693413e+03 1.272698175434761424e+03 1.252560182350830473e+03 1.260061752976831258e+03
8.867249683540090928e+02 9.288415939664417920e+02 9.710385249296033408e+02 1.015874945507304119e+03 1.059036000804353307e+03 1.109575127603228111e+03 1.157193293866797376e+03 1.192627156635798656e+03 1.157717679531081103e+03 1.082115110495935141e+03 1.027751830406348517e+03 9.778086321517417900e+02 9.337712823908454993e+02 8.903418488683449823e+02 9.459507648879280168e+02 9.520088661855135115e+02 9.377852154828674429e+02 9.919243032770910986e+02 1.055743819912706385e+03 1.128088709024977788e+03 1.195934678527397864e+03 1.211648505429353008e+03 1.165341053464662536e+03 1.106958353154070210e+03 1.050669992747123615e+03 1.000216416586596097e+03 1.037557238226141635e+03 1.078146978632407581e+03 1.119569740208322173e+03 1.167005893439778674e+03 1.222236027391566495e+03 1.282113127608646437e+03 1.314248866592565264e+03 1.285124670729409672e+03 1.223128678046615278e+03 1.203214237665008341e+03 1.266629734702031556e+03
8.561448329486277089e+02 8.957969221799363595e+02 9.359415464271055498e+02 9.702411966174699955e+02 1.011257081949440362e+03 1.057870938614598344e+03 1.114402783530846591e+03 1.158946125221452348e+03 1.134821325110052157e+03 1.067213178554806973e+03 9.865306895644586120e+02 9.430433208930511455e+02 9.003805896591419469e+02 8.598549518155829219e+02 9.029267007210693237e+02 8.902304977536293791e+02 9.403032842700757783e+02 9.972697624304811370e+02 1.062309343590500703e+03 1.132493053370014422e+03 1.189454315485091911e+03 1.183710519743093073e+03 1.131316442481904005e+03 1.076555124489779473e+03 1.025718881499774398e+03 9.766683364040419519e+02 1.013944839011875729e+03 1.051695233535166381e+03 1.092981528516940671e+03 1.135274747837661153e+03 1.195957555206435472e+03 1.257892923973432062e+03 1.269339434839095247e+03 1.233621073865927428e+03 1.179083927210485399e+03 1.169812260425018849e+03 1.233582363599656446e+03
8.290412539504646929e+02 8.704819065530755324e+02 8.956879275399217022e+02 9.259419441416637255e+02 9.645309720405523422e+02 1.017460085954523038e+03 1.079071436728646404e+03 1.129459060114226986e+03 1.109978449234826030e+03 1.036767052404927881e+03 9.664049311022378106e+02 9.060791870726060324e+02 8.729885371230460578e+02 8.336618308233963717e+02 8.483608046829039040e+02 8.983840259849398535e+02 9.536552975603190134e+02 1.015183535157285746e+03 1.082474233191442181e+03 1.149015776879859686e+03 1.181917916112484818e+03 1.151629322670348984e+03 1.090776334040815300e+03 1.037312290358212977e+03 9.976140369140455277e+02 9.556611626304835454e+02 9.912663829736223988e+02 1.028619942525364877e+03 1.068000618571092218e+03 1.136336618992473859e+03 1.200079283347096180e+03 1.227769530483637027e+03 1.210546850335234467e+03 1.193073039521953206e+03 1.138928748682682908e+03 1.140542107443740406e+03 1.197298410148101084e+03
8.087794807242710249e+02 8.577868578586013655e+02 8.508320221169503839e+02 8.825246732818802684e+02 9.271305828980038086e+02 9.841160261177038819e+02 1.047490350223202313e+03 1.107559680253949637e+03 1.099179538232820505e+03 1.035872789153617305e+03 9.668375921033590430e+02 9.034099715500123011e+02 8.457294160919892647e+02 8.123484535622727662e+02 8.716910602524792466e+02 9.188529458073004434e+02 9.763689272017686562e+02 1.037068230446005600e+03 1.096222969885675639e+03 1.149609820971721774e+03 1.163317417724507095e+03 1.111379787607869957e+03 1.047182006646004083e+03 9.878503937905848034e+02 9.537079056680533995e+02 9.371197987601715340e+02 9.687640075200965839e+02 1.008959787627285891e+03 1.071046638883714422e+03 1.137016564580036174e+03 1.186538856829688712e+03 1.182408130486259097e+03 1.143767903304776610e+03 1.136841191752244185e+03 1.101628785217549421e+03 1.152566409030013347e+03 1.210054587025655565e+03
8.045334520669644007e+02 8.255093955291246175e+02 8.100831361363912038e+02 8.477350731924897218e+02 8.955465216070257384e+02 9.569387093319675159e+02 1.035366342761677060e+03 1.094953223388387187e+03 1.088946861703782133e+03 1.037196620718429131e+03 9.762698784613612588e+02 9.177508922031254315e+02 8.560258539336556396e+02 7.956124354416750748e+02 8.469688616577591347e+02 9.112487525651733904e+02 9.682546141016709953e+02 1.002274234967298639e+03 1.066008909616951541e+03 1.129312409961501999e+03 1.139158634912284015e+03 1.099973837742898922e+03 1.047120799238690779e+03 9.858733618320142114e+02 9.133229223650437234e+02 9.751975488958149754e+02 1.023963458912470401e+03 1.064788483141782535e+03 1.106022477261772565e+03 1.144211645074259650e+03 1.151869659294685334e+03 1.129082984079826019e+03 1.081531487418649931e+03 1.065877816636674652e+03 1.110291893461730751e+03 1.160818300823715163e+03 1.217997709944255121e+03
7.744246656836453440e+02 7.674701118510313336e+02 8.284012391171751233e+02 8.912950581672965882e+02 9.476020404549177556e+02 1.005212555807295075e+03 1.058251121623456811e+03 1.088068720346928785e+03 1.065275161148935695e+03 1.004021158588676485e+03 9.374679227665282042e+02 8.785942177840797740e+02 8.434365620154960652e+02 7.797405321667790759e+02 8.475410342766301710e+02 8.974452457174304527e+02 9.194315216744195141e+02 9.836701201244632102e+02 1.051621126788314314e+03 1.108107089470460778e+03 1.104761553350677104e+03 1.054315425710835143e+03 1.004297304784974358e+03 9.545333162677411565e+02 8.947230871754173904e+02 9.699019807345058553e+02 1.029930078989927779e+03 1.072651998120645203e+03 1.097574528548657327e+03 1.110434874563720541e+03 1.097965605495774525e+03 1.057872106773044379e+03 1.029189944720763151e+03 1.103624791990524500e+03 1.162090419863599436e+03 1.212313943982221417e+03 1.263073553210422233e+03
7.246622347793876315e+02 7.698343472913379628e+02 8.242672081474891002e+02 8.864697599339301632e+02 9.548230776569183718e+02 1.024792568616987182e+03 1.062340117315912494e+03 1.054164610863816506e+03 1.022662426004738791e+03 9.987724641659053759e+02 9.378688160547699226e+02 8.698784779765726398e+02 8.056019846714076493e+02 7.629779976759093643e+02 8.183065377108714529e+02 8.463145144546759866e+02 9.099925435878712960e+02 9.780417693489663407e+02 1.042916514075538771e+03 1.082268027168737945e+03 1.067121148436423482e+03 1.011398203830646935e+03 9.521762177558332496e+02 9.104016403512985107e+02 8.776077070886858564e+02 9.429851982973245867e+02 9.961351962468363581e+02 1.030323123170325061e+03 1.039329519011893126e+03 1.047329304414559829e+03 1.033330410777123006e+03 9.931580616811897926e+02 1.054643162072453606e+03 1.119466686252733780e+03 1.174771915224477425e+03 1.222000144265592553e+03 1.268831485476706121e+03
7.501955961674823357e+02 8.155546307353693010e+02 8.775720980550473769e+02 9.334035241373150029e+02 9.876744884682781276e+02 1.032304880542359115e+03 1.033939416126733477e+03 9.955801968169952261e+02 9.585704397847850942e+02 9.726169345963226078e+02 9.396569299550311598e+02 8.742343039475755404e+02 8.074004890634381582e+02 7.487915098819300965e+02 7.841650069490722217e+02 8.461074726746664965e+02 9.114321196447593820e+02 9.700118076849925046e+02 1.007697717700486692e+03 1.040896499552685555e+03 1.023535587326313703e+03 9.701086787568142427e+02 9.126613614331029112e+02 8.539629413309465917e+02 8.954995505884161275e+02 9.171221827828352389e+02 9.502105525813296936e+02 9.637115069606340967e+02 9.729715736439339935e+02 9.902222548168864478e+02 9.581294113445994753e+02 1.012944040554930325e+03 1.057429159781113185e+03 1.092713578054086611e+03 1.133343753466135013e+03 1.176808469220854477e+03 1.224939533652483078e+03
7.990487349350189561e+02 8.534040860225011329e+02 9.017772427379456985e+02 9.480770524361022353e+02 9.880369156679196294e+02 1.015832172171143952e+03 9.950000655284360391e+02 9.407559975478031902e+02 8.921311647444994151e+02 9.296338801921783670e+02 9.226819259291523849e+02 8.718787816405907733e+02 8.032167202956977690e+02 7.358448232479566968e+02 7.913784553156554011e+02 8.533145426522695516e+02 9.083322126881689655e+02 9.215121988799364772e+02 9.565001513935592357e+02 9.903472290406988350e+02 9.733706333434481621e+02 9.228232702914168613e+02 8.768696759257792337e+02 8.374561112611164617e+02 8.510332394623716255e+02 8.651096087335221227e+02 8.798955501411135174e+02 8.956953671424245158e+02 9.105776775721512877e+02 9.273921775782123404e+02 9.499287066098224841e+02 9.761182392950091753e+02 1.006446233555008916e+03 1.040270037775449509e+03 1.078819889234657239e+03 1.123970563706750909e+03 1.179218811445065512e+03
8.197519587452571841e+02 8.572052512975113814e+02 8.702314286893021062e+02 9.024907766955479929e+02 9.420309939403579165e+02 9.771502544055367707e+02 9.512815656201487400e+02 8.900357202040476068e+02 8.341928664701114258e+02 8.829380702819325961e+02 8.870236509365990969e+02 8.409556005835074757e+02 7.907476028188531245e+02 7.217469861593160658e+02 7.865406665849228602e+02 8.490561109730307408e+02 8.804295007164978415e+02 8.602515006174803602e+02 9.008859055145478578e+02 9.361900888903131772e+02 9.169058971299747327e+02 8.700094706393035722e+02 8.234541404611196640e+02 8.772324965171179656e+02 9.186301977893170942e+02 9.321122583266968604e+02 9.366313047664531268e+02 9.690311432773529532e+02 9.663273259793611487e+02 1.003322516629737379e+03 1.018819678100548003e+03 1.026180823862082661e+03 1.061924627652777417e+03 1.095328068332313251e+03 1.131262034979641840e+03 1.171950359263546716e+03 1.219622977551417762e+03
8.066963656118361996e+02 8.088793344502068976e+02 8.059604431483023745e+02 8.444833850952475132e+02 8.968128568757135781e+02 9.354668318763568777e+02 9.076449236347756369e+02 8.435528951689053656e+02 7.835284204910971084e+02 8.368918649588260905e+02 8.455024811189241518e+02 7.990753427974437955e+02 7.511460918695045166e+02 7.072158927952369822e+02 7.715842273872654005e+02 8.204070589431736380e+02 8.382218839888329285e+02 8.018741783283144287e+02 8.491377732648288656e+02 8.796661870984411280e+02 8.571645456920799688e+02 8.049708564763999448e+02 8.673812303391243859e+02 9.192367143735133368e+02 9.661382906433792641e+02 1.000309115725644233e+03 1.005286273368653383e+03 1.037968021307931167e+03 1.036538250759723951e+03 1.065092127845508003e+03 1.092034141102132708e+03 1.095375626283879228e+03 1.127285509312637942e+03 1.160977900631002967e+03 1.195900907190779435e+03 1.233777068706089040e+03 1.275622598773100890e+03
7.670784251988942515e+02 7.470492560848108496e+02 7.470967704307799977e+02 8.012231775054776790e+02 8.587364082272250698e+02 8.924912968270011788e+02 8.643083440517129930e+02 8.005603743049173318e+02 7.384513410350895128e+02 7.905732464598399929e+02 7.991658952435637957e+02 7.612166115959745412e+02 6.973747383573115712e+02 7.415383067281837839e+02 7.193856387596727018e+02 7.804444300892055253e+02 7.935696378550348982e+02 7.508373918899686714e+02 8.116068685875341089e+02 8.268227806172075134e+02 7.853536322827716276e+02 8.482258864288629638e+02 9.044729835852957649e+02 9.599468013239491029e+02 1.009941274097965334e+03 1.050583873700687036e+03 1.074257235054323019e+03 1.099025128054833203e+03 1.108778696681641804e+03 1.126643679641725612e+03 1.149166855027581732e+03 1.165407828382946036e+03 1.192500453536398936e+03 1.223994558876812107e+03 1.258435274240305716e+03 1.295360384973426790e+03 1.334485663282556970e+03
7.234021461982409846e+02 6.825358425143393788e+02 7.390611082176101263e+02 7.857321841844553774e+02 8.167679178352832423e+02 8.426306620585758083e+02 8.181533394315177929e+02 7.595275971689477501e+02 6.981312651596417709e+02 7.364747762098976409e+02 7.395471542982428446e+02 7.348594225445818893e+02 6.905023938176885849e+02 7.594563175385221712e+02 7.740862176036632718e+02 7.307247052766226716e+02 7.383836767326125710e+02 7.893500951229716520e+02 7.615102347838360402e+02 7.686694172507478697e+02 7.785533497063021287e+02 8.431020054234542158e+02 8.984248737395746502e+02 9.549565931269925159e+02 1.009966959216114446e+03 1.058142009741331094e+03 1.096164719362124515e+03 1.125146010645850311e+03 1.131782462857347809e+03 1.129780238556686754e+03 1.152507414838153863e+03 1.180191640841733033e+03 1.206910397249152311e+03 1.237225532265400261e+03 1.272430089465525953e+03 1.310785712471633360e+03 1.351849047123372202e+03
6.694334612150563544e+02 6.409605415722580801e+02 6.954982667147228312e+02 7.322543330724325870e+02 7.570295794708366657e+02 7.846346955665294445e+02 7.652405889196902535e+02 7.157807696795459833e+02 6.632297292319225335e+02 6.691861477470616819e+02 6.749273478650820834e+02 6.805225108075607068e+02 7.340611157053799616e+02 7.857041649157882830e+02 8.196679552641453483e+02 7.961096966372303996e+02 7.908715071575556976e+02 8.340267339473297170e+02 8.174505060558337846e+02 8.327398372221117597e+02 8.345376726124892457e+02 7.946834017554277807e+02 8.516957621795567093e+02 9.115120845570318124e+02 9.718177517191660399e+02 1.018134661769573768e+03 1.060707078003862762e+03 1.092967593295816187e+03 1.089030937999165417e+03 1.061377153054143719e+03 1.098207704132072422e+03 1.133676326519756913e+03 1.151566609934202233e+03 1.187152275443665758e+03 1.224459794749368257e+03 1.265787241359458449e+03 1.312089643427410010e+03
6.012949709470266271e+02 6.066490321568539912e+02 6.531974314855422108e+02 6.860529089771450799e+02 6.889496363730207804e+02 7.257261802704840647e+02 7.099595640437456723e+02 6.547805270335692285e+02 7.101150463779525808e+02 7.378555780360254630e+02 7.355419602179235881e+02 6.958637438019784440e+02 7.687473693492200937e+02 8.225227838868543131e+02 8.677974829344170757e+02 8.628044367558812837e+02 8.525507304410875804e+02 8.904790560756675859e+02 8.786900319606011180e+02 8.963895409152182765e+02 8.669656912417101466e+02 8.063384909184439948e+02 8.609051954326379246e+02 8.966636308227346035e+02 9.258574381706320082e+02 9.704306573397581133e+02 1.021156034798796895e+03 1.034885598295199316e+03 1.025106205281943630e+03 9.904616354540802377e+02 1.056745579304339344e+03 1.062313664748678320e+03 1.092323124590568113e+03 1.127696647299945425e+03 1.167674235230540489e+03 1.213018267756011255e+03 1.267634470153625216e+03
6.633234322265986975e+02 6.646627720742390011e+02 6.143625531389205889e+02 6.198058612430908170e+02 6.258382951660569233e+02 6.758517894102983519e+02 6.438632608987452386e+02 7.092179833002415990e+02 7.523792811663339535e+02 7.901634989620816896e+02 7.751724487193793038e+02 7.126042160090947846e+02 7.823694273971598250e+02 8.507482934219723347e+02 9.040447437552649035e+02 9.263459199826364738e+02 9.222241233411581334e+02 9.528460217059406432e+02 9.437433237608667014e+02 9.533103123887718766e+02 9.094708515365912262e+02 8.625626570359827383e+02 8.216143118873028470e+02 8.336238801620959293e+02 8.837215307672656763e+02 9.257545806207165242e+02 9.703919391083451274e+02 9.784181947448105348e+02 9.496642946708774389e+02 1.012372582786268822e+03 1.026049599987043166e+03 1.092303960157678148e+03 1.110580357703698382e+03 1.172220897621454242e+03 1.222241058124074698e+03 1.263001839221762566e+03 1.307003798317203518e+03
