output/field_example_test/elevation_000040.asc
nrows	150
cellsize	66.66666667
xllcorner	0
ncols	150
yllcorner	0
NODATA_value	-9999
[rows 0 to 16 of 150, columns 74 to 110 of 150]
8.537037383780889286e+02 8.652556092121170650e+02 8.838768801583264576e+02 8.878525504139009854e+02 8.809708583114114617e+02 9.018974529102265478e+02 9.321725223325589695e+02 9.785209063929378317e+02 1.037579726043974688e+03 1.091506061677992193e+03 1.107491827633415141e+03 1.090738832536329255e+03 1.077385898595599883e+03 1.066618915680972350e+03 1.046562340180330693e+03 1.040561333941773910e+03 1.045718040001432200e+03 1.061498997033207843e+03 1.092310650086117676e+03 1.133126967134938468e+03 1.170183059644421292e+03 1.172465263913006766e+03 1.141949490924023394e+03 1.110688950011691077e+03 1.092080212803075256e+03 1.112216892059666179e+03 1.145651967735256221e+03 1.177581208693756480e+03 1.184718547891772914e+03 1.200595547949168122e+03 1.201914239603946271e+03 1.202960154240068277e+03 1.209743663982344287e+03 1.224760751309361467e+03 1.255589727637171336e+03 1.313126001476012107e+03 1.366557291157799000e+03
8.089527200039826766e+02 8.206460931979975157e+02 8.501974842716340390e+02 8.492504958086068427e+02 8.304039334003385875e+02 8.605484729517972937e+02 8.875271849862335785e+02 9.457001250419402822e+02 1.014143958064088679e+03 1.076874232613195090e+03 1.081332840549475577e+03 1.047186797795387292e+03 1.034068281174016875e+03 1.032072426080781497e+03 9.999500744500269320e+02 9.947816994734831724e+02 1.000092832276553963e+03 1.014610577500399927e+03 1.053908356836879875e+03 1.102414059665114110e+03 1.148993418244405575e+03 1.149138276206460205e+03 1.106904749850998314e+03 1.068151814050775101e+03 1.038393481210134723e+03 1.070161416236945342e+03 1.111886288660154605e+03 1.150342496808790202e+03 1.139674796645510924e+03 1.165754157375120940e+03 1.159466336102007972e+03 1.158787690008976597e+03 1.164858450669869171e+03 1.177706434275993843e+03 1.238914557506434676e+03 1.301519528694471092e+03 1.350123840643409494e+03
7.445673628515095288e+02 7.615625855743332977e+02 7.916345949240384243e+02 7.811725806651722905e+02 7.678791897461509279e+02 8.114207129388511248e+02 8.743867867443173054e+02 9.470702356911358493e+02 1.023796678120353477e+03 1.065201562951982169e+03 1.043831885506964909e+03 9.875095311234492783e+02 9.685885560782007815e+02 9.782315466991107087e+02 9.377531969003113090e+02 9.287147293178676364e+02 9.344880035692260662e+02 9.529487732649454301e+02 1.007663110636917850e+03 1.065815231505487873e+03 1.113216027464488889e+03 1.111008959251123088e+03 1.062303694165982961e+03 1.010996925950445188e+03 9.719279120109875976e+02 1.015510779981665564e+03 1.076026238378979315e+03 1.102828509801851396e+03 1.075201559239449352e+03 1.110044627102829509e+03 1.096090681805246732e+03 1.094487599782544066e+03 1.100322881270387370e+03 1.163513207138400730e+03 1.229921219308942455e+03 1.287196218524102733e+03 1.305039221367944947e+03
6.827287466316812470e+02 7.258580523799076900e+02 7.246406675327020821e+02 7.122067117575633119e+02 7.738596535962229837e+02 8.444800506502290318e+02 9.118831048687147813e+02 9.826580098366916900e+02 1.034190033061964414e+03 1.040675198608651272e+03 9.958855641407277517e+02 9.456649896481900441e+02 9.006484739312910506e+02 9.274353579849205289e+02 8.816709739046772256e+02 8.644674485460740243e+02 8.709664510769889603e+02 9.171774718950946408e+02 9.739460756407218014e+02 1.027872483848147112e+03 1.068273705064351589e+03 1.067938129701007711e+03 1.018672096693764047e+03 9.633810197794246051e+02 9.173169749924717280e+02 9.739008816225255032e+02 1.032696132363530978e+03 1.052792512340392250e+03 1.015767402777109282e+03 1.053748161704741733e+03 1.033308619764649166e+03 1.032824460356796635e+03 1.094857758525380632e+03 1.160167965341853005e+03 1.221199431514379512e+03 1.249249989005424595e+03 1.240940849023221517e+03
6.610959521268562185e+02 6.696197795933748012e+02 6.587392409048022728e+02 7.225880292357900316e+02 8.053393862321079268e+02 8.804896177461565685e+02 9.466011313656815673e+02 1.002661322468096955e+03 1.032645098106474506e+03 1.010033379127177682e+03 9.539500215610181613e+02 8.954357380670830935e+02 8.477558476644283019e+02 8.844294077513815182e+02 8.616571263472881128e+02 8.048728304441057162e+02 8.384594973252227419e+02 8.875493598407122136e+02 9.516118978871223817e+02 9.720984465954145435e+02 1.016622765536864108e+03 1.021730104422886143e+03 9.761797312740957295e+02 9.219335000512425040e+02 8.732107430793595313e+02 9.310429001125407922e+02 9.863626269903987804e+02 1.004861089320976703e+03 9.638536050785106681e+02 1.001857294660141974e+03 9.750363370476621867e+02 1.037867745568095643e+03 1.097143529852534357e+03 1.149849134886512275e+03 1.187868031706740567e+03 1.188984951963166623e+03 1.175250212648481465e+03
6.191277668141356116e+02 6.098435022719169183e+02 6.772583497143352815e+02 7.550532440012246980e+02 8.187983689111783860e+02 8.890057941819060261e+02 9.501035585169161095e+02 9.955870331328586644e+02 1.005846712497457474e+03 9.654442711186325141e+02 9.137904297133025011e+02 8.543345651908899754e+02 8.027406326043453646e+02 8.382162835694207388e+02 8.262140216796046843e+02 7.673604770380286482e+02 8.087765509032534510e+02 8.792454619138817407e+02 9.195359878134297560e+02 9.145575332809852398e+02 9.630977586038418394e+02 9.723245715596419814e+02 9.316616022143822420e+02 8.833721396162052315e+02 8.356099591190634328e+02 8.838634585589073822e+02 9.360162899477861629e+02 9.588731227353082431e+02 9.183313571564367521e+02 9.540805115719242622e+02 9.404168146876830860e+02 1.000364209482293859e+03 1.059234396509201815e+03 1.101046765019132863e+03 1.134343549266508717e+03 1.126483312951178732e+03 1.114645822184020972e+03
5.636232272482723147e+02 6.427034581252955832e+02 7.102003166580327616e+02 7.686161248028473665e+02 8.201087764070928188e+02 8.624064674356434352e+02 9.128426352137175854e+02 9.621675008471981982e+02 9.678999937229679063e+02 9.233372511408163064e+02 8.713032799822066181e+02 8.205722317890600834e+02 7.642668643746816315e+02 7.789955237183374948e+02 7.844270274146391557e+02 7.355065733828299699e+02 8.049039939815246498e+02 8.572944616180519688e+02 8.651191943108996156e+02 8.585432553212790481e+02 9.101935900960170329e+02 9.197449170620336645e+02 8.814902770785013217e+02 8.405766334333386567e+02 8.037258609262340769e+02 8.194727315262312004e+02 8.888345237607542231e+02 9.125184055692727725e+02 8.782533446417837695e+02 8.950089485274523895e+02 9.530492021211198335e+02 9.933541504461315981e+02 1.013548935460742541e+03 1.042248792469611317e+03 1.070349763366321213e+03 1.068538856642891460e+03 1.060423726686622331e+03
5.914665765538367168e+02 6.561273997470489121e+02 7.091614769208385951e+02 7.365977384563441319e+02 7.698765012611343082e+02 8.165199770787254465e+02 8.711543832977794182e+02 9.194378188807398828e+02 9.242547194092833251e+02 8.798408084506868363e+02 8.292605358686472528e+02 7.886481438398537875e+02 7.647017818375352363e+02 7.149820127887984427e+02 7.308787011507089346e+02 7.060599185483349629e+02 7.733723871671290908e+02 8.196008264310987670e+02 8.043016112340338850e+02 8.079754921876260596e+02 8.582457585874605002e+02 8.634713519997995945e+02 8.274137760026072783e+02 7.858725804356889739e+02 8.503214553987309046e+02 8.756630395192321430e+02 8.418676207473648674e+02 8.574588002595359058e+02 9.179003151406890311e+02 9.473947644421433552e+02 9.211815590186632789e+02 9.389067522199072755e+02 9.567940267927206150e+02 9.755708783629734171e+02 9.969109267151385438e+02 1.018813333232032392e+03 1.048870417028598695e+03
5.771456239457854736e+02 6.299040049876880403e+02 6.685561489897155525e+02 6.764839982961772193e+02 7.275266996254989635e+02 7.758964923384122585e+02 8.287097041953637699e+02 8.669801771646398265e+02 8.753562470535794091e+02 8.347591666099834811e+02 7.850196539765798889e+02 7.432905352466984823e+02 7.163656065102928778e+02 7.135574579559001904e+02 6.659870346262531484e+02 7.115683360419528753e+02 7.557483565008810729e+02 7.782250831039832519e+02 7.403638995705791785e+02 7.865764160911753606e+02 7.957334942697599445e+02 8.046442814016412513e+02 7.638277442125739753e+02 8.287203719599697251e+02 8.832854226841377567e+02 9.260131730920485325e+02 9.163895925951234176e+02 9.200826636434619559e+02 9.298148873287651668e+02 9.848762183850648171e+02 9.860159076953408430e+02 1.007709844304028707e+03 1.019878001838481509e+03 1.010020417617740691e+03 1.055711275547143032e+03 1.086159579303505325e+03 1.078753907133232815e+03
5.449566551470612694e+02 5.954628636562686097e+02 6.048594267965291920e+02 6.623422709866813420e+02 6.908911785738473554e+02 7.368580206067244944e+02 7.886636325304124284e+02 7.981538557942484431e+02 8.178937996108547850e+02 7.887828192823766358e+02 7.414863938304006297e+02 6.985324154256297788e+02 6.652040580391580988e+02 6.818778276201730932e+02 6.437069252999953051e+02 6.546345904388199415e+02 7.175498039381944864e+02 7.346963008762938898e+02 6.964014787145817991e+02 7.484890853864141036e+02 7.277314850039068688e+02 7.412504212398944219e+02 8.119699234185710566e+02 8.696399018358752073e+02 9.241809042074035005e+02 9.686389344655508467e+02 9.855071548494291847e+02 9.891405237844834346e+02 9.995766851537375715e+02 1.009646406205227549e+03 1.048464790395702039e+03 1.082015538149609938e+03 1.088992633506040193e+03 1.056694345663505601e+03 1.104815473113218331e+03 1.143023928834176559e+03 1.127862254619670694e+03
5.243784482842212356e+02 5.384422720898418220e+02 5.957709943523590255e+02 6.141148307427124564e+02 6.495076994888968329e+02 7.022742091431443896e+02 7.332205384984847569e+02 7.247197285582897166e+02 7.586717637996707708e+02 7.480630453685720340e+02 6.974686835551784725e+02 6.576833874570113494e+02 6.213432742262542661e+02 6.314977062476029914e+02 6.969738787627937882e+02 7.127061675557482658e+02 6.701363575916858508e+02 6.797762683822530789e+02 7.321599273732047095e+02 7.122149069311170706e+02 7.322035581546194862e+02 7.846658533054084046e+02 8.297190716079086314e+02 8.763132159389125491e+02 9.269372576054034880e+02 9.800468301199503003e+02 1.022040269644291016e+03 1.047871246171025405e+03 1.067666033373525579e+03 1.078744375188674667e+03 1.098876948656294871e+03 1.144896416340929363e+03 1.151716536253895356e+03 1.114366953030157902e+03 1.156242035413601570e+03 1.196731448867285962e+03 1.186220490720955240e+03
4.800241111259926470e+02 5.347911959202709795e+02 5.624350534252922671e+02 5.646226582111179368e+02 6.204194765453632954e+02 6.625877861519252292e+02 6.670534035842791809e+02 6.580824884571688926e+02 7.011820546075366565e+02 6.968645187350209653e+02 6.547657676137444014e+02 6.091159200066584845e+02 6.622775505207082460e+02 7.006247636778978176e+02 7.488005309178097377e+02 7.669220895730903749e+02 7.363833411330414265e+02 7.086380482758892185e+02 7.696577759403165828e+02 7.818278146358538834e+02 7.965831714868538711e+02 7.650047615437996456e+02 7.903875774138929273e+02 8.207472623825062783e+02 8.902259111989568510e+02 9.484453571692189371e+02 1.003623345703773225e+03 1.051454529874335549e+03 1.097176385913589911e+03 1.135420895701856125e+03 1.162268577889843073e+03 1.200023274098042293e+03 1.210229038752152519e+03 1.186480345735237961e+03 1.208632469700767615e+03 1.249859888795558618e+03 1.253344254149732251e+03
5.316169895304678903e+02 4.912477797931103396e+02 4.995545525691593980e+02 5.591288951808256797e+02 5.999651497850267106e+02 6.020745134897191519e+02 6.021416316486674987e+02 6.004258343941894509e+02 6.484702303531628331e+02 6.427640292690725801e+02 5.942422352759041360e+02 6.581221619199765200e+02 7.062613501206188857e+02 7.565669159464903260e+02 8.053655032919483574e+02 8.229848523744806243e+02 7.904375379573033342e+02 7.424230792687599205e+02 8.019583973131831272e+02 8.464973284435023970e+02 8.544639309731160211e+02 8.129152061644639389e+02 8.611002268562543804e+02 8.761942030401579586e+02 8.621187888360736906e+02 8.995554827810267398e+02 9.533598458419158987e+02 1.011715470372290611e+03 1.075532801535421413e+03 1.139365965279131842e+03 1.199553456764041812e+03 1.240746105809022993e+03 1.255255147863619186e+03 1.249844471791393289e+03 1.265150356298257066e+03 1.290979023661627025e+03 1.313089859535124106e+03
5.682167467227748148e+02 5.612913312480676495e+02 5.612232096551701943e+02 5.124749387658157502e+02 5.617249750586288428e+02 5.353128004710913501e+02 5.428892502189991092e+02 5.511832981649503154e+02 6.032482707827546164e+02 5.785045745185049100e+02 6.432685572333344908e+02 6.693292446740831565e+02 7.438099924671611234e+02 8.055044820129196523e+02 8.546217290542208502e+02 8.717197763562378441e+02 8.329352382659618570e+02 7.805389738158893351e+02 8.392977685840897948e+02 8.953268741656429484e+02 9.073540611169062231e+02 8.687560381598872254e+02 9.214430489522480912e+02 9.397089565982203112e+02 9.083815104623872685e+02 9.577806111887767884e+02 9.612164469424091067e+02 1.011618084038037750e+03 1.069447561255529081e+03 1.132576398146640940e+03 1.196971796983756803e+03 1.242360744722529262e+03 1.244081399475116996e+03 1.238160396141303181e+03 1.246742857039972250e+03 1.273935715354570675e+03 1.307384320412470288e+03
5.899346001483899045e+02 6.230706506052227951e+02 6.147757279419511178e+02 5.715831243373628467e+02 5.239531646743481588e+02 5.783839455573908026e+02 6.094761610065418154e+02 6.094864796922064443e+02 5.638032923158389167e+02 6.240295352038126566e+02 6.787712002897328603e+02 7.326769387428083746e+02 7.562902238842997349e+02 8.227729258861234030e+02 8.903959857358058798e+02 9.132619141193707719e+02 8.749204492159076381e+02 8.241530544399452083e+02 8.746691128547383869e+02 9.377441012842992905e+02 9.615754583688943740e+02 9.332733151031526404e+02 9.816730537036187343e+02 9.986866061869536679e+02 9.631130515649213066e+02 1.013954269620029436e+03 1.024053369655926190e+03 1.067071305743651919e+03 1.119733402473555770e+03 1.163472380453706364e+03 1.200330808994421204e+03 1.206674934093494130e+03 1.182500115118512667e+03 1.167229730845442191e+03 1.171481422421653633e+03 1.208443753846623849e+03 1.254193354405858372e+03
6.220638584906395181e+02 6.696355131796913156e+02 6.622241575140975556e+02 6.108087127959630607e+02 5.472088685678859292e+02 6.106729908365498432e+02 6.576256481471937150e+02 6.516917977397530422e+02 5.892261345461192832e+02 6.530513977363285676e+02 7.154709304810575077e+02 7.719711552518014059e+02 8.187227657575090234e+02 8.612828696082285660e+02 9.228849302290796004e+02 9.519304257736952195e+02 9.209337668582176093e+02 8.767241760640140456e+02 9.200555020317294748e+02 9.743101670052910777e+02 1.016941197527250779e+03 1.006991605913419221e+03 1.043356551184726868e+03 1.056629401030094868e+03 1.026455047219286371e+03 1.073237936513088243e+03 1.091931038428129796e+03 1.121503651294722204e+03 1.144115491129612565e+03 1.151984035657217646e+03 1.157824743506074583e+03 1.153427849126484261e+03 1.111452849470933643e+03 1.089403613600501558e+03 1.098997929837973743e+03 1.146005315346967564e+03 1.202894750420681476e+03
6.560182735432194931e+02 7.064934035396090621e+02 7.004493217802213394e+02 6.473011021264843521e+02 5.730141009035265824e+02 6.442719629852315393e+02 6.934949188070399941e+02 6.947945484582515974e+02 6.553106809200987755e+02 6.298589546781147419e+02 7.056901391411319082e+02 7.704432239579588213e+02 8.296264004592728725e+02 8.880759306049202451e+02 9.445764681041988524e+02 9.830835060866592130e+02 9.753127709881275678e+02 9.398223011809184300e+02 9.803063965399240942e+02 1.021896620135996386e+03 1.064319822980914296e+03 1.075342373927319841e+03 1.095242411154788897e+03 1.107771512174873351e+03 1.094477426964457663e+03 1.127749019711744495e+03 1.142923108028149954e+03 1.136841764944556644e+03 1.116102361202394377e+03 1.088967930968916789e+03 1.086144988211134432e+03 1.088408820981897406e+03 1.070208574711504070e+03 1.016587128684854747e+03 1.050148309204804491e+03 1.097064883716652503e+03 1.152966284157302880e+03
