output/field_example_test/elevation_000064.asc
nrows	150
cellsize	66.66666667
xllcorner	0
ncols	150
yllcorner	0
NODATA_value	-9999
[rows 17 to 33 of 150, columns 37 to 73 of 150]
3.205635045376016024e+02 2.596008858798223287e+02 3.251496923989707852e+02 3.675438843257525150e+02 4.412890014167013533e+02 5.054249975820002305e+02 5.547608137283737051e+02 5.626973144413196906e+02 5.210168403822946175e+02 4.745426300657206298e+02 4.287619395237522326e+02 3.956697741210242043e+02 3.562131738040069422e+02 3.153064587256592972e+02 2.658727521511141845e+02 3.143825347725867800e+02 3.458893092331855428e+02 3.514270005534407915e+02 3.535607458012005395e+02 3.480503175874737849e+02 3.008007698447439680e+02 3.570215045649849230e+02 3.986913701793724840e+02 4.459948736691869158e+02 4.851684275576268419e+02 4.828891083366241332e+02 4.327270900971653873e+02 3.624139679708201243e+02 4.246210254488183864e+02 4.559908878174339293e+02 4.917360169782978119e+02 5.367631990022016453e+02 5.406939006898222715e+02 4.893801774491545871e+02 5.245792994731217505e+02 5.708654131237734646e+02 6.269625923287483147e+02
3.162492180108309299e+02 2.473076916905423559e+02 2.888740039788180525e+02 3.455566546385551874e+02 4.086249516537808972e+02 4.720518995855003368e+02 5.206242384540684043e+02 5.216980711563979867e+02 4.742456457428737622e+02 4.192292419057289408e+02 3.753108656820630813e+02 3.341817285938577697e+02 3.031315217201474752e+02 2.586947291355365337e+02 3.060132901423395992e+02 2.731054807878398947e+02 2.778040299326925719e+02 2.829557798864663027e+02 2.878961918619826861e+02 2.928896049552186014e+02 3.401180070419490562e+02 3.098397880283866925e+02 3.598139163588128326e+02 3.925556871228207001e+02 4.343956334467612237e+02 4.410780642252726693e+02 4.026524224845118169e+02 3.565015115814653086e+02 4.128761404675489644e+02 4.717825948625948058e+02 5.334225270293567291e+02 5.815013447268006530e+02 5.832676905772061673e+02 5.324403075577313302e+02 5.603455016101653428e+02 6.035627382407510595e+02 6.587740551110626939e+02
3.059336706746441337e+02 2.360175673132236795e+02 2.935706613114420520e+02 3.568078675236981780e+02 4.143231310368456093e+02 4.382730402866438340e+02 4.721063037030804139e+02 4.714262412215798008e+02 4.354511543221586294e+02 3.739670565348241666e+02 3.259234986677973325e+02 2.898843079086321382e+02 2.504553715528573434e+02 3.087224728493540624e+02 3.483336222032883711e+02 3.331920526249039654e+02 3.245269477504941165e+02 3.543543836931971782e+02 3.496420988673103238e+02 3.254225850877264179e+02 3.787617202792092144e+02 3.715707478844170737e+02 3.182543450452873799e+02 3.244857099902705500e+02 3.857700618491497835e+02 3.941862357590849797e+02 3.475666973951889531e+02 4.016148240490649073e+02 4.550276895665962229e+02 5.112303186720625376e+02 5.696657487216425579e+02 6.184388838112831763e+02 6.286403904583364692e+02 5.956881077665774455e+02 5.988826681007993784e+02 6.415985022425907118e+02 6.942970003208293974e+02
2.938652186814332481e+02 2.242025601970999276e+02 2.921163663393981551e+02 3.581231189218173654e+02 3.906463143376693665e+02 3.763013987036949857e+02 4.103154696838084305e+02 4.056893196062555944e+02 4.028347774586481478e+02 3.594926622104225657e+02 2.918400978392515412e+02 2.421786328869422960e+02 3.012359576378920565e+02 3.513352424225105324e+02 3.911611460052036477e+02 3.928362268363171665e+02 3.803904626909493345e+02 4.179202694669471612e+02 4.121128631392707007e+02 3.633934965086746729e+02 4.197440671210948153e+02 4.227322638999153810e+02 3.820173752748024185e+02 3.802549011182606478e+02 3.326561524379619073e+02 3.377666068464890827e+02 3.890748604801338502e+02 3.792865482555252470e+02 4.494539618793369868e+02 5.033295473090253154e+02 5.699621422807177851e+02 6.348601142640325179e+02 6.697946294037420785e+02 6.620418064304708423e+02 6.585586069864951924e+02 6.917391513810978267e+02 7.370500184974467857e+02
2.818278443457384697e+02 2.120668976119384297e+02 2.867093111783115091e+02 3.425615609413318907e+02 3.490427177431417931e+02 3.110777822463015241e+02 3.429746963428485742e+02 3.360132175292285979e+02 3.478591935881895552e+02 3.214065901554861853e+02 2.862720953877832244e+02 2.371852649234850219e+02 3.003187685018514230e+02 3.617515276832953646e+02 4.103512626658527438e+02 4.434154683824965559e+02 4.408518983450368864e+02 4.745108514740811643e+02 4.618967199804271218e+02 4.059308792882351327e+02 4.647485797461189918e+02 4.788961911211274582e+02 4.476073398788260533e+02 4.163332425172593503e+02 3.811728035432879551e+02 3.537124656201686435e+02 4.195436688811880686e+02 4.405665280005205773e+02 4.159756381443018540e+02 4.930217697800774772e+02 5.634490396701315831e+02 6.292417972486134659e+02 6.831195014561337757e+02 7.149974381713252569e+02 7.311107370362434494e+02 7.500835546674317129e+02 7.921758669824902199e+02
2.738955279533908538e+02 1.997332340174676517e+02 2.625256251015643443e+02 3.120658410607420592e+02 3.038183972596947342e+02 2.535056632684487852e+02 2.717952296030814523e+02 2.696554986007656680e+02 2.814371171974503909e+02 2.793464481769217400e+02 2.299493640072206517e+02 2.813098655922028115e+02 2.852271489499887593e+02 3.278641840795078224e+02 3.833393865682461978e+02 4.564065472466026563e+02 4.960876572437201162e+02 5.278236517032127040e+02 5.100727264741313434e+02 4.529007667312366152e+02 5.124511320987872978e+02 5.338353478639060086e+02 5.024539839578609417e+02 4.599765728448542177e+02 4.175942457696992278e+02 3.714373968752678934e+02 4.442003818173337208e+02 4.900972637614203791e+02 4.870582233942444077e+02 4.553271231295000234e+02 5.266871018821309463e+02 5.948231567908834450e+02 6.627922065388748933e+02 7.140223476931714686e+02 7.601398376484694381e+02 8.032265529901582113e+02 8.426954950432239002e+02
2.490084703625893212e+02 1.877823158290134700e+02 2.350042639042241603e+02 2.719366902335212899e+02 2.579995158053515638e+02 2.031198855748233143e+02 2.075335539350833471e+02 2.120149859827600665e+02 2.165940059611142487e+02 2.217591254230003415e+02 2.760744226996727662e+02 3.008191683123219491e+02 3.298186932690487083e+02 3.607386974165603419e+02 4.080297592891179193e+02 4.628831741229263912e+02 5.268465455995082038e+02 5.735838406837561934e+02 5.586170362118049297e+02 5.045017985041896509e+02 5.617586386998542594e+02 5.837214312654110699e+02 5.478348107573211792e+02 4.983611336779495105e+02 4.464030954413508425e+02 3.898862583033854321e+02 4.553720643448147598e+02 5.180630390491249955e+02 5.439922541240671308e+02 5.304672419054560351e+02 4.945094580262087334e+02 5.610362605406493230e+02 6.176517010936869383e+02 6.709663349699301307e+02 7.374666590972889253e+02 7.905695447656805754e+02 8.381676255971781302e+02
2.247285003182925891e+02 1.770514141702163045e+02 1.815719611265349442e+02 2.291919738356557730e+02 1.963328965107864121e+02 2.404142752363842988e+02 2.656061325014172212e+02 2.805115955943475683e+02 2.828816178150117366e+02 2.820962016228111793e+02 2.840889919796351819e+02 3.339329501636980240e+02 3.720597203579470147e+02 4.059743625259111468e+02 4.449670289972888781e+02 4.984272832153579884e+02 5.606950177505560760e+02 6.140823172339474922e+02 6.089063586061812430e+02 5.613992228363049435e+02 6.122478070433998028e+02 6.284417620411794587e+02 5.888148985193465705e+02 5.376283249631020453e+02 4.766448676003561218e+02 4.087538251569636714e+02 4.583917857041424213e+02 5.275179439283098191e+02 5.851149053479890654e+02 5.912106787226314282e+02 5.599865009952209221e+02 5.283949580112266631e+02 5.598960662955939824e+02 6.311250302304200659e+02 6.914426035134579251e+02 7.391111672131951309e+02 7.879737114486571272e+02
1.717813536903928480e+02 2.311424338238064706e+02 2.395982995356195602e+02 1.893263662925917004e+02 2.402761902992139653e+02 2.137557844626496717e+02 2.718504068141953098e+02 3.148719566105633021e+02 3.430577639361789579e+02 3.463319328443350855e+02 3.404143581276521218e+02 3.783015738913546215e+02 4.196230308862923835e+02 4.575399741955099557e+02 4.957579685745587881e+02 5.410363621728673706e+02 6.001822119536166156e+02 6.563810975580386184e+02 6.627493360218400085e+02 6.246702206597484519e+02 6.621144688956065920e+02 6.652758327812720154e+02 6.272121258266697623e+02 5.736927401554145263e+02 5.078867181869639467e+02 4.300499353686255404e+02 4.883376785904108033e+02 5.451822685742896510e+02 6.149194282513896042e+02 6.424267910037217462e+02 6.148657569686575926e+02 5.684911295947152894e+02 6.130874055017872024e+02 6.032809930285435485e+02 6.405292027305769125e+02 6.843580156303360127e+02 7.360882075502571524e+02
2.188337774252165673e+02 2.759328606848096115e+02 2.941692345383772818e+02 2.667185183992967836e+02 2.890227865270406369e+02 2.725619528148549193e+02 2.310857127163827442e+02 3.036914989500178308e+02 3.691472464308529879e+02 4.061935444105627084e+02 4.091844251250336129e+02 4.420305882840066829e+02 4.779219468260630492e+02 5.157549089096035004e+02 5.542470438955649570e+02 5.959415748716512553e+02 6.452162649830114560e+02 7.005998229630920378e+02 7.190624117430422757e+02 6.938721665109485457e+02 7.036216945624863683e+02 6.752846710517999327e+02 6.267617921176183700e+02 5.755596566003305270e+02 5.183249338417998615e+02 4.527688972153147802e+02 5.211449954320382858e+02 5.836433242435924740e+02 6.421199106036391413e+02 6.869247639807319956e+02 6.685153455225593007e+02 6.143878803590577036e+02 6.612541796729728958e+02 6.529255268324069448e+02 6.937160725067238900e+02 7.412750774138122551e+02 7.899797248682774580e+02
2.747395569311516397e+02 3.205433849040363725e+02 3.561088937530992666e+02 3.447958929983893768e+02 3.328248769022813462e+02 2.953556288117283657e+02 2.430550795405987117e+02 3.036315801915078509e+02 3.724695080305272086e+02 4.406462940886906949e+02 4.764151357435261502e+02 5.051088223731152311e+02 5.337168488108328575e+02 5.675801197299172145e+02 6.046553081018049625e+02 6.435386379734449065e+02 6.903338990688430385e+02 7.387854049699024017e+02 7.697621862620974298e+02 7.575584671745440346e+02 7.177741722759548111e+02 6.538174509646884189e+02 5.831794759678317632e+02 5.290715770142098791e+02 4.860563695185745701e+02 4.887528814720304240e+02 5.549388304982497857e+02 6.191715233429039245e+02 6.784552993085064827e+02 7.219753976444966383e+02 7.145167605318375763e+02 6.655574096532097883e+02 7.136431380631520369e+02 7.133263375108008404e+02 7.560750747010227997e+02 7.981514948667762610e+02 8.476027255383638703e+02
3.412915954780957009e+02 3.779249800812057742e+02 4.104211967856114711e+02 3.910533193936286693e+02 3.278410314446468306e+02 2.623147530538605565e+02 2.995938152495883173e+02 3.478334539494371143e+02 4.049429684680046080e+02 4.603614860500266559e+02 5.021739060360644089e+02 5.206116674782934979e+02 5.321557309191816785e+02 5.619680829120973158e+02 5.982362830103367060e+02 6.286144244483592729e+02 6.845292924946472795e+02 7.443173764225498417e+02 7.949940878586751296e+02 7.950272711293368957e+02 7.419486511398640687e+02 6.721404649912957439e+02 6.153984866423145377e+02 5.617843895388784858e+02 5.137912733116122581e+02 5.454704671436356875e+02 5.495674812345653208e+02 6.141897098177819316e+02 6.817279810593299771e+02 7.435104796726405993e+02 7.587623114505390731e+02 7.229561251964686335e+02 7.702628704033403437e+02 7.826028223453531609e+02 8.237723889807328987e+02 8.542240948696537544e+02 8.778071463717452616e+02
4.071779096232976940e+02 4.441628885945892193e+02 4.626023498882697709e+02 4.266548422210193507e+02 3.711749642710290118e+02 3.207145843744806371e+02 2.807849162425246732e+02 3.447795245825468555e+02 3.970896031283879779e+02 4.376072403216376756e+02 4.707970047764901551e+02 4.699356475537494475e+02 4.644632835718155093e+02 5.038947237324885009e+02 5.483881408919683054e+02 6.080899263993217119e+02 6.701809405318450672e+02 7.360764529745100617e+02 7.977979797006994431e+02 8.183874198452191422e+02 7.809618575116224974e+02 7.156340673105247561e+02 6.529761937181449412e+02 5.993882108217013638e+02 5.497425964681499408e+02 5.656481372541089740e+02 5.981946254024085192e+02 6.239644212031032566e+02 6.841098264222597436e+02 7.549577072177760328e+02 8.035559803476485286e+02 7.896094403419812124e+02 8.233870852348735525e+02 8.526650850850265897e+02 8.697388963500005730e+02 8.718347328377406029e+02 8.545320434368987890e+02
4.416761404246714164e+02 4.885625947701892642e+02 5.097274237274928623e+02 4.800314180179670416e+02 4.226156379171208641e+02 3.702895928336211000e+02 3.319302665750512347e+02 3.000688040343766829e+02 3.545161827879634870e+02 3.971305822141334261e+02 4.121731831630000329e+02 4.071876900320347659e+02 4.720467801646860835e+02 5.334704879927546699e+02 5.818192201215483692e+02 6.139222310230931043e+02 6.632055589409334289e+02 7.219211118400827445e+02 7.850251094769264455e+02 8.316890482990412465e+02 8.137266916149009148e+02 7.568067616616776832e+02 6.987976316508832042e+02 6.402117528127987498e+02 5.915962500727061979e+02 6.092187211872764010e+02 6.495307407601873138e+02 6.850224002414273627e+02 7.268843281844285684e+02 7.889419985280188712e+02 8.471799478032033903e+02 8.578817244759341065e+02 8.816494010824072802e+02 8.905793282835483069e+02 8.738159777067713776e+02 8.412230980448435957e+02 7.949637877613226919e+02
4.309467288371944846e+02 4.957915749452457135e+02 5.465891630378885111e+02 5.270138966346572715e+02 4.717829522278515810e+02 4.201503174929762281e+02 3.799713838176518834e+02 3.516079680380435661e+02 3.153396326576808519e+02 3.322286238592975565e+02 3.518384627949035348e+02 4.163567338188731242e+02 4.708058145185397052e+02 5.189711655371703500e+02 5.649788944838205680e+02 6.079349515261166061e+02 6.446744797653882415e+02 7.058933571682722459e+02 7.727553049487478347e+02 8.306005858915112867e+02 8.400594101885545797e+02 8.047435716359805156e+02 7.443208862536791912e+02 6.870673412156768336e+02 6.426274766419521711e+02 6.645237882182799467e+02 7.097387540282194323e+02 7.491054755235307994e+02 7.880566090566455841e+02 8.339047814536493206e+02 8.868007823354009815e+02 9.079793485381427445e+02 9.030192085371471649e+02 8.764269760083145684e+02 8.381940216827517816e+02 7.854018581478911756e+02 7.369125704138074298e+02
4.747408456420576499e+02 5.353116178102868616e+02 5.809312949436123290e+02 5.708679299920275980e+02 5.195643412631915226e+02 4.704789039886676392e+02 4.354552231911515605e+02 3.951534600009921405e+02 3.308127242322794359e+02 3.870982197234901605e+02 4.099910060785770156e+02 3.830294435353688982e+02 4.196519373240632831e+02 4.625247241286538156e+02 5.103695573102654635e+02 5.622222037148076197e+02 6.262642398129820549e+02 6.931620968951506256e+02 7.614385725730396643e+02 8.154471447657014096e+02 8.502312542685572225e+02 8.406244023066640239e+02 7.927626051302253245e+02 7.461873661063474401e+02 7.059798300047546036e+02 7.315707771557865726e+02 7.765654290012020056e+02 8.129741135225414155e+02 8.468269713527372460e+02 8.822204019839714420e+02 9.125043916681651126e+02 9.102862241829683398e+02 8.777138928408127185e+02 8.268035111859536528e+02 7.799782922089526664e+02 7.322386774768197029e+02 6.807032226005900384e+02
4.846109387085896287e+02 5.509636754850419038e+02 6.119977630789207979e+02 6.116120535956832782e+02 5.642594660819871706e+02 5.228177654400124084e+02 4.722871526405001532e+02 4.099093849598821748e+02 3.467968727210698603e+02 4.105982958287930842e+02 4.560016660983586121e+02 4.392148623765259572e+02 4.171052847783446964e+02 4.729813327008954502e+02 5.277504027131757312e+02 5.734481130843362280e+02 6.211819721050976568e+02 6.710638578644231984e+02 7.173919299895214863e+02 7.740892880682129089e+02 8.364096155589608088e+02 8.674962795507672126e+02 8.483551924518556007e+02 8.042135970397368965e+02 7.852832393370265436e+02 8.031085651108096499e+02 8.212008884591822380e+02 8.393962362580389254e+02 8.582782831789760394e+02 8.861400566447758820e+02 9.049002469752748539e+02 8.807325582380292417e+02 8.282546503998112257e+02 7.768551189645977502e+02 7.242653465692882264e+02 6.789061258526257916e+02 6.349151917789248500e+02
