output/field_example_test/elevation_000009.asc
nrows	150
cellsize	66.66666667
xllcorner	0
ncols	150
yllcorner	0
NODATA_value	-9999
[rows 68 to 84 of 150, columns 37 to 73 of 150]
5.596784377721835426e+02 5.302493459976238910e+02 4.885922666916292769e+02 4.270941612777220939e+02 4.049712673266610068e+02 3.811377151581157818e+02 3.543689962209808755e+02 3.569245373469090055e+02 4.195019230669094554e+02 4.809994184965350996e+02 5.028507378500692653e+02 4.645763673468665047e+02 4.218865050313769416e+02 3.881458059711189890e+02 3.350636306961837931e+02 2.689985419553522661e+02 2.715292924203476446e+02 2.196239477990148998e+02 2.631037638181729221e+02 2.933223689122262385e+02 3.100170003547074771e+02 3.302719186739841462e+02 3.673345752411617013e+02 4.132400399610001500e+02 4.452368040264237266e+02 4.449531385865838615e+02 4.005965812989757069e+02 4.300115722392238240e+02 4.701139337122336883e+02 5.119358289570023999e+02 5.620782380729101533e+02 6.200884670214716152e+02 6.618857318675080705e+02 6.444715217409934667e+02 5.859620452777940045e+02 6.105867448902409933e+02 6.391724920729609494e+02
5.092730211018258046e+02 4.810290038218109316e+02 4.552426203074189175e+02 4.273294228784847064e+02 3.752014829291159685e+02 3.577077789652805677e+02 3.374870614910410609e+02 3.184713185941385518e+02 3.813397213805790784e+02 4.350345941433922121e+02 4.537410926859419078e+02 4.226689084720541132e+02 3.613270547596729898e+02 3.455175965744335258e+02 3.004410527596256202e+02 2.665039780265358900e+02 2.160941816374165114e+02 2.637615234962119075e+02 2.328552100205358499e+02 2.412292907948741458e+02 2.508095663642008617e+02 2.620009422866237969e+02 3.201913542874206087e+02 3.733943005236894805e+02 3.787285900822715803e+02 3.814353892929834728e+02 3.609248726876618321e+02 3.975410758108101845e+02 4.360841605765450026e+02 4.725024350019158987e+02 5.278558363837223624e+02 5.853141080965816627e+02 6.080429831561458514e+02 5.876299291591574274e+02 5.465234068453884220e+02 5.722788956254836421e+02 6.015664519696795196e+02
4.941951993357197921e+02 4.456575349135734996e+02 4.108298228736117039e+02 3.808251767920180555e+02 3.535578795377879828e+02 3.309941531104772139e+02 3.124786683823214730e+02 2.948622966802115002e+02 3.361240563712247535e+02 3.798277182044693063e+02 3.943866941947428018e+02 3.914760888447813159e+02 3.467896249942223790e+02 2.804342339568590887e+02 2.662116888283555340e+02 2.124363719866135796e+02 2.694600983246244255e+02 3.089401817473457754e+02 2.944592384485475236e+02 2.885231223997727739e+02 3.228489373101293722e+02 3.251584175153946035e+02 2.791315605649192548e+02 3.319210952311281062e+02 3.101805700723539871e+02 3.204958274600276695e+02 3.306779810148738648e+02 3.714380797001164751e+02 4.073052314018193556e+02 4.707364205586172261e+02 5.266151319722278004e+02 5.572845494133173361e+02 5.481948512067699539e+02 5.130310290832154578e+02 5.718192528903621223e+02 6.131739428425881897e+02 6.475423132923243656e+02
5.388486172260636522e+02 5.012099415923121910e+02 4.687880704724798306e+02 4.389139594994868503e+02 4.106599513684997760e+02 3.832278528903553365e+02 3.747699612949097627e+02 3.385976292855766587e+02 2.728846407637009293e+02 3.177592617608219712e+02 3.330114718075968767e+02 3.454886248312278667e+02 3.040869368025536801e+02 2.644569305312895722e+02 2.086570272468862015e+02 2.664389150079985029e+02 3.116953480829444629e+02 3.571864992588874657e+02 3.574290457800926220e+02 3.455536845706084819e+02 3.854316037553289789e+02 3.819983044458184054e+02 3.404366969642468916e+02 2.949161379688857778e+02 3.522548255635342116e+02 3.881859272303238413e+02 3.930771930619552563e+02 3.497793721963769258e+02 4.113629646749336644e+02 4.611131081575363169e+02 4.850416883673130997e+02 5.070686857937987497e+02 4.746372138287977123e+02 5.273358809379728882e+02 5.526626765976767501e+02 5.817967771102497636e+02 6.225495721005688665e+02
6.012466919853253557e+02 5.674414757684929782e+02 5.356648265880814961e+02 5.021020409835129499e+02 4.653092932753604032e+02 4.413745318425000619e+02 4.089151629699551336e+02 3.610853038294107478e+02 3.063563198382937003e+02 2.449950722450347769e+02 2.859846133202453302e+02 2.963586378405025243e+02 2.585093752907615112e+02 2.048352810479283619e+02 2.608538612686991769e+02 3.058833827059330588e+02 3.525982439337897176e+02 3.944273116369257650e+02 4.162785019181998791e+02 4.096034436579179783e+02 4.446547977688257447e+02 4.365060678161980832e+02 3.858934538150404023e+02 3.261942595299423147e+02 3.875818898674773436e+02 4.388934378260581752e+02 4.477720934259550063e+02 4.144786125766888176e+02 3.701208911616395767e+02 4.242836089314233732e+02 4.092478845318370304e+02 4.652710986870433771e+02 4.518451802780262483e+02 4.993914975935904295e+02 4.835375852617294186e+02 5.046103895784988254e+02 5.703399186231501972e+02
6.586424228478280156e+02 6.297455894996707002e+02 5.995475701041420962e+02 5.558389969651815363e+02 5.078728455180254855e+02 4.460305229472540987e+02 3.880007748355375270e+02 3.347199377912458544e+02 2.892218143296125845e+02 2.509294719237858260e+02 2.196731921241782004e+02 2.471673184031980952e+02 2.010341307247972225e+02 2.573903640343639836e+02 2.588870633055902317e+02 2.973460863970374248e+02 3.404956576284661196e+02 3.901636978071494468e+02 4.426811009175374352e+02 4.735315226502336259e+02 5.027180540879589330e+02 4.859080845942704627e+02 4.269651829714965174e+02 3.622623509739631800e+02 4.220032836328562666e+02 4.745405091690390122e+02 4.989955409230033752e+02 4.774322544879427141e+02 4.327744097420864477e+02 3.884806495863288660e+02 4.417331481026729421e+02 4.274078868470963357e+02 4.397542895058248860e+02 4.566937546744624683e+02 5.211902170140232329e+02 5.541500394819390749e+02 5.314583868284989876e+02
6.583454782093364202e+02 6.439255296855792494e+02 6.309522145747363311e+02 5.998226955335720731e+02 5.457314893276156909e+02 4.909564141218845634e+02 4.374467639952771378e+02 3.859193786071903673e+02 3.364496914715608114e+02 3.035322698824113559e+02 2.571719736754492942e+02 1.973168652119318836e+02 2.549035346249562792e+02 3.001540243961486567e+02 3.250407397096407749e+02 3.638785351110062152e+02 3.857425108019555751e+02 4.295827207345975580e+02 4.773614647944625062e+02 5.249015577816156792e+02 5.561537864792383061e+02 5.340169818261017554e+02 4.748449157831225307e+02 4.231102949926147971e+02 4.157473659188276542e+02 4.811362918617779769e+02 5.365090035080208963e+02 5.275738293813255950e+02 4.779408393894058804e+02 4.198162720024751593e+02 4.722464636687192865e+02 4.984964164678378893e+02 4.963452146366336137e+02 4.835056149452155410e+02 5.374838732681347437e+02 5.849057163227594174e+02 5.829485495508043869e+02
5.927001189988654914e+02 5.894711466673404630e+02 6.112074107047320695e+02 6.150169757025130366e+02 5.838597300352198545e+02 5.390074886025821570e+02 4.889554663893875386e+02 4.301708992092716812e+02 3.741502408240253885e+02 3.092807076435103113e+02 2.486996615028338624e+02 1.950659638021039939e+02 2.582825392947109435e+02 3.189708178755196286e+02 3.676979630620289186e+02 4.092240138892232153e+02 4.460686480119175030e+02 4.785601108113340274e+02 5.223489671762010857e+02 5.662155363358306204e+02 6.013660247292540362e+02 5.831139768025255989e+02 5.338550643680686107e+02 4.929052053126353599e+02 4.571878642989149171e+02 5.173124649748637012e+02 5.721302572060598095e+02 5.694279715990541035e+02 5.157679719682854511e+02 4.547769621840816967e+02 5.046419739274359699e+02 5.548776942862061787e+02 5.603704185926736727e+02 5.501875262810117420e+02 5.315953770802585723e+02 5.869035670078670819e+02 6.327422975578573414e+02
5.242026750949339657e+02 5.160325490218195910e+02 5.611708303422639119e+02 5.897494515278395966e+02 5.849357421733755018e+02 5.505444546682722375e+02 5.090079105545636367e+02 4.623673173601637814e+02 4.084668663095359875e+02 3.420970696196329754e+02 2.628141511897719624e+02 1.931597986993064069e+02 2.484972381473583312e+02 2.915121372388423424e+02 3.492209164335127412e+02 3.992945145802692082e+02 4.519771625696111528e+02 5.056051325648408010e+02 5.565463059425165966e+02 5.997316230462691919e+02 6.319195635769115142e+02 6.284505079570686803e+02 6.004209926068033383e+02 5.554869273103417981e+02 5.076896511007118988e+02 5.610431284827964191e+02 6.123576436799986595e+02 6.097945727659028989e+02 5.547377023722704052e+02 4.945631776667840995e+02 5.422174061022456044e+02 5.942196515555051519e+02 6.258304187856467706e+02 6.165773224744829122e+02 5.699395732873811085e+02 6.138421837958948117e+02 6.680695670075905355e+02
4.749495862576399645e+02 4.467117451367148533e+02 4.996535750449547777e+02 5.442944543068105077e+02 5.492619226354883040e+02 5.069510723220853379e+02 4.686428100667794183e+02 4.461104571985339362e+02 4.110202760839387679e+02 3.571416739071815414e+02 2.978955329208777698e+02 2.467102038844380445e+02 1.898224358668652485e+02 2.518697310922019028e+02 2.922172865688033312e+02 3.507836391108489238e+02 4.148063577909866808e+02 4.823153037671916081e+02 5.320543855018428303e+02 5.771624344146209751e+02 6.188014889546751647e+02 6.492620447226023543e+02 6.483272044651936312e+02 6.183589026097115493e+02 5.680076056800819515e+02 6.124563153687503245e+02 6.577884107348728548e+02 6.528745798928899831e+02 5.986035436781595536e+02 5.417521494443020629e+02 5.857732304433332047e+02 6.383383630130242636e+02 6.807855476610671985e+02 6.703490399451975463e+02 6.169677526765182165e+02 6.543456081330483585e+02 7.048199307090633283e+02
4.303585759981909291e+02 3.980248084754126126e+02 4.489931350921958710e+02 4.903607411484584873e+02 5.002792676728124661e+02 4.657953799888014714e+02 4.026534630829730190e+02 3.849293914969894104e+02 3.709594573385163585e+02 3.282286183201199492e+02 2.864932166480018623e+02 2.421044248598155093e+02 1.875005419443221228e+02 2.157874903335109877e+02 2.806878954899107157e+02 3.426854201964553681e+02 3.902897819869562568e+02 4.286702649813998960e+02 4.723583503610199159e+02 5.197133023965012626e+02 5.725191285348056454e+02 6.337035564373920806e+02 6.743368392104570148e+02 6.693468590061528403e+02 6.380695806379790156e+02 6.699795854523943035e+02 7.065721426737262618e+02 6.998443379781988369e+02 6.508969436237498485e+02 6.013342661913362690e+02 6.379869588947298098e+02 6.866794504029402333e+02 7.310030462623165022e+02 7.239834333654332568e+02 6.761588047566760906e+02 7.099827252855395727e+02 7.520339110390581254e+02
3.938976366093513661e+02 3.604687746064565772e+02 3.910264859256062095e+02 4.239037190783640767e+02 4.387726572529385294e+02 4.374998961882548656e+02 3.830442566608687116e+02 3.160913858076522160e+02 3.067097847211443309e+02 2.864115177409780699e+02 2.362735091201282955e+02 1.846684494977335760e+02 2.337590234491890442e+02 2.599983793320665200e+02 2.598969664932420756e+02 2.926845375083578347e+02 3.291029121421954642e+02 3.690853975503729885e+02 4.138562466762195982e+02 4.655049480944717288e+02 5.282635757576664446e+02 6.010093941309543197e+02 6.746239228255973330e+02 7.045879889352398777e+02 7.043316863494134168e+02 7.256783371017914988e+02 7.490424856115992043e+02 7.468415641907153031e+02 7.172484751475873281e+02 6.761042413738790628e+02 7.045330208010489059e+02 7.406596428190700863e+02 7.815084999975969140e+02 7.827846062662066515e+02 7.540514801087158503e+02 7.764810924869576638e+02 8.160621690834620949e+02
4.515649907854649427e+02 3.912205477938120453e+02 3.237011467679017187e+02 3.447057603352864135e+02 3.846842701554501218e+02 3.949628924419521923e+02 3.680860472052477235e+02 3.118059870754194662e+02 2.416178917077089636e+02 2.366582506303238631e+02 1.810616348691033863e+02 2.352197982310937903e+02 2.274601696231311507e+02 2.583566721817212510e+02 3.111697727880886646e+02 3.479425045559394221e+02 3.859746273764504281e+02 4.280111150931004431e+02 4.738118936449100147e+02 5.171148216504462880e+02 5.718826254584662365e+02 6.348593846412151152e+02 6.794761473717734361e+02 6.915571627289460821e+02 6.989721650359857676e+02 7.229512181245006559e+02 7.517205164145499339e+02 7.735623472587643619e+02 7.684168975678278457e+02 7.546840612834131434e+02 7.681778468918563476e+02 7.940229323216576631e+02 8.233206176327057619e+02 8.372379646997603686e+02 8.353581964802392577e+02 8.557281359808724801e+02 8.847452692347344509e+02
4.766731383182023478e+02 4.225084370154236808e+02 3.479676332795143026e+02 2.825587670896377972e+02 3.191719060122989049e+02 3.331070237896401522e+02 3.295333175831070776e+02 2.772789911035907267e+02 2.325943512883562221e+02 1.773193479639098200e+02 2.383279082137368903e+02 2.797892783563771673e+02 2.879520544640723188e+02 3.200579534618354955e+02 3.085819400467871105e+02 3.460329440830606131e+02 3.884313079307673320e+02 4.386526925383168987e+02 4.978469585875557755e+02 5.621135732928488551e+02 6.167699215921991254e+02 6.506155767316811307e+02 6.509398432090324604e+02 6.284966736908022540e+02 6.304490011806649363e+02 6.642278842781494177e+02 7.049050891351758992e+02 7.511856897494999430e+02 7.769367670833620423e+02 7.746344712204936513e+02 7.682507824634961935e+02 7.901596873478873704e+02 8.201144153490735107e+02 8.497345155052719292e+02 8.706155425132757273e+02 8.933982347216335711e+02 9.139179742443518535e+02
4.657384879768056862e+02 4.365085976012977085e+02 3.828240710855987459e+02 3.187391260319593584e+02 2.422189834188342843e+02 2.752842835520139033e+02 2.845371476383896834e+02 2.407505662699670381e+02 1.735315411680096247e+02 2.289599850486569892e+02 2.573911918695374652e+02 3.129422561855801064e+02 3.555976467884541421e+02 3.742025870452173422e+02 3.666823780507853598e+02 4.129668268241493934e+02 4.335582397083639421e+02 4.890422969668132396e+02 5.440827400256844157e+02 6.032623263678410694e+02 6.387588131933697468e+02 6.342680419815186497e+02 6.003088104868910477e+02 5.523971547415865189e+02 5.607846960995113932e+02 6.037965307400013444e+02 6.542779230976711915e+02 7.030078036808768047e+02 7.433982117448337021e+02 7.322114981008054428e+02 6.977430400272862698e+02 7.284530042752152212e+02 7.670310655383171934e+02 8.124028999682622043e+02 8.261807908688213047e+02 8.598826331948203006e+02 8.662142685287317363e+02
4.208287103122447093e+02 4.196181229982137211e+02 3.850017157952675007e+02 3.325930109074731149e+02 2.710249298335570529e+02 2.018851128407809199e+02 2.310320206709860997e+02 2.203569000446957205e+02 1.711956829384907621e+02 2.415828248848488045e+02 3.066644715911763797e+02 3.533957763594560788e+02 3.993693873667177172e+02 4.341125016429555217e+02 4.336783889968533572e+02 4.668116987328985488e+02 5.006862053565218957e+02 5.408123475726995366e+02 5.942669930277317007e+02 6.304294052348376454e+02 6.329369874262476969e+02 5.981812635269712928e+02 5.398854455092849776e+02 4.816272535901462106e+02 5.115607232210172128e+02 5.552209723964318755e+02 6.042026557162237168e+02 6.618012222397338746e+02 6.996174594451498479e+02 6.770843269136306617e+02 6.265835112249048962e+02 6.636100396613096564e+02 7.145594499338571950e+02 7.643328394146645905e+02 7.681161248662057233e+02 8.083284426996601724e+02 8.071001742814654563e+02
3.582415965924665215e+02 3.676110255329288634e+02 3.436429697065318010e+02 3.021520706774091991e+02 2.617032444867732579e+02 2.157014403569398553e+02 1.658239874929354301e+02 1.679540106443430716e+02 2.227054041904739279e+02 2.588491994541354870e+02 3.225666627483557249e+02 3.886967809446401816e+02 4.342746403357733698e+02 4.698221793478844006e+02 4.908874632749834745e+02 5.201309248488598769e+02 5.540886448597273102e+02 5.900429059936465137e+02 6.238797995288671245e+02 6.336206985763294597e+02 6.042771870599946169e+02 5.489580709037674069e+02 4.918476839625059256e+02 4.315602512885237161e+02 4.681785386961369113e+02 5.112419031905512270e+02 5.662589885786375135e+02 6.342725828486953787e+02 6.548543253645527784e+02 6.179188547758760706e+02 5.678351803749989131e+02 6.125781441284584616e+02 6.687541680180585217e+02 7.179001338558692851e+02 7.132565094872534246e+02 7.572564404256336275e+02 7.564233188992193391e+02
