output/field_example_test/elevation_000026.asc
nrows	150
cellsize	66.66666667
xllcorner	0
ncols	150
yllcorner	0
NODATA_value	-9999
[rows 51 to 67 of 150, columns 0 to 36 of 150]
6.474411239618605351e-04 6.898198569200195607e+01 1.364581501754571207e+02 1.596062396564487358e+02 1.072230235371906986e+02 1.662489935052458918e+02 2.119446543101742577e+02 2.515517130924019398e+02 2.987591572490554768e+02 3.274078788792132286e+02 3.643900157942871942e+02 4.147006075010860400e+02 4.797039439815202968e+02 5.330145716517165511e+02 5.658863117929486179e+02 5.813634901049534847e+02 5.722537637153347987e+02 5.572377871515828929e+02 5.340457921216745945e+02 5.786198882100923129e+02 6.324129354828089618e+02 6.536138153385768419e+02 6.180650615434607289e+02 5.796265171058327041e+02 5.543132109995591463e+02 6.101229413518981346e+02 6.710906079385139265e+02 7.353981029777000913e+02 7.861823066961508175e+02 7.752058595615706054e+02 7.171745163145626520e+02 6.529847302372508011e+02 5.959527606678310576e+02 5.395343890252761412e+02 4.887046956705935372e+02 4.946434705415639428e+02 5.464254361820013628e+02
2.991442671798761992e-04 6.875167994732980503e+01 1.403564254330125038e+02 1.838446034110416178e+02 1.735508276764524567e+02 1.335220857332812159e+02 1.522799221126504676e+02 2.103815939107646216e+02 2.591443596557654701e+02 2.674156799981102495e+02 3.231502852563841657e+02 3.922361941280811379e+02 4.360718207960404698e+02 4.761608424145932190e+02 5.198596463666152658e+02 5.517152696143093635e+02 5.790635932658275351e+02 6.012713070062801535e+02 6.020620883856009868e+02 6.339999907024910044e+02 6.800102377671947806e+02 6.985758681732135074e+02 6.663610263752931360e+02 6.322499658492296248e+02 5.765009467747488543e+02 6.241193081832643657e+02 6.804621652090977477e+02 7.433439970445342624e+02 8.006581790895356789e+02 8.062728785209659463e+02 7.563375789405056366e+02 6.961588796160456241e+02 6.303017089159981197e+02 5.700731389386302226e+02 5.186349738404851450e+02 5.242151494504621496e+02 5.759386559253207452e+02
5.382406089261300560e-04 6.154286198075921988e+01 1.302266262840084892e+02 1.938042426397479119e+02 2.195270006897390545e+02 2.078466536838649290e+02 2.168750343718775184e+02 1.791074679647512653e+02 1.995644966974657279e+02 2.674654496118879479e+02 3.218129194139924607e+02 3.480402004314891542e+02 3.768763410920010415e+02 4.127430832076697129e+02 4.478903654882931278e+02 4.859278164159144353e+02 5.403092215049973674e+02 5.929049419492184825e+02 6.396945582175071650e+02 6.830093325038251351e+02 7.213579852178684177e+02 7.398957499070478434e+02 7.076217936461307545e+02 6.529538868138477028e+02 6.012335370815620763e+02 6.405232781180792472e+02 6.932766393473609696e+02 7.539952489215623928e+02 8.132590094506293781e+02 8.351274471845024436e+02 8.019277607676597199e+02 7.354952824630148598e+02 6.661411858595698732e+02 6.045955115513885403e+02 5.527697097891597195e+02 5.582925012646032883e+02 6.095530227599389264e+02
9.405933839789771796e-05 5.694975325575220637e+01 1.209059274681169285e+02 1.875216880384500655e+02 2.445980484451352766e+02 2.687303227092274938e+02 2.754321202986399726e+02 2.464723521100729613e+02 2.647728550162398165e+02 2.328117040675339524e+02 2.926313315139769884e+02 2.929677171649993284e+02 3.162202959409816572e+02 3.438261632741533731e+02 3.762592571368832637e+02 4.149187466196622154e+02 4.827716016443499711e+02 5.540796529981480489e+02 6.208390677225334002e+02 6.772448467105047030e+02 7.316285820102526714e+02 7.693028186641796538e+02 7.484940511553797933e+02 6.950561198845047102e+02 6.430006343094054273e+02 6.432150775402934642e+02 6.998195652237857303e+02 7.601935710350310273e+02 8.152389284977036823e+02 8.534023302402281388e+02 8.360170081910997624e+02 7.748148267651788501e+02 7.068991244150540751e+02 6.466681779370348977e+02 5.922668459723894330e+02 5.984197860212193518e+02 6.523568091829042714e+02
4.552373030990004800e-04 6.593506530108241748e+01 1.248613656550202933e+02 1.821166309322992163e+02 2.388271005068318686e+02 2.887219175836333989e+02 3.219030118114105790e+02 3.175270204968230132e+02 3.280767496937691590e+02 2.971855295846494300e+02 2.624566498362718789e+02 3.005061690256929410e+02 3.450433257250923020e+02 3.817857720012985396e+02 4.195497455003970799e+02 4.664321373865709006e+02 4.699084447715471811e+02 5.148811089608310567e+02 5.697373989594976820e+02 6.347485288845504101e+02 7.112454921642491854e+02 7.791886054116700961e+02 7.836058131480760949e+02 7.387688357007901914e+02 6.935638535678046992e+02 7.006363214060313567e+02 6.887751420143487167e+02 7.295135687751155729e+02 7.910391688963020442e+02 8.526206915122253349e+02 8.655973644646994671e+02 8.181339383806017622e+02 7.559654288095192669e+02 6.912786097921472219e+02 6.393714254942944990e+02 6.471329267418130939e+02 6.999007670753634329e+02
9.620149528071391450e-04 3.145661682842619555e+01 8.016906066352609628e+01 1.358545877180835078e+02 1.994736581173749244e+02 2.705140687463809854e+02 3.362891366432751852e+02 3.737334973839281815e+02 3.837391328665596006e+02 3.514846211618448706e+02 3.035107054769732144e+02 3.375633137164803657e+02 3.767129682135351345e+02 4.202934515605443835e+02 4.603809388164178813e+02 5.033368373958286384e+02 5.331379377690562933e+02 5.702768375085421440e+02 6.238227348522643751e+02 6.815566263865824794e+02 7.431568722572152410e+02 8.049809531210369187e+02 8.204683313078102174e+02 7.881136920422472940e+02 7.551217708244626010e+02 7.641109973789402829e+02 7.367988186499528638e+02 7.820298002102487089e+02 7.953137749498711173e+02 8.569586200647835312e+02 8.965981885849359969e+02 8.682401950320653441e+02 8.040438873580477548e+02 7.426466119664132748e+02 6.994958781509662913e+02 7.078758841139971310e+02 7.597450577616158398e+02
1.585375988990400783e-04 5.986945550954913386e+01 8.446807708763586220e+01 1.355687756631284913e+02 1.930005569079344809e+02 2.581282793103919744e+02 3.279976116555169483e+02 3.919514780326083496e+02 4.237177708204443434e+02 4.051819482718950667e+02 3.563575718030799067e+02 3.868257406750612972e+02 4.239315425879954660e+02 4.634633024752479855e+02 5.085836491885205533e+02 5.519658368962910799e+02 5.978718479280478277e+02 6.376215127858528149e+02 6.807481826841959673e+02 7.357078308522801535e+02 7.820628068518067266e+02 8.253158219424309436e+02 8.488797788029423828e+02 8.404961482344655224e+02 8.214505940021815604e+02 8.240575375190350087e+02 7.943648935582815511e+02 8.344771631253654505e+02 8.444086998414743448e+02 8.882048271190521973e+02 9.301553010747525150e+02 9.124013952982145383e+02 8.559235813593859348e+02 8.029113344773096514e+02 7.839062579970952811e+02 7.844512353406295233e+02 8.208718421906717140e+02
4.462850991293150407e-04 6.409940576792517675e+01 1.218998889194663207e+02 1.500772180998723968e+02 2.008295651383115796e+02 2.599106954554386562e+02 3.237240929164596537e+02 3.887815590638464300e+02 4.418822211089389498e+02 4.497419343483499574e+02 4.295790395408635050e+02 4.337581070669884866e+02 4.773318716559026598e+02 5.175931855282226479e+02 5.594234496208390510e+02 6.086937204102040369e+02 6.550208792772923516e+02 7.029391739322239800e+02 7.357305301655652556e+02 7.616381653036293073e+02 7.759374169525144680e+02 7.996866189484005645e+02 8.279941180665716729e+02 8.523560500081745204e+02 8.678915634805306354e+02 8.728264483982375168e+02 8.582754578498409046e+02 8.880888160496704131e+02 8.987001085407168830e+02 9.350298842331295646e+02 9.648033746301310885e+02 9.555331354635877688e+02 9.122483066416308475e+02 8.842752118715492315e+02 8.637187249988269286e+02 8.590007583580076016e+02 8.746091371059285393e+02
5.062654624056582434e-04 6.077504481668726299e+01 1.264355921763771420e+02 1.882558666510124965e+02 2.363455636601162837e+02 2.838417093258192949e+02 3.337504622516822224e+02 3.857156382689266820e+02 4.365103007192643076e+02 4.760592032737278601e+02 4.911153442099347330e+02 4.945638506045511349e+02 5.242319842904902316e+02 5.684455724355501616e+02 6.130705412176137088e+02 6.586777516984101339e+02 7.088369971751158118e+02 7.407715466438545491e+02 7.480786321382960296e+02 7.316512251147179313e+02 7.087153779174374222e+02 7.259071220596684952e+02 7.666306911605114465e+02 8.147299104488242847e+02 8.523221150953214647e+02 8.851064377591757193e+02 9.063606421270053488e+02 9.248369788412150001e+02 9.400800163015151156e+02 9.621702895771436488e+02 9.845612944441124910e+02 9.845772521314040659e+02 9.553847657584136641e+02 9.168612346067100134e+02 8.837724534249462067e+02 8.616001713343338224e+02 8.559703762154487094e+02
9.885879683443981290e-04 6.036387594763296249e+01 1.242300607354496691e+02 1.835998367977116743e+02 2.146710396664822156e+02 2.441544452244127115e+02 2.873980142614752253e+02 3.386534498416122005e+02 3.970321983025250461e+02 4.632532398832061631e+02 5.129033547672052009e+02 5.434287070074955182e+02 5.705587924707025422e+02 6.066388886828691511e+02 6.507658246393264108e+02 6.949851639401942975e+02 7.324392346460342651e+02 7.421850624076790837e+02 7.168835159574346108e+02 6.699489174458723255e+02 6.258768569510649513e+02 6.589764755970169290e+02 7.052655471392973823e+02 7.511476296053317583e+02 7.990805871623499570e+02 8.534600442289153079e+02 8.882260098164966848e+02 8.954158837665313513e+02 8.990596008235086174e+02 9.173553918447705655e+02 9.505506453275901322e+02 9.654882157224838011e+02 9.340255368043088993e+02 8.767152297285401801e+02 8.307808007201490454e+02 7.927718153386039148e+02 7.788645725895677288e+02
6.792166669057083479e-04 6.319240489011196615e+01 1.121804052590408958e+02 1.470481132593408802e+02 1.468735366880594881e+02 1.866710186651099548e+02 2.340955965009306965e+02 2.912043411378369910e+02 3.584070423426753109e+02 4.292347069674738123e+02 4.954961592187879091e+02 5.260480926780808204e+02 5.557857519282257499e+02 5.906487298928817609e+02 6.314489588270173499e+02 6.748377573006612238e+02 7.113698476823207102e+02 7.113931924511043690e+02 6.663878407212661159e+02 6.160522154826320502e+02 5.632994224162663386e+02 6.028992869128063603e+02 6.450274710863316159e+02 6.915537664803958933e+02 7.481980452842794875e+02 8.026633596058283047e+02 8.403204674280211748e+02 8.255388906175787724e+02 8.145461653790609944e+02 8.498912785633444855e+02 8.886341720813951497e+02 9.224148296983375985e+02 8.946976491292712126e+02 8.294251947933911424e+02 7.697448201658392009e+02 7.265886063125614100e+02 6.928779308865625808e+02
3.095820745989581735e-04 2.569383088092450507e+01 5.670306888460647343e+01 9.203242848746461391e+01 1.478777715937061714e+02 2.092473958444704181e+02 2.762774366227961309e+02 3.393210337217531674e+02 3.906284437866872281e+02 4.334679772880139126e+02 4.643501726928186031e+02 4.603656123736051313e+02 4.916833988651781056e+02 5.282930135474043709e+02 5.718625944959068192e+02 6.224538110181351840e+02 6.734574481226967464e+02 6.732080935165915889e+02 6.235507803733254377e+02 5.669329316511298202e+02 5.156187738473228137e+02 5.541454480299994430e+02 5.956967524216811398e+02 6.454675373554086946e+02 7.011810922318740040e+02 7.690665933152024536e+02 7.872725799286474739e+02 7.530557614036038103e+02 7.415956687098171187e+02 7.837121864566287286e+02 8.367561010821067384e+02 8.805441684611867004e+02 8.555782628525849987e+02 7.853349230857722887e+02 7.205470211564158944e+02 6.699064395392989582e+02 6.317081691992030983e+02
8.517285258632341979e-04 6.311824123158588407e+01 1.126604115537246571e+02 1.502109246989129474e+02 1.978649566805281381e+02 2.598501265266241944e+02 3.147312498459118046e+02 3.612482571786640619e+02 3.873106058736486261e+02 3.802918847590116229e+02 4.080617012215011528e+02 3.905821247649859060e+02 4.245901216663829132e+02 4.652251663739436367e+02 5.157945326108961126e+02 5.804659170631483676e+02 6.382641667721701424e+02 6.343946113785984835e+02 5.836477184586429985e+02 5.287306735828769888e+02 4.773986530887946742e+02 5.150863729151727739e+02 5.582066267054143509e+02 6.022213491410155939e+02 6.716039376099728315e+02 7.373490854806441348e+02 7.381382988770131988e+02 6.910453224949887954e+02 6.843426879479977742e+02 7.345787275703238492e+02 7.958909937922153404e+02 8.463770882587497226e+02 8.239340085400483531e+02 7.473606176806713393e+02 6.752185286379029776e+02 6.269733476179180798e+02 5.847758666313709455e+02
-2.161618358024713742e-03 5.947695895177103864e+01 1.235644317706913426e+02 1.886678199903669224e+02 2.421615108786199073e+02 2.867063374102553439e+02 3.239002198597596589e+02 3.444898886431136020e+02 3.456345537568611235e+02 3.140781679240176345e+02 3.473318350119542970e+02 3.323848725364067604e+02 3.701122839991047613e+02 4.167839046538210823e+02 4.773670701192633032e+02 5.506255547680696054e+02 6.103227486729696238e+02 5.965885268051802086e+02 5.402748684946163849e+02 4.909586436427077274e+02 4.457827404833890910e+02 4.849005886220539310e+02 5.249225450924351435e+02 5.989098520050956722e+02 6.741986150070084705e+02 7.183365054673749910e+02 6.940339710995775704e+02 6.364599835026790515e+02 6.392490754038940395e+02 6.965315297743323981e+02 7.636582553838391050e+02 8.222705877814026962e+02 8.090955398014845059e+02 7.389768365631458664e+02 6.632842454422466290e+02 5.939703197158142984e+02 5.470832181391697304e+02
-2.229181703625709998e-03 5.570266653504125287e+01 1.195760335129182721e+02 1.870356638639101448e+02 2.435828618284608069e+02 2.658320593341555309e+02 2.745845711732640666e+02 2.858703686641181321e+02 2.847463709162099690e+02 2.537667045479875583e+02 2.846674154967584514e+02 3.331071137113668783e+02 3.889996707117580286e+02 4.556034965700380326e+02 5.156704637966878408e+02 5.745757522060592919e+02 5.973783601247466777e+02 5.616233159124657277e+02 4.954112124392970600e+02 4.379606653241127674e+02 4.190967265517577403e+02 4.598563351162319464e+02 5.249148875906278136e+02 6.005647246121143326e+02 6.702851213343330983e+02 6.926062860206531013e+02 6.476402677782796218e+02 5.853420619542733903e+02 6.473732547858738826e+02 7.059738618667536230e+02 7.627935502748432555e+02 8.075415628538310102e+02 8.047848446884377154e+02 7.440939900629780368e+02 6.719455959978461124e+02 6.072071189094148167e+02 5.529081870514580714e+02
-6.136218851422298691e-03 6.066329541348257948e+01 1.277523501382855642e+02 1.895045362943656073e+02 2.149276041008525340e+02 2.031574349232655550e+02 2.099677983680159059e+02 2.230754840024362124e+02 2.125389294560976623e+02 2.826469577219186249e+02 3.385145897164012467e+02 3.812018777779959464e+02 4.341807880908294237e+02 4.923605023600343316e+02 5.535432415562324877e+02 5.885743665633937098e+02 5.761513332993494032e+02 5.204653809504862920e+02 4.563305989893017909e+02 3.862398525217155338e+02 4.490398781750302533e+02 5.039280833127141364e+02 5.588503603794563332e+02 6.181265813620179870e+02 6.682739164822999101e+02 6.680781871062583832e+02 6.135974139763143285e+02 5.501325162705754792e+02 6.111214096929857078e+02 6.678079166619485250e+02 7.250994950781179114e+02 7.779660686101802867e+02 7.986565484323276678e+02 7.617805126403815166e+02 6.890123077816703017e+02 6.203809972312494665e+02 5.610006936976359384e+02
-5.699245925908344272e-03 6.673398587229999634e+01 1.336777534495414841e+02 1.716390818376231664e+02 1.652903565314641696e+02 1.290399425423180730e+02 1.485369905670286812e+02 1.710219301367848175e+02 2.221320275545425886e+02 2.814826759446902997e+02 3.461715302594091099e+02 4.138677514921073453e+02 4.757449472734762139e+02 5.310822889526417612e+02 5.720138978888077190e+02 5.783091082080707110e+02 5.450983456301956949e+02 4.855958023700597437e+02 4.221484540744967831e+02 3.615559704998240136e+02 4.317640375353655600e+02 4.886906533193658788e+02 5.439335393629902455e+02 5.941404007522349957e+02 6.459333545252651447e+02 6.412495223069481654e+02 5.803152840257503158e+02 5.184344849702894180e+02 5.672896674917807331e+02 6.295085800809481498e+02 6.852739938543786593e+02 7.293486206208158364e+02 7.739207492195261011e+02 7.737686860814657166e+02 7.283606338636276405e+02 6.711063395426889429e+02 6.139717215700676434e+02
