output/field_example_lateral_OFF/discharge_000005.asc
nrows	150
cellsize	66.66666667
xllcorner	0
ncols	150
yllcorner	0
NODATA_value	-9999
[rows 119 to 135 of 150, columns 74 to 110 of 150]
1.408359458542122436e-04 1.408359458542122436e-04 2.380127484936189752e-02 1.408359458542122436e-04 1.408359458542122436e-04 5.633437834168489745e-04 2.816718917084244872e-04 1.408359458542122436e-04 1.408359458542122436e-04 4.506750267334794398e-03 2.816718917084244872e-04 1.408359458542122436e-04 1.408359458542122436e-04 2.816718917084244872e-04 5.154595618264191242e-02 4.225078375626367309e-04 4.225078375626367309e-04 1.408359458542122436e-04 2.816718917084244872e-04 5.633437834168489745e-04 2.816718917084244872e-04 2.816718917084244872e-04 1.408359458542122436e-04 4.225078375626367309e-04 1.408359458542122436e-04 4.225078375626367309e-04 1.408359458542122436e-04 2.816718917084244872e-04 1.408359458542122436e-04 1.408359458542122436e-04 1.408359458542122436e-04 1.408359458542122436e-04 1.408359458542122436e-04 5.633437834168489745e-04 1.408359458542122436e-04 5.633437834168489745e-04 5.633437834168489745e-04
4.225078375626367309e-04 2.816718917084244872e-04 2.422378268692453734e-02 1.408359458542122436e-04 2.816718917084244872e-04 9.858516209794855427e-04 2.816718917084244872e-04 1.408359458542122436e-04 1.408359458542122436e-04 5.070094050751644023e-03 2.816718917084244872e-04 1.408359458542122436e-04 1.408359458542122436e-04 5.253180780362140534e-02 2.816718917084244872e-04 2.816718917084244872e-04 2.816718917084244872e-04 2.816718917084244872e-04 1.408359458542122436e-04 2.816718917084244872e-04 1.408359458542122436e-04 1.408359458542122436e-04 1.408359458542122436e-04 1.408359458542122436e-04 1.408359458542122436e-04 1.408359458542122436e-04 1.408359458542122436e-04 1.408359458542122436e-04 1.408359458542122436e-04 1.408359458542122436e-04 1.408359458542122436e-04 2.816718917084244872e-04 2.816718917084244872e-04 8.450156751252733533e-04 1.408359458542122436e-04 1.408359458542122436e-04 8.450156751252733533e-04
4.225078375626367309e-04 5.633437834168489745e-04 9.196587264279966478e-02 6.760125401002196888e-02 6.717874617245934987e-02 6.647456644318831820e-02 1.408359458542122436e-04 1.408359458542122436e-04 6.239032401341633449e-02 6.196781617585369467e-02 1.408359458542122436e-04 1.408359458542122436e-04 5.394016726216353808e-02 1.408359458542122436e-04 1.408359458542122436e-04 1.408359458542122436e-04 1.408359458542122436e-04 1.408359458542122436e-04 1.408359458542122436e-04 1.408359458542122436e-04 1.408359458542122436e-04 1.408359458542122436e-04 1.408359458542122436e-04 1.408359458542122436e-04 1.408359458542122436e-04 1.408359458542122436e-04 1.408359458542122436e-04 1.408359458542122436e-04 1.408359458542122436e-04 2.816718917084244872e-04 2.816718917084244872e-04 2.816718917084244872e-04 4.225078375626367309e-04 1.408359458542122111e-03 1.408359458542122436e-04 1.408359458542122436e-04 1.408359458542122436e-04
4.225078375626367309e-04 9.379673993890434713e-02 4.225078375626367309e-04 1.408359458542122436e-04 2.816718917084244872e-04 1.408359458542122436e-04 6.478453509293784218e-02 6.379868347195839784e-02 1.408359458542122436e-04 1.408359458542122436e-04 5.619354239583095045e-02 5.534852672070567081e-02 4.225078375626367309e-04 8.450156751252733533e-04 5.633437834168489745e-04 2.816718917084244872e-04 1.408359458542122436e-04 1.408359458542122436e-04 1.408359458542122436e-04 1.408359458542122436e-04 1.408359458542122436e-04 5.633437834168489745e-04 2.816718917084244872e-04 2.816718917084244872e-04 1.408359458542122436e-04 4.225078375626367309e-04 2.816718917084244872e-04 1.408359458542122436e-04 1.408359458542122436e-04 2.816718917084244872e-04 7.041797292710611639e-04 1.408359458542122436e-04 4.225078375626367309e-04 2.112539187813183492e-03 1.408359458542122436e-04 1.408359458542122436e-04 2.816718917084244872e-04
9.506426345159220415e-02 2.816718917084244872e-04 2.816718917084244872e-04 2.816718917084244872e-04 1.408359458542122436e-04 1.408359458542122436e-04 7.041797292710611639e-04 8.450156751252733533e-04 1.408359458542122436e-04 1.408359458542122436e-04 5.633437834168489745e-04 4.225078375626367309e-04 2.816718917084244872e-04 2.816718917084244872e-04 1.408359458542122436e-04 1.408359458542122436e-04 1.408359458542122436e-04 4.225078375626367309e-04 1.408359458542122436e-04 1.408359458542122436e-04 2.816718917084244872e-04 1.126687566833697732e-03 4.225078375626367309e-04 1.408359458542122436e-04 1.408359458542122436e-04 9.858516209794855427e-04 2.816718917084244872e-04 1.408359458542122436e-04 1.408359458542122436e-04 2.816718917084244872e-04 1.126687566833697732e-03 1.408359458542122436e-04 2.816718917084244872e-04 2.816718917084245523e-03 1.408359458542122436e-04 2.816718917084244872e-04 1.408359458542122436e-04
1.408359458542122436e-04 1.408359458542122436e-04 1.408359458542122436e-04 1.408359458542122436e-04 1.408359458542122436e-04 1.408359458542122436e-04 4.225078375626367309e-04 4.225078375626367309e-04 2.816718917084244872e-04 1.408359458542122436e-04 2.816718917084244872e-04 1.408359458542122436e-04 1.408359458542122436e-04 1.408359458542122436e-04 1.408359458542122436e-04 1.408359458542122436e-04 1.408359458542122436e-04 8.450156751252733533e-04 1.408359458542122436e-04 1.408359458542122436e-04 2.816718917084244872e-04 1.971703241958971085e-03 2.816718917084244872e-04 1.408359458542122436e-04 1.408359458542122436e-04 1.549195404396334300e-03 2.816718917084244872e-04 1.408359458542122436e-04 1.408359458542122436e-04 2.816718917084244872e-04 1.549195404396334300e-03 1.408359458542122436e-04 2.816718917084244872e-04 3.380062700501095148e-03 1.408359458542122436e-04 4.225078375626367309e-04 1.408359458542122436e-04
1.408359458542122436e-04 1.408359458542122436e-04 1.408359458542122436e-04 1.408359458542122436e-04 1.408359458542122436e-04 1.408359458542122436e-04 1.408359458542122436e-04 1.408359458542122436e-04 1.408359458542122436e-04 1.408359458542122436e-04 1.408359458542122436e-04 1.408359458542122436e-04 1.408359458542122436e-04 1.408359458542122436e-04 1.408359458542122436e-04 1.408359458542122436e-04 2.816718917084244872e-04 1.267523512687909922e-03 1.408359458542122436e-04 1.408359458542122436e-04 2.816718917084244872e-04 2.675882971230033117e-03 2.816718917084244872e-04 1.408359458542122436e-04 1.408359458542122436e-04 2.112539187813183492e-03 2.816718917084244872e-04 1.408359458542122436e-04 1.408359458542122436e-04 2.816718917084244872e-04 1.971703241958971085e-03 1.408359458542122436e-04 2.816718917084244872e-04 1.829458936646169709e-01 1.791433231265533998e-01 1.787208152889907808e-01 1.778757996138655428e-01
3.236410035729835877e-01 2.816718917084244872e-04 2.816718917084244872e-04 2.816718917084244872e-04 1.408359458542122436e-04 1.408359458542122436e-04 1.408359458542122436e-04 1.408359458542122436e-04 1.408359458542122436e-04 1.408359458542122436e-04 1.408359458542122436e-04 2.816718917084244872e-04 2.816718917084244872e-04 2.816718917084244872e-04 2.816718917084244872e-04 1.408359458542122436e-04 2.816718917084244872e-04 1.830867296104758679e-03 1.408359458542122436e-04 2.816718917084244872e-04 1.408359458542122436e-04 3.380062700501095148e-03 2.816718917084244872e-04 1.408359458542122436e-04 1.408359458542122436e-04 2.675882971230033117e-03 2.816718917084244872e-04 1.408359458542122436e-04 1.408359458542122436e-04 2.816718917084244872e-04 2.394211079521608304e-03 1.408359458542122436e-04 1.840725812314506216e-01 2.816718917084244872e-04 1.408359458542122436e-04 2.816718917084244872e-04 2.394211079521608304e-03
1.408359458542122436e-04 3.227959878978581831e-01 4.225078375626367309e-04 2.816718917084244872e-04 2.816718917084244872e-04 1.408359458542122436e-04 4.225078375626367309e-04 2.816718917084244872e-04 1.408359458542122436e-04 2.816718917084244872e-04 1.408359458542122436e-04 5.633437834168489745e-04 7.041797292710611639e-04 1.408359458542122436e-04 4.225078375626367309e-04 2.816718917084244872e-04 1.408359458542122436e-04 2.394211079521608304e-03 1.408359458542122436e-04 4.225078375626367309e-04 1.408359458542122436e-04 2.135072939149797455e-01 2.816718917084244872e-04 1.408359458542122436e-04 2.816718917084244872e-04 3.098390808792670335e-03 2.816718917084244872e-04 1.408359458542122436e-04 1.408359458542122436e-04 2.816718917084244872e-04 1.885793314987852243e-01 1.857626125817010976e-01 4.225078375626367309e-04 2.816718917084244872e-04 1.408359458542122436e-04 1.408359458542122436e-04 1.971703241958971085e-03
1.408359458542122436e-04 2.816718917084244872e-04 3.215284643851700763e-01 4.225078375626367309e-04 1.408359458542122436e-04 2.816718917084244872e-04 8.450156751252733533e-04 1.408359458542122436e-04 2.816718917084244872e-04 4.225078375626367309e-04 1.408359458542122436e-04 8.450156751252733533e-04 9.858516209794855427e-04 1.408359458542122436e-04 5.633437834168489745e-04 4.225078375626367309e-04 1.408359458542122436e-04 2.192815676950022052e-01 2.166056847237722849e-01 2.161831768862096659e-01 2.150564893193760152e-01 1.408359458542122436e-04 2.092822155393535555e-01 2.085780358100825238e-01 2.075921841891030795e-01 2.067471685139778415e-01 2.816718917084244872e-04 1.408359458542122436e-04 1.408359458542122436e-04 1.892835112280562559e-01 1.408359458542122436e-04 5.633437834168489745e-04 4.225078375626367309e-04 2.816718917084244872e-04 1.408359458542122436e-04 1.408359458542122436e-04 1.408359458542122111e-03
1.408359458542122436e-04 2.816718917084244872e-04 5.633437834168489745e-04 3.198384330349192672e-01 1.408359458542122436e-04 3.158950265510007127e-01 2.816718917084244872e-04 1.408359458542122436e-04 4.225078375626367309e-04 5.633437834168489745e-04 1.408359458542122436e-04 2.264642009335667283e-01 2.253375133667330776e-01 1.408359458542122436e-04 2.223799585037947446e-01 2.216757787745237129e-01 2.209715990452526813e-01 2.816718917084244872e-04 1.408359458542122436e-04 5.633437834168489745e-04 9.858516209794855427e-04 1.408359458542122436e-04 5.633437834168489745e-04 7.041797292710611639e-04 4.225078375626367309e-04 1.408359458542122436e-04 2.028037620300600641e-01 1.408359458542122436e-04 1.964661444666207790e-01 6.900961346856405304e-03 1.408359458542122436e-04 1.408359458542122436e-04 2.816718917084244872e-04 2.816718917084244872e-04 1.408359458542122436e-04 1.408359458542122436e-04 9.858516209794855427e-04
1.408359458542122436e-04 4.225078375626367309e-04 5.633437834168489745e-04 7.041797292710611639e-04 3.181484016846684582e-01 1.408359458542122436e-04 3.143458311466041377e-01 2.291400839047966487e-01 2.287175760672340297e-01 2.280133963379629980e-01 2.271683806628377600e-01 1.408359458542122436e-04 1.408359458542122436e-04 2.237883179623368080e-01 2.816718917084244872e-04 1.408359458542122436e-04 8.450156751252733533e-04 2.816718917084244872e-04 1.408359458542122436e-04 4.225078375626367309e-04 7.041797292710611639e-04 1.408359458542122436e-04 4.225078375626367309e-04 5.633437834168489745e-04 2.816718917084244872e-04 1.408359458542122436e-04 4.225078375626367309e-04 2.018179104090806197e-01 2.816718917084244872e-04 1.408359458542122436e-04 6.478453509293768085e-03 2.816718917084244872e-04 1.408359458542122436e-04 1.408359458542122436e-04 1.408359458542122436e-04 1.408359458542122436e-04 5.633437834168489745e-04
2.816718917084244872e-04 4.225078375626367309e-04 5.633437834168489745e-04 1.690031350250546490e-03 2.816718917084244872e-04 1.408359458542122436e-04 8.506491129594355438e-02 1.408359458542122436e-04 1.408359458542122436e-04 1.408359458542122436e-04 1.408359458542122436e-04 1.408359458542122436e-04 1.408359458542122436e-04 5.633437834168489745e-04 2.816718917084244872e-04 1.408359458542122436e-04 4.225078375626367309e-04 2.816718917084244872e-04 1.408359458542122436e-04 2.816718917084244872e-04 2.816718917084244872e-04 2.816718917084244872e-04 2.816718917084244872e-04 4.225078375626367309e-04 1.408359458542122436e-04 2.816718917084244872e-04 4.225078375626367309e-04 4.365914321480581992e-03 1.408359458542122436e-04 1.408359458542122436e-04 2.816718917084244872e-04 5.774273780022706054e-03 5.633437834168489745e-04 4.225078375626367309e-04 2.816718917084244872e-04 1.408359458542122436e-04 2.816718917084244872e-04
2.816718917084244872e-04 4.225078375626367309e-04 1.408359458542122111e-03 1.408359458542122436e-04 1.408359458542122436e-04 1.408359458542122436e-04 8.478323940423514171e-02 1.408359458542122436e-04 1.408359458542122436e-04 1.408359458542122436e-04 1.408359458542122436e-04 1.408359458542122436e-04 1.408359458542122436e-04 1.408359458542122436e-04 1.408359458542122436e-04 1.408359458542122436e-04 1.408359458542122436e-04 1.408359458542122436e-04 1.408359458542122436e-04 1.408359458542122436e-04 1.408359458542122436e-04 1.408359458542122436e-04 1.408359458542122436e-04 2.816718917084244872e-04 1.408359458542122436e-04 2.816718917084244872e-04 4.225078375626367309e-04 2.394211079521608304e-03 1.408359458542122111e-03 2.816718917084244872e-04 1.408359458542122436e-04 4.225078375626367309e-04 4.647586213189006804e-03 4.225078375626367309e-04 2.816718917084244872e-04 1.408359458542122436e-04 1.408359458542122436e-04
2.816718917084244872e-04 4.225078375626367309e-04 8.450156751252733533e-04 1.408359458542122436e-04 7.041797292710611639e-04 5.351765942460068835e-03 1.408359458542122436e-04 7.886812967835847565e-02 7.830478589494165031e-02 1.408359458542122436e-04 6.323533968854157250e-02 1.408359458542122436e-04 1.408359458542122436e-04 1.408359458542122436e-04 1.408359458542122436e-04 1.408359458542122436e-04 1.408359458542122436e-04 1.408359458542122436e-04 1.408359458542122436e-04 1.408359458542122436e-04 1.408359458542122436e-04 1.408359458542122436e-04 1.408359458542122436e-04 1.408359458542122436e-04 1.408359458542122436e-04 2.816718917084244872e-04 2.816718917084244872e-04 1.830867296104758679e-03 1.408359458542122436e-04 9.858516209794855427e-04 1.408359458542122436e-04 2.816718917084244872e-04 7.041797292710611639e-04 3.380062700501095148e-03 1.408359458542122111e-03 9.858516209794855427e-04 4.225078375626367309e-04
2.816718917084244872e-04 2.816718917084244872e-04 4.225078375626367309e-04 4.225078375626367309e-04 5.633437834168489745e-04 3.943406483917944773e-03 1.408359458542122436e-04 2.816718917084244872e-04 1.408359458542122436e-04 7.760060616567061864e-02 1.408359458542122436e-04 6.267199590512474716e-02 6.224948806756212122e-02 6.168614428414526812e-02 1.408359458542122436e-04 4.718004186116130094e-02 2.816718917084244872e-04 1.408359458542122436e-04 1.408359458542122436e-04 4.422248699822282220e-02 2.816718917084244872e-04 2.816718917084244872e-04 1.408359458542122436e-04 1.408359458542122436e-04 1.408359458542122436e-04 1.408359458542122436e-04 2.816718917084244872e-04 1.126687566833697732e-03 2.816718917084244872e-04 1.408359458542122436e-04 7.041797292710611639e-04 1.408359458542122436e-04 5.633437834168489745e-04 1.408359458542122111e-03 4.225078375626367309e-04 2.816718917084244872e-04 2.816718917084244872e-04
1.408359458542122436e-04 2.816718917084244872e-04 2.816718917084244872e-04 4.225078375626367309e-04 4.225078375626367309e-04 3.239226754646882742e-03 1.408359458542122436e-04 1.408359458542122436e-04 2.816718917084244872e-04 1.408359458542119899e-02 1.408359458542122436e-04 2.816718917084244872e-04 2.816718917084244872e-04 1.408359458542122436e-04 6.098196455487420176e-02 1.408359458542122436e-04 4.647586213189023457e-02 4.563084645676495493e-02 4.520833861920231511e-02 1.408359458542122436e-04 4.337747132309754255e-02 8.450156751252733533e-04 5.633437834168489745e-04 2.816718917084244872e-04 1.408359458542122436e-04 1.408359458542122436e-04 1.408359458542122436e-04 4.225078375626367309e-04 4.225078375626367309e-04 1.408359458542122436e-04 4.225078375626367309e-04 1.408359458542122436e-04 4.225078375626367309e-04 4.225078375626367309e-04 8.450156751252733533e-04 2.816718917084244872e-04 1.408359458542122436e-04
