output/field_example_lateral_OFF/discharge_000011.asc
nrows	150
cellsize	66.66666667
xllcorner	0
ncols	150
yllcorner	0
NODATA_value	-9999
[rows 17 to 33 of 150, columns 74 to 110 of 150]
1.408359458542122436e-04 1.154854756004539129e-02 2.816718917084244872e-04 2.816718917084244872e-04 2.816718917084244872e-04 2.816718917084244872e-04 1.408359458542122436e-04 1.408359458542122436e-04 2.816718917084244872e-04 2.253375133667395898e-03 1.408359458542122436e-04 1.408359458542122436e-04 2.394211079521608304e-03 2.816718917084244872e-04 1.408359458542122436e-04 1.408359458542122436e-04 1.267523512687909922e-03 1.408359458542122436e-04 1.408359458542122436e-04 1.408359458542122436e-04 5.915109725876918460e-03 1.408359458542122436e-04 1.408359458542122436e-04 1.408359458542122436e-04 1.408359458542122436e-04 2.112539187813183492e-03 4.225078375626367309e-04 2.816718917084244872e-04 1.408359458542122436e-04 1.408359458542122436e-04 1.267523512687909922e-03 1.408359458542122436e-04 1.408359458542122436e-04 3.520898646355307554e-03 5.633437834168489745e-04 1.408359458542122436e-04 1.408359458542122436e-04
2.816718917084244872e-04 1.239356323517066052e-02 4.225078375626367309e-04 4.225078375626367309e-04 4.225078375626367309e-04 2.816718917084244872e-04 1.408359458542122436e-04 1.408359458542122436e-04 2.816718917084244872e-04 2.816718917084245523e-03 1.408359458542122436e-04 1.408359458542122436e-04 2.957554862938457929e-03 2.816718917084244872e-04 1.408359458542122436e-04 1.408359458542122436e-04 1.690031350250546490e-03 1.408359458542122436e-04 1.408359458542122436e-04 2.816718917084244872e-04 6.337617563439555679e-03 2.816718917084244872e-04 1.408359458542122436e-04 2.816718917084244872e-04 2.816718917084244872e-04 3.380062700501095148e-03 7.041797292710611639e-04 2.816718917084244872e-04 1.408359458542122436e-04 1.408359458542122436e-04 1.690031350250546490e-03 1.408359458542122436e-04 1.408359458542122436e-04 4.365914321480581992e-03 1.408359458542122436e-04 1.408359458542122436e-04 1.408359458542122436e-04
9.858516209794855427e-04 1.352025080200435284e-02 1.830867296104758679e-03 1.267523512687909922e-03 7.041797292710611639e-04 2.816718917084244872e-04 1.408359458542122436e-04 1.408359458542122436e-04 2.816718917084244872e-04 3.380062700501095148e-03 1.408359458542122436e-04 1.408359458542122436e-04 3.520898646355307554e-03 2.816718917084244872e-04 1.408359458542122436e-04 1.408359458542122436e-04 2.112539187813183492e-03 1.408359458542122436e-04 1.408359458542122436e-04 2.816718917084244872e-04 7.041797292710617710e-03 2.816718917084244872e-04 1.408359458542122436e-04 4.225078375626367309e-04 3.802570538063732367e-03 1.408359458542122436e-04 1.408359458542122436e-04 2.816718917084244872e-04 1.408359458542122436e-04 1.408359458542122436e-04 2.112539187813183492e-03 1.408359458542122436e-04 2.816718917084244872e-04 5.070094050751644023e-03 4.225078375626367309e-04 1.408359458542122436e-04 1.408359458542122436e-04
1.408359458542122436e-04 1.577362593567174093e-02 1.408359458542122436e-04 1.408359458542122436e-04 1.408359458542122436e-04 2.816718917084244872e-04 1.408359458542122436e-04 1.408359458542122436e-04 2.816718917084244872e-04 3.943406483917944773e-03 1.408359458542122436e-04 1.408359458542122436e-04 4.084242429772157179e-03 1.408359458542122436e-04 2.816718917084244872e-04 1.408359458542122436e-04 2.535047025375820710e-03 1.408359458542122436e-04 1.408359458542122436e-04 1.391459145039588008e-01 1.385825707205419755e-01 1.312591015361232460e-01 1.408359458542122436e-04 1.264706793770802307e-01 1.259073355936634053e-01 2.816718917084244872e-04 4.225078375626367309e-04 2.816718917084244872e-04 1.408359458542122436e-04 1.408359458542122436e-04 2.535047025375820710e-03 1.408359458542122436e-04 5.492601888314281242e-03 1.408359458542122436e-04 1.408359458542122436e-04 1.408359458542122436e-04 1.408359458542122436e-04
2.816718917084244872e-04 1.992828633837049057e-01 2.816718917084244872e-04 2.816718917084244872e-04 1.408359458542122436e-04 5.633437834168489745e-04 1.408359458542122436e-04 2.816718917084244872e-04 1.408359458542122436e-04 4.506750267334794398e-03 1.408359458542122436e-04 1.408359458542122436e-04 4.506750267334794398e-03 1.408359458542122436e-04 4.225078375626367309e-04 1.408359458542122436e-04 1.467510555800859429e-01 1.439343366630018162e-01 1.435118288254391972e-01 2.816718917084244872e-04 1.408359458542122436e-04 1.408359458542122436e-04 1.304140858609980080e-01 1.408359458542122436e-04 1.408359458542122436e-04 1.214005853263287887e-01 4.225078375626367309e-04 1.408359458542122436e-04 2.816718917084244872e-04 1.408359458542122436e-04 1.074578266867623616e-01 1.046411077696782349e-01 1.042185999321156159e-01 2.816718917084244872e-04 1.408359458542122436e-04 2.816718917084244872e-04 1.408359458542122436e-04
2.001278790588301437e-01 1.408359458542122436e-04 1.830867296104711772e-01 2.816718917084244872e-04 1.408359458542122436e-04 8.450156751252733533e-04 1.408359458542122436e-04 4.225078375626367309e-04 1.408359458542122436e-04 1.677356115123626867e-01 1.629471893533196714e-01 1.625246815157570524e-01 1.618205017864860207e-01 1.408359458542122436e-04 1.484410869303364189e-01 1.478777431469195935e-01 1.408359458542122436e-04 1.408359458542122436e-04 3.520898646355307554e-03 2.816718917084244872e-04 1.408359458542122436e-04 1.408359458542122436e-04 3.380062700501095148e-03 1.408359458542122436e-04 1.408359458542122436e-04 2.816718917084244872e-04 1.199922258677867254e-01 1.170346710048483924e-01 1.166121631672857734e-01 1.087253501994502186e-01 2.816718917084244872e-04 1.408359458542122436e-04 1.408359458542122436e-04 9.802181831453053718e-02 9.506426345159220415e-02 9.224754453450807745e-02 9.168420075109125211e-02
2.816718917084244872e-04 1.408359458542122436e-04 1.408359458542122436e-04 1.822417139353459392e-01 1.408359458542122436e-04 1.801291747475328442e-01 1.408359458542122436e-04 1.697073147543215754e-01 1.691439709709047501e-01 2.816718917084244872e-04 1.408359458542122436e-04 4.225078375626367309e-04 1.408359458542122436e-04 1.567504077357345926e-01 1.408359458542122436e-04 5.633437834168489745e-04 1.408359458542122436e-04 1.408359458542122436e-04 2.957554862938457929e-03 2.816718917084244872e-04 1.408359458542122436e-04 1.408359458542122436e-04 2.957554862938457929e-03 1.408359458542122436e-04 1.408359458542122436e-04 2.816718917084244872e-04 2.535047025375820710e-03 1.408359458542122436e-04 7.464305130273254929e-03 4.225078375626367309e-04 2.816718917084244872e-04 1.408359458542122436e-04 1.408359458542122436e-04 2.675882971230033117e-03 2.535047025375820710e-03 1.408359458542122436e-04 2.535047025375820710e-03
2.816718917084244872e-04 1.408359458542122436e-04 1.408359458542122436e-04 2.816718917084244872e-04 1.813966982602207012e-01 1.408359458542122436e-04 1.788616512348449872e-01 1.408359458542122436e-04 5.633437834168489745e-04 2.816718917084244872e-04 1.408359458542122436e-04 2.816718917084244872e-04 1.408359458542122436e-04 7.605141076127467335e-03 4.225078375626367309e-04 2.816718917084244872e-04 1.408359458542122436e-04 1.408359458542122436e-04 2.394211079521608304e-03 2.816718917084244872e-04 1.408359458542122436e-04 1.408359458542122436e-04 2.535047025375820710e-03 1.408359458542122436e-04 1.408359458542122436e-04 2.816718917084244872e-04 2.112539187813183492e-03 1.408359458542122436e-04 6.760125401002192898e-03 4.225078375626367309e-04 2.816718917084244872e-04 1.408359458542122436e-04 1.408359458542122436e-04 2.394211079521608304e-03 2.253375133667395898e-03 1.408359458542122436e-04 2.253375133667395898e-03
1.408359458542122436e-04 1.408359458542122436e-04 1.408359458542122436e-04 1.408359458542122436e-04 7.041797292710611639e-04 1.408359458542122436e-04 8.872664588815372053e-03 1.408359458542122436e-04 1.408359458542122436e-04 2.816718917084244872e-04 1.408359458542122436e-04 1.408359458542122436e-04 2.816718917084244872e-04 7.041797292710617710e-03 2.816718917084244872e-04 2.816718917084244872e-04 1.408359458542122436e-04 1.408359458542122436e-04 1.830867296104758679e-03 2.816718917084244872e-04 1.408359458542122436e-04 1.408359458542122436e-04 2.112539187813183492e-03 1.408359458542122436e-04 1.408359458542122436e-04 2.816718917084244872e-04 1.690031350250546490e-03 1.408359458542122436e-04 6.055945671731130867e-03 4.225078375626367309e-04 2.816718917084244872e-04 1.408359458542122436e-04 1.408359458542122436e-04 2.112539187813183492e-03 1.971703241958971085e-03 1.408359458542122436e-04 1.830867296104758679e-03
1.408359458542122436e-04 1.408359458542122436e-04 1.408359458542122436e-04 1.408359458542122436e-04 4.225078375626367309e-04 1.408359458542122436e-04 2.112539187813183492e-03 6.337617563439555679e-03 2.816718917084244872e-04 1.408359458542122436e-04 1.408359458542122436e-04 1.408359458542122436e-04 2.816718917084244872e-04 6.196781617585343273e-03 1.408359458542122436e-04 1.408359458542122436e-04 1.408359458542122436e-04 1.408359458542122436e-04 1.267523512687909922e-03 2.816718917084244872e-04 1.408359458542122436e-04 1.408359458542122436e-04 1.690031350250546490e-03 1.408359458542122436e-04 1.408359458542122436e-04 2.816718917084244872e-04 1.267523512687909922e-03 1.408359458542122436e-04 5.351765942460068835e-03 4.225078375626367309e-04 2.816718917084244872e-04 1.408359458542122436e-04 1.408359458542122436e-04 1.830867296104758679e-03 1.690031350250546490e-03 1.408359458542122436e-04 1.549195404396334300e-03
5.633437834168493648e-03 2.816718917084245523e-03 1.408359458542122436e-04 1.408359458542122436e-04 1.408359458542122436e-04 2.816718917084244872e-04 1.690031350250546490e-03 8.450156751252733533e-04 5.070094050751644023e-03 2.816718917084244872e-04 1.408359458542122436e-04 1.408359458542122436e-04 1.408359458542122436e-04 9.858516209794855427e-04 4.929258104897431617e-03 2.816718917084244872e-04 1.408359458542122436e-04 1.408359458542122436e-04 7.041797292710611639e-04 2.816718917084244872e-04 1.408359458542122436e-04 1.408359458542122436e-04 1.267523512687909922e-03 1.408359458542122436e-04 1.408359458542122436e-04 2.816718917084244872e-04 8.450156751252733533e-04 1.408359458542122436e-04 4.647586213189006804e-03 4.225078375626367309e-04 2.816718917084244872e-04 1.408359458542122436e-04 1.408359458542122436e-04 1.549195404396334300e-03 1.408359458542122111e-03 1.408359458542122436e-04 1.267523512687909922e-03
2.253375133667395898e-03 1.408359458542122436e-04 2.394211079521608304e-03 8.450156751252733533e-04 1.408359458542122436e-04 1.408359458542122436e-04 1.408359458542122111e-03 7.041797292710611639e-04 2.816718917084244872e-04 4.365914321480581992e-03 2.816718917084244872e-04 1.408359458542122436e-04 1.408359458542122436e-04 7.041797292710611639e-04 2.816718917084244872e-04 4.225078375626369585e-03 2.816718917084244872e-04 1.408359458542122436e-04 2.816718917084244872e-04 2.816718917084244872e-04 1.408359458542122436e-04 1.408359458542122436e-04 8.450156751252733533e-04 1.408359458542122436e-04 1.408359458542122436e-04 2.816718917084244872e-04 4.225078375626367309e-04 4.225078375626367309e-04 3.661734592209519960e-03 4.225078375626367309e-04 2.816718917084244872e-04 1.408359458542122436e-04 1.408359458542122436e-04 1.267523512687909922e-03 1.126687566833697732e-03 1.408359458542122436e-04 9.858516209794855427e-04
1.830867296104758679e-03 1.408359458542122436e-04 1.267523512687909922e-03 1.408359458542122436e-04 7.041797292710611639e-04 1.408359458542122436e-04 1.126687566833697732e-03 5.633437834168489745e-04 1.408359458542122436e-04 1.267523512687909922e-03 2.675882971230033117e-03 1.408359458542122436e-04 1.408359458542122436e-04 4.225078375626367309e-04 1.408359458542122436e-04 1.549195404396334300e-03 2.253375133667395898e-03 2.816718917084244872e-04 1.408359458542122436e-04 1.408359458542122436e-04 1.408359458542122436e-04 1.408359458542122436e-04 4.225078375626367309e-04 1.408359458542122436e-04 1.408359458542122436e-04 2.816718917084244872e-04 2.816718917084244872e-04 4.225078375626367309e-04 2.675882971230033117e-03 4.225078375626367309e-04 2.816718917084244872e-04 1.408359458542122436e-04 1.408359458542122436e-04 9.858516209794855427e-04 8.450156751252733533e-04 1.408359458542122436e-04 7.041797292710611639e-04
1.408359458542122111e-03 1.408359458542122436e-04 9.858516209794855427e-04 1.408359458542122436e-04 5.633437834168489745e-04 1.408359458542122436e-04 8.450156751252733533e-04 4.225078375626367309e-04 1.408359458542122436e-04 9.858516209794855427e-04 1.830867296104758679e-03 5.633437834168489745e-04 1.408359458542122436e-04 2.816718917084244872e-04 1.408359458542122436e-04 1.267523512687909922e-03 9.858516209794855427e-04 8.450156751252733533e-04 5.633437834168489745e-04 2.816718917084244872e-04 1.408359458542122436e-04 1.408359458542122436e-04 1.408359458542122436e-04 1.408359458542122436e-04 1.408359458542122436e-04 1.408359458542122436e-04 2.816718917084244872e-04 2.816718917084244872e-04 1.830867296104758679e-03 4.225078375626367309e-04 2.816718917084244872e-04 1.408359458542122436e-04 1.408359458542122436e-04 7.041797292710611639e-04 5.633437834168489745e-04 1.408359458542122436e-04 4.225078375626367309e-04
9.858516209794855427e-04 1.408359458542122436e-04 7.041797292710611639e-04 1.408359458542122436e-04 4.225078375626367309e-04 4.225078375626367309e-04 2.816718917084244872e-04 2.816718917084244872e-04 1.408359458542122436e-04 7.041797292710611639e-04 1.267523512687909922e-03 4.225078375626367309e-04 2.816718917084244872e-04 1.408359458542122436e-04 1.408359458542122436e-04 9.858516209794855427e-04 5.633437834168489745e-04 2.816718917084244872e-04 1.408359458542122436e-04 1.408359458542122436e-04 1.408359458542122436e-04 2.816718917084244872e-04 1.408359458542122436e-04 1.408359458542122436e-04 1.408359458542122436e-04 1.408359458542122436e-04 1.408359458542122436e-04 2.816718917084244872e-04 9.858516209794855427e-04 4.225078375626367309e-04 2.816718917084244872e-04 1.408359458542122436e-04 1.408359458542122436e-04 4.225078375626367309e-04 2.816718917084244872e-04 1.408359458542122436e-04 1.408359458542122436e-04
5.633437834168489745e-04 1.408359458542122436e-04 4.225078375626367309e-04 1.408359458542122436e-04 2.816718917084244872e-04 2.816718917084244872e-04 1.408359458542122436e-04 1.408359458542122436e-04 1.408359458542122436e-04 4.225078375626367309e-04 7.041797292710611639e-04 4.225078375626367309e-04 2.816718917084244872e-04 1.408359458542122436e-04 4.225078375626367309e-04 4.225078375626367309e-04 2.816718917084244872e-04 1.408359458542122436e-04 1.408359458542122436e-04 1.408359458542122436e-04 1.408359458542122436e-04 5.633437834168489745e-04 4.225078375626367309e-04 2.816718917084244872e-04 1.408359458542122436e-04 1.408359458542122436e-04 1.408359458542122436e-04 1.408359458542122436e-04 4.225078375626367309e-04 2.816718917084244872e-04 2.816718917084244872e-04 1.408359458542122436e-04 1.408359458542122436e-04 1.408359458542122436e-04 1.408359458542122436e-04 1.408359458542122436e-04 1.408359458542122436e-04
1.408359458542122436e-04 1.408359458542122436e-04 1.408359458542122436e-04 1.408359458542122436e-04 1.408359458542122436e-04 1.408359458542122436e-04 1.408359458542122436e-04 1.408359458542122436e-04 1.408359458542122436e-04 1.408359458542122436e-04 2.816718917084244872e-04 2.816718917084244872e-04 2.816718917084244872e-04 1.408359458542122436e-04 2.816718917084244872e-04 2.816718917084244872e-04 1.408359458542122436e-04 1.408359458542122436e-04 1.408359458542122436e-04 1.408359458542122436e-04 2.816718917084244872e-04 1.267523512687909922e-03 4.225078375626367309e-04 2.816718917084244872e-04 2.816718917084244872e-04 1.408359458542122436e-04 1.408359458542122436e-04 1.408359458542122436e-04 1.408359458542122436e-04 1.408359458542122436e-04 1.408359458542122436e-04 1.408359458542122436e-04 1.408359458542122436e-04 1.408359458542122436e-04 1.408359458542122436e-04 1.408359458542122436e-04 2.816718917084244872e-04
