output/field_example_lateral_OFF/discharge_000007.asc
nrows	150
cellsize	66.66666667
xllcorner	0
ncols	150
yllcorner	0
NODATA_value	-9999
[rows 119 to 135 of 150, columns 0 to 36 of 150]
5.633437834168489745e-04 5.633437834168489745e-04 4.225078375626367309e-04 2.816718917084244872e-04 1.408359458542122436e-04 1.408359458542122436e-04 1.408359458542122436e-04 1.408359458542122436e-04 1.408359458542122436e-04 1.408359458542122436e-04 2.816718917084244872e-04 2.816718917084244872e-04 4.225078375626367309e-04 4.365914321480581992e-03 1.408359458542122436e-04 1.971703241958971085e-03 1.126687566833697732e-03 5.633437834168489745e-04 1.408359458542122436e-04 9.858516209794855427e-04 1.408359458542122436e-04 1.408359458542122436e-04 9.858516209794855427e-04 1.408359458542122436e-04 1.408359458542122436e-04 2.816718917084244872e-04 1.830867296104758679e-03 3.943406483917944773e-03 1.408359458542122436e-04 1.408359458542122436e-04 1.408359458542122436e-04 1.408359458542122436e-04 1.408359458542122436e-04 1.408359458542122436e-04 2.816718917084244872e-04 4.225078375626367309e-04 1.267523512687909922e-03
7.041797292710611639e-04 7.041797292710611639e-04 5.633437834168489745e-04 4.225078375626367309e-04 2.816718917084244872e-04 1.408359458542122436e-04 1.408359458542122436e-04 2.816718917084244872e-04 2.816718917084244872e-04 1.408359458542122436e-04 2.816718917084244872e-04 4.225078375626367309e-04 4.225078375626367309e-04 5.070094050751644023e-03 1.408359458542122436e-04 3.380062700501095148e-03 1.408359458542122436e-04 1.408359458542122436e-04 1.408359458542122111e-03 1.408359458542122436e-04 1.408359458542122436e-04 1.408359458542122436e-04 1.408359458542122111e-03 1.408359458542122436e-04 1.408359458542122436e-04 4.225078375626367309e-04 6.619289455147980492e-03 1.408359458542122436e-04 2.816718917084244872e-04 2.816718917084244872e-04 2.816718917084244872e-04 2.816718917084244872e-04 1.408359458542122436e-04 1.408359458542122436e-04 2.816718917084244872e-04 4.225078375626367309e-04 1.830867296104758679e-03
5.633437834168489745e-04 5.633437834168489745e-04 4.225078375626367309e-04 2.816718917084244872e-04 1.408359458542122436e-04 1.408359458542122436e-04 1.408359458542122436e-04 5.633437834168489745e-04 4.225078375626367309e-04 1.408359458542122436e-04 5.633437834168489745e-04 1.408359458542122436e-04 7.041797292710611639e-04 5.774273780022706054e-03 3.802570538063732367e-03 2.816718917084244872e-04 1.408359458542122436e-04 1.690031350250546490e-03 1.408359458542122436e-04 2.816718917084244872e-04 1.408359458542122436e-04 1.408359458542122436e-04 1.830867296104758679e-03 1.408359458542122436e-04 1.408359458542122436e-04 1.408359458542122436e-04 1.408359458542122436e-04 7.182633238564830117e-03 4.225078375626367309e-04 4.225078375626367309e-04 4.225078375626367309e-04 2.816718917084244872e-04 1.408359458542122436e-04 1.408359458542122436e-04 2.816718917084244872e-04 4.225078375626367309e-04 2.394211079521608304e-03
4.225078375626367309e-04 4.225078375626367309e-04 2.816718917084244872e-04 1.408359458542122436e-04 1.408359458542122436e-04 1.408359458542122436e-04 2.816718917084244872e-04 8.450156751252733533e-04 5.633437834168489745e-04 1.408359458542122436e-04 8.450156751252733533e-04 1.408359458542122436e-04 1.408359458542122436e-04 1.070353188492012206e-02 1.408359458542122436e-04 1.408359458542122436e-04 1.408359458542122436e-04 1.971703241958971085e-03 4.225078375626367309e-04 2.816718917084244872e-04 1.408359458542122436e-04 1.408359458542122436e-04 2.253375133667395898e-03 1.408359458542122436e-04 2.816718917084244872e-04 1.408359458542122436e-04 2.816718917084244872e-04 8.168484859544314358e-03 5.633437834168489745e-04 5.633437834168489745e-04 4.225078375626367309e-04 2.816718917084244872e-04 1.408359458542122436e-04 1.408359458542122436e-04 2.816718917084244872e-04 4.225078375626367309e-04 6.337617563439555679e-03
2.816718917084244872e-04 2.816718917084244872e-04 1.408359458542122436e-04 2.816718917084244872e-04 1.408359458542122436e-04 1.408359458542122436e-04 2.816718917084244872e-04 1.830867296104758679e-03 1.408359458542122436e-04 1.408359458542122436e-04 1.126687566833697732e-03 2.816718917084244872e-04 1.408359458542122436e-04 7.436137941103095894e-01 2.816718917084244872e-04 1.408359458542122436e-04 1.408359458542122436e-04 2.675882971230033117e-03 4.225078375626367309e-04 1.408359458542122436e-04 2.816718917084244872e-04 1.408359458542122436e-04 2.675882971230033117e-03 1.408359458542122436e-04 5.633437834168489745e-04 1.408359458542122436e-04 1.408359458542122436e-04 9.013500534669583591e-03 7.041797292710611639e-04 5.633437834168489745e-04 8.450156751252733533e-04 4.225078375626367309e-04 1.408359458542122436e-04 1.408359458542122436e-04 4.225078375626367309e-04 8.450156751252733533e-04 7.605141076127467335e-03
1.408359458542122436e-04 1.408359458542122436e-04 1.408359458542122436e-04 5.633437834168489745e-04 1.408359458542122436e-04 1.408359458542122436e-04 2.816718917084244872e-04 7.537539822118144439e-01 1.408359458542122436e-04 1.408359458542122436e-04 7.465713489732485053e-01 7.451629895147061644e-01 7.445996457312892280e-01 1.408359458542122436e-04 7.324877543878250963e-01 1.408359458542122436e-04 1.408359458542122436e-04 3.380062700501095148e-03 2.816718917084244872e-04 1.408359458542122436e-04 4.225078375626367309e-04 1.408359458542122436e-04 3.098390808792670335e-03 1.408359458542122436e-04 8.450156751252733533e-04 1.408359458542122436e-04 1.408359458542122436e-04 1.239356323517066052e-02 2.394211079521608304e-03 1.549195404396334300e-03 4.225078375626367309e-04 1.408359458542122436e-04 1.408359458542122436e-04 1.408359458542122436e-04 1.408359458542122436e-04 1.408359458542122436e-04 9.013500534669583591e-03
7.592465841001295734e-01 7.592465841001295734e-01 7.591057481542753393e-01 7.586832403167126371e-01 1.408359458542122436e-04 1.408359458542122436e-04 7.545989978869398485e-01 1.408359458542122436e-04 7.512189351864382303e-01 7.509372632947297621e-01 4.225078375626367309e-04 1.408359458542122436e-04 4.225078375626367309e-04 1.408359458542122436e-04 1.408359458542122436e-04 7.319244106044081599e-01 7.285443479039065418e-01 7.281218400663438395e-01 1.408359458542122436e-04 2.816718917084244872e-04 5.633437834168489745e-04 2.816718917084244872e-04 3.380062700501095148e-03 1.408359458542122436e-04 1.126687566833697732e-03 1.408359458542122436e-04 1.295690701858750668e-02 1.408359458542122436e-04 1.408359458542122436e-04 1.408359458542122436e-04 1.408359458542122436e-04 1.408359458542122436e-04 1.408359458542122436e-04 2.816718917084244872e-04 2.816718917084244872e-04 5.633437834168489745e-04 1.014018810150327590e-02
1.408359458542122436e-04 1.408359458542122436e-04 1.408359458542122436e-04 1.408359458542122436e-04 7.575565527498787644e-01 7.568523730206075939e-01 2.816718917084244872e-04 1.408359458542122436e-04 1.408359458542122436e-04 3.239226754646882742e-03 4.225078375626367309e-04 2.816718917084244872e-04 1.408359458542122436e-04 1.408359458542122436e-04 2.816718917084244872e-04 2.957554862938457929e-03 1.408359458542122436e-04 1.408359458542122436e-04 7.240375976365710509e-01 7.133340657516492600e-01 7.127707219682323236e-01 7.117848703472526850e-01 7.110806906179815146e-01 1.408359458542122436e-04 7.033347135959986396e-01 1.337941485615014130e-02 1.408359458542122436e-04 1.408359458542122436e-04 1.408359458542122436e-04 1.408359458542122436e-04 1.408359458542122436e-04 1.408359458542122436e-04 1.408359458542122436e-04 5.633437834168489745e-04 1.408359458542122436e-04 2.816718917084244872e-04 1.154854756004539129e-02
2.816718917084244872e-04 2.816718917084244872e-04 1.408359458542122436e-04 1.408359458542122436e-04 4.225078375626367309e-04 1.408359458542122111e-03 2.816718917084244872e-04 1.408359458542122436e-04 1.408359458542122436e-04 2.535047025375820710e-03 4.225078375626367309e-04 2.816718917084244872e-04 1.408359458542122436e-04 1.408359458542122436e-04 2.816718917084244872e-04 2.394211079521608304e-03 1.408359458542122436e-04 1.408359458542122436e-04 1.056269593906591052e-02 1.408359458542122436e-04 2.816718917084244872e-04 2.816718917084244872e-04 1.408359458542122436e-04 7.071372841340629600e-01 1.408359458542122436e-04 6.886877752271582942e-01 1.408359458542122436e-04 2.816718917084244872e-04 2.816718917084244872e-04 2.816718917084244872e-04 1.408359458542122436e-04 1.408359458542122436e-04 2.816718917084244872e-04 8.450156751252733533e-04 1.408359458542122436e-04 1.408359458542122436e-04 1.197105539760802591e-02
2.816718917084244872e-04 2.816718917084244872e-04 1.408359458542122436e-04 1.408359458542122436e-04 1.408359458542122436e-04 9.858516209794855427e-04 2.816718917084244872e-04 1.408359458542122436e-04 1.408359458542122436e-04 8.450156751252733533e-04 1.408359458542122111e-03 2.816718917084244872e-04 1.408359458542122436e-04 1.408359458542122436e-04 2.816718917084244872e-04 1.830867296104758679e-03 1.408359458542122436e-04 1.408359458542122436e-04 1.028102404735748744e-02 2.816718917084244872e-04 1.408359458542122436e-04 1.408359458542122436e-04 2.816718917084244872e-04 3.098390808792670335e-03 1.408359458542122436e-04 1.408359458542122436e-04 6.882652673895955919e-01 4.225078375626367309e-04 7.041797292710611639e-04 2.816718917084244872e-04 1.408359458542122436e-04 1.408359458542122436e-04 2.816718917084244872e-04 1.408359458542122111e-03 1.408359458542122436e-04 1.408359458542122436e-04 1.295690701858750668e-02
2.816718917084244872e-04 2.816718917084244872e-04 1.408359458542122436e-04 1.408359458542122436e-04 1.408359458542122436e-04 2.816718917084244872e-04 4.225078375626367309e-04 1.408359458542122436e-04 1.408359458542122436e-04 5.633437834168489745e-04 9.858516209794855427e-04 2.816718917084244872e-04 1.408359458542122436e-04 1.408359458542122436e-04 2.816718917084244872e-04 1.267523512687909922e-03 1.408359458542122436e-04 1.408359458542122436e-04 9.717680263940641286e-03 2.816718917084244872e-04 1.408359458542122436e-04 1.408359458542122436e-04 2.816718917084244872e-04 2.535047025375820710e-03 1.408359458542122436e-04 1.408359458542122436e-04 2.816718917084244872e-04 6.869977438769074851e-01 1.408359458542122436e-04 2.816718917084244872e-04 1.408359458542122436e-04 1.408359458542122436e-04 2.816718917084244872e-04 1.971703241958971085e-03 1.408359458542122436e-04 1.408359458542122436e-04 6.460144836333253648e-01
9.858516209794855427e-04 9.858516209794855427e-04 8.450156751252733533e-04 4.225078375626367309e-04 1.408359458542122436e-04 1.408359458542122436e-04 1.408359458542122436e-04 1.408359458542122436e-04 1.408359458542122436e-04 2.816718917084244872e-04 5.633437834168489745e-04 2.816718917084244872e-04 1.408359458542122436e-04 1.408359458542122436e-04 2.816718917084244872e-04 8.450156751252733533e-04 1.408359458542122436e-04 8.450156751252733533e-04 8.309320805398525897e-03 2.816718917084244872e-04 1.408359458542122436e-04 1.408359458542122436e-04 2.816718917084244872e-04 1.971703241958971085e-03 1.408359458542122436e-04 1.408359458542122436e-04 2.816718917084244872e-04 4.225078375626367309e-04 6.853077125266566760e-01 1.408359458542122436e-04 2.816718917084244872e-04 2.816718917084244872e-04 1.408359458542122436e-04 6.499578901172439194e-01 6.475636790377219398e-01 6.471411712001592376e-01 1.408359458542122436e-04
2.816718917084244872e-04 2.816718917084244872e-04 1.408359458542122436e-04 1.408359458542122436e-04 1.408359458542122436e-04 1.408359458542122436e-04 1.408359458542122436e-04 1.408359458542122436e-04 1.408359458542122436e-04 1.408359458542122436e-04 1.408359458542122436e-04 2.816718917084244872e-04 1.408359458542122436e-04 1.408359458542122436e-04 2.816718917084244872e-04 4.225078375626367309e-04 5.633437834168489745e-04 5.633437834168489745e-04 7.323469184419042523e-03 2.816718917084244872e-04 1.408359458542122436e-04 1.408359458542122436e-04 2.816718917084244872e-04 1.408359458542122111e-03 1.408359458542122436e-04 1.408359458542122436e-04 2.816718917084244872e-04 4.225078375626367309e-04 1.408359458542122436e-04 6.841810249598228033e-01 6.554504920055590489e-01 6.548871482221421125e-01 6.541829684928709421e-01 1.408359458542122436e-04 1.408359458542122436e-04 5.633437834168489745e-04 1.408359458542122436e-04
4.225078375626367309e-04 4.225078375626367309e-04 2.816718917084244872e-04 1.408359458542122436e-04 2.816718917084244872e-04 1.408359458542122436e-04 2.816718917084244872e-04 4.225078375626367309e-04 1.408359458542122436e-04 1.408359458542122436e-04 1.408359458542122436e-04 1.408359458542122436e-04 1.408359458542122436e-04 1.408359458542122436e-04 2.816718917084244872e-04 4.225078375626367309e-04 4.225078375626367309e-04 5.633437834168489745e-04 6.337617563439555679e-03 1.408359458542122436e-04 1.408359458542122436e-04 1.408359458542122436e-04 1.408359458542122436e-04 9.858516209794855427e-04 1.408359458542122436e-04 1.408359458542122436e-04 2.816718917084244872e-04 1.408359458542122436e-04 2.816718917084244872e-04 2.858969700840514883e-02 1.408359458542122436e-04 2.816718917084244872e-04 4.225078375626367309e-04 3.380062700501095148e-03 1.408359458542122436e-04 2.816718917084244872e-04 1.408359458542122436e-04
2.816718917084244872e-04 2.816718917084244872e-04 1.408359458542122436e-04 1.408359458542122436e-04 5.633437834168489745e-04 1.408359458542122436e-04 4.225078375626367309e-04 7.041797292710611639e-04 1.408359458542122111e-03 1.126687566833697732e-03 8.450156751252733533e-04 4.225078375626367309e-04 1.408359458542122436e-04 1.408359458542122436e-04 2.816718917084244872e-04 2.816718917084244872e-04 4.225078375626367309e-04 5.633437834168489745e-04 4.647586213189006804e-03 8.450156751252733533e-04 4.225078375626367309e-04 1.408359458542122436e-04 1.408359458542122436e-04 5.633437834168489745e-04 1.408359458542122436e-04 1.408359458542122436e-04 1.408359458542122436e-04 2.816718917084244872e-04 4.225078375626367309e-04 2.816718917084250901e-02 1.408359458542122436e-04 1.408359458542122436e-04 2.816718917084244872e-04 2.816718917084244872e-04 2.816718917084245523e-03 1.408359458542122436e-04 1.408359458542122436e-04
1.408359458542122436e-04 1.408359458542122436e-04 2.816718917084244872e-04 1.408359458542122436e-04 8.168484859544314358e-03 6.760125401002192898e-03 5.492601888314281242e-03 4.506750267334794398e-03 4.225078375626367309e-04 2.816718917084244872e-04 1.408359458542122436e-04 1.408359458542122436e-04 1.408359458542122436e-04 1.408359458542122436e-04 1.408359458542122436e-04 2.816718917084244872e-04 4.225078375626367309e-04 5.633437834168489745e-04 3.520898646355307554e-03 4.225078375626367309e-04 2.816718917084244872e-04 1.408359458542122436e-04 1.408359458542122436e-04 2.816718917084244872e-04 1.408359458542122436e-04 1.408359458542122436e-04 1.408359458542122436e-04 1.408359458542122436e-04 2.816718917084244872e-04 2.746300944157144264e-02 5.633437834168489745e-04 2.816718917084244872e-04 1.408359458542122436e-04 1.408359458542122436e-04 8.450156751252733533e-04 1.690031350250546490e-03 2.816718917084244872e-04
1.408359458542122436e-04 1.408359458542122436e-04 1.042185999321169898e-02 9.858516209794852825e-03 1.408359458542122436e-04 7.041797292710611639e-04 5.633437834168489745e-04 1.408359458542122436e-04 2.535047025375820710e-03 1.549195404396334300e-03 1.126687566833697732e-03 7.041797292710611639e-04 4.225078375626367309e-04 1.408359458542122436e-04 1.408359458542122436e-04 2.816718917084244872e-04 4.225078375626367309e-04 4.225078375626367309e-04 2.675882971230033117e-03 2.816718917084244872e-04 2.816718917084244872e-04 1.408359458542122436e-04 1.408359458542122436e-04 1.408359458542122436e-04 2.816718917084244872e-04 5.633437834168489745e-04 8.450156751252733533e-04 3.943406483917944773e-03 4.225078375626369585e-03 2.225207944496555151e-02 1.408359458542122436e-04 1.408359458542122436e-04 1.408359458542122436e-04 1.408359458542122436e-04 5.633437834168489745e-04 9.858516209794855427e-04 2.816718917084244872e-04
