output/field_example_lateral_OFF/elevation_000016.asc
nrows	150
cellsize	66.66666667
xllcorner	0
ncols	150
yllcorner	0
NODATA_value	-9999
[rows 68 to 84 of 150, columns 37 to 73 of 150]
7.000262398343255654e+02 6.545944467869290975e+02 6.047822307103137973e+02 5.557304615502790739e+02 5.044914127310113940e+02 4.585824515578180467e+02 4.203587056130640462e+02 3.855972869228598370e+02 3.565639674577062124e+02 3.309159958182509627e+02 3.104605952607200834e+02 3.408445011163335039e+02 3.084260212864288064e+02 2.632039619522089424e+02 2.111549826274847703e+02 2.825616609074290295e+02 3.449691495533539296e+02 3.960516764748318224e+02 4.424085322259305713e+02 4.829382362421205812e+02 5.113835507950363990e+02 5.295002357955662546e+02 5.582115671433183479e+02 5.918118857076251516e+02 6.202452447442577750e+02 6.240305434140515217e+02 6.331903230402058398e+02 6.315096741144827774e+02 6.212030539554471034e+02 6.137070721803678452e+02 6.241343148679908381e+02 6.445192888615505353e+02 6.799572759366624268e+02 7.198997333720908500e+02 7.682216536743503639e+02 8.178514511365578983e+02 8.654110558956992918e+02
6.459790361468925539e+02 5.999487269835101415e+02 5.618450939908040027e+02 5.215138541069208031e+02 4.744324588332935946e+02 4.293439447432148199e+02 3.888307886761670034e+02 3.537612361312433222e+02 3.228040442315350447e+02 2.950259685792555047e+02 2.698878531380012760e+02 2.949359482166366320e+02 2.691498039468309003e+02 2.071989229887893771e+02 2.620716859114974682e+02 3.028969084946236308e+02 3.299057618922956863e+02 3.645517276803151958e+02 4.153388687926917555e+02 4.418167954398697930e+02 4.581822540114927733e+02 4.651221129745138114e+02 5.005550564830320468e+02 5.416166790815102559e+02 5.744834196485701341e+02 5.601012633218070960e+02 5.912986664309725029e+02 6.085210154796253619e+02 6.305383906124465057e+02 6.597695613845000935e+02 6.859927336921336973e+02 7.133317759500548618e+02 7.457276642156622302e+02 7.807543922269778705e+02 8.174912660520209329e+02 8.591608418470898414e+02 9.042755632196013948e+02
5.882412621369863928e+02 5.494293503878182037e+02 5.116731521956444908e+02 4.854263687437061208e+02 4.831891196007508711e+02 4.638067027265631168e+02 4.360800126948678326e+02 4.079917832266510800e+02 3.811976449934516040e+02 3.525754293575737393e+02 3.068470076106075908e+02 2.372265290903088726e+02 2.477024925801505049e+02 2.044618643394983906e+02 2.601978472838760581e+02 2.850240737187983200e+02 2.610639226425179231e+02 3.220978285151676346e+02 3.621283896223221745e+02 3.696285662567854047e+02 3.974734312245789170e+02 3.975409413202590940e+02 4.417625952453507807e+02 4.994305481768492427e+02 5.186026641641636843e+02 4.878564658903848112e+02 5.236309230457650301e+02 5.376376793342278688e+02 5.818695804699493692e+02 6.423382653163517944e+02 6.902733896590226550e+02 7.309306207615205722e+02 7.667915181061697467e+02 7.973958569278873938e+02 8.159708679909193734e+02 8.442033763851731010e+02 8.837111573957228075e+02
5.369681789616296328e+02 4.994026471792254824e+02 4.669415262911848572e+02 4.328845637292935180e+02 4.339353207361318141e+02 4.370308298227935779e+02 4.217985476128133087e+02 4.020401107472975468e+02 3.835609257485475609e+02 3.657221033675224930e+02 3.227091704483444801e+02 2.664199382818986237e+02 2.010116963493865967e+02 2.429416449913532290e+02 2.236743614961470428e+02 2.377874068083118289e+02 2.880509171818124514e+02 2.803918443155506566e+02 2.941009716749376821e+02 3.089009370965925996e+02 3.245094021094173513e+02 3.414014138330391575e+02 4.034980580421968739e+02 4.481147668902343071e+02 4.616550244762150328e+02 4.258787334373205340e+02 4.454441603988560701e+02 4.677481211819223290e+02 5.379186019164021673e+02 5.987178814723512232e+02 6.496378004543594216e+02 6.903849474526787162e+02 7.250562787775769493e+02 7.537541835522687279e+02 7.517882893158515571e+02 7.739552612248247669e+02 8.218839807372047517e+02
4.868392496024104048e+02 4.547719991827590889e+02 4.236918143956752374e+02 3.962960274830900858e+02 3.695032215440089658e+02 3.739333993039327879e+02 3.581740402391254179e+02 3.394325403940155184e+02 3.245613371838214789e+02 3.318158079434588785e+02 2.932658213513993246e+02 2.535019433104316988e+02 1.984907383827534488e+02 2.566053628709798318e+02 2.923938457385198717e+02 3.026932365554741295e+02 2.992945904269208199e+02 3.377979178306364361e+02 3.447579396883589880e+02 3.817304964893519923e+02 3.946261123066591381e+02 4.044926804159744620e+02 3.646868269853999891e+02 3.802666077914679477e+02 3.988881928262624683e+02 4.569773411575583282e+02 5.091366923174393264e+02 5.306418750865357197e+02 5.022375347456464851e+02 5.597980670008499828e+02 6.041629070356412967e+02 6.355477312368001321e+02 6.737999914788753131e+02 6.888438428464003209e+02 6.754069173102620880e+02 7.086628376906311360e+02 7.718384355080331716e+02
4.433781509640915033e+02 4.113618305370644066e+02 3.830180685710304260e+02 3.577822492802224019e+02 3.336229887120663307e+02 3.122113273250935208e+02 2.907220730417100754e+02 2.700950730828731707e+02 2.504913794224349033e+02 2.807756881271097313e+02 2.628607157499725417e+02 1.947456066473924636e+02 2.496235175308654846e+02 2.935857125308885429e+02 3.402786265864038455e+02 3.691534263001348677e+02 3.615918007570567738e+02 3.636639402424688683e+02 4.011011115756006120e+02 4.384050496546843760e+02 4.665485914652386441e+02 4.625981577620678991e+02 4.140588700527567880e+02 4.264304537604623420e+02 4.532404927895723858e+02 4.949393092013725095e+02 5.497237008853354610e+02 5.885038710324790827e+02 5.752301478048336776e+02 5.336588730501919144e+02 5.535162580987470164e+02 5.767108722735164292e+02 6.028136512745830942e+02 6.317651857455558684e+02 7.005151320517791191e+02 7.568265428349416197e+02 7.566770204487152114e+02
5.120076208239051994e+02 4.817231303350723692e+02 4.501268491382898560e+02 4.354979465271560457e+02 4.006318557642792939e+02 3.871848573074672686e+02 3.560120193244783309e+02 3.271238494089531059e+02 2.887384402031991613e+02 2.199358943369603594e+02 2.354347448872342170e+02 1.919959144286573292e+02 2.448405424909351211e+02 3.205858985694924854e+02 3.818125893973258371e+02 4.223815036637550406e+02 4.259818355149813556e+02 4.192728332688187720e+02 4.540279016997724284e+02 4.948530251496572419e+02 5.289956507994326103e+02 5.197394100268459169e+02 4.738254764964920582e+02 5.034694990128568293e+02 5.056251410937020410e+02 5.459758974183160944e+02 5.956040031261763943e+02 6.406805277089445099e+02 6.365465164578554322e+02 5.960405300582518748e+02 6.061879358361223922e+02 6.438920931932055964e+02 6.779054354352361997e+02 6.839412744148686443e+02 7.340057803141075965e+02 7.986539298665139768e+02 8.208204274538074969e+02
5.805177482785244365e+02 5.526873526190685197e+02 5.243426698814079145e+02 5.004576588894444740e+02 4.700373218397023720e+02 4.428265015405336271e+02 4.076777018824387824e+02 3.650013141703879000e+02 3.112003221450257229e+02 2.533040391441036263e+02 1.884381636910948430e+02 2.443570212965399548e+02 2.904572406733548746e+02 3.261900546890504984e+02 3.883002449128230182e+02 4.504613139763841332e+02 4.874624506595849880e+02 4.870908841506338263e+02 5.167232843481813234e+02 5.487582780531287199e+02 5.816281548019570664e+02 5.761318016392494883e+02 5.441780090646927874e+02 5.740137259787500170e+02 5.749134618496382245e+02 6.078885657444305934e+02 6.470669127403004950e+02 6.892558803700291037e+02 6.939195066387388806e+02 6.663143222703702122e+02 6.743367865284780009e+02 7.074202093130834328e+02 7.441309820101457717e+02 7.521699949864730570e+02 7.903365965660294705e+02 8.376904880670598459e+02 8.858078739285856500e+02
6.089973590100804586e+02 5.834832785709529617e+02 5.559251814319258074e+02 5.284024631120233835e+02 4.909302400716339889e+02 4.492226500520402510e+02 4.031274189786015540e+02 3.494372270519899075e+02 2.852311858037249976e+02 2.416066009129292809e+02 1.858272826395062509e+02 2.412468707067515936e+02 3.014547072374762138e+02 3.660301129551812096e+02 4.306406698478875228e+02 4.858147785244180454e+02 5.292801587428991752e+02 5.508091359866651828e+02 5.732747386210204468e+02 5.940624075992295730e+02 6.154273391897913825e+02 6.180521916521380490e+02 6.130863475690231326e+02 6.303478980409489623e+02 6.418208432399998173e+02 6.670083898043360477e+02 6.972017708438271484e+02 7.253909869619186566e+02 7.380235767113060774e+02 7.332008798967297025e+02 7.442145701254223695e+02 7.692272226304481819e+02 7.959779508586931343e+02 8.172823439919754946e+02 8.470424859302454479e+02 8.815020840242726763e+02 9.129800965917842177e+02
5.761260719350416366e+02 5.462838262321013190e+02 5.089470887447146197e+02 4.942823435599222535e+02 4.557490549900134624e+02 4.071016264107439611e+02 3.583237120130382323e+02 3.073997801425117586e+02 2.433418615006560799e+02 1.820954061595958535e+02 2.407352790485819298e+02 2.863262317174258555e+02 3.383472380487910982e+02 3.930009663237311202e+02 4.437135197799498769e+02 4.869128536338359368e+02 5.274913561145591530e+02 5.598821083624427501e+02 5.736869691528482917e+02 5.717116406330428617e+02 5.897167702136162006e+02 5.968642048244790885e+02 6.137677091245529937e+02 6.346607072522223234e+02 6.460623219390623717e+02 6.695357625797247465e+02 6.948524601188602219e+02 7.110934585335915017e+02 7.266688179168997976e+02 7.353058878327743741e+02 7.555867411629416210e+02 7.806871526328951632e+02 7.980385924204740604e+02 8.223935299256264670e+02 8.504172217091393122e+02 8.757434356647838740e+02 8.821719014103041445e+02
5.280464210754049645e+02 5.142428664240073886e+02 4.478771029469241967e+02 4.304584997811717244e+02 4.153170775227971490e+02 3.661341761830628343e+02 3.064235739661119169e+02 2.645738131402452495e+02 2.319786500219098286e+02 1.793919917706912770e+02 2.474327563251169408e+02 2.821226736918712277e+02 3.261961017347143184e+02 3.716872314884579964e+02 3.975565588935676260e+02 4.361230912802080297e+02 4.814970109982477879e+02 5.215549710276260384e+02 5.242428583045659707e+02 4.949738493301171616e+02 5.260271451368565749e+02 5.247197995380475959e+02 5.556701536543836255e+02 5.831505270831971757e+02 5.832435394636893307e+02 6.125767012287093394e+02 6.397441829587048687e+02 6.459540132664488965e+02 6.652481449497948915e+02 6.718246027861268885e+02 7.019126817449930513e+02 7.344655833337953936e+02 7.364287778258189974e+02 7.659493166534468855e+02 7.970150702755047405e+02 8.233367010713054697e+02 8.157680842596050752e+02
4.800886844890118255e+02 4.849579352058862014e+02 4.298456236452526582e+02 3.612431735334544669e+02 3.530475912532207303e+02 3.407804093990301908e+02 2.961622129132739474e+02 2.255068852759988545e+02 1.757600028607690774e+02 2.165557719029066845e+02 2.401485900240658111e+02 2.169520404812872698e+02 2.789365947505202712e+02 3.190292949731510248e+02 3.306838984595146371e+02 3.866118736957694750e+02 4.332763012066467354e+02 4.649711095408216579e+02 4.646956040246818134e+02 4.230159760188634550e+02 4.545109065873903091e+02 4.539125925561142481e+02 5.037088718643100265e+02 5.137574975535641215e+02 5.159045500836759857e+02 5.529443382397612368e+02 5.663235886094622629e+02 5.728525689011204349e+02 6.054062898799421646e+02 6.059224100567751066e+02 6.399905063772453104e+02 6.698378052906915627e+02 6.699308795500394353e+02 7.022566631309796321e+02 7.407824722103617887e+02 7.562364885896480473e+02 7.475748321083107157e+02
4.307337025529892571e+02 4.491747619730633119e+02 4.209055631187992503e+02 3.551407732672714133e+02 2.863847021291668398e+02 2.839048311891861545e+02 2.684791791222393158e+02 2.258498154876394324e+02 1.733288910644543535e+02 1.832264896375592684e+02 1.963728959853980314e+02 2.545222189744513344e+02 2.353021372690628255e+02 2.495743521925363382e+02 3.117324124186337144e+02 3.417496652451933983e+02 3.875005121247408510e+02 3.953643984460760521e+02 4.045451868965467384e+02 3.634074201985363857e+02 3.789364530522794894e+02 3.957311049471267665e+02 4.565088520485712706e+02 4.460420260126773542e+02 4.618250488905483735e+02 4.787737377833240089e+02 4.969743871524218548e+02 5.155341132263014288e+02 5.345381792625215667e+02 5.524522079268390371e+02 5.735210402846112174e+02 5.961389902214328913e+02 6.166264224920072365e+02 6.411577889568437740e+02 6.677916218824113912e+02 6.963123193016206187e+02 7.354684919933479250e+02
3.665454027957722474e+02 3.985316582215268681e+02 3.987597773543859603e+02 3.479500077988163298e+02 2.840459767415325700e+02 2.218512990264386247e+02 2.227375989066624413e+02 1.702782185655249805e+02 2.248602520469015644e+02 2.331226016243940649e+02 2.667879240875381583e+02 3.074756605378669860e+02 3.065989390917688979e+02 3.082323908002349526e+02 2.688760160635227408e+02 2.832175103666001519e+02 3.407293272334167114e+02 3.245925510785913275e+02 3.408915768308360157e+02 4.065383278457987899e+02 4.458829727328880494e+02 4.581912974234930402e+02 4.224816178500374804e+02 4.853695039840308141e+02 5.219733339818337754e+02 5.291531074200905778e+02 5.632474451811235667e+02 5.927639525963405731e+02 5.968028917964608127e+02 6.050549124748204122e+02 6.383500057474378764e+02 6.686296646745049657e+02 6.705587505949273464e+02 7.114414952612989964e+02 7.266992479216863785e+02 7.674601337415524540e+02 7.778105639076311490e+02
2.981213958291249355e+02 3.367008655589149839e+02 3.547937110650348131e+02 3.396076032495457753e+02 2.914553725289595718e+02 2.286441065060313349e+02 1.661058684739521709e+02 2.214889649232245006e+02 2.554392077859170342e+02 2.905485932771213129e+02 3.295763503569899626e+02 3.702490863988275578e+02 3.766298810307408189e+02 3.466488478795332639e+02 3.261346514608291045e+02 3.427388292904017817e+02 3.046789408067850786e+02 3.562235135198246780e+02 4.046207454400751544e+02 4.251034655417444128e+02 4.909307105600723276e+02 5.130907151767080450e+02 4.826509461854644769e+02 4.960432829288480434e+02 5.525604041742712980e+02 5.873480670427361474e+02 6.248742349376104812e+02 6.618261651079008061e+02 6.665678358921146582e+02 6.754495673966241611e+02 6.939870437752268799e+02 7.288554911714431910e+02 7.332527614510012199e+02 7.635439593359158152e+02 7.914608223305100410e+02 8.266731767100438901e+02 8.394738490602849197e+02
3.244959668908246613e+02 2.603439235735677926e+02 2.949152647343831291e+02 3.011225686335455407e+02 2.584430059591782083e+02 2.180548424851698144e+02 1.635021922242206358e+02 2.280469149253715955e+02 2.912441363383789508e+02 3.432784562082889579e+02 3.854830013184683821e+02 4.275678100800142261e+02 4.386436634655948410e+02 4.096455508472971019e+02 3.878240890823214500e+02 3.969734239996405449e+02 3.527891959041619998e+02 3.955977168938332511e+02 4.425552652392870527e+02 4.836076117173783473e+02 5.290638086944097722e+02 5.674115078608562044e+02 5.502057387933616610e+02 5.591791795041979185e+02 6.018187204685279994e+02 6.440670109571661897e+02 6.808395127872585135e+02 7.183437738864190578e+02 7.303398852267098391e+02 7.356609404986635354e+02 7.466550740195217486e+02 7.663931254801046862e+02 7.829820450433099950e+02 8.079178124056160186e+02 8.369063874178461901e+02 8.655168061822917025e+02 8.859343473928029198e+02
3.598911639052010969e+02 2.981188532869792880e+02 2.225192404493012930e+02 2.471733720962269842e+02 2.211428728156411410e+02 1.597993348537629572e+02 2.157369406181694558e+02 2.534394658940191505e+02 3.224847932652818940e+02 3.878386194001499803e+02 4.340239583032628161e+02 4.704225219022330293e+02 4.889782943014380976e+02 4.789895586440533748e+02 4.531991702540955202e+02 4.531001920148797240e+02 4.126795082800222758e+02 4.476653792612551683e+02 4.949223622923511243e+02 5.397233094862122016e+02 5.802278229646195769e+02 6.179979510325755427e+02 6.168426173562321537e+02 6.276383832416632913e+02 6.601100327945506478e+02 6.937844372149985475e+02 7.265572576427072136e+02 7.502855549264946831e+02 7.472699866877422892e+02 7.314099094240215209e+02 7.206218658345567292e+02 7.349610459045516109e+02 7.501061303994979426e+02 7.786035760844774813e+02 8.119008891633301346e+02 8.426767157179045853e+02 8.537651003625577459e+02
