output/field_example_lateral_OFF/elevation_000006.asc
nrows	150
cellsize	66.66666667
xllcorner	0
ncols	150
yllcorner	0
NODATA_value	-9999
[rows 51 to 67 of 150, columns 0 to 36 of 150]
1.247441123991860574e-03 6.520133307582233329e+01 1.127423699801847903e+02 1.227132000927952618e+02 1.683609440044363907e+02 2.237231722843038142e+02 2.880268879026902482e+02 3.565703250837063365e+02 4.137407305562717852e+02 4.559440287248635855e+02 4.649841538197870818e+02 4.519708227207900109e+02 4.321000183382015507e+02 4.691717322493379925e+02 5.003148866959369911e+02 5.196515790405263715e+02 5.150952658563909381e+02 5.025252323857778265e+02 5.206230807413510320e+02 5.477889259117017673e+02 5.718783135271311266e+02 5.745757482303382631e+02 5.704698308001087526e+02 5.889199543235796455e+02 6.081717529126283353e+02 6.122708508913998458e+02 6.049416088846280672e+02 6.072592897765680391e+02 6.459543636078760755e+02 6.974429655682544080e+02 7.447633845221903357e+02 7.803350212112541158e+02 7.933011482417845173e+02 8.337955057613103236e+02 8.856579538924959252e+02 9.145752690267059961e+02 8.888955295693097014e+02
8.991442672098762376e-04 2.888643077485595612e+01 6.724377524223039870e+01 1.487756486838262617e+02 2.101924612042290903e+02 2.647879201053472684e+02 3.255320870696555176e+02 3.737334162630515380e+02 4.052362292049004964e+02 4.249058806011638580e+02 4.417294962189380385e+02 4.623830797522625176e+02 4.841415695428195818e+02 5.102215417109869691e+02 5.273956103061776730e+02 5.169778109939913975e+02 4.981079808992577114e+02 4.829878576107116714e+02 5.030833327806464581e+02 5.313869616420887496e+02 5.474549839854207676e+02 5.415426784863310559e+02 5.569498184437227337e+02 5.778885637933564112e+02 5.812071165654765537e+02 5.637136934133901605e+02 5.345374050180508902e+02 5.197565121678976539e+02 5.912427308180618866e+02 6.460189432720511604e+02 6.921272673252532286e+02 7.174775964405272362e+02 7.297455874070867594e+02 7.851745519106823394e+02 8.485959336722868329e+02 9.098094294696215911e+02 9.210764149170498740e+02
1.138240608956130094e-03 6.540107242102207863e+01 1.201783254523778197e+02 1.675953645792865245e+02 2.403024665985008710e+02 2.944255964215156496e+02 3.341171580771236336e+02 3.492954161351889297e+02 3.469195501241513853e+02 3.539105842221646867e+02 3.712124646518334430e+02 4.193835138832594112e+02 4.612867141303968879e+02 4.944117518075578346e+02 4.996587596416107431e+02 4.651924117610305416e+02 4.311026090159929254e+02 4.015039728670361683e+02 4.364055317135600376e+02 4.795440293121351942e+02 4.891981534096223072e+02 4.604753824806197713e+02 4.923283273788953238e+02 5.277316909485151655e+02 5.245260755663832697e+02 4.900741775120688999e+02 4.698572104700288605e+02 5.388572873786164337e+02 5.580503632888242009e+02 5.893572926629871063e+02 6.244543201333763136e+02 6.627690761671434529e+02 7.135368060131554557e+02 7.708026032483498966e+02 8.345738545537011532e+02 9.001542329624462582e+02 9.416315478711119340e+02
6.940593384278977021e-04 6.127937422291040548e+01 1.279603912357156759e+02 1.950615536595750257e+02 2.485702778733561331e+02 2.786026113475718375e+02 2.917236336754772879e+02 2.868388204648150577e+02 2.772075828009249676e+02 2.798054348896970964e+02 3.012716940523534959e+02 3.584317974553452473e+02 4.070901954202726643e+02 4.501542233050232653e+02 4.547285976165525199e+02 4.129440886370569501e+02 3.655257548821808768e+02 3.273815243303279203e+02 3.753531014789777487e+02 4.228492032125681135e+02 4.285003672521645512e+02 3.875850125858048045e+02 4.322969859675205839e+02 4.694271685469274189e+02 4.575985434422339608e+02 4.243752918089124364e+02 4.995688379184317114e+02 5.642657585346811402e+02 6.113354631978507996e+02 6.421581841209085724e+02 6.793293100783695309e+02 7.182588179945552156e+02 7.615224395603634093e+02 8.174286954711659519e+02 8.673046983075550997e+02 9.087570207703219012e+02 9.293572921475087014e+02
1.055237303129000518e-03 6.084877597895229684e+01 1.268812751047301930e+02 1.873856307312024967e+02 2.170023951261365482e+02 2.193466025102463277e+02 2.222042174634450475e+02 2.203385714729038511e+02 2.126950531855387396e+02 2.122020289572929812e+02 2.561949664147452950e+02 3.094075752470245106e+02 3.552196635461438632e+02 3.959158487670911200e+02 4.033192053034910032e+02 3.640156028125553007e+02 3.146973117199433432e+02 2.707825450692863569e+02 3.218888844425243860e+02 3.661149565044418637e+02 3.715300433467159564e+02 3.286356560562163054e+02 3.861875084517848791e+02 4.067485258313013219e+02 3.800986633359538587e+02 4.441753454118220930e+02 5.048006661811808158e+02 5.603625169709591773e+02 6.145872261027882359e+02 6.684230626477642545e+02 7.216410151813865923e+02 7.653643973447560711e+02 8.021178270138688049e+02 8.401062943519700639e+02 8.679923282761644714e+02 8.705969158414262665e+02 8.690702190781794343e+02
1.562014952837139075e-03 6.322109034763986557e+01 1.215308284591755239e+02 1.520900648474545847e+02 1.555735101662293403e+02 1.521748274672517880e+02 1.534095255492950685e+02 1.617710541266970381e+02 1.572340183015078594e+02 1.644079715500731140e+02 2.203355033947546815e+02 2.813237469055092106e+02 2.922848283654941497e+02 3.355404638990108310e+02 3.430280424900889216e+02 3.151539998415775017e+02 2.708669366523292865e+02 2.263132924332232108e+02 2.690076941228340957e+02 3.021780267600104821e+02 3.126661045138069426e+02 2.785624523065300195e+02 3.424518649499070193e+02 3.412102341559473757e+02 3.748592504521922706e+02 4.154830463209111144e+02 4.619965014726814729e+02 5.143949361370008546e+02 5.770732339408858707e+02 6.453201932368006055e+02 7.118924506968031665e+02 7.654992848443687308e+02 7.862325186919164253e+02 8.123960694378394010e+02 8.208505478611957642e+02 7.954340544114596696e+02 8.013268912634898697e+02
7.585375989290401438e-04 5.480881073995684005e+01 8.216937873559635364e+01 8.907759219398997175e+01 9.008684125892341399e+01 9.049590263608003227e+01 9.057669344193365646e+01 1.171253507923152455e+02 1.073095499389626895e+02 1.734975102389971084e+02 2.165678628143620301e+02 2.455274201566444390e+02 2.308896824623473663e+02 2.725210534369617221e+02 2.733328511946685921e+02 2.678276859670600061e+02 2.252867175048486956e+02 1.903925060733988346e+02 2.071923776217294630e+02 2.259707038500493468e+02 2.473699187152679713e+02 3.110177633499745866e+02 3.109831403375360992e+02 3.764662747351079020e+02 4.268185733962178574e+02 4.745127911581430453e+02 5.147799836346940765e+02 5.567553420796288037e+02 5.949233654969891631e+02 6.525724752847996797e+02 7.084804649039865581e+02 7.319653422736300854e+02 7.186230092008561314e+02 7.532496455457029469e+02 7.588445664979502681e+02 7.223947838135646862e+02 7.408741018180506899e+02
1.046285099159314971e-03 6.893351228645425266e+00 1.484818224808890363e+01 2.276047321199228080e+01 3.034688478208035534e+01 3.763227276430782808e+01 4.482828527264280893e+01 5.408862131374564086e+01 1.120006244938153799e+02 1.556289247284461794e+02 1.610460344828742905e+02 1.937211651428346784e+02 1.734736449064157569e+02 2.059982934969083033e+02 2.050149989959896288e+02 2.131733787556299831e+02 1.688322935601294148e+02 2.199858432767080956e+02 2.598748620871969024e+02 2.895287916222301305e+02 3.182214462535271764e+02 3.537152207323984499e+02 3.793961935063122155e+02 4.166249769256228319e+02 4.610080189495627678e+02 4.981973986504924028e+02 5.227342003036011420e+02 5.551168706006010325e+02 5.924451542298337472e+02 6.354477264653830844e+02 6.734345494847151485e+02 6.793061175428388196e+02 6.447482572638103875e+02 6.881938228477496295e+02 6.938905353044624462e+02 6.574433241168228506e+02 7.110875473521350614e+02
1.106265462435658282e-03 5.461415233418281900e+01 8.176842227098505589e+01 8.872344933446126447e+01 9.014740807158811720e+01 9.189507038649391291e+01 9.888493196939353425e+01 1.121673552553634607e+02 6.862812980344978087e+01 1.189744123210329434e+02 9.629195359510437413e+01 1.487768075228371458e+02 1.237041367744458000e+02 1.330055396437079196e+02 1.417581919993553470e+02 1.526190748964359898e+02 2.088677385901578987e+02 1.885410071860401047e+02 2.528245743339439287e+02 3.002713695452364959e+02 3.393909542321356980e+02 3.699051008301162824e+02 3.900205574360265359e+02 4.127908272665316645e+02 4.435333212373495257e+02 4.618857770141113974e+02 4.632867915151434204e+02 4.971453689295101981e+02 5.366049731207165223e+02 5.793935481009020805e+02 6.214617143777625188e+02 6.232889726682980154e+02 5.798864820735299190e+02 6.256230245791346078e+02 6.242780743841425419e+02 6.107832970600958333e+02 6.690336213102601732e+02
1.588587968374398059e-03 6.255416933639261856e+01 1.198818073580597598e+02 1.502719588298621147e+02 1.549263074340186392e+02 1.535486910108294012e+02 1.586720646007923392e+02 1.649668123219396989e+02 1.265149950027399797e+02 8.179326883206690013e+01 1.325601234081861151e+02 1.110086016353396730e+02 1.668812785842299320e+02 1.948255112449360809e+02 1.930473231031432135e+02 2.231499615123764215e+02 2.606919375090334370e+02 2.553489187456753200e+02 2.097734443527180588e+02 2.661189007679332690e+02 2.979415941304617377e+02 3.239361675083513887e+02 3.336208422532519080e+02 3.484300509620300659e+02 3.902128463154874680e+02 3.944756181516024185e+02 3.960056989244750980e+02 4.354522105393998572e+02 4.793952316770300399e+02 5.243378276905663142e+02 5.635541929597383159e+02 5.679422514236900952e+02 5.243176361679094271e+02 5.674913431680877238e+02 5.574738636253387085e+02 6.048754937418144664e+02 6.618143275690002838e+02
1.279216666935708386e-03 5.862739951273329098e+01 1.217162238247149730e+02 1.805948615574875475e+02 2.133148000469526551e+02 2.187635087677659271e+02 2.225627553311464339e+02 2.152971952305981347e+02 1.638109699803022465e+02 1.099779700881931319e+02 1.682166315924938544e+02 1.747103364398267047e+02 1.726293231447082519e+02 2.298299428123314385e+02 2.504550099596964969e+02 2.859032544349034879e+02 3.205178083804215703e+02 3.132576759390302072e+02 2.711712573342884980e+02 2.264344873181722733e+02 2.385819378971442575e+02 2.523007947232436265e+02 2.658896849197818710e+02 2.812811546772558700e+02 3.404220918437330852e+02 3.257111403869411674e+02 3.412626877528334148e+02 3.919989267439171954e+02 4.316322342281886790e+02 4.642468828348278862e+02 4.963560450445777974e+02 5.076281008547061333e+02 4.768772744876481511e+02 5.087209472967293209e+02 5.865580585659942017e+02 6.509435487851627613e+02 7.012972550234238724e+02
9.095820746289582119e-04 5.252495833299429506e+01 1.117938998234369450e+02 1.761607766901218497e+02 2.373373083742893641e+02 2.741269586815781167e+02 2.832475525020308282e+02 2.547252166767489996e+02 2.041340820702241103e+02 1.420307995902445839e+02 1.980199718128900201e+02 2.323207230979149074e+02 2.371209639758286016e+02 2.380424183517552308e+02 2.922491100425635864e+02 3.389756708650105566e+02 3.761528297250135324e+02 3.663118806306170541e+02 3.157405434863620144e+02 2.560546916636788524e+02 2.915633188450808007e+02 3.243836059856300835e+02 3.350634095327082491e+02 3.431018283436276306e+02 3.039025579435077020e+02 3.701777327412455634e+02 3.945585760743259129e+02 3.617243918838819923e+02 3.786306720268373738e+02 3.970934917742307562e+02 4.179093424751719112e+02 4.404496212316695392e+02 5.039804907803887204e+02 5.537781074581974963e+02 5.955686248090675008e+02 6.599822613354949681e+02 7.287373068075087303e+02
1.451728525893234128e-03 4.715659635819471873e+01 1.007109549778068498e+02 1.616298071898935405e+02 2.282399600075274293e+02 2.910501268687810352e+02 3.233575630867449604e+02 3.027890896565344860e+02 2.473318571976854230e+02 1.927671268265873721e+02 1.936168715555060942e+02 2.566678030878119898e+02 2.925020197634882493e+02 2.919331519635057361e+02 3.325386501496201390e+02 3.846881637961192837e+02 4.253162489568483693e+02 4.116992054983933826e+02 3.536206983253684939e+02 2.905908822798038500e+02 3.350423997394762523e+02 3.772485256752109422e+02 4.036445113787726200e+02 3.955562570909742135e+02 3.412539495280206552e+02 4.065471367850360593e+02 4.358512571057130458e+02 3.915919274076896386e+02 4.312482696610097150e+02 4.514737438829057510e+02 4.868445497435160405e+02 5.007467917334780623e+02 4.904610754420775152e+02 5.388314199470415815e+02 5.908970440523415846e+02 6.510224306841350881e+02 7.184386922336360612e+02
-1.561618357994713595e-03 4.345155833312415439e+01 9.279563783374214836e+01 1.495795129482676771e+02 2.143578709069148545e+02 2.833954773385284511e+02 3.401225846803509398e+02 3.409763247973693865e+02 2.975191274236672143e+02 2.525585276683897575e+02 2.490849393289876730e+02 2.535351173215669291e+02 3.182448772200589815e+02 3.521289624074587437e+02 3.846807436911130935e+02 4.308395314212478411e+02 4.711674718292436523e+02 4.540361245016094358e+02 3.929003573313892730e+02 3.304072346106592022e+02 3.759645056275835486e+02 4.247625434144465544e+02 4.602020500283142042e+02 4.420857267588523882e+02 3.819257406478646431e+02 4.383985145860843886e+02 4.804237984147055727e+02 4.657108145268328485e+02 4.331047093007591684e+02 4.820839156571515218e+02 5.311555164240720615e+02 5.632313512043398305e+02 5.520288513374870263e+02 5.472942860206429714e+02 6.022418232477638185e+02 6.645744634192515150e+02 7.333390613427840208e+02
-1.629181703595709635e-03 4.339335515974258328e+01 9.275445986699791945e+01 1.496361356221962353e+02 2.142930099525393643e+02 2.845551944189129472e+02 3.486744531746402913e+02 3.734623075683312550e+02 3.562869874436595410e+02 3.208171640563541018e+02 3.128659346532957102e+02 3.156350147571253615e+02 3.225985530679272415e+02 3.917151220866983863e+02 4.434600349074353858e+02 4.804420023794069721e+02 5.170886583868964408e+02 4.975659055868906648e+02 4.370406095488016831e+02 3.778506220415845860e+02 4.204670104331196399e+02 4.705162993127855771e+02 5.091962672435574859e+02 4.882036160220818601e+02 4.272875621529739192e+02 4.807311164350209651e+02 5.272469348114748300e+02 5.199307888738534302e+02 4.663090356329998372e+02 5.099004350422245011e+02 5.625838146873583128e+02 6.134145563582267187e+02 6.167913292122923394e+02 6.072207533038831571e+02 6.207005828830593828e+02 6.833893131577998474e+02 7.497188161069930175e+02
-5.536218851392299412e-03 4.669580682652108550e+01 1.005628138874120907e+02 1.623079989565222547e+02 2.263856128245808463e+02 2.909229906495993987e+02 3.434155394399008969e+02 3.793532360890870336e+02 3.939070780798980991e+02 3.886054479703393554e+02 3.814908464369489707e+02 3.847977701027334660e+02 3.874184710575772215e+02 4.030160719787868970e+02 4.646570328857177969e+02 5.242560950871311434e+02 5.615715337603614898e+02 5.437753658118427893e+02 4.897970125451387275e+02 4.383877136656876701e+02 4.729044274742120137e+02 5.197279257076359045e+02 5.583523884836389470e+02 5.375634457945575377e+02 4.790174453053648449e+02 5.285461471168059688e+02 5.735813970839761851e+02 5.641401824876018054e+02 5.053591999806811828e+02 5.419382115738982293e+02 5.943112614944045617e+02 6.493534109099372245e+02 6.820133821605153344e+02 6.733801108639817130e+02 6.848407056397799124e+02 7.360687727964290161e+02 7.747998659115312421e+02
-5.099245925878344993e-03 6.415768869953123499e+01 1.307896018800173863e+02 1.829372920534591174e+02 2.241212849470939545e+02 2.567998884510825519e+02 2.973053023113116637e+02 3.444481315127807193e+02 3.798385323828475180e+02 4.105336152725189436e+02 4.353845245966483049e+02 4.514757340816413489e+02 4.575248255810693081e+02 4.729508136437408439e+02 5.225198902526910842e+02 5.672498167829437534e+02 5.982254620414538522e+02 5.900560512855583966e+02 5.578624853666409535e+02 5.186401771019211537e+02 5.375124258351424942e+02 5.762354093762355660e+02 6.109982982368163675e+02 5.922318864545915176e+02 5.401349990575574793e+02 5.830161951608887421e+02 6.241377096314520259e+02 6.129080999561416547e+02 5.602516733564696096e+02 5.692611555205459126e+02 6.290881458405850708e+02 6.885102859365911172e+02 7.370860637002523390e+02 7.410088587425260584e+02 7.510274376837488717e+02 7.738661042210108008e+02 7.772050687289661255e+02
