output/field_example_lateral_OFF/elevation_000028.asc
nrows	150
cellsize	66.66666667
xllcorner	0
ncols	150
yllcorner	0
NODATA_value	-9999
[rows 68 to 84 of 150, columns 74 to 110 of 150]
9.142081806578983105e+02 9.648547738325870569e+02 1.011858598621525630e+03 1.002330405415608880e+03 9.487486579613845379e+02 8.946424133806141299e+02 8.411729907225515035e+02 7.975841748199959511e+02 7.565028934386818946e+02 7.215226754671372191e+02 6.857797547834136367e+02 6.744018444795360665e+02 6.676621387078929502e+02 6.656518399866164373e+02 6.694825182227051528e+02 6.847687672183470795e+02 6.386573613917578314e+02 5.771175926959085700e+02 5.262886477384843147e+02 4.925419883496165880e+02 4.406709824494787426e+02 5.030683413241860649e+02 5.639179282179709389e+02 6.119337289160545197e+02 6.617061289990424484e+02 7.149581484575581953e+02 7.668475796379303802e+02 8.006359957160939302e+02 7.967830166370123379e+02 8.211927713485757749e+02 7.979533927259370785e+02 7.341163090315059208e+02 6.780387396067084183e+02 7.393480867010283646e+02 7.928362461786501854e+02 7.880466470690147389e+02 7.327128399623494488e+02
9.517231863010526922e+02 9.980513870870466917e+02 1.035348628110662730e+03 1.036035109517008095e+03 1.001904997166783801e+03 9.469509167835612971e+02 8.967682851834979374e+02 8.479311980314763559e+02 8.092129486306415629e+02 7.741181989996321136e+02 7.570373827419022064e+02 7.443749105380345554e+02 7.360663549281707674e+02 7.318376414387099658e+02 7.305881634320619469e+02 7.251954846728596067e+02 6.756617722543516038e+02 6.237222881786940434e+02 5.711557220842129254e+02 5.066492708835172607e+02 4.450339374717764827e+02 4.962367137756838815e+02 5.124422808983803179e+02 5.580883923119350811e+02 6.120521046216879313e+02 6.736840069373657798e+02 7.323870508243059021e+02 7.369488532733907959e+02 7.282256659450119969e+02 7.654878471476530422e+02 7.562279584919537001e+02 7.020076723131678591e+02 6.423183615633324735e+02 7.047852188996469067e+02 7.569984267863393370e+02 7.491220411531053287e+02 6.929932379358583603e+02
9.318097936384583591e+02 9.799620709485271846e+02 1.021148205941792639e+03 1.047846543373724899e+03 1.040101749386365100e+03 1.003047861866925473e+03 9.498093098101223859e+02 9.059021200128620421e+02 8.692598186141872247e+02 8.456322719620704902e+02 8.250225983230006932e+02 8.084486659591652824e+02 7.955583887346363099e+02 7.855639971109294493e+02 7.757132052329452563e+02 7.522694488227925831e+02 7.129151837493785706e+02 6.671520515172875321e+02 6.149640121253648886e+02 5.522812383333669004e+02 5.054784569731837109e+02 4.521101121477012725e+02 5.112556491159843972e+02 5.616227561465611871e+02 6.180996126054192246e+02 6.698036195995643993e+02 6.908870877194509603e+02 6.727996176645276591e+02 6.673145718577649177e+02 7.109997908581146930e+02 7.079510894376993519e+02 6.639794962976383204e+02 6.096949529235145064e+02 6.732023205118712212e+02 7.208839712542521738e+02 7.076976513508586777e+02 6.561484397678024152e+02
8.780818668107841631e+02 9.274169463316418387e+02 9.714770765612257719e+02 1.025954986955762934e+03 1.057041054998112941e+03 1.038516152041503574e+03 9.963013599994882270e+02 9.517032223106950823e+02 9.090943332801142560e+02 8.719270985187113183e+02 8.415427623741853722e+02 8.156147001930852412e+02 7.921427351662044885e+02 7.705932058783955654e+02 7.531349771888834539e+02 7.273573402847890748e+02 7.018647235705416279e+02 6.694210264719280303e+02 6.345856855032543535e+02 5.927699553696630801e+02 5.509795906785108173e+02 5.101681835427303326e+02 4.583223168478921252e+02 5.191132092565416087e+02 5.844665730912985282e+02 6.377917774597134439e+02 6.302470328945657911e+02 6.097318295126605108e+02 6.148249690775157887e+02 6.558469418890731504e+02 6.522113647158313370e+02 6.127184848177569165e+02 5.798729016425106693e+02 6.475627965533703900e+02 6.751365248576151998e+02 6.467624207618335959e+02 6.224623635421498875e+02
8.396102913364660481e+02 8.642796152706113162e+02 9.220510726348230719e+02 9.881532912717663066e+02 1.047607635118587496e+03 1.042452419713221616e+03 9.917277419195017956e+02 9.337318016017851505e+02 8.801371372931002952e+02 8.281465705552628833e+02 7.909243507114744034e+02 7.599575649791835303e+02 7.318193982921013685e+02 7.032099748401773240e+02 6.909100559778571551e+02 6.575017809449205970e+02 6.441778310281360973e+02 6.115976937569826077e+02 5.992589076186072816e+02 5.765287298557701661e+02 5.509258834484891167e+02 5.171245239647288372e+02 4.620167107555515145e+02 5.252746247807414193e+02 5.824103546859852258e+02 5.975020388664006532e+02 5.669806537713179750e+02 5.499724319464509108e+02 5.820702461636808493e+02 5.919160005052258384e+02 5.952932127411055490e+02 5.461440998231394133e+02 5.538801010560879376e+02 6.141726168424328307e+02 6.295306450582477282e+02 5.869875037404876821e+02 5.941225463549225196e+02
7.956632135688422522e+02 8.471970968277963721e+02 9.075252790351106569e+02 9.784696943414442103e+02 1.042716135743375617e+03 1.031578591686476784e+03 9.586690366804232326e+02 8.844391880783450688e+02 8.180080405881238903e+02 7.688502214113731270e+02 7.286511156987960476e+02 6.945689384472244683e+02 6.646170037629784701e+02 6.381957275067180717e+02 6.146392014079359569e+02 5.907356696933866260e+02 5.689893378911841637e+02 5.481616993375563425e+02 5.295088265865839503e+02 5.114399084286907282e+02 4.945066261004365629e+02 4.788803747116991758e+02 4.657583274506324074e+02 5.219437058186830427e+02 5.588955596365644851e+02 5.527262108934471598e+02 5.039050466269901563e+02 5.106929152240509211e+02 5.181363371760111249e+02 5.254856833691827660e+02 5.338218795423381380e+02 5.949128796211603003e+02 6.107057507003837600e+02 5.668910221574109300e+02 5.747839707693378841e+02 6.239735877261780388e+02 6.599419927342399887e+02
8.592224226801165514e+02 9.022116124482922714e+02 9.531584575561098518e+02 1.009379377727041287e+03 1.060240386865132677e+03 1.042342782024409871e+03 9.692563572167354096e+02 8.992657425051897917e+02 8.530367824434141539e+02 8.051142128613606701e+02 7.645733763213729617e+02 7.318067585122460059e+02 7.024112023486497947e+02 6.738256566067859694e+02 6.804321518416395520e+02 6.489245664902853150e+02 6.119527306032383649e+02 5.891746273984739446e+02 5.691752892594407740e+02 5.491819419324193632e+02 5.314314596036574585e+02 5.141776974993241538e+02 5.217850025059664176e+02 4.729357608344685104e+02 5.204023473533023889e+02 4.921687730382696486e+02 5.531632975038804716e+02 5.801715692131015203e+02 5.851192234137445212e+02 5.845032699681357826e+02 5.814281325915291063e+02 6.313368255668426627e+02 6.631769994335271576e+02 6.440166707757928179e+02 6.080456555792252402e+02 6.522533514719498271e+02 7.034275582255262407e+02
9.210010555979231412e+02 9.589698044046970153e+02 1.002349206540340788e+03 1.048395785025695886e+03 1.084035268535014438e+03 1.068423829080908490e+03 1.008195720600516893e+03 9.506898544770692752e+02 8.943621839891225136e+02 8.460485439054322114e+02 8.085536182163953072e+02 7.749125246630010224e+02 7.416673620164068552e+02 7.408955668424489431e+02 7.336620723879466368e+02 6.863429390494713971e+02 6.562621050336559847e+02 6.323631585133985027e+02 6.088366692583726945e+02 5.880709618137528878e+02 5.653619098962759608e+02 5.789931284735451982e+02 5.691225576482524957e+02 5.346839089645699232e+02 4.797820166647837823e+02 5.286016696112558293e+02 5.786219114508222674e+02 6.264940318011149429e+02 6.498555042070340733e+02 6.492710901717407523e+02 6.394857540323046123e+02 6.821477291756245904e+02 7.193664802643532994e+02 7.040650779568782127e+02 6.493026093527274725e+02 6.877269730372578351e+02 7.372042659640233069e+02
9.355599150837865636e+02 9.666611208416301224e+02 1.005625330038672018e+03 1.049438487411574215e+03 1.089139868196735279e+03 1.094857829353483794e+03 1.057642438809847135e+03 9.974588404944364584e+02 9.414602142749929499e+02 8.987171783266003331e+02 8.613266203672632173e+02 8.213739944363539962e+02 8.135079169251582698e+02 8.067992899616073146e+02 7.675975800213944922e+02 7.326285636255418012e+02 7.033890229344787031e+02 6.750441118708210979e+02 6.506632209884721760e+02 6.260922084540421793e+02 6.081293473282639752e+02 6.151850613995336516e+02 5.936420221814496472e+02 5.602258905274970857e+02 5.257419483405265055e+02 4.880112409079850977e+02 5.530011203464728169e+02 6.261676401911729499e+02 6.862951244634243722e+02 7.107887654223791287e+02 7.076316911737352484e+02 7.394679258526296053e+02 7.721448045334478820e+02 7.560130472652809885e+02 7.012346244766766858e+02 7.309423317576821546e+02 7.764346637941738436e+02
8.777543313973192198e+02 9.114769800720591775e+02 9.545309300978640294e+02 1.005866710624431221e+03 1.067313834759712563e+03 1.106861277282787569e+03 1.093949065009283686e+03 1.044630493686086993e+03 1.000272956451045729e+03 9.614812722892989996e+02 9.253064616464321261e+02 8.921280817983849829e+02 8.865582614059177331e+02 8.546830932662378473e+02 8.193913796954684585e+02 7.850343146478262497e+02 7.502816678651669235e+02 7.206990574256188893e+02 6.911496002132454350e+02 6.651911742951731412e+02 6.329276900302606919e+02 5.938982066667210802e+02 5.559328225856319250e+02 5.229577695996484863e+02 4.948892847734693987e+02 5.369314108785263215e+02 5.863470788781595502e+02 6.440255947853441967e+02 6.992981943565016536e+02 7.429463043944293759e+02 7.674987274768003545e+02 7.959210664097548715e+02 8.198614570017687129e+02 8.102457180481575278e+02 7.757012632798744107e+02 7.812708474338573978e+02 8.238669781536789287e+02
8.087015780456898710e+02 8.510732446587187496e+02 9.002771966054410768e+02 9.604643517416900522e+02 1.031171177762435491e+03 1.102466576509822062e+03 1.119593742217993622e+03 1.091537823032279221e+03 1.055824702037238467e+03 1.021857606693504522e+03 9.921157494808833235e+02 9.686805343819415839e+02 9.459885380465691469e+02 9.158464578836484407e+02 8.795280330834485767e+02 8.378277248856353481e+02 8.014886795456927757e+02 7.649069678888211001e+02 7.322890493211912144e+02 6.961102656416015861e+02 6.579769491119044460e+02 6.182375464555898361e+02 5.835576179412136071e+02 5.526711709738963236e+02 5.294469548829927135e+02 5.028042166810753315e+02 5.662952826272380662e+02 6.114954259023797931e+02 6.677567656007398682e+02 7.248173566193232773e+02 7.640396054094503597e+02 8.011969196521821459e+02 8.372035886970293177e+02 8.554552283298353359e+02 8.529871992778811318e+02 8.517977122652887374e+02 8.857775852655929612e+02
8.151239915656311723e+02 8.705635341025457592e+02 9.286566255782672670e+02 9.923056473346465509e+02 1.055793506627767101e+03 1.109714773587576019e+03 1.120802276728830748e+03 1.093560140918396655e+03 1.060313205578307361e+03 1.031004213177990778e+03 1.009213888315298050e+03 1.009752660916355012e+03 9.999880759670103316e+02 9.779344311212106504e+02 9.368891156994241101e+02 8.959585157431689595e+02 8.513778765850603349e+02 8.115342996216987785e+02 7.694200670488821743e+02 7.288363693697601775e+02 6.865839800434044946e+02 6.492432599471413823e+02 6.147400669483539559e+02 5.867223572681755286e+02 5.640807048895918570e+02 5.521616233403909746e+02 5.104470993325567179e+02 5.694571369961072378e+02 6.328970167906637698e+02 6.726711890257922732e+02 7.102116798268036746e+02 7.547882774479605814e+02 8.104880467728979738e+02 8.567837695320738476e+02 8.953441280453314448e+02 9.199790884749902489e+02 9.505168802665201611e+02
7.798001767130539292e+02 8.343326975561006975e+02 9.021424785373098985e+02 9.725657966066847848e+02 1.041697823180163368e+03 1.093928155558689923e+03 1.090513389329698839e+03 1.046037424621229547e+03 1.005166331231399113e+03 9.720602951668349760e+02 9.474043975229483294e+02 9.797770985914446555e+02 1.006272390411828155e+03 1.013953084360781077e+03 9.927449507230580821e+02 9.495465105394670218e+02 9.052778661721823710e+02 8.560696408715632515e+02 8.104660541873652164e+02 7.635427990423888787e+02 7.222277862548929761e+02 6.831271784226693171e+02 6.505577458194480869e+02 6.259937324952468316e+02 6.096775320252613710e+02 5.562884082424328653e+02 5.153998309939985347e+02 5.703230142162036600e+02 6.064696990952215856e+02 6.086801588284454283e+02 6.516165674218689219e+02 7.019552932088245143e+02 7.587235825609014910e+02 8.204240056007653266e+02 8.819620498940882953e+02 9.351189314071075387e+02 9.750764277274904543e+02
8.325102011041113883e+02 8.790432120356883843e+02 9.257845158402336665e+02 9.866754076518155898e+02 1.041196351818231278e+03 1.063016758176427402e+03 1.050182433830983200e+03 9.978749126487629155e+02 9.440359985643286791e+02 9.039637519047146270e+02 8.725344737784719200e+02 9.198744821608504481e+02 9.737306313235371817e+02 1.011441979738523287e+03 1.023833084142994039e+03 1.001491574637970189e+03 9.548486463969165925e+02 9.060723748361705248e+02 8.527954695405039729e+02 8.057316612813516485e+02 7.604211978047140974e+02 7.225236511953920626e+02 6.940235406600889974e+02 6.677380496297965919e+02 6.232941325155201184e+02 5.913235864496865588e+02 5.594291841589331398e+02 5.231849204723888533e+02 5.530767276266485624e+02 6.163090884016345399e+02 6.838295014307149131e+02 7.418848429848032993e+02 7.917528653055488803e+02 8.404730502849921550e+02 8.867196816570251485e+02 9.266806525201143359e+02 9.434322233966107660e+02
8.870658661688868278e+02 9.224240044912240819e+02 9.530623657655103216e+02 9.865812256379093697e+02 1.006019039247484443e+03 1.004823773095630486e+03 1.002406739365717385e+03 9.535486648557485978e+02 8.963191245382394072e+02 8.474064164725889441e+02 8.111909861660890328e+02 8.663201634630898980e+02 9.217050362320898103e+02 9.801083061993059573e+02 1.019325742498669456e+03 1.030380080727597715e+03 1.004743889239196051e+03 9.540665879415047357e+02 9.027069737117018349e+02 8.495315382643242401e+02 8.049946561930864846e+02 7.729494840918982845e+02 7.464814882822472555e+02 7.111783250371793201e+02 6.748246931419089378e+02 6.372047018781283896e+02 6.194372119932603482e+02 5.740193489812322696e+02 5.305744188981344678e+02 6.039819097026662575e+02 6.773896002862062460e+02 7.364155042504308994e+02 7.718506848879894733e+02 8.004854307722443991e+02 8.399508606956019321e+02 8.841587720293401844e+02 8.893758935501126643e+02
9.111679298952911950e+02 9.165670333936735688e+02 9.068514882571859061e+02 9.359420720509128842e+02 9.404564379647430314e+02 9.385521509372223363e+02 9.476541427681022469e+02 9.119778391800821282e+02 8.573394943471747638e+02 8.052703649462242765e+02 7.637521281322376581e+02 8.163146460808510483e+02 8.746468071313382779e+02 9.302901569110464379e+02 9.881039675670840552e+02 1.026935100837803020e+03 1.034896978101854984e+03 1.004626252352245160e+03 9.499532804791451781e+02 8.982297988594656317e+02 8.617158324219791439e+02 8.350101994015235505e+02 8.025014517028632781e+02 7.669812380845592088e+02 7.309809496954477481e+02 6.972687101469691697e+02 6.597780544895181265e+02 6.051739007831611161e+02 5.365150954425843111e+02 5.973047076334891017e+02 6.459354718068093462e+02 7.011725103231942740e+02 7.068693843943801767e+02 7.402094181497953969e+02 7.880565102437390124e+02 8.331529568967428077e+02 8.319746022728115804e+02
8.734457597711485732e+02 8.667703698192055981e+02 8.315186059806343337e+02 8.711214192643278693e+02 8.734828323696409598e+02 8.753367910011971844e+02 8.839331557241843029e+02 8.711402004941655832e+02 8.242823158016263960e+02 7.710097796889525625e+02 7.257648396013096317e+02 7.766882427710889942e+02 8.272530402058768004e+02 8.828009789038861754e+02 9.380285105564663581e+02 9.993467145514563299e+02 1.039809658134492111e+03 1.038207145195789508e+03 9.948749002756655955e+02 9.527396743702646518e+02 9.215414602273772289e+02 8.858795273424822199e+02 8.486782538801087412e+02 8.116442924834311725e+02 7.756287838035444793e+02 7.388049643067269017e+02 6.961341809708073924e+02 6.460841615359007619e+02 5.981372547898042740e+02 5.446968901552224906e+02 6.097100047646873691e+02 6.631345073615034380e+02 6.461136794905143006e+02 6.880089743656430983e+02 7.389832287561000612e+02 7.789227628152522129e+02 7.758921516494092430e+02
