output/field_example_lateral_OFF/elevation_000008.asc
nrows	150
cellsize	66.66666667
xllcorner	0
ncols	150
yllcorner	0
NODATA_value	-9999
[rows 119 to 135 of 150, columns 111 to 147 of 150]
5.796487204530631061e+02 6.197178931328099907e+02 5.995159576330648861e+02 6.692776878509018843e+02 7.141774893665607351e+02 7.502968077875668769e+02 7.846128304782896521e+02 8.210830560052492046e+02 8.654858830897539974e+02 9.273125253245957538e+02 9.833242830011400883e+02 1.019354976513414954e+03 1.003776219261694109e+03 9.424189364710333621e+02 8.791203605973917092e+02 8.249886666577684764e+02 8.820542271285529523e+02 9.487772484416940415e+02 1.008114290279326383e+03 1.009502678480648569e+03 9.512815082526701644e+02 8.835801037307606975e+02 9.202672331511582797e+02 9.629921255853120101e+02 1.007576323669093426e+03 1.058650619160395536e+03 1.110100593313548870e+03 1.165333106597012602e+03 1.219219405709198554e+03 1.255647928074621404e+03 1.236703626274577800e+03 1.212811932319598554e+03 1.211675858676522921e+03 1.257818913745622467e+03 1.308566482909154274e+03 1.350924293579683081e+03 1.391845861542281455e+03
5.574772814903144535e+02 5.663979077029406426e+02 6.214182166290762552e+02 6.877932993663106345e+02 7.588851056005784130e+02 8.093165935218950153e+02 8.463948318637280863e+02 8.768901813735698170e+02 9.129876900651751157e+02 9.536538693450672781e+02 9.831031670022723574e+02 9.761362793225242740e+02 9.696588544684656199e+02 9.077654893390681536e+02 8.408668228712364225e+02 7.915848856883089866e+02 8.501138916127661105e+02 9.164685790377576495e+02 9.754562710682592979e+02 9.770882599473003438e+02 9.179874581505149536e+02 8.493521047890984619e+02 8.866829013785020379e+02 9.262833556676232547e+02 9.711971469913478359e+02 1.017322724853356021e+03 1.069417227509580698e+03 1.137969989334363163e+03 1.161012936470735440e+03 1.201273147781641001e+03 1.188825036985762154e+03 1.136544025088907347e+03 1.146611180779878850e+03 1.198767972962282556e+03 1.240562981645009586e+03 1.280730359479888421e+03 1.325276342795197479e+03
5.383892998913528345e+02 6.049532516708599132e+02 6.643467507949020501e+02 7.216796116990608425e+02 7.791318777211549786e+02 8.305985783550371480e+02 8.643835052886255426e+02 8.724898994223857471e+02 9.009439766693994898e+02 9.328086011047444117e+02 9.421770257778405266e+02 9.135226394807350516e+02 9.320583607076896442e+02 8.991711713288061674e+02 8.366596456847122454e+02 7.621059962364026887e+02 8.194196052602361533e+02 8.841728208400353424e+02 9.439136766079776635e+02 9.462835560375771138e+02 8.879282639388570715e+02 8.194768229656816629e+02 8.558866347326854793e+02 8.962145095851165024e+02 9.375566472460261593e+02 9.841311318000471147e+02 1.059488276395736193e+03 1.106196721182143847e+03 1.104119748403503991e+03 1.148315979849757468e+03 1.138727605513425033e+03 1.075069916223346809e+03 1.108719074001390709e+03 1.145816366606785095e+03 1.182520753793269250e+03 1.222893098195501807e+03 1.274578038824384976e+03
5.231601404952302801e+02 5.996287998635050371e+02 6.620579572065475986e+02 7.104685398226507687e+02 7.510003765263256810e+02 8.029669889404643754e+02 8.233227779229636099e+02 8.020486441871724992e+02 8.390589570711300667e+02 8.828070286090393211e+02 8.881858566585301560e+02 8.480037333187864306e+02 8.838217150074217443e+02 8.689127496473938663e+02 8.046086440882910438e+02 7.341809164707244690e+02 7.854972428794434336e+02 8.522219451048678138e+02 9.143263989553817055e+02 9.149773930794442549e+02 8.595833824692306280e+02 7.933430773495584845e+02 8.300299987911396329e+02 8.681478628105354574e+02 9.090747278785885328e+02 9.779565327965216284e+02 1.037777536386839984e+03 1.052300769252612554e+03 1.049370234143939570e+03 1.100352724405817753e+03 1.095771032459865864e+03 1.032260250745806161e+03 1.066201747408963683e+03 1.099684703491317123e+03 1.135016725857751908e+03 1.178931075142552118e+03 1.232430097951017842e+03
5.075641011187548202e+02 5.720849248890403942e+02 6.183919470467060364e+02 6.539196196372253098e+02 7.055848094482913666e+02 7.592744412402997796e+02 7.700565999317756223e+02 7.317808876456396092e+02 7.796650627398167899e+02 8.296016477259473731e+02 8.342172694610122790e+02 7.887882921543935026e+02 8.359144978667638952e+02 8.351782237804872011e+02 7.760151481391732204e+02 7.087426220314057446e+02 7.828120504506167663e+02 8.454877964731181237e+02 8.870686682718624070e+02 8.776903730077507362e+02 8.294629976807950698e+02 7.697937664227737287e+02 8.060957324610697015e+02 8.449991946587763323e+02 9.132031651122543963e+02 9.731817884411220803e+02 9.982261898779476041e+02 9.918184485123592822e+02 9.994050194814722090e+02 1.061593037004988901e+03 1.059077371183373543e+03 9.968251894415635661e+02 1.028809616166794058e+03 1.060399815444839078e+03 1.096667410729690801e+03 1.140600708719617614e+03 1.194193426827707526e+03
4.933670253597122155e+02 5.485089334938180627e+02 5.594664674407054008e+02 6.030917758266062947e+02 6.604237979765904356e+02 7.124250387608146866e+02 7.180437518511712369e+02 6.727958383094160126e+02 7.268700787948355355e+02 7.797185203604145727e+02 7.837702928457404141e+02 7.357366540531810415e+02 7.908952757389621411e+02 8.028402493101899609e+02 7.463266395951092136e+02 6.839076764775638821e+02 7.509662950576027924e+02 8.083034553998411411e+02 8.423610551879494324e+02 8.254241890368554095e+02 7.847227640340530570e+02 7.486143025981355095e+02 7.879203909962247963e+02 8.569375901996382936e+02 9.168382250113256760e+02 9.404138363943553713e+02 9.339425802681772666e+02 9.285893299000863408e+02 9.898263790596191711e+02 1.027669452926174699e+03 1.024242194421464319e+03 9.664070553598273818e+02 9.960616275733827933e+02 1.025842255142289559e+03 1.060789872312415582e+03 1.103807948400877649e+03 1.157591861982519049e+03
5.336475413705477422e+02 5.014434353024675488e+02 5.074009719794538569e+02 5.627173816371142721e+02 6.158006781681699522e+02 6.635494613205512451e+02 6.672102642633742562e+02 6.225635695404222361e+02 6.801243901101947813e+02 7.332814370842843346e+02 7.365435762590735749e+02 6.874708446079401938e+02 7.475163771070338044e+02 7.726139072734953288e+02 7.326134920383103690e+02 6.610333465011475482e+02 7.191319576008422700e+02 7.760652859580342238e+02 7.879279203724802301e+02 7.564119837842471270e+02 7.200715587402676192e+02 7.834873465390774072e+02 8.293215655657157868e+02 8.713517423832438453e+02 8.939530950967657645e+02 8.782248693379103770e+02 8.638988520627783601e+02 9.184935059973774969e+02 9.428424991321750213e+02 9.712029895712799998e+02 9.776584436339816193e+02 9.401548116582763441e+02 9.635161554406392952e+02 9.912682424329019568e+02 1.024659414293824966e+03 1.066722825214355225e+03 1.121870449239233267e+03
5.761110579461625321e+02 5.648839159564874990e+02 5.669690568593026683e+02 5.170758044978391581e+02 5.732200337131738479e+02 6.037364469251166383e+02 6.074383434317013553e+02 5.789408697680490832e+02 6.379615854013429725e+02 6.868504143900338477e+02 6.897345824329408970e+02 6.431147615097596599e+02 6.985504767127723653e+02 7.350740118192030650e+02 7.064626030291882444e+02 6.390186900878345568e+02 6.873969723733467845e+02 7.314269531196500793e+02 7.320187102401757784e+02 6.870252538999195622e+02 7.408065640864323314e+02 7.791118733697783227e+02 8.080152728776480444e+02 8.412642379162463158e+02 8.471388353542952245e+02 8.087323466544374924e+02 8.253629066253589599e+02 8.845150441771926353e+02 8.771716460132765860e+02 8.956243713140014506e+02 9.146825040493674805e+02 9.596540671671755263e+02 1.007404757629622850e+03 1.040058871537007008e+03 1.072655050247719601e+03 1.110899897912331880e+03 1.162182785560487901e+03
6.254500483841571850e+02 6.283784026132901772e+02 6.170547282685110986e+02 5.703111204060263617e+02 5.243550968719245020e+02 5.301383040122901775e+02 5.360130180042242500e+02 5.421192025013569946e+02 5.982053757425304639e+02 6.295162726467990524e+02 6.330718445347810075e+02 6.033978200626997932e+02 6.595917416113345553e+02 6.917741858633324910e+02 6.690333781921062837e+02 6.183372863861486621e+02 6.300491458753207326e+02 6.861682551220354753e+02 6.672550907512386402e+02 7.230683907063189508e+02 7.061136270048982624e+02 7.203561520702942289e+02 7.368113270080749544e+02 7.967520987637547023e+02 7.851203483366932687e+02 8.448028213479592523e+02 8.801761364034109647e+02 8.528114557583151054e+02 9.119522272398501173e+02 9.614028598874244835e+02 9.730783373194003616e+02 1.011303773525134488e+03 1.053830765013892687e+03 1.094790082349502882e+03 1.130731948124494238e+03 1.167637223472671621e+03 1.210799400834922153e+03
6.785756144983104150e+02 6.895119338815482024e+02 6.569250349864182681e+02 6.093798879772846249e+02 5.398781331491770743e+02 5.879863712365374795e+02 5.999053299728232105e+02 6.015207418013544611e+02 5.510520224856078357e+02 5.572547725440191471e+02 5.632791304105234076e+02 5.694294623228013279e+02 6.283813017877128004e+02 6.445835306546891843e+02 6.047850609250841671e+02 6.668493807864140308e+02 6.868163586142919712e+02 6.489093724008839672e+02 7.088027721422402010e+02 7.641399961751429828e+02 7.682824322528341554e+02 7.988821515249162530e+02 8.038641221444424900e+02 7.615388222626850165e+02 8.180088209027933317e+02 8.791125091240235179e+02 9.275343292588012218e+02 9.131827912972725017e+02 9.554609238148146915e+02 1.008826561136558666e+03 1.044708606816933298e+03 1.080075591237116896e+03 1.118519966634312823e+03 1.158578840420843790e+03 1.197542992541985541e+03 1.235348396601253171e+03 1.274634392017959271e+03
7.316955301354804533e+02 7.347117409373148575e+02 6.890252500600489611e+02 6.225617357350129168e+02 5.561330450722166461e+02 6.177609976694329816e+02 6.581424289574747490e+02 6.512564081888425562e+02 5.998444549522123452e+02 6.304761585284652483e+02 6.297461792275182688e+02 6.244347796778705515e+02 5.774630649198985566e+02 5.877421100598664907e+02 6.455311587632828605e+02 6.994154990244693408e+02 7.354482837611225250e+02 7.116767949073158661e+02 7.583152996763086549e+02 8.074196081888376284e+02 8.375445712766056658e+02 8.685283907806070829e+02 8.665845837996872660e+02 8.251102678090204563e+02 8.626410263419157900e+02 9.146576683580119607e+02 9.732933891979583905e+02 9.836585656751226452e+02 1.020561862415852488e+03 1.062751067672474392e+03 1.112409069226788233e+03 1.150047800971979314e+03 1.186313504015175567e+03 1.224401088959420349e+03 1.263246777715002281e+03 1.301783794732258912e+03 1.339789506185371010e+03
7.822964014861049691e+02 7.593775479277305749e+02 6.887807659095876716e+02 6.236687103832724688e+02 5.726545639667421028e+02 6.472235041501454589e+02 6.996823062515315996e+02 7.005329526419229751e+02 6.566088485657370484e+02 6.937700946975844545e+02 6.902871957690770159e+02 6.528206032442215019e+02 5.850756526654033678e+02 6.405200991759014642e+02 6.885974769969453746e+02 7.400072631292575807e+02 7.843628889886682600e+02 7.815912259689177972e+02 8.171104063451371076e+02 8.652764721048026786e+02 9.003447513769237958e+02 9.252333743592200790e+02 9.278267128540361455e+02 9.078091939144526350e+02 9.253922377561719941e+02 9.684211142234197496e+02 1.015072027831506489e+03 1.055409345371399922e+03 1.084978185805668772e+03 1.112920304481099720e+03 1.145713061147531107e+03 1.178021014907742483e+03 1.210422189130864808e+03 1.247246331784784843e+03 1.285533061820221747e+03 1.324288094687579587e+03 1.362930805375307955e+03
8.280735218955101118e+02 7.853992953263575600e+02 7.243803623099561264e+02 6.591053572573933934e+02 5.904937375580673233e+02 6.579566819734645833e+02 7.277963175171603325e+02 7.498473300399080017e+02 7.202783404730411121e+02 7.462441381786928787e+02 7.246662578996983939e+02 6.620429221409717684e+02 5.932728661254221834e+02 6.670127725752324750e+02 7.278353244087186340e+02 7.775918827707337186e+02 8.192311731762689533e+02 8.423462603458135618e+02 8.690997120065761692e+02 8.977963974808059220e+02 9.200589681017818293e+02 9.453131810867387230e+02 9.683200948484625314e+02 9.751454112698233985e+02 9.937356091337375119e+02 1.024590865490435817e+03 1.060897664458766940e+03 1.091013216984078326e+03 1.103037696339504691e+03 1.100667728077539778e+03 1.113077531226848123e+03 1.128572377803335939e+03 1.165746276432836112e+03 1.203678319749554248e+03 1.242337052843456377e+03 1.281648493600242091e+03 1.322601207363057483e+03
8.541696008225063679e+02 8.218209873508277497e+02 7.616842557036512744e+02 6.895576262724293883e+02 6.099670332556107724e+02 6.874199841201608479e+02 7.555858081744524952e+02 7.979243260058917713e+02 7.893087384428024507e+02 7.902690970302551250e+02 7.430499032078016626e+02 6.717050895749157462e+02 6.027166249199374306e+02 6.658297107622134945e+02 7.196873902607621858e+02 7.665204546297967454e+02 8.055128225340705512e+02 8.392446141275916034e+02 8.605413343880958337e+02 8.709611827790580492e+02 8.662543796511228038e+02 9.001185714585059259e+02 9.459194004146135057e+02 9.796294539086378563e+02 1.000234383972330761e+03 1.028484506706124648e+03 1.058991192828110798e+03 1.072878881825476128e+03 1.061855175347676095e+03 1.029120432445534107e+03 1.038353973379048512e+03 1.072201980317574680e+03 1.110038506947905717e+03 1.148878351346266754e+03 1.187299564479619448e+03 1.227235243867572308e+03 1.272485206265487477e+03
8.617720089361240525e+02 8.366041297357623989e+02 7.662191731982504734e+02 6.927050261165035181e+02 6.278794105425381531e+02 6.882033110466634298e+02 7.593579261836456453e+02 8.273384874871463808e+02 8.432096946441860155e+02 8.059543075489802959e+02 7.415386074137577452e+02 6.738053961676191648e+02 6.672732608409095292e+02 6.175874629677731491e+02 6.756608320139339412e+02 7.085723271658335989e+02 7.486652039111993417e+02 7.934813617477226444e+02 8.010335316855897645e+02 8.058030242166029211e+02 7.983012911261882891e+02 8.438072633781411014e+02 8.924287356232822503e+02 9.382868451058949404e+02 9.392141148116380691e+02 9.733589333490568833e+02 1.013170515081266899e+03 1.015115391408219352e+03 1.004150722054827611e+03 9.553838768581217664e+02 9.842823383612079624e+02 1.022595745433913407e+03 1.063152765570047904e+03 1.100940316562198404e+03 1.138087472928366424e+03 1.179762319408619533e+03 1.232818664800073066e+03
8.807616496929041432e+02 8.486926813610259615e+02 7.751680946598594346e+02 7.008511597103918120e+02 6.469840540508229196e+02 7.244779788018263389e+02 7.957071713812000553e+02 8.574503609207762338e+02 8.797294387476034672e+02 8.341877071302925515e+02 7.676196171349043880e+02 7.335697013237836472e+02 7.209770660698694655e+02 6.811566115397934027e+02 6.286681205557339354e+02 6.391256694701129391e+02 6.995372859384885942e+02 7.335383854685898086e+02 7.342934981611034573e+02 7.403059691527229234e+02 7.398018674629603311e+02 7.885978423853044887e+02 8.456063011634275881e+02 8.889906209230549621e+02 8.707428266358926976e+02 9.146388457034457815e+02 9.585241607112758402e+02 9.522496617324293311e+02 9.412546078970974577e+02 9.024584041455370880e+02 9.429833453305266175e+02 9.884526271999968685e+02 1.026446046787947807e+03 1.060506072577309851e+03 1.097571617613422632e+03 1.143724759165905425e+03 1.199769490300504458e+03
9.043374164497057563e+02 8.591305406733620202e+02 7.908095348925069175e+02 7.365073543223902561e+02 6.669312774951301890e+02 7.274747352014060198e+02 8.003026248307073729e+02 8.771417139052733773e+02 9.110400473479418224e+02 8.736923800233583961e+02 8.317569856332190739e+02 7.997116513972733856e+02 7.609842064903760956e+02 7.020557254510118810e+02 6.426980193069075540e+02 6.836805386021070490e+02 6.535964986707110711e+02 6.624113171283547672e+02 6.720957541230507104e+02 6.817590552036945155e+02 6.924881479162481810e+02 7.497574099561580852e+02 8.045912758060270562e+02 8.399149405211603607e+02 8.101647062293056933e+02 8.609052851299804843e+02 9.065353242236225242e+02 8.994309083113896577e+02 8.668328703496642902e+02 9.306026527334113325e+02 9.371129827011890256e+02 9.630811022546373579e+02 9.927954113251184936e+02 1.026356552995755692e+03 1.065448190229019701e+03 1.112437330876461829e+03 1.169909243363872974e+03
