output/field_example_lateral_OFF/elevation_000007.asc
nrows	150
cellsize	66.66666667
xllcorner	0
ncols	150
yllcorner	0
NODATA_value	-9999
[rows 68 to 84 of 150, columns 111 to 147 of 150]
7.760591893851251371e+02 7.736454207094373032e+02 8.340118476135284027e+02 8.470620254093702215e+02 7.995899356206781476e+02 8.618285663231457647e+02 8.800529646020937662e+02 8.379535710814243430e+02 8.533563937809907429e+02 9.224420131717280356e+02 9.660115084212064858e+02 9.409522451490695403e+02 9.264251477896796132e+02 9.189437363003502242e+02 9.607400529185820233e+02 1.015255788282295271e+03 1.071067068773983465e+03 1.132988390126365175e+03 1.189165134856797977e+03 1.230373798304056891e+03 1.254492620678398453e+03 1.272976737030356617e+03 1.280565316758022618e+03 1.284868173784356031e+03 1.294245698420700819e+03 1.290292939898106397e+03 1.283648984258380779e+03 1.295813898793195904e+03 1.290016395650585082e+03 1.236897391810816089e+03 1.174246561649746582e+03 1.105694372277598177e+03 1.041283669965513809e+03 1.078243611674560043e+03 1.123057783102170106e+03 1.175797306226442515e+03 1.235656045361204860e+03
7.205886636516016779e+02 7.247216305182546421e+02 7.868226722233653163e+02 8.015267332962561113e+02 7.547729802931279437e+02 8.178171697971351932e+02 8.351353414973374356e+02 7.870673921861741746e+02 8.501090602757999477e+02 9.046228193313396559e+02 9.236930266955994284e+02 8.854879218421100404e+02 8.713112216611639269e+02 8.736640381867309770e+02 9.270638978578627984e+02 9.790039686294838930e+02 1.033721551637796438e+03 1.091401147841055717e+03 1.154323430491622048e+03 1.163941623925157728e+03 1.197417390594421249e+03 1.231970828243168626e+03 1.227356465481497708e+03 1.222631883239190984e+03 1.249802509467962864e+03 1.272240076334753667e+03 1.295445914578260954e+03 1.319792545380073079e+03 1.318632542392304003e+03 1.279462738531310151e+03 1.213509793032101470e+03 1.146057321321908375e+03 1.074629851303764326e+03 1.108009315957933723e+03 1.150577755722307074e+03 1.202341518794399690e+03 1.262587333278460846e+03
6.708907590313608580e+02 6.816967968134439388e+02 7.432592760457980603e+02 7.579629859060655690e+02 7.139380402650017459e+02 7.780988077981427296e+02 7.962073839765685079e+02 7.486099310805458344e+02 8.119925004894492986e+02 8.694056640343078470e+02 8.805981136891986125e+02 8.359413676861879594e+02 8.199560194920802587e+02 8.727015736948887934e+02 9.029102368669986163e+02 9.487232045532236953e+02 9.963335843404698835e+02 1.065330130849956731e+03 1.114479626447160626e+03 1.096390186000611948e+03 1.138282219240160657e+03 1.176370979777250113e+03 1.159904116589911155e+03 1.151504328926697099e+03 1.171002654818124029e+03 1.207462018387803482e+03 1.247609630108311876e+03 1.293956247441012238e+03 1.318995140734525194e+03 1.305820237805627812e+03 1.259255391450639763e+03 1.189331774973134088e+03 1.117224406882189214e+03 1.142423783627030161e+03 1.182490146930869741e+03 1.232452621056669159e+03 1.291794743223281785e+03
6.248147093405905252e+02 6.639701828707839013e+02 6.878811814402754408e+02 7.087740003572472460e+02 6.763852134467700807e+02 7.412387439652083003e+02 7.597384349545178566e+02 7.136395112172956487e+02 7.759066064368312254e+02 8.286342919000398979e+02 8.363403796754707855e+02 7.920116275636402179e+02 7.878527963003429022e+02 8.332638518668813958e+02 8.762111060624359880e+02 9.180834733868827016e+02 9.874160039379282807e+02 1.052316351843277516e+03 1.072865512350819472e+03 1.036350356443231703e+03 1.083660862538643869e+03 1.121117109264708006e+03 1.095401605992009763e+03 1.086704670948962757e+03 1.100562363166480054e+03 1.143777482939587117e+03 1.194773055721218270e+03 1.240764926120641121e+03 1.286445549525936713e+03 1.308217452487449691e+03 1.291561867756400261e+03 1.247720682895806249e+03 1.193595160928910445e+03 1.175335713365974925e+03 1.219558066773234259e+03 1.268340914938120250e+03 1.325793784084377194e+03
5.949655220524364267e+02 6.034163690400669111e+02 6.136712429831584359e+02 6.661573889908787578e+02 6.426273075989147401e+02 7.045704662505345368e+02 7.202417580323635775e+02 6.814891623072498987e+02 7.396079845105748518e+02 7.764938156064147279e+02 7.839056520391424101e+02 7.508531382052838126e+02 7.789389761176037155e+02 8.112501026209649808e+02 8.527840169364525309e+02 9.149484763040961752e+02 9.773935085237113753e+02 1.028670002992136915e+03 1.030099941871027568e+03 9.845612193294824692e+02 1.035263840983557657e+03 1.067756360120489944e+03 1.036142931048202172e+03 1.030413294581666150e+03 1.045688400735849427e+03 1.096923419514124362e+03 1.139107377182098389e+03 1.185634746102297640e+03 1.230074705973373284e+03 1.276894852536163171e+03 1.302849288037337146e+03 1.296606931601367023e+03 1.271700280222581114e+03 1.228096640812352689e+03 1.267064927533660921e+03 1.313166653008980347e+03 1.367776062410947588e+03
6.617392143116034049e+02 6.613800894472691425e+02 6.733070377363404759e+02 6.285784784869738360e+02 6.812949340173324799e+02 6.565942402530529307e+02 6.659972668596741414e+02 7.181181517862485180e+02 6.966157291114354848e+02 7.070059306792095413e+02 7.186883808687961164e+02 7.702148371433007696e+02 8.019354563466021091e+02 8.388068268163420953e+02 8.806824925391686065e+02 9.208341637998769329e+02 9.587245535193392243e+02 9.799293917416773638e+02 9.791231479848804611e+02 9.388885814119259976e+02 9.971356946753087414e+02 1.017887395688433344e+03 9.810224440058088931e+02 9.805274990821357051e+02 1.017441325073760481e+03 1.050506738594855733e+03 1.087210107463378108e+03 1.125564043038549471e+03 1.172932238048052568e+03 1.221697406433665037e+03 1.277257559157639434e+03 1.316774050189871559e+03 1.326592988611763531e+03 1.294631398393548352e+03 1.330743981362859131e+03 1.372943358792835397e+03 1.420615109007910632e+03
7.284793439314852321e+02 7.257148124991475697e+02 7.272704985793947117e+02 6.766650996548347621e+02 7.263340118411933872e+02 7.203689838360131716e+02 6.995181045811664262e+02 7.559923956994083483e+02 7.646739117165720927e+02 7.694217942638902059e+02 7.795525926112774187e+02 7.357147364214912386e+02 7.486460529930516259e+02 8.057279972599295661e+02 8.386335439704897681e+02 8.646573144118547134e+02 9.046353310856475218e+02 9.083778648307159074e+02 9.136897034085413907e+02 8.983517349902224396e+02 9.490036224137768386e+02 9.645959507320293369e+02 9.314329652504227397e+02 9.524213780955961965e+02 9.763698174161733050e+02 1.002847513796983662e+03 1.033587765662119182e+03 1.069786049789561957e+03 1.113127226277198815e+03 1.165757439548810908e+03 1.228898252420377275e+03 1.301112052922615021e+03 1.366617203305423345e+03 1.369751908387522690e+03 1.404235979784230267e+03 1.442122550212600572e+03 1.484042795683112445e+03
7.819689574241233458e+02 7.925696857897879681e+02 7.841946649346598406e+02 7.319661262656549070e+02 7.801936267209083553e+02 7.832781152478320337e+02 7.391311952059105579e+02 7.864391119183977708e+02 8.295476532602184534e+02 8.367600297895035055e+02 8.345690712003737417e+02 7.841909178062026058e+02 8.051492111228094473e+02 7.660856995684315507e+02 7.786384770995275630e+02 7.933098847753237806e+02 8.526769490731231826e+02 8.359332238345440373e+02 8.503487062001447612e+02 8.651853856883058143e+02 8.826666022188525176e+02 9.015408184276163865e+02 9.603850893754628260e+02 1.001131952295900078e+03 1.030384830150682092e+03 1.045320776593299570e+03 1.077829352475891028e+03 1.114384622942665828e+03 1.159961947774576629e+03 1.210911707688532942e+03 1.274431264308389018e+03 1.340002953831153263e+03 1.401877984765448446e+03 1.440743030920234787e+03 1.468076417057620347e+03 1.498655636343487231e+03 1.533180377724930167e+03
8.241722402357968349e+02 8.585211445522891154e+02 8.446397035645892402e+02 7.961025654577169917e+02 8.383443469633039058e+02 8.373102226359437736e+02 7.867819732479616732e+02 8.293362397713253813e+02 8.768146394567761490e+02 9.047764062967593190e+02 8.912867852861601250e+02 8.382295629058548911e+02 8.550544853339813471e+02 8.109957284454133060e+02 8.486415309497043609e+02 8.540407523620203847e+02 8.138104562788233807e+02 8.769566532912642742e+02 9.052461409889665447e+02 9.320807865045583185e+02 9.593754544868221501e+02 9.626227736898508738e+02 9.420033049356138690e+02 9.813185077950890900e+02 1.026617915203618850e+03 1.077590166370833003e+03 1.120770010588114246e+03 1.164544131945414165e+03 1.210015762170221251e+03 1.265468229494363868e+03 1.322754215940318545e+03 1.387279072370387667e+03 1.435930685107396357e+03 1.465520083311998405e+03 1.472560410523802148e+03 1.491132906402426897e+03 1.518979338796039201e+03
8.748483923832740174e+02 9.145451908561524306e+02 9.067945479751829225e+02 8.712610896684276440e+02 9.019130939850431332e+02 8.943904987835434213e+02 8.464912421497812147e+02 8.815414420867247145e+02 9.278578222646868880e+02 9.650537510454034873e+02 9.495407024798055318e+02 8.986013224772069634e+02 9.086512230258173304e+02 8.635394355024168362e+02 9.040091311535775276e+02 8.995563522388325737e+02 8.398600147045988251e+02 8.952490628291850498e+02 9.511002672726802984e+02 9.871402205955990894e+02 1.022007177492383221e+03 1.023145798231881599e+03 9.783787678712972138e+02 1.019064219625113083e+03 1.062705370504100301e+03 1.111398298943288864e+03 1.164923727618502653e+03 1.214152223568855334e+03 1.267640450219897048e+03 1.319159551634675381e+03 1.375307932216689323e+03 1.415751794144649466e+03 1.436230710093425614e+03 1.429945252087026574e+03 1.415944271985624937e+03 1.431486910310046369e+03 1.465810368069033302e+03
9.337173722718911222e+02 9.630995523552669511e+02 9.633560897072502485e+02 9.537044518465975216e+02 9.653302569980324961e+02 9.553218996624060537e+02 9.241162982145677915e+02 9.449759299206006062e+02 9.842780581275818577e+02 1.020335799817999828e+03 1.009323328112122113e+03 9.666816242931903389e+02 9.691552675033144624e+02 9.261479065694912833e+02 9.512132949770618779e+02 9.392760655578811111e+02 8.805585470811778350e+02 8.825390515666870215e+02 9.483825592518434178e+02 1.013448141249984133e+03 1.060979687918242234e+03 1.066619092074861783e+03 1.021554015060976440e+03 1.060844596693256790e+03 1.108062025982348132e+03 1.157534701681133811e+03 1.210975185075700438e+03 1.269180747875390125e+03 1.320952551584098728e+03 1.372768082015837990e+03 1.404461417077292708e+03 1.411849531165338249e+03 1.396416699679123212e+03 1.363918848410055034e+03 1.349564905964013633e+03 1.378938547305279144e+03 1.414302663031550992e+03
9.720738596842226116e+02 9.846222476171885774e+02 9.775895666274462883e+02 9.882295218646061130e+02 1.000080513749461943e+03 1.002374858909831801e+03 9.996239949390234187e+02 1.019303027233612170e+03 1.046511803312966094e+03 1.069418557018620049e+03 1.066047111937972659e+03 1.040698988530729821e+03 1.035032698531498227e+03 9.973187043948596511e+02 1.014660419915190687e+03 9.789567089667374375e+02 9.266051127890215184e+02 9.300303660844828073e+02 9.326593558371665722e+02 1.001939890812052909e+03 1.067148887731354307e+03 1.099367875683809643e+03 1.071535941586829040e+03 1.112549343760527790e+03 1.157691365076993861e+03 1.212821142051427159e+03 1.266848588603053713e+03 1.319804379785073479e+03 1.370869145434379107e+03 1.398965175327389943e+03 1.395486889728062124e+03 1.369756998136681204e+03 1.332606493762637911e+03 1.302390717438324600e+03 1.298441887041443351e+03 1.339927249982295507e+03 1.402030535045105580e+03
9.663107161480786544e+02 9.490374763945413861e+02 9.166389507062942812e+02 9.486707491586998913e+02 9.583015275078678314e+02 9.878719234722617557e+02 1.015746804525108132e+03 1.047256140276770111e+03 1.070298353913901565e+03 1.084450743888611441e+03 1.098719894431040302e+03 1.099611931446208246e+03 1.096474206568303771e+03 1.073669776346367598e+03 1.074322711963740403e+03 1.030036134676609890e+03 9.813364761114777366e+02 9.838899710403663903e+02 9.857203029896096496e+02 9.869735220495161911e+02 1.049760497623555011e+03 1.118398381661789927e+03 1.127460476481986234e+03 1.168869305287544876e+03 1.218146844721612297e+03 1.268150007863316659e+03 1.323859500506909171e+03 1.363848839685143275e+03 1.389097013746160428e+03 1.384818246280343146e+03 1.355926340110075444e+03 1.308637970504824125e+03 1.265115764486123908e+03 1.250552676962590340e+03 1.309184657467252009e+03 1.369418054040962033e+03 1.415508715864436681e+03
9.163465239809381728e+02 8.871322938352096799e+02 8.478046398001571333e+02 8.897467742094412415e+02 8.907265040685309714e+02 9.292082791546316685e+02 9.711883127316160653e+02 1.015659670892751478e+03 1.023986673905784528e+03 1.031012120032932444e+03 1.068061583573095277e+03 1.101152647863525772e+03 1.132364206711635234e+03 1.136320664875054717e+03 1.128039343173199541e+03 1.087759038764536172e+03 1.048207714547947944e+03 1.046372199734347532e+03 1.043957651582817562e+03 1.029900501450289767e+03 1.079295518648984853e+03 1.141656362377074174e+03 1.189968765587783764e+03 1.234818253893754672e+03 1.278245295548486183e+03 1.326203217117576287e+03 1.357600717403405042e+03 1.368196656276147223e+03 1.357858104306137648e+03 1.342359472413735148e+03 1.298096622950745541e+03 1.257021190374941625e+03 1.206117334853814327e+03 1.248072730495017595e+03 1.304454772140364639e+03 1.364514420374951669e+03 1.421447482509481915e+03
8.429324660149045485e+02 8.358326358391357189e+02 7.873461872952375415e+02 8.317733036771016941e+02 8.270539100102459997e+02 8.711288194609497850e+02 9.251729154100212327e+02 9.679076470792683722e+02 9.619945688436507680e+02 9.665429688041416512e+02 1.002082884616832871e+03 1.063401718075824192e+03 1.122278430785727096e+03 1.155292214201396973e+03 1.166102216136464904e+03 1.151510006399509848e+03 1.124350535621485278e+03 1.118088140597153597e+03 1.110525313010610489e+03 1.083909546843824955e+03 1.129822386999660466e+03 1.184399228558496361e+03 1.245746353109792153e+03 1.296480241373390299e+03 1.338228980772815248e+03 1.359456978281065403e+03 1.355430674005210221e+03 1.330387014344248882e+03 1.294364313031872825e+03 1.292860117901943340e+03 1.244444405357951155e+03 1.196131512024493304e+03 1.177419168690747256e+03 1.240407742718917916e+03 1.300598371212847269e+03 1.347018143922383615e+03 1.382260696415433813e+03
7.741243985223104573e+02 7.826612115167781667e+02 7.364883369342098831e+02 7.754718528394032546e+02 7.742564305010708949e+02 8.316597096662013655e+02 8.819648298060518528e+02 9.119668939927655629e+02 9.005343686701032766e+02 9.104723443259128999e+02 9.794181318879052469e+02 1.040993805902208123e+03 1.080724980110225488e+03 1.127450648703705156e+03 1.162039043576382028e+03 1.185514533994109343e+03 1.187964490930400871e+03 1.189545169414331895e+03 1.182803332139844542e+03 1.150548385689704901e+03 1.194463743034385516e+03 1.244633406586386172e+03 1.297513493777131544e+03 1.347222952122583592e+03 1.367483515912444318e+03 1.351338094457524676e+03 1.318351046190440229e+03 1.270977175079575773e+03 1.229981361073984090e+03 1.246155110046748177e+03 1.203029279900545134e+03 1.139638905618312037e+03 1.191725325827851748e+03 1.227336376654543983e+03 1.257600961715337235e+03 1.290779361292615704e+03 1.327597998686172104e+03
7.124294324494909461e+02 7.305665870355232983e+02 6.931661233926653267e+02 7.095933824874944094e+02 7.689318246004703497e+02 7.993674187598523986e+02 8.343821868235339707e+02 8.469261206758948219e+02 8.425747362832565841e+02 9.051768073600383104e+02 9.626693859450572290e+02 9.863211725836249570e+02 1.025977647359990897e+03 1.070716156067091106e+03 1.116416091777734664e+03 1.163890133236508291e+03 1.196206947769332601e+03 1.223666931992140007e+03 1.234889479545161521e+03 1.228641559103906729e+03 1.260698649727819657e+03 1.310328898569026705e+03 1.349136783929781359e+03 1.370270210776784097e+03 1.353059494500833353e+03 1.312178525838346786e+03 1.262045342501158075e+03 1.216042122824467015e+03 1.170535449246541475e+03 1.199564786190660243e+03 1.174330282440899964e+03 1.113006110424485541e+03 1.163755644492764759e+03 1.166836178236633032e+03 1.202968584190588444e+03 1.246523660371399501e+03 1.312871493652958634e+03
