output/field_example_lateral_OFF/elevation_000002.asc
nrows	150
cellsize	66.66666667
xllcorner	0
ncols	150
yllcorner	0
NODATA_value	-9999
[rows 119 to 135 of 150, columns 111 to 147 of 150]
7.947809436052766614e+02 8.033315343287213182e+02 7.834301109098639699e+02 8.229248140837130450e+02 8.461274927372862749e+02 8.615267918529234521e+02 8.647176434705513657e+02 8.807767817236858718e+02 8.881657631374414450e+02 8.943606277483241911e+02 8.998941403368910414e+02 9.168064668562409452e+02 9.316147468340394653e+02 9.424547328537028079e+02 9.474969524881228153e+02 9.489330237816526505e+02 9.577547546444262707e+02 9.681462826265118338e+02 9.771399148938362487e+02 9.833253926357181172e+02 9.847287018573247224e+02 9.841293204863775372e+02 9.863994013049182286e+02 9.888442433116583743e+02 9.899972933527127452e+02 9.894550252696971029e+02 9.898227475984202783e+02 9.865153134955819496e+02 9.832247560064413392e+02 9.866725816430823670e+02 9.904221555003294952e+02 9.899041945624433083e+02 9.841140101681835404e+02 9.764073821118446403e+02 9.811589060197857179e+02 9.859895971181384766e+02 9.904389306766812524e+02
8.306577959032264289e+02 8.329102210390658456e+02 8.317766573175002804e+02 8.505827164560978417e+02 8.726691422661300521e+02 8.882392207768459684e+02 8.942132054621870338e+02 9.053371442164078644e+02 9.151539134629300634e+02 9.189246335182857592e+02 9.224531529305442064e+02 9.328425972782955569e+02 9.446358441293721171e+02 9.550852939776169706e+02 9.600628770587887857e+02 9.615520218460729893e+02 9.661135763042829012e+02 9.724807995287928861e+02 9.787008060333640742e+02 9.807527167795564083e+02 9.774348926436604188e+02 9.707678192076901951e+02 9.766562787328450668e+02 9.834309078448361561e+02 9.877647814661580696e+02 9.909244584579203092e+02 9.927206674493949095e+02 9.918894890624836762e+02 9.909545076208307819e+02 9.922840454810675510e+02 9.937260233034143084e+02 9.928145391053926687e+02 9.886432533758829777e+02 9.835192135971695961e+02 9.866045748168345426e+02 9.896470648253065292e+02 9.928194032503015478e+02
8.063596603143137145e+02 8.180796601814168980e+02 8.345103819331925479e+02 8.548653057384324256e+02 8.752354519930511287e+02 8.942312344200223606e+02 9.093206393542761816e+02 9.193042360068590142e+02 9.282552520586096989e+02 9.352726657126528380e+02 9.405348710365402667e+02 9.465320469151804446e+02 9.540319138361505793e+02 9.605103898665964834e+02 9.594314095197347569e+02 9.561819431163432910e+02 9.601812577696734934e+02 9.661524516862311884e+02 9.733744682071829857e+02 9.736452582549204635e+02 9.646654558457720441e+02 9.533667230785139282e+02 9.641772963040806417e+02 9.731335364776721235e+02 9.808456722850529559e+02 9.879216460151842512e+02 9.916697367762485555e+02 9.927011738424404257e+02 9.930933998588300256e+02 9.942906624126796942e+02 9.956058662552312626e+02 9.951152183467700070e+02 9.928335628270571078e+02 9.905319845904258500e+02 9.911657419920553593e+02 9.932071440875814687e+02 9.950034979103389787e+02
7.382140849602203616e+02 7.648536055359749071e+02 7.936284496885532462e+02 8.165396558815773460e+02 8.412326129034851192e+02 8.692206755370692690e+02 8.941316693342848794e+02 8.959668037417886808e+02 9.104715939782814758e+02 9.229058767196049757e+02 9.331624102835114627e+02 9.355334746383530273e+02 9.425974264905772770e+02 9.498995177319924323e+02 9.435336780773822056e+02 9.294205291301751686e+02 9.360161477158782191e+02 9.501097844150751826e+02 9.624078245176281143e+02 9.622858431132641499e+02 9.504423955676229525e+02 9.342194636678743791e+02 9.484891467952702442e+02 9.612994680157294169e+02 9.736890620416412503e+02 9.825588319799586543e+02 9.877475544980196673e+02 9.879228502196516501e+02 9.885836478191589549e+02 9.915152809731185926e+02 9.949225443440088839e+02 9.961625398908969373e+02 9.957481206294597769e+02 9.952119597109082179e+02 9.955860949362116799e+02 9.959842114989891115e+02 9.970512071068807245e+02
6.720678579652774260e+02 7.103462083634876763e+02 7.495655802704634425e+02 7.616450681424313416e+02 7.989812886521436894e+02 8.376356608452884984e+02 8.647897231819483750e+02 8.521681331429617785e+02 8.726478670003074285e+02 8.922628906028982101e+02 9.103787864724835117e+02 9.018086382725999783e+02 9.158651863176248753e+02 9.301727656337891403e+02 9.206394711204145551e+02 8.935737524714849087e+02 9.108811055646922341e+02 9.312271795993048045e+02 9.469194685851604163e+02 9.443374818127492745e+02 9.322756739526740830e+02 9.146330788957651521e+02 9.326070420191175572e+02 9.509626656739940245e+02 9.657087681228367728e+02 9.783009734472361743e+02 9.798793020149180393e+02 9.797540355035049515e+02 9.813748514921321657e+02 9.885618644681439946e+02 9.933420130344658219e+02 9.943489133052630677e+02 9.953395557463157957e+02 9.962023677027344775e+02 9.970906786393961738e+02 9.978157179891458100e+02 9.983871286758567294e+02
6.165190590336530931e+02 6.760598997556476206e+02 6.840372880292103446e+02 7.177186474044018496e+02 7.630481968076612702e+02 8.080570241053259224e+02 8.276156130287847645e+02 8.024300530973094965e+02 8.303116157060115938e+02 8.628832366683531063e+02 8.805783918876530834e+02 8.614636947401794487e+02 8.854626308899946707e+02 9.065870600291765413e+02 8.953688335935785290e+02 8.592763303415900964e+02 8.843415475106551185e+02 9.103216322256208741e+02 9.249275214127134177e+02 9.147973216660454909e+02 9.039983985162228919e+02 8.955328353153167882e+02 9.190806205488451042e+02 9.418466099516439272e+02 9.635028402917462245e+02 9.708293913169616189e+02 9.680640977599420012e+02 9.685032874263824851e+02 9.809852833227863584e+02 9.874957403971242229e+02 9.905375553746459900e+02 9.898954332478255083e+02 9.919411504077627342e+02 9.939409756636649718e+02 9.958848355903566016e+02 9.972607874148277460e+02 9.982550162255263331e+02
6.557689312408053866e+02 6.267521146593405774e+02 6.339969191260083790e+02 6.837643880438363340e+02 7.316461555661281864e+02 7.769773519966703361e+02 7.859497451828318617e+02 7.551948104708003484e+02 7.947454445734639421e+02 8.379597561384148321e+02 8.488138870525907578e+02 8.202520336822100262e+02 8.536749943368332652e+02 8.809457822442211636e+02 8.689230392775572227e+02 8.262533762960662216e+02 8.574769508649729914e+02 8.900692184200834163e+02 8.978948794146101591e+02 8.778488091903927852e+02 8.693868392446207736e+02 9.086064889671679339e+02 9.324748952597695961e+02 9.486679692112193152e+02 9.589085779722337293e+02 9.553833074955083475e+02 9.517260588558517611e+02 9.684638932929714201e+02 9.762610727675157705e+02 9.810148479319054786e+02 9.850960082194884535e+02 9.833972076079503495e+02 9.872561325020540153e+02 9.905816039307164829e+02 9.933331407412888439e+02 9.955407116531872589e+02 9.972542933268007346e+02
6.944234194309044597e+02 6.951133414463029112e+02 6.953855852077638247e+02 6.458438627835782881e+02 6.998758536452843373e+02 7.292988685599818837e+02 7.298031317558019282e+02 7.131774064759065368e+02 7.637684463934309633e+02 8.056692769867208881e+02 8.112832857101839181e+02 7.802164325464136709e+02 8.216441718098826641e+02 8.532074973724434130e+02 8.405611595518363401e+02 7.943079989404276375e+02 8.278680816625385432e+02 8.596742122522433647e+02 8.648849197628711636e+02 8.388142744548329119e+02 8.792792827055516227e+02 9.045744776921465018e+02 9.171460986535400934e+02 9.322896844923653816e+02 9.430265047734208110e+02 9.324638573247277691e+02 9.419405425443826516e+02 9.622721631017411710e+02 9.645673294531592319e+02 9.708144558848400720e+02 9.767365747983456004e+02 9.860325088618527616e+02 9.911489700744215270e+02 9.937569791507528407e+02 9.955984902432498984e+02 9.970100050652322352e+02 9.980883384555042994e+02
7.285050245052726723e+02 7.555134307947819252e+02 7.454840553834761749e+02 7.040260644156329590e+02 6.553773033290249259e+02 6.622942475472826800e+02 6.690940650575790869e+02 6.762912543779187899e+02 7.301293566532239083e+02 7.585358198643054948e+02 7.584955671361900613e+02 7.421504322288574258e+02 7.902176553522201630e+02 8.196835494446833081e+02 8.043496406504355036e+02 7.639198516270091659e+02 7.779176422154532702e+02 8.273508868626546473e+02 8.188735411856176825e+02 8.618488660336439580e+02 8.577574750023532033e+02 8.704714900975536693e+02 8.838395190813171212e+02 9.178888654146809358e+02 9.184529122740545972e+02 9.438758513229922755e+02 9.582124284042733962e+02 9.548989476824998519e+02 9.722893051648457003e+02 9.799679299152192016e+02 9.848405557317718149e+02 9.900040959538509924e+02 9.936705598358829548e+02 9.958488677355539949e+02 9.971865871515416302e+02 9.981196911518539991e+02 9.987983859964429030e+02
7.676977908205461745e+02 8.005889695201028644e+02 7.877240902141356855e+02 7.402006233350587081e+02 6.841044806642515823e+02 7.249308426868680044e+02 7.324633906622060522e+02 7.329914566538457166e+02 6.862850833284408054e+02 6.933812492771278357e+02 7.002483320696622968e+02 7.075144082065429529e+02 7.636144329989662083e+02 7.795810598402299547e+02 7.461049819598025579e+02 7.893176660029846516e+02 8.136614880979170721e+02 7.989187740669138975e+02 8.477452465081440778e+02 8.812188605669116441e+02 9.000003234636086518e+02 9.097271255117160536e+02 9.156161969858347902e+02 9.026071763151481946e+02 9.351983417034018657e+02 9.542704486844470466e+02 9.658800017904843571e+02 9.686590266347691340e+02 9.766772154928796681e+02 9.844741085236436220e+02 9.893853956858598622e+02 9.923573340122007949e+02 9.939791435207921495e+02 9.954683398596304187e+02 9.968505306699331641e+02 9.979363470333429404e+02 9.987358005665164455e+02
8.079077398620047461e+02 8.356216735457149980e+02 8.178331221587743585e+02 7.651516776409964677e+02 7.154616643072142779e+02 7.641559639622374789e+02 7.877901628709898887e+02 7.726014011289744303e+02 7.197024695498620304e+02 7.563659500265840734e+02 7.605349254368230731e+02 7.585278513834603018e+02 7.169189948879090934e+02 7.268921771234412290e+02 7.412504308437886493e+02 7.589738861044002078e+02 8.136917962945776708e+02 8.452039305590215008e+02 8.753660028482784128e+02 9.034095465891410868e+02 9.189498534819268798e+02 9.215585776905089688e+02 9.276297404808345846e+02 9.301330145719426810e+02 9.419038016056549623e+02 9.535299805154297701e+02 9.599625106387878759e+02 9.554825777782737077e+02 9.711406788409356068e+02 9.823805199305993483e+02 9.877589000204243348e+02 9.901343918852865045e+02 9.896327501030376652e+02 9.925060727715629127e+02 9.948752124881843883e+02 9.967001611991948948e+02 9.980418192628569614e+02
8.526088143357109175e+02 8.665675743333523542e+02 8.378465167846810573e+02 7.927058504532445795e+02 7.492692658476081533e+02 8.044296111676119381e+02 8.274300957505371343e+02 8.001074557772792559e+02 7.553194721895432622e+02 8.009213572947725197e+02 8.097662533887237259e+02 7.798737174371752872e+02 7.255437414448695108e+02 7.732990708684251331e+02 8.019505993905250989e+02 8.126665087454316563e+02 7.874675750109746559e+02 8.413924793069483030e+02 8.789012840719799442e+02 9.043637409501226330e+02 9.074140261825391462e+02 8.927143356706992563e+02 9.037567314716936835e+02 9.139107546832724438e+02 9.239022764461212773e+02 9.334926367795396800e+02 9.431916791794320716e+02 9.628052876593544624e+02 9.652683395758615461e+02 9.783476062825169492e+02 9.803476907926982449e+02 9.843516200781795078e+02 9.887007529730589113e+02 9.937323484851012836e+02 9.963374414624751125e+02 9.977357470991360060e+02 9.986596440790406177e+02
8.881302304868372630e+02 8.925997807868466225e+02 8.620156203718079269e+02 8.224060875936016828e+02 7.848603095151322577e+02 8.367523382587903598e+02 8.584111898971374330e+02 8.309744470968090582e+02 7.920171931783661421e+02 8.335990206556599560e+02 8.389222206909753368e+02 7.993786678708952422e+02 7.350151131126140172e+02 7.970822175367753744e+02 8.365676627901899565e+02 8.513802068853766514e+02 8.411036103991681330e+02 8.143523507554208436e+02 8.586395906398579427e+02 8.850213882085603245e+02 8.744995237040642451e+02 9.088100135147848277e+02 9.291722354717667258e+02 9.402466444624972155e+02 9.503427094189527224e+02 9.538406128125600389e+02 9.618050120923031727e+02 9.701701161121310406e+02 9.770051269366351789e+02 9.740833878041837579e+02 9.838594030627178881e+02 9.893155337206843569e+02 9.926405473802441293e+02 9.933462750931955725e+02 9.956391228240878490e+02 9.973072869112271519e+02 9.984651758737638829e+02
9.171913903864291342e+02 9.145515980001380285e+02 8.867133963565598833e+02 8.535504655223049895e+02 8.221805780505263783e+02 8.669803527067409732e+02 8.855765017872129192e+02 8.615120760725172886e+02 8.290858664128389819e+02 8.605078160314642446e+02 8.520916857473608843e+02 8.040839965807825820e+02 7.454509050963036998e+02 7.994441441550739000e+02 8.383910425445793635e+02 8.645337392579358493e+02 8.705467000973646918e+02 8.613011387443640388e+02 8.371010965147463594e+02 8.527534590046444691e+02 8.967454226382204752e+02 9.251822825281293490e+02 9.451454753607735029e+02 9.577856717674775382e+02 9.654219165832950011e+02 9.701906929325506326e+02 9.751861166048508949e+02 9.800661237973944253e+02 9.835243432168115305e+02 9.839340563698724509e+02 9.876427573307217926e+02 9.919750242642054445e+02 9.947590776029671815e+02 9.961796898718083639e+02 9.972454303022351496e+02 9.982399172144044996e+02 9.989655470530177581e+02
9.382834779102576022e+02 9.332206637453138001e+02 9.114821108786395598e+02 8.879302383835258752e+02 8.606076598498262911e+02 8.961760673077269530e+02 9.106226526536297570e+02 8.905594105725975851e+02 8.663268778508002015e+02 8.845131338936097336e+02 8.579851964167995675e+02 8.083972428865555457e+02 7.992385799610212871e+02 7.609414562593246956e+02 8.106262207796623898e+02 8.407252479541449475e+02 8.645938546489785494e+02 8.806928836000832916e+02 8.791643262442366904e+02 8.896119672287803724e+02 9.070803779581555091e+02 9.272729135399112010e+02 9.444514383606871206e+02 9.583386915017313186e+02 9.645391430193972155e+02 9.703113148066062195e+02 9.762117728274049568e+02 9.809784295147317152e+02 9.812683256077114038e+02 9.798532631164044915e+02 9.845965608214100939e+02 9.902222527823938663e+02 9.937157262826832493e+02 9.957256172533259360e+02 9.970861196711517778e+02 9.981006216577316081e+02 9.988384736610028085e+02
9.489627358704261724e+02 9.473925679807649658e+02 9.366881333246564054e+02 9.180098138418970848e+02 8.990189681892635463e+02 9.235351688196743680e+02 9.328160034298357459e+02 9.145537925847138467e+02 9.045962322301123777e+02 9.071620758996114091e+02 8.753259612996990882e+02 8.481674859780769111e+02 8.254593429139704313e+02 8.014403578235916257e+02 7.734123479111758570e+02 7.840058643013974233e+02 8.376090115778264362e+02 8.579879805159436046e+02 8.664556403971988630e+02 8.747755488064568681e+02 8.817591388154952483e+02 9.017112947690610554e+02 9.261077860384111773e+02 9.458498671195742418e+02 9.444498369368751582e+02 9.541688365448611648e+02 9.647893487445099936e+02 9.720549303751472507e+02 9.692972026421517739e+02 9.625983404692270824e+02 9.775237494518919448e+02 9.856088636536152308e+02 9.898128147337363316e+02 9.927589290839040359e+02 9.950027021478855431e+02 9.967183147038432480e+02 9.979913761267675909e+02
9.440638216288242575e+02 9.516248748336945482e+02 9.511801402683768174e+02 9.443302535518249670e+02 9.333774142324533614e+02 9.467185656679505428e+02 9.518380216847641577e+02 9.430618556965735024e+02 9.347581327845317674e+02 9.240211216825014162e+02 9.017530084899835856e+02 8.812244674323557092e+02 8.589993931786377743e+02 8.320512165827996114e+02 8.009990985819429170e+02 8.278931395159019075e+02 7.983258163784532826e+02 8.062786245904807174e+02 8.153797071169998389e+02 8.247448011292818819e+02 8.347877292262083984e+02 8.751878982315339499e+02 9.073316272216211473e+02 9.280005160840552207e+02 9.164783563734941936e+02 9.331402310670533780e+02 9.536918679867944775e+02 9.559510659035629487e+02 9.475877140226559732e+02 9.677625840280287548e+02 9.724601690903704139e+02 9.787373129195992760e+02 9.841005017648213880e+02 9.885368749841513818e+02 9.921096022184436833e+02 9.948959408237865318e+02 9.969844893808739243e+02
