output/field_example_lateral_OFF/elevation_000003.asc
nrows	150
cellsize	66.66666667
xllcorner	0
ncols	150
yllcorner	0
NODATA_value	-9999
[rows 17 to 33 of 150, columns 74 to 110 of 150]
5.354074138426948366e+02 4.678701804176526480e+02 5.370824781254206073e+02 5.996173869867711801e+02 6.573993048559561885e+02 7.164323882352891815e+02 7.733619729828604932e+02 7.752527172019557611e+02 7.210795963290952386e+02 6.620473170256472031e+02 7.199916170655023961e+02 7.255650000585271755e+02 6.717205407071708123e+02 7.310805460624460466e+02 7.827452462365716883e+02 7.736661613898482983e+02 7.204100497663154101e+02 7.606347474427672068e+02 7.509270060444458750e+02 6.911549583254287654e+02 6.255779714919674461e+02 6.905266386829378007e+02 7.399359419469009254e+02 7.713937900435579422e+02 7.918551487912161519e+02 8.097123238564611256e+02 8.455787166056874185e+02 8.900760795028269285e+02 9.320747347271334320e+02 9.177523530237543810e+02 8.661211815679486108e+02 9.020497525334621969e+02 8.839719399139382858e+02 8.223120020142754356e+02 8.812993541430059850e+02 9.533435140039962334e+02 9.827099533807319176e+02
5.031329533710355690e+02 4.455170098345628844e+02 5.015903755894721598e+02 5.530130307689571509e+02 6.086518760073761314e+02 6.753840024669925697e+02 7.347894421607959430e+02 7.333106042326303395e+02 6.766326484351073987e+02 6.151014840581661929e+02 6.743805252367887988e+02 6.808197850430422022e+02 6.266173411909849165e+02 6.868409501565681694e+02 7.357867255111495979e+02 7.212805484512763314e+02 6.633021808889592421e+02 7.111029534416539946e+02 7.107809245046927344e+02 6.680016637990071331e+02 6.000356560486363833e+02 6.705446422900965899e+02 7.165332188967547609e+02 7.303658564537358870e+02 7.252897916198425037e+02 7.373442715498355255e+02 7.836732055419660128e+02 8.385925664339978312e+02 8.816182660258953092e+02 8.609408001114297804e+02 8.011716144041569123e+02 8.444040363207956261e+02 8.348957972485724213e+02 7.821246024485917587e+02 8.503940387783725328e+02 9.175951692706913718e+02 9.353620065226199358e+02
4.744935536444659192e+02 4.258272092309844084e+02 4.640033248806082042e+02 5.123094959542177094e+02 5.711244189837761951e+02 6.418179811109876027e+02 6.984717987386494542e+02 6.925325545145104797e+02 6.358007004886507048e+02 5.730069239053615320e+02 6.324317917425614723e+02 6.396747819002069946e+02 5.863450570561950599e+02 6.466619142609540631e+02 6.887025583691398651e+02 6.719071381706943384e+02 6.116172686793145203e+02 6.593185801413093259e+02 6.573062075402544906e+02 6.160365883037484309e+02 5.755088599119490027e+02 6.247009002490796092e+02 6.657840945689013097e+02 6.584669569016821242e+02 6.476065631483510288e+02 6.836484919760431467e+02 7.365484318623477975e+02 7.917434393924406777e+02 8.306859932498416583e+02 8.074587310437777887e+02 7.436810497955772234e+02 7.854474805430781998e+02 7.680936104749871447e+02 7.458624507841419700e+02 8.160609587866570109e+02 8.792692554971575873e+02 8.834421973483781585e+02
4.750276901094988489e+02 4.090198991516822389e+02 4.743075695330256849e+02 5.255537079285353457e+02 5.654296193424464718e+02 6.177304078924075839e+02 6.553866455256187464e+02 6.477155006979070322e+02 5.973547295833859607e+02 5.346750704069326048e+02 5.911068798739200929e+02 5.987509507026840083e+02 5.498496530974302914e+02 6.134229436579180401e+02 6.307264078244717211e+02 6.232679638463969241e+02 5.651676831599578463e+02 6.017581860767966191e+02 6.018464736108902571e+02 5.493366644020563854e+02 5.550026787229353431e+02 5.627066670885700432e+02 6.162515207263588763e+02 5.862272990135967348e+02 5.936966183123697647e+02 6.452575345855925661e+02 6.951948278700961055e+02 7.457175992776728890e+02 7.720360560727186794e+02 7.555381992661051527e+02 6.930181421509214488e+02 7.231727758702403435e+02 6.966681410470793026e+02 7.589676499113006685e+02 8.092406332376313003e+02 8.340818970154563203e+02 8.263505581083352354e+02
4.393568671501787435e+02 3.909049195312612142e+02 4.459972451537317397e+02 4.840394713079746225e+02 5.452252082988341044e+02 5.670548285750046489e+02 5.979082814855070183e+02 5.851911936788026196e+02 5.633916918799083078e+02 4.997080767292766268e+02 5.415531382844599193e+02 5.476360707803611376e+02 5.163178560405634698e+02 5.744341072672289101e+02 5.702145553031162990e+02 5.746867434366175758e+02 5.248496543801971939e+02 5.315107473153177580e+02 5.388803500509394553e+02 5.983767422299649752e+02 6.293540292568977748e+02 6.280902351430182762e+02 5.754546104505673156e+02 6.419466058384871303e+02 6.540865840682223507e+02 6.059382622964388929e+02 6.584965987134478382e+02 6.952035932373479454e+02 7.017718000613003824e+02 7.021906403080141672e+02 6.496168587396747398e+02 6.571721271204920640e+02 6.649178793553417108e+02 7.234851488835622604e+02 7.577388459028097714e+02 7.644914163351543266e+02 7.668324222762398676e+02
3.822797704710591233e+02 4.310152330346044778e+02 4.011051252416648367e+02 4.645175018181094515e+02 5.056580617115034784e+02 4.991481528635324594e+02 5.360231542626059991e+02 5.188473494307581859e+02 5.187667469983508681e+02 4.685718303701099785e+02 4.748109656987627432e+02 4.808662728901920218e+02 4.870356084140443045e+02 5.366286128171797145e+02 5.079889800654900682e+02 5.154492288261296835e+02 5.751799578051588924e+02 6.049511130692332017e+02 5.990559168002127990e+02 6.471228766811996138e+02 6.918373024212477276e+02 6.873936846005914276e+02 6.424601064986426309e+02 6.956250471114095717e+02 7.088132821565000086e+02 6.693897591503844069e+02 6.166835800495958892e+02 6.237554292902339057e+02 6.302752307039265816e+02 6.386311615128959147e+02 6.997256333196859259e+02 7.320405249650018504e+02 7.299316853484864396e+02 6.765897518881552060e+02 6.838580887693199202e+02 6.919013369236963626e+02 7.004609052562024090e+02
4.318626918703653246e+02 4.729238333408499670e+02 4.633722144321855012e+02 4.120008925625244842e+02 4.622832457826070254e+02 4.330965068725137712e+02 4.850027196039612818e+02 4.529897108217828077e+02 4.599544553845803989e+02 5.179785832842618447e+02 5.471375379485856456e+02 5.438731465098388753e+02 5.488412528293785044e+02 4.986128217328281949e+02 5.581891837556111113e+02 5.892916616273236059e+02 6.279212969774337125e+02 6.695847469373992453e+02 6.703772561741733398e+02 7.053023002508978152e+02 7.461063609680425088e+02 7.491770289994022960e+02 7.194889090510450842e+02 7.593914165740051203e+02 7.673256721527847048e+02 7.230509596195435051e+02 6.723667551724934128e+02 6.861290121626958580e+02 6.667231411205904124e+02 7.019422268275923216e+02 7.492226857779803595e+02 7.939894318348353863e+02 7.840769729932727614e+02 7.260175245662396719e+02 7.257719286788576483e+02 7.613396956900489840e+02 7.480714614538120486e+02
4.750765374416926647e+02 5.109766354339236614e+02 5.102029455087465522e+02 4.804525415551925676e+02 4.230717903540589759e+02 4.757985343297114014e+02 4.439065472829652208e+02 5.028205744453075567e+02 5.297805487885741513e+02 5.661580473569405285e+02 6.067251137566312309e+02 6.078191341750570018e+02 6.049031661159870055e+02 5.718931777031640422e+02 6.091267144657108474e+02 6.573108487223341854e+02 6.909813072537530161e+02 7.202110931976528718e+02 7.366716376303678544e+02 7.606564503053637054e+02 7.868573290887042049e+02 8.004690951263830812e+02 8.001942498658982004e+02 8.218042647088909689e+02 8.234069027533564622e+02 7.833825129043264042e+02 7.404552909115767534e+02 7.551416657774993837e+02 7.146625202049026484e+02 7.580643703580881265e+02 8.065307055553413420e+02 8.501121118735680966e+02 8.390770462408297590e+02 7.819156800778223442e+02 7.766284682543509916e+02 8.215798879184591215e+02 8.025818773611483721e+02
4.806737600634558021e+02 5.189731138029965223e+02 5.389118382092480033e+02 5.273032910722993165e+02 5.006508418325760772e+02 5.296122573156704902e+02 5.262438313861208599e+02 5.567375940284430271e+02 5.852601468676513150e+02 6.156127483080400680e+02 6.455507552205104957e+02 6.557981298716673564e+02 6.488167951537189992e+02 6.394613808999320099e+02 6.595567608059768645e+02 6.900822349879026660e+02 7.125481658518699533e+02 7.283455372370278837e+02 7.416638058348466984e+02 7.566091771221948648e+02 7.738764571938031622e+02 7.985636802879895413e+02 8.262286884690217903e+02 8.581414167049820207e+02 8.698917913435889204e+02 8.528899760690597986e+02 8.179737418195484224e+02 8.218571261953599105e+02 7.766215195473068889e+02 8.154579677134250915e+02 8.637713098878973597e+02 9.067858582814094461e+02 8.974628161700435385e+02 8.460174941145749017e+02 8.370113041507449907e+02 8.821764543265472867e+02 8.661271767095929590e+02
4.437964365041081010e+02 4.752522925958267592e+02 5.159882406319106849e+02 5.434935990287920049e+02 5.554573768523046056e+02 5.680869988794615892e+02 5.731893482439645595e+02 5.771509585606527253e+02 5.749780079036402185e+02 6.046377335803724691e+02 6.352777066167653857e+02 6.390828464941604352e+02 6.237175203612231371e+02 6.261703787571531166e+02 6.399439936403705360e+02 6.650059201456140272e+02 6.650793546510936949e+02 6.744622502987842836e+02 6.851669702432856184e+02 6.964463741344449090e+02 7.082631816909419058e+02 7.455064813556310810e+02 7.894601864543215015e+02 8.418395638280002231e+02 8.836802388951786043e+02 9.009880633361951823e+02 8.960452594184851023e+02 8.889722425097393170e+02 8.541229741250327834e+02 8.854504582474089602e+02 9.221846039641094421e+02 9.612917917239362851e+02 9.576944703186804873e+02 9.196121544328685786e+02 9.078771092615049838e+02 9.484451323583678004e+02 9.417622357305887135e+02
4.006273699943880615e+02 4.106544273019435423e+02 4.693140295878531560e+02 5.042456728635980312e+02 5.303441771111457683e+02 5.317927940136040661e+02 5.364928859669186068e+02 5.383566141382536898e+02 4.994590052149330290e+02 5.567237463423554118e+02 5.873517051750903875e+02 5.908026337193985000e+02 5.482631432930579649e+02 5.583067594121389448e+02 5.696646007743884184e+02 6.214115763253821569e+02 6.012608577256478384e+02 6.115346894092936054e+02 6.219005701531538080e+02 6.322582815200246387e+02 6.442885658425482234e+02 6.980575290793274235e+02 7.418977691403198378e+02 8.023410322837469266e+02 8.652613415907180752e+02 9.069689969169386359e+02 9.358516030842615692e+02 9.424763272129126790e+02 9.350777845595825966e+02 9.513550614506432339e+02 9.772937058645029538e+02 1.003654927464732737e+03 1.009985865884653435e+03 9.965625909496015993e+02 9.843458515390493631e+02 1.012724415233109539e+03 1.018111015995125285e+03
4.353750556314782330e+02 4.631673524510069342e+02 4.246649761812775523e+02 4.349255908178661798e+02 4.864526758595376350e+02 4.632388499972275895e+02 4.724499271396834956e+02 4.824307288142111361e+02 5.342492628782173369e+02 5.124969630474487303e+02 5.211755911089697975e+02 5.323846429248942513e+02 5.867608644831758511e+02 6.225139624406072016e+02 6.269682218929794999e+02 5.862330491104023622e+02 6.401642314174982857e+02 6.720901007108731164e+02 6.835345943062233118e+02 6.896648572761193918e+02 7.012731656824455513e+02 6.633794314667605931e+02 7.268601706912290865e+02 7.802070853954970744e+02 8.251715702964086177e+02 8.723143575215324290e+02 9.214035279670662248e+02 9.515162756210673933e+02 9.592549436881209886e+02 9.575185795708697469e+02 9.775459187473729799e+02 1.002339469966979664e+03 1.023807399483600079e+03 1.038806421114589966e+03 1.041005837660185534e+03 1.050011226955546817e+03 1.048679291187422450e+03
4.753045478429899049e+02 5.133558249590913647e+02 4.915060728513861932e+02 4.942431063682280410e+02 4.496067516449836035e+02 5.032214557371479486e+02 5.365495456678305572e+02 5.354197947757448901e+02 5.768484512132694135e+02 5.611745438300721389e+02 5.583021456184964109e+02 6.015016471817856427e+02 6.160084932518867618e+02 6.713933962238635331e+02 6.732586466956299773e+02 6.321863227950209421e+02 6.405203916878473365e+02 7.034469901353533032e+02 7.416258680038384909e+02 7.520838291675547680e+02 7.565357379239904958e+02 7.217867953238302334e+02 6.823938398514324035e+02 7.353601388751285413e+02 7.822440270786248675e+02 8.346901072653954543e+02 8.811211421538868080e+02 9.198327724721171990e+02 9.224668542612738520e+02 8.975019619679250127e+02 9.241716207069039228e+02 9.543502286613777414e+02 9.861944792134097497e+02 1.014687834698905021e+03 1.024898805064153521e+03 1.026135961751540890e+03 1.009070585482576234e+03
5.231648409126975139e+02 5.687236089737730254e+02 5.591401028835020952e+02 5.434823151070298763e+02 4.868668996120905490e+02 5.315438039122267355e+02 5.860334659758279940e+02 5.951387750516064443e+02 6.310877217863567239e+02 6.149426323642173884e+02 6.040251344253321122e+02 6.572224737471835851e+02 6.756630480167666519e+02 7.182938802608754258e+02 7.095369971801782185e+02 6.911904884498059118e+02 6.954927276546226267e+02 7.067665803965604709e+02 7.720963984647204370e+02 8.125022638593778765e+02 8.119879072804224052e+02 7.730079039143196269e+02 7.342073960080153938e+02 7.003045338461929532e+02 7.499832432925655894e+02 7.956365896646946112e+02 8.423906590865402677e+02 8.734440394988274647e+02 8.735210666424142119e+02 8.372859185424759971e+02 8.693990936595560015e+02 9.067872569684165001e+02 9.371987900613717102e+02 9.686995317039845759e+02 9.743732982178061093e+02 9.807728728297834095e+02 9.554420800726778680e+02
5.831259677196657094e+02 6.275335620727884134e+02 6.266209818150596220e+02 5.853252805145132243e+02 5.314938870099919086e+02 5.760813947795181775e+02 6.212516021596989049e+02 6.594765950639069843e+02 6.913922136999027543e+02 6.762110978333400908e+02 6.613401318504379560e+02 7.013733991960482399e+02 7.415343373732428063e+02 7.765324514583057862e+02 7.689876896837816957e+02 7.564781411722777875e+02 7.575567518923950274e+02 7.591996818092244439e+02 8.138186998141723052e+02 8.618485673589988210e+02 8.627515929186517951e+02 8.232502539165785720e+02 7.809914068517884971e+02 7.471830052264618871e+02 7.179090393905104293e+02 7.648036743202620755e+02 8.026291456215031985e+02 8.148347374671242278e+02 8.227075319780680047e+02 7.885433059693217501e+02 8.328858689642814852e+02 8.704732036793263887e+02 8.823096801554730746e+02 9.197294693847447888e+02 9.212087619673220615e+02 9.339561564196720838e+02 9.071783762092165944e+02
6.583931914570766821e+02 6.899860690046775744e+02 6.848380537710379485e+02 6.372270211617736777e+02 5.873914714069137517e+02 6.342379522774785983e+02 6.783535268805650276e+02 7.176888883306133948e+02 7.519268178521758728e+02 7.448076551219654675e+02 7.325974557822255520e+02 7.663347132027930684e+02 7.996817215114173223e+02 8.329468295083390785e+02 8.326150247806007201e+02 8.264853825391064674e+02 8.272427269930792590e+02 8.238575361467972016e+02 8.672351036198371048e+02 9.084371751001339135e+02 9.099668538694807012e+02 8.716277128857310572e+02 8.300913116089016057e+02 7.950722988776440161e+02 7.628247753537149265e+02 7.329067944048978234e+02 7.445391928156791437e+02 7.557764659820976476e+02 7.681294912521385641e+02 8.166935170690063615e+02 8.055764454889350645e+02 8.175872879969023188e+02 8.317801482225975178e+02 8.803028687199530395e+02 8.714004291878062531e+02 8.863019459370370896e+02 9.342523974799466941e+02
7.401264441358332533e+02 7.497671867326293977e+02 7.388509011411173333e+02 6.972633347332510994e+02 6.592827525333796075e+02 6.970493257690794735e+02 7.423508460734609571e+02 7.759080391458772965e+02 8.029973882540051591e+02 8.109772112867852911e+02 8.070873333842068860e+02 8.298066977899519543e+02 8.493813055377901264e+02 8.696479932050707475e+02 8.819576128726509978e+02 8.869984989044786516e+02 8.940908655593132153e+02 8.948137475787680160e+02 9.235823611091365137e+02 9.514865860702132068e+02 9.515499164502629128e+02 9.190309191350380615e+02 8.831859515159168268e+02 8.427263345528525633e+02 8.050331519393607778e+02 7.646869821866456505e+02 8.010385714030455802e+02 8.007220135162908718e+02 8.018010807611727842e+02 8.511327858840614908e+02 8.553385476101666427e+02 8.602987196264832619e+02 8.795342578891304584e+02 8.527423629426125444e+02 8.964511754257910070e+02 9.295964998766089593e+02 9.641134268897436641e+02
