output/field_example_lateral_OFF/elevation_000015.asc
nrows	150
cellsize	66.66666667
xllcorner	0
ncols	150
yllcorner	0
NODATA_value	-9999
[rows 85 to 101 of 150, columns 37 to 73 of 150]
3.656185644292424968e+02 3.135037080564241592e+02 2.589494629601987299e+02 1.860989336830456580e+02 1.994771300993504326e+02 1.571330356424655861e+02 2.208714372748966639e+02 2.877012028324439257e+02 3.538435716544085494e+02 4.045120583586613634e+02 4.391605546990089692e+02 4.718270630988242829e+02 5.026553289049729756e+02 5.184862445619162372e+02 5.122222855164569637e+02 5.061829523315119559e+02 4.834175454451606697e+02 5.110931255356962879e+02 5.483419873747657221e+02 5.954919688924736647e+02 6.286318178602530224e+02 6.519769075694212006e+02 6.623396462577173907e+02 6.690696476303272675e+02 6.744004279142022824e+02 6.922831771949976201e+02 7.192746125349402746e+02 7.333026555423069794e+02 7.102210053999868933e+02 6.691946776748783350e+02 6.401483196766869241e+02 6.621150127238661298e+02 6.716934802053732483e+02 7.082731537933370873e+02 7.500301457541636410e+02 7.891740033086980475e+02 7.797745517457656206e+02
3.356166245421369467e+02 3.181896001886221939e+02 2.735616395565755283e+02 2.178535780233470405e+02 1.535465575549084747e+02 2.126786147114725338e+02 2.637376675472382885e+02 3.146395636183432316e+02 3.579314967606092068e+02 3.752553039914948272e+02 3.824076120255616615e+02 4.208423406927181532e+02 4.692147466356833547e+02 5.010592404959204487e+02 5.112292295350864606e+02 5.266617725234398222e+02 5.385521027142284538e+02 5.637164316916978350e+02 5.941296125956711194e+02 6.237337979524103275e+02 6.332787009386146337e+02 6.276544873416922883e+02 6.332071423008441116e+02 6.276897668240630992e+02 6.158202122874818087e+02 6.287253664788829610e+02 6.727475190201206487e+02 6.910663489119608585e+02 6.524255655731949446e+02 6.064981622009433977e+02 5.619070916242286557e+02 6.025806915816283436e+02 6.007457716096032527e+02 6.444320825701788635e+02 6.995179536838986678e+02 7.308570324655030390e+02 7.057567978571421463e+02
2.755374588188059306e+02 2.809746756186832499e+02 2.427646391241052015e+02 2.053706692119897923e+02 1.510070347320866802e+02 2.157956611401955627e+02 2.703270657021823808e+02 2.993051396709377059e+02 3.134486457024161155e+02 3.078773996447665127e+02 3.161853573812863374e+02 3.668557460041014338e+02 4.114119926157347891e+02 4.510813432271653483e+02 4.489987611192395889e+02 4.838719882365715534e+02 5.139899015523668595e+02 5.471093094429123767e+02 5.796240779780248431e+02 6.029403185872939730e+02 5.884018686023865712e+02 5.536750535059669573e+02 5.662594824195103911e+02 5.539037996274971647e+02 5.410409328557987010e+02 5.606436864233683082e+02 6.212630579409702705e+02 6.462644458183849565e+02 6.065080635813037588e+02 5.493388670980076540e+02 5.018569009808102237e+02 5.429121917178291596e+02 5.435742676811300953e+02 6.040174189636602478e+02 6.659985431592035638e+02 6.772048987102125466e+02 6.385099677284443942e+02
2.118594285395836891e+02 2.238786886391216626e+02 2.041821585971956097e+02 1.474943913822378079e+02 1.893019641215920785e+02 2.168038264462320797e+02 2.351426640263263437e+02 2.394151024726817525e+02 2.437785106613574726e+02 2.337699655688583107e+02 2.709622416860946146e+02 3.129250085581821281e+02 3.562696545492419773e+02 3.940216299926729562e+02 3.796295071514311417e+02 4.088176054433600939e+02 4.483852488480751504e+02 4.863065350584429325e+02 5.238624823986988304e+02 5.546541426380744042e+02 5.310902636572451456e+02 4.781193649338385967e+02 5.066998003775092343e+02 4.823692182261823405e+02 4.694252649202711041e+02 5.170830742146147259e+02 5.664079251270937903e+02 6.017493314654692540e+02 5.753656557059581473e+02 5.082858168159662000e+02 4.534579558125760173e+02 4.754277019321173725e+02 5.455340627275888892e+02 5.929423313374351210e+02 6.267777174968380223e+02 6.264135276799960366e+02 5.802062901737757556e+02
2.312136881414325558e+02 1.689403268674265632e+02 1.438560928828173928e+02 1.858098573534754507e+02 1.557366526372881879e+02 1.612186647204670180e+02 1.669485220019068663e+02 1.721863351370221267e+02 1.780634021218901353e+02 1.842893072317640133e+02 2.301224938110371454e+02 2.597274718898630113e+02 3.016095147447388172e+02 3.377603794626012927e+02 3.137393066884063160e+02 3.477055566527562860e+02 3.853711969342338648e+02 4.271814538769369278e+02 4.698763082731490499e+02 5.013289186081772755e+02 4.755050454257020078e+02 4.160680061341694795e+02 4.468421940065905460e+02 4.175695446690958192e+02 4.179277784163873548e+02 4.706037586431556861e+02 5.193278918785092628e+02 5.571617400494893673e+02 5.388603497831668392e+02 4.778990744468015350e+02 4.139842282913286908e+02 4.769935829800794522e+02 5.258284788963054552e+02 5.341760104690509934e+02 5.703408037537166138e+02 5.744340265506933747e+02 5.292695625817682412e+02
2.328144054828908338e+02 1.888453892560279996e+02 1.418108521686102961e+02 2.102023252965051938e+02 2.214801605709146202e+02 2.230742981542529435e+02 2.283048554703247532e+02 2.091046170780832938e+02 2.452381742185398821e+02 2.445729635688784640e+02 1.932244735673516800e+02 1.998357903478200228e+02 2.553340550912642186e+02 2.798719824574420727e+02 2.613291924805511144e+02 2.914530152588446299e+02 3.404391668959545427e+02 3.763666568086107418e+02 4.174680556934733886e+02 4.449386054292408517e+02 4.229828041861715064e+02 3.632202581732080375e+02 3.936614636779118541e+02 3.563532596115602473e+02 3.893912305311635009e+02 4.272717592502080493e+02 4.713650520212277684e+02 5.104358997249369168e+02 4.967215490988805300e+02 4.435190782373190359e+02 3.825647932411187071e+02 4.434418501178906240e+02 4.846374437063209939e+02 4.682701868948475408e+02 5.043558753891419997e+02 5.163021225346052461e+02 4.851856587418383810e+02
1.943229320586564199e+02 1.384172829792102561e+02 1.971119428851654902e+02 2.449198529083450069e+02 2.865431494677360433e+02 2.919127722471408788e+02 2.945400553729262469e+02 2.544294897380395355e+02 3.006258987056475007e+02 2.967508400038676086e+02 2.495306467383088602e+02 2.548862798918848398e+02 2.081963425500964604e+02 2.142158420848887488e+02 2.206948060920788635e+02 2.778679972859537770e+02 3.055490949727367251e+02 3.191155571327813618e+02 3.762230864279821958e+02 3.824196775102507218e+02 3.724517052562052299e+02 3.157300736036126523e+02 3.417021385175679029e+02 3.179588813698409808e+02 3.575060513228943933e+02 3.718286841613271463e+02 4.277239117989513488e+02 4.549783912626626261e+02 4.455406657201932603e+02 4.016008369320205702e+02 3.538252959140033909e+02 4.141247145176121194e+02 4.346140480143367881e+02 4.064091626626156426e+02 4.275916839704769927e+02 4.502271054807692963e+02 5.043156834980258054e+02
1.345692775553375498e+02 1.892634299735751426e+02 2.381654109918034692e+02 2.904632992226526653e+02 3.361331421669115684e+02 3.596024323567691567e+02 3.535198756051296982e+02 3.074437338850086689e+02 3.538379116984345956e+02 3.526077842241252824e+02 3.094965496248067893e+02 2.954382748814651904e+02 2.379467590645774351e+02 2.779370213710713529e+02 2.799533717361558729e+02 2.303602367712605030e+02 2.374816784315699465e+02 2.964465071691371350e+02 3.223290748282319669e+02 3.195728455322026207e+02 3.232059819370427931e+02 2.744250033941318065e+02 2.810970005033714756e+02 2.871379746400987187e+02 2.951194925468062138e+02 3.539511290275615920e+02 3.816623391669958210e+02 3.877045832546519932e+02 3.897519435885906205e+02 3.414320595985743694e+02 3.927055219609121650e+02 3.657674763534550380e+02 3.743363082694111199e+02 4.219767974960896595e+02 4.441234426988445421e+02 4.595683936494260138e+02 4.779265487743394374e+02
1.323394569944690886e+02 1.788213775856227983e+02 2.322015930887316983e+02 2.923098247052485590e+02 3.553582615484081089e+02 4.090061601234102682e+02 4.081756905978610348e+02 3.682295483349220717e+02 4.106874442126435270e+02 4.102005464198318805e+02 3.699619637800316241e+02 3.226932056910818005e+02 2.714692173208982808e+02 3.259203933272206655e+02 3.305010096232144292e+02 2.893467907750210770e+02 2.926423320147181926e+02 2.460917109836094028e+02 2.524541697579140305e+02 2.586170063109082093e+02 2.647861161988505501e+02 3.132226615339739055e+02 3.476858233944542462e+02 3.544776264810482189e+02 3.561106250085252896e+02 3.062061428480029122e+02 3.121281220365517584e+02 3.193936670696447777e+02 3.278646211301798417e+02 3.897488485591896392e+02 4.376117176272735492e+02 4.337950528477685452e+02 4.305017911822045562e+02 3.853823520221639001e+02 3.937172078400496957e+02 4.023677785518918313e+02 4.115861977675820071e+02
1.872641968435880528e+02 2.311352636520513499e+02 2.806260463961645542e+02 3.422184587349479443e+02 3.976489444942712339e+02 4.442502266553147479e+02 4.593517503510421420e+02 4.367470828132560996e+02 4.705162581177750667e+02 4.649152693127157363e+02 4.160106053186621580e+02 3.595408315532060897e+02 3.092632065460818467e+02 3.677961225542570105e+02 3.835542438581010174e+02 3.511788012459613810e+02 3.312488087477196927e+02 2.693865979500534991e+02 3.129053915746073926e+02 3.185856629867855645e+02 2.845228587314284709e+02 3.421538638420267944e+02 3.924503124082463046e+02 4.199174523845551903e+02 4.108530236801109936e+02 3.685530077822181738e+02 3.297146935208210152e+02 3.749412900696139559e+02 3.819553229752621064e+02 4.335954177313270748e+02 4.867747555510058532e+02 4.956654551126221122e+02 4.635619817141591739e+02 4.062571907640348172e+02 4.518621201986360347e+02 4.622676585686069188e+02 4.787396859476489226e+02
2.298172829932379386e+02 2.760794980220728121e+02 3.196534798186387434e+02 3.654212601979444344e+02 4.110021262545042191e+02 4.559993002421767869e+02 4.955750381063623990e+02 5.037883799831787428e+02 5.287518874148180430e+02 5.142842179401319527e+02 4.597449611451021383e+02 4.018615031581531412e+02 3.527322385730498695e+02 4.052158871224598329e+02 4.352874532577725972e+02 4.110821040868928549e+02 3.552898902337406639e+02 2.951607348232083723e+02 3.526192766808580927e+02 3.590033633408862670e+02 3.073607419107507326e+02 3.781505777262858032e+02 4.292589874322698620e+02 4.706761829645006969e+02 4.602973261981751989e+02 4.099168767315468926e+02 3.496236688830562684e+02 4.028386782682638341e+02 4.395666923397804453e+02 4.843753450406758247e+02 5.336884267868329061e+02 5.420278171333400223e+02 4.939320437273136122e+02 4.294365849749650579e+02 4.832634115755768676e+02 5.216273780800567010e+02 5.491007596541413704e+02
2.280855373427881148e+02 2.686329199141878803e+02 3.010968066928743951e+02 3.295214296899141004e+02 3.621783382594126692e+02 4.233382368944937184e+02 4.907202637903023401e+02 5.464272009011463069e+02 5.746885111599248148e+02 5.585572604292916594e+02 5.071500514164554829e+02 4.553085494495010721e+02 4.040415078053196680e+02 4.590617559004921873e+02 4.812653962849702225e+02 4.431705623167482031e+02 3.913863028720411990e+02 3.225163468278020105e+02 3.824461757734111984e+02 3.873143884842525608e+02 3.303151773804460163e+02 3.905431152349115109e+02 4.566502632530064147e+02 5.070280714243034481e+02 4.976913601128077289e+02 4.393430886027996962e+02 3.717054870766340287e+02 4.355944050531564926e+02 4.887532376875118985e+02 5.342128353615403284e+02 5.782648403136535080e+02 5.789165816002688416e+02 5.280888177129398855e+02 4.549142174649293793e+02 5.219555687357558327e+02 5.680763141087128361e+02 6.073990968617263206e+02
1.644851345419738209e+02 2.302509324104264294e+02 2.355558752162312999e+02 2.804770678762100715e+02 3.463775742732773892e+02 4.175525147603365781e+02 4.906010405651017550e+02 5.509300455735456126e+02 5.911813739200376858e+02 5.935053612214604755e+02 5.628511838885558518e+02 5.120170675704086989e+02 4.642464664442669573e+02 5.089749020436707383e+02 5.190677042460848725e+02 4.709932042452818450e+02 3.984417495605471231e+02 3.507611168477908450e+02 4.106162666258758236e+02 4.137752618208784838e+02 3.556580256087119665e+02 4.273487615808646183e+02 4.901286424697918278e+02 5.364251072801407645e+02 5.278946823573372740e+02 4.715940317403151880e+02 3.955145617690900508e+02 4.647561171222129701e+02 5.247504332617399996e+02 5.775132162543205823e+02 6.164470086697976967e+02 6.082476251244752348e+02 5.453816403701206355e+02 4.804772148354123260e+02 5.332439752334116747e+02 5.988869013569049002e+02 6.519956482706661518e+02
2.307669824679840076e+02 2.016407757955762179e+02 2.687166024974370089e+02 2.727807729277645876e+02 3.462828048207009601e+02 4.108964231021655564e+02 4.633071223596863319e+02 5.191901646248674069e+02 5.729073335954856248e+02 6.037811073845364263e+02 6.032693659757534306e+02 5.774969881021984293e+02 5.360929174316512444e+02 5.553073290358690883e+02 5.463949360994239441e+02 4.826237689095764267e+02 4.272932422106080708e+02 3.812521525607126023e+02 4.396195590647301401e+02 4.407859779664361781e+02 3.814665371364231419e+02 4.311222530302420068e+02 4.962780714419648689e+02 5.560923688915866023e+02 5.504911220279421968e+02 4.881685320286255205e+02 4.188175646232269287e+02 4.575721396338101954e+02 5.132180733998321784e+02 5.794775483540909136e+02 6.397753754454370210e+02 6.374049621576986056e+02 5.839194902962493643e+02 5.094301850275025458e+02 5.676705148824814842e+02 6.317836596701440612e+02 6.896059167656377440e+02
2.924275195138558274e+02 2.657961296223729732e+02 3.161388851587225872e+02 3.260083098614461505e+02 3.158478399200031390e+02 3.678946894067461244e+02 4.257765916988622621e+02 4.798928936325795007e+02 5.268029351151884612e+02 5.779668069030817605e+02 6.164163407817227380e+02 6.291108978881994744e+02 6.120584176364046698e+02 6.165188486115596334e+02 5.748937061034087037e+02 5.140275242303948744e+02 4.590434165094937384e+02 4.147048947418616649e+02 4.707591130501022576e+02 4.693079608223218315e+02 4.094542869803649410e+02 4.648871204076798449e+02 5.268288448607826240e+02 5.816737745582977368e+02 5.740082826259288140e+02 5.089118915117836082e+02 4.441743945892365559e+02 4.908999686877517661e+02 5.448457304548611546e+02 6.092825535508117127e+02 6.669776063375962849e+02 6.660866054559279519e+02 6.064564651568097133e+02 5.405671908130763086e+02 6.070430575504601620e+02 6.689662152223769453e+02 7.263633552263793263e+02
3.462253980156244779e+02 3.376679668730799904e+02 3.758576845220694622e+02 3.877263700723583497e+02 3.810727898875314281e+02 3.598094614360941250e+02 3.924188583716540393e+02 4.292770109722257530e+02 4.728120470258213004e+02 5.269051568540735389e+02 6.009590805388722856e+02 6.597672592092678769e+02 6.775074517043138940e+02 6.663189830483647711e+02 6.111477632654836043e+02 5.487543076584842083e+02 4.949729291883936639e+02 4.523156742887018140e+02 5.050211221377597326e+02 5.001050228047584483e+02 4.394924136213037400e+02 4.953661415204009018e+02 5.581467420428971309e+02 6.111226391545736760e+02 6.032781285362489143e+02 5.472636915923754941e+02 4.728492988205339316e+02 5.198667645466782687e+02 5.761853954403090938e+02 6.400127997524677994e+02 6.963132608372990262e+02 6.938955926602728823e+02 6.317051334117198849e+02 5.739485955323277722e+02 6.482698023846922979e+02 7.127698410195021097e+02 7.636882887276809697e+02
3.722108724651272951e+02 3.990947115774230838e+02 4.290742357982920794e+02 4.491546297243880304e+02 4.494427412946727145e+02 4.260473908995495549e+02 4.668517211576752857e+02 4.913733970399342184e+02 5.099390666929625695e+02 5.611821521376242572e+02 6.077706945790611144e+02 6.704596118130851892e+02 7.206532141708229346e+02 7.076501688780766699e+02 6.502924166712940632e+02 5.894569940355461313e+02 5.397856652681637115e+02 4.955975670847333276e+02 5.433694910975362973e+02 5.334178532097165544e+02 4.719017421758433102e+02 5.266921077762895038e+02 5.893301953819069467e+02 6.416151215592569770e+02 6.314747053552453053e+02 5.661272418603780352e+02 5.039403751697753933e+02 5.499651875391734848e+02 6.066217822218321771e+02 6.711334483749943729e+02 7.274341278439326288e+02 7.257117515175449398e+02 6.708187433015669967e+02 6.094477764700948228e+02 6.649067189212736366e+02 7.329460110081040511e+02 7.955160323373949041e+02
