output/field_example_lateral_OFF/elevation_000001.asc
nrows	150
cellsize	66.66666667
xllcorner	0
ncols	150
yllcorner	0
NODATA_value	-9999
[rows 119 to 135 of 150, columns 0 to 36 of 150]
1.202505561471544152e-03 6.598093584153464519e+01 1.308905039646307102e+02 1.650204054083621372e+02 1.496459128930705447e+02 1.085284077292698299e+02 1.162620717928326286e+02 7.505252437214006989e+01 1.318594402555442002e+02 1.444591014707993395e+02 1.084214042007499899e+02 1.580272153623266718e+02 1.821611188748240693e+02 2.083280152768053881e+02 2.046386007405849625e+02 2.069140111154544854e+02 1.729598298298120085e+02 1.810644523836693054e+02 2.211579934621224197e+02 2.050784993757348786e+02 2.480499517829227898e+02 2.814907163466466500e+02 3.033845348582469228e+02 2.901960207420077609e+02 2.572708543887337669e+02 2.648336917372948278e+02 2.989386928623992503e+02 2.878782512626770540e+02 3.184440352718269764e+02 3.400399718684158188e+02 3.447634248925879774e+02 3.704522350465443310e+02 3.803327926734739322e+02 3.644449688801956313e+02 3.855165781974965284e+02 4.075003152093030963e+02 4.273349193488683113e+02
1.627672979393799714e-03 6.103695041597337934e+01 1.272323169414128188e+02 1.834968254719629215e+02 1.931284422879429883e+02 1.678214505466076503e+02 1.674317665548983314e+02 1.392107653336658757e+02 1.742561128844386644e+02 1.879258573955658846e+02 1.686197410261848404e+02 1.999090686764507439e+02 2.230561647777139740e+02 2.370731477601270001e+02 2.430252919659866961e+02 2.422133310242357140e+02 2.288201963917713897e+02 2.305922427123990417e+02 2.565901495121133848e+02 2.550009123478201332e+02 2.808529823910952814e+02 3.135804338714248729e+02 3.329285751300432707e+02 3.239073360324910027e+02 3.010432480761286911e+02 3.032838410875650652e+02 2.772289661833066248e+02 3.148868335268260239e+02 3.424862299392466980e+02 3.656285783175073902e+02 3.796337044809369559e+02 3.981069254074342894e+02 4.059301646271688355e+02 3.948667006724942894e+02 4.118138073459840029e+02 4.274313913557527940e+02 4.401934581536228848e+02
1.394342643403694709e-03 6.018500020181809873e+01 1.268639897187873515e+02 1.904805322696885810e+02 2.232853107772486112e+02 2.185305766131350822e+02 2.094039928153119092e+02 1.965590504717497424e+02 2.105860763860717100e+02 2.209254049349326863e+02 2.134389270714596876e+02 2.195132355328682650e+02 2.143462797032714775e+02 2.055431258573493665e+02 2.229181199813357921e+02 2.457538888316303485e+02 2.635604923626710274e+02 2.728716618368806053e+02 2.892265128111368995e+02 3.002376869567247013e+02 3.183651205002678353e+02 3.365816518456241511e+02 3.468251116617869911e+02 3.458579776768429497e+02 3.386437623807200907e+02 3.357055428664671695e+02 3.279647939369701817e+02 3.433340393025650883e+02 3.668166166263570176e+02 3.885188722095389267e+02 4.062461239383346765e+02 4.204449012292917587e+02 4.286447641235273522e+02 4.256725540687730813e+02 4.305216470949869745e+02 4.338153258401644621e+02 4.325025672547164390e+02
1.207757698875992075e-03 5.986173205918013451e+01 1.237871412281184718e+02 1.807645372843800544e+02 2.124531751472623569e+02 2.135303209864309508e+02 1.944882827312965219e+02 1.780856993626559870e+02 1.924529703946221559e+02 1.974933255200466817e+02 1.832419832980838805e+02 1.746551544510672045e+02 1.632634515044183559e+02 1.265074483087100106e+02 1.626496127845414605e+02 2.088793126541355605e+02 2.416128171943517771e+02 2.541071214529241331e+02 2.744198553481801355e+02 2.956698524105326555e+02 3.152244874982237093e+02 3.215477346952532685e+02 3.107758997203641229e+02 3.198816298524990884e+02 3.298312492269452036e+02 3.391551027884737550e+02 3.375612055357947270e+02 3.409633427860883899e+02 3.587979716529654297e+02 3.804318773854054712e+02 4.024566173235591577e+02 4.224115917800300508e+02 4.374932827246352076e+02 4.380305971512841552e+02 4.281117229684120957e+02 4.140024467223568649e+02 3.955292129453458756e+02
1.493445343079199310e-03 6.156895851278235199e+01 1.156863160420058847e+02 1.376070688792352428e+02 1.702229827239098938e+02 1.720891211749865590e+02 1.341192564246461814e+02 1.012746626870761162e+02 1.384725387185020224e+02 1.437730373818616556e+02 1.102943595589693047e+02 1.073271314884883481e+02 1.068538398837012551e+02 5.122148986990875130e+01 1.107229226972508371e+02 1.567454628876912750e+02 1.912900927401907722e+02 1.896214002090878239e+02 2.181753947131428220e+02 2.491596912892295279e+02 2.722892431029188174e+02 2.746747974016065541e+02 2.474676727029974188e+02 2.609895871615186707e+02 2.769307093042858696e+02 3.007148710185095410e+02 2.927672761268424892e+02 2.884266071886189593e+02 3.137191814951442552e+02 3.436150076148920789e+02 3.744873457899070672e+02 4.024950358142821187e+02 4.301169340948685544e+02 4.274927832366932989e+02 4.043190337964963419e+02 3.779106340350128903e+02 3.485173219010089838e+02
1.329768362987863127e-03 5.206026055831028287e+01 7.334003787959825615e+01 7.319282386555079256e+01 1.165758549836604914e+02 1.214001136383235888e+02 8.166855277936143409e+01 2.725345194379175950e+01 8.721983218130525017e+01 9.210169176013420156e+01 3.939558566500885206e+01 4.231674662998419478e+01 4.564996685511782459e+01 9.342203097492529196e+01 5.649792891915621595e+01 1.156665806701820003e+02 1.272726962427671396e+02 1.227064667791397596e+02 1.606443407884676446e+02 2.048899575593955262e+02 2.085819210497897700e+02 2.137669978632706602e+02 1.840296071032226450e+02 2.036839479452257251e+02 2.130450343239663482e+02 2.463692529511242810e+02 2.338546533544459010e+02 2.282067383276274199e+02 2.657954395751777952e+02 3.058934144276437337e+02 3.478891733043365093e+02 3.920493905280383160e+02 4.184533283435949329e+02 4.091326767045048314e+02 3.778865937377532873e+02 3.406842307689268523e+02 3.054751217890337784e+02
1.349006224709153445e-03 2.527034596418155310e+00 5.415563196461856244e+00 8.757623447819966600e+00 6.799366252379390119e+01 7.303537889194852539e+01 2.177387297563653945e+01 6.840149359728407319e+01 3.182810269449072749e+01 3.476446039581404790e+01 8.234657026695398940e+01 1.116965406350560102e+02 1.145255567123611939e+02 1.419723373308282248e+02 1.177225456279983575e+02 6.089752216529283402e+01 6.378732415778224407e+01 6.702382458931791120e+01 1.204009383185330506e+02 1.456287512995054669e+02 1.404918574373694184e+02 1.441944973872111859e+02 1.279943907958214027e+02 1.677982169403066166e+02 1.506197002449277704e+02 1.866166955545742780e+02 1.748168803383341299e+02 2.370843095230364668e+02 2.930921510522385347e+02 3.348378574430893195e+02 3.688646193469849663e+02 3.953140096916492894e+02 3.978360543371932181e+02 3.824457176900669424e+02 3.516880530612725693e+02 3.078644382303268117e+02 2.662617191574682920e+02
1.443492979811974823e-03 5.191830167318442335e+01 7.183281409072174029e+01 6.752614157163199593e+01 1.347333052539839571e+01 1.658904269918765806e+01 7.348598722857734344e+01 1.138674945328725272e+02 1.037410609072113630e+02 7.041941841517804335e+01 1.169192958400712428e+02 1.620251183086298568e+02 1.875647295202456917e+02 1.954511358221766955e+02 1.534460242133804684e+02 9.768030297467240075e+01 1.290509901034700135e+02 1.235987132779822844e+02 7.113888202792038840e+01 7.411059185691485141e+01 7.704204233982547123e+01 7.997092682335696168e+01 8.304087944305103974e+01 1.285352622200009307e+02 9.242080028072064124e+01 1.210268685957748858e+02 1.855949272702987400e+02 2.396825395804550567e+02 2.849712076227399962e+02 3.231906740208016231e+02 3.553330593083935582e+02 3.755525508141298587e+02 3.642071404460311896e+02 3.362679794771912611e+02 3.283898026268814192e+02 2.789545883768827252e+02 2.300432997493010419e+02
7.429767699843175264e-04 6.220988393424207885e+01 1.129724732804717604e+02 1.151649040738577696e+02 7.980511810921618121e+01 6.277023381834163729e+01 1.136146626188716908e+02 1.608183557050173533e+02 1.600955906036903400e+02 1.144030145125742308e+02 1.537895245390909622e+02 2.034675210365981854e+02 2.420513235436601747e+02 2.394502250504968970e+02 1.926598419512098701e+02 1.396439287988016815e+02 1.781813114559786868e+02 1.612995653749279938e+02 9.690691843793530325e+01 1.374544658473340633e+02 1.444392377599148460e+02 1.459670647913074788e+02 1.393421923363724488e+02 8.775152418057449211e+01 1.328596324992275584e+02 9.731540845745736590e+01 1.538901620564928407e+02 1.983907549943760955e+02 2.409377502849670236e+02 2.804089621432410695e+02 3.192609634529853793e+02 3.404291582316581639e+02 3.212761162223392262e+02 2.837486059508263452e+02 2.966752427288131457e+02 2.557688095088514331e+02 1.982018161493281809e+02
1.125039322477537282e-03 6.649271925257424698e+01 1.307480455518287954e+02 1.600303907946808124e+02 1.507201068022440040e+02 1.204638125054636788e+02 1.555806661972912650e+02 2.039674374992029584e+02 2.113690863682764132e+02 1.782007494112602899e+02 1.843273952288083990e+02 2.404276391123294161e+02 2.824668754385642728e+02 2.785278152637565654e+02 2.337324175576979428e+02 1.858728769431133117e+02 2.188156416174840331e+02 1.928891493849133951e+02 1.257363492319910847e+02 1.783497538069165103e+02 2.094067194213835990e+02 2.091110907500108169e+02 1.739901370171679673e+02 1.182628679630426092e+02 1.698187430423845683e+02 1.583615847660270219e+02 1.028063208283566041e+02 1.539487661426585987e+02 1.875833033712031579e+02 2.421656566094291918e+02 2.902479571140552821e+02 3.010027213782103672e+02 2.689364687158471270e+02 2.283908380444705415e+02 2.553919474917828154e+02 2.326083102994782621e+02 1.697702360499187648e+02
1.452571986472389175e-03 6.476267681989837399e+01 1.324370245206075367e+02 1.826904913803521993e+02 2.031257637526244366e+02 1.937153156984436748e+02 2.100317688503557179e+02 2.433556807080878173e+02 2.637091094025415714e+02 2.461597878989767310e+02 2.385346618465888184e+02 2.791602607733099148e+02 3.186246215580678722e+02 3.158470015304028493e+02 2.764881264849092304e+02 2.362378396876253248e+02 2.565349976247312611e+02 2.202237208697201822e+02 1.562012118707141610e+02 2.129663224257669185e+02 2.564050819315785930e+02 2.547102619059681103e+02 2.084800047021529679e+02 1.512563034928048182e+02 2.055301000287415434e+02 2.035719569900337547e+02 1.614996773367608398e+02 1.082402982221336316e+02 1.693620650421379423e+02 2.087613077581844720e+02 2.502904516666637278e+02 2.537221803988653051e+02 2.235390526376609159e+02 1.766492679701427164e+02 2.028662238919617664e+02 1.956750547491627685e+02 1.433097114559816418e+02
1.655712493124864449e-03 4.836291912473612342e+01 1.061630862959407011e+02 1.726092770293168428e+02 2.317369146709496022e+02 2.550318081592965882e+02 2.727401206513708871e+02 2.920755397401584332e+02 3.091493623142918636e+02 3.067730961828098089e+02 2.985246838427449347e+02 3.238094299042915054e+02 3.534813306234036077e+02 3.518937692737675320e+02 3.203254071642425629e+02 2.878003156951743904e+02 2.849196259926113157e+02 2.315372511202438943e+02 1.881469572253135709e+02 2.445453049847482703e+02 2.905305605722651308e+02 2.890131053883470713e+02 2.416955899094570839e+02 1.863789495105627907e+02 2.410627722543725326e+02 2.467743638881933066e+02 2.045397106995066281e+02 1.603643475284559372e+02 1.136510903689410981e+02 1.675557108574442680e+02 1.928794208765663427e+02 1.909121730240101726e+02 1.846916303504873724e+02 1.318409200034975015e+02 1.348930582856481522e+02 1.382794563883083185e+02 1.862536851651497045e+02
1.266886019979617190e-03 6.448266537855010938e+01 1.349968917460950024e+02 1.980039283367721339e+02 2.469967939897341864e+02 2.800307468214257369e+02 2.974210734249421080e+02 3.044369280995634881e+02 3.199105289620976009e+02 3.349712102780166560e+02 3.454241162767771129e+02 3.639997443670642383e+02 3.823127690737804301e+02 3.841039657673183001e+02 3.635465420356497361e+02 3.374050672377327942e+02 3.056659608006626740e+02 2.637775592924214152e+02 2.233563511890071709e+02 2.756982682894605432e+02 3.201342036768788830e+02 3.193473215685743298e+02 2.746268560502489890e+02 2.233281602433610260e+02 2.757682151912668473e+02 2.845129146277873815e+02 2.457222531324416650e+02 1.996463961215619349e+02 1.675144443745166427e+02 1.177742228297316416e+02 1.208023977109133256e+02 1.238504945926259069e+02 1.273229467083739479e+02 1.768346707838659313e+02 1.984507689200229663e+02 1.988685380057682153e+02 2.350178812436764417e+02
1.595494540920428927e-03 6.248849206595158279e+01 1.311595568401499747e+02 1.934326621908783181e+02 2.214255673713626038e+02 2.520084206326559126e+02 2.597926731072283246e+02 2.576496223797976199e+02 2.808971573417200034e+02 3.113351649197802544e+02 3.367678183250669122e+02 3.626210790486567817e+02 3.873734245798477218e+02 4.045973102502305210e+02 3.973908823366355705e+02 3.714631547704332206e+02 3.375423592631373708e+02 2.989282127117741652e+02 2.620466279788903421e+02 3.079606644654957677e+02 3.482914680764009177e+02 3.481048203861487877e+02 3.076924641134158946e+02 2.618716747891299974e+02 3.095533212217691243e+02 3.179687833456866315e+02 2.806788216939749532e+02 2.393374237947145673e+02 1.794969926890730960e+02 1.394131296798695416e+02 1.812238927352739495e+02 1.906020378480508555e+02 1.974949175262682104e+02 1.714894488327985869e+02 2.266415778513715225e+02 2.536677236573564755e+02 2.846517973269914705e+02
1.215065333586735474e-03 6.744583895624431591e+01 1.327767372665558696e+02 1.747070624969460368e+02 1.680624446470665418e+02 2.002613236496370916e+02 2.070962386291568009e+02 2.020267390161829155e+02 2.321442119279101064e+02 2.645739596403477663e+02 2.982738496248654769e+02 3.333287829601791259e+02 3.700536274677374990e+02 4.062018719221464380e+02 4.172899518040131284e+02 4.001233964450439657e+02 3.692649412681746526e+02 3.348411537007419838e+02 3.055752477136222183e+02 3.420842498562440142e+02 3.761046865485024000e+02 3.759480004635587420e+02 3.408685528235524771e+02 3.018234957900851896e+02 3.420630461312827038e+02 3.462529088575499259e+02 3.089228118643693506e+02 2.488835966850053296e+02 2.051471198134301517e+02 1.639870187889151794e+02 2.129339970272997675e+02 2.502788882022567805e+02 2.555578628402695074e+02 2.454376386447696348e+02 2.165148596410157893e+02 2.747295047896635651e+02 3.161139077858835549e+02
9.941939064204486677e-04 6.866116549026827443e+01 1.096964053690049354e+02 1.314805963389986516e+02 1.094578103973185250e+02 1.339118529474939692e+02 1.607439256552762856e+02 2.054014501244798794e+02 2.618584831974447411e+02 2.942722213301937018e+02 3.280581845385623296e+02 3.586896931280811600e+02 3.872713143035550729e+02 4.124253014758369886e+02 4.317003625550428865e+02 4.228250682080053480e+02 3.983852202174979880e+02 3.759569476198697657e+02 3.549594443202395269e+02 3.782114979801010008e+02 4.035786145905819922e+02 4.026848157543950606e+02 3.738458753625968711e+02 3.430290348306669443e+02 3.727002224052141628e+02 3.665770859795613887e+02 3.193312432265754524e+02 2.744370534069860810e+02 2.310125230666644427e+02 1.913683622857395221e+02 2.411008532058426965e+02 2.865957652331183567e+02 3.114131425898575571e+02 3.041828398300402228e+02 2.702695348103355855e+02 2.583064022354692497e+02 3.097507649629458228e+02
1.599432815046237773e-03 5.200083132010689013e+01 4.964653369670102734e+01 7.438915640763856629e+01 1.380865882393792958e+02 1.718145092655457518e+02 2.050439464253632593e+02 2.386316443992555776e+02 2.743905086416034464e+02 3.211279018998963579e+02 3.553785894726258334e+02 3.856781355536489855e+02 4.084319400062394152e+02 4.258846381015666793e+02 4.390802411547388715e+02 4.376245015503751574e+02 4.263837981833912636e+02 4.140569204759240165e+02 4.062979942385321692e+02 4.134504090779277021e+02 4.289084414258453535e+02 4.271816326846026755e+02 4.060303036739791764e+02 3.849674573647188254e+02 4.012099097691984184e+02 3.820768666041091137e+02 3.425092022270349048e+02 3.004868555966236272e+02 2.615909922191509054e+02 2.218380205998963390e+02 2.683269836849545982e+02 3.160565787608046548e+02 3.513967247719898523e+02 3.492214918884982353e+02 3.212648082484049041e+02 2.874693713839484417e+02 3.298877348720420173e+02
