output/field_example_lateral_OFF/elevation_000019.asc
nrows	150
cellsize	66.66666667
xllcorner	0
ncols	150
yllcorner	0
NODATA_value	-9999
[rows 0 to 16 of 150, columns 74 to 110 of 150]
4.632692790498658155e+02 5.035084563047929578e+02 5.187446138690614816e+02 5.296230323877857700e+02 5.515125278478261635e+02 5.414948767423014715e+02 5.137875434281440903e+02 5.622616257280716354e+02 6.098369380120294636e+02 6.568876545090201944e+02 7.063574323704668814e+02 7.513117415598713933e+02 7.817265686230000483e+02 7.890830948537360428e+02 8.018525312626230743e+02 7.911247256840039199e+02 7.731294852867216605e+02 7.871288664270891786e+02 8.076535526643441472e+02 8.291157705200247392e+02 8.703164561106913197e+02 9.161879928561489805e+02 9.327064907922474504e+02 9.243388818142600485e+02 9.441927726655609376e+02 9.745646559213405453e+02 1.010219989906860292e+03 1.043217656025504766e+03 1.046995153892525423e+03 1.023252227964868780e+03 1.004743529039105510e+03 1.018531671289979840e+03 1.026277891293661469e+03 1.045133893775482647e+03 1.049692565122681117e+03 1.038592726953758074e+03 1.055952156021868404e+03
5.203529285434145777e+02 4.717426900883478993e+02 4.774431134120213187e+02 4.839070847887310833e+02 5.288025954433012430e+02 5.040227642252731357e+02 5.534331934177768062e+02 5.245436643768431395e+02 5.807003117029972827e+02 6.215096696996341734e+02 6.789828915907405644e+02 7.223920163903146658e+02 7.502600631819431101e+02 7.449751314557606747e+02 7.693184822676748809e+02 7.572121313467133632e+02 7.213863494906921687e+02 7.442269397952588861e+02 7.663324820938464654e+02 7.808930193981366301e+02 8.407454151439333145e+02 8.963059635554792521e+02 9.019927855873856970e+02 8.736795154085244803e+02 9.017933348960850708e+02 9.359652241749025734e+02 9.763681206055931625e+02 1.018768305073914576e+03 1.019989658921584692e+03 9.834032134649764885e+02 9.529135867455771631e+02 9.818481851542632057e+02 9.805335937246388767e+02 1.012045014499315016e+03 1.015831929269046100e+03 9.878650669599314824e+02 1.016330854415618205e+03
5.665379671796445109e+02 5.105322107054269054e+02 5.442155406660008339e+02 5.425468059675283712e+02 4.941317245219174765e+02 5.524563696886812068e+02 5.964312895466053988e+02 5.876966609564429973e+02 5.364183708751853601e+02 5.995971084234529371e+02 6.379382406351503505e+02 6.859819263165564962e+02 6.912381943186331910e+02 6.827529443750458995e+02 7.157690672155998755e+02 7.047475449789046706e+02 6.561428289262998987e+02 6.844068926746246007e+02 6.930197395180373405e+02 7.647132037445624064e+02 8.208993934374609580e+02 8.604614373903563092e+02 8.542594894497493669e+02 8.092745222504428284e+02 8.422525887972184364e+02 8.818201734339889981e+02 9.324418510152546560e+02 9.777822643393373028e+02 9.753929507725115400e+02 9.314518806471309063e+02 8.874569287572859366e+02 9.261467788454533547e+02 9.169558099734935013e+02 9.581446785203361287e+02 9.623620280573333048e+02 9.234414388034066405e+02 9.642440059624520927e+02
6.065504873017817999e+02 5.552919019881677514e+02 5.971139991880461366e+02 5.866583870224735620e+02 5.290997916990100975e+02 5.892893366305206655e+02 6.407947788789358583e+02 6.388051662168684288e+02 5.972873076370201488e+02 5.479721342763210714e+02 6.022807066796488016e+02 6.318936246636559417e+02 6.287437519391895648e+02 6.243505285134020824e+02 6.538760660769523838e+02 6.512187351304821732e+02 6.002187878426366296e+02 6.085179612873373571e+02 6.740417004290750356e+02 7.221050547917719769e+02 7.730229211042574207e+02 8.138303381467907229e+02 8.029214856935435591e+02 7.533012109054681105e+02 7.893708356998100726e+02 8.362163684783904500e+02 8.882049706761235939e+02 9.302158974374070795e+02 9.229199197932189236e+02 8.811553540916297607e+02 8.303712591910472156e+02 8.705091872136140410e+02 8.561803856448711940e+02 8.998820039872167627e+02 9.036485197301714152e+02 8.671254175067575716e+02 9.140583165667380854e+02
6.553486082508347863e+02 6.069345105469343480e+02 6.448421230928381647e+02 6.266525526422425401e+02 5.673558773958388883e+02 6.276324989449818759e+02 6.830454548202279739e+02 6.885506551113519436e+02 6.453338203270560598e+02 6.005447371762967350e+02 5.569542639244468774e+02 5.635982696355229109e+02 5.700227285972866866e+02 5.754709892349037546e+02 5.822018336801331770e+02 5.894272841733859423e+02 6.487044952502309343e+02 6.641951256507576318e+02 6.214481045937073986e+02 6.776156540893451847e+02 7.284528500347532827e+02 7.602058810729495235e+02 7.420013589379652785e+02 7.076008667144214996e+02 7.488838413719468008e+02 7.957807028262243421e+02 8.427224612969495183e+02 8.754634039933733902e+02 8.559629068576733744e+02 8.385166610596945702e+02 7.820745008114515713e+02 8.138313157206257529e+02 8.019173813290371982e+02 8.360306566372596535e+02 8.365224759793484282e+02 8.201717229885920233e+02 8.734236701098543563e+02
7.163574464647475679e+02 6.660454358924025655e+02 6.943290150521810347e+02 6.617985931586482593e+02 6.096975436175158620e+02 6.686655614082602597e+02 7.252714249218827263e+02 7.344743766876499649e+02 6.910439694863337081e+02 6.386719445943116398e+02 5.882178347749460272e+02 6.295776427655882799e+02 6.365094557808948821e+02 6.074460654456048587e+02 6.412682545259643803e+02 6.267757725506229463e+02 6.806467262913535023e+02 7.124464820031359977e+02 6.897620749313563238e+02 6.344344585525774391e+02 6.941053023913890456e+02 7.088829411454978526e+02 6.642766991898730566e+02 6.714590859831380385e+02 7.168498342215027606e+02 7.503670699185546482e+02 8.001154237288150171e+02 8.187311513728500358e+02 7.858012899757540026e+02 7.889057827594600667e+02 7.409761866585622556e+02 7.488881481048167643e+02 7.562858458835610236e+02 7.641469702676887437e+02 7.724115858627934585e+02 7.808849554742832879e+02 8.320983072906252573e+02
7.730444858895610878e+02 7.301056760025978747e+02 7.480332410823519922e+02 7.082822508691924668e+02 6.589560342783264559e+02 7.140010541101050876e+02 7.690353438838316151e+02 7.782638944000499350e+02 7.316205278961101612e+02 6.750046610283196742e+02 6.246026988604053258e+02 6.795840828947831369e+02 6.893420939615100451e+02 6.454662398426656864e+02 6.880070075942201129e+02 6.689370532087043557e+02 7.216519227207048743e+02 7.623606247238056994e+02 7.437769897656530702e+02 6.956680537260471056e+02 6.449040625020480775e+02 6.524298877580496310e+02 7.123711826291204261e+02 7.276544471307058757e+02 6.830322984064970342e+02 6.915356545043991900e+02 7.542372973526943269e+02 7.671255973629097298e+02 7.216209987358730586e+02 7.297778237169003432e+02 7.796236847911627592e+02 8.154188628704574739e+02 8.223176831717519235e+02 8.173332819908641795e+02 8.455175794279182355e+02 8.424186769198645379e+02 7.945819265962528561e+02
8.274436671017601839e+02 7.973633293728485114e+02 8.016043348342361696e+02 7.622444120931348834e+02 7.188122018484817772e+02 7.657228552393424934e+02 8.156007958239504205e+02 8.211457836938677701e+02 7.717230494297537007e+02 7.144445429190559480e+02 6.659681854290735146e+02 7.223778882981927154e+02 7.334519132670761792e+02 6.878934063151664304e+02 7.326012080270253364e+02 7.163722656853047965e+02 7.670724008277283019e+02 8.090196294949574849e+02 7.937125354621973656e+02 7.397009736629431700e+02 6.841688368506830784e+02 6.916593623920259688e+02 7.457774684569260444e+02 7.788594625286291375e+02 7.586959057110098001e+02 7.522742661335909133e+02 7.029156899943076269e+02 7.101593041396910166e+02 7.509612621016777894e+02 7.765667877913244865e+02 8.120782598991892201e+02 8.612618135753760953e+02 8.904299614763348245e+02 8.822091589461650756e+02 9.100638063998254665e+02 8.917031719795171512e+02 8.356205049020451270e+02
8.677688764374461243e+02 8.547347284783180612e+02 8.483892332826391112e+02 8.251505468686265203e+02 7.909904163846236997e+02 8.245023044914153161e+02 8.647834671347831090e+02 8.646308438494626216e+02 8.148197081816538230e+02 7.599464859892337927e+02 7.142978309245244191e+02 7.647851525726181308e+02 7.782168851011387005e+02 7.353427241574923983e+02 7.812636034251031560e+02 7.709573856090922845e+02 8.184833437786193144e+02 8.563082219713887753e+02 8.369124348440527683e+02 7.775461930725895172e+02 7.299151474392671162e+02 7.374388677714423466e+02 7.903644346249076307e+02 8.355471278908381692e+02 8.309946373587091557e+02 7.977847984072607233e+02 7.498426825222624075e+02 7.419062648272538354e+02 7.825141847855111337e+02 8.202991485769836117e+02 8.551428228842014505e+02 8.999174071101854224e+02 9.486901332241707223e+02 9.550862696763887243e+02 9.698184886973959919e+02 9.323024379486948874e+02 8.809553356100414021e+02
8.518699702284891373e+02 8.422640271391734359e+02 8.541615614410389981e+02 8.622264006395524802e+02 8.612098644604285482e+02 8.849422919321383461e+02 9.100243033031688356e+02 9.069533113265233624e+02 8.635342762136165220e+02 8.185934179077695489e+02 7.764989353287377298e+02 7.996171219846579561e+02 8.257593802098921287e+02 7.893588712583328970e+02 8.358163633539172679e+02 8.335157488505188894e+02 8.827229041177074578e+02 9.061497266485166620e+02 8.737700387816855709e+02 8.249353927353823792e+02 7.866734163328989098e+02 7.931328515192374198e+02 8.407758730868868042e+02 8.878614516191837538e+02 8.909118158152290334e+02 8.504262964636453717e+02 8.052522455628785565e+02 7.819708067425292484e+02 8.203348887067993473e+02 8.640966283223942810e+02 9.047554430476477592e+02 9.458053146606288237e+02 9.927656741238915856e+02 1.024166286654679652e+03 1.025449843364624712e+03 9.818171213233192702e+02 9.340736333190851610e+02
7.834693736992395543e+02 7.688714677776250710e+02 8.049654566437133099e+02 8.348598974784135862e+02 8.625610616731079290e+02 8.943053582042622338e+02 9.248599628509489321e+02 9.379917240857703291e+02 9.190859533694512038e+02 8.807578341175816377e+02 8.510591896708353943e+02 8.620319973129894606e+02 8.824138916244501161e+02 8.524406462787616192e+02 8.962318306788597511e+02 9.036548850982852628e+02 9.416763938332305770e+02 9.554859168117278614e+02 9.214883264011604069e+02 8.860120277455770292e+02 8.565307261597267825e+02 8.616015459326317796e+02 8.966884885651527384e+02 9.381973950613677289e+02 9.437734219451009494e+02 9.086209618300478041e+02 8.741759487311395560e+02 8.343273001492065077e+02 8.689280555080948716e+02 9.108750950962549950e+02 9.590694987107308407e+02 1.002135991261763365e+03 1.041805855708809304e+03 1.077556040664625471e+03 1.075427408677816629e+03 1.036719333259548876e+03 9.984977932262046352e+02
7.142979263416586946e+02 6.925303372817866148e+02 7.316039635527839664e+02 7.697059442989578883e+02 8.089928735298440188e+02 8.460804756627986762e+02 8.914970935761815554e+02 9.309186690254414316e+02 9.511844272411312886e+02 9.406023090749356470e+02 9.281215844205740950e+02 9.270463180011723807e+02 9.387566723693191761e+02 9.225256668243824834e+02 9.568237605457704831e+02 9.750245734581299075e+02 9.899991547409823625e+02 9.900838803352277182e+02 9.655786099500263617e+02 9.401138717100152462e+02 9.229417381070796864e+02 9.275967537569109709e+02 9.514467963603198086e+02 9.783735658401400315e+02 9.870026666222521499e+02 9.710989192975478090e+02 9.447593738381140156e+02 9.093688819314589864e+02 9.198052532281865297e+02 9.675375770620908042e+02 1.011063926739228236e+03 1.057982709565763798e+03 1.088840697284719226e+03 1.109500059429544081e+03 1.111899305453682700e+03 1.095054655298598846e+03 1.069866070507395079e+03
6.681135678863303156e+02 6.263697158207993425e+02 6.669685909883287422e+02 7.074224256827692443e+02 7.599506612622753892e+02 7.799437092738957062e+02 8.328407046022572331e+02 8.975964975108930730e+02 9.397592139084310929e+02 9.479996307406855749e+02 9.597969667654488148e+02 9.673404734163084413e+02 9.653144415404847223e+02 9.737717519880228565e+02 9.947130690624580893e+02 1.007205315766570152e+03 9.955150179673462389e+02 9.729821389270790633e+02 9.458315181776378040e+02 9.253338674472912544e+02 9.177642036765295188e+02 9.240195344393804362e+02 9.490991077350686282e+02 9.742698351196486328e+02 9.887266951171827714e+02 9.973977932059416389e+02 9.919305156609831329e+02 9.829922949235000260e+02 9.854643487066393845e+02 1.026346149517574077e+03 1.059945788197562024e+03 1.085360309158673545e+03 1.088755074637567532e+03 1.082470374215207357e+03 1.098223109744826388e+03 1.114735594611145189e+03 1.121906885665217260e+03
6.245349803012250050e+02 5.795907525805033629e+02 6.128717015622571580e+02 6.564727065188993720e+02 7.036954805502015233e+02 7.175689639090368246e+02 7.849503993495020495e+02 8.567235438626612449e+02 9.010935961766069795e+02 8.898458176056343518e+02 9.208565828488434590e+02 9.287511833165464168e+02 9.120907548494575394e+02 9.403059261505646873e+02 9.685244756253389369e+02 9.767959174142249594e+02 9.486168133827883366e+02 9.144782376377535229e+02 8.754912416691835233e+02 8.544665086568240895e+02 8.504050137896620072e+02 8.552906274203725161e+02 8.967827712157834412e+02 9.172321847330988476e+02 9.320515970068073557e+02 9.581414757491165801e+02 9.809133111530858287e+02 1.006129125219644152e+03 1.033046978866919289e+03 1.055897468935694860e+03 1.065668481455676329e+03 1.064440089719495063e+03 1.040039644330094461e+03 1.002995680218339885e+03 1.035396301092575186e+03 1.078723008294936790e+03 1.108281962435015430e+03
5.830195447188982598e+02 5.437693190231429980e+02 5.592337839702850033e+02 5.978107536114971481e+02 6.435626712049528351e+02 7.106642896578794080e+02 7.841689956515716631e+02 8.454797836721301110e+02 8.546988586068679297e+02 8.201429829344823474e+02 8.623884472985213279e+02 8.673656651093720029e+02 8.325311828985849161e+02 8.715898237583101036e+02 9.156804064557975380e+02 9.236313483308873629e+02 8.918921510948422338e+02 8.592724127225189932e+02 8.155247986408511451e+02 7.782246136940243559e+02 7.778864811251247602e+02 7.842072222552577614e+02 8.352913905683852818e+02 8.527581226071984020e+02 8.714533045843944592e+02 8.839574561720999100e+02 9.208717647584793440e+02 9.687286302616719240e+02 1.007041798674748975e+03 1.024163655734317445e+03 1.012705854932619218e+03 1.014174034129703500e+03 9.731522784039684666e+02 9.280348002265642435e+02 9.725496109901820319e+02 1.019553959274611657e+03 1.064446954774677806e+03
5.467598975696772641e+02 5.148650361261180706e+02 5.758480934764537551e+02 6.394130535233318824e+02 6.933986814815931439e+02 7.480280244386424329e+02 8.014354246041518763e+02 8.290104728150604387e+02 8.068136447956443362e+02 7.564877042105841838e+02 8.039784848297439339e+02 8.073948960999715609e+02 7.625979093756589009e+02 8.111632398082472264e+02 8.603165522237600271e+02 8.643001597805250640e+02 8.259847166986344291e+02 8.270531458826922062e+02 7.710870660416420606e+02 7.217633521323605237e+02 7.141384630416690698e+02 7.229937500965645540e+02 7.769085154442389012e+02 7.927888271448920250e+02 8.337103897111211381e+02 8.147644855870423726e+02 8.589356218574495188e+02 9.077392455919609802e+02 9.581059387910891019e+02 9.631911833487373542e+02 9.435532088305258185e+02 9.586627646345381208e+02 9.183206099513462277e+02 8.677794352633502513e+02 9.142805251643620750e+02 9.703090350155091528e+02 1.017705871584739953e+03
5.502646254402391151e+02 4.928884386645104314e+02 5.694998670912000307e+02 6.366168650137175291e+02 6.945774816458929308e+02 7.478999084576279301e+02 7.914748396957506884e+02 7.956731945640893855e+02 7.512031948343116028e+02 6.996187064925086361e+02 7.508185257667810220e+02 7.543421106650145020e+02 7.053939666638816561e+02 7.586958189461945494e+02 8.084287383990321132e+02 8.062518213266163229e+02 7.620327237369924660e+02 7.866330203173079099e+02 7.580120991734445397e+02 6.916168571698866572e+02 6.565107946091245594e+02 6.712782780145910237e+02 7.190665958565605251e+02 7.780664260523512894e+02 7.910047286947184375e+02 7.541756451976388007e+02 7.994189101531429742e+02 8.575133557574725955e+02 9.116808942605689481e+02 9.125997027848666221e+02 8.728723152134791690e+02 9.014786052307870250e+02 8.717723975052267633e+02 8.196137165257780453e+02 8.701029686879928704e+02 9.300012826766144372e+02 9.731673132558903490e+02
