output/field_example_lateral_OFF/elevation_000027.asc
nrows	150
cellsize	66.66666667
xllcorner	0
ncols	150
yllcorner	0
NODATA_value	-9999
[rows 119 to 135 of 150, columns 0 to 36 of 150]
1.202505561471544152e-03 5.440958591274139877e+01 1.161909060575225254e+02 1.828615893285314655e+02 2.484239466877334337e+02 2.990313983454652202e+02 3.294479654969020430e+02 3.408360089825216619e+02 3.531645248829772186e+02 3.528268636256165109e+02 3.136140933431077542e+02 2.629372518656198281e+02 2.032105464986910306e+02 1.489917478144606378e+02 2.034574429134003424e+02 1.996860933525824180e+02 2.368402313948016058e+02 2.929434170047267116e+02 3.483063215784119393e+02 3.711623870381582151e+02 4.297884023376843174e+02 4.323613777391511235e+02 3.914693034015268154e+02 4.341006460022866236e+02 4.333101079343146012e+02 3.761618619666749623e+02 3.170206472783229401e+02 3.196655103476974205e+02 3.796916164491160544e+02 4.293828861886533446e+02 4.809962473772548037e+02 5.351534821446556407e+02 5.772620200245409023e+02 5.695643346496167396e+02 5.129502681759296365e+02 4.532514163673731105e+02 4.049922111734967416e+02
1.627672979393799714e-03 4.962909466932946145e+01 1.072750103775013457e+02 1.725151560791498753e+02 2.401377223928352862e+02 2.930932538239873111e+02 2.991959919806162134e+02 2.804115196024860666e+02 2.878872862261918044e+02 2.969845593578402259e+02 2.632586313189545990e+02 2.224979577568350919e+02 1.706245511959795067e+02 1.174520598380827323e+02 1.661915588844287299e+02 1.643057259107456218e+02 2.354353825980512056e+02 2.727440685155542610e+02 2.873353785050906595e+02 3.538840706554066742e+02 3.946710696524802984e+02 3.815227484592995211e+02 3.303394521213688790e+02 3.828091161165207836e+02 3.970043613995390501e+02 3.428923700529877578e+02 2.762140157643272573e+02 3.036156221263121324e+02 3.389813537604265434e+02 3.887075399313988555e+02 4.406987696674427752e+02 4.946029201100815271e+02 5.433190668813173261e+02 5.336711096255118036e+02 4.733122689923503117e+02 4.094613483833715577e+02 3.575564255856536988e+02
1.394342643403694709e-03 5.308258398233634523e+01 1.134194497675169373e+02 1.790444459951369254e+02 2.400485335772829103e+02 2.643123935791689405e+02 2.448416345417300590e+02 2.045398162439322505e+02 2.184081982092201031e+02 2.359512085388750791e+02 2.013973233287006792e+02 1.959149591403206045e+02 1.393362258222272203e+02 8.897567288679668707e+01 1.122915648009828118e+02 1.746985199462612854e+02 2.250806255850526441e+02 2.140573034511059802e+02 2.690066934005026837e+02 3.128099543102887878e+02 3.510957975571296856e+02 3.318535429179167977e+02 2.752930320970564253e+02 3.342740080456611054e+02 3.610236164453634728e+02 3.451378298141096366e+02 2.946487668348981401e+02 2.342368405673909990e+02 2.909395449696835385e+02 3.424604759778986818e+02 3.958784359759381459e+02 4.573507086119805649e+02 5.096495645735327571e+02 5.000385111118150689e+02 4.385000853775370615e+02 3.724119974671102113e+02 3.175127840965418500e+02
1.207757698875992075e-03 5.840984793504294714e+01 1.209520803593097895e+02 1.795394737344666396e+02 2.189278502356846730e+02 2.205664162824147070e+02 1.789254622856362005e+02 1.343423265465229122e+02 1.563493675077899923e+02 1.782624891648470111e+02 1.410684786254971073e+02 1.561005271553690363e+02 1.275607391714634673e+02 6.510590798964877024e+01 1.279985423843863543e+02 1.797187743796494601e+02 2.026233046912021791e+02 1.695681451284678758e+02 2.178443918414919551e+02 2.697948296552089573e+02 3.020685725570488103e+02 2.832574872185177810e+02 2.250315533219043402e+02 2.842607571923703631e+02 3.040038485632840093e+02 3.142087683131576910e+02 2.684167629806442505e+02 2.053383410405602945e+02 2.552493399398499889e+02 3.044073335404913223e+02 3.608241801494115180e+02 4.241260300286014626e+02 4.793333364648929660e+02 4.689891669348622827e+02 4.057207614151788562e+02 3.401989270807996490e+02 2.819303124569423744e+02
1.493445343079199310e-03 6.133201206791526516e+01 1.153255845399636286e+02 1.378815085270134659e+02 1.723101889164138356e+02 1.720149121815053945e+02 1.250467646850463694e+02 7.278613956985810773e+01 1.213122342843660846e+02 1.294959202060356347e+02 8.474742317986694218e+01 9.791321256000988171e+01 9.407782338980707948e+01 4.373616992287023209e+01 9.990404739100574716e+01 1.490177448491388930e+02 1.664673604233618960e+02 1.276973670934681167e+02 1.784258343408856433e+02 2.336697263023093569e+02 2.431962634126173270e+02 2.346990435106296502e+02 1.794254108282644324e+02 2.354073733860500113e+02 2.407982099174790562e+02 2.680308595204605240e+02 2.434805976594042818e+02 1.817248198719807988e+02 2.262075082788059319e+02 2.747860839634344643e+02 3.268474648282931412e+02 3.949641396288488409e+02 4.548027046217306406e+02 4.420180555995509053e+02 3.741959197735571365e+02 3.063950502984945388e+02 2.554285137383219535e+02
1.329768362987863127e-03 5.193845749514849786e+01 7.297906678701795613e+01 7.272146958261070893e+01 1.165940532661261670e+02 1.201911948818898139e+02 7.827084113898342821e+01 2.382481459100377563e+01 8.059382917592499496e+01 8.534798731217087209e+01 3.419439340660046867e+01 3.674156207226925375e+01 3.962454592301384082e+01 8.667398356825660244e+01 4.839465697516732945e+01 1.072419346495421593e+02 1.182605177897883948e+02 9.021663135103248976e+01 1.463937320850328661e+02 1.865411590479368726e+02 1.821336822633490442e+02 1.855160562179954979e+02 1.385263631374751299e+02 1.904861812532246006e+02 1.819544604193667965e+02 2.156583888593326890e+02 1.990918412772668091e+02 1.600936854094324531e+02 1.997885042207366837e+02 2.506636505659716931e+02 3.241550659713438449e+02 4.007196799241464191e+02 4.433968645548422955e+02 4.224135211758083983e+02 3.684787758252554681e+02 3.029285064179383085e+02 2.302766859601435101e+02
1.349006224709153445e-03 2.237166130599298697e+00 4.795418965265969113e+00 7.760386074637295906e+00 6.701561759499173832e+01 7.138497052034203705e+01 1.934009252179223282e+01 6.578010604487253943e+01 2.784437619111733753e+01 3.038552636910348426e+01 7.783607100642157661e+01 1.068151326870580959e+02 1.093497027398184969e+02 1.364952838815250686e+02 1.103869996191108385e+02 5.232782294001200540e+01 5.487397939247590983e+01 5.753824359711001080e+01 1.138809161733217366e+02 1.258025185278930849e+02 1.212810442286154569e+02 1.262937450670277144e+02 1.022947296641781918e+02 1.502947109700555473e+02 1.281125188490867970e+02 1.571182880651381311e+02 1.305419457738656774e+02 2.020274496847788726e+02 2.565090700437382907e+02 3.057527578690166479e+02 3.588203802780283240e+02 4.056435590977471861e+02 4.131603129425697603e+02 3.807211633947824225e+02 3.335322877058930544e+02 2.660476920397870231e+02 2.059353033021570809e+02
1.443492979811974823e-03 5.189248076451038116e+01 7.159887364459595460e+01 6.689263336223132228e+01 1.196044054297783710e+01 1.474939107273008787e+01 7.252709212685286388e+01 1.127630127536848619e+02 9.990958788852476857e+01 6.254881997374357638e+01 1.135592377212459212e+02 1.589977439842338640e+02 1.852305361335857867e+02 1.929007543483297695e+02 1.480225941466150061e+02 9.146352055723649244e+01 1.199235106727132774e+02 1.124902056024140364e+02 6.111164836746523576e+01 6.362624897345862252e+01 6.613670819483664332e+01 6.866816109888974040e+01 7.124766969279156115e+01 1.149442273218406996e+02 7.933308706027399637e+01 9.622476999197321845e+01 1.605974785201037491e+02 2.187213995980922618e+02 2.713208606707009380e+02 3.198742895743389454e+02 3.648832596673194075e+02 3.870902574300912420e+02 3.679741716874795543e+02 3.241514194071356201e+02 3.121224535515991079e+02 2.517573040328288982e+02 1.845303190805907150e+02
7.429767699843175264e-04 6.245990240722790077e+01 1.136348943397227060e+02 1.157060143474636504e+02 7.987746976838597845e+01 6.364593735905839367e+01 1.161595883542388776e+02 1.625537544520089170e+02 1.550972710720163832e+02 1.011576119425792513e+02 1.576196143106974148e+02 2.024774367667873207e+02 2.439418447824833720e+02 2.412316627331496761e+02 1.909609853301825808e+02 1.364847693054348952e+02 1.690878649561206259e+02 1.446495856994754661e+02 8.007982763132389437e+01 1.235917437735922704e+02 1.325613157401377293e+02 1.346590952441383990e+02 1.277762277796271633e+02 7.548893433967485578e+01 1.200984178106901652e+02 8.361283325490232698e+01 1.441206261602838481e+02 1.851654239711101297e+02 2.322840072036051140e+02 2.811486987963607476e+02 3.333174088793209648e+02 3.448019075793207548e+02 3.077730134057043188e+02 2.644709023878914422e+02 2.803305060454292175e+02 2.370299572021710617e+02 1.645982521864472687e+02
1.125039322477537282e-03 6.702347726614462431e+01 1.324414416671750416e+02 1.629512062196269824e+02 1.543245169267246411e+02 1.247224202202962431e+02 1.680007506370330077e+02 2.123558321674620686e+02 2.055705557181994436e+02 1.555295744282003056e+02 1.647289165383570264e+02 2.329330610925945848e+02 2.876641134108395477e+02 2.866175323415419030e+02 2.373604185027796518e+02 1.867621446793527298e+02 2.084620390432989439e+02 1.644511972963481128e+02 1.003681616501422980e+02 1.587892046696396449e+02 1.968778355483777887e+02 1.997421934856177757e+02 1.653070756678106363e+02 1.119937578797809863e+02 1.598987920923166826e+02 1.456866248798054357e+02 8.859979541565543570e+01 1.404477052263235919e+02 1.794066779339707125e+02 2.416998611764130374e+02 2.902630128118843231e+02 2.966388926209111787e+02 2.552990735658547123e+02 2.067915623273295296e+02 2.365874307134752144e+02 2.105918480446665058e+02 1.436013613506966919e+02
1.452571986472389175e-03 6.546391328536489596e+01 1.349235435062716704e+02 1.882098924986972577e+02 2.118907450627087030e+02 2.041676383457644306e+02 2.252167370334049110e+02 2.659219957467608992e+02 2.605308053307058458e+02 2.156311261593978088e+02 2.138613607473907621e+02 2.716102609703953021e+02 3.282544994530686040e+02 3.322722947984806297e+02 2.863982697303073337e+02 2.400482053871328674e+02 2.407997129717797407e+02 1.904392222413094089e+02 1.221800886476225685e+02 1.885706797278008082e+02 2.435542131939217541e+02 2.503960241310107335e+02 2.066318884552755719e+02 1.527954881588893841e+02 2.020930830758061632e+02 1.944481033802105117e+02 1.485640170202744912e+02 9.351257403982266680e+01 1.562477350864319305e+02 1.983452989910825579e+02 2.375375756084436318e+02 2.411576882172005298e+02 2.077525644634889375e+02 1.568112500417405499e+02 1.840584409931940684e+02 1.762456602318284240e+02 1.246872715756308736e+02
1.655712493124864449e-03 4.891147574732653425e+01 1.083339343039975091e+02 1.786012332637974680e+02 2.440273229935782240e+02 2.731406583851047003e+02 2.969690065494858686e+02 3.200153883610071830e+02 3.168470731821915365e+02 2.835526237277596238e+02 2.736934098870989942e+02 3.215867069332986148e+02 3.731786404160868642e+02 3.790971463216475854e+02 3.353730862341880652e+02 2.914529299301713081e+02 2.560813158272607097e+02 1.873023842576500329e+02 1.447480430192742631e+02 2.207080632428941840e+02 2.790210723771590438e+02 2.926439087349690453e+02 2.500854556040664249e+02 1.987700098829467663e+02 2.474667543352296377e+02 2.441835868210163767e+02 1.951803588733730237e+02 1.473436159588810881e+02 9.851922055548878632e+01 1.576383625161135456e+02 1.709235699906191428e+02 1.740187160195125671e+02 1.676251751674920456e+02 1.145815872944290419e+02 1.173171949284982247e+02 1.203319936950728390e+02 1.669367277783494217e+02
1.266886019979617190e-03 6.540672633046291651e+01 1.383879331875990317e+02 2.059916083125066848e+02 2.612560474498435497e+02 3.014327694089709553e+02 3.276547528084274745e+02 3.514831360363821204e+02 3.611716716073485713e+02 3.541773815583906639e+02 3.447477491207832259e+02 3.793094737732054682e+02 4.220276013375798243e+02 4.245245701232412898e+02 3.776178965051152545e+02 3.180655488002864786e+02 2.585168014331203494e+02 2.144524381659672940e+02 1.681255396048786110e+02 2.348776729898806934e+02 3.057826761883136442e+02 3.330281684563843783e+02 2.982811522984866315e+02 2.514299841290350912e+02 2.958465513292948117e+02 2.916587547204427437e+02 2.431010080395636521e+02 1.921446801853587942e+02 1.579645490200974791e+02 1.022011263887953021e+02 1.048287653216079036e+02 1.075276951438714406e+02 1.105522163377071649e+02 1.612618930382627411e+02 1.828144908142874954e+02 1.818936183953095735e+02 2.147629252882335891e+02
1.595494540920428927e-03 6.321110031397722651e+01 1.337916221062903617e+02 1.998758912350454864e+02 2.320106810909940975e+02 2.682556625609170737e+02 2.812837431577891607e+02 3.224810524570265784e+02 3.553419920974426418e+02 3.837186044853569342e+02 4.059881026026231439e+02 4.371959323480508601e+02 4.681679988730336959e+02 4.645995160428083750e+02 4.120120350457724498e+02 3.493285761732183801e+02 2.946974955878812352e+02 2.417567325138816443e+02 1.940354261508695686e+02 2.680323189056543924e+02 3.331000919602271324e+02 3.741447213500412090e+02 3.578567675459202064e+02 3.113784602648149757e+02 3.463766095364842386e+02 3.364231733411988330e+02 2.871348933127918599e+02 2.418988833004152355e+02 1.789121740774884302e+02 1.145086229705624277e+02 1.616724525155025560e+02 1.709628667866743967e+02 1.694703527414680764e+02 1.640765765149588162e+02 2.196701396837257221e+02 2.439217295655451494e+02 2.721918172744287858e+02
1.215065333586735474e-03 6.769197416829028668e+01 1.334188691078550448e+02 1.774641262087031066e+02 1.733689970430486369e+02 2.095473152949044504e+02 2.188360954326940657e+02 2.622420821587399473e+02 3.033767548653585209e+02 3.553821515719204740e+02 4.008684259051117351e+02 4.440155426839244228e+02 4.937859319275155485e+02 4.966642645881686349e+02 4.475339829358080124e+02 3.891633072974645415e+02 3.266393130192083731e+02 2.699604318190038725e+02 2.215020243535247459e+02 2.715929626730164728e+02 3.391869306789874372e+02 4.039177746475821209e+02 4.109636255317603855e+02 3.766782714602856572e+02 3.931729238374200577e+02 3.701353778934318939e+02 3.196946020913620714e+02 2.545692807656110404e+02 1.880623824107434530e+02 1.275246084619873699e+02 1.924542767455006356e+02 2.299378261053894050e+02 2.353256116802941165e+02 2.324429169634470043e+02 2.220804480094795395e+02 2.837402259666462214e+02 3.230610977291406698e+02
9.941939064204486677e-04 6.780958562348111229e+01 1.039527834831506823e+02 1.320525532719176454e+02 1.110259264872666733e+02 1.370233175753138539e+02 1.657636261123631698e+02 1.990573237258346353e+02 2.469399508777018752e+02 2.990169921064276650e+02 3.566358171468786509e+02 4.255151776450333614e+02 4.918816833997964864e+02 5.212682430731108525e+02 4.896376681634934016e+02 4.249525595934821922e+02 3.586019509202795348e+02 3.008683577447510515e+02 2.531088805953556573e+02 3.085151601163656778e+02 3.734349480621132784e+02 4.391252194962678459e+02 4.615755338997038848e+02 4.365308501241611339e+02 4.170383547579550623e+02 3.700511167253670806e+02 3.152726657599213809e+02 2.598137851032201411e+02 1.984353185702540827e+02 1.403078819253088625e+02 1.987261729065357372e+02 2.602307111566583444e+02 2.992786106800427888e+02 3.033773366442169959e+02 2.760601346666771292e+02 2.890972996043856824e+02 3.507794280074238031e+02
1.599432815046237773e-03 5.190161498391655925e+01 4.916647732828516837e+01 7.444783077750392408e+01 1.402560074959063172e+02 1.748273432469073612e+02 2.189829112502071098e+02 2.564802752872798806e+02 2.509722609020218158e+02 2.930847156603782651e+02 3.438680204524077340e+02 4.056908166588580684e+02 4.771299820666528149e+02 5.359826825765653666e+02 5.219012232009165473e+02 4.599084180283464320e+02 3.946338635643890598e+02 3.399369010945962941e+02 2.898727673698094236e+02 3.456555406459109463e+02 4.096413492001712484e+02 4.741163868866441931e+02 5.004697441074401922e+02 4.680820973977933477e+02 4.064949154227776376e+02 3.347098255588687152e+02 2.697233615520160015e+02 2.137607886935358010e+02 1.791936829861616616e+02 1.535318403467471740e+02 2.268549061899855985e+02 2.936921640302369383e+02 3.447778187888363846e+02 3.626675652709347446e+02 3.374227711325852397e+02 3.408569513793958095e+02 3.904913428529372936e+02
