output/field_example_lateral_OFF/elevation_000009.asc
nrows	150
cellsize	66.66666667
xllcorner	0
ncols	150
yllcorner	0
NODATA_value	-9999
[rows 68 to 84 of 150, columns 0 to 36 of 150]
-8.684786081567235499e-03 6.543168704223590737e+01 1.260662421098628130e+02 1.526747836649337842e+02 1.669355425598095621e+02 1.998373946705981155e+02 2.408156311230359279e+02 2.817308819162281566e+02 3.251424492640695121e+02 3.797278869569246353e+02 4.299401202479265294e+02 4.792662672335426350e+02 5.177978987464019838e+02 5.415793159863943629e+02 5.646648192676423150e+02 5.873536028184402085e+02 6.076380533567462408e+02 6.209356726094576970e+02 6.119272734513949672e+02 5.996050167019685659e+02 6.145845461060154094e+02 6.419223261579592190e+02 6.645368412091681876e+02 6.502576542749632154e+02 6.137995846863599354e+02 6.446995248355736976e+02 6.789387756882574649e+02 6.683965845359513196e+02 6.216505913087910358e+02 6.209900765341856186e+02 6.756839445683378926e+02 7.311835497955851224e+02 7.815415725807018816e+02 7.967452963976597857e+02 7.956142377833150476e+02 7.775831998206673461e+02 7.463304987922025475e+02
-8.241558885535267900e-03 6.046953379856985578e+01 9.704972770638862301e+01 8.575386021840783712e+01 1.130460816660063017e+02 1.441261014875666717e+02 1.794813091762010231e+02 2.198449617662962510e+02 2.671130709796294695e+02 3.230975716792810886e+02 3.891302414123787230e+02 4.640326492228890061e+02 5.334616188909895982e+02 5.634143625824046921e+02 5.538802518126109362e+02 5.362168838905779467e+02 5.539876575049320309e+02 5.950472347821847734e+02 6.182085814794436374e+02 6.247849696648396502e+02 6.453220928871654678e+02 6.736348695149138166e+02 6.995264534629150148e+02 6.981853857191648558e+02 6.912266759438845156e+02 7.103544782878753949e+02 7.309950398551071657e+02 7.246370241223897892e+02 6.911003836436744905e+02 6.842173635185191642e+02 7.299274586174026354e+02 7.807872484314150370e+02 8.095965029344946515e+02 8.032911187376868156e+02 7.751262971589402468e+02 7.385215978284230687e+02 6.894067290954186547e+02
-1.127182211337317969e-02 2.085352777119891599e+01 4.758167926810058646e+01 1.091408225265007843e+02 1.597243121464481703e+02 1.964585781254897938e+02 2.320676730076322087e+02 2.703319730209304339e+02 3.142371759755098992e+02 3.705545801583911611e+02 4.309389943365175668e+02 4.983579492228770391e+02 5.433917333612988614e+02 5.419841347202668658e+02 5.011485984407964338e+02 4.604542842554231470e+02 4.988609833660719914e+02 5.399549289128268583e+02 5.751945130752565092e+02 5.697248734880035954e+02 5.996309405744428886e+02 6.374526934813512753e+02 6.789061411388163378e+02 6.921174688309016574e+02 7.091994135633087808e+02 7.275706733173902876e+02 7.523690969735818044e+02 7.678083521653899197e+02 7.639108252451906083e+02 7.560864368899403871e+02 7.922233381468940934e+02 8.143983788106293105e+02 8.067995401803615323e+02 7.712410851328040735e+02 7.196473167697716917e+02 6.752367442339843819e+02 6.322390930984579427e+02
-1.152530564058327697e-02 6.263577928009031837e+01 1.061137986120921539e+02 1.533164011224304772e+02 2.063189995135630852e+02 2.531161005188770332e+02 2.934175489750112433e+02 3.318771485366879119e+02 3.720779406737542558e+02 4.190602839257377923e+02 4.773656796007588810e+02 5.214168759883225448e+02 5.348785669547460202e+02 5.064988594773375326e+02 4.518091428734680903e+02 3.988991467124196788e+02 4.412191610883114663e+02 4.891232733998853064e+02 5.152301582398596338e+02 5.029105707869425146e+02 5.415133232627916868e+02 5.919922810037807039e+02 6.297928802038976528e+02 6.285349012913686693e+02 6.625179620137481606e+02 6.723267943318604694e+02 7.190502366915972061e+02 7.626655740957032776e+02 8.004428270286985025e+02 8.202757056305653123e+02 8.334991115863494997e+02 8.181619850074381475e+02 7.767912963433992672e+02 7.181059217732663456e+02 6.653245277622066851e+02 6.140675699706287105e+02 5.729027441451133882e+02
-1.175763134753366607e-02 6.825007937716721074e+01 1.390849995403798971e+02 2.001886587590191198e+02 2.549404847649494172e+02 3.064828938399104459e+02 3.521106275060212170e+02 3.914104006935604616e+02 4.257435860631704259e+02 4.634235669202173540e+02 5.018574387119274434e+02 5.218165280626146796e+02 5.028979372552298059e+02 4.559769002237743507e+02 4.047376318518734593e+02 3.491927636882346633e+02 3.970027053393209826e+02 4.486575422395148394e+02 4.469619888496835074e+02 4.455275092259201415e+02 4.978367146448921403e+02 5.508949849494110822e+02 5.661773966993829390e+02 5.593630573446566814e+02 6.002348326172379984e+02 6.050238769911280770e+02 6.604530512809209313e+02 7.225828965517398501e+02 7.885922697770287186e+02 8.381556349388504259e+02 8.363691728274324078e+02 7.934860281048257775e+02 7.288118063497717003e+02 6.691218015676286086e+02 6.113659306760683876e+02 5.640956660636908282e+02 5.207204911100144500e+02
-1.201290963283170934e-02 6.616080463818785518e+01 1.385805321872831257e+02 2.038158033865825587e+02 2.650847665765757597e+02 3.225518482529283233e+02 3.727004970470304670e+02 4.104395344248680999e+02 4.262832860810383977e+02 4.546353433293664352e+02 4.835102485348596701e+02 4.876447172198017483e+02 4.506658694622300914e+02 4.077171221510723171e+02 3.574785526697132241e+02 3.078612778999495276e+02 3.626758859173652354e+02 4.036663448575454254e+02 3.770217175876385340e+02 4.133913426963993061e+02 4.587358414041270862e+02 4.962617835119585266e+02 5.049892550940804199e+02 4.979740603175980596e+02 5.332875244755416588e+02 5.884453430722280700e+02 6.484569786246261174e+02 7.148893967003726857e+02 7.836644065970386919e+02 8.329251886256264470e+02 8.177073495451143117e+02 7.548582024356754800e+02 6.862656301665432466e+02 6.218275136589517160e+02 5.667204832012645284e+02 5.188396126462313305e+02 4.777336944786701451e+02
-1.199887497776694519e-02 4.831738753253328866e+01 1.044016009555589619e+02 1.674061460298248107e+02 2.332126566913044599e+02 2.913907021247761691e+02 3.427502072877291539e+02 3.741610329336426730e+02 3.617807246567020343e+02 3.945254465656208822e+02 4.350876952874195354e+02 4.394299348696814604e+02 3.990251135553452855e+02 3.543998706224393800e+02 3.161396888764414257e+02 2.722767710979113076e+02 3.280594228624766515e+02 3.575165245783224464e+02 3.327146478034514985e+02 3.933214129468761371e+02 4.008282284129337540e+02 4.262404570638421433e+02 4.545021773257421955e+02 5.039229174782185510e+02 5.601541282384301894e+02 6.018444399265167704e+02 6.599972660178781325e+02 7.274935712039139162e+02 7.945207393119800372e+02 8.172652781014311358e+02 7.917636247096864963e+02 7.499118100106302336e+02 7.049467672032445762e+02 6.620370428440256774e+02 6.225191916281285103e+02 5.770836793530658042e+02 5.418732420461741413e+02
-1.122446389279054685e-02 6.400450965439313222e+01 1.186772493787452589e+02 1.667281874821017880e+02 1.986986605143832207e+02 2.562320401377804160e+02 3.127965017385399733e+02 3.222444158190712642e+02 2.895062768336059094e+02 3.341003401957983669e+02 3.806294339977663981e+02 3.857741544541281087e+02 3.460403628943707304e+02 3.028586921382806167e+02 2.683128416484281615e+02 2.411902452564032444e+02 3.003959846563096221e+02 3.011257737010961932e+02 3.635942271151519662e+02 3.681278997102820654e+02 4.356307812419399852e+02 4.742362497987267602e+02 5.094342788503793145e+02 5.488157724180696277e+02 5.979177597955196006e+02 6.540093363477257071e+02 7.069573795531999849e+02 7.659037827780065300e+02 8.010846584273035660e+02 7.860030915505470830e+02 7.369466275035233593e+02 6.935986775460094123e+02 6.605578088203451443e+02 6.506175033685955214e+02 6.447597712734399238e+02 6.241995619483442397e+02 6.022847903890291263e+02
-1.173531440923656494e-02 3.572480519893197481e+01 7.832540521052989391e+01 1.265920998935521169e+02 1.903277069893192390e+02 2.443717789998997603e+02 2.656283449315933467e+02 2.620857814707675857e+02 2.289882432743796414e+02 2.793626888617408781e+02 3.255689007133708515e+02 3.291111726070045052e+02 2.901537344810057562e+02 2.503794064157053754e+02 2.169980767232831056e+02 2.690214081141464249e+02 2.708318693747154953e+02 3.393028515724830072e+02 3.969200122343257249e+02 4.378457665441793552e+02 4.513372897659403407e+02 5.108441399558215608e+02 5.631414207309059066e+02 6.071252023525303230e+02 6.512638953696880435e+02 7.004102269412499027e+02 7.557143980124667451e+02 7.911044766858678940e+02 7.870532991787283663e+02 7.462009935683665844e+02 6.852595169631989620e+02 6.310211753076188188e+02 5.909039601933551467e+02 5.846902818803910122e+02 6.045086778255424633e+02 6.108247525530621260e+02 6.121101419959921941e+02
-1.171360642527858459e-02 6.420507924413205103e+01 1.117132681902456284e+02 1.489626933305145542e+02 1.770383007816523389e+02 1.972242109486689685e+02 1.969178218811664749e+02 1.900582993287580109e+02 1.795891499041250938e+02 2.284900492103837166e+02 2.667736010153084294e+02 2.686947146294489812e+02 2.319009676748533764e+02 1.923343532637352666e+02 2.569159154285998738e+02 2.760300646861379619e+02 3.323270114861006164e+02 3.837443242401462271e+02 4.408615758726248259e+02 4.903110416884139795e+02 5.195808808208506662e+02 5.593486961000637621e+02 6.088219048414190411e+02 6.619176370749636362e+02 7.032719381994093055e+02 7.443987051432594626e+02 7.828463605357401320e+02 7.958260042755227914e+02 7.586534498312546475e+02 6.945166812468196440e+02 6.353317629989276156e+02 5.795726968051893664e+02 5.354786585957109537e+02 5.071297938602227191e+02 5.340487094829775288e+02 5.477827774870443136e+02 5.587160276550642948e+02
-1.115404137828404293e-02 5.638203575131516487e+01 8.681539504505126104e+01 1.063578441364130356e+02 1.151621289966734167e+02 1.267831875896832798e+02 1.289727860891829039e+02 1.200908801291374886e+02 1.558911250125766514e+02 1.676250104855831751e+02 2.000878787943200905e+02 2.063337369949051379e+02 1.661187844376727014e+02 2.369011770537462951e+02 2.898690352094446894e+02 3.372662778603637435e+02 3.417591817215201218e+02 3.927844265946501991e+02 4.509360062936528948e+02 5.128832932076355746e+02 5.723430729484014137e+02 6.101165952691665098e+02 6.478805634852835738e+02 6.836512776707030525e+02 7.078548737734394081e+02 7.402332196972412248e+02 7.734243374826263562e+02 7.795203365170004872e+02 7.221727073533342036e+02 6.506066775603130736e+02 5.859201340250463090e+02 5.326875575567572696e+02 4.890001421075703547e+02 4.530027060298000947e+02 4.676937697356028139e+02 4.804703477476443823e+02 4.919406965477877520e+02
-1.178002420836382971e-02 9.916310454141230579e+00 2.146949157113590800e+01 3.381492009859559289e+01 4.639616929230064812e+01 5.920750031997064866e+01 7.148001610830290531e+01 8.312066721793361523e+01 9.633988973595783989e+01 1.096544577369008238e+02 1.240833147092574649e+02 1.402304849809287646e+02 2.009823813576376779e+02 2.560279037484719993e+02 3.248043570867692438e+02 3.840848021901675224e+02 4.048894448207338996e+02 4.467297845002414078e+02 5.019545695465129711e+02 5.490349571838448810e+02 5.869474646083496054e+02 6.076019229065797163e+02 6.333571908503751047e+02 6.468271292135037811e+02 6.464490702454776283e+02 6.846394767693325321e+02 7.352561565570262019e+02 7.630457413294718663e+02 7.352378803117445614e+02 6.659262438828905033e+02 5.999870468390552105e+02 5.428056067660519375e+02 4.932680846210480468e+02 4.490390561709567123e+02 4.080898277166116941e+02 4.204278170100845955e+02 4.318180955160223107e+02
-8.429305900722564027e-03 4.248453574053036874e+01 7.289228376152281896e+01 9.504517777522394795e+01 1.149809446389815122e+02 1.324900746119557766e+02 1.404034885648972022e+02 1.527958671388369112e+02 1.661977368002853268e+02 1.792804688160259730e+02 1.928634899344331188e+02 2.076269226627481999e+02 2.493077421891948404e+02 3.016845534200624002e+02 3.652670598845035670e+02 4.200779082950792827e+02 4.610135372213139249e+02 4.948920828134814656e+02 5.276066246117571836e+02 5.491949942843657482e+02 5.483351588340764238e+02 5.447353569448750932e+02 5.753849146566013815e+02 5.776259884031882166e+02 5.766715192410481450e+02 6.276097092629346434e+02 6.836386706102028938e+02 7.364224601340395111e+02 7.439899805859836306e+02 6.988196083035477386e+02 6.265692376459056732e+02 5.612631243385836797e+02 5.046186356301009255e+02 4.541915185156391317e+02 4.084249539708913517e+02 3.681424931640165141e+02 3.791302059975938050e+02
-8.513343604348211704e-03 1.942600646008491916e+00 6.060410372129466339e+01 1.010566507475705578e+02 1.394524135630208548e+02 1.757884817816459702e+02 2.011051736516265294e+02 2.192939180046345200e+02 2.345900646903023983e+02 2.461365099861851320e+02 2.564230615240804241e+02 2.729052751207090068e+02 3.004044396451006946e+02 3.372210091127746523e+02 3.808818748392492921e+02 4.217551863307173790e+02 4.594008503493973876e+02 4.905747119528657549e+02 5.011370837413423942e+02 5.022861884856266101e+02 4.741135257081509167e+02 4.758693967378465004e+02 5.035841181038261425e+02 5.082630005803191011e+02 5.182564906879723594e+02 5.786058858076886509e+02 6.418431827611010476e+02 7.050602284247109992e+02 7.385866406512923277e+02 7.174574014705252694e+02 6.655811403974805671e+02 6.105684540274791061e+02 5.592913055987755797e+02 5.099785435145630572e+02 4.530928866643295123e+02 3.906694932084835159e+02 3.328489766230810005e+02
-5.270896034345906069e-03 3.842532790828641254e+01 5.283781954908801204e+00 6.130679873459658324e+01 9.970029994770072790e+01 1.616682654252826978e+02 2.107178475299428442e+02 2.390546719671321796e+02 2.599083249836305072e+02 2.651529864398287373e+02 2.598055485754579763e+02 2.757354563571811923e+02 2.912421393474178331e+02 3.098937587879194666e+02 3.341604287794208972e+02 3.703446007119202932e+02 4.094819598666209686e+02 4.437222131251424457e+02 4.345501879327045458e+02 4.401031717447360165e+02 4.033112394786114692e+02 4.144957704247360653e+02 4.398532411986089983e+02 4.456707701472928989e+02 4.890294337526980826e+02 5.404840133954821795e+02 6.012841738988205407e+02 6.630529045854170818e+02 7.180541445991160572e+02 7.135576673034977375e+02 6.687346963202909365e+02 6.189551765137981647e+02 5.739680902555655848e+02 5.316071986571547541e+02 4.859721575717240398e+02 4.318021133149667889e+02 3.604410777486422148e+02
-5.147164454313885203e-03 5.526685937312353758e+01 5.394354266446186585e+01 8.416169639391370083e+00 7.948050892637665754e+01 1.421520122843137699e+02 1.655639186669134517e+02 1.951385428355184786e+02 2.205379375659846062e+02 2.223098164049173704e+02 1.928921905168049875e+02 2.176235515126657560e+02 2.265810477671878402e+02 2.369186134005634301e+02 2.714435271431943306e+02 3.143569802777833502e+02 3.572277474434009719e+02 3.827010913540478896e+02 3.603864555012381174e+02 3.753938445544487763e+02 3.413884697036099283e+02 3.625899485304790346e+02 3.874881315925522358e+02 4.169146068773918046e+02 4.543063385518425434e+02 5.007373588963292264e+02 5.598909914793485996e+02 6.316901289560673831e+02 6.985628543934840309e+02 6.897693615558615647e+02 6.292415434121899125e+02 5.726066630743484893e+02 5.251716682676050141e+02 4.906416249370806781e+02 4.791108702058483573e+02 4.477348170053251124e+02 3.949437547628755851e+02
-1.538278403899988236e-03 6.244045712861957043e+01 7.074965680906278465e+01 1.066960403445804673e+01 6.839746515554305972e+01 1.065965887998383153e+02 1.011201190918515351e+02 1.465376101406175451e+02 1.544921586094885413e+02 1.644863413681769941e+02 1.249605580148914044e+02 1.408596957428712244e+02 1.573780918321678541e+02 1.750167715282575216e+02 2.271418941545961445e+02 2.684909779489881885e+02 3.056467825151049738e+02 3.209260763320024807e+02 2.875591511386868433e+02 3.093299156726990304e+02 3.529762779280627569e+02 4.040642997700749106e+02 4.483120774560431983e+02 4.541635084553179240e+02 5.098789543869528416e+02 5.477620679578926683e+02 6.050335099651580322e+02 6.691285322443294490e+02 7.049183119044690784e+02 6.698240747291088155e+02 5.937214989619124026e+02 5.238502760395549558e+02 4.680082494161182467e+02 4.221205396602488236e+02 4.246563758890103486e+02 4.284179268641210570e+02 4.062439700119939516e+02
