output/field_example_lateral_OFF/elevation_000024.asc
nrows	150
cellsize	66.66666667
xllcorner	0
ncols	150
yllcorner	0
NODATA_value	-9999
[rows 85 to 101 of 150, columns 74 to 110 of 150]
8.107055913161907483e+02 8.067970343742380237e+02 7.623424287747703829e+02 8.093471312534917388e+02 8.132993619996537973e+02 8.203007114347223023e+02 8.223913893971254083e+02 8.087093995572670337e+02 7.982783060840048392e+02 7.422807403562984518e+02 6.938273580658512856e+02 7.396181296743715166e+02 7.857359771684391490e+02 8.312840353285102992e+02 8.918541502448414349e+02 9.570708874037236455e+02 1.025313835150525392e+03 1.057821263828392603e+03 1.033629218092882638e+03 9.830144793844209516e+02 9.283297996428206034e+02 8.774840317342468552e+02 8.321225667525569634e+02 7.916408812021451240e+02 7.550240930625642477e+02 7.208259030235601585e+02 6.870082537253708779e+02 6.515239445520907111e+02 6.083968108021966827e+02 5.493747390878227179e+02 6.037487305074112101e+02 6.265410967698496734e+02 5.945132093260100419e+02 6.482235805332858263e+02 6.872552519768843240e+02 7.155422900347332416e+02 7.193307992902372234e+02
7.458549984720610837e+02 7.481134234091865665e+02 7.028495568836328857e+02 7.540403843912012007e+02 7.599603024227916421e+02 7.743262997307306250e+02 7.786512147651759506e+02 7.396235313376340628e+02 7.543162960549261697e+02 7.174970537815598846e+02 6.660861445981115594e+02 7.081319602236756054e+02 7.374481627126293688e+02 7.868561845306044233e+02 8.484376139792534559e+02 9.245589641963415488e+02 1.003952826607453062e+03 1.051927321942658637e+03 1.035395319427622098e+03 9.659974703080935114e+02 8.906228226522594014e+02 8.257188583945326172e+02 7.722278660267747910e+02 7.274141927634292415e+02 6.887454130407728599e+02 6.548940901754308470e+02 6.248167076879392425e+02 5.978340150712020886e+02 5.738432646247583762e+02 5.538401831726373530e+02 5.617749965853842014e+02 5.741847511576152101e+02 6.263205521706822765e+02 6.127896199188833180e+02 6.261491239103883117e+02 6.401719587730450485e+02 6.556701209150214709e+02
6.847137301554655551e+02 6.900906571466184687e+02 6.514257342541652633e+02 7.033519803653302915e+02 7.112823026366414751e+02 7.520157978622680730e+02 7.323195615136954757e+02 6.810878098177208813e+02 7.001571606285663165e+02 6.718021199948603908e+02 6.414615224176909578e+02 6.809105728044797843e+02 7.503049276547567388e+02 8.248739990326611178e+02 8.837095355195831416e+02 9.359538780955116408e+02 9.834836103190182257e+02 1.034091055473848428e+03 1.044690793540130016e+03 1.000220579521275681e+03 9.298253213485145352e+02 8.649901609753334242e+02 8.126374969388000409e+02 7.650900811764788614e+02 7.252175092603923758e+02 6.930126464805039177e+02 6.642023722853288064e+02 6.366666607219118532e+02 6.049198700796770254e+02 6.107169015494918085e+02 5.624619447165447355e+02 6.097265353774829464e+02 6.528847047614132180e+02 6.777762925869532182e+02 6.996077958692522998e+02 7.097085183115937070e+02 7.244787350349637336e+02
6.267985882107361704e+02 6.247550649072991291e+02 6.070799539057767333e+02 6.493626176075160856e+02 7.063517000365812919e+02 7.185295939076686409e+02 6.789485727909868729e+02 6.277215349171422076e+02 6.399133579201917428e+02 6.098152409798988174e+02 6.821461227282945856e+02 7.369609444627842549e+02 7.879048294650278876e+02 8.409499065501056521e+02 8.788847553653185969e+02 8.955943035446243812e+02 9.419949439967675744e+02 1.004591109231562314e+03 1.043344537827993918e+03 1.027031464134654243e+03 9.695513969585731502e+02 9.119421607083284016e+02 8.547260442052316876e+02 8.068950796778269705e+02 7.706012903468449622e+02 7.393325378609773679e+02 7.096284191351733170e+02 6.787215140570338008e+02 6.505180596011309717e+02 6.577592659314022967e+02 6.221496212542211879e+02 5.712482092980427524e+02 6.350868764288759394e+02 6.939514553215097976e+02 7.454767647608473453e+02 7.721156536480153818e+02 7.955379486600454584e+02
5.719773712380277857e+02 5.608313930123808859e+02 6.199910754967795583e+02 6.668997869918388233e+02 6.825124099882024211e+02 6.771946574647123498e+02 6.340093515136434235e+02 5.811181921828391523e+02 5.729767271075169219e+02 6.402533931773890572e+02 6.993554984858984653e+02 7.487760171948352763e+02 7.873388988628375955e+02 8.189444641198641648e+02 8.257924324974306955e+02 8.344056533791728043e+02 8.955541697549836044e+02 9.650091345800935869e+02 1.030978156133772927e+03 1.048691050804962742e+03 1.016164062270464228e+03 9.574709361022758003e+02 9.019200998588050879e+02 8.601399902043548309e+02 8.253702811577077227e+02 7.933472056124479650e+02 7.609735637296746518e+02 7.245488977397750432e+02 7.151820616670933077e+02 6.993345302034226734e+02 6.374071053441859931e+02 5.777751772416257836e+02 6.379250855099257933e+02 6.926467572552016918e+02 7.444178008228093404e+02 7.820462542404346777e+02 8.140154923742396704e+02
5.136132359309182220e+02 5.710875762122365131e+02 6.209523175540999773e+02 6.370792853426207785e+02 6.216386688842080730e+02 6.222259942341917167e+02 5.849361236409297362e+02 5.433512577041850591e+02 5.635042785908259475e+02 6.303870939876292141e+02 6.718976083193972499e+02 7.038357584371784696e+02 7.330571584722662237e+02 7.635210636341263353e+02 7.602037053497731449e+02 8.303394847435508836e+02 8.952250955607214564e+02 9.589865054911073230e+02 1.016451679491196728e+03 1.055346401878826555e+03 1.049974040575694062e+03 1.003923960069755935e+03 9.596122000600989850e+02 9.206886826910912305e+02 8.853545519709680320e+02 8.514667494582269001e+02 8.174627387262365801e+02 7.851335257579803510e+02 7.736581820644120171e+02 7.305858749654750000e+02 6.789081401099856521e+02 6.391103091445874043e+02 5.871543593005999355e+02 6.566547484999766766e+02 7.012908366904038076e+02 7.340845240646719958e+02 7.664391734537169896e+02
5.354454327317549769e+02 5.612214944429936168e+02 5.813768766501834762e+02 5.830227356205012939e+02 5.489277511896083297e+02 5.613470485103216561e+02 5.226039098003525396e+02 5.823921823721902911e+02 6.194353144472017902e+02 5.968306010908933104e+02 6.182541076786542362e+02 6.423289458579084794e+02 6.672530366050701787e+02 6.950981144313918776e+02 7.282036263602657300e+02 7.903693573101230641e+02 8.577153543806654170e+02 9.172001645523572506e+02 9.763200182735613453e+02 1.040906060262763958e+03 1.073216712911505056e+03 1.051607387404823157e+03 1.011134177564326819e+03 9.707123095953375014e+02 9.320515421293265490e+02 8.956183433638846054e+02 8.617791103088883347e+02 8.321763696395595389e+02 8.022144114659433853e+02 7.603371239102565369e+02 7.102077363140740545e+02 6.553222750065594937e+02 5.933875347605883235e+02 6.429913280634506236e+02 6.433182670260441682e+02 6.728822158130579965e+02 7.064600549047441973e+02
4.866138906224026073e+02 4.998091683242482191e+02 5.131861339193392268e+02 5.229528134281345046e+02 4.814597103212072966e+02 4.977299477836191954e+02 5.651217289172557230e+02 6.212943754488911736e+02 6.697268422540738584e+02 6.693818051787529839e+02 6.793547072787334855e+02 7.149182211321834757e+02 7.191947728642916218e+02 7.590685970382652386e+02 7.920673157725371993e+02 7.812655798684465935e+02 8.210173631201587341e+02 8.701236902448099499e+02 9.399019446365281283e+02 1.016401443749370742e+03 1.074819977808492922e+03 1.066377597842372552e+03 1.009204295679013740e+03 9.602445687633745592e+02 9.127906935086535896e+02 8.709009611562890996e+02 8.340021295128516385e+02 8.011233922836303236e+02 7.695734183083162634e+02 7.354945307575574134e+02 6.903190436843298130e+02 6.221905437252353295e+02 6.463414216216960995e+02 6.039437161177947928e+02 6.588588325710204572e+02 7.072792772123026452e+02 7.581802159400951950e+02
4.213738017160527534e+02 4.320439757926083075e+02 4.444560573826874474e+02 4.597009662593137591e+02 5.255598494187811411e+02 5.653413134571089813e+02 6.119051585249828804e+02 6.659966982470177754e+02 7.121365126087639510e+02 7.354712148423228655e+02 7.477553621691383796e+02 7.781859796570411163e+02 7.846288950830338536e+02 8.177890931337310576e+02 8.531649164777207943e+02 8.513895264604153681e+02 8.835189185995971002e+02 9.165314203324693381e+02 9.553648847244403441e+02 1.022106171665992065e+03 1.081682041644168976e+03 1.066431826862001571e+03 9.940393394497332338e+02 9.125938351638885706e+02 8.528804300275456853e+02 8.048615507622349696e+02 7.641610987250754761e+02 7.288973189086615321e+02 6.977372087719993488e+02 6.702536091031430487e+02 6.461663287276260235e+02 6.859761459378553354e+02 6.961459476566714102e+02 6.641985743229445234e+02 6.141016512721765821e+02 6.886573746747332052e+02 7.590587937642183078e+02
4.851256267411032468e+02 4.407200509026413329e+02 4.860914124662256768e+02 5.162883369210952651e+02 5.451579755795282836e+02 5.781871366015948297e+02 6.226187694549103071e+02 6.761757474507470533e+02 7.243662468075858669e+02 7.623732700293693370e+02 7.931697478209636074e+02 8.208255370186159325e+02 8.431016266390254259e+02 8.722114813034347662e+02 9.018376579083728757e+02 9.193986826022796777e+02 9.484756567991975089e+02 9.822742820802345705e+02 1.013500886441445914e+03 1.058086430929435437e+03 1.103482648420674195e+03 1.082728366772791560e+03 1.010418307486120057e+03 9.452777116776466073e+02 8.896231061680283574e+02 8.391739330235853913e+02 7.966708576513975686e+02 7.614448391182085061e+02 7.283504536556690709e+02 6.981112949049427243e+02 6.662466533455502713e+02 7.257508056550123001e+02 7.365073886220770873e+02 6.837212921120902820e+02 6.212281384786492708e+02 6.822456530839042443e+02 7.287978182230033326e+02
5.453646749735826234e+02 5.051600227177401052e+02 4.619698886390114012e+02 5.098879871957936984e+02 5.019702549579033075e+02 5.190672932980010046e+02 5.845358523323139934e+02 6.395719303139111389e+02 6.874589200872405854e+02 7.268154212014089808e+02 7.630871875321953439e+02 7.972424521978454095e+02 8.332187200989869780e+02 8.697179121528909036e+02 9.024737992660974442e+02 9.284980604092245358e+02 9.622667052510460053e+02 1.005893764602559827e+03 1.053788303423835032e+03 1.097287986730979583e+03 1.128532869369260425e+03 1.109558612967135105e+03 1.048976034200986078e+03 9.879765093491195103e+02 9.268067076156598887e+02 8.745538088963245400e+02 8.325100453114254151e+02 7.929431125164207970e+02 7.570368989538008009e+02 7.234168849948453044e+02 6.884890423972757389e+02 7.542791886903298746e+02 7.704649881031225505e+02 7.251604277130634273e+02 6.781444587372776596e+02 6.325474527827916518e+02 6.863494014456824743e+02
6.028958400307932379e+02 5.594475241853569969e+02 5.173152582505013015e+02 4.821650959835752133e+02 5.405655180131097950e+02 5.736427447502705945e+02 5.459024895588049731e+02 6.007385960457886540e+02 6.394084894430703798e+02 6.756859117999833870e+02 6.921157919459720915e+02 7.338172932036897009e+02 7.787942625411822064e+02 8.180679953391833124e+02 8.501140458480517736e+02 8.693426160520773465e+02 9.153952905459283329e+02 9.719007371360747811e+02 1.036105067507755848e+03 1.088368737136864183e+03 1.129451419247553304e+03 1.133705079113428155e+03 1.093429757914931542e+03 1.028406218354981547e+03 9.659294158029215396e+02 9.147514163939729315e+02 8.666151933435237424e+02 8.239361697811486920e+02 7.864921704531240039e+02 7.485810408300783365e+02 7.128178715275712420e+02 7.817306570585362806e+02 8.086345151981024628e+02 7.741365885093687211e+02 7.315410155846326461e+02 6.943778513338794482e+02 6.428020392423409248e+02
6.528347817226283496e+02 6.086821399771451979e+02 5.595466609766407373e+02 5.104320295420208140e+02 5.786923750242996221e+02 6.217400510636691706e+02 6.138841595676580027e+02 5.706328421867398220e+02 5.850601883082033510e+02 6.033782538956274948e+02 6.235821180185731691e+02 6.822798911800578026e+02 7.249091510119197892e+02 7.635107206940995184e+02 7.744776103922924904e+02 8.073414905745323722e+02 8.700026741204613927e+02 9.330207944755392191e+02 9.902019196218014940e+02 1.045318560786170792e+03 1.107185600768592622e+03 1.142991689006350725e+03 1.124952815361767989e+03 1.068658883578488030e+03 1.011400471144950984e+03 9.529808923605266955e+02 9.014676805892232778e+02 8.582527800213230194e+02 8.160157370192773669e+02 7.776452312493830732e+02 7.391830452175739765e+02 8.051359245240604423e+02 8.475022672250004234e+02 8.252728146043781408e+02 7.780141489133484356e+02 7.140733421657843110e+02 6.501075181864860042e+02
6.964713551785910113e+02 6.501097888533157629e+02 5.940130311814240258e+02 5.413190788783406333e+02 5.950101915095871163e+02 6.576284258955312225e+02 6.698266930729379283e+02 6.379300369175520018e+02 6.242398159672090969e+02 6.707898642867025956e+02 6.837558941336413909e+02 6.492814119176612166e+02 6.693832113074737435e+02 6.929598255914211222e+02 7.197455732657099361e+02 7.921661477167142493e+02 8.368936544737844088e+02 8.942402931331399714e+02 9.403805059045308781e+02 1.002833661175163002e+03 1.072148145940152972e+03 1.132188444491509472e+03 1.147721751609517469e+03 1.113919743446996790e+03 1.053068369906618273e+03 9.928609852088703747e+02 9.423124117398194812e+02 8.937912868480282214e+02 8.514855382053733592e+02 8.105063739913961172e+02 7.691153871256772163e+02 8.421595213202026571e+02 8.796730355611847472e+02 8.514803209345652704e+02 7.877484010027811792e+02 7.196624985404758945e+02 7.098212090950497668e+02
7.359109141169589066e+02 6.872920786658529551e+02 6.285808974651724839e+02 5.765225988750175929e+02 6.314550848447314593e+02 6.885563751040738225e+02 7.256280685892263591e+02 7.115573311377274877e+02 6.722113872106789358e+02 7.235063983364425440e+02 7.323683701989237989e+02 6.841182029281817449e+02 7.235566411785692935e+02 7.632829204758048718e+02 7.786105769340182405e+02 7.638254684022416541e+02 8.305104139238455900e+02 8.656696234443073763e+02 9.331665543355414911e+02 9.903856960471018738e+02 1.043459711900252159e+03 1.110693273595656365e+03 1.154501471596287047e+03 1.145477551862292557e+03 1.094221925819978878e+03 1.040761531082485817e+03 9.855024609799812652e+02 9.379162646142334552e+02 8.921857472882112461e+02 8.450629290561490734e+02 8.025297252829798254e+02 8.747791298232825739e+02 9.074844083530063017e+02 8.594965521817354102e+02 7.963373916434372859e+02 7.815716390091168932e+02 7.489940262240620541e+02
7.736461856503182162e+02 7.246097485454015441e+02 6.666787925688486212e+02 6.173540013850310970e+02 6.811291166849966885e+02 7.299527122499372354e+02 7.762931689731005918e+02 7.713891573864494831e+02 7.275840744574312566e+02 7.744960816676732520e+02 7.769838779725949962e+02 7.251908837343368077e+02 7.683031692581113248e+02 8.140388549779522691e+02 8.463302020257298182e+02 8.388506570185380724e+02 8.062972781341142081e+02 8.432023711246559969e+02 8.880777096121383920e+02 9.411090561620401331e+02 1.004094215055556333e+03 1.076144871656054647e+03 1.148048901557206818e+03 1.167923667269426460e+03 1.139596514657392163e+03 1.088163192754577949e+03 1.039275650547889882e+03 9.888605297028702807e+02 9.343321870962142839e+02 8.860017951871780042e+02 8.395936355126636954e+02 9.094844289749066775e+02 9.389339011305919485e+02 8.966024309026371384e+02 8.493507738540998844e+02 8.048617414180790774e+02 7.540432998026924452e+02
8.105387700547762506e+02 7.649387546270936582e+02 7.116050951151136132e+02 6.674611767871157326e+02 7.071887103131335834e+02 7.716064514320114540e+02 8.219646371386712644e+02 8.258691278207111282e+02 7.901923563968842927e+02 8.289117561581874725e+02 8.250149161056980347e+02 7.740945842890824906e+02 8.150264555286063342e+02 8.641387065372242660e+02 9.059979447902929905e+02 9.019499627051187645e+02 8.562311261822370625e+02 8.965797656535731903e+02 9.441683284514606385e+02 9.943009535021386682e+02 1.054393707169809204e+03 1.107078403824946463e+03 1.152001981297270049e+03 1.167631019287148092e+03 1.163465309537727080e+03 1.136960945042942058e+03 1.096590359523519965e+03 1.038991794961023970e+03 9.841059775105545668e+02 9.283250926505814959e+02 8.812109501948011712e+02 9.485249837968284510e+02 9.772320390829183907e+02 9.390211600808111143e+02 8.874857943005263223e+02 8.369062708424595485e+02 8.002416283292378694e+02
