output/field_example_lateral_OFF/elevation_000025.asc
nrows	150
cellsize	66.66666667
xllcorner	0
ncols	150
yllcorner	0
NODATA_value	-9999
[rows 102 to 118 of 150, columns 111 to 147 of 150]
8.119166930428292517e+02 7.792547967248348186e+02 8.217954283285160955e+02 8.061342792968030153e+02 7.593553582938579893e+02 7.112614385069661012e+02 7.745843302967882664e+02 8.387583366738712130e+02 8.552538671353250948e+02 8.250037334806778517e+02 8.219999253747995454e+02 7.730748275116225159e+02 7.804015245816530069e+02 8.371018046507277859e+02 8.463214613404591091e+02 8.114405593462981869e+02 8.204398268667800949e+02 8.729298762070997100e+02 9.036381502859264856e+02 9.469458375041017462e+02 9.844361643829695367e+02 9.679315189085523343e+02 9.213364134772044736e+02 9.396138390322622627e+02 9.991903324592232138e+02 1.046677810786476130e+03 1.118830479061728738e+03 1.190349199974315752e+03 1.245379607022108985e+03 1.288779947748658969e+03 1.325045630471125151e+03 1.352542345425392341e+03 1.373723036367712666e+03 1.394341048443012141e+03 1.421518665288223701e+03 1.454356600806816914e+03 1.490807391350414264e+03
8.657714847115660177e+02 8.343291933428926086e+02 8.700971984378717252e+02 8.518008802740026795e+02 7.955368206603357066e+02 7.188487104812953703e+02 7.728563743978445473e+02 8.007430577245813765e+02 8.032643861009852344e+02 7.546308896633129280e+02 7.619781563088112080e+02 8.199570277251347079e+02 8.344834282524507216e+02 7.923414320129870703e+02 7.996279252095096126e+02 8.538903744983617798e+02 8.844825572710378765e+02 9.212109859728058154e+02 9.621328490216956197e+02 1.000264936635172603e+03 1.037301412090791700e+03 1.026274457628709570e+03 9.789215056380886608e+02 1.001980870343434844e+03 9.691741410645652195e+02 1.039989160208492194e+03 1.101234542501845908e+03 1.147847663393837365e+03 1.189861294104847957e+03 1.228062517523012275e+03 1.266987720288286482e+03 1.293330679379923140e+03 1.330842832674668671e+03 1.362877677573510709e+03 1.395798754935436136e+03 1.432208158144561139e+03 1.472098146092116849e+03
9.267883598016611586e+02 9.048213193938404402e+02 9.194785192464512420e+02 8.841298237880943134e+02 8.176062008116275592e+02 7.578760486026793615e+02 7.291126051838200510e+02 7.359438347807504215e+02 7.432265397312555706e+02 7.986857033761716593e+02 7.923940090062085346e+02 8.480381754084148724e+02 8.772069197756842414e+02 8.649436932796352266e+02 8.289726861047836337e+02 8.855492592879672884e+02 9.284188172277042668e+02 9.664411204990243505e+02 1.007421729064098713e+03 1.049682296748880844e+03 1.084735336560704127e+03 1.082724734124084534e+03 1.043658480425463267e+03 1.064461452030432611e+03 1.034984534582985589e+03 9.996331421194265658e+02 1.056556858810086396e+03 1.097043116317775684e+03 1.127515667489734824e+03 1.167431277364331663e+03 1.220854959953265961e+03 1.222726572257743783e+03 1.258550709080260276e+03 1.291669326466509801e+03 1.327524850710926785e+03 1.368093708290190762e+03 1.414459934658313159e+03
9.954124086918042167e+02 9.714239370977987846e+02 9.599170923980018415e+02 8.980390625672750957e+02 8.310413554373243414e+02 8.095500664828279014e+02 7.952982111842350150e+02 7.974757217390986170e+02 7.791695769656937500e+02 8.385049512061100359e+02 8.468671963609432396e+02 8.446001131868268885e+02 9.021164004211930205e+02 9.206644932883306183e+02 9.059937529246243457e+02 8.727752459778744196e+02 9.071276177624706634e+02 9.464217747635948399e+02 9.935939130763382536e+02 1.049872829696337249e+03 1.109573044666228498e+03 1.136823209679819001e+03 1.114831827981412289e+03 1.128893488050164478e+03 1.096402667445532416e+03 1.059535965874793419e+03 1.026234816026754970e+03 1.044059684233979624e+03 1.065839629734136224e+03 1.129475458175343419e+03 1.173852163287530402e+03 1.158959950455528997e+03 1.188357848303709261e+03 1.222629997489969355e+03 1.261789294368200444e+03 1.307521824847114658e+03 1.363211193324638316e+03
1.020106964797619185e+03 1.016938002335352053e+03 9.942498579933005658e+02 9.408360274222125099e+02 8.931961657717129128e+02 8.743635379386143995e+02 8.667386476458118523e+02 8.602604925549858308e+02 8.214297133010124981e+02 8.809595668802785440e+02 9.035998283233709572e+02 8.955112927046724280e+02 9.030552425006395652e+02 9.575091625156505870e+02 9.675197232816757378e+02 9.380963173996040041e+02 9.231684201590790053e+02 9.802682977654517344e+02 1.032165120656378349e+03 1.084928709229157448e+03 1.143792442477619261e+03 1.189611255310031083e+03 1.184434886036754051e+03 1.190105651933318086e+03 1.157410798039577230e+03 1.121435811373651859e+03 1.080827349091859105e+03 1.095000451609758102e+03 1.104558839076642926e+03 1.095956032597686772e+03 1.119571455371794855e+03 1.163719087817502214e+03 1.215332328864137025e+03 1.264382518594793964e+03 1.307184888945815828e+03 1.351246961431456839e+03 1.400278495094651589e+03
9.784580496350388330e+02 1.001251345391067616e+03 1.011947281202527051e+03 9.923696485399956373e+02 9.625579953439755627e+02 9.461325692909382497e+02 9.385612887229509624e+02 9.002642150629600337e+02 8.753188555060129374e+02 9.187873191709479670e+02 9.617754174034128027e+02 9.512949626826949725e+02 9.538782979110844735e+02 9.713215181872092217e+02 1.019582568961481343e+03 1.008387680669491829e+03 9.666410795599215362e+02 1.017688083287512654e+03 1.077297303043069405e+03 1.131457519058112894e+03 1.182048784817688102e+03 1.229091617868899675e+03 1.240870206409556658e+03 1.239695317954172197e+03 1.218550671159836838e+03 1.180859501720760591e+03 1.146472790220857860e+03 1.153343398371693866e+03 1.155006008232299109e+03 1.149771594451701503e+03 1.151310949341355126e+03 1.197854643286380906e+03 1.249649849583055811e+03 1.302176696975980121e+03 1.356592176095471586e+03 1.404169820768605405e+03 1.448884714973508608e+03
9.044416537356908066e+02 9.509284016566526816e+02 9.862638271810924380e+02 1.009879870652987051e+03 1.015707582966967607e+03 1.011264844135390717e+03 9.993654877027626071e+02 9.634322118495770155e+02 9.384556735424120006e+02 9.855965167819241515e+02 1.011457470113302861e+03 1.011151643658452713e+03 1.010054516414758950e+03 1.020708103109831882e+03 1.068315401684483959e+03 1.065217963504569980e+03 1.018607373955058620e+03 1.069897466207951993e+03 1.123477018401240457e+03 1.180506984271106148e+03 1.219587009955671647e+03 1.245044564474396338e+03 1.245718743366495573e+03 1.247305032612548530e+03 1.249823111846116944e+03 1.237026374182341215e+03 1.217217780728815796e+03 1.218454273772596707e+03 1.213675154626755102e+03 1.208118764402377337e+03 1.198976335860005520e+03 1.242604100670256003e+03 1.291003539873305272e+03 1.347507743328129436e+03 1.401296086899501461e+03 1.455488712476329511e+03 1.494338278356097589e+03
8.359306765441502876e+02 8.840762917327974719e+02 9.311997525375654732e+02 9.794528595500571555e+02 1.009719602511862263e+03 1.032197846928631861e+03 1.039870542104787091e+03 1.029584478468193311e+03 1.010442500345315466e+03 1.041060541330917204e+03 1.076447267849003765e+03 1.077243793475449365e+03 1.072779929126453453e+03 1.078570047272102556e+03 1.121212281288443819e+03 1.120679004706081514e+03 1.079862174045373422e+03 1.124641667983732304e+03 1.174782522845311632e+03 1.207477156031492768e+03 1.214920983544145201e+03 1.203624951935807303e+03 1.187603571292338984e+03 1.190294643481553067e+03 1.220506130039487061e+03 1.246917778877921137e+03 1.266989580586494867e+03 1.277848448557065012e+03 1.275518533710992642e+03 1.271622743238816611e+03 1.257569554582286855e+03 1.300079408230948729e+03 1.345117128338728662e+03 1.392381186584721945e+03 1.444291143855800783e+03 1.477603168039586762e+03 1.491336416655862877e+03
7.785160426702171890e+02 8.264837410016262993e+02 8.819927139344456464e+02 9.209599586638615847e+02 9.563535203879580422e+02 9.992401567024896849e+02 1.030260371580407991e+03 1.054447868793326279e+03 1.069239443505118288e+03 1.095614943731916128e+03 1.124160300520664578e+03 1.138919911439899579e+03 1.138056696746726857e+03 1.143110604096103089e+03 1.174421245500758005e+03 1.175202183480867689e+03 1.147468751847657586e+03 1.182964205457543130e+03 1.205260079323840273e+03 1.199545639563774557e+03 1.170711835177046623e+03 1.129136216941327348e+03 1.114916578715082778e+03 1.115118845776800072e+03 1.157240927614135899e+03 1.208943265061639295e+03 1.251562169104094210e+03 1.290274634486364221e+03 1.320349643327335343e+03 1.330185151596880360e+03 1.324078986131027250e+03 1.356661046514452892e+03 1.400727401683344397e+03 1.434649710937854024e+03 1.459122969769271322e+03 1.451084938895403639e+03 1.428706249574341200e+03
7.319127813822310600e+02 7.847948004059926461e+02 8.451761631048358367e+02 8.553513126560853834e+02 8.969791141629868889e+02 9.371258883038300382e+02 9.768992494503255557e+02 1.021796297412164563e+03 1.055410893955293204e+03 1.089075061715255742e+03 1.124563378619825698e+03 1.159442732698211330e+03 1.186031587241542866e+03 1.198857425760115575e+03 1.210422184082880449e+03 1.209966499097449514e+03 1.204014083426684920e+03 1.214344315857091942e+03 1.200052873664733170e+03 1.162392543971155874e+03 1.108088637234635371e+03 1.059031678135142101e+03 1.048944348448906112e+03 1.048188175688531373e+03 1.097806947494703536e+03 1.148326613117661736e+03 1.200039059461588749e+03 1.257717809029168166e+03 1.303688567242221097e+03 1.343300215791283790e+03 1.374415335198337743e+03 1.400412462800978574e+03 1.423768957896359098e+03 1.432010395568464901e+03 1.428234330178924665e+03 1.397929481354909285e+03 1.348780807663041514e+03
6.934495772439711345e+02 7.531985060261608851e+02 8.067703060285159609e+02 7.984936995567147733e+02 8.368419037841083536e+02 8.758057490063048363e+02 9.200344390235572973e+02 9.588812490215706248e+02 9.945057574707408321e+02 1.031630428628311165e+03 1.074780628367022246e+03 1.128797008536072781e+03 1.170695254237800100e+03 1.190305060792583390e+03 1.180808710903894962e+03 1.167549884820236230e+03 1.179899477636379061e+03 1.192254488839753094e+03 1.166269255589819522e+03 1.108218190163669988e+03 1.053107435562888895e+03 9.993885958057765038e+02 9.925593803667291013e+02 9.942301172865287526e+02 1.042771074969542042e+03 1.094747599340717670e+03 1.150388836902835465e+03 1.201154954284597125e+03 1.252649126452862447e+03 1.311726612191294407e+03 1.356293893310028352e+03 1.378620682277224432e+03 1.384077351292289222e+03 1.376088160236786962e+03 1.374764848721355747e+03 1.333692698609686431e+03 1.285074456809733647e+03
6.583217726587446350e+02 7.201893153263162048e+02 7.727639742435981134e+02 7.500124181105129537e+02 7.854875215685018475e+02 8.249493353283734223e+02 8.612701790480293766e+02 8.956493442945168226e+02 9.304062525586223273e+02 9.699738570620345399e+02 1.021252834781780621e+03 1.074780840307365452e+03 1.129975844205142721e+03 1.144785142188991813e+03 1.111957272935418814e+03 1.080435315750620475e+03 1.111826530828634532e+03 1.144610310267117484e+03 1.125634285246321269e+03 1.061998006960857992e+03 1.000864410101318754e+03 9.503196203478510142e+02 9.431626212480964568e+02 9.504336798767405980e+02 1.003691854423252266e+03 1.054570615599726352e+03 1.099418496518751454e+03 1.146436560923105844e+03 1.203230154736272652e+03 1.260172198451307167e+03 1.312958549543909612e+03 1.316935821149187632e+03 1.313799200214244820e+03 1.308001772087835207e+03 1.314552923860241208e+03 1.277723755241619529e+03 1.233205490529415556e+03
6.361891960481872275e+02 7.070770484118393142e+02 7.438240924772949256e+02 7.084507758899026157e+02 7.434003700449208054e+02 7.770511901324215387e+02 8.091094849010128200e+02 8.409126563530302292e+02 8.757283794421549601e+02 9.194602279619398360e+02 9.681317220331900444e+02 1.028948211836597466e+03 1.087327054418090029e+03 1.096142797690535645e+03 1.051818586470732953e+03 1.005194668671561885e+03 1.052185991209871872e+03 1.097398314569048352e+03 1.089005075480398318e+03 1.023021460908237600e+03 9.554192373756297911e+02 9.096323494878314477e+02 8.973689829873436565e+02 9.483450730550297294e+02 9.766458937099954483e+02 1.013665844504121310e+03 1.053722587211028667e+03 1.102018127472898868e+03 1.155458310677376176e+03 1.219756989481510345e+03 1.267918853264591007e+03 1.251439679846676654e+03 1.244087930282676552e+03 1.243901077852331127e+03 1.254636339289533908e+03 1.214260200126751442e+03 1.190304469433918484e+03
6.138367405482017602e+02 6.849764819245510807e+02 7.142338512800414492e+02 6.718692399463686797e+02 7.043309467780700288e+02 7.349558725695593466e+02 7.644173122307671520e+02 7.952830499468320795e+02 8.325297511287623138e+02 8.735886628068994924e+02 9.262598714850588522e+02 9.895359504674490836e+02 1.048535803206433911e+03 1.051989269164330608e+03 1.001163524528770836e+03 9.469694365511400065e+02 1.002052672102761676e+03 1.055524538953283582e+03 1.059571587635120977e+03 1.010982756616022925e+03 9.421828113368926552e+02 8.766304067089100727e+02 8.667791433123155684e+02 9.062292472086786574e+02 9.402647647044183259e+02 9.753610212684081944e+02 1.015817487241125605e+03 1.060712510227122038e+03 1.120590078443375660e+03 1.194244366458646255e+03 1.222077526183622467e+03 1.188968657508557499e+03 1.180985219674824066e+03 1.187586904530000311e+03 1.200257414802120820e+03 1.156719380751439985e+03 1.153743935944802388e+03
5.925925487307619051e+02 6.620023485579122280e+02 6.860448509845225544e+02 6.398448025493933073e+02 6.700042993432928142e+02 6.980202696983591295e+02 7.257029775486362269e+02 7.581106338334465136e+02 7.932885778037137925e+02 8.361958643340108210e+02 8.890504523369625076e+02 9.551191664352687667e+02 1.015002838190566536e+03 1.012966819562843511e+03 9.574844244723303746e+02 8.987283779503644610e+02 9.584555959912732988e+02 1.016613511237804801e+03 1.025385576827456816e+03 9.729328581181209756e+02 9.188094267043294394e+02 8.468331663973513059e+02 8.405617068526671574e+02 8.752013361788302745e+02 9.070811359649450196e+02 9.434885449787299194e+02 9.768643005657539788e+02 1.031949191720577346e+03 1.109511252711882207e+03 1.175522166755522676e+03 1.180976813876542110e+03 1.134305688390152909e+03 1.123998565548905844e+03 1.138770271550765756e+03 1.155277281745534310e+03 1.103520354421535103e+03 1.165118955108306409e+03
5.727770205669195320e+02 6.390766973703008489e+02 6.578323858635797023e+02 6.116990224190220715e+02 6.392844403792560115e+02 6.639859892618669619e+02 6.924814117416742647e+02 7.237515020312575871e+02 7.610554990774728594e+02 7.981365387214515295e+02 8.554363111802999811e+02 9.264175764298022386e+02 9.880402822398723401e+02 9.781742529759042100e+02 9.185272343105441450e+02 8.565068470125985414e+02 9.193148538450255955e+02 9.808669055976494064e+02 9.955321922651706927e+02 9.382731365164787576e+02 8.717722170614629249e+02 8.183497367605197041e+02 8.179259350235930697e+02 8.457538529957517994e+02 8.785876293705448461e+02 9.185252863738879796e+02 9.797587399841036131e+02 1.048473027013116052e+03 1.124338107816407046e+03 1.167002014481872720e+03 1.143673717544309511e+03 1.085689215798772466e+03 1.070618084384524309e+03 1.114948766369954001e+03 1.119295808623143785e+03 1.070430198041193989e+03 1.133397902429713668e+03
5.543487658057050567e+02 6.137686296403435335e+02 6.205366234992145564e+02 5.870246016249432159e+02 6.081435701522811996e+02 6.327824276239613255e+02 6.615246944066423112e+02 6.948843777663887522e+02 7.358983094879131386e+02 7.978864961280249872e+02 8.679261641674539760e+02 9.410644059832801531e+02 9.757112057434164853e+02 9.455271996759205422e+02 8.822254392097618165e+02 8.183368642904334820e+02 8.828789370528443214e+02 9.465077375839181286e+02 9.742832281243186117e+02 9.353485663481968686e+02 8.683338723411037563e+02 7.919493961638088422e+02 8.545542407175497601e+02 9.035423636552652624e+02 9.428718204947789445e+02 9.820206153322036471e+02 1.029871844990506361e+03 1.086018855367848801e+03 1.136610688244808898e+03 1.146789705253821467e+03 1.099737678884796196e+03 1.041666725879095338e+03 1.028065842183748600e+03 1.073978304272158312e+03 1.070614893665618411e+03 1.040793741246153104e+03 1.097371237784194136e+03
