output/example_1/input/elevation_sine.asc
nrows	75																																																																									
cellsize	13.33333333																																																																									
xllcorner	0																																																																									
ncols	75																																																																									
yllcorner	0																																																																									
NODATA_value	-9999																																																																									
[rows 28 to 55 of 75, columns 0 to 62 of 75]
1.38E-02 1.37E-02 1.33E-02 1.39E-02 1.36E-02 1.38E-02 1.43E-02 1.44E-02 1.44E-02 1.41E-02 1.47E-02 1.53E-02 1.48E-02 1.46E-02 1.55E-02 1.53E-02 1.53E-02 1.52E-02 1.57E-02 1.59E-02 1.57E-02 1.62E-02 1.61E-02 1.64E-02 1.66E-02 1.62E-02 1.67E-02 1.35E-02 7.38E-03 4.80E-03 4.13E-03 4.47E-03 1.14E-02 1.76E-02 1.74E-02 1.75E-02 1.80E-02 1.79E-02 1.88E-02 1.86E-02 1.89E-02 1.90E-02 1.28E-02 6.67E-03 6.40E-03 6.13E-03 9.74E-03 1.67E-02 1.98E-02 1.97E-02 2.04E-02 2.01E-02 2.05E-02 1.99E-02 2.08E-02 2.08E-02 2.10E-02 2.08E-02 2.15E-02 2.12E-02 2.16E-02 2.18E-02 2.19E-02
1.36E-02 1.34E-02 1.31E-02 1.38E-02 1.37E-02 1.43E-02 1.43E-02 1.43E-02 1.43E-02 1.42E-02 1.50E-02 1.50E-02 1.49E-02 1.47E-02 1.54E-02 1.52E-02 1.60E-02 1.58E-02 1.55E-02 1.60E-02 1.56E-02 1.63E-02 1.66E-02 1.67E-02 1.68E-02 1.69E-02 1.66E-02 1.06E-02 4.17E-03 4.80E-03 4.53E-03 7.94E-03 1.47E-02 1.80E-02 1.79E-02 1.84E-02 1.84E-02 1.81E-02 1.88E-02 1.86E-02 1.88E-02 1.91E-02 1.56E-02 9.37E-03 6.70E-03 7.13E-03 7.27E-03 1.37E-02 2.01E-02 1.95E-02 2.04E-02 2.06E-02 2.01E-02 2.04E-02 2.09E-02 2.09E-02 2.12E-02 2.07E-02 2.10E-02 2.15E-02 2.13E-02 2.18E-02 2.12E-02
1.36E-02 1.32E-02 1.37E-02 1.38E-02 1.37E-02 1.43E-02 1.41E-02 1.46E-02 1.41E-02 1.48E-02 1.42E-02 1.44E-02 1.51E-02 1.52E-02 1.50E-02 1.55E-02 1.57E-02 1.59E-02 1.59E-02 1.56E-02 1.59E-02 1.59E-02 1.63E-02 1.66E-02 1.66E-02 1.65E-02 1.39E-02 7.28E-03 3.87E-03 4.10E-03 7.37E-03 1.11E-02 1.74E-02 1.74E-02 1.80E-02 1.81E-02 1.80E-02 1.80E-02 1.88E-02 1.87E-02 1.92E-02 1.83E-02 1.90E-02 1.28E-02 9.28E-03 6.73E-03 6.67E-03 1.03E-02 1.68E-02 1.98E-02 2.01E-02 2.06E-02 2.00E-02 2.07E-02 2.07E-02 2.07E-02 2.11E-02 2.11E-02 2.10E-02 2.09E-02 2.10E-02 2.18E-02 2.17E-02
1.32E-02 1.38E-02 1.36E-02 1.38E-02 1.35E-02 1.36E-02 1.39E-02 1.42E-02 1.42E-02 1.45E-02 1.43E-02 1.47E-02 1.52E-02 1.47E-02 1.54E-02 1.54E-02 1.57E-02 1.60E-02 1.58E-02 1.60E-02 1.63E-02 1.66E-02 1.66E-02 1.64E-02 1.69E-02 1.31E-02 1.07E-02 3.93E-03 4.07E-03 4.40E-03 1.12E-02 1.72E-02 1.73E-02 1.78E-02 1.83E-02 1.83E-02 1.79E-02 1.82E-02 1.85E-02 1.86E-02 1.84E-02 1.85E-02 1.92E-02 1.92E-02 1.32E-02 7.13E-03 7.17E-03 7.00E-03 1.36E-02 1.68E-02 2.01E-02 2.00E-02 2.07E-02 2.03E-02 2.07E-02 2.06E-02 2.04E-02 2.13E-02 2.11E-02 2.08E-02 2.16E-02 2.18E-02 2.19E-02
1.02E-02 1.34E-02 1.39E-02 1.40E-02 1.43E-02 1.40E-02 1.42E-02 1.39E-02 1.43E-02 1.42E-02 1.42E-02 1.48E-02 1.53E-02 1.48E-02 1.56E-02 1.49E-02 1.51E-02 1.59E-02 1.54E-02 1.64E-02 1.63E-02 1.57E-02 1.61E-02 1.62E-02 1.64E-02 1.03E-02 7.57E-03 3.73E-03 4.27E-03 7.74E-03 1.44E-02 1.76E-02 1.71E-02 1.77E-02 1.81E-02 1.81E-02 1.80E-02 1.79E-02 1.85E-02 1.90E-02 1.87E-02 1.87E-02 1.88E-02 1.94E-02 1.58E-02 9.37E-03 6.97E-03 6.70E-03 1.05E-02 1.37E-02 1.98E-02 2.06E-02 1.99E-02 2.01E-02 2.01E-02 2.12E-02 2.11E-02 2.09E-02 2.14E-02 2.15E-02 2.11E-02 2.19E-02 2.15E-02
7.25E-03 1.35E-02 1.41E-02 1.37E-02 1.40E-02 1.39E-02 1.46E-02 1.45E-02 1.41E-02 1.50E-02 1.47E-02 1.50E-02 1.48E-02 1.55E-02 1.57E-02 1.50E-02 1.53E-02 1.55E-02 1.59E-02 1.59E-02 1.56E-02 1.61E-02 1.65E-02 1.65E-02 1.36E-02 7.12E-03 4.30E-03 4.63E-03 4.37E-03 1.09E-02 1.69E-02 1.74E-02 1.75E-02 1.75E-02 1.77E-02 1.85E-02 1.79E-02 1.88E-02 1.85E-02 1.83E-02 1.82E-02 1.87E-02 1.89E-02 1.93E-02 1.94E-02 1.34E-02 6.87E-03 6.70E-03 6.93E-03 1.02E-02 1.70E-02 2.00E-02 2.00E-02 2.03E-02 2.08E-02 2.02E-02 2.13E-02 2.13E-02 2.15E-02 2.14E-02 2.12E-02 2.11E-02 2.14E-02
4.16E-03 9.95E-03 1.33E-02 1.42E-02 1.40E-02 1.44E-02 1.40E-02 1.45E-02 1.46E-02 1.46E-02 1.46E-02 1.47E-02 1.50E-02 1.55E-02 1.50E-02 1.54E-02 1.58E-02 1.59E-02 1.62E-02 1.55E-02 1.55E-02 1.58E-02 1.60E-02 1.67E-02 9.98E-03 4.17E-03 3.60E-03 4.03E-03 7.24E-03 1.40E-02 1.69E-02 1.74E-02 1.73E-02 1.81E-02 1.79E-02 1.83E-02 1.84E-02 1.79E-02 1.83E-02 1.88E-02 1.87E-02 1.87E-02 1.86E-02 1.89E-02 1.91E-02 1.61E-02 9.59E-03 6.60E-03 6.63E-03 6.77E-03 1.36E-02 2.04E-02 2.02E-02 2.08E-02 2.03E-02 2.09E-02 2.03E-02 2.07E-02 2.08E-02 2.08E-02 2.14E-02 2.19E-02 2.14E-02
3.33E-04 6.67E-03 1.41E-02 1.38E-02 1.39E-02 1.43E-02 1.37E-02 1.41E-02 1.42E-02 1.45E-02 1.44E-02 1.44E-02 1.47E-02 1.48E-02 1.54E-02 1.53E-02 1.55E-02 1.54E-02 1.55E-02 1.62E-02 1.60E-02 1.65E-02 1.62E-02 1.32E-02 6.97E-03 3.57E-03 4.20E-03 3.83E-03 1.12E-02 1.77E-02 1.72E-02 1.75E-02 1.78E-02 1.82E-02 1.75E-02 1.80E-02 1.85E-02 1.79E-02 1.83E-02 1.82E-02 1.88E-02 1.87E-02 1.91E-02 1.90E-02 1.87E-02 1.91E-02 1.29E-02 6.90E-03 6.93E-03 7.57E-03 1.07E-02 1.73E-02 2.04E-02 2.00E-02 2.04E-02 2.09E-02 2.09E-02 2.11E-02 2.12E-02 2.14E-02 2.16E-02 2.12E-02 2.19E-02
1.13E-03 3.94E-03 1.07E-02 1.37E-02 1.36E-02 1.36E-02 1.43E-02 1.45E-02 1.44E-02 1.41E-02 1.47E-02 1.51E-02 1.51E-02 1.50E-02 1.53E-02 1.48E-02 1.56E-02 1.54E-02 1.61E-02 1.57E-02 1.61E-02 1.59E-02 1.63E-02 1.00E-02 3.93E-03 3.97E-03 4.50E-03 7.85E-03 1.39E-02 1.77E-02 1.73E-02 1.74E-02 1.76E-02 1.79E-02 1.83E-02 1.79E-02 1.83E-02 1.84E-02 1.81E-02 1.89E-02 1.84E-02 1.88E-02 1.93E-02 1.91E-02 1.90E-02 1.98E-02 1.66E-02 1.01E-02 6.63E-03 7.37E-03 6.90E-03 1.36E-02 2.00E-02 2.00E-02 2.07E-02 2.11E-02 2.09E-02 2.08E-02 2.11E-02 2.08E-02 2.09E-02 2.20E-02 2.21E-02
3.33E-04 7.67E-04 7.27E-03 1.34E-02 1.38E-02 1.39E-02 1.36E-02 1.45E-02 1.47E-02 1.44E-02 1.43E-02 1.46E-02 1.48E-02 1.53E-02 1.54E-02 1.52E-02 1.51E-02 1.56E-02 1.61E-02 1.62E-02 1.56E-02 1.61E-02 1.29E-02 6.45E-03 3.53E-03 3.77E-03 6.96E-03 1.10E-02 1.70E-02 1.72E-02 1.70E-02 1.71E-02 1.74E-02 1.74E-02 1.81E-02 1.75E-02 1.81E-02 1.86E-02 1.84E-02 1.89E-02 1.87E-02 1.90E-02 1.87E-02 1.91E-02 1.93E-02 1.96E-02 1.95E-02 1.36E-02 1.03E-02 7.57E-03 7.30E-03 1.11E-02 1.67E-02 2.06E-02 2.09E-02 2.08E-02 2.10E-02 2.13E-02 2.11E-02 2.14E-02 2.17E-02 2.17E-02 2.12E-02
4.33E-04 3.67E-04 3.98E-03 1.10E-02 1.41E-02 1.41E-02 1.43E-02 1.43E-02 1.43E-02 1.48E-02 1.48E-02 1.49E-02 1.47E-02 1.48E-02 1.52E-02 1.57E-02 1.56E-02 1.55E-02 1.56E-02 1.63E-02 1.58E-02 1.62E-02 9.79E-03 3.90E-03 4.03E-03 4.37E-03 1.02E-02 1.35E-02 1.67E-02 1.69E-02 1.77E-02 1.75E-02 1.76E-02 1.79E-02 1.75E-02 1.77E-02 1.85E-02 1.87E-02 1.88E-02 1.82E-02 1.92E-02 1.90E-02 1.92E-02 1.93E-02 1.97E-02 1.92E-02 1.94E-02 1.60E-02 1.30E-02 6.87E-03 7.20E-03 7.83E-03 1.41E-02 2.08E-02 2.02E-02 2.02E-02 2.07E-02 2.13E-02 2.10E-02 2.12E-02 2.15E-02 2.18E-02 2.20E-02
5.33E-04 3.67E-04 1.30E-03 7.11E-03 1.12E-02 1.37E-02 1.39E-02 1.46E-02 1.48E-02 1.50E-02 1.47E-02 1.48E-02 1.47E-02 1.54E-02 1.48E-02 1.50E-02 1.50E-02 1.58E-02 1.59E-02 1.57E-02 1.55E-02 1.29E-02 6.41E-03 3.30E-03 4.33E-03 7.44E-03 1.37E-02 1.70E-02 1.72E-02 1.76E-02 1.76E-02 1.74E-02 1.81E-02 1.80E-02 1.76E-02 1.78E-02 1.79E-02 1.79E-02 1.86E-02 1.87E-02 1.82E-02 1.90E-02 1.88E-02 1.95E-02 1.91E-02 1.91E-02 1.96E-02 1.95E-02 1.66E-02 9.87E-03 7.80E-03 7.73E-03 1.04E-02 1.69E-02 2.08E-02 2.06E-02 2.06E-02 2.09E-02 2.14E-02 2.13E-02 2.13E-02 2.19E-02 2.17E-02
3.71E-03 9.67E-04 5.00E-04 4.48E-03 7.46E-03 1.38E-02 1.40E-02 1.40E-02 1.40E-02 1.48E-02 1.51E-02 1.45E-02 1.45E-02 1.49E-02 1.52E-02 1.53E-02 1.52E-02 1.59E-02 1.57E-02 1.57E-02 1.57E-02 1.02E-02 3.87E-03 4.00E-03 3.43E-03 9.93E-03 1.64E-02 1.70E-02 1.72E-02 1.73E-02 1.70E-02 1.73E-02 1.81E-02 1.80E-02 1.82E-02 1.84E-02 1.79E-02 1.87E-02 1.88E-02 1.82E-02 1.87E-02 1.88E-02 1.94E-02 1.87E-02 1.97E-02 1.90E-02 1.94E-02 1.99E-02 1.95E-02 1.31E-02 6.90E-03 7.13E-03 7.17E-03 1.41E-02 2.09E-02 2.11E-02 2.04E-02 2.05E-02 2.06E-02 2.11E-02 2.12E-02 2.13E-02 2.15E-02
6.66E-03 9.67E-04 1.30E-03 1.43E-03 4.70E-03 1.08E-02 1.38E-02 1.40E-02 1.42E-02 1.50E-02 1.46E-02 1.44E-02 1.49E-02 1.49E-02 1.51E-02 1.49E-02 1.57E-02 1.58E-02 1.54E-02 1.63E-02 1.29E-02 6.73E-03 3.67E-03 3.60E-03 7.26E-03 1.35E-02 1.71E-02 1.71E-02 1.69E-02 1.72E-02 1.74E-02 1.79E-02 1.79E-02 1.80E-02 1.77E-02 1.76E-02 1.85E-02 1.81E-02 1.88E-02 1.90E-02 1.82E-02 1.92E-02 1.87E-02 1.94E-02 1.90E-02 1.98E-02 1.90E-02 1.97E-02 1.95E-02 1.69E-02 1.04E-02 7.53E-03 7.17E-03 1.12E-02 1.76E-02 2.06E-02 2.11E-02 2.06E-02 2.08E-02 2.11E-02 2.14E-02 2.11E-02 2.16E-02
1.03E-02 3.49E-03 8.00E-04 1.33E-03 1.27E-03 7.34E-03 1.44E-02 1.45E-02 1.42E-02 1.43E-02 1.51E-02 1.50E-02 1.45E-02 1.46E-02 1.52E-02 1.50E-02 1.52E-02 1.52E-02 1.54E-02 1.23E-02 9.94E-03 3.63E-03 3.57E-03 3.40E-03 9.92E-03 1.65E-02 1.69E-02 1.73E-02 1.67E-02 1.68E-02 1.76E-02 1.74E-02 1.77E-02 1.79E-02 1.83E-02 1.85E-02 1.86E-02 1.85E-02 1.86E-02 1.85E-02 1.86E-02 1.88E-02 1.90E-02 1.95E-02 1.91E-02 1.94E-02 1.93E-02 1.93E-02 1.94E-02 1.96E-02 1.35E-02 7.43E-03 7.97E-03 8.00E-03 1.47E-02 1.77E-02 2.12E-02 2.05E-02 2.12E-02 2.11E-02 2.09E-02 2.19E-02 2.19E-02
1.35E-02 7.29E-03 8.00E-04 1.53E-03 6.67E-04 4.33E-03 1.11E-02 1.40E-02 1.44E-02 1.47E-02 1.50E-02 1.44E-02 1.46E-02 1.52E-02 1.55E-02 1.51E-02 1.54E-02 1.58E-02 1.53E-02 9.72E-03 6.61E-03 3.43E-03 3.77E-03 6.91E-03 1.37E-02 1.67E-02 1.70E-02 1.71E-02 1.74E-02 1.74E-02 1.74E-02 1.76E-02 1.75E-02 1.76E-02 1.75E-02 1.84E-02 1.82E-02 1.80E-02 1.83E-02 1.85E-02 1.91E-02 1.88E-02 1.92E-02 1.88E-02 1.87E-02 1.94E-02 1.95E-02 2.00E-02 2.01E-02 2.00E-02 1.70E-02 1.02E-02 7.97E-03 8.00E-03 1.07E-02 1.40E-02 2.04E-02 2.08E-02 2.12E-02 2.15E-02 2.14E-02 2.19E-02 2.14E-02
1.34E-02 1.04E-02 4.17E-03 1.13E-03 7.67E-04 1.20E-03 7.55E-03 1.45E-02 1.43E-02 1.47E-02 1.43E-02 1.52E-02 1.49E-02 1.51E-02 1.52E-02 1.58E-02 1.52E-02 1.51E-02 1.26E-02 6.28E-03 3.70E-03 3.93E-03 3.47E-03 1.04E-02 1.62E-02 1.65E-02 1.63E-02 1.70E-02 1.67E-02 1.73E-02 1.73E-02 1.79E-02 1.80E-02 1.81E-02 1.76E-02 1.85E-02 1.84E-02 1.87E-02 1.83E-02 1.88E-02 1.88E-02 1.92E-02 1.91E-02 1.94E-02 1.90E-02 1.91E-02 1.93E-02 1.94E-02 1.99E-02 1.97E-02 1.96E-02 1.39E-02 7.47E-03 8.10E-03 8.03E-03 1.08E-02 1.78E-02 2.12E-02 2.15E-02 2.15E-02 2.17E-02 2.13E-02 2.11E-02
1.37E-02 1.33E-02 1.03E-02 4.61E-03 1.47E-03 1.40E-03 4.86E-03 7.51E-03 1.43E-02 1.48E-02 1.42E-02 1.50E-02 1.51E-02 1.52E-02 1.52E-02 1.55E-02 1.53E-02 1.55E-02 9.70E-03 2.97E-03 3.00E-03 3.63E-03 6.97E-03 1.37E-02 1.61E-02 1.65E-02 1.70E-02 1.73E-02 1.71E-02 1.73E-02 1.75E-02 1.70E-02 1.73E-02 1.78E-02 1.75E-02 1.79E-02 1.86E-02 1.81E-02 1.80E-02 1.86E-02 1.90E-02 1.84E-02 1.90E-02 1.89E-02 1.92E-02 1.96E-02 1.93E-02 1.92E-02 1.94E-02 1.97E-02 1.98E-02 1.68E-02 1.11E-02 7.90E-03 8.33E-03 7.77E-03 1.42E-02 2.08E-02 2.08E-02 2.09E-02 2.15E-02 2.12E-02 2.12E-02
1.29E-02 1.34E-02 1.36E-02 6.97E-03 8.67E-04 1.60E-03 1.43E-03 5.21E-03 1.08E-02 1.47E-02 1.48E-02 1.52E-02 1.46E-02 1.52E-02 1.48E-02 1.49E-02 1.58E-02 9.70E-03 6.03E-03 3.37E-03 3.40E-03 6.24E-03 9.59E-03 1.64E-02 1.67E-02 1.71E-02 1.72E-02 1.70E-02 1.66E-02 1.75E-02 1.75E-02 1.74E-02 1.79E-02 1.80E-02 1.81E-02 1.77E-02 1.83E-02 1.84E-02 1.84E-02 1.88E-02 1.85E-02 1.84E-02 1.92E-02 1.95E-02 1.92E-02 1.95E-02 1.96E-02 1.95E-02 1.94E-02 1.94E-02 1.95E-02 2.01E-02 1.43E-02 1.07E-02 7.63E-03 7.57E-03 1.09E-02 1.48E-02 2.16E-02 2.09E-02 2.11E-02 2.18E-02 2.12E-02
1.35E-02 1.33E-02 1.34E-02 1.03E-02 4.59E-03 8.00E-04 9.33E-04 1.27E-03 7.58E-03 1.10E-02 1.49E-02 1.44E-02 1.53E-02 1.51E-02 1.56E-02 1.54E-02 1.21E-02 6.18E-03 2.63E-03 2.77E-03 3.30E-03 1.00E-02 1.64E-02 1.67E-02 1.69E-02 1.64E-02 1.72E-02 1.71E-02 1.67E-02 1.76E-02 1.77E-02 1.78E-02 1.78E-02 1.77E-02 1.82E-02 1.80E-02 1.82E-02 1.79E-02 1.82E-02 1.84E-02 1.88E-02 1.90E-02 1.94E-02 1.94E-02 1.96E-02 1.95E-02 1.95E-02 1.98E-02 2.02E-02 1.97E-02 1.99E-02 2.04E-02 1.98E-02 1.45E-02 7.63E-03 8.17E-03 8.40E-03 1.16E-02 1.78E-02 2.11E-02 2.15E-02 2.14E-02 2.19E-02
1.32E-02 1.37E-02 1.37E-02 1.35E-02 7.44E-03 4.64E-03 1.93E-03 1.77E-03 2.10E-03 7.98E-03 1.18E-02 1.44E-02 1.54E-02 1.55E-02 1.56E-02 1.20E-02 5.89E-03 2.60E-03 3.13E-03 3.27E-03 6.15E-03 1.30E-02 1.67E-02 1.59E-02 1.65E-02 1.65E-02 1.69E-02 1.70E-02 1.67E-02 1.72E-02 1.76E-02 1.77E-02 1.77E-02 1.74E-02 1.79E-02 1.79E-02 1.82E-02 1.82E-02 1.88E-02 1.83E-02 1.88E-02 1.87E-02 1.91E-02 1.88E-02 1.95E-02 1.91E-02 1.95E-02 1.94E-02 1.99E-02 2.01E-02 1.96E-02 2.05E-02 2.03E-02 1.76E-02 1.15E-02 8.37E-03 8.20E-03 7.83E-03 1.14E-02 1.80E-02 2.18E-02 2.11E-02 2.14E-02
1.36E-02 1.37E-02 1.32E-02 1.36E-02 1.41E-02 7.34E-03 9.33E-04 1.97E-03 2.10E-03 1.43E-03 8.57E-03 1.15E-02 1.50E-02 1.54E-02 1.22E-02 5.94E-03 2.57E-03 2.60E-03 3.03E-03 6.17E-03 1.25E-02 1.63E-02 1.65E-02 1.63E-02 1.67E-02 1.68E-02 1.64E-02 1.70E-02 1.74E-02 1.70E-02 1.75E-02 1.71E-02 1.73E-02 1.79E-02 1.81E-02 1.81E-02 1.85E-02 1.84E-02 1.88E-02 1.89E-02 1.84E-02 1.91E-02 1.85E-02 1.96E-02 1.96E-02 1.90E-02 1.96E-02 1.98E-02 1.93E-02 1.99E-02 2.03E-02 2.04E-02 2.08E-02 2.05E-02 1.71E-02 1.10E-02 8.40E-03 8.13E-03 8.37E-03 1.20E-02 1.81E-02 2.13E-02 2.19E-02
1.30E-02 1.37E-02 1.33E-02 1.40E-02 1.37E-02 1.06E-02 7.77E-03 1.47E-03 1.20E-03 1.43E-03 2.37E-03 5.65E-03 8.10E-03 9.07E-03 5.42E-03 3.03E-03 3.17E-03 3.00E-03 6.66E-03 9.99E-03 1.60E-02 1.59E-02 1.67E-02 1.69E-02 1.64E-02 1.68E-02 1.68E-02 1.65E-02 1.72E-02 1.71E-02 1.71E-02 1.73E-02 1.74E-02 1.73E-02 1.76E-02 1.83E-02 1.79E-02 1.79E-02 1.84E-02 1.80E-02 1.89E-02 1.84E-02 1.92E-02 1.87E-02 1.95E-02 1.93E-02 1.95E-02 1.96E-02 2.02E-02 1.97E-02 2.02E-02 2.00E-02 2.02E-02 2.03E-02 2.03E-02 1.39E-02 1.10E-02 8.23E-03 7.97E-03 8.80E-03 1.17E-02 1.49E-02 1.56E-02
1.37E-02 1.32E-02 1.38E-02 1.41E-02 1.38E-02 1.45E-02 1.12E-02 8.32E-03 2.10E-03 1.83E-03 1.57E-03 2.00E-03 2.23E-03 2.57E-03 2.00E-03 2.83E-03 2.57E-03 6.32E-03 9.75E-03 1.59E-02 1.61E-02 1.60E-02 1.58E-02 1.64E-02 1.60E-02 1.64E-02 1.67E-02 1.67E-02 1.73E-02 1.75E-02 1.69E-02 1.76E-02 1.79E-02 1.76E-02 1.80E-02 1.85E-02 1.81E-02 1.81E-02 1.81E-02 1.90E-02 1.85E-02 1.85E-02 1.88E-02 1.87E-02 1.87E-02 1.96E-02 1.97E-02 1.94E-02 2.02E-02 1.94E-02 1.96E-02 2.02E-02 2.03E-02 2.05E-02 2.05E-02 2.06E-02 1.45E-02 1.11E-02 8.37E-03 8.30E-03 8.43E-03 9.17E-03 9.00E-03
1.29E-02 1.31E-02 1.39E-02 1.36E-02 1.35E-02 1.42E-02 1.44E-02 1.07E-02 8.44E-03 4.64E-03 1.97E-03 2.40E-03 2.13E-03 2.27E-03 2.90E-03 2.33E-03 6.09E-03 8.84E-03 1.60E-02 1.56E-02 1.61E-02 1.61E-02 1.59E-02 1.61E-02 1.66E-02 1.63E-02 1.72E-02 1.72E-02 1.68E-02 1.68E-02 1.70E-02 1.70E-02 1.79E-02 1.79E-02 1.80E-02 1.76E-02 1.86E-02 1.83E-02 1.85E-02 1.86E-02 1.89E-02 1.84E-02 1.89E-02 1.89E-02 1.87E-02 1.91E-02 1.97E-02 1.99E-02 1.93E-02 2.03E-02 1.97E-02 2.02E-02 2.05E-02 2.07E-02 2.05E-02 2.09E-02 2.11E-02 1.50E-02 1.18E-02 8.40E-03 8.63E-03 8.77E-03 9.00E-03
1.33E-02 1.32E-02 1.40E-02 1.35E-02 1.42E-02 1.42E-02 1.41E-02 1.40E-02 1.41E-02 7.83E-03 8.46E-03 4.88E-03 5.18E-03 5.66E-03 5.25E-03 8.84E-03 1.20E-02 1.52E-02 1.52E-02 1.60E-02 1.64E-02 1.57E-02 1.58E-02 1.64E-02 1.68E-02 1.69E-02 1.72E-02 1.69E-02 1.75E-02 1.76E-02 1.76E-02 1.74E-02 1.77E-02 1.80E-02 1.80E-02 1.75E-02 1.85E-02 1.78E-02 1.89E-02 1.85E-02 1.88E-02 1.91E-02 1.86E-02 1.91E-02 1.89E-02 1.93E-02 1.99E-02 2.01E-02 1.96E-02 1.97E-02 1.96E-02 2.02E-02 1.98E-02 2.06E-02 2.10E-02 2.10E-02 2.06E-02 2.06E-02 1.80E-02 1.50E-02 1.20E-02 1.18E-02 1.17E-02
1.37E-02 1.32E-02 1.36E-02 1.40E-02 1.34E-02 1.40E-02 1.43E-02 1.42E-02 1.42E-02 1.46E-02 1.47E-02 1.13E-02 1.13E-02 1.20E-02 1.21E-02 1.53E-02 1.53E-02 1.61E-02 1.62E-02 1.60E-02 1.58E-02 1.60E-02 1.65E-02 1.63E-02 1.64E-02 1.70E-02 1.65E-02 1.72E-02 1.67E-02 1.67E-02 1.74E-02 1.75E-02 1.73E-02 1.72E-02 1.81E-02 1.79E-02 1.79E-02 1.81E-02 1.85E-02 1.88E-02 1.91E-02 1.91E-02 1.87E-02 1.87E-02 1.92E-02 1.92E-02 1.97E-02 1.97E-02 2.02E-02 1.97E-02 2.04E-02 1.98E-02 2.04E-02 2.04E-02 2.10E-02 2.07E-02 2.10E-02 2.12E-02 2.10E-02 2.13E-02 1.83E-02 1.87E-02 1.88E-02
1.32E-02 1.34E-02 1.32E-02 1.35E-02 1.35E-02 1.40E-02 1.39E-02 1.41E-02 1.46E-02 1.44E-02 1.46E-02 1.49E-02 1.45E-02 1.56E-02 1.56E-02 1.57E-02 1.51E-02 1.61E-02 1.58E-02 1.63E-02 1.58E-02 1.63E-02 1.62E-02 1.63E-02 1.65E-02 1.69E-02 1.73E-02 1.70E-02 1.73E-02 1.74E-02 1.75E-02 1.77E-02 1.74E-02 1.79E-02 1.78E-02 1.85E-02 1.79E-02 1.87E-02 1.85E-02 1.88E-02 1.90E-02 1.87E-02 1.93E-02 1.91E-02 1.92E-02 1.95E-02 1.97E-02 2.00E-02 1.94E-02 2.03E-02 1.96E-02 2.03E-02 2.00E-02 1.99E-02 2.00E-02 2.08E-02 2.07E-02 2.13E-02 2.15E-02 2.12E-02 2.11E-02 2.10E-02 2.14E-02
