output/xlm_calibrated/discharge_000006.asc
nrows	150
cellsize	0.00333333333333
xllcorner	0
ncols	150
yllcorner	0
NODATA_value	-9999
[rows 0 to 16 of 150, columns 37 to 73 of 150]
1.173093208639628803e-10 1.173093208639628803e-10 1.173093208639628803e-10 1.173093208639628803e-10 1.173093208639628803e-10 1.173093208639628803e-10 1.173093208639628803e-10 1.173093208639628803e-10 1.173093208639628803e-10 1.173093208639628803e-10 1.173093208639628803e-10 1.173093208639628803e-10 1.173093208639628803e-10 1.173093208639628803e-10 1.173093208639628803e-10 1.173093208639628803e-10 1.173093208639628803e-10 1.173093208639628803e-10 1.173093208639628803e-10 1.173093208639628803e-10 1.173093208639628803e-10 1.173093208639628803e-10 1.173093208639628803e-10 1.173093208639628803e-10 1.173093208639628803e-10 1.173093208639628803e-10 1.173093208639628803e-10 1.173093208639628803e-10 1.173093208639628803e-10 1.173093208639628803e-10 1.173093208639628803e-10 1.173093208639628803e-10 1.173093208639628803e-10 1.173093208639628803e-10 1.173093208639628803e-10 1.173093208639628803e-10 1.173093208639628803e-10
2.346186417279257606e-10 1.173093208639628803e-10 2.346186417279257606e-10 3.519279625918886151e-10 2.346186417279257606e-10 2.346186417279257606e-10 1.173093208639628803e-10 3.519279625918886151e-10 2.346186417279257606e-10 2.346186417279257606e-10 2.346186417279257606e-10 1.173093208639628803e-10 1.173093208639628803e-10 4.692372834558515213e-10 2.346186417279257606e-10 2.346186417279257606e-10 2.346186417279257606e-10 1.173093208639628803e-10 2.346186417279257606e-10 3.519279625918886151e-10 2.346186417279257606e-10 2.346186417279257606e-10 2.346186417279257606e-10 5.865466043198144275e-10 3.519279625918886151e-10 1.173093208639628803e-10 1.173093208639628803e-10 2.346186417279257606e-10 3.519279625918886151e-10 3.519279625918886151e-10 2.346186417279257606e-10 2.346186417279257606e-10 1.173093208639628803e-10 1.173093208639628803e-10 2.346186417279257606e-10 2.346186417279257606e-10 4.692372834558515213e-10
2.346186417279257606e-10 1.173093208639628803e-10 3.519279625918886151e-10 7.038559251837773336e-10 3.519279625918886151e-10 1.173093208639628803e-10 2.346186417279257606e-10 7.038559251837773336e-10 3.519279625918886151e-10 3.519279625918886151e-10 2.346186417279257606e-10 1.173093208639628803e-10 1.173093208639628803e-10 9.384745669117030426e-10 3.519279625918886151e-10 3.519279625918886151e-10 2.346186417279257606e-10 1.173093208639628803e-10 3.519279625918886151e-10 2.815423700735109748e-09 2.111567775551331691e-09 1.759639812959442662e-09 1.173093208639628648e-09 3.519279625918886151e-10 1.173093208639628803e-10 1.173093208639628803e-10 1.173093208639628803e-10 2.346186417279257606e-10 7.038559251837773336e-10 7.038559251837773336e-10 3.519279625918886151e-10 2.346186417279257606e-10 1.173093208639628803e-10 1.173093208639628803e-10 2.346186417279257606e-10 3.519279625918886151e-10 9.384745669117030426e-10
1.173093208639628803e-10 2.346186417279257606e-10 1.173093208639628648e-09 4.692372834558515213e-10 2.346186417279257606e-10 1.173093208639628803e-10 1.055783887775665845e-09 4.692372834558515213e-10 4.692372834558515213e-10 3.519279625918886151e-10 1.173093208639628803e-10 3.519279625918886151e-10 1.173093208639628803e-10 7.625105856157592313e-09 6.217394005790037026e-09 5.513538080606258968e-09 4.926991476286443920e-09 4.457754192830591882e-09 3.753898267646813825e-09 7.038559251837773336e-10 4.692372834558515213e-10 2.346186417279257606e-10 2.346186417279257606e-10 1.173093208639628803e-10 1.173093208639628803e-10 1.173093208639628803e-10 2.346186417279257606e-10 2.346186417279257606e-10 1.055783887775665845e-09 1.525021171231517056e-09 3.519279625918886151e-10 2.346186417279257606e-10 1.173093208639628803e-10 1.173093208639628803e-10 2.346186417279257606e-10 3.519279625918886151e-10 1.525021171231517056e-09
1.830025405477817986e-08 1.771370745045837309e-08 1.607137695836291411e-08 1.513290239145122327e-08 1.489828374972329891e-08 1.419442782453952085e-08 1.278671597417196473e-08 1.184824140726026066e-08 1.114438548207648260e-08 1.044052955689270454e-08 9.736673631708926486e-09 8.915508385661185419e-09 8.446271102205333380e-09 4.692372834558515213e-10 2.346186417279257606e-10 2.346186417279257606e-10 2.346186417279257606e-10 2.346186417279257606e-10 2.346186417279257606e-10 1.173093208639628803e-10 1.173093208639628803e-10 1.173093208639628803e-10 1.173093208639628803e-10 1.173093208639628803e-10 1.173093208639628803e-10 1.173093208639628803e-10 2.346186417279257606e-10 3.519279625918886151e-10 2.932733021599072758e-09 1.173093208639628803e-10 3.519279625918886151e-10 2.346186417279257606e-10 1.173093208639628803e-10 1.173093208639628803e-10 2.346186417279257606e-10 3.519279625918886151e-10 2.111567775551331691e-09
3.519279625918886151e-10 1.173093208639628803e-10 3.519279625918886151e-10 1.173093208639628803e-10 3.519279625918886151e-10 1.173093208639628803e-10 3.519279625918886151e-10 1.173093208639628803e-10 2.346186417279257606e-10 2.346186417279257606e-10 3.519279625918886151e-10 2.346186417279257606e-10 2.346186417279257606e-10 2.346186417279257606e-10 1.173093208639628803e-10 1.173093208639628803e-10 1.173093208639628803e-10 1.173093208639628803e-10 1.173093208639628803e-10 1.173093208639628803e-10 1.173093208639628803e-10 1.173093208639628803e-10 1.173093208639628803e-10 1.173093208639628803e-10 1.173093208639628803e-10 2.346186417279257606e-10 2.346186417279257606e-10 3.519279625918886151e-10 3.519279625918887806e-09 4.692372834558515213e-10 3.519279625918886151e-10 2.346186417279257606e-10 1.173093208639628803e-10 1.173093208639628803e-10 2.346186417279257606e-10 3.519279625918886151e-10 2.698114379871146739e-09
1.173093208639628803e-10 1.173093208639628803e-10 1.173093208639628803e-10 1.173093208639628803e-10 1.173093208639628803e-10 1.173093208639628803e-10 1.173093208639628803e-10 1.173093208639628803e-10 1.173093208639628803e-10 1.173093208639628803e-10 1.173093208639628803e-10 1.173093208639628803e-10 1.173093208639628803e-10 1.173093208639628803e-10 1.173093208639628803e-10 1.173093208639628803e-10 1.173093208639628803e-10 1.173093208639628803e-10 1.173093208639628803e-10 1.173093208639628803e-10 3.519279625918886151e-10 2.346186417279257606e-10 2.346186417279257606e-10 1.173093208639628803e-10 1.173093208639628803e-10 2.346186417279257606e-10 3.519279625918886151e-10 3.519279625918886151e-10 4.457754192830591882e-09 4.692372834558515213e-10 7.038559251837773336e-10 3.519279625918886151e-10 1.173093208639628803e-10 1.173093208639628803e-10 2.346186417279257606e-10 3.519279625918886151e-10 3.284660984190961786e-09
1.173093208639628803e-10 1.173093208639628803e-10 1.173093208639628803e-10 1.173093208639628803e-10 1.173093208639628803e-10 1.173093208639628803e-10 1.173093208639628803e-10 1.173093208639628803e-10 1.173093208639628803e-10 1.173093208639628803e-10 1.173093208639628803e-10 1.173093208639628803e-10 1.173093208639628803e-10 1.173093208639628803e-10 1.173093208639628803e-10 3.519279625918886151e-10 2.346186417279257606e-10 1.173093208639628803e-10 2.346186417279257606e-10 2.346186417279257606e-10 7.038559251837773336e-10 3.519279625918886151e-10 2.346186417279257606e-10 1.173093208639628803e-10 1.173093208639628803e-10 3.519279625918886151e-10 7.038559251837773336e-10 1.173093208639628648e-09 5.396228759742295959e-09 1.173093208639628648e-09 3.519279625918886151e-10 2.346186417279257606e-10 1.173093208639628803e-10 1.173093208639628803e-10 2.346186417279257606e-10 3.519279625918886151e-10 3.871207588510776834e-09
2.346186417279257606e-10 3.519279625918886151e-10 2.346186417279257606e-10 1.173093208639628803e-10 2.346186417279257606e-10 3.519279625918886151e-10 1.173093208639628803e-10 3.519279625918886151e-10 1.173093208639628803e-10 3.519279625918886151e-10 2.346186417279257606e-10 1.173093208639628803e-10 3.519279625918886151e-10 1.173093208639628803e-10 2.346186417279257606e-10 7.038559251837773336e-10 2.346186417279257606e-10 1.173093208639628803e-10 3.519279625918886151e-10 1.055783887775665845e-09 4.692372834558515213e-10 3.519279625918886151e-10 2.346186417279257606e-10 1.173093208639628803e-10 1.173093208639628803e-10 1.173093208639628803e-10 1.173093208639628803e-10 1.173093208639628803e-10 7.859724497885518333e-09 1.173093208639628803e-10 1.173093208639628803e-10 1.173093208639628803e-10 1.173093208639628803e-10 1.173093208639628803e-10 2.346186417279257606e-10 5.865466043198144275e-10 4.457754192830591882e-09
3.519279625918886151e-10 4.692372834558515213e-10 4.692372834558515213e-10 1.173093208639628803e-10 3.519279625918886151e-10 5.865466043198144275e-10 1.173093208639628803e-10 5.865466043198144275e-10 1.173093208639628803e-10 7.038559251837773336e-10 2.346186417279257606e-10 1.173093208639628803e-10 5.865466043198144275e-10 1.173093208639628803e-10 3.519279625918886151e-10 1.055783887775665845e-09 2.346186417279257606e-10 1.173093208639628803e-10 1.525021171231517056e-09 5.865466043198144275e-10 4.692372834558515213e-10 3.519279625918886151e-10 3.519279625918886151e-10 1.173093208639628803e-10 1.173093208639628803e-10 2.346186417279257606e-10 2.346186417279257606e-10 2.346186417279257606e-10 8.211652460477407361e-09 2.346186417279257606e-10 2.346186417279257606e-10 2.346186417279257606e-10 1.173093208639628803e-10 1.173093208639628803e-10 2.346186417279257606e-10 1.173093208639628803e-10 5.278919438878332949e-09
4.692372834558515213e-10 1.055783887775665845e-09 2.346186417279257606e-10 1.173093208639628803e-10 4.692372834558515213e-10 8.211652460477402398e-10 1.173093208639628803e-10 8.211652460477402398e-10 1.173093208639628803e-10 1.055783887775665845e-09 2.346186417279257606e-10 1.173093208639628803e-10 8.211652460477402398e-10 1.173093208639628803e-10 1.525021171231517056e-09 3.519279625918886151e-10 2.346186417279257606e-10 1.173093208639628803e-10 3.988516909374739844e-09 1.759639812959442662e-09 1.173093208639628648e-09 7.038559251837773336e-10 2.346186417279257606e-10 1.173093208639628803e-10 1.173093208639628803e-10 3.519279625918886151e-10 9.384745669117030426e-10 1.173093208639628803e-10 8.798199064797222409e-09 3.519279625918886151e-10 3.519279625918886151e-10 2.346186417279257606e-10 1.173093208639628803e-10 1.173093208639628803e-10 3.519279625918886151e-10 3.519279625918886151e-10 5.748156722334184987e-09
2.874078361167074048e-08 2.604266923179962931e-08 2.486957602316001575e-08 2.440033873970417033e-08 2.404841077711228627e-08 2.264069892674475001e-08 1.912141930082590935e-08 1.806563541305025715e-08 1.783101677132233444e-08 1.642330492095479818e-08 1.466366510799537289e-08 1.372519054108366881e-08 1.266940665330800173e-08 1.231747869071611270e-08 9.032817706525148428e-09 7.977033818749481342e-09 7.038559251837778093e-09 6.334703326654000035e-09 1.759639812959442662e-09 1.290402529503591451e-09 9.384745669117030426e-10 5.865466043198144275e-10 3.519279625918886151e-10 1.173093208639628803e-10 1.173093208639628803e-10 2.346186417279257606e-10 3.519279625918886151e-10 1.407711850367554254e-09 9.384745669117037457e-09 4.692372834558515213e-10 7.038559251837773336e-10 3.519279625918886151e-10 1.173093208639628803e-10 1.173093208639628803e-10 2.346186417279257606e-10 7.038559251837773336e-10 7.155868572701741102e-09
1.173093208639628803e-10 1.994258454687368681e-09 1.173093208639628803e-10 1.173093208639628803e-10 8.211652460477402398e-10 1.173093208639628803e-10 2.463495738143220719e-09 1.173093208639628803e-10 1.173093208639628803e-10 2.346186417279257606e-10 1.407711850367554254e-09 5.865466043198144275e-10 2.346186417279257606e-10 1.173093208639628803e-10 1.407711850367554254e-09 5.865466043198144275e-10 5.865466043198144275e-10 4.692372834558515213e-10 4.692372834558515213e-10 3.519279625918886151e-10 2.346186417279257606e-10 2.346186417279257606e-10 1.173093208639628803e-10 1.173093208639628803e-10 1.173093208639628803e-10 1.173093208639628803e-10 1.173093208639628803e-10 1.173093208639628803e-10 1.149631344466837163e-08 1.055783887775665845e-09 2.346186417279257606e-10 1.173093208639628803e-10 1.173093208639628803e-10 1.173093208639628803e-10 1.173093208639628803e-10 1.173093208639628803e-10 1.173093208639628803e-10
1.173093208639628803e-10 4.692372834558515213e-10 1.407711850367554254e-09 1.173093208639628803e-10 2.346186417279257606e-10 4.692372834558515213e-10 4.692372834558515213e-10 1.876949133823405672e-09 1.173093208639628803e-10 1.173093208639628803e-10 2.346186417279257606e-10 1.055783887775665845e-09 4.692372834558515213e-10 1.173093208639628803e-10 2.346186417279257606e-10 1.055783887775665845e-09 4.692372834558515213e-10 4.692372834558515213e-10 3.519279625918886151e-10 3.519279625918886151e-10 2.346186417279257606e-10 1.173093208639628803e-10 1.173093208639628803e-10 1.173093208639628803e-10 1.173093208639628803e-10 2.346186417279257606e-10 2.346186417279257606e-10 2.346186417279257606e-10 1.302133461589989075e-08 1.173093208639628803e-10 2.346186417279257606e-10 1.173093208639628803e-10 1.173093208639628803e-10 2.346186417279257606e-10 3.519279625918886151e-10 1.173093208639628803e-10 1.173093208639628803e-10
1.173093208639628803e-10 3.519279625918886151e-10 9.384745669117030426e-10 2.346186417279257606e-10 1.173093208639628803e-10 3.519279625918886151e-10 3.519279625918886151e-10 4.692372834558515213e-10 1.173093208639628648e-09 1.173093208639628803e-10 1.173093208639628803e-10 2.346186417279257606e-10 7.038559251837773336e-10 3.519279625918886151e-10 1.173093208639628803e-10 2.346186417279257606e-10 7.038559251837773336e-10 3.519279625918886151e-10 3.519279625918886151e-10 2.346186417279257606e-10 2.346186417279257606e-10 1.173093208639628803e-10 1.173093208639628803e-10 1.173093208639628803e-10 2.346186417279257606e-10 4.692372834558515213e-10 1.173093208639628803e-10 3.519279625918886151e-10 1.395980918281159483e-08 4.692372834558515213e-10 1.173093208639628803e-10 1.173093208639628803e-10 1.173093208639628803e-10 2.346186417279257606e-10 9.384745669117030426e-10 2.346186417279257606e-10 1.173093208639628803e-10
1.173093208639628803e-10 2.346186417279257606e-10 5.865466043198144275e-10 2.346186417279257606e-10 1.173093208639628803e-10 2.346186417279257606e-10 2.346186417279257606e-10 3.519279625918886151e-10 4.692372834558515213e-10 4.692372834558515213e-10 2.346186417279257606e-10 1.173093208639628803e-10 2.346186417279257606e-10 3.519279625918886151e-10 2.346186417279257606e-10 1.173093208639628803e-10 3.519279625918886151e-10 2.346186417279257606e-10 2.346186417279257606e-10 2.346186417279257606e-10 1.173093208639628803e-10 1.173093208639628803e-10 1.173093208639628803e-10 2.346186417279257606e-10 2.346186417279257606e-10 3.519279625918886151e-10 7.038559251837773336e-10 1.173093208639628803e-10 1.431173714540348386e-08 1.173093208639628803e-10 2.346186417279257606e-10 2.346186417279257606e-10 1.173093208639628803e-10 1.173093208639628803e-10 2.346186417279257606e-10 1.525021171231517056e-09 2.346186417279257606e-10
2.346186417279257606e-10 1.173093208639628803e-10 3.519279625918886151e-10 1.173093208639628803e-10 1.173093208639628803e-10 1.173093208639628803e-10 1.173093208639628803e-10 2.346186417279257606e-10 2.346186417279257606e-10 1.173093208639628803e-10 1.173093208639628803e-10 1.173093208639628803e-10 1.173093208639628803e-10 1.173093208639628803e-10 1.173093208639628803e-10 1.173093208639628803e-10 1.173093208639628803e-10 1.173093208639628803e-10 1.173093208639628803e-10 1.173093208639628803e-10 1.173093208639628803e-10 1.173093208639628803e-10 2.346186417279257606e-10 5.865466043198144275e-10 1.055783887775665845e-09 1.525021171231517056e-09 2.111567775551331691e-09 2.932733021599072758e-09 1.454635578713140988e-08 1.173093208639628803e-10 5.865466043198144275e-10 2.346186417279257606e-10 1.173093208639628803e-10 1.173093208639628803e-10 1.173093208639628803e-10 2.346186417279257606e-10 2.111567775551331691e-09
