output/xlm_calibrated/discharge_000000.asc
nrows	150
cellsize	0.00333333333333
xllcorner	0
ncols	150
yllcorner	0
NODATA_value	-9999
[rows 85 to 101 of 150, columns 111 to 147 of 150]
3.519279625918886151e-10 1.173093208639628803e-10 1.173093208639628803e-10 1.173093208639628803e-10 1.173093208639628803e-10 1.173093208639628803e-10 1.173093208639628803e-10 1.173093208639628803e-10 1.173093208639628803e-10 4.692372834558515213e-10 1.173093208639628803e-10 3.519279625918887806e-09 1.173093208639628803e-10 4.926991476286443920e-09 1.173093208639628803e-10 7.625105856157592313e-09 1.173093208639628803e-10 3.519279625918886151e-10 9.971292273436852505e-09 1.020591091516477852e-08 1.173093208639628803e-10 2.346186417279257606e-10 1.525021171231517056e-09 1.325595325762781677e-08 1.173093208639628803e-10 1.173093208639628803e-10 1.173093208639628803e-10 1.173093208639628803e-10 1.173093208639628803e-10 1.290402529503591451e-09 1.642330492095479859e-09 9.384745669117030426e-10 1.173093208639628803e-10 8.211652460477402398e-10 1.309172020841826062e-07 1.642330492095479859e-09 5.865466043198144275e-10
1.173093208639628803e-10 1.173093208639628803e-10 1.173093208639628803e-10 2.698114379871146739e-09 2.346186417279257710e-09 1.994258454687368681e-09 1.173093208639628803e-10 1.173093208639628803e-10 2.346186417279257606e-10 1.173093208639628803e-10 2.463495738143220719e-09 1.173093208639628803e-10 4.575063513694554892e-09 1.173093208639628803e-10 1.173093208639628803e-10 1.759639812959442662e-09 1.173093208639628803e-10 1.173093208639628803e-10 1.173093208639628803e-10 1.173093208639628803e-10 1.079245751948459357e-08 1.102707616121251959e-08 1.137900412380440862e-08 1.173093208639628803e-10 1.372519054108366881e-08 1.384249986194763182e-08 1.407711850367555784e-08 1.431173714540348386e-08 1.454635578713140988e-08 1.173093208639628803e-10 1.759639812959442662e-09 1.055783887775665845e-09 2.346186417279257606e-10 1.320902952928221205e-07 2.346186417279257606e-10 8.211652460477402398e-10 1.173093208639628803e-10
3.401970305054924796e-09 3.167351663326998777e-09 2.932733021599072758e-09 1.173093208639628803e-10 1.173093208639628803e-10 1.759639812959442662e-09 1.173093208639628803e-10 2.346186417279257606e-10 5.865466043198144275e-10 1.642330492095479859e-09 1.173093208639628803e-10 1.173093208639628803e-10 8.211652460477402398e-10 1.173093208639628803e-10 1.055783887775665845e-09 2.346186417279257606e-10 1.173093208639628803e-10 1.173093208639628803e-10 1.173093208639628803e-10 2.346186417279257606e-10 1.173093208639628803e-10 1.173093208639628803e-10 2.346186417279257606e-10 1.173093208639628803e-10 1.173093208639628803e-10 1.173093208639628803e-10 1.173093208639628803e-10 1.173093208639628803e-10 1.173093208639628803e-10 1.478097442885933590e-08 1.876949133823405672e-09 1.173093208639628648e-09 1.326768418971418776e-07 2.346186417279257606e-10 1.173093208639628803e-10 1.173093208639628803e-10 7.038559251837773336e-10
1.173093208639628803e-10 1.173093208639628803e-10 1.173093208639628803e-10 1.173093208639628803e-10 1.173093208639628803e-10 1.525021171231517056e-09 1.173093208639628803e-10 1.173093208639628803e-10 3.519279625918886151e-10 5.865466043198144275e-10 1.173093208639628803e-10 4.692372834558515213e-10 1.173093208639628803e-10 7.038559251837773336e-10 1.173093208639628803e-10 1.173093208639628803e-10 1.173093208639628803e-10 4.692372834558515213e-10 1.173093208639628803e-10 1.173093208639628803e-10 3.519279625918886151e-10 1.173093208639628803e-10 1.173093208639628803e-10 1.173093208639628803e-10 1.173093208639628803e-10 2.346186417279257606e-10 4.692372834558515213e-10 7.038559251837773336e-10 1.055783887775665845e-09 1.489828374972329891e-08 1.994258454687368681e-09 1.357268842396046148e-07 1.759639812959442662e-09 1.642330492095479859e-09 1.290402529503591451e-09 1.055783887775665845e-09 1.173093208639628803e-10
4.692372834558515213e-10 2.346186417279257606e-10 2.346186417279257606e-10 1.173093208639628803e-10 1.173093208639628803e-10 1.173093208639628648e-09 8.211652460477402398e-10 1.173093208639628803e-10 1.173093208639628803e-10 3.519279625918886151e-10 1.173093208639628803e-10 3.519279625918886151e-10 1.173093208639628803e-10 5.865466043198144275e-10 2.346186417279257606e-10 1.173093208639628803e-10 2.346186417279257606e-10 7.038559251837773336e-10 1.173093208639628803e-10 1.173093208639628803e-10 1.173093208639628803e-10 5.865466043198144275e-10 1.173093208639628803e-10 1.173093208639628803e-10 3.519279625918886151e-10 5.865466043198144275e-10 1.173093208639628803e-10 1.173093208639628803e-10 1.173093208639628803e-10 1.607137695836291411e-08 1.380730706568836434e-07 2.346186417279257606e-10 1.173093208639628803e-10 1.173093208639628803e-10 1.173093208639628803e-10 1.173093208639628803e-10 9.384745669117030426e-10
1.173093208639628803e-10 1.173093208639628803e-10 8.211652460477402398e-10 3.519279625918886151e-10 1.173093208639628803e-10 1.173093208639628803e-10 1.173093208639628803e-10 5.865466043198144275e-10 1.173093208639628803e-10 1.173093208639628803e-10 1.173093208639628803e-10 2.346186417279257606e-10 1.173093208639628803e-10 1.173093208639628803e-10 1.173093208639628803e-10 1.173093208639628803e-10 1.173093208639628648e-09 1.173093208639628803e-10 1.173093208639628803e-10 1.173093208639628803e-10 1.173093208639628803e-10 1.055783887775665845e-09 1.290402529503591451e-09 1.173093208639628803e-10 1.173093208639628803e-10 1.173093208639628803e-10 7.038559251837773336e-10 3.519279625918886151e-10 2.346186417279257606e-10 1.554348501447484549e-07 1.173093208639628648e-09 1.055783887775665845e-09 9.384745669117030426e-10 7.038559251837773336e-10 4.692372834558515213e-10 2.346186417279257606e-10 1.173093208639628803e-10
3.406662677889508430e-07 9.384745669117030426e-10 1.173093208639628803e-10 1.173093208639628803e-10 1.173093208639628803e-10 1.173093208639628803e-10 1.173093208639628803e-10 1.173093208639628803e-10 1.173093208639628803e-10 1.173093208639628803e-10 3.519279625918886151e-10 1.173093208639628803e-10 1.173093208639628803e-10 3.519279625918886151e-10 1.173093208639628803e-10 1.173093208639628803e-10 1.642330492095479859e-09 1.173093208639628803e-10 1.173093208639628803e-10 3.519279625918886151e-10 1.173093208639628803e-10 1.173093208639628803e-10 1.173093208639628803e-10 1.407711850367554254e-09 1.642330492095479859e-09 1.876949133823405672e-09 2.815423700735109748e-09 1.173093208639628803e-10 1.593060577332588520e-07 3.167351663326998777e-09 3.050042342463035767e-09 2.932733021599072758e-09 1.173093208639628803e-10 1.173093208639628803e-10 1.173093208639628803e-10 1.173093208639628803e-10 1.173093208639628803e-10
3.167351663326998777e-09 3.363258229169836607e-07 4.692372834558515213e-10 2.346186417279257606e-10 2.346186417279257606e-10 1.173093208639628803e-10 1.173093208639628803e-10 1.173093208639628803e-10 1.173093208639628803e-10 1.173093208639628803e-10 7.038559251837773336e-10 1.173093208639628803e-10 1.173093208639628803e-10 4.692372834558515213e-10 1.173093208639628803e-10 1.173093208639628803e-10 1.876949133823405672e-09 1.173093208639628803e-10 7.038559251837773336e-10 1.173093208639628803e-10 1.173093208639628803e-10 2.346186417279257606e-10 4.692372834558515213e-10 7.038559251837773336e-10 1.173093208639628803e-10 1.173093208639628803e-10 3.050042342463035767e-09 1.600099136584425606e-07 4.692372834558515213e-10 3.519279625918886151e-10 2.346186417279257606e-10 1.173093208639628803e-10 2.698114379871146739e-09 2.111567775551331691e-09 1.876949133823405672e-09 1.173093208639628803e-10 1.173093208639628803e-10
1.173093208639628803e-10 3.356219669917997933e-07 1.173093208639628803e-10 1.173093208639628803e-10 7.038559251837773336e-10 2.346186417279257606e-10 1.173093208639628803e-10 2.111567775551331691e-09 1.173093208639628803e-10 1.173093208639628648e-09 9.384745669117030426e-10 1.173093208639628803e-10 2.346186417279257606e-10 9.384745669117030426e-10 3.519279625918886151e-10 1.173093208639628803e-10 3.519279625918886151e-10 3.284660984190961786e-09 1.173093208639628803e-10 1.173093208639628803e-10 1.173093208639628803e-10 1.173093208639628803e-10 1.173093208639628803e-10 1.173093208639628803e-10 8.211652460477402398e-10 1.055783887775665845e-09 1.643503585304087635e-07 1.173093208639628648e-09 1.055783887775665845e-09 9.384745669117030426e-10 8.211652460477402398e-10 4.692372834558515213e-10 2.346186417279257606e-10 4.692372834558515213e-10 1.173093208639628803e-10 1.642330492095479859e-09 1.173093208639628803e-10
2.346186417279257606e-10 1.173093208639628803e-10 3.350354203874799038e-07 8.211652460477402398e-10 1.173093208639628803e-10 1.173093208639628803e-10 2.463495738143220719e-09 1.173093208639628803e-10 1.642330492095479859e-09 3.519279625918886151e-10 1.173093208639628803e-10 1.173093208639628803e-10 1.407711850367554254e-09 1.173093208639628803e-10 1.173093208639628803e-10 1.173093208639628803e-10 1.173093208639628803e-10 1.173093208639628803e-10 3.636588946782850815e-09 1.173093208639628803e-10 2.346186417279257606e-10 2.346186417279257606e-10 2.346186417279257606e-10 2.346186417279257606e-10 4.692372834558515213e-10 1.689254220441028692e-07 3.401970305054924796e-09 3.284660984190961786e-09 3.167351663326998777e-09 3.050042342463035767e-09 1.173093208639628803e-10 1.173093208639628803e-10 1.173093208639628803e-10 1.173093208639628803e-10 3.519279625918886151e-10 1.173093208639628803e-10 1.173093208639628648e-09
1.173093208639628803e-10 2.346186417279257606e-10 5.630847401470221978e-09 3.281141704565052078e-07 2.346186417279257606e-10 2.580805059007183729e-09 1.173093208639628803e-10 1.173093208639628803e-10 1.173093208639628803e-10 1.173093208639628803e-10 1.173093208639628803e-10 1.759639812959442662e-09 1.173093208639628803e-10 1.173093208639628803e-10 1.173093208639628803e-10 1.173093208639628803e-10 1.173093208639628803e-10 1.173093208639628803e-10 3.871207588510776834e-09 1.173093208639628803e-10 2.346186417279257606e-10 3.519279625918886151e-10 5.865466043198144275e-10 1.173093208639628803e-10 1.865218201736955836e-07 1.700985152527460496e-08 1.689254220441064360e-08 3.519279625918886151e-10 2.346186417279257606e-10 1.173093208639628803e-10 2.932733021599072758e-09 2.346186417279257710e-09 2.111567775551331691e-09 1.173093208639628803e-10 2.346186417279257606e-10 1.173093208639628803e-10 1.173093208639628803e-10
1.173093208639628803e-10 1.173093208639628803e-10 5.513538080606258968e-09 4.692372834558515213e-10 3.271756958895933846e-07 2.346186417279257606e-10 2.346186417279257606e-10 2.346186417279257606e-10 1.173093208639628803e-10 1.173093208639628803e-10 1.173093208639628803e-10 1.876949133823405672e-09 1.173093208639628803e-10 8.211652460477402398e-10 4.692372834558515213e-10 1.173093208639628803e-10 2.346186417279257606e-10 1.173093208639628803e-10 1.173093208639628803e-10 3.988516909374739844e-09 4.223135551102665863e-09 4.926991476286443920e-09 1.173093208639628803e-10 1.880468413449269521e-07 3.519279625918886151e-10 2.346186417279257606e-10 1.173093208639628803e-10 1.642330492095479818e-08 4.692372834558515213e-10 2.346186417279257606e-10 2.346186417279257606e-10 2.346186417279257606e-10 1.173093208639628803e-10 1.876949133823405672e-09 1.173093208639628803e-10 1.173093208639628803e-10 8.211652460477402398e-10
1.407711850367554254e-09 1.173093208639628803e-10 5.396228759742295959e-09 3.519279625918886151e-10 3.242429628679939371e-07 1.173093208639628803e-10 8.211652460477402398e-10 2.346186417279257606e-10 2.346186417279257606e-10 1.173093208639628803e-10 2.111567775551331691e-09 1.173093208639628803e-10 1.290402529503591451e-09 2.346186417279257606e-10 1.173093208639628803e-10 1.173093208639628803e-10 1.173093208639628803e-10 3.519279625918886151e-10 2.346186417279257606e-10 2.346186417279257606e-10 1.173093208639628803e-10 1.173093208639628803e-10 1.933257607838047664e-07 1.173093208639628803e-10 3.519279625918886151e-10 2.346186417279257606e-10 1.173093208639628803e-10 1.583675831663499140e-08 1.548483035404310734e-08 1.173093208639628803e-10 1.173093208639628803e-10 1.173093208639628803e-10 1.173093208639628803e-10 1.173093208639628803e-10 1.642330492095479859e-09 1.173093208639628648e-09 1.173093208639628803e-10
1.055783887775665845e-09 2.815423700735109748e-09 2.346186417279257710e-09 2.346186417279257606e-10 2.346186417279257606e-10 3.237737255845380255e-07 1.173093208639628803e-10 3.519279625918886151e-10 2.346186417279257606e-10 1.173093208639628803e-10 2.346186417279257710e-09 1.407711850367554254e-09 1.173093208639628803e-10 1.173093208639628803e-10 1.173093208639628803e-10 2.346186417279257606e-10 1.173093208639628803e-10 2.346186417279257606e-10 7.038559251837773336e-10 1.173093208639628803e-10 3.519279625918886151e-10 1.955546378802198436e-07 1.876949133823405672e-09 1.759639812959442662e-09 1.642330492095479859e-09 1.290402529503591451e-09 1.173093208639628648e-09 1.173093208639628803e-10 1.173093208639628803e-10 1.536752103317914598e-08 1.489828374972329891e-08 2.346186417279257606e-10 1.173093208639628803e-10 2.346186417279257606e-10 1.173093208639628803e-10 1.173093208639628803e-10 1.173093208639628803e-10
5.865466043198144275e-10 2.346186417279257606e-10 2.228877096415294700e-09 1.173093208639628803e-10 1.173093208639628803e-10 3.284660984190961786e-09 3.194332807125708433e-07 1.173093208639628803e-10 4.692372834558515213e-10 1.173093208639628803e-10 3.988516909374739844e-09 1.173093208639628803e-10 3.519279625918886151e-10 1.173093208639628803e-10 2.346186417279257606e-10 3.519279625918886151e-10 1.173093208639628803e-10 2.346186417279257606e-10 1.290402529503591451e-09 1.173093208639628803e-10 1.975488963349070179e-07 1.407711850367554254e-09 1.290402529503591451e-09 1.173093208639628648e-09 1.173093208639628803e-10 2.346186417279257606e-10 1.173093208639628803e-10 1.055783887775665845e-09 2.346186417279257606e-10 2.346186417279257606e-10 1.173093208639628803e-10 1.454635578713140988e-08 1.173093208639628803e-10 1.173093208639628803e-10 1.173093208639628803e-10 4.692372834558515213e-10 1.173093208639628803e-10
1.173093208639628803e-10 1.173093208639628803e-10 2.111567775551331691e-09 1.173093208639628803e-10 2.815423700735109748e-09 3.519279625918886151e-10 1.173093208639628803e-10 3.187294247873869759e-07 4.926991476286443920e-09 4.105826230238702853e-09 1.173093208639628803e-10 1.173093208639628803e-10 4.692372834558515213e-10 1.173093208639628803e-10 4.692372834558515213e-10 4.692372834558515213e-10 1.173093208639628803e-10 2.346186417279257606e-10 1.173093208639628803e-10 2.018893412068732208e-07 2.580805059007183729e-09 2.463495738143220719e-09 2.346186417279257606e-10 1.173093208639628803e-10 9.384745669117030426e-10 8.211652460477402398e-10 2.346186417279257606e-10 2.346186417279257606e-10 4.692372834558515213e-10 1.173093208639628803e-10 1.173093208639628803e-10 1.419442782453952085e-08 1.173093208639628803e-10 2.346186417279257606e-10 1.173093208639628803e-10 1.173093208639628803e-10 1.525021171231517056e-09
1.173093208639628648e-09 1.759639812959442662e-09 1.173093208639628803e-10 9.384745669117030426e-10 1.642330492095479859e-09 2.346186417279257606e-10 3.284660984190961786e-09 3.104004630060445451e-07 1.173093208639628803e-10 2.346186417279257606e-10 1.173093208639628803e-10 2.346186417279257606e-10 5.865466043198144275e-10 2.346186417279257606e-10 5.865466043198144275e-10 5.865466043198144275e-10 1.173093208639628803e-10 2.027105064529208808e-07 2.022412691694650750e-07 1.173093208639628803e-10 2.346186417279257606e-10 1.173093208639628803e-10 2.111567775551331691e-09 1.994258454687368681e-09 1.876949133823405672e-09 2.346186417279257606e-10 4.692372834558515213e-10 1.173093208639628803e-10 1.173093208639628803e-10 3.519279625918886151e-10 1.173093208639628803e-10 1.173093208639628803e-10 1.395980918281159483e-08 2.346186417279257606e-10 1.173093208639628803e-10 1.876949133823405672e-09 1.173093208639628803e-10
