output/xlm_calibrated/discharge_000007.asc
nrows	150
cellsize	0.00333333333333
xllcorner	0
ncols	150
yllcorner	0
NODATA_value	-9999
[rows 68 to 84 of 150, columns 74 to 110 of 150]
8.563580423069296390e-09 6.100084684926074016e-09 5.748156722334184987e-09 5.396228759742295959e-09 3.753898267646813825e-09 2.932733021599072758e-09 2.228877096415294700e-09 8.211652460477402398e-10 4.692372834558515213e-10 2.346186417279257606e-10 1.173093208639628803e-10 1.173093208639628803e-10 2.346186417279257606e-10 2.346186417279257606e-10 2.346186417279257606e-10 2.346186417279257606e-10 3.519279625918886151e-10 1.173093208639628803e-10 1.173093208639628803e-10 2.346186417279257606e-10 7.038559251837773336e-10 3.661223904164340470e-07 1.173093208639628803e-10 1.173093208639628803e-10 1.173093208639628803e-10 2.346186417279257606e-10 3.519279625918886151e-10 4.692372834558515213e-10 1.173093208639628803e-10 1.591887484123949006e-07 1.173093208639628803e-10 1.553175408238845034e-07 1.173093208639628803e-10 1.173093208639628803e-10 1.173093208639628803e-10 1.173093208639628803e-10 1.173093208639628803e-10
4.692372834558515213e-10 1.876949133823405672e-09 1.173093208639628803e-10 1.173093208639628803e-10 1.407711850367554254e-09 5.865466043198144275e-10 4.692372834558515213e-10 1.173093208639628648e-09 7.038559251837773336e-10 3.519279625918886151e-10 1.173093208639628803e-10 1.173093208639628803e-10 1.173093208639628803e-10 1.173093208639628803e-10 1.173093208639628803e-10 1.173093208639628803e-10 1.173093208639628803e-10 1.173093208639628803e-10 2.346186417279257606e-10 3.519279625918886151e-10 1.173093208639628803e-10 1.173093208639628803e-10 3.649492972077942680e-07 1.173093208639628803e-10 1.173093208639628803e-10 1.623561000757215892e-07 1.618868627922657835e-07 1.613003161879460263e-07 1.604791509418983663e-07 2.346186417279257606e-10 1.173093208639628803e-10 3.519279625918886151e-10 9.267436348253074447e-09 4.692372834558515213e-10 3.519279625918886151e-10 2.346186417279257606e-10 1.173093208639628803e-10
3.519279625918886151e-10 4.692372834558515213e-10 1.290402529503591451e-09 2.346186417279257606e-10 1.173093208639628803e-10 1.173093208639628648e-09 4.692372834558515213e-10 3.519279625918886151e-10 3.519279625918886151e-10 2.346186417279257606e-10 1.173093208639628803e-10 1.173093208639628803e-10 1.173093208639628803e-10 1.173093208639628803e-10 1.173093208639628803e-10 1.173093208639628803e-10 1.173093208639628803e-10 1.173093208639628803e-10 1.173093208639628803e-10 1.173093208639628803e-10 1.173093208639628803e-10 1.173093208639628803e-10 3.645973692452023343e-07 1.173093208639628803e-10 1.627080280383134435e-07 1.173093208639628803e-10 1.173093208639628803e-10 2.346186417279257606e-10 4.692372834558515213e-10 3.519279625918886151e-10 1.173093208639628803e-10 2.346186417279257606e-10 4.692372834558515213e-10 8.211652460477407361e-09 2.346186417279257606e-10 1.173093208639628803e-10 1.173093208639628803e-10
2.346186417279257606e-10 3.519279625918886151e-10 7.038559251837773336e-10 2.346186417279257606e-10 1.173093208639628803e-10 7.038559251837773336e-10 3.519279625918886151e-10 3.519279625918886151e-10 2.346186417279257606e-10 2.346186417279257606e-10 1.173093208639628803e-10 1.173093208639628803e-10 2.346186417279257606e-10 2.346186417279257606e-10 2.346186417279257606e-10 2.346186417279257606e-10 2.346186417279257606e-10 2.346186417279257606e-10 7.742415177021555323e-09 8.328961781341370371e-09 8.563580423069296390e-09 1.055783887775666755e-08 1.173093208639628803e-10 3.535702930839884118e-07 1.173093208639628803e-10 1.173093208639628803e-10 1.173093208639628803e-10 1.173093208639628803e-10 1.173093208639628803e-10 2.346186417279257606e-10 2.346186417279257606e-10 1.173093208639628803e-10 3.519279625918886151e-10 2.346186417279257606e-10 7.625105856157592313e-09 6.569321968381926054e-09 4.809682155422480911e-09
1.173093208639628803e-10 2.346186417279257606e-10 3.519279625918886151e-10 2.346186417279257606e-10 1.173093208639628803e-10 3.519279625918886151e-10 2.346186417279257606e-10 2.346186417279257606e-10 2.346186417279257606e-10 1.173093208639628803e-10 1.173093208639628803e-10 1.173093208639628803e-10 3.519279625918886151e-10 1.173093208639628648e-09 1.642330492095479859e-09 2.111567775551331691e-09 2.580805059007183729e-09 7.273177893565704112e-09 2.346186417279257606e-10 1.173093208639628803e-10 2.346186417279257606e-10 1.525021171231517056e-09 1.173093208639628803e-10 2.346186417279257606e-10 1.902757184413420293e-07 2.346186417279257606e-10 1.173093208639628803e-10 1.173093208639628803e-10 1.173093208639628803e-10 1.173093208639628803e-10 1.173093208639628803e-10 1.173093208639628803e-10 2.346186417279257606e-10 1.173093208639628803e-10 8.211652460477402398e-10 1.173093208639628803e-10 1.525021171231517056e-09
1.173093208639628803e-10 1.173093208639628803e-10 1.173093208639628803e-10 1.173093208639628803e-10 1.173093208639628803e-10 1.173093208639628803e-10 1.173093208639628803e-10 1.173093208639628803e-10 1.173093208639628803e-10 1.173093208639628803e-10 1.173093208639628803e-10 2.346186417279257606e-10 4.692372834558515213e-10 1.173093208639628803e-10 1.173093208639628803e-10 1.173093208639628803e-10 1.173093208639628803e-10 4.223135551102665863e-09 1.173093208639628803e-10 1.173093208639628803e-10 2.346186417279257606e-10 1.173093208639628648e-09 1.173093208639628803e-10 2.346186417279257606e-10 1.173093208639628803e-10 1.894545531952943693e-07 1.759639812959442662e-09 1.407711850367554254e-09 1.055783887775665845e-09 7.038559251837773336e-10 4.692372834558515213e-10 2.346186417279257606e-10 1.173093208639628803e-10 1.173093208639628803e-10 4.692372834558515213e-10 1.173093208639628803e-10 3.519279625918886151e-10
1.173093208639628803e-10 1.173093208639628803e-10 1.173093208639628803e-10 1.173093208639628803e-10 1.173093208639628803e-10 1.173093208639628803e-10 1.173093208639628803e-10 1.173093208639628803e-10 1.173093208639628803e-10 1.173093208639628803e-10 1.173093208639628803e-10 1.173093208639628803e-10 1.173093208639628803e-10 3.519279625918886151e-10 7.038559251837773336e-10 1.055783887775665845e-09 3.519279625918887806e-09 2.346186417279257606e-10 3.519279625918886151e-10 1.173093208639628803e-10 2.346186417279257606e-10 8.211652460477402398e-10 1.173093208639628803e-10 1.173093208639628803e-10 2.346186417279257606e-10 1.874602947406071950e-07 1.173093208639628803e-10 1.173093208639628803e-10 1.173093208639628803e-10 1.173093208639628803e-10 1.173093208639628803e-10 1.173093208639628803e-10 1.173093208639628803e-10 1.173093208639628803e-10 1.173093208639628803e-10 1.173093208639628803e-10 2.346186417279257606e-10
2.346186417279257606e-10 2.346186417279257606e-10 2.346186417279257606e-10 1.173093208639628803e-10 3.519279625918886151e-10 1.173093208639628803e-10 2.346186417279257606e-10 3.519279625918886151e-10 2.346186417279257606e-10 2.346186417279257606e-10 1.173093208639628803e-10 1.173093208639628803e-10 1.173093208639628803e-10 2.346186417279257606e-10 2.346186417279257606e-10 3.519279625918886151e-10 1.994258454687368681e-09 1.173093208639628803e-10 2.346186417279257606e-10 1.173093208639628803e-10 2.346186417279257606e-10 4.692372834558515213e-10 1.173093208639628803e-10 2.346186417279257606e-10 3.519279625918886151e-10 1.869910574571513893e-07 1.173093208639628803e-10 5.865466043198144275e-10 4.692372834558515213e-10 3.519279625918886151e-10 2.346186417279257606e-10 1.173093208639628803e-10 1.173093208639628803e-10 1.173093208639628803e-10 1.173093208639628803e-10 1.173093208639628803e-10 1.173093208639628803e-10
3.519279625918886151e-10 3.519279625918886151e-10 2.346186417279257606e-10 1.173093208639628803e-10 5.865466043198144275e-10 1.173093208639628803e-10 7.038559251837773336e-10 3.519279625918886151e-10 3.519279625918886151e-10 2.346186417279257606e-10 2.346186417279257606e-10 1.173093208639628803e-10 1.173093208639628803e-10 1.173093208639628803e-10 2.346186417279257606e-10 2.346186417279257606e-10 1.407711850367554254e-09 2.346186417279257606e-10 1.173093208639628803e-10 1.173093208639628803e-10 2.346186417279257606e-10 1.173093208639628803e-10 1.173093208639628803e-10 2.346186417279257606e-10 1.525021171231517056e-09 1.173093208639628803e-10 1.847621803607363121e-07 2.346186417279257606e-10 1.173093208639628803e-10 1.173093208639628803e-10 1.173093208639628803e-10 1.173093208639628803e-10 3.519279625918886151e-10 1.173093208639628803e-10 3.519279625918886151e-10 1.173093208639628803e-10 1.173093208639628803e-10
4.692372834558515213e-10 3.519279625918886151e-10 2.346186417279257606e-10 1.173093208639628803e-10 8.211652460477402398e-10 1.173093208639628803e-10 1.173093208639628648e-09 4.692372834558515213e-10 3.519279625918886151e-10 3.519279625918886151e-10 2.346186417279257606e-10 1.173093208639628803e-10 1.173093208639628803e-10 1.173093208639628803e-10 1.173093208639628803e-10 2.346186417279257606e-10 8.211652460477402398e-10 2.346186417279257606e-10 1.173093208639628803e-10 1.173093208639628803e-10 2.346186417279257606e-10 4.692372834558515213e-10 7.038559251837773336e-10 1.055783887775665845e-09 1.173093208639628803e-10 1.173093208639628803e-10 1.838237057938247007e-07 1.173093208639628803e-10 4.692372834558515213e-10 2.346186417279257606e-10 2.346186417279257606e-10 1.173093208639628803e-10 5.865466043198144275e-10 1.173093208639628803e-10 1.290402529503591451e-09 7.038559251837773336e-10 4.692372834558515213e-10
8.211652460477402398e-10 3.519279625918886151e-10 1.173093208639628803e-10 2.346186417279257606e-10 1.055783887775665845e-09 1.173093208639628803e-10 2.228877096415294700e-09 4.692372834558515213e-10 4.692372834558515213e-10 3.519279625918886151e-10 2.346186417279257606e-10 2.346186417279257606e-10 1.173093208639628803e-10 1.173093208639628803e-10 1.173093208639628803e-10 1.173093208639628803e-10 4.692372834558515213e-10 1.173093208639628803e-10 1.173093208639628803e-10 1.173093208639628803e-10 1.173093208639628803e-10 1.173093208639628803e-10 1.173093208639628803e-10 1.173093208639628803e-10 1.173093208639628803e-10 1.876949133823405672e-09 1.173093208639628803e-10 1.814775193765456721e-07 1.173093208639628803e-10 3.519279625918886151e-10 1.173093208639628803e-10 2.346186417279257606e-10 3.050042342463035767e-09 2.228877096415294700e-09 7.038559251837773336e-10 4.692372834558515213e-10 2.346186417279257606e-10
1.173093208639628803e-10 1.173093208639628803e-10 2.346186417279257606e-10 1.407711850367554254e-09 1.173093208639628803e-10 2.580805059007183729e-09 1.173093208639628803e-10 5.865466043198144275e-10 4.692372834558515213e-10 3.519279625918886151e-10 3.519279625918886151e-10 2.346186417279257606e-10 2.346186417279257606e-10 1.173093208639628803e-10 1.173093208639628803e-10 1.173093208639628803e-10 2.346186417279257606e-10 1.173093208639628803e-10 1.173093208639628803e-10 3.519279625918886151e-10 5.865466043198144275e-10 8.211652460477402398e-10 1.055783887775665845e-09 1.290402529503591451e-09 1.525021171231517056e-09 1.173093208639628803e-10 1.173093208639628803e-10 8.915508385661185419e-09 1.717408457448377035e-07 1.173093208639628803e-10 3.871207588510776834e-09 3.401970305054924796e-09 2.346186417279257606e-10 1.173093208639628803e-10 1.173093208639628803e-10 1.173093208639628803e-10 1.173093208639628803e-10
3.519279625918886151e-10 1.173093208639628803e-10 1.759639812959442662e-09 1.173093208639628803e-10 2.815423700735109748e-09 1.173093208639628803e-10 7.038559251837773336e-10 5.865466043198144275e-10 4.692372834558515213e-10 4.692372834558515213e-10 3.519279625918886151e-10 3.519279625918886151e-10 2.346186417279257606e-10 2.346186417279257606e-10 2.346186417279257606e-10 1.173093208639628803e-10 1.173093208639628803e-10 1.173093208639628803e-10 1.173093208639628803e-10 1.173093208639628803e-10 1.173093208639628803e-10 1.173093208639628803e-10 1.173093208639628803e-10 1.173093208639628803e-10 1.173093208639628803e-10 7.038559251837778093e-09 8.563580423069296390e-09 2.346186417279257606e-10 1.173093208639628803e-10 1.710369898196539949e-07 1.173093208639628803e-10 1.173093208639628803e-10 4.692372834558515213e-10 3.519279625918886151e-10 2.346186417279257606e-10 1.173093208639628803e-10 1.173093208639628803e-10
2.217146164328890458e-08 2.123298707637721374e-08 1.888680065909798664e-08 1.865218201737006393e-08 1.536752103317914598e-08 6.452012647517963045e-09 5.630847401470221978e-09 4.926991476286443920e-09 4.340444871966628873e-09 3.636588946782850815e-09 3.050042342463035767e-09 2.463495738143220719e-09 1.994258454687368681e-09 1.525021171231517056e-09 7.038559251837773336e-10 4.692372834558515213e-10 2.346186417279257606e-10 1.173093208639628803e-10 1.173093208639628803e-10 1.173093208639628803e-10 1.173093208639628803e-10 1.173093208639628803e-10 2.346186417279257606e-10 5.630847401470221978e-09 6.803940610109852074e-09 1.173093208639628803e-10 1.290402529503591451e-09 1.173093208639628803e-10 1.173093208639628803e-10 2.346186417279257606e-10 1.665792356268238406e-07 1.290402529503591451e-09 5.865466043198144275e-10 3.519279625918886151e-10 2.346186417279257606e-10 1.173093208639628803e-10 1.173093208639628803e-10
4.692372834558515213e-10 3.519279625918886151e-10 1.173093208639628803e-10 2.346186417279257606e-10 1.173093208639628803e-10 8.563580423069296390e-09 6.334703326654000035e-09 6.100084684926074016e-09 1.173093208639628803e-10 1.173093208639628803e-10 1.173093208639628803e-10 1.173093208639628803e-10 1.173093208639628803e-10 1.173093208639628803e-10 4.692372834558515213e-10 3.519279625918886151e-10 2.346186417279257606e-10 1.173093208639628803e-10 1.173093208639628803e-10 4.692372834558515213e-10 8.211652460477402398e-10 1.173093208639628648e-09 5.278919438878332949e-09 1.173093208639628803e-10 9.384745669117030426e-10 1.173093208639628803e-10 9.384745669117030426e-10 1.173093208639628803e-10 1.173093208639628803e-10 1.173093208639628803e-10 1.650542144555924720e-07 1.173093208639628803e-10 1.173093208639628803e-10 1.173093208639628803e-10 1.173093208639628803e-10 1.173093208639628803e-10 2.346186417279257606e-10
4.692372834558515213e-10 3.519279625918886151e-10 2.346186417279257606e-10 1.173093208639628803e-10 1.173093208639628803e-10 1.759639812959442662e-09 2.346186417279257606e-10 1.173093208639628803e-10 5.865466043198147997e-09 4.809682155422480911e-09 2.346186417279257606e-10 1.173093208639628803e-10 1.173093208639628803e-10 1.173093208639628803e-10 1.173093208639628803e-10 1.173093208639628803e-10 1.173093208639628803e-10 1.173093208639628803e-10 1.173093208639628803e-10 1.173093208639628803e-10 1.173093208639628803e-10 1.173093208639628803e-10 3.871207588510776834e-09 1.173093208639628803e-10 7.038559251837773336e-10 1.173093208639628803e-10 7.038559251837773336e-10 1.173093208639628803e-10 3.519279625918886151e-10 7.038559251837773336e-10 1.647022864930006177e-07 1.173093208639628803e-10 1.173093208639628803e-10 1.173093208639628803e-10 2.346186417279257606e-10 2.346186417279257606e-10 1.173093208639628803e-10
3.519279625918886151e-10 3.519279625918886151e-10 2.346186417279257606e-10 1.173093208639628803e-10 1.173093208639628803e-10 1.290402529503591451e-09 2.346186417279257606e-10 1.173093208639628803e-10 8.211652460477402398e-10 1.173093208639628803e-10 4.457754192830591882e-09 3.284660984190961786e-09 2.698114379871146739e-09 2.111567775551331691e-09 1.525021171231517056e-09 9.384745669117030426e-10 3.519279625918886151e-10 1.173093208639628803e-10 1.173093208639628803e-10 3.519279625918886151e-10 7.038559251837773336e-10 2.463495738143220719e-09 1.290402529503591451e-09 1.173093208639628803e-10 4.692372834558515213e-10 1.173093208639628803e-10 4.692372834558515213e-10 1.173093208639628803e-10 2.346186417279257606e-10 2.346186417279257606e-10 2.346186417279257606e-10 1.632945746426332006e-07 1.173093208639628803e-10 6.792209678023490514e-08 6.768747813850697581e-08 6.721824085505111716e-08 6.663169425073129384e-08
