output/xlm_calibrated/discharge_000008.asc
nrows	150
cellsize	0.00333333333333
xllcorner	0
ncols	150
yllcorner	0
NODATA_value	-9999
[rows 17 to 33 of 150, columns 74 to 110 of 150]
2.932733021599072758e-09 1.173093208639628803e-10 4.141019026497889109e-08 2.346186417279257606e-10 1.173093208639628803e-10 1.173093208639628803e-10 1.173093208639628803e-10 1.173093208639628803e-10 1.173093208639628803e-10 1.173093208639628803e-10 1.173093208639628803e-10 1.173093208639628803e-10 1.173093208639628803e-10 1.173093208639628803e-10 1.173093208639628803e-10 1.173093208639628803e-10 1.173093208639628803e-10 1.173093208639628803e-10 2.346186417279257606e-10 3.519279625918886151e-10 4.692372834558515213e-10 2.932733021599072758e-09 1.173093208639628803e-10 1.900410997996194799e-08 1.173093208639628803e-10 4.692372834558515213e-10 1.173093208639628803e-10 1.173093208639628803e-10 2.346186417279257606e-10 4.692372834558515213e-10 3.753898267646813825e-09 1.173093208639628803e-10 2.428302941884020898e-08 1.525021171231517056e-09 1.173093208639628648e-09 3.519279625918886151e-10 1.173093208639628803e-10
3.519279625918886151e-10 4.504677921176179568e-08 1.173093208639628803e-10 1.173093208639628803e-10 1.173093208639628803e-10 1.173093208639628803e-10 1.173093208639628803e-10 1.173093208639628803e-10 1.173093208639628803e-10 1.173093208639628803e-10 1.173093208639628803e-10 1.173093208639628803e-10 1.173093208639628803e-10 1.173093208639628803e-10 1.173093208639628803e-10 2.346186417279257606e-10 2.346186417279257606e-10 1.173093208639628803e-10 2.346186417279257606e-10 4.692372834558515213e-10 7.038559251837773336e-10 9.384745669117030426e-10 4.105826230238702853e-09 2.334455485192851814e-08 1.173093208639628803e-10 7.038559251837773336e-10 2.346186417279257606e-10 1.173093208639628803e-10 1.173093208639628803e-10 2.346186417279257606e-10 4.340444871966628873e-09 2.475226670229605440e-08 1.173093208639628803e-10 1.173093208639628803e-10 1.173093208639628803e-10 1.173093208639628803e-10 1.173093208639628803e-10
2.346186417279257606e-10 4.551601649521765433e-08 1.173093208639628803e-10 1.173093208639628803e-10 2.346186417279257606e-10 2.346186417279257606e-10 2.346186417279257606e-10 1.173093208639628803e-10 3.519279625918886151e-10 2.346186417279257606e-10 2.346186417279257606e-10 2.346186417279257606e-10 1.173093208639628803e-10 1.173093208639628803e-10 2.346186417279257606e-10 2.346186417279257606e-10 5.865466043198144275e-10 1.173093208639628803e-10 1.173093208639628803e-10 1.173093208639628803e-10 1.173093208639628803e-10 1.173093208639628803e-10 1.173093208639628803e-10 1.173093208639628803e-10 2.381379213538436356e-08 1.055783887775665845e-09 2.346186417279257606e-10 1.173093208639628803e-10 1.173093208639628803e-10 2.346186417279257606e-10 2.979656749944639267e-08 1.173093208639628803e-10 1.173093208639628803e-10 1.173093208639628803e-10 1.173093208639628803e-10 1.173093208639628803e-10 1.173093208639628803e-10
1.173093208639628803e-10 4.586794445780954832e-08 1.173093208639628803e-10 1.407711850367554254e-09 9.384745669117030426e-10 5.865466043198144275e-10 2.346186417279257606e-10 1.173093208639628803e-10 1.759639812959442662e-09 1.055783887775665845e-09 7.038559251837773336e-10 3.519279625918886151e-10 1.173093208639628803e-10 1.173093208639628803e-10 2.346186417279257606e-10 3.519279625918886151e-10 1.055783887775665845e-09 1.173093208639628803e-10 1.173093208639628803e-10 1.173093208639628803e-10 1.173093208639628803e-10 1.173093208639628803e-10 1.173093208639628803e-10 1.173093208639628803e-10 1.173093208639628803e-10 2.569074126920774524e-08 3.519279625918886151e-10 1.173093208639628803e-10 1.173093208639628803e-10 2.346186417279257606e-10 3.026580478290224802e-08 1.173093208639628803e-10 2.346186417279257606e-10 2.346186417279257606e-10 2.346186417279257606e-10 1.173093208639628803e-10 1.173093208639628803e-10
1.173093208639628803e-10 4.610256309953747765e-08 8.915508385661185419e-09 3.519279625918886151e-10 2.346186417279257606e-10 1.173093208639628803e-10 1.173093208639628803e-10 2.463495738143220719e-09 4.692372834558515213e-10 3.519279625918886151e-10 2.346186417279257606e-10 1.173093208639628803e-10 1.173093208639628803e-10 1.173093208639628803e-10 2.346186417279257606e-10 3.519279625918886151e-10 1.642330492095479859e-09 2.346186417279257606e-10 1.173093208639628803e-10 1.173093208639628803e-10 3.519279625918886151e-10 5.865466043198144275e-10 8.211652460477402398e-10 1.055783887775665845e-09 1.173093208639628803e-10 2.615997855266359066e-08 2.346186417279257606e-10 1.173093208639628803e-10 1.173093208639628803e-10 1.173093208639628803e-10 3.179082595413378865e-08 1.290402529503591451e-09 9.384745669117030426e-10 5.865466043198144275e-10 2.346186417279257606e-10 1.173093208639628803e-10 1.173093208639628803e-10
1.173093208639628803e-10 5.548730876865465077e-08 1.173093208639628803e-10 7.038559251837778093e-09 1.173093208639628803e-10 1.173093208639628803e-10 3.284660984190961786e-09 5.865466043198144275e-10 4.692372834558515213e-10 3.519279625918886151e-10 2.346186417279257606e-10 1.173093208639628803e-10 1.173093208639628803e-10 2.346186417279257606e-10 2.346186417279257606e-10 3.519279625918886151e-10 2.346186417279257710e-09 2.346186417279257606e-10 1.173093208639628803e-10 1.173093208639628803e-10 2.346186417279257606e-10 3.519279625918886151e-10 4.692372834558515213e-10 5.865466043198144275e-10 1.759639812959442662e-09 2.651190651525547473e-08 2.346186417279257606e-10 1.173093208639628803e-10 1.173093208639628803e-10 2.346186417279257606e-10 3.226006323758964731e-08 1.173093208639628803e-10 1.173093208639628803e-10 1.173093208639628803e-10 2.346186417279257606e-10 1.173093208639628803e-10 1.173093208639628803e-10
5.642578333556636808e-08 3.519279625918886151e-10 2.346186417279257606e-10 1.173093208639628803e-10 6.686631289245889064e-09 5.982775364062111007e-09 7.038559251837773336e-10 5.865466043198144275e-10 4.692372834558515213e-10 3.519279625918886151e-10 2.346186417279257606e-10 1.173093208639628803e-10 1.173093208639628803e-10 2.346186417279257606e-10 3.519279625918886151e-10 3.519279625918886151e-10 3.050042342463035767e-09 2.346186417279257606e-10 1.173093208639628803e-10 1.173093208639628803e-10 2.346186417279257606e-10 3.519279625918886151e-10 4.692372834558515213e-10 5.865466043198144275e-10 7.038559251837773336e-10 2.921002089512658590e-08 1.173093208639628803e-10 1.173093208639628803e-10 1.173093208639628803e-10 2.346186417279257606e-10 3.284660984190947063e-08 4.692372834558515213e-10 2.346186417279257606e-10 1.173093208639628803e-10 4.692372834558515213e-10 1.173093208639628803e-10 1.173093208639628803e-10
1.173093208639628803e-10 2.346186417279257606e-10 2.346186417279257606e-10 1.173093208639628803e-10 3.519279625918886151e-10 1.173093208639628803e-10 1.876949133823405672e-09 1.173093208639628648e-09 8.211652460477402398e-10 4.692372834558515213e-10 2.346186417279257606e-10 1.173093208639628803e-10 1.173093208639628803e-10 2.346186417279257606e-10 3.519279625918886151e-10 4.692372834558515213e-10 3.753898267646813825e-09 2.346186417279257606e-10 1.173093208639628803e-10 1.173093208639628803e-10 1.173093208639628803e-10 2.346186417279257606e-10 3.519279625918886151e-10 4.692372834558515213e-10 5.865466043198144275e-10 3.003118614117431869e-08 1.173093208639628803e-10 1.173093208639628803e-10 2.346186417279257606e-10 3.331584712536532928e-08 1.173093208639628803e-10 1.173093208639628803e-10 1.173093208639628803e-10 2.346186417279257606e-10 7.038559251837773336e-10 1.173093208639628803e-10 1.173093208639628803e-10
2.346186417279257606e-10 1.173093208639628803e-10 1.173093208639628803e-10 1.173093208639628803e-10 1.173093208639628803e-10 1.173093208639628803e-10 3.519279625918886151e-10 2.346186417279257606e-10 2.346186417279257606e-10 2.346186417279257606e-10 1.173093208639628803e-10 1.173093208639628803e-10 1.173093208639628803e-10 2.346186417279257606e-10 3.519279625918886151e-10 4.692372834558515213e-10 4.575063513694554892e-09 5.865466043198144275e-10 3.519279625918886151e-10 1.173093208639628803e-10 1.173093208639628803e-10 1.173093208639628803e-10 1.173093208639628803e-10 1.173093208639628803e-10 2.346186417279257606e-10 3.050042342463017735e-08 1.173093208639628803e-10 1.173093208639628803e-10 2.003643200356418522e-07 1.665792356268238406e-07 1.663446169850959378e-07 1.658753797016401320e-07 1.651715237764564235e-07 1.644676678512727149e-07 1.635291932843611035e-07 1.173093208639628803e-10 8.587042287242149872e-08
7.038559251837773336e-10 4.692372834558515213e-10 2.346186417279257606e-10 1.173093208639628803e-10 1.173093208639628803e-10 1.173093208639628803e-10 1.173093208639628803e-10 1.173093208639628803e-10 1.173093208639628803e-10 1.173093208639628803e-10 1.173093208639628803e-10 1.173093208639628803e-10 3.519279625918886151e-10 5.865466043198144275e-10 9.384745669117030426e-10 4.692372834558515213e-10 5.748156722334184987e-09 3.519279625918886151e-10 2.346186417279257606e-10 1.173093208639628803e-10 1.173093208639628803e-10 2.346186417279257606e-10 2.346186417279257606e-10 2.346186417279257606e-10 1.173093208639628803e-10 3.073504206635810668e-08 1.173093208639628803e-10 2.011854852816895122e-07 3.519279625918886151e-10 1.173093208639628803e-10 2.346186417279257606e-10 4.692372834558515213e-10 4.692372834558515213e-10 5.865466043198144275e-10 1.173093208639628803e-10 1.623561000757215892e-07 7.542989331552864363e-08
1.173093208639628803e-10 1.173093208639628803e-10 1.173093208639628803e-10 2.346186417279257606e-10 2.346186417279257606e-10 1.173093208639628803e-10 1.173093208639628803e-10 1.173093208639628803e-10 1.173093208639628803e-10 1.173093208639628803e-10 1.173093208639628803e-10 1.173093208639628803e-10 2.346186417279257606e-10 3.519279625918886151e-10 4.692372834558515213e-10 1.525021171231517056e-09 6.803940610109852074e-09 1.173093208639628803e-10 1.173093208639628803e-10 1.173093208639628803e-10 1.173093208639628803e-10 3.519279625918886151e-10 7.038559251837773336e-10 3.519279625918886151e-10 3.519279625918886151e-10 3.120427934981396533e-08 2.017720318860092693e-07 1.173093208639628803e-10 2.346186417279257606e-10 2.346186417279257606e-10 1.173093208639628803e-10 3.519279625918886151e-10 3.519279625918886151e-10 4.692372834558515213e-10 1.173093208639628803e-10 8.211652460477402398e-10 1.173093208639628803e-10
1.173093208639628803e-10 1.173093208639628803e-10 1.173093208639628803e-10 1.407711850367554254e-09 8.211652460477402398e-10 5.865466043198144275e-10 3.519279625918886151e-10 1.173093208639628803e-10 1.173093208639628803e-10 4.692372834558515213e-10 1.173093208639628803e-10 1.173093208639628803e-10 1.173093208639628803e-10 2.346186417279257606e-10 3.519279625918886151e-10 4.692372834558515213e-10 8.446271102205333380e-09 2.346186417279257606e-10 2.346186417279257606e-10 1.173093208639628803e-10 1.173093208639628803e-10 2.346186417279257606e-10 3.519279625918886151e-10 1.173093208639628648e-09 1.642330492095479859e-09 2.348532603696435723e-07 1.173093208639628803e-10 2.346186417279257606e-10 1.173093208639628803e-10 1.173093208639628803e-10 1.173093208639628803e-10 2.346186417279257606e-10 2.346186417279257606e-10 3.519279625918886151e-10 1.173093208639628803e-10 5.865466043198144275e-10 3.519279625918886151e-10
1.173093208639628803e-10 2.346186417279257606e-10 2.111567775551331691e-09 4.692372834558515213e-10 3.519279625918886151e-10 2.346186417279257606e-10 1.173093208639628803e-10 1.173093208639628803e-10 1.173093208639628803e-10 8.211652460477402398e-10 2.346186417279257606e-10 1.173093208639628803e-10 1.173093208639628803e-10 1.173093208639628803e-10 1.173093208639628803e-10 1.173093208639628803e-10 9.384745669117037457e-09 3.519279625918886151e-10 2.346186417279257606e-10 1.173093208639628803e-10 1.173093208639628803e-10 1.173093208639628803e-10 2.346186417279257606e-10 3.519279625918886151e-10 4.692372834558515213e-10 2.359090442574191352e-07 4.692372834558515213e-10 3.519279625918886151e-10 2.346186417279257606e-10 1.173093208639628803e-10 1.173093208639628803e-10 1.173093208639628803e-10 1.173093208639628803e-10 2.346186417279257606e-10 1.173093208639628803e-10 3.519279625918886151e-10 2.346186417279257606e-10
3.636588946782850815e-09 3.167351663326998777e-09 8.211652460477402398e-10 5.865466043198144275e-10 3.519279625918886151e-10 1.173093208639628803e-10 1.173093208639628803e-10 2.346186417279257606e-10 2.346186417279257606e-10 1.173093208639628648e-09 2.346186417279257606e-10 1.173093208639628803e-10 1.173093208639628803e-10 3.519279625918886151e-10 5.865466043198144275e-10 8.211652460477402398e-10 9.853982952572889495e-09 7.038559251837773336e-10 3.519279625918886151e-10 1.173093208639628803e-10 1.173093208639628803e-10 2.346186417279257606e-10 1.173093208639628803e-10 1.173093208639628803e-10 2.346186417279257606e-10 2.364955908617388923e-07 2.346186417279257606e-10 1.173093208639628803e-10 1.173093208639628803e-10 2.346186417279257606e-10 1.173093208639628803e-10 1.173093208639628803e-10 1.173093208639628803e-10 1.173093208639628803e-10 1.173093208639628803e-10 1.173093208639628803e-10 1.173093208639628803e-10
2.346186417279257606e-10 1.173093208639628803e-10 1.173093208639628803e-10 1.173093208639628803e-10 1.173093208639628803e-10 1.173093208639628803e-10 1.173093208639628803e-10 4.692372834558515213e-10 3.519279625918886151e-10 1.876949133823405672e-09 3.519279625918886151e-10 1.173093208639628803e-10 1.173093208639628803e-10 1.173093208639628803e-10 1.173093208639628803e-10 1.173093208639628803e-10 1.173093208639629765e-08 1.173093208639628803e-10 1.173093208639628803e-10 1.173093208639628803e-10 1.173093208639628803e-10 2.346186417279257606e-10 3.519279625918886151e-10 2.346186417279257606e-10 1.173093208639628803e-10 2.368475188243307466e-07 1.173093208639628803e-10 1.173093208639628803e-10 1.290402529503591451e-09 8.211652460477402398e-10 5.865466043198144275e-10 3.519279625918886151e-10 1.173093208639628803e-10 1.173093208639628803e-10 1.173093208639628803e-10 1.173093208639628803e-10 1.173093208639628803e-10
3.519279625918886151e-10 2.346186417279257606e-10 1.173093208639628803e-10 1.173093208639628803e-10 1.173093208639628803e-10 1.173093208639628803e-10 1.173093208639628803e-10 7.038559251837773336e-10 2.346186417279257710e-09 1.173093208639628803e-10 1.173093208639628803e-10 1.173093208639628803e-10 1.173093208639628803e-10 3.519279625918886151e-10 5.865466043198144275e-10 8.211652460477402398e-10 1.220016936985214969e-08 3.519279625918886151e-10 1.173093208639628803e-10 1.173093208639628803e-10 2.346186417279257606e-10 2.346186417279257606e-10 3.519279625918886151e-10 7.038559251837773336e-10 1.173093208639628803e-10 2.393110145624739384e-07 2.228877096415294700e-09 1.876949133823405672e-09 3.519279625918886151e-10 2.346186417279257606e-10 1.173093208639628803e-10 1.173093208639628803e-10 1.173093208639628803e-10 3.519279625918886151e-10 1.173093208639628803e-10 3.519279625918886151e-10 1.173093208639628803e-10
1.173093208639628803e-10 1.173093208639628803e-10 2.346186417279257606e-10 2.346186417279257606e-10 1.173093208639628803e-10 1.173093208639628803e-10 2.346186417279257606e-10 9.384745669117030426e-10 3.167351663326998777e-09 5.865466043198144275e-10 3.519279625918886151e-10 1.173093208639628803e-10 1.173093208639628803e-10 1.173093208639628803e-10 1.173093208639628803e-10 1.173093208639628803e-10 1.349057189935574279e-08 2.346186417279257606e-10 1.173093208639628803e-10 1.173093208639628803e-10 2.346186417279257606e-10 5.865466043198144275e-10 1.173093208639628803e-10 4.692372834558515213e-10 2.403667984502497395e-07 1.173093208639628803e-10 1.173093208639628803e-10 1.173093208639628803e-10 1.173093208639628803e-10 1.173093208639628803e-10 1.173093208639628803e-10 3.519279625918886151e-10 1.173093208639628803e-10 5.865466043198144275e-10 1.173093208639628803e-10 5.865466043198144275e-10 2.346186417279257606e-10
