output/xlm_calibrated/discharge_000004.asc
nrows	150
cellsize	0.00333333333333
xllcorner	0
ncols	150
yllcorner	0
NODATA_value	-9999
[rows 34 to 50 of 150, columns 37 to 73 of 150]
1.173093208639628803e-10 1.173093208639628803e-10 1.173093208639628803e-10 1.173093208639628803e-10 1.173093208639628803e-10 1.173093208639628803e-10 1.173093208639628803e-10 1.173093208639628803e-10 1.173093208639628803e-10 1.173093208639628803e-10 1.173093208639628803e-10 1.173093208639628803e-10 1.173093208639628803e-10 2.346186417279257606e-10 2.346186417279257606e-10 2.346186417279257606e-10 2.346186417279257606e-10 2.346186417279257606e-10 2.346186417279257606e-10 1.243478801158007571e-08 2.346186417279257606e-10 1.173093208639628803e-10 2.346186417279257606e-10 2.580805059007183729e-09 2.346186417279257606e-10 1.173093208639628803e-10 1.173093208639628803e-10 1.173093208639628803e-10 2.346186417279257606e-10 4.692372834558515213e-10 7.038559251837773336e-10 9.384745669117030426e-10 2.346186417279257606e-10 1.173093208639628803e-10 1.167227742596442053e-07 2.346186417279257606e-10 1.173093208639628803e-10
1.173093208639628803e-10 1.173093208639628803e-10 1.173093208639628803e-10 1.173093208639628803e-10 1.173093208639628803e-10 1.173093208639628803e-10 1.173093208639628803e-10 1.173093208639628803e-10 1.173093208639628803e-10 1.173093208639628803e-10 1.173093208639628803e-10 1.173093208639628803e-10 1.173093208639628803e-10 1.173093208639628803e-10 1.173093208639628803e-10 1.173093208639628803e-10 1.173093208639628803e-10 1.173093208639628803e-10 1.173093208639628803e-10 1.173093208639628803e-10 1.302133461589989075e-08 1.173093208639628803e-10 3.050042342463035767e-09 1.173093208639628803e-10 2.346186417279257606e-10 1.173093208639628803e-10 2.346186417279257606e-10 1.173093208639628803e-10 1.173093208639628803e-10 2.346186417279257606e-10 3.519279625918886151e-10 5.865466043198144275e-10 1.759639812959442662e-09 1.190689606769234986e-07 1.173093208639628803e-10 1.173093208639628803e-10 1.173093208639628803e-10
2.346186417279257606e-10 2.346186417279257606e-10 1.173093208639628803e-10 2.346186417279257606e-10 2.346186417279257606e-10 2.346186417279257606e-10 3.519279625918886151e-10 2.346186417279257606e-10 2.346186417279257606e-10 2.346186417279257606e-10 2.346186417279257606e-10 1.173093208639628803e-10 1.173093208639628803e-10 1.173093208639628803e-10 1.173093208639628803e-10 1.173093208639628803e-10 1.173093208639628803e-10 1.173093208639628803e-10 1.173093208639628803e-10 1.173093208639628803e-10 1.173093208639628803e-10 1.642330492095479818e-08 1.173093208639628803e-10 1.173093208639628803e-10 4.692372834558515213e-10 1.173093208639628803e-10 4.692372834558515213e-10 1.173093208639628803e-10 1.173093208639628803e-10 1.173093208639628803e-10 1.173093208639628803e-10 1.173093208639628803e-10 1.173093208639628803e-10 1.173093208639628803e-10 1.195381979603793176e-07 1.173093208639628803e-10 2.463495738143220719e-09
3.519279625918886151e-10 1.173093208639628803e-10 2.346186417279257606e-10 3.519279625918886151e-10 3.519279625918886151e-10 7.038559251837773336e-10 3.519279625918886151e-10 3.519279625918886151e-10 3.519279625918886151e-10 3.519279625918886151e-10 2.346186417279257606e-10 1.173093208639628803e-10 1.173093208639628803e-10 2.346186417279257606e-10 2.346186417279257606e-10 2.346186417279257606e-10 2.346186417279257606e-10 2.346186417279257606e-10 2.346186417279257606e-10 4.692372834558515213e-10 4.223135551102665863e-09 2.099836843464929103e-08 1.173093208639628803e-10 2.346186417279257606e-10 7.038559251837773336e-10 1.173093208639628803e-10 7.038559251837773336e-10 1.173093208639628803e-10 1.173093208639628803e-10 2.346186417279257606e-10 4.692372834558515213e-10 1.173093208639628803e-10 1.173093208639628803e-10 1.173093208639628803e-10 1.173093208639628803e-10 1.231747869071618119e-07 8.211652460477402398e-10
2.346186417279257606e-10 1.173093208639628803e-10 3.519279625918886151e-10 4.692372834558515213e-10 1.173093208639628648e-09 4.692372834558515213e-10 4.692372834558515213e-10 4.692372834558515213e-10 4.692372834558515213e-10 3.519279625918886151e-10 2.346186417279257606e-10 2.346186417279257606e-10 1.173093208639628803e-10 1.173093208639628803e-10 5.865466043198144275e-10 1.055783887775665845e-09 1.642330492095479859e-09 2.228877096415294700e-09 2.815423700735109748e-09 3.519279625918887806e-09 1.173093208639628803e-10 2.346186417279257606e-10 2.217146164328890458e-08 2.322724553106455678e-08 1.173093208639628803e-10 9.384745669117030426e-10 1.173093208639628803e-10 3.519279625918886151e-10 1.173093208639628803e-10 1.173093208639628803e-10 2.346186417279257606e-10 8.211652460477402398e-10 2.346186417279257606e-10 2.346186417279257606e-10 1.236440241906176176e-07 1.173093208639628803e-10 1.173093208639628803e-10
2.346186417279257606e-10 1.173093208639628803e-10 4.692372834558515213e-10 5.865466043198144275e-10 1.759639812959442662e-09 5.865466043198144275e-10 5.865466043198144275e-10 5.865466043198144275e-10 4.692372834558515213e-10 1.055783887775665845e-09 7.038559251837773336e-10 3.519279625918886151e-10 1.173093208639628803e-10 1.173093208639628803e-10 1.173093208639628803e-10 2.346186417279257606e-10 2.346186417279257606e-10 2.346186417279257606e-10 3.519279625918886151e-10 2.346186417279257606e-10 1.173093208639628803e-10 3.519279625918886151e-10 3.519279625918886151e-10 3.519279625918886151e-10 2.498688534402397711e-08 2.346186417279257606e-10 1.173093208639628803e-10 5.865466043198144275e-10 1.173093208639628803e-10 1.173093208639628803e-10 1.173093208639628803e-10 3.519279625918886151e-10 1.407711850367554254e-09 1.257555919661687433e-07 1.173093208639628803e-10 1.173093208639628803e-10 1.173093208639628803e-10
2.346186417279257606e-10 1.173093208639628803e-10 5.865466043198144275e-10 7.742415177021555323e-09 5.278919438878332949e-09 4.575063513694554892e-09 3.519279625918887806e-09 2.580805059007183729e-09 1.759639812959442662e-09 4.692372834558515213e-10 2.346186417279257606e-10 1.173093208639628803e-10 1.173093208639628803e-10 1.173093208639628803e-10 1.173093208639628803e-10 1.173093208639628803e-10 1.173093208639628803e-10 1.173093208639628803e-10 1.173093208639628803e-10 1.173093208639628803e-10 2.346186417279257606e-10 2.346186417279257606e-10 2.346186417279257606e-10 2.346186417279257606e-10 2.346186417279257606e-10 2.580805059007170660e-08 1.173093208639628803e-10 8.211652460477402398e-10 2.346186417279257606e-10 1.173093208639628803e-10 1.173093208639628803e-10 1.173093208639628803e-10 1.173093208639628803e-10 1.173093208639628803e-10 1.270459944956722090e-07 8.211652460477402398e-10 5.865466043198144275e-10
1.220016936985214969e-08 1.126169480294044561e-08 9.853982952572889495e-09 1.525021171231517056e-09 9.384745669117030426e-10 4.692372834558515213e-10 3.519279625918886151e-10 2.346186417279257606e-10 2.346186417279257606e-10 1.173093208639628803e-10 1.173093208639628803e-10 1.173093208639628803e-10 2.346186417279257606e-10 2.346186417279257606e-10 1.173093208639628803e-10 1.173093208639628803e-10 1.173093208639628803e-10 1.173093208639628803e-10 1.173093208639628803e-10 1.173093208639628803e-10 1.173093208639628803e-10 1.173093208639628803e-10 1.173093208639628803e-10 1.173093208639628803e-10 1.173093208639628803e-10 1.173093208639628803e-10 2.838885564907885641e-08 3.519279625918886151e-10 2.346186417279257606e-10 1.173093208639628803e-10 1.173093208639628803e-10 1.173093208639628803e-10 2.346186417279257606e-10 3.519279625918886151e-10 1.276325410999919662e-07 1.173093208639628803e-10 1.173093208639628803e-10
7.038559251837773336e-10 5.865466043198144275e-10 5.865466043198144275e-10 4.692372834558515213e-10 4.692372834558515213e-10 3.519279625918886151e-10 3.519279625918886151e-10 2.346186417279257606e-10 1.173093208639628803e-10 1.173093208639628803e-10 1.173093208639628803e-10 1.173093208639628803e-10 4.692372834558515213e-10 3.519279625918886151e-10 2.346186417279257606e-10 1.173093208639628803e-10 3.519279625918886151e-10 2.346186417279257606e-10 2.346186417279257606e-10 1.173093208639628803e-10 1.173093208639628803e-10 2.346186417279257606e-10 4.692372834558515213e-10 7.038559251837773336e-10 1.055783887775665845e-09 1.407711850367554254e-09 3.519279625918886151e-10 2.967925817858243132e-08 2.346186417279257606e-10 1.173093208639628803e-10 2.346186417279257606e-10 1.173093208639628803e-10 1.173093208639628803e-10 2.346186417279257606e-10 1.286883249877675290e-07 7.038559251837773336e-10 4.692372834558515213e-10
7.038559251837773336e-10 5.865466043198144275e-10 4.692372834558515213e-10 4.692372834558515213e-10 3.519279625918886151e-10 3.519279625918886151e-10 2.346186417279257606e-10 2.346186417279257606e-10 1.173093208639628803e-10 1.173093208639628803e-10 1.173093208639628803e-10 2.346186417279257606e-10 7.038559251837773336e-10 4.692372834558515213e-10 3.519279625918886151e-10 1.173093208639628803e-10 2.346186417279257606e-10 7.038559251837773336e-10 4.692372834558515213e-10 1.173093208639628803e-10 1.173093208639628803e-10 1.173093208639628803e-10 1.173093208639628803e-10 2.346186417279257606e-10 2.346186417279257606e-10 2.346186417279257606e-10 2.346186417279257606e-10 1.173093208639628803e-10 3.050042342463017735e-08 1.173093208639628803e-10 4.692372834558515213e-10 1.173093208639628803e-10 1.173093208639628803e-10 1.173093208639628803e-10 1.290402529503593833e-07 1.173093208639628803e-10 1.173093208639628803e-10
5.865466043198144275e-10 5.865466043198144275e-10 4.692372834558515213e-10 3.519279625918886151e-10 3.519279625918886151e-10 2.346186417279257606e-10 2.346186417279257606e-10 1.173093208639628803e-10 1.173093208639628803e-10 1.173093208639628803e-10 2.346186417279257606e-10 2.346186417279257606e-10 1.055783887775665845e-09 5.865466043198144275e-10 4.692372834558515213e-10 1.173093208639628803e-10 2.346186417279257606e-10 1.055783887775665845e-09 7.038559251837773336e-10 2.346186417279257606e-10 1.173093208639628803e-10 1.173093208639628803e-10 1.173093208639628803e-10 1.173093208639628803e-10 1.173093208639628803e-10 1.173093208639628803e-10 1.173093208639628803e-10 2.346186417279257606e-10 2.346186417279257606e-10 3.155620731240585932e-08 2.346186417279257606e-10 1.173093208639628803e-10 1.173093208639628803e-10 2.346186417279257606e-10 1.291575622712233347e-07 2.346186417279257606e-10 3.519279625918886151e-10
5.865466043198144275e-10 4.692372834558515213e-10 4.692372834558515213e-10 3.519279625918886151e-10 2.346186417279257606e-10 2.346186417279257606e-10 1.173093208639628803e-10 1.173093208639628803e-10 1.173093208639628803e-10 1.173093208639628803e-10 2.346186417279257606e-10 5.865466043198144275e-10 1.994258454687368681e-09 7.038559251837773336e-10 5.865466043198144275e-10 1.173093208639628803e-10 2.346186417279257606e-10 1.642330492095479859e-09 1.055783887775665845e-09 2.346186417279257606e-10 1.173093208639628803e-10 2.346186417279257606e-10 1.173093208639628803e-10 1.173093208639628803e-10 1.173093208639628803e-10 1.173093208639628803e-10 1.173093208639628803e-10 1.173093208639628803e-10 1.173093208639628803e-10 1.173093208639628803e-10 3.214275391672568264e-08 1.173093208639628803e-10 1.173093208639628803e-10 1.296267995546791405e-07 1.173093208639628803e-10 9.085606900912729806e-07 2.346186417279257606e-10
4.692372834558515213e-10 4.692372834558515213e-10 3.519279625918886151e-10 3.519279625918886151e-10 2.346186417279257606e-10 1.173093208639628803e-10 1.173093208639628803e-10 1.173093208639628803e-10 1.173093208639628803e-10 2.346186417279257606e-10 2.346186417279257606e-10 1.173093208639628803e-10 1.173093208639628803e-10 2.932733021599072758e-09 7.038559251837773336e-10 2.346186417279257606e-10 1.173093208639628803e-10 1.173093208639628803e-10 3.050042342463035767e-09 2.346186417279257606e-10 1.173093208639628803e-10 3.519279625918886151e-10 1.173093208639628803e-10 2.346186417279257606e-10 2.346186417279257606e-10 2.346186417279257606e-10 3.519279625918886151e-10 1.173093208639628803e-10 1.173093208639628803e-10 1.173093208639628803e-10 1.173093208639628803e-10 1.073145667263359804e-06 1.040768294704916516e-06 9.106722578668236299e-07 9.092645460164565304e-07 1.173093208639628803e-10 9.076222155243615810e-07
4.692372834558515213e-10 3.519279625918886151e-10 3.519279625918886151e-10 2.346186417279257606e-10 2.346186417279257606e-10 1.173093208639628803e-10 1.173093208639628803e-10 2.346186417279257606e-10 4.692372834558515213e-10 7.038559251837773336e-10 1.055783887775665845e-09 1.525021171231517056e-09 1.173093208639628803e-10 1.173093208639628803e-10 3.871207588510776834e-09 3.519279625918886151e-10 1.173093208639628803e-10 2.346186417279257606e-10 3.519279625918887806e-09 1.173093208639628803e-10 1.173093208639628803e-10 7.038559251837773336e-10 1.173093208639628803e-10 1.173093208639628803e-10 4.692372834558515213e-10 3.519279625918886151e-10 3.519279625918886151e-10 5.865466043198144275e-10 1.173093208639628803e-10 2.346186417279257606e-10 1.073849523188543354e-06 1.173093208639628803e-10 2.346186417279257606e-10 1.290402529503591451e-09 2.346186417279257606e-10 1.173093208639628803e-10 1.173093208639628803e-10
1.173093208639628803e-10 2.346186417279257606e-10 2.346186417279257606e-10 2.346186417279257606e-10 1.173093208639628803e-10 1.173093208639628803e-10 1.173093208639628803e-10 2.346186417279257606e-10 3.519279625918886151e-10 5.865466043198144275e-10 7.038559251837773336e-10 8.211652460477402398e-10 2.580805059007183729e-09 1.173093208639628803e-10 1.173093208639628803e-10 4.340444871966628873e-09 1.173093208639628803e-10 2.346186417279257606e-10 3.988516909374739844e-09 1.173093208639628803e-10 1.173093208639628803e-10 1.055783887775665845e-09 1.173093208639628803e-10 1.173093208639628803e-10 2.346186417279257606e-10 9.384745669117030426e-10 1.525021171231517056e-09 2.580805059007183729e-09 1.173093208639628803e-10 1.074670688434590829e-06 2.346186417279257606e-10 2.346186417279257606e-10 1.173093208639628803e-10 3.519279625918886151e-10 8.211652460477402398e-10 1.173093208639628803e-10 1.173093208639628803e-10
4.692372834558515213e-10 2.346186417279257606e-10 1.173093208639628803e-10 1.173093208639628803e-10 1.173093208639628803e-10 1.173093208639628803e-10 1.173093208639628803e-10 1.173093208639628803e-10 1.173093208639628803e-10 1.173093208639628803e-10 2.346186417279257606e-10 4.692372834558515213e-10 7.038559251837773336e-10 3.636588946782850815e-09 4.105826230238702853e-09 8.680889743933259400e-09 1.173093208639628803e-10 2.346186417279257606e-10 4.457754192830591882e-09 1.173093208639628803e-10 1.173093208639628803e-10 1.407711850367554254e-09 1.173093208639628803e-10 1.173093208639628803e-10 1.173093208639628803e-10 1.173093208639628803e-10 1.173093208639628803e-10 2.346186417279257606e-10 1.077838040097916803e-06 1.173093208639628803e-10 1.173093208639628803e-10 1.173093208639628803e-10 1.173093208639628803e-10 2.346186417279257606e-10 5.865466043198144275e-10 1.173093208639628803e-10 1.173093208639628803e-10
2.346186417279257606e-10 1.173093208639628803e-10 1.173093208639628803e-10 1.173093208639628803e-10 1.173093208639628803e-10 1.173093208639628803e-10 2.346186417279257606e-10 2.346186417279257606e-10 2.346186417279257606e-10 1.173093208639628803e-10 1.173093208639628803e-10 1.173093208639628803e-10 2.346186417279257606e-10 2.346186417279257606e-10 2.346186417279257606e-10 4.692372834558515213e-10 9.502054989981000467e-09 9.971292273436852505e-09 1.513290239145122327e-08 1.173093208639628803e-10 1.173093208639628803e-10 1.759639812959442662e-09 1.173093208639628803e-10 2.346186417279257606e-10 1.173093208639628803e-10 1.173093208639628803e-10 1.173093208639628803e-10 2.346186417279257606e-10 1.078424586702236428e-06 2.346186417279257606e-10 1.173093208639628803e-10 1.173093208639628803e-10 1.173093208639628803e-10 1.173093208639628803e-10 3.519279625918886151e-10 1.173093208639628803e-10 1.173093208639628803e-10
