output/xlm_calibrated/elevation_000004.asc
nrows	150
cellsize	0.00333333333333
xllcorner	0
ncols	150
yllcorner	0
NODATA_value	-9999
[rows 68 to 84 of 150, columns 111 to 147 of 150]
6.534389287284625425e-02 6.755512231472680929e-02 6.984287728360674685e-02 7.217558089697380386e-02 7.418839858772663387e-02 7.683604019136131003e-02 7.971725811102568782e-02 8.209648872301200662e-02 8.047123615047752088e-02 7.729490891834017718e-02 7.437874220702749006e-02 7.708148758495333985e-02 7.755464932734612571e-02 7.565278684321945224e-02 7.593289960924785864e-02 7.935257988705743393e-02 8.155257033535173727e-02 8.198164124160195465e-02 8.014570867471559890e-02 7.809415369647079719e-02 7.906667695910213345e-02 8.012229199876456931e-02 8.121521136347159553e-02 8.224135915957009324e-02 8.340428200119766322e-02 8.456186886047778462e-02 8.575322354666030378e-02 8.691730105785663851e-02 8.818552121473352545e-02 8.946645872114875053e-02 9.085180001117382220e-02 9.233714148790532483e-02 9.394077459992647428e-02 9.569545240640310590e-02 9.765705633174344424e-02 9.993076111444053333e-02 1.026853225960203952e-01
6.846454294849217692e-02 7.021801521823381464e-02 7.235119968216385811e-02 7.460324106505401842e-02 7.686998754998020100e-02 7.917853032110222511e-02 8.173462773106349166e-02 8.384221271823542876e-02 8.274553828218207674e-02 7.977791881708877486e-02 7.716034408844624215e-02 7.804459283788425794e-02 8.037063285458896644e-02 7.861836318227169440e-02 7.870604334287530091e-02 7.938381759074934763e-02 8.303661336225902356e-02 8.485801245469529186e-02 8.350887388528627220e-02 8.053081588831630111e-02 8.067580612854108324e-02 8.341194628318256143e-02 8.474871694343791284e-02 8.393543224116227497e-02 8.669691941121511480e-02 8.831353577621132989e-02 8.903499631849207119e-02 8.835905024076698422e-02 8.989406182436071591e-02 9.124904871576412779e-02 9.258829722836955933e-02 9.407873618442272323e-02 9.570682341010701422e-02 9.749453940004237928e-02 9.949011361718014534e-02 1.017791119910044645e-01 1.044909196278051983e-01
6.672147514913981392e-02 6.862139453435604775e-02 7.066909236384014137e-02 7.285821657796097417e-02 7.519004105075863253e-02 7.769203138961454369e-02 8.039621081556681814e-02 8.307466255046731807e-02 8.449224251949241649e-02 8.291852180231772118e-02 8.019303634540465853e-02 8.072160110037365777e-02 8.305363734716726676e-02 8.173229192110434416e-02 8.171418979230309076e-02 8.232777979654974654e-02 8.326342180787853209e-02 8.669700406107783142e-02 8.604209000612671188e-02 8.312906974075799649e-02 8.324202515415954351e-02 8.375676787725166994e-02 8.699041183807029731e-02 8.767178322959313930e-02 8.689915665371152065e-02 9.025833246630957096e-02 9.227049819287673482e-02 9.189694525455587015e-02 9.117205306644965424e-02 9.296765245663939081e-02 9.443041286233756770e-02 9.585255035133506685e-02 9.746843831422766224e-02 9.927018392757601395e-02 1.012911327659899718e-01 1.036033027977384668e-01 1.063108355034413782e-01
6.296110371565979968e-02 6.494693332497648852e-02 6.707152173814238949e-02 6.935913672132509866e-02 7.184062879855290795e-02 7.455714116550904436e-02 7.760970003023826003e-02 8.117112478882038129e-02 8.499382755470984152e-02 8.558190720013215957e-02 8.352407335819785061e-02 8.377905663639544087e-02 8.590441923059696783e-02 8.506972127487447133e-02 8.502485633863977876e-02 8.552489247716008047e-02 8.600570585522568368e-02 8.876945864199664582e-02 8.861801316160157482e-02 8.592898795996566086e-02 8.598607122919589563e-02 8.647788349308357936e-02 8.728486040138948299e-02 9.037023922277030719e-02 9.028964806191670800e-02 8.993579897152460811e-02 9.339454068756186667e-02 9.522449115153573673e-02 9.480297189046299478e-02 9.416877608579266035e-02 9.616947567329649227e-02 9.777043737897900266e-02 9.929297996991241770e-02 1.010603557374774447e-01 1.030809107668118896e-01 1.054076092222129279e-01 1.081253467324632955e-01
6.499720101789387139e-02 6.707467928150857850e-02 6.938976095845141023e-02 7.172098075607034884e-02 7.445115939385382742e-02 7.714253743015370146e-02 7.993864987158459667e-02 8.298767915085714098e-02 8.618952560322303003e-02 8.833886266102532192e-02 8.728128479153457464e-02 8.751129901317090953e-02 8.866286533731071451e-02 8.867173888218042588e-02 8.871032470405222636e-02 8.908362978345681082e-02 8.910260062961897209e-02 9.151931306623738160e-02 9.146188762152124285e-02 8.902706095257978403e-02 8.897299563826474578e-02 8.942799138733743824e-02 9.021660339720710686e-02 9.128686357219645275e-02 9.365441162239820927e-02 9.284596116322958725e-02 9.310001717991871206e-02 9.651010666511497527e-02 9.823640655107093722e-02 9.783076276780112990e-02 9.724237928399837028e-02 9.963746520861126166e-02 1.013310044747804534e-01 1.029574561834690483e-01 1.049126733084279756e-01 1.072196087991310331e-01 1.099377359487532790e-01
6.664306463864480556e-02 6.927059145758024394e-02 7.167901819465195834e-02 7.441722876896846028e-02 7.708941656809489840e-02 8.027216806452777687e-02 8.291340094212759637e-02 8.554088568683937410e-02 8.820526311011481213e-02 9.031180472606853415e-02 9.048821252467260934e-02 9.095282847460833819e-02 9.195733206179329544e-02 9.230345482198118456e-02 9.249520048658523008e-02 9.286878457861905134e-02 9.259401066402490887e-02 9.451962695247274893e-02 9.451901074920096568e-02 9.256109204109486122e-02 9.229164696252716016e-02 9.268450174937184483e-02 9.341919873552573250e-02 9.423047539680748375e-02 9.653698069436733586e-02 9.598251431919073429e-02 9.589971294970264792e-02 9.651155667965025109e-02 9.977809505914152222e-02 1.011487631387541636e-01 9.963611586611638427e-02 1.014780955867638362e-01 1.034763050987828753e-01 1.051770084764384883e-01 1.069143666228053319e-01 1.091130554182157125e-01 1.117856334440421873e-01
7.032794821249406525e-02 7.106220973019310161e-02 7.420901936729398796e-02 7.696495123822318096e-02 8.007317161821636553e-02 8.240943667238964654e-02 8.423133524230343172e-02 8.596476813484890678e-02 8.773184228805563922e-02 8.845237691299609462e-02 8.869904688580416974e-02 8.998071318259430462e-02 9.152491459353485903e-02 9.290336951012968802e-02 9.346639404160009268e-02 9.467276115827279181e-02 9.571320591677993928e-02 9.695719436364869104e-02 9.724423604020197842e-02 9.647128004924790390e-02 9.592728152761202665e-02 9.627036287673837456e-02 9.695828504918582724e-02 9.763491215220948538e-02 9.962003985203567169e-02 9.941652103183368228e-02 9.903469661698342807e-02 9.942843450170861519e-02 1.001544871074776105e-01 1.029394129934010499e-01 1.022979511682032966e-01 1.040952518226442441e-01 1.058689450869711585e-01 1.076741069565109732e-01 1.093873171685671442e-01 1.112648809927175436e-01 1.137713171634406606e-01
7.413802873542996164e-02 7.452746182868812130e-02 7.663519059468543171e-02 7.975657362639761161e-02 8.188105778068636986e-02 8.225290918227298742e-02 8.097669409951875619e-02 8.264620383885527832e-02 8.483440458429648834e-02 8.457356649244134050e-02 8.450210426534542074e-02 8.624858795484198482e-02 8.827425497204434424e-02 8.976095979713659412e-02 8.999299489264411811e-02 9.227261065136205254e-02 9.357690496816396808e-02 9.514568723096868130e-02 9.663353964342905056e-02 9.790721781902406162e-02 9.888223014844793601e-02 9.951652441977108798e-02 1.003238536745394843e-01 1.012016380982492386e-01 1.025079171793800564e-01 1.029240432676277600e-01 1.024663887236500759e-01 1.026869693349281298e-01 1.029163587140750208e-01 1.045977660068445753e-01 1.053446804120856117e-01 1.068891607923287829e-01 1.087796225404885353e-01 1.105637038843924475e-01 1.123198658252159282e-01 1.140892799087363657e-01 1.161339240519504296e-01
7.578642836026813767e-02 7.791370733855504382e-02 7.954573296174835551e-02 8.132851053591683144e-02 8.162794255424006551e-02 7.992652313925699414e-02 7.730999996962677201e-02 7.942855040258438304e-02 8.168222247184030171e-02 8.085516389616304034e-02 8.086089867107529305e-02 8.299893255036963624e-02 8.598179047000985287e-02 8.577034476307943134e-02 8.644099153793108337e-02 8.924128877433686047e-02 8.944342041824349110e-02 9.126014197412776752e-02 9.324184242208549689e-02 9.495091568571897844e-02 9.652679285558332656e-02 9.801664917028209134e-02 9.948573281147618519e-02 1.009418332718733796e-01 1.025063068135930039e-01 1.040702254967140750e-01 1.053386125035367799e-01 1.058789770858099138e-01 1.063790856068142082e-01 1.073471012539227859e-01 1.089414687376383667e-01 1.100028969202800633e-01 1.117070066154175895e-01 1.138588717094784902e-01 1.157739843520054074e-01 1.175641658651462446e-01 1.193989674394595191e-01
7.448258954457036285e-02 7.770057034440770727e-02 7.877264711186049428e-02 8.002452333844831123e-02 7.942035495923406574e-02 7.674301293852836547e-02 7.415293768378422579e-02 7.650067992838445463e-02 7.833955432121363083e-02 7.745387891647367851e-02 7.790893235711907061e-02 8.106804668362162236e-02 8.287122925426068654e-02 8.188739903923410168e-02 8.400199839961505766e-02 8.566541291373938605e-02 8.582537351979201146e-02 8.792385290670244602e-02 9.044066701470665492e-02 9.070639014438924841e-02 9.244334582684417267e-02 9.413302565205360073e-02 9.570869555539542051e-02 9.731831351205243175e-02 9.914416941749744361e-02 1.016176377090434874e-01 1.035294008207401500e-01 1.052839854036226874e-01 1.071414501030833466e-01 1.092997642542227477e-01 1.116071525046907070e-01 1.134244560832272652e-01 1.148681769319313123e-01 1.169174949796356056e-01 1.195011211777211591e-01 1.214312243871409069e-01 1.231583279233945116e-01
7.414971576061364644e-02 7.494282764223467175e-02 7.501086609620383205e-02 7.698733230488744028e-02 7.655375027903311980e-02 7.403906838559901060e-02 7.142696175422863503e-02 7.387571876590522113e-02 7.462509024127231272e-02 7.429212680028222937e-02 7.687834426723400005e-02 7.837960589050711746e-02 7.910315192812264473e-02 7.900011333247357326e-02 8.145731003997741526e-02 8.161176226063462935e-02 8.314271680069991455e-02 8.504772008638362968e-02 8.694139958724149408e-02 8.708512998708137220e-02 8.889916197184230540e-02 9.045816900217759637e-02 9.202897490045044981e-02 9.371017241458370894e-02 9.579840205752392090e-02 9.779443914073826516e-02 9.979178509921769746e-02 1.018998660773435816e-01 1.042620845506628535e-01 1.073597214122866683e-01 1.102178626822932078e-01 1.132439929949766028e-01 1.164911199592400942e-01 1.196647122645055211e-01 1.218373015464195991e-01 1.235940085131125021e-01 1.249167428480867786e-01
7.229795285798579219e-02 7.094306910980689718e-02 7.144536354508709830e-02 7.407803024191630947e-02 7.331159580765807260e-02 7.106372994973227109e-02 6.902419259472558632e-02 7.009903995542214605e-02 7.117467035020552668e-02 7.220485360508158146e-02 7.333435381703648503e-02 7.444623460874527643e-02 7.552687597264588770e-02 7.661790753532726761e-02 7.780389563821747678e-02 7.899688860791079237e-02 8.024002003849148301e-02 8.152527970205741825e-02 8.294420289836061666e-02 8.432079998438762880e-02 8.577040147574824247e-02 8.729583294519710490e-02 8.890135177903278618e-02 9.060341712645780810e-02 9.242229569219299889e-02 9.436610911769284515e-02 9.645427164979790413e-02 9.871830399123592004e-02 1.012352583592362187e-01 1.040795846423539506e-01 1.072970514218696547e-01 1.109834751399157715e-01 1.152739347948196907e-01 1.192416953669350466e-01 1.208862734501547631e-01 1.206797858355915104e-01 1.217771136934810289e-01
6.968284848164046918e-02 6.691845556909188641e-02 6.905538429480938267e-02 7.098926798749075062e-02 6.985602141368138507e-02 6.751988755118308594e-02 7.136331718947816483e-02 7.377552755617540481e-02 7.512355241833554298e-02 7.564178441568841782e-02 7.736355556985413662e-02 7.761841238197722537e-02 7.753812325849319953e-02 7.932402004144978314e-02 8.091845419658433292e-02 8.255909857476979863e-02 8.405594226211024478e-02 8.290553840907699534e-02 8.595611560807801810e-02 8.682514027971542647e-02 8.803161610333382070e-02 8.961182258960793956e-02 9.122197549676291928e-02 9.304249486787904977e-02 9.485075169980651533e-02 9.676230071809989453e-02 9.900073976816743671e-02 1.012591908102085103e-01 1.037043969868243071e-01 1.067007692817087128e-01 1.097986518285717916e-01 1.134865284085447151e-01 1.165743309659110077e-01 1.185391158041626952e-01 1.175729202508049576e-01 1.170192967631687869e-01 1.189376577033552651e-01
6.689071173040092577e-02 6.393558453587051826e-02 6.689585733670157242e-02 6.780474878045450460e-02 6.579668897069490541e-02 6.937645393174185493e-02 7.254470281124845987e-02 7.531661898272835887e-02 7.764553753432466843e-02 7.921674729727717912e-02 8.085990860176894834e-02 8.112001541416993811e-02 8.065645975120240563e-02 8.117205271389314747e-02 8.358485507059801312e-02 8.580234607119940904e-02 8.760158198806879126e-02 8.594692461593156363e-02 8.587024231113994654e-02 8.925527550131034937e-02 9.068221963658855411e-02 9.198316574131232271e-02 9.373829710782985436e-02 9.550945366967594774e-02 9.758089942040458487e-02 9.956251478834426960e-02 1.016661771426938810e-01 1.042672027893247061e-01 1.067753348822355619e-01 1.094255724532356144e-01 1.126780028188216903e-01 1.150644070932377028e-01 1.162361140110859115e-01 1.160625822477385632e-01 1.139932489686064504e-01 1.140812627110397715e-01 1.168805444785292330e-01
6.366145854066300458e-02 6.126711556639091033e-02 6.473809838793324889e-02 6.418903870635839226e-02 6.602842173055947783e-02 6.814876514400823593e-02 7.051191001975999628e-02 7.313061657288506823e-02 7.601835720151316200e-02 7.912465601922727410e-02 8.253454900074695677e-02 8.471064784691165195e-02 8.409225731490205247e-02 8.453721224987297000e-02 8.553088947395133534e-02 8.851564098133699043e-02 9.077076771776823594e-02 8.920621192695334101e-02 8.898288429688844259e-02 8.912299551894127536e-02 9.275172719080797268e-02 9.472826924359840917e-02 9.623241167210366820e-02 9.826440817115132675e-02 1.002931808830245797e-01 1.027213764058736573e-01 1.049525917202064340e-01 1.072710292118500691e-01 1.102132907521500699e-01 1.124945268761541606e-01 1.142612163505950934e-01 1.142628476555367645e-01 1.129337098454216703e-01 1.129332620979317803e-01 1.107386609381563330e-01 1.138181511254843098e-01 1.166764987173023183e-01
5.972850915561091906e-02 6.315549053405578039e-02 6.276719893167007069e-02 6.589167621901122207e-02 6.851465743398238439e-02 7.070170741912401580e-02 7.327559640535812047e-02 7.583942005326893554e-02 7.851631404770811895e-02 8.138380893653839043e-02 8.443717574654593938e-02 8.752507887458868541e-02 8.774102676805316248e-02 8.825879734909872210e-02 8.906590197865792147e-02 9.116269629008376396e-02 9.369997684959817386e-02 9.271214318864710868e-02 9.241110416851429366e-02 9.234992193743818412e-02 9.273718604437047874e-02 9.655550870025847443e-02 9.905922946586541433e-02 1.009149759985465966e-01 1.033919253659612847e-01 1.057674102512280168e-01 1.085991709175283537e-01 1.107189873113916256e-01 1.124523742258670134e-01 1.135273619997207856e-01 1.128937555532480708e-01 1.114502851483502449e-01 1.091930619482939097e-01 1.092370428568106289e-01 1.085116629308701675e-01 1.112015266730163182e-01 1.142425230019763344e-01
6.190477944507382507e-02 6.489000511339644561e-02 6.654614090134922111e-02 6.795350848082552797e-02 7.093375165676907290e-02 7.359956034098574795e-02 7.604750628467477069e-02 7.905861240325545714e-02 8.162770899886663545e-02 8.419092484447412983e-02 8.685951706485581236e-02 8.946047211570240520e-02 9.108063875488925376e-02 9.199300416035063876e-02 9.307438430026396259e-02 9.479249456479232894e-02 9.659075193760842393e-02 9.646320830808105540e-02 9.623932560915732237e-02 9.597798186392998698e-02 9.620684670670322236e-02 9.664533075467252043e-02 9.998961618844307009e-02 1.035830303414487091e-01 1.062542058914709986e-01 1.091224092383377281e-01 1.111810506460711861e-01 1.125417992955241031e-01 1.119136039230087809e-01 1.105955684146129187e-01 1.097051623202881243e-01 1.075780146109320407e-01 1.058922450646229280e-01 1.057818739404331604e-01 1.091930153857353369e-01 1.128902097824868028e-01 1.162451186636710154e-01
