output/xlm_calibrated/elevation_000005.asc
nrows	150
cellsize	0.00333333333333
xllcorner	0
ncols	150
yllcorner	0
NODATA_value	-9999
[rows 119 to 135 of 150, columns 37 to 73 of 150]
2.906629744426234702e-02 3.138347736192240861e-02 3.175082780091862539e-02 3.389459720163316703e-02 3.679724926168851523e-02 3.980804451377351755e-02 3.880117617085873660e-02 3.508025548432548713e-02 3.132801308946600582e-02 2.785368783071310791e-02 2.468018321097117593e-02 2.175725182408044453e-02 2.240221598982296281e-02 1.990760636638120792e-02 2.041540360333845075e-02 2.386585943321396786e-02 2.670115225230398209e-02 3.018953059799677624e-02 3.303488014463431405e-02 3.590439734981710346e-02 3.810485001333399624e-02 3.854708685878062424e-02 3.766358885719941346e-02 3.806026867840736627e-02 4.007969184045619832e-02 4.300527386313134082e-02 4.523794531325894819e-02 4.706915586373405791e-02 4.838842367916042220e-02 4.841193010636594268e-02 4.829921387063322580e-02 4.933320507232297897e-02 5.006388967749277052e-02 5.035835697618823437e-02 5.067443124093055223e-02 5.190839838241470550e-02 5.323869361973419118e-02
2.881082859638218682e-02 3.250395001980527915e-02 3.510767320972213446e-02 3.726177011080392815e-02 3.962006376621474146e-02 4.111069941679085238e-02 3.862776894780070580e-02 3.517879624771671349e-02 3.171392988428640286e-02 2.791242228120549909e-02 2.441278905607913857e-02 2.545075014007485564e-02 2.359195473559449682e-02 2.307012778267304720e-02 2.388357899152131203e-02 2.120442948344303594e-02 2.455147690757668311e-02 2.690508418885738037e-02 3.037793699273414263e-02 3.299727951833461570e-02 3.503834299910010830e-02 3.460846856843282499e-02 3.375072723427166577e-02 3.448154703983983410e-02 3.727452092141207707e-02 3.984080022858269010e-02 4.236180830581158518e-02 4.381661423266047795e-02 4.555695907964017743e-02 4.490652065714683533e-02 4.467278679689970500e-02 4.688355119271242488e-02 4.859489037064778499e-02 4.888988815949573546e-02 4.931484406535355941e-02 5.023428011631378420e-02 5.129410144931730031e-02
2.883216356090077120e-02 3.154640069349635978e-02 3.456294871440170058e-02 3.797183695979177570e-02 4.138432460528156109e-02 4.092292377365643052e-02 3.706780485594761421e-02 3.303994459713524567e-02 2.954635670901914132e-02 2.696072330997476008e-02 2.801717745348025063e-02 2.878285140740955220e-02 2.639971437411981967e-02 2.639036268315605657e-02 2.678984163800461615e-02 2.461837979587923331e-02 2.200501763590932344e-02 2.568030323242696464e-02 2.775418543882429701e-02 3.089432610359060458e-02 3.124738033991868863e-02 3.094202496119790452e-02 3.016605163351527077e-02 3.214571491166055145e-02 3.449462392653032672e-02 3.720420842837456055e-02 4.043763374724317766e-02 4.016632134131638970e-02 4.219291740902361004e-02 4.118337381907463679e-02 4.099348659642406550e-02 4.323983643491880607e-02 4.551518854408137527e-02 4.491556735539024847e-02 4.528303287468991856e-02 4.621071205514054592e-02 4.743240185825346733e-02
3.229558066921272425e-02 3.413618914337421956e-02 3.686606104716490945e-02 3.987603513880991213e-02 4.285111511116131144e-02 4.145040897203846469e-02 3.731281667343710334e-02 3.370296509361161985e-02 3.121026342214404739e-02 2.894655085566618519e-02 3.166843147846378631e-02 3.191522588081208145e-02 2.959640544301523485e-02 2.995226016346684214e-02 2.989697217390605358e-02 2.738006279070296853e-02 2.565399104080152981e-02 2.273449326126211756e-02 2.592513023559358046e-02 2.775293305530407775e-02 2.765380636487898072e-02 2.772996073174259848e-02 2.754398468474374834e-02 2.970684285478355710e-02 3.229021513054747966e-02 3.542930672084490529e-02 3.815713027519122141e-02 3.679603616921345993e-02 3.895448587634846999e-02 3.775530885353842181e-02 3.780670589093908240e-02 4.028795526919766445e-02 4.196149778704916233e-02 4.100137772040436668e-02 4.143231354033695413e-02 4.240994083918387531e-02 4.407570448335720176e-02
3.267374144852296797e-02 3.633968377492914625e-02 3.944038155247357041e-02 4.234228978927701004e-02 4.465022820388771241e-02 4.302218246575053445e-02 3.914825368079863366e-02 3.588492780026116685e-02 3.324042001368028576e-02 3.113979165313845998e-02 3.437413788244306906e-02 3.506585786909219987e-02 3.318886270582468989e-02 3.348234019205427459e-02 3.232418564734487743e-02 2.996733563742579390e-02 2.706660467069002540e-02 2.357659036639075598e-02 2.339712559764602073e-02 2.388890091559224202e-02 2.435616189619512970e-02 2.481659689546501096e-02 2.531848179378234226e-02 2.796371413549868928e-02 3.039544130468388103e-02 3.357006576242586166e-02 3.505532592388408558e-02 3.367170670707052282e-02 3.588042965389184880e-02 3.457577603410713629e-02 3.509077727132466767e-02 3.812317016756450877e-02 3.813706122767045875e-02 3.744457160466561213e-02 3.802400409398996872e-02 4.030818029099635796e-02 4.014910163900928253e-02
3.268508068593888038e-02 3.584510242032094840e-02 3.924716490987358031e-02 4.286034718578175112e-02 4.607992473590018928e-02 4.479609943312915649e-02 4.121498037228106537e-02 3.801353721431732779e-02 3.549461333386049605e-02 3.357934139985409988e-02 3.685491090210283455e-02 3.811859473316928787e-02 3.663448375665417922e-02 3.460690850083334574e-02 3.197067906124528153e-02 2.898903063832869789e-02 2.507715635638322824e-02 2.724237233474082961e-02 2.643533018876501051e-02 2.737887911783037226e-02 2.720065009970051503e-02 2.763668202157063686e-02 2.867128323370081097e-02 2.614359945142382541e-02 2.964387770052803739e-02 3.119630448661784780e-02 3.139150522659121118e-02 3.082232953682336601e-02 3.257209667696063515e-02 3.154915715884795691e-02 3.327272850408444921e-02 3.469383446559050344e-02 3.455860344649225313e-02 3.423858647834877866e-02 3.627599067465410443e-02 3.675884714932386998e-02 3.637230253412240821e-02
3.659638361725858074e-02 3.667821232095543754e-02 4.000783230739214658e-02 4.366113325820119434e-02 4.716091887068966232e-02 4.667271825148235770e-02 4.338263358306313627e-02 4.037890220316036477e-02 3.815257500831750748e-02 3.638839944175858987e-02 3.929306848872182040e-02 3.990566755504929702e-02 3.646734164432328257e-02 3.285030645512750092e-02 2.946543103143844933e-02 2.643137592665852423e-02 2.889884858021435007e-02 3.050771611501244124e-02 2.982948097214516842e-02 3.122295336115533254e-02 3.035680422798901767e-02 3.063111805613177863e-02 3.109122049878627891e-02 2.981086285389639157e-02 2.685512987771513163e-02 2.736171244399664138e-02 2.786154366651713218e-02 2.833516412807831480e-02 2.884042161970202037e-02 2.936786847768661085e-02 2.999240479257127626e-02 3.066077771299840007e-02 3.131691766521207260e-02 3.194347762846779654e-02 3.260929788575643584e-02 3.325681005219474629e-02 3.390620976119616825e-02
3.875403076051440326e-02 4.037408240485067246e-02 4.124089226374117595e-02 4.468316985666252045e-02 4.836480743001369403e-02 4.868568093269545760e-02 4.586857299418334311e-02 4.328673669150534531e-02 4.054616920318113160e-02 4.041384225095127902e-02 4.196329290898787728e-02 4.155696387656619001e-02 3.861712785708489720e-02 3.505679210300863963e-02 3.088979065517264214e-02 2.740766726987365134e-02 3.075223880814644331e-02 3.329457222877835881e-02 3.392259390791530632e-02 3.457248385719322720e-02 3.379760357212424626e-02 3.395097466633444083e-02 3.449619054836009641e-02 3.175627871296901605e-02 2.824971362145731538e-02 3.099766132483957465e-02 3.148906918186283183e-02 3.169664684666984034e-02 3.239354705024470593e-02 2.976909663312245560e-02 3.270068910140949692e-02 3.420820920738580628e-02 3.520128285009372499e-02 3.559977343584819209e-02 3.620164919043484392e-02 3.630225512139212407e-02 3.796549384087118117e-02
3.789673692077097367e-02 4.166498433060269319e-02 4.448738449513423010e-02 4.683329622807814313e-02 4.970506910637045167e-02 5.078947752468791765e-02 4.910547080995120856e-02 4.621530302046839012e-02 4.397621046104033954e-02 4.437020983503501409e-02 4.418241176536984866e-02 4.211875749387099938e-02 3.944790542382849152e-02 3.624737260528507199e-02 3.308769265601465420e-02 3.088891654267064690e-02 2.889856977541302441e-02 3.265007252758083539e-02 3.611280797095026140e-02 3.796296751091957078e-02 3.754227853843155466e-02 3.748782944592549127e-02 3.685787762238960236e-02 3.374221268363293558e-02 2.973836905353297033e-02 3.337246275699693593e-02 3.520276407277047465e-02 3.536935720032544084e-02 3.544343763999957542e-02 3.320423393437237775e-02 3.081317385121475419e-02 3.440162164865918221e-02 3.698772946302873732e-02 3.893124187543382103e-02 3.988173366713670259e-02 3.982356754210142347e-02 4.169993919943442567e-02
3.851924731367385030e-02 4.099811284572590225e-02 4.347010347026792482e-02 4.620578966133070259e-02 4.914945346022474293e-02 5.167345786345703407e-02 5.177072543172502039e-02 5.003894723120668603e-02 4.774908405776424891e-02 4.655412465442862469e-02 4.292613364325273406e-02 3.978751534854911565e-02 3.697817852853974713e-02 3.443975296359414601e-02 3.217472619215520219e-02 3.013322231491223288e-02 3.250768363847471309e-02 3.268249064378038471e-02 3.581091840078443056e-02 3.926036548102900675e-02 4.125911289271663035e-02 4.100728668305077956e-02 3.808145190058532387e-02 3.439181711918945505e-02 3.120190694739864018e-02 3.402376731001425375e-02 3.732262236497269764e-02 3.912431498081758025e-02 3.858768966243708576e-02 3.572155144709219382e-02 3.458639700864962058e-02 3.187922246350201327e-02 3.576924038950847484e-02 3.860783729469900727e-02 4.114276564409391490e-02 4.296402904482173740e-02 4.455953761071919372e-02
3.557493335181954874e-02 3.766864294681414316e-02 4.046042286666257787e-02 4.350071001766194628e-02 4.689846944608597190e-02 5.067737317441025485e-02 5.384939795361989856e-02 5.324543015888001662e-02 5.092174497915891163e-02 4.765323418040620651e-02 4.507778029281399312e-02 4.229615511033580494e-02 3.966548811410294112e-02 3.716284289837696458e-02 3.477830007392065242e-02 3.107498935510065105e-02 3.473428532013966147e-02 3.580697325619466159e-02 3.782503252265450450e-02 4.104228185534334467e-02 4.400057881975444340e-02 4.327061808919307334e-02 4.014344425734340388e-02 3.669155752675496568e-02 3.276809636159943445e-02 3.621377694443969619e-02 3.927277713509350066e-02 4.209274557607872724e-02 4.111007098179734337e-02 3.963974817377790422e-02 3.686445027660269907e-02 3.492422720979494744e-02 3.293570101368763214e-02 3.633338533452802610e-02 3.870615978794265943e-02 4.099804577619336338e-02 4.379950213714926127e-02
3.747516836210355862e-02 3.925246328562899401e-02 4.082286974037550170e-02 4.383054131956846955e-02 4.716783891546547786e-02 5.090903944695526762e-02 5.467408423634866066e-02 5.559543975078328620e-02 5.328759163200834370e-02 5.053098883854168638e-02 4.776849699267724653e-02 4.507175171807008274e-02 4.235301167772034109e-02 3.915124925740573469e-02 3.544532039351945552e-02 3.202818827401195112e-02 3.613732115251908072e-02 3.923158564646699042e-02 4.087193620272132344e-02 4.322706366665559491e-02 4.592424409711268890e-02 4.452398095599342104e-02 4.051762974791878191e-02 3.694765076833626816e-02 3.433767192332914248e-02 3.821804503964183752e-02 4.162777946257638362e-02 4.439624391474413651e-02 4.470021484579762144e-02 4.229470378300434485e-02 3.990793421017441861e-02 3.717646707954947588e-02 3.654305444031546307e-02 3.381916157706873344e-02 3.456054398816016393e-02 3.815617511993533301e-02 4.097352816857686986e-02
3.981136813652703249e-02 4.160679548105267883e-02 4.311557189895963427e-02 4.454504167294610212e-02 4.786781946257717690e-02 5.157381831552937390e-02 5.540762046279786024e-02 5.655272069150222430e-02 5.384859150693157431e-02 5.070140865834265459e-02 4.772281279684143646e-02 4.503098823153756092e-02 4.214546241742019722e-02 3.839174013949228637e-02 3.472036432935800276e-02 3.304366481558185936e-02 3.672562262351788259e-02 3.986846752184756981e-02 4.282668312453809245e-02 4.575085254752406239e-02 4.779435220575303095e-02 4.616010308432612341e-02 4.231365222284560329e-02 3.893200655403008387e-02 3.596340667399972740e-02 3.802180451736988931e-02 4.176563698771064426e-02 4.557708127038455348e-02 4.727977426353561358e-02 4.563027356952531477e-02 4.258952001545830007e-02 4.025614547309677715e-02 3.857048438065126261e-02 3.496944464235456074e-02 3.761682721717374278e-02 3.569034744484506083e-02 3.960538603175736694e-02
4.178621430093147626e-02 4.447880687189493393e-02 4.584896164392021634e-02 4.730932066927680951e-02 4.894534458626403906e-02 5.241205702352585288e-02 5.613832706468808303e-02 5.606647614000641322e-02 5.214836159274229693e-02 4.839526263440743076e-02 4.508523902736766287e-02 4.210338582235938903e-02 3.972182202267418583e-02 3.757246229071588978e-02 3.788712566804787463e-02 3.682452575185662935e-02 3.451909760508426600e-02 3.770732304306452509e-02 4.126040414065278161e-02 4.500328305693650915e-02 4.841096517393811416e-02 4.772909604254477189e-02 4.417972091782943617e-02 4.072524131029939265e-02 3.773557822845241549e-02 4.097619308953189682e-02 4.214249562916208558e-02 4.594440647531864569e-02 4.926064871765913067e-02 4.822714838637621321e-02 4.519867382562046954e-02 4.200048068514918714e-02 3.880915321902538712e-02 3.613866870650579016e-02 3.962300461251821310e-02 3.941711498248500617e-02 3.682716308294520929e-02
4.080252145352930571e-02 4.412333735796317852e-02 4.760777708063301111e-02 5.037512314148726716e-02 5.204214918696583453e-02 5.448187204103808329e-02 5.759658659190261543e-02 5.695781155822188246e-02 5.312221518372656215e-02 4.938348122603027773e-02 4.603046841988315402e-02 4.525775870036072984e-02 4.250731530009443926e-02 4.078971906970708938e-02 4.135890869117652552e-02 3.886201809408532104e-02 3.546720484882527613e-02 3.817664555747864175e-02 4.130854935214894885e-02 4.493054697564791838e-02 4.881468352751117123e-02 4.932330781820998267e-02 4.611404178190132291e-02 4.287670692817661944e-02 3.958245951413695563e-02 4.214876357119963501e-02 4.503814209636198412e-02 4.736088127326196912e-02 5.092216496803235459e-02 5.047802580189147958e-02 4.712877128131387483e-02 4.361010341442824595e-02 4.054450488134044711e-02 3.735822598993623206e-02 4.119538182652426883e-02 4.224937270109579979e-02 4.037181748980897544e-02
4.250517821900502702e-02 4.607586926766023272e-02 4.940383563202192796e-02 5.259944708358928883e-02 5.524813646807896078e-02 5.710516645013127834e-02 5.952293278111232128e-02 5.828708280974850831e-02 5.433674703015629881e-02 5.078029858276741915e-02 5.001095376238688661e-02 4.787398067624436954e-02 4.574167922485596754e-02 4.488962690758765278e-02 4.382006524747372733e-02 4.058969133791894002e-02 3.650062873770457128e-02 4.028718701929973750e-02 4.351847790060481974e-02 4.675213065178626670e-02 4.996907489664103447e-02 5.111892563991145971e-02 4.868390452304498239e-02 4.491069410887306435e-02 4.154965389379375318e-02 4.418019529875809315e-02 4.692027543981489718e-02 5.000422563976889001e-02 5.278517704842132507e-02 5.240021190849718236e-02 4.895903425360700195e-02 4.567255616737871116e-02 4.224637214674736851e-02 3.862329255495865893e-02 4.266401396477747382e-02 4.510102206281484116e-02 4.383073437053235100e-02
4.524446631268412566e-02 4.522870833540328095e-02 4.830753620828945327e-02 5.162716758104091141e-02 5.520617387838473028e-02 5.890802708339747812e-02 6.145978118102322224e-02 5.997718606439566419e-02 5.699824073934774832e-02 5.471168575612538748e-02 5.308199033888372914e-02 5.106179099529712523e-02 4.924192683268645288e-02 4.734317138821416554e-02 4.448644859649358851e-02 4.127076619002168628e-02 3.757974279401964102e-02 3.998303631971559385e-02 4.272475052090704550e-02 4.584502412472818422e-02 4.943719918566622656e-02 5.264307032219626981e-02 5.071969018605589075e-02 4.694667608292067695e-02 4.365833464554594312e-02 4.633226756072870989e-02 4.931574022264247070e-02 5.222624317149582307e-02 5.497459348790298406e-02 5.412313869964182483e-02 5.105703840648094516e-02 4.759945005531795309e-02 4.385754610606943521e-02 3.989542254724973147e-02 4.356312697832739889e-02 4.701785403693802684e-02 4.673282811477240395e-02
