output/xlm_calibrated/elevation_000006.asc
nrows	150
cellsize	0.00333333333333
xllcorner	0
ncols	150
yllcorner	0
NODATA_value	-9999
[rows 85 to 101 of 150, columns 111 to 147 of 150]
6.521590145721944953e-02 6.808156403606022145e-02 7.096835966672450369e-02 7.276706198669720405e-02 7.447842848230390445e-02 7.630233962324826924e-02 7.856132869978726951e-02 8.062965142517704298e-02 8.273966042659769426e-02 8.511786523136979921e-02 8.814594244663824518e-02 9.116737565915730701e-02 9.417332735436238778e-02 9.418682730152734550e-02 9.412716751136790405e-02 9.597055248206151634e-02 9.827988596684021638e-02 9.791585602977928571e-02 9.708595498520525280e-02 9.664776931500247692e-02 9.642044416368085458e-02 9.561432902385341714e-02 9.766329040553878293e-02 1.004083586264241934e-01 1.033401231266262987e-01 1.066008814032585184e-01 1.092809725240917185e-01 1.107088303864172257e-01 1.130169653119679346e-01 1.148152126215258167e-01 1.163967720542635198e-01 1.179145740685371008e-01 1.191593731090615504e-01 1.206133918363074403e-01 1.220944018284155080e-01 1.232114412692959654e-01 1.251049737191745614e-01
6.878797792977983661e-02 7.080306972083218187e-02 7.340283135137305737e-02 7.588453704052497417e-02 7.782442478988278733e-02 7.961742542255892396e-02 8.126498700748752135e-02 8.363685256367396625e-02 8.586632319100834243e-02 8.809636909634646629e-02 9.063111782126202776e-02 9.391284743424979653e-02 9.643467241485115249e-02 9.772112301831147041e-02 9.826489762857659738e-02 9.972894218328068328e-02 1.012011553524193586e-01 1.016631297747688928e-01 1.009673837708781052e-01 1.004086239969285005e-01 9.996060049638828826e-02 9.852865111508680995e-02 1.003234634643869472e-01 1.026377935390455215e-01 1.057115238892331610e-01 1.088245584878426986e-01 1.122240771954251121e-01 1.144146754402255439e-01 1.157428584944076022e-01 1.162791288600271006e-01 1.155965757010797568e-01 1.152718137195604953e-01 1.161584585851489215e-01 1.186582845819582066e-01 1.209644691467327421e-01 1.232240264550772540e-01 1.256866918975714509e-01
7.245409879778458295e-02 7.447778953176462102e-02 7.665882254499493953e-02 7.896986296744161471e-02 8.117577365944733669e-02 8.318228124916501875e-02 8.505942312527792204e-02 8.664435319349556019e-02 8.929688330058219159e-02 9.136566452069010136e-02 9.338820763967452254e-02 9.549170368321850677e-02 9.690307360382106883e-02 9.838519589267986920e-02 1.000015810138518285e-01 1.013709992979649338e-01 1.020627623983976079e-01 1.032799471161600507e-01 1.042521517793517233e-01 1.041634890148296633e-01 1.038940589870950282e-01 1.025717099394743981e-01 1.030815607253405541e-01 1.056336489627305586e-01 1.082935697435649103e-01 1.116007264755318890e-01 1.140386543756823495e-01 1.152801501426611447e-01 1.148323529059395165e-01 1.140032498540012873e-01 1.119934114851157403e-01 1.115674099314484385e-01 1.135676880852904275e-01 1.157513070453796838e-01 1.181147281077314648e-01 1.206629902925646786e-01 1.234682331409985845e-01
7.280462527790119986e-02 7.615440327888035876e-02 7.836229195688225457e-02 8.002089434792680755e-02 8.189653486851319886e-02 8.420371760226900981e-02 8.667011772539644221e-02 8.944433916083321945e-02 9.130100281441515253e-02 9.221169914856246208e-02 9.301524404981854899e-02 9.367557188747394070e-02 9.348173047241732647e-02 9.530867206569768046e-02 9.783489896689660792e-02 9.837352950267312657e-02 9.866690942036955569e-02 1.008549764635292556e-01 1.029844068992379902e-01 1.048470746447950908e-01 1.064235770193189268e-01 1.064206064714726396e-01 1.068735695003710934e-01 1.087124227496708700e-01 1.114993163585274311e-01 1.134836588824257725e-01 1.138345358535987617e-01 1.123863170177930165e-01 1.112907785011007789e-01 1.110196188712949394e-01 1.086863450714826707e-01 1.114065382036950325e-01 1.147245724844361825e-01 1.175576314135761691e-01 1.201637504072094464e-01 1.226652993582046242e-01 1.253079694047999348e-01
7.272965921964798242e-02 7.480382380343857107e-02 7.533385532185173095e-02 7.668059569420458688e-02 7.924083060780527654e-02 8.149975594119159006e-02 8.492869300623556716e-02 8.848184158164598689e-02 8.985702895177864746e-02 8.890327258710577218e-02 8.945507414796374790e-02 8.996612200836189011e-02 8.999940386417602800e-02 9.244105675520533638e-02 9.527364818755794384e-02 9.496806589669694321e-02 9.527123614308588562e-02 9.749732850451434119e-02 9.986412416018916605e-02 1.021911420206067789e-01 1.049344518208543686e-01 1.070243879185535651e-01 1.096375341301027290e-01 1.119483126866753220e-01 1.135450958626305351e-01 1.136388920945013425e-01 1.119280733107304443e-01 1.089690520846429700e-01 1.076846783542218799e-01 1.074661236261432729e-01 1.067124084646552951e-01 1.103611884624126765e-01 1.129041467448532038e-01 1.158768049676360545e-01 1.184935927281833418e-01 1.211799622447860131e-01 1.240156709502517884e-01
7.012470161795621160e-02 7.131717163621439926e-02 7.169840167891625149e-02 7.413550207045062346e-02 7.700936887385917418e-02 8.092963487354773444e-02 8.464157478249904887e-02 8.632663014526688328e-02 8.669023101938064246e-02 8.510798009165831957e-02 8.590314199440156340e-02 8.647274951934132148e-02 8.708117312486041151e-02 9.022303172242407410e-02 9.259532968177253132e-02 9.172189341438230503e-02 9.231656491663736697e-02 9.475748977537792883e-02 9.697077968619366439e-02 9.952742627062921565e-02 1.014579025351435571e-01 1.047286457598272102e-01 1.085195255680029280e-01 1.119797020809838034e-01 1.127986041733703843e-01 1.115372885325958546e-01 1.089876965047458651e-01 1.066611922727728756e-01 1.044149923116182987e-01 1.041248635333463374e-01 1.059678504887257428e-01 1.080742025600866935e-01 1.103748242721161871e-01 1.128768273199078492e-01 1.155637481594694316e-01 1.184655872450000036e-01 1.215318422528172959e-01
6.630345723169696337e-02 6.843293351801740809e-02 7.154285958777559240e-02 7.499968174699098156e-02 7.899136552126509447e-02 8.208636096991737963e-02 8.356666893506073390e-02 8.263358790188915504e-02 8.291200900438097654e-02 8.177926506121864503e-02 8.276041901946261381e-02 8.329860480008133283e-02 8.553643997455663561e-02 8.767853184504452446e-02 8.956466688617935323e-02 8.862327999228612752e-02 9.035336519378570075e-02 9.232763166931867715e-02 9.456552241339308273e-02 9.711109978748264093e-02 1.003846840464140411e-01 1.041456496147254024e-01 1.083689134365144746e-01 1.107665657312326690e-01 1.097209194632971924e-01 1.088285450889394934e-01 1.061532032105493017e-01 1.040097846065125564e-01 1.018852519699134651e-01 1.052293011205780310e-01 1.081679155013360316e-01 1.106966353741523218e-01 1.129379951851517405e-01 1.152421320109782987e-01 1.176477209469067448e-01 1.200205214682959765e-01 1.222590909950278526e-01
6.702666466096553199e-02 7.074740121922069858e-02 7.388979527430616923e-02 7.699415919049991397e-02 8.000347864874084169e-02 8.160253498568546815e-02 8.085746043784584891e-02 7.882125682022790569e-02 7.956639920350386253e-02 7.876171967856961109e-02 8.010272093481454747e-02 8.146700126929255770e-02 8.293076301098441239e-02 8.449348359193886715e-02 8.616627902389524529e-02 8.858670825551410999e-02 9.128861982652286544e-02 9.437095321191402153e-02 9.722298657232644747e-02 9.982932361855839654e-02 1.026353333291534914e-01 1.062044276042229812e-01 1.089252466387970464e-01 1.086947978821174582e-01 1.063826345031248927e-01 1.059978738478870863e-01 1.034995791479521310e-01 1.010548651250518931e-01 1.003932218096607598e-01 1.036342584701855501e-01 1.071996851189422756e-01 1.101266503368304173e-01 1.122522209291617612e-01 1.143101992420053059e-01 1.163450150752268625e-01 1.175206792909027909e-01 1.193852663381265583e-01
6.766882477799993079e-02 7.076987124581139710e-02 7.390658211855939685e-02 7.672366799001356652e-02 7.897697780092276243e-02 7.880199946175737991e-02 7.709996122271431385e-02 7.542648640054352982e-02 7.683600132616540124e-02 8.064436687113150926e-02 8.337780776906052183e-02 8.425800751668660604e-02 8.563315019816680751e-02 8.734279445536438646e-02 8.904960131069954155e-02 9.096219285356962891e-02 9.339579058522565203e-02 9.646337764069480569e-02 9.959308932579150064e-02 1.029276002350537900e-01 1.054770110958049983e-01 1.075594390436063058e-01 1.084338047612062039e-01 1.069868254464574897e-01 1.033165315522305144e-01 1.024944115161387781e-01 1.016579033958457945e-01 9.834821359549529574e-02 1.012771733335269680e-01 1.034067338766052474e-01 1.051655938092860149e-01 1.070926696730557237e-01 1.090503648888070942e-01 1.111194332563210235e-01 1.135237444483158942e-01 1.141033506839702755e-01 1.168972397743059388e-01
6.521610597338749205e-02 6.862633143057776663e-02 7.144746391060237400e-02 7.423514225795523058e-02 7.628998724606496362e-02 7.500813573526539380e-02 7.348946389193518336e-02 7.736043039609520611e-02 8.013359675936566895e-02 8.116518218610206670e-02 8.420199890907112406e-02 8.721598811116576533e-02 8.871102955419102321e-02 9.026679814337525143e-02 9.231733427252306057e-02 9.425884975862505732e-02 9.632379493531124937e-02 9.883471311161970418e-02 1.022087868477307149e-01 1.050306527740054729e-01 1.068572605197386088e-01 1.063738746173604338e-01 1.053251818613840790e-01 1.052274877571951761e-01 1.026503960814568461e-01 9.904986738915606825e-02 9.882648074870105381e-02 9.687171045495465704e-02 9.849324286723047661e-02 1.002577854261003654e-01 1.021104342422447103e-01 1.040409589487663738e-01 1.060376012264785672e-01 1.081600389682466357e-01 1.104692237802749749e-01 1.133303919378560037e-01 1.164481333047964057e-01
6.889886615088770816e-02 6.627950938962813565e-02 6.932474898411972175e-02 7.198964218708751861e-02 7.312894102351451264e-02 7.143523541288401835e-02 7.462442190628605643e-02 7.814742209273577156e-02 8.103518765833882254e-02 8.352851751533825475e-02 8.624619587176661495e-02 8.923764703309544633e-02 9.192357217867953845e-02 9.354141320326463116e-02 9.547445797885285856e-02 9.793793257381834538e-02 9.976530677900265209e-02 1.015041843336597222e-01 1.037177939780037500e-01 1.057483395232104162e-01 1.049913879930712696e-01 1.027349900917165909e-01 1.016672702669774858e-01 1.024163136036118915e-01 1.003514674107370136e-01 9.848688610051234416e-02 9.516165090782988112e-02 9.818441570786592965e-02 1.004782062853819546e-01 1.031796662321320945e-01 1.053590042161319656e-01 1.073934375771828792e-01 1.089800335935601910e-01 1.110512827537531028e-01 1.137414914548275091e-01 1.162806044156898810e-01 1.191093624521261662e-01
7.174732077250386975e-02 6.975553115352116362e-02 6.715616112180480823e-02 6.830567725520339528e-02 6.953445188479413785e-02 7.152719119048764340e-02 7.370320141854819207e-02 7.609646090589869405e-02 7.875769054681859560e-02 8.168338539860073300e-02 8.481141190877770908e-02 8.824614860240941050e-02 9.206991414881013358e-02 9.583226400693949099e-02 9.861656065936631743e-02 1.003936659834124001e-01 1.011630906658472495e-01 1.007380400631498474e-01 1.017190463924815547e-01 1.036317287002291032e-01 1.029378514792663457e-01 9.936698077123211348e-02 9.818684481369023553e-02 9.924580793239272392e-02 9.735732172369453152e-02 9.550325103815839045e-02 9.386610086102130379e-02 9.546125952693623740e-02 9.904542716237058064e-02 1.028175208820914927e-01 1.059799245462456768e-01 1.088791329377563760e-01 1.115256638564112168e-01 1.136717066752780114e-01 1.156509180248024710e-01 1.179917785838119626e-01 1.206311760465266086e-01
7.277535488724401480e-02 7.013347058012094071e-02 6.785830743774835805e-02 7.085769283562770582e-02 7.291383348722951796e-02 7.473213009840445897e-02 7.691788111944065920e-02 7.884765222150574848e-02 8.133759159925131599e-02 8.450947388098629942e-02 8.734081633047649507e-02 9.029901833257014676e-02 9.343924823961785586e-02 9.652760519151987184e-02 9.959280222193905852e-02 1.003491590553523688e-01 9.899073507768547941e-02 9.681470360256433372e-02 9.865198631231969495e-02 1.009896843728193411e-01 1.007052766070821309e-01 9.803785816371461681e-02 9.495810723407102638e-02 9.594822254944722351e-02 9.419732241272943396e-02 9.241854823288708776e-02 9.573406093106326398e-02 9.845370741403183801e-02 9.783845774813823559e-02 1.008679281813284895e-01 1.041440968770035447e-01 1.069803839759455866e-01 1.104748559394440333e-01 1.127342904434602833e-01 1.132457858693168978e-01 1.158193189630984110e-01 1.186450250658091510e-01
7.466490169203626737e-02 7.159933499723766803e-02 7.149715991406029036e-02 6.898469483772781685e-02 7.250897762136122859e-02 7.460575657747207934e-02 7.792202586104839124e-02 8.133574297185046376e-02 8.384715964167360758e-02 8.614399761464469618e-02 8.799199171394700425e-02 9.000747340491425941e-02 9.198355825671253316e-02 9.578280677597847403e-02 9.796195518920258749e-02 9.814567419751761557e-02 9.580759643877007070e-02 9.348515079090946589e-02 9.580505109382243811e-02 9.836819110693423296e-02 9.799333855248326675e-02 9.560188130289791475e-02 9.238364478847806149e-02 9.272508917611382850e-02 9.076146221047973195e-02 9.418312955650490204e-02 9.739636480636987281e-02 1.006784662166455707e-01 1.014514934855352962e-01 1.001744085820681085e-01 1.018479341875757060e-01 1.051157459617749479e-01 1.085809308282007085e-01 1.095050756265020658e-01 1.128792522939873894e-01 1.154364052194862128e-01 1.180922238408185637e-01
7.695986760735315513e-02 7.439179141759599823e-02 7.443434540071618144e-02 7.229063381603267890e-02 7.003345475694394695e-02 7.384894104102375512e-02 7.770815753787972680e-02 8.090329102370442949e-02 8.318065144057444626e-02 8.437112646500710689e-02 8.460933732633120485e-02 8.742997568967506017e-02 9.103224283196457989e-02 9.431627162054843916e-02 9.458492052155516305e-02 9.523450141057517027e-02 9.319151109713773307e-02 9.067411593839809492e-02 9.329807932331150855e-02 9.577999776434575896e-02 9.486978110589470992e-02 9.272041889444028462e-02 9.115172275074381880e-02 8.907557414441601151e-02 9.257875227387268868e-02 9.581585957938741627e-02 9.910959727227315608e-02 1.022189454981165813e-01 1.043360507265697207e-01 1.038279997116477865e-01 1.047404647659771620e-01 1.042493325933498416e-01 1.060009084316782396e-01 1.079566266571102690e-01 1.101766136978387933e-01 1.126500336686464959e-01 1.155058099266918492e-01
7.979839853595863119e-02 7.758790372840804195e-02 7.722771528115619788e-02 7.450218009403698771e-02 7.079513100307956164e-02 7.412590041703719101e-02 7.589266435607198991e-02 7.804556360769904222e-02 8.058630640292373248e-02 8.069878959718232436e-02 8.400353109118952055e-02 8.743035775775166718e-02 9.067775472427483385e-02 9.172748676626472919e-02 9.102443554123440528e-02 9.173729041384892646e-02 9.112692510765132980e-02 8.820989706076795556e-02 9.135385985742998372e-02 9.290869741530040360e-02 9.100945161219659019e-02 8.995023109052091570e-02 8.754141541281922068e-02 8.871673391151087273e-02 9.141955691220933489e-02 9.442993776735070233e-02 9.775298745662158728e-02 1.012632447024955779e-01 1.047324882498870124e-01 1.068276252882534721e-01 1.079269874919781963e-01 1.073654531230028158e-01 1.087514513362663193e-01 1.104973412846282366e-01 1.124799687325768183e-01 1.147198928799593315e-01 1.172686475759659591e-01
8.311763971752982039e-02 8.098671736601924243e-02 7.880699420208570061e-02 7.487005833607587868e-02 7.446058906022598456e-02 7.182331819954471119e-02 7.257939419169003037e-02 7.616022266618613368e-02 7.705575370974847293e-02 8.060811186316313437e-02 8.434744407098669627e-02 8.710188307380095640e-02 8.824142826286895946e-02 8.807704108894286177e-02 8.764171851204180519e-02 8.847009994297019841e-02 8.876133551910456165e-02 8.590663651085352071e-02 8.896563030240403624e-02 8.988410822569270486e-02 8.810055932167681902e-02 8.618441256373392256e-02 8.951078850685126320e-02 9.189615506732050354e-02 9.069989041067388902e-02 9.404339668423601639e-02 9.758613136780068531e-02 1.004244646977158484e-01 1.032143107365243451e-01 1.059205170075137037e-01 1.085451986653751255e-01 1.105862536300061538e-01 1.119330216458408050e-01 1.135829949960619756e-01 1.154138398308266478e-01 1.174490819543021342e-01 1.197220740584691717e-01
