output/xlm_calibrated/elevation_000008.asc
nrows	150
cellsize	0.00333333333333
xllcorner	0
ncols	150
yllcorner	0
NODATA_value	-9999
[rows 17 to 33 of 150, columns 111 to 147 of 150]
7.967042149565968512e-02 7.800549924841408689e-02 7.509447295199400685e-02 7.267384627008408038e-02 7.443989333254320828e-02 7.175812253087789083e-02 7.263565542388367158e-02 7.442082147531804692e-02 7.306966392775897379e-02 7.060587886939678759e-02 7.147004923438946000e-02 7.516020701964305772e-02 7.767275697800046785e-02 7.795248472025428921e-02 8.160794854543226839e-02 8.538997882634306869e-02 8.842502199419453868e-02 8.998102460576086481e-02 9.070638684974551003e-02 8.991396016390650059e-02 9.203228259868949379e-02 9.535318373246400026e-02 9.831483291182883943e-02 9.854955283757316220e-02 9.981298036844286903e-02 1.024300969635228709e-01 1.056459168795093745e-01 1.083809406696480404e-01 1.105296995443941638e-01 1.104581097194751449e-01 1.096620738119582633e-01 1.102339425721680782e-01 1.122437600884856473e-01 1.117987959606201176e-01 1.112763404282257063e-01 1.104166842866683845e-01 1.103292895642487004e-01
7.756022489290510802e-02 7.479215334453338804e-02 7.227079882398061705e-02 6.977542582900723989e-02 7.223798874248985036e-02 7.196827777982099661e-02 6.924448320844323046e-02 7.151275103833192037e-02 6.947617012656411017e-02 7.222118418233233750e-02 7.493588879592216756e-02 7.570854819600214558e-02 7.918221111499196274e-02 8.154270534938359849e-02 8.133441438032071313e-02 8.402014855644131253e-02 8.711223321129728248e-02 9.049513470549640226e-02 9.374123541217416200e-02 9.346436310294777006e-02 9.520757049625680479e-02 9.750757973221101105e-02 1.005975924765069585e-01 1.019523342488382750e-01 1.031970704767429525e-01 1.049229851280267245e-01 1.071796316436527258e-01 1.084288565938905102e-01 1.077974300268150776e-01 1.066112495368624069e-01 1.058336149369050044e-01 1.067712052853113380e-01 1.094811390511394311e-01 1.082112199561039156e-01 1.076776106378474207e-01 1.070361563812021188e-01 1.075518906979849032e-01
7.511743615702597132e-02 7.208008390171252722e-02 6.944768907918616452e-02 6.715472163403246597e-02 6.936711015653064527e-02 6.980611396258254442e-02 6.745765032034155284e-02 6.827004445912143726e-02 7.077416465612176855e-02 7.442349836770895122e-02 7.649461055181434876e-02 7.875151235908681158e-02 8.120483284882769326e-02 8.430525406963668145e-02 8.440295815288402503e-02 8.673877939345135679e-02 8.938534588218419175e-02 9.237650145203940566e-02 9.573326819093347373e-02 9.709268947766683255e-02 9.847947092322027751e-02 1.001088778529829748e-01 1.017270712233214608e-01 1.015454865977080262e-01 1.021404055037950231e-01 1.037333309056481662e-01 1.055702476870985368e-01 1.056874889506858733e-01 1.036294570121681496e-01 1.028865828661673226e-01 1.023032602457067258e-01 1.046666312625771089e-01 1.066690962922175745e-01 1.048718563622604294e-01 1.044746547062259667e-01 1.039254155856871170e-01 1.071164882844678201e-01
7.219297792046805440e-02 6.924320867756170172e-02 6.688322735780224959e-02 6.482473428712995367e-02 6.557180316199411052e-02 6.639217258345671280e-02 6.998123437866407559e-02 7.202171572118419574e-02 7.262150461783239974e-02 7.499964532457933930e-02 7.878253043332671124e-02 8.106072004335725112e-02 8.381989451184568285e-02 8.679564636375346198e-02 8.777466216227844398e-02 9.011366215556480819e-02 9.216614434696242253e-02 9.443748392596225394e-02 9.677168766174662484e-02 9.748154965832915575e-02 9.801033420048567424e-02 9.894485824745143099e-02 9.919017347026139186e-02 9.774711606269199937e-02 9.814901048945161299e-02 1.001978649669779536e-01 1.029149883465425991e-01 1.026174312394696336e-01 1.000025480377713383e-01 9.961706927196475880e-02 9.962007206379062951e-02 1.027840736907345565e-01 1.039226181160544105e-01 1.017305213007706072e-01 1.015886001155714563e-01 1.017060353696463415e-01 1.046807482317454741e-01
6.982947324838673087e-02 6.693591127358250459e-02 6.377813728541097127e-02 6.717311157460109650e-02 6.917706179530430655e-02 6.995381240953094104e-02 7.063068851993305197e-02 7.436619595637192215e-02 7.643417849603270642e-02 7.734549004545850093e-02 7.984904055343958196e-02 8.330295258810790915e-02 8.612008069218406170e-02 8.917911020084016982e-02 9.094885119880605218e-02 9.197940589491673813e-02 9.223185798273167424e-02 9.301208333567564934e-02 9.438143321241763972e-02 9.406623850505829720e-02 9.427465241504329185e-02 9.529797431314289413e-02 9.582550772855999432e-02 9.376798327436296210e-02 9.459467006361921282e-02 9.756781144739130884e-02 1.004451876981355268e-01 9.975411425549039757e-02 9.684324878208840082e-02 9.663475420779085723e-02 9.722311292899821211e-02 1.007493740503267732e-01 1.010389797223084640e-01 9.887402430596450853e-02 9.886714016843534125e-02 1.017442450500496282e-01 1.048817786890725717e-01
6.708385765589036653e-02 6.492206215852437678e-02 6.299803430164410689e-02 6.680378388038478443e-02 7.064268352333244461e-02 7.338994938638249144e-02 7.426833225558011897e-02 7.547688736050441050e-02 7.877728614300924526e-02 8.080355873914020493e-02 8.317260323655575882e-02 8.550329923855015668e-02 8.805722828377970934e-02 9.017771668422648601e-02 9.002700529294081766e-02 8.908068237293807756e-02 8.858491849462646339e-02 8.902148185965313987e-02 9.099734023900178659e-02 9.039894356850607104e-02 9.049450274237125225e-02 9.177534709215294517e-02 9.275683558893177416e-02 9.030410936507683728e-02 9.237176068151696506e-02 9.532047926063720589e-02 9.819251695718489437e-02 9.711995284212249224e-02 9.399872039714972372e-02 9.381730371842504634e-02 9.692104235795526157e-02 9.833318551192614387e-02 9.739455619486729610e-02 9.626899222220937358e-02 9.881248516762325407e-02 1.016282980752210990e-01 1.047446714723985067e-01
6.420267976513789610e-02 6.191758318071045875e-02 6.495600152508064495e-02 6.725751730861731503e-02 7.065684339836574013e-02 7.473820242781352430e-02 7.769397409967707113e-02 7.918142952668182077e-02 8.102194648407323729e-02 8.325161189459803768e-02 8.500517176716286538e-02 8.552527003424537089e-02 8.624014629532929244e-02 8.753165041315132122e-02 8.690255524538903487e-02 8.479154745277560357e-02 8.479755260713031650e-02 8.548204246876235646e-02 8.787860871307306976e-02 8.705065476662209034e-02 8.704662900853918361e-02 8.954323146299432434e-02 8.973996274469249468e-02 8.766915983265138879e-02 9.015851743156141906e-02 9.332592689359579807e-02 9.591798799889532379e-02 9.463002185712286740e-02 9.137819261296613316e-02 9.176353834704989443e-02 9.508415610447143451e-02 9.476677786474957399e-02 9.380951567401286939e-02 9.737060022561205841e-02 1.011876711473027185e-01 1.042493828301636061e-01 1.070905303570062472e-01
6.074955221333062233e-02 6.418305261282561403e-02 6.707085201017250198e-02 6.993219681178311498e-02 7.301296250913505426e-02 7.552688268904113322e-02 7.860015824609840884e-02 7.952824180628866035e-02 8.063756299620687684e-02 8.127635315263607996e-02 8.249602072370945671e-02 8.193691483436076062e-02 8.216018013269166254e-02 8.413309334555008068e-02 8.364010951105514680e-02 8.110577206437526165e-02 8.143002787797723463e-02 8.245987219305930815e-02 8.542166970739209497e-02 8.399100521539429320e-02 8.421597040350833896e-02 8.681569297771096760e-02 8.602122652418120463e-02 8.537369842571659873e-02 8.844439727437254650e-02 9.119628392518265569e-02 9.321036897797276011e-02 9.233808566017272235e-02 8.886137841052639541e-02 9.172991519559454965e-02 9.249675288752283453e-02 9.127681206831173011e-02 9.449746174563916634e-02 9.798198667998389566e-02 1.017090880193037977e-01 1.045880487521462510e-01 1.068964828110041260e-01
6.316217389341172161e-02 6.619477653996559685e-02 6.934921165824019240e-02 7.197040837836904403e-02 7.420647458808446451e-02 7.501035853350365712e-02 7.641980002815459971e-02 7.601198182951608706e-02 7.710379246707595169e-02 7.715754085323502098e-02 7.899548171441726774e-02 7.818346927312481986e-02 7.856746499257298566e-02 8.099334844619773821e-02 8.064838484001203567e-02 7.789787155090531490e-02 7.838358031675887738e-02 8.096822731782729599e-02 8.238092469276946106e-02 8.104238719601231100e-02 8.167481129867555645e-02 8.421064133952295416e-02 8.235871056813769131e-02 8.515335381944495741e-02 8.662511345939202800e-02 8.810677472948116873e-02 9.002185598153526758e-02 9.003518272167604364e-02 8.692143037939677186e-02 8.967301310207569098e-02 8.880457628463855890e-02 9.233674947221282014e-02 9.525318344326949571e-02 9.778014714387188444e-02 1.001565210703797837e-01 1.012426028242701948e-01 1.042413989097778076e-01
6.288231598417520773e-02 6.557667153530852278e-02 6.896010055366645630e-02 7.053104972171610199e-02 7.141420523142524845e-02 7.120761187580576523e-02 7.296409857504519703e-02 7.213885906328852682e-02 7.414142881154456299e-02 7.355134844197203092e-02 7.562287536156409029e-02 7.473313846916869452e-02 7.548773528439707559e-02 7.825553209322923254e-02 7.804414950513392790e-02 7.500080959251979873e-02 7.658857990938071347e-02 7.833673153944244183e-02 7.875991128604462044e-02 7.821666966158095924e-02 8.043832633271341681e-02 8.104740800403767431e-02 8.026885382705764571e-02 8.233112416240032094e-02 8.418392998389440107e-02 8.450562900716646064e-02 8.638168106522796375e-02 8.702779015830944265e-02 8.510821394926938732e-02 8.650021928119897008e-02 8.834941896555541241e-02 9.035784875221190837e-02 9.251023191665519452e-02 9.478600304871488691e-02 9.721329796608338403e-02 1.001356227833933854e-01 1.033419183103664318e-01
6.048307616770717821e-02 6.421488978142007864e-02 6.622903928483941938e-02 6.680973978707308025e-02 6.748192048808472621e-02 6.762415697973030160e-02 6.930682188867995364e-02 6.890794494274023185e-02 7.071924142742938568e-02 7.038130661462005389e-02 7.217610408809031763e-02 7.153003352172672413e-02 7.327228665828063037e-02 7.481873026105641256e-02 7.520266682928221369e-02 7.281581991035285251e-02 7.362802562789771965e-02 7.448847271123784641e-02 7.531750063141993967e-02 7.611420278505857950e-02 7.696175794223235334e-02 7.776609839553329240e-02 7.859660670595464138e-02 7.950251175434419615e-02 8.042227925088023255e-02 8.129214581864099842e-02 8.228736645063738919e-02 8.336819145044573054e-02 8.685016862650080105e-02 8.970246868994073697e-02 9.161640977212247294e-02 9.330665245156043175e-02 9.532461957374836758e-02 9.752308452264421557e-02 9.988595742332563587e-02 1.024991935997059816e-01 1.054660356777460395e-01
6.429475576170343154e-02 6.164154076138286809e-02 6.238706450262056918e-02 6.315805605184991733e-02 6.390522413585836281e-02 6.461770596342382433e-02 6.540125872312445299e-02 6.614067774957035906e-02 6.687964669340572266e-02 6.763120671172143106e-02 6.839464488594718117e-02 6.915419385727451795e-02 6.994644170380419357e-02 7.075607964605465372e-02 7.162776940353848820e-02 7.500694907384469756e-02 7.703491694017322589e-02 7.833516760212885788e-02 7.865186555805035729e-02 7.971549976384226244e-02 8.030129790962817204e-02 7.940828982850357820e-02 8.186021379943937692e-02 8.352070096016477041e-02 8.378743118136497414e-02 8.281529004561705154e-02 8.585434481639646342e-02 8.701556246364380853e-02 8.537565457097809341e-02 8.917814151637883102e-02 9.174553520180325772e-02 9.217675564288967116e-02 9.424232527717174568e-02 9.650715178049053267e-02 9.894932794801458709e-02 1.016252711285609012e-01 1.046512597413362250e-01
6.746451417152125873e-02 6.488482534235125165e-02 6.537608487790728951e-02 6.707853392671536685e-02 6.713066521921401408e-02 6.717432320326542639e-02 6.913642494152412443e-02 6.959737890113019965e-02 6.910711241936039195e-02 7.109914741593646725e-02 7.107425093538649596e-02 7.294846844268410013e-02 7.355994174019694909e-02 7.401734787061790832e-02 7.464796189372339963e-02 7.435767133969006792e-02 7.707633400790728229e-02 8.061955239159475373e-02 8.213829026048528881e-02 8.371259920400336840e-02 8.387342266750007214e-02 8.137089916138223744e-02 8.433047553185828160e-02 8.698592133520577363e-02 8.725614774803287788e-02 8.467518082093368481e-02 8.775777275497109731e-02 9.020113112790557885e-02 8.928606481169018561e-02 8.716260752781733456e-02 8.930352485238911286e-02 9.256131702032877051e-02 9.608531444079290718e-02 9.905381353501734043e-02 1.015432110002140176e-01 1.040765314863129898e-01 1.068068702960109778e-01
7.074631225600576390e-02 6.861517550960148648e-02 6.917209550781905358e-02 7.037841972641058208e-02 7.072560190401355751e-02 7.059335902924251949e-02 7.144292039087947466e-02 7.329054254950119474e-02 7.228125510254694575e-02 7.270679181534960012e-02 7.476277707768476388e-02 7.527551200432491818e-02 7.730860057870961310e-02 7.765229775640786203e-02 7.791799211710040418e-02 7.643913587304014545e-02 7.864350686422333370e-02 8.133380181231905648e-02 8.498814388285100274e-02 8.711557553756124617e-02 8.660322734104095033e-02 8.348889011007601391e-02 8.649408742444068821e-02 8.951813734126196076e-02 8.970270425188459074e-02 8.665051571992617163e-02 8.974456929351314061e-02 9.265748904687186316e-02 9.205686282112100771e-02 8.852752067598711194e-02 9.189487288152888012e-02 9.484196869218051995e-02 9.803967717491390843e-02 1.011180491403806808e-01 1.038549176844987820e-01 1.063935647592777062e-01 1.089938705369858374e-01
7.343283445325386738e-02 7.259538893449886399e-02 7.312211196818156622e-02 7.419023728596756129e-02 7.470568296598581459e-02 7.437418326002109836e-02 7.493848192573722422e-02 7.676193200440260822e-02 7.575441392678021468e-02 7.605017564472482672e-02 7.689510195878952736e-02 7.911732534502428915e-02 7.988897054016143306e-02 8.151675494207578920e-02 8.149955947521478339e-02 7.886540053647432547e-02 8.067711079324028922e-02 8.323982918467023873e-02 8.616978349049990438e-02 8.948514068315308045e-02 8.888902609229139273e-02 8.572800240677583283e-02 8.866916512842679121e-02 9.173922259425625059e-02 9.182611633374847260e-02 8.871774174418013692e-02 9.176521849018313970e-02 9.474093249358318813e-02 9.406401704200073599e-02 9.084282144263744474e-02 9.062471984568006012e-02 9.453104848449971065e-02 9.764036040216871049e-02 9.996324251539198680e-02 1.022460993817261993e-01 1.046657303790608506e-01 1.073269817125543368e-01
7.273084853500463853e-02 7.315827360982000982e-02 7.437010217820912150e-02 7.590781087277928552e-02 7.747522242564304495e-02 7.799313099380141001e-02 7.891246343296855204e-02 8.023364406296365492e-02 7.954225234897666086e-02 7.980051112073630049e-02 8.062903822925455988e-02 8.187069817369381497e-02 8.389655488766778468e-02 8.472065118579036325e-02 8.447673996696430931e-02 8.208764365038720423e-02 8.275616729389484449e-02 8.529209912478759315e-02 8.833420873289382635e-02 9.138482907892514495e-02 9.112038890073032027e-02 8.810047707143441043e-02 9.093466725101501114e-02 9.394682762769898665e-02 9.396312009023015388e-02 9.088634304032533473e-02 9.386277281480456813e-02 9.684546247307916633e-02 9.632488576024679505e-02 9.332256794546771317e-02 9.384312545242155801e-02 9.258699635240540127e-02 9.442841415451226628e-02 9.646911397831633983e-02 9.874299736742209177e-02 1.013202624718042566e-01 1.043172521423497284e-01
6.969339496982401849e-02 6.955721874620060530e-02 7.121734583720168432e-02 7.321782688150822727e-02 7.583940488779090938e-02 7.788897305520295355e-02 8.041200072387906517e-02 8.283893611203195506e-02 8.314991592745783755e-02 8.358235171428887722e-02 8.448244234363579130e-02 8.571342710568458090e-02 8.721203765906403171e-02 8.824754858660430190e-02 8.770071342073487708e-02 8.579125476892521251e-02 8.648339900461977925e-02 8.744294351363404716e-02 9.045528386207642157e-02 9.353246831124428784e-02 9.347742544593941327e-02 9.064922907834520316e-02 9.333431595454529106e-02 9.624454442025172363e-02 9.619539352715197889e-02 9.317926921188808553e-02 9.606502080829212864e-02 9.904488094313429469e-02 9.876084135420326593e-02 9.598362253243361564e-02 9.701311112787187885e-02 9.414997837942296055e-02 9.601540090241181269e-02 9.804666704742140415e-02 1.003224560688633499e-01 1.029105572377575217e-01 1.059038919358418762e-01
