output/xlm_calibrated/elevation_000010.asc
nrows	150
cellsize	0.00333333333333
xllcorner	0
ncols	150
yllcorner	0
NODATA_value	-9999
[rows 51 to 67 of 150, columns 74 to 110 of 150]
4.456002324697246747e-02 4.475244726987921001e-02 4.178986134119153789e-02 4.474121838544911633e-02 4.795215520027559797e-02 4.848603018692350386e-02 4.723039414698452371e-02 4.420050141383370657e-02 4.154325581828222785e-02 4.090227626023339169e-02 3.932282857969587875e-02 3.838533057153376005e-02 4.193482153633559806e-02 4.479908140180637738e-02 4.786371862944133887e-02 5.076758534779305526e-02 5.343150108715194468e-02 5.443547181574725363e-02 5.541949222862302404e-02 5.580362340786636233e-02 5.825096013785309446e-02 6.100433571838870944e-02 6.411825486747076142e-02 6.757422256498109292e-02 7.094285897048809020e-02 7.377160376037637801e-02 7.467648489728047345e-02 7.440906306513239699e-02 7.471369631562463365e-02 7.557747665092025280e-02 7.702629840251944138e-02 7.712199466597782771e-02 7.513953524247780902e-02 7.452587654143462415e-02 7.676241917545426063e-02 7.914575096869180815e-02 8.157152040397602777e-02
4.820685210525278708e-02 4.737054673983080028e-02 4.427936328802434957e-02 4.711946955414045984e-02 5.042818931097764468e-02 5.177771010450864242e-02 4.935890500377550227e-02 4.658742356226606290e-02 4.480560078583400302e-02 4.207597108384962536e-02 4.270513430013113398e-02 4.210227850304865127e-02 3.927839910166339155e-02 4.266397444230984881e-02 4.544575010561009709e-02 4.858408529021474020e-02 5.098643209653184322e-02 5.043168826187778564e-02 5.244240835191933681e-02 5.499702360286658903e-02 5.773033434713521761e-02 6.070840113565790369e-02 6.402814531550113375e-02 6.774015118424932258e-02 7.110715675087191101e-02 7.217503969938578179e-02 7.192925203606656548e-02 7.339457152597186895e-02 7.494320019497091589e-02 7.692780363454361503e-02 7.902376445749166589e-02 7.994840254018911740e-02 7.931399159227665863e-02 7.835040305644341840e-02 8.013207881343066552e-02 8.269298258549244440e-02 8.470835359341177817e-02
5.143964832462374903e-02 5.001202903428646901e-02 4.699765846474932007e-02 4.965898437007933153e-02 5.289997487991255493e-02 5.431072995026835909e-02 5.193889388063168550e-02 5.004164198693984017e-02 4.740102063233679608e-02 4.429335962900136925e-02 4.623782700031658227e-02 4.501133649060056613e-02 4.286734220965585790e-02 4.007410487871836124e-02 4.345196209441135049e-02 4.716938764526382166e-02 4.753991138906613068e-02 5.063994691729911679e-02 5.429856112791266176e-02 5.744737291606600432e-02 6.025764352086022957e-02 6.315283818875386257e-02 6.610385327334397654e-02 6.867811013576280432e-02 6.935452681717067802e-02 6.855972697243137293e-02 6.816146169645047326e-02 6.959669381792694953e-02 7.196818997197866608e-02 7.442936144764643325e-02 7.752975235707371127e-02 8.012143204384092332e-02 8.230170190428837129e-02 8.267919344474447541e-02 8.410415066076817880e-02 8.530976510019916415e-02 8.598141921132354537e-02
5.241957023064201110e-02 5.238782797386140611e-02 5.000399706799623506e-02 5.240733851216757694e-02 5.547273431997799820e-02 5.683979009065388832e-02 5.475204128356722655e-02 5.115981034564542895e-02 4.760433521891060255e-02 4.809356651949298067e-02 4.926525370327208136e-02 4.700005934333415653e-02 4.363229753894242585e-02 4.063246709938410361e-02 4.397583664587401131e-02 4.608961323517737213e-02 4.574716654397374682e-02 4.957940350167582000e-02 5.345883700541203404e-02 5.661332177967628304e-02 5.971622774056264266e-02 6.296340717928057551e-02 6.591433905698192153e-02 6.702296207512502269e-02 6.574217186883302144e-02 6.487721239111102212e-02 6.461130900730922832e-02 6.677939270256297299e-02 6.915822747229177780e-02 7.179890955745253656e-02 7.474192684524508246e-02 7.801301891636498731e-02 8.166566609451750280e-02 8.500861137247035793e-02 8.645498448552563220e-02 8.525952825839723526e-02 8.358680039832054598e-02
5.186586483327003394e-02 5.441100789771080581e-02 5.341211731740299479e-02 5.537789043929412097e-02 5.809868648413598485e-02 5.891254788929184416e-02 5.560570969878938369e-02 5.193468265131864769e-02 5.024104440568867569e-02 5.199121358341027288e-02 5.199801598676844633e-02 4.896108673183337950e-02 4.608056863047112206e-02 4.394631585633617527e-02 4.139998099673661974e-02 4.304483677915896950e-02 4.657198381512579061e-02 4.941622781745869109e-02 5.091581924159874206e-02 5.393344693984968019e-02 5.734943315016752946e-02 6.097382614692515440e-02 6.380360771420826027e-02 6.407468850504081936e-02 6.205948388670581850e-02 6.154678737507503217e-02 6.386760012573516887e-02 6.627684899425763387e-02 6.881377007345626517e-02 7.153122086282895364e-02 7.450395151862922172e-02 7.782581042995570519e-02 8.151973641424482830e-02 8.495685805477749819e-02 8.521124490858066058e-02 8.256019674209272297e-02 8.014909974709791274e-02
5.109988893269234306e-02 5.482650908812711221e-02 5.686599167196450255e-02 5.836608434882155361e-02 6.068305100914897499e-02 6.063905227006496923e-02 5.703301202008793230e-02 5.432301506964561100e-02 5.412779387625925309e-02 5.524535125920874284e-02 5.411653183553751661e-02 5.141746082337839835e-02 4.880843555109085768e-02 4.630416026052189271e-02 4.298448265099970300e-02 4.206617550865037608e-02 4.440403929177926673e-02 4.698686387010062721e-02 5.046296518745582715e-02 5.419019982273615837e-02 5.787328475937517092e-02 5.982342628223718400e-02 6.035389485217539790e-02 6.038429344363065165e-02 5.885461406337495760e-02 6.111938505305113817e-02 6.347848755152431244e-02 6.595398742843933126e-02 6.857943630212341712e-02 7.141139843649819963e-02 7.455839013704559926e-02 7.814628090827496765e-02 8.201364642006098160e-02 8.418246894095991750e-02 8.319186439461126459e-02 8.029840028430956789e-02 7.730033294470892158e-02
5.085591457963771489e-02 5.391859992529732942e-02 5.689693759475451806e-02 5.998994168449874043e-02 6.271919769585655724e-02 6.251441600615106897e-02 5.982460097404473237e-02 5.764878278326838329e-02 5.787134022276417544e-02 5.710098139702177167e-02 5.454463975452078506e-02 5.097543094886929083e-02 4.744085988287354699e-02 4.559089141940800283e-02 4.585677511405920198e-02 4.264043701537474640e-02 4.590726962475455419e-02 4.856124580008625014e-02 5.138625778996540328e-02 5.498154044325496287e-02 5.702885626419623710e-02 5.633364707979372776e-02 5.686792207354748885e-02 5.636914665452100182e-02 5.844922656580178733e-02 6.065546383201602526e-02 6.297622030117797087e-02 6.543079828337632076e-02 6.805310822940846549e-02 7.090605969915082796e-02 7.422843657423403019e-02 7.813575481198099804e-02 8.181847129951319575e-02 8.192517398423843078e-02 7.965028177468247428e-02 7.844605892669095915e-02 7.515162710312617289e-02
4.817972995451463847e-02 5.124784948809398694e-02 5.474543765514790217e-02 5.890648704906209510e-02 6.240917569384250158e-02 6.441136988236612071e-02 6.328873826012523796e-02 6.113910963975259516e-02 5.968592458856113864e-02 5.619868450767953605e-02 5.246348814076427086e-02 5.012128512697706928e-02 5.045397415197652724e-02 4.949887647862297874e-02 4.744579454347032377e-02 4.605304976341580842e-02 4.343790188697959492e-02 4.663652394195296619e-02 5.039244546295001265e-02 5.390841307338006122e-02 5.409972035575467963e-02 5.251956797841413754e-02 5.404081135377949985e-02 5.748044008289034806e-02 6.090497634876574501e-02 6.341817193930401886e-02 6.576963926042807274e-02 6.821399769014180325e-02 7.079954485228755201e-02 7.349244577366023656e-02 7.617202688330906857e-02 7.984401894964013313e-02 8.223013909493059881e-02 8.018380023960156033e-02 7.628845502848607962e-02 7.554000521435559612e-02 7.333175301293204384e-02
4.830231086568278348e-02 5.057966285077672430e-02 5.361916181495287453e-02 5.699965485158788731e-02 6.094149075907605295e-02 6.474276205222963265e-02 6.571660311049364045e-02 6.334951808305218368e-02 5.972529295942767547e-02 5.606345084942931239e-02 5.550359320923109463e-02 5.258400646407368484e-02 5.395280875458538516e-02 5.217399875105901974e-02 4.960220994897926450e-02 4.661671938809101856e-02 4.399076930315801159e-02 4.742859069035276071e-02 5.025834895612251579e-02 5.246960496141382657e-02 5.028916999774390301e-02 5.337838833631193547e-02 5.550259529250110846e-02 5.784627408052138431e-02 6.028096002540067611e-02 6.268765345066532046e-02 6.519814355981620735e-02 6.791970787764002593e-02 7.090028108543161567e-02 7.385905289211235070e-02 7.777185676344121334e-02 8.090387823482003693e-02 8.139237574873084413e-02 7.812411434659267961e-02 7.474260977706569109e-02 7.170821384139784704e-02 7.138580398633094515e-02
5.132688674914331894e-02 5.382117334065133346e-02 5.441160906510611461e-02 5.737572451698075976e-02 6.100847491858098215e-02 6.516470256037268372e-02 6.678464968544550739e-02 6.349258720887938912e-02 5.999886335160348888e-02 5.952890708285305671e-02 5.821803405366497014e-02 5.522868624376214841e-02 5.683442350875948096e-02 5.442468468619832134e-02 5.130718689434179969e-02 4.853804137256274159e-02 4.680076856091840154e-02 4.485465244656607758e-02 4.812319138203327573e-02 5.017490480792362317e-02 4.874020604083403180e-02 5.065674594864846142e-02 5.268070120522726912e-02 5.480925971777401984e-02 5.708293790047162114e-02 5.952113811597746496e-02 6.217714359772345128e-02 6.515266073581554851e-02 6.857078924331945491e-02 7.271533438600158439e-02 7.686831617808996542e-02 8.024226747352980471e-02 7.990502574446164963e-02 7.753115229946691556e-02 7.400825864652313402e-02 7.057258646713740480e-02 6.800300269927082863e-02
5.489361596959883155e-02 5.657123122950376282e-02 5.807792234371805112e-02 6.002393567387336731e-02 6.293353340447485622e-02 6.663570081857245198e-02 6.826982289012931138e-02 6.556010831872582933e-02 6.312643282115630583e-02 6.316095951211890547e-02 6.055537095769633615e-02 5.806409584079272324e-02 5.925893823702043511e-02 5.646908232756944063e-02 5.348905353105157245e-02 5.140053243908102032e-02 4.951670118072788729e-02 4.786681921882411650e-02 4.566329633266887067e-02 4.688204247571110816e-02 5.051888455610675094e-02 5.355891111080939709e-02 5.590646293801824346e-02 5.775173979216776526e-02 5.997530400727873329e-02 6.232721025518217495e-02 6.488118506610043856e-02 6.772494560416016107e-02 7.125360710979151968e-02 7.420365154707221633e-02 7.616707114662563116e-02 7.797018243002006022e-02 7.767020186367848411e-02 7.460951880881128151e-02 7.258239856237685972e-02 6.969560133839165783e-02 6.585200278598209167e-02
5.839439614210542584e-02 5.984526307537994111e-02 6.147209771126167094e-02 6.322025688150977041e-02 6.541001434337831433e-02 6.806752429305104601e-02 6.990844605889315333e-02 6.875510378649482557e-02 6.663483124752668518e-02 6.614411287166761799e-02 6.344494257242858093e-02 6.123441162480028344e-02 6.163454120239612866e-02 5.886129393867225307e-02 5.654767133036207871e-02 5.456014257065697898e-02 5.272519231817476143e-02 5.071008121113003420e-02 4.882202496541713371e-02 4.641151160980554191e-02 4.961977163873693836e-02 5.305690707654433375e-02 5.657115247621528897e-02 6.007188337080111157e-02 6.273105625845630529e-02 6.509188488703536446e-02 6.771996878304231693e-02 7.048964225856935162e-02 7.298641209312820011e-02 7.401134837941986122e-02 7.285890149419929629e-02 7.494173286095549835e-02 7.530694153013552106e-02 7.244856089644904906e-02 6.898406517962248075e-02 6.741895346835712066e-02 6.517558633139192148e-02
5.760726745199349491e-02 5.914190807131249061e-02 6.081890629503912404e-02 6.265197326594708349e-02 6.470629762710945754e-02 6.698590388704300791e-02 6.928528714418705214e-02 7.085448168497335275e-02 7.031674816346003554e-02 6.917653980751246878e-02 6.668731784259024353e-02 6.490590016635117143e-02 6.397990585950935616e-02 6.161844143816772035e-02 5.939656809519360675e-02 5.735720224524664540e-02 5.532164353747588692e-02 5.322580052308378828e-02 5.048033986727032407e-02 4.695061019499532223e-02 5.043975647749546903e-02 5.393279755513231272e-02 5.681390532682597388e-02 5.949138555049760663e-02 6.205845452461100642e-02 6.415724511296720667e-02 6.761911191717821790e-02 7.120595841153695704e-02 7.298270448916351072e-02 7.173689034938866838e-02 6.937135499581091602e-02 7.186167187734987527e-02 7.248861824048274949e-02 7.040214134104891275e-02 6.803457117212376171e-02 6.420540935034393937e-02 6.763535266508599597e-02
5.380529280825436383e-02 5.545279282451737873e-02 5.724304061454128095e-02 5.920661369950456360e-02 6.135291995838684093e-02 6.380010625497270493e-02 6.695377013706919900e-02 6.949241619230925315e-02 7.149354651863343291e-02 7.175971079781501283e-02 7.029654971176681200e-02 6.797899008036230317e-02 6.444875837320084011e-02 6.080641489657961224e-02 5.804996891459713454e-02 5.562792012618709980e-02 5.340373705046565223e-02 5.129786905275263154e-02 4.929268476230127399e-02 4.751059383117327284e-02 5.071180311411569580e-02 5.167141193715269615e-02 5.402758217534013585e-02 5.659668481453451055e-02 5.942899545247170429e-02 6.288237836715700191e-02 6.677322590641070199e-02 7.035317646907957023e-02 7.099526794855061385e-02 6.857917972041696619e-02 6.620865122098254507e-02 6.898787870492065211e-02 6.975701642507514677e-02 6.715729831544392514e-02 6.612322232813508394e-02 6.349843968306169428e-02 6.667244355335073813e-02
5.020847668822735199e-02 5.197189802748404530e-02 5.393255214043286838e-02 5.603063346718954035e-02 5.830776354107462811e-02 6.105881939155837629e-02 6.380998131212878288e-02 6.672392146394974521e-02 7.020214535311954107e-02 7.263902916708410429e-02 7.212628954206076748e-02 6.865205036442348363e-02 6.518206691252342866e-02 6.260708709243795189e-02 6.000514783345027581e-02 5.797405444035776817e-02 5.597551555005153556e-02 5.379263993635124974e-02 5.036876468204348062e-02 5.100748681979831722e-02 4.844633981130421624e-02 5.194578139081040130e-02 5.465833122391727111e-02 5.768245684607062329e-02 6.105399163059720136e-02 6.456796838069769895e-02 6.758253052758873836e-02 6.911934733275348908e-02 6.871272187821739208e-02 6.595041419333280697e-02 6.337426611397102560e-02 6.630288145289513213e-02 6.684491365138536811e-02 6.479217986465223011e-02 6.253142260233600369e-02 6.596677522677828198e-02 6.866008270130165292e-02
4.723474920378790270e-02 4.922305658145693236e-02 5.131720127382121549e-02 5.352602163701195709e-02 5.588999770315428162e-02 5.844467798797639557e-02 6.125687270853765604e-02 6.447556414812243009e-02 6.812330713990735753e-02 7.164486244180161278e-02 7.311075283918214152e-02 7.096697864963609492e-02 6.770735966821378460e-02 6.481641723711913106e-02 6.272398871992336533e-02 6.071201502071856687e-02 5.739059481531216811e-02 5.353511156159106860e-02 5.393450080633304528e-02 5.396646774733497576e-02 5.206148305210791388e-02 4.928701157711405656e-02 5.231911190901706449e-02 5.575631698572240669e-02 5.973068538952607670e-02 6.358235771434006534e-02 6.563801593429885450e-02 6.575386035567321041e-02 6.597983459565291697e-02 6.344369176981227987e-02 6.081043861055656502e-02 6.382215515180364451e-02 6.398331850957847400e-02 6.147116189545327042e-02 6.492631062577594592e-02 6.535463413684242107e-02 6.733465052339557277e-02
4.781125052851951940e-02 5.091051827516555189e-02 5.299075063935897167e-02 5.491003236889809708e-02 5.688197942079749325e-02 5.896820939272623407e-02 6.123659032284189951e-02 6.375798407279392732e-02 6.629370061171777073e-02 6.995704674042400872e-02 7.276615951924829406e-02 7.276359713005829677e-02 6.985994928476742249e-02 6.752453044676993976e-02 6.425515807527487633e-02 6.051200432766916382e-02 5.687052459611319916e-02 5.687755518687022394e-02 5.767349172667096679e-02 5.656415046226105636e-02 5.323306422466447113e-02 4.982753759549444356e-02 5.305073522911710193e-02 5.656330821687955562e-02 6.019256906210747327e-02 6.197693138732767587e-02 6.210866918124607200e-02 6.218686615158659087e-02 6.287222278681560417e-02 6.083575429939466067e-02 5.843983229644044569e-02 6.166752912917355250e-02 6.041651518454298903e-02 6.377218422992522728e-02 6.658576097666141225e-02 6.910080846187781345e-02 7.023395055667462639e-02
